stay_id,acuity,chief_complaint,pain,heart_rate,sbp,dbp,resp_rate,o2sat,temperature
30000000,3,laceration,0,90,95,85,18,92,36.2
30000001,2,anxiety,7,80,129,86,17,92,37.9
30000002,2,fall,9,92,104,106,19,100,36.8
30000003,3,shortness of breath,1,90,101,57,8,95,36.5
30000004,3,headache,2,84,139,68,19,98,36.6
30000005,2,fever,8,77,124,80,16,100,37.1
30000006,3,fever,4,80,106,64,20,100,38.1
30000007,3,fever,5,77,113,100,17,98,35.6
30000008,4,laceration,3,77,149,77,21,96,37.3
30000009,4,shortness of breath,4,74,103,79,22,93,36.6
30000010,2,laceration,7,103,155,87,14,94,34.9
30000011,3,chest pain,2,102,127,76,13,95,35.5
30000012,2,laceration,9,88,137,100,22,98,36.3
30000013,2,shortness of breath,7,78,91,106,22,100,37.9
30000014,2,back pain,6,68,143,58,18,97,37.6
30000015,3,chest pain,2,58,91,80,17,99,37.3
30000016,3,back pain,1,71,152,73,23,94,37.5
30000017,3,back pain,5,76,114,79,15,96,36.5
30000018,3,chest pain,3,80,121,61,27,98,37.1
30000019,3,laceration,5,81,111,57,19,91,38.3
30000020,4,chest pain,7,98,92,76,18,96,38.1
30000021,3,laceration,0,86,135,57,17,97,36.2
30000022,3,back pain,4,105,107,71,24,97,37.4
30000023,3,laceration,3,101,115,70,22,89,35.9
30000024,2,chest pain,10,103,132,74,23,98,36.8
30000025,3,fever,7,87,157,96,13,99,37.7
30000026,3,headache,2,101,140,87,23,100,37.9
30000027,2,headache,7,83,115,75,27,97,38.2
30000028,4,anxiety,3,86,123,81,14,97,37.5
30000029,3,abdominal pain,3,64,140,80,19,96,35.5
30000030,3,shortness of breath,5,103,103,75,12,96,36.3
30000031,3,fall,2,70,146,69,14,100,36.1
30000032,3,headache,3,95,96,72,17,93,37.6
30000033,3,knee pain,5,82,133,78,14,97,38.3
30000034,3,shortness of breath,7,89,97,92,16,100,36.1
30000035,5,fall,7,93,92,127,10,98,36.8
30000036,3,back pain,5,81,107,79,20,100,36.9
30000037,4,knee pain,7,79,147,93,23,100,35.8
30000038,3,shortness of breath,6,96,142,94,16,99,37.6
30000039,3,back pain,2,96,135,91,18,97,36.1
30000040,4,anxiety,4,82,109,77,21,99,37.0
30000041,3,fever,6,57,124,80,11,97,37.5
30000042,2,back pain,9,79,125,103,12,99,37.1
30000043,4,knee pain,6,115,91,100,16,95,36.8
30000044,5,knee pain,6,86,152,86,19,100,36.8
30000045,3,shortness of breath,1,83,149,88,25,100,37.8
30000046,3,knee pain,1,86,144,75,18,93,37.2
30000047,4,anxiety,1,78,122,59,18,99,36.4
30000048,3,anxiety,1,77,124,96,27,99,36.3
30000049,3,chest pain,7,90,114,75,22,93,36.3
30000050,3,chest pain,6,84,132,79,23,100,36.3
30000051,3,laceration,0,87,75,62,22,98,38.3
30000052,4,laceration,0,57,138,60,19,99,36.7
30000053,1,abdominal pain,7,79,112,104,13,98,37.8
30000054,2,shortness of breath,7,84,133,91,20,95,36.9
30000055,3,chest pain,6,97,122,95,20,91,36.4
30000056,4,back pain,4,85,136,61,18,96,37.8
30000057,3,shortness of breath,7,102,121,95,19,100,37.1
30000058,3,laceration,7,80,109,85,21,95,38.9
30000059,5,chest pain,7,65,105,65,18,99,36.2
30000060,2,chest pain,9,68,81,86,14,96,36.8
30000061,3,fever,1,78,129,91,18,94,38.0
30000062,3,laceration,4,103,116,84,13,95,36.8
30000063,2,anxiety,7,72,131,86,15,99,34.9
30000064,2,chest pain,8,89,117,80,13,97,38.0
30000065,2,fall,8,60,112,82,15,100,37.4
30000066,3,back pain,4,68,131,58,17,99,37.0
30000067,2,fever,9,109,106,60,17,95,36.1
30000068,2,chest pain,6,89,155,102,19,93,37.2
30000069,2,fall,7,96,104,101,26,97,37.0
30000070,3,fever,4,55,150,92,24,100,37.6
30000071,3,knee pain,4,93,92,57,17,95,37.0
30000072,3,back pain,3,86,175,75,20,98,36.1
30000073,2,abdominal pain,7,97,89,86,19,100,37.2
30000074,3,headache,3,99,136,69,18,94,37.7
30000075,4,headache,7,79,117,104,19,97,38.0
30000076,3,chest pain,5,85,144,90,17,99,37.6
30000077,4,shortness of breath,6,90,124,57,16,95,36.0
30000078,2,knee pain,9,59,129,90,17,94,36.4
30000079,4,shortness of breath,6,83,142,99,14,97,36.5
30000080,3,shortness of breath,5,61,144,86,16,93,37.6
30000081,4,fever,7,80,50,68,12,96,36.3
30000082,4,abdominal pain,5,70,151,63,12,93,36.5
30000083,3,fever,0,120,117,72,18,98,36.4
30000084,3,shortness of breath,4,105,73,80,21,98,37.3
30000085,4,shortness of breath,2,75,129,73,17,97,38.4
30000086,3,knee pain,7,86,98,92,25,97,37.1
30000087,2,fall,7,63,119,74,24,100,38.4
30000088,3,chest pain,5,84,102,77,19,97,36.3
30000089,4,laceration,2,131,108,88,17,96,37.7
30000090,4,laceration,4,80,100,76,18,95,37.8
30000091,3,knee pain,3,106,98,80,19,96,37.8
30000092,2,fall,6,103,150,47,13,97,38.2
30000093,3,back pain,6,98,179,65,23,96,38.2
30000094,5,laceration,1,99,88,84,18,96,37.4
30000095,3,fever,2,83,89,89,17,97,37.1
30000096,3,knee pain,4,81,116,119,18,98,36.5
30000097,3,knee pain,1,90,116,88,21,94,37.5
30000098,2,laceration,10,94,124,84,12,95,38.0
30000099,4,fall,6,110,115,95,15,97,37.6
30000100,3,knee pain,5,71,108,92,22,98,38.4
30000101,3,shortness of breath,4,113,128,94,22,97,36.3
30000102,2,back pain,8,93,145,66,16,100,38.0
30000103,4,fall,6,54,133,70,13,93,37.4
30000104,2,headache,6,64,158,84,13,98,36.7
30000105,3,fall,2,68,122,90,13,98,37.5
30000106,1,chest pain,9,81,150,59,20,97,37.8
30000107,4,shortness of breath,7,73,115,74,17,100,37.0
30000108,3,fever,6,100,126,68,17,96,36.6
30000109,1,laceration,6,77,134,89,16,100,36.5
30000110,3,fever,7,86,125,68,17,97,36.7
30000111,3,chest pain,7,97,131,80,25,95,37.4
30000112,4,fall,3,88,123,93,18,100,36.9
30000113,5,shortness of breath,3,91,129,59,19,100,36.9
30000114,2,fever,10,77,139,56,17,98,37.0
30000115,3,laceration,5,86,129,61,17,93,36.6
30000116,3,abdominal pain,2,89,148,71,15,97,37.8
30000117,3,fall,7,66,147,87,16,96,37.0
30000118,5,shortness of breath,1,94,114,81,23,91,37.2
30000119,4,anxiety,4,104,102,98,18,95,35.8
30000120,4,shortness of breath,6,101,131,100,23,94,37.3
30000121,3,laceration,5,92,105,70,20,97,38.2
30000122,3,abdominal pain,6,93,93,90,21,90,36.7
30000123,5,back pain,0,61,126,85,13,100,37.9
30000124,3,back pain,4,71,110,75,16,94,38.2
30000125,3,chest pain,0,67,133,67,22,98,37.8
30000126,3,anxiety,7,60,124,64,19,100,36.4
30000127,3,shortness of breath,3,94,103,69,18,97,36.1
30000128,4,headache,5,102,128,60,16,100,37.6
30000129,3,headache,1,73,129,76,11,98,36.1
30000130,3,chest pain,4,85,138,110,16,100,36.4
30000131,4,shortness of breath,3,104,163,94,23,96,37.2
30000132,3,fall,2,106,119,73,14,94,38.1
30000133,3,anxiety,3,93,83,65,12,96,36.9
30000134,4,fall,7,85,138,89,25,96,38.5
30000135,4,headache,7,75,124,83,16,92,37.8
30000136,3,abdominal pain,7,68,115,74,25,95,38.4
30000137,4,laceration,5,84,115,86,22,92,37.3
30000138,4,abdominal pain,2,65,136,80,24,96,37.5
30000139,3,headache,3,93,102,77,14,97,36.8
30000140,3,shortness of breath,5,92,113,79,17,99,36.4
30000141,2,back pain,6,98,153,92,15,97,36.2
30000142,3,headache,2,72,93,68,14,100,38.0
30000143,3,knee pain,3,80,112,109,25,97,37.4
30000144,3,anxiety,7,62,89,88,15,99,36.7
30000145,3,fall,6,86,120,101,17,96,35.8
30000146,3,back pain,3,68,113,84,16,93,37.8
30000147,3,fever,7,87,137,92,19,97,36.9
30000148,3,chest pain,0,70,140,106,26,99,36.7
30000149,2,shortness of breath,7,92,115,51,22,98,38.0
30000150,3,chest pain,2,76,133,74,27,100,35.2
30000151,4,abdominal pain,1,66,109,78,17,100,38.1
30000152,2,knee pain,10,97,132,98,19,96,39.1
30000153,2,anxiety,6,81,103,61,17,91,38.2
30000154,3,headache,5,92,122,117,14,97,37.6
30000155,3,abdominal pain,0,103,139,58,17,97,37.4
30000156,3,knee pain,2,97,149,63,17,96,36.3
30000157,3,back pain,5,93,104,95,19,97,35.7
30000158,3,laceration,1,88,130,77,16,96,37.0
30000159,5,fever,7,79,106,57,16,96,37.5
30000160,3,fever,0,88,90,68,18,100,36.2
30000161,2,abdominal pain,7,74,121,97,25,96,35.9
30000162,2,laceration,7,88,124,75,19,98,37.8
30000163,3,back pain,7,78,122,79,18,98,36.6
30000164,3,anxiety,3,107,135,80,16,97,35.7
30000165,3,headache,4,91,111,103,16,94,37.1
30000166,3,chest pain,1,85,136,71,23,99,36.7
30000167,2,knee pain,10,107,118,61,19,91,36.4
30000168,4,anxiety,6,67,132,76,20,91,37.0
30000169,4,laceration,1,124,121,98,14,98,36.1
30000170,3,fall,6,90,118,66,18,100,37.2
30000171,3,laceration,7,68,141,95,18,94,37.3
30000172,3,shortness of breath,5,66,145,63,17,93,36.3
30000173,3,laceration,3,76,118,98,21,95,37.5
30000174,3,fall,0,104,116,73,15,95,36.4
30000175,4,headache,5,99,134,97,22,94,36.6
30000176,3,fall,2,102,158,81,15,98,36.0
30000177,2,abdominal pain,6,66,144,83,15,100,35.8
30000178,3,abdominal pain,5,105,119,61,20,97,36.2
30000179,3,fall,0,105,128,84,22,96,38.7
30000180,4,abdominal pain,4,74,120,52,23,99,37.6
30000181,2,chest pain,8,94,93,87,18,97,37.4
30000182,3,shortness of breath,3,65,141,93,15,95,36.2
30000183,2,shortness of breath,7,108,104,112,14,96,36.7
30000184,3,laceration,2,105,117,69,10,100,36.1
30000185,4,fever,3,94,143,105,14,96,37.7
30000186,3,chest pain,6,75,154,96,21,99,37.8
30000187,2,shortness of breath,7,77,113,86,23,95,36.1
30000188,4,laceration,6,79,124,79,21,93,36.2
30000189,3,knee pain,5,102,129,73,17,94,38.0
30000190,3,fall,4,92,137,54,21,97,36.9
30000191,3,abdominal pain,7,87,109,80,15,100,37.3
30000192,3,shortness of breath,4,71,116,85,13,99,38.5
30000193,3,abdominal pain,5,98,126,86,18,98,37.6
30000194,3,laceration,2,107,124,70,20,96,38.7
30000195,3,back pain,7,78,141,87,17,97,35.6
30000196,3,chest pain,3,94,136,86,18,100,36.7
30000197,3,headache,0,99,177,98,13,95,37.7
30000198,3,fall,0,79,101,66,20,100,37.2
30000199,3,headache,3,93,138,93,15,98,37.5
30000200,3,anxiety,4,87,116,86,17,93,38.2
30000201,5,anxiety,3,93,117,79,15,100,36.8
30000202,1,headache,8,98,108,73,20,100,36.0
30000203,3,anxiety,3,96,132,65,20,98,36.1
30000204,3,abdominal pain,3,77,101,84,18,96,35.8
30000205,3,headache,6,74,127,99,19,98,35.5
30000206,3,fall,2,86,126,94,14,96,37.7
30000207,3,abdominal pain,7,113,143,62,19,89,37.4
30000208,3,knee pain,2,92,122,94,13,94,36.5
30000209,3,headache,7,86,123,82,19,100,37.5
30000210,3,anxiety,6,92,117,102,22,99,37.6
30000211,3,anxiety,3,71,134,61,11,93,36.1
30000212,3,knee pain,2,112,128,65,18,97,37.6
30000213,4,shortness of breath,7,95,92,110,20,97,35.9
30000214,3,anxiety,0,72,124,69,17,98,37.1
30000215,3,abdominal pain,5,76,117,100,12,96,36.5
30000216,3,knee pain,1,93,143,68,11,95,36.5
30000217,3,chest pain,5,102,112,52,26,93,37.6
30000218,3,chest pain,6,102,120,63,20,95,36.2
30000219,2,back pain,7,91,134,98,27,100,37.7
30000220,3,back pain,7,57,115,76,14,96,37.2
30000221,2,shortness of breath,9,83,103,92,7,94,38.0
30000222,4,chest pain,6,100,131,69,17,96,36.2
30000223,3,chest pain,6,77,137,96,11,98,37.4
30000224,3,abdominal pain,3,78,141,88,18,99,36.4
30000225,2,headache,8,108,137,92,18,99,37.1
30000226,3,fall,7,87,104,61,8,100,37.1
30000227,4,anxiety,6,86,100,68,17,97,36.8
30000228,3,fall,7,74,147,87,17,98,36.4
30000229,3,fall,2,104,149,95,12,94,36.7
30000230,3,back pain,5,111,120,69,12,93,37.0
30000231,3,headache,4,87,149,60,20,100,37.0
30000232,3,headache,3,88,95,90,18,99,36.7
30000233,3,fall,4,94,117,78,18,100,37.1
30000234,3,anxiety,3,81,158,85,17,95,37.2
30000235,3,laceration,1,93,126,113,18,97,36.1
30000236,2,knee pain,10,104,134,68,21,95,37.1
30000237,2,shortness of breath,6,103,95,72,19,95,36.7
30000238,3,shortness of breath,4,83,158,65,24,93,37.1
30000239,3,fever,3,60,105,86,14,98,36.3
30000240,2,fever,6,110,116,68,15,94,36.5
30000241,3,abdominal pain,6,88,129,64,13,100,37.4
30000242,3,shortness of breath,3,111,126,78,24,97,37.5
30000243,4,anxiety,2,79,154,108,23,100,36.5
30000244,4,headache,5,78,150,77,23,94,37.1
30000245,4,knee pain,2,79,140,73,17,98,37.3
30000246,4,laceration,6,95,130,78,13,99,37.0
30000247,2,shortness of breath,7,94,87,81,21,99,38.1
30000248,4,shortness of breath,6,85,134,65,24,96,37.2
30000249,3,laceration,6,79,132,80,21,95,37.0
30000250,2,headache,9,100,116,85,15,97,37.1
30000251,3,shortness of breath,5,99,135,44,20,94,36.2
30000252,3,laceration,7,107,123,76,19,96,36.7
30000253,4,laceration,2,103,138,55,20,100,38.0
30000254,3,fever,1,93,110,75,19,92,36.8
30000255,2,abdominal pain,6,104,173,79,17,100,37.9
30000256,3,fever,0,73,151,72,17,96,38.9
30000257,3,fever,1,64,86,78,21,100,37.3
30000258,4,back pain,3,83,135,84,10,95,36.9
30000259,4,knee pain,4,76,118,84,15,94,36.6
30000260,3,laceration,0,76,146,71,16,98,36.0
30000261,1,anxiety,9,95,139,50,18,96,37.1
30000262,4,knee pain,0,72,174,70,14,96,37.0
30000263,1,headache,9,73,135,90,20,94,36.8
30000264,4,chest pain,3,73,144,81,20,97,36.2
30000265,3,anxiety,0,97,123,80,15,100,36.7
30000266,1,abdominal pain,8,77,110,56,26,98,36.5
30000267,2,anxiety,9,65,107,55,25,93,37.9
30000268,3,fall,4,72,75,71,16,100,37.3
30000269,1,back pain,7,90,117,84,20,99,37.5
30000270,3,laceration,1,78,153,83,13,96,37.3
30000271,3,fever,1,109,111,80,19,98,37.7
30000272,3,knee pain,2,118,153,75,18,96,37.4
30000273,2,knee pain,6,86,120,86,16,97,37.8
30000274,3,fever,2,106,110,77,17,89,35.3
30000275,3,anxiety,1,67,115,81,10,94,37.1
30000276,3,abdominal pain,7,53,137,99,14,100,37.0
30000277,4,fever,5,96,130,65,18,99,37.7
30000278,3,fall,1,63,98,117,20,93,38.0
30000279,2,chest pain,6,88,163,75,18,97,38.3
30000280,3,knee pain,3,107,127,110,18,96,37.1
30000281,2,laceration,8,66,98,86,25,96,36.7
30000282,1,fall,6,62,134,115,21,99,37.1
30000283,3,chest pain,3,77,118,90,25,96,37.5
30000284,3,back pain,2,106,127,87,15,93,37.2
30000285,4,back pain,4,65,108,89,19,96,36.0
30000286,3,back pain,7,103,129,73,20,97,36.1
30000287,3,anxiety,5,96,136,55,20,99,35.7
30000288,3,fall,4,76,146,72,12,94,37.3
30000289,2,shortness of breath,10,80,102,90,23,96,38.5
30000290,3,headache,3,72,148,99,12,98,37.5
30000291,4,shortness of breath,2,84,124,92,19,95,36.4
30000292,2,fever,10,69,151,65,28,97,38.5
30000293,5,chest pain,6,111,130,83,17,99,37.7
30000294,3,fever,5,87,115,129,19,99,36.2
30000295,3,fall,2,94,102,69,20,100,35.8
30000296,2,fall,10,80,104,71,18,100,35.1
30000297,2,anxiety,10,92,88,82,16,98,37.5
30000298,3,laceration,4,87,116,66,14,95,37.5
30000299,2,shortness of breath,8,65,134,96,16,100,37.5
30000300,3,fever,1,66,144,67,27,97,35.5
30000301,3,shortness of breath,0,76,121,87,18,91,36.1
30000302,4,shortness of breath,3,69,135,86,7,98,37.2
30000303,5,fever,0,94,126,83,17,96,37.0
30000304,3,fall,7,71,151,53,15,97,36.9
30000305,2,headache,9,103,115,55,15,96,36.2
30000306,2,laceration,6,68,111,96,12,96,37.2
30000307,3,fever,4,85,133,83,12,95,37.7
30000308,1,knee pain,7,90,137,84,22,95,37.8
30000309,5,knee pain,0,63,115,77,20,99,37.4
30000310,3,fall,5,70,165,85,20,97,36.3
30000311,3,knee pain,0,94,150,84,16,95,37.0
30000312,3,shortness of breath,5,92,109,84,16,97,38.2
30000313,3,knee pain,4,77,151,84,18,91,37.6
30000314,3,laceration,1,76,125,63,17,92,37.1
30000315,3,fever,6,118,138,85,21,100,37.7
30000316,4,headache,6,81,124,97,17,97,36.0
30000317,4,abdominal pain,6,102,137,70,16,92,36.1
30000318,2,headache,7,75,146,106,12,98,36.2
30000319,3,back pain,4,70,144,60,19,95,37.7
30000320,2,headache,9,89,108,88,26,100,37.2
30000321,3,anxiety,0,102,116,70,21,99,36.8
30000322,3,headache,2,92,123,88,19,89,36.6
30000323,3,anxiety,1,87,105,59,19,99,37.4
30000324,3,headache,7,66,97,82,17,96,37.8
30000325,3,back pain,2,90,119,75,16,97,36.6
30000326,2,fever,7,87,130,73,18,99,36.4
30000327,3,abdominal pain,5,89,166,63,19,96,38.0
30000328,4,shortness of breath,4,68,128,89,14,100,36.1
30000329,3,laceration,7,73,64,53,23,98,36.8
30000330,4,fever,1,67,112,83,18,96,36.8
30000331,3,chest pain,1,115,126,65,11,92,35.6
30000332,2,shortness of breath,6,84,122,72,21,100,37.4
30000333,3,fever,1,96,115,77,16,98,37.3
30000334,1,shortness of breath,6,98,99,89,18,98,36.3
30000335,3,chest pain,7,79,170,102,26,95,36.5
30000336,3,shortness of breath,5,85,87,81,15,94,37.7
30000337,4,anxiety,4,48,153,45,10,100,37.5
30000338,4,knee pain,3,74,126,100,16,96,37.7
30000339,3,knee pain,2,92,118,48,18,97,38.1
30000340,1,abdominal pain,7,83,132,96,23,100,37.6
30000341,3,abdominal pain,2,64,105,75,12,100,38.1
30000342,2,knee pain,7,44,123,99,16,100,36.8
30000343,2,chest pain,7,87,144,66,22,97,37.7
30000344,2,fever,7,73,131,49,11,95,38.1
30000345,3,fever,5,97,122,67,24,100,37.7
30000346,2,headache,10,86,101,80,21,94,37.4
30000347,3,knee pain,2,76,132,95,11,97,37.2
30000348,3,anxiety,1,102,108,70,14,88,36.2
30000349,5,laceration,4,81,116,93,14,96,36.4
30000350,3,abdominal pain,7,72,163,62,21,93,36.3
30000351,3,headache,4,78,124,86,25,100,37.9
30000352,3,back pain,7,104,113,72,21,100,37.1
30000353,3,laceration,1,109,148,79,18,100,37.3
30000354,2,anxiety,8,77,109,65,16,93,37.0
30000355,2,anxiety,8,64,134,72,19,93,37.5
30000356,3,fall,1,99,140,100,14,100,37.7
30000357,3,chest pain,5,94,119,75,20,95,37.2
30000358,5,fall,4,69,102,87,23,99,36.6
30000359,3,laceration,6,94,87,77,21,93,36.7
30000360,4,laceration,1,93,123,75,20,93,36.3
30000361,3,anxiety,1,115,129,85,24,97,36.9
30000362,2,knee pain,7,82,107,83,23,96,37.2
30000363,5,laceration,2,88,79,68,23,99,37.1
30000364,4,shortness of breath,0,91,146,89,19,92,36.8
30000365,2,chest pain,8,109,91,71,21,95,37.9
30000366,3,anxiety,6,78,123,99,21,99,37.6
30000367,3,shortness of breath,1,79,122,54,16,92,36.5
30000368,3,back pain,4,63,126,84,23,97,38.4
30000369,3,headache,1,72,152,71,18,96,36.7
30000370,3,anxiety,2,71,128,55,23,97,38.3
30000371,2,abdominal pain,9,100,138,62,12,97,36.5
30000372,4,knee pain,3,89,138,79,18,98,37.3
30000373,3,fever,3,90,99,75,12,94,36.8
30000374,2,anxiety,6,75,104,84,23,98,36.6
30000375,3,fever,0,93,127,85,23,94,37.1
30000376,4,fever,4,63,120,86,20,97,36.6
30000377,2,headache,9,82,137,71,26,99,36.4
30000378,4,laceration,4,83,111,49,18,96,36.8
30000379,3,anxiety,4,127,114,84,16,98,36.4
30000380,1,chest pain,6,72,131,108,20,100,36.4
30000381,4,laceration,7,107,86,67,16,96,37.9
30000382,5,chest pain,0,80,127,91,19,96,36.2
30000383,3,fall,0,78,118,75,16,95,36.0
30000384,3,laceration,0,82,150,83,9,98,34.7
30000385,4,headache,6,72,156,91,14,96,37.1
30000386,4,abdominal pain,4,119,125,81,15,96,36.6
30000387,2,shortness of breath,7,100,128,71,21,100,35.5
30000388,3,back pain,0,66,129,75,15,100,36.0
30000389,4,laceration,0,66,146,92,14,95,37.4
30000390,3,knee pain,6,78,102,69,15,98,37.9
30000391,3,abdominal pain,1,93,128,97,13,99,37.2
30000392,4,shortness of breath,0,96,119,52,18,98,37.0
30000393,1,back pain,6,110,128,90,17,100,37.2
30000394,4,fall,7,77,132,64,23,96,36.5
30000395,2,knee pain,10,85,175,99,20,95,36.1
30000396,4,abdominal pain,5,104,130,80,21,98,36.4
30000397,4,fever,6,82,143,72,13,98,37.3
30000398,3,shortness of breath,1,87,131,34,15,99,36.0
30000399,3,knee pain,7,83,108,84,23,100,37.2
30000400,3,back pain,1,104,142,79,18,91,36.3
30000401,3,back pain,4,75,140,95,15,97,37.1
30000402,3,chest pain,4,102,123,110,19,97,37.2
30000403,3,knee pain,1,94,112,82,20,94,37.5
30000404,3,knee pain,6,65,117,124,18,97,36.4
30000405,4,fever,3,64,147,77,16,97,36.7
30000406,2,abdominal pain,8,95,112,69,3,92,36.2
30000407,3,fall,0,62,142,86,20,93,37.4
30000408,1,knee pain,9,81,121,90,15,98,37.1
30000409,3,anxiety,4,95,162,62,9,98,37.5
30000410,2,knee pain,9,64,136,85,18,97,37.3
30000411,3,back pain,2,103,103,92,11,95,37.8
30000412,3,back pain,6,100,154,89,18,96,37.9
30000413,3,headache,1,87,153,85,13,97,37.1
30000414,3,back pain,4,86,149,69,19,93,35.4
30000415,2,shortness of breath,8,101,100,99,18,95,37.4
30000416,4,knee pain,6,56,137,93,21,100,36.7
30000417,4,anxiety,3,83,123,79,19,99,36.6
30000418,4,chest pain,1,98,104,79,10,94,36.3
30000419,3,laceration,5,79,129,71,19,98,36.7
30000420,3,abdominal pain,5,71,162,62,15,97,37.1
30000421,3,fall,6,95,140,68,14,97,37.2
30000422,3,laceration,1,106,124,70,23,95,37.0
30000423,2,chest pain,7,73,144,76,19,100,36.9
30000424,2,back pain,10,109,113,73,18,95,36.7
30000425,3,fall,5,100,135,105,19,98,38.4
30000426,2,knee pain,8,79,119,48,20,96,35.7
30000427,3,headache,1,71,111,54,13,96,36.6
30000428,4,abdominal pain,0,70,88,108,17,100,36.0
30000429,3,fever,7,116,102,108,9,96,35.8
30000430,2,anxiety,9,70,148,80,20,96,37.0
30000431,3,headache,2,102,136,62,17,91,36.5
30000432,2,fever,7,67,132,79,17,98,37.6
30000433,4,abdominal pain,0,103,135,97,16,94,36.4
30000434,3,abdominal pain,5,95,142,79,11,95,37.3
30000435,4,abdominal pain,4,109,128,74,19,100,36.4
30000436,3,knee pain,0,94,98,66,16,96,36.8
30000437,3,abdominal pain,2,90,105,88,12,98,38.0
30000438,3,shortness of breath,5,69,155,58,21,100,37.9
30000439,4,headache,0,61,113,102,12,100,37.0
30000440,2,chest pain,9,96,103,96,11,98,37.2
30000441,3,shortness of breath,4,57,117,56,14,99,35.0
30000442,2,laceration,9,100,125,79,12,96,38.0
30000443,3,headache,2,80,135,62,24,100,36.5
30000444,3,chest pain,3,65,103,116,17,93,36.8
30000445,2,back pain,9,93,177,86,17,98,37.8
30000446,2,chest pain,8,99,129,90,24,94,36.7
30000447,2,anxiety,8,74,128,72,24,98,37.7
30000448,5,abdominal pain,2,73,124,88,20,96,37.2
30000449,2,headache,9,101,127,76,17,94,37.3
30000450,3,knee pain,7,82,129,89,14,94,37.3
30000451,1,fever,6,52,121,80,14,97,37.3
30000452,3,back pain,4,75,116,49,22,97,36.1
30000453,3,anxiety,1,72,109,70,17,100,37.5
30000454,2,knee pain,8,117,130,87,16,96,37.3
30000455,5,shortness of breath,0,66,147,68,26,100,36.9
30000456,3,abdominal pain,7,86,129,96,25,97,37.2
30000457,2,laceration,8,90,143,64,12,100,36.7
30000458,2,fever,10,107,98,87,19,98,36.4
30000459,1,anxiety,9,87,142,74,14,94,36.6
30000460,5,anxiety,4,95,154,74,23,100,37.2
30000461,4,laceration,7,71,98,89,17,96,36.9
30000462,4,knee pain,0,80,138,79,19,93,36.2
30000463,4,fever,1,99,112,91,10,97,37.6
30000464,3,laceration,6,82,122,103,17,94,36.6
30000465,3,fever,4,51,129,72,10,95,36.5
30000466,4,chest pain,6,72,109,92,23,96,36.7
30000467,2,back pain,6,75,125,76,15,100,37.1
30000468,2,knee pain,7,56,108,105,17,99,38.1
30000469,3,fall,4,55,109,87,24,100,35.5
30000470,3,fall,6,95,156,99,19,90,36.7
30000471,2,chest pain,8,93,122,51,16,98,36.2
30000472,5,back pain,4,111,119,92,17,95,36.4
30000473,3,headache,0,58,113,79,14,99,36.5
30000474,3,fall,1,68,150,94,17,98,37.9
30000475,3,headache,3,91,129,73,21,98,37.8
30000476,5,abdominal pain,5,110,148,58,19,95,36.4
30000477,1,back pain,8,91,135,63,9,96,37.0
30000478,3,back pain,0,86,116,70,24,91,36.5
30000479,3,fall,2,72,83,83,26,99,36.0
30000480,5,shortness of breath,7,112,116,76,20,92,36.3
30000481,3,laceration,5,96,71,57,18,100,37.3
30000482,3,fall,5,86,108,76,22,96,36.4
30000483,2,knee pain,6,67,149,94,11,98,36.3
30000484,4,abdominal pain,5,87,93,92,13,96,37.4
30000485,4,shortness of breath,4,112,130,92,22,100,37.9
30000486,3,fever,1,74,114,83,16,99,37.0
30000487,4,headache,5,61,93,97,17,94,35.6
30000488,3,abdominal pain,6,84,118,71,29,96,36.6
30000489,1,shortness of breath,6,81,112,85,24,94,37.1
30000490,3,chest pain,2,85,98,56,15,97,35.7
30000491,3,anxiety,5,76,134,76,14,92,35.5
30000492,3,fall,4,89,141,75,14,100,37.3
30000493,4,anxiety,0,100,113,67,26,100,37.2
30000494,3,knee pain,5,80,121,94,14,95,38.6
30000495,5,fall,0,44,149,63,23,98,37.6
30000496,3,back pain,7,103,133,83,24,98,36.9
30000497,3,abdominal pain,4,71,144,80,19,100,37.0
30000498,3,headache,0,94,126,90,22,100,37.3
30000499,3,abdominal pain,7,95,134,107,12,98,37.7
30000500,1,laceration,6,85,140,89,14,97,38.2
30000501,3,anxiety,6,68,144,101,21,99,37.7
30000502,2,laceration,6,83,111,83,16,100,37.8
30000503,3,headache,0,67,131,77,24,99,37.1
30000504,5,fall,1,84,156,113,15,100,37.3
30000505,3,fall,2,80,118,82,21,95,37.9
30000506,3,abdominal pain,1,102,114,73,25,100,36.1
30000507,3,anxiety,5,96,129,64,18,100,36.4
30000508,3,anxiety,7,98,96,91,17,95,36.0
30000509,4,anxiety,6,116,137,84,16,100,36.8
30000510,3,abdominal pain,3,92,182,114,20,98,37.2
30000511,3,knee pain,4,47,138,77,16,98,37.0
30000512,3,laceration,3,101,117,73,18,98,37.5
30000513,4,back pain,4,110,152,90,16,93,36.7
30000514,2,shortness of breath,6,97,115,73,21,95,37.4
30000515,2,fall,7,89,160,93,16,97,37.1
30000516,2,chest pain,9,72,130,57,19,97,36.9
30000517,4,abdominal pain,2,86,94,102,16,94,35.8
30000518,3,laceration,7,56,111,76,17,94,38.5
30000519,1,fall,9,93,90,83,19,99,36.2
30000520,4,fever,7,71,116,89,13,91,36.1
30000521,4,fall,2,75,124,73,17,98,36.8
30000522,4,back pain,6,87,109,90,20,99,37.0
30000523,1,fever,9,55,140,51,20,97,37.4
30000524,2,knee pain,6,73,128,78,30,100,37.3
30000525,1,back pain,7,80,142,90,14,99,36.5
30000526,3,fever,3,102,156,72,14,99,37.6
30000527,2,fever,9,88,128,99,16,92,37.4
30000528,3,knee pain,6,117,105,65,27,98,37.6
30000529,3,laceration,1,97,152,78,17,93,36.5
30000530,3,laceration,7,93,115,83,21,99,36.2
30000531,4,fever,0,98,134,77,19,97,36.9
30000532,5,fever,4,86,132,32,14,93,36.5
30000533,3,knee pain,7,58,128,79,27,91,37.6
30000534,2,anxiety,10,93,136,64,16,97,35.4
30000535,3,headache,7,90,80,99,19,96,37.1
30000536,3,fall,3,92,146,62,17,96,35.6
30000537,3,knee pain,0,79,129,95,24,99,37.0
30000538,3,fall,4,77,129,63,20,96,37.2
30000539,4,headache,6,77,117,78,23,100,36.1
30000540,4,shortness of breath,1,97,93,68,8,94,37.8
30000541,3,fall,5,78,83,61,15,100,36.2
30000542,2,chest pain,6,72,107,52,18,91,37.2
30000543,3,knee pain,2,60,129,64,24,96,36.5
30000544,3,headache,3,73,120,71,18,95,36.7
30000545,3,back pain,1,78,131,98,10,94,36.1
30000546,4,chest pain,4,82,105,90,18,99,36.7
30000547,3,fall,7,108,88,75,17,93,36.3
30000548,4,anxiety,2,104,90,87,15,93,35.4
30000549,3,fever,4,71,130,94,18,100,37.0
30000550,3,back pain,1,83,105,101,15,94,36.4
30000551,3,headache,5,74,150,89,20,93,36.5
30000552,4,abdominal pain,2,109,85,59,21,95,38.8
30000553,3,knee pain,2,93,117,113,20,94,36.9
30000554,2,anxiety,8,76,111,95,16,100,36.8
30000555,4,chest pain,1,75,156,79,18,94,37.7
30000556,4,fever,5,71,165,89,14,95,36.5
30000557,5,chest pain,4,70,122,89,21,96,36.3
30000558,3,anxiety,0,77,73,86,21,99,35.9
30000559,3,anxiety,4,82,133,83,15,97,37.3
30000560,3,chest pain,1,85,93,78,21,98,37.0
30000561,4,chest pain,7,59,137,65,22,98,37.1
30000562,4,headache,4,89,123,70,16,93,36.0
30000563,5,anxiety,0,67,139,71,25,98,37.9
30000564,4,headache,4,97,79,87,21,95,36.4
30000565,2,anxiety,10,97,120,83,13,99,37.0
30000566,3,fall,4,111,104,82,19,100,37.3
30000567,2,chest pain,9,69,128,92,21,100,37.9
30000568,3,fall,0,74,137,55,19,97,37.4
30000569,4,shortness of breath,7,101,100,97,23,98,36.0
30000570,2,fall,9,96,130,73,16,99,36.4
30000571,1,back pain,6,86,137,81,22,100,37.0
30000572,3,fall,4,77,125,76,27,95,37.7
30000573,3,laceration,3,76,105,70,12,100,37.5
30000574,3,laceration,6,109,122,80,15,100,36.7
30000575,4,knee pain,6,76,133,71,20,95,38.2
30000576,2,chest pain,9,88,138,50,11,95,37.9
30000577,3,abdominal pain,7,112,95,83,19,100,36.3
30000578,2,shortness of breath,6,91,140,80,19,96,35.2
30000579,3,fall,5,104,142,62,19,94,37.7
30000580,4,back pain,5,106,166,78,25,96,34.6
30000581,2,knee pain,8,90,108,100,14,98,36.6
30000582,3,fall,6,77,167,78,23,99,37.6
30000583,5,fever,2,78,110,75,16,93,36.5
30000584,4,anxiety,0,89,114,99,20,95,36.6
30000585,3,headache,2,96,139,84,20,98,38.1
30000586,3,fever,1,79,109,90,13,99,35.7
30000587,3,laceration,1,86,109,87,24,93,35.7
30000588,3,abdominal pain,2,90,113,83,20,98,36.4
30000589,3,fall,1,88,123,66,18,98,37.2
30000590,3,back pain,4,82,166,83,15,95,36.8
30000591,4,fever,5,85,126,73,16,96,39.4
30000592,3,chest pain,3,95,127,111,19,97,38.7
30000593,3,shortness of breath,0,65,165,81,14,99,36.5
30000594,2,fever,10,87,136,86,18,97,36.8
30000595,3,abdominal pain,3,84,107,83,24,96,36.0
30000596,3,abdominal pain,6,92,110,123,19,95,36.1
30000597,3,fall,1,68,111,65,13,100,36.1
30000598,3,headache,4,65,103,74,20,96,37.1
30000599,3,chest pain,7,83,103,73,13,100,38.0
30000600,4,fever,6,78,105,72,21,100,37.7
30000601,4,fall,6,109,115,98,22,98,36.0
30000602,1,back pain,7,72,121,61,17,92,37.0
30000603,4,shortness of breath,0,85,119,69,12,98,38.4
30000604,3,shortness of breath,1,81,111,71,19,94,36.7
30000605,3,anxiety,0,80,129,73,17,98,35.8
30000606,4,back pain,5,86,95,72,20,97,37.2
30000607,3,back pain,1,99,114,69,17,99,37.1
30000608,3,fever,7,67,128,99,18,99,35.5
30000609,2,back pain,9,111,137,85,21,99,37.7
30000610,4,anxiety,1,78,127,48,30,99,37.6
30000611,2,back pain,6,65,140,80,16,96,36.9
30000612,3,headache,6,78,144,67,16,100,36.3
30000613,3,fever,3,46,67,75,14,96,37.0
30000614,3,fever,2,107,143,88,16,96,37.6
30000615,3,abdominal pain,1,65,137,74,16,96,37.0
30000616,3,chest pain,3,76,122,80,14,99,37.7
30000617,3,anxiety,5,79,157,83,19,94,37.1
30000618,2,abdominal pain,6,84,99,88,20,96,35.1
30000619,3,fall,0,94,137,102,12,93,35.8
30000620,3,fever,7,78,144,61,14,100,37.2
30000621,2,laceration,10,80,112,82,21,96,36.8
30000622,5,anxiety,1,81,140,87,12,98,36.4
30000623,3,knee pain,6,77,161,87,13,96,35.9
30000624,5,back pain,4,132,146,86,17,98,36.9
30000625,2,knee pain,6,55,184,66,20,92,36.5
30000626,3,fall,3,98,156,75,20,97,36.4
30000627,3,laceration,2,88,137,93,14,93,35.8
30000628,4,laceration,7,98,109,103,14,94,38.5
30000629,3,laceration,2,103,102,77,22,97,36.5
30000630,3,headache,4,97,117,112,22,98,35.8
30000631,5,fever,0,110,61,70,17,99,37.0
30000632,4,abdominal pain,0,103,117,82,20,92,37.3
30000633,3,chest pain,2,115,106,57,22,93,36.6
30000634,3,fever,3,91,110,47,21,100,36.9
30000635,3,abdominal pain,2,97,102,67,16,96,37.4
30000636,3,fall,4,60,130,63,14,96,37.6
30000637,3,shortness of breath,6,98,96,93,15,98,36.0
30000638,2,anxiety,7,89,126,85,17,96,38.1
30000639,2,back pain,7,73,120,90,20,100,36.6
30000640,3,chest pain,4,77,125,91,12,97,38.3
30000641,3,chest pain,6,92,149,55,16,97,36.8
30000642,2,abdominal pain,7,80,155,97,15,99,36.6
30000643,3,anxiety,7,82,134,56,16,95,37.0
30000644,3,laceration,5,95,123,67,23,91,35.7
30000645,4,anxiety,6,78,122,86,10,100,38.0
30000646,1,abdominal pain,7,65,99,69,24,97,37.8
30000647,2,fall,9,86,161,92,14,100,36.7
30000648,3,headache,6,112,165,78,19,90,37.5
30000649,3,laceration,7,91,137,72,15,96,37.1
30000650,1,fall,7,74,135,80,13,100,36.3
30000651,4,laceration,5,111,127,81,25,93,37.5
30000652,3,chest pain,4,69,114,47,11,100,35.7
30000653,1,fever,8,68,145,90,16,94,36.8
30000654,3,laceration,3,97,118,83,16,97,36.8
30000655,3,chest pain,1,78,126,83,15,93,37.2
30000656,3,fever,4,100,134,74,17,100,36.6
30000657,3,headache,6,81,109,97,20,100,36.5
30000658,3,knee pain,3,83,140,53,16,97,36.6
30000659,4,headache,7,78,114,68,16,94,37.9
30000660,4,fever,6,76,107,93,20,99,38.3
30000661,3,shortness of breath,1,62,108,96,19,100,36.8
30000662,4,anxiety,0,94,132,67,20,98,37.0
30000663,3,back pain,3,85,136,87,10,100,37.8
30000664,4,laceration,3,57,102,106,18,100,36.6
30000665,3,headache,2,81,137,74,21,97,37.1
30000666,4,anxiety,4,66,146,76,22,94,37.7
30000667,4,abdominal pain,2,71,155,61,21,96,36.9
30000668,2,laceration,10,99,117,100,10,94,37.6
30000669,5,knee pain,3,72,128,89,14,99,37.1
30000670,3,knee pain,6,97,136,78,27,94,35.4
30000671,3,laceration,6,87,146,87,17,95,36.6
30000672,3,fall,6,61,141,66,18,94,36.5
30000673,3,abdominal pain,4,91,126,101,15,100,37.2
30000674,4,shortness of breath,0,65,111,84,12,98,36.9
30000675,5,abdominal pain,1,47,135,61,22,94,36.2
30000676,2,knee pain,9,115,137,82,14,100,37.8
30000677,3,abdominal pain,3,103,103,60,18,97,37.2
30000678,3,headache,2,90,125,100,14,96,38.1
30000679,4,abdominal pain,2,124,117,80,22,96,37.5
30000680,4,fever,5,72,118,68,19,94,38.2
30000681,5,laceration,1,87,102,77,18,100,38.5
30000682,3,fall,4,92,133,63,21,95,35.0
30000683,4,headache,0,71,104,85,19,100,37.8
30000684,3,anxiety,7,78,141,51,21,99,37.5
30000685,3,fever,7,101,102,71,27,99,37.6
30000686,5,abdominal pain,1,88,149,79,17,100,37.0
30000687,3,knee pain,7,95,129,74,10,95,36.0
30000688,4,abdominal pain,7,70,130,75,11,99,35.8
30000689,2,chest pain,6,73,106,81,21,96,36.7
30000690,3,knee pain,3,93,104,78,9,94,38.5
30000691,3,shortness of breath,0,88,119,80,20,94,37.2
30000692,3,fall,4,81,119,87,15,96,37.1
30000693,3,shortness of breath,4,63,139,69,19,96,36.4
30000694,4,fever,0,103,167,98,13,100,36.7
30000695,3,headache,1,55,120,37,16,97,37.2
30000696,2,shortness of breath,7,62,125,97,14,99,37.7
30000697,2,anxiety,9,78,119,97,25,97,37.4
30000698,3,back pain,0,77,133,66,11,100,36.7
30000699,3,chest pain,1,90,109,79,21,96,37.8
30000700,2,shortness of breath,6,84,94,82,23,94,38.6
30000701,4,abdominal pain,3,70,124,88,20,96,37.1
30000702,3,knee pain,5,76,136,69,16,99,37.6
30000703,1,laceration,7,105,111,81,17,96,36.1
30000704,2,knee pain,7,69,147,87,19,100,37.6
30000705,4,headache,4,70,166,97,16,100,37.5
30000706,3,shortness of breath,2,72,101,79,15,92,36.2
30000707,2,abdominal pain,10,80,119,76,15,92,38.5
30000708,3,anxiety,5,113,125,55,16,100,36.3
30000709,2,chest pain,7,78,100,71,24,94,37.4
30000710,4,anxiety,6,82,129,70,22,93,36.7
30000711,4,anxiety,4,81,116,83,19,93,36.0
30000712,2,fall,9,79,103,72,16,99,37.5
30000713,5,anxiety,6,97,135,86,13,97,36.8
30000714,3,chest pain,4,75,89,93,19,96,37.6
30000715,3,headache,2,87,118,74,21,95,36.1
30000716,3,back pain,6,92,129,72,11,95,37.8
30000717,3,fever,5,74,127,77,21,100,37.8
30000718,3,back pain,7,84,115,95,24,93,36.4
30000719,3,knee pain,7,80,141,98,21,93,37.7
30000720,2,shortness of breath,6,95,117,97,23,98,37.6
30000721,4,headache,5,100,129,97,17,95,38.2
30000722,4,abdominal pain,6,88,128,80,21,93,37.9
30000723,2,fever,6,49,93,97,18,98,38.4
30000724,3,laceration,7,110,133,103,18,94,36.5
30000725,3,knee pain,1,96,130,88,15,100,38.1
30000726,3,laceration,7,74,139,54,15,92,36.3
30000727,3,headache,6,54,111,109,13,96,37.6
30000728,5,abdominal pain,0,86,104,64,14,100,36.7
30000729,4,knee pain,7,103,136,85,16,97,36.2
30000730,3,laceration,2,100,149,83,23,98,37.9
30000731,3,chest pain,5,90,134,96,19,97,37.0
30000732,3,fall,7,78,119,58,27,98,36.5
30000733,4,back pain,0,78,112,71,23,96,37.1
30000734,3,laceration,4,84,127,98,24,97,37.9
30000735,3,fall,2,75,88,68,23,94,37.8
30000736,3,chest pain,0,58,103,81,18,98,36.4
30000737,3,anxiety,3,91,114,70,21,96,37.2
30000738,3,anxiety,6,65,136,72,14,97,38.0
30000739,4,knee pain,5,93,110,88,12,96,35.5
30000740,2,chest pain,8,101,113,108,19,100,35.7
30000741,4,shortness of breath,4,85,104,85,21,100,37.1
30000742,3,shortness of breath,4,49,143,73,16,100,36.6
30000743,3,fall,5,83,136,91,16,98,38.6
30000744,3,anxiety,5,90,155,53,23,95,37.1
30000745,3,shortness of breath,7,103,107,77,10,99,36.7
30000746,4,chest pain,2,93,124,91,13,100,36.4
30000747,3,headache,5,67,146,67,10,96,36.5
30000748,1,knee pain,10,92,90,100,19,100,36.5
30000749,2,fall,7,61,113,86,20,97,37.1
30000750,2,laceration,7,102,142,70,13,100,36.9
30000751,2,headache,8,61,152,75,19,96,36.9
30000752,3,knee pain,7,81,110,106,20,98,37.1
30000753,3,back pain,1,81,107,71,22,100,35.9
30000754,3,laceration,7,64,109,67,16,96,37.2
30000755,3,fall,3,95,100,55,22,100,35.8
30000756,3,anxiety,6,90,108,104,21,97,35.7
30000757,3,fever,4,100,88,103,16,95,36.4
30000758,3,shortness of breath,7,109,95,54,18,100,38.1
30000759,3,chest pain,5,93,140,79,21,95,37.5
30000760,3,laceration,3,98,151,71,9,97,35.1
30000761,3,shortness of breath,7,95,92,96,19,96,37.3
30000762,2,fall,8,77,132,56,14,97,37.0
30000763,3,headache,5,84,97,93,17,94,37.0
30000764,3,headache,1,82,127,70,15,100,37.5
30000765,2,back pain,10,103,134,81,17,95,36.0
30000766,3,laceration,7,95,138,86,18,92,37.2
30000767,4,abdominal pain,2,70,127,102,20,100,36.5
30000768,5,fall,4,98,144,71,15,97,38.1
30000769,3,headache,4,55,135,100,12,97,37.2
30000770,4,chest pain,3,95,104,87,16,99,38.1
30000771,2,fever,6,65,111,84,27,100,37.1
30000772,3,knee pain,3,94,102,89,16,98,38.9
30000773,3,anxiety,1,95,108,87,17,99,36.3
30000774,5,shortness of breath,4,84,121,92,19,100,37.0
30000775,3,knee pain,1,84,113,93,20,97,37.1
30000776,2,shortness of breath,8,96,99,57,23,97,37.1
30000777,3,laceration,4,94,147,77,19,100,37.4
30000778,3,anxiety,4,97,155,90,21,97,38.3
30000779,3,chest pain,3,73,118,90,17,99,36.8
30000780,4,headache,0,81,96,52,30,93,36.1
30000781,3,shortness of breath,3,104,119,62,21,94,36.7
30000782,3,back pain,2,96,115,65,17,88,36.0
30000783,2,back pain,10,84,115,111,17,97,37.0
30000784,4,back pain,5,68,137,50,14,96,37.8
30000785,2,anxiety,8,121,132,86,21,92,37.4
30000786,3,fall,6,84,158,62,16,95,37.4
30000787,3,chest pain,2,56,122,78,21,96,36.6
30000788,2,chest pain,9,83,125,72,20,100,37.4
30000789,4,back pain,4,102,200,72,15,100,38.5
30000790,3,chest pain,4,113,136,89,21,97,38.0
30000791,2,knee pain,9,97,118,63,16,95,36.2
30000792,2,chest pain,10,63,109,76,25,100,35.6
30000793,1,chest pain,7,109,117,87,15,100,36.3
30000794,3,fall,1,103,101,103,23,97,37.5
30000795,3,chest pain,6,74,100,70,16,99,37.4
30000796,3,back pain,7,86,97,76,15,100,37.8
30000797,3,back pain,0,98,86,67,19,100,37.3
30000798,2,laceration,8,107,109,61,19,96,37.4
30000799,3,fever,3,116,147,103,13,98,37.3
30000800,4,shortness of breath,2,111,133,91,23,94,37.9
30000801,4,anxiety,7,74,100,106,21,99,36.4
30000802,3,abdominal pain,7,100,125,68,23,100,35.7
30000803,3,back pain,7,79,136,64,22,100,36.5
30000804,3,headache,6,98,107,50,13,92,37.1
30000805,4,anxiety,2,89,145,64,9,97,36.5
30000806,3,laceration,2,87,99,82,20,98,37.8
30000807,2,fever,10,68,104,57,22,100,37.3
30000808,2,back pain,10,63,133,82,13,98,36.8
30000809,4,headache,0,105,130,61,20,100,37.0
30000810,3,chest pain,6,89,157,84,10,99,35.7
30000811,4,anxiety,2,104,127,86,20,94,36.2
30000812,3,shortness of breath,3,75,102,86,14,96,37.5
30000813,3,knee pain,6,96,114,69,13,99,37.7
30000814,3,fall,7,85,146,83,22,99,39.0
30000815,3,headache,4,68,110,88,16,94,38.5
30000816,2,knee pain,10,74,109,97,17,96,37.4
30000817,1,shortness of breath,7,97,138,86,18,93,36.7
30000818,3,knee pain,0,76,85,94,18,93,37.3
30000819,3,fall,4,81,150,78,13,97,37.9
30000820,4,chest pain,1,90,155,53,19,98,36.8
30000821,4,fever,7,102,126,64,21,98,36.3
30000822,3,headache,5,75,127,68,15,94,37.0
30000823,4,anxiety,7,87,137,69,13,97,37.2
30000824,3,abdominal pain,1,65,137,67,12,100,36.8
30000825,3,anxiety,6,86,103,77,17,100,35.9
30000826,5,fever,5,89,127,93,22,100,37.7
30000827,3,knee pain,3,74,155,65,10,100,37.0
30000828,3,headache,0,86,173,63,20,95,37.8
30000829,3,knee pain,0,78,118,108,16,99,36.6
30000830,4,back pain,7,87,111,102,20,100,37.0
30000831,3,fall,5,88,99,54,19,97,36.9
30000832,3,abdominal pain,6,116,116,83,23,100,35.5
30000833,2,shortness of breath,9,91,118,98,20,100,37.7
30000834,3,fever,0,109,117,75,19,92,38.5
30000835,4,shortness of breath,5,85,128,72,20,95,37.4
30000836,3,shortness of breath,6,91,115,77,21,98,37.8
30000837,3,anxiety,1,85,103,65,22,100,38.8
30000838,3,shortness of breath,5,98,143,80,20,91,37.7
30000839,2,back pain,9,121,139,63,25,98,36.7
30000840,2,back pain,10,123,124,106,19,95,37.5
30000841,3,abdominal pain,2,86,130,74,19,98,37.0
30000842,3,shortness of breath,4,87,154,84,15,96,37.5
30000843,3,back pain,5,95,116,87,20,99,36.0
30000844,4,fall,2,110,119,63,14,98,37.7
30000845,2,fever,10,84,117,46,12,99,37.1
30000846,3,laceration,1,116,103,76,11,92,37.8
30000847,1,anxiety,8,96,148,92,18,96,36.6
30000848,2,anxiety,6,74,123,86,21,100,37.7
30000849,3,knee pain,4,75,103,78,12,97,37.8
30000850,3,chest pain,0,61,110,102,20,93,37.3
30000851,2,chest pain,6,72,124,79,21,93,37.6
30000852,2,shortness of breath,8,76,129,71,20,100,37.0
30000853,2,fall,9,91,121,79,14,96,36.9
30000854,3,shortness of breath,1,82,124,74,18,95,37.9
30000855,5,shortness of breath,2,59,110,90,19,98,36.7
30000856,4,anxiety,2,80,130,94,21,96,37.9
30000857,2,back pain,9,82,152,74,21,99,36.9
30000858,3,fall,6,72,126,77,18,95,37.0
30000859,3,headache,1,89,126,70,15,93,36.9
30000860,2,abdominal pain,6,91,121,110,20,94,37.0
30000861,3,headache,2,89,143,79,22,95,36.7
30000862,4,fall,3,92,102,76,14,100,38.2
30000863,2,shortness of breath,8,60,94,84,20,94,37.7
30000864,4,abdominal pain,1,91,136,88,22,96,35.9
30000865,1,shortness of breath,10,78,118,67,19,98,37.3
30000866,5,fall,6,76,88,86,16,97,39.0
30000867,3,laceration,5,86,105,64,16,96,37.6
30000868,3,chest pain,2,106,108,84,17,95,37.3
30000869,3,chest pain,5,89,113,71,18,93,37.5
30000870,2,fever,8,92,108,88,15,97,37.8
30000871,4,knee pain,3,67,117,80,18,97,36.9
30000872,3,back pain,4,110,116,96,8,99,36.8
30000873,3,headache,0,83,118,79,18,99,36.6
30000874,3,knee pain,4,64,111,48,17,98,37.6
30000875,3,fever,4,89,91,69,18,100,37.4
30000876,3,fall,3,54,131,65,15,96,37.0
30000877,3,headache,1,91,168,99,17,95,37.2
30000878,3,chest pain,4,106,94,84,19,98,37.0
30000879,3,chest pain,3,93,147,75,18,94,36.5
30000880,3,laceration,5,52,159,85,19,99,37.3
30000881,3,shortness of breath,3,89,131,106,16,98,36.6
30000882,3,headache,6,99,126,83,22,98,37.6
30000883,3,shortness of breath,4,86,100,83,18,97,36.5
30000884,3,knee pain,4,71,120,69,24,93,37.4
30000885,4,fever,4,104,138,86,16,100,36.9
30000886,3,chest pain,6,101,117,98,19,93,36.4
30000887,4,laceration,2,65,108,75,16,100,37.9
30000888,3,fall,7,67,133,74,18,100,37.7
30000889,3,anxiety,5,82,87,62,12,98,36.7
30000890,3,fever,7,92,134,56,20,94,37.8
30000891,5,knee pain,0,62,125,77,19,97,36.4
30000892,3,laceration,2,78,131,91,18,95,36.7
30000893,3,anxiety,3,90,124,81,16,93,36.0
30000894,2,back pain,9,106,135,62,15,93,37.4
30000895,3,chest pain,0,96,128,84,20,96,37.2
30000896,3,chest pain,1,102,106,92,15,98,36.0
30000897,3,chest pain,3,102,113,72,11,99,37.2
30000898,2,anxiety,9,94,154,93,24,91,35.6
30000899,3,shortness of breath,6,72,101,59,20,99,37.9
30000900,3,fever,6,87,124,89,21,99,37.7
30000901,3,anxiety,7,92,117,65,18,94,36.4
30000902,1,laceration,8,79,126,97,16,95,37.5
30000903,3,fever,7,103,115,95,16,92,38.1
30000904,3,abdominal pain,6,101,136,89,15,95,37.8
30000905,3,knee pain,3,105,117,81,13,96,37.2
30000906,2,fever,7,85,126,65,19,97,40.0
30000907,2,chest pain,9,77,132,63,18,92,37.4
30000908,1,anxiety,10,72,132,72,19,95,37.6
30000909,3,knee pain,2,71,94,100,23,99,38.2
30000910,3,chest pain,2,98,112,85,16,98,36.8
30000911,3,chest pain,3,83,110,85,18,100,37.8
30000912,3,knee pain,4,86,139,60,15,98,37.5
30000913,4,fever,0,71,149,64,11,97,36.4
30000914,3,back pain,5,80,123,72,16,100,36.3
30000915,3,abdominal pain,3,88,133,82,19,98,38.7
30000916,3,laceration,3,85,128,94,25,95,36.8
30000917,4,abdominal pain,6,85,135,92,22,94,35.8
30000918,4,abdominal pain,1,92,123,91,23,98,36.1
30000919,3,knee pain,2,53,138,74,10,100,37.6
30000920,4,abdominal pain,0,97,126,82,10,96,36.9
30000921,3,laceration,6,101,95,79,20,93,37.1
30000922,4,anxiety,0,92,100,64,19,94,36.4
30000923,4,fall,2,95,104,72,15,100,37.4
30000924,2,shortness of breath,6,103,112,94,10,100,37.3
30000925,4,shortness of breath,2,63,126,80,24,100,38.6
30000926,4,knee pain,3,93,153,80,20,96,39.1
30000927,3,anxiety,6,69,109,95,14,94,37.9
30000928,3,headache,1,99,147,108,18,95,35.7
30000929,3,knee pain,7,59,131,103,21,100,36.7
30000930,3,headache,4,90,138,57,17,90,37.0
30000931,3,back pain,7,91,170,77,20,94,36.9
30000932,5,fever,7,80,126,99,18,97,37.8
30000933,3,headache,1,98,114,80,19,100,36.7
30000934,3,headache,1,74,117,87,18,97,36.4
30000935,1,fall,8,64,136,91,21,100,36.9
30000936,4,chest pain,1,87,143,87,19,96,37.1
30000937,4,fall,7,72,119,83,20,96,35.9
30000938,2,knee pain,9,92,169,81,19,100,35.7
30000939,3,fever,4,85,127,78,26,98,38.1
30000940,3,fever,5,85,122,65,23,100,35.2
30000941,2,chest pain,7,65,121,67,24,99,37.3
30000942,2,headache,8,88,112,63,15,99,37.0
30000943,2,fall,6,66,77,54,23,100,37.3
30000944,3,abdominal pain,4,92,103,83,20,100,36.8
30000945,3,headache,0,91,145,62,17,99,37.3
30000946,1,fall,6,69,118,82,23,92,36.2
30000947,4,anxiety,6,98,111,65,27,98,37.2
30000948,3,fall,7,69,139,67,16,96,37.0
30000949,2,fall,8,83,128,78,17,98,37.2
30000950,1,laceration,6,67,125,91,18,94,37.2
30000951,3,chest pain,3,76,106,69,21,92,35.8
30000952,3,headache,6,96,158,82,11,100,36.3
30000953,3,shortness of breath,1,82,129,72,23,93,37.8
30000954,3,laceration,4,73,104,78,14,98,37.6
30000955,3,back pain,4,84,93,50,20,97,38.3
30000956,4,headache,7,115,165,88,23,99,36.6
30000957,3,fall,7,75,184,82,17,97,35.9
30000958,1,fall,7,91,130,51,16,100,37.8
30000959,1,headache,9,111,124,80,22,100,37.2
30000960,4,anxiety,6,66,122,91,20,97,37.9
30000961,3,headache,4,69,144,64,17,99,38.6
30000962,2,chest pain,10,59,108,85,19,100,36.7
30000963,3,shortness of breath,4,90,121,55,18,92,36.0
30000964,3,fall,1,88,136,68,18,96,37.8
30000965,5,laceration,4,86,132,98,24,94,39.0
30000966,3,shortness of breath,0,68,142,92,23,91,38.4
30000967,4,fall,3,63,136,78,21,95,36.2
30000968,3,abdominal pain,0,85,153,65,11,98,37.4
30000969,5,abdominal pain,0,92,103,83,17,94,36.9
30000970,3,headache,3,82,159,80,17,100,37.0
30000971,3,fall,7,113,121,56,15,92,37.0
30000972,3,headache,7,74,112,76,19,97,38.9
30000973,3,anxiety,2,86,114,87,17,100,36.8
30000974,3,fever,5,77,134,110,19,98,36.4
30000975,3,fall,5,97,95,73,18,98,37.5
30000976,3,back pain,0,94,108,67,18,98,35.7
30000977,3,knee pain,6,101,156,83,14,96,36.7
30000978,3,fever,7,96,147,88,21,93,37.0
30000979,2,knee pain,8,82,49,62,11,100,37.5
30000980,1,chest pain,8,98,113,61,14,96,37.9
30000981,4,abdominal pain,6,95,121,83,22,96,37.2
30000982,3,fever,5,98,93,100,19,97,37.5
30000983,4,fever,0,56,107,78,23,100,36.6
30000984,3,shortness of breath,7,117,93,70,20,100,36.8
30000985,3,back pain,5,123,91,69,14,96,36.2
30000986,1,anxiety,9,45,131,64,21,100,36.4
30000987,3,anxiety,6,75,130,97,14,93,36.6
30000988,2,abdominal pain,10,76,142,94,23,95,37.1
30000989,3,abdominal pain,4,71,118,68,22,89,36.2
30000990,5,fever,4,78,109,98,16,100,35.5
30000991,3,shortness of breath,3,94,98,99,18,100,37.4
30000992,2,anxiety,8,86,96,66,16,95,36.9
30000993,4,knee pain,5,116,126,77,22,100,36.0
30000994,4,fall,0,83,154,86,18,100,37.4
30000995,3,abdominal pain,0,93,143,80,12,99,37.0
30000996,3,fever,5,80,118,88,18,93,37.6
30000997,3,chest pain,0,98,118,41,21,92,36.9
30000998,3,abdominal pain,0,88,178,55,20,100,37.1
30000999,4,shortness of breath,5,78,99,102,17,97,37.6
30001000,4,chest pain,3,102,106,103,18,96,37.6
30001001,3,anxiety,4,58,92,62,17,92,36.5
30001002,3,knee pain,4,80,135,75,14,98,37.1
30001003,4,laceration,6,79,109,74,15,100,37.3
30001004,3,laceration,2,64,130,77,26,95,36.5
30001005,1,fall,8,76,125,83,19,93,37.3
30001006,2,back pain,10,94,121,94,15,96,36.9
30001007,3,headache,2,94,153,93,19,96,36.9
30001008,4,shortness of breath,1,61,119,94,28,94,36.4
30001009,3,fall,3,90,132,88,20,100,37.5
30001010,3,fever,3,79,79,82,13,97,36.0
30001011,4,anxiety,5,71,148,92,15,100,36.7
30001012,3,abdominal pain,5,83,141,88,26,100,37.2
30001013,4,back pain,4,69,137,71,23,100,35.8
30001014,3,fever,4,76,100,78,20,94,37.7
30001015,5,headache,5,76,155,109,14,99,37.3
30001016,5,anxiety,5,106,124,66,18,100,37.1
30001017,1,knee pain,7,50,92,78,16,98,37.8
30001018,3,fall,1,87,141,106,15,95,36.4
30001019,4,chest pain,3,83,149,74,13,97,35.7
30001020,3,chest pain,7,94,100,72,19,96,35.7
30001021,3,abdominal pain,4,76,133,71,6,97,36.9
30001022,3,knee pain,7,109,113,77,20,99,37.4
30001023,3,fever,4,94,138,51,20,96,36.1
30001024,3,chest pain,5,76,115,87,20,96,37.5
30001025,4,fall,4,65,157,68,18,96,37.6
30001026,3,fever,2,89,118,59,25,99,37.6
30001027,3,shortness of breath,1,84,125,88,15,96,36.5
30001028,3,abdominal pain,5,87,96,66,18,100,38.6
30001029,3,abdominal pain,4,72,157,87,15,94,35.6
30001030,3,shortness of breath,7,67,94,102,24,98,36.3
30001031,4,shortness of breath,6,57,109,85,9,92,36.8
30001032,3,laceration,7,79,131,89,11,98,36.8
30001033,3,abdominal pain,2,67,132,82,14,97,37.4
30001034,4,knee pain,7,69,147,90,22,100,36.3
30001035,1,chest pain,8,74,127,100,18,92,37.8
30001036,2,laceration,7,81,75,95,11,94,38.0
30001037,4,headache,7,98,131,80,15,96,37.0
30001038,4,abdominal pain,1,100,143,94,17,96,36.3
30001039,3,headache,2,105,153,82,21,95,35.8
30001040,3,fall,7,131,134,53,23,100,36.9
30001041,3,back pain,6,88,107,48,20,90,37.1
30001042,3,chest pain,7,68,122,75,15,100,37.7
30001043,2,back pain,7,103,102,106,23,95,37.9
30001044,1,anxiety,7,82,148,88,23,97,36.6
30001045,3,fall,1,68,108,92,21,100,36.4
30001046,4,shortness of breath,6,59,140,80,19,99,37.1
30001047,5,anxiety,3,82,147,91,14,97,36.6
30001048,2,chest pain,8,63,139,101,26,95,36.6
30001049,3,fever,6,96,137,59,18,99,35.9
30001050,3,fever,5,100,141,69,12,97,35.5
30001051,4,abdominal pain,3,71,122,97,12,97,37.3
30001052,2,shortness of breath,6,94,128,89,23,100,38.4
30001053,4,abdominal pain,7,82,111,100,18,100,38.0
30001054,3,chest pain,2,72,144,96,23,100,35.5
30001055,3,fever,5,91,119,74,25,99,36.7
30001056,4,fall,3,90,146,62,19,100,36.6
30001057,3,abdominal pain,3,81,135,92,19,96,38.9
30001058,2,fall,10,33,88,83,18,93,38.7
30001059,4,fall,2,71,134,98,22,94,36.3
30001060,4,knee pain,2,100,139,98,19,96,38.1
30001061,1,shortness of breath,9,82,152,72,16,90,37.3
30001062,2,knee pain,7,77,96,72,18,100,38.2
30001063,2,fall,7,114,131,80,15,97,36.3
30001064,4,laceration,6,77,81,63,17,100,36.7
30001065,3,anxiety,1,92,144,81,12,99,37.0
30001066,3,fever,5,92,71,75,18,97,36.9
30001067,4,shortness of breath,1,115,135,78,22,100,35.1
30001068,5,fall,7,62,125,87,17,99,37.0
30001069,3,laceration,6,77,132,91,17,99,35.2
30001070,2,knee pain,6,94,115,77,12,100,36.7
30001071,3,headache,3,115,102,61,21,99,37.1
30001072,3,anxiety,3,75,130,94,21,96,36.9
30001073,3,laceration,1,107,100,83,19,96,36.1
30001074,1,fall,8,99,100,79,19,99,37.3
30001075,2,laceration,6,85,92,64,21,96,37.9
30001076,2,knee pain,7,62,109,102,19,98,38.1
30001077,3,fall,7,72,140,98,17,97,37.3
30001078,3,fever,2,59,102,75,16,100,37.3
30001079,4,back pain,0,65,122,89,25,98,36.1
30001080,3,laceration,4,124,143,98,22,96,39.2
30001081,1,fever,7,91,135,80,17,95,38.3
30001082,3,back pain,1,99,127,109,18,99,37.3
30001083,3,fall,3,75,107,84,8,97,37.7
30001084,3,back pain,0,83,122,93,26,97,36.5
30001085,3,knee pain,0,46,142,79,17,96,37.0
30001086,3,abdominal pain,1,90,137,72,20,97,35.4
30001087,3,abdominal pain,4,88,150,96,15,96,38.1
30001088,1,headache,7,74,130,79,18,94,37.1
30001089,4,knee pain,5,75,119,81,15,97,37.3
30001090,4,shortness of breath,6,81,78,81,19,98,37.8
30001091,3,fall,3,84,141,71,13,98,36.9
30001092,3,fever,0,94,107,82,23,100,38.3
30001093,3,laceration,7,77,95,45,22,100,37.6
30001094,3,headache,4,86,105,116,14,100,37.3
30001095,4,fall,1,67,127,53,16,95,36.4
30001096,3,fall,5,120,139,71,15,92,35.8
30001097,3,abdominal pain,7,79,113,69,22,98,36.8
30001098,4,fall,6,94,129,76,19,100,38.0
30001099,3,shortness of breath,6,94,130,72,19,100,36.3
30001100,2,fall,10,86,137,88,14,97,37.9
30001101,3,fever,1,85,160,96,13,93,35.4
30001102,3,anxiety,5,80,113,83,18,95,36.5
30001103,4,anxiety,1,94,139,55,18,100,36.4
30001104,3,laceration,0,79,159,99,10,92,37.0
30001105,3,back pain,7,94,150,86,22,100,36.8
30001106,4,headache,7,103,78,82,14,95,37.0
30001107,3,abdominal pain,5,72,112,81,16,91,37.5
30001108,4,back pain,6,90,106,95,19,96,35.9
30001109,3,chest pain,6,102,142,96,21,99,36.5
30001110,3,abdominal pain,5,96,88,67,21,93,36.9
30001111,3,shortness of breath,6,62,128,92,20,99,38.4
30001112,4,shortness of breath,4,99,134,69,17,92,38.0
30001113,2,chest pain,7,102,125,72,16,100,37.6
30001114,3,headache,2,91,131,64,21,98,37.6
30001115,4,shortness of breath,1,83,112,94,19,98,37.2
30001116,3,knee pain,3,99,125,96,18,93,38.2
30001117,2,shortness of breath,7,104,135,53,12,92,37.2
30001118,3,abdominal pain,3,85,102,105,16,99,37.4
30001119,4,shortness of breath,2,95,111,68,13,94,37.4
30001120,4,knee pain,1,76,92,84,15,93,36.7
30001121,3,laceration,1,73,145,83,14,96,38.0
30001122,3,fall,1,84,118,80,15,94,36.2
30001123,2,fall,8,94,171,111,8,97,37.9
30001124,3,chest pain,0,103,138,78,16,98,37.0
30001125,3,back pain,3,90,136,115,21,97,36.8
30001126,2,fall,9,74,149,78,17,91,36.7
30001127,5,headache,7,82,120,92,13,94,37.6
30001128,3,fall,0,85,142,71,15,98,36.1
30001129,2,abdominal pain,10,101,117,87,17,98,37.3
30001130,2,abdominal pain,6,97,119,44,24,95,37.5
30001131,4,headache,4,97,161,98,15,95,36.7
30001132,3,shortness of breath,2,102,109,45,19,92,36.6
30001133,4,chest pain,7,79,115,69,16,100,36.2
30001134,5,fever,0,94,154,77,18,98,36.2
30001135,3,back pain,7,84,140,63,20,96,36.7
30001136,3,fever,7,66,158,81,20,94,36.3
30001137,4,headache,2,102,144,78,24,100,36.6
30001138,4,headache,5,79,146,53,18,99,37.2
30001139,3,chest pain,3,97,169,99,19,94,37.3
30001140,2,anxiety,10,89,115,64,25,100,35.4
30001141,4,fever,3,91,138,86,17,95,38.0
30001142,3,shortness of breath,1,79,125,112,22,97,36.4
30001143,3,chest pain,4,68,151,101,19,99,36.6
30001144,3,knee pain,1,74,144,62,17,95,38.6
30001145,4,fever,7,103,108,86,15,100,36.8
30001146,3,fall,5,81,112,78,18,97,36.5
30001147,3,headache,5,82,145,104,12,100,37.3
30001148,3,headache,4,108,116,92,15,100,38.0
30001149,4,anxiety,4,105,125,92,19,96,37.2
30001150,2,anxiety,10,104,123,76,28,96,38.4
30001151,1,knee pain,6,74,92,103,15,96,38.0
30001152,3,anxiety,0,80,136,86,14,100,37.7
30001153,3,knee pain,6,48,118,81,10,98,36.2
30001154,3,anxiety,6,66,92,65,12,95,37.9
30001155,3,anxiety,5,94,123,94,17,95,38.2
30001156,2,fall,8,101,122,77,16,97,35.5
30001157,2,abdominal pain,9,78,93,78,21,93,36.3
30001158,2,headache,8,76,154,93,14,96,37.1
30001159,5,anxiety,3,92,101,102,11,95,37.4
30001160,3,laceration,1,90,105,68,21,100,36.7
30001161,2,knee pain,8,98,100,63,13,91,37.1
30001162,3,shortness of breath,5,96,120,93,24,100,36.7
30001163,3,shortness of breath,1,95,142,78,19,94,37.5
30001164,3,chest pain,0,55,147,93,20,94,38.0
30001165,3,laceration,1,97,114,90,17,96,38.7
30001166,4,anxiety,7,74,110,85,19,96,36.3
30001167,2,chest pain,6,101,133,51,18,97,35.5
30001168,3,fever,5,93,93,68,20,97,37.8
30001169,2,fever,10,51,125,59,14,96,36.1
30001170,3,knee pain,0,62,131,74,13,98,38.1
30001171,2,fever,7,80,117,86,20,98,36.9
30001172,2,headache,7,105,85,97,19,98,37.7
30001173,1,shortness of breath,8,100,130,100,22,100,36.9
30001174,3,knee pain,6,89,64,88,20,97,36.8
30001175,2,headache,8,112,138,73,11,100,36.9
30001176,3,chest pain,1,80,134,63,21,99,36.8
30001177,5,headache,0,97,124,95,24,95,36.2
30001178,4,fall,6,111,157,100,19,93,36.8
30001179,2,chest pain,7,89,146,93,14,100,36.0
30001180,4,knee pain,2,80,138,89,17,100,37.1
30001181,3,shortness of breath,3,87,110,72,25,98,36.1
30001182,3,anxiety,6,82,105,113,15,97,36.8
30001183,2,anxiety,8,89,131,71,14,95,38.2
30001184,3,back pain,1,59,151,85,19,98,34.9
30001185,4,knee pain,2,92,118,60,15,94,36.4
30001186,3,laceration,3,92,129,88,21,98,37.1
30001187,3,knee pain,6,65,116,52,15,91,36.6
30001188,3,laceration,7,94,111,95,20,98,37.3
30001189,3,headache,4,87,122,69,14,99,37.5
30001190,2,abdominal pain,9,101,119,117,18,100,37.5
30001191,3,fall,4,89,94,43,22,97,38.4
30001192,3,back pain,2,76,165,70,15,97,36.8
30001193,3,knee pain,5,51,138,89,15,100,37.4
30001194,5,headache,3,90,110,83,25,99,38.0
30001195,1,shortness of breath,8,83,107,81,19,99,36.6
30001196,3,abdominal pain,2,83,141,82,22,100,36.7
30001197,1,headache,10,91,111,84,23,95,37.4
30001198,4,chest pain,5,97,110,73,13,93,37.7
30001199,3,headache,0,56,120,98,17,100,35.5
30001200,2,laceration,10,93,149,87,22,96,36.9
30001201,3,anxiety,0,96,118,87,18,95,36.5
30001202,3,knee pain,6,65,134,93,23,90,36.5
30001203,2,shortness of breath,9,104,149,66,25,99,36.5
30001204,3,knee pain,4,70,112,66,20,97,38.4
30001205,3,chest pain,5,105,144,91,13,95,36.4
30001206,3,knee pain,6,102,159,72,15,91,38.4
30001207,1,back pain,10,73,96,91,15,96,38.5
30001208,3,laceration,6,84,129,80,19,99,37.3
30001209,5,fever,0,82,117,83,14,99,37.0
30001210,2,anxiety,10,93,121,81,24,100,37.0
30001211,3,headache,3,81,154,92,18,97,35.8
30001212,1,knee pain,9,98,140,86,12,98,37.2
30001213,4,fever,6,105,140,66,18,97,36.6
30001214,3,fever,5,62,117,77,12,100,37.2
30001215,4,abdominal pain,7,83,123,88,15,92,36.0
30001216,1,knee pain,10,81,97,89,18,93,37.2
30001217,3,fall,7,84,121,100,13,93,36.8
30001218,4,chest pain,2,69,110,80,18,87,36.5
30001219,4,chest pain,2,66,130,86,22,99,36.7
30001220,4,knee pain,0,81,93,76,26,95,36.3
30001221,3,fever,1,79,120,64,17,98,37.6
30001222,3,shortness of breath,1,87,120,69,8,93,36.1
30001223,3,chest pain,5,67,100,68,11,97,38.1
30001224,4,abdominal pain,6,70,120,77,17,92,35.9
30001225,3,knee pain,0,96,135,81,16,96,36.4
30001226,3,fever,5,78,97,76,16,100,37.9
30001227,4,headache,0,87,147,71,17,98,37.4
30001228,4,shortness of breath,5,79,139,82,16,96,36.3
30001229,4,back pain,4,81,133,77,24,96,36.0
30001230,3,laceration,7,86,121,88,15,100,36.5
30001231,3,headache,6,94,127,108,13,99,36.0
30001232,1,fever,8,106,108,66,20,98,36.3
30001233,2,chest pain,6,92,164,73,22,95,36.6
30001234,3,anxiety,0,69,116,94,15,98,35.2
30001235,4,laceration,3,83,97,61,20,98,37.2
30001236,3,fever,7,73,122,82,16,99,37.2
30001237,3,back pain,0,81,135,71,16,98,36.6
30001238,4,fall,2,59,133,53,19,100,36.9
30001239,2,back pain,9,86,103,83,19,100,36.6
30001240,2,abdominal pain,6,79,136,83,20,93,36.3
30001241,3,back pain,6,99,138,80,17,100,38.5
30001242,4,abdominal pain,6,73,132,75,20,98,38.5
30001243,3,knee pain,3,117,109,83,17,95,37.7
30001244,3,fall,3,88,138,100,13,100,35.3
30001245,2,shortness of breath,6,101,117,91,17,96,36.2
30001246,3,fever,5,85,123,86,18,97,38.0
30001247,3,abdominal pain,7,80,122,64,17,97,36.1
30001248,3,back pain,1,67,163,84,16,96,36.5
30001249,4,chest pain,7,101,143,111,15,95,36.1
30001250,3,fall,6,88,130,81,25,100,36.4
30001251,2,fever,9,68,132,110,15,99,36.9
30001252,3,shortness of breath,5,101,139,70,23,95,37.4
30001253,2,fever,10,53,153,112,16,93,36.6
30001254,4,headache,4,85,120,70,20,100,36.4
30001255,3,laceration,5,80,106,79,13,95,36.5
30001256,3,chest pain,1,114,123,87,19,97,36.2
30001257,2,back pain,10,107,99,96,20,93,36.3
30001258,4,laceration,3,76,94,68,19,100,37.4
30001259,5,fall,3,75,116,93,12,100,38.2
30001260,2,shortness of breath,8,79,129,66,23,91,36.3
30001261,4,abdominal pain,7,81,98,61,16,97,35.8
30001262,3,chest pain,6,87,131,48,20,96,36.9
30001263,3,fall,0,62,132,96,21,97,36.2
30001264,3,anxiety,6,96,158,76,23,98,37.7
30001265,4,fever,3,75,143,60,17,98,36.5
30001266,3,fall,1,96,124,105,22,99,37.2
30001267,3,shortness of breath,5,63,176,106,15,98,36.7
30001268,4,headache,0,72,110,42,14,98,37.3
30001269,3,fever,2,88,110,61,17,96,37.2
30001270,3,laceration,5,102,156,62,16,100,38.7
30001271,4,shortness of breath,4,64,96,94,20,96,37.0
30001272,3,shortness of breath,1,68,146,69,15,95,35.5
30001273,3,fall,7,79,127,70,17,100,37.4
30001274,2,chest pain,9,82,102,77,16,95,36.9
30001275,3,fall,7,65,109,59,22,95,36.7
30001276,3,back pain,1,85,110,98,16,98,37.4
30001277,3,laceration,4,84,116,74,19,94,37.2
30001278,3,shortness of breath,3,86,121,83,17,94,37.8
30001279,3,shortness of breath,2,65,125,94,18,94,37.2
30001280,3,knee pain,2,81,132,104,23,100,36.8
30001281,2,knee pain,7,82,123,110,17,97,36.8
30001282,3,fall,3,77,131,75,18,96,37.6
30001283,1,abdominal pain,8,78,106,75,16,100,36.7
30001284,3,laceration,7,75,109,92,22,100,35.0
30001285,5,laceration,5,102,112,67,27,96,37.1
30001286,4,shortness of breath,7,73,111,94,21,96,35.3
30001287,5,laceration,5,78,136,98,18,97,38.0
30001288,3,headache,5,77,143,88,26,98,36.7
30001289,2,knee pain,9,85,156,60,15,100,37.4
30001290,3,abdominal pain,1,95,121,99,12,93,37.1
30001291,3,abdominal pain,3,91,117,82,22,99,36.8
30001292,4,fall,6,94,129,91,14,95,37.8
30001293,1,shortness of breath,10,73,149,84,21,100,36.6
30001294,2,fever,9,71,115,75,23,93,37.0
30001295,3,fall,5,102,121,88,23,93,37.2
30001296,5,knee pain,5,67,137,61,15,92,37.3
30001297,4,knee pain,3,80,78,76,12,100,36.7
30001298,2,headache,9,97,138,73,18,97,38.3
30001299,3,knee pain,5,85,145,65,18,95,36.2
30001300,2,anxiety,7,72,114,79,20,97,37.9
30001301,3,fall,5,76,121,75,16,97,36.7
30001302,3,back pain,7,90,107,90,26,96,37.2
30001303,3,back pain,3,118,133,71,17,95,36.6
30001304,3,headache,7,96,94,104,20,97,37.4
30001305,5,knee pain,5,95,98,81,14,95,36.7
30001306,3,shortness of breath,7,57,104,64,14,96,37.7
30001307,3,laceration,7,88,121,68,18,98,36.0
30001308,4,chest pain,3,85,99,55,20,95,37.3
30001309,5,abdominal pain,5,112,190,88,16,94,35.8
30001310,3,knee pain,7,81,152,49,14,96,36.5
30001311,3,abdominal pain,2,82,147,98,13,97,38.1
30001312,3,fall,2,102,131,85,13,95,36.7
30001313,3,chest pain,3,80,119,88,7,100,37.6
30001314,3,fall,3,82,129,44,22,99,37.6
30001315,4,anxiety,3,96,126,97,20,90,38.6
30001316,3,chest pain,7,82,147,90,19,96,37.6
30001317,4,chest pain,4,65,68,70,15,99,37.9
30001318,3,chest pain,7,107,139,69,24,98,37.0
30001319,3,shortness of breath,3,71,110,86,14,97,35.8
30001320,3,fever,1,60,121,66,26,100,38.0
30001321,3,fever,1,81,112,80,14,93,36.2
30001322,4,chest pain,5,62,112,116,13,93,37.5
30001323,2,anxiety,7,105,141,75,10,91,38.3
30001324,4,abdominal pain,3,86,127,100,19,100,37.1
30001325,3,laceration,3,119,105,61,22,95,37.2
30001326,3,knee pain,5,109,149,74,14,98,37.3
30001327,4,abdominal pain,5,79,70,77,18,97,37.1
30001328,2,chest pain,10,95,130,82,16,98,37.9
30001329,3,fever,1,83,105,102,13,96,35.5
30001330,2,chest pain,7,92,141,84,21,97,36.6
30001331,3,fever,6,75,171,84,18,100,37.4
30001332,3,anxiety,4,71,144,92,18,91,35.7
30001333,3,anxiety,1,89,115,88,13,95,37.7
30001334,4,back pain,4,90,112,97,17,93,37.1
30001335,3,laceration,4,50,134,91,14,100,35.8
30001336,2,fall,6,110,128,71,19,94,38.2
30001337,5,laceration,2,89,98,45,25,94,36.4
30001338,2,fever,9,62,80,93,18,92,37.5
30001339,3,anxiety,4,96,126,101,20,100,37.4
30001340,3,headache,4,80,124,92,15,99,36.9
30001341,4,back pain,5,108,113,78,19,92,37.4
30001342,2,fever,7,96,146,67,16,99,38.5
30001343,3,shortness of breath,5,93,94,93,24,97,39.4
30001344,4,fall,2,77,140,63,17,99,38.8
30001345,3,laceration,4,82,119,51,22,97,37.2
30001346,2,laceration,9,76,118,83,14,97,37.3
30001347,3,headache,6,78,117,38,22,96,36.4
30001348,1,fever,8,99,123,92,15,97,38.1
30001349,3,shortness of breath,5,82,136,89,21,95,36.2
30001350,3,fever,7,88,97,68,19,93,36.5
30001351,3,abdominal pain,2,49,129,70,14,97,36.8
30001352,4,knee pain,3,95,115,52,18,95,36.2
30001353,3,chest pain,7,88,111,69,21,95,38.8
30001354,3,back pain,0,70,98,65,17,95,36.8
30001355,2,fall,9,78,128,50,18,100,36.8
30001356,3,shortness of breath,4,113,111,72,22,97,38.0
30001357,3,knee pain,0,69,144,83,19,96,37.0
30001358,3,abdominal pain,7,95,100,88,16,92,36.2
30001359,2,laceration,10,89,112,63,16,97,36.7
30001360,4,chest pain,2,84,109,88,19,99,36.8
30001361,2,laceration,8,89,142,61,17,100,37.4
30001362,4,knee pain,4,67,108,93,9,100,37.8
30001363,4,anxiety,1,79,130,91,17,100,37.6
30001364,1,back pain,9,96,136,93,18,100,35.5
30001365,3,abdominal pain,7,106,112,90,18,100,37.5
30001366,3,laceration,7,77,95,66,22,95,36.9
30001367,3,knee pain,0,70,138,57,19,96,36.7
30001368,4,back pain,2,89,127,80,17,94,36.1
30001369,2,back pain,6,108,131,74,21,99,37.0
30001370,3,abdominal pain,5,72,77,117,18,94,37.4
30001371,2,chest pain,8,89,150,78,14,98,37.1
30001372,3,back pain,1,75,116,69,22,93,36.0
30001373,3,fall,1,84,128,83,23,99,37.2
30001374,4,knee pain,0,102,122,78,25,99,37.3
30001375,2,anxiety,7,105,105,79,21,100,37.5
30001376,3,anxiety,4,100,108,91,19,100,36.3
30001377,3,abdominal pain,5,84,142,68,25,94,35.4
30001378,2,shortness of breath,10,58,133,60,18,96,36.5
30001379,3,back pain,2,101,140,74,19,99,36.8
30001380,3,fall,1,91,124,78,11,100,37.6
30001381,3,knee pain,4,75,114,78,17,94,36.2
30001382,3,chest pain,7,87,106,101,20,95,36.0
30001383,3,headache,7,101,130,89,18,94,36.1
30001384,3,laceration,7,78,120,87,17,100,36.5
30001385,3,laceration,0,108,174,58,19,100,37.9
30001386,2,fever,10,80,145,69,14,100,37.0
30001387,3,anxiety,1,71,124,78,25,99,37.8
30001388,3,headache,4,92,102,69,13,98,36.3
30001389,4,headache,5,104,118,66,16,93,39.2
30001390,3,back pain,0,84,149,42,15,95,36.8
30001391,4,headache,6,103,97,82,23,99,36.6
30001392,3,fever,1,74,94,79,16,90,38.8
30001393,2,back pain,8,92,152,98,19,100,35.4
30001394,3,back pain,3,88,151,56,25,100,36.9
30001395,3,fall,6,111,120,62,17,100,36.8
30001396,4,shortness of breath,3,74,137,57,15,95,36.5
30001397,3,abdominal pain,2,99,127,81,16,100,35.4
30001398,3,laceration,7,86,158,62,22,100,37.4
30001399,3,laceration,3,83,120,69,13,90,36.5
30001400,3,headache,0,109,106,89,21,94,36.4
30001401,4,headache,7,87,157,74,16,100,37.5
30001402,5,shortness of breath,0,93,86,84,13,97,36.6
30001403,3,anxiety,4,60,110,93,12,94,36.6
30001404,4,fall,3,98,124,101,16,95,37.2
30001405,3,knee pain,7,49,162,88,26,98,37.1
30001406,2,headache,7,109,136,75,25,100,37.8
30001407,3,fall,2,57,125,90,15,94,38.3
30001408,3,knee pain,2,96,139,82,18,98,36.8
30001409,3,shortness of breath,0,110,111,69,17,97,36.3
30001410,3,knee pain,2,79,123,79,27,96,36.9
30001411,3,back pain,4,72,94,58,20,99,36.0
30001412,4,fever,1,95,124,84,23,98,36.2
30001413,3,chest pain,6,123,128,77,15,98,36.8
30001414,3,fall,4,119,124,88,24,96,39.1
30001415,2,shortness of breath,8,82,127,85,23,99,37.5
30001416,2,abdominal pain,9,91,124,54,17,100,36.2
30001417,4,fever,4,84,109,66,22,100,35.8
30001418,3,shortness of breath,5,80,138,78,19,95,38.1
30001419,4,laceration,7,68,130,98,22,97,36.9
30001420,3,abdominal pain,5,69,123,84,17,94,36.5
30001421,3,chest pain,7,78,132,58,22,97,37.6
30001422,3,back pain,6,106,85,77,13,98,37.5
30001423,3,shortness of breath,7,72,130,104,20,98,37.5
30001424,3,fall,5,72,98,82,17,96,35.9
30001425,5,fall,7,91,146,53,14,98,36.3
30001426,4,chest pain,6,71,138,79,19,95,36.1
30001427,4,knee pain,5,127,159,85,13,98,35.5
30001428,2,laceration,10,76,128,78,14,100,37.3
30001429,3,shortness of breath,1,69,102,74,17,96,37.6
30001430,3,headache,2,77,90,58,15,95,38.7
30001431,3,fever,5,106,111,70,22,94,37.6
30001432,4,fall,0,75,171,64,23,92,35.8
30001433,3,anxiety,2,81,124,77,22,100,36.2
30001434,3,back pain,6,55,127,83,13,99,38.1
30001435,3,anxiety,7,86,138,94,20,99,36.6
30001436,3,headache,5,84,144,81,21,98,36.8
30001437,3,headache,1,114,131,65,19,100,37.5
30001438,3,headache,2,68,133,100,19,100,36.7
30001439,1,back pain,10,132,99,118,12,94,37.2
30001440,2,fever,8,94,108,95,17,96,36.6
30001441,3,laceration,3,86,139,78,23,96,37.2
30001442,2,knee pain,9,70,131,89,24,97,36.5
30001443,5,knee pain,1,76,117,74,13,96,38.0
30001444,3,fall,6,42,108,66,17,99,36.5
30001445,3,fever,0,81,145,63,21,94,36.7
30001446,1,chest pain,6,80,112,81,14,98,37.7
30001447,4,fall,0,87,122,99,18,95,38.4
30001448,3,back pain,7,93,117,91,16,100,38.7
30001449,3,back pain,4,96,124,87,23,97,37.7
30001450,3,anxiety,3,66,118,84,25,93,36.2
30001451,3,knee pain,1,80,133,91,13,100,37.3
30001452,3,laceration,1,85,162,77,22,100,36.4
30001453,3,anxiety,5,86,148,58,25,100,37.5
30001454,2,shortness of breath,8,72,154,83,21,100,36.8
30001455,3,fall,5,92,106,79,19,96,37.7
30001456,3,chest pain,7,96,118,95,15,97,38.2
30001457,3,shortness of breath,5,77,92,100,28,100,37.1
30001458,2,shortness of breath,8,98,130,62,17,98,38.2
30001459,4,laceration,7,104,157,80,13,96,38.0
30001460,3,abdominal pain,0,94,91,77,19,93,37.7
30001461,3,chest pain,5,84,131,106,11,93,36.7
30001462,2,abdominal pain,6,83,136,75,24,95,37.0
30001463,3,laceration,3,98,110,105,20,99,36.3
30001464,4,abdominal pain,2,88,147,84,13,92,37.0
30001465,3,laceration,2,69,167,68,14,97,36.7
30001466,4,shortness of breath,3,93,112,73,20,100,37.0
30001467,2,chest pain,7,77,128,77,19,96,36.1
30001468,5,abdominal pain,6,98,134,75,26,100,37.2
30001469,3,shortness of breath,2,80,109,78,25,98,38.3
30001470,3,fall,3,96,126,85,13,92,36.9
30001471,3,chest pain,5,72,131,102,18,99,36.6
30001472,5,back pain,1,67,136,82,18,100,36.9
30001473,2,abdominal pain,10,104,138,105,14,98,36.6
30001474,3,fall,2,68,86,79,16,93,37.3
30001475,4,headache,7,108,75,59,16,96,35.8
30001476,2,headache,10,81,114,76,8,98,37.1
30001477,4,abdominal pain,3,111,142,83,14,99,35.9
30001478,4,abdominal pain,1,79,127,102,12,95,36.9
30001479,3,back pain,1,93,130,43,16,97,36.3
30001480,4,laceration,6,84,86,97,21,95,38.2
30001481,4,abdominal pain,0,91,108,88,22,95,37.2
30001482,3,back pain,4,95,136,77,19,99,36.6
30001483,3,shortness of breath,5,92,121,70,19,94,36.9
30001484,3,abdominal pain,3,95,135,99,17,96,38.0
30001485,4,abdominal pain,3,93,146,80,19,97,35.0
30001486,1,fever,7,73,149,95,17,98,36.7
30001487,5,abdominal pain,5,96,113,90,18,97,36.2
30001488,3,fall,0,85,116,91,21,97,35.5
30001489,5,headache,7,88,150,69,19,99,38.1
30001490,3,headache,3,88,120,55,17,96,35.4
30001491,5,shortness of breath,3,81,134,58,21,100,37.7
30001492,4,fever,2,69,130,92,15,100,39.3
30001493,3,chest pain,3,104,113,73,10,100,37.4
30001494,3,headache,6,64,105,84,21,96,36.5
30001495,2,shortness of breath,7,70,124,64,15,96,37.5
30001496,4,headache,2,60,106,77,24,99,37.2
30001497,4,laceration,0,100,122,82,17,100,38.5
30001498,4,abdominal pain,4,83,121,89,23,97,36.6
30001499,3,abdominal pain,2,93,118,62,25,98,38.1
30001500,3,anxiety,0,90,106,85,27,96,36.9
30001501,2,laceration,8,98,108,49,19,100,35.8
30001502,2,back pain,7,69,126,78,15,98,37.0
30001503,3,back pain,6,65,84,77,14,96,37.0
30001504,2,anxiety,6,102,113,75,21,97,37.5
30001505,4,back pain,3,114,160,98,24,95,36.7
30001506,5,fall,4,78,141,98,15,98,36.0
30001507,3,anxiety,1,72,145,88,15,96,38.4
30001508,2,back pain,8,82,101,102,21,93,36.2
30001509,3,chest pain,5,69,165,100,17,99,35.3
30001510,2,fall,9,103,116,75,17,96,36.5
30001511,3,chest pain,4,67,115,100,14,100,36.4
30001512,1,headache,9,107,119,73,26,100,35.9
30001513,3,shortness of breath,4,74,134,72,19,100,37.4
30001514,4,fall,2,66,103,44,18,98,37.2
30001515,3,fall,0,51,127,64,18,95,37.6
30001516,3,back pain,4,69,84,93,24,99,36.9
30001517,2,knee pain,7,89,132,68,20,95,37.6
30001518,2,fever,9,70,128,89,10,97,37.3
30001519,5,fever,1,93,125,76,18,95,36.3
30001520,3,fever,7,92,123,83,18,96,36.9
30001521,3,chest pain,4,69,120,92,13,99,37.0
30001522,5,abdominal pain,2,120,137,74,18,97,36.8
30001523,2,laceration,8,77,133,108,13,97,35.9
30001524,3,laceration,3,104,114,88,16,100,37.6
30001525,1,fever,10,33,119,67,19,99,38.3
30001526,4,back pain,2,93,120,97,16,95,37.0
30001527,3,chest pain,4,78,134,68,9,99,36.4
30001528,3,headache,2,76,90,80,20,94,36.9
30001529,3,fall,5,86,156,71,11,97,36.1
30001530,2,anxiety,9,91,101,80,13,99,37.0
30001531,3,chest pain,4,82,104,110,20,96,36.8
30001532,2,abdominal pain,7,93,126,86,21,100,37.3
30001533,3,chest pain,0,83,88,78,19,92,36.8
30001534,1,back pain,7,110,125,85,18,100,36.7
30001535,3,headache,2,83,134,101,26,95,36.5
30001536,4,chest pain,4,76,162,59,23,99,38.4
30001537,4,back pain,6,109,131,80,15,100,35.8
30001538,3,knee pain,5,62,126,82,17,100,37.2
30001539,4,shortness of breath,5,61,97,49,11,96,36.9
30001540,2,fever,9,76,104,79,12,98,38.8
30001541,2,anxiety,6,73,159,58,20,93,35.8
30001542,4,back pain,7,71,137,91,23,91,36.9
30001543,4,fever,1,73,134,93,20,97,37.0
30001544,3,laceration,4,86,122,88,24,96,36.3
30001545,1,knee pain,7,98,105,73,13,100,37.9
30001546,3,shortness of breath,7,71,134,52,13,99,37.3
30001547,3,knee pain,0,94,137,32,24,93,38.2
30001548,3,abdominal pain,7,97,149,61,18,97,36.8
30001549,3,anxiety,6,74,158,79,19,94,35.3
30001550,3,back pain,0,100,129,83,18,90,37.1
30001551,4,shortness of breath,6,88,98,67,18,99,35.9
30001552,3,knee pain,1,103,102,47,22,98,35.7
30001553,2,headache,7,72,88,72,17,99,35.8
30001554,3,back pain,2,73,110,92,13,100,37.7
30001555,3,knee pain,7,92,131,99,13,100,36.1
30001556,2,abdominal pain,6,94,165,108,23,97,37.1
30001557,3,anxiety,3,78,108,58,15,97,38.1
30001558,2,fever,6,109,137,44,23,99,35.3
30001559,4,headache,5,95,151,80,17,93,36.8
30001560,2,shortness of breath,7,78,111,77,14,100,36.1
30001561,4,fall,7,95,150,70,14,94,36.3
30001562,3,shortness of breath,4,88,111,41,16,94,36.7
30001563,2,back pain,6,80,152,95,14,99,36.2
30001564,1,fever,10,61,124,62,22,100,36.4
30001565,1,anxiety,9,90,142,80,25,93,38.1
30001566,3,chest pain,7,106,137,81,26,95,37.0
30001567,5,laceration,3,90,117,79,12,95,37.0
30001568,4,headache,6,85,114,89,16,93,38.5
30001569,3,headache,6,103,161,100,25,91,36.5
30001570,2,knee pain,10,107,162,95,11,94,36.9
30001571,5,back pain,0,90,139,83,18,94,35.8
30001572,3,headache,2,78,138,103,19,97,36.1
30001573,2,anxiety,10,82,152,96,25,93,37.1
30001574,2,headache,9,77,102,93,18,95,36.8
30001575,3,shortness of breath,3,87,145,65,18,98,37.2
30001576,3,shortness of breath,7,83,142,92,14,99,38.0
30001577,1,back pain,8,71,131,54,25,100,37.4
30001578,4,fever,7,94,127,56,11,90,36.0
30001579,3,knee pain,6,105,142,88,15,96,38.6
30001580,3,fall,4,92,154,58,20,95,38.3
30001581,3,fall,0,79,145,97,18,100,37.4
30001582,2,knee pain,9,86,117,78,15,98,37.9
30001583,4,abdominal pain,7,89,103,77,15,97,37.6
30001584,2,knee pain,10,57,124,84,19,100,37.6
30001585,3,anxiety,3,88,129,80,22,93,38.2
30001586,2,knee pain,6,116,149,78,17,91,36.6
30001587,2,anxiety,8,80,149,97,16,95,36.9
30001588,3,abdominal pain,2,91,94,64,21,96,36.4
30001589,1,chest pain,10,76,131,82,15,100,37.3
30001590,3,headache,3,103,100,102,23,100,37.2
30001591,3,knee pain,5,98,115,87,19,99,37.7
30001592,2,chest pain,8,88,147,50,20,99,38.6
30001593,4,fall,7,82,130,59,16,99,36.6
30001594,3,chest pain,7,82,126,72,21,95,37.2
30001595,4,fall,5,78,140,95,14,98,38.3
30001596,2,headache,10,73,131,85,21,98,39.0
30001597,3,fever,5,97,115,106,13,98,37.5
30001598,3,back pain,7,77,102,66,24,90,36.8
30001599,2,knee pain,9,72,87,77,18,98,37.3
30001600,4,laceration,3,92,135,62,12,94,34.3
30001601,4,back pain,4,80,137,75,11,99,36.8
30001602,3,abdominal pain,3,79,139,64,21,98,37.1
30001603,2,anxiety,10,94,136,70,20,100,36.1
30001604,3,anxiety,0,82,140,87,24,95,35.6
30001605,3,laceration,2,89,116,98,24,92,37.6
30001606,3,anxiety,4,75,83,68,10,100,36.6
30001607,3,fall,4,102,115,86,17,98,37.0
30001608,3,knee pain,0,106,120,85,14,95,36.9
30001609,3,chest pain,4,64,122,82,24,94,37.1
30001610,3,abdominal pain,6,80,108,83,23,100,36.5
30001611,4,knee pain,5,81,97,63,10,94,37.3
30001612,2,chest pain,6,93,160,81,13,96,36.5
30001613,4,chest pain,4,49,131,63,14,99,36.7
30001614,3,fall,6,69,102,65,16,90,37.0
30001615,1,back pain,10,67,121,86,24,100,35.7
30001616,3,shortness of breath,2,68,125,88,18,100,37.2
30001617,2,chest pain,9,67,114,87,12,98,37.1
30001618,3,fall,5,85,124,63,20,98,36.4
30001619,3,anxiety,5,86,99,80,26,100,37.3
30001620,2,fall,7,58,112,91,18,96,37.9
30001621,2,chest pain,6,90,126,94,19,94,37.0
30001622,3,chest pain,4,83,139,102,16,92,38.2
30001623,3,abdominal pain,4,79,75,87,22,97,37.0
30001624,5,abdominal pain,7,78,147,74,19,96,37.5
30001625,4,fever,0,85,143,89,23,100,36.2
30001626,4,knee pain,6,79,152,73,18,96,38.4
30001627,3,knee pain,5,76,122,63,15,97,37.3
30001628,4,anxiety,6,112,101,82,19,100,37.2
30001629,4,fall,4,74,145,55,14,95,36.9
30001630,2,abdominal pain,7,67,124,81,21,97,37.6
30001631,4,fall,0,72,125,82,14,95,38.3
30001632,3,abdominal pain,5,70,117,67,21,91,35.3
30001633,1,chest pain,7,92,158,65,13,98,36.4
30001634,3,headache,7,92,133,70,24,97,36.4
30001635,2,anxiety,10,112,127,94,19,98,35.7
30001636,4,laceration,1,110,86,87,12,99,36.8
30001637,2,anxiety,8,88,156,95,14,92,36.6
30001638,4,abdominal pain,4,83,120,94,25,95,36.4
30001639,3,anxiety,1,54,181,85,27,92,36.2
30001640,3,abdominal pain,3,79,145,107,12,93,38.2
30001641,3,fever,0,103,132,77,19,99,35.6
30001642,2,fall,9,98,138,79,12,95,36.4
30001643,2,back pain,6,75,143,77,9,96,36.5
30001644,3,abdominal pain,0,85,135,72,16,99,37.7
30001645,1,shortness of breath,8,91,119,83,10,100,36.4
30001646,3,abdominal pain,5,103,144,82,20,99,36.0
30001647,3,abdominal pain,1,96,118,73,19,100,37.3
30001648,2,anxiety,7,57,135,90,12,100,36.5
30001649,1,headache,8,106,129,96,14,97,37.6
30001650,1,shortness of breath,10,69,108,79,17,96,37.5
30001651,2,laceration,9,101,94,69,21,100,37.3
30001652,1,anxiety,6,110,146,83,18,96,37.3
30001653,3,chest pain,1,88,130,73,13,100,37.6
30001654,4,shortness of breath,0,108,92,93,19,100,37.2
30001655,2,laceration,7,83,142,71,21,98,36.4
30001656,5,headache,2,95,132,87,23,98,37.1
30001657,2,fever,7,81,136,87,21,95,37.4
30001658,3,laceration,0,91,106,82,12,97,36.5
30001659,3,fever,3,87,128,96,11,92,36.4
30001660,4,back pain,0,98,146,69,20,94,37.6
30001661,2,back pain,6,62,150,94,17,95,35.2
30001662,4,fall,2,76,107,66,12,99,37.4
30001663,3,fall,7,70,136,78,18,98,36.6
30001664,4,anxiety,0,111,141,78,17,95,36.4
30001665,2,fever,6,87,78,97,5,97,37.4
30001666,4,fever,3,94,148,89,23,100,35.8
30001667,5,laceration,4,98,123,70,16,97,37.7
30001668,3,knee pain,7,93,141,87,9,98,36.8
30001669,3,knee pain,6,117,114,96,11,95,39.4
30001670,3,knee pain,0,96,172,54,19,98,37.2
30001671,3,chest pain,4,71,116,76,26,100,36.0
30001672,3,fall,0,80,164,61,21,94,37.9
30001673,4,headache,6,81,154,68,17,93,36.7
30001674,2,laceration,8,110,153,98,22,97,35.8
30001675,3,anxiety,4,81,197,77,22,98,36.3
30001676,4,shortness of breath,1,102,158,91,18,93,38.6
30001677,3,abdominal pain,6,98,128,112,20,96,38.7
30001678,3,back pain,6,82,119,91,20,99,36.2
30001679,3,back pain,4,95,154,95,18,99,37.4
30001680,3,abdominal pain,7,51,109,48,17,97,38.3
30001681,3,chest pain,1,86,82,84,20,100,35.9
30001682,2,fall,8,69,140,98,19,98,37.1
30001683,3,knee pain,3,87,150,90,15,100,37.6
30001684,3,anxiety,3,87,136,86,15,100,37.7
30001685,3,fever,0,87,127,82,21,97,37.8
30001686,2,fever,8,68,99,81,21,99,35.6
30001687,1,headache,9,53,124,105,21,95,36.9
30001688,5,shortness of breath,2,71,157,86,13,100,38.2
30001689,4,back pain,6,86,143,65,16,96,35.9
30001690,3,fall,6,93,139,88,16,100,37.2
30001691,4,fall,6,95,133,79,19,99,36.8
30001692,1,chest pain,7,91,156,96,13,100,36.4
30001693,5,back pain,2,105,122,89,13,91,38.2
30001694,2,chest pain,7,67,119,82,23,100,36.9
30001695,4,abdominal pain,5,98,114,88,22,99,36.1
30001696,3,abdominal pain,5,68,123,86,17,99,36.8
30001697,4,shortness of breath,6,82,110,94,20,96,37.4
30001698,3,fall,6,93,110,46,14,99,36.9
30001699,4,abdominal pain,7,81,147,84,19,93,37.7
30001700,3,fever,5,87,127,72,8,100,37.5
30001701,3,abdominal pain,7,82,110,68,14,100,36.3
30001702,4,chest pain,4,98,119,81,17,100,36.8
30001703,4,abdominal pain,4,73,128,77,16,94,36.7
30001704,2,chest pain,10,108,145,71,19,92,38.0
30001705,4,abdominal pain,7,84,126,84,24,95,38.1
30001706,1,back pain,9,88,106,100,20,98,36.9
30001707,3,shortness of breath,7,76,111,89,16,99,36.1
30001708,3,headache,3,97,137,111,24,95,38.2
30001709,3,anxiety,1,63,64,70,19,95,37.1
30001710,2,headache,9,112,86,69,14,100,36.4
30001711,3,anxiety,0,76,101,75,23,96,38.1
30001712,3,laceration,0,88,117,76,25,98,36.3
30001713,3,knee pain,0,67,172,70,17,100,35.6
30001714,3,back pain,7,53,110,73,15,99,37.8
30001715,3,knee pain,6,95,112,76,16,99,37.3
30001716,3,knee pain,0,105,107,85,19,100,36.2
30001717,3,back pain,7,55,137,68,16,95,37.9
30001718,4,back pain,2,79,137,90,13,95,36.3
30001719,2,back pain,7,76,145,82,19,96,35.8
30001720,2,fall,7,79,97,100,15,100,35.4
30001721,3,abdominal pain,6,91,106,78,20,96,37.1
30001722,2,fever,8,105,138,93,20,96,37.4
30001723,3,headache,6,99,105,88,10,92,37.1
30001724,3,shortness of breath,6,92,145,81,19,98,35.5
30001725,2,fever,7,94,142,62,22,96,37.0
30001726,4,laceration,5,88,114,81,8,99,37.0
30001727,3,fever,7,109,111,91,12,98,39.2
30001728,2,headache,9,93,149,67,20,97,34.9
30001729,2,headache,9,82,147,62,17,100,37.0
30001730,3,anxiety,1,98,166,82,24,100,37.6
30001731,3,laceration,2,86,97,60,16,98,37.6
30001732,1,chest pain,9,108,147,93,17,97,37.5
30001733,4,anxiety,1,62,134,91,17,95,38.3
30001734,2,back pain,7,99,131,119,17,95,36.3
30001735,3,anxiety,4,105,94,134,18,97,36.7
30001736,4,back pain,7,79,123,58,23,97,36.7
30001737,5,back pain,0,73,145,62,16,96,37.0
30001738,3,knee pain,4,100,137,103,13,98,37.6
30001739,3,chest pain,2,89,153,67,26,92,37.4
30001740,3,shortness of breath,0,59,168,65,9,97,36.7
30001741,4,knee pain,3,85,120,73,17,100,38.5
30001742,3,shortness of breath,6,57,152,83,10,98,36.5
30001743,2,knee pain,6,62,128,97,14,100,37.2
30001744,3,knee pain,2,55,152,87,22,100,37.8
30001745,5,anxiety,1,107,146,84,24,96,37.9
30001746,5,chest pain,1,110,121,102,28,98,37.8
30001747,3,shortness of breath,2,96,143,74,12,96,37.7
30001748,3,headache,2,86,110,100,22,98,37.4
30001749,3,shortness of breath,7,98,122,86,11,100,37.2
30001750,3,shortness of breath,4,94,141,74,16,91,38.1
30001751,5,anxiety,5,50,76,88,20,98,37.9
30001752,2,fall,8,77,134,111,17,98,36.8
30001753,4,fall,5,82,117,59,9,94,36.1
30001754,3,shortness of breath,5,98,137,43,24,99,37.8
30001755,2,back pain,8,114,118,54,19,97,37.2
30001756,3,headache,5,96,109,95,14,96,34.9
30001757,4,fall,1,111,117,97,19,97,36.1
30001758,3,back pain,7,104,105,51,15,94,35.6
30001759,3,chest pain,3,101,112,94,20,94,37.3
30001760,4,chest pain,5,64,118,91,16,95,35.7
30001761,2,anxiety,7,96,142,70,16,99,36.6
30001762,1,abdominal pain,9,94,121,81,25,89,36.4
30001763,4,chest pain,0,105,129,56,24,98,37.6
30001764,3,abdominal pain,4,73,104,72,17,98,36.3
30001765,3,headache,4,83,117,78,20,89,36.0
30001766,5,chest pain,4,83,146,76,9,96,36.3
30001767,3,anxiety,5,88,135,87,19,97,37.7
30001768,2,laceration,9,76,128,103,10,100,36.1
30001769,3,shortness of breath,6,62,66,108,18,100,37.3
30001770,4,anxiety,0,117,128,84,21,100,36.7
30001771,3,abdominal pain,4,92,113,71,23,99,37.3
30001772,4,shortness of breath,5,77,126,78,23,100,36.8
30001773,2,shortness of breath,9,87,130,64,16,96,37.7
30001774,2,fall,9,80,121,66,17,96,38.4
30001775,3,headache,4,97,147,53,18,97,37.4
30001776,4,knee pain,4,124,144,61,23,95,37.1
30001777,3,fall,0,108,160,60,16,93,37.8
30001778,4,back pain,7,101,134,64,17,99,37.2
30001779,2,knee pain,10,84,110,107,24,100,35.7
30001780,3,headache,5,98,130,76,21,96,37.3
30001781,3,laceration,2,74,172,88,9,94,36.3
30001782,3,abdominal pain,1,68,167,80,23,99,37.5
30001783,3,headache,3,90,160,86,16,96,36.2
30001784,3,back pain,5,80,155,56,22,100,36.8
30001785,3,laceration,0,90,105,84,18,93,36.1
30001786,4,anxiety,2,66,107,80,17,100,37.3
30001787,3,chest pain,7,82,120,71,22,94,37.2
30001788,4,chest pain,6,113,111,89,13,98,36.7
30001789,3,laceration,6,64,101,86,18,100,36.8
30001790,3,anxiety,4,101,118,71,16,99,36.4
30001791,1,abdominal pain,7,79,100,67,14,98,36.6
30001792,3,chest pain,6,74,133,51,17,94,36.4
30001793,3,knee pain,3,68,136,74,16,95,36.9
30001794,2,fall,7,56,135,74,15,94,36.8
30001795,3,knee pain,0,87,98,103,18,95,37.8
30001796,3,headache,2,94,133,78,17,99,36.8
30001797,4,knee pain,4,74,120,72,19,97,37.7
30001798,4,headache,2,76,133,72,19,97,36.7
30001799,3,headache,4,79,120,86,20,98,36.5
30001800,3,abdominal pain,3,73,145,66,19,96,37.2
30001801,3,knee pain,2,90,118,107,16,92,36.2
30001802,4,laceration,5,91,122,83,19,97,38.0
30001803,3,anxiety,2,76,119,64,17,95,37.2
30001804,3,fall,3,71,90,85,20,90,35.6
30001805,3,headache,1,60,156,71,21,95,36.0
30001806,3,knee pain,6,99,109,83,14,100,35.9
30001807,3,headache,0,61,125,58,16,92,36.4
30001808,5,chest pain,0,86,104,79,17,92,37.5
30001809,3,fever,0,77,127,57,20,98,37.0
30001810,2,fever,10,107,133,92,12,94,36.7
30001811,3,fever,5,92,142,80,21,100,35.5
30001812,4,fever,6,93,125,85,23,96,38.5
30001813,3,fever,6,93,122,73,15,99,37.1
30001814,2,abdominal pain,8,73,126,89,21,95,36.8
30001815,4,knee pain,3,93,125,88,21,100,35.9
30001816,4,anxiety,2,75,111,58,19,96,36.0
30001817,3,shortness of breath,0,84,128,69,18,91,37.2
30001818,4,back pain,2,75,148,64,15,96,36.4
30001819,1,shortness of breath,7,59,124,74,18,96,35.6
30001820,3,shortness of breath,2,79,125,44,16,92,36.1
30001821,4,chest pain,5,104,113,76,19,100,36.7
30001822,3,anxiety,2,84,136,81,10,97,37.6
30001823,3,laceration,3,78,136,88,14,100,37.2
30001824,3,fall,2,100,121,105,25,95,36.5
30001825,3,laceration,7,95,133,80,13,92,37.4
30001826,3,back pain,3,83,189,52,12,93,37.1
30001827,3,headache,2,83,86,93,20,96,37.6
30001828,3,shortness of breath,0,70,173,99,12,99,37.4
30001829,3,shortness of breath,4,85,123,104,17,96,35.5
30001830,3,shortness of breath,3,87,173,112,20,98,37.3
30001831,3,abdominal pain,7,77,126,63,19,100,37.9
30001832,3,back pain,5,98,128,90,16,93,37.1
30001833,4,fever,6,107,72,83,14,95,37.8
30001834,3,chest pain,3,95,124,79,22,93,37.6
30001835,1,chest pain,7,78,113,109,16,98,37.1
30001836,4,abdominal pain,0,72,145,66,21,100,37.0
30001837,1,laceration,7,89,120,94,21,99,37.0
30001838,3,anxiety,0,81,98,80,13,100,36.6
30001839,3,knee pain,7,66,128,87,11,90,36.7
30001840,4,anxiety,4,69,138,62,18,95,37.3
30001841,4,shortness of breath,3,85,128,96,17,98,36.1
30001842,4,back pain,2,73,152,95,21,97,36.8
30001843,3,anxiety,0,82,143,102,20,96,37.7
30001844,3,chest pain,1,67,142,73,19,96,36.6
30001845,3,shortness of breath,0,71,117,55,17,96,36.8
30001846,2,abdominal pain,8,108,150,84,16,92,37.3
30001847,4,abdominal pain,2,85,132,53,21,96,36.4
30001848,3,fever,6,64,138,68,21,100,37.8
30001849,3,laceration,5,87,143,75,18,100,37.6
30001850,3,fever,2,88,87,75,20,96,36.9
30001851,3,fever,2,75,117,77,19,100,36.9
30001852,3,shortness of breath,3,67,128,67,18,94,37.5
30001853,2,knee pain,6,86,101,87,15,97,37.9
30001854,3,headache,6,69,114,60,16,94,36.0
30001855,3,anxiety,2,72,133,49,20,94,37.5
30001856,4,anxiety,0,82,101,74,17,98,37.0
30001857,4,shortness of breath,6,89,105,76,19,100,38.0
30001858,2,shortness of breath,6,103,117,81,17,93,36.1
30001859,3,fall,5,69,124,79,15,100,36.6
30001860,3,abdominal pain,4,98,138,67,22,93,36.6
30001861,4,back pain,7,88,160,77,16,100,37.0
30001862,3,chest pain,5,77,112,91,19,95,36.4
30001863,2,fall,6,124,155,94,21,93,35.5
30001864,3,headache,1,103,88,92,15,98,36.8
30001865,2,anxiety,8,83,107,93,17,94,37.7
30001866,4,knee pain,3,106,105,86,25,100,36.8
30001867,3,fever,7,42,150,90,18,100,35.4
30001868,3,abdominal pain,2,65,116,76,19,97,37.3
30001869,4,abdominal pain,3,116,63,58,15,98,35.6
30001870,3,laceration,0,83,118,69,19,99,37.0
30001871,4,headache,4,79,149,76,16,97,36.2
30001872,3,fall,2,101,124,77,19,98,36.7
30001873,4,laceration,7,63,162,72,17,100,37.9
30001874,3,fall,5,92,125,88,18,94,37.5
30001875,4,headache,7,73,148,72,19,97,37.7
30001876,3,fall,3,62,145,93,15,94,38.2
30001877,3,fever,6,91,166,69,19,99,35.9
30001878,3,back pain,7,77,132,101,18,91,37.5
30001879,3,headache,6,66,107,72,23,94,37.0
30001880,4,headache,0,99,126,63,19,96,37.6
30001881,3,knee pain,6,75,135,103,20,100,36.0
30001882,2,anxiety,10,80,105,74,26,97,38.0
30001883,2,back pain,8,83,105,53,21,94,37.0
30001884,4,fever,0,80,124,83,8,98,37.2
30001885,4,headache,7,86,150,101,20,97,36.9
30001886,3,anxiety,6,82,112,90,22,98,37.4
30001887,4,knee pain,4,100,134,75,20,98,37.4
30001888,3,fall,7,71,90,83,22,93,37.8
30001889,4,back pain,6,96,108,68,17,95,36.5
30001890,3,back pain,2,102,135,100,24,100,36.9
30001891,3,abdominal pain,2,81,119,83,18,95,37.3
30001892,3,back pain,3,66,101,62,18,93,36.3
30001893,1,abdominal pain,9,85,154,68,10,100,36.9
30001894,5,shortness of breath,6,81,107,77,20,97,35.2
30001895,3,knee pain,4,80,128,72,21,94,37.0
30001896,2,knee pain,7,49,120,89,19,99,36.2
30001897,2,knee pain,8,76,143,66,14,100,37.6
30001898,3,abdominal pain,1,84,124,89,7,97,36.7
30001899,3,shortness of breath,6,53,132,71,21,94,38.2
30001900,4,chest pain,3,76,140,100,18,98,36.3
30001901,3,fall,5,89,140,114,17,100,37.6
30001902,1,chest pain,10,103,132,80,14,97,38.5
30001903,4,anxiety,7,112,128,100,21,96,36.6
30001904,4,abdominal pain,5,104,131,90,21,95,36.5
30001905,2,fall,8,76,122,77,19,94,38.4
30001906,2,chest pain,7,82,153,81,19,100,36.9
30001907,4,headache,1,62,144,95,19,93,36.8
30001908,3,back pain,7,84,150,79,21,95,37.0
30001909,4,anxiety,1,62,137,72,17,100,37.5
30001910,4,chest pain,7,98,144,51,17,95,38.8
30001911,3,abdominal pain,3,62,114,85,9,98,35.2
30001912,5,abdominal pain,0,98,122,82,20,95,36.0
30001913,3,laceration,4,84,107,73,13,99,36.1
30001914,3,headache,5,64,155,100,12,95,36.6
30001915,3,headache,0,105,135,79,23,97,36.6
30001916,2,fever,6,102,95,80,22,97,37.5
30001917,3,abdominal pain,3,96,163,99,16,96,37.1
30001918,3,shortness of breath,7,94,102,74,17,93,36.1
30001919,2,fall,8,86,163,75,9,99,37.9
30001920,3,back pain,2,70,173,69,21,98,37.8
30001921,3,headache,7,87,139,82,18,94,37.9
30001922,3,anxiety,2,76,98,88,21,100,37.0
30001923,3,shortness of breath,3,77,127,45,14,97,37.8
30001924,3,chest pain,5,104,168,71,15,100,37.6
30001925,3,shortness of breath,5,101,113,112,10,94,37.8
30001926,1,abdominal pain,10,96,141,72,15,93,37.3
30001927,2,laceration,9,87,135,88,17,98,36.9
30001928,3,back pain,3,98,123,101,28,96,38.3
30001929,3,shortness of breath,2,80,101,92,18,95,35.5
30001930,3,anxiety,0,69,109,80,19,99,36.3
30001931,3,headache,4,102,159,78,14,95,36.3
30001932,1,abdominal pain,6,97,140,109,15,97,36.9
30001933,4,anxiety,3,75,97,72,22,100,36.9
30001934,3,abdominal pain,4,117,119,81,21,95,36.9
30001935,3,back pain,2,79,106,69,28,100,36.8
30001936,2,knee pain,6,63,140,100,20,99,36.6
30001937,3,back pain,2,72,123,82,25,95,38.1
30001938,3,shortness of breath,1,77,166,84,18,92,36.5
30001939,3,laceration,3,88,114,86,16,96,36.3
30001940,5,chest pain,3,98,102,90,16,98,38.2
30001941,4,shortness of breath,6,68,107,72,18,92,36.4
30001942,5,headache,1,99,139,72,20,100,37.0
30001943,4,anxiety,7,109,120,57,20,95,36.1
30001944,4,fall,7,83,143,86,15,100,35.9
30001945,3,knee pain,6,67,125,64,16,93,35.7
30001946,3,chest pain,5,100,142,76,17,92,36.3
30001947,3,headache,3,96,68,65,19,98,38.0
30001948,3,fever,7,78,144,60,28,100,37.6
30001949,3,back pain,1,71,122,93,14,100,37.3
30001950,2,laceration,7,78,124,84,18,97,37.4
30001951,3,headache,3,76,135,100,16,96,36.2
30001952,3,chest pain,0,81,122,81,25,96,37.0
30001953,3,laceration,7,91,116,88,21,98,38.2
30001954,3,back pain,0,78,144,66,21,100,36.2
30001955,3,anxiety,4,73,124,75,15,100,36.9
30001956,3,abdominal pain,0,118,159,90,16,97,37.4
30001957,4,shortness of breath,4,89,117,91,24,95,37.0
30001958,3,shortness of breath,6,99,150,80,13,100,35.7
30001959,3,headache,7,89,120,93,14,94,36.5
30001960,3,fever,0,70,71,78,15,97,36.4
30001961,2,laceration,9,86,125,71,16,99,36.1
30001962,3,abdominal pain,4,72,128,62,13,94,36.1
30001963,4,chest pain,4,100,140,73,20,98,37.0
30001964,2,chest pain,8,65,123,72,19,95,37.6
30001965,3,chest pain,3,85,92,61,23,98,36.5
30001966,3,fever,5,72,130,102,17,96,38.6
30001967,3,fall,5,68,119,88,14,98,37.1
30001968,2,chest pain,9,91,126,66,16,96,37.0
30001969,3,shortness of breath,7,122,119,85,18,97,37.3
30001970,5,fall,6,80,128,53,15,98,38.1
30001971,2,chest pain,7,63,131,68,19,94,36.9
30001972,3,fall,7,93,113,113,16,96,35.6
30001973,4,chest pain,2,89,136,95,21,94,36.8
30001974,3,fever,5,111,120,58,17,100,36.5
30001975,3,back pain,0,96,136,119,24,98,37.2
30001976,3,headache,3,77,73,65,25,96,35.9
30001977,4,laceration,2,104,142,84,23,100,37.0
30001978,2,fall,9,93,133,70,14,93,37.0
30001979,3,headache,2,69,122,110,6,93,36.9
30001980,4,back pain,4,97,123,83,23,100,35.0
30001981,2,chest pain,10,94,139,108,22,100,36.9
30001982,2,laceration,10,82,150,96,16,93,36.5
30001983,2,fever,10,68,127,115,24,96,36.9
30001984,4,anxiety,5,95,111,72,11,99,36.3
30001985,3,chest pain,7,64,135,83,12,99,36.8
30001986,3,knee pain,0,47,171,76,15,99,35.7
30001987,3,fall,7,87,139,68,19,95,36.7
30001988,2,chest pain,8,98,143,83,18,98,35.2
30001989,3,fever,1,86,140,83,20,98,35.7
30001990,3,knee pain,7,99,106,58,25,94,36.1
30001991,3,knee pain,7,103,119,74,17,94,37.2
30001992,3,knee pain,6,83,120,78,19,100,36.0
30001993,4,back pain,2,61,90,74,28,97,36.3
30001994,3,chest pain,3,72,97,69,17,94,37.2
30001995,3,laceration,4,92,87,84,21,95,36.4
30001996,3,anxiety,2,119,71,60,17,99,37.8
30001997,4,laceration,1,80,107,54,15,94,36.6
30001998,3,shortness of breath,0,95,135,86,4,100,36.7
30001999,3,anxiety,0,69,128,106,20,100,36.3
30002000,2,fall,8,80,107,88,20,94,36.1
30002001,3,fever,3,102,102,56,16,95,37.8
30002002,3,shortness of breath,2,83,156,71,21,94,37.3
30002003,3,shortness of breath,4,95,113,74,22,100,37.6
30002004,3,fever,2,98,90,79,18,100,37.8
30002005,2,chest pain,10,98,125,104,12,99,36.8
30002006,2,anxiety,10,94,132,84,16,100,37.8
30002007,3,laceration,7,63,99,80,21,91,36.7
30002008,3,fever,6,111,142,109,18,100,36.4
30002009,3,chest pain,0,89,139,62,14,96,38.0
30002010,1,fall,6,89,127,81,21,99,35.4
30002011,2,knee pain,6,82,142,64,23,100,36.8
30002012,3,laceration,6,94,117,75,15,96,38.0
30002013,3,fever,5,115,145,104,15,98,35.9
30002014,3,abdominal pain,2,68,126,71,16,97,36.9
30002015,3,abdominal pain,1,70,136,77,23,95,37.1
30002016,2,fall,7,85,122,65,19,96,35.2
30002017,1,knee pain,7,84,158,101,21,97,36.1
30002018,5,abdominal pain,7,77,140,110,20,95,36.1
30002019,3,laceration,5,59,107,86,20,99,35.1
30002020,3,fall,2,96,158,79,20,96,37.7
30002021,4,back pain,1,108,140,84,17,96,37.0
30002022,3,chest pain,7,69,142,75,17,100,37.5
30002023,2,anxiety,8,118,114,78,21,99,35.5
30002024,3,anxiety,1,93,121,67,6,100,35.0
30002025,4,chest pain,6,66,155,86,13,99,36.0
30002026,3,laceration,3,84,101,75,11,94,38.9
30002027,3,knee pain,1,78,168,57,22,95,37.0
30002028,3,back pain,1,56,146,99,19,100,36.1
30002029,3,knee pain,7,75,123,89,17,99,36.8
30002030,3,back pain,2,95,116,63,18,96,36.4
30002031,5,headache,4,85,135,92,19,96,37.2
30002032,3,laceration,0,121,166,92,17,97,37.6
30002033,5,knee pain,0,84,124,78,10,92,36.7
30002034,3,fever,1,64,114,85,26,96,37.5
30002035,3,fever,4,89,134,80,19,97,37.9
30002036,3,fall,6,88,129,62,16,99,37.9
30002037,2,abdominal pain,9,90,127,68,25,99,37.6
30002038,3,chest pain,1,80,137,90,14,99,38.7
30002039,2,chest pain,10,81,124,85,21,96,36.5
30002040,3,laceration,2,82,105,85,24,93,36.0
30002041,3,fever,1,73,134,87,15,97,37.5
30002042,3,laceration,2,93,142,66,16,99,37.2
30002043,3,back pain,4,65,145,77,31,98,36.8
30002044,4,anxiety,2,48,113,49,15,100,37.0
30002045,3,knee pain,0,93,95,86,20,99,36.0
30002046,3,headache,6,95,148,86,16,96,35.7
30002047,2,fall,6,107,118,67,20,96,36.7
30002048,3,fall,7,103,163,101,23,96,35.9
30002049,3,abdominal pain,7,76,126,75,15,98,37.0
30002050,3,abdominal pain,1,105,132,86,20,93,37.9
30002051,1,fall,6,77,75,68,23,93,36.2
30002052,3,fever,1,52,134,74,21,97,37.2
30002053,4,fever,4,86,75,70,19,98,36.0
30002054,1,fever,7,93,120,106,22,97,36.6
30002055,3,headache,2,73,121,81,20,100,37.0
30002056,4,chest pain,6,93,138,113,17,96,38.3
30002057,3,shortness of breath,5,126,119,79,23,95,37.4
30002058,3,laceration,2,100,143,42,20,100,35.4
30002059,3,headache,5,73,106,48,18,92,36.3
30002060,4,laceration,7,92,131,97,14,94,37.0
30002061,3,laceration,6,87,113,56,22,96,37.3
30002062,3,fall,5,104,122,80,22,95,35.6
30002063,5,headache,0,91,135,102,16,98,36.9
30002064,5,chest pain,6,89,114,97,26,97,37.0
30002065,4,anxiety,7,88,123,106,17,98,37.6
30002066,3,shortness of breath,5,92,118,84,19,99,38.1
30002067,3,fever,6,76,141,67,22,95,37.2
30002068,3,fall,5,42,112,85,16,100,36.7
30002069,5,abdominal pain,6,80,127,74,13,98,36.3
30002070,3,anxiety,1,91,109,95,16,95,37.5
30002071,3,chest pain,4,79,151,83,18,98,36.9
30002072,2,fall,9,94,134,98,22,98,36.9
30002073,3,fall,4,97,132,82,17,92,36.0
30002074,2,laceration,10,75,133,63,19,98,36.9
30002075,4,laceration,2,64,105,71,14,100,37.7
30002076,5,laceration,6,87,124,81,20,95,35.7
30002077,2,knee pain,6,109,144,81,13,96,37.8
30002078,3,anxiety,1,92,95,64,20,98,37.3
30002079,5,fall,2,48,156,66,17,98,37.9
30002080,3,headache,0,82,134,64,23,95,35.1
30002081,2,back pain,10,93,129,88,20,96,36.3
30002082,4,laceration,3,91,125,96,22,97,35.6
30002083,5,shortness of breath,7,72,115,59,20,100,37.1
30002084,3,knee pain,3,68,125,67,24,100,37.7
30002085,3,anxiety,5,91,138,41,19,98,36.2
30002086,4,abdominal pain,2,82,130,61,18,97,36.6
30002087,2,back pain,10,91,108,62,22,97,35.9
30002088,3,back pain,1,77,163,77,21,97,36.1
30002089,2,chest pain,10,97,78,77,23,95,36.8
30002090,3,shortness of breath,7,54,116,98,17,98,37.7
30002091,4,shortness of breath,6,84,122,78,22,96,36.3
30002092,3,laceration,7,87,150,106,17,94,36.2
30002093,4,headache,5,60,146,50,17,98,36.8
30002094,2,back pain,8,86,133,72,16,96,37.1
30002095,2,knee pain,10,94,122,64,18,94,35.9
30002096,3,chest pain,1,67,112,55,16,100,36.8
30002097,2,anxiety,6,103,102,68,20,97,36.9
30002098,3,headache,4,106,113,90,17,92,36.5
30002099,2,chest pain,7,100,117,82,21,97,36.4
30002100,2,fever,10,84,119,64,13,96,36.9
30002101,2,fever,8,80,130,61,20,95,36.1
30002102,2,laceration,10,73,143,58,16,99,37.5
30002103,4,abdominal pain,6,80,124,58,15,99,37.7
30002104,4,shortness of breath,4,110,125,95,18,100,37.4
30002105,3,anxiety,2,112,123,49,18,96,38.0
30002106,2,fever,7,74,114,68,18,100,37.8
30002107,3,laceration,7,65,127,69,20,91,36.6
30002108,3,anxiety,1,81,123,61,26,100,38.5
30002109,2,anxiety,9,97,115,76,17,95,38.1
30002110,2,headache,10,57,121,74,19,93,37.9
30002111,3,headache,4,70,93,69,17,100,36.9
30002112,3,laceration,4,114,141,61,21,100,37.7
30002113,2,fall,10,68,117,98,10,95,37.4
30002114,2,chest pain,10,100,124,63,19,94,36.0
30002115,3,headache,7,75,131,107,19,100,36.7
30002116,4,knee pain,3,88,119,73,22,96,37.5
30002117,2,chest pain,6,72,135,65,17,94,36.7
30002118,3,shortness of breath,2,96,135,104,12,96,38.1
30002119,3,fall,6,76,150,97,17,93,38.2
30002120,3,fever,3,73,152,94,18,97,38.3
30002121,3,fall,0,99,99,105,19,100,36.1
30002122,2,back pain,9,78,80,59,20,98,37.1
30002123,3,abdominal pain,0,82,140,81,12,96,37.7
30002124,3,abdominal pain,3,78,102,83,17,95,38.1
30002125,3,laceration,0,91,102,83,19,95,36.6
30002126,3,headache,3,106,118,85,18,100,36.6
30002127,3,shortness of breath,2,79,122,62,12,100,36.3
30002128,3,knee pain,5,81,136,77,18,100,36.7
30002129,3,anxiety,0,82,135,80,18,97,36.4
30002130,2,fall,8,95,119,89,12,96,37.1
30002131,3,fall,4,80,161,83,23,100,37.5
30002132,3,fever,3,84,120,98,21,95,37.4
30002133,3,abdominal pain,2,91,136,77,16,96,37.5
30002134,5,fall,0,70,128,53,17,97,38.4
30002135,4,shortness of breath,5,89,133,53,15,100,35.7
30002136,4,abdominal pain,3,84,135,88,14,96,37.2
30002137,3,laceration,6,73,126,100,21,96,36.9
30002138,3,fall,7,103,124,74,20,98,37.6
30002139,2,headache,10,55,149,110,25,100,36.3
30002140,3,laceration,3,72,113,105,19,96,36.2
30002141,2,headache,9,98,136,53,17,95,36.9
30002142,3,fall,0,80,136,68,20,100,37.5
30002143,1,fall,9,72,135,88,14,99,37.1
30002144,3,fall,5,59,83,105,18,98,37.0
30002145,3,fever,2,66,89,54,15,96,36.0
30002146,4,abdominal pain,3,102,115,90,15,94,38.4
30002147,4,anxiety,1,103,140,66,13,100,37.3
30002148,3,shortness of breath,4,72,135,61,21,97,37.6
30002149,3,abdominal pain,4,64,132,93,21,96,37.3
30002150,3,fever,1,82,126,61,20,98,37.7
30002151,4,laceration,1,103,100,72,23,97,37.1
30002152,3,fever,0,84,102,94,17,98,37.8
30002153,4,fever,1,70,139,75,13,100,36.9
30002154,2,fever,8,93,129,52,19,99,35.5
30002155,3,abdominal pain,1,73,110,74,25,100,36.1
30002156,3,anxiety,4,100,125,94,22,91,35.2
30002157,3,shortness of breath,6,92,132,73,11,97,37.3
30002158,3,headache,6,110,128,78,17,99,35.6
30002159,5,anxiety,3,84,115,73,21,99,36.0
30002160,3,headache,4,79,128,54,22,95,36.8
30002161,2,fall,6,70,123,70,19,96,36.0
30002162,3,anxiety,7,70,113,61,26,100,37.0
30002163,3,chest pain,4,92,147,49,18,95,37.7
30002164,3,shortness of breath,4,94,104,100,24,100,36.6
30002165,3,chest pain,4,103,121,76,17,93,36.1
30002166,1,abdominal pain,6,109,122,86,14,97,37.3
30002167,2,laceration,9,95,123,68,16,95,37.5
30002168,3,anxiety,6,85,144,78,20,94,37.4
30002169,3,anxiety,2,80,147,86,17,97,37.9
30002170,3,headache,2,94,116,91,10,100,38.3
30002171,5,back pain,0,56,120,53,20,90,37.2
30002172,3,shortness of breath,3,75,175,75,22,97,36.9
30002173,3,abdominal pain,0,104,165,121,16,100,36.0
30002174,2,back pain,10,112,167,69,14,97,36.2
30002175,3,abdominal pain,5,84,115,78,15,100,37.2
30002176,3,fever,1,66,123,63,16,95,37.6
30002177,5,knee pain,3,52,153,82,25,97,36.9
30002178,3,knee pain,4,94,117,84,18,100,36.4
30002179,1,laceration,6,99,112,72,16,93,38.1
30002180,4,fever,3,104,148,84,25,94,37.4
30002181,3,laceration,0,108,126,85,19,97,37.7
30002182,3,back pain,1,95,145,75,21,93,37.2
30002183,3,fever,1,95,108,92,16,97,36.8
30002184,3,knee pain,0,80,132,100,14,96,36.3
30002185,2,fall,8,93,113,97,18,100,37.7
30002186,2,knee pain,7,73,137,66,22,96,38.0
30002187,3,shortness of breath,3,82,137,56,19,94,36.5
30002188,1,knee pain,7,112,185,82,23,94,37.6
30002189,3,fall,0,99,128,105,23,97,37.0
30002190,4,laceration,1,96,139,83,16,95,37.2
30002191,2,headache,10,115,138,84,17,96,38.5
30002192,3,shortness of breath,4,90,115,104,16,96,37.1
30002193,1,back pain,10,72,121,48,17,96,35.9
30002194,3,chest pain,0,81,152,85,17,97,37.5
30002195,3,shortness of breath,6,98,135,76,20,99,37.0
30002196,3,fall,4,84,130,61,14,98,37.2
30002197,4,headache,5,84,146,78,27,94,36.5
30002198,3,headache,0,64,148,59,16,99,37.2
30002199,3,fall,3,78,102,87,18,93,36.5
30002200,2,abdominal pain,8,83,131,89,25,93,37.3
30002201,2,knee pain,9,85,110,85,19,96,36.4
30002202,5,fever,7,76,137,106,20,99,37.2
30002203,3,shortness of breath,4,92,105,74,20,100,36.1
30002204,3,back pain,7,106,140,60,23,92,37.9
30002205,3,knee pain,0,82,141,60,22,100,36.5
30002206,3,anxiety,4,68,168,59,17,95,36.4
30002207,2,headache,9,48,143,88,18,96,37.4
30002208,4,chest pain,7,94,124,77,10,94,36.3
30002209,4,fever,6,69,125,90,30,96,35.8
30002210,3,chest pain,7,101,101,71,9,95,35.9
30002211,3,shortness of breath,2,78,141,82,17,98,37.6
30002212,2,fever,8,95,162,92,16,98,37.8
30002213,3,fall,1,100,138,89,18,96,37.6
30002214,3,shortness of breath,5,87,118,85,20,97,38.7
30002215,3,chest pain,3,111,106,57,17,94,37.5
30002216,3,anxiety,1,77,94,77,16,100,38.1
30002217,3,knee pain,2,89,161,64,21,100,35.6
30002218,4,knee pain,2,123,109,79,20,97,36.5
30002219,5,fall,5,71,140,69,26,96,38.1
30002220,2,headache,9,73,151,69,20,94,38.0
30002221,2,anxiety,8,97,126,57,21,95,37.7
30002222,3,abdominal pain,5,60,145,109,18,93,38.6
30002223,4,headache,4,76,103,92,15,97,37.7
30002224,2,abdominal pain,8,70,132,84,21,93,36.5
30002225,3,laceration,4,94,124,115,20,94,36.0
30002226,3,laceration,0,84,131,84,22,99,36.8
30002227,3,back pain,1,86,140,71,12,99,39.2
30002228,3,fall,7,85,135,84,20,98,37.3
30002229,2,abdominal pain,6,76,106,78,15,96,36.8
30002230,2,shortness of breath,7,71,130,75,22,98,35.8
30002231,4,fall,6,74,129,66,16,96,37.8
30002232,3,back pain,6,90,112,100,23,100,36.2
30002233,3,headache,4,116,137,67,23,99,37.4
30002234,3,abdominal pain,3,87,122,90,14,95,37.3
30002235,4,fever,2,99,95,73,14,95,38.4
30002236,3,shortness of breath,7,85,134,73,17,97,37.8
30002237,4,knee pain,2,74,126,97,22,100,37.2
30002238,2,laceration,7,85,173,78,16,94,37.8
30002239,3,shortness of breath,0,89,82,82,20,100,38.0
30002240,4,chest pain,4,77,133,62,14,98,36.8
30002241,4,knee pain,3,71,137,77,18,99,36.3
30002242,2,headache,8,83,134,89,18,98,37.1
30002243,1,shortness of breath,7,83,147,58,22,100,38.1
30002244,1,fever,6,66,111,61,13,95,37.1
30002245,3,anxiety,1,98,115,89,19,97,36.8
30002246,3,fall,1,105,145,72,14,92,37.3
30002247,2,anxiety,7,107,149,69,15,96,37.5
30002248,3,back pain,0,82,148,84,16,91,36.2
30002249,2,abdominal pain,10,64,120,62,21,97,36.3
30002250,2,knee pain,7,89,109,54,23,100,35.2
30002251,4,knee pain,3,78,150,48,17,98,37.6
30002252,3,abdominal pain,1,89,115,97,13,97,37.0
30002253,3,abdominal pain,6,100,143,73,17,100,36.6
30002254,4,knee pain,2,97,113,86,24,95,37.7
30002255,3,back pain,0,98,133,84,11,91,37.0
30002256,3,headache,0,43,133,85,20,94,36.8
30002257,3,anxiety,1,90,104,96,13,100,35.7
30002258,3,headache,1,56,136,89,24,95,36.7
30002259,3,back pain,4,103,119,70,20,99,38.3
30002260,4,anxiety,4,69,98,80,19,98,35.9
30002261,3,abdominal pain,6,96,141,65,22,100,36.6
30002262,4,headache,3,87,114,74,20,95,38.1
30002263,3,fever,4,80,96,98,14,100,37.2
30002264,2,anxiety,10,96,126,85,19,95,36.5
30002265,3,chest pain,1,29,132,100,19,97,36.1
30002266,3,chest pain,3,73,95,77,15,97,35.7
30002267,3,headache,2,73,108,76,18,99,37.3
30002268,4,shortness of breath,0,79,96,83,25,97,36.8
30002269,3,back pain,7,79,91,66,13,96,35.9
30002270,3,back pain,4,73,112,70,18,95,36.8
30002271,4,fever,7,91,126,104,16,97,36.8
30002272,4,fever,7,77,148,100,17,96,35.9
30002273,3,anxiety,2,92,109,106,18,98,38.1
30002274,2,laceration,10,82,144,107,16,95,36.5
30002275,2,chest pain,9,93,113,90,12,98,36.7
30002276,3,headache,4,89,120,87,14,98,37.1
30002277,2,headache,10,78,145,89,17,93,37.4
30002278,3,headache,4,83,125,70,19,99,35.4
30002279,4,anxiety,2,111,119,82,19,99,38.3
30002280,3,fever,7,107,80,110,14,97,35.9
30002281,3,laceration,4,97,135,47,15,100,37.1
30002282,2,laceration,9,80,104,53,16,95,35.5
30002283,4,fever,1,84,119,51,22,99,36.7
30002284,2,knee pain,8,111,124,80,19,96,36.9
30002285,2,back pain,10,77,168,112,23,98,36.9
30002286,3,headache,7,88,123,78,22,95,36.7
30002287,3,shortness of breath,6,79,99,68,17,98,38.6
30002288,4,anxiety,2,82,130,80,22,94,36.8
30002289,1,headache,9,86,106,88,18,96,35.9
30002290,3,fever,6,83,138,88,18,100,37.3
30002291,3,back pain,7,100,126,81,20,96,37.4
30002292,3,headache,6,100,118,93,12,96,39.5
30002293,1,back pain,6,112,106,81,12,100,37.1
30002294,3,back pain,7,77,91,63,18,95,37.2
30002295,2,fever,9,114,85,82,17,92,36.6
30002296,3,laceration,2,86,120,88,25,100,36.8
30002297,3,knee pain,7,100,153,102,18,90,38.5
30002298,4,anxiety,3,93,138,96,22,100,36.2
30002299,4,knee pain,1,87,94,89,15,100,37.8
30002300,4,headache,5,90,178,68,11,97,38.1
30002301,3,laceration,4,73,105,83,17,95,35.8
30002302,1,fall,6,65,162,81,23,100,37.8
30002303,3,fever,0,71,146,78,19,95,37.3
30002304,4,chest pain,5,85,174,59,21,100,37.4
30002305,2,fever,7,74,100,85,18,100,38.1
30002306,5,abdominal pain,6,94,101,81,21,93,38.4
30002307,1,chest pain,9,79,101,87,20,93,38.6
30002308,1,headache,7,75,99,83,15,98,36.9
30002309,3,chest pain,1,57,139,108,19,95,37.9
30002310,2,abdominal pain,6,92,146,104,15,91,36.7
30002311,3,back pain,2,70,139,71,21,95,37.7
30002312,3,anxiety,5,67,157,96,16,98,37.0
30002313,3,laceration,0,81,131,96,14,93,37.1
30002314,3,fall,7,71,145,58,21,99,37.2
30002315,3,anxiety,7,80,107,86,23,95,37.8
30002316,4,shortness of breath,3,60,100,90,17,100,35.9
30002317,3,laceration,4,66,129,87,15,99,38.0
30002318,2,fall,10,101,100,67,21,90,37.4
30002319,3,fall,1,78,112,66,18,98,36.5
30002320,3,abdominal pain,3,91,142,90,17,96,36.8
30002321,4,fall,2,55,118,73,15,97,38.5
30002322,3,back pain,6,77,135,98,15,96,37.0
30002323,2,headache,10,102,109,87,21,97,36.9
30002324,3,chest pain,0,94,133,86,20,96,38.0
30002325,3,knee pain,4,100,108,70,21,100,36.6
30002326,3,shortness of breath,3,106,132,98,25,97,36.7
30002327,4,knee pain,1,78,101,86,22,94,36.4
30002328,2,chest pain,8,81,117,61,16,100,37.4
30002329,5,chest pain,6,90,131,63,18,97,36.3
30002330,3,laceration,4,89,104,72,10,96,35.8
30002331,3,chest pain,2,98,112,68,16,96,36.7
30002332,4,fall,1,119,148,90,21,100,37.5
30002333,5,anxiety,3,92,108,83,14,97,36.7
30002334,1,laceration,6,114,144,81,20,100,36.3
30002335,5,shortness of breath,0,99,115,80,22,100,35.4
30002336,3,anxiety,4,84,114,67,20,93,36.9
30002337,3,fever,5,70,133,68,19,99,38.1
30002338,2,anxiety,10,118,108,73,22,100,37.3
30002339,2,knee pain,9,63,139,87,20,96,37.6
30002340,4,chest pain,5,70,103,78,18,97,36.8
30002341,2,headache,7,59,129,58,20,100,36.9
30002342,1,fall,7,78,108,51,26,94,36.7
30002343,4,fall,2,112,140,95,8,96,37.2
30002344,3,shortness of breath,5,77,113,61,21,96,36.8
30002345,3,headache,0,103,114,103,17,100,36.0
30002346,3,headache,6,82,137,89,18,94,36.2
30002347,4,chest pain,7,73,126,64,23,100,36.3
30002348,3,anxiety,6,123,114,87,22,96,37.0
30002349,4,chest pain,1,92,138,74,22,98,37.8
30002350,4,back pain,7,51,149,115,13,98,37.8
30002351,3,knee pain,2,77,131,80,12,97,36.8
30002352,3,knee pain,3,82,90,97,23,96,35.7
30002353,3,headache,5,70,133,89,21,99,36.9
30002354,3,fall,3,65,136,90,15,97,38.8
30002355,5,laceration,6,83,114,92,22,97,35.2
30002356,3,headache,5,96,123,87,18,96,37.8
30002357,4,back pain,6,72,167,99,20,93,36.8
30002358,3,shortness of breath,7,86,117,58,24,97,36.8
30002359,3,chest pain,4,64,144,80,16,97,35.7
30002360,4,chest pain,7,96,114,75,14,97,38.1
30002361,2,fever,10,78,130,81,17,100,36.5
30002362,4,anxiety,7,98,134,87,17,97,37.0
30002363,3,laceration,6,75,118,52,18,97,38.1
30002364,3,fall,4,69,101,53,14,96,35.9
30002365,2,abdominal pain,9,66,137,82,23,96,37.9
30002366,3,back pain,5,72,128,104,11,100,37.9
30002367,3,shortness of breath,1,77,100,67,18,100,37.6
30002368,3,headache,6,78,140,87,17,95,36.8
30002369,3,back pain,7,84,105,91,19,94,37.9
30002370,3,shortness of breath,0,70,136,89,13,98,37.7
30002371,3,laceration,2,98,139,100,23,94,37.2
30002372,4,chest pain,6,85,133,81,20,97,36.7
30002373,2,headache,10,72,117,56,15,95,36.8
30002374,5,fall,7,79,125,77,24,97,38.3
30002375,4,knee pain,6,95,114,78,21,97,35.9
30002376,3,back pain,0,61,124,75,23,96,38.3
30002377,4,chest pain,3,109,127,92,21,97,37.8
30002378,3,back pain,0,76,124,100,21,100,38.0
30002379,3,knee pain,0,68,138,86,16,94,36.9
30002380,3,headache,6,78,159,76,22,99,38.4
30002381,3,headache,3,99,115,36,21,100,37.1
30002382,4,headache,7,108,156,87,18,98,36.1
30002383,2,fall,10,79,135,86,18,100,36.7
30002384,2,abdominal pain,10,76,123,85,11,97,38.3
30002385,3,fever,5,88,157,96,14,95,37.1
30002386,4,fever,5,99,107,85,13,97,36.3
30002387,3,laceration,7,77,110,103,22,97,35.8
30002388,3,shortness of breath,0,104,115,68,18,99,38.9
30002389,3,fall,7,84,105,98,16,100,36.6
30002390,2,fever,9,77,134,74,15,93,38.2
30002391,3,laceration,1,111,138,99,21,97,36.3
30002392,3,anxiety,0,54,113,52,16,98,36.0
30002393,4,anxiety,0,85,137,86,14,99,37.4
30002394,3,fever,3,90,126,43,17,94,35.2
30002395,1,shortness of breath,10,72,140,82,21,96,37.1
30002396,3,chest pain,7,68,139,88,15,93,35.5
30002397,1,anxiety,9,78,161,82,16,93,38.3
30002398,3,anxiety,5,91,109,58,16,100,37.6
30002399,1,fever,6,83,123,80,24,97,36.3
30002400,3,laceration,3,90,105,97,19,94,36.3
30002401,3,headache,7,100,125,78,15,93,35.9
30002402,4,chest pain,3,97,140,74,22,96,37.3
30002403,4,fever,7,79,139,69,13,100,37.1
30002404,4,headache,5,89,89,87,20,98,37.4
30002405,3,knee pain,1,55,140,96,19,97,36.6
30002406,3,headache,3,96,109,94,23,97,36.6
30002407,3,fever,3,101,87,73,13,92,39.0
30002408,2,shortness of breath,8,97,115,101,18,97,38.5
30002409,3,headache,4,98,101,85,16,100,34.6
30002410,4,headache,4,92,108,109,15,100,37.2
30002411,3,headache,4,111,155,99,21,96,36.6
30002412,4,laceration,3,99,142,95,14,96,36.7
30002413,3,knee pain,5,60,135,80,16,96,36.3
30002414,2,knee pain,10,50,125,82,20,99,36.8
30002415,3,anxiety,4,101,133,91,21,96,36.6
30002416,3,chest pain,3,98,163,73,19,97,36.5
30002417,3,fall,2,89,110,60,18,97,37.2
30002418,3,laceration,3,99,124,76,22,100,37.7
30002419,3,anxiety,5,89,170,84,12,95,36.3
30002420,4,chest pain,1,75,117,97,13,96,37.2
30002421,1,knee pain,10,78,112,78,18,96,36.4
30002422,5,fever,3,102,134,88,17,100,37.2
30002423,2,fall,9,63,129,87,18,94,37.8
30002424,3,fall,2,86,112,104,21,98,38.7
30002425,3,abdominal pain,6,104,119,76,6,100,37.3
30002426,2,abdominal pain,9,84,108,95,20,100,37.4
30002427,3,knee pain,1,74,136,64,17,96,38.4
30002428,3,fever,6,73,123,55,18,99,37.7
30002429,3,abdominal pain,0,104,151,98,18,99,36.6
30002430,3,back pain,5,61,128,83,16,92,37.9
30002431,3,shortness of breath,2,88,142,106,13,99,37.4
30002432,4,anxiety,5,87,114,92,13,98,36.5
30002433,3,laceration,6,71,110,83,17,94,36.9
30002434,4,fever,6,79,124,96,23,94,36.6
30002435,2,shortness of breath,7,101,134,76,18,96,36.3
30002436,2,fall,6,79,130,61,26,97,36.4
30002437,3,fall,0,96,107,96,29,95,37.1
30002438,3,laceration,5,89,123,80,12,100,36.8
30002439,3,chest pain,1,103,113,43,15,100,37.1
30002440,3,knee pain,0,95,143,82,15,96,37.2
30002441,4,headache,4,73,160,77,16,99,35.8
30002442,2,anxiety,6,78,129,51,18,100,37.5
30002443,3,fall,7,76,139,66,15,100,35.9
30002444,3,anxiety,4,68,151,103,22,100,36.6
30002445,2,chest pain,8,50,116,92,19,98,37.9
30002446,3,anxiety,2,66,131,105,20,99,38.1
30002447,3,knee pain,0,89,107,51,19,98,36.9
30002448,2,laceration,10,86,139,100,22,100,36.3
30002449,4,chest pain,1,87,116,59,20,100,36.7
30002450,4,back pain,1,89,129,87,15,98,36.9
30002451,2,laceration,10,122,136,69,10,94,37.0
30002452,3,abdominal pain,6,92,149,90,16,100,37.5
30002453,4,shortness of breath,2,97,131,71,22,99,34.8
30002454,3,headache,5,72,146,79,16,99,36.5
30002455,3,fever,2,59,126,109,23,100,36.3
30002456,3,shortness of breath,2,101,117,92,25,98,36.5
30002457,3,anxiety,3,72,123,87,16,94,38.0
30002458,5,headache,0,96,122,74,15,97,36.0
30002459,4,shortness of breath,1,94,110,91,20,100,35.5
30002460,3,fall,3,88,129,75,21,94,36.7
30002461,3,knee pain,2,87,134,68,13,93,35.7
30002462,3,chest pain,6,86,139,85,20,95,36.8
30002463,1,headache,10,74,105,82,21,100,36.1
30002464,3,abdominal pain,3,74,85,69,20,97,37.6
30002465,3,laceration,1,95,115,68,16,100,37.3
30002466,3,knee pain,5,95,140,82,14,95,35.7
30002467,3,back pain,6,76,103,66,14,89,37.1
30002468,3,chest pain,6,72,147,96,23,96,37.7
30002469,3,chest pain,2,83,129,92,24,100,36.6
30002470,3,fall,5,90,139,96,14,99,37.9
30002471,4,fall,6,81,94,63,19,94,37.7
30002472,3,anxiety,4,115,109,89,17,95,36.2
30002473,2,knee pain,9,81,127,71,16,99,38.0
30002474,3,headache,1,66,130,61,17,99,36.6
30002475,2,shortness of breath,8,116,127,69,15,100,37.6
30002476,2,fall,6,100,162,93,21,97,36.0
30002477,4,laceration,5,97,186,70,21,96,37.4
30002478,2,knee pain,7,110,124,77,17,100,38.2
30002479,4,back pain,1,89,104,73,12,96,37.1
30002480,2,fall,10,77,102,77,19,100,37.5
30002481,3,fever,4,85,121,91,16,96,36.3
30002482,3,headache,1,96,127,80,17,99,38.1
30002483,3,anxiety,3,97,125,73,19,98,36.6
30002484,3,back pain,4,72,122,76,21,100,37.2
30002485,3,fever,1,66,97,86,15,100,36.7
30002486,3,shortness of breath,2,97,166,72,18,95,37.9
30002487,5,laceration,4,94,99,62,17,98,37.9
30002488,5,fever,0,99,108,82,23,100,38.4
30002489,3,headache,7,75,96,85,25,100,34.9
30002490,3,fever,7,87,127,83,16,89,38.6
30002491,1,headache,8,80,116,88,20,95,35.5
30002492,5,shortness of breath,3,67,132,59,23,93,37.1
30002493,4,fall,1,64,116,88,17,92,37.1
30002494,3,back pain,2,60,131,62,14,97,36.6
30002495,4,fall,0,99,121,97,17,92,37.7
30002496,2,chest pain,8,107,131,65,22,93,37.0
30002497,3,abdominal pain,7,108,142,63,23,100,37.1
30002498,2,fall,8,99,133,84,15,95,38.7
30002499,3,abdominal pain,0,101,114,111,20,100,36.6
30002500,3,fever,2,92,123,91,23,98,36.2
30002501,4,fall,7,79,113,88,13,93,37.8
30002502,2,abdominal pain,9,63,119,101,17,94,36.7
30002503,1,shortness of breath,8,75,106,92,27,95,38.6
30002504,1,chest pain,10,89,128,64,13,98,37.0
30002505,4,back pain,5,76,129,84,11,100,35.8
30002506,4,anxiety,1,68,108,77,22,99,38.0
30002507,3,fall,3,86,103,55,22,96,36.7
30002508,1,fever,6,82,99,89,15,93,36.1
30002509,3,knee pain,1,84,145,77,18,96,37.1
30002510,2,shortness of breath,6,100,125,97,17,94,37.4
30002511,3,fever,4,83,135,53,18,89,36.9
30002512,3,abdominal pain,5,85,120,94,17,97,37.9
30002513,4,shortness of breath,0,104,146,88,14,100,36.6
30002514,3,headache,2,96,147,79,18,100,37.6
30002515,1,chest pain,10,71,86,66,13,98,37.7
30002516,3,headache,7,96,102,68,13,93,37.5
30002517,4,chest pain,3,105,128,83,18,95,36.7
30002518,4,fall,5,71,113,76,18,98,38.7
30002519,3,fall,0,69,108,82,17,100,35.2
30002520,2,laceration,9,78,120,78,23,95,38.4
30002521,3,abdominal pain,5,83,110,73,10,99,38.2
30002522,3,chest pain,2,90,126,60,15,99,37.3
30002523,1,shortness of breath,8,96,151,68,15,97,36.3
30002524,3,chest pain,0,69,119,55,11,96,36.9
30002525,4,chest pain,1,82,103,68,19,98,38.1
30002526,4,fever,4,92,144,101,18,98,36.7
30002527,3,back pain,7,124,104,83,21,100,37.0
30002528,4,anxiety,4,79,128,72,21,94,37.2
30002529,1,knee pain,7,66,153,101,17,98,37.4
30002530,3,fall,7,91,136,78,20,98,36.6
30002531,3,abdominal pain,4,77,86,79,18,98,37.6
30002532,2,headache,6,106,102,71,15,100,36.0
30002533,2,abdominal pain,10,109,139,88,16,96,36.6
30002534,4,fall,0,90,106,66,9,98,37.5
30002535,3,headache,3,97,114,69,19,90,36.7
30002536,3,fever,7,104,113,91,23,96,37.4
30002537,3,knee pain,0,95,127,70,19,97,36.6
30002538,4,fall,3,104,119,89,16,100,36.6
30002539,4,headache,3,70,77,55,20,97,37.2
30002540,2,chest pain,6,93,138,76,15,92,38.3
30002541,3,knee pain,5,84,127,79,18,94,37.6
30002542,2,back pain,7,92,131,87,17,100,36.7
30002543,4,back pain,7,87,117,89,18,100,36.1
30002544,3,fever,1,81,151,84,16,93,37.4
30002545,3,laceration,1,74,111,65,19,97,36.6
30002546,3,chest pain,1,58,144,77,15,95,37.2
30002547,3,back pain,6,122,92,83,15,95,36.8
30002548,4,laceration,4,79,128,58,16,98,36.9
30002549,5,knee pain,3,78,155,50,15,97,37.3
30002550,3,abdominal pain,7,94,106,70,20,95,35.6
30002551,3,knee pain,7,90,115,100,9,98,36.7
30002552,2,abdominal pain,9,83,132,68,22,98,37.4
30002553,2,knee pain,7,82,136,86,20,100,39.1
30002554,3,chest pain,1,86,142,68,13,95,37.2
30002555,3,headache,0,94,128,69,18,98,35.3
30002556,3,back pain,6,96,111,59,22,94,37.1
30002557,4,laceration,0,90,99,61,17,96,36.6
30002558,3,anxiety,0,74,113,76,17,93,36.3
30002559,3,fall,2,93,120,94,15,93,37.9
30002560,3,fall,1,94,113,81,19,98,36.3
30002561,1,laceration,6,80,117,91,20,95,36.8
30002562,1,fever,6,91,106,66,18,100,36.3
30002563,2,chest pain,6,66,134,87,19,95,38.3
30002564,4,fever,7,75,81,88,13,100,37.4
30002565,3,abdominal pain,0,111,143,110,21,98,36.8
30002566,3,back pain,1,97,156,70,18,93,36.6
30002567,3,back pain,1,76,134,73,19,100,36.5
30002568,1,shortness of breath,8,97,134,80,14,95,35.6
30002569,3,headache,4,95,119,77,17,93,37.1
30002570,2,fall,9,61,147,74,23,96,36.2
30002571,3,fall,0,77,126,68,16,97,35.9
30002572,3,shortness of breath,7,68,137,78,13,95,36.4
30002573,3,back pain,3,102,119,84,9,100,37.8
30002574,3,shortness of breath,5,74,114,84,17,97,35.6
30002575,2,fever,7,84,124,68,15,97,37.0
30002576,4,shortness of breath,4,85,120,68,17,94,36.9
30002577,2,knee pain,6,72,127,52,25,96,35.9
30002578,3,chest pain,0,63,138,54,16,100,35.3
30002579,3,chest pain,6,69,114,63,11,99,37.2
30002580,3,chest pain,3,86,140,96,18,96,38.7
30002581,3,anxiety,0,64,162,95,13,100,36.8
30002582,1,chest pain,10,93,145,87,13,95,36.7
30002583,5,fever,6,90,133,72,9,98,36.4
30002584,3,shortness of breath,2,98,101,90,17,100,37.1
30002585,3,back pain,5,83,129,105,15,94,37.2
30002586,3,knee pain,0,62,142,78,25,95,37.6
30002587,4,headache,6,88,115,105,24,96,37.8
30002588,3,back pain,3,50,105,75,12,97,36.4
30002589,3,laceration,7,75,115,48,21,94,37.8
30002590,4,fever,5,101,127,88,18,93,37.3
30002591,4,knee pain,2,87,127,69,14,97,37.5
30002592,3,fever,6,42,93,75,22,100,37.3
30002593,2,headache,9,69,159,86,10,92,36.9
30002594,2,chest pain,6,79,122,57,17,96,37.7
30002595,4,laceration,5,98,129,101,19,100,35.3
30002596,4,laceration,7,72,143,88,18,99,37.0
30002597,3,knee pain,7,67,129,111,20,95,37.3
30002598,4,laceration,2,82,118,80,20,100,36.2
30002599,2,anxiety,6,75,138,39,25,94,36.9
30002600,5,shortness of breath,4,76,144,76,17,96,36.1
30002601,4,fever,5,93,130,98,20,96,36.4
30002602,3,abdominal pain,6,83,123,82,20,97,37.1
30002603,2,headache,7,92,138,66,15,99,37.5
30002604,3,abdominal pain,1,98,100,90,20,92,36.1
30002605,2,fever,10,122,93,93,21,100,37.1
30002606,3,fall,7,115,106,85,21,98,36.6
30002607,2,laceration,7,64,86,64,20,100,37.4
30002608,3,back pain,7,91,121,87,16,100,37.3
30002609,2,laceration,8,77,102,85,16,100,38.2
30002610,4,headache,7,112,120,66,21,99,38.3
30002611,4,chest pain,1,113,113,89,14,100,37.9
30002612,3,back pain,2,80,121,71,16,90,37.7
30002613,3,chest pain,3,84,92,72,20,99,37.0
30002614,3,chest pain,1,98,135,57,18,100,37.6
30002615,2,laceration,6,59,119,89,20,93,37.6
30002616,3,knee pain,4,87,105,88,17,100,37.3
30002617,4,back pain,4,57,150,86,20,100,37.1
30002618,3,headache,3,96,111,61,20,94,36.8
30002619,3,back pain,5,88,112,98,25,99,36.2
30002620,2,knee pain,7,113,134,63,21,97,36.3
30002621,2,chest pain,10,86,130,71,17,92,35.5
30002622,4,fall,2,63,139,97,16,95,36.6
30002623,2,headache,8,82,121,86,20,94,37.6
30002624,4,back pain,7,96,132,82,16,96,37.2
30002625,3,fever,4,73,134,73,12,100,38.0
30002626,3,back pain,5,96,160,83,22,100,35.4
30002627,3,back pain,7,94,136,77,16,100,39.2
30002628,5,anxiety,4,106,126,100,18,97,36.4
30002629,2,laceration,6,97,112,52,22,96,36.8
30002630,3,headache,0,89,142,66,22,94,37.7
30002631,1,laceration,6,67,121,78,15,97,38.0
30002632,3,fever,7,85,132,67,23,100,36.5
30002633,4,abdominal pain,7,108,154,89,16,96,36.9
30002634,2,fall,9,94,116,81,22,98,37.1
30002635,4,chest pain,7,76,136,64,19,97,36.4
30002636,2,headache,10,98,130,56,14,93,36.6
30002637,3,knee pain,4,108,98,62,9,95,35.9
30002638,4,knee pain,3,89,118,99,22,97,38.2
30002639,3,fever,7,105,100,80,22,100,36.3
30002640,3,anxiety,4,115,151,77,12,97,37.1
30002641,4,fall,0,89,139,87,22,98,36.0
30002642,2,abdominal pain,8,69,119,66,20,93,37.2
30002643,1,fever,10,90,141,77,11,97,36.2
30002644,4,fall,2,70,194,86,18,98,37.5
30002645,3,fever,3,61,102,59,16,94,37.4
30002646,2,knee pain,8,68,147,66,18,95,36.2
30002647,3,chest pain,2,124,94,72,22,100,35.9
30002648,3,fever,4,70,119,79,16,95,36.6
30002649,3,abdominal pain,2,69,114,67,16,96,36.9
30002650,3,headache,5,109,153,45,11,96,37.6
30002651,3,headache,0,94,146,73,16,92,38.2
30002652,2,fever,9,104,103,75,10,95,37.1
30002653,3,chest pain,7,104,143,119,17,97,36.6
30002654,2,anxiety,7,82,127,70,11,93,38.0
30002655,3,shortness of breath,5,78,159,96,6,98,37.5
30002656,3,abdominal pain,5,116,105,119,25,94,37.5
30002657,4,anxiety,1,105,153,82,20,92,38.4
30002658,3,fever,0,116,121,45,19,100,36.4
30002659,3,headache,0,82,98,75,18,96,37.6
30002660,3,back pain,4,93,75,85,19,96,35.8
30002661,3,headache,6,89,147,89,15,95,37.3
30002662,3,fever,7,59,116,92,14,100,35.4
30002663,2,fall,6,86,171,74,18,94,36.6
30002664,4,fall,4,70,113,73,19,100,37.4
30002665,3,fall,3,80,134,71,13,93,35.5
30002666,3,back pain,3,79,150,102,17,99,36.6
30002667,1,headache,6,65,107,83,21,92,38.7
30002668,4,fever,3,75,132,79,18,96,37.5
30002669,3,laceration,2,77,131,73,15,98,37.2
30002670,3,chest pain,6,81,105,62,23,96,36.5
30002671,2,fall,9,88,126,78,16,99,37.4
30002672,3,anxiety,5,72,151,80,19,98,36.3
30002673,2,headache,8,74,114,65,27,100,36.4
30002674,3,laceration,7,85,120,75,15,99,36.7
30002675,2,anxiety,6,110,100,62,22,97,37.2
30002676,3,back pain,3,69,124,70,14,100,37.7
30002677,4,fall,1,56,112,67,21,100,37.4
30002678,3,anxiety,4,80,137,65,16,98,37.5
30002679,3,laceration,5,86,113,53,22,98,37.6
30002680,3,knee pain,5,106,124,92,24,100,35.4
30002681,4,laceration,7,100,115,77,21,93,38.1
30002682,3,knee pain,0,102,118,87,17,100,36.7
30002683,3,knee pain,4,92,106,77,20,99,37.5
30002684,2,headache,10,87,149,78,21,98,37.3
30002685,3,knee pain,2,91,121,67,18,99,35.5
30002686,2,fever,7,87,124,101,8,97,36.5
30002687,3,knee pain,4,80,129,107,20,97,36.7
30002688,3,anxiety,2,91,116,96,21,93,37.9
30002689,4,fall,2,98,139,76,20,100,37.3
30002690,3,back pain,5,97,142,71,15,92,38.1
30002691,3,back pain,6,108,158,100,18,89,36.5
30002692,3,anxiety,4,103,112,78,20,100,35.9
30002693,3,abdominal pain,3,97,136,70,13,98,37.6
30002694,2,abdominal pain,9,84,103,65,16,98,36.5
30002695,3,fever,7,92,96,91,24,99,36.0
30002696,3,abdominal pain,6,74,125,80,16,98,37.8
30002697,3,laceration,5,92,168,70,22,95,37.7
30002698,2,shortness of breath,8,93,145,57,20,100,38.0
30002699,3,fever,4,103,132,60,22,94,35.9
30002700,3,headache,3,93,148,81,15,97,37.9
30002701,1,fall,6,80,130,76,17,99,36.4
30002702,3,laceration,6,62,107,114,12,98,37.9
30002703,3,back pain,0,78,143,80,10,100,37.1
30002704,3,laceration,4,69,139,102,15,98,35.8
30002705,2,fever,6,86,149,103,13,100,37.0
30002706,4,knee pain,2,64,111,58,21,97,35.4
30002707,4,abdominal pain,4,82,122,76,14,93,38.3
30002708,2,shortness of breath,10,67,126,71,20,95,36.1
30002709,3,back pain,6,97,123,70,5,95,36.4
30002710,3,knee pain,5,86,139,71,12,93,37.0
30002711,5,shortness of breath,7,32,123,91,14,97,35.7
30002712,3,shortness of breath,5,88,111,66,20,100,35.6
30002713,3,shortness of breath,7,80,140,106,18,97,35.9
30002714,4,anxiety,4,94,124,72,26,95,35.8
30002715,3,laceration,7,60,104,104,24,98,36.8
30002716,3,anxiety,5,88,130,102,19,94,36.3
30002717,3,knee pain,0,102,143,76,18,95,36.3
30002718,3,anxiety,0,75,130,95,15,97,36.3
30002719,3,shortness of breath,3,84,117,94,23,98,37.3
30002720,3,chest pain,0,62,130,69,22,100,36.7
30002721,3,fever,1,88,142,99,20,96,35.9
30002722,3,laceration,4,74,174,94,16,98,37.2
30002723,3,abdominal pain,3,92,85,76,13,98,37.0
30002724,4,chest pain,7,84,108,87,12,98,36.7
30002725,4,headache,0,90,129,88,18,93,36.2
30002726,4,chest pain,0,91,110,101,18,100,39.0
30002727,3,fever,0,87,149,54,10,96,38.3
30002728,3,fever,2,101,106,77,23,93,36.8
30002729,3,headache,1,84,72,96,18,98,36.0
30002730,2,laceration,7,106,134,58,18,100,36.3
30002731,3,chest pain,0,88,132,88,19,99,37.5
30002732,2,fall,7,73,112,65,21,99,37.1
30002733,4,back pain,5,85,102,93,23,95,38.4
30002734,3,fall,3,83,118,78,17,98,37.4
30002735,4,abdominal pain,6,71,131,84,18,95,39.0
30002736,3,fall,3,73,146,71,17,99,36.6
30002737,3,knee pain,1,82,136,83,20,100,36.8
30002738,4,knee pain,1,91,151,75,19,99,38.4
30002739,4,abdominal pain,6,101,133,67,20,100,38.0
30002740,3,fall,3,78,107,78,18,100,36.8
30002741,3,knee pain,5,113,127,86,24,100,37.9
30002742,3,laceration,6,102,126,89,19,91,35.8
30002743,3,fever,6,102,145,57,16,96,37.8
30002744,2,abdominal pain,9,81,130,91,26,98,37.8
30002745,2,fever,9,75,144,59,22,99,37.3
30002746,2,anxiety,7,111,130,49,16,100,36.5
30002747,2,knee pain,10,112,115,67,10,99,36.5
30002748,3,laceration,6,68,101,77,14,97,37.7
30002749,1,knee pain,8,119,136,59,20,96,37.9
30002750,3,knee pain,2,99,110,79,14,100,35.9
30002751,3,anxiety,7,80,64,96,20,98,37.0
30002752,3,shortness of breath,4,87,111,60,25,90,37.6
30002753,3,anxiety,3,95,93,77,14,97,37.5
30002754,3,chest pain,3,75,100,78,14,99,37.3
30002755,3,knee pain,4,107,113,104,20,100,37.1
30002756,4,knee pain,3,82,153,109,8,100,37.1
30002757,3,shortness of breath,7,93,139,81,25,98,38.3
30002758,4,abdominal pain,6,86,145,78,12,92,37.6
30002759,4,abdominal pain,6,104,139,74,17,100,36.7
30002760,3,abdominal pain,0,84,141,109,17,100,36.1
30002761,3,fall,7,73,126,71,17,96,37.0
30002762,3,fever,1,82,122,63,10,97,35.7
30002763,3,fever,3,99,107,85,23,100,36.5
30002764,3,fever,7,64,139,83,20,98,37.0
30002765,3,anxiety,1,101,121,66,18,98,37.0
30002766,2,laceration,7,85,147,76,12,98,37.5
30002767,3,shortness of breath,1,81,135,100,23,96,37.7
30002768,3,chest pain,4,91,146,71,18,97,35.6
30002769,3,chest pain,1,92,123,124,16,100,37.1
30002770,3,back pain,2,62,107,77,14,100,37.0
30002771,3,anxiety,0,82,112,73,18,97,37.0
30002772,1,shortness of breath,10,111,90,72,19,100,37.8
30002773,4,anxiety,6,99,116,67,21,100,36.4
30002774,4,shortness of breath,2,98,107,71,20,100,36.7
30002775,4,abdominal pain,6,46,111,85,20,96,37.1
30002776,3,headache,4,88,117,86,14,99,37.3
30002777,5,back pain,4,100,137,71,17,99,36.9
30002778,4,fall,1,96,135,61,27,95,36.2
30002779,2,back pain,9,66,165,48,18,99,36.4
30002780,1,headache,10,82,146,99,9,93,37.0
30002781,3,chest pain,2,83,90,68,22,98,37.8
30002782,4,shortness of breath,6,79,132,86,20,98,38.3
30002783,4,back pain,7,93,108,79,22,97,37.3
30002784,3,laceration,4,102,115,75,22,98,37.0
30002785,2,laceration,8,69,127,95,20,100,37.4
30002786,3,shortness of breath,5,74,112,62,19,99,37.4
30002787,5,abdominal pain,4,79,123,80,19,100,36.1
30002788,3,shortness of breath,0,78,139,76,20,100,37.1
30002789,4,fall,4,65,127,92,14,96,35.9
30002790,3,anxiety,6,88,153,59,16,98,37.1
30002791,3,anxiety,2,77,119,76,17,96,36.4
30002792,4,laceration,0,92,113,79,19,99,36.5
30002793,3,shortness of breath,7,78,135,106,16,98,38.0
30002794,4,fall,6,94,117,93,18,96,36.4
30002795,3,abdominal pain,5,75,122,84,17,95,36.5
30002796,3,knee pain,4,88,108,77,14,96,37.6
30002797,2,fall,9,80,107,58,15,97,37.0
30002798,4,headache,4,77,121,98,17,100,38.0
30002799,3,laceration,5,69,140,78,21,98,36.4
30002800,4,headache,4,73,86,85,17,97,36.1
30002801,3,laceration,7,88,135,101,11,96,36.4
30002802,5,anxiety,7,71,134,93,16,96,37.4
30002803,3,abdominal pain,3,84,105,100,20,97,37.7
30002804,3,laceration,4,81,160,90,18,97,37.1
30002805,3,shortness of breath,0,84,127,71,19,99,36.2
30002806,3,knee pain,3,82,120,92,18,99,37.5
30002807,4,abdominal pain,2,83,128,77,16,100,38.2
30002808,1,fever,7,78,111,90,19,95,36.9
30002809,3,back pain,3,85,123,68,18,99,36.8
30002810,3,abdominal pain,6,87,116,95,16,93,39.0
30002811,3,knee pain,3,78,133,87,12,94,37.5
30002812,5,anxiety,1,79,127,88,16,98,37.3
30002813,3,anxiety,1,91,118,69,14,98,36.7
30002814,3,fall,4,109,105,80,24,98,36.4
30002815,3,fever,0,103,108,83,14,97,37.0
30002816,3,back pain,2,92,109,87,21,99,37.0
30002817,3,shortness of breath,7,91,109,97,15,98,37.6
30002818,3,headache,7,87,138,95,14,99,36.5
30002819,3,chest pain,0,101,124,78,18,96,38.2
30002820,2,laceration,6,90,105,92,14,92,38.1
30002821,3,fever,6,66,129,72,11,95,38.2
30002822,3,chest pain,1,76,98,62,14,96,37.5
30002823,2,fever,10,98,100,79,13,96,35.2
30002824,4,headache,5,72,114,85,20,96,37.1
30002825,5,back pain,0,73,108,87,8,98,36.6
30002826,2,abdominal pain,9,92,99,84,24,96,37.5
30002827,4,chest pain,7,96,147,92,9,92,37.8
30002828,3,fall,7,68,109,81,16,97,37.3
30002829,1,shortness of breath,9,91,111,68,15,93,37.3
30002830,5,headache,6,92,123,94,18,94,37.5
30002831,2,abdominal pain,8,91,126,74,17,98,37.1
30002832,3,abdominal pain,3,53,117,79,18,99,37.5
30002833,5,laceration,1,81,122,89,22,98,36.9
30002834,3,anxiety,1,62,139,67,10,98,38.0
30002835,3,fever,4,71,112,61,20,100,37.9
30002836,2,anxiety,9,77,143,65,26,100,36.3
30002837,2,back pain,7,65,132,85,16,99,37.4
30002838,4,fever,5,62,129,105,13,100,37.2
30002839,3,back pain,1,61,147,63,22,96,36.4
30002840,3,headache,1,103,165,61,21,100,37.6
30002841,3,shortness of breath,3,104,118,77,13,100,36.8
30002842,3,back pain,0,56,117,63,14,100,36.4
30002843,3,chest pain,7,59,132,65,11,95,37.4
30002844,3,abdominal pain,2,81,124,94,13,99,37.7
30002845,3,fall,4,85,119,96,22,96,36.6
30002846,1,knee pain,7,102,119,80,23,96,37.7
30002847,2,abdominal pain,7,74,129,57,17,100,37.6
30002848,3,knee pain,3,91,148,78,16,95,35.5
30002849,2,fall,8,87,100,79,15,100,37.6
30002850,3,fall,7,101,108,76,16,98,36.8
30002851,2,laceration,6,62,121,53,18,99,37.8
30002852,4,headache,7,91,104,62,21,95,37.5
30002853,3,abdominal pain,7,68,134,90,20,94,34.9
30002854,4,back pain,5,67,120,59,19,100,37.6
30002855,3,fever,1,77,122,104,19,95,38.1
30002856,2,anxiety,7,78,137,64,27,95,36.7
30002857,2,abdominal pain,10,107,168,111,9,95,37.1
30002858,4,chest pain,7,77,159,80,22,95,37.6
30002859,3,shortness of breath,6,112,153,100,14,99,38.2
30002860,3,laceration,5,90,138,117,24,99,36.3
30002861,3,headache,0,108,118,86,17,100,36.0
30002862,4,anxiety,7,76,98,84,19,95,37.7
30002863,3,fever,1,103,89,76,22,93,37.2
30002864,2,headache,6,97,122,90,14,100,35.9
30002865,3,back pain,5,95,117,77,11,100,38.2
30002866,3,chest pain,7,80,110,61,19,96,37.1
30002867,3,shortness of breath,6,76,159,112,20,97,36.1
30002868,5,fever,4,105,114,83,15,99,37.3
30002869,3,anxiety,3,88,136,99,17,91,36.9
30002870,1,headache,6,85,153,98,15,94,37.1
30002871,3,chest pain,2,95,121,51,20,99,37.9
30002872,3,chest pain,5,52,88,110,20,93,37.4
30002873,4,headache,4,108,142,92,17,97,36.6
30002874,4,headache,3,98,159,83,13,92,37.8
30002875,3,fall,2,88,137,87,15,94,36.5
30002876,4,chest pain,3,71,113,86,20,94,36.9
30002877,3,anxiety,0,99,100,68,17,94,37.1
30002878,4,abdominal pain,7,76,172,108,23,95,37.2
30002879,3,shortness of breath,3,89,109,89,22,100,37.2
30002880,3,headache,3,78,171,81,19,97,38.5
30002881,4,fall,0,97,137,48,22,95,38.0
30002882,4,fall,6,93,117,58,26,96,35.6
30002883,5,back pain,7,69,136,78,15,100,37.6
30002884,4,anxiety,2,81,86,73,15,100,36.0
30002885,3,shortness of breath,2,64,128,99,16,99,37.6
30002886,3,shortness of breath,3,97,108,98,15,96,38.1
30002887,3,anxiety,7,89,125,75,10,99,36.9
30002888,2,back pain,9,94,103,82,14,95,37.9
30002889,1,fall,10,65,139,81,25,98,37.2
30002890,5,knee pain,7,75,126,72,22,97,37.1
30002891,5,back pain,2,97,162,76,15,99,36.9
30002892,3,knee pain,4,93,135,94,19,95,37.9
30002893,3,headache,4,96,137,55,19,95,36.2
30002894,4,headache,1,61,137,66,13,97,37.0
30002895,2,abdominal pain,6,74,103,91,22,100,36.8
30002896,4,fever,5,69,146,104,16,92,36.3
30002897,3,abdominal pain,5,106,100,91,26,97,36.8
30002898,3,knee pain,0,73,118,95,17,93,36.8
30002899,3,abdominal pain,7,71,136,64,15,98,38.1
30002900,4,fever,2,79,142,91,22,100,36.7
30002901,3,fall,2,118,134,76,15,98,35.5
30002902,2,fever,6,99,120,90,17,95,37.8
30002903,1,fall,8,89,169,100,19,96,37.7
30002904,2,anxiety,6,77,143,77,13,100,36.9
30002905,2,knee pain,6,73,133,93,17,96,36.5
30002906,3,back pain,2,101,106,51,19,97,36.2
30002907,3,knee pain,4,90,106,93,28,94,36.4
30002908,2,fall,10,75,153,68,21,97,38.0
30002909,3,anxiety,6,93,117,75,15,97,37.5
30002910,3,laceration,4,82,132,87,20,100,37.6
30002911,3,back pain,6,93,126,96,20,96,37.4
30002912,3,fall,1,77,107,104,20,92,37.4
30002913,3,knee pain,4,66,108,63,17,99,36.7
30002914,3,headache,3,55,135,91,27,94,37.1
30002915,3,fall,6,69,126,64,16,98,36.8
30002916,3,abdominal pain,4,51,108,67,16,94,37.0
30002917,4,knee pain,7,82,123,64,16,99,37.7
30002918,2,back pain,6,116,137,77,17,98,36.1
30002919,2,abdominal pain,9,80,115,82,14,100,37.9
30002920,3,abdominal pain,6,87,136,101,16,98,36.5
30002921,3,anxiety,5,89,114,85,18,97,37.7
30002922,2,shortness of breath,6,111,118,78,21,94,36.7
30002923,2,laceration,6,93,121,89,18,100,35.5
30002924,4,shortness of breath,6,96,120,85,15,100,36.1
30002925,3,anxiety,6,110,138,100,13,94,36.8
30002926,3,headache,5,84,100,89,19,98,37.4
30002927,3,laceration,0,88,132,85,24,100,36.5
30002928,1,knee pain,9,91,151,73,17,100,36.3
30002929,2,chest pain,8,93,145,101,20,96,36.9
30002930,4,anxiety,6,89,155,113,13,99,37.3
30002931,3,fever,5,105,127,78,18,100,36.5
30002932,2,fever,6,110,117,61,21,97,36.0
30002933,2,laceration,8,103,138,86,16,99,37.0
30002934,3,shortness of breath,3,76,128,102,15,100,36.7
30002935,2,headache,9,84,129,86,15,98,37.6
30002936,4,chest pain,0,89,134,80,23,92,36.6
30002937,1,anxiety,10,84,136,79,22,97,38.2
30002938,3,fall,3,102,118,78,19,100,35.6
30002939,3,shortness of breath,0,77,117,94,16,99,36.6
30002940,3,chest pain,4,79,133,56,14,96,37.2
30002941,3,fall,6,103,128,92,18,100,37.3
30002942,4,anxiety,4,69,116,100,19,100,38.4
30002943,1,knee pain,7,96,128,71,18,94,35.7
30002944,2,anxiety,7,78,72,100,22,95,36.7
30002945,3,knee pain,5,55,86,79,15,100,37.0
30002946,3,back pain,2,80,97,65,23,96,37.1
30002947,3,abdominal pain,5,92,102,95,18,93,37.3
30002948,3,back pain,4,94,143,90,15,92,37.4
30002949,3,fall,5,93,123,110,15,96,38.0
30002950,4,chest pain,1,71,135,66,20,98,37.7
30002951,4,back pain,1,91,110,122,20,96,36.0
30002952,2,anxiety,7,60,139,58,21,98,36.8
30002953,4,back pain,6,91,123,70,19,92,37.5
30002954,3,abdominal pain,4,85,139,103,21,94,36.7
30002955,3,back pain,0,90,136,76,21,98,38.3
30002956,3,anxiety,0,93,94,94,24,99,36.9
30002957,3,chest pain,0,82,107,77,23,100,36.3
30002958,2,laceration,10,90,136,82,21,100,36.0
30002959,5,chest pain,3,80,118,107,19,100,38.4
30002960,2,fall,8,71,108,76,16,95,38.0
30002961,3,fall,0,90,122,62,19,96,37.2
30002962,3,knee pain,6,80,103,86,11,100,36.3
30002963,3,abdominal pain,5,85,135,92,17,94,38.3
30002964,1,chest pain,10,94,101,82,16,97,36.2
30002965,2,headache,10,90,115,97,25,95,37.0
30002966,3,anxiety,7,68,98,107,23,100,35.5
30002967,3,back pain,1,108,68,85,20,98,37.3
30002968,3,anxiety,7,103,120,80,12,100,36.3
30002969,1,headache,6,70,145,77,22,97,37.4
30002970,2,shortness of breath,7,50,74,96,16,100,37.0
30002971,3,fall,6,81,135,89,19,100,36.7
30002972,3,back pain,5,88,104,69,25,100,36.7
30002973,4,shortness of breath,6,66,178,84,27,98,38.0
30002974,3,fever,4,86,108,85,25,100,38.0
30002975,3,fever,3,63,120,92,15,93,36.6
30002976,3,fever,5,93,105,78,16,95,37.7
30002977,3,chest pain,2,103,157,107,17,91,36.6
30002978,2,fall,7,77,165,63,17,95,38.0
30002979,4,fall,3,88,140,94,21,100,37.8
30002980,4,headache,0,67,163,63,13,100,38.1
30002981,3,chest pain,2,75,141,80,22,93,35.5
30002982,5,fever,1,78,120,87,20,100,36.1
30002983,3,fever,4,82,121,94,19,96,37.8
30002984,2,back pain,6,74,82,36,23,95,37.6
30002985,5,shortness of breath,4,99,127,64,7,96,37.6
30002986,3,shortness of breath,2,69,90,73,16,100,37.2
30002987,4,back pain,4,99,121,69,24,99,37.0
30002988,3,laceration,4,97,144,51,21,97,37.3
30002989,4,fall,1,67,159,75,18,100,37.4
30002990,4,fall,1,65,138,89,25,96,36.2
30002991,4,chest pain,4,87,110,69,28,98,38.2
30002992,2,back pain,6,74,88,75,14,95,37.4
30002993,3,abdominal pain,5,83,145,89,25,97,36.8
30002994,3,shortness of breath,2,81,136,70,18,100,36.9
30002995,3,back pain,7,88,127,104,20,96,36.8
30002996,3,back pain,7,93,155,80,19,100,37.0
30002997,3,headache,7,67,146,76,17,89,36.5
30002998,3,headache,7,92,127,80,18,93,37.4
30002999,3,anxiety,7,86,131,89,16,95,36.8
30003000,2,laceration,10,88,128,68,19,99,37.0
30003001,3,laceration,0,66,123,73,22,100,36.6
30003002,3,back pain,2,98,82,87,23,97,36.3
30003003,3,shortness of breath,0,68,162,82,16,93,36.9
30003004,3,laceration,3,98,109,70,7,100,37.6
30003005,3,fever,5,67,129,66,11,90,37.3
30003006,4,laceration,0,83,111,76,20,96,37.1
30003007,3,chest pain,6,70,136,58,15,99,36.3
30003008,2,laceration,10,62,136,71,17,97,36.7
30003009,3,knee pain,0,69,112,69,20,98,38.0
30003010,3,chest pain,3,74,138,103,19,100,36.7
30003011,5,shortness of breath,2,70,125,86,20,98,37.3
30003012,2,knee pain,8,103,108,96,20,100,38.4
30003013,1,headache,9,63,128,86,19,92,35.9
30003014,3,anxiety,5,72,113,66,18,92,37.3
30003015,3,laceration,5,109,153,85,12,98,36.7
30003016,1,abdominal pain,6,35,156,77,16,99,36.4
30003017,3,anxiety,0,91,95,74,23,100,36.6
30003018,3,anxiety,2,96,92,91,13,97,37.2
30003019,3,shortness of breath,4,81,99,86,22,90,36.7
30003020,3,shortness of breath,5,78,126,102,16,97,37.1
30003021,3,anxiety,4,82,174,80,19,100,36.4
30003022,3,back pain,5,88,82,91,18,96,37.5
30003023,3,fall,0,104,106,81,16,94,39.2
30003024,5,knee pain,6,98,125,96,23,95,37.6
30003025,3,chest pain,7,70,147,82,23,95,36.3
30003026,2,fall,9,73,120,103,19,99,37.9
30003027,4,laceration,5,75,134,55,16,94,36.4
30003028,3,knee pain,6,105,140,97,19,100,37.4
30003029,3,abdominal pain,0,66,128,108,20,93,36.5
30003030,4,headache,0,97,142,102,25,92,38.0
30003031,5,headache,0,101,125,67,15,98,35.8
30003032,4,laceration,7,58,121,101,22,97,38.1
30003033,4,headache,0,57,98,76,19,95,36.6
30003034,4,shortness of breath,6,89,101,90,17,98,37.7
30003035,3,shortness of breath,4,89,102,72,19,97,38.7
30003036,4,headache,1,97,115,88,15,92,37.2
30003037,3,abdominal pain,5,116,76,65,20,95,36.2
30003038,4,fever,6,88,90,35,16,98,36.2
30003039,3,anxiety,2,57,132,63,21,100,36.3
30003040,4,knee pain,0,74,135,60,17,96,36.9
30003041,2,knee pain,7,96,137,61,16,97,36.6
30003042,3,laceration,5,106,102,75,16,95,37.9
30003043,3,back pain,3,67,144,96,20,92,36.5
30003044,1,fever,8,83,134,92,21,100,38.2
30003045,4,shortness of breath,0,54,149,76,15,96,38.1
30003046,2,fall,10,81,116,65,18,100,35.7
30003047,4,back pain,7,54,124,81,22,94,38.5
30003048,3,back pain,1,66,134,69,14,93,36.6
30003049,3,anxiety,0,80,137,89,17,98,37.7
30003050,2,headache,8,85,106,48,23,100,37.4
30003051,4,fever,5,82,118,86,20,93,36.3
30003052,2,abdominal pain,9,73,142,57,15,96,37.3
30003053,4,shortness of breath,7,89,117,60,11,95,36.7
30003054,2,fever,10,81,138,54,18,99,36.4
30003055,4,laceration,4,80,95,63,16,96,37.9
30003056,3,fever,0,105,123,105,17,99,37.6
30003057,3,chest pain,6,104,126,90,17,92,37.1
30003058,3,knee pain,5,98,129,85,12,95,37.7
30003059,4,headache,1,75,180,87,24,100,36.4
30003060,3,abdominal pain,4,80,100,103,22,99,37.6
30003061,4,fall,5,74,138,71,14,95,36.9
30003062,2,headache,8,55,126,65,14,100,37.2
30003063,3,fall,5,88,129,102,28,99,38.3
30003064,3,headache,2,96,117,75,20,96,37.1
30003065,3,abdominal pain,3,94,115,94,16,94,36.4
30003066,3,anxiety,2,95,118,70,23,98,37.8
30003067,3,laceration,3,67,114,82,17,100,36.6
30003068,3,shortness of breath,0,107,120,91,13,96,37.7
30003069,3,laceration,4,99,136,92,16,98,36.7
30003070,3,headache,6,98,158,98,21,94,37.5
30003071,3,fall,0,65,130,76,30,96,36.9
30003072,3,laceration,2,86,135,72,22,96,39.1
30003073,3,fall,4,76,138,76,17,97,36.7
30003074,3,anxiety,3,88,142,105,12,98,37.2
30003075,3,fever,3,113,130,91,17,100,36.0
30003076,4,laceration,4,87,106,83,14,96,36.6
30003077,3,chest pain,4,72,152,61,18,99,38.0
30003078,4,shortness of breath,6,66,117,78,13,93,36.7
30003079,3,laceration,6,79,119,83,14,93,37.4
30003080,2,headache,10,89,146,75,13,99,36.8
30003081,4,abdominal pain,5,109,145,91,17,93,37.1
30003082,5,headache,3,83,92,72,11,97,36.1
30003083,3,headache,2,80,74,81,19,100,37.3
30003084,4,fall,7,89,103,82,21,100,36.1
30003085,3,chest pain,6,99,118,67,11,97,36.9
30003086,4,anxiety,0,62,95,78,15,100,36.7
30003087,3,fever,1,95,150,79,8,95,36.5
30003088,1,shortness of breath,9,92,98,86,24,98,37.2
30003089,3,abdominal pain,0,77,118,74,20,95,35.4
30003090,3,chest pain,5,92,144,81,17,97,36.1
30003091,3,anxiety,0,94,134,94,22,100,37.2
30003092,3,headache,4,94,129,67,18,95,35.7
30003093,2,fall,7,94,122,59,18,96,37.0
30003094,4,knee pain,1,133,105,121,14,96,37.1
30003095,1,chest pain,9,61,138,101,19,97,35.7
30003096,4,abdominal pain,3,107,140,79,19,100,37.7
30003097,3,chest pain,3,110,111,118,20,96,37.4
30003098,3,fall,7,82,170,64,18,98,36.4
30003099,3,knee pain,5,77,138,74,24,96,36.3
30003100,3,laceration,1,84,134,84,16,98,38.7
30003101,4,abdominal pain,0,46,110,99,14,95,37.1
30003102,3,fever,2,98,122,95,14,92,37.8
30003103,3,fever,2,76,76,99,20,100,36.8
30003104,4,abdominal pain,7,113,144,78,17,92,36.6
30003105,3,shortness of breath,0,72,120,111,25,98,37.8
30003106,3,fall,2,101,140,94,21,95,35.5
30003107,4,fever,6,72,158,91,19,99,36.3
30003108,3,chest pain,0,83,134,85,14,95,37.4
30003109,3,headache,7,84,110,58,20,91,36.3
30003110,4,headache,4,99,142,63,16,96,37.8
30003111,3,shortness of breath,0,88,125,85,23,93,37.8
30003112,3,shortness of breath,6,133,112,66,17,98,36.7
30003113,4,headache,7,76,139,73,16,95,36.4
30003114,2,abdominal pain,9,87,152,84,19,99,37.3
30003115,4,shortness of breath,3,98,121,76,16,99,37.5
30003116,3,headache,3,78,116,80,13,94,37.1
30003117,4,back pain,2,87,134,103,22,98,36.0
30003118,2,knee pain,9,95,127,87,15,98,38.2
30003119,2,laceration,10,42,93,98,13,98,37.1
30003120,4,back pain,2,69,127,77,15,98,35.2
30003121,5,abdominal pain,3,100,116,64,14,95,37.8
30003122,4,knee pain,0,70,126,108,25,100,36.9
30003123,5,laceration,1,69,105,68,11,97,36.7
30003124,3,anxiety,3,83,124,94,14,100,36.4
30003125,3,shortness of breath,0,83,86,66,22,96,36.7
30003126,3,abdominal pain,3,79,116,91,20,96,37.5
30003127,1,anxiety,6,75,132,71,17,94,36.5
30003128,3,abdominal pain,4,107,149,69,29,96,37.3
30003129,2,fall,9,74,171,67,15,94,36.7
30003130,3,abdominal pain,7,72,119,83,17,97,37.4
30003131,3,knee pain,1,99,111,92,14,100,36.7
30003132,3,knee pain,0,105,140,80,19,96,37.4
30003133,3,headache,3,78,88,82,16,97,35.5
30003134,2,back pain,9,99,127,54,19,95,36.2
30003135,3,fever,1,89,124,128,16,97,36.3
30003136,2,anxiety,7,101,120,78,19,100,37.3
30003137,3,anxiety,1,110,108,54,15,96,37.0
30003138,3,chest pain,1,63,105,120,13,99,36.7
30003139,2,chest pain,9,105,114,65,20,93,37.7
30003140,3,headache,2,95,128,94,19,95,36.6
30003141,1,headache,7,86,146,83,23,98,37.9
30003142,3,chest pain,7,85,145,73,22,98,37.0
30003143,4,laceration,4,80,144,89,15,100,36.2
30003144,2,laceration,7,53,147,76,21,100,37.3
30003145,2,back pain,6,116,150,91,18,97,36.3
30003146,5,laceration,0,91,149,65,14,94,36.6
30003147,3,anxiety,4,74,147,68,15,96,37.8
30003148,4,back pain,6,91,128,72,19,97,36.7
30003149,3,knee pain,3,69,127,96,19,96,36.5
30003150,4,knee pain,2,84,108,94,20,97,38.0
30003151,3,abdominal pain,6,84,127,88,14,95,35.8
30003152,3,abdominal pain,6,105,141,92,17,92,36.2
30003153,2,shortness of breath,8,82,123,80,16,96,38.0
30003154,3,laceration,6,67,98,74,21,93,36.5
30003155,4,knee pain,3,64,164,85,24,100,37.5
30003156,3,laceration,3,87,174,84,14,95,36.3
30003157,3,shortness of breath,6,73,117,92,15,97,37.4
30003158,2,anxiety,6,94,150,73,26,100,37.9
30003159,3,back pain,4,77,144,60,12,96,36.2
30003160,3,anxiety,6,93,99,69,20,98,36.6
30003161,4,shortness of breath,2,92,97,81,19,96,35.7
30003162,3,headache,6,102,88,60,16,96,37.0
30003163,3,abdominal pain,2,89,109,80,22,97,36.7
30003164,3,fall,2,102,150,78,21,100,37.4
30003165,3,back pain,1,85,157,62,12,96,36.9
30003166,4,fever,7,74,113,74,13,100,37.6
30003167,4,knee pain,2,101,122,77,18,97,37.8
30003168,2,shortness of breath,10,130,154,41,23,100,36.7
30003169,3,fever,6,91,105,78,15,96,38.9
30003170,5,shortness of breath,3,83,95,87,17,95,38.3
30003171,2,headache,7,65,132,84,18,96,34.9
30003172,3,fall,7,72,121,100,10,97,37.2
30003173,4,fall,4,74,105,73,17,99,35.6
30003174,3,anxiety,6,56,147,83,15,97,35.8
30003175,3,knee pain,1,88,123,90,17,98,36.4
30003176,3,back pain,3,92,115,108,19,96,37.2
30003177,3,fall,3,65,138,57,24,96,38.0
30003178,3,fall,5,79,115,68,11,92,37.7
30003179,4,anxiety,4,82,141,87,13,98,36.3
30003180,3,headache,5,66,118,92,23,99,37.4
30003181,2,shortness of breath,10,76,94,88,18,93,37.2
30003182,2,chest pain,7,74,137,70,18,95,37.0
30003183,3,fever,1,84,107,66,13,95,35.5
30003184,3,chest pain,1,93,114,64,14,99,36.9
30003185,3,knee pain,5,74,124,70,19,92,37.4
30003186,4,shortness of breath,6,95,107,102,25,97,36.5
30003187,4,anxiety,5,57,145,94,21,97,37.5
30003188,4,anxiety,1,67,112,76,15,95,37.7
30003189,3,abdominal pain,4,108,79,86,23,96,36.4
30003190,4,back pain,7,50,135,79,22,97,37.9
30003191,4,fall,1,92,126,82,20,92,35.8
30003192,2,back pain,10,98,142,72,25,98,36.3
30003193,3,chest pain,6,85,117,70,18,94,37.9
30003194,5,anxiety,6,80,130,65,19,100,36.0
30003195,3,laceration,4,60,111,94,17,95,37.6
30003196,3,laceration,3,72,125,93,19,100,38.2
30003197,4,shortness of breath,6,85,119,112,14,98,36.7
30003198,3,chest pain,7,109,107,79,19,94,37.2
30003199,3,back pain,4,95,137,72,18,99,38.7
30003200,3,headache,4,87,134,96,17,97,37.2
30003201,5,laceration,7,83,131,52,21,93,35.5
30003202,3,shortness of breath,2,88,138,100,24,100,37.7
30003203,4,chest pain,7,87,110,70,21,94,36.4
30003204,3,headache,6,93,125,41,16,99,37.4
30003205,3,shortness of breath,6,65,156,61,13,94,36.4
30003206,3,shortness of breath,0,64,146,83,31,100,37.4
30003207,3,fall,1,112,127,72,13,94,36.6
30003208,4,fall,1,66,156,98,18,98,36.2
30003209,4,fever,6,96,103,76,9,100,37.2
30003210,3,anxiety,0,99,147,86,7,100,36.7
30003211,5,back pain,3,83,116,85,19,100,36.8
30003212,3,chest pain,1,84,100,104,23,95,36.9
30003213,3,fall,3,93,155,94,12,95,37.1
30003214,3,shortness of breath,4,76,122,79,24,97,37.6
30003215,4,fever,7,68,136,129,16,97,37.0
30003216,4,anxiety,5,99,102,83,22,96,37.7
30003217,3,back pain,7,77,110,79,12,94,39.9
30003218,1,fall,7,89,109,84,15,96,37.4
30003219,3,chest pain,0,75,110,60,27,95,36.5
30003220,3,fever,3,95,119,93,21,98,37.4
30003221,2,shortness of breath,6,105,143,62,22,95,38.4
30003222,3,laceration,7,101,125,91,26,98,36.9
30003223,3,anxiety,1,77,124,75,19,99,37.5
30003224,3,headache,2,75,112,91,19,94,36.7
30003225,3,laceration,1,73,163,46,18,94,38.0
30003226,5,abdominal pain,7,79,115,76,13,97,37.0
30003227,3,back pain,7,68,83,76,25,99,35.8
30003228,3,knee pain,3,87,90,89,20,95,37.0
30003229,4,fever,4,77,109,89,21,91,36.2
30003230,3,headache,7,112,170,89,17,94,37.4
30003231,4,fever,7,78,138,70,19,94,36.3
30003232,5,shortness of breath,6,70,141,76,15,93,36.2
30003233,3,headache,2,123,111,77,18,93,37.2
30003234,3,abdominal pain,3,105,147,90,17,100,36.2
30003235,2,chest pain,7,83,141,86,20,99,37.5
30003236,2,anxiety,9,113,128,106,19,100,38.0
30003237,4,back pain,6,82,135,95,16,94,37.4
30003238,3,shortness of breath,6,94,125,55,12,100,36.9
30003239,3,back pain,2,93,169,87,15,98,37.1
30003240,3,back pain,1,102,157,63,16,100,36.4
30003241,4,headache,4,79,124,73,20,99,36.6
30003242,4,laceration,0,90,144,97,22,100,37.5
30003243,2,knee pain,6,79,131,89,14,92,38.3
30003244,2,fall,6,90,122,101,20,93,36.2
30003245,2,back pain,9,78,149,84,17,96,37.2
30003246,4,laceration,2,83,138,91,19,98,36.9
30003247,3,shortness of breath,5,91,101,86,15,100,37.2
30003248,1,abdominal pain,8,66,140,91,17,92,35.0
30003249,3,laceration,7,78,110,85,19,98,36.7
30003250,4,abdominal pain,3,73,153,80,19,97,37.1
30003251,1,abdominal pain,10,89,167,71,15,93,38.6
30003252,5,shortness of breath,2,87,145,118,20,100,35.3
30003253,3,fever,6,98,86,105,27,97,37.2
30003254,3,fever,3,84,128,76,15,97,37.9
30003255,4,knee pain,3,60,148,96,14,96,35.8
30003256,3,fever,2,82,133,74,21,98,37.2
30003257,3,shortness of breath,5,60,119,92,16,97,37.7
30003258,3,fever,3,102,127,70,14,98,37.8
30003259,3,anxiety,5,69,128,71,14,100,37.3
30003260,2,knee pain,7,48,78,68,17,91,38.0
30003261,4,chest pain,3,79,149,78,20,97,37.8
30003262,5,back pain,4,65,100,80,21,96,36.7
30003263,2,fever,8,64,94,83,15,100,38.2
30003264,3,fever,2,99,89,78,20,100,36.3
30003265,3,laceration,5,84,186,69,15,98,36.6
30003266,3,headache,5,70,118,99,20,89,36.4
30003267,3,back pain,1,88,157,83,22,95,35.9
30003268,3,fever,5,85,130,66,22,98,36.6
30003269,1,headache,10,86,134,93,17,100,36.9
30003270,3,headache,6,112,112,59,16,98,35.4
30003271,2,anxiety,8,89,111,80,21,97,35.7
30003272,3,fall,7,80,153,90,14,95,37.4
30003273,3,back pain,5,65,137,63,17,100,36.5
30003274,3,back pain,2,62,102,60,20,99,36.5
30003275,4,abdominal pain,5,85,145,85,21,98,36.9
30003276,5,laceration,2,95,139,84,18,100,38.5
30003277,4,shortness of breath,5,76,105,69,17,100,35.9
30003278,2,fall,6,97,148,72,15,100,39.3
30003279,3,laceration,4,96,126,98,18,97,35.8
30003280,3,laceration,5,79,111,52,16,100,37.0
30003281,3,laceration,4,97,132,48,16,95,37.5
30003282,3,anxiety,7,86,99,71,19,97,35.8
30003283,3,fall,3,96,113,94,17,100,36.6
30003284,3,fall,2,100,126,78,19,95,35.9
30003285,4,headache,5,77,136,87,17,96,37.1
30003286,4,anxiety,6,111,162,63,16,97,37.7
30003287,3,anxiety,1,78,104,48,17,97,37.9
30003288,5,abdominal pain,1,80,118,99,19,94,37.1
30003289,3,shortness of breath,6,103,110,83,19,98,39.2
30003290,4,shortness of breath,1,103,115,82,11,100,37.0
30003291,3,headache,4,83,127,86,19,96,36.5
30003292,3,fever,7,90,126,84,19,100,37.2
30003293,4,anxiety,7,84,93,83,17,98,37.9
30003294,4,laceration,0,65,79,53,16,99,36.5
30003295,3,anxiety,2,61,145,89,23,98,37.5
30003296,3,abdominal pain,4,78,137,58,24,98,36.9
30003297,4,abdominal pain,0,86,95,57,22,94,36.0
30003298,2,laceration,7,69,134,62,10,95,35.5
30003299,1,laceration,7,89,126,71,17,94,36.3
30003300,4,fever,6,85,116,95,17,99,36.6
30003301,3,headache,5,59,140,106,16,94,37.7
30003302,3,fall,1,82,94,50,25,97,37.3
30003303,3,laceration,2,71,115,82,21,95,36.9
30003304,3,knee pain,0,119,130,70,19,95,37.3
30003305,3,back pain,2,92,118,86,18,100,37.4
30003306,3,laceration,4,64,141,70,23,94,38.6
30003307,3,laceration,1,105,142,100,25,100,37.1
30003308,2,headache,9,79,178,76,19,96,36.7
30003309,1,anxiety,9,99,101,87,15,98,36.5
30003310,3,chest pain,5,95,105,60,13,95,37.5
30003311,2,fall,10,81,117,62,20,96,36.8
30003312,5,chest pain,2,50,164,85,23,100,37.5
30003313,3,laceration,3,84,100,79,19,97,38.5
30003314,3,laceration,5,65,158,97,23,99,37.3
30003315,3,fever,3,100,134,104,15,97,36.6
30003316,4,knee pain,1,82,114,56,22,100,36.9
30003317,2,fall,7,95,127,73,17,100,38.8
30003318,5,shortness of breath,1,70,122,66,17,92,35.8
30003319,3,knee pain,1,98,107,77,15,94,38.0
30003320,3,laceration,5,87,124,90,15,95,37.1
30003321,3,back pain,2,104,105,76,16,96,36.9
30003322,4,fall,5,72,115,68,25,96,36.5
30003323,3,anxiety,4,86,136,62,17,93,38.2
30003324,4,shortness of breath,3,64,86,78,16,100,37.2
30003325,2,knee pain,6,57,120,94,22,97,36.8
30003326,4,headache,1,78,119,65,15,99,38.0
30003327,4,knee pain,1,113,125,70,18,95,37.2
30003328,3,fever,3,96,124,73,17,95,35.6
30003329,3,headache,7,98,124,83,23,93,36.0
30003330,3,chest pain,3,82,113,59,16,96,36.4
30003331,2,anxiety,7,109,150,80,20,99,36.0
30003332,3,fall,3,74,160,72,18,94,35.9
30003333,3,shortness of breath,7,115,141,73,24,94,36.7
30003334,4,fever,7,83,141,98,13,100,37.8
30003335,3,knee pain,5,95,123,77,21,96,36.2
30003336,3,fever,3,84,98,88,25,96,37.2
30003337,5,chest pain,4,103,84,83,15,96,36.7
30003338,3,laceration,6,103,156,71,20,100,36.3
30003339,3,laceration,3,57,130,89,13,94,37.7
30003340,3,fall,4,103,140,85,14,100,37.3
30003341,3,chest pain,7,75,142,86,18,98,36.8
30003342,4,fall,7,91,111,84,12,98,37.3
30003343,4,back pain,0,76,128,58,20,100,36.7
30003344,4,headache,6,73,134,63,18,100,38.3
30003345,3,fever,4,96,152,109,20,100,37.2
30003346,3,fever,5,93,152,66,15,99,36.8
30003347,4,fever,1,102,115,69,10,100,36.9
30003348,2,abdominal pain,10,102,135,97,15,95,37.7
30003349,2,fall,6,91,124,76,25,99,36.3
30003350,4,chest pain,5,56,120,98,20,97,36.1
30003351,5,shortness of breath,7,89,142,58,18,100,35.8
30003352,4,back pain,6,85,143,70,20,100,37.6
30003353,3,headache,6,87,146,75,19,92,37.4
30003354,3,back pain,3,93,115,119,20,96,38.0
30003355,3,fall,5,91,92,80,21,95,37.3
30003356,3,laceration,3,99,148,87,19,98,36.2
30003357,3,laceration,3,71,98,103,20,99,37.0
30003358,3,chest pain,1,69,109,62,20,98,37.5
30003359,3,abdominal pain,3,82,152,57,24,96,37.9
30003360,3,knee pain,7,106,120,94,19,100,36.6
30003361,3,chest pain,7,93,96,47,21,95,37.2
30003362,2,laceration,6,66,115,55,21,100,36.8
30003363,4,shortness of breath,2,81,132,39,14,94,36.9
30003364,3,chest pain,4,74,113,68,11,92,36.4
30003365,2,back pain,7,81,118,72,16,96,35.7
30003366,4,shortness of breath,5,91,119,82,14,97,36.8
30003367,3,fever,1,88,129,117,10,93,36.2
30003368,3,laceration,3,70,168,91,23,96,35.7
30003369,4,abdominal pain,1,93,97,75,25,98,36.6
30003370,2,laceration,9,100,136,69,9,93,37.7
30003371,3,headache,4,99,118,77,19,94,36.5
30003372,2,shortness of breath,10,60,120,79,18,94,36.6
30003373,1,headache,8,94,152,66,26,97,37.1
30003374,3,knee pain,0,96,136,87,13,92,36.9
30003375,4,shortness of breath,4,96,135,73,15,95,37.9
30003376,3,headache,3,94,111,76,20,100,37.4
30003377,2,laceration,7,84,128,81,12,95,36.7
30003378,4,anxiety,6,95,111,66,21,97,37.3
30003379,3,headache,3,91,121,61,12,100,36.1
30003380,4,back pain,6,63,98,66,15,100,37.3
30003381,1,back pain,10,52,153,72,23,93,35.7
30003382,1,shortness of breath,6,76,138,76,18,98,36.5
30003383,4,laceration,1,77,119,64,17,97,36.6
30003384,3,back pain,3,85,131,68,20,91,37.5
30003385,2,headache,8,61,112,91,20,95,37.1
30003386,4,anxiety,3,87,94,84,14,94,35.2
30003387,3,knee pain,0,49,110,91,14,94,37.1
30003388,1,knee pain,8,91,133,84,18,95,38.5
30003389,3,chest pain,2,81,83,108,19,92,36.9
30003390,3,abdominal pain,4,107,78,63,19,100,36.4
30003391,3,fever,7,93,106,94,14,92,37.9
30003392,2,anxiety,6,85,132,82,17,99,37.6
30003393,2,shortness of breath,9,85,71,104,20,96,39.0
30003394,4,chest pain,5,68,88,111,10,100,36.6
30003395,3,fall,3,81,124,65,25,94,37.5
30003396,2,knee pain,7,114,130,92,13,92,38.0
30003397,2,fall,10,94,114,70,20,95,36.0
30003398,4,knee pain,5,77,133,95,21,100,36.0
30003399,2,laceration,7,67,121,81,16,100,35.9
30003400,5,chest pain,6,73,165,92,18,96,37.4
30003401,3,headache,4,76,118,83,24,98,37.5
30003402,3,headache,3,53,117,83,19,95,35.3
30003403,3,abdominal pain,3,62,123,97,24,97,37.8
30003404,4,laceration,2,92,136,70,21,98,38.0
30003405,3,anxiety,6,88,135,80,16,96,37.8
30003406,4,chest pain,5,81,133,72,19,99,36.5
30003407,3,abdominal pain,5,104,176,97,20,96,36.9
30003408,2,laceration,7,74,143,84,23,96,39.0
30003409,3,anxiety,0,88,147,105,19,94,38.3
30003410,3,abdominal pain,3,81,91,81,18,97,37.5
30003411,3,anxiety,3,96,128,72,11,97,38.7
30003412,3,headache,0,66,102,86,21,93,37.3
30003413,2,abdominal pain,10,66,149,66,19,95,36.8
30003414,3,anxiety,4,53,163,109,9,93,36.8
30003415,3,chest pain,7,85,111,62,17,98,35.9
30003416,3,laceration,2,46,120,97,25,94,36.1
30003417,4,headache,6,96,99,83,16,97,37.1
30003418,1,back pain,10,56,108,76,15,95,35.9
30003419,2,back pain,7,67,132,77,17,96,36.1
30003420,4,anxiety,3,87,123,66,17,99,38.3
30003421,3,anxiety,1,53,153,97,18,96,38.5
30003422,4,knee pain,3,63,151,82,16,97,36.3
30003423,2,knee pain,9,40,98,98,11,95,36.6
30003424,3,chest pain,3,85,155,69,17,100,38.2
30003425,3,chest pain,5,97,115,78,20,99,36.4
30003426,3,fall,5,86,133,73,17,92,37.3
30003427,1,fall,6,78,161,86,21,96,35.6
30003428,2,abdominal pain,7,88,161,88,18,100,37.4
30003429,3,knee pain,4,79,144,68,21,97,37.3
30003430,4,abdominal pain,4,59,102,68,14,97,37.9
30003431,3,abdominal pain,5,81,146,78,15,99,37.2
30003432,3,chest pain,1,74,141,98,27,94,38.2
30003433,3,anxiety,4,111,135,121,14,100,36.7
30003434,2,shortness of breath,9,68,125,71,16,96,35.9
30003435,4,shortness of breath,4,92,123,97,22,93,38.2
30003436,3,knee pain,1,80,100,58,14,94,37.5
30003437,2,fever,7,88,148,73,9,94,36.5
30003438,3,abdominal pain,7,87,144,85,13,100,37.2
30003439,2,anxiety,8,86,125,82,21,100,38.2
30003440,2,anxiety,9,95,140,101,16,97,37.2
30003441,3,headache,2,96,112,89,14,95,38.0
30003442,3,fall,1,87,132,70,15,95,36.4
30003443,3,fever,2,85,107,92,7,98,37.7
30003444,3,shortness of breath,0,105,148,82,23,96,37.9
30003445,3,chest pain,4,114,123,75,18,95,35.9
30003446,3,abdominal pain,6,67,101,87,20,99,35.9
30003447,2,fall,8,96,132,98,17,97,36.5
30003448,4,knee pain,5,71,126,61,21,95,36.2
30003449,2,fever,10,73,145,78,18,94,36.8
30003450,3,shortness of breath,3,84,134,88,24,90,36.3
30003451,4,abdominal pain,4,73,111,88,21,94,38.1
30003452,3,abdominal pain,5,51,126,73,16,97,37.7
30003453,3,anxiety,6,64,117,80,14,95,35.6
30003454,2,headache,8,56,147,73,21,90,37.3
30003455,2,fever,8,77,108,68,10,100,38.0
30003456,3,fever,7,77,117,97,14,100,36.4
30003457,3,anxiety,1,64,136,56,12,91,38.1
30003458,4,back pain,5,88,139,55,10,93,37.3
30003459,3,fall,0,85,130,93,19,97,37.1
30003460,4,shortness of breath,4,84,145,97,11,96,36.5
30003461,3,laceration,3,92,87,96,14,96,37.9
30003462,5,shortness of breath,6,67,90,83,13,96,36.9
30003463,4,laceration,3,93,109,53,17,100,36.0
30003464,3,shortness of breath,4,107,136,93,15,98,36.0
30003465,3,abdominal pain,3,77,110,100,25,97,35.7
30003466,2,knee pain,9,78,112,66,19,98,38.4
30003467,3,shortness of breath,6,82,138,108,15,95,37.6
30003468,3,knee pain,4,101,136,125,19,93,35.8
30003469,2,chest pain,8,82,114,68,13,95,36.4
30003470,3,laceration,5,77,138,80,16,99,38.0
30003471,2,fever,8,100,126,87,21,97,36.2
30003472,4,abdominal pain,6,86,149,67,26,96,36.1
30003473,4,abdominal pain,2,70,152,87,19,98,36.9
30003474,3,laceration,4,85,127,71,23,98,36.8
30003475,3,laceration,6,91,142,36,25,98,36.9
30003476,3,fever,1,102,139,72,16,99,37.1
30003477,2,chest pain,7,77,135,80,19,91,36.9
30003478,4,back pain,1,86,104,79,18,98,36.6
30003479,3,anxiety,6,91,146,87,24,96,37.1
30003480,2,abdominal pain,9,79,121,84,20,100,37.3
30003481,4,chest pain,0,88,92,85,20,100,38.2
30003482,3,fall,6,78,136,104,10,100,37.0
30003483,4,fever,6,67,108,62,24,98,36.3
30003484,3,knee pain,0,98,110,100,19,96,36.9
30003485,3,laceration,6,73,121,66,8,100,35.0
30003486,4,fever,3,103,145,80,16,96,37.8
30003487,3,anxiety,3,98,122,93,20,96,38.2
30003488,4,shortness of breath,4,74,146,56,14,98,38.1
30003489,3,fever,0,76,117,67,16,91,38.2
30003490,3,chest pain,1,67,131,56,23,97,37.9
30003491,2,anxiety,8,74,138,50,16,99,36.1
30003492,3,headache,1,90,101,75,20,99,36.8
30003493,1,knee pain,6,80,101,62,15,98,38.5
30003494,3,chest pain,4,112,142,82,14,100,36.3
30003495,2,knee pain,10,86,125,93,15,94,38.9
30003496,3,chest pain,2,73,127,88,22,95,36.8
30003497,3,fall,2,83,144,67,18,95,37.6
30003498,4,laceration,2,102,147,88,19,99,37.4
30003499,2,headache,6,84,90,84,15,98,37.8
30003500,2,back pain,8,73,152,87,7,97,37.4
30003501,4,anxiety,5,85,149,96,16,96,36.7
30003502,2,abdominal pain,7,109,134,87,24,100,36.9
30003503,2,fall,8,70,131,108,21,95,36.1
30003504,3,headache,1,91,110,108,17,94,36.6
30003505,3,anxiety,4,89,132,82,14,97,37.5
30003506,3,fall,5,89,123,69,17,99,37.4
30003507,3,back pain,2,74,122,77,20,98,35.5
30003508,4,shortness of breath,5,104,112,90,20,91,38.3
30003509,3,chest pain,5,88,124,74,22,100,38.0
30003510,2,laceration,8,74,126,73,13,94,36.0
30003511,3,anxiety,2,92,100,116,16,94,37.5
30003512,5,fever,0,84,107,82,16,100,35.4
30003513,3,anxiety,1,81,115,111,18,97,35.8
30003514,4,shortness of breath,3,87,108,74,13,99,38.4
30003515,3,fall,6,76,131,69,24,95,38.5
30003516,2,fall,10,107,106,67,20,100,37.5
30003517,3,knee pain,1,93,135,101,25,97,37.2
30003518,4,back pain,0,71,142,82,19,93,37.2
30003519,3,abdominal pain,7,95,117,70,14,95,36.3
30003520,5,fever,4,69,127,83,20,97,36.8
30003521,3,shortness of breath,6,98,92,82,17,98,35.5
30003522,5,chest pain,6,101,124,68,18,98,38.7
30003523,5,shortness of breath,5,74,147,75,18,96,36.9
30003524,3,laceration,7,55,108,68,13,94,38.1
30003525,2,chest pain,9,83,114,70,23,98,35.6
30003526,3,fever,4,93,140,82,19,100,38.5
30003527,4,headache,1,90,127,93,15,98,36.9
30003528,2,abdominal pain,10,110,157,106,20,96,36.9
30003529,3,shortness of breath,6,75,125,67,19,100,37.5
30003530,3,chest pain,7,71,112,99,15,97,36.9
30003531,3,fever,3,82,137,79,19,92,36.2
30003532,1,fever,10,78,143,64,20,95,37.4
30003533,4,headache,0,108,160,89,18,92,36.4
30003534,4,anxiety,3,103,118,62,17,96,37.5
30003535,3,headache,0,57,138,80,12,96,36.9
30003536,3,chest pain,3,63,102,83,20,100,35.8
30003537,3,shortness of breath,7,95,112,75,19,95,36.6
30003538,3,knee pain,0,96,151,82,24,95,37.2
30003539,3,shortness of breath,0,113,116,97,18,100,37.6
30003540,1,back pain,6,55,123,82,22,90,37.3
30003541,3,anxiety,6,78,96,50,20,100,38.2
30003542,3,fall,1,127,172,80,21,95,37.4
30003543,3,headache,7,102,143,76,17,96,37.8
30003544,3,fall,7,76,98,95,17,99,36.9
30003545,3,laceration,2,80,110,94,22,98,38.9
30003546,2,anxiety,8,79,105,105,16,93,37.0
30003547,3,fall,0,83,126,53,13,99,37.7
30003548,1,fever,6,75,122,94,27,93,36.9
30003549,4,laceration,0,82,103,76,14,97,37.5
30003550,3,back pain,1,83,92,91,17,100,37.1
30003551,3,abdominal pain,2,95,76,74,22,100,37.3
30003552,2,anxiety,7,93,112,96,20,100,37.7
30003553,4,laceration,3,100,143,66,16,100,37.0
30003554,3,back pain,2,60,129,74,18,98,36.3
30003555,3,abdominal pain,6,82,93,68,15,93,36.5
30003556,3,laceration,6,92,140,89,15,100,37.3
30003557,2,fall,10,81,136,74,20,100,36.7
30003558,3,back pain,4,64,103,113,16,100,37.1
30003559,3,laceration,4,92,139,64,11,98,38.3
30003560,2,fall,9,73,126,83,15,95,38.1
30003561,3,laceration,4,80,149,76,27,94,36.3
30003562,3,fall,5,75,159,56,13,96,36.0
30003563,3,fever,1,83,90,102,21,95,35.4
30003564,3,laceration,2,71,139,60,14,100,37.0
30003565,3,shortness of breath,6,108,149,85,21,95,37.4
30003566,3,knee pain,1,66,113,118,19,98,36.9
30003567,4,abdominal pain,3,90,159,67,15,94,37.8
30003568,3,knee pain,0,70,106,104,25,100,34.9
30003569,5,fever,6,69,131,82,20,98,37.1
30003570,3,fall,6,99,134,95,21,90,37.3
30003571,1,laceration,9,89,140,43,13,97,36.6
30003572,3,back pain,3,80,116,80,12,95,38.1
30003573,3,back pain,1,89,122,91,22,91,36.7
30003574,2,anxiety,10,89,138,72,24,98,38.3
30003575,2,shortness of breath,10,104,110,92,17,99,37.0
30003576,4,headache,2,88,144,70,16,88,37.4
30003577,3,back pain,6,109,103,71,24,100,37.9
30003578,3,anxiety,0,104,121,75,16,92,37.2
30003579,3,abdominal pain,2,67,106,100,9,98,36.1
30003580,2,chest pain,6,91,158,113,13,98,37.3
30003581,4,shortness of breath,2,96,116,65,17,95,36.8
30003582,3,back pain,1,95,132,59,20,95,36.3
30003583,2,abdominal pain,6,86,94,64,20,92,37.4
30003584,3,chest pain,2,94,158,80,20,95,37.7
30003585,3,laceration,6,73,115,41,24,98,35.5
30003586,4,headache,1,110,138,77,19,93,35.3
30003587,2,headache,10,86,154,57,23,96,36.8
30003588,3,shortness of breath,6,97,130,74,17,98,37.3
30003589,3,back pain,6,61,113,73,14,98,36.9
30003590,2,laceration,9,91,143,85,15,100,37.5
30003591,3,headache,6,88,125,71,12,97,36.7
30003592,1,chest pain,8,83,123,100,21,91,37.8
30003593,3,knee pain,1,49,119,86,17,100,37.8
30003594,5,anxiety,1,88,98,90,21,93,36.7
30003595,3,chest pain,6,66,114,87,19,96,36.4
30003596,2,headache,7,81,114,89,17,100,36.9
30003597,4,fever,7,72,135,55,14,95,36.5
30003598,3,laceration,6,68,116,103,23,100,35.7
30003599,2,fall,8,88,93,90,13,100,37.3
30003600,3,laceration,0,59,101,79,22,98,36.8
30003601,3,fall,6,94,128,79,24,100,36.5
30003602,2,fall,7,57,137,84,15,94,36.2
30003603,2,abdominal pain,9,89,137,85,23,97,37.7
30003604,1,knee pain,9,92,132,72,16,100,36.3
30003605,3,knee pain,5,87,124,70,14,99,37.0
30003606,4,knee pain,6,63,143,98,21,100,38.7
30003607,3,chest pain,6,98,102,65,20,95,37.2
30003608,2,back pain,9,78,108,95,19,91,36.8
30003609,3,fever,1,94,125,74,20,98,36.5
30003610,3,laceration,4,83,117,63,11,100,37.2
30003611,4,fever,0,97,107,76,22,97,36.7
30003612,4,laceration,0,63,163,104,20,100,36.8
30003613,3,anxiety,4,76,81,72,22,94,38.5
30003614,3,anxiety,2,90,115,67,22,97,38.4
30003615,3,fall,2,77,103,75,21,100,37.9
30003616,2,headache,9,100,141,67,11,95,36.4
30003617,4,fever,0,78,129,70,17,100,37.2
30003618,4,laceration,0,115,115,69,15,94,37.6
30003619,4,headache,0,57,128,86,24,89,36.6
30003620,4,abdominal pain,0,94,131,48,15,99,36.4
30003621,5,anxiety,2,74,104,52,22,100,36.8
30003622,5,headache,1,81,152,50,16,100,36.7
30003623,5,laceration,6,95,146,95,18,93,36.8
30003624,3,fever,1,109,149,59,19,100,35.8
30003625,4,chest pain,6,81,104,101,14,98,37.2
30003626,2,back pain,10,90,112,78,16,94,36.4
30003627,3,headache,2,130,128,85,20,96,35.0
30003628,2,anxiety,10,63,153,80,19,97,36.0
30003629,4,knee pain,7,70,122,102,22,98,36.8
30003630,3,fall,4,74,160,74,21,95,37.5
30003631,4,shortness of breath,7,90,133,94,16,97,36.5
30003632,3,abdominal pain,2,100,135,99,24,96,36.1
30003633,3,chest pain,7,76,126,82,18,100,36.4
30003634,3,fever,1,57,139,77,20,97,35.9
30003635,3,fever,3,74,133,83,20,99,37.0
30003636,3,shortness of breath,2,108,127,81,18,97,36.9
30003637,3,back pain,2,81,131,85,12,99,37.1
30003638,3,anxiety,4,54,105,84,18,100,36.1
30003639,3,shortness of breath,2,87,109,91,15,100,37.5
30003640,1,headache,6,95,154,55,22,93,36.9
30003641,1,fall,10,120,113,65,20,93,35.7
30003642,2,back pain,8,88,138,99,23,92,36.9
30003643,3,fall,6,78,140,77,10,92,37.7
30003644,2,fall,8,87,167,98,17,99,37.5
30003645,3,fall,6,71,108,79,24,97,38.3
30003646,3,laceration,6,76,124,80,14,89,37.0
30003647,2,knee pain,7,106,93,77,16,98,37.5
30003648,3,fever,2,92,99,61,20,99,37.1
30003649,3,chest pain,0,108,112,67,19,94,37.1
30003650,4,abdominal pain,2,69,124,69,23,100,37.0
30003651,2,fever,6,94,157,79,15,95,36.7
30003652,3,anxiety,1,90,127,78,20,99,36.6
30003653,2,anxiety,6,61,138,65,13,97,38.5
30003654,4,fall,6,91,116,72,23,100,38.0
30003655,5,shortness of breath,6,91,123,77,20,99,37.4
30003656,3,fever,7,59,119,77,11,93,35.9
30003657,2,back pain,9,88,129,103,17,100,38.2
30003658,3,chest pain,6,109,116,97,14,95,36.8
30003659,3,back pain,4,73,145,73,17,96,37.5
30003660,3,chest pain,6,108,168,72,16,95,36.1
30003661,1,laceration,10,98,110,97,17,92,36.7
30003662,4,back pain,3,82,122,83,21,98,37.1
30003663,2,laceration,7,77,141,57,18,92,36.2
30003664,2,anxiety,9,76,147,82,16,100,36.7
30003665,3,abdominal pain,3,75,124,96,18,98,38.1
30003666,2,back pain,6,50,138,109,18,96,35.9
30003667,4,abdominal pain,0,70,132,51,18,98,38.2
30003668,3,abdominal pain,3,82,124,79,26,100,36.9
30003669,4,back pain,3,121,77,98,20,93,36.9
30003670,3,headache,6,65,132,82,20,96,37.3
30003671,5,shortness of breath,2,96,118,79,18,99,36.4
30003672,4,anxiety,5,84,132,96,18,99,37.2
30003673,3,knee pain,1,91,134,80,16,100,35.7
30003674,2,laceration,9,79,131,88,24,99,37.3
30003675,2,abdominal pain,9,83,129,76,16,94,37.9
30003676,2,headache,8,85,122,77,14,96,37.5
30003677,3,shortness of breath,4,64,118,62,16,92,37.4
30003678,3,chest pain,6,113,108,81,13,97,35.1
30003679,3,back pain,7,89,105,67,19,89,36.4
30003680,1,laceration,8,58,127,70,17,100,36.9
30003681,2,laceration,8,104,108,99,17,97,36.8
30003682,3,abdominal pain,2,81,138,112,19,97,36.7
30003683,2,anxiety,9,88,118,76,16,99,38.1
30003684,4,shortness of breath,5,77,100,101,13,100,38.3
30003685,3,chest pain,2,77,117,72,15,94,37.0
30003686,3,anxiety,6,78,123,79,10,100,38.1
30003687,3,headache,0,73,111,70,20,98,37.4
30003688,3,laceration,3,71,150,86,19,99,37.7
30003689,5,anxiety,0,63,110,104,17,92,36.3
30003690,3,anxiety,4,87,115,81,20,100,36.8
30003691,4,anxiety,0,75,103,97,27,97,37.4
30003692,1,anxiety,6,91,131,71,18,100,37.2
30003693,5,laceration,5,99,105,65,26,96,37.0
30003694,3,knee pain,2,83,136,93,26,92,36.6
30003695,1,anxiety,10,67,123,57,20,96,36.9
30003696,4,back pain,7,95,129,53,17,97,36.9
30003697,3,shortness of breath,3,133,111,80,25,95,36.5
30003698,3,shortness of breath,4,73,186,58,19,97,38.7
30003699,3,abdominal pain,1,42,129,84,20,97,37.5
30003700,3,back pain,6,84,111,66,20,96,35.8
30003701,3,shortness of breath,2,84,140,75,22,100,36.9
30003702,3,laceration,5,91,114,64,24,98,37.0
30003703,2,shortness of breath,10,56,125,84,15,97,36.8
30003704,2,shortness of breath,7,78,113,68,25,98,35.9
30003705,5,shortness of breath,7,88,146,92,15,93,37.5
30003706,2,shortness of breath,10,82,137,74,21,100,36.0
30003707,3,anxiety,5,50,151,100,16,100,36.4
30003708,4,headache,1,51,146,83,20,96,36.1
30003709,2,fever,7,91,115,51,14,95,36.8
30003710,3,headache,6,97,113,53,21,99,37.1
30003711,3,knee pain,6,89,129,45,12,96,37.4
30003712,3,shortness of breath,1,89,107,62,6,100,37.0
30003713,3,fever,4,84,122,65,18,98,37.4
30003714,3,shortness of breath,7,90,119,100,18,93,38.8
30003715,3,knee pain,1,97,112,76,17,97,37.1
30003716,3,shortness of breath,1,83,133,75,19,95,36.3
30003717,3,back pain,3,55,118,71,14,96,37.5
30003718,4,fever,0,72,140,66,21,97,36.5
30003719,3,headache,2,83,146,90,18,100,37.1
30003720,2,anxiety,7,80,97,58,24,96,36.5
30003721,3,anxiety,2,93,108,112,17,98,36.3
30003722,3,chest pain,4,91,94,81,20,96,37.5
30003723,2,back pain,9,88,115,76,20,99,36.5
30003724,3,headache,3,65,96,106,26,99,37.3
30003725,4,abdominal pain,2,90,120,77,20,94,38.1
30003726,3,abdominal pain,3,88,155,110,17,97,36.6
30003727,4,chest pain,0,73,96,88,15,95,35.9
30003728,5,knee pain,3,76,117,74,16,95,36.7
30003729,4,shortness of breath,4,89,133,86,23,94,37.1
30003730,3,fall,3,94,100,80,20,99,36.6
30003731,2,anxiety,8,92,149,72,16,96,36.7
30003732,2,anxiety,8,93,138,77,18,100,38.9
30003733,2,fever,10,81,128,80,22,93,38.0
30003734,3,back pain,6,111,139,50,21,96,37.3
30003735,3,chest pain,0,87,134,85,11,96,36.6
30003736,3,fall,4,81,65,88,27,96,37.3
30003737,3,knee pain,5,91,141,73,19,94,37.2
30003738,3,knee pain,0,61,132,55,19,97,35.6
30003739,2,shortness of breath,6,103,140,106,20,97,37.1
30003740,5,anxiety,0,77,137,91,17,94,39.1
30003741,3,laceration,7,108,138,115,21,92,36.5
30003742,4,chest pain,6,90,115,55,20,98,36.2
30003743,3,fall,4,90,140,83,15,98,38.9
30003744,3,chest pain,2,87,161,91,17,99,37.1
30003745,3,fever,3,62,105,75,14,91,39.4
30003746,4,shortness of breath,7,99,93,78,17,96,36.1
30003747,3,anxiety,2,104,150,103,21,100,37.9
30003748,3,abdominal pain,4,99,105,63,16,96,35.6
30003749,3,back pain,6,96,144,89,20,96,37.4
30003750,4,headache,1,109,105,63,15,95,37.7
30003751,2,abdominal pain,7,87,110,76,20,98,37.9
30003752,3,abdominal pain,2,93,161,80,14,98,39.1
30003753,2,chest pain,10,97,113,83,16,96,37.3
30003754,2,headache,6,62,153,87,12,92,37.1
30003755,3,knee pain,6,100,107,65,18,97,36.6
30003756,1,shortness of breath,8,79,112,64,13,98,37.6
30003757,3,headache,4,77,144,73,14,100,36.7
30003758,3,laceration,6,85,94,77,20,100,37.6
30003759,5,abdominal pain,5,76,99,70,26,100,37.3
30003760,1,anxiety,8,75,127,65,21,95,35.1
30003761,2,shortness of breath,10,81,122,73,20,96,35.9
30003762,5,knee pain,7,90,109,93,20,95,37.7
30003763,4,chest pain,4,85,130,84,19,98,36.5
30003764,3,knee pain,5,97,105,59,25,95,36.6
30003765,3,fever,6,65,87,83,19,94,36.4
30003766,1,fever,10,43,170,80,15,98,38.2
30003767,3,laceration,5,83,115,54,19,99,37.2
30003768,3,fall,5,72,126,85,15,95,36.5
30003769,3,fall,3,77,102,94,19,97,36.5
30003770,3,knee pain,6,68,80,77,18,97,37.0
30003771,4,laceration,3,99,115,68,15,96,38.5
30003772,3,laceration,1,101,110,64,15,98,36.9
30003773,2,abdominal pain,10,87,135,60,16,100,38.3
30003774,3,fever,5,66,156,84,16,95,35.6
30003775,3,anxiety,3,85,127,77,21,96,36.7
30003776,3,laceration,2,96,126,57,10,100,37.6
30003777,3,fever,3,79,142,110,17,100,37.6
30003778,4,anxiety,5,97,154,84,20,96,36.0
30003779,3,fall,7,88,98,89,21,92,36.4
30003780,2,laceration,7,132,119,73,20,98,38.0
30003781,3,fall,6,91,118,67,9,99,35.5
30003782,4,anxiety,2,83,134,66,20,97,35.4
30003783,4,knee pain,0,91,142,89,17,96,37.2
30003784,3,headache,7,93,147,115,26,98,36.9
30003785,4,chest pain,5,85,115,93,16,99,37.8
30003786,3,back pain,7,81,95,100,22,95,37.4
30003787,2,back pain,7,102,106,77,21,95,35.8
30003788,2,abdominal pain,9,76,121,65,15,94,37.1
30003789,2,fall,6,86,122,82,15,100,37.3
30003790,4,headache,6,78,99,103,18,97,37.9
30003791,3,laceration,3,43,114,95,23,96,37.2
30003792,3,shortness of breath,6,104,129,116,22,99,36.6
30003793,3,headache,0,109,120,85,20,95,36.3
30003794,3,back pain,6,97,116,67,20,98,35.8
30003795,4,shortness of breath,3,84,129,106,20,90,38.7
30003796,2,headache,10,96,91,82,19,96,35.4
30003797,3,anxiety,3,105,106,89,14,88,37.7
30003798,4,laceration,4,101,116,78,19,100,37.4
30003799,3,abdominal pain,1,75,115,93,12,100,37.7
30003800,1,headache,6,69,145,92,19,92,36.6
30003801,4,knee pain,0,76,142,91,19,96,37.8
30003802,2,abdominal pain,10,88,99,50,18,95,37.9
30003803,5,shortness of breath,6,98,106,63,25,97,37.1
30003804,3,shortness of breath,2,78,109,75,22,95,36.9
30003805,3,chest pain,5,63,133,73,13,93,37.1
30003806,3,fever,5,42,144,76,24,100,38.1
30003807,4,fever,1,95,153,78,15,100,38.0
30003808,4,fever,6,72,134,93,18,100,37.1
30003809,3,headache,3,72,155,99,15,98,36.3
30003810,3,back pain,7,90,115,75,14,91,36.7
30003811,3,fever,7,47,139,90,23,97,36.4
30003812,4,abdominal pain,3,99,124,68,23,94,37.3
30003813,3,laceration,6,90,130,111,17,98,36.9
30003814,3,chest pain,1,76,98,80,21,96,37.2
30003815,3,fall,0,82,112,64,16,94,36.6
30003816,2,abdominal pain,9,93,114,94,17,98,36.6
30003817,3,laceration,7,109,166,110,23,98,37.3
30003818,3,anxiety,2,79,108,114,17,94,37.2
30003819,2,fall,6,93,153,101,22,94,37.4
30003820,3,shortness of breath,2,82,113,110,20,99,37.2
30003821,3,abdominal pain,7,65,123,83,25,96,38.5
30003822,4,headache,2,60,124,75,15,98,37.3
30003823,3,laceration,7,88,36,99,20,95,38.2
30003824,1,abdominal pain,7,114,114,100,22,99,36.8
30003825,3,laceration,4,73,102,86,21,97,36.7
30003826,4,shortness of breath,3,81,148,62,17,100,36.8
30003827,4,chest pain,5,106,130,77,19,93,36.8
30003828,3,headache,1,92,118,46,21,95,37.0
30003829,5,laceration,5,96,143,78,16,94,37.5
30003830,4,laceration,3,82,135,70,10,97,37.1
30003831,2,chest pain,6,66,142,61,11,97,37.6
30003832,3,fall,4,98,128,100,20,100,36.1
30003833,2,fever,8,78,113,58,19,100,36.6
30003834,2,fall,8,69,146,70,23,99,37.1
30003835,2,shortness of breath,8,58,141,107,14,96,36.1
30003836,3,fall,1,85,143,82,13,99,37.1
30003837,4,anxiety,6,72,127,89,22,100,37.6
30003838,4,fever,5,74,154,101,18,96,38.1
30003839,3,shortness of breath,0,67,109,121,19,100,36.4
30003840,2,chest pain,9,70,124,79,15,98,37.8
30003841,3,anxiety,1,58,121,55,17,99,37.7
30003842,3,headache,6,70,106,83,15,95,39.3
30003843,4,fever,2,107,110,72,16,94,38.2
30003844,5,knee pain,2,98,109,81,21,100,37.3
30003845,3,shortness of breath,1,102,159,52,26,100,37.6
30003846,3,back pain,0,83,114,80,15,96,36.6
30003847,3,headache,0,88,120,63,18,94,36.6
30003848,1,fall,6,109,123,79,16,100,36.9
30003849,3,abdominal pain,5,91,71,97,18,99,36.9
30003850,2,headache,7,66,119,86,16,97,36.5
30003851,4,knee pain,1,93,119,67,17,96,35.6
30003852,3,shortness of breath,3,89,116,61,15,97,36.2
30003853,4,back pain,2,95,131,78,22,98,38.3
30003854,1,laceration,8,70,96,67,23,97,36.9
30003855,4,knee pain,0,70,115,80,9,92,36.9
30003856,3,anxiety,0,93,115,45,16,93,35.7
30003857,3,fall,4,105,124,89,19,100,35.8
30003858,1,shortness of breath,6,107,159,89,15,95,36.2
30003859,3,shortness of breath,4,59,123,73,15,95,37.2
30003860,2,headache,10,94,135,86,13,98,37.1
30003861,3,laceration,7,82,136,84,18,96,37.0
30003862,4,laceration,5,101,108,81,13,95,36.8
30003863,4,chest pain,3,66,135,87,17,95,35.7
30003864,2,fever,8,99,131,91,18,99,34.8
30003865,2,anxiety,7,50,158,83,10,97,36.4
30003866,3,back pain,6,88,116,89,19,97,38.0
30003867,3,abdominal pain,6,70,109,107,17,98,38.8
30003868,3,chest pain,0,84,139,65,10,100,35.1
30003869,3,anxiety,1,103,129,78,24,96,36.9
30003870,2,knee pain,9,70,123,75,23,95,37.4
30003871,5,fall,5,114,120,88,23,96,36.1
30003872,3,back pain,2,72,156,105,23,94,36.7
30003873,1,knee pain,8,80,110,62,15,95,36.9
30003874,2,chest pain,8,128,150,99,22,97,38.3
30003875,5,laceration,5,107,126,84,16,100,37.8
30003876,3,chest pain,3,94,87,88,12,98,37.0
30003877,3,anxiety,0,95,129,93,18,97,35.3
30003878,3,fall,2,82,119,93,11,99,37.1
30003879,3,fever,3,77,123,77,18,93,38.1
30003880,1,knee pain,6,88,124,105,22,97,37.0
30003881,2,headache,6,66,105,82,14,94,37.3
30003882,4,anxiety,1,79,141,91,24,95,37.4
30003883,3,shortness of breath,5,65,96,78,22,94,35.9
30003884,3,headache,4,87,116,79,20,92,36.9
30003885,3,anxiety,0,69,137,76,20,100,36.7
30003886,4,back pain,5,81,174,60,16,100,36.3
30003887,4,fever,5,74,113,106,18,96,36.3
30003888,3,knee pain,5,89,114,73,14,96,37.4
30003889,5,fall,6,63,123,87,16,100,37.9
30003890,5,shortness of breath,0,70,111,71,19,97,36.0
30003891,3,knee pain,7,73,144,81,23,97,36.6
30003892,3,laceration,2,88,106,80,22,99,36.8
30003893,3,chest pain,5,75,138,53,19,93,36.8
30003894,4,laceration,3,95,142,88,21,100,36.0
30003895,3,laceration,7,82,115,52,13,97,36.9
30003896,4,laceration,3,54,89,57,21,100,37.1
30003897,4,fall,7,57,128,95,14,94,37.0
30003898,3,headache,3,105,141,92,21,100,37.7
30003899,3,knee pain,4,86,105,94,16,96,36.6
30003900,2,chest pain,10,66,126,89,29,93,35.8
30003901,2,knee pain,6,95,129,65,11,95,37.2
30003902,2,chest pain,6,79,132,85,17,100,37.8
30003903,3,back pain,4,107,122,74,11,94,37.1
30003904,3,headache,7,66,138,50,14,99,36.8
30003905,4,knee pain,6,65,103,82,18,94,36.9
30003906,4,knee pain,4,78,169,54,11,94,37.2
30003907,3,headache,7,86,134,79,11,94,35.1
30003908,4,headache,3,75,143,66,22,96,36.4
30003909,3,back pain,2,126,97,95,26,97,37.2
30003910,3,laceration,6,83,176,115,19,96,36.4
30003911,3,shortness of breath,7,86,112,92,26,90,36.6
30003912,3,knee pain,3,105,117,78,22,97,36.4
30003913,3,headache,4,61,133,90,24,100,38.3
30003914,3,abdominal pain,6,96,124,94,22,89,37.6
30003915,2,anxiety,8,85,115,64,18,97,37.0
30003916,2,abdominal pain,10,94,107,69,21,89,36.3
30003917,3,fever,0,90,160,85,24,95,37.8
30003918,5,headache,3,75,126,83,16,94,36.4
30003919,2,anxiety,6,71,91,88,20,100,35.7
30003920,4,headache,5,68,118,65,17,99,36.3
30003921,3,anxiety,2,74,130,62,21,99,37.1
30003922,4,laceration,2,102,144,75,15,100,37.3
30003923,3,fever,7,80,111,48,15,95,37.0
30003924,4,fall,2,85,131,90,18,100,36.9
30003925,3,back pain,2,81,107,96,17,100,36.5
30003926,4,headache,2,96,122,93,13,95,36.8
30003927,3,knee pain,5,67,158,57,17,93,36.0
30003928,2,fever,7,66,137,74,22,97,36.6
30003929,2,anxiety,8,78,131,85,22,97,38.1
30003930,3,fall,2,68,85,92,19,100,37.8
30003931,3,shortness of breath,0,87,146,102,20,92,36.8
30003932,1,laceration,10,95,114,88,14,90,38.0
30003933,3,abdominal pain,7,90,81,65,12,97,37.2
30003934,4,abdominal pain,2,74,189,117,23,99,36.7
30003935,3,back pain,3,74,129,83,21,100,35.8
30003936,4,shortness of breath,3,81,135,72,21,97,37.3
30003937,3,knee pain,4,108,126,65,16,93,38.1
30003938,4,fall,5,63,108,79,19,94,36.3
30003939,2,fever,7,67,128,106,23,96,36.9
30003940,4,laceration,6,79,145,83,19,96,36.5
30003941,4,shortness of breath,0,65,96,89,17,100,36.7
30003942,4,laceration,1,96,120,74,11,96,37.2
30003943,3,knee pain,0,73,110,69,18,100,36.7
30003944,3,chest pain,2,93,131,92,21,95,37.9
30003945,3,abdominal pain,3,83,105,78,13,94,36.0
30003946,4,headache,7,63,102,97,18,97,38.7
30003947,3,shortness of breath,1,71,118,64,15,95,35.7
30003948,5,headache,5,59,131,95,17,98,36.0
30003949,3,knee pain,2,75,113,77,24,95,35.3
30003950,2,shortness of breath,8,105,162,58,20,96,37.8
30003951,3,fever,0,92,115,82,22,98,36.3
30003952,3,back pain,6,67,139,77,17,99,37.2
30003953,4,knee pain,4,69,128,73,19,92,36.2
30003954,2,anxiety,9,92,125,75,13,99,37.0
30003955,2,chest pain,8,90,127,65,21,96,37.9
30003956,4,shortness of breath,5,91,114,92,7,100,35.8
30003957,3,chest pain,2,65,115,70,18,93,35.4
30003958,3,laceration,3,86,120,87,14,94,37.0
30003959,3,fall,0,95,117,86,21,100,36.0
30003960,3,shortness of breath,6,77,122,62,22,93,38.2
30003961,2,fall,7,93,123,88,25,100,37.0
30003962,3,laceration,2,80,165,63,19,99,35.4
30003963,3,knee pain,7,107,70,87,18,97,37.1
30003964,4,chest pain,6,92,160,57,16,100,37.2
30003965,4,headache,4,82,146,99,13,94,36.6
30003966,3,fall,4,79,103,91,17,91,36.0
30003967,3,anxiety,4,77,109,50,15,95,37.3
30003968,4,headache,6,79,139,53,19,99,37.2
30003969,2,headache,9,100,118,86,19,97,36.2
30003970,3,anxiety,3,73,103,62,15,98,36.7
30003971,3,knee pain,1,100,128,100,18,98,36.9
30003972,4,shortness of breath,7,92,137,65,22,94,37.7
30003973,3,fall,0,83,112,94,24,95,36.6
30003974,3,fall,1,69,102,85,17,99,37.3
30003975,2,headache,8,76,123,79,18,100,38.5
30003976,2,headache,10,60,115,63,17,93,36.5
30003977,3,chest pain,4,74,126,62,17,99,35.9
30003978,1,fever,9,85,119,68,20,99,36.5
30003979,1,fall,7,66,117,92,14,99,37.0
30003980,4,fall,3,83,135,114,21,100,37.7
30003981,5,anxiety,4,67,171,69,19,98,37.4
30003982,4,shortness of breath,2,73,130,79,22,95,36.1
30003983,3,chest pain,6,74,76,96,16,96,35.8
30003984,3,knee pain,3,76,114,90,16,99,35.4
30003985,3,knee pain,1,83,138,87,17,98,36.7
30003986,3,abdominal pain,3,84,149,81,19,100,37.3
30003987,5,shortness of breath,6,91,119,54,20,96,36.8
30003988,3,headache,6,54,121,94,16,95,36.7
30003989,3,knee pain,1,56,127,91,18,97,38.3
30003990,3,anxiety,5,92,138,87,11,96,38.2
30003991,3,fall,6,96,132,85,17,97,36.3
30003992,5,laceration,1,85,91,84,18,98,37.9
30003993,4,abdominal pain,4,68,129,93,18,93,36.2
30003994,3,laceration,0,90,123,64,13,94,36.6
30003995,2,anxiety,10,101,149,73,12,92,35.3
30003996,3,anxiety,7,89,99,89,17,95,37.1
30003997,3,headache,2,74,103,98,14,98,37.1
30003998,2,headache,10,96,131,100,22,100,36.7
30003999,3,fall,7,67,118,71,17,98,39.0
30004000,3,laceration,1,51,134,45,19,91,36.4
30004001,3,knee pain,5,82,102,100,17,99,37.0
30004002,3,abdominal pain,7,76,131,70,15,94,36.4
30004003,1,chest pain,7,101,136,101,18,95,36.7
30004004,4,shortness of breath,3,60,126,73,20,96,35.2
30004005,4,fall,5,91,148,110,16,100,36.7
30004006,3,headache,3,89,105,103,24,95,36.5
30004007,4,anxiety,2,73,131,100,20,94,37.6
30004008,4,headache,1,93,169,71,15,97,37.0
30004009,4,fever,1,95,191,131,17,100,37.1
30004010,4,shortness of breath,5,99,99,83,16,95,37.6
30004011,5,laceration,3,100,140,57,20,97,37.3
30004012,4,fever,0,70,174,77,23,97,37.3
30004013,3,shortness of breath,0,73,154,74,13,100,36.9
30004014,2,fever,9,95,135,82,22,99,36.3
30004015,3,headache,0,60,113,83,19,99,38.5
30004016,3,shortness of breath,6,69,161,63,18,98,36.4
30004017,4,knee pain,6,90,113,94,15,100,36.2
30004018,3,headache,4,80,108,71,19,97,36.9
30004019,1,shortness of breath,10,93,130,68,18,96,36.9
30004020,3,knee pain,7,71,91,79,21,100,38.2
30004021,3,anxiety,3,66,161,80,20,100,37.1
30004022,3,chest pain,7,71,146,81,14,99,37.0
30004023,2,back pain,10,88,111,85,20,91,37.4
30004024,3,fall,5,83,150,95,11,96,36.3
30004025,2,abdominal pain,10,82,94,61,11,99,37.0
30004026,1,abdominal pain,10,74,104,78,12,100,35.9
30004027,4,back pain,7,83,98,104,13,96,36.7
30004028,3,fever,6,103,142,86,10,95,37.3
30004029,3,laceration,7,77,126,95,20,98,35.5
30004030,2,laceration,8,107,169,64,21,93,38.3
30004031,4,shortness of breath,5,96,124,85,20,95,37.5
30004032,3,anxiety,1,87,128,89,15,95,37.2
30004033,2,headache,6,109,131,72,14,94,37.1
30004034,2,anxiety,6,73,150,89,19,90,37.0
30004035,5,knee pain,3,93,148,76,24,99,35.6
30004036,3,headache,5,99,128,62,25,100,36.8
30004037,4,back pain,5,91,152,92,19,95,37.4
30004038,3,fall,0,66,119,95,21,95,35.9
30004039,3,fever,1,69,96,85,15,94,35.5
30004040,4,shortness of breath,6,99,126,84,19,94,36.0
30004041,3,knee pain,2,55,119,85,21,100,36.8
30004042,5,shortness of breath,1,70,131,95,19,100,36.6
30004043,3,shortness of breath,7,85,106,70,24,97,36.9
30004044,3,fever,3,101,133,80,7,98,37.4
30004045,5,fever,1,80,123,64,20,96,36.6
30004046,3,headache,7,105,105,84,14,97,36.7
30004047,4,shortness of breath,4,53,155,70,13,96,36.7
30004048,3,laceration,7,74,139,44,13,100,36.9
30004049,3,chest pain,7,93,107,71,17,100,37.7
30004050,4,chest pain,4,90,81,107,14,100,36.2
30004051,3,back pain,3,79,128,77,13,98,36.3
30004052,3,knee pain,4,85,105,106,15,96,37.9
30004053,4,laceration,3,84,147,80,20,96,36.8
30004054,2,headache,9,79,106,93,19,96,36.5
30004055,5,headache,4,63,147,68,12,95,36.4
30004056,3,abdominal pain,1,96,89,88,12,96,36.3
30004057,4,fall,0,76,100,48,25,95,38.1
30004058,3,fever,7,68,148,112,27,100,37.6
30004059,3,chest pain,6,57,125,91,10,95,37.3
30004060,3,chest pain,6,116,135,63,14,99,37.0
30004061,3,anxiety,4,97,93,111,18,93,37.1
30004062,2,anxiety,8,72,125,81,24,97,36.8
30004063,4,fall,7,88,105,89,14,93,37.3
30004064,4,headache,3,66,124,58,11,94,36.8
30004065,3,shortness of breath,5,79,101,59,13,97,37.6
30004066,3,knee pain,6,74,110,52,16,96,37.1
30004067,3,back pain,4,99,119,74,18,97,35.7
30004068,5,shortness of breath,3,98,170,85,19,100,36.7
30004069,3,anxiety,6,61,164,83,17,96,36.8
30004070,1,fall,7,56,137,71,23,100,36.6
30004071,3,laceration,4,84,126,107,19,95,36.2
30004072,3,chest pain,2,79,138,77,19,96,37.4
30004073,3,knee pain,2,102,104,103,17,91,36.9
30004074,3,abdominal pain,1,84,143,49,23,95,37.2
30004075,2,back pain,9,113,167,88,17,94,36.6
30004076,4,laceration,5,97,151,66,19,97,36.7
30004077,2,fall,7,104,135,72,13,97,36.9
30004078,2,shortness of breath,9,86,101,108,18,100,36.5
30004079,2,abdominal pain,8,91,113,63,19,97,37.4
30004080,2,fall,7,84,129,103,21,98,37.0
30004081,3,headache,7,104,110,99,17,100,36.4
30004082,3,fever,2,78,111,88,16,99,36.1
30004083,3,shortness of breath,6,77,138,71,20,98,37.2
30004084,4,abdominal pain,2,109,139,67,17,96,36.7
30004085,2,fever,7,82,124,81,22,100,36.4
30004086,3,abdominal pain,2,81,138,99,14,96,35.2
30004087,1,fall,7,84,151,97,18,90,35.7
30004088,3,laceration,1,92,125,80,21,100,36.3
30004089,3,headache,1,89,144,95,17,100,35.3
30004090,4,anxiety,0,70,99,55,12,100,38.0
30004091,4,fever,6,70,118,67,22,97,36.9
30004092,5,fever,4,83,137,116,17,100,37.7
30004093,5,shortness of breath,3,74,150,87,21,96,37.6
30004094,3,anxiety,0,99,167,79,14,97,36.7
30004095,2,chest pain,9,77,123,96,23,91,36.6
30004096,2,headache,8,65,109,60,24,96,36.9
30004097,3,headache,3,72,106,63,13,100,36.1
30004098,2,laceration,9,84,131,84,13,94,36.5
30004099,3,anxiety,0,70,129,85,17,93,35.2
30004100,2,chest pain,7,90,157,88,14,99,36.3
30004101,2,chest pain,9,104,150,78,13,92,36.7
30004102,4,abdominal pain,0,91,123,82,20,94,37.3
30004103,5,back pain,2,75,121,66,21,95,36.5
30004104,3,chest pain,7,67,111,103,18,99,36.3
30004105,3,chest pain,4,80,81,64,13,99,37.7
30004106,4,back pain,5,77,134,72,24,100,36.9
30004107,5,back pain,5,83,133,88,24,99,37.8
30004108,3,anxiety,3,68,116,70,20,100,36.1
30004109,3,fall,1,84,109,73,16,100,34.2
30004110,4,anxiety,1,91,147,69,16,98,37.8
30004111,4,headache,3,83,131,55,17,99,36.9
30004112,4,back pain,4,76,119,73,20,100,37.5
30004113,3,fever,4,94,104,71,28,97,35.9
30004114,1,headache,10,77,143,71,27,100,37.0
30004115,3,chest pain,4,92,94,60,16,99,37.0
30004116,3,knee pain,7,106,145,83,13,92,37.6
30004117,4,chest pain,3,76,178,68,17,99,36.7
30004118,4,abdominal pain,2,59,103,59,10,93,37.4
30004119,2,laceration,6,111,134,86,15,100,36.4
30004120,4,anxiety,5,63,156,101,20,98,36.9
30004121,5,shortness of breath,3,100,135,123,18,93,36.6
30004122,3,knee pain,4,75,105,73,17,100,35.8
30004123,4,fall,7,91,128,76,21,98,36.3
30004124,3,abdominal pain,1,93,131,79,18,100,35.8
30004125,2,back pain,10,77,108,76,13,96,36.6
30004126,3,fall,1,122,119,88,16,97,36.4
30004127,2,laceration,6,73,139,91,17,97,37.7
30004128,3,abdominal pain,6,76,101,68,20,92,39.0
30004129,4,fever,7,115,127,68,19,97,38.7
30004130,4,abdominal pain,3,92,125,90,20,97,37.2
30004131,3,fall,6,93,114,61,17,100,37.4
30004132,3,knee pain,5,84,125,87,8,93,36.7
30004133,3,knee pain,3,97,122,81,10,94,38.1
30004134,3,fall,0,85,139,83,14,97,36.7
30004135,4,fall,3,93,105,90,21,93,37.0
30004136,3,knee pain,5,99,149,80,21,96,38.4
30004137,4,chest pain,7,85,143,94,19,100,35.8
30004138,2,abdominal pain,9,87,121,82,23,99,36.8
30004139,3,abdominal pain,7,89,163,62,23,95,36.8
30004140,4,laceration,0,53,147,60,20,99,37.0
30004141,3,shortness of breath,7,81,118,89,21,94,37.6
30004142,4,knee pain,0,90,162,67,15,96,35.5
30004143,1,fall,9,94,117,89,14,96,37.6
30004144,3,laceration,3,74,151,69,17,97,36.8
30004145,2,laceration,7,94,126,79,17,100,36.7
30004146,3,laceration,6,86,126,67,15,97,36.7
30004147,2,fever,10,87,136,70,22,97,38.0
30004148,4,fever,0,78,150,89,18,98,37.2
30004149,2,abdominal pain,8,81,128,102,24,94,37.3
30004150,2,fever,6,105,143,110,18,95,37.4
30004151,4,headache,6,104,119,62,27,99,37.5
30004152,4,anxiety,4,78,105,97,16,100,37.0
30004153,3,laceration,0,91,161,56,19,99,36.8
30004154,2,abdominal pain,9,101,125,80,17,98,38.3
30004155,3,knee pain,7,69,126,101,10,99,37.9
30004156,5,headache,1,70,150,70,18,100,37.7
30004157,2,fever,8,74,98,75,17,95,38.1
30004158,2,knee pain,10,88,131,55,14,92,37.1
30004159,3,abdominal pain,2,91,134,71,25,99,35.7
30004160,3,knee pain,5,96,143,96,14,96,37.5
30004161,1,laceration,6,95,99,81,22,96,36.0
30004162,1,chest pain,7,79,102,92,24,97,38.0
30004163,2,laceration,7,63,94,75,15,93,36.3
30004164,5,shortness of breath,7,74,125,95,23,100,36.8
30004165,3,knee pain,0,77,104,72,15,97,37.7
30004166,3,back pain,7,97,112,67,17,95,37.2
30004167,4,headache,2,94,111,73,14,100,37.2
30004168,3,anxiety,7,97,115,75,19,100,36.7
30004169,5,shortness of breath,1,87,151,50,13,99,36.7
30004170,1,anxiety,8,82,133,80,17,97,36.7
30004171,4,fall,0,85,114,77,23,97,38.0
30004172,3,fall,3,95,136,94,19,95,36.8
30004173,3,laceration,0,72,91,84,14,96,37.3
30004174,3,fall,7,90,150,69,17,95,37.5
30004175,3,back pain,3,75,124,107,19,98,36.2
30004176,3,anxiety,5,98,149,67,28,99,37.3
30004177,3,headache,0,68,122,76,17,92,36.4
30004178,2,back pain,7,92,117,89,15,100,37.6
30004179,2,abdominal pain,9,73,130,59,18,95,36.2
30004180,3,shortness of breath,6,83,139,81,12,98,37.9
30004181,2,anxiety,7,76,96,81,22,100,36.8
30004182,1,abdominal pain,6,77,123,90,16,95,37.3
30004183,3,shortness of breath,6,75,139,84,18,100,37.0
30004184,1,laceration,8,86,123,54,22,100,36.8
30004185,3,chest pain,2,106,88,57,21,100,36.1
30004186,3,back pain,5,67,114,92,17,96,37.6
30004187,3,chest pain,7,98,159,108,23,98,38.1
30004188,3,back pain,7,97,143,78,18,99,35.9
30004189,3,chest pain,7,66,116,73,21,95,37.6
30004190,3,shortness of breath,7,91,117,70,17,95,35.6
30004191,3,laceration,1,102,139,77,15,96,36.7
30004192,3,headache,4,63,122,71,20,93,36.5
30004193,4,anxiety,4,72,115,85,20,98,35.8
30004194,2,fall,9,96,109,75,18,95,37.1
30004195,4,headache,4,65,142,91,13,99,38.3
30004196,3,shortness of breath,6,94,147,83,20,97,36.9
30004197,3,fall,0,75,165,65,17,99,36.1
30004198,3,anxiety,7,70,138,74,25,94,36.7
30004199,4,abdominal pain,3,86,108,89,19,97,37.0
30004200,3,abdominal pain,0,90,121,92,18,97,36.4
30004201,3,fall,4,65,123,93,22,97,37.3
30004202,2,laceration,8,87,130,88,12,96,37.8
30004203,3,back pain,5,77,120,82,19,94,37.8
30004204,2,shortness of breath,6,91,83,96,14,98,36.9
30004205,3,knee pain,7,80,157,100,19,100,37.7
30004206,3,headache,1,63,150,80,24,94,38.1
30004207,4,headache,3,80,162,68,16,93,36.2
30004208,4,fall,2,55,116,67,20,96,37.6
30004209,4,anxiety,3,117,128,55,21,100,37.5
30004210,3,abdominal pain,6,64,94,70,20,94,36.2
30004211,3,fever,6,89,142,65,17,95,36.2
30004212,3,back pain,7,90,100,93,19,95,36.0
30004213,4,chest pain,0,76,135,81,19,100,36.8
30004214,2,shortness of breath,8,76,135,71,15,95,35.8
30004215,4,fall,1,98,164,45,9,100,36.4
30004216,3,chest pain,4,112,118,76,28,97,35.5
30004217,5,abdominal pain,0,95,128,91,14,100,36.8
30004218,4,knee pain,7,77,150,66,14,97,36.1
30004219,4,laceration,1,70,104,71,14,89,36.2
30004220,3,back pain,6,65,111,78,22,98,36.1
30004221,3,back pain,3,75,121,75,16,100,36.4
30004222,3,chest pain,4,87,145,75,12,97,37.1
30004223,1,chest pain,10,90,112,89,21,100,36.2
30004224,4,headache,2,84,89,64,16,99,38.0
30004225,4,abdominal pain,4,65,118,104,23,95,38.2
30004226,4,headache,4,48,111,98,21,95,37.6
30004227,3,headache,5,95,137,96,17,94,36.4
30004228,3,knee pain,1,95,115,79,17,94,37.9
30004229,2,anxiety,10,55,157,91,16,99,38.3
30004230,3,knee pain,0,79,128,83,16,98,37.5
30004231,3,back pain,7,116,137,88,12,100,36.1
30004232,2,chest pain,10,57,123,65,18,92,37.2
30004233,3,back pain,2,78,143,67,23,97,37.0
30004234,4,fever,2,86,144,46,10,99,37.7
30004235,3,headache,2,101,114,74,23,96,37.1
30004236,2,fall,7,114,128,96,16,99,36.9
30004237,3,shortness of breath,5,89,107,66,19,93,38.4
30004238,2,fall,9,81,93,61,18,92,36.5
30004239,3,laceration,7,85,124,74,18,98,35.3
30004240,3,fever,3,75,124,87,22,100,36.4
30004241,3,anxiety,2,86,118,82,9,92,36.9
30004242,2,abdominal pain,8,52,140,62,15,98,36.7
30004243,3,knee pain,3,100,139,67,18,97,37.7
30004244,4,anxiety,7,92,131,84,18,95,36.8
30004245,2,fever,7,97,126,92,28,94,38.0
30004246,2,anxiety,10,94,132,93,18,99,37.6
30004247,4,anxiety,5,91,138,82,16,99,38.3
30004248,4,back pain,3,55,139,67,14,96,37.1
30004249,3,chest pain,1,119,145,99,22,96,36.9
30004250,2,back pain,6,81,112,72,22,100,36.9
30004251,3,fall,6,111,126,86,20,100,37.3
30004252,3,chest pain,0,83,123,71,25,95,37.7
30004253,3,fall,6,103,67,73,21,99,35.2
30004254,3,laceration,4,83,133,106,20,100,36.4
30004255,3,fall,5,84,104,81,13,94,38.1
30004256,4,fall,0,101,125,78,18,100,36.6
30004257,4,headache,7,105,60,68,14,100,37.3
30004258,2,abdominal pain,9,103,108,54,14,98,37.5
30004259,2,knee pain,7,85,143,73,16,98,36.9
30004260,3,anxiety,7,88,115,69,18,100,37.4
30004261,3,chest pain,6,99,106,50,20,96,37.8
30004262,3,shortness of breath,6,92,108,80,17,93,36.4
30004263,1,back pain,6,86,139,95,20,92,37.9
30004264,3,fall,4,65,121,81,18,91,36.9
30004265,5,fever,7,91,137,77,20,96,37.8
30004266,3,chest pain,4,82,138,73,10,98,37.4
30004267,2,chest pain,7,79,135,100,22,98,37.5
30004268,4,knee pain,1,99,121,106,22,97,37.6
30004269,3,knee pain,5,77,152,74,20,97,37.1
30004270,3,laceration,2,82,94,65,19,95,37.3
30004271,3,laceration,1,62,102,86,23,93,36.9
30004272,4,knee pain,7,65,109,47,12,96,37.5
30004273,3,abdominal pain,4,34,112,88,23,98,38.5
30004274,4,fall,5,83,93,84,15,100,38.1
30004275,3,back pain,7,101,107,80,18,100,36.7
30004276,3,back pain,2,96,128,42,24,93,35.9
30004277,2,laceration,7,94,107,64,15,98,36.6
30004278,3,laceration,2,112,130,97,14,100,36.6
30004279,5,back pain,3,120,194,79,16,96,35.8
30004280,3,knee pain,4,80,155,91,26,99,36.0
30004281,3,shortness of breath,5,100,132,90,16,94,37.0
30004282,3,laceration,6,98,109,78,17,95,37.6
30004283,4,headache,2,77,79,92,19,97,36.9
30004284,3,knee pain,5,93,120,71,18,96,36.5
30004285,3,laceration,0,80,153,55,24,96,36.1
30004286,3,fever,0,59,107,65,12,99,36.6
30004287,2,shortness of breath,6,72,95,66,19,97,38.3
30004288,4,anxiety,6,98,118,86,15,96,36.5
30004289,3,back pain,1,67,129,78,20,100,37.6
30004290,3,fall,4,85,109,86,21,99,37.8
30004291,3,anxiety,2,87,142,87,14,97,35.9
30004292,3,anxiety,5,88,106,70,18,96,37.2
30004293,3,knee pain,7,73,169,79,14,93,36.8
30004294,3,headache,5,90,124,69,18,97,35.5
30004295,3,fall,7,84,137,54,23,99,37.6
30004296,2,laceration,9,89,115,97,21,100,37.2
30004297,3,knee pain,1,75,111,67,29,96,37.1
30004298,3,back pain,5,101,132,67,20,94,38.9
30004299,2,fever,6,97,154,60,18,94,38.7
30004300,2,abdominal pain,6,113,120,104,24,98,36.1
30004301,3,fever,4,108,120,72,22,96,35.9
30004302,2,laceration,8,74,135,70,20,98,37.6
30004303,4,laceration,5,77,123,57,23,98,37.7
30004304,3,abdominal pain,3,102,122,65,15,98,37.7
30004305,1,shortness of breath,7,98,135,88,18,99,37.6
30004306,3,chest pain,5,101,145,75,19,96,36.0
30004307,3,knee pain,3,75,122,80,20,96,37.0
30004308,3,chest pain,7,89,114,59,16,97,37.1
30004309,3,laceration,5,92,151,82,12,100,38.1
30004310,3,anxiety,5,110,127,58,20,93,36.4
30004311,3,anxiety,2,73,151,59,24,92,36.4
30004312,2,knee pain,7,68,138,98,17,90,38.0
30004313,4,anxiety,7,87,144,68,22,100,38.1
30004314,3,fall,0,80,101,93,22,97,37.2
30004315,5,chest pain,2,90,110,107,18,91,36.3
30004316,3,shortness of breath,0,98,157,68,19,98,37.9
30004317,3,fall,5,85,98,69,24,95,37.3
30004318,3,headache,7,78,111,72,22,100,37.0
30004319,2,back pain,6,65,114,64,17,99,36.1
30004320,3,headache,2,94,126,76,18,97,38.0
30004321,3,headache,5,66,99,73,15,97,37.6
30004322,3,chest pain,0,86,99,51,13,100,36.6
30004323,4,headache,0,85,127,44,20,99,36.5
30004324,2,knee pain,6,61,107,71,15,99,37.4
30004325,3,fever,0,76,150,81,20,100,37.4
30004326,3,chest pain,6,67,124,81,18,94,36.0
30004327,3,knee pain,4,90,163,77,14,94,37.5
30004328,3,knee pain,4,79,132,78,19,97,36.6
30004329,3,laceration,3,69,99,76,14,93,37.5
30004330,3,headache,2,61,125,83,20,97,37.0
30004331,2,chest pain,6,87,138,69,14,93,38.0
30004332,4,anxiety,4,84,135,103,19,100,37.6
30004333,5,anxiety,1,86,136,66,22,91,36.9
30004334,2,laceration,7,76,125,91,13,97,35.0
30004335,3,anxiety,5,110,144,79,19,100,37.4
30004336,3,fever,1,88,105,93,22,98,36.4
30004337,5,anxiety,0,105,133,76,17,96,37.5
30004338,4,anxiety,0,111,162,86,21,96,37.3
30004339,3,headache,6,92,144,64,21,98,37.6
30004340,3,headache,7,87,132,39,14,95,38.0
30004341,3,anxiety,0,81,147,62,17,100,37.7
30004342,4,knee pain,0,67,126,46,15,97,37.5
30004343,3,shortness of breath,6,80,124,64,16,99,36.5
30004344,4,shortness of breath,7,90,146,69,10,100,36.5
30004345,4,fever,4,66,105,86,15,97,37.2
30004346,3,chest pain,3,64,122,100,9,98,37.0
30004347,4,fall,4,75,140,102,13,97,37.7
30004348,4,laceration,1,80,133,73,23,99,36.0
30004349,3,shortness of breath,6,73,115,84,21,91,37.3
30004350,3,abdominal pain,7,98,154,80,16,95,37.7
30004351,3,laceration,6,96,122,86,22,91,37.0
30004352,3,fever,2,86,146,90,13,97,35.8
30004353,5,headache,5,83,149,89,14,99,37.1
30004354,4,laceration,3,93,120,84,18,95,37.5
30004355,3,anxiety,0,70,119,94,19,100,37.3
30004356,2,headache,6,80,100,80,18,100,36.4
30004357,3,headache,3,87,108,84,20,95,36.6
30004358,5,knee pain,3,78,150,100,16,96,36.6
30004359,2,anxiety,9,96,61,83,21,93,37.1
30004360,3,knee pain,6,87,116,73,18,95,36.8
30004361,3,chest pain,7,85,151,100,19,95,36.5
30004362,4,headache,4,75,180,68,13,100,37.5
30004363,3,chest pain,4,69,109,70,19,97,36.5
30004364,3,headache,7,77,96,67,15,99,38.0
30004365,3,chest pain,7,88,76,82,22,94,36.7
30004366,4,fall,7,113,121,103,19,99,37.2
30004367,1,fever,8,92,141,74,21,98,37.1
30004368,3,fall,6,82,132,80,25,100,37.7
30004369,5,anxiety,1,85,122,77,19,100,38.3
30004370,4,shortness of breath,2,95,125,93,18,99,37.0
30004371,2,headache,6,100,103,94,20,100,37.8
30004372,3,abdominal pain,3,103,140,95,19,94,37.5
30004373,4,knee pain,6,65,107,62,20,97,35.4
30004374,2,back pain,9,87,88,73,21,94,36.4
30004375,2,shortness of breath,8,80,91,74,28,96,38.1
30004376,3,laceration,6,104,87,89,19,97,37.0
30004377,3,fever,1,101,112,54,16,94,37.8
30004378,2,headache,8,47,119,95,22,99,36.7
30004379,3,fall,0,97,121,59,12,100,36.3
30004380,2,shortness of breath,8,97,143,61,14,94,37.8
30004381,3,fever,0,85,120,79,18,92,37.2
30004382,2,knee pain,9,88,138,88,19,94,37.2
30004383,2,fever,7,73,140,92,15,94,38.1
30004384,3,shortness of breath,7,91,68,81,21,99,35.8
30004385,3,fall,7,71,122,105,21,95,36.9
30004386,2,shortness of breath,10,103,129,71,19,97,37.6
30004387,3,chest pain,5,67,128,67,12,98,38.2
30004388,2,fever,6,78,128,80,17,93,35.5
30004389,3,chest pain,3,72,98,46,17,98,37.7
30004390,3,abdominal pain,3,71,122,97,19,100,37.6
30004391,3,shortness of breath,7,97,102,59,21,99,36.5
30004392,3,abdominal pain,5,69,103,59,18,97,36.4
30004393,2,fever,10,54,145,71,14,93,37.7
30004394,3,fever,7,87,124,74,22,96,35.7
30004395,3,abdominal pain,6,84,92,62,19,98,35.8
30004396,3,laceration,0,110,155,99,16,100,36.6
30004397,4,knee pain,3,104,130,84,25,95,35.9
30004398,3,knee pain,5,107,127,98,15,97,36.6
30004399,4,fever,5,95,96,86,18,99,36.3
30004400,3,shortness of breath,6,93,131,101,24,100,38.2
30004401,5,headache,7,96,142,100,21,97,37.4
30004402,3,laceration,5,73,118,80,18,96,38.2
30004403,2,chest pain,9,77,101,102,21,99,36.7
30004404,3,anxiety,3,71,110,99,20,89,38.0
30004405,2,fall,6,78,139,77,19,91,37.9
30004406,3,anxiety,5,59,89,81,18,95,36.9
30004407,3,headache,7,57,100,60,13,98,37.6
30004408,3,knee pain,3,81,113,64,27,100,37.7
30004409,3,fall,0,87,134,90,19,95,36.7
30004410,3,back pain,0,106,127,67,18,92,36.8
30004411,3,shortness of breath,6,69,125,95,13,95,36.7
30004412,4,headache,3,54,137,54,17,96,37.2
30004413,3,headache,3,82,125,81,14,100,36.5
30004414,2,abdominal pain,6,80,126,56,20,96,37.8
30004415,3,fever,4,81,84,63,17,98,36.9
30004416,2,back pain,7,96,151,91,14,100,36.0
30004417,3,anxiety,2,86,139,91,16,96,36.3
30004418,2,anxiety,7,63,110,69,13,96,37.1
30004419,1,chest pain,8,102,137,65,19,97,36.7
30004420,4,laceration,6,72,105,95,19,95,36.6
30004421,4,fever,1,52,110,79,28,99,36.8
30004422,2,laceration,8,92,118,95,22,95,36.4
30004423,3,back pain,3,92,103,89,14,95,36.4
30004424,3,anxiety,6,94,151,78,19,90,36.2
30004425,2,back pain,10,87,116,90,16,93,35.5
30004426,3,anxiety,7,107,136,54,22,96,37.2
30004427,3,chest pain,0,59,156,76,15,98,36.8
30004428,3,abdominal pain,5,103,148,78,18,100,37.3
30004429,3,chest pain,2,84,164,79,19,97,36.8
30004430,2,fall,9,70,120,107,23,91,37.6
30004431,3,shortness of breath,5,95,126,81,17,99,36.7
30004432,5,headache,3,100,109,52,17,99,37.2
30004433,3,laceration,4,116,153,69,19,97,36.7
30004434,3,fall,2,94,83,89,26,96,36.7
30004435,3,abdominal pain,3,77,107,44,13,99,37.5
30004436,2,headache,7,71,98,86,19,96,35.7
30004437,3,fall,5,92,120,92,20,95,38.9
30004438,4,back pain,1,68,131,83,15,98,37.5
30004439,1,anxiety,10,78,125,121,18,100,37.3
30004440,3,back pain,2,94,128,84,25,98,36.5
30004441,1,knee pain,10,67,139,67,24,98,37.4
30004442,3,fever,0,115,106,84,22,96,37.4
30004443,4,chest pain,1,73,114,91,27,100,37.4
30004444,4,abdominal pain,0,66,142,73,13,100,37.3
30004445,2,chest pain,9,69,132,95,17,94,37.6
30004446,3,knee pain,0,74,148,111,20,97,36.3
30004447,3,fall,5,75,108,79,20,89,36.1
30004448,5,knee pain,6,72,116,94,16,95,36.3
30004449,3,shortness of breath,2,95,115,121,20,93,37.7
30004450,3,fall,7,94,111,71,18,95,36.0
30004451,3,shortness of breath,4,86,110,95,15,96,36.9
30004452,4,chest pain,7,89,131,59,14,96,36.6
30004453,2,shortness of breath,8,90,120,85,17,97,37.0
30004454,3,knee pain,4,116,156,78,8,98,36.6
30004455,3,laceration,2,78,148,81,23,93,37.9
30004456,3,fever,0,75,117,81,20,100,37.5
30004457,3,back pain,1,67,97,64,19,98,37.6
30004458,4,shortness of breath,2,91,126,67,17,100,36.2
30004459,4,chest pain,4,98,87,82,22,95,37.6
30004460,1,chest pain,6,96,85,86,25,97,37.2
30004461,3,shortness of breath,1,102,117,66,17,100,37.2
30004462,1,abdominal pain,10,96,134,93,17,96,37.3
30004463,2,headache,8,67,142,43,13,98,37.1
30004464,1,back pain,10,88,118,81,16,100,38.0
30004465,4,laceration,3,68,117,87,18,99,37.1
30004466,3,shortness of breath,5,101,135,52,22,98,37.1
30004467,2,back pain,7,92,129,63,11,97,36.7
30004468,3,fall,0,78,109,95,18,96,36.3
30004469,3,back pain,0,71,163,100,20,98,36.3
30004470,2,knee pain,6,104,127,71,15,100,38.5
30004471,2,back pain,7,88,138,90,14,97,36.3
30004472,1,fever,6,72,138,94,13,93,36.7
30004473,3,laceration,4,77,134,80,18,100,38.5
30004474,3,anxiety,5,82,134,79,14,98,37.0
30004475,3,knee pain,1,91,108,81,18,98,36.8
30004476,4,shortness of breath,0,98,149,90,14,95,37.0
30004477,4,abdominal pain,5,94,116,72,16,95,36.2
30004478,1,laceration,10,65,121,63,22,97,36.1
30004479,3,back pain,5,107,149,88,22,94,37.8
30004480,3,knee pain,3,73,173,53,22,96,37.1
30004481,3,back pain,7,85,149,56,13,100,37.2
30004482,2,anxiety,10,96,130,78,21,100,36.6
30004483,4,anxiety,4,74,106,69,15,95,35.6
30004484,3,shortness of breath,2,72,141,68,18,95,37.9
30004485,3,fever,7,97,160,51,15,94,37.6
30004486,2,laceration,10,92,149,89,15,99,35.6
30004487,4,fall,7,57,119,94,15,100,36.4
30004488,2,anxiety,8,65,147,85,22,100,37.4
30004489,4,fever,3,54,143,77,16,99,38.2
30004490,3,abdominal pain,4,67,108,79,16,98,36.4
30004491,4,shortness of breath,1,125,153,104,23,98,36.5
30004492,4,anxiety,2,104,152,64,14,97,36.5
30004493,1,shortness of breath,6,76,130,80,24,100,37.6
30004494,3,knee pain,3,66,130,98,22,93,35.5
30004495,2,knee pain,7,111,138,67,15,99,36.1
30004496,4,knee pain,3,118,117,37,15,93,37.6
30004497,3,anxiety,1,89,147,96,21,94,37.0
30004498,3,anxiety,2,82,120,70,17,100,36.2
30004499,3,shortness of breath,7,96,152,81,11,99,37.3
30004500,3,shortness of breath,5,83,101,75,21,98,38.6
30004501,2,chest pain,7,74,119,78,17,99,36.8
30004502,3,shortness of breath,0,68,149,58,16,91,37.0
30004503,4,chest pain,7,94,102,106,27,93,35.9
30004504,3,fall,6,106,141,55,20,96,36.3
30004505,4,laceration,5,82,135,76,19,91,36.4
30004506,3,headache,0,72,147,98,19,98,36.8
30004507,2,back pain,6,58,124,92,17,100,37.6
30004508,3,fever,5,76,88,99,16,95,37.9
30004509,5,fever,1,62,164,73,18,99,36.3
30004510,4,shortness of breath,1,83,144,62,17,95,36.8
30004511,5,fall,0,108,130,99,15,92,35.8
30004512,3,shortness of breath,2,104,150,78,19,94,37.4
30004513,2,back pain,8,73,104,67,15,100,36.9
30004514,4,abdominal pain,6,78,115,100,22,100,36.7
30004515,3,abdominal pain,6,71,105,114,9,93,37.0
30004516,5,abdominal pain,7,83,124,81,13,97,36.9
30004517,3,anxiety,1,126,116,111,17,94,36.3
30004518,4,back pain,6,109,143,54,15,95,38.5
30004519,3,anxiety,3,106,123,77,15,95,36.4
30004520,3,abdominal pain,3,87,125,104,22,95,37.9
30004521,3,chest pain,7,71,145,88,9,99,37.1
30004522,3,chest pain,1,82,114,63,19,98,37.0
30004523,3,anxiety,2,73,106,114,20,97,38.1
30004524,3,fever,7,79,119,110,18,96,37.1
30004525,3,fever,0,105,102,60,15,98,36.4
30004526,3,headache,6,94,110,81,17,98,37.3
30004527,3,laceration,2,100,95,63,20,93,36.6
30004528,2,anxiety,8,78,132,92,15,95,37.5
30004529,4,chest pain,4,111,100,76,21,100,37.2
30004530,3,fever,1,101,90,79,21,96,36.7
30004531,1,laceration,9,97,137,84,14,96,37.0
30004532,3,shortness of breath,6,68,91,114,22,94,36.7
30004533,4,headache,5,99,156,92,19,97,36.1
30004534,3,laceration,5,79,169,76,16,96,37.1
30004535,4,shortness of breath,1,98,110,84,18,99,37.8
30004536,2,anxiety,8,61,106,73,24,95,36.1
30004537,3,laceration,7,70,152,103,20,95,37.3
30004538,4,fever,1,55,118,71,14,97,35.7
30004539,2,chest pain,9,98,128,80,16,95,37.5
30004540,3,chest pain,0,112,90,77,18,98,36.7
30004541,3,shortness of breath,5,107,134,71,23,94,36.8
30004542,3,anxiety,6,62,126,117,17,99,37.8
30004543,2,shortness of breath,9,95,155,96,16,99,36.7
30004544,4,laceration,7,87,98,73,16,100,35.4
30004545,3,chest pain,2,94,129,68,7,98,38.0
30004546,5,laceration,0,103,130,91,18,100,37.9
30004547,4,fever,6,87,114,88,18,98,36.3
30004548,3,headache,1,98,124,63,18,95,36.1
30004549,1,chest pain,6,78,158,70,20,97,37.2
30004550,3,fall,7,112,156,71,17,96,38.8
30004551,3,back pain,5,96,143,66,10,96,38.0
30004552,3,chest pain,4,55,80,69,22,99,38.0
30004553,3,shortness of breath,5,103,99,66,21,95,36.6
30004554,1,laceration,6,88,110,94,17,96,36.1
30004555,3,knee pain,0,72,101,76,15,96,37.3
30004556,5,fall,0,92,132,65,20,90,36.0
30004557,2,anxiety,8,92,158,79,11,98,37.6
30004558,2,fever,8,75,128,62,12,97,36.4
30004559,3,chest pain,1,70,97,58,14,97,37.6
30004560,3,fall,6,74,142,69,17,97,36.9
30004561,3,shortness of breath,0,85,117,103,17,100,37.2
30004562,4,fever,7,85,127,75,12,96,37.2
30004563,4,anxiety,2,67,108,60,10,100,36.8
30004564,5,back pain,0,79,136,104,20,96,37.0
30004565,4,chest pain,7,59,117,79,22,95,38.3
30004566,3,back pain,2,74,146,80,19,100,37.5
30004567,3,shortness of breath,7,73,142,86,18,97,36.3
30004568,2,fall,9,71,133,74,15,95,36.4
30004569,4,knee pain,5,99,140,58,19,95,37.6
30004570,3,knee pain,6,99,130,75,15,95,38.0
30004571,5,shortness of breath,1,79,101,87,17,96,38.1
30004572,3,fall,2,78,100,86,22,98,37.0
30004573,2,shortness of breath,10,76,83,75,15,96,37.6
30004574,4,laceration,1,78,149,102,17,94,36.2
30004575,3,back pain,6,90,101,77,24,100,37.3
30004576,3,fall,5,77,117,113,18,100,35.9
30004577,3,chest pain,1,93,104,87,15,97,37.8
30004578,2,headache,8,60,116,58,14,92,37.1
30004579,3,fall,0,107,141,97,14,94,38.6
30004580,2,abdominal pain,7,75,151,73,16,98,36.7
30004581,3,shortness of breath,6,109,120,45,18,92,36.6
30004582,3,shortness of breath,3,65,140,79,15,99,36.9
30004583,4,laceration,7,84,126,82,19,98,38.6
30004584,3,shortness of breath,3,67,98,94,17,97,37.2
30004585,1,abdominal pain,10,67,125,85,17,98,36.7
30004586,2,fall,8,90,154,89,18,96,38.2
30004587,4,anxiety,4,86,147,66,6,96,38.5
30004588,3,back pain,4,82,165,88,15,100,37.1
30004589,2,chest pain,6,83,99,92,20,100,37.0
30004590,5,knee pain,2,75,121,76,24,96,36.3
30004591,3,back pain,6,71,102,83,17,98,37.3
30004592,4,fever,0,77,142,64,17,99,36.2
30004593,4,chest pain,4,50,109,81,18,99,37.9
30004594,4,chest pain,7,67,103,54,14,100,36.6
30004595,3,anxiety,4,66,124,67,22,98,37.2
30004596,3,back pain,6,110,130,68,11,100,37.1
30004597,4,abdominal pain,5,63,106,60,18,93,37.1
30004598,2,fever,7,111,97,97,12,99,36.6
30004599,3,fall,5,80,156,71,17,100,36.4
30004600,3,anxiety,4,71,126,92,21,99,35.7
30004601,3,chest pain,7,83,149,93,22,100,36.2
30004602,4,abdominal pain,3,79,122,122,19,100,38.5
30004603,3,fever,1,66,116,82,20,100,36.6
30004604,3,knee pain,5,88,167,77,17,100,38.2
30004605,3,fever,5,87,79,78,13,95,36.7
30004606,3,chest pain,4,87,118,75,24,92,38.4
30004607,5,laceration,7,76,100,96,13,91,38.6
30004608,5,chest pain,3,90,154,71,17,94,35.8
30004609,4,abdominal pain,2,94,124,89,20,98,38.0
30004610,3,laceration,6,99,149,39,22,94,36.6
30004611,5,shortness of breath,0,73,111,84,19,98,36.4
30004612,3,fall,2,78,99,84,17,97,37.0
30004613,3,laceration,1,88,148,88,12,98,37.6
30004614,3,anxiety,0,96,147,85,26,96,37.0
30004615,3,knee pain,4,85,125,60,12,90,36.6
30004616,4,abdominal pain,7,92,132,92,15,95,36.1
30004617,3,back pain,3,75,135,83,13,94,37.0
30004618,3,abdominal pain,0,64,94,89,15,98,37.4
30004619,3,laceration,6,79,96,75,21,98,37.7
30004620,3,chest pain,2,123,109,84,20,100,37.6
30004621,3,abdominal pain,2,85,166,78,17,95,36.0
30004622,3,back pain,2,85,127,62,18,98,36.8
30004623,2,fall,8,90,91,85,18,95,36.7
30004624,3,shortness of breath,0,98,120,69,20,90,35.8
30004625,2,back pain,8,75,109,87,8,92,37.9
30004626,3,headache,7,69,143,75,13,100,36.8
30004627,3,knee pain,7,71,117,72,15,90,38.6
30004628,4,chest pain,7,101,135,92,15,100,36.7
30004629,5,shortness of breath,6,104,97,74,17,100,36.5
30004630,3,back pain,6,83,146,80,23,97,35.4
30004631,3,fall,7,63,166,90,20,96,37.7
30004632,3,knee pain,4,94,144,72,22,97,37.3
30004633,3,anxiety,1,110,114,75,16,97,37.3
30004634,3,chest pain,1,116,114,78,24,100,37.2
30004635,2,back pain,10,64,113,63,11,100,36.5
30004636,4,fever,5,111,131,95,22,95,35.0
30004637,3,fever,6,77,140,53,16,95,37.4
30004638,3,laceration,4,80,117,100,15,100,37.4
30004639,4,fall,4,90,143,80,23,98,36.1
30004640,4,chest pain,3,89,96,94,16,100,37.7
30004641,3,headache,6,93,103,80,20,96,37.4
30004642,3,headache,2,78,112,86,15,98,37.3
30004643,2,headache,6,101,117,74,19,90,38.2
30004644,1,laceration,6,85,152,79,22,100,36.2
30004645,3,laceration,7,85,133,109,18,100,35.7
30004646,4,anxiety,6,62,106,43,7,98,36.8
30004647,2,anxiety,10,65,133,84,12,98,37.5
30004648,4,chest pain,6,70,112,78,16,96,36.9
30004649,3,fall,7,108,142,67,12,99,35.0
30004650,4,fever,6,67,171,58,19,97,37.2
30004651,4,knee pain,2,84,115,101,20,96,38.0
30004652,3,fever,6,94,111,80,24,98,36.9
30004653,3,anxiety,3,52,158,69,15,94,37.1
30004654,3,fever,2,80,136,91,10,95,36.2
30004655,3,back pain,2,74,156,62,15,95,37.0
30004656,3,fall,3,76,146,81,17,100,37.4
30004657,1,chest pain,10,82,139,80,16,99,36.8
30004658,1,headache,6,82,126,80,25,92,35.6
30004659,3,chest pain,3,90,145,97,14,100,36.7
30004660,4,abdominal pain,3,92,94,82,16,98,37.1
30004661,3,fever,2,66,120,49,12,98,37.4
30004662,3,fall,2,59,112,97,25,100,37.5
30004663,4,shortness of breath,2,85,133,83,22,97,37.1
30004664,3,laceration,3,70,110,87,18,98,38.1
30004665,3,shortness of breath,5,84,113,75,19,98,37.1
30004666,3,chest pain,3,57,112,78,13,100,38.2
30004667,3,fall,0,76,111,84,24,96,37.2
30004668,3,knee pain,3,89,137,106,18,98,38.2
30004669,3,laceration,1,106,119,94,18,100,37.1
30004670,5,laceration,3,81,104,67,18,93,37.5
30004671,3,abdominal pain,5,100,147,89,23,99,36.1
30004672,2,headache,7,113,130,92,13,98,37.8
30004673,3,chest pain,7,71,105,97,19,95,36.8
30004674,1,anxiety,9,83,131,81,13,99,36.7
30004675,3,headache,4,52,150,104,13,99,38.0
30004676,5,chest pain,7,98,131,100,17,95,37.4
30004677,4,laceration,5,72,116,57,24,99,37.1
30004678,4,shortness of breath,6,63,115,83,19,97,36.3
30004679,2,fall,10,76,123,75,19,97,36.0
30004680,2,laceration,7,74,125,62,19,100,37.3
30004681,3,knee pain,5,100,135,111,23,97,36.3
30004682,3,back pain,5,78,98,70,21,98,36.1
30004683,2,knee pain,6,91,85,90,9,98,36.3
30004684,4,chest pain,4,79,146,79,13,97,39.3
30004685,2,laceration,6,74,158,65,15,94,37.7
30004686,4,anxiety,2,86,81,106,18,95,37.8
30004687,1,headache,8,83,122,62,21,96,38.9
30004688,3,shortness of breath,7,79,106,78,15,98,37.5
30004689,3,headache,2,110,101,63,16,90,36.8
30004690,4,shortness of breath,5,82,132,61,23,92,35.1
30004691,2,fall,7,75,140,71,14,97,37.2
30004692,2,abdominal pain,7,68,166,73,10,97,36.9
30004693,3,fall,5,87,137,70,18,99,36.2
30004694,2,shortness of breath,8,105,124,64,17,100,37.7
30004695,2,laceration,10,77,120,104,10,99,37.2
30004696,4,knee pain,3,55,105,66,22,97,37.0
30004697,3,knee pain,5,98,121,68,25,95,37.4
30004698,4,laceration,3,93,131,70,16,98,37.0
30004699,4,shortness of breath,7,89,104,104,21,91,37.3
30004700,3,laceration,4,99,100,90,17,100,36.1
30004701,4,knee pain,4,82,109,101,15,99,36.2
30004702,2,knee pain,7,55,127,89,16,100,36.9
30004703,2,anxiety,9,71,161,74,24,89,36.8
30004704,4,chest pain,2,97,124,86,13,98,36.7
30004705,3,chest pain,3,95,156,73,11,95,37.1
30004706,4,fever,7,98,147,69,19,100,36.4
30004707,4,laceration,2,69,99,78,19,94,37.8
30004708,3,anxiety,4,110,133,102,23,100,37.5
30004709,3,anxiety,3,95,112,103,9,97,36.5
30004710,5,abdominal pain,2,54,153,96,19,96,35.0
30004711,4,knee pain,4,81,121,70,15,96,36.8
30004712,4,fever,4,95,121,72,22,100,38.4
30004713,3,headache,7,54,122,61,21,94,36.1
30004714,3,abdominal pain,7,96,122,84,23,100,37.3
30004715,3,laceration,6,76,153,99,11,97,38.2
30004716,3,laceration,6,82,106,97,15,100,35.7
30004717,3,abdominal pain,0,81,130,93,23,95,36.9
30004718,3,fever,6,67,124,77,21,91,37.3
30004719,3,back pain,3,62,122,78,16,100,35.9
30004720,5,fall,1,71,154,48,21,98,36.8
30004721,2,back pain,9,90,108,89,19,100,36.5
30004722,3,knee pain,6,88,115,70,20,97,36.5
30004723,2,knee pain,7,73,131,67,21,98,36.6
30004724,3,fall,3,59,144,80,19,100,37.3
30004725,3,abdominal pain,3,78,161,75,13,98,37.1
30004726,3,back pain,6,73,134,72,19,100,36.0
30004727,4,shortness of breath,0,58,181,80,20,94,36.2
30004728,4,fall,1,98,144,104,16,96,36.8
30004729,3,back pain,0,105,111,90,20,100,37.2
30004730,3,fall,3,90,120,81,13,95,38.1
30004731,3,laceration,3,92,114,79,20,99,37.6
30004732,5,fall,3,98,122,72,17,100,36.4
30004733,3,abdominal pain,7,69,138,89,16,98,37.0
30004734,1,knee pain,6,93,136,81,17,94,35.7
30004735,3,anxiety,3,85,98,90,22,100,37.4
30004736,2,back pain,10,50,104,94,17,94,37.2
30004737,3,laceration,6,120,131,54,16,100,37.5
30004738,5,anxiety,7,91,104,70,16,95,36.9
30004739,3,headache,7,89,131,86,21,93,37.2
30004740,2,fall,7,95,119,68,15,100,36.8
30004741,3,fever,5,84,141,86,17,98,37.5
30004742,4,fever,4,90,136,58,20,98,37.2
30004743,3,laceration,4,84,135,62,24,100,36.4
30004744,3,laceration,6,99,131,75,12,95,36.6
30004745,1,knee pain,6,80,108,59,23,95,37.2
30004746,2,shortness of breath,9,62,141,122,21,100,36.6
30004747,4,shortness of breath,1,118,106,44,20,95,36.3
30004748,4,chest pain,2,85,118,85,14,97,38.1
30004749,1,anxiety,10,63,110,97,21,98,36.4
30004750,4,headache,1,58,130,95,14,94,36.5
30004751,4,abdominal pain,6,88,132,86,9,97,38.1
30004752,3,abdominal pain,5,94,127,84,23,97,37.9
30004753,2,back pain,6,69,119,77,24,99,36.8
30004754,3,shortness of breath,3,88,138,73,22,94,37.6
30004755,2,back pain,10,78,105,80,23,95,37.6
30004756,2,headache,8,92,146,74,13,99,39.0
30004757,4,back pain,6,101,104,87,11,100,39.5
30004758,2,abdominal pain,10,61,139,74,20,99,38.0
30004759,2,anxiety,9,77,114,68,17,96,36.9
30004760,3,laceration,0,100,127,70,14,98,37.2
30004761,3,knee pain,3,93,171,64,20,97,37.3
30004762,3,fever,5,107,118,65,18,98,36.2
30004763,3,fever,4,95,103,81,21,100,37.4
30004764,3,knee pain,1,101,81,79,23,97,37.5
30004765,4,knee pain,6,69,118,47,21,92,36.5
30004766,3,laceration,7,74,85,86,21,98,36.1
30004767,3,fall,6,74,111,78,25,98,36.9
30004768,3,back pain,1,112,123,62,13,100,38.0
30004769,2,laceration,7,58,128,98,15,97,37.5
30004770,4,anxiety,3,88,177,94,16,93,37.2
30004771,4,abdominal pain,6,110,96,67,23,100,37.8
30004772,3,chest pain,2,59,126,84,17,98,36.9
30004773,4,fall,6,72,143,74,20,100,37.2
30004774,4,abdominal pain,5,73,138,76,18,100,36.9
30004775,4,shortness of breath,5,75,115,104,29,99,36.4
30004776,1,headache,10,94,138,73,13,93,38.1
30004777,3,laceration,7,75,138,98,19,96,36.4
30004778,2,fever,8,88,123,63,16,95,37.1
30004779,1,fever,8,83,118,72,24,100,37.0
30004780,3,headache,6,106,127,97,14,92,36.7
30004781,3,anxiety,3,102,114,81,16,100,35.5
30004782,3,knee pain,1,96,137,89,15,98,36.8
30004783,4,knee pain,5,76,109,116,17,94,35.7
30004784,3,knee pain,5,89,94,66,16,97,36.5
30004785,3,fever,0,89,110,84,10,97,36.3
30004786,3,laceration,6,94,152,96,17,95,36.7
30004787,4,anxiety,3,93,97,91,21,100,36.8
30004788,4,abdominal pain,7,106,114,69,23,98,37.0
30004789,3,anxiety,7,85,128,76,16,98,38.0
30004790,4,anxiety,2,87,100,97,18,96,37.5
30004791,2,shortness of breath,6,95,139,99,16,96,37.0
30004792,4,laceration,1,85,94,75,21,95,38.0
30004793,3,anxiety,3,92,119,54,25,98,37.1
30004794,2,fall,10,73,146,92,10,94,37.1
30004795,2,anxiety,8,69,110,108,19,98,36.2
30004796,2,headache,9,50,126,87,9,100,37.2
30004797,2,headache,9,95,146,64,27,99,38.1
30004798,5,abdominal pain,7,86,145,84,19,100,38.1
30004799,3,chest pain,4,67,119,84,15,97,37.2
30004800,3,knee pain,5,77,132,82,14,92,36.5
30004801,3,knee pain,2,93,114,67,20,95,36.2
30004802,2,fall,8,76,141,91,16,94,37.0
30004803,3,chest pain,2,88,179,43,22,95,37.0
30004804,4,fever,5,74,142,91,12,99,37.4
30004805,3,laceration,2,67,156,74,20,99,36.9
30004806,2,anxiety,7,94,138,71,15,96,37.9
30004807,2,chest pain,7,101,124,79,18,100,36.7
30004808,2,fall,6,69,132,64,13,100,37.7
30004809,3,headache,4,71,86,99,8,98,36.1
30004810,3,chest pain,5,88,111,66,17,95,38.0
30004811,2,abdominal pain,9,77,105,77,26,94,38.1
30004812,2,knee pain,9,70,158,91,15,93,38.4
30004813,3,knee pain,6,48,79,64,19,98,38.1
30004814,5,shortness of breath,5,106,130,104,16,96,38.3
30004815,1,shortness of breath,10,67,91,108,19,99,38.3
30004816,2,fever,10,87,113,33,13,96,37.4
30004817,4,knee pain,6,97,106,60,19,91,36.9
30004818,2,laceration,10,67,118,75,21,95,37.4
30004819,1,chest pain,8,95,138,91,16,100,36.9
30004820,3,knee pain,5,77,92,82,21,95,36.5
30004821,3,laceration,5,68,122,86,16,98,36.6
30004822,5,headache,0,68,108,93,13,94,36.6
30004823,2,shortness of breath,7,58,117,81,22,99,37.5
30004824,3,headache,7,99,105,88,19,95,36.9
30004825,3,shortness of breath,7,94,116,73,14,95,37.7
30004826,2,fever,9,82,108,59,23,94,37.4
30004827,1,shortness of breath,8,67,137,80,15,99,36.8
30004828,3,fall,7,73,109,91,28,98,35.9
30004829,4,anxiety,2,112,167,93,20,96,37.0
30004830,2,headache,10,97,127,100,22,94,36.4
30004831,3,knee pain,1,78,143,73,18,94,36.4
30004832,3,back pain,3,91,110,111,17,97,36.9
30004833,3,anxiety,5,70,102,77,21,92,36.6
30004834,3,fall,4,127,146,78,12,97,37.0
30004835,2,fall,7,112,139,82,17,100,36.4
30004836,1,fever,9,76,137,85,22,97,38.5
30004837,3,headache,6,96,87,102,14,93,36.3
30004838,1,shortness of breath,9,88,142,79,23,95,37.2
30004839,3,fever,4,81,122,95,14,96,37.1
30004840,4,laceration,3,81,136,87,18,97,37.1
30004841,4,anxiety,2,72,147,93,19,93,37.7
30004842,1,back pain,8,86,138,72,19,100,37.2
30004843,4,shortness of breath,0,88,134,83,21,99,36.2
30004844,2,fall,6,50,136,79,28,93,36.6
30004845,3,shortness of breath,7,87,137,69,22,96,37.2
30004846,3,chest pain,1,100,155,107,19,92,37.6
30004847,3,abdominal pain,7,86,134,85,20,99,38.0
30004848,4,fever,5,58,118,65,20,100,37.2
30004849,3,fall,6,88,118,66,22,97,36.9
30004850,4,laceration,0,81,117,91,21,100,36.4
30004851,3,laceration,0,103,107,69,20,98,36.4
30004852,3,anxiety,6,63,132,64,14,93,37.0
30004853,4,fall,2,58,112,87,17,93,37.8
30004854,3,chest pain,7,87,140,54,20,93,37.1
30004855,3,knee pain,3,74,95,68,24,93,38.4
30004856,3,back pain,3,73,88,96,23,100,37.6
30004857,4,anxiety,3,97,86,67,17,99,36.1
30004858,2,shortness of breath,6,88,126,102,21,97,37.8
30004859,2,abdominal pain,6,82,120,76,21,100,36.4
30004860,3,back pain,7,114,143,82,21,100,37.3
30004861,3,shortness of breath,5,104,109,109,11,100,37.2
30004862,3,abdominal pain,4,41,109,85,6,98,36.3
30004863,2,back pain,10,66,149,95,19,98,36.7
30004864,3,fever,6,64,160,85,17,98,35.8
30004865,2,abdominal pain,9,104,130,91,20,98,36.1
30004866,2,abdominal pain,6,88,146,85,23,93,36.8
30004867,4,chest pain,1,82,113,91,17,95,38.1
30004868,3,headache,1,83,110,94,19,98,38.4
30004869,3,shortness of breath,1,94,172,85,17,97,36.1
30004870,3,fall,2,119,112,100,22,95,36.8
30004871,3,back pain,4,68,119,92,15,100,36.6
30004872,3,abdominal pain,4,90,139,78,15,100,37.5
30004873,2,knee pain,8,74,124,55,17,97,37.3
30004874,3,knee pain,3,102,169,82,10,94,37.0
30004875,3,back pain,1,61,115,94,16,99,36.2
30004876,3,back pain,4,94,134,86,19,100,35.7
30004877,3,abdominal pain,1,85,112,74,13,94,36.8
30004878,3,headache,6,65,120,80,13,100,38.0
30004879,5,headache,1,80,134,87,21,98,37.2
30004880,4,fever,3,81,85,88,18,97,38.5
30004881,3,back pain,1,92,139,76,14,96,36.6
30004882,3,anxiety,4,115,99,73,18,97,36.5
30004883,4,anxiety,2,114,149,90,20,96,34.7
30004884,3,abdominal pain,4,101,146,76,18,99,36.3
30004885,4,fall,6,107,107,81,12,97,36.5
30004886,2,laceration,7,99,128,100,14,95,35.9
30004887,2,chest pain,7,72,117,95,10,97,37.1
30004888,3,headache,3,76,134,61,23,98,36.3
30004889,3,knee pain,5,87,131,90,15,95,35.8
30004890,3,chest pain,5,57,96,70,19,91,36.7
30004891,3,anxiety,5,76,69,62,20,97,35.9
30004892,3,knee pain,4,86,92,84,29,100,37.6
30004893,2,fall,7,108,134,96,13,98,38.5
30004894,4,fever,4,55,122,91,20,92,39.6
30004895,3,shortness of breath,2,117,136,65,20,100,36.7
30004896,2,fever,8,84,94,93,18,92,37.2
30004897,3,headache,4,99,154,67,19,93,36.5
30004898,3,chest pain,7,79,113,87,14,94,35.2
30004899,4,knee pain,4,100,124,71,12,94,36.5
30004900,3,shortness of breath,0,104,106,101,22,99,38.7
30004901,4,anxiety,3,109,116,61,16,99,37.0
30004902,3,headache,1,78,146,74,17,99,36.2
30004903,3,chest pain,7,106,114,96,13,88,37.0
30004904,2,chest pain,10,103,154,90,16,95,37.7
30004905,3,laceration,1,75,134,87,19,97,37.6
30004906,3,laceration,5,104,138,58,25,100,38.8
30004907,3,back pain,4,88,153,82,17,100,36.7
30004908,3,back pain,1,81,158,85,16,97,37.5
30004909,5,abdominal pain,2,63,111,99,13,100,38.2
30004910,3,knee pain,1,78,141,87,18,100,36.4
30004911,3,abdominal pain,0,84,135,79,17,94,35.3
30004912,2,abdominal pain,8,98,121,100,25,95,37.0
30004913,4,anxiety,3,103,74,64,16,94,36.8
30004914,4,headache,5,83,132,79,15,98,37.0
30004915,4,back pain,1,74,160,57,25,98,37.0
30004916,3,knee pain,0,75,86,100,21,92,37.9
30004917,3,laceration,6,72,93,93,18,100,36.8
30004918,3,shortness of breath,1,100,118,80,16,94,38.0
30004919,3,anxiety,4,97,137,72,23,100,37.4
30004920,2,shortness of breath,6,93,135,91,16,100,36.5
30004921,3,fever,1,72,117,59,16,98,36.5
30004922,4,fall,4,75,116,86,23,98,37.4
30004923,3,fever,5,95,119,56,26,99,36.7
30004924,3,fall,4,99,155,96,20,100,37.0
30004925,5,shortness of breath,7,85,103,74,19,95,37.1
30004926,3,anxiety,3,91,90,73,16,100,37.2
30004927,3,fever,4,58,154,90,16,99,37.5
30004928,3,headache,3,110,160,63,13,98,38.5
30004929,3,fever,2,86,127,71,23,95,35.8
30004930,2,knee pain,8,85,129,96,22,93,37.5
30004931,3,fever,1,93,96,96,19,97,36.9
30004932,3,knee pain,1,79,154,97,21,97,37.2
30004933,2,anxiety,10,72,157,75,20,92,36.4
30004934,4,fever,5,84,165,92,15,92,36.2
30004935,2,knee pain,8,61,125,90,22,98,35.5
30004936,4,laceration,1,88,136,79,19,100,37.1
30004937,2,fever,6,87,154,97,17,100,38.0
30004938,2,headache,9,85,166,59,22,98,37.7
30004939,4,chest pain,3,76,108,81,21,96,37.6
30004940,4,laceration,0,86,123,93,12,96,38.4
30004941,4,laceration,0,91,109,94,18,93,37.1
30004942,3,back pain,5,96,118,72,14,98,38.2
30004943,2,fever,7,47,93,85,22,98,37.4
30004944,3,knee pain,3,71,113,83,16,92,35.7
30004945,3,laceration,2,99,110,98,17,94,36.9
30004946,3,fall,5,82,155,50,9,100,36.1
30004947,2,anxiety,10,58,120,54,25,95,38.0
30004948,3,anxiety,5,83,114,40,12,98,35.8
30004949,4,headache,0,100,128,81,14,95,36.1
30004950,4,fever,7,83,126,50,15,91,36.3
30004951,1,back pain,9,79,134,102,17,94,37.0
30004952,5,shortness of breath,1,105,141,90,11,95,36.8
30004953,1,fall,8,86,101,85,25,92,37.6
30004954,4,headache,2,97,107,82,21,98,38.2
30004955,2,abdominal pain,7,106,145,72,20,99,37.5
30004956,2,shortness of breath,7,76,152,102,10,96,36.7
30004957,3,chest pain,4,91,100,71,13,100,35.6
30004958,3,knee pain,7,71,112,68,25,98,37.4
30004959,3,laceration,0,87,137,78,18,96,37.2
30004960,3,laceration,4,60,130,82,14,99,37.4
30004961,4,anxiety,6,86,115,67,16,96,36.9
30004962,5,chest pain,1,66,143,80,17,94,38.0
30004963,4,laceration,1,67,128,88,16,97,37.3
30004964,3,fever,4,79,134,82,18,99,36.2
30004965,3,knee pain,0,100,115,69,21,93,35.9
30004966,3,knee pain,6,73,116,99,14,97,36.9
30004967,3,abdominal pain,1,66,110,103,22,96,37.3
30004968,3,anxiety,2,88,152,119,16,97,36.5
30004969,4,fever,1,96,114,83,23,100,37.0
30004970,3,knee pain,4,88,116,86,21,97,36.8
30004971,4,abdominal pain,4,100,181,54,18,98,37.5
30004972,3,shortness of breath,3,116,147,78,12,100,37.7
30004973,3,laceration,6,69,139,80,17,100,37.7
30004974,3,headache,5,101,102,76,12,96,38.0
30004975,3,back pain,1,95,108,85,16,97,37.7
30004976,4,fever,2,82,135,41,15,97,35.7
30004977,2,chest pain,9,84,132,74,20,94,37.6
30004978,2,shortness of breath,10,97,110,93,17,99,38.4
30004979,3,fever,4,84,105,83,13,97,36.7
30004980,3,back pain,3,101,84,102,13,100,36.6
30004981,3,back pain,7,92,98,61,19,100,37.8
30004982,3,knee pain,1,64,120,76,18,96,37.9
30004983,4,fever,6,100,115,46,22,99,37.2
30004984,2,fall,7,80,87,84,17,95,37.5
30004985,4,abdominal pain,1,85,142,78,23,95,37.1
30004986,4,anxiety,4,98,74,72,16,98,37.8
30004987,3,abdominal pain,3,83,117,62,14,95,37.5
30004988,1,fever,10,62,100,94,23,100,37.7
30004989,2,headache,6,68,98,95,8,93,37.6
30004990,2,anxiety,9,97,110,83,24,100,37.2
30004991,3,shortness of breath,3,91,115,79,18,100,37.3
30004992,3,chest pain,7,104,112,78,14,100,36.9
30004993,1,laceration,10,88,126,108,16,96,37.9
30004994,3,back pain,7,102,137,51,18,95,37.8
30004995,3,headache,6,85,120,76,13,94,38.8
30004996,3,anxiety,7,78,107,91,22,95,37.5
30004997,1,shortness of breath,8,99,99,98,9,99,36.0
30004998,3,back pain,5,64,146,98,18,100,38.4
30004999,3,fever,1,80,130,72,20,97,36.4
30005000,3,knee pain,4,75,131,63,21,94,36.7
30005001,2,abdominal pain,8,83,130,71,20,100,36.8
30005002,4,fever,3,60,137,73,14,98,37.0
30005003,2,headache,9,79,143,83,15,96,36.8
30005004,2,headache,10,72,163,59,26,94,37.8
30005005,4,knee pain,2,116,142,67,16,100,37.3
30005006,3,fever,2,91,108,95,25,95,37.3
30005007,3,laceration,0,108,100,71,16,96,38.5
30005008,3,headache,3,89,118,99,15,94,37.3
30005009,5,shortness of breath,5,59,140,94,20,96,37.0
30005010,3,shortness of breath,6,80,139,79,20,100,37.2
30005011,3,laceration,2,88,105,70,9,94,37.3
30005012,2,abdominal pain,9,91,131,85,12,98,35.6
30005013,3,abdominal pain,6,76,92,94,19,98,37.7
30005014,3,chest pain,3,68,104,104,23,96,36.9
30005015,3,headache,2,68,126,55,20,94,37.5
30005016,3,abdominal pain,2,77,140,114,14,100,36.6
30005017,4,headache,0,74,107,79,12,94,37.9
30005018,2,anxiety,6,72,111,80,15,94,37.4
30005019,2,knee pain,7,88,114,87,17,95,35.4
30005020,3,fall,6,107,136,103,21,97,37.1
30005021,4,knee pain,4,86,88,66,18,95,37.7
30005022,1,anxiety,8,86,127,78,23,100,37.7
30005023,3,knee pain,5,82,146,78,20,99,38.4
30005024,3,back pain,2,63,110,35,10,95,36.6
30005025,3,headache,3,102,126,96,21,98,37.0
30005026,3,fever,0,75,81,58,10,99,37.0
30005027,4,anxiety,5,90,149,66,13,99,37.2
30005028,3,back pain,6,78,101,66,17,98,36.9
30005029,3,laceration,6,72,94,64,11,96,37.6
30005030,5,fever,3,78,118,80,18,99,35.9
30005031,3,headache,4,85,129,89,26,97,37.5
30005032,3,knee pain,4,93,132,57,23,98,36.5
30005033,4,laceration,1,69,138,93,14,96,37.5
30005034,3,knee pain,3,58,134,92,20,98,35.5
30005035,3,shortness of breath,1,101,130,95,11,99,35.9
30005036,3,anxiety,1,87,97,107,14,100,37.4
30005037,3,laceration,0,66,89,57,20,98,37.9
30005038,4,headache,5,82,138,94,23,91,36.7
30005039,3,shortness of breath,1,81,102,97,27,97,37.5
30005040,2,fever,9,89,130,73,25,98,36.2
30005041,4,chest pain,5,45,106,73,23,92,37.6
30005042,4,back pain,4,95,108,78,20,90,36.4
30005043,3,fall,1,82,146,47,11,95,37.4
30005044,3,knee pain,4,80,127,69,22,93,36.3
30005045,4,shortness of breath,3,92,115,99,21,93,37.3
30005046,2,chest pain,7,91,109,74,9,100,36.0
30005047,5,knee pain,3,97,125,78,20,95,37.9
30005048,3,shortness of breath,2,112,122,86,23,98,37.3
30005049,3,fall,6,63,95,81,12,100,36.6
30005050,3,fever,2,82,137,97,18,100,37.5
30005051,3,headache,5,94,126,88,16,99,35.7
30005052,4,headache,4,63,122,81,13,100,36.9
30005053,3,chest pain,0,87,93,87,14,93,34.8
30005054,3,fall,6,108,143,74,16,93,36.9
30005055,3,headache,3,66,135,74,12,95,37.5
30005056,5,shortness of breath,1,90,91,87,21,100,37.9
30005057,4,fever,6,86,112,107,13,93,37.7
30005058,3,shortness of breath,4,88,146,45,17,93,36.0
30005059,4,fever,4,74,124,84,23,100,36.3
30005060,4,headache,4,89,107,80,16,87,38.7
30005061,4,headache,2,106,139,55,22,90,37.6
30005062,3,fall,2,77,129,81,22,99,37.8
30005063,2,laceration,7,61,148,58,12,97,37.2
30005064,3,fever,3,104,131,72,20,92,38.8
30005065,3,headache,0,72,129,63,18,100,37.2
30005066,3,fever,3,73,169,87,22,94,37.0
30005067,3,fall,3,70,128,68,16,93,35.9
30005068,4,shortness of breath,2,111,109,96,20,96,37.4
30005069,2,fall,6,45,137,81,14,97,36.4
30005070,3,fever,1,110,127,66,18,100,37.0
30005071,5,abdominal pain,0,93,134,68,18,100,37.2
30005072,5,laceration,4,76,126,84,16,94,36.3
30005073,4,shortness of breath,3,81,106,83,23,96,37.2
30005074,1,laceration,8,97,151,112,22,90,37.1
30005075,3,knee pain,3,102,143,64,13,99,36.1
30005076,3,knee pain,3,89,143,79,23,95,36.4
30005077,4,fever,4,91,80,75,22,97,37.3
30005078,3,fever,3,70,108,72,16,100,38.4
30005079,4,fever,0,93,107,91,18,100,38.1
30005080,5,shortness of breath,7,72,129,71,26,94,37.3
30005081,1,chest pain,8,80,122,59,21,97,37.4
30005082,2,laceration,6,83,102,75,7,92,37.2
30005083,4,back pain,4,92,98,58,17,94,37.6
30005084,5,laceration,3,102,144,87,18,96,37.1
30005085,2,abdominal pain,6,73,114,84,23,93,37.2
30005086,3,abdominal pain,1,76,110,76,19,95,37.3
30005087,3,abdominal pain,5,103,153,89,19,93,37.4
30005088,3,chest pain,1,91,124,82,17,96,36.8
30005089,1,back pain,6,78,120,85,19,100,36.1
30005090,3,laceration,6,77,129,86,16,91,37.5
30005091,4,anxiety,3,46,122,74,16,99,37.7
30005092,1,chest pain,9,92,126,85,12,100,36.5
30005093,5,knee pain,7,110,91,73,14,98,36.7
30005094,3,abdominal pain,0,63,135,69,18,95,37.9
30005095,4,shortness of breath,2,93,117,69,32,99,36.1
30005096,2,headache,6,84,130,46,19,96,38.1
30005097,3,shortness of breath,4,100,148,76,19,94,37.2
30005098,2,fever,9,54,80,54,17,100,36.4
30005099,2,abdominal pain,10,97,123,95,14,95,36.4
30005100,3,chest pain,5,88,120,83,12,100,37.8
30005101,4,headache,5,88,140,65,20,95,37.1
30005102,3,fall,5,85,123,96,22,98,37.8
30005103,3,laceration,6,64,103,61,16,97,38.0
30005104,5,chest pain,0,91,124,95,20,100,36.6
30005105,3,chest pain,5,82,155,66,10,100,37.7
30005106,3,chest pain,6,54,137,78,16,97,35.4
30005107,3,anxiety,2,67,128,58,20,95,36.6
30005108,3,laceration,5,82,148,77,20,99,38.3
30005109,4,anxiety,3,108,146,94,19,96,37.2
30005110,2,fever,10,68,138,84,20,97,36.3
30005111,4,knee pain,0,88,106,64,21,100,37.9
30005112,2,knee pain,6,74,107,75,18,100,36.3
30005113,3,anxiety,5,78,101,56,14,100,37.2
30005114,3,shortness of breath,3,82,153,83,17,95,37.4
30005115,4,anxiety,7,90,121,56,21,97,36.5
30005116,3,fall,6,87,113,101,16,100,35.8
30005117,4,abdominal pain,1,85,131,105,20,99,36.5
30005118,4,anxiety,3,98,131,67,26,100,36.6
30005119,3,shortness of breath,4,80,133,63,25,97,36.4
30005120,3,knee pain,3,76,120,74,12,96,36.4
30005121,2,chest pain,8,71,149,101,11,97,37.6
30005122,3,fever,2,69,105,76,22,96,37.3
30005123,3,fever,7,91,117,68,13,92,37.3
30005124,2,laceration,8,62,150,66,18,97,36.9
30005125,3,laceration,4,89,126,96,18,100,38.6
30005126,2,fall,8,86,104,99,12,93,36.3
30005127,4,chest pain,2,78,137,93,22,95,37.0
30005128,3,back pain,1,85,137,88,13,100,37.6
30005129,4,laceration,6,88,113,92,11,99,38.0
30005130,4,headache,2,97,111,69,22,99,36.9
30005131,5,fever,5,94,128,65,21,96,38.1
30005132,3,back pain,0,83,106,73,23,99,36.2
30005133,3,abdominal pain,3,98,98,77,20,93,37.4
30005134,3,shortness of breath,5,91,133,59,18,97,37.2
30005135,3,fall,1,67,134,74,14,99,37.3
30005136,3,knee pain,4,91,145,48,25,96,38.0
30005137,5,shortness of breath,5,82,92,54,15,100,36.4
30005138,1,headache,6,61,117,62,30,95,37.2
30005139,1,anxiety,8,90,114,89,18,100,36.9
30005140,3,chest pain,2,77,120,85,21,97,37.7
30005141,3,abdominal pain,3,73,95,85,15,99,36.4
30005142,2,laceration,10,92,156,72,17,98,37.3
30005143,2,laceration,7,84,127,77,22,97,36.8
30005144,2,back pain,7,75,109,75,13,97,37.3
30005145,2,laceration,10,82,120,62,20,100,37.6
30005146,3,knee pain,0,80,129,73,10,95,37.5
30005147,3,chest pain,0,85,124,61,16,92,36.5
30005148,3,shortness of breath,1,90,121,76,17,94,38.7
30005149,2,knee pain,6,121,130,41,20,100,36.1
30005150,2,fall,6,67,117,88,20,96,37.2
30005151,3,fever,5,60,128,54,22,95,35.8
30005152,2,chest pain,6,82,104,80,17,93,37.0
30005153,2,knee pain,8,61,146,68,28,96,36.4
30005154,2,abdominal pain,6,81,142,59,16,96,36.4
30005155,2,chest pain,6,90,112,67,24,97,35.7
30005156,3,shortness of breath,3,82,111,76,19,100,36.5
30005157,3,laceration,3,79,139,88,17,100,36.4
30005158,3,abdominal pain,5,72,121,87,20,97,37.9
30005159,4,anxiety,4,56,165,71,11,100,37.3
30005160,2,shortness of breath,10,94,135,106,20,93,36.4
30005161,3,fever,7,96,148,75,20,95,37.3
30005162,4,back pain,7,104,122,96,19,100,37.8
30005163,4,back pain,4,70,120,83,12,99,36.8
30005164,1,fever,10,72,132,56,24,100,37.3
30005165,4,knee pain,6,85,122,52,18,100,37.0
30005166,2,abdominal pain,9,85,140,81,23,98,37.0
30005167,3,abdominal pain,5,87,154,78,15,93,37.5
30005168,3,back pain,7,90,117,94,14,91,37.4
30005169,3,abdominal pain,0,112,159,78,13,94,36.6
30005170,3,fall,2,81,86,78,23,92,37.6
30005171,4,fever,1,93,121,80,12,96,36.2
30005172,2,chest pain,8,96,122,75,19,97,39.0
30005173,3,laceration,7,89,154,87,14,100,35.9
30005174,4,shortness of breath,7,81,94,92,28,90,36.9
30005175,4,headache,2,91,111,84,14,100,37.4
30005176,3,anxiety,3,108,112,75,18,95,37.7
30005177,3,abdominal pain,2,86,141,74,14,96,36.1
30005178,1,chest pain,9,98,120,82,19,97,38.8
30005179,4,back pain,4,110,101,77,23,94,37.6
30005180,2,shortness of breath,10,82,120,71,10,94,36.0
30005181,1,knee pain,6,70,115,96,16,95,38.2
30005182,2,headache,6,113,155,84,17,98,36.7
30005183,3,fever,5,61,100,88,20,100,37.1
30005184,3,back pain,7,89,148,79,16,94,37.2
30005185,3,anxiety,1,84,137,69,22,100,35.1
30005186,3,shortness of breath,4,74,118,90,24,99,37.1
30005187,3,laceration,3,91,144,76,14,89,38.7
30005188,4,knee pain,1,83,124,74,19,98,38.3
30005189,3,knee pain,0,79,160,72,27,100,38.7
30005190,3,laceration,3,73,103,78,24,98,36.9
30005191,3,laceration,7,51,117,99,19,96,37.1
30005192,3,anxiety,1,70,140,97,13,99,36.6
30005193,3,laceration,5,49,145,52,19,93,34.9
30005194,5,headache,2,61,86,62,18,93,38.0
30005195,3,abdominal pain,1,64,89,73,19,93,37.7
30005196,2,chest pain,10,80,112,74,17,98,37.0
30005197,3,back pain,3,96,117,100,20,94,36.5
30005198,3,laceration,6,41,102,85,22,96,37.6
30005199,3,headache,5,81,157,75,19,99,37.0
30005200,3,fever,2,93,154,71,17,93,36.5
30005201,3,anxiety,1,74,124,84,16,93,36.8
30005202,1,chest pain,9,63,157,71,22,93,36.7
30005203,5,laceration,7,77,112,78,14,98,36.2
30005204,4,fall,3,85,154,68,18,93,36.2
30005205,4,back pain,6,114,130,110,18,96,37.7
30005206,2,back pain,9,69,110,97,15,100,37.4
30005207,4,back pain,7,116,125,110,18,92,37.5
30005208,3,fever,6,72,133,68,15,96,37.0
30005209,3,laceration,5,97,130,93,15,96,37.9
30005210,4,chest pain,4,113,140,94,20,100,38.2
30005211,2,shortness of breath,7,118,142,80,17,100,37.1
30005212,2,fever,6,94,113,88,23,96,36.5
30005213,3,back pain,1,84,84,65,19,96,36.7
30005214,3,fall,6,93,121,75,20,96,37.0
30005215,1,back pain,8,73,145,93,23,99,37.2
30005216,3,headache,3,77,114,84,21,95,36.8
30005217,3,laceration,4,77,102,73,14,97,37.0
30005218,3,abdominal pain,1,113,84,66,18,99,35.4
30005219,3,chest pain,5,131,144,102,17,94,37.3
30005220,3,back pain,0,71,135,110,26,97,38.5
30005221,3,knee pain,7,107,127,93,19,97,39.1
30005222,4,knee pain,2,79,97,90,20,94,36.4
30005223,1,anxiety,8,80,114,60,25,93,36.7
30005224,3,shortness of breath,3,76,122,94,16,100,38.4
30005225,3,anxiety,2,76,122,77,19,100,37.4
30005226,2,fever,10,76,156,87,13,100,37.1
30005227,3,headache,1,85,126,79,12,97,37.0
30005228,3,chest pain,1,62,111,86,13,97,35.2
30005229,3,fall,5,77,162,73,19,99,36.8
30005230,3,back pain,7,72,112,84,16,98,36.0
30005231,3,anxiety,4,80,135,105,13,97,38.2
30005232,3,shortness of breath,5,99,134,74,20,93,35.6
30005233,4,shortness of breath,2,84,109,76,17,100,38.2
30005234,3,abdominal pain,4,83,122,55,22,98,38.3
30005235,3,chest pain,7,86,164,94,16,94,36.5
30005236,3,anxiety,3,79,113,63,21,96,36.8
30005237,4,shortness of breath,3,95,115,69,20,97,36.3
30005238,3,headache,1,70,119,82,18,96,35.9
30005239,3,shortness of breath,6,88,109,84,15,93,37.6
30005240,3,headache,1,85,109,89,24,100,35.6
30005241,4,fall,6,108,97,80,9,100,37.2
30005242,3,shortness of breath,1,85,114,57,27,93,37.5
30005243,2,fever,7,78,149,90,17,96,37.1
30005244,5,fever,6,79,71,60,17,95,37.6
30005245,2,abdominal pain,6,79,111,89,19,100,37.9
30005246,3,knee pain,5,68,145,102,12,98,38.2
30005247,3,knee pain,7,97,145,103,13,94,35.6
30005248,2,fever,6,94,108,80,22,99,36.9
30005249,4,headache,1,97,127,72,20,99,36.7
30005250,2,fall,6,90,96,75,21,97,37.3
30005251,2,shortness of breath,9,81,89,75,12,98,36.5
30005252,3,knee pain,4,109,124,42,21,100,35.9
30005253,4,abdominal pain,6,85,91,84,13,92,37.1
30005254,3,fever,4,92,128,93,21,96,36.8
30005255,3,shortness of breath,3,90,111,86,14,99,37.1
30005256,3,shortness of breath,4,86,150,97,17,96,36.9
30005257,3,abdominal pain,2,106,134,61,19,93,37.6
30005258,4,shortness of breath,1,75,145,89,21,97,36.9
30005259,1,fall,9,72,110,90,20,98,36.6
30005260,4,shortness of breath,4,66,142,32,22,91,38.2
30005261,4,laceration,1,101,86,64,23,91,38.9
30005262,3,knee pain,1,74,108,93,23,97,37.0
30005263,3,chest pain,7,77,144,56,20,97,37.5
30005264,3,knee pain,7,71,77,82,10,95,37.7
30005265,3,chest pain,4,53,143,83,21,100,36.3
30005266,5,shortness of breath,2,101,118,76,21,96,37.1
30005267,3,anxiety,4,86,129,79,17,96,37.4
30005268,3,shortness of breath,1,85,131,93,24,96,38.5
30005269,3,headache,5,88,134,86,18,99,37.1
30005270,2,back pain,10,95,120,84,14,95,36.9
30005271,3,fever,0,110,107,82,13,96,37.4
30005272,1,chest pain,9,78,109,82,19,96,38.6
30005273,1,laceration,6,89,128,75,15,92,37.0
30005274,2,chest pain,9,82,128,86,13,99,37.2
30005275,2,anxiety,6,42,134,68,24,91,37.2
30005276,3,fever,1,73,117,83,15,99,37.3
30005277,5,shortness of breath,4,87,91,89,17,97,37.8
30005278,4,headache,6,92,118,83,25,98,37.4
30005279,3,back pain,2,98,123,90,21,97,37.1
30005280,4,shortness of breath,5,81,112,78,16,97,36.2
30005281,3,chest pain,4,88,113,60,17,95,36.4
30005282,3,shortness of breath,1,76,108,83,22,100,37.9
30005283,3,shortness of breath,2,60,106,107,14,94,36.6
30005284,3,shortness of breath,1,100,111,113,17,100,36.7
30005285,3,fever,1,93,155,64,18,98,36.2
30005286,4,chest pain,6,100,59,40,12,99,35.9
30005287,4,laceration,4,119,143,84,17,98,38.6
30005288,3,headache,2,90,102,78,13,94,37.8
30005289,3,fever,0,81,130,80,15,98,35.9
30005290,3,fever,7,84,109,85,17,97,38.0
30005291,3,headache,0,119,136,96,22,100,36.3
30005292,2,headache,7,106,134,82,21,98,37.0
30005293,4,shortness of breath,2,69,82,80,19,97,36.2
30005294,3,fall,3,68,120,54,16,100,37.1
30005295,2,fall,10,119,113,82,20,93,37.0
30005296,4,shortness of breath,4,87,143,63,18,97,37.8
30005297,3,abdominal pain,1,78,138,92,20,99,36.1
30005298,4,fever,1,114,119,110,17,99,37.2
30005299,3,shortness of breath,7,78,92,118,20,99,35.8
30005300,3,abdominal pain,7,66,114,96,14,100,37.0
30005301,3,fall,5,99,102,82,16,95,38.3
30005302,4,headache,6,63,158,78,22,93,36.9
30005303,4,chest pain,4,104,120,101,17,95,37.0
30005304,2,back pain,6,67,152,73,21,98,36.9
30005305,2,chest pain,6,93,115,74,22,99,37.5
30005306,2,back pain,10,94,146,88,11,97,36.8
30005307,3,headache,4,73,151,77,21,94,36.9
30005308,4,back pain,3,59,155,68,19,93,37.5
30005309,3,chest pain,4,85,152,70,14,93,37.7
30005310,3,laceration,6,95,93,51,22,100,37.0
30005311,3,chest pain,7,84,121,96,17,99,37.0
30005312,4,knee pain,2,84,131,88,17,96,36.7
30005313,4,back pain,5,102,143,114,19,100,36.6
30005314,4,back pain,7,103,139,93,22,100,37.9
30005315,3,shortness of breath,5,79,119,60,14,93,37.7
30005316,3,back pain,7,88,110,107,20,96,36.6
30005317,2,chest pain,7,67,109,101,21,95,36.1
30005318,3,anxiety,1,88,118,96,16,99,36.8
30005319,4,fever,6,90,130,64,24,94,38.2
30005320,3,laceration,0,65,114,48,16,100,38.1
30005321,3,fall,4,89,152,76,21,98,37.3
30005322,4,knee pain,3,65,121,92,15,99,37.6
30005323,3,fall,3,66,110,83,20,98,37.0
30005324,5,laceration,3,70,154,84,22,100,35.5
30005325,3,fall,7,70,108,82,26,100,36.7
30005326,3,back pain,1,85,154,90,17,95,35.4
30005327,3,fall,6,107,150,76,16,98,38.1
30005328,1,laceration,6,122,104,93,21,92,36.9
30005329,2,chest pain,6,105,145,63,12,100,36.7
30005330,1,back pain,7,74,141,93,21,97,36.0
30005331,3,headache,7,82,121,71,16,97,37.0
30005332,3,headache,5,77,137,60,21,97,37.3
30005333,2,headache,9,83,139,73,14,94,37.5
30005334,1,anxiety,7,77,116,97,12,100,36.1
30005335,3,knee pain,5,96,147,65,17,100,36.6
30005336,3,shortness of breath,4,85,147,93,26,98,36.6
30005337,2,abdominal pain,7,107,151,79,16,97,37.3
30005338,3,fever,7,91,125,53,18,95,39.0
30005339,2,fever,9,81,125,69,20,98,37.3
30005340,3,fever,7,75,127,57,22,96,37.7
30005341,2,laceration,7,85,138,86,20,95,36.4
30005342,3,shortness of breath,4,72,112,92,13,100,36.7
30005343,4,laceration,0,76,120,95,11,100,36.9
30005344,3,knee pain,7,95,137,91,19,100,37.4
30005345,3,headache,5,77,135,73,13,99,35.3
30005346,3,laceration,3,76,112,85,22,94,37.8
30005347,3,abdominal pain,2,85,123,88,24,98,36.4
30005348,3,abdominal pain,0,72,129,72,15,98,38.0
30005349,5,shortness of breath,2,100,133,81,17,99,37.9
30005350,3,laceration,7,105,136,78,16,99,38.4
30005351,5,anxiety,5,89,141,124,11,96,38.1
30005352,2,fall,7,82,141,68,21,95,35.1
30005353,3,back pain,7,80,195,113,18,97,35.7
30005354,3,chest pain,0,87,158,70,19,98,38.8
30005355,3,knee pain,6,74,132,88,7,95,37.9
30005356,1,laceration,9,102,143,71,16,95,36.3
30005357,5,knee pain,7,84,125,76,17,96,37.0
30005358,4,laceration,1,85,130,95,20,98,35.9
30005359,3,chest pain,0,50,144,66,18,98,35.3
30005360,3,anxiety,1,80,187,89,16,99,38.0
30005361,2,abdominal pain,7,102,100,65,21,99,38.9
30005362,3,back pain,5,73,113,71,26,93,37.0
30005363,3,knee pain,3,90,95,80,14,96,38.2
30005364,4,back pain,1,80,127,78,23,100,36.8
30005365,3,anxiety,2,66,137,96,19,97,36.8
30005366,5,anxiety,1,71,141,94,18,99,35.7
30005367,3,back pain,5,81,113,65,9,100,36.0
30005368,2,fall,8,86,106,55,18,90,37.3
30005369,3,shortness of breath,4,74,137,70,20,99,37.8
30005370,3,chest pain,3,50,148,63,16,100,37.2
30005371,3,fever,0,99,131,60,19,93,36.6
30005372,3,knee pain,2,73,138,113,19,95,36.6
30005373,3,back pain,5,77,131,55,15,95,37.2
30005374,3,knee pain,6,96,149,76,15,98,36.4
30005375,1,fall,7,93,104,104,24,94,37.3
30005376,3,headache,4,69,130,62,10,100,38.2
30005377,4,laceration,1,96,113,89,22,99,37.5
30005378,5,back pain,3,81,113,104,13,95,35.6
30005379,3,knee pain,4,74,122,86,20,99,37.9
30005380,4,headache,2,85,86,77,14,98,36.9
30005381,3,fall,1,52,165,66,11,91,37.7
30005382,4,chest pain,6,79,143,70,16,100,38.9
30005383,3,anxiety,0,79,109,104,10,99,37.0
30005384,2,chest pain,6,86,165,77,24,98,39.1
30005385,3,shortness of breath,1,106,100,62,14,100,36.5
30005386,3,headache,3,76,127,69,19,100,37.2
30005387,2,shortness of breath,9,70,143,85,15,95,36.0
30005388,3,laceration,5,63,75,62,19,97,37.0
30005389,3,chest pain,3,60,123,86,16,100,36.0
30005390,3,knee pain,4,88,150,100,18,96,37.2
30005391,2,anxiety,6,80,141,70,21,99,37.7
30005392,4,fever,7,81,125,76,20,97,38.4
30005393,3,chest pain,0,79,134,81,14,96,37.9
30005394,3,anxiety,6,103,118,86,15,100,37.6
30005395,4,fall,3,79,137,96,15,97,37.0
30005396,2,fall,7,80,99,80,18,96,36.4
30005397,3,knee pain,6,51,105,89,14,97,37.1
30005398,3,shortness of breath,2,81,110,63,15,93,38.0
30005399,5,shortness of breath,7,84,111,73,20,100,36.4
30005400,3,back pain,1,107,127,83,19,100,35.2
30005401,3,chest pain,7,88,152,71,15,97,37.9
30005402,1,fever,7,72,147,73,9,100,36.0
30005403,4,headache,2,81,139,91,17,93,37.0
30005404,2,knee pain,6,68,129,75,15,98,37.4
30005405,2,headache,9,82,99,55,17,97,36.6
30005406,3,knee pain,6,72,144,77,17,100,36.2
30005407,2,shortness of breath,9,90,129,73,19,99,36.5
30005408,3,chest pain,4,102,110,54,17,98,35.8
30005409,2,laceration,10,93,132,87,22,95,36.9
30005410,4,fall,7,95,91,74,19,94,36.8
30005411,2,abdominal pain,7,55,99,81,19,100,36.9
30005412,3,abdominal pain,0,77,145,78,22,98,37.9
30005413,3,fall,5,91,148,56,20,95,38.6
30005414,3,abdominal pain,2,92,155,87,12,94,36.3
30005415,2,fever,7,88,130,85,8,100,36.9
30005416,3,chest pain,2,95,139,55,18,93,36.4
30005417,4,abdominal pain,4,81,144,94,18,98,35.1
30005418,3,anxiety,0,77,91,63,15,93,37.5
30005419,4,chest pain,2,104,93,98,11,95,37.5
30005420,3,laceration,6,86,103,96,23,98,36.5
30005421,4,back pain,4,86,149,76,17,98,36.3
30005422,2,back pain,9,80,139,72,12,95,37.0
30005423,4,laceration,0,104,110,93,18,100,36.7
30005424,3,laceration,1,72,107,87,14,100,38.4
30005425,4,laceration,3,87,133,66,16,92,36.6
30005426,2,headache,8,84,101,69,12,100,37.0
30005427,4,chest pain,4,86,157,80,20,98,36.6
30005428,3,back pain,0,64,113,73,14,99,35.9
30005429,5,back pain,6,79,122,92,17,96,36.5
30005430,3,fall,6,62,115,67,21,98,38.4
30005431,3,anxiety,5,95,134,88,17,94,36.6
30005432,3,abdominal pain,6,77,145,72,18,96,34.9
30005433,2,anxiety,9,80,111,76,23,98,36.5
30005434,3,fall,2,59,158,69,12,92,36.2
30005435,4,anxiety,1,122,154,91,14,100,36.8
30005436,3,laceration,2,103,138,50,18,98,37.0
30005437,4,back pain,2,56,114,86,13,100,35.7
30005438,3,knee pain,3,90,94,103,15,94,38.9
30005439,3,fall,2,84,117,85,14,97,37.2
30005440,3,fall,7,65,125,77,19,95,37.7
30005441,2,knee pain,7,75,137,70,22,98,35.9
30005442,1,knee pain,9,96,85,73,22,98,37.9
30005443,1,anxiety,6,102,142,100,17,99,35.0
30005444,3,headache,1,72,89,83,12,94,37.3
30005445,3,shortness of breath,1,96,116,78,15,100,35.8
30005446,3,chest pain,5,117,137,68,18,95,37.2
30005447,1,fever,6,72,114,83,14,95,37.1
30005448,3,back pain,2,98,138,82,21,94,36.7
30005449,3,back pain,2,101,116,93,16,100,35.8
30005450,2,abdominal pain,9,84,116,82,12,98,35.5
30005451,3,anxiety,3,81,121,77,19,96,36.5
30005452,2,chest pain,6,97,125,79,19,97,37.8
30005453,2,chest pain,9,95,112,91,14,99,36.1
30005454,2,knee pain,10,98,120,89,19,100,37.9
30005455,2,abdominal pain,10,79,91,69,15,99,38.2
30005456,2,chest pain,7,72,116,93,20,98,37.9
30005457,5,abdominal pain,6,76,137,67,23,93,37.4
30005458,3,headache,2,77,132,78,14,100,36.5
30005459,2,knee pain,10,85,120,81,12,95,35.9
30005460,4,shortness of breath,7,85,141,96,18,96,36.5
30005461,3,back pain,5,81,146,96,20,95,37.3
30005462,3,shortness of breath,7,88,172,80,22,97,35.7
30005463,2,headache,6,73,151,82,13,100,36.6
30005464,2,abdominal pain,10,76,108,75,11,98,37.1
30005465,3,back pain,5,64,109,80,25,97,37.2
30005466,2,abdominal pain,10,97,118,79,16,100,38.3
30005467,3,anxiety,4,84,139,72,21,100,37.0
30005468,3,knee pain,7,72,134,76,19,98,35.7
30005469,3,abdominal pain,7,92,149,104,26,100,37.4
30005470,3,shortness of breath,7,67,106,64,20,90,37.8
30005471,4,anxiety,3,93,95,58,21,97,37.7
30005472,3,anxiety,4,77,137,90,18,95,37.4
30005473,4,chest pain,7,100,159,79,22,97,37.4
30005474,3,abdominal pain,1,115,105,63,12,98,36.8
30005475,3,knee pain,3,63,87,74,15,100,37.8
30005476,3,chest pain,3,117,109,91,17,100,37.4
30005477,4,abdominal pain,5,63,196,78,22,94,37.5
30005478,4,headache,2,82,109,106,19,96,36.0
30005479,2,laceration,7,103,124,90,14,98,38.4
30005480,3,shortness of breath,4,64,122,44,25,99,35.6
30005481,2,abdominal pain,9,108,133,71,22,99,38.2
30005482,3,fever,6,50,118,59,11,97,34.5
30005483,3,shortness of breath,2,60,118,64,18,100,38.0
30005484,4,anxiety,5,91,124,73,24,91,38.5
30005485,3,shortness of breath,5,88,151,58,15,96,36.4
30005486,3,fever,0,94,135,73,23,99,36.9
30005487,3,fall,2,101,105,72,21,97,37.7
30005488,3,chest pain,0,68,97,84,18,96,34.8
30005489,3,knee pain,3,75,79,75,18,96,36.8
30005490,3,chest pain,4,68,122,83,15,94,37.8
30005491,3,chest pain,2,85,146,79,15,100,36.7
30005492,3,chest pain,4,89,134,66,21,98,37.0
30005493,1,abdominal pain,8,51,100,76,16,93,35.2
30005494,3,back pain,1,95,113,72,20,93,36.7
30005495,2,abdominal pain,9,96,123,79,20,92,36.9
30005496,3,shortness of breath,1,77,110,94,17,100,36.6
30005497,3,laceration,3,103,111,76,26,99,36.7
30005498,3,headache,1,127,109,108,13,97,37.2
30005499,3,laceration,7,91,131,77,13,96,36.3
30005500,3,back pain,4,81,97,74,10,99,37.6
30005501,3,abdominal pain,3,79,129,97,18,100,37.0
30005502,2,fall,10,91,126,100,19,93,37.6
30005503,3,anxiety,4,63,97,65,18,99,37.0
30005504,3,shortness of breath,3,93,120,94,22,94,37.9
30005505,1,abdominal pain,10,69,110,88,18,97,37.0
30005506,3,fever,3,104,83,90,23,97,37.2
30005507,4,laceration,6,102,126,82,17,96,35.5
30005508,4,chest pain,6,81,130,56,21,100,36.1
30005509,2,anxiety,7,71,126,97,20,97,37.0
30005510,4,anxiety,5,96,120,88,16,93,37.2
30005511,3,back pain,3,72,177,79,14,95,35.9
30005512,3,abdominal pain,0,80,104,77,21,96,36.8
30005513,2,shortness of breath,8,87,115,49,18,94,37.1
30005514,3,fall,7,81,149,64,14,100,35.9
30005515,3,shortness of breath,4,79,186,90,22,94,37.3
30005516,3,anxiety,0,85,146,82,16,97,36.8
30005517,2,headache,10,71,127,103,16,92,37.9
30005518,4,headache,4,113,137,79,12,100,38.7
30005519,3,knee pain,7,74,151,93,22,96,36.9
30005520,2,abdominal pain,8,86,128,79,17,94,37.5
30005521,4,knee pain,5,90,129,81,16,97,36.6
30005522,4,laceration,3,60,96,88,14,98,36.0
30005523,3,knee pain,2,92,139,68,15,97,35.8
30005524,5,knee pain,6,85,94,83,21,93,37.6
30005525,5,laceration,4,77,125,82,24,96,35.5
30005526,4,fever,5,118,95,77,13,97,37.1
30005527,4,fever,7,102,121,105,15,100,37.2
30005528,3,headache,7,60,143,80,20,99,36.6
30005529,3,fever,7,113,154,64,21,96,36.1
30005530,3,fever,3,81,141,69,15,95,35.9
30005531,3,headache,0,102,137,87,13,91,38.1
30005532,1,fall,9,82,141,70,12,93,37.8
30005533,4,fall,3,79,140,77,22,94,38.2
30005534,3,laceration,0,103,134,77,23,100,36.9
30005535,3,anxiety,0,92,116,70,21,99,36.3
30005536,3,laceration,3,88,151,86,18,100,38.1
30005537,5,shortness of breath,2,65,134,66,22,92,36.2
30005538,3,headache,0,92,136,89,20,100,36.7
30005539,4,headache,7,89,116,90,22,95,36.6
30005540,3,anxiety,6,61,134,72,21,98,36.6
30005541,3,back pain,5,94,126,83,19,98,36.6
30005542,3,headache,1,99,113,100,11,99,37.2
30005543,3,shortness of breath,7,109,82,71,15,94,37.4
30005544,3,shortness of breath,1,87,118,81,18,97,37.3
30005545,3,shortness of breath,7,73,149,76,13,95,36.5
30005546,3,back pain,2,67,121,69,24,98,36.9
30005547,3,anxiety,0,82,166,69,22,95,38.4
30005548,3,chest pain,0,62,118,75,22,97,37.3
30005549,3,fever,3,112,121,95,16,95,36.8
30005550,4,headache,3,108,102,72,25,99,37.2
30005551,3,knee pain,6,71,115,66,12,98,37.8
30005552,3,fall,5,111,116,99,10,97,37.1
30005553,3,fall,3,89,104,70,24,93,37.9
30005554,4,back pain,6,61,98,63,17,99,36.7
30005555,3,anxiety,0,89,127,76,24,99,37.8
30005556,3,anxiety,7,81,115,83,8,94,36.9
30005557,3,shortness of breath,4,101,133,45,12,100,36.1
30005558,2,knee pain,9,78,148,98,17,96,37.6
30005559,3,fall,0,106,109,50,8,98,37.0
30005560,3,fever,6,76,111,100,26,100,37.5
30005561,3,fever,1,66,124,77,15,98,37.1
30005562,2,chest pain,7,82,112,68,19,94,38.5
30005563,3,abdominal pain,5,81,115,91,20,97,37.3
30005564,2,shortness of breath,8,50,108,82,20,98,35.1
30005565,3,anxiety,4,114,154,81,17,94,36.8
30005566,4,laceration,2,90,128,90,19,95,37.1
30005567,1,abdominal pain,8,114,124,73,15,95,38.2
30005568,5,anxiety,4,82,95,92,13,94,36.6
30005569,2,headache,10,86,144,90,22,98,37.7
30005570,1,abdominal pain,9,81,119,67,16,96,38.2
30005571,3,abdominal pain,6,92,104,79,17,96,36.2
30005572,2,laceration,9,82,107,91,19,95,37.7
30005573,4,chest pain,1,95,143,104,13,98,36.6
30005574,3,knee pain,3,72,89,82,24,93,38.4
30005575,3,anxiety,3,90,138,92,21,96,36.2
30005576,4,laceration,0,68,125,81,20,100,37.2
30005577,5,back pain,1,98,115,79,21,98,37.5
30005578,2,abdominal pain,9,102,144,54,18,98,35.9
30005579,5,shortness of breath,3,84,129,87,18,97,36.6
30005580,2,fall,6,64,149,77,24,99,36.1
30005581,2,laceration,9,65,99,68,16,94,37.1
30005582,3,knee pain,2,73,96,95,13,96,37.7
30005583,2,chest pain,9,90,114,102,15,95,35.5
30005584,3,fall,6,77,116,70,17,92,36.9
30005585,3,abdominal pain,1,88,101,81,18,94,38.6
30005586,3,fall,2,63,141,88,19,96,38.2
30005587,3,headache,0,88,104,75,16,97,38.4
30005588,3,fever,1,96,112,81,19,97,38.2
30005589,5,headache,1,41,113,74,22,95,35.4
30005590,1,fever,9,92,148,73,18,97,37.2
30005591,3,knee pain,2,96,144,72,16,94,38.1
30005592,2,chest pain,8,75,57,113,25,97,38.0
30005593,2,laceration,10,112,147,58,21,94,37.0
30005594,3,knee pain,3,84,124,97,19,99,36.6
30005595,3,fall,0,42,160,100,16,96,38.7
30005596,4,anxiety,0,83,121,80,21,95,36.7
30005597,3,laceration,0,93,159,106,15,95,35.2
30005598,4,shortness of breath,1,95,108,89,22,100,37.4
30005599,2,anxiety,6,90,126,50,17,93,38.1
30005600,3,chest pain,2,74,139,106,22,100,38.1
30005601,4,chest pain,4,75,95,92,13,96,36.2
30005602,3,anxiety,3,71,124,101,14,99,37.1
30005603,4,shortness of breath,2,86,138,88,15,98,37.8
30005604,3,abdominal pain,5,84,119,98,23,94,37.1
30005605,1,headache,9,111,135,82,16,100,39.5
30005606,3,laceration,0,116,101,94,22,97,38.0
30005607,4,laceration,3,61,118,82,19,94,36.9
30005608,3,chest pain,7,92,89,92,17,97,36.7
30005609,3,fever,4,77,131,84,16,95,36.8
30005610,3,back pain,4,96,113,68,19,96,36.5
30005611,4,back pain,0,108,141,72,19,97,36.9
30005612,2,fall,9,105,118,74,20,100,38.0
30005613,3,laceration,2,74,121,79,17,94,38.5
30005614,2,back pain,10,97,142,76,21,100,38.0
30005615,2,fall,6,83,117,72,16,97,38.0
30005616,4,anxiety,7,88,111,94,13,98,37.8
30005617,3,back pain,7,93,106,45,17,96,36.3
30005618,3,abdominal pain,5,83,123,99,17,100,36.0
30005619,5,back pain,7,94,111,103,15,100,38.0
30005620,4,chest pain,4,83,147,80,28,100,38.4
30005621,3,anxiety,7,105,78,85,19,97,36.9
30005622,5,headache,6,85,131,102,12,97,38.1
30005623,3,laceration,3,77,120,84,16,98,37.0
30005624,4,shortness of breath,6,102,97,85,15,97,37.6
30005625,3,fall,6,73,134,86,18,99,37.4
30005626,2,fever,10,83,118,93,22,97,38.1
30005627,3,knee pain,7,80,97,86,14,96,36.5
30005628,5,chest pain,5,114,129,86,20,98,37.4
30005629,3,abdominal pain,4,76,143,66,18,100,36.1
30005630,3,fever,3,109,125,85,18,99,36.1
30005631,3,abdominal pain,5,77,100,96,24,93,37.2
30005632,2,fever,10,97,129,62,12,98,37.2
30005633,3,back pain,6,107,144,74,15,91,37.0
30005634,3,abdominal pain,5,82,148,89,23,96,36.0
30005635,3,back pain,2,85,142,63,17,100,37.3
30005636,3,chest pain,4,88,118,136,18,99,37.1
30005637,3,shortness of breath,2,124,139,91,14,99,36.8
30005638,2,back pain,7,94,156,77,7,99,37.1
30005639,2,chest pain,9,117,169,60,13,96,37.8
30005640,4,abdominal pain,3,80,125,99,16,97,36.6
30005641,3,chest pain,2,91,118,63,17,100,39.0
30005642,3,chest pain,2,93,174,76,21,97,37.0
30005643,3,fall,6,91,113,74,24,96,36.8
30005644,2,fever,7,79,102,101,20,97,37.0
30005645,3,shortness of breath,7,93,90,70,19,97,38.4
30005646,3,fall,5,70,104,94,21,91,39.0
30005647,3,anxiety,6,72,160,53,15,97,37.3
30005648,3,shortness of breath,6,86,114,67,24,94,37.6
30005649,4,back pain,3,89,153,71,10,98,35.5
30005650,5,knee pain,2,86,116,82,12,100,36.5
30005651,4,abdominal pain,2,82,115,80,16,100,36.8
30005652,3,shortness of breath,3,97,158,84,12,96,37.7
30005653,3,headache,2,54,145,103,18,96,36.5
30005654,3,knee pain,5,121,124,66,17,97,36.9
30005655,3,abdominal pain,2,54,141,79,20,100,36.6
30005656,2,knee pain,6,74,125,68,17,98,37.7
30005657,4,back pain,4,79,136,69,11,95,36.7
30005658,2,chest pain,8,79,125,105,13,95,36.1
30005659,3,headache,6,105,117,113,21,96,35.8
30005660,2,fall,10,81,107,75,16,100,38.9
30005661,4,chest pain,2,75,94,82,10,96,38.2
30005662,5,headache,2,119,123,65,19,96,36.1
30005663,3,fall,7,68,141,56,18,96,37.9
30005664,3,laceration,2,68,119,90,11,100,38.1
30005665,2,laceration,7,71,104,54,26,100,38.7
30005666,4,abdominal pain,3,93,125,86,23,96,37.5
30005667,2,abdominal pain,7,128,91,83,18,94,37.5
30005668,3,back pain,2,79,137,90,18,97,37.3
30005669,3,back pain,0,95,159,92,24,97,37.1
30005670,3,laceration,4,98,82,68,19,97,36.5
30005671,1,back pain,8,111,124,55,21,94,36.6
30005672,4,shortness of breath,0,94,166,49,14,100,36.4
30005673,5,laceration,1,94,122,84,17,95,36.8
30005674,1,chest pain,8,93,120,99,19,92,39.0
30005675,3,back pain,1,85,139,90,19,100,37.7
30005676,3,laceration,6,116,119,75,9,100,37.0
30005677,5,chest pain,3,101,113,92,11,97,37.6
30005678,4,anxiety,2,62,133,56,20,98,38.7
30005679,2,chest pain,7,62,134,86,10,100,37.0
30005680,3,anxiety,4,93,109,72,11,99,35.5
30005681,2,knee pain,7,92,128,72,18,100,36.0
30005682,4,shortness of breath,2,81,98,73,17,95,37.3
30005683,3,shortness of breath,7,117,139,88,18,97,37.4
30005684,3,fever,3,64,133,65,20,99,36.9
30005685,5,knee pain,3,63,120,71,18,98,37.3
30005686,4,abdominal pain,2,88,105,80,15,100,37.3
30005687,3,back pain,7,120,132,88,23,100,37.0
30005688,3,fever,1,93,134,91,23,98,37.0
30005689,3,laceration,5,85,128,78,16,91,37.5
30005690,4,fall,5,90,131,56,20,100,38.0
30005691,3,fall,5,100,126,67,22,96,37.0
30005692,4,fever,3,81,109,97,24,93,36.6
30005693,3,laceration,5,75,113,88,20,99,38.9
30005694,4,laceration,1,93,127,56,26,96,36.8
30005695,4,anxiety,7,104,149,97,16,100,38.0
30005696,3,fall,5,77,181,90,23,96,36.6
30005697,4,headache,0,96,137,71,20,100,36.6
30005698,3,shortness of breath,4,98,154,85,16,97,37.8
30005699,3,headache,0,87,131,64,13,97,37.8
30005700,3,knee pain,3,82,111,68,15,97,36.7
30005701,3,chest pain,3,91,103,70,20,92,36.1
30005702,3,shortness of breath,3,122,141,88,25,100,37.3
30005703,3,abdominal pain,4,87,112,90,20,100,37.5
30005704,3,shortness of breath,2,120,123,86,17,89,36.6
30005705,3,fever,3,91,134,53,14,96,37.8
30005706,2,laceration,9,95,78,62,14,96,37.9
30005707,2,knee pain,10,95,118,75,13,96,35.9
30005708,5,shortness of breath,7,81,109,64,19,91,37.7
30005709,3,fever,2,100,123,56,16,99,37.3
30005710,2,back pain,9,101,135,78,14,95,36.0
30005711,3,fall,7,74,99,88,19,96,37.2
30005712,3,chest pain,3,67,135,106,11,97,36.6
30005713,3,headache,1,86,100,119,18,99,37.1
30005714,3,laceration,4,116,106,95,21,100,36.3
30005715,3,back pain,0,83,127,82,12,100,36.8
30005716,3,chest pain,3,81,137,81,19,94,35.3
30005717,2,back pain,10,96,103,82,20,97,35.4
30005718,3,knee pain,7,95,107,70,9,97,36.7
30005719,3,fall,7,99,130,68,19,96,37.3
30005720,3,anxiety,1,71,124,74,6,100,37.6
30005721,3,shortness of breath,2,83,122,79,16,98,37.9
30005722,3,anxiety,2,124,126,69,19,99,36.7
30005723,3,knee pain,6,82,80,107,25,96,36.9
30005724,3,fever,1,95,123,65,12,100,38.3
30005725,2,anxiety,9,90,134,65,23,96,37.3
30005726,1,headache,10,60,116,68,17,92,37.2
30005727,2,abdominal pain,9,82,116,87,16,100,37.6
30005728,3,abdominal pain,5,96,129,74,22,97,37.1
30005729,5,anxiety,1,78,112,89,24,96,35.7
30005730,2,headache,7,76,118,68,14,96,35.9
30005731,3,anxiety,0,123,121,58,25,94,36.9
30005732,3,laceration,6,98,76,97,8,97,37.2
30005733,3,shortness of breath,7,84,158,85,22,95,36.1
30005734,3,knee pain,7,61,134,82,13,97,37.6
30005735,5,chest pain,7,78,153,98,16,95,38.6
30005736,3,laceration,4,122,137,72,15,100,36.9
30005737,2,shortness of breath,10,84,115,61,19,95,36.8
30005738,3,fever,1,76,141,83,16,100,36.6
30005739,3,chest pain,0,82,126,81,13,98,38.3
30005740,3,fall,5,76,131,100,20,97,36.8
30005741,2,headache,10,69,126,69,18,97,37.2
30005742,2,fall,9,97,157,104,13,98,37.3
30005743,4,chest pain,5,73,138,89,12,92,36.6
30005744,3,fall,0,92,104,86,19,100,37.8
30005745,3,anxiety,6,92,125,62,14,100,36.2
30005746,5,headache,0,97,115,87,14,95,38.0
30005747,3,fever,4,83,98,92,19,97,37.5
30005748,2,abdominal pain,8,90,109,88,18,93,36.5
30005749,3,laceration,0,68,148,87,17,94,37.1
30005750,2,headache,6,88,114,87,17,100,38.2
30005751,4,fall,4,87,127,91,20,94,35.5
30005752,3,fall,0,103,134,72,21,98,37.6
30005753,1,laceration,9,81,161,77,19,99,36.1
30005754,4,back pain,3,117,115,87,18,97,37.8
30005755,3,knee pain,0,72,101,70,16,97,37.2
30005756,2,back pain,8,84,118,101,23,96,38.7
30005757,5,laceration,4,110,127,80,14,96,38.3
30005758,2,back pain,6,66,121,86,20,100,35.6
30005759,4,chest pain,7,77,134,116,20,98,36.7
30005760,3,abdominal pain,4,85,145,77,15,93,37.2
30005761,4,anxiety,4,91,121,68,18,96,36.8
30005762,2,fever,7,107,103,54,18,94,37.0
30005763,2,abdominal pain,6,95,75,105,13,92,36.5
30005764,3,headache,1,82,136,77,20,98,37.0
30005765,4,back pain,0,106,116,92,27,99,38.0
30005766,4,knee pain,4,56,123,85,20,98,36.5
30005767,3,headache,4,104,143,89,24,100,35.8
30005768,3,shortness of breath,7,75,98,91,12,99,36.8
30005769,3,back pain,4,109,167,74,18,98,37.1
30005770,2,back pain,6,79,101,102,27,100,36.8
30005771,3,headache,4,85,131,66,19,96,36.8
30005772,3,knee pain,7,80,127,60,20,100,36.6
30005773,2,shortness of breath,6,73,158,73,16,94,36.9
30005774,3,laceration,4,100,121,78,17,95,36.4
30005775,3,laceration,4,69,115,66,14,99,37.3
30005776,2,anxiety,6,84,99,98,18,94,35.6
30005777,3,shortness of breath,5,94,113,87,18,97,36.8
30005778,3,knee pain,7,65,154,89,19,100,36.7
30005779,4,back pain,1,77,127,87,16,99,36.4
30005780,4,knee pain,0,78,150,67,21,100,37.7
30005781,3,headache,6,79,128,99,15,94,35.9
30005782,3,fever,0,92,137,68,20,98,36.0
30005783,2,fall,7,61,118,74,18,99,36.8
30005784,3,shortness of breath,7,96,119,86,26,94,37.5
30005785,4,shortness of breath,0,55,105,99,20,98,36.0
30005786,3,shortness of breath,3,73,121,76,13,97,36.8
30005787,2,fever,8,92,127,78,18,100,37.2
30005788,3,laceration,4,90,137,87,20,100,36.0
30005789,2,laceration,8,112,119,78,20,94,35.6
30005790,2,back pain,8,67,129,80,19,98,37.4
30005791,4,shortness of breath,0,75,108,71,18,99,36.9
30005792,3,headache,2,90,124,64,15,99,37.0
30005793,2,chest pain,7,107,142,102,17,100,36.5
30005794,4,headache,4,92,115,93,19,97,38.3
30005795,2,laceration,10,87,169,63,10,100,37.9
30005796,3,headache,2,80,151,104,20,91,36.9
30005797,3,chest pain,1,104,129,71,18,95,37.3
30005798,3,laceration,5,103,153,101,21,100,37.1
30005799,4,shortness of breath,7,104,151,77,18,95,36.6
30005800,3,anxiety,5,99,133,86,15,96,36.7
30005801,3,anxiety,1,101,96,93,20,100,37.6
30005802,3,fever,7,79,120,83,17,96,36.1
30005803,2,abdominal pain,10,106,99,91,12,92,36.6
30005804,3,knee pain,3,85,110,80,17,97,36.8
30005805,3,knee pain,3,96,147,79,12,97,37.4
30005806,3,fever,5,78,99,82,25,92,37.0
30005807,4,laceration,0,100,131,80,18,94,36.7
30005808,3,shortness of breath,2,101,133,56,20,96,38.4
30005809,4,back pain,0,89,121,65,17,100,35.9
30005810,3,back pain,0,65,114,96,10,100,36.7
30005811,3,shortness of breath,4,117,142,93,16,94,37.1
30005812,3,back pain,6,83,131,51,19,92,37.3
30005813,3,abdominal pain,5,93,155,84,15,98,36.8
30005814,1,chest pain,9,82,119,62,14,97,35.2
30005815,3,headache,4,100,117,93,16,97,36.7
30005816,2,laceration,7,88,99,62,18,97,37.8
30005817,2,anxiety,7,81,129,92,22,98,36.5
30005818,4,laceration,6,79,144,91,10,93,37.2
30005819,4,chest pain,5,76,142,82,22,97,35.9
30005820,2,fever,6,74,107,86,15,98,37.8
30005821,3,fall,2,88,123,97,22,100,36.6
30005822,4,anxiety,7,78,137,84,14,98,38.3
30005823,3,abdominal pain,7,97,126,84,22,98,36.6
30005824,3,fall,1,72,110,98,18,100,36.5
30005825,3,abdominal pain,3,105,113,80,23,100,37.8
30005826,3,anxiety,3,86,137,87,18,94,37.0
30005827,2,fever,8,89,137,75,17,99,38.4
30005828,4,anxiety,0,76,113,83,15,94,36.9
30005829,2,anxiety,10,96,123,92,19,100,38.9
30005830,2,knee pain,9,81,129,101,20,100,36.2
30005831,3,anxiety,0,84,103,72,15,96,38.7
30005832,4,fever,4,74,141,138,17,95,35.5
30005833,4,anxiety,6,60,154,92,15,97,36.5
30005834,2,fever,8,67,133,76,19,98,36.8
30005835,4,fever,6,86,154,93,17,97,37.8
30005836,3,shortness of breath,4,103,139,68,14,94,36.8
30005837,3,shortness of breath,2,66,100,68,17,100,37.8
30005838,2,chest pain,8,89,138,64,16,91,35.9
30005839,4,abdominal pain,0,84,136,82,19,97,35.5
30005840,3,chest pain,1,91,135,66,20,94,36.8
30005841,3,back pain,6,74,59,90,19,94,37.6
30005842,3,abdominal pain,3,68,115,60,21,100,37.4
30005843,3,anxiety,4,66,138,80,16,96,37.3
30005844,4,fever,4,68,114,65,18,89,36.1
30005845,2,abdominal pain,7,91,102,108,22,97,36.7
30005846,3,knee pain,7,93,141,76,14,97,37.0
30005847,4,back pain,5,82,146,72,25,100,36.8
30005848,4,shortness of breath,4,90,109,74,18,94,37.1
30005849,4,fall,3,107,82,86,16,97,36.4
30005850,3,headache,0,100,150,83,17,95,34.6
30005851,3,fall,3,67,97,69,16,100,38.3
30005852,3,back pain,3,102,135,83,17,99,36.8
30005853,3,headache,5,95,106,68,15,100,36.0
30005854,3,fever,1,91,160,73,21,99,37.4
30005855,2,abdominal pain,6,108,152,65,13,97,38.3
30005856,4,abdominal pain,7,66,124,87,24,97,36.7
30005857,4,chest pain,6,107,130,104,21,97,36.8
30005858,3,shortness of breath,1,93,127,102,10,96,36.7
30005859,4,headache,6,78,80,73,27,97,36.2
30005860,3,back pain,0,62,99,82,20,94,38.5
30005861,3,knee pain,6,81,84,88,17,97,37.6
30005862,2,abdominal pain,8,91,122,101,17,99,37.1
30005863,5,anxiety,6,64,142,78,25,100,38.2
30005864,2,anxiety,8,92,144,81,17,98,37.4
30005865,3,abdominal pain,3,103,116,84,17,97,38.0
30005866,4,chest pain,2,61,111,78,20,91,37.6
30005867,2,fall,7,71,120,114,22,94,36.3
30005868,4,fall,5,89,98,54,18,97,36.7
30005869,4,shortness of breath,4,100,120,101,14,97,37.8
30005870,4,knee pain,1,99,116,70,15,100,36.2
30005871,3,abdominal pain,1,87,137,30,14,96,38.6
30005872,4,knee pain,0,76,150,86,19,95,36.6
30005873,3,chest pain,2,98,110,108,14,97,36.1
30005874,2,knee pain,6,110,123,63,19,98,36.9
30005875,3,anxiety,1,78,92,70,22,98,36.3
30005876,3,fall,2,95,130,84,22,93,37.3
30005877,3,knee pain,7,107,116,79,9,94,38.1
30005878,2,back pain,7,79,147,83,15,95,35.7
30005879,3,fever,0,101,130,94,20,94,37.5
30005880,2,shortness of breath,8,77,119,68,19,99,37.7
30005881,5,laceration,1,58,129,90,13,93,37.0
30005882,3,chest pain,2,73,128,82,14,98,37.1
30005883,4,abdominal pain,0,75,110,87,23,98,38.1
30005884,3,knee pain,0,90,126,82,20,91,36.9
30005885,4,fall,1,70,139,55,21,95,38.1
30005886,3,fever,4,97,143,94,17,97,36.3
30005887,2,fall,10,78,149,78,12,94,37.0
30005888,4,back pain,6,78,107,76,18,96,35.5
30005889,2,chest pain,10,72,124,83,25,97,36.5
30005890,2,abdominal pain,9,68,129,57,20,92,36.0
30005891,2,fall,6,81,105,99,15,95,36.9
30005892,3,shortness of breath,6,86,115,108,23,100,38.1
30005893,3,abdominal pain,1,72,124,70,10,100,36.7
30005894,2,back pain,8,59,89,74,17,96,36.2
30005895,2,fall,8,83,145,76,21,98,37.3
30005896,3,back pain,1,93,133,102,16,97,37.4
30005897,5,fall,2,87,104,89,21,91,38.5
30005898,3,fall,7,88,153,57,18,92,36.8
30005899,4,laceration,1,52,131,103,22,97,37.1
30005900,3,fall,7,90,125,75,25,96,36.9
30005901,1,fall,7,65,118,80,21,96,36.8
30005902,3,chest pain,5,84,123,98,24,98,37.1
30005903,3,fever,0,84,118,66,17,92,36.2
30005904,3,knee pain,3,87,98,99,22,97,38.0
30005905,2,back pain,6,74,128,120,14,100,37.3
30005906,2,chest pain,10,76,132,63,15,97,36.4
30005907,2,shortness of breath,7,58,119,84,21,94,37.4
30005908,1,knee pain,10,82,122,75,23,95,36.2
30005909,2,abdominal pain,9,73,128,67,15,95,37.6
30005910,3,knee pain,3,93,135,70,16,99,36.2
30005911,3,chest pain,2,79,110,92,15,92,36.2
30005912,3,abdominal pain,3,93,122,75,14,93,36.4
30005913,3,knee pain,3,72,132,98,24,98,37.7
30005914,3,shortness of breath,2,96,146,87,21,94,36.6
30005915,3,anxiety,4,65,118,73,23,93,37.1
30005916,3,abdominal pain,3,96,107,82,16,94,36.3
30005917,2,anxiety,8,76,97,58,13,99,37.3
30005918,3,fever,6,83,112,66,15,91,36.8
30005919,3,shortness of breath,7,70,126,85,31,94,35.7
30005920,4,headache,2,112,131,67,17,100,35.9
30005921,2,anxiety,6,60,102,54,12,98,37.6
30005922,3,fall,5,100,127,73,29,96,36.6
30005923,3,abdominal pain,2,79,132,67,13,100,37.3
30005924,2,shortness of breath,10,73,121,112,24,96,36.4
30005925,2,knee pain,6,86,129,113,17,100,35.9
30005926,3,laceration,0,70,137,98,19,96,37.9
30005927,2,fall,6,82,120,70,31,95,36.6
30005928,3,fever,2,97,128,60,14,93,37.9
30005929,3,chest pain,6,106,118,78,24,95,37.2
30005930,4,shortness of breath,4,96,117,93,14,95,35.0
30005931,3,fever,5,75,114,95,11,93,35.8
30005932,4,headache,6,99,106,69,25,95,36.3
30005933,3,fever,7,57,139,86,18,97,37.0
30005934,5,abdominal pain,0,81,113,95,16,100,38.5
30005935,4,chest pain,6,87,129,82,22,100,36.8
30005936,3,fall,0,94,105,73,22,100,36.9
30005937,3,headache,4,112,109,100,20,100,37.5
30005938,3,chest pain,2,94,125,71,14,100,36.7
30005939,2,headache,7,78,128,76,19,99,37.4
30005940,3,laceration,1,97,102,73,18,94,36.8
30005941,2,fever,10,68,141,82,20,95,37.6
30005942,3,abdominal pain,1,63,129,66,15,97,36.7
30005943,4,chest pain,2,74,159,70,19,95,37.5
30005944,2,abdominal pain,10,116,82,47,13,100,36.8
30005945,3,fall,6,104,97,96,23,100,36.8
30005946,2,laceration,6,98,130,79,25,96,38.3
30005947,2,knee pain,10,54,159,115,14,93,36.2
30005948,3,fever,2,86,137,84,22,100,36.8
30005949,4,anxiety,5,71,64,90,14,96,37.9
30005950,2,shortness of breath,8,75,130,79,22,95,35.2
30005951,4,chest pain,6,97,122,62,25,97,37.5
30005952,4,laceration,6,106,110,66,23,100,36.7
30005953,3,shortness of breath,3,89,151,89,15,90,37.0
30005954,3,abdominal pain,0,73,97,61,23,100,36.9
30005955,3,chest pain,5,90,120,87,24,98,37.4
30005956,3,headache,4,78,139,79,14,97,38.1
30005957,3,knee pain,3,77,170,63,20,100,36.2
30005958,2,fever,7,48,97,92,18,100,38.5
30005959,3,anxiety,4,72,115,91,22,97,37.8
30005960,3,anxiety,0,110,96,75,16,100,36.5
30005961,4,knee pain,0,87,120,79,19,96,37.7
30005962,3,headache,2,68,137,68,20,90,37.0
30005963,4,fall,4,73,121,97,14,95,37.2
30005964,1,knee pain,10,88,121,74,14,94,38.3
30005965,4,knee pain,5,100,121,90,15,97,37.5
30005966,2,abdominal pain,7,86,121,100,19,97,37.8
30005967,4,abdominal pain,0,94,128,88,12,99,36.3
30005968,3,fever,1,102,78,84,17,100,36.7
30005969,3,fall,3,98,93,116,18,98,37.7
30005970,3,knee pain,6,94,127,49,21,99,37.8
30005971,4,back pain,5,73,108,91,19,97,37.3
30005972,4,fall,5,94,94,49,18,98,36.6
30005973,5,laceration,2,89,95,69,27,94,36.1
30005974,3,abdominal pain,6,95,151,61,19,95,37.4
30005975,2,headache,6,65,111,99,24,99,37.3
30005976,3,back pain,6,94,113,68,21,98,37.0
30005977,4,headache,6,81,126,102,8,97,37.6
30005978,2,laceration,9,85,96,68,19,96,38.0
30005979,2,chest pain,9,97,122,86,18,95,37.4
30005980,3,back pain,4,85,133,82,21,98,38.3
30005981,1,chest pain,9,92,124,64,23,100,37.7
30005982,4,knee pain,1,74,96,68,20,100,36.0
30005983,3,headache,3,85,109,65,14,100,36.9
30005984,3,fall,1,62,75,82,15,99,37.9
30005985,3,fall,3,84,144,75,15,95,37.5
30005986,3,back pain,6,87,139,89,18,97,36.4
30005987,4,abdominal pain,2,97,173,86,15,100,37.3
30005988,2,knee pain,8,111,126,88,23,100,38.3
30005989,4,fever,6,105,99,76,25,95,38.4
30005990,5,back pain,0,89,88,76,22,96,36.6
30005991,4,anxiety,5,101,140,93,23,98,37.4
30005992,4,abdominal pain,4,86,109,91,18,98,36.2
30005993,3,fall,6,83,135,67,13,100,36.9
30005994,3,fever,3,85,136,95,21,96,37.5
30005995,3,abdominal pain,0,105,86,64,14,89,34.2
30005996,5,abdominal pain,1,105,85,103,19,97,39.2
30005997,1,headache,7,100,113,78,19,93,37.9
30005998,3,headache,2,64,149,101,17,99,37.7
30005999,2,shortness of breath,9,70,130,63,18,100,36.3
30006000,2,shortness of breath,6,100,131,68,24,98,38.1
30006001,3,fall,6,59,129,63,26,96,37.4
30006002,2,back pain,8,56,111,86,20,100,35.8
30006003,4,abdominal pain,6,92,95,72,12,97,37.2
30006004,4,chest pain,2,91,128,84,23,97,35.6
30006005,3,abdominal pain,7,74,137,55,18,99,37.4
30006006,2,laceration,10,93,133,71,14,94,36.2
30006007,4,headache,2,69,154,58,20,94,37.4
30006008,4,chest pain,3,60,120,67,19,97,37.1
30006009,3,back pain,6,92,104,93,14,98,36.7
30006010,2,knee pain,7,98,105,77,15,97,38.6
30006011,3,anxiety,2,80,121,80,19,100,36.7
30006012,4,back pain,2,87,143,97,16,100,37.4
30006013,3,shortness of breath,0,69,130,53,9,94,37.8
30006014,2,fever,10,57,121,92,14,90,36.0
30006015,3,anxiety,3,102,128,94,16,97,36.1
30006016,3,shortness of breath,6,80,119,83,8,92,36.6
30006017,2,back pain,8,79,131,69,9,100,36.5
30006018,2,knee pain,8,78,179,76,25,95,37.9
30006019,3,shortness of breath,3,58,143,73,19,95,37.2
30006020,1,chest pain,7,81,146,65,16,100,37.0
30006021,4,fever,5,75,134,65,15,96,37.6
30006022,3,laceration,4,95,128,87,17,96,37.6
30006023,1,shortness of breath,8,61,120,116,19,98,37.9
30006024,2,abdominal pain,7,69,134,74,22,100,37.0
30006025,4,fever,4,81,113,82,12,95,35.8
30006026,2,shortness of breath,10,87,139,59,20,100,38.0
30006027,4,fever,1,88,127,68,17,95,35.9
30006028,3,chest pain,3,86,88,83,19,100,35.8
30006029,1,laceration,6,93,132,75,19,95,36.7
30006030,3,shortness of breath,0,97,139,82,12,96,36.5
30006031,3,abdominal pain,4,84,129,120,22,97,37.0
30006032,5,headache,0,100,110,81,17,100,36.1
30006033,3,knee pain,1,69,118,76,25,92,36.4
30006034,2,laceration,6,53,138,65,20,98,37.9
30006035,3,back pain,3,51,100,104,21,99,37.7
30006036,2,shortness of breath,6,119,101,52,18,100,35.6
30006037,3,chest pain,0,74,115,65,16,100,37.6
30006038,4,fall,0,88,117,68,18,100,35.6
30006039,2,anxiety,8,93,136,63,23,98,34.8
30006040,3,back pain,2,63,99,64,18,99,37.9
30006041,3,abdominal pain,5,101,170,74,21,98,36.7
30006042,5,chest pain,5,72,162,76,22,100,36.1
30006043,1,shortness of breath,9,74,104,84,19,100,38.3
30006044,3,fall,3,86,121,86,20,98,36.7
30006045,2,back pain,10,101,134,88,23,97,36.7
30006046,3,chest pain,5,55,108,86,17,94,39.0
30006047,4,fever,4,81,124,85,13,95,36.5
30006048,3,chest pain,2,67,101,67,15,98,35.5
30006049,3,shortness of breath,7,56,114,105,20,99,37.5
30006050,3,fever,3,76,152,84,19,97,37.0
30006051,3,fall,3,83,97,74,20,99,37.6
30006052,3,anxiety,0,116,150,106,22,93,36.7
30006053,5,abdominal pain,6,75,129,87,16,93,38.0
30006054,3,knee pain,3,88,88,70,21,100,38.3
30006055,3,back pain,5,76,112,100,20,97,37.8
30006056,4,headache,6,98,138,77,19,92,36.6
30006057,3,abdominal pain,5,114,128,64,16,97,37.8
30006058,1,shortness of breath,6,95,112,111,21,99,37.3
30006059,4,laceration,3,88,118,71,15,93,38.2
30006060,4,knee pain,5,100,143,59,14,97,36.8
30006061,2,anxiety,7,48,86,83,22,100,35.6
30006062,5,anxiety,2,94,88,63,15,96,37.5
30006063,1,anxiety,10,65,125,92,21,95,37.2
30006064,1,fall,6,72,118,90,17,96,37.5
30006065,3,knee pain,7,86,125,52,19,94,37.2
30006066,4,back pain,3,100,113,95,20,100,38.6
30006067,2,fall,6,89,107,69,17,94,37.8
30006068,3,headache,6,64,109,87,20,97,35.4
30006069,4,chest pain,0,89,118,76,26,95,36.8
30006070,4,headache,0,93,131,88,14,100,36.3
30006071,4,chest pain,5,64,124,92,21,100,38.2
30006072,4,abdominal pain,7,82,114,88,15,95,38.2
30006073,2,anxiety,8,117,111,81,24,98,35.8
30006074,2,laceration,10,95,139,63,19,99,39.2
30006075,3,laceration,3,82,137,73,16,93,36.9
30006076,3,shortness of breath,3,113,107,72,16,98,37.3
30006077,4,knee pain,2,124,104,84,17,94,37.4
30006078,3,laceration,7,85,93,82,21,97,36.4
30006079,1,headache,8,72,99,90,22,92,37.2
30006080,3,knee pain,0,88,80,76,16,93,37.6
30006081,5,laceration,1,104,142,69,13,97,36.4
30006082,5,laceration,4,56,139,94,20,99,37.7
30006083,4,fever,4,72,158,56,16,97,37.6
30006084,2,anxiety,10,78,137,90,21,100,37.5
30006085,3,fever,5,91,125,83,24,100,37.1
30006086,3,abdominal pain,0,93,146,108,13,96,36.7
30006087,4,knee pain,1,101,137,61,21,95,36.7
30006088,5,knee pain,6,87,145,96,19,96,36.9
30006089,4,laceration,0,83,141,46,24,99,37.2
30006090,2,fall,10,101,131,76,10,96,36.2
30006091,3,anxiety,1,81,114,58,14,99,36.9
30006092,2,fever,9,54,142,86,13,99,36.3
30006093,3,fever,4,52,110,79,22,96,36.7
30006094,2,chest pain,6,104,113,87,18,100,36.6
30006095,2,anxiety,8,91,133,108,19,94,37.8
30006096,3,shortness of breath,0,85,132,59,19,100,36.8
30006097,2,headache,9,110,123,78,21,97,38.7
30006098,3,abdominal pain,2,82,143,48,12,94,36.9
30006099,3,back pain,0,45,107,72,17,100,37.5
30006100,3,fever,1,92,105,71,15,97,36.2
30006101,1,shortness of breath,7,82,130,75,17,97,36.1
30006102,3,fever,1,82,123,62,22,100,37.2
30006103,3,anxiety,5,102,123,76,20,100,35.6
30006104,3,headache,1,70,100,91,22,100,36.5
30006105,3,fall,1,122,126,63,15,98,36.4
30006106,1,fever,6,62,126,78,23,91,36.9
30006107,3,fever,1,60,149,73,20,98,37.7
30006108,3,knee pain,0,89,137,102,21,97,37.5
30006109,2,abdominal pain,6,77,101,81,21,97,36.1
30006110,1,chest pain,7,88,146,72,21,94,37.1
30006111,3,fall,2,99,97,67,14,96,35.7
30006112,3,laceration,1,105,137,65,19,98,38.0
30006113,2,anxiety,10,73,126,66,21,95,37.6
30006114,5,fever,1,69,141,84,17,100,35.9
30006115,2,knee pain,6,101,162,76,19,94,36.8
30006116,4,headache,6,91,162,101,13,100,37.6
30006117,3,anxiety,3,95,151,84,15,95,37.8
30006118,1,knee pain,9,98,137,82,14,92,36.9
30006119,3,anxiety,0,73,123,94,24,99,36.2
30006120,2,headache,6,82,137,70,23,95,36.9
30006121,3,knee pain,1,95,168,76,13,100,36.5
30006122,3,abdominal pain,2,60,152,39,17,95,36.5
30006123,2,abdominal pain,6,98,131,86,20,97,35.3
30006124,3,fall,0,80,125,46,11,92,37.0
30006125,3,knee pain,3,75,129,69,18,93,37.8
30006126,2,shortness of breath,9,104,132,81,18,99,36.9
30006127,4,fall,0,107,133,67,17,93,37.7
30006128,3,back pain,5,74,146,66,23,96,35.8
30006129,3,back pain,5,85,148,91,12,100,38.8
30006130,3,headache,6,79,141,74,26,93,38.0
30006131,4,anxiety,7,72,154,63,12,92,38.0
30006132,4,laceration,7,60,126,48,3,98,36.5
30006133,3,back pain,7,79,112,89,14,99,36.3
30006134,5,abdominal pain,3,64,171,97,22,94,36.8
30006135,2,fall,9,66,147,97,24,97,38.1
30006136,4,headache,3,74,121,75,22,97,36.9
30006137,3,knee pain,7,83,82,68,11,93,36.2
30006138,3,headache,6,138,128,69,23,95,36.3
30006139,3,fall,5,88,131,79,18,93,36.5
30006140,4,headache,6,95,118,70,18,98,36.3
30006141,2,abdominal pain,9,80,109,77,16,96,37.7
30006142,3,knee pain,0,120,122,43,11,98,37.2
30006143,2,fall,8,90,124,104,17,98,38.6
30006144,4,abdominal pain,7,95,86,80,14,97,36.1
30006145,2,shortness of breath,10,72,137,74,22,96,37.1
30006146,3,knee pain,6,55,142,92,19,97,37.2
30006147,4,knee pain,0,83,132,98,21,92,38.1
30006148,3,back pain,2,97,124,107,18,99,34.5
30006149,3,fever,7,112,133,74,13,99,35.6
30006150,2,shortness of breath,10,73,134,70,16,100,38.2
30006151,3,anxiety,4,87,107,55,23,100,37.1
30006152,2,fever,9,104,146,87,15,91,36.6
30006153,3,headache,6,103,167,78,19,96,36.2
30006154,3,abdominal pain,4,61,94,58,17,98,37.6
30006155,2,abdominal pain,8,92,105,100,17,96,37.6
30006156,3,fever,5,101,111,79,23,99,36.6
30006157,2,fall,8,75,130,62,14,94,37.6
30006158,3,fever,5,73,117,54,23,96,36.4
30006159,4,knee pain,7,108,121,72,23,100,37.4
30006160,3,knee pain,2,73,127,85,14,95,36.1
30006161,4,shortness of breath,1,78,123,93,17,94,38.5
30006162,3,back pain,6,84,104,80,17,96,36.9
30006163,3,back pain,5,88,103,58,19,100,36.8
30006164,4,abdominal pain,4,72,151,90,13,100,36.9
30006165,1,fever,10,102,139,54,21,93,36.7
30006166,4,headache,4,101,129,80,18,96,37.1
30006167,3,headache,1,62,107,88,22,96,35.5
30006168,3,fall,0,110,103,109,17,96,38.6
30006169,1,abdominal pain,9,107,118,85,21,97,38.1
30006170,3,fever,4,105,128,59,19,97,37.2
30006171,3,abdominal pain,4,89,132,74,20,100,38.2
30006172,2,headache,7,96,122,99,14,99,36.7
30006173,3,shortness of breath,1,89,120,70,25,95,37.8
30006174,3,shortness of breath,3,93,131,86,15,96,36.2
30006175,3,abdominal pain,0,86,141,73,18,95,36.5
30006176,3,back pain,4,78,114,94,23,91,36.7
30006177,4,back pain,4,64,164,104,11,97,37.3
30006178,3,anxiety,1,95,119,89,22,98,37.9
30006179,2,shortness of breath,6,84,153,78,14,96,35.4
30006180,2,headache,8,104,144,94,26,93,36.0
30006181,2,fever,6,87,165,73,19,98,37.1
30006182,3,headache,1,104,130,72,14,95,37.4
30006183,3,fall,3,76,141,54,23,96,35.5
30006184,4,headache,5,82,99,68,15,97,38.7
30006185,4,back pain,5,78,113,89,14,100,36.3
30006186,3,abdominal pain,1,72,141,55,19,100,37.8
30006187,4,fall,5,81,132,97,23,94,35.9
30006188,2,shortness of breath,10,105,113,72,22,98,36.3
30006189,3,fall,0,72,134,89,18,96,36.3
30006190,3,fall,1,64,113,104,16,96,37.9
30006191,3,chest pain,6,72,141,63,15,94,36.4
30006192,3,abdominal pain,6,101,138,86,19,92,36.0
30006193,4,laceration,7,83,114,67,20,98,36.7
30006194,3,anxiety,1,79,130,102,14,91,35.9
30006195,3,laceration,6,91,153,90,25,97,37.3
30006196,3,headache,6,72,144,66,15,98,35.7
30006197,3,laceration,7,111,144,74,15,94,37.3
30006198,3,knee pain,5,113,102,80,24,100,37.1
30006199,3,abdominal pain,7,80,126,88,22,97,36.1
30006200,3,shortness of breath,5,113,100,80,27,100,38.6
30006201,3,shortness of breath,1,91,112,103,19,100,37.0
30006202,4,knee pain,4,77,111,66,20,95,36.6
30006203,3,anxiety,0,85,132,66,20,94,37.2
30006204,4,fall,2,114,127,47,20,98,37.7
30006205,3,fall,6,81,125,71,22,94,38.3
30006206,3,anxiety,7,101,156,74,16,100,36.6
30006207,3,headache,4,66,148,77,18,100,37.0
30006208,2,back pain,10,83,135,68,21,97,37.0
30006209,4,knee pain,2,108,141,54,18,99,38.0
30006210,2,laceration,7,98,132,94,16,94,38.0
30006211,3,abdominal pain,3,99,113,90,18,98,38.4
30006212,4,headache,0,74,138,81,22,97,37.4
30006213,4,fall,1,62,92,83,9,96,36.9
30006214,2,fever,6,71,142,83,20,94,38.0
30006215,3,abdominal pain,0,99,171,81,26,100,37.1
30006216,3,chest pain,0,117,92,96,21,96,36.4
30006217,4,headache,2,82,125,101,18,98,36.0
30006218,3,chest pain,7,96,132,118,25,100,36.8
30006219,4,fall,3,90,135,86,20,94,37.6
30006220,2,anxiety,8,106,111,72,16,93,37.0
30006221,3,knee pain,7,93,132,102,14,98,37.4
30006222,3,fall,0,84,113,73,15,99,37.7
30006223,4,back pain,6,78,156,73,21,95,38.0
30006224,2,headache,6,71,138,83,20,96,35.8
30006225,3,chest pain,1,71,124,75,20,95,38.1
30006226,3,headache,4,70,96,85,16,94,37.5
30006227,4,headache,0,57,116,65,23,100,38.7
30006228,3,headache,2,70,153,90,17,92,36.6
30006229,3,anxiety,1,72,131,95,13,94,37.8
30006230,2,chest pain,7,53,119,92,16,100,37.6
30006231,3,knee pain,2,90,172,93,23,97,36.6
30006232,3,knee pain,2,78,80,79,12,97,37.3
30006233,1,shortness of breath,7,86,98,95,14,99,36.0
30006234,4,fever,1,73,144,57,20,100,35.8
30006235,2,chest pain,10,90,135,95,18,97,36.5
30006236,3,fever,2,88,124,91,25,96,37.7
30006237,3,fever,4,103,93,83,13,98,38.3
30006238,1,knee pain,6,100,131,97,20,98,38.0
30006239,5,laceration,1,65,120,69,19,100,36.9
30006240,3,fever,4,73,131,100,21,100,37.4
30006241,3,anxiety,4,77,119,90,23,95,36.3
30006242,2,headache,7,66,125,104,18,100,36.7
30006243,2,knee pain,8,66,117,96,19,97,38.4
30006244,3,anxiety,0,68,164,84,13,94,37.3
30006245,3,laceration,6,98,97,94,20,100,36.6
30006246,3,knee pain,5,122,109,78,21,100,36.5
30006247,3,anxiety,0,93,145,66,15,96,34.6
30006248,3,anxiety,2,83,128,82,18,95,36.4
30006249,3,knee pain,2,80,116,61,8,89,38.3
30006250,4,shortness of breath,6,100,134,80,22,95,37.6
30006251,3,back pain,6,65,93,74,17,97,38.2
30006252,3,fall,0,93,136,78,8,93,36.4
30006253,1,laceration,10,101,99,79,23,99,36.3
30006254,3,shortness of breath,6,86,87,109,17,89,37.7
30006255,3,back pain,1,88,123,71,21,100,36.3
30006256,3,chest pain,3,81,138,67,24,100,37.9
30006257,4,shortness of breath,6,85,105,95,21,98,37.7
30006258,2,anxiety,9,101,134,86,17,94,36.6
30006259,3,fall,2,72,122,59,20,98,38.9
30006260,5,shortness of breath,0,95,162,109,17,93,37.0
30006261,4,anxiety,6,101,118,63,17,98,38.8
30006262,2,fever,6,105,124,98,17,92,36.9
30006263,3,laceration,0,77,175,104,21,96,37.1
30006264,4,abdominal pain,0,91,129,75,23,94,37.1
30006265,4,headache,5,76,106,94,18,97,37.2
30006266,4,knee pain,3,98,103,100,16,97,36.6
30006267,5,shortness of breath,0,94,129,92,22,91,36.2
30006268,2,fever,9,79,102,83,19,100,37.3
30006269,3,chest pain,1,121,133,92,17,100,37.5
30006270,1,laceration,6,109,166,76,22,95,35.0
30006271,5,laceration,5,65,116,60,18,100,35.9
30006272,3,abdominal pain,2,78,113,74,12,98,38.2
30006273,3,chest pain,7,80,158,64,16,98,37.6
30006274,3,headache,6,83,129,68,14,93,34.8
30006275,2,back pain,6,68,118,73,19,94,39.1
30006276,1,shortness of breath,6,72,129,81,17,98,37.2
30006277,3,fever,6,97,172,101,23,96,36.6
30006278,3,chest pain,4,81,113,77,21,97,36.4
30006279,3,fever,1,94,107,74,14,95,36.9
30006280,3,abdominal pain,0,96,154,72,18,96,36.5
30006281,2,fever,6,71,134,86,19,95,37.4
30006282,3,fever,4,69,119,77,20,95,36.2
30006283,3,chest pain,7,79,102,98,24,93,37.8
30006284,4,chest pain,4,92,109,70,16,99,37.5
30006285,2,abdominal pain,10,91,122,54,13,100,36.3
30006286,3,back pain,3,70,113,99,23,100,36.3
30006287,3,laceration,6,92,143,105,30,100,38.4
30006288,3,back pain,0,87,112,82,21,95,36.5
30006289,1,shortness of breath,10,98,136,80,22,97,38.0
30006290,3,shortness of breath,7,63,99,93,18,93,37.1
30006291,1,laceration,7,93,109,77,11,97,35.9
30006292,2,abdominal pain,9,87,119,62,17,95,36.1
30006293,3,back pain,2,89,135,96,19,90,37.1
30006294,2,anxiety,6,80,145,102,21,88,37.4
30006295,3,knee pain,6,62,87,85,17,98,37.8
30006296,3,back pain,7,89,128,92,20,97,37.1
30006297,5,abdominal pain,2,78,136,81,18,94,37.2
30006298,5,back pain,7,66,120,52,16,94,36.2
30006299,3,shortness of breath,1,85,97,82,11,93,37.2
30006300,2,back pain,6,98,162,86,19,99,36.7
30006301,3,back pain,0,109,135,96,21,96,39.8
30006302,2,laceration,8,74,129,90,19,91,37.1
30006303,4,laceration,3,92,126,105,18,94,35.8
30006304,5,knee pain,0,86,164,106,19,97,37.1
30006305,2,fall,10,105,126,80,17,97,35.1
30006306,3,back pain,4,74,122,92,15,100,36.7
30006307,3,shortness of breath,2,92,134,102,19,95,37.1
30006308,3,laceration,5,77,112,43,21,96,37.0
30006309,3,anxiety,6,87,115,56,15,99,36.0
30006310,4,fever,6,94,103,65,17,100,37.6
30006311,2,headache,7,108,142,74,15,93,35.8
30006312,1,fever,8,68,103,100,23,95,37.8
30006313,3,abdominal pain,3,80,115,66,18,98,37.1
30006314,1,anxiety,6,73,151,84,15,97,36.8
30006315,3,abdominal pain,7,89,95,80,17,97,36.3
30006316,4,chest pain,1,72,121,77,17,95,37.8
30006317,2,chest pain,10,76,120,82,19,95,36.5
30006318,3,chest pain,4,80,103,52,11,95,35.6
30006319,2,back pain,6,91,146,75,18,100,35.9
30006320,3,fever,2,67,138,70,19,98,37.7
30006321,2,knee pain,6,87,138,97,20,100,37.8
30006322,4,laceration,2,102,117,56,16,91,37.4
30006323,2,fever,6,60,122,79,18,99,37.4
30006324,2,laceration,10,43,153,90,20,98,35.6
30006325,3,back pain,5,91,121,77,12,98,37.3
30006326,4,fall,3,73,106,94,19,99,36.9
30006327,5,back pain,7,75,142,88,20,97,36.8
30006328,3,fall,2,116,129,96,17,97,36.8
30006329,4,anxiety,5,100,123,82,20,96,36.0
30006330,3,laceration,3,93,116,75,26,97,37.5
30006331,3,laceration,3,86,125,77,21,93,38.2
30006332,1,fall,6,86,107,85,10,94,38.4
30006333,2,laceration,10,95,112,81,15,96,37.4
30006334,2,headache,9,84,134,67,21,99,36.8
30006335,4,laceration,2,65,127,75,19,95,35.2
30006336,3,laceration,0,86,96,72,16,95,36.8
30006337,3,back pain,7,82,108,86,19,100,35.9
30006338,4,anxiety,6,95,160,87,24,100,36.8
30006339,3,fall,6,94,151,88,15,96,36.9
30006340,3,knee pain,6,67,126,86,25,100,35.8
30006341,3,headache,1,70,124,82,20,98,37.1
30006342,5,fever,5,96,85,70,16,96,36.4
30006343,3,knee pain,6,71,141,70,17,98,36.1
30006344,3,fall,6,79,119,71,18,92,36.5
30006345,3,back pain,4,65,164,128,25,96,36.5
30006346,1,headache,6,82,154,99,17,98,37.3
30006347,2,knee pain,7,111,118,89,19,95,36.5
30006348,4,headache,6,77,135,82,20,98,37.7
30006349,3,back pain,0,80,87,94,9,96,36.8
30006350,2,fever,7,82,143,97,24,91,35.7
30006351,3,knee pain,4,118,127,103,11,95,37.9
30006352,3,chest pain,4,70,118,86,18,98,36.5
30006353,3,chest pain,6,73,145,104,14,97,37.5
30006354,2,abdominal pain,10,67,124,77,24,94,38.3
30006355,4,fever,1,81,116,69,18,98,37.1
30006356,3,knee pain,3,78,140,58,14,97,37.5
30006357,2,knee pain,7,104,111,98,13,100,37.9
30006358,4,headache,2,80,155,86,17,92,37.4
30006359,4,back pain,3,83,109,104,20,99,37.7
30006360,3,abdominal pain,3,94,87,99,17,97,37.4
30006361,3,chest pain,7,91,157,76,23,94,36.9
30006362,4,back pain,2,122,103,79,19,97,37.0
30006363,4,laceration,3,109,137,72,16,99,37.1
30006364,4,anxiety,5,87,132,67,18,97,35.6
30006365,3,fever,3,78,124,92,27,97,37.4
30006366,4,back pain,3,87,101,66,15,94,38.0
30006367,3,back pain,3,105,118,77,20,96,36.6
30006368,3,fall,4,81,100,71,14,100,35.9
30006369,3,fall,5,70,118,98,21,97,37.1
30006370,4,fever,0,65,97,85,20,99,37.1
30006371,3,knee pain,7,114,112,54,19,94,36.2
30006372,4,shortness of breath,3,68,121,90,26,94,36.1
30006373,4,fall,0,82,117,83,21,100,36.2
30006374,3,abdominal pain,4,82,151,106,24,99,37.5
30006375,4,knee pain,0,98,100,83,12,100,36.8
30006376,1,laceration,9,98,132,59,22,97,35.9
30006377,3,shortness of breath,4,66,138,64,21,100,36.8
30006378,2,anxiety,9,108,117,79,20,98,36.6
30006379,3,shortness of breath,6,98,103,71,24,91,39.5
30006380,2,knee pain,10,108,119,84,18,100,37.5
30006381,3,chest pain,1,77,108,64,20,98,36.7
30006382,3,fall,1,95,114,77,14,100,38.1
30006383,2,abdominal pain,6,97,132,77,24,100,37.8
30006384,3,fall,3,108,133,86,18,100,36.9
30006385,3,anxiety,5,99,163,73,19,97,36.9
30006386,4,fever,7,75,125,94,13,96,38.0
30006387,2,chest pain,7,97,135,84,18,100,37.1
30006388,2,laceration,8,74,114,84,21,100,37.4
30006389,3,fall,4,94,159,86,18,95,38.7
30006390,1,chest pain,7,91,140,93,14,100,36.7
30006391,3,knee pain,2,92,85,82,18,94,36.2
30006392,2,chest pain,6,93,130,99,8,95,37.3
30006393,3,shortness of breath,2,85,115,77,21,99,38.7
30006394,3,knee pain,2,99,137,102,11,97,37.3
30006395,4,fever,2,79,100,76,18,99,38.6
30006396,2,chest pain,6,116,130,75,7,93,37.5
30006397,1,fever,9,72,86,81,15,100,38.2
30006398,1,abdominal pain,6,93,98,75,25,92,38.1
30006399,3,fall,1,108,163,83,23,98,37.4
30006400,3,chest pain,4,92,107,65,20,96,37.3
30006401,3,anxiety,2,86,105,99,14,100,37.0
30006402,3,knee pain,7,106,140,76,20,94,36.9
30006403,4,anxiety,0,76,160,99,21,97,36.2
30006404,3,abdominal pain,6,53,127,98,18,97,37.7
30006405,4,fever,5,107,141,86,13,97,37.2
30006406,4,fever,0,98,101,75,15,94,35.2
30006407,3,anxiety,1,117,122,89,19,96,37.6
30006408,5,fever,0,91,104,65,18,93,38.0
30006409,2,shortness of breath,9,89,150,85,17,99,35.4
30006410,2,shortness of breath,10,101,118,76,12,96,36.9
30006411,3,knee pain,5,78,133,79,25,97,36.5
30006412,2,chest pain,10,84,100,78,21,99,36.9
30006413,4,fever,2,93,144,100,12,94,36.3
30006414,3,laceration,7,92,131,95,19,97,37.1
30006415,3,chest pain,0,101,132,87,31,99,38.4
30006416,3,laceration,1,60,139,57,18,98,36.4
30006417,3,fever,7,92,146,82,24,95,37.1
30006418,4,fever,4,73,105,78,20,94,37.5
30006419,3,abdominal pain,1,75,127,81,19,97,37.1
30006420,4,anxiety,0,89,113,65,20,97,37.5
30006421,4,chest pain,2,73,129,74,19,93,36.7
30006422,1,knee pain,7,101,128,72,16,98,36.9
30006423,5,laceration,6,66,130,79,10,91,37.7
30006424,4,laceration,4,49,128,76,19,94,35.8
30006425,3,back pain,2,98,156,89,15,97,37.2
30006426,3,headache,4,75,135,74,8,92,36.8
30006427,3,fever,6,77,122,86,22,96,37.9
30006428,3,laceration,5,69,140,77,18,95,36.5
30006429,2,abdominal pain,7,90,123,69,15,97,37.4
30006430,3,headache,6,101,127,80,20,92,37.4
30006431,3,fall,1,100,155,81,19,97,36.5
30006432,3,shortness of breath,6,77,146,65,14,98,37.0
30006433,5,chest pain,2,82,127,66,22,100,36.5
30006434,4,anxiety,0,81,147,86,21,93,36.1
30006435,4,anxiety,0,94,144,81,23,98,36.5
30006436,3,fever,6,62,147,61,15,97,38.2
30006437,2,abdominal pain,10,65,112,69,11,96,38.3
30006438,3,anxiety,4,54,139,76,23,100,37.7
30006439,2,anxiety,9,79,126,93,21,96,36.4
30006440,2,anxiety,9,84,169,84,24,94,37.3
30006441,2,back pain,6,67,120,86,12,97,37.6
30006442,1,fever,7,89,125,70,18,100,37.0
30006443,3,anxiety,2,73,116,37,12,94,36.2
30006444,3,shortness of breath,6,99,147,60,16,95,38.2
30006445,3,back pain,0,87,119,74,24,95,37.4
30006446,3,abdominal pain,3,81,140,93,20,95,37.9
30006447,3,fall,0,72,123,71,25,96,35.7
30006448,3,abdominal pain,3,101,131,84,20,96,37.5
30006449,4,back pain,7,63,77,101,20,98,36.8
30006450,5,knee pain,3,47,103,69,14,94,35.5
30006451,3,abdominal pain,6,92,125,94,20,100,36.9
30006452,2,fever,9,91,133,71,19,99,36.9
30006453,5,shortness of breath,4,82,123,95,23,95,36.6
30006454,4,fever,6,72,140,81,13,96,37.7
30006455,3,shortness of breath,1,100,128,93,22,99,38.1
30006456,3,chest pain,0,101,109,93,16,96,37.0
30006457,3,anxiety,1,84,117,107,13,95,37.8
30006458,3,abdominal pain,7,65,112,98,12,98,37.0
30006459,5,fever,2,88,151,88,22,98,37.5
30006460,3,headache,5,69,103,108,24,98,36.6
30006461,3,shortness of breath,4,65,118,72,21,99,36.8
30006462,4,laceration,7,106,125,70,9,98,37.2
30006463,4,fall,3,65,123,81,26,100,38.1
30006464,3,headache,4,101,166,83,8,97,36.8
30006465,3,abdominal pain,4,72,117,59,21,100,38.7
30006466,4,chest pain,6,87,117,85,14,100,37.7
30006467,3,abdominal pain,2,133,119,107,15,91,36.8
30006468,4,chest pain,0,93,150,89,20,97,37.5
30006469,3,chest pain,5,85,140,70,16,99,36.8
30006470,3,knee pain,7,62,127,84,12,94,37.8
30006471,3,laceration,7,104,130,65,18,98,37.4
30006472,3,laceration,0,79,129,70,14,98,36.7
30006473,1,shortness of breath,8,91,68,92,22,93,37.3
30006474,3,back pain,5,99,139,81,20,94,36.9
30006475,3,shortness of breath,3,72,74,86,14,98,36.5
30006476,3,fall,6,97,119,82,18,100,37.4
30006477,1,abdominal pain,10,111,131,78,17,98,37.2
30006478,2,headache,6,105,115,102,9,93,36.6
30006479,3,abdominal pain,1,80,125,67,18,100,36.8
30006480,3,anxiety,2,82,121,73,16,95,36.9
30006481,4,fever,7,54,107,98,24,96,38.0
30006482,4,laceration,3,101,120,80,23,100,37.2
30006483,3,shortness of breath,4,84,131,83,18,96,35.6
30006484,3,knee pain,4,55,78,76,17,93,38.0
30006485,3,abdominal pain,3,73,130,66,18,100,36.8
30006486,4,back pain,6,80,92,79,19,93,37.0
30006487,2,fall,10,97,126,50,14,96,35.9
30006488,3,fall,6,87,102,81,17,97,36.1
30006489,2,knee pain,8,89,96,66,18,94,37.5
30006490,3,fever,0,96,138,45,20,97,37.6
30006491,3,fall,2,71,110,98,18,100,36.4
30006492,2,shortness of breath,9,76,112,91,9,100,38.1
30006493,3,anxiety,7,94,144,110,14,97,36.2
30006494,3,shortness of breath,6,83,128,108,13,100,37.2
30006495,3,chest pain,3,74,131,89,15,94,37.9
30006496,3,headache,7,76,129,38,19,96,36.5
30006497,2,laceration,8,94,120,70,18,94,37.3
30006498,5,headache,0,66,123,80,10,91,37.5
30006499,4,abdominal pain,0,75,116,93,16,95,36.8
30006500,1,knee pain,6,68,125,48,12,93,36.8
30006501,3,knee pain,3,103,136,83,19,93,36.3
30006502,4,headache,3,66,116,47,22,95,38.2
30006503,3,shortness of breath,1,87,150,74,21,97,37.1
30006504,2,back pain,6,74,153,70,13,99,36.9
30006505,2,shortness of breath,10,106,157,71,23,100,36.0
30006506,4,abdominal pain,6,86,136,55,11,94,38.4
30006507,2,chest pain,10,74,101,107,18,98,36.8
30006508,3,fall,2,74,155,91,14,99,37.6
30006509,3,abdominal pain,1,104,147,76,12,100,35.5
30006510,4,knee pain,3,76,125,90,21,100,36.9
30006511,2,laceration,10,86,161,52,17,93,37.5
30006512,3,fever,5,95,137,85,23,99,36.6
30006513,4,back pain,5,70,113,71,15,95,37.1
30006514,2,back pain,7,83,108,74,21,100,36.6
30006515,3,knee pain,0,61,128,109,17,91,37.1
30006516,3,laceration,2,98,87,102,14,95,38.0
30006517,3,fever,5,112,95,74,17,96,36.7
30006518,3,fall,5,87,131,82,17,98,37.8
30006519,4,abdominal pain,1,74,143,87,17,95,38.2
30006520,4,laceration,7,82,114,65,12,92,37.3
30006521,2,anxiety,9,102,131,76,16,95,37.0
30006522,2,chest pain,6,68,141,83,19,92,35.4
30006523,3,fever,6,91,106,94,24,96,37.7
30006524,2,knee pain,9,78,135,98,17,95,37.6
30006525,3,abdominal pain,4,86,129,87,18,99,36.3
30006526,4,back pain,5,106,114,83,22,97,36.8
30006527,3,back pain,6,106,119,73,15,95,35.6
30006528,3,knee pain,1,84,95,50,16,97,36.6
30006529,3,anxiety,7,81,93,86,21,100,35.7
30006530,4,laceration,1,73,145,88,21,96,38.0
30006531,3,fall,4,63,154,113,12,99,36.9
30006532,3,abdominal pain,5,81,133,61,20,95,37.3
30006533,3,laceration,2,90,113,66,13,91,37.1
30006534,3,fall,3,78,105,77,19,100,36.8
30006535,2,abdominal pain,6,94,88,101,23,100,38.3
30006536,2,chest pain,9,72,133,102,17,94,34.9
30006537,1,headache,7,107,117,56,17,99,36.5
30006538,3,knee pain,2,81,125,84,14,91,37.2
30006539,3,back pain,4,80,108,85,19,100,37.0
30006540,4,abdominal pain,3,98,101,84,18,91,37.5
30006541,2,fever,8,87,151,118,25,100,36.9
30006542,3,back pain,5,69,137,81,14,94,37.4
30006543,4,chest pain,6,110,92,74,8,97,37.8
30006544,4,shortness of breath,4,99,145,94,14,91,36.5
30006545,4,chest pain,0,79,112,66,16,96,35.7
30006546,3,anxiety,5,96,111,72,24,100,36.2
30006547,3,knee pain,3,65,116,84,11,100,37.0
30006548,3,laceration,5,82,137,92,19,91,37.6
30006549,4,shortness of breath,1,97,159,80,17,96,36.9
30006550,4,fever,1,84,168,85,21,98,36.8
30006551,2,anxiety,8,95,83,101,19,100,36.1
30006552,3,anxiety,0,84,112,98,18,96,36.1
30006553,3,fever,2,86,135,73,21,98,36.3
30006554,5,laceration,6,74,142,114,20,94,36.6
30006555,3,shortness of breath,7,106,107,85,19,100,35.3
30006556,3,laceration,3,77,118,73,23,100,37.3
30006557,3,fever,7,87,138,99,20,97,36.7
30006558,3,headache,6,82,114,67,23,94,37.2
30006559,3,chest pain,2,105,113,79,18,91,36.9
30006560,4,shortness of breath,0,70,115,73,21,92,39.7
30006561,4,chest pain,6,98,103,91,26,94,36.6
30006562,3,anxiety,4,57,88,55,19,95,36.4
30006563,2,abdominal pain,8,77,92,78,17,99,37.1
30006564,2,chest pain,9,55,153,74,19,94,37.0
30006565,4,fall,6,79,127,63,15,100,37.2
30006566,5,shortness of breath,1,86,155,49,14,91,37.0
30006567,1,anxiety,10,72,131,103,15,98,37.5
30006568,5,anxiety,7,72,111,77,18,98,37.4
30006569,3,laceration,7,73,131,99,16,95,37.7
30006570,2,fever,6,79,102,62,14,93,37.6
30006571,3,knee pain,5,96,106,83,15,99,38.8
30006572,4,back pain,4,89,136,87,12,95,36.7
30006573,4,shortness of breath,7,105,110,61,23,96,38.1
30006574,3,shortness of breath,3,84,154,100,19,97,37.6
30006575,3,chest pain,0,87,138,73,15,100,37.0
30006576,3,shortness of breath,0,71,109,79,16,95,37.8
30006577,3,fever,0,79,130,72,17,100,36.3
30006578,3,back pain,7,71,99,85,24,94,36.7
30006579,4,chest pain,5,95,116,91,21,97,36.0
30006580,4,abdominal pain,1,95,109,98,21,98,38.9
30006581,2,fall,7,79,127,60,12,100,36.8
30006582,3,fall,1,109,132,79,23,100,37.8
30006583,5,laceration,6,107,106,77,18,96,37.9
30006584,3,headache,2,83,142,106,20,100,36.6
30006585,3,shortness of breath,7,72,120,82,20,100,36.6
30006586,3,fever,0,116,133,49,19,98,35.8
30006587,3,knee pain,1,85,79,94,20,93,37.2
30006588,3,abdominal pain,7,128,150,66,10,99,37.0
30006589,4,laceration,7,76,131,92,20,99,36.8
30006590,4,abdominal pain,3,66,95,85,26,100,36.6
30006591,4,anxiety,3,89,96,63,23,100,35.9
30006592,3,headache,4,76,98,78,15,100,37.5
30006593,4,fall,0,74,111,59,14,99,36.4
30006594,3,abdominal pain,4,84,108,77,17,97,37.5
30006595,4,shortness of breath,4,99,148,105,12,95,36.7
30006596,4,headache,1,100,123,84,16,96,35.4
30006597,3,headache,4,84,124,84,15,98,37.3
30006598,2,laceration,9,84,112,70,20,100,37.3
30006599,4,knee pain,0,90,129,60,16,98,37.6
30006600,3,anxiety,1,80,136,86,18,99,38.0
30006601,3,fall,0,76,124,87,17,92,36.9
30006602,2,knee pain,6,63,143,88,16,98,37.1
30006603,2,back pain,9,99,122,63,22,98,36.3
30006604,4,back pain,4,76,113,81,24,95,35.9
30006605,2,back pain,10,92,114,43,15,100,35.9
30006606,3,anxiety,0,80,140,68,16,95,37.8
30006607,2,abdominal pain,6,84,90,62,18,97,37.0
30006608,2,chest pain,7,68,147,71,17,94,37.2
30006609,2,back pain,8,87,149,75,18,96,36.7
30006610,3,anxiety,7,84,159,89,24,93,37.1
30006611,3,anxiety,2,101,132,81,19,95,38.7
30006612,3,knee pain,5,94,99,97,12,98,36.8
30006613,3,laceration,6,105,126,32,21,100,38.1
30006614,3,knee pain,7,107,110,70,18,91,39.6
30006615,3,abdominal pain,0,74,84,92,20,100,37.1
30006616,3,headache,6,69,121,67,22,95,36.7
30006617,4,anxiety,3,65,138,97,13,100,37.3
30006618,1,back pain,8,55,113,59,13,94,35.3
30006619,3,knee pain,0,98,144,92,16,100,37.0
30006620,4,knee pain,1,106,98,67,9,100,37.5
30006621,3,chest pain,3,70,133,66,17,97,37.3
30006622,4,fall,7,115,129,101,19,100,38.7
30006623,3,anxiety,4,51,119,86,14,92,36.5
30006624,2,headache,6,96,129,62,20,96,36.0
30006625,3,back pain,2,90,148,69,16,100,37.2
30006626,3,chest pain,3,61,117,88,24,96,36.8
30006627,5,fever,3,116,157,102,18,100,36.3
30006628,3,fall,7,72,127,85,18,97,37.9
30006629,3,headache,0,77,133,70,16,98,34.9
30006630,3,shortness of breath,6,94,154,64,17,98,35.2
30006631,3,anxiety,3,87,128,75,24,100,37.4
30006632,4,fall,4,80,131,67,19,100,36.8
30006633,3,fever,0,109,87,70,22,95,38.2
30006634,3,fall,1,80,121,71,19,100,37.1
30006635,3,shortness of breath,4,90,130,91,18,92,38.0
30006636,3,fall,1,129,124,85,20,99,36.6
30006637,3,shortness of breath,1,81,55,80,23,97,38.8
30006638,3,knee pain,5,71,83,83,27,98,37.6
30006639,4,headache,2,93,144,69,11,100,37.1
30006640,3,knee pain,6,91,126,62,24,98,35.7
30006641,3,chest pain,5,94,145,96,15,98,36.5
30006642,4,fever,5,106,166,93,14,99,36.3
30006643,3,fall,6,91,89,85,19,98,36.2
30006644,4,fever,0,77,126,86,19,99,37.8
30006645,4,laceration,4,84,146,80,15,95,37.4
30006646,3,fall,5,55,138,57,16,95,36.7
30006647,3,fall,4,81,141,88,20,94,37.3
30006648,3,abdominal pain,1,78,111,90,15,97,36.8
30006649,4,fever,0,73,88,75,23,98,36.8
30006650,2,chest pain,6,96,131,93,20,92,36.1
30006651,4,knee pain,5,72,113,102,13,93,36.9
30006652,2,headache,6,95,131,76,18,93,36.4
30006653,4,chest pain,3,67,119,115,19,98,36.8
30006654,3,abdominal pain,7,81,146,87,15,100,38.3
30006655,2,back pain,8,72,103,49,13,95,37.9
30006656,3,laceration,4,85,175,83,17,97,36.2
30006657,3,knee pain,3,90,151,86,24,97,37.3
30006658,3,chest pain,5,115,141,72,24,98,37.0
30006659,2,laceration,7,84,138,83,12,93,36.2
30006660,3,headache,6,86,109,56,11,99,36.8
30006661,3,anxiety,5,66,110,62,14,98,37.9
30006662,3,headache,3,87,125,72,19,94,37.5
30006663,4,chest pain,2,69,76,99,12,92,36.7
30006664,3,anxiety,0,61,127,86,15,96,38.1
30006665,3,fall,1,93,138,63,16,100,38.8
30006666,2,knee pain,6,85,127,76,19,95,36.7
30006667,3,chest pain,4,103,112,75,21,95,38.0
30006668,2,abdominal pain,8,92,124,82,20,96,37.0
30006669,2,knee pain,10,93,149,109,19,97,37.2
30006670,3,headache,5,94,136,65,20,92,36.5
30006671,4,fall,7,108,131,87,15,96,38.3
30006672,4,shortness of breath,4,78,135,73,15,92,36.8
30006673,1,knee pain,8,91,146,87,24,100,37.6
30006674,4,knee pain,3,82,113,57,21,94,37.5
30006675,3,fall,0,91,115,86,14,93,37.4
30006676,3,headache,7,93,115,78,23,93,37.1
30006677,3,chest pain,3,83,116,67,7,98,36.7
30006678,1,headache,10,80,137,78,15,97,38.3
30006679,4,back pain,7,80,102,108,15,98,36.2
30006680,3,back pain,6,77,121,84,23,90,37.5
30006681,4,shortness of breath,6,114,97,102,14,96,36.9
30006682,4,chest pain,1,106,143,76,17,96,38.2
30006683,4,abdominal pain,0,73,122,71,11,98,37.5
30006684,3,laceration,7,81,105,78,19,98,35.8
30006685,4,back pain,4,46,87,75,17,96,37.6
30006686,3,laceration,6,88,128,101,14,99,37.2
30006687,4,back pain,6,65,162,81,18,95,37.8
30006688,5,chest pain,7,68,139,90,16,98,36.3
30006689,3,shortness of breath,1,105,87,71,18,90,37.1
30006690,3,headache,5,53,112,72,18,96,38.3
30006691,5,back pain,1,68,140,94,17,100,34.7
30006692,4,laceration,2,55,127,77,18,100,37.9
30006693,4,fall,2,83,149,56,14,95,36.3
30006694,4,laceration,0,100,76,86,20,96,37.5
30006695,4,knee pain,4,59,126,112,17,92,36.8
30006696,3,anxiety,1,97,136,79,21,99,36.1
30006697,3,laceration,4,76,121,77,15,97,37.4
30006698,3,chest pain,5,101,112,90,24,98,35.5
30006699,3,laceration,7,105,104,69,21,97,36.7
30006700,3,abdominal pain,2,102,72,70,10,97,37.5
30006701,3,back pain,6,97,140,69,17,99,36.4
30006702,3,anxiety,4,98,136,69,11,100,36.9
30006703,3,laceration,7,103,117,56,16,100,38.2
30006704,3,anxiety,0,95,142,82,17,98,38.4
30006705,3,back pain,6,100,128,83,18,98,37.4
30006706,3,anxiety,0,75,142,85,18,99,36.0
30006707,4,laceration,2,95,92,71,25,96,36.1
30006708,3,anxiety,7,78,125,102,10,99,37.5
30006709,3,back pain,7,86,141,64,24,94,35.5
30006710,5,fall,1,78,69,82,19,94,36.7
30006711,4,shortness of breath,2,81,94,59,18,98,36.2
30006712,3,chest pain,1,91,149,66,21,96,35.3
30006713,4,headache,0,102,128,54,17,98,37.2
30006714,2,chest pain,8,92,134,67,19,94,37.3
30006715,3,laceration,5,94,105,65,21,95,36.4
30006716,3,anxiety,1,102,141,77,20,97,37.3
30006717,3,back pain,2,81,149,66,11,89,37.5
30006718,4,chest pain,3,92,94,96,17,96,37.5
30006719,3,shortness of breath,3,93,140,96,21,91,38.8
30006720,2,laceration,9,76,131,91,24,100,36.8
30006721,4,headache,3,53,137,66,14,95,36.7
30006722,3,back pain,1,107,120,72,21,91,37.8
30006723,2,fever,10,96,146,55,20,93,38.0
30006724,3,back pain,0,77,140,78,20,92,36.6
30006725,4,abdominal pain,0,70,155,59,7,94,37.0
30006726,2,fever,6,96,110,73,12,99,37.7
30006727,4,back pain,0,70,119,79,23,99,37.2
30006728,3,back pain,0,76,127,84,21,98,37.9
30006729,2,knee pain,10,59,144,91,10,100,37.2
30006730,2,fall,9,104,113,63,18,98,36.6
30006731,3,fall,2,72,165,72,15,98,37.7
30006732,3,shortness of breath,1,95,104,107,22,92,37.1
30006733,3,abdominal pain,0,71,127,72,13,98,37.9
30006734,4,abdominal pain,5,93,126,103,16,98,36.8
30006735,2,headache,8,105,119,85,23,94,38.0
30006736,3,fever,3,100,136,108,23,97,37.8
30006737,3,back pain,1,89,134,60,22,99,36.5
30006738,4,shortness of breath,3,61,160,101,16,95,37.5
30006739,3,shortness of breath,1,108,90,56,17,98,36.1
30006740,3,knee pain,7,94,111,98,18,97,36.8
30006741,3,knee pain,6,72,135,79,10,96,38.4
30006742,1,headache,7,93,128,98,13,98,36.7
30006743,3,fever,2,83,126,63,16,99,37.1
30006744,3,fever,7,91,137,77,17,96,36.4
30006745,3,chest pain,2,95,124,64,29,100,36.6
30006746,1,chest pain,8,103,86,63,16,100,37.2
30006747,1,laceration,7,90,87,118,23,96,38.8
30006748,4,laceration,1,53,137,96,21,94,37.1
30006749,2,back pain,6,87,116,89,13,98,37.6
30006750,3,headache,3,101,121,82,20,100,38.1
30006751,4,anxiety,5,94,102,76,12,100,36.3
30006752,3,knee pain,0,92,109,118,19,100,35.3
30006753,4,chest pain,0,100,150,44,17,92,37.9
30006754,4,knee pain,0,70,153,94,14,93,37.3
30006755,3,abdominal pain,3,24,134,85,21,99,38.0
30006756,4,anxiety,4,83,171,72,22,99,35.8
30006757,1,anxiety,8,140,126,76,17,95,35.6
30006758,3,laceration,0,81,87,66,17,97,36.5
30006759,3,fever,7,100,138,84,22,100,38.2
30006760,5,chest pain,5,77,156,99,19,98,38.0
30006761,3,abdominal pain,0,83,116,86,21,98,36.3
30006762,3,fever,6,80,83,77,18,97,37.4
30006763,4,headache,6,88,157,93,21,99,36.2
30006764,2,fall,10,99,123,68,18,93,37.8
30006765,3,fall,2,106,104,90,16,100,38.7
30006766,3,laceration,6,98,127,73,17,98,37.9
30006767,3,shortness of breath,7,68,125,106,21,100,38.8
30006768,3,anxiety,1,84,139,86,16,95,36.5
30006769,1,back pain,8,48,87,109,17,98,37.0
30006770,3,laceration,1,106,110,91,9,93,36.3
30006771,1,fall,6,73,141,106,16,98,37.2
30006772,5,chest pain,3,78,108,99,11,93,37.0
30006773,3,shortness of breath,2,65,137,100,18,99,36.9
30006774,5,anxiety,2,78,121,73,16,91,36.8
30006775,3,headache,1,75,123,60,16,99,37.2
30006776,2,fever,9,90,104,55,19,96,37.1
30006777,3,anxiety,6,74,93,101,11,95,36.4
30006778,3,back pain,1,86,140,78,18,96,37.1
30006779,3,headache,6,86,147,90,14,100,36.1
30006780,1,laceration,9,72,75,100,12,96,35.0
30006781,3,anxiety,2,69,142,81,20,94,37.0
30006782,3,abdominal pain,3,100,106,94,25,91,37.9
30006783,3,back pain,0,104,137,54,16,99,35.8
30006784,3,shortness of breath,6,89,149,56,18,98,36.3
30006785,1,anxiety,6,86,104,57,16,100,37.7
30006786,2,headache,8,108,100,91,16,94,37.2
30006787,3,chest pain,4,70,151,61,19,91,37.5
30006788,2,fall,7,80,91,82,13,96,37.1
30006789,3,knee pain,5,89,82,80,13,100,36.6
30006790,4,abdominal pain,3,52,137,119,14,94,36.5
30006791,4,back pain,0,76,125,81,13,90,37.5
30006792,4,knee pain,6,109,130,81,12,97,36.5
30006793,3,knee pain,4,108,133,99,17,100,37.3
30006794,4,back pain,5,63,96,82,16,95,38.2
30006795,3,fever,7,82,129,56,22,98,36.7
30006796,4,fall,6,84,126,69,17,98,37.6
30006797,1,shortness of breath,6,66,148,73,19,94,36.5
30006798,1,fall,6,129,150,95,17,96,36.3
30006799,3,chest pain,4,65,146,80,17,92,37.3
30006800,2,fever,7,90,81,68,23,96,37.2
30006801,1,fever,10,77,139,88,20,99,37.7
30006802,3,laceration,5,98,162,102,14,97,36.9
30006803,2,anxiety,8,93,126,103,14,94,36.4
30006804,3,headache,3,95,63,94,18,96,37.3
30006805,4,abdominal pain,4,79,83,61,17,98,37.0
30006806,3,abdominal pain,2,94,112,83,21,97,36.5
30006807,3,chest pain,4,60,98,104,19,98,38.1
30006808,2,back pain,9,67,155,76,15,98,37.3
30006809,2,headache,7,72,113,77,27,100,38.1
30006810,3,abdominal pain,6,67,96,66,19,95,37.5
30006811,4,abdominal pain,4,80,93,62,19,96,36.8
30006812,1,fall,7,92,125,59,21,95,37.7
30006813,2,knee pain,7,77,161,83,21,99,38.0
30006814,3,chest pain,6,104,161,75,13,93,35.6
30006815,3,headache,2,76,152,116,17,98,35.9
30006816,3,chest pain,1,85,126,70,24,99,37.5
30006817,4,abdominal pain,1,69,135,100,19,99,36.3
30006818,3,chest pain,5,95,138,91,24,93,36.0
30006819,3,knee pain,4,73,147,65,18,96,35.8
30006820,2,back pain,10,73,160,87,13,98,37.0
30006821,4,back pain,1,95,124,92,13,98,36.9
30006822,5,anxiety,5,92,114,91,18,98,36.3
30006823,2,knee pain,9,78,126,75,16,98,38.1
30006824,3,shortness of breath,0,71,106,84,25,95,36.9
30006825,2,knee pain,8,100,151,76,13,100,36.5
30006826,4,knee pain,1,81,124,83,21,92,37.2
30006827,4,fever,2,80,111,54,16,98,38.0
30006828,3,fall,1,93,121,93,18,97,37.4
30006829,3,fall,4,83,140,102,21,97,36.0
30006830,1,headache,6,95,81,117,19,91,37.9
30006831,3,abdominal pain,5,92,153,86,16,95,35.8
30006832,3,chest pain,6,78,107,72,28,99,38.1
30006833,5,fever,2,97,141,44,23,95,38.9
30006834,2,fever,7,70,96,94,23,99,35.4
30006835,4,fever,0,87,115,103,19,98,36.4
30006836,3,abdominal pain,5,95,124,62,21,98,37.0
30006837,2,shortness of breath,10,95,126,67,20,99,37.2
30006838,2,knee pain,7,73,100,91,19,96,37.0
30006839,1,abdominal pain,10,92,156,91,19,96,37.1
30006840,2,chest pain,9,93,154,96,13,100,36.9
30006841,4,fall,7,68,86,70,18,98,37.2
30006842,3,knee pain,6,84,107,79,19,93,38.4
30006843,3,fever,4,87,115,67,20,100,36.9
30006844,2,anxiety,8,85,137,75,23,91,38.0
30006845,3,back pain,3,87,139,88,19,95,36.5
30006846,3,chest pain,0,63,113,89,20,99,36.5
30006847,5,anxiety,7,81,120,98,24,98,36.8
30006848,2,anxiety,8,78,117,79,16,99,35.8
30006849,4,abdominal pain,6,66,116,105,20,100,35.4
30006850,3,anxiety,0,68,148,80,22,94,37.1
30006851,2,fall,8,80,135,84,22,99,36.6
30006852,2,knee pain,6,92,120,96,20,94,35.6
30006853,5,headache,0,92,115,84,22,100,37.2
30006854,3,anxiety,6,81,112,112,18,92,36.8
30006855,2,headache,7,59,136,87,21,98,38.2
30006856,4,knee pain,2,82,121,93,17,95,37.2
30006857,4,fall,1,102,124,103,16,97,36.7
30006858,5,fever,3,69,157,90,14,97,36.6
30006859,2,fever,10,99,116,80,20,96,36.2
30006860,2,back pain,8,89,136,65,17,97,36.9
30006861,2,fall,7,93,111,80,19,95,37.1
30006862,3,anxiety,0,94,130,86,13,99,36.9
30006863,2,fall,9,74,99,92,16,95,37.3
30006864,3,chest pain,6,104,118,66,30,94,36.2
30006865,3,headache,5,80,169,72,14,98,36.7
30006866,3,knee pain,5,88,117,69,19,94,37.3
30006867,3,shortness of breath,4,78,142,87,21,97,35.6
30006868,3,chest pain,5,75,89,72,19,100,37.8
30006869,3,knee pain,4,98,126,61,18,91,36.7
30006870,3,laceration,5,84,111,69,13,100,36.9
30006871,4,chest pain,3,71,123,59,15,97,37.1
30006872,2,fall,9,71,108,97,21,100,36.5
30006873,2,headache,8,133,156,81,21,100,37.5
30006874,4,chest pain,0,100,147,105,15,98,36.7
30006875,3,fever,1,79,135,95,21,96,36.5
30006876,4,abdominal pain,3,80,125,94,17,100,38.0
30006877,2,fall,8,77,102,72,13,94,37.7
30006878,3,chest pain,5,89,136,91,13,97,37.9
30006879,3,chest pain,4,98,113,71,21,100,38.0
30006880,3,headache,1,75,130,81,17,99,38.5
30006881,4,fall,0,76,91,89,19,97,37.4
30006882,5,anxiety,6,72,132,82,15,90,37.4
30006883,3,back pain,3,91,110,99,19,98,35.5
30006884,3,laceration,6,71,119,71,18,91,37.9
30006885,1,knee pain,7,68,128,85,26,93,37.8
30006886,3,chest pain,1,88,119,74,14,100,37.9
30006887,3,back pain,1,94,138,50,19,99,37.3
30006888,2,abdominal pain,8,76,141,63,14,100,37.9
30006889,2,abdominal pain,10,69,141,80,15,95,38.3
30006890,3,shortness of breath,4,108,115,67,23,96,36.7
30006891,5,shortness of breath,0,76,108,76,11,100,37.6
30006892,3,abdominal pain,1,65,103,105,14,94,37.6
30006893,3,chest pain,2,96,151,89,16,93,37.3
30006894,2,laceration,6,81,80,56,18,100,36.3
30006895,4,laceration,6,87,146,100,22,98,34.9
30006896,3,chest pain,7,95,142,80,13,98,36.7
30006897,2,fall,9,86,125,60,13,100,36.6
30006898,4,abdominal pain,3,89,131,62,23,94,38.3
30006899,3,anxiety,3,66,129,85,17,98,37.0
30006900,3,fever,1,89,148,62,15,93,37.8
30006901,3,abdominal pain,2,83,100,88,11,98,36.6
30006902,2,fall,9,94,102,58,19,98,37.3
30006903,4,laceration,2,74,139,74,11,97,36.1
30006904,3,shortness of breath,6,81,109,83,21,100,37.8
30006905,1,knee pain,6,101,147,78,16,98,36.1
30006906,2,shortness of breath,7,100,118,81,20,100,36.1
30006907,4,chest pain,1,76,106,54,14,99,37.5
30006908,3,abdominal pain,6,99,115,89,13,100,36.8
30006909,3,fever,6,66,154,90,17,100,36.8
30006910,3,shortness of breath,1,117,158,72,12,100,37.8
30006911,2,back pain,9,110,99,53,8,95,36.5
30006912,3,headache,6,99,144,83,13,99,36.0
30006913,3,knee pain,3,59,92,87,15,97,37.5
30006914,3,fall,1,78,149,68,20,94,36.4
30006915,2,knee pain,9,104,122,65,17,98,36.4
30006916,2,fall,9,87,118,89,23,97,37.0
30006917,3,back pain,3,81,150,94,20,93,36.4
30006918,2,shortness of breath,6,73,102,77,14,94,36.4
30006919,5,knee pain,4,121,113,83,19,94,38.2
30006920,3,knee pain,2,84,144,64,15,96,36.0
30006921,2,knee pain,8,65,105,61,19,98,36.7
30006922,2,knee pain,6,63,161,56,10,99,36.3
30006923,4,shortness of breath,6,100,97,68,27,100,37.4
30006924,4,chest pain,5,85,136,76,14,100,37.2
30006925,3,knee pain,2,73,112,94,11,96,34.7
30006926,2,back pain,6,90,150,63,13,96,36.9
30006927,3,shortness of breath,5,97,103,79,13,99,37.2
30006928,4,shortness of breath,7,81,133,82,21,92,36.5
30006929,3,abdominal pain,6,83,115,92,14,100,38.3
30006930,4,fall,0,98,113,93,19,97,38.1
30006931,3,anxiety,6,97,112,69,13,97,38.1
30006932,4,fall,0,80,157,76,22,99,38.4
30006933,2,anxiety,9,105,110,82,15,99,38.1
30006934,3,fall,5,67,124,67,18,97,38.3
30006935,4,knee pain,0,111,149,79,15,98,38.3
30006936,1,knee pain,7,117,111,60,12,100,36.4
30006937,2,anxiety,6,78,123,62,10,99,36.5
30006938,2,fever,9,96,89,71,13,97,36.8
30006939,4,laceration,3,79,136,66,14,99,37.7
30006940,3,knee pain,4,102,144,89,18,100,36.7
30006941,2,chest pain,10,69,118,91,18,97,36.8
30006942,3,back pain,0,82,93,76,11,94,37.5
30006943,4,headache,4,71,99,75,17,96,37.4
30006944,4,fever,3,49,106,77,15,96,36.6
30006945,2,headache,8,85,139,64,24,95,36.3
30006946,3,fever,2,79,128,109,24,100,35.8
30006947,3,back pain,3,95,135,53,18,99,36.2
30006948,2,laceration,9,130,148,44,24,99,36.4
30006949,3,anxiety,6,100,131,91,11,91,36.9
30006950,4,abdominal pain,5,57,120,92,20,100,37.2
30006951,3,fall,3,68,154,64,14,95,37.1
30006952,3,chest pain,1,79,129,86,12,99,36.1
30006953,3,shortness of breath,6,68,111,95,17,97,37.1
30006954,3,knee pain,3,71,85,72,22,91,36.7
30006955,2,back pain,10,94,91,87,13,93,37.6
30006956,4,anxiety,1,78,135,86,14,97,36.4
30006957,4,back pain,3,72,128,80,19,100,36.9
30006958,1,knee pain,9,110,164,81,13,95,37.6
30006959,4,abdominal pain,1,77,105,87,15,99,35.9
30006960,1,fall,10,42,144,82,15,94,37.1
30006961,5,abdominal pain,5,103,140,95,15,97,36.6
30006962,5,fall,7,78,106,81,23,100,36.7
30006963,3,shortness of breath,5,113,127,63,15,99,35.1
30006964,3,anxiety,7,85,126,83,16,94,38.4
30006965,3,shortness of breath,2,90,162,90,16,94,36.1
30006966,3,chest pain,0,60,99,70,26,97,37.2
30006967,3,shortness of breath,1,65,103,107,18,90,36.8
30006968,4,chest pain,5,52,107,60,18,99,37.8
30006969,4,knee pain,1,93,140,87,16,91,35.5
30006970,3,chest pain,7,103,68,76,12,95,38.0
30006971,2,fall,9,94,90,77,17,97,37.1
30006972,3,knee pain,1,76,105,83,19,93,37.1
30006973,1,fall,9,74,140,70,17,95,36.8
30006974,4,fever,5,79,128,71,20,98,35.7
30006975,4,anxiety,1,95,125,79,22,99,36.9
30006976,3,abdominal pain,1,81,124,88,13,96,36.3
30006977,3,anxiety,0,138,153,92,16,97,38.3
30006978,5,anxiety,0,89,111,63,27,94,37.6
30006979,3,fall,3,80,112,89,17,92,36.9
30006980,2,fall,7,78,113,77,20,92,36.3
30006981,5,laceration,6,75,135,75,18,96,36.7
30006982,4,fever,6,104,129,81,15,95,38.6
30006983,3,laceration,1,101,137,84,15,97,36.8
30006984,4,abdominal pain,7,81,171,114,23,100,36.7
30006985,2,fever,10,68,119,92,19,97,36.8
30006986,3,fever,5,86,129,66,15,98,37.7
30006987,2,knee pain,10,79,119,68,17,95,36.6
30006988,4,knee pain,0,94,135,78,15,95,36.7
30006989,2,chest pain,6,116,126,85,15,100,36.7
30006990,3,fall,2,96,123,74,11,100,36.6
30006991,3,back pain,3,87,126,107,16,93,36.3
30006992,4,fever,4,71,82,57,16,94,37.0
30006993,2,fall,8,92,139,89,22,90,37.6
30006994,4,headache,2,80,184,93,17,100,36.2
30006995,2,laceration,10,81,102,84,24,98,37.9
30006996,4,headache,6,83,104,77,15,94,38.3
30006997,2,back pain,9,90,143,96,16,97,35.6
30006998,2,chest pain,6,93,171,93,21,98,37.0
30006999,4,knee pain,3,70,91,99,22,95,37.7
30007000,4,headache,7,81,163,73,18,100,36.4
30007001,3,fever,5,99,140,63,16,91,38.6
30007002,2,fever,6,94,118,81,12,94,36.1
30007003,4,headache,3,77,123,98,20,97,36.4
30007004,3,laceration,0,108,121,61,27,99,36.4
30007005,3,anxiety,7,67,104,80,26,100,35.7
30007006,3,laceration,4,102,127,81,12,100,37.4
30007007,3,back pain,6,87,163,58,20,95,36.8
30007008,3,abdominal pain,5,81,155,68,21,100,36.8
30007009,3,shortness of breath,4,83,130,58,19,94,37.0
30007010,4,anxiety,7,83,138,68,19,96,36.2
30007011,4,fever,0,77,130,85,14,94,37.5
30007012,3,chest pain,1,113,117,63,22,99,37.2
30007013,3,laceration,4,79,131,87,20,100,35.9
30007014,1,headache,10,117,91,76,22,100,37.6
30007015,3,anxiety,0,81,136,81,25,97,37.8
30007016,5,shortness of breath,5,66,106,83,20,92,37.9
30007017,3,anxiety,5,64,146,74,16,93,36.2
30007018,2,knee pain,10,55,121,55,14,98,36.4
30007019,4,knee pain,7,79,126,78,9,97,36.7
30007020,3,headache,1,68,126,53,19,95,37.2
30007021,3,back pain,3,77,104,93,20,100,38.6
30007022,2,fever,6,92,113,97,14,100,36.5
30007023,3,abdominal pain,3,97,144,95,20,92,36.7
30007024,3,back pain,1,110,119,73,21,93,35.2
30007025,3,fever,6,82,90,71,14,96,36.9
30007026,2,knee pain,10,102,129,94,21,100,38.2
30007027,4,laceration,7,96,152,104,16,98,36.0
30007028,4,back pain,6,96,140,70,20,95,38.0
30007029,3,shortness of breath,4,76,129,73,13,93,37.0
30007030,2,abdominal pain,8,112,172,90,18,93,37.7
30007031,3,anxiety,6,85,140,55,16,96,37.1
30007032,4,headache,0,73,114,87,13,98,37.3
30007033,3,fall,5,74,135,87,14,99,36.6
30007034,4,back pain,0,103,122,54,17,92,36.4
30007035,3,abdominal pain,3,87,102,83,25,98,36.5
30007036,3,knee pain,1,64,111,82,18,100,35.5
30007037,3,fever,4,85,114,72,28,98,36.4
30007038,3,abdominal pain,1,64,119,58,9,96,36.6
30007039,3,abdominal pain,2,80,117,96,16,96,35.9
30007040,3,shortness of breath,1,95,105,105,25,92,37.9
30007041,3,shortness of breath,3,123,120,52,11,93,35.3
30007042,3,chest pain,0,80,159,76,13,95,36.5
30007043,3,shortness of breath,7,91,115,76,18,99,36.7
30007044,4,fall,5,79,127,62,19,94,37.3
30007045,3,fever,3,83,160,116,14,94,38.2
30007046,3,anxiety,2,79,117,87,26,99,38.1
30007047,3,headache,5,87,103,70,19,100,37.7
30007048,3,anxiety,3,87,135,93,19,93,37.5
30007049,3,fall,2,90,79,89,22,92,36.4
30007050,3,fever,1,78,118,87,14,99,37.2
30007051,3,laceration,1,88,138,79,19,100,35.9
30007052,2,abdominal pain,7,84,145,82,18,98,37.3
30007053,3,shortness of breath,3,77,172,85,13,100,37.7
30007054,3,headache,1,105,135,90,14,91,38.8
30007055,3,back pain,4,102,107,84,16,95,37.1
30007056,5,knee pain,2,96,140,64,14,95,36.9
30007057,3,fever,5,82,112,83,12,99,37.2
30007058,2,fall,7,102,161,94,21,99,36.4
30007059,4,fever,1,77,111,76,21,95,36.9
30007060,3,anxiety,7,102,125,87,16,93,37.3
30007061,2,back pain,10,81,148,83,24,99,38.3
30007062,3,knee pain,4,100,87,54,19,95,37.2
30007063,5,fever,3,47,121,93,18,93,37.5
30007064,2,fever,9,67,141,74,12,99,36.0
30007065,2,knee pain,10,73,163,75,21,97,36.4
30007066,3,fall,4,97,124,62,17,100,36.6
30007067,4,knee pain,2,97,120,67,13,99,37.7
30007068,4,fever,0,76,165,90,25,95,37.7
30007069,2,back pain,10,89,112,92,17,90,36.8
30007070,3,anxiety,5,80,125,96,18,100,37.4
30007071,3,laceration,1,79,111,75,15,96,34.9
30007072,4,fall,2,99,142,77,20,95,38.5
30007073,3,anxiety,4,85,122,64,18,99,37.4
30007074,3,laceration,5,108,103,78,10,99,38.1
30007075,2,chest pain,7,89,98,105,25,95,36.3
30007076,3,back pain,4,82,143,109,18,94,37.7
30007077,5,fall,3,87,148,77,24,100,37.2
30007078,2,back pain,9,76,112,98,12,100,38.5
30007079,2,fever,10,86,115,52,19,97,36.7
30007080,3,anxiety,4,103,105,63,23,99,38.3
30007081,3,back pain,1,104,119,100,19,96,38.2
30007082,4,chest pain,5,74,107,75,18,98,38.1
30007083,4,knee pain,4,69,113,73,18,100,36.6
30007084,3,fever,4,79,129,63,15,95,37.8
30007085,4,knee pain,1,92,148,77,10,97,36.2
30007086,3,back pain,5,90,89,92,20,98,36.2
30007087,3,back pain,3,106,136,55,16,95,38.0
30007088,2,laceration,8,47,130,80,18,97,37.1
30007089,3,knee pain,5,80,118,62,15,96,37.5
30007090,3,knee pain,3,70,124,87,19,95,36.3
30007091,3,abdominal pain,1,44,118,92,15,97,37.7
30007092,1,knee pain,8,84,100,83,17,100,36.3
30007093,3,laceration,7,91,147,67,20,98,37.0
30007094,3,headache,6,91,126,73,18,98,36.7
30007095,3,headache,5,67,135,46,20,97,37.3
30007096,4,shortness of breath,1,76,186,67,10,100,36.1
30007097,3,chest pain,2,53,145,81,12,90,36.2
30007098,3,fall,2,76,124,79,22,100,37.7
30007099,4,chest pain,4,77,130,59,19,100,38.3
30007100,3,knee pain,3,96,116,112,22,100,37.7
30007101,3,fever,5,101,76,77,28,98,38.6
30007102,3,abdominal pain,7,94,146,69,18,98,36.0
30007103,3,knee pain,6,74,122,94,17,97,36.8
30007104,4,fall,0,85,89,75,14,95,36.8
30007105,3,shortness of breath,2,97,167,55,18,94,36.3
30007106,2,abdominal pain,7,109,146,78,25,92,37.5
30007107,3,knee pain,3,86,122,81,17,96,37.5
30007108,3,anxiety,1,86,132,66,22,94,35.9
30007109,5,laceration,6,74,138,80,13,90,36.0
30007110,3,shortness of breath,6,88,109,100,22,91,35.5
30007111,4,knee pain,0,89,112,96,17,95,37.0
30007112,3,fall,1,84,98,92,18,97,36.1
30007113,2,anxiety,7,56,110,74,8,96,37.9
30007114,3,shortness of breath,4,90,142,50,25,99,36.3
30007115,1,back pain,10,84,118,73,16,94,36.4
30007116,3,laceration,2,62,135,75,21,98,36.8
30007117,2,laceration,9,77,123,88,20,98,38.9
30007118,3,chest pain,5,102,127,68,21,95,36.7
30007119,3,abdominal pain,7,69,110,83,18,100,36.3
30007120,3,knee pain,7,72,126,121,15,99,38.0
30007121,3,laceration,0,83,103,91,20,99,35.7
30007122,3,chest pain,2,75,129,94,17,94,37.2
30007123,5,anxiety,6,49,112,67,18,94,37.4
30007124,3,shortness of breath,0,111,98,71,23,96,36.5
30007125,4,anxiety,5,111,128,81,20,94,37.0
30007126,1,back pain,6,111,112,49,18,99,34.9
30007127,3,fall,7,52,105,86,27,95,36.7
30007128,2,anxiety,10,106,170,95,19,100,37.1
30007129,3,chest pain,4,116,115,100,19,100,37.9
30007130,3,anxiety,7,51,113,76,18,96,36.7
30007131,3,shortness of breath,1,67,96,61,20,98,36.9
30007132,3,chest pain,6,85,91,80,21,94,36.4
30007133,2,headache,10,83,126,73,19,96,35.9
30007134,3,laceration,7,100,118,62,12,96,36.3
30007135,3,fever,6,74,104,90,14,97,38.1
30007136,2,fall,8,69,127,103,19,100,37.7
30007137,3,anxiety,6,105,105,90,12,97,38.1
30007138,3,headache,2,101,172,77,16,97,35.5
30007139,3,headache,4,81,128,84,12,96,36.0
30007140,2,fever,9,72,119,55,24,99,37.3
30007141,3,chest pain,0,74,130,80,21,99,38.0
30007142,3,knee pain,0,82,147,73,15,95,36.8
30007143,3,shortness of breath,1,82,113,65,22,92,37.0
30007144,3,chest pain,1,76,158,84,21,96,35.9
30007145,2,anxiety,6,61,123,43,20,98,36.4
30007146,3,laceration,6,61,131,81,23,96,36.7
30007147,2,anxiety,9,98,145,67,22,100,36.6
30007148,3,back pain,6,95,113,57,15,98,36.0
30007149,3,headache,2,60,144,87,15,99,37.0
30007150,3,fall,5,68,124,84,11,97,37.1
30007151,3,knee pain,3,76,111,87,19,97,36.2
30007152,5,headache,4,88,129,79,13,91,35.3
30007153,3,anxiety,6,103,139,75,24,100,38.0
30007154,3,knee pain,3,99,126,61,10,97,36.1
30007155,1,abdominal pain,7,84,125,62,15,100,36.7
30007156,3,chest pain,2,80,142,89,16,95,37.1
30007157,3,back pain,0,100,148,75,12,99,36.7
30007158,4,back pain,2,74,114,67,14,95,36.9
30007159,2,knee pain,6,87,103,82,16,98,37.0
30007160,3,fall,0,86,148,60,24,93,36.5
30007161,2,fall,10,77,95,69,15,100,37.0
30007162,3,knee pain,3,88,143,87,18,98,37.0
30007163,2,chest pain,6,93,125,76,15,96,37.4
30007164,2,laceration,6,77,145,81,15,99,36.3
30007165,5,fall,5,72,107,97,18,94,37.1
30007166,1,fever,6,65,125,65,26,95,37.7
30007167,3,fall,6,111,138,78,22,95,36.3
30007168,5,fever,4,85,143,72,11,92,38.0
30007169,2,abdominal pain,8,64,123,88,21,97,37.5
30007170,1,headache,7,57,110,83,11,100,37.2
30007171,4,fever,2,90,126,86,13,100,36.9
30007172,3,fall,7,68,119,65,18,98,36.0
30007173,1,chest pain,9,101,112,80,12,95,37.2
30007174,4,fever,4,113,119,82,22,97,37.2
30007175,3,fall,5,92,153,99,14,98,36.4
30007176,4,anxiety,4,109,130,105,16,93,38.6
30007177,3,laceration,6,99,115,90,16,96,37.5
30007178,2,fall,7,102,118,82,14,99,37.3
30007179,3,fever,4,88,125,80,20,96,37.3
30007180,3,knee pain,2,79,125,77,11,94,36.2
30007181,4,fall,7,68,88,92,17,97,35.6
30007182,4,fever,7,105,134,86,26,98,36.8
30007183,4,laceration,0,88,122,87,23,99,35.7
30007184,3,abdominal pain,4,87,134,74,13,100,36.3
30007185,3,laceration,1,68,123,86,18,95,37.9
30007186,3,back pain,7,112,134,89,19,98,37.7
30007187,3,knee pain,6,86,126,75,24,100,37.8
30007188,2,shortness of breath,10,103,127,82,17,98,35.6
30007189,3,chest pain,5,87,100,91,24,92,37.6
30007190,3,knee pain,1,86,120,104,11,100,36.1
30007191,3,knee pain,2,83,133,83,12,96,38.3
30007192,3,back pain,3,90,160,63,13,98,37.9
30007193,4,knee pain,0,119,137,93,14,92,37.0
30007194,1,laceration,8,76,151,81,20,100,36.4
30007195,4,back pain,1,83,93,78,21,100,37.4
30007196,5,shortness of breath,6,101,133,85,19,97,36.3
30007197,3,fever,3,75,85,89,14,99,36.1
30007198,2,back pain,10,78,127,79,12,93,38.5
30007199,3,anxiety,1,119,96,77,17,97,38.9
30007200,4,fall,3,67,123,24,13,95,36.1
30007201,3,laceration,4,101,142,79,16,100,37.2
30007202,4,knee pain,0,85,82,80,19,96,36.4
30007203,3,shortness of breath,7,72,103,86,19,94,36.9
30007204,2,chest pain,8,82,99,73,22,98,37.4
30007205,2,knee pain,9,89,96,66,18,94,38.1
30007206,2,laceration,7,68,138,102,23,94,37.5
30007207,4,back pain,2,91,103,81,14,97,36.2
30007208,4,headache,5,60,138,93,19,93,37.4
30007209,4,fall,7,51,129,92,20,94,37.4
30007210,5,back pain,0,82,128,75,18,97,36.5
30007211,3,fall,2,89,103,67,15,100,36.4
30007212,3,shortness of breath,0,72,135,48,13,100,36.9
30007213,3,anxiety,6,67,123,123,10,98,37.8
30007214,4,chest pain,0,75,109,78,13,98,38.4
30007215,3,chest pain,5,91,133,80,19,92,37.6
30007216,3,headache,2,79,155,93,14,99,37.7
30007217,2,fever,7,110,98,69,23,96,37.8
30007218,3,knee pain,4,99,111,70,22,94,37.2
30007219,4,back pain,5,86,137,71,5,98,37.1
30007220,3,shortness of breath,0,102,138,58,16,97,37.3
30007221,3,knee pain,7,94,108,80,11,92,37.2
30007222,4,back pain,6,72,134,84,16,94,35.4
30007223,5,chest pain,2,85,132,83,20,96,35.8
30007224,4,fall,4,68,104,57,28,100,36.1
30007225,3,laceration,0,93,109,68,18,98,36.1
30007226,2,abdominal pain,6,73,104,91,20,95,36.7
30007227,3,anxiety,4,68,135,79,16,99,36.4
30007228,2,back pain,6,76,75,66,17,93,35.9
30007229,3,headache,4,83,172,77,16,100,35.9
30007230,4,back pain,2,86,106,98,24,96,38.0
30007231,2,shortness of breath,8,77,127,67,15,92,36.1
30007232,3,back pain,2,71,149,91,19,95,36.2
30007233,3,shortness of breath,0,71,124,95,14,100,37.0
30007234,3,fever,3,62,173,87,14,100,37.1
30007235,3,back pain,5,86,88,75,19,96,36.5
30007236,4,headache,4,82,110,76,23,99,37.0
30007237,3,abdominal pain,3,106,124,67,26,92,35.7
30007238,3,laceration,4,73,157,71,23,97,36.7
30007239,3,shortness of breath,7,63,157,81,15,100,37.3
30007240,3,fever,6,90,130,80,26,96,36.2
30007241,3,laceration,4,104,84,53,14,100,35.5
30007242,5,abdominal pain,1,105,91,78,15,96,36.1
30007243,3,back pain,1,89,112,79,15,98,37.6
30007244,2,fever,10,95,111,60,23,100,37.3
30007245,2,shortness of breath,6,93,127,72,19,95,36.9
30007246,3,fall,1,63,124,78,23,98,35.6
30007247,3,abdominal pain,6,113,142,83,17,96,37.1
30007248,5,anxiety,3,103,116,85,20,97,35.7
30007249,3,knee pain,5,68,81,94,15,97,37.3
30007250,3,fever,0,96,138,63,17,97,36.7
30007251,3,chest pain,3,74,133,101,14,100,38.1
30007252,3,shortness of breath,1,96,148,65,19,97,37.2
30007253,3,knee pain,7,94,99,57,20,96,37.7
30007254,2,shortness of breath,9,82,133,79,16,98,38.7
30007255,3,anxiety,4,87,120,50,16,97,37.3
30007256,4,abdominal pain,2,92,114,95,17,100,37.9
30007257,3,back pain,5,118,115,36,25,96,36.8
30007258,5,shortness of breath,1,95,124,93,22,98,36.2
30007259,3,anxiety,3,122,124,84,21,99,38.3
30007260,2,knee pain,9,105,134,93,16,96,37.3
30007261,3,chest pain,7,92,97,73,17,100,36.4
30007262,4,chest pain,4,83,122,51,23,94,36.5
30007263,4,laceration,7,102,122,71,23,100,37.3
30007264,3,shortness of breath,3,71,141,76,22,96,37.5
30007265,2,chest pain,9,56,151,58,21,94,36.0
30007266,4,shortness of breath,1,96,129,90,24,100,35.3
30007267,3,back pain,0,90,161,55,13,98,36.8
30007268,4,headache,2,86,131,102,12,99,37.2
30007269,3,anxiety,7,89,143,65,13,100,36.6
30007270,3,knee pain,3,90,107,83,17,98,36.8
30007271,3,knee pain,1,70,148,104,18,100,37.9
30007272,4,laceration,4,96,118,86,15,94,37.0
30007273,4,anxiety,1,80,135,73,21,93,37.1
30007274,2,anxiety,6,95,116,83,23,94,36.6
30007275,3,fall,7,87,131,106,21,97,38.1
30007276,3,abdominal pain,3,107,143,83,18,94,37.8
30007277,3,back pain,7,99,133,100,17,96,37.9
30007278,3,chest pain,3,81,135,99,21,100,38.1
30007279,4,headache,4,89,161,74,16,96,37.3
30007280,3,chest pain,5,68,108,84,23,100,37.2
30007281,4,back pain,5,93,128,70,21,99,37.8
30007282,4,anxiety,2,105,148,76,22,98,36.6
30007283,4,fall,5,95,123,94,20,97,35.8
30007284,2,fever,7,75,96,74,18,93,36.1
30007285,1,chest pain,7,69,121,74,17,99,36.5
30007286,3,fall,6,71,131,63,25,95,37.1
30007287,3,anxiety,2,89,101,53,21,93,37.5
30007288,4,laceration,7,80,124,60,24,94,36.8
30007289,3,fall,4,93,134,78,16,98,36.5
30007290,3,chest pain,3,96,140,89,15,94,38.5
30007291,2,chest pain,9,84,119,69,18,93,38.1
30007292,4,laceration,1,88,148,84,15,94,35.9
30007293,3,back pain,6,95,120,68,12,95,36.4
30007294,2,fever,9,93,148,53,19,98,37.2
30007295,3,chest pain,2,101,99,65,16,98,36.7
30007296,3,fever,5,78,95,79,19,100,37.9
30007297,2,anxiety,8,90,111,104,16,100,36.4
30007298,2,knee pain,7,89,119,79,14,98,37.4
30007299,3,fever,1,74,108,97,16,93,36.4
30007300,3,fall,0,58,110,64,16,96,36.7
30007301,5,chest pain,4,74,116,99,13,99,36.3
30007302,4,shortness of breath,0,86,128,89,24,97,36.9
30007303,3,laceration,5,99,132,95,13,99,38.0
30007304,2,back pain,8,82,123,112,21,97,37.2
30007305,3,back pain,6,72,98,56,13,97,37.6
30007306,3,laceration,0,70,118,62,19,99,38.0
30007307,1,chest pain,8,77,143,86,11,100,37.2
30007308,2,shortness of breath,9,85,124,86,23,96,36.0
30007309,3,chest pain,7,115,119,68,18,93,36.0
30007310,4,back pain,0,83,122,86,17,97,37.1
30007311,2,knee pain,10,89,119,77,13,99,36.3
30007312,3,fever,6,101,141,117,21,91,37.2
30007313,3,chest pain,1,87,114,69,18,98,36.8
30007314,2,anxiety,7,66,145,82,20,92,37.1
30007315,3,shortness of breath,4,64,124,83,15,99,36.7
30007316,3,fever,2,61,140,85,18,93,35.1
30007317,5,chest pain,5,57,103,65,21,100,36.0
30007318,2,fever,9,75,129,75,15,95,37.6
30007319,2,knee pain,10,43,152,86,21,97,37.1
30007320,3,fever,2,85,144,89,18,96,37.4
30007321,3,fever,0,85,111,90,13,100,37.8
30007322,5,laceration,2,84,105,85,13,98,37.1
30007323,2,laceration,7,70,116,83,12,94,37.7
30007324,2,laceration,10,90,149,78,19,94,36.4
30007325,3,fall,7,70,148,72,18,94,37.0
30007326,3,anxiety,1,86,132,59,17,93,36.5
30007327,5,chest pain,0,75,141,70,20,96,37.2
30007328,3,shortness of breath,0,82,149,102,15,94,36.6
30007329,3,fever,2,82,117,70,26,96,38.1
30007330,3,knee pain,2,70,154,78,23,97,37.2
30007331,3,knee pain,6,98,137,74,22,98,37.6
30007332,2,laceration,9,86,149,94,19,95,35.7
30007333,2,anxiety,10,88,101,105,20,99,36.6
30007334,3,knee pain,7,98,131,111,30,93,37.5
30007335,4,abdominal pain,4,70,122,70,19,99,37.4
30007336,3,chest pain,4,65,130,106,8,99,37.6
30007337,3,chest pain,7,107,90,92,19,93,38.5
30007338,3,laceration,5,67,131,78,18,94,37.2
30007339,4,chest pain,0,112,122,86,23,99,36.1
30007340,2,shortness of breath,6,97,99,103,15,98,37.8
30007341,3,laceration,2,74,133,50,20,98,35.3
30007342,4,knee pain,1,101,155,98,22,95,37.4
30007343,3,knee pain,6,77,142,94,18,100,37.5
30007344,4,chest pain,1,62,113,88,25,93,36.7
30007345,2,abdominal pain,7,73,88,68,12,96,38.3
30007346,3,fever,6,79,129,82,12,96,36.6
30007347,3,chest pain,7,71,122,47,14,97,36.7
30007348,3,fever,5,67,90,87,17,98,36.5
30007349,3,knee pain,3,76,118,62,21,100,37.3
30007350,3,laceration,7,91,153,82,17,100,37.1
30007351,3,headache,1,96,103,115,17,99,37.0
30007352,3,laceration,4,80,90,88,11,97,37.6
30007353,2,fever,7,85,110,95,24,93,38.1
30007354,3,abdominal pain,1,61,138,77,18,96,37.4
30007355,3,fall,1,101,157,87,23,96,37.7
30007356,3,headache,6,76,114,81,18,96,35.1
30007357,1,abdominal pain,6,72,105,89,18,96,36.6
30007358,3,fever,5,63,107,96,13,91,36.2
30007359,2,headache,6,85,87,79,13,100,37.3
30007360,2,laceration,8,88,124,104,15,96,35.8
30007361,4,abdominal pain,6,82,114,78,20,98,38.0
30007362,2,shortness of breath,9,100,105,81,15,96,36.4
30007363,3,fever,0,88,108,75,20,93,37.3
30007364,3,laceration,3,116,116,101,15,100,36.8
30007365,2,knee pain,7,51,133,75,18,100,36.6
30007366,3,fever,0,84,99,75,15,100,37.9
30007367,2,fever,10,71,121,62,23,97,37.4
30007368,4,fall,1,89,97,98,22,98,36.9
30007369,1,chest pain,9,100,115,75,18,94,36.6
30007370,3,laceration,6,81,77,76,23,91,38.9
30007371,3,abdominal pain,0,69,127,74,27,98,37.2
30007372,3,shortness of breath,7,99,126,85,17,94,37.4
30007373,3,fall,5,77,105,96,22,95,36.3
30007374,3,shortness of breath,4,75,122,88,17,96,35.1
30007375,3,back pain,2,84,125,66,18,96,37.0
30007376,2,laceration,9,88,123,75,18,99,36.6
30007377,5,fall,3,83,121,82,12,94,36.7
30007378,2,shortness of breath,8,85,114,84,20,93,36.7
30007379,3,fever,6,63,123,85,20,96,36.8
30007380,2,fever,8,65,124,57,15,94,36.3
30007381,5,abdominal pain,4,75,106,91,25,95,37.3
30007382,4,chest pain,4,89,112,73,13,93,37.6
30007383,2,headache,9,87,124,71,20,99,38.1
30007384,3,shortness of breath,5,109,116,72,18,94,38.3
30007385,4,fever,0,90,94,93,21,91,38.1
30007386,3,knee pain,2,99,126,104,23,97,36.5
30007387,3,anxiety,4,74,151,64,21,100,37.1
30007388,3,fever,3,89,139,75,14,99,36.7
30007389,3,knee pain,2,89,114,70,17,99,36.7
30007390,3,knee pain,2,81,104,102,20,90,38.3
30007391,3,back pain,7,71,125,55,26,97,36.7
30007392,3,headache,1,117,134,101,15,95,37.9
30007393,3,back pain,5,99,119,71,14,96,36.1
30007394,3,shortness of breath,2,93,125,110,18,100,38.1
30007395,3,laceration,5,74,127,89,20,97,36.2
30007396,3,fever,0,74,133,82,14,93,36.8
30007397,4,laceration,7,108,126,86,17,95,36.7
30007398,4,back pain,5,62,114,55,21,100,37.0
30007399,3,chest pain,1,69,103,82,13,92,36.5
30007400,5,shortness of breath,3,97,116,90,23,100,38.2
30007401,2,laceration,10,103,147,84,16,95,37.9
30007402,4,fall,0,77,94,73,13,98,38.6
30007403,3,shortness of breath,7,86,154,91,18,92,36.7
30007404,5,chest pain,4,97,139,62,17,98,36.3
30007405,3,abdominal pain,1,84,128,88,21,96,37.8
30007406,2,laceration,9,120,144,98,21,95,36.6
30007407,4,abdominal pain,2,73,139,74,17,100,36.5
30007408,2,abdominal pain,9,57,121,67,12,94,37.5
30007409,3,shortness of breath,4,76,114,77,15,96,37.7
30007410,3,anxiety,2,75,130,100,13,100,36.7
30007411,3,abdominal pain,4,119,121,66,10,100,37.3
30007412,3,fall,4,100,119,88,19,92,37.1
30007413,3,fever,7,79,102,76,27,94,36.7
30007414,2,knee pain,10,74,122,88,20,98,37.2
30007415,4,anxiety,2,78,125,85,20,98,37.5
30007416,4,chest pain,1,94,128,87,17,95,35.6
30007417,3,knee pain,3,94,131,87,21,96,36.5
30007418,2,headache,7,83,116,75,28,98,37.9
30007419,4,fever,6,71,131,83,19,95,37.3
30007420,3,knee pain,1,87,112,99,14,100,37.6
30007421,1,fever,8,82,120,96,15,95,36.6
30007422,2,laceration,9,91,135,58,18,97,37.5
30007423,2,shortness of breath,9,89,122,78,17,97,38.5
30007424,2,fall,10,82,89,70,20,99,35.3
30007425,3,anxiety,3,106,156,94,19,95,37.5
30007426,3,fever,1,78,124,92,19,93,37.2
30007427,3,abdominal pain,4,86,108,56,21,100,37.8
30007428,4,back pain,7,79,109,92,13,97,36.2
30007429,3,shortness of breath,3,79,78,94,17,95,38.0
30007430,3,chest pain,1,90,107,66,15,99,38.0
30007431,3,back pain,2,62,101,66,19,99,36.8
30007432,3,knee pain,2,76,129,80,25,98,36.5
30007433,4,back pain,2,75,120,67,19,95,37.6
30007434,1,knee pain,9,105,123,59,23,98,35.6
30007435,2,headache,6,89,101,71,19,100,38.5
30007436,5,anxiety,2,86,150,104,17,93,36.5
30007437,3,shortness of breath,4,85,146,70,16,93,36.7
30007438,3,fever,5,91,142,66,19,98,38.9
30007439,3,knee pain,0,83,138,92,13,99,37.4
30007440,3,fever,4,64,147,76,21,93,37.3
30007441,4,anxiety,5,104,126,81,22,93,37.2
30007442,1,fever,10,79,102,52,12,99,36.1
30007443,5,laceration,7,87,110,83,19,100,36.9
30007444,3,anxiety,5,65,135,73,16,98,36.9
30007445,4,anxiety,7,97,115,98,27,99,37.7
30007446,3,back pain,7,73,127,88,14,94,36.8
30007447,2,back pain,9,101,117,90,19,93,37.8
30007448,3,laceration,3,84,114,82,21,93,36.0
30007449,5,abdominal pain,0,77,118,79,10,96,36.5
30007450,2,knee pain,9,78,131,113,22,94,36.2
30007451,3,laceration,6,95,115,80,14,97,36.4
30007452,5,abdominal pain,5,82,131,83,19,97,37.2
30007453,3,shortness of breath,3,55,146,84,14,99,36.3
30007454,5,knee pain,4,77,111,74,21,96,37.6
30007455,4,back pain,3,73,79,94,20,94,37.1
30007456,4,abdominal pain,2,82,123,74,19,100,37.1
30007457,3,fall,3,73,131,69,21,96,38.1
30007458,3,fall,1,87,110,58,20,96,36.6
30007459,3,laceration,4,68,169,82,18,98,37.0
30007460,3,back pain,7,88,124,81,16,95,35.7
30007461,3,fever,7,97,92,84,12,100,36.4
30007462,3,fever,1,98,120,100,18,97,37.1
30007463,4,back pain,2,104,111,87,22,100,37.3
30007464,2,knee pain,10,59,141,76,21,98,36.6
30007465,3,anxiety,7,109,97,97,19,100,36.2
30007466,3,laceration,0,94,109,77,19,92,37.7
30007467,2,headache,8,105,145,85,18,100,37.9
30007468,3,abdominal pain,2,104,121,67,11,99,36.0
30007469,3,back pain,2,81,118,90,18,90,36.8
30007470,3,fall,6,110,111,73,20,97,35.0
30007471,3,headache,0,95,142,56,18,98,36.9
30007472,3,abdominal pain,2,103,118,104,14,97,36.8
30007473,3,back pain,0,79,133,77,19,89,37.3
30007474,4,shortness of breath,6,87,152,84,20,95,37.4
30007475,3,back pain,3,96,126,94,15,99,37.5
30007476,3,fall,5,95,135,59,22,94,37.9
30007477,3,abdominal pain,0,79,95,94,20,95,37.2
30007478,2,fever,7,78,118,93,15,99,38.8
30007479,3,fever,7,63,108,104,17,98,37.5
30007480,2,shortness of breath,7,89,147,70,20,95,36.9
30007481,3,fever,1,87,161,94,15,97,36.3
30007482,3,abdominal pain,5,68,96,80,18,100,38.1
30007483,3,fever,0,110,126,100,17,97,39.0
30007484,3,anxiety,6,94,144,99,17,100,38.0
30007485,3,back pain,0,82,93,85,17,95,36.0
30007486,4,chest pain,6,83,153,60,19,99,36.7
30007487,3,laceration,0,100,133,107,13,98,36.8
30007488,1,chest pain,9,71,132,92,16,99,37.5
30007489,2,fever,10,77,100,70,14,99,37.0
30007490,2,knee pain,9,107,117,92,21,92,36.8
30007491,5,fall,3,87,100,109,17,96,36.6
30007492,3,fever,2,86,138,99,17,94,37.9
30007493,4,fever,4,78,132,62,21,99,37.2
30007494,1,laceration,7,91,131,80,18,99,38.3
30007495,2,laceration,6,82,148,68,9,100,36.4
30007496,3,chest pain,5,72,132,89,9,99,35.6
30007497,3,headache,3,98,87,89,20,97,36.5
30007498,3,shortness of breath,7,71,94,100,23,91,38.4
30007499,4,fall,0,107,115,80,18,98,36.4
30007500,1,headache,10,41,137,90,16,96,36.8
30007501,3,chest pain,0,100,149,79,20,97,36.8
30007502,4,laceration,7,69,138,45,15,94,38.2
30007503,3,chest pain,1,79,121,83,15,100,37.7
30007504,2,back pain,10,73,120,47,14,96,37.2
30007505,5,knee pain,5,73,132,60,21,96,36.5
30007506,2,chest pain,8,70,148,73,27,98,37.1
30007507,4,fall,1,73,115,64,15,100,36.8
30007508,3,laceration,0,101,124,90,15,97,35.8
30007509,3,shortness of breath,1,99,119,69,18,100,37.2
30007510,3,knee pain,6,81,142,77,22,96,37.5
30007511,3,knee pain,5,91,133,68,13,99,36.9
30007512,1,fever,10,90,105,91,24,94,38.0
30007513,1,abdominal pain,6,68,111,66,15,98,36.9
30007514,1,abdominal pain,7,81,140,64,20,96,37.8
30007515,2,shortness of breath,10,96,116,50,13,100,36.6
30007516,3,chest pain,5,93,115,64,20,95,36.7
30007517,3,headache,0,92,115,91,25,97,36.8
30007518,3,chest pain,2,101,125,57,24,91,36.8
30007519,3,anxiety,6,94,130,68,13,95,37.1
30007520,3,headache,3,95,121,93,19,97,36.4
30007521,3,chest pain,1,93,85,70,15,100,36.9
30007522,3,headache,1,96,182,108,12,91,36.7
30007523,4,shortness of breath,0,76,116,80,19,99,36.3
30007524,4,headache,1,97,128,60,18,93,37.1
30007525,1,laceration,6,72,140,109,16,100,35.7
30007526,3,headache,1,95,150,117,22,97,38.0
30007527,3,anxiety,1,68,150,71,7,100,36.4
30007528,4,shortness of breath,1,70,110,98,14,93,38.0
30007529,3,shortness of breath,0,96,131,68,18,98,36.0
30007530,2,shortness of breath,9,111,170,71,29,98,36.5
30007531,2,abdominal pain,7,71,107,121,18,95,37.0
30007532,3,abdominal pain,7,81,129,102,18,99,36.5
30007533,3,laceration,6,98,140,76,17,97,36.9
30007534,3,back pain,0,83,136,53,20,100,36.8
30007535,3,anxiety,4,91,113,96,14,94,36.6
30007536,5,anxiety,4,79,121,67,21,100,37.8
30007537,2,knee pain,6,70,131,112,15,100,37.0
30007538,3,headache,1,87,132,84,14,95,37.3
30007539,4,abdominal pain,7,87,113,67,19,95,37.6
30007540,3,back pain,1,100,113,83,14,95,36.6
30007541,3,fall,1,58,105,45,16,98,37.5
30007542,4,fever,5,69,155,79,19,95,37.5
30007543,2,fall,7,89,136,78,19,99,36.1
30007544,3,fever,3,97,109,90,14,100,35.7
30007545,3,anxiety,6,112,133,111,12,99,36.3
30007546,1,fall,7,103,108,80,22,98,37.7
30007547,1,fall,7,106,131,91,14,98,36.8
30007548,5,shortness of breath,0,87,152,77,22,92,37.4
30007549,2,knee pain,8,87,109,86,26,100,37.0
30007550,3,anxiety,7,78,162,78,21,96,36.3
30007551,3,shortness of breath,5,86,115,52,21,96,36.2
30007552,3,knee pain,6,70,145,78,13,93,35.5
30007553,3,laceration,1,70,118,93,21,99,36.9
30007554,3,laceration,5,67,95,77,20,97,36.7
30007555,4,shortness of breath,7,97,106,60,15,96,37.1
30007556,1,headache,8,96,91,66,23,99,37.2
30007557,3,anxiety,4,102,157,45,14,97,36.3
30007558,3,chest pain,6,57,162,83,18,100,35.6
30007559,3,anxiety,7,100,148,70,19,98,37.5
30007560,2,chest pain,7,99,126,90,23,99,36.7
30007561,3,fall,4,94,102,75,13,99,38.4
30007562,4,anxiety,3,82,140,44,23,98,35.6
30007563,3,back pain,3,94,121,109,19,100,37.4
30007564,3,abdominal pain,6,79,128,72,17,94,38.2
30007565,3,back pain,3,67,116,57,28,96,37.9
30007566,3,laceration,0,90,103,71,15,95,37.9
30007567,3,knee pain,0,100,95,85,22,98,37.0
30007568,3,anxiety,2,95,134,75,21,92,36.9
30007569,3,knee pain,2,74,153,106,14,100,35.4
30007570,5,knee pain,7,106,125,95,12,97,37.0
30007571,3,laceration,6,93,170,98,14,96,35.9
30007572,3,laceration,4,88,142,82,21,98,36.1
30007573,3,fall,1,73,115,62,27,95,37.0
30007574,4,fall,2,61,100,89,18,96,36.2
30007575,2,fever,7,57,152,96,17,97,34.9
30007576,3,fall,6,78,127,89,16,97,35.8
30007577,3,fall,6,94,122,83,23,99,36.5
30007578,2,laceration,9,92,121,99,15,100,37.4
30007579,3,headache,6,64,122,95,22,95,37.7
30007580,1,laceration,9,91,105,68,15,99,35.5
30007581,3,knee pain,3,81,154,103,22,97,37.4
30007582,3,fever,1,81,127,65,17,99,36.9
30007583,5,anxiety,3,94,130,72,17,100,37.5
30007584,3,chest pain,7,92,123,94,14,89,37.2
30007585,4,laceration,5,102,91,82,13,99,37.3
30007586,2,laceration,8,86,124,74,19,100,36.2
30007587,4,fever,1,66,114,93,18,94,36.6
30007588,2,fall,7,82,146,71,23,100,37.4
30007589,3,shortness of breath,0,95,73,71,20,93,36.9
30007590,1,knee pain,6,97,131,86,11,100,37.2
30007591,3,shortness of breath,1,86,128,81,14,97,39.8
30007592,3,chest pain,7,80,147,74,12,99,36.1
30007593,2,back pain,9,96,119,77,19,95,36.3
30007594,4,knee pain,3,84,119,95,13,97,38.4
30007595,2,anxiety,10,101,125,87,20,95,37.5
30007596,5,chest pain,5,77,108,100,21,100,36.9
30007597,5,back pain,7,105,89,79,20,96,37.8
30007598,4,fever,1,84,119,82,22,97,36.9
30007599,3,back pain,4,83,152,98,18,92,36.4
30007600,3,shortness of breath,1,106,121,82,13,99,36.7
30007601,3,laceration,0,98,96,99,20,100,37.3
30007602,3,knee pain,3,97,112,85,15,98,36.9
30007603,3,anxiety,6,96,146,91,13,96,35.8
30007604,2,abdominal pain,8,115,125,89,20,100,37.0
30007605,2,fever,10,106,130,75,21,98,37.0
30007606,4,laceration,3,76,109,110,16,99,36.3
30007607,3,fever,1,66,97,90,9,100,36.7
30007608,3,anxiety,7,84,84,53,16,98,36.2
30007609,3,back pain,3,101,134,93,19,97,37.0
30007610,4,knee pain,2,95,146,103,12,99,36.8
30007611,3,back pain,1,97,143,95,17,96,38.1
30007612,3,fall,6,91,124,74,13,100,37.1
30007613,4,chest pain,1,111,151,88,19,98,37.5
30007614,3,back pain,5,70,121,84,19,97,37.7
30007615,3,chest pain,4,126,151,88,14,96,37.1
30007616,3,laceration,7,97,119,69,25,99,36.5
30007617,2,anxiety,9,86,117,62,26,100,35.2
30007618,4,fever,3,91,145,54,14,100,36.2
30007619,4,back pain,6,82,105,74,15,100,36.8
30007620,2,abdominal pain,8,93,90,93,23,97,36.5
30007621,4,abdominal pain,4,80,118,75,15,96,35.3
30007622,1,knee pain,9,96,121,95,13,100,35.9
30007623,3,fever,3,80,114,107,13,94,35.8
30007624,4,laceration,2,101,137,89,18,95,36.1
30007625,2,shortness of breath,7,103,155,88,20,94,36.6
30007626,2,knee pain,8,87,117,79,22,95,36.7
30007627,3,anxiety,5,80,157,52,17,100,36.8
30007628,3,shortness of breath,3,88,84,95,17,99,35.4
30007629,1,fall,8,62,148,79,23,91,36.9
30007630,3,back pain,7,91,102,77,24,96,37.1
30007631,3,back pain,7,88,145,78,20,99,36.1
30007632,3,shortness of breath,5,104,99,83,25,100,36.7
30007633,3,anxiety,0,72,136,67,18,96,37.3
30007634,3,fever,4,74,113,104,21,95,37.6
30007635,4,back pain,0,97,156,85,20,97,36.3
30007636,3,fever,2,81,128,77,20,100,35.1
30007637,5,fever,7,77,101,108,20,99,36.8
30007638,4,knee pain,7,70,111,76,14,95,38.2
30007639,3,abdominal pain,7,75,160,36,16,100,36.0
30007640,3,laceration,5,104,126,85,17,93,38.8
30007641,4,back pain,1,70,118,91,19,94,37.7
30007642,3,headache,1,92,149,71,21,93,35.6
30007643,3,fever,3,81,125,88,18,98,37.0
30007644,4,chest pain,1,94,132,65,8,99,35.9
30007645,4,shortness of breath,0,88,140,101,19,97,37.5
30007646,3,anxiety,2,65,115,69,18,95,36.3
30007647,1,fall,6,84,127,86,20,99,37.8
30007648,2,headache,6,89,139,56,19,100,38.0
30007649,3,abdominal pain,4,100,94,82,26,95,36.7
30007650,3,fall,5,95,146,89,19,95,36.6
30007651,3,fall,5,54,129,104,17,99,35.6
30007652,5,fever,3,69,154,76,23,97,37.6
30007653,3,fall,3,114,130,66,17,100,37.6
30007654,5,fever,6,72,154,77,21,96,37.1
30007655,3,laceration,2,75,169,96,25,99,36.3
30007656,5,laceration,0,76,127,46,13,96,36.2
30007657,3,fall,2,96,121,111,24,96,36.9
30007658,2,knee pain,7,99,126,63,15,100,37.6
30007659,3,headache,7,80,156,76,21,95,36.0
30007660,2,shortness of breath,9,94,116,65,16,92,37.0
30007661,3,fall,6,99,152,89,18,97,36.9
30007662,4,fever,4,67,152,94,21,95,36.1
30007663,4,abdominal pain,4,94,134,113,19,100,38.3
30007664,3,back pain,3,82,116,60,20,100,38.0
30007665,3,fall,4,100,127,83,23,98,35.6
30007666,4,fall,6,82,107,64,18,96,36.4
30007667,4,back pain,5,46,114,74,21,93,36.9
30007668,3,laceration,6,78,134,81,16,99,36.9
30007669,5,fever,3,81,93,86,25,100,38.7
30007670,2,fall,7,75,149,45,17,97,36.8
30007671,3,anxiety,5,104,134,103,13,96,37.0
30007672,3,fall,4,72,134,80,21,100,36.8
30007673,2,knee pain,9,110,148,86,25,94,35.7
30007674,4,anxiety,4,71,130,94,18,97,34.9
30007675,3,knee pain,4,93,154,90,12,99,37.1
30007676,3,shortness of breath,2,75,124,86,13,95,36.9
30007677,2,laceration,6,108,137,102,22,95,36.7
30007678,3,shortness of breath,3,50,109,79,25,95,36.8
30007679,3,chest pain,3,73,146,89,17,98,37.4
30007680,1,chest pain,9,80,135,98,14,97,37.9
30007681,3,anxiety,5,54,135,77,11,98,38.0
30007682,4,knee pain,3,80,123,96,17,100,35.8
30007683,3,abdominal pain,3,110,110,93,15,97,37.0
30007684,2,abdominal pain,7,105,105,86,11,100,37.2
30007685,3,headache,4,93,113,88,20,94,36.0
30007686,2,laceration,8,76,137,96,20,100,37.7
30007687,3,chest pain,5,127,140,80,20,96,37.8
30007688,4,laceration,3,69,128,82,14,100,37.3
30007689,3,knee pain,2,82,132,78,17,96,38.4
30007690,4,fever,1,61,127,70,22,97,36.9
30007691,3,shortness of breath,3,91,111,79,16,93,36.7
30007692,4,headache,6,86,127,70,19,100,37.9
30007693,3,abdominal pain,6,93,162,92,22,97,38.0
30007694,3,knee pain,4,96,143,112,20,98,36.2
30007695,3,fever,2,101,137,75,24,100,38.2
30007696,2,abdominal pain,8,66,139,67,13,95,36.9
30007697,5,fever,1,79,115,85,9,96,37.8
30007698,4,knee pain,2,118,97,77,13,97,36.4
30007699,4,back pain,3,102,93,81,18,97,36.9
30007700,2,laceration,7,95,120,105,18,100,35.5
30007701,2,anxiety,6,101,123,71,21,97,39.1
30007702,4,chest pain,2,84,160,66,19,94,37.5
30007703,4,headache,5,94,99,75,19,100,35.3
30007704,3,fever,2,88,140,73,20,100,38.0
30007705,3,shortness of breath,2,74,148,89,24,95,36.6
30007706,3,laceration,6,91,148,74,13,92,38.7
30007707,3,laceration,0,107,135,78,17,97,36.3
30007708,5,fall,6,90,148,73,16,93,37.8
30007709,3,back pain,0,110,122,74,19,100,37.9
30007710,3,laceration,6,99,129,74,20,88,37.0
30007711,3,laceration,1,79,91,96,13,97,35.9
30007712,4,headache,2,105,125,81,14,99,37.4
30007713,3,fever,4,73,130,79,20,100,36.8
30007714,3,knee pain,6,66,128,71,17,97,37.7
30007715,2,abdominal pain,6,96,120,78,13,96,37.9
30007716,2,abdominal pain,8,87,125,92,20,100,37.6
30007717,4,chest pain,2,76,144,88,18,98,37.5
30007718,3,fall,5,107,138,66,21,97,37.3
30007719,3,knee pain,7,104,142,66,18,95,37.1
30007720,4,back pain,6,64,147,69,21,96,37.4
30007721,3,headache,6,99,117,86,21,96,36.7
30007722,3,headache,3,103,86,77,14,94,37.2
30007723,4,fall,4,88,100,71,17,98,37.1
30007724,5,knee pain,2,98,119,86,16,100,37.2
30007725,4,abdominal pain,0,94,123,95,17,97,37.8
30007726,4,chest pain,4,80,124,93,13,95,36.5
30007727,3,chest pain,7,85,110,104,15,100,37.4
30007728,2,chest pain,10,100,110,68,18,99,36.6
30007729,2,knee pain,7,79,127,108,19,100,38.6
30007730,3,fall,3,91,163,100,23,97,35.2
30007731,2,anxiety,9,66,129,71,17,99,36.3
30007732,2,chest pain,10,102,143,80,24,100,35.6
30007733,2,laceration,7,102,150,51,23,100,37.6
30007734,1,anxiety,8,83,113,92,20,99,35.5
30007735,3,headache,4,92,138,94,21,100,37.1
30007736,2,shortness of breath,8,96,137,76,14,98,37.2
30007737,2,laceration,7,74,164,95,19,93,36.8
30007738,4,laceration,0,88,138,95,8,99,37.4
30007739,2,headache,9,69,140,86,20,97,37.4
30007740,3,back pain,3,96,149,94,12,98,36.3
30007741,3,chest pain,0,64,146,84,15,99,36.6
30007742,3,abdominal pain,3,91,145,110,19,100,37.2
30007743,3,abdominal pain,0,74,149,101,14,92,37.1
30007744,2,headache,7,66,122,76,13,100,38.0
30007745,3,headache,5,59,115,90,14,98,35.9
30007746,3,shortness of breath,1,82,146,89,16,97,37.0
30007747,3,back pain,5,85,92,78,21,97,37.6
30007748,4,abdominal pain,1,58,133,86,28,92,36.0
30007749,3,headache,5,81,123,79,18,95,35.2
30007750,2,laceration,6,87,115,69,20,98,37.8
30007751,1,back pain,7,83,103,91,14,97,36.4
30007752,4,knee pain,4,105,161,86,17,98,36.5
30007753,3,back pain,5,86,105,83,25,98,38.3
30007754,3,headache,7,114,157,84,22,99,37.6
30007755,3,laceration,6,100,147,99,25,98,36.3
30007756,2,laceration,10,90,127,96,16,99,37.2
30007757,4,fall,1,106,126,70,16,97,35.6
30007758,2,knee pain,10,83,111,95,24,95,35.9
30007759,4,back pain,1,101,128,85,17,93,37.9
30007760,4,back pain,6,103,137,58,12,98,36.4
30007761,3,knee pain,4,108,113,75,18,100,38.0
30007762,3,fever,4,70,145,110,24,97,36.6
30007763,2,fever,6,93,117,66,13,96,36.5
30007764,4,headache,7,82,115,74,14,93,35.9
30007765,4,back pain,2,92,131,91,19,95,37.3
30007766,3,fall,6,85,115,43,21,97,37.6
30007767,3,headache,2,64,145,67,11,100,35.7
30007768,4,chest pain,1,108,110,91,23,100,37.9
30007769,3,shortness of breath,2,91,177,88,17,99,36.7
30007770,3,fall,1,94,119,79,11,94,37.5
30007771,4,laceration,5,74,126,103,21,100,38.3
30007772,3,laceration,7,86,156,66,18,95,37.6
30007773,2,shortness of breath,6,91,106,85,21,99,37.5
30007774,4,laceration,0,95,144,83,20,100,37.0
30007775,3,fall,0,71,118,80,18,100,38.2
30007776,2,laceration,9,73,128,81,21,94,36.5
30007777,1,fall,10,106,123,77,18,99,37.5
30007778,2,chest pain,7,78,105,76,20,97,36.8
30007779,3,knee pain,0,106,135,87,26,97,37.0
30007780,3,knee pain,4,72,101,78,19,100,36.7
30007781,2,knee pain,10,75,136,96,4,100,35.7
30007782,1,anxiety,8,87,155,93,19,94,37.2
30007783,4,abdominal pain,4,51,168,90,10,95,37.2
30007784,2,back pain,8,71,134,75,17,98,37.1
30007785,5,laceration,5,77,101,88,24,100,36.9
30007786,1,anxiety,7,106,127,77,20,100,36.9
30007787,2,laceration,6,78,115,80,22,94,36.3
30007788,3,fall,0,65,131,90,18,97,37.2
30007789,3,headache,7,70,153,73,23,100,36.8
30007790,3,fall,4,79,150,80,16,97,37.6
30007791,4,knee pain,0,101,145,88,16,100,37.8
30007792,3,abdominal pain,4,82,129,71,12,91,36.7
30007793,3,shortness of breath,3,84,124,95,20,96,38.9
30007794,4,headache,0,75,154,73,15,100,35.1
30007795,2,abdominal pain,7,98,136,82,13,92,35.5
30007796,4,back pain,6,56,140,73,10,99,37.8
30007797,4,headache,1,62,125,85,23,96,38.4
30007798,3,fall,1,91,91,102,20,100,38.3
30007799,2,headache,10,89,132,84,9,95,35.6
30007800,3,back pain,7,70,123,76,16,99,36.5
30007801,1,abdominal pain,9,59,121,87,20,99,37.6
30007802,5,fever,6,93,120,100,13,100,37.0
30007803,3,shortness of breath,7,79,147,73,24,96,37.2
30007804,3,chest pain,5,111,146,92,24,95,37.1
30007805,4,shortness of breath,5,111,140,83,20,100,37.3
30007806,2,fall,8,68,111,77,18,100,36.5
30007807,4,anxiety,3,118,110,24,19,99,37.4
30007808,4,knee pain,7,71,152,61,26,96,38.1
30007809,3,abdominal pain,1,72,107,67,13,96,37.2
30007810,3,abdominal pain,0,96,141,96,15,100,37.9
30007811,5,shortness of breath,3,89,135,65,21,94,35.8
30007812,2,fever,6,82,102,88,20,98,37.3
30007813,3,fever,2,97,141,94,14,98,35.6
30007814,2,abdominal pain,10,71,101,89,11,90,36.2
30007815,2,knee pain,10,78,136,82,14,92,36.6
30007816,4,headache,6,98,100,61,13,92,37.0
30007817,3,laceration,6,78,145,83,20,97,36.8
30007818,3,fall,7,94,142,101,20,96,36.5
30007819,3,chest pain,3,96,144,83,15,100,37.6
30007820,4,anxiety,4,91,103,69,15,100,36.3
30007821,3,back pain,4,78,83,75,24,100,37.6
30007822,4,fall,5,86,128,48,17,100,36.9
30007823,4,chest pain,6,94,91,105,13,92,36.8
30007824,4,fever,7,95,134,94,13,93,35.9
30007825,3,anxiety,4,105,115,60,21,99,36.8
30007826,2,headache,6,96,116,67,20,100,37.0
30007827,2,anxiety,10,80,86,82,16,97,35.9
30007828,3,fall,4,71,105,80,12,95,37.8
30007829,4,abdominal pain,0,84,99,63,14,94,37.3
30007830,2,shortness of breath,6,73,98,103,16,94,37.9
30007831,2,abdominal pain,10,67,94,76,17,95,37.4
30007832,3,abdominal pain,1,59,116,75,13,96,37.2
30007833,3,chest pain,3,91,143,89,17,96,36.1
30007834,3,fever,5,52,123,93,14,96,37.6
30007835,3,laceration,4,91,152,116,18,95,34.2
30007836,2,abdominal pain,7,113,136,82,16,100,37.1
30007837,3,fall,2,89,141,95,15,98,36.8
30007838,4,fall,7,92,87,99,23,97,35.5
30007839,1,laceration,7,98,164,86,17,100,37.2
30007840,2,anxiety,10,62,130,107,26,98,37.3
30007841,3,abdominal pain,3,94,118,72,16,97,37.8
30007842,3,anxiety,6,99,148,68,19,100,38.1
30007843,3,abdominal pain,3,75,136,105,17,95,36.9
30007844,2,anxiety,6,60,121,74,17,93,37.1
30007845,2,fever,7,109,142,85,20,94,35.1
30007846,3,knee pain,1,89,141,95,16,95,37.5
30007847,1,back pain,10,61,128,81,17,96,37.1
30007848,3,chest pain,3,101,121,72,12,98,37.1
30007849,4,back pain,5,61,181,87,21,99,36.3
30007850,3,laceration,6,78,120,81,15,100,35.9
30007851,3,chest pain,7,78,130,86,20,100,35.3
30007852,3,laceration,5,61,98,53,21,96,36.2
30007853,5,shortness of breath,7,83,74,77,15,100,36.6
30007854,4,anxiety,1,111,135,79,13,97,37.4
30007855,1,back pain,7,112,112,89,18,97,36.5
30007856,3,fall,7,112,124,72,19,98,37.5
30007857,4,abdominal pain,6,94,148,53,17,100,37.4
30007858,3,shortness of breath,4,82,137,79,17,92,37.5
30007859,3,chest pain,5,106,100,77,17,96,36.2
30007860,4,fall,6,78,86,64,19,95,37.6
30007861,5,knee pain,1,90,117,101,17,94,37.2
30007862,3,chest pain,3,69,101,54,25,97,38.6
30007863,5,abdominal pain,5,113,136,96,20,94,37.5
30007864,1,shortness of breath,6,68,142,80,13,94,35.9
30007865,2,fall,9,87,144,83,19,100,36.4
30007866,3,abdominal pain,6,92,138,78,17,100,36.8
30007867,3,back pain,5,68,154,91,17,98,37.4
30007868,1,fever,6,54,113,60,23,97,36.5
30007869,3,anxiety,4,88,104,61,12,100,36.3
30007870,4,fever,1,67,136,65,21,100,36.9
30007871,3,shortness of breath,5,90,180,75,19,96,38.0
30007872,3,anxiety,3,71,153,97,14,97,37.0
30007873,3,back pain,2,66,125,94,18,98,36.9
30007874,4,shortness of breath,3,82,136,93,11,96,36.4
30007875,2,knee pain,10,96,100,51,19,100,37.2
30007876,3,knee pain,2,76,149,89,15,96,37.0
30007877,2,back pain,7,79,125,97,17,99,36.5
30007878,2,laceration,8,101,152,100,15,93,37.6
30007879,4,shortness of breath,3,82,117,81,19,97,36.6
30007880,3,laceration,3,84,138,57,17,96,37.5
30007881,1,laceration,10,94,124,101,16,100,37.2
30007882,4,knee pain,1,52,129,77,17,96,37.3
30007883,5,fever,0,99,128,100,26,100,37.1
30007884,3,back pain,3,115,142,57,22,96,37.4
30007885,4,abdominal pain,0,99,127,62,26,100,37.9
30007886,3,chest pain,3,97,132,84,19,97,36.8
30007887,3,abdominal pain,7,92,149,97,12,98,36.3
30007888,2,fall,6,113,160,83,18,99,37.5
30007889,3,fever,7,46,124,78,18,100,37.8
30007890,4,shortness of breath,2,100,96,77,20,94,39.0
30007891,2,anxiety,6,89,109,56,20,94,38.1
30007892,4,knee pain,0,111,133,91,16,98,36.8
30007893,5,laceration,7,94,109,94,16,100,36.8
30007894,3,anxiety,7,65,113,83,16,91,37.5
30007895,4,fall,0,94,104,85,13,100,38.7
30007896,3,headache,6,72,131,82,15,92,37.5
30007897,3,abdominal pain,4,95,130,91,18,100,38.0
30007898,3,headache,5,87,133,86,20,98,36.2
30007899,2,chest pain,10,68,136,110,16,99,36.9
30007900,5,headache,5,91,131,52,9,99,38.8
30007901,4,chest pain,2,57,96,76,12,95,36.6
30007902,3,anxiety,6,69,133,74,19,94,36.1
30007903,3,fever,4,96,121,78,18,93,36.5
30007904,4,fall,5,116,161,99,16,100,37.2
30007905,3,chest pain,0,71,119,89,12,97,38.0
30007906,2,fever,9,97,171,96,19,99,37.2
30007907,3,shortness of breath,5,82,141,103,14,94,38.7
30007908,5,fever,5,90,83,113,14,99,36.6
30007909,4,fever,7,83,121,70,14,99,36.6
30007910,4,anxiety,4,105,129,104,18,100,36.1
30007911,2,fever,7,71,95,68,21,94,36.6
30007912,3,shortness of breath,3,93,107,52,21,100,36.4
30007913,2,anxiety,6,65,93,72,22,95,37.6
30007914,2,headache,6,113,125,60,24,97,37.1
30007915,3,shortness of breath,6,110,113,71,15,100,37.1
30007916,4,abdominal pain,4,100,102,92,19,98,37.8
30007917,1,fall,9,110,110,63,23,100,36.9
30007918,3,back pain,2,91,115,93,13,100,36.7
30007919,3,fever,1,106,140,58,16,100,35.6
30007920,2,anxiety,6,69,64,75,17,100,37.0
30007921,3,laceration,0,102,143,106,14,96,35.8
30007922,3,knee pain,3,85,118,71,15,96,36.8
30007923,3,fall,6,72,122,71,13,99,37.5
30007924,2,knee pain,8,94,123,63,16,99,38.2
30007925,3,fall,7,83,150,79,14,99,36.3
30007926,4,chest pain,4,67,116,104,15,96,36.7
30007927,4,anxiety,3,77,135,93,16,98,37.2
30007928,4,back pain,7,77,148,96,20,97,37.5
30007929,3,abdominal pain,1,70,120,63,21,97,37.3
30007930,3,fall,3,73,115,72,18,100,37.1
30007931,3,chest pain,5,112,167,82,21,95,37.7
30007932,2,back pain,9,96,127,85,20,95,37.0
30007933,4,back pain,5,87,154,92,17,98,35.9
30007934,3,headache,5,86,149,86,23,99,35.6
30007935,3,abdominal pain,5,85,155,73,22,89,37.4
30007936,5,knee pain,5,83,109,103,18,100,37.1
30007937,2,abdominal pain,8,113,95,84,20,92,37.8
30007938,3,back pain,2,88,121,65,15,97,38.0
30007939,2,back pain,8,79,152,81,18,98,36.6
30007940,3,shortness of breath,5,79,127,97,22,97,36.2
30007941,3,back pain,7,92,92,66,20,99,36.3
30007942,3,fever,2,81,113,87,15,98,35.8
30007943,3,abdominal pain,6,69,149,104,21,95,37.4
30007944,3,chest pain,3,98,129,93,17,98,36.1
30007945,3,fever,0,111,101,87,15,95,38.1
30007946,3,headache,7,76,137,62,11,96,37.5
30007947,2,fall,7,104,130,79,22,97,36.4
30007948,3,anxiety,2,78,109,89,21,99,37.5
30007949,3,headache,0,64,91,103,16,89,38.3
30007950,3,laceration,0,49,141,85,11,95,37.3
30007951,3,knee pain,1,74,136,75,19,97,36.4
30007952,4,chest pain,6,87,129,78,13,99,36.1
30007953,4,laceration,2,38,139,110,16,95,38.4
30007954,3,back pain,5,83,115,75,23,90,35.6
30007955,4,back pain,4,83,115,53,20,97,38.1
30007956,1,knee pain,6,72,131,86,13,100,37.7
30007957,4,fall,2,93,113,82,21,99,36.4
30007958,3,fall,2,82,129,88,14,96,37.7
30007959,2,headache,6,115,117,95,20,96,38.4
30007960,2,fall,9,92,111,60,19,98,37.6
30007961,1,back pain,10,91,146,66,24,100,36.4
30007962,3,abdominal pain,0,111,108,86,18,96,35.7
30007963,3,knee pain,3,94,76,93,7,100,38.1
30007964,4,fever,4,78,145,69,16,99,37.9
30007965,3,knee pain,3,83,145,67,13,96,37.0
30007966,3,chest pain,3,112,154,88,25,96,37.7
30007967,2,knee pain,8,81,101,98,24,92,35.9
30007968,3,chest pain,3,106,118,86,18,97,38.0
30007969,4,laceration,3,86,164,82,20,93,36.8
30007970,4,fall,7,96,116,78,24,94,35.5
30007971,2,headache,7,109,121,92,20,96,37.1
30007972,2,knee pain,6,84,114,97,18,93,37.4
30007973,5,abdominal pain,1,106,122,73,20,98,37.3
30007974,3,laceration,6,87,157,62,23,100,37.6
30007975,3,fever,2,81,133,66,16,98,36.1
30007976,4,laceration,4,92,157,43,21,91,37.5
30007977,2,anxiety,7,104,122,93,14,96,37.8
30007978,3,abdominal pain,6,127,144,104,23,95,36.2
30007979,4,laceration,1,63,117,77,18,92,36.1
30007980,3,chest pain,3,111,123,83,23,97,37.3
30007981,3,fever,2,95,165,85,24,95,36.8
30007982,3,knee pain,7,99,106,67,16,99,36.0
30007983,3,headache,5,88,153,73,16,93,35.8
30007984,3,laceration,1,78,154,82,19,96,36.8
30007985,3,fall,3,76,141,82,17,98,37.3
30007986,3,fever,4,62,108,66,22,98,37.4
30007987,4,headache,4,85,133,70,8,100,37.1
30007988,2,shortness of breath,10,92,99,86,20,96,35.9
30007989,3,anxiety,4,65,110,66,19,96,35.9
30007990,3,fever,1,99,130,81,19,100,38.1
30007991,4,headache,6,58,140,70,17,93,35.8
30007992,3,fall,5,69,147,90,21,95,38.4
30007993,4,abdominal pain,6,99,117,118,19,96,35.8
30007994,5,anxiety,4,92,121,90,21,99,36.5
30007995,3,abdominal pain,7,95,131,77,24,93,37.5
30007996,4,abdominal pain,7,80,125,70,16,97,36.9
30007997,3,chest pain,1,91,127,63,11,98,35.7
30007998,3,knee pain,3,60,136,72,23,96,36.1
30007999,3,abdominal pain,2,82,125,59,18,100,37.3
30008000,3,laceration,4,84,127,90,18,96,36.6
30008001,5,shortness of breath,4,97,168,70,14,100,35.5
30008002,2,fever,10,79,164,88,19,100,36.1
30008003,3,knee pain,6,43,154,83,11,92,36.0
30008004,3,chest pain,2,104,111,86,19,97,36.9
30008005,4,abdominal pain,4,109,139,81,14,99,36.1
30008006,3,laceration,0,117,150,68,11,97,36.4
30008007,3,chest pain,4,109,153,63,12,98,36.5
30008008,3,fever,7,115,116,71,20,99,38.3
30008009,2,chest pain,8,70,131,76,20,95,36.9
30008010,5,knee pain,2,63,161,110,14,97,36.9
30008011,2,fever,8,62,89,84,10,100,37.9
30008012,4,fever,5,113,150,80,26,99,37.2
30008013,4,back pain,5,74,119,80,21,95,37.5
30008014,3,shortness of breath,0,92,129,75,19,98,37.4
30008015,3,shortness of breath,3,82,145,88,21,99,37.1
30008016,2,anxiety,6,65,110,74,16,95,37.4
30008017,3,anxiety,1,88,147,82,18,99,35.8
30008018,2,headache,10,72,142,76,18,95,36.9
30008019,1,laceration,6,70,118,93,27,93,38.0
30008020,4,fever,5,93,137,72,14,93,36.4
30008021,4,headache,6,73,113,105,20,99,37.0
30008022,3,laceration,5,86,142,122,13,98,37.1
30008023,2,fever,10,82,141,52,22,99,37.3
30008024,3,fall,0,72,108,74,22,98,37.4
30008025,2,chest pain,9,91,107,110,10,99,36.5
30008026,3,back pain,7,89,96,61,17,94,38.1
30008027,3,headache,4,86,147,67,17,97,36.3
30008028,3,anxiety,1,75,103,102,16,93,37.0
30008029,3,chest pain,6,94,124,70,23,98,36.6
30008030,2,fever,10,59,137,65,14,94,36.2
30008031,3,laceration,5,88,119,98,19,100,37.7
30008032,3,fall,7,74,121,90,19,95,35.6
30008033,3,laceration,3,97,124,89,15,100,37.1
30008034,3,headache,1,96,92,72,16,92,37.4
30008035,4,back pain,6,55,125,85,14,98,37.4
30008036,3,laceration,5,97,107,80,26,96,37.9
30008037,3,back pain,1,96,107,88,16,90,38.0
30008038,4,headache,0,71,130,71,11,97,36.8
30008039,3,fever,7,113,123,70,21,94,37.0
30008040,3,fall,7,78,128,81,22,95,37.2
30008041,3,laceration,1,88,126,90,14,95,38.1
30008042,4,laceration,7,84,135,66,21,97,39.3
30008043,3,anxiety,3,102,131,74,18,100,37.8
30008044,3,shortness of breath,2,91,103,95,15,95,37.2
30008045,4,knee pain,5,118,108,69,19,95,37.1
30008046,3,abdominal pain,7,73,131,89,15,95,38.1
30008047,3,fever,4,86,135,88,15,98,38.0
30008048,3,headache,7,79,119,78,15,96,39.8
30008049,3,back pain,3,78,132,86,17,94,36.6
30008050,4,anxiety,4,72,134,87,21,92,37.2
30008051,3,back pain,7,101,119,90,21,97,35.2
30008052,2,anxiety,8,78,125,70,19,93,36.5
30008053,3,abdominal pain,1,96,159,111,21,97,37.1
30008054,3,chest pain,2,98,123,87,25,100,37.4
30008055,3,chest pain,7,67,102,79,18,96,36.9
30008056,3,anxiety,0,89,140,76,19,96,37.1
30008057,3,abdominal pain,4,106,71,83,20,97,37.1
30008058,4,laceration,6,94,114,87,27,96,35.8
30008059,3,fall,3,99,112,73,17,99,36.5
30008060,3,abdominal pain,1,80,108,82,22,99,38.0
30008061,3,headache,3,46,133,95,27,95,37.2
30008062,3,laceration,1,85,133,76,5,93,35.8
30008063,1,back pain,10,70,123,87,18,95,37.0
30008064,2,headache,9,92,146,57,14,97,35.8
30008065,3,anxiety,1,87,154,70,25,94,35.6
30008066,4,fever,3,80,126,69,21,96,36.7
30008067,3,anxiety,5,113,70,82,13,96,37.3
30008068,3,shortness of breath,4,95,117,68,14,95,37.1
30008069,3,anxiety,1,70,94,53,19,100,37.3
30008070,3,headache,3,93,110,84,18,100,37.4
30008071,2,fall,8,73,107,107,11,100,36.2
30008072,4,abdominal pain,2,75,85,61,15,97,37.7
30008073,4,fever,3,73,144,81,21,96,37.2
30008074,2,chest pain,9,80,124,68,16,93,36.5
30008075,4,headache,0,89,118,68,24,97,38.4
30008076,3,shortness of breath,0,86,144,103,18,99,36.2
30008077,3,shortness of breath,1,113,108,64,9,96,36.7
30008078,3,laceration,5,59,124,78,13,100,37.6
30008079,4,anxiety,3,101,103,50,23,97,38.0
30008080,3,abdominal pain,6,89,100,89,18,100,36.7
30008081,1,fall,8,73,148,76,14,98,37.4
30008082,3,headache,6,79,131,75,16,100,37.2
30008083,4,shortness of breath,2,98,107,83,23,97,36.6
30008084,4,shortness of breath,2,80,106,74,11,89,36.7
30008085,3,shortness of breath,1,60,105,82,22,99,36.6
30008086,3,fever,6,90,105,83,17,97,36.7
30008087,4,shortness of breath,1,108,124,105,14,93,36.5
30008088,3,laceration,4,85,101,100,22,100,36.7
30008089,3,shortness of breath,6,79,107,71,18,98,37.6
30008090,3,anxiety,0,100,114,73,17,95,36.9
30008091,3,laceration,4,80,109,76,12,99,37.8
30008092,3,abdominal pain,6,79,104,91,14,94,36.9
30008093,1,laceration,6,83,142,66,18,97,37.6
30008094,2,fall,6,76,158,75,20,100,35.3
30008095,4,headache,1,67,148,91,23,98,35.7
30008096,2,anxiety,6,72,118,63,17,99,36.8
30008097,3,abdominal pain,4,77,105,60,18,94,35.2
30008098,2,shortness of breath,6,72,119,79,19,94,37.1
30008099,2,knee pain,8,102,96,81,17,96,36.9
30008100,3,knee pain,6,94,135,86,16,91,37.0
30008101,3,back pain,6,85,91,68,20,98,37.4
30008102,3,chest pain,7,79,141,68,14,100,36.6
30008103,3,anxiety,5,100,98,82,11,99,38.0
30008104,3,laceration,3,87,139,93,16,98,36.5
30008105,1,back pain,9,55,126,83,8,97,37.1
30008106,2,knee pain,8,97,154,89,18,100,37.4
30008107,3,fever,2,80,102,90,13,100,37.9
30008108,5,laceration,5,72,129,112,6,99,36.9
30008109,3,anxiety,1,120,101,62,17,98,36.3
30008110,2,chest pain,10,51,112,65,17,96,36.7
30008111,4,fever,5,105,99,62,14,97,37.0
30008112,4,chest pain,2,112,98,91,18,98,37.9
30008113,2,fever,7,74,130,58,18,95,38.3
30008114,4,anxiety,4,98,118,75,20,95,35.6
30008115,3,headache,3,59,138,79,20,100,37.3
30008116,2,headache,7,91,104,97,21,99,36.7
30008117,3,knee pain,0,64,132,70,16,96,36.4
30008118,3,shortness of breath,7,85,110,51,15,96,35.8
30008119,4,chest pain,0,70,124,63,22,92,36.8
30008120,3,headache,0,102,149,97,20,96,36.4
30008121,3,back pain,1,77,115,61,20,100,36.7
30008122,3,knee pain,6,85,148,79,12,100,38.3
30008123,2,back pain,9,83,135,99,13,95,36.7
30008124,4,back pain,5,83,108,88,12,93,35.7
30008125,3,shortness of breath,0,82,124,75,15,100,36.6
30008126,3,abdominal pain,0,86,113,111,16,95,36.5
30008127,4,chest pain,2,98,109,84,20,98,37.3
30008128,4,chest pain,5,88,175,81,24,97,36.4
30008129,5,knee pain,2,74,152,105,16,96,38.0
30008130,3,abdominal pain,4,67,95,74,14,97,35.6
30008131,3,fall,6,101,124,74,19,98,36.9
30008132,3,shortness of breath,7,77,154,78,13,99,38.0
30008133,3,knee pain,7,93,121,57,18,96,37.5
30008134,3,laceration,6,73,134,93,22,100,37.4
30008135,2,anxiety,6,82,109,83,9,100,36.9
30008136,2,knee pain,8,105,113,82,16,96,37.5
30008137,3,fever,2,52,145,85,18,99,37.6
30008138,3,knee pain,7,73,128,51,17,100,38.1
30008139,3,back pain,4,91,119,81,8,91,35.3
30008140,3,back pain,6,67,128,73,20,90,36.1
30008141,2,laceration,6,89,136,95,16,96,37.1
30008142,4,chest pain,5,92,152,75,12,96,35.8
30008143,3,knee pain,4,86,145,79,20,100,38.0
30008144,3,fall,2,64,88,96,15,98,36.5
30008145,1,fever,7,74,142,84,19,93,36.7
30008146,3,back pain,1,69,137,69,13,94,36.5
30008147,3,fall,6,82,139,74,19,98,36.7
30008148,4,back pain,3,85,172,87,27,98,38.2
30008149,3,back pain,7,70,135,70,13,88,36.2
30008150,4,back pain,2,102,100,72,21,94,37.3
30008151,3,back pain,7,86,117,59,21,100,37.8
30008152,2,abdominal pain,9,33,105,92,21,96,38.2
30008153,3,back pain,5,57,172,54,28,97,38.1
30008154,3,anxiety,7,92,138,105,22,100,38.1
30008155,4,back pain,4,91,154,71,14,98,36.9
30008156,3,chest pain,0,93,131,97,15,98,36.6
30008157,3,chest pain,5,72,144,71,21,93,35.7
30008158,2,knee pain,7,110,145,75,17,94,37.0
30008159,1,chest pain,7,91,108,61,19,99,35.0
30008160,3,fall,0,89,145,69,19,95,36.0
30008161,3,laceration,5,93,122,105,21,95,36.8
30008162,2,knee pain,8,83,118,62,15,96,37.0
30008163,3,fever,5,73,137,69,24,98,36.9
30008164,5,anxiety,5,91,125,71,11,96,36.6
30008165,3,laceration,1,78,88,72,13,100,36.8
30008166,3,abdominal pain,4,101,154,83,16,100,37.4
30008167,4,fall,2,101,123,71,10,95,37.6
30008168,3,abdominal pain,2,79,128,90,13,93,38.0
30008169,2,laceration,8,91,122,64,16,99,37.2
30008170,2,fall,7,69,132,88,24,99,37.9
30008171,2,laceration,8,74,138,99,26,92,37.6
30008172,3,chest pain,7,75,167,72,12,100,36.7
30008173,4,shortness of breath,7,95,124,105,15,95,37.4
30008174,3,knee pain,2,92,125,71,12,94,35.2
30008175,3,abdominal pain,0,92,122,73,18,95,36.0
30008176,4,abdominal pain,2,85,98,101,24,96,38.7
30008177,2,knee pain,8,67,135,69,20,92,38.0
30008178,3,chest pain,4,71,144,98,19,96,35.9
30008179,3,fever,6,62,119,103,14,100,36.6
30008180,2,knee pain,6,91,157,63,20,100,35.9
30008181,4,fall,6,78,91,101,9,100,35.9
30008182,3,anxiety,0,74,149,71,15,97,35.7
30008183,3,chest pain,1,83,101,68,23,100,36.6
30008184,3,fall,7,81,169,122,20,100,36.7
30008185,2,back pain,8,103,111,91,18,100,36.8
30008186,4,fall,6,83,98,70,18,100,37.3
30008187,3,back pain,5,103,150,78,17,95,34.4
30008188,3,laceration,3,91,103,86,18,96,37.3
30008189,1,fever,8,78,120,84,20,98,37.2
30008190,2,fever,10,98,126,72,18,100,37.5
30008191,3,anxiety,1,55,115,63,18,99,36.5
30008192,4,chest pain,4,65,140,74,25,100,36.6
30008193,2,fall,10,105,111,88,20,100,36.0
30008194,2,headache,10,81,139,57,19,97,35.6
30008195,2,fever,7,103,101,66,21,92,36.9
30008196,3,fall,2,74,108,91,25,94,37.0
30008197,3,back pain,1,72,127,59,21,98,38.1
30008198,3,headache,7,82,119,102,19,95,36.4
30008199,1,headache,9,100,102,75,14,100,37.0
30008200,3,fall,4,106,86,50,14,91,37.5
30008201,4,laceration,4,94,132,74,12,96,37.5
30008202,3,chest pain,1,86,141,90,23,94,36.5
30008203,3,fall,0,102,90,62,22,97,37.4
30008204,4,fall,7,89,115,92,17,98,35.7
30008205,1,laceration,6,86,106,56,17,100,37.4
30008206,5,laceration,4,106,120,80,15,96,37.2
30008207,4,anxiety,2,84,91,84,17,97,36.9
30008208,3,knee pain,1,77,118,89,11,97,37.3
30008209,3,chest pain,5,53,145,73,17,99,35.9
30008210,2,headache,7,83,132,79,12,97,37.5
30008211,2,back pain,6,79,104,85,17,94,38.2
30008212,4,fever,7,83,123,44,15,96,37.4
30008213,3,headache,6,113,82,94,16,96,35.3
30008214,3,back pain,6,78,126,95,24,98,37.6
30008215,3,knee pain,7,105,96,84,17,97,37.3
30008216,3,laceration,2,91,131,86,24,93,36.6
30008217,3,anxiety,6,64,124,89,20,91,36.8
30008218,4,fall,2,92,108,70,10,100,37.2
30008219,4,chest pain,1,108,112,73,5,100,38.0
30008220,2,abdominal pain,10,74,135,54,21,98,38.8
30008221,1,abdominal pain,6,64,130,81,22,99,37.5
30008222,3,fever,2,86,148,73,26,100,37.8
30008223,3,knee pain,4,72,116,75,14,97,36.3
30008224,3,anxiety,1,89,83,80,21,97,37.0
30008225,3,chest pain,4,106,114,67,15,97,36.6
30008226,1,knee pain,6,68,140,65,25,99,36.1
30008227,2,shortness of breath,8,89,130,69,16,93,37.0
30008228,2,fever,7,97,140,77,16,92,38.3
30008229,3,fall,1,88,120,76,23,93,37.0
30008230,3,back pain,5,48,125,94,17,97,37.9
30008231,2,fall,9,55,134,84,21,97,37.4
30008232,2,fall,6,84,122,88,15,98,37.9
30008233,3,back pain,0,69,120,102,13,95,36.5
30008234,4,chest pain,7,91,184,71,23,99,37.2
30008235,2,shortness of breath,7,98,92,75,21,99,36.1
30008236,2,abdominal pain,8,41,82,57,24,99,37.3
30008237,3,anxiety,1,95,134,71,23,97,35.8
30008238,1,knee pain,6,102,106,101,15,98,35.7
30008239,3,fever,4,88,146,77,16,93,37.9
30008240,3,back pain,1,104,137,71,24,100,36.8
30008241,3,chest pain,5,107,145,84,19,100,38.0
30008242,4,headache,7,73,111,83,17,99,37.7
30008243,3,headache,6,95,137,58,17,94,35.8
30008244,3,laceration,5,90,139,50,18,100,38.0
30008245,1,knee pain,9,72,128,61,23,99,36.3
30008246,3,shortness of breath,7,71,123,100,11,97,37.9
30008247,4,fever,6,94,84,88,15,93,36.2
30008248,2,laceration,6,83,126,74,18,100,36.5
30008249,3,laceration,4,63,120,81,16,95,37.2
30008250,3,anxiety,5,104,142,95,19,95,37.5
30008251,2,shortness of breath,9,68,104,65,24,97,36.5
30008252,1,laceration,9,62,117,91,23,100,36.7
30008253,1,back pain,10,81,103,80,15,99,38.1
30008254,3,knee pain,5,89,128,99,19,99,36.6
30008255,3,knee pain,5,77,122,86,18,97,39.0
30008256,1,chest pain,10,57,121,60,25,98,35.7
30008257,3,headache,6,100,116,55,16,99,36.2
30008258,3,fever,1,73,151,81,20,97,37.4
30008259,3,shortness of breath,5,89,150,51,12,96,37.9
30008260,3,back pain,0,87,125,79,12,100,36.1
30008261,3,laceration,2,84,134,82,21,95,37.0
30008262,3,fever,0,76,117,66,12,93,36.8
30008263,4,anxiety,1,105,139,88,16,95,38.0
30008264,4,anxiety,0,105,111,69,24,96,37.9
30008265,3,knee pain,0,96,121,65,22,94,38.0
30008266,3,laceration,2,91,113,74,19,98,38.5
30008267,2,laceration,6,96,111,78,14,94,37.2
30008268,2,back pain,7,78,153,96,13,99,36.9
30008269,2,back pain,8,78,96,87,17,97,37.3
30008270,3,anxiety,3,87,160,69,21,97,38.2
30008271,3,back pain,6,88,117,59,13,94,37.4
30008272,3,back pain,2,78,104,62,23,97,37.6
30008273,1,abdominal pain,9,104,126,82,11,98,38.2
30008274,3,back pain,7,86,135,76,10,97,36.5
30008275,4,headache,4,112,120,68,18,92,37.5
30008276,3,back pain,0,80,86,68,26,88,36.4
30008277,3,abdominal pain,3,86,114,90,18,92,36.9
30008278,3,abdominal pain,7,99,123,96,22,97,38.5
30008279,3,anxiety,1,95,124,75,25,100,37.7
30008280,3,back pain,2,72,130,73,21,100,37.0
30008281,5,fall,4,81,141,75,14,93,36.2
30008282,2,laceration,7,75,104,76,18,100,37.7
30008283,3,chest pain,3,83,156,59,21,99,37.9
30008284,3,back pain,7,72,125,84,17,95,36.4
30008285,4,back pain,2,91,119,69,21,92,37.3
30008286,3,abdominal pain,2,88,136,108,16,100,38.0
30008287,2,laceration,8,88,147,100,18,94,37.8
30008288,4,fall,0,80,190,91,16,98,36.3
30008289,3,chest pain,4,54,135,94,16,98,37.2
30008290,3,fall,5,76,167,83,21,95,37.1
30008291,3,fever,7,105,143,67,19,98,35.8
30008292,3,abdominal pain,0,86,82,68,16,95,37.5
30008293,2,fever,6,78,109,92,14,90,36.7
30008294,2,fever,6,77,134,72,16,92,36.4
30008295,3,chest pain,7,89,74,67,22,91,37.8
30008296,5,headache,5,97,109,70,16,99,37.7
30008297,4,knee pain,0,60,93,61,15,94,37.0
30008298,5,fall,0,85,113,55,13,90,36.1
30008299,3,anxiety,7,77,110,89,18,92,37.4
30008300,3,shortness of breath,3,84,104,78,10,95,37.7
30008301,5,anxiety,7,76,98,55,14,100,37.7
30008302,3,chest pain,1,77,157,97,14,98,36.9
30008303,4,laceration,2,112,114,83,24,98,35.9
30008304,3,abdominal pain,0,80,123,91,22,97,36.0
30008305,2,abdominal pain,10,73,125,122,15,96,38.1
30008306,3,fever,4,91,137,62,20,98,36.5
30008307,3,fall,4,82,128,78,16,100,36.9
30008308,2,knee pain,6,72,127,57,22,98,37.6
30008309,2,anxiety,8,81,119,70,22,97,37.7
30008310,3,knee pain,3,85,162,81,17,98,35.6
30008311,4,headache,2,54,85,86,19,100,38.1
30008312,3,laceration,2,83,96,72,18,99,37.9
30008313,3,knee pain,0,93,132,76,17,96,36.1
30008314,5,fever,7,82,136,66,14,97,36.7
30008315,3,shortness of breath,1,60,111,75,27,95,37.9
30008316,3,fever,5,69,130,72,21,100,36.8
30008317,3,fever,7,57,146,66,20,100,36.5
30008318,3,chest pain,5,68,122,79,12,96,36.0
30008319,2,chest pain,10,71,93,80,23,100,37.6
30008320,5,abdominal pain,2,91,94,87,18,98,36.9
30008321,5,back pain,7,120,112,91,17,100,36.7
30008322,2,anxiety,9,61,129,77,20,93,36.4
30008323,3,fever,2,68,133,107,21,98,37.4
30008324,3,laceration,6,90,109,84,16,96,38.3
30008325,3,abdominal pain,1,94,85,94,16,100,36.8
30008326,4,fall,6,77,117,85,19,96,37.9
30008327,4,fall,4,76,151,60,20,98,36.2
30008328,2,headache,7,68,135,56,13,94,37.3
30008329,3,anxiety,6,107,126,80,13,96,37.7
30008330,5,laceration,1,98,82,54,14,100,37.2
30008331,2,back pain,10,73,112,74,22,99,36.0
30008332,3,fall,0,78,104,88,22,100,36.6
30008333,5,back pain,3,95,119,92,19,100,36.9
30008334,3,anxiety,3,70,128,86,14,97,37.1
30008335,5,back pain,6,84,161,87,10,99,37.6
30008336,3,shortness of breath,0,67,140,84,21,96,37.4
30008337,2,fall,6,94,139,93,21,100,38.4
30008338,3,chest pain,0,82,117,68,13,99,36.6
30008339,3,knee pain,1,88,128,100,17,97,37.5
30008340,2,shortness of breath,9,102,153,95,22,100,36.0
30008341,2,chest pain,9,81,138,82,17,96,37.5
30008342,3,abdominal pain,5,91,139,87,19,98,36.0
30008343,3,fall,6,95,101,101,15,99,37.1
30008344,2,fever,10,96,116,74,18,100,37.1
30008345,3,fall,1,93,132,74,16,96,38.2
30008346,3,fever,2,85,109,98,11,100,37.2
30008347,4,fall,0,80,117,42,18,100,37.5
30008348,2,chest pain,7,89,121,69,17,95,36.6
30008349,1,abdominal pain,9,94,123,78,15,100,36.9
30008350,3,back pain,1,108,126,78,16,98,37.5
30008351,4,fall,4,59,153,82,12,99,37.1
30008352,3,fever,3,88,147,60,17,96,37.1
30008353,3,chest pain,4,105,125,108,11,90,37.8
30008354,4,fall,0,67,114,73,16,96,37.0
30008355,1,shortness of breath,10,68,132,87,12,93,37.1
30008356,3,chest pain,5,107,120,89,22,95,37.8
30008357,3,fever,1,104,102,82,17,100,36.2
30008358,2,fall,10,93,155,80,18,97,37.6
30008359,2,abdominal pain,10,65,163,86,15,99,36.4
30008360,2,abdominal pain,9,84,137,77,17,98,37.4
30008361,3,back pain,4,65,93,80,14,98,36.7
30008362,1,laceration,6,72,151,56,20,100,35.6
30008363,3,back pain,2,84,103,108,16,99,37.6
30008364,3,headache,2,91,109,68,15,99,36.4
30008365,5,fever,1,95,158,56,15,100,37.4
30008366,4,anxiety,0,70,109,63,18,100,37.8
30008367,4,anxiety,0,66,125,54,19,100,37.3
30008368,4,back pain,3,74,158,71,15,93,35.2
30008369,1,abdominal pain,7,78,111,87,15,95,37.7
30008370,4,anxiety,0,76,107,75,24,100,36.4
30008371,2,fever,8,80,151,94,17,99,38.2
30008372,3,fall,3,82,136,65,17,96,37.2
30008373,4,shortness of breath,5,89,127,79,24,98,37.3
30008374,2,anxiety,9,105,132,85,19,100,37.4
30008375,4,shortness of breath,0,75,123,76,14,99,35.2
30008376,3,back pain,2,92,131,56,22,100,38.4
30008377,3,fall,3,72,134,81,12,95,37.2
30008378,3,chest pain,3,98,130,68,24,99,37.0
30008379,2,chest pain,8,93,129,79,17,93,36.8
30008380,5,back pain,7,101,121,71,18,97,37.0
30008381,3,fever,3,83,138,80,17,95,37.1
30008382,4,laceration,4,81,137,99,20,95,36.5
30008383,3,knee pain,2,100,132,91,15,94,37.5
30008384,3,fever,5,67,144,104,16,96,36.2
30008385,3,anxiety,7,107,130,86,20,95,37.9
30008386,3,anxiety,1,83,135,107,18,97,37.4
30008387,4,laceration,7,101,138,105,14,93,37.1
30008388,3,back pain,2,97,116,97,15,96,37.3
30008389,4,back pain,7,80,134,82,15,96,37.2
30008390,3,fall,5,86,114,66,21,97,38.2
30008391,3,knee pain,7,59,133,89,13,100,36.0
30008392,4,fall,4,79,141,92,20,100,37.0
30008393,1,headache,8,106,124,67,15,96,35.5
30008394,4,shortness of breath,1,83,114,93,19,99,35.9
30008395,5,laceration,1,101,135,87,10,94,39.2
30008396,2,headache,10,64,110,95,19,99,37.1
30008397,3,abdominal pain,2,80,133,95,17,95,37.1
30008398,3,fever,5,103,146,74,22,94,37.6
30008399,2,fever,9,81,143,63,22,98,36.0
30008400,4,back pain,0,91,113,64,23,97,37.4
30008401,4,chest pain,5,72,107,103,19,98,37.4
30008402,3,chest pain,2,74,106,73,15,99,37.3
30008403,3,laceration,3,76,131,81,16,100,37.2
30008404,4,fever,4,83,98,71,8,90,36.7
30008405,4,knee pain,1,95,123,56,13,99,36.2
30008406,4,anxiety,4,76,112,75,19,96,37.0
30008407,3,shortness of breath,3,57,143,83,11,100,37.9
30008408,2,fall,8,81,100,68,16,98,38.1
30008409,3,back pain,3,70,140,62,21,99,37.2
30008410,3,back pain,4,69,88,95,12,99,38.4
30008411,3,back pain,7,103,153,72,19,99,37.7
30008412,2,chest pain,7,54,135,79,18,95,36.7
30008413,3,laceration,5,67,135,90,23,99,36.4
30008414,3,knee pain,3,95,139,65,16,98,37.5
30008415,3,abdominal pain,3,94,151,101,20,95,36.0
30008416,5,laceration,0,80,137,78,20,98,36.8
30008417,3,shortness of breath,1,101,105,83,11,100,37.0
30008418,5,abdominal pain,5,121,103,100,22,95,37.1
30008419,3,back pain,3,71,141,102,15,98,36.5
30008420,3,fall,6,105,141,58,17,100,37.8
30008421,3,back pain,1,76,138,74,22,99,36.7
30008422,3,fever,1,94,143,92,11,100,36.2
30008423,4,shortness of breath,4,75,121,104,26,93,37.6
30008424,3,knee pain,3,79,134,69,15,98,37.1
30008425,3,laceration,4,81,82,89,17,96,36.7
30008426,5,shortness of breath,3,80,120,64,17,100,36.2
30008427,3,fall,0,116,165,80,23,100,38.0
30008428,4,headache,3,78,130,81,23,95,35.7
30008429,4,laceration,7,72,111,69,28,98,37.5
30008430,3,knee pain,5,91,112,63,13,97,38.5
30008431,2,headache,7,95,98,71,16,90,36.0
30008432,3,fever,6,76,168,79,12,92,37.9
30008433,1,laceration,6,82,144,84,12,99,37.3
30008434,3,laceration,7,95,148,100,24,96,37.8
30008435,1,abdominal pain,9,80,142,88,22,97,37.4
30008436,4,abdominal pain,2,75,139,71,19,100,35.7
30008437,2,abdominal pain,10,82,101,94,20,94,35.7
30008438,4,headache,3,91,124,83,27,94,36.9
30008439,4,headache,1,81,140,87,16,100,36.7
30008440,3,fever,1,103,132,95,20,91,38.6
30008441,3,anxiety,5,71,136,48,24,98,36.7
30008442,3,back pain,4,64,109,85,14,94,37.4
30008443,4,laceration,6,100,96,97,21,97,35.9
30008444,4,fever,7,92,135,81,23,97,37.5
30008445,3,abdominal pain,0,90,99,76,19,100,37.0
30008446,3,fall,6,68,100,87,18,96,38.0
30008447,3,laceration,6,80,119,74,17,100,35.6
30008448,2,headache,9,91,105,65,24,98,36.8
30008449,2,shortness of breath,6,95,93,90,13,96,36.1
30008450,5,fever,2,52,99,90,17,94,38.0
30008451,3,chest pain,4,68,96,77,20,94,37.0
30008452,2,shortness of breath,9,69,114,65,19,100,37.1
30008453,2,laceration,9,76,116,82,20,97,37.5
30008454,2,headache,6,91,122,88,19,98,36.5
30008455,2,headache,7,78,125,64,23,96,38.6
30008456,4,laceration,3,67,128,71,19,100,36.6
30008457,3,knee pain,7,61,162,81,14,98,38.3
30008458,4,back pain,4,56,130,80,15,97,36.3
30008459,3,anxiety,1,106,159,74,12,95,36.8
30008460,3,fever,6,76,160,58,18,95,36.3
30008461,3,shortness of breath,4,64,149,84,21,95,36.8
30008462,2,headache,9,80,138,81,18,88,36.4
30008463,4,shortness of breath,7,88,133,83,20,96,35.7
30008464,4,chest pain,4,84,94,67,24,99,37.1
30008465,3,anxiety,1,84,150,78,24,94,38.1
30008466,1,knee pain,9,104,122,82,15,90,37.4
30008467,3,back pain,4,81,120,46,22,95,36.6
30008468,4,anxiety,1,88,111,93,10,98,36.6
30008469,4,abdominal pain,6,94,89,89,26,90,36.3
30008470,4,fever,7,111,143,93,14,95,36.6
30008471,3,abdominal pain,7,100,139,104,18,95,37.5
30008472,4,abdominal pain,5,94,86,78,12,97,36.5
30008473,4,abdominal pain,4,83,110,71,19,98,36.7
30008474,3,laceration,1,106,130,71,17,100,35.4
30008475,2,anxiety,7,88,144,92,14,93,37.8
30008476,3,headache,4,87,104,77,15,100,37.2
30008477,5,back pain,2,101,156,84,12,96,36.4
30008478,4,fever,6,90,126,73,24,99,37.8
30008479,3,abdominal pain,3,93,105,81,19,99,36.9
30008480,3,fall,6,107,97,99,13,96,38.0
30008481,4,chest pain,1,77,107,90,19,99,36.8
30008482,3,fever,3,78,141,83,19,98,37.2
30008483,3,fall,4,109,129,51,17,99,37.6
30008484,4,laceration,1,91,151,77,15,96,38.4
30008485,3,knee pain,1,104,138,110,17,98,37.3
30008486,4,fever,0,90,127,76,18,95,36.6
30008487,2,knee pain,9,104,130,55,19,100,36.0
30008488,3,headache,7,75,111,100,15,98,35.3
30008489,4,fever,3,90,136,90,20,94,36.7
30008490,4,anxiety,1,76,137,67,21,97,37.4
30008491,3,shortness of breath,0,80,95,75,17,100,36.5
30008492,3,shortness of breath,1,92,139,74,21,98,36.8
30008493,3,anxiety,7,78,147,67,12,95,38.9
30008494,3,chest pain,6,85,139,77,15,97,36.8
30008495,2,anxiety,7,85,121,79,27,99,35.9
30008496,3,knee pain,7,109,112,69,23,97,37.0
30008497,3,anxiety,1,76,128,71,22,94,37.6
30008498,3,laceration,7,81,91,78,16,98,36.5
30008499,3,anxiety,0,90,120,83,14,97,37.5
30008500,4,back pain,0,70,144,73,11,97,36.8
30008501,3,back pain,0,101,119,93,19,94,36.4
30008502,4,knee pain,7,70,99,49,17,100,38.2
30008503,2,shortness of breath,6,81,95,63,15,96,37.7
30008504,4,anxiety,6,83,90,97,21,96,36.9
30008505,2,abdominal pain,7,103,163,103,14,99,37.3
30008506,3,knee pain,1,76,118,84,24,98,37.5
30008507,4,knee pain,1,85,130,94,18,94,36.8
30008508,2,chest pain,6,79,131,77,20,100,38.0
30008509,1,laceration,8,95,144,79,21,99,36.5
30008510,3,fall,7,71,150,66,22,100,37.2
30008511,3,shortness of breath,3,70,149,64,18,93,36.7
30008512,3,laceration,4,85,115,64,14,100,36.7
30008513,2,chest pain,8,82,144,82,24,95,37.9
30008514,3,knee pain,5,93,124,98,22,98,37.4
30008515,3,anxiety,0,60,108,97,21,93,36.2
30008516,1,headache,8,67,149,72,22,97,37.2
30008517,2,headache,8,88,133,100,16,96,36.2
30008518,1,shortness of breath,8,64,122,79,17,92,37.3
30008519,3,fall,3,73,98,93,22,97,36.7
30008520,4,chest pain,2,83,166,73,12,99,37.1
30008521,4,anxiety,3,86,126,64,19,91,36.9
30008522,3,abdominal pain,0,95,128,120,18,100,36.5
30008523,3,knee pain,2,87,97,74,11,98,38.0
30008524,2,headache,6,109,129,90,17,95,36.4
30008525,4,headache,2,102,139,95,16,99,36.5
30008526,2,chest pain,9,82,151,80,18,96,37.0
30008527,3,fall,7,86,117,55,13,94,36.8
30008528,3,back pain,3,78,161,64,18,97,37.5
30008529,3,anxiety,1,67,119,68,22,91,37.3
30008530,4,fall,5,58,165,65,19,92,35.9
30008531,2,headache,10,82,141,75,18,94,36.2
30008532,2,laceration,6,98,124,71,21,96,36.1
30008533,3,abdominal pain,5,79,86,79,19,93,37.4
30008534,3,fall,6,112,96,95,13,95,37.1
30008535,3,fall,6,67,123,68,19,97,37.8
30008536,3,anxiety,6,88,137,71,18,93,37.3
30008537,4,chest pain,5,104,122,85,14,98,36.8
30008538,4,chest pain,3,87,158,79,20,97,38.8
30008539,3,fall,1,87,139,56,22,97,38.3
30008540,2,back pain,6,96,149,70,18,96,37.9
30008541,3,back pain,3,83,138,81,14,94,35.8
30008542,3,back pain,7,106,152,67,21,100,36.1
30008543,3,anxiety,7,63,110,43,20,95,37.5
30008544,3,back pain,5,86,123,67,17,97,37.5
30008545,3,shortness of breath,3,102,127,79,17,91,35.5
30008546,2,knee pain,6,85,125,72,20,97,36.3
30008547,3,shortness of breath,4,114,103,69,22,99,38.1
30008548,2,headache,6,60,124,88,17,96,37.3
30008549,3,back pain,4,81,158,115,18,96,35.6
30008550,2,anxiety,8,106,129,73,18,96,38.3
30008551,4,laceration,2,88,145,79,19,97,37.5
30008552,3,headache,7,55,163,94,15,99,35.9
30008553,3,shortness of breath,4,85,124,53,22,96,37.8
30008554,4,abdominal pain,1,104,108,60,20,93,37.5
30008555,4,headache,1,114,127,68,19,96,37.4
30008556,3,back pain,4,86,117,45,17,100,37.0
30008557,4,laceration,6,95,102,73,14,95,36.3
30008558,4,fever,4,58,130,53,20,98,37.1
30008559,4,anxiety,7,76,106,84,22,96,35.3
30008560,1,laceration,10,69,137,82,17,96,37.4
30008561,3,fever,6,72,122,76,11,100,36.8
30008562,3,anxiety,5,88,139,75,19,98,37.9
30008563,3,shortness of breath,5,80,114,70,13,97,36.7
30008564,2,fall,7,93,104,93,21,100,35.4
30008565,3,fever,2,96,155,75,16,95,36.5
30008566,3,headache,2,100,134,95,16,99,37.3
30008567,2,fever,6,86,132,105,29,96,35.9
30008568,4,laceration,4,72,114,72,26,99,36.9
30008569,1,knee pain,8,73,111,90,24,97,36.0
30008570,5,back pain,4,70,140,100,13,99,37.5
30008571,3,back pain,7,92,120,48,25,97,37.9
30008572,3,headache,1,81,144,74,15,96,38.2
30008573,3,shortness of breath,1,77,127,97,23,94,37.6
30008574,3,shortness of breath,6,126,125,77,26,94,37.7
30008575,4,shortness of breath,6,74,129,88,18,95,37.6
30008576,3,chest pain,2,90,95,84,16,93,36.3
30008577,3,back pain,5,84,126,96,26,94,37.5
30008578,3,abdominal pain,6,106,92,85,18,96,37.3
30008579,4,knee pain,5,77,149,72,16,97,37.1
30008580,4,abdominal pain,4,83,108,66,17,97,35.8
30008581,3,shortness of breath,1,100,135,75,12,96,37.3
30008582,2,shortness of breath,9,86,124,91,19,99,36.8
30008583,3,fever,6,80,160,63,16,94,37.1
30008584,3,fall,6,85,170,81,17,97,36.7
30008585,3,chest pain,7,62,111,81,15,100,37.6
30008586,4,abdominal pain,1,68,124,66,14,95,36.8
30008587,3,laceration,7,96,133,81,17,100,37.1
30008588,1,abdominal pain,10,85,120,57,19,98,38.5
30008589,4,shortness of breath,7,78,136,71,25,93,36.2
30008590,2,anxiety,7,90,125,77,19,95,37.3
30008591,2,chest pain,7,79,120,75,17,95,37.5
30008592,3,anxiety,6,72,148,53,20,99,37.2
30008593,2,fever,10,72,121,99,23,96,37.6
30008594,4,shortness of breath,7,88,134,86,24,96,36.7
30008595,5,shortness of breath,4,89,86,70,4,94,37.1
30008596,2,fall,10,80,125,78,21,100,37.7
30008597,3,shortness of breath,0,75,124,92,15,100,37.5
30008598,3,back pain,7,69,113,80,29,100,37.0
30008599,4,fever,5,73,106,88,20,93,37.0
30008600,3,fever,2,64,118,78,14,93,36.4
30008601,3,anxiety,1,93,157,111,16,94,37.4
30008602,3,fever,1,108,140,61,19,100,36.6
30008603,3,chest pain,5,89,117,62,21,95,36.6
30008604,4,laceration,3,91,114,69,13,96,36.8
30008605,3,laceration,2,86,151,75,16,95,36.1
30008606,4,anxiety,1,82,102,70,19,100,35.6
30008607,2,chest pain,7,95,140,82,19,100,36.2
30008608,2,shortness of breath,9,97,116,86,23,93,37.9
30008609,3,abdominal pain,4,94,101,78,15,95,36.6
30008610,4,headache,1,79,134,86,19,96,36.4
30008611,3,headache,7,56,137,87,21,92,38.3
30008612,4,abdominal pain,5,81,118,87,19,99,36.9
30008613,3,back pain,4,111,86,67,27,100,36.7
30008614,3,laceration,4,106,141,92,18,95,37.1
30008615,3,fall,1,50,91,81,18,92,36.5
30008616,4,headache,3,112,112,91,21,96,37.0
30008617,3,chest pain,1,95,111,103,18,100,38.9
30008618,4,headache,4,86,124,86,10,97,36.4
30008619,3,shortness of breath,6,71,121,82,21,97,37.1
30008620,3,headache,3,89,111,75,23,94,37.1
30008621,3,chest pain,0,54,118,90,11,98,38.0
30008622,2,fall,6,77,125,71,12,95,36.2
30008623,3,headache,2,75,158,104,15,95,38.7
30008624,2,fever,9,78,112,96,16,98,38.6
30008625,4,laceration,1,104,118,95,21,98,38.4
30008626,5,shortness of breath,0,86,151,66,12,98,37.2
30008627,3,shortness of breath,7,87,113,88,14,94,37.0
30008628,2,headache,10,96,138,65,18,98,36.7
30008629,5,abdominal pain,2,94,123,62,17,100,37.4
30008630,3,chest pain,5,95,120,108,11,97,36.0
30008631,3,abdominal pain,4,71,109,89,22,97,36.7
30008632,1,fever,8,89,117,83,18,99,37.4
30008633,2,fall,8,60,113,64,17,97,37.4
30008634,3,fall,2,106,115,78,17,99,37.6
30008635,3,anxiety,6,59,96,76,26,96,38.5
30008636,3,headache,6,74,135,67,16,99,36.7
30008637,3,fall,1,78,89,74,23,98,37.5
30008638,4,headache,1,103,115,79,25,99,35.9
30008639,3,anxiety,5,102,132,98,19,100,36.2
30008640,4,shortness of breath,5,87,122,87,17,98,36.1
30008641,2,knee pain,7,69,114,102,17,89,37.4
30008642,3,shortness of breath,0,87,139,96,16,99,37.1
30008643,2,laceration,8,65,108,82,25,98,37.0
30008644,3,shortness of breath,3,87,104,94,23,97,36.3
30008645,3,laceration,0,59,162,90,18,95,36.8
30008646,3,anxiety,3,84,150,97,16,100,37.9
30008647,3,fall,6,109,132,82,14,96,36.8
30008648,4,chest pain,6,68,119,80,18,100,37.4
30008649,2,laceration,9,106,127,99,14,100,35.6
30008650,3,abdominal pain,4,111,150,57,17,100,37.0
30008651,5,headache,2,86,123,92,16,96,37.1
30008652,4,laceration,5,114,119,94,24,100,36.4
30008653,3,fever,7,96,144,78,18,100,37.9
30008654,4,fall,6,95,140,108,21,96,35.8
30008655,4,abdominal pain,2,99,114,61,19,92,37.0
30008656,2,headache,7,39,95,64,17,98,36.6
30008657,4,back pain,1,93,109,81,22,100,37.0
30008658,3,fall,4,67,170,86,19,97,38.0
30008659,3,knee pain,0,84,134,77,20,99,38.7
30008660,4,anxiety,4,88,136,68,16,95,36.5
30008661,3,back pain,7,76,92,68,15,96,37.1
30008662,3,knee pain,0,61,134,90,15,98,37.8
30008663,2,abdominal pain,8,91,115,77,15,96,37.8
30008664,3,back pain,4,104,138,67,18,91,34.5
30008665,4,abdominal pain,0,96,142,62,22,91,37.3
30008666,4,fall,0,120,134,85,20,97,37.0
30008667,3,fever,6,91,139,61,16,97,37.7
30008668,2,knee pain,8,92,111,58,16,95,39.0
30008669,5,knee pain,7,92,124,62,23,100,37.3
30008670,4,back pain,4,71,138,95,29,96,37.3
30008671,3,fever,4,79,118,80,17,100,36.8
30008672,2,shortness of breath,8,97,95,67,19,94,37.1
30008673,3,back pain,0,90,99,69,20,100,38.3
30008674,2,headache,9,88,119,94,14,96,36.8
30008675,5,anxiety,3,91,156,91,19,91,36.9
30008676,5,laceration,3,69,132,59,19,98,36.7
30008677,5,knee pain,1,93,110,93,12,98,37.4
30008678,3,laceration,0,74,120,89,19,95,36.5
30008679,3,laceration,3,66,140,91,23,99,35.6
30008680,4,back pain,1,90,84,65,18,99,37.6
30008681,3,fall,3,84,136,79,19,94,37.6
30008682,1,fever,6,84,136,105,22,96,36.7
30008683,3,back pain,5,71,157,63,18,95,37.0
30008684,3,knee pain,6,73,121,57,18,93,36.5
30008685,3,headache,6,70,142,91,18,97,38.8
30008686,2,anxiety,8,75,153,78,14,94,36.3
30008687,3,knee pain,3,93,105,96,16,99,36.1
30008688,4,knee pain,3,107,119,71,17,99,35.7
30008689,3,fall,3,80,129,96,18,95,37.0
30008690,3,anxiety,1,104,116,70,17,97,37.5
30008691,4,headache,7,88,144,82,15,99,38.4
30008692,3,anxiety,1,109,94,66,16,96,35.9
30008693,3,anxiety,2,63,124,95,11,95,37.2
30008694,4,laceration,0,106,143,81,17,96,36.9
30008695,1,abdominal pain,7,93,150,73,18,100,38.2
30008696,3,headache,4,68,160,88,21,95,37.8
30008697,3,knee pain,6,80,145,88,16,92,37.0
30008698,3,headache,6,107,97,66,16,93,36.0
30008699,3,chest pain,1,85,137,64,17,96,36.1
30008700,3,anxiety,2,107,148,64,15,93,38.4
30008701,3,anxiety,6,76,129,89,17,98,38.1
30008702,5,laceration,2,68,148,74,17,95,38.0
30008703,4,knee pain,0,111,142,51,13,91,37.0
30008704,3,knee pain,1,66,122,87,19,85,37.3
30008705,4,abdominal pain,2,86,137,95,17,100,36.0
30008706,4,fever,6,85,139,90,23,94,37.5
30008707,4,anxiety,4,107,116,79,25,100,37.7
30008708,3,fever,5,63,115,71,14,95,37.9
30008709,5,laceration,3,74,165,79,18,100,37.3
30008710,2,fall,9,60,111,92,17,97,36.0
30008711,3,fever,7,94,150,78,22,92,36.0
30008712,3,shortness of breath,2,111,120,86,16,99,38.7
30008713,3,chest pain,1,78,115,75,21,100,38.4
30008714,4,knee pain,3,85,143,70,19,96,37.4
30008715,1,fall,10,91,111,87,12,100,37.2
30008716,3,back pain,2,77,143,92,19,97,36.4
30008717,4,anxiety,2,108,129,59,9,94,37.0
30008718,3,headache,3,86,95,102,19,97,38.5
30008719,2,anxiety,8,84,136,89,19,94,36.1
30008720,3,headache,2,85,93,62,10,99,37.3
30008721,4,anxiety,5,90,129,78,21,96,36.9
30008722,3,abdominal pain,7,58,128,43,16,95,37.3
30008723,2,fever,8,85,118,79,17,93,36.3
30008724,4,back pain,4,98,119,80,17,91,36.8
30008725,2,abdominal pain,10,89,126,90,12,93,36.6
30008726,2,back pain,7,92,162,72,15,98,37.2
30008727,3,chest pain,2,99,132,63,16,99,36.8
30008728,3,abdominal pain,6,101,127,77,18,97,36.2
30008729,3,shortness of breath,6,70,96,76,21,94,37.7
30008730,3,fall,5,90,114,80,20,94,36.2
30008731,4,headache,4,102,85,68,20,100,35.6
30008732,4,anxiety,7,91,97,62,26,97,37.3
30008733,4,anxiety,5,40,110,58,21,100,38.1
30008734,3,chest pain,7,108,123,83,9,99,37.6
30008735,3,laceration,0,93,135,79,19,100,36.4
30008736,4,laceration,3,90,119,72,23,96,38.5
30008737,2,abdominal pain,9,86,101,74,25,100,37.1
30008738,3,shortness of breath,6,93,90,74,18,100,37.5
30008739,4,knee pain,0,77,135,50,20,94,37.2
30008740,5,knee pain,0,88,105,77,9,97,36.7
30008741,4,fall,7,69,139,68,15,98,37.3
30008742,4,headache,6,88,126,79,19,96,36.5
30008743,3,knee pain,2,106,131,104,19,91,36.3
30008744,5,anxiety,4,86,104,82,21,96,37.0
30008745,3,anxiety,6,82,131,96,20,94,38.3
30008746,3,laceration,5,83,151,75,23,100,35.7
30008747,4,back pain,5,109,127,100,21,95,37.3
30008748,4,chest pain,2,84,151,69,20,93,37.7
30008749,3,anxiety,5,96,145,104,19,97,37.7
30008750,3,shortness of breath,7,67,109,84,16,94,36.6
30008751,4,shortness of breath,0,104,121,80,22,99,36.8
30008752,4,knee pain,6,87,95,58,19,95,35.1
30008753,1,back pain,7,86,128,79,19,97,36.5
30008754,2,shortness of breath,10,75,149,71,17,93,37.2
30008755,4,knee pain,4,81,154,77,21,100,36.0
30008756,3,fever,2,66,133,86,25,92,36.8
30008757,2,back pain,6,83,150,83,17,100,37.5
30008758,4,headache,3,83,90,100,17,96,38.0
30008759,3,laceration,1,74,129,42,18,93,35.9
30008760,3,fever,5,74,119,69,18,100,38.8
30008761,4,knee pain,5,83,113,71,13,96,39.3
30008762,4,shortness of breath,3,69,123,91,12,95,35.1
30008763,2,anxiety,9,67,90,104,17,96,36.7
30008764,4,abdominal pain,5,87,127,93,20,99,36.3
30008765,5,abdominal pain,4,71,131,68,19,95,36.6
30008766,4,back pain,1,114,116,82,11,100,38.2
30008767,3,back pain,7,79,105,81,12,100,35.9
30008768,4,knee pain,5,75,114,81,26,100,37.9
30008769,3,headache,2,53,123,84,17,91,37.5
30008770,4,fall,6,95,117,96,20,96,37.5
30008771,3,headache,3,60,76,77,15,94,37.8
30008772,3,abdominal pain,7,96,138,68,22,99,36.8
30008773,2,fall,7,101,117,85,17,99,36.5
30008774,3,abdominal pain,1,83,130,44,21,95,36.5
30008775,1,fever,7,96,128,67,17,99,37.2
30008776,3,back pain,4,67,117,72,20,95,38.4
30008777,3,fall,5,92,124,82,15,96,37.8
30008778,2,abdominal pain,7,81,137,101,20,95,36.8
30008779,3,headache,7,107,109,91,12,100,36.5
30008780,2,fall,8,75,125,53,24,93,35.9
30008781,3,chest pain,1,82,116,59,23,98,37.6
30008782,3,fever,5,80,76,72,15,95,36.2
30008783,3,abdominal pain,1,79,115,112,25,96,36.1
30008784,3,chest pain,0,60,124,73,16,96,37.1
30008785,2,laceration,9,47,118,66,23,96,35.3
30008786,3,abdominal pain,1,100,107,89,17,100,38.8
30008787,2,fever,8,112,115,100,19,99,35.5
30008788,2,back pain,10,90,158,71,15,96,36.7
30008789,3,chest pain,2,87,122,80,22,96,36.8
30008790,4,shortness of breath,5,85,129,87,21,97,37.0
30008791,3,back pain,0,82,102,97,13,98,38.2
30008792,3,chest pain,3,85,114,68,24,95,37.4
30008793,2,shortness of breath,9,103,111,58,12,98,35.7
30008794,3,headache,2,93,103,71,15,96,37.7
30008795,3,headache,7,87,131,67,16,94,36.2
30008796,3,abdominal pain,3,106,100,95,21,95,37.3
30008797,3,abdominal pain,2,90,117,72,9,97,37.4
30008798,3,shortness of breath,7,73,139,117,23,95,36.5
30008799,4,fever,6,85,145,93,22,100,38.3
30008800,1,chest pain,7,75,140,88,25,98,37.4
30008801,1,anxiety,8,94,110,82,17,94,36.6
30008802,4,shortness of breath,0,69,159,80,21,100,36.4
30008803,3,laceration,6,95,128,118,20,95,37.8
30008804,2,anxiety,8,104,125,83,17,94,36.1
30008805,3,shortness of breath,2,73,131,126,14,99,37.0
30008806,4,abdominal pain,7,95,110,86,22,92,36.1
30008807,2,back pain,8,86,139,63,14,100,38.2
30008808,2,fall,10,60,150,86,20,99,35.8
30008809,2,chest pain,8,78,101,92,11,100,37.9
30008810,4,knee pain,1,77,133,90,18,96,38.1
30008811,4,chest pain,3,88,132,89,27,95,35.3
30008812,3,chest pain,6,119,129,84,14,99,35.8
30008813,3,chest pain,7,85,101,75,15,100,35.3
30008814,2,laceration,7,103,115,65,20,100,37.0
30008815,1,headache,6,84,140,85,9,99,37.3
30008816,4,knee pain,7,83,123,64,21,99,37.4
30008817,3,fever,0,91,146,85,17,92,36.2
30008818,3,knee pain,5,91,130,77,15,96,37.0
30008819,3,knee pain,5,86,126,90,15,99,37.2
30008820,2,laceration,8,76,136,93,23,94,38.2
30008821,3,headache,6,60,126,81,15,95,37.8
30008822,2,fever,8,63,103,112,23,99,36.0
30008823,4,back pain,2,99,135,75,23,96,36.3
30008824,3,fever,7,93,90,83,17,94,37.1
30008825,4,headache,1,88,139,68,17,94,36.6
30008826,3,fall,0,110,120,70,19,92,37.6
30008827,3,laceration,1,75,137,68,20,96,36.8
30008828,4,fever,5,61,120,77,15,88,37.0
30008829,2,anxiety,6,68,118,105,19,95,37.1
30008830,3,headache,5,85,133,83,26,96,36.5
30008831,1,anxiety,8,82,130,69,20,96,37.1
30008832,3,knee pain,7,87,124,78,18,98,36.4
30008833,2,anxiety,6,71,140,51,15,94,37.0
30008834,1,back pain,10,86,107,86,21,100,37.1
30008835,2,shortness of breath,8,89,133,75,17,99,36.6
30008836,1,fall,9,64,136,78,13,95,38.1
30008837,2,back pain,10,92,141,87,21,95,38.2
30008838,3,fever,4,95,111,111,17,96,37.3
30008839,4,chest pain,2,128,128,78,13,100,36.9
30008840,3,laceration,7,63,156,81,13,99,37.3
30008841,4,shortness of breath,2,94,148,90,16,97,37.1
30008842,3,shortness of breath,1,84,133,62,15,100,36.2
30008843,4,abdominal pain,7,94,103,81,13,91,37.2
30008844,3,chest pain,1,88,119,63,27,97,37.4
30008845,3,fall,0,127,157,62,17,97,37.2
30008846,4,anxiety,4,88,149,54,20,100,37.5
30008847,2,shortness of breath,8,121,135,90,23,93,36.8
30008848,2,knee pain,6,85,116,98,19,95,36.5
30008849,3,chest pain,3,123,132,75,21,100,37.0
30008850,4,knee pain,5,103,190,77,21,94,38.3
30008851,3,laceration,5,103,126,75,18,98,36.8
30008852,3,fever,3,44,110,42,22,96,35.7
30008853,3,chest pain,0,78,105,93,15,98,36.2
30008854,3,shortness of breath,4,69,124,66,14,93,37.7
30008855,2,back pain,9,80,129,96,11,93,36.8
30008856,3,headache,0,66,134,56,21,97,38.0
30008857,3,chest pain,0,76,118,96,19,93,36.5
30008858,1,headache,6,82,96,112,18,93,38.9
30008859,3,back pain,2,70,129,90,23,92,35.6
30008860,2,headache,6,91,124,87,15,100,35.5
30008861,3,fall,2,76,118,96,16,100,38.0
30008862,2,headache,9,93,122,68,22,96,36.5
30008863,3,shortness of breath,6,88,108,99,11,100,37.1
30008864,3,back pain,7,91,129,74,24,96,36.7
30008865,3,knee pain,2,81,130,78,16,93,37.0
30008866,1,back pain,7,107,185,87,16,98,35.4
30008867,1,back pain,8,64,133,56,20,95,37.2
30008868,2,laceration,10,95,117,90,20,97,37.6
30008869,3,knee pain,5,81,122,112,29,95,37.2
30008870,4,back pain,5,58,146,79,18,100,36.2
30008871,2,fall,6,98,114,96,26,98,37.1
30008872,3,back pain,6,71,127,77,19,98,36.9
30008873,3,laceration,0,97,110,83,20,95,36.4
30008874,3,back pain,3,66,124,94,24,100,37.9
30008875,3,shortness of breath,0,75,103,81,14,91,36.1
30008876,4,headache,4,75,145,83,20,91,37.7
30008877,5,abdominal pain,7,114,102,47,23,96,35.5
30008878,3,fall,2,65,114,102,10,100,37.1
30008879,1,shortness of breath,6,87,101,105,17,93,35.0
30008880,4,anxiety,7,82,114,119,19,96,38.1
30008881,4,back pain,7,108,103,83,16,98,35.3
30008882,1,back pain,7,90,136,80,22,94,36.1
30008883,3,abdominal pain,7,87,93,72,13,100,38.8
30008884,4,anxiety,3,87,96,81,14,96,36.4
30008885,2,laceration,8,93,146,88,15,97,36.6
30008886,3,knee pain,3,107,127,51,22,97,37.3
30008887,2,abdominal pain,10,87,115,74,19,98,37.2
30008888,2,headache,6,89,127,70,24,99,36.2
30008889,3,shortness of breath,1,88,95,73,17,97,38.0
30008890,2,fever,9,80,146,88,20,94,37.6
30008891,4,knee pain,0,77,98,69,13,94,37.5
30008892,3,anxiety,3,61,129,62,17,96,36.6
30008893,2,laceration,9,70,91,93,25,97,37.1
30008894,4,fever,4,95,153,69,17,96,36.7
30008895,4,headache,7,89,126,91,19,95,36.9
30008896,4,knee pain,5,73,87,70,23,96,39.1
30008897,4,laceration,5,77,129,79,20,98,36.5
30008898,4,knee pain,7,79,145,87,15,97,36.2
30008899,3,chest pain,0,71,122,76,21,98,36.9
30008900,3,knee pain,2,78,152,63,18,97,37.7
30008901,3,shortness of breath,2,54,128,88,19,100,35.4
30008902,3,chest pain,3,86,111,109,16,97,40.1
30008903,3,anxiety,0,80,118,68,15,97,37.6
30008904,3,abdominal pain,0,85,175,70,22,97,36.6
30008905,2,anxiety,8,81,77,71,24,97,35.8
30008906,2,fever,6,87,126,56,18,97,38.5
30008907,3,fever,1,69,104,87,23,96,37.5
30008908,3,fall,1,73,164,86,13,93,37.2
30008909,3,knee pain,0,66,111,78,16,99,35.9
30008910,4,fever,4,87,134,70,16,100,36.5
30008911,4,knee pain,0,66,110,80,12,100,38.0
30008912,3,laceration,1,59,127,78,16,92,37.0
30008913,2,abdominal pain,7,85,112,74,15,99,37.2
30008914,2,abdominal pain,9,68,121,70,17,100,37.4
30008915,2,abdominal pain,9,87,121,102,23,100,36.7
30008916,3,fall,0,71,121,76,20,97,37.3
30008917,4,fall,4,68,128,74,11,96,36.1
30008918,3,abdominal pain,1,65,131,67,16,94,37.6
30008919,4,abdominal pain,7,88,91,52,16,97,38.1
30008920,4,knee pain,5,85,115,57,19,94,37.0
30008921,3,laceration,6,72,94,84,18,95,37.2
30008922,2,back pain,8,70,135,87,14,100,38.1
30008923,2,anxiety,6,90,108,55,19,95,35.2
30008924,3,abdominal pain,0,72,111,94,14,97,37.0
30008925,3,headache,1,93,121,67,16,95,36.3
30008926,3,laceration,3,81,123,74,16,96,37.8
30008927,2,fever,8,94,127,63,23,99,36.7
30008928,2,anxiety,8,86,135,111,19,96,36.1
30008929,4,chest pain,6,63,112,79,20,97,37.4
30008930,3,laceration,5,102,147,49,23,100,37.0
30008931,3,shortness of breath,0,69,150,97,14,100,36.3
30008932,3,knee pain,6,92,138,67,18,91,35.9
30008933,2,laceration,6,91,139,63,21,96,36.3
30008934,3,back pain,3,97,125,92,18,100,35.0
30008935,5,laceration,4,72,120,62,23,99,37.1
30008936,3,chest pain,1,92,159,92,24,96,36.4
30008937,3,headache,1,76,148,55,15,100,37.8
30008938,3,back pain,5,73,123,84,25,93,37.2
30008939,3,headache,6,108,112,55,20,99,36.4
30008940,2,anxiety,7,89,148,93,15,94,36.8
30008941,2,anxiety,7,94,140,90,15,96,37.0
30008942,3,abdominal pain,2,84,162,85,17,100,36.2
30008943,3,knee pain,0,98,79,82,17,97,36.5
30008944,3,fall,5,83,99,103,18,96,37.8
30008945,4,chest pain,2,87,129,74,22,94,37.6
30008946,2,back pain,7,85,85,90,20,100,37.0
30008947,3,knee pain,4,83,129,74,23,97,37.5
30008948,4,back pain,6,96,135,77,17,99,36.8
30008949,2,laceration,9,63,147,88,18,98,37.3
30008950,3,back pain,3,108,142,66,23,100,37.2
30008951,1,laceration,9,63,155,67,23,94,37.3
30008952,3,abdominal pain,5,77,113,99,21,97,36.6
30008953,3,chest pain,0,76,122,83,20,96,37.7
30008954,5,fever,7,55,97,71,15,97,37.4
30008955,1,fall,6,72,127,69,20,94,38.0
30008956,3,laceration,5,78,139,60,29,99,37.6
30008957,2,knee pain,8,107,125,70,15,97,36.6
30008958,3,fall,4,105,142,60,17,94,35.3
30008959,5,anxiety,4,83,162,95,15,97,36.0
30008960,5,laceration,4,87,124,60,24,96,36.2
30008961,3,laceration,2,106,140,79,13,95,36.5
30008962,4,fall,7,62,146,88,17,94,35.2
30008963,4,anxiety,5,112,121,92,22,97,36.0
30008964,4,anxiety,7,92,125,72,15,100,37.1
30008965,1,chest pain,6,76,168,71,14,100,37.5
30008966,2,headache,8,81,98,108,18,96,37.8
30008967,2,chest pain,9,64,147,118,17,100,37.3
30008968,1,shortness of breath,6,94,119,110,21,100,37.0
30008969,3,knee pain,1,82,131,83,17,94,37.1
30008970,3,abdominal pain,3,99,137,113,15,98,36.5
30008971,2,anxiety,10,80,134,100,20,96,35.9
30008972,3,headache,5,100,153,79,18,96,38.1
30008973,1,fever,9,78,135,82,21,99,37.9
30008974,3,back pain,6,113,134,68,23,96,37.0
30008975,3,shortness of breath,4,89,130,91,16,95,37.0
30008976,4,laceration,1,53,99,82,20,100,37.3
30008977,5,shortness of breath,2,91,128,56,19,98,37.5
30008978,2,headache,8,98,119,60,16,98,37.7
30008979,2,shortness of breath,10,99,133,89,19,96,36.7
30008980,2,anxiety,6,85,125,77,12,96,36.4
30008981,4,abdominal pain,4,87,121,44,18,98,37.4
30008982,2,abdominal pain,6,65,133,108,15,92,37.6
30008983,2,abdominal pain,8,91,139,79,16,95,35.7
30008984,2,back pain,8,86,112,84,24,100,35.7
30008985,4,fever,6,82,125,79,22,100,36.4
30008986,3,back pain,4,102,139,93,18,96,36.2
30008987,4,shortness of breath,2,95,113,99,13,96,37.1
30008988,3,abdominal pain,5,109,123,80,21,100,34.5
30008989,3,anxiety,1,81,149,67,21,99,38.0
30008990,3,laceration,4,82,136,76,25,93,37.1
30008991,4,headache,1,85,108,95,17,97,38.3
30008992,2,fever,10,100,129,63,12,94,36.6
30008993,3,knee pain,4,67,132,88,13,97,37.5
30008994,3,chest pain,6,96,118,91,15,100,36.7
30008995,2,fall,9,65,121,93,19,100,38.5
30008996,3,fall,1,98,129,96,18,98,37.4
30008997,3,laceration,2,71,114,78,15,94,36.9
30008998,4,shortness of breath,1,77,101,103,12,98,38.3
30008999,5,chest pain,6,106,137,69,11,98,38.4
30009000,3,back pain,5,96,124,93,17,94,37.0
30009001,2,abdominal pain,8,63,171,111,17,98,36.7
30009002,3,anxiety,6,81,126,62,18,97,36.5
30009003,3,laceration,7,97,148,65,21,96,36.3
30009004,3,knee pain,3,116,128,68,19,99,36.0
30009005,3,chest pain,1,48,125,94,21,99,35.9
30009006,3,fever,5,88,161,72,21,99,36.4
30009007,3,fever,4,30,94,97,24,100,37.9
30009008,4,shortness of breath,2,87,105,101,25,94,36.5
30009009,2,fall,9,103,140,77,17,97,38.4
30009010,1,anxiety,10,67,117,67,17,96,37.0
30009011,3,headache,4,88,126,73,11,95,37.0
30009012,2,chest pain,8,89,182,70,10,100,38.4
30009013,3,abdominal pain,0,80,77,76,25,93,36.1
30009014,3,fever,7,93,107,55,11,98,37.1
30009015,3,knee pain,4,108,134,106,14,96,38.4
30009016,4,fall,0,98,77,81,26,92,36.0
30009017,3,abdominal pain,7,100,119,84,15,96,37.3
30009018,3,fall,3,86,107,84,13,96,37.5
30009019,4,anxiety,3,91,99,103,20,98,37.5
30009020,4,anxiety,7,95,136,45,17,100,36.9
30009021,4,anxiety,4,66,109,86,17,97,36.3
30009022,3,fever,4,81,161,82,23,96,36.7
30009023,3,chest pain,7,70,124,64,17,100,37.4
30009024,1,shortness of breath,6,77,115,66,24,100,36.7
30009025,3,knee pain,5,93,122,71,12,96,36.5
30009026,3,knee pain,0,100,132,41,18,96,36.9
30009027,4,anxiety,1,91,112,61,23,98,35.9
30009028,3,abdominal pain,7,82,139,48,18,100,36.2
30009029,3,headache,3,60,132,105,14,100,36.8
30009030,4,headache,3,90,121,81,20,99,37.5
30009031,3,laceration,7,82,122,62,17,97,36.9
30009032,3,fever,7,44,122,62,18,98,37.1
30009033,3,fever,5,85,172,82,16,98,37.7
30009034,3,shortness of breath,1,90,135,81,13,99,36.8
30009035,3,back pain,3,85,95,106,19,97,36.3
30009036,3,fall,1,100,151,64,24,99,38.0
30009037,3,fever,7,73,160,92,10,99,36.3
30009038,3,fall,5,101,121,50,22,96,37.3
30009039,5,shortness of breath,1,79,103,102,20,93,37.1
30009040,2,abdominal pain,9,98,119,92,16,96,36.2
30009041,3,back pain,2,95,128,74,24,100,37.8
30009042,3,knee pain,5,99,126,95,23,95,36.2
30009043,3,abdominal pain,3,58,110,75,13,99,35.9
30009044,3,fall,7,85,155,69,13,100,38.1
30009045,2,fall,9,85,148,82,17,94,36.8
30009046,4,chest pain,5,101,92,93,24,98,36.8
30009047,3,abdominal pain,2,110,103,59,20,98,36.7
30009048,1,fever,6,62,81,82,12,97,38.3
30009049,1,abdominal pain,6,67,91,61,13,97,35.2
30009050,3,anxiety,2,115,122,65,23,100,36.6
30009051,3,fever,3,116,117,73,21,100,37.8
30009052,3,laceration,5,102,116,87,22,99,37.4
30009053,3,shortness of breath,6,75,125,68,17,94,36.7
30009054,2,back pain,7,92,156,65,24,99,37.0
30009055,3,anxiety,2,77,114,75,19,97,35.5
30009056,2,chest pain,7,92,118,67,18,99,37.5
30009057,1,chest pain,8,84,117,94,25,97,37.0
30009058,4,knee pain,6,85,93,100,16,98,38.2
30009059,3,laceration,0,107,137,68,13,96,37.0
30009060,3,knee pain,6,82,141,115,16,96,37.2
30009061,3,anxiety,6,57,105,48,18,100,36.5
30009062,3,knee pain,2,90,120,72,14,98,36.4
30009063,3,abdominal pain,4,62,131,55,15,93,36.7
30009064,4,anxiety,6,83,113,65,17,98,37.0
30009065,3,shortness of breath,1,93,143,72,17,97,36.5
30009066,2,knee pain,10,88,114,43,18,99,37.1
30009067,4,laceration,5,101,118,85,12,100,37.6
30009068,3,fever,5,73,124,84,18,98,38.2
30009069,1,fall,7,93,118,83,22,96,36.7
30009070,1,knee pain,8,132,111,91,17,97,37.2
30009071,3,knee pain,0,107,131,68,21,93,36.7
30009072,3,chest pain,6,94,142,87,17,99,37.2
30009073,4,laceration,7,94,156,81,22,96,36.3
30009074,2,laceration,10,64,106,78,19,94,37.6
30009075,3,shortness of breath,2,75,115,100,12,100,36.9
30009076,5,knee pain,2,89,126,78,21,96,37.2
30009077,3,chest pain,5,93,125,83,20,100,38.4
30009078,3,headache,0,77,134,97,21,97,36.6
30009079,4,anxiety,7,105,114,89,18,97,37.8
30009080,2,back pain,8,76,124,102,19,93,36.5
30009081,4,shortness of breath,3,111,118,83,20,97,36.7
30009082,1,knee pain,9,60,104,100,26,100,37.1
30009083,4,abdominal pain,3,77,132,80,18,98,37.8
30009084,3,chest pain,0,69,107,94,13,97,36.5
30009085,3,fall,7,85,109,74,10,98,36.0
30009086,2,shortness of breath,10,85,146,80,16,93,35.5
30009087,2,shortness of breath,6,74,95,94,19,97,40.1
30009088,3,laceration,2,75,120,85,20,96,37.4
30009089,3,back pain,4,82,117,87,19,95,37.2
30009090,3,headache,6,115,110,89,17,100,36.3
30009091,3,fall,7,83,128,56,12,94,37.2
30009092,3,back pain,5,73,104,80,21,97,36.9
30009093,3,headache,4,95,103,84,16,97,38.8
30009094,4,shortness of breath,1,83,116,81,14,90,37.1
30009095,3,laceration,4,84,103,94,18,100,37.6
30009096,2,fall,9,75,104,103,15,99,37.3
30009097,2,headache,9,80,120,76,18,94,37.1
30009098,2,laceration,6,95,118,85,19,95,37.2
30009099,4,anxiety,3,93,129,96,20,99,36.5
30009100,4,shortness of breath,7,90,160,83,16,97,36.9
30009101,3,laceration,3,92,132,68,25,96,36.1
30009102,3,fever,2,75,127,70,15,95,36.9
30009103,2,anxiety,6,79,139,77,21,91,38.6
30009104,3,chest pain,5,83,103,75,12,100,36.5
30009105,4,anxiety,2,67,127,85,23,95,34.8
30009106,3,fever,0,72,68,81,25,96,36.6
30009107,3,laceration,3,119,84,78,13,98,36.9
30009108,4,knee pain,0,61,142,81,13,97,35.6
30009109,4,laceration,4,104,104,91,25,99,37.5
30009110,4,fall,0,88,123,49,18,97,37.1
30009111,5,fall,1,45,167,60,20,96,37.1
30009112,4,laceration,4,97,133,76,11,100,35.4
30009113,3,anxiety,6,50,117,86,25,99,37.0
30009114,2,headache,10,63,118,71,23,97,36.3
30009115,1,chest pain,10,74,150,49,18,95,37.3
30009116,2,anxiety,8,54,116,94,6,95,38.0
30009117,3,chest pain,6,108,129,86,9,100,36.0
30009118,2,headache,9,81,99,103,16,98,38.0
30009119,3,chest pain,0,43,142,101,13,99,38.2
30009120,3,knee pain,5,68,137,88,12,97,37.3
30009121,4,knee pain,7,88,123,54,20,94,37.7
30009122,1,fever,7,77,110,86,22,96,35.4
30009123,3,abdominal pain,2,100,156,71,12,100,38.1
30009124,3,knee pain,5,94,108,70,16,98,37.4
30009125,5,anxiety,7,56,127,79,20,97,35.9
30009126,3,anxiety,4,98,122,86,17,93,37.0
30009127,3,shortness of breath,7,66,131,79,21,99,37.0
30009128,4,abdominal pain,3,70,125,72,13,100,36.9
30009129,3,fall,1,81,118,72,14,98,37.3
30009130,1,abdominal pain,7,64,135,92,19,97,37.0
30009131,1,shortness of breath,6,69,79,84,24,97,36.6
30009132,1,back pain,10,74,101,94,15,97,38.0
30009133,2,abdominal pain,10,66,140,75,17,99,38.6
30009134,2,fall,7,96,141,77,10,99,37.1
30009135,1,knee pain,8,68,135,59,15,97,38.0
30009136,2,chest pain,7,76,113,89,17,96,37.6
30009137,2,shortness of breath,10,57,137,69,13,97,36.9
30009138,1,headache,7,95,120,87,20,92,37.4
30009139,1,knee pain,10,92,88,72,14,99,38.0
30009140,5,fall,0,107,132,63,15,97,37.6
30009141,3,fall,6,106,92,73,16,98,36.4
30009142,3,fever,2,129,168,113,24,99,38.4
30009143,3,fall,2,92,151,100,17,98,36.7
30009144,4,fever,3,73,112,76,24,100,36.5
30009145,5,shortness of breath,7,67,88,88,20,98,37.6
30009146,1,fall,8,92,141,97,17,97,36.8
30009147,3,fall,5,96,96,42,23,95,36.5
30009148,4,fever,2,65,154,97,14,98,36.5
30009149,4,back pain,1,86,107,95,15,97,37.0
30009150,2,chest pain,9,80,138,68,24,96,36.3
30009151,4,fever,0,66,120,57,17,98,35.9
30009152,4,shortness of breath,2,84,124,92,12,95,37.6
30009153,5,laceration,2,104,98,86,17,96,37.1
30009154,4,anxiety,1,80,139,60,18,99,37.0
30009155,3,anxiety,6,82,123,75,18,96,36.2
30009156,4,anxiety,7,96,112,107,23,100,35.1
30009157,4,fall,4,79,120,91,15,93,36.3
30009158,2,fever,6,98,137,88,19,95,37.4
30009159,3,anxiety,1,94,132,62,12,94,35.8
30009160,4,anxiety,3,75,97,107,18,93,37.1
30009161,3,laceration,4,91,107,79,19,97,37.6
30009162,3,chest pain,1,77,170,68,11,95,36.4
30009163,2,shortness of breath,8,57,117,98,27,99,37.4
30009164,4,knee pain,5,73,99,82,11,96,37.8
30009165,4,abdominal pain,6,98,149,91,11,95,35.0
30009166,2,abdominal pain,6,85,85,82,23,98,37.2
30009167,3,knee pain,5,75,122,69,16,93,36.7
30009168,3,knee pain,6,98,131,68,18,94,38.0
30009169,3,headache,3,68,137,113,25,94,36.6
30009170,3,anxiety,6,102,143,97,16,97,37.7
30009171,3,headache,1,97,114,75,22,100,36.1
30009172,4,anxiety,3,69,121,91,17,94,37.4
30009173,3,laceration,4,76,118,88,19,96,36.4
30009174,3,abdominal pain,0,87,146,57,12,100,37.7
30009175,2,fall,10,67,120,75,25,96,38.7
30009176,2,shortness of breath,6,76,165,59,19,95,37.3
30009177,3,headache,1,74,120,94,18,100,37.0
30009178,5,back pain,2,91,144,97,28,98,38.0
30009179,3,laceration,4,91,127,78,16,96,39.1
30009180,3,headache,4,56,135,97,24,100,38.0
30009181,5,fever,0,117,169,63,29,100,37.9
30009182,3,back pain,1,107,150,91,15,95,37.1
30009183,3,knee pain,7,111,117,66,15,94,37.7
30009184,3,headache,1,105,161,104,19,100,36.8
30009185,4,fall,5,82,115,61,18,96,36.4
30009186,3,abdominal pain,6,105,99,94,23,100,36.6
30009187,4,fall,3,81,142,94,19,98,36.6
30009188,3,headache,0,62,119,111,21,97,36.0
30009189,3,chest pain,6,69,118,74,13,95,35.7
30009190,2,back pain,10,76,123,91,22,93,36.9
30009191,2,back pain,8,65,116,89,17,100,38.5
30009192,3,back pain,2,74,121,83,16,95,36.7
30009193,3,laceration,3,79,123,79,16,98,37.3
30009194,3,back pain,4,58,152,60,24,97,36.8
30009195,4,anxiety,1,109,97,62,19,97,37.9
30009196,3,shortness of breath,6,89,127,52,14,90,38.3
30009197,3,shortness of breath,5,86,77,81,17,95,37.3
30009198,3,headache,5,77,103,79,16,100,37.5
30009199,2,laceration,7,91,109,92,17,95,37.5
30009200,2,chest pain,8,88,112,57,27,94,37.2
30009201,4,fever,5,110,106,80,19,97,37.7
30009202,3,headache,5,111,112,71,14,96,37.2
30009203,1,laceration,7,79,100,76,22,98,35.8
30009204,3,laceration,7,110,122,72,21,96,36.8
30009205,3,abdominal pain,0,69,112,81,21,96,36.5
30009206,3,laceration,6,60,139,70,23,96,37.2
30009207,3,abdominal pain,1,83,129,105,16,94,37.4
30009208,5,knee pain,2,84,116,120,15,100,37.2
30009209,4,abdominal pain,7,77,155,76,24,96,36.8
30009210,3,laceration,2,86,131,69,15,95,36.7
30009211,3,fever,2,79,112,96,13,98,37.7
30009212,3,chest pain,3,119,123,82,21,100,36.2
30009213,3,chest pain,0,82,115,61,17,95,36.6
30009214,3,chest pain,7,93,134,86,27,90,37.2
30009215,2,fever,8,60,117,90,15,100,35.8
30009216,3,chest pain,7,100,118,86,22,97,36.2
30009217,3,fall,5,88,152,73,24,99,35.9
30009218,3,fall,1,53,140,75,15,93,38.1
30009219,3,knee pain,1,94,122,72,16,100,36.7
30009220,4,headache,3,88,120,77,19,93,36.9
30009221,3,fall,2,98,120,66,18,91,36.2
30009222,4,laceration,1,110,125,84,25,100,36.8
30009223,2,laceration,7,64,134,93,15,99,37.5
30009224,3,headache,5,95,79,103,21,96,37.6
30009225,3,headache,0,82,122,75,9,99,37.4
30009226,3,shortness of breath,4,62,148,97,16,95,36.1
30009227,2,abdominal pain,8,114,123,86,20,97,37.5
30009228,3,abdominal pain,1,110,98,65,20,97,36.4
30009229,2,abdominal pain,8,89,139,77,16,96,37.4
30009230,2,laceration,9,91,125,81,19,98,37.6
30009231,2,chest pain,6,70,97,68,15,97,36.6
30009232,3,fall,0,95,130,80,16,99,37.9
30009233,3,laceration,6,94,152,78,17,97,36.7
30009234,3,knee pain,0,63,176,89,17,98,37.8
30009235,5,fever,5,84,142,79,17,99,38.2
30009236,3,knee pain,4,79,158,105,16,96,37.5
30009237,3,knee pain,6,68,135,73,11,94,37.3
30009238,4,abdominal pain,7,77,126,100,13,98,36.5
30009239,3,abdominal pain,4,76,107,62,15,98,37.1
30009240,3,abdominal pain,2,43,112,71,18,93,38.0
30009241,3,anxiety,1,113,103,62,16,97,37.1
30009242,4,fall,5,83,137,90,21,94,37.4
30009243,2,fever,8,73,116,69,23,92,35.8
30009244,3,back pain,7,95,111,68,21,94,38.2
30009245,3,anxiety,1,86,146,61,21,96,37.0
30009246,2,headache,8,100,130,87,15,100,37.0
30009247,5,back pain,6,82,133,109,20,97,37.6
30009248,3,anxiety,7,104,116,77,18,100,37.7
30009249,3,fall,4,80,130,45,19,100,36.4
30009250,4,knee pain,3,77,133,99,18,97,37.4
30009251,3,anxiety,6,87,151,80,22,96,37.1
30009252,1,back pain,8,87,154,104,11,96,37.1
30009253,3,knee pain,2,75,129,51,13,95,36.3
30009254,3,laceration,6,85,108,104,21,97,36.4
30009255,4,headache,3,76,146,78,19,99,37.4
30009256,4,headache,4,81,131,50,16,96,36.7
30009257,3,shortness of breath,6,77,119,79,13,100,37.2
30009258,2,knee pain,8,85,120,100,22,94,37.0
30009259,3,abdominal pain,7,98,160,42,23,99,37.3
30009260,2,laceration,6,75,155,79,17,94,37.8
30009261,2,laceration,9,68,135,74,22,97,37.0
30009262,3,back pain,3,93,131,64,15,98,37.9
30009263,3,chest pain,4,71,151,51,21,95,37.0
30009264,2,back pain,9,95,136,62,19,98,37.4
30009265,4,back pain,1,82,132,94,25,94,36.4
30009266,3,laceration,1,91,142,106,19,93,37.1
30009267,3,knee pain,6,101,111,49,15,99,37.1
30009268,2,laceration,6,98,171,76,23,100,37.0
30009269,3,shortness of breath,1,110,148,54,17,98,37.5
30009270,3,shortness of breath,2,93,137,87,22,92,36.5
30009271,4,back pain,5,83,130,66,18,100,36.5
30009272,2,fever,7,85,144,97,11,96,38.1
30009273,3,laceration,5,101,99,81,20,98,35.8
30009274,5,headache,7,103,125,89,18,100,37.4
30009275,3,laceration,4,62,142,103,20,96,37.2
30009276,2,chest pain,7,71,115,85,22,100,37.2
30009277,2,fall,7,93,84,70,23,92,36.6
30009278,3,abdominal pain,4,91,88,62,15,95,37.2
30009279,4,shortness of breath,7,71,125,65,10,100,37.2
30009280,4,back pain,1,78,129,77,19,100,37.4
30009281,5,anxiety,5,59,141,95,18,98,38.4
30009282,3,shortness of breath,2,92,117,86,16,94,37.1
30009283,3,headache,3,119,104,84,19,93,37.8
30009284,3,abdominal pain,7,63,135,73,15,98,38.6
30009285,3,fall,6,91,164,58,22,96,38.8
30009286,3,fall,5,95,118,81,17,95,38.4
30009287,3,chest pain,7,109,131,103,18,93,38.4
30009288,3,chest pain,5,75,121,61,20,96,37.3
30009289,5,fever,0,90,125,113,19,99,37.5
30009290,4,headache,1,90,106,91,15,98,37.1
30009291,2,fever,10,69,134,102,20,93,36.4
30009292,2,chest pain,9,101,127,107,17,99,37.1
30009293,4,shortness of breath,1,73,116,60,19,99,37.2
30009294,4,fever,7,77,105,83,18,100,36.6
30009295,4,fever,4,72,108,100,12,100,36.3
30009296,2,headache,6,61,127,99,16,100,36.7
30009297,3,headache,0,87,89,100,11,100,36.4
30009298,3,abdominal pain,5,76,148,70,21,99,36.3
30009299,3,fall,5,87,157,87,24,97,37.4
30009300,3,anxiety,5,82,134,74,19,97,36.5
30009301,5,back pain,2,109,77,85,22,100,36.6
30009302,2,knee pain,6,54,114,76,22,97,36.1
30009303,2,fever,9,102,141,90,12,94,38.3
30009304,2,shortness of breath,9,102,117,69,24,100,36.9
30009305,3,knee pain,5,96,132,88,18,98,38.4
30009306,1,fall,10,94,143,85,20,95,37.8
30009307,4,headache,1,79,132,76,13,100,36.9
30009308,3,knee pain,4,55,137,64,12,98,36.6
30009309,3,laceration,6,83,141,70,17,99,35.5
30009310,4,back pain,1,53,113,128,13,99,37.0
30009311,3,chest pain,4,89,130,52,17,100,36.8
30009312,3,knee pain,1,90,148,82,22,100,38.6
30009313,1,knee pain,7,96,138,37,23,97,36.3
30009314,4,headache,5,61,99,94,17,96,38.4
30009315,3,headache,0,90,163,80,24,100,36.8
30009316,2,shortness of breath,10,64,152,102,20,98,37.2
30009317,4,fever,5,80,132,78,25,100,37.7
30009318,2,fever,9,88,133,72,17,94,36.8
30009319,3,fall,4,87,139,64,18,94,36.8
30009320,3,chest pain,7,104,136,52,24,100,36.1
30009321,2,headache,7,67,126,59,18,99,37.3
30009322,2,fever,8,66,118,54,19,95,37.4
30009323,5,anxiety,5,74,121,92,23,95,36.3
30009324,3,knee pain,2,84,153,90,17,94,37.9
30009325,2,back pain,6,63,125,74,17,100,36.7
30009326,3,headache,4,103,139,104,20,93,35.5
30009327,4,fever,0,77,70,92,23,96,37.1
30009328,2,laceration,6,99,115,76,16,100,38.1
30009329,1,chest pain,10,85,85,75,22,100,36.3
30009330,3,fall,2,99,138,77,23,94,37.0
30009331,3,abdominal pain,3,86,137,91,26,99,37.7
30009332,3,fever,0,95,112,82,15,95,37.0
30009333,3,abdominal pain,6,81,110,81,16,95,38.3
30009334,3,fever,1,69,130,63,9,91,37.8
30009335,2,chest pain,9,96,114,75,9,97,38.1
30009336,3,shortness of breath,4,87,106,51,22,96,39.2
30009337,3,headache,5,84,139,70,16,98,36.4
30009338,3,laceration,6,89,182,75,22,98,38.7
30009339,4,fall,7,91,112,94,27,97,37.3
30009340,3,laceration,2,96,155,86,14,98,37.3
30009341,2,back pain,8,82,132,58,18,98,36.7
30009342,4,knee pain,0,82,123,64,22,100,36.6
30009343,3,knee pain,2,81,112,93,16,96,37.7
30009344,2,knee pain,8,84,101,85,5,99,37.0
30009345,2,chest pain,7,75,89,63,22,93,35.3
30009346,2,laceration,10,86,120,88,17,98,37.5
30009347,3,back pain,4,101,101,92,18,100,37.4
30009348,3,chest pain,0,95,110,59,12,97,37.5
30009349,3,anxiety,1,74,151,63,19,92,36.8
30009350,3,back pain,6,111,126,89,23,95,39.0
30009351,3,back pain,2,75,145,79,12,95,36.5
30009352,4,shortness of breath,5,78,129,67,21,93,38.4
30009353,3,back pain,0,76,115,84,16,98,36.4
30009354,4,chest pain,6,72,142,106,20,100,36.4
30009355,3,chest pain,2,104,116,98,15,97,36.8
30009356,3,headache,0,89,64,66,22,95,38.1
30009357,5,knee pain,4,90,137,96,11,96,36.6
30009358,5,back pain,5,101,131,74,17,96,37.5
30009359,4,anxiety,3,88,98,86,19,95,37.3
30009360,4,back pain,7,84,140,54,18,95,36.7
30009361,3,fall,5,84,105,97,17,98,36.7
30009362,4,headache,6,83,142,69,14,100,36.8
30009363,2,abdominal pain,9,103,141,90,14,95,38.8
30009364,3,chest pain,6,97,99,70,19,95,37.3
30009365,3,headache,4,104,109,59,23,98,37.3
30009366,5,back pain,1,99,109,89,14,92,38.1
30009367,2,fever,10,116,106,73,21,96,36.5
30009368,4,laceration,0,93,173,94,12,98,36.2
30009369,3,headache,0,88,154,77,15,93,36.7
30009370,2,chest pain,6,76,130,83,9,98,37.2
30009371,3,fever,2,80,153,94,12,100,36.3
30009372,2,shortness of breath,7,54,122,92,10,95,37.7
30009373,3,knee pain,4,127,120,91,14,100,37.8
30009374,3,fall,4,99,108,71,15,88,37.2
30009375,2,abdominal pain,8,79,117,79,15,91,37.3
30009376,2,abdominal pain,7,101,163,82,24,98,37.8
30009377,4,chest pain,5,77,144,67,24,96,37.6
30009378,3,knee pain,1,59,120,78,20,100,37.0
30009379,2,anxiety,8,102,128,47,17,100,37.4
30009380,5,headache,2,96,138,64,12,95,36.0
30009381,3,shortness of breath,1,98,138,81,22,100,36.8
30009382,4,anxiety,1,106,135,107,15,98,36.8
30009383,3,laceration,0,83,136,103,12,97,38.2
30009384,2,knee pain,10,38,107,74,22,89,35.7
30009385,2,chest pain,7,101,97,94,23,100,36.3
30009386,2,abdominal pain,7,78,103,103,14,95,37.8
30009387,3,fall,3,50,96,56,14,98,36.7
30009388,1,fall,6,72,157,63,15,98,37.3
30009389,2,shortness of breath,7,80,114,88,20,96,36.5
30009390,3,laceration,6,98,143,51,16,92,38.0
30009391,3,fever,4,76,76,83,16,97,35.2
30009392,3,fall,7,82,135,67,17,96,38.2
30009393,3,knee pain,1,85,153,85,24,99,37.6
30009394,3,headache,2,81,123,59,20,98,36.2
30009395,1,headache,9,101,141,85,11,96,35.7
30009396,3,fever,0,83,147,85,21,92,37.2
30009397,3,headache,4,104,125,82,18,100,36.3
30009398,1,anxiety,6,106,94,100,14,100,36.8
30009399,2,laceration,9,96,113,73,18,96,37.6
30009400,2,shortness of breath,7,71,102,74,19,95,37.2
30009401,3,abdominal pain,2,65,124,73,25,90,36.9
30009402,2,fever,7,93,150,73,23,94,36.8
30009403,2,fever,8,82,112,82,15,97,36.3
30009404,3,chest pain,6,86,115,84,18,88,37.7
30009405,3,headache,2,73,135,119,17,98,37.4
30009406,5,laceration,6,93,126,89,26,93,36.5
30009407,2,chest pain,10,75,109,87,25,100,37.9
30009408,3,back pain,2,111,154,87,14,96,37.6
30009409,2,fall,6,74,129,76,24,96,37.4
30009410,5,knee pain,4,90,120,87,12,96,36.8
30009411,4,laceration,7,100,119,107,16,97,37.2
30009412,2,knee pain,10,93,126,77,13,95,37.9
30009413,3,back pain,7,65,113,91,25,100,37.1
30009414,3,fever,1,92,138,77,19,97,36.2
30009415,2,laceration,8,64,91,88,23,96,36.0
30009416,3,abdominal pain,7,87,162,50,21,99,37.3
30009417,3,headache,7,85,112,74,17,98,37.3
30009418,2,laceration,6,97,102,84,23,100,36.6
30009419,3,abdominal pain,6,89,100,91,23,100,37.7
30009420,3,anxiety,4,98,129,83,15,97,37.2
30009421,2,chest pain,6,57,115,87,20,96,36.6
30009422,5,abdominal pain,5,72,146,55,19,97,37.7
30009423,3,abdominal pain,1,72,142,80,15,98,38.3
30009424,3,back pain,7,81,129,84,20,94,36.4
30009425,2,chest pain,7,93,103,101,17,94,36.3
30009426,3,fall,2,106,122,74,20,97,37.2
30009427,2,chest pain,8,105,124,107,22,98,38.0
30009428,4,laceration,6,89,140,74,20,99,37.0
30009429,2,shortness of breath,8,76,159,59,19,98,35.7
30009430,3,laceration,4,109,137,60,21,91,37.6
30009431,3,shortness of breath,6,72,121,68,24,97,36.1
30009432,3,back pain,4,95,107,72,14,95,37.6
30009433,4,fall,3,64,141,77,20,99,37.2
30009434,2,anxiety,6,65,139,65,15,98,38.9
30009435,3,chest pain,4,89,137,52,15,99,37.9
30009436,3,laceration,7,91,120,89,18,94,36.3
30009437,3,fever,7,89,106,66,16,98,36.2
30009438,2,shortness of breath,10,70,116,91,16,98,36.1
30009439,2,fever,6,81,93,54,23,100,36.8
30009440,4,knee pain,6,70,127,51,15,95,36.9
30009441,4,fever,3,84,132,99,14,97,37.4
30009442,4,headache,7,77,163,89,22,100,36.7
30009443,3,anxiety,2,103,113,70,11,94,37.7
30009444,3,headache,0,114,139,63,12,96,36.3
30009445,4,fall,4,113,142,80,24,96,36.2
30009446,2,knee pain,6,118,126,84,14,93,36.9
30009447,3,fever,4,103,141,91,25,99,37.3
30009448,1,abdominal pain,9,112,126,59,20,96,36.7
30009449,3,headache,7,79,95,86,23,91,38.0
30009450,3,back pain,7,103,133,90,17,98,37.0
30009451,2,chest pain,7,106,118,72,17,94,37.6
30009452,3,shortness of breath,3,82,145,87,24,100,36.4
30009453,4,laceration,2,73,122,86,12,97,36.3
30009454,3,chest pain,0,76,138,83,16,97,38.2
30009455,4,chest pain,2,75,165,71,20,95,38.2
30009456,3,headache,6,103,149,128,22,90,36.5
30009457,3,headache,7,100,110,93,11,96,36.0
30009458,3,knee pain,2,39,141,67,18,97,37.7
30009459,3,back pain,1,109,128,80,21,97,37.4
30009460,4,knee pain,2,103,145,71,20,95,35.6
30009461,2,fever,8,71,128,85,23,93,36.6
30009462,3,shortness of breath,2,76,125,68,20,95,36.9
30009463,1,shortness of breath,9,99,103,116,17,100,37.5
30009464,3,back pain,1,106,122,86,15,94,36.2
30009465,3,shortness of breath,3,73,104,54,17,96,37.4
30009466,3,fall,0,111,74,83,13,99,39.4
30009467,4,shortness of breath,1,91,120,87,19,95,38.5
30009468,3,shortness of breath,6,86,123,69,23,100,36.1
30009469,4,fall,7,80,117,98,18,98,38.5
30009470,3,abdominal pain,3,72,105,38,14,98,36.6
30009471,4,anxiety,3,72,121,96,17,97,36.9
30009472,4,anxiety,0,94,127,89,18,94,37.5
30009473,4,shortness of breath,5,97,86,97,19,95,38.2
30009474,4,fall,4,90,104,88,22,95,37.2
30009475,2,headache,10,67,120,99,21,95,37.1
30009476,2,knee pain,8,69,125,70,19,97,37.4
30009477,5,fall,4,85,110,78,13,100,36.3
30009478,1,headache,7,88,109,89,20,94,36.2
30009479,3,abdominal pain,2,86,134,94,20,94,36.6
30009480,4,chest pain,0,91,159,95,24,95,37.0
30009481,4,fever,1,77,104,124,22,96,36.7
30009482,3,laceration,5,92,109,65,17,99,37.8
30009483,2,back pain,10,93,127,63,15,93,37.2
30009484,3,anxiety,1,89,109,52,16,98,36.6
30009485,5,anxiety,0,100,150,65,19,96,37.4
30009486,3,chest pain,7,94,120,95,15,95,37.4
30009487,3,shortness of breath,4,76,110,89,21,95,37.5
30009488,4,laceration,7,75,112,55,16,100,37.0
30009489,3,shortness of breath,0,113,114,93,19,100,36.7
30009490,3,fall,1,76,134,77,15,97,36.3
30009491,2,knee pain,10,98,97,87,16,94,37.7
30009492,3,laceration,6,78,126,45,21,95,37.0
30009493,3,laceration,5,84,131,74,19,100,37.9
30009494,3,shortness of breath,0,60,148,72,18,97,36.6
30009495,4,shortness of breath,7,100,87,86,16,97,35.6
30009496,3,anxiety,5,105,142,92,18,97,35.0
30009497,3,headache,7,74,131,66,16,100,37.1
30009498,2,abdominal pain,10,95,137,63,15,96,37.5
30009499,4,shortness of breath,0,115,121,73,14,100,36.8
30009500,3,fall,5,62,140,107,21,100,37.6
30009501,2,chest pain,6,86,115,84,23,95,35.7
30009502,3,anxiety,1,86,158,74,17,99,37.0
30009503,2,fever,6,68,154,61,29,96,37.7
30009504,2,chest pain,8,60,104,70,12,95,36.5
30009505,3,shortness of breath,6,72,118,70,11,94,37.4
30009506,3,fever,3,62,95,54,15,99,36.7
30009507,3,fall,1,84,162,63,8,99,35.6
30009508,3,anxiety,1,85,134,78,17,95,37.0
30009509,3,fall,2,82,146,94,12,97,37.1
30009510,3,fall,6,90,154,70,19,93,36.7
30009511,1,chest pain,6,123,101,83,23,96,37.7
30009512,3,back pain,6,99,120,87,16,99,37.5
30009513,3,shortness of breath,6,49,120,113,18,95,38.3
30009514,1,fever,8,94,130,93,20,100,36.1
30009515,4,anxiety,6,101,108,80,15,96,36.1
30009516,3,knee pain,2,96,148,74,8,91,36.7
30009517,3,fall,3,80,98,86,20,98,37.0
30009518,4,shortness of breath,0,60,115,73,15,99,36.9
30009519,5,back pain,2,85,111,84,13,100,37.2
30009520,3,fall,6,73,127,67,25,95,37.0
30009521,3,anxiety,4,55,109,77,24,95,37.6
30009522,2,fall,7,80,130,72,11,97,37.3
30009523,3,knee pain,5,84,112,65,10,100,37.4
30009524,2,back pain,9,95,114,79,20,99,38.1
30009525,3,fall,0,85,94,78,20,96,37.3
30009526,3,headache,1,88,117,102,21,99,37.4
30009527,4,fall,0,85,131,68,23,100,38.2
30009528,3,abdominal pain,1,93,123,79,15,98,36.8
30009529,4,shortness of breath,5,125,120,76,23,98,38.7
30009530,3,back pain,3,110,91,90,14,96,36.6
30009531,4,knee pain,2,64,134,79,18,95,37.4
30009532,2,abdominal pain,6,87,138,77,19,99,37.9
30009533,4,abdominal pain,7,104,86,77,15,93,37.3
30009534,4,shortness of breath,2,70,115,79,17,98,37.6
30009535,3,headache,1,72,120,84,22,94,36.8
30009536,2,headache,7,90,122,90,16,94,36.2
30009537,3,chest pain,4,86,139,89,16,90,37.0
30009538,2,anxiety,6,109,128,95,16,95,37.0
30009539,4,shortness of breath,4,78,128,82,28,93,38.1
30009540,3,abdominal pain,5,91,119,65,15,98,38.3
30009541,3,laceration,5,80,145,74,21,100,37.5
30009542,2,knee pain,10,84,99,86,17,95,36.7
30009543,1,headache,10,89,149,88,15,99,38.5
30009544,3,shortness of breath,7,98,123,50,21,100,38.3
30009545,4,anxiety,7,49,146,75,13,95,37.5
30009546,3,laceration,5,74,123,77,13,92,36.4
30009547,2,fever,8,98,94,79,20,98,36.0
30009548,3,fall,7,88,94,102,19,95,38.0
30009549,4,abdominal pain,1,86,139,112,19,89,38.5
30009550,3,back pain,1,67,132,67,20,97,36.4
30009551,3,shortness of breath,0,92,166,91,18,97,37.7
30009552,3,laceration,4,86,114,81,17,95,36.2
30009553,3,chest pain,5,85,94,72,20,97,35.7
30009554,2,back pain,10,90,110,86,19,94,37.0
30009555,3,abdominal pain,1,81,103,69,16,97,36.9
30009556,5,headache,5,73,114,65,14,100,35.6
30009557,2,shortness of breath,8,95,122,57,10,100,36.5
30009558,2,abdominal pain,8,82,96,77,11,95,37.5
30009559,3,back pain,5,70,147,109,14,94,36.4
30009560,2,shortness of breath,6,89,151,101,19,99,37.3
30009561,3,anxiety,4,93,119,85,9,100,36.2
30009562,3,anxiety,3,74,148,74,20,91,36.7
30009563,3,shortness of breath,1,77,134,79,13,98,38.0
30009564,3,fall,7,90,108,91,14,100,37.0
30009565,3,back pain,6,76,140,56,12,99,37.2
30009566,3,back pain,7,79,144,87,21,95,37.0
30009567,3,chest pain,1,90,105,48,18,96,37.5
30009568,3,fall,2,102,135,79,20,100,37.6
30009569,1,fall,8,80,127,65,17,97,37.4
30009570,3,anxiety,4,83,113,72,18,93,37.0
30009571,4,laceration,4,59,129,82,17,100,36.2
30009572,2,laceration,10,102,132,51,21,94,35.9
30009573,3,laceration,3,90,169,73,22,95,37.2
30009574,3,laceration,0,99,93,75,17,91,36.9
30009575,3,back pain,0,116,132,81,15,96,35.5
30009576,2,chest pain,8,53,137,78,21,100,35.8
30009577,3,knee pain,3,80,115,64,23,94,37.2
30009578,3,fall,4,94,137,78,15,99,36.1
30009579,4,anxiety,7,83,123,69,18,98,37.9
30009580,3,knee pain,2,88,116,109,22,99,36.4
30009581,4,fall,2,89,136,67,18,95,38.3
30009582,3,knee pain,6,90,115,89,23,100,37.5
30009583,4,fever,6,108,107,77,18,97,37.2
30009584,3,abdominal pain,1,90,103,93,21,90,36.7
30009585,3,anxiety,3,87,99,100,21,98,36.6
30009586,3,fever,7,76,98,88,19,97,36.5
30009587,3,laceration,4,95,63,81,14,98,36.8
30009588,2,knee pain,7,85,114,76,12,90,37.5
30009589,2,abdominal pain,6,45,158,75,17,100,38.2
30009590,3,shortness of breath,7,86,115,84,24,88,35.5
30009591,4,chest pain,7,85,129,71,13,98,36.9
30009592,3,headache,4,106,114,88,23,99,37.8
30009593,3,fall,5,114,146,108,18,91,36.8
30009594,4,anxiety,1,86,137,56,21,92,36.5
30009595,4,headache,5,109,139,73,16,93,35.9
30009596,4,knee pain,1,98,137,127,17,99,35.8
30009597,3,shortness of breath,0,109,97,85,20,93,35.8
30009598,2,headache,9,105,96,83,14,95,37.1
30009599,3,shortness of breath,3,83,143,74,26,92,37.9
30009600,5,back pain,6,94,136,90,23,97,37.5
30009601,1,headache,9,91,125,63,15,98,38.4
30009602,2,shortness of breath,9,90,140,69,22,98,37.4
30009603,3,chest pain,0,85,126,70,20,99,37.4
30009604,2,abdominal pain,6,83,130,50,11,96,37.3
30009605,2,fall,9,64,128,94,12,90,34.8
30009606,4,shortness of breath,6,95,138,66,18,100,36.3
30009607,3,anxiety,7,73,175,72,12,95,36.1
30009608,3,abdominal pain,2,88,122,60,21,97,37.1
30009609,3,abdominal pain,7,115,132,51,17,97,37.2
30009610,4,chest pain,5,88,111,74,18,98,37.1
30009611,4,chest pain,5,83,138,90,17,100,37.1
30009612,2,abdominal pain,6,79,134,89,22,92,38.0
30009613,3,knee pain,3,104,165,95,16,95,35.8
30009614,5,laceration,5,98,148,78,9,99,37.7
30009615,2,back pain,7,58,125,47,23,100,36.7
30009616,1,chest pain,9,63,138,66,19,99,35.4
30009617,3,back pain,7,70,140,78,20,100,37.1
30009618,2,abdominal pain,7,76,85,55,15,98,37.5
30009619,2,shortness of breath,8,114,146,98,18,98,37.6
30009620,3,shortness of breath,2,77,125,92,12,97,37.4
30009621,3,fever,7,64,106,76,21,96,36.5
30009622,4,headache,4,77,117,93,6,98,36.4
30009623,3,back pain,0,82,132,59,26,92,36.9
30009624,4,back pain,3,67,134,101,17,96,35.3
30009625,4,fever,2,57,176,77,15,95,35.0
30009626,5,back pain,6,49,144,95,22,100,37.8
30009627,4,chest pain,6,99,117,77,13,97,37.0
30009628,3,fall,6,87,146,84,15,100,37.7
30009629,3,knee pain,0,73,114,72,15,91,36.1
30009630,3,abdominal pain,4,103,109,78,17,95,38.0
30009631,3,abdominal pain,4,67,122,76,18,94,37.9
30009632,2,abdominal pain,6,96,138,101,20,93,36.1
30009633,2,laceration,6,79,142,96,15,99,36.9
30009634,3,chest pain,2,106,111,87,14,95,36.3
30009635,3,fall,3,92,141,104,11,95,37.6
30009636,3,shortness of breath,1,67,163,80,20,96,35.9
30009637,2,headache,7,89,111,96,17,91,36.6
30009638,2,headache,6,84,102,86,15,100,37.9
30009639,4,back pain,7,76,95,80,18,100,35.4
30009640,3,shortness of breath,7,89,150,92,25,98,35.1
30009641,2,anxiety,10,64,137,71,20,95,36.5
30009642,3,fever,0,90,117,90,19,94,37.4
30009643,2,back pain,9,88,153,74,24,99,36.5
30009644,4,fall,4,100,131,78,17,100,38.2
30009645,3,shortness of breath,1,68,131,79,18,97,37.8
30009646,3,back pain,4,43,129,70,17,99,36.5
30009647,3,chest pain,4,79,138,76,19,95,37.2
30009648,3,chest pain,5,81,137,63,25,97,37.3
30009649,4,fall,4,97,121,91,19,95,36.6
30009650,4,back pain,5,68,121,89,26,96,36.0
30009651,2,chest pain,6,94,132,93,12,93,36.3
30009652,3,fever,4,74,127,98,16,97,37.3
30009653,3,fever,1,97,126,82,21,97,36.5
30009654,4,chest pain,3,95,124,57,18,99,36.3
30009655,3,headache,2,82,123,101,17,95,37.6
30009656,3,abdominal pain,0,90,143,63,16,95,37.2
30009657,4,back pain,0,91,127,84,22,94,36.8
30009658,3,shortness of breath,2,93,104,72,11,96,36.8
30009659,1,shortness of breath,7,113,140,76,22,93,36.5
30009660,3,laceration,7,68,146,84,15,100,37.8
30009661,3,anxiety,3,77,158,71,16,100,36.9
30009662,4,fever,1,82,133,75,19,100,36.3
30009663,3,laceration,5,96,121,76,14,95,35.9
30009664,4,anxiety,4,82,124,58,21,93,36.8
30009665,3,fever,6,65,137,80,19,89,37.3
30009666,3,abdominal pain,7,54,130,71,24,96,38.6
30009667,4,knee pain,5,71,133,49,19,98,37.1
30009668,4,back pain,0,64,108,94,20,100,36.7
30009669,4,shortness of breath,4,101,157,82,21,95,38.1
30009670,2,anxiety,9,90,106,84,17,92,36.5
30009671,3,fever,4,83,150,95,23,95,38.4
30009672,3,chest pain,1,72,130,107,15,96,36.5
30009673,4,headache,3,72,135,69,23,95,36.4
30009674,3,fever,6,94,102,55,18,100,37.8
30009675,4,fall,1,85,132,91,23,94,36.8
30009676,3,headache,6,80,94,73,21,93,36.2
30009677,2,shortness of breath,8,95,153,88,22,98,38.2
30009678,2,knee pain,8,106,135,95,12,98,37.5
30009679,2,chest pain,8,96,124,58,12,95,38.4
30009680,3,chest pain,5,68,116,75,16,100,37.6
30009681,3,laceration,4,91,132,65,18,100,38.3
30009682,4,back pain,7,83,103,70,16,100,38.9
30009683,1,laceration,10,89,133,90,17,95,36.5
30009684,3,headache,5,90,122,80,15,97,37.4
30009685,2,back pain,10,89,107,89,22,96,37.7
30009686,2,knee pain,9,94,124,94,25,100,37.7
30009687,3,laceration,4,81,103,83,18,100,36.4
30009688,3,shortness of breath,4,81,137,81,15,97,37.3
30009689,4,back pain,4,83,143,86,21,96,35.8
30009690,4,abdominal pain,7,125,133,75,16,99,36.2
30009691,4,headache,5,84,142,85,16,98,36.7
30009692,2,abdominal pain,6,72,115,93,12,93,39.1
30009693,4,laceration,3,80,97,77,22,91,38.5
30009694,3,laceration,0,96,141,86,26,97,37.9
30009695,3,chest pain,7,79,149,106,21,97,37.2
30009696,4,chest pain,3,68,113,51,15,96,37.2
30009697,3,fall,2,69,102,55,18,99,37.8
30009698,3,abdominal pain,5,79,133,101,17,98,36.7
30009699,4,fever,1,80,131,97,19,98,37.0
30009700,3,fall,6,84,141,76,28,96,39.5
30009701,2,shortness of breath,9,78,122,97,24,98,37.3
30009702,4,abdominal pain,4,64,122,70,18,100,36.4
30009703,1,fever,6,80,77,68,29,100,38.3
30009704,4,laceration,6,80,108,64,20,99,37.0
30009705,3,fever,2,85,118,80,19,97,38.6
30009706,3,chest pain,2,82,135,49,19,94,37.4
30009707,4,knee pain,6,84,142,68,19,93,37.1
30009708,4,shortness of breath,2,86,126,73,22,94,37.0
30009709,3,chest pain,6,63,124,94,20,98,36.3
30009710,2,chest pain,10,86,113,59,12,99,36.0
30009711,3,laceration,7,92,126,65,13,99,38.2
30009712,2,fever,9,92,99,89,20,100,37.7
30009713,3,knee pain,7,117,138,99,18,87,36.1
30009714,2,back pain,7,74,150,56,16,99,37.5
30009715,2,fall,10,77,146,72,15,92,37.1
30009716,4,headache,6,74,120,52,22,95,37.9
30009717,3,abdominal pain,0,70,139,62,15,96,37.2
30009718,3,headache,1,72,120,62,20,93,37.4
30009719,2,fever,8,70,115,80,17,98,38.2
30009720,4,abdominal pain,1,98,138,78,15,94,37.5
30009721,3,anxiety,7,74,138,81,18,100,37.1
30009722,4,anxiety,6,94,176,90,19,98,38.4
30009723,3,fall,7,107,131,70,22,99,36.0
30009724,3,shortness of breath,0,36,118,82,21,97,37.6
30009725,3,anxiety,3,96,97,72,20,100,36.9
30009726,4,fall,4,65,167,82,16,100,36.7
30009727,4,fall,1,108,151,84,15,95,36.8
30009728,5,abdominal pain,6,100,130,85,19,100,37.6
30009729,3,knee pain,4,71,134,99,24,97,37.6
30009730,3,knee pain,7,97,70,86,17,95,35.5
30009731,3,abdominal pain,2,89,163,73,22,95,36.9
30009732,3,headache,1,108,138,81,21,93,36.6
30009733,3,chest pain,0,93,101,102,12,95,38.1
30009734,4,laceration,0,84,134,102,21,95,37.0
30009735,5,laceration,7,81,106,98,22,100,37.2
30009736,3,laceration,1,91,138,70,24,100,37.1
30009737,3,laceration,7,92,97,79,19,92,37.4
30009738,1,anxiety,8,103,148,89,16,99,36.4
30009739,4,shortness of breath,6,71,172,53,20,92,37.1
30009740,2,laceration,10,90,134,65,21,98,36.9
30009741,3,fever,4,94,123,102,16,100,36.1
30009742,3,fall,3,79,125,56,16,99,38.9
30009743,3,back pain,0,83,147,104,25,100,36.7
30009744,3,anxiety,3,75,132,108,20,96,37.1
30009745,3,fever,3,91,117,85,18,100,36.7
30009746,3,headache,0,92,84,92,13,97,37.8
30009747,3,shortness of breath,5,73,148,95,16,96,36.4
30009748,3,anxiety,2,109,143,89,18,93,36.2
30009749,3,laceration,0,75,108,81,11,96,36.3
30009750,2,anxiety,6,69,136,92,21,97,37.7
30009751,2,knee pain,7,92,95,74,15,95,37.4
30009752,3,anxiety,3,84,113,63,22,98,37.2
30009753,3,chest pain,6,83,103,100,27,98,37.8
30009754,3,anxiety,2,57,132,82,19,96,36.4
30009755,4,abdominal pain,2,104,122,77,22,100,36.5
30009756,5,knee pain,3,72,121,67,24,99,36.6
30009757,3,headache,5,80,111,60,18,92,37.3
30009758,5,headache,0,102,106,69,19,100,37.3
30009759,3,headache,7,97,111,82,11,98,37.4
30009760,3,headache,4,80,121,52,16,98,38.3
30009761,3,headache,0,94,147,66,17,93,36.4
30009762,3,anxiety,7,98,107,73,20,93,35.9
30009763,4,anxiety,2,71,113,66,27,100,37.5
30009764,3,fall,3,63,150,73,20,96,38.4
30009765,3,anxiety,1,103,126,110,22,98,37.2
30009766,3,anxiety,4,65,144,73,17,93,37.2
30009767,3,back pain,0,84,129,76,16,96,37.7
30009768,2,abdominal pain,10,86,109,76,12,96,38.2
30009769,3,anxiety,7,67,112,75,18,99,37.4
30009770,1,fall,7,91,102,82,24,96,36.2
30009771,4,chest pain,6,91,107,57,21,97,37.2
30009772,2,headache,10,108,133,91,16,99,38.0
30009773,3,abdominal pain,7,93,130,85,17,99,37.4
30009774,2,shortness of breath,10,87,149,90,21,98,36.0
30009775,3,headache,0,84,113,72,15,96,38.0
30009776,1,fever,7,96,101,77,21,97,37.1
30009777,3,fall,7,85,126,47,20,100,39.0
30009778,3,fever,0,100,125,73,22,94,36.5
30009779,3,headache,4,69,110,86,21,100,36.8
30009780,3,back pain,2,88,136,92,13,100,36.5
30009781,2,back pain,8,92,117,82,21,99,38.5
30009782,3,chest pain,3,97,76,66,16,97,38.5
30009783,4,back pain,2,125,115,73,13,99,38.3
30009784,4,chest pain,3,99,111,91,12,99,37.3
30009785,4,knee pain,1,93,112,87,18,93,36.1
30009786,2,headache,10,79,145,69,18,99,36.1
30009787,2,fever,8,44,96,74,21,99,36.5
30009788,2,headache,7,78,118,74,25,94,36.1
30009789,3,back pain,5,86,144,73,19,100,37.6
30009790,3,fever,7,58,183,76,16,99,37.0
30009791,3,abdominal pain,1,93,122,75,19,99,36.7
30009792,2,fever,8,52,142,73,11,100,36.7
30009793,3,back pain,6,86,126,60,15,99,37.1
30009794,3,headache,1,81,127,85,20,94,34.4
30009795,3,chest pain,2,83,122,74,17,100,36.6
30009796,3,chest pain,1,81,122,96,19,94,37.5
30009797,3,fever,5,75,139,62,16,100,36.7
30009798,3,headache,3,84,99,88,14,100,37.1
30009799,4,fever,3,85,139,64,17,95,38.1
30009800,1,headache,9,81,129,82,12,97,38.5
30009801,3,abdominal pain,1,92,125,85,17,95,38.1
30009802,2,anxiety,7,100,145,84,25,96,37.7
30009803,1,anxiety,6,68,95,90,27,99,36.6
30009804,4,abdominal pain,1,85,157,75,22,94,36.9
30009805,4,anxiety,6,72,150,81,15,100,36.5
30009806,2,abdominal pain,8,95,118,97,25,100,37.3
30009807,3,fever,6,83,101,96,16,92,37.7
30009808,2,fever,6,75,167,78,19,95,38.4
30009809,4,headache,1,91,111,66,22,98,37.9
30009810,3,chest pain,2,106,133,68,12,96,36.6
30009811,2,abdominal pain,6,77,124,82,14,100,37.6
30009812,3,chest pain,0,97,89,74,16,95,36.9
30009813,4,fever,4,77,106,78,17,100,36.8
30009814,4,fall,5,95,105,101,28,97,36.7
30009815,3,laceration,2,78,115,77,18,99,37.0
30009816,2,fall,7,75,125,105,18,97,35.9
30009817,3,fall,7,72,114,99,20,92,39.0
30009818,2,laceration,10,61,143,77,15,94,35.2
30009819,3,shortness of breath,6,67,106,86,14,97,37.3
30009820,2,headache,9,49,100,85,22,100,38.1
30009821,3,laceration,5,83,113,61,13,100,37.0
30009822,3,fever,7,93,100,80,22,94,36.8
30009823,4,headache,5,68,103,68,18,94,38.1
30009824,2,anxiety,9,71,105,75,18,93,36.7
30009825,4,chest pain,0,50,101,80,16,97,35.3
30009826,2,knee pain,7,79,116,85,13,94,37.5
30009827,3,anxiety,6,99,125,68,22,93,38.3
30009828,5,headache,4,87,98,86,18,100,36.4
30009829,3,fall,7,95,100,59,17,96,37.0
30009830,5,abdominal pain,3,74,122,79,17,98,37.0
30009831,2,knee pain,7,84,107,53,13,96,37.9
30009832,2,fever,10,69,114,83,9,98,37.7
30009833,3,shortness of breath,1,94,128,84,17,99,36.4
30009834,4,chest pain,4,70,109,83,15,95,38.4
30009835,3,fever,2,81,130,70,20,100,35.7
30009836,4,chest pain,5,89,146,76,24,96,36.1
30009837,1,back pain,7,82,120,82,20,100,36.4
30009838,3,abdominal pain,6,109,132,61,13,96,35.7
30009839,3,fever,7,78,129,69,26,97,37.8
30009840,3,shortness of breath,6,78,141,77,14,91,38.0
30009841,2,headache,6,67,152,81,16,93,36.4
30009842,2,headache,8,71,79,98,21,92,37.2
30009843,4,back pain,5,102,122,82,17,95,36.4
30009844,3,headache,7,84,120,76,30,97,36.8
30009845,3,back pain,0,75,152,115,24,100,36.4
30009846,4,fall,0,84,124,85,11,96,37.0
30009847,5,laceration,7,92,144,66,20,98,37.7
30009848,3,laceration,6,84,150,80,17,99,37.0
30009849,2,headache,6,96,149,107,13,98,37.7
30009850,3,headache,1,71,104,87,22,100,36.3
30009851,3,shortness of breath,4,94,110,80,24,95,36.8
30009852,3,knee pain,5,92,141,95,14,92,36.5
30009853,4,abdominal pain,1,86,93,92,21,96,36.3
30009854,3,chest pain,0,90,87,87,17,97,36.9
30009855,3,fever,3,123,106,73,14,97,37.0
30009856,3,anxiety,7,80,99,76,22,100,36.4
30009857,3,fall,4,91,121,108,26,100,36.3
30009858,2,shortness of breath,8,97,167,72,14,100,39.4
30009859,3,laceration,3,91,122,56,22,95,38.7
30009860,1,laceration,7,76,100,77,18,97,36.5
30009861,2,chest pain,10,106,124,57,17,89,37.8
30009862,3,fall,5,92,140,72,19,100,36.8
30009863,3,chest pain,5,88,134,79,21,100,37.9
30009864,3,back pain,6,80,125,72,22,97,36.4
30009865,3,laceration,3,78,123,73,18,100,36.0
30009866,4,fever,5,56,135,98,22,100,37.2
30009867,3,fever,6,50,140,76,21,99,38.0
30009868,2,laceration,7,66,131,54,25,98,36.1
30009869,3,abdominal pain,0,67,98,84,20,100,36.8
30009870,2,knee pain,9,85,104,105,14,97,35.9
30009871,3,laceration,5,89,130,86,16,99,36.0
30009872,4,knee pain,3,97,131,92,16,97,37.1
30009873,2,anxiety,8,86,164,35,11,95,38.0
30009874,2,fall,9,74,125,67,18,96,38.1
30009875,3,fall,4,90,112,61,8,94,36.5
30009876,3,headache,7,71,74,67,17,98,36.1
30009877,3,fall,5,81,60,74,17,95,37.4
30009878,2,shortness of breath,9,75,167,49,14,93,36.6
30009879,3,chest pain,4,97,110,99,19,95,36.6
30009880,4,knee pain,4,85,121,40,21,96,36.6
30009881,3,knee pain,6,86,162,92,19,99,37.0
30009882,4,headache,2,81,120,75,15,91,36.3
30009883,4,back pain,6,92,134,75,17,96,36.7
30009884,2,back pain,8,66,109,102,20,94,36.9
30009885,3,laceration,2,94,120,75,22,100,37.6
30009886,4,chest pain,2,57,105,102,24,97,35.8
30009887,4,fall,5,82,119,103,14,94,35.8
30009888,4,fall,1,112,146,81,19,99,36.2
30009889,4,laceration,0,113,121,68,18,99,37.7
30009890,3,laceration,0,74,130,72,14,97,37.5
30009891,1,headache,10,87,156,81,15,96,37.0
30009892,3,fever,6,78,123,74,15,97,37.6
30009893,3,knee pain,4,113,171,75,20,97,37.6
30009894,3,knee pain,1,101,109,88,17,97,37.2
30009895,3,anxiety,0,97,138,72,18,100,37.1
30009896,3,knee pain,2,96,163,44,22,92,36.3
30009897,3,fall,6,110,118,97,21,100,35.9
30009898,3,abdominal pain,3,83,149,92,15,93,35.6
30009899,3,back pain,0,84,93,53,17,97,36.1
30009900,3,fall,6,88,123,73,16,94,37.3
30009901,3,chest pain,6,96,148,80,17,100,37.0
30009902,3,chest pain,2,78,141,81,6,100,37.1
30009903,2,chest pain,10,74,131,87,12,98,38.3
30009904,4,laceration,3,96,159,72,15,97,36.4
30009905,3,shortness of breath,2,82,143,108,21,96,37.7
30009906,4,back pain,4,83,123,80,19,93,37.8
30009907,1,fall,6,68,123,67,19,95,37.0
30009908,4,anxiety,2,68,119,63,13,100,38.1
30009909,3,shortness of breath,6,81,136,86,20,100,36.7
30009910,3,shortness of breath,4,65,120,71,17,94,37.6
30009911,5,anxiety,7,72,161,54,12,95,36.0
30009912,4,shortness of breath,2,105,120,96,22,97,36.7
30009913,3,laceration,1,85,124,68,16,99,35.8
30009914,2,anxiety,9,67,153,92,22,94,36.1
30009915,3,laceration,5,89,92,80,19,91,36.8
30009916,2,fall,8,79,122,51,18,98,34.8
30009917,3,shortness of breath,4,87,119,105,17,98,36.2
30009918,3,fall,0,79,110,59,21,98,36.8
30009919,3,shortness of breath,3,84,122,67,18,92,38.3
30009920,3,headache,4,76,119,89,24,100,36.3
30009921,3,shortness of breath,7,87,125,83,19,99,36.4
30009922,3,headache,1,78,128,70,21,96,37.5
30009923,2,fever,7,92,137,84,14,94,37.2
30009924,3,back pain,3,107,92,54,19,97,37.0
30009925,2,anxiety,10,90,156,64,20,94,36.4
30009926,4,laceration,4,97,127,42,17,95,36.8
30009927,2,anxiety,9,69,159,77,20,100,35.9
30009928,3,chest pain,7,73,65,77,16,100,37.3
30009929,3,knee pain,6,89,122,70,18,96,36.7
30009930,3,anxiety,4,84,133,76,18,99,36.7
30009931,4,headache,1,116,144,89,18,91,37.5
30009932,3,anxiety,7,95,146,64,16,98,38.4
30009933,4,fever,3,66,149,81,18,94,35.8
30009934,3,abdominal pain,5,98,136,49,18,95,37.3
30009935,3,fall,0,78,163,77,17,100,37.3
30009936,4,back pain,4,92,101,78,10,96,38.0
30009937,4,back pain,4,104,115,75,19,96,37.9
30009938,4,headache,7,100,143,60,27,94,37.3
30009939,4,abdominal pain,6,65,135,57,25,96,36.5
30009940,3,shortness of breath,3,79,117,74,20,97,36.6
30009941,5,knee pain,2,108,109,109,17,97,36.3
30009942,4,fall,3,100,147,91,11,95,38.0
30009943,3,headache,5,87,110,91,19,100,37.3
30009944,2,anxiety,6,96,128,73,19,98,37.5
30009945,3,headache,1,67,112,62,14,94,35.5
30009946,3,anxiety,3,66,115,98,22,98,36.4
30009947,3,anxiety,0,109,113,87,22,100,36.3
30009948,4,chest pain,6,88,128,75,18,100,35.8
30009949,3,chest pain,3,91,119,67,18,100,38.3
30009950,3,chest pain,0,65,115,98,17,90,37.6
30009951,3,anxiety,7,79,160,98,18,95,36.9
30009952,4,headache,7,78,123,101,21,98,37.6
30009953,3,abdominal pain,4,85,119,67,14,100,39.4
30009954,3,laceration,6,81,112,75,26,100,37.0
30009955,3,anxiety,3,70,143,64,16,94,36.7
30009956,1,headache,9,61,104,109,15,95,36.5
30009957,3,shortness of breath,1,67,123,92,25,100,37.7
30009958,4,back pain,5,105,136,43,15,100,38.1
30009959,2,laceration,10,67,121,85,16,94,36.7
30009960,3,chest pain,5,90,156,64,17,92,35.9
30009961,4,chest pain,3,110,132,75,19,96,36.4
30009962,3,laceration,7,71,90,99,10,93,38.8
30009963,2,fall,9,101,129,65,20,99,36.2
30009964,3,laceration,1,91,120,77,13,90,37.0
30009965,5,abdominal pain,5,95,116,97,24,98,38.1
30009966,3,laceration,4,101,116,67,16,94,36.9
30009967,3,fever,6,81,140,86,10,100,37.6
30009968,3,fall,4,74,141,67,16,100,36.8
30009969,3,knee pain,5,86,135,94,21,94,38.6
30009970,3,fall,2,97,128,106,23,99,37.5
30009971,3,shortness of breath,1,70,141,65,15,96,35.6
30009972,3,fever,6,78,100,87,17,96,38.4
30009973,3,back pain,2,93,129,73,14,97,35.8
30009974,3,knee pain,1,79,134,62,18,90,36.7
30009975,4,shortness of breath,2,67,136,75,18,100,36.3
30009976,5,fall,6,64,125,55,15,96,37.1
30009977,3,shortness of breath,3,89,112,72,21,93,37.3
30009978,3,headache,3,72,145,47,22,94,37.2
30009979,3,anxiety,0,97,138,80,18,96,36.4
30009980,3,headache,3,90,110,97,21,97,37.1
30009981,2,knee pain,9,93,120,85,14,100,37.1
30009982,4,shortness of breath,3,62,109,114,19,96,36.6
30009983,4,fever,7,96,151,68,15,100,37.5
30009984,4,shortness of breath,1,96,85,74,21,96,37.1
30009985,3,chest pain,1,101,141,56,18,98,35.8
30009986,3,abdominal pain,2,89,140,98,12,99,36.3
30009987,4,back pain,7,84,125,88,16,97,36.4
30009988,4,back pain,6,91,103,76,23,98,36.7
30009989,3,chest pain,0,52,109,109,19,99,37.2
30009990,3,abdominal pain,6,82,154,72,23,91,36.7
30009991,3,abdominal pain,5,84,165,115,12,99,37.3
30009992,3,knee pain,3,78,110,49,23,97,37.8
30009993,3,laceration,2,86,105,61,16,100,36.3
30009994,3,chest pain,6,68,104,71,18,99,36.6
30009995,3,shortness of breath,1,83,133,83,21,99,37.9
30009996,3,fall,7,111,161,58,27,98,37.1
30009997,3,headache,1,68,154,76,13,96,36.3
30009998,4,chest pain,5,85,146,90,10,99,36.7
30009999,3,fever,5,95,147,58,12,98,36.9
30010000,3,back pain,2,79,123,66,15,100,37.3
30010001,1,back pain,7,90,141,66,16,98,36.0
30010002,2,fever,9,72,136,57,16,97,38.5
30010003,3,fever,1,102,93,60,15,100,38.1
30010004,3,fever,3,65,156,88,14,97,36.5
30010005,1,back pain,10,93,121,64,13,95,36.7
30010006,3,back pain,4,69,98,85,15,96,38.1
30010007,3,chest pain,7,92,167,86,13,99,35.6
30010008,3,fall,7,94,147,91,18,95,37.5
30010009,4,headache,2,95,145,75,20,96,37.1
30010010,3,anxiety,2,105,141,74,21,97,35.5
30010011,4,knee pain,4,110,161,74,21,97,37.1
30010012,2,laceration,7,78,121,67,24,95,36.9
30010013,3,anxiety,7,94,99,101,16,97,36.6
30010014,3,anxiety,4,73,153,99,16,95,36.9
30010015,4,abdominal pain,6,74,130,87,19,100,36.8
30010016,3,laceration,2,63,141,83,16,97,36.6
30010017,1,knee pain,10,86,140,65,22,93,36.7
30010018,4,abdominal pain,1,102,102,87,13,95,36.9
30010019,3,fall,3,89,63,71,16,95,37.6
30010020,3,headache,2,77,127,82,23,92,37.3
30010021,3,fever,3,90,95,75,16,100,36.4
30010022,1,shortness of breath,8,110,137,82,17,98,36.5
30010023,4,fall,0,103,110,83,23,97,36.9
30010024,4,back pain,3,75,101,89,27,99,35.8
30010025,4,laceration,7,106,138,95,17,99,37.1
30010026,3,laceration,0,79,138,74,14,99,35.3
30010027,1,fever,9,85,82,73,24,98,36.2
30010028,1,laceration,6,69,134,87,17,96,36.5
30010029,3,chest pain,7,98,135,90,11,100,35.3
30010030,4,anxiety,2,105,114,93,21,100,36.9
30010031,3,headache,4,79,121,77,21,100,36.6
30010032,4,back pain,0,84,138,80,14,98,36.6
30010033,2,fall,6,66,143,92,14,100,37.6
30010034,2,back pain,7,92,146,76,14,99,37.3
30010035,2,back pain,10,99,128,94,20,93,36.7
30010036,3,back pain,1,96,140,94,20,96,37.8
30010037,3,fall,2,91,117,71,12,95,36.9
30010038,3,shortness of breath,7,76,133,93,13,95,36.2
30010039,3,fall,0,79,157,78,19,97,36.9
30010040,3,shortness of breath,6,81,124,75,16,98,37.3
30010041,3,knee pain,2,81,116,59,11,99,37.0
30010042,4,shortness of breath,0,103,86,68,12,100,37.7
30010043,3,headache,6,74,125,81,18,97,37.5
30010044,4,chest pain,7,76,103,80,19,98,36.0
30010045,3,knee pain,5,97,132,88,9,98,35.8
30010046,3,fall,4,90,109,74,12,96,36.6
30010047,4,headache,6,80,126,104,15,96,36.9
30010048,4,abdominal pain,4,92,114,103,16,92,37.3
30010049,2,shortness of breath,7,61,125,74,12,94,38.1
30010050,3,anxiety,2,67,142,68,13,98,36.6
30010051,3,fall,5,76,101,75,21,97,38.4
30010052,3,anxiety,5,88,151,90,23,92,37.3
30010053,3,shortness of breath,5,79,83,63,19,95,37.4
30010054,3,chest pain,7,88,141,73,19,100,37.2
30010055,4,back pain,2,71,147,82,21,94,36.9
30010056,3,back pain,5,76,135,72,16,100,37.6
30010057,2,back pain,9,80,121,108,8,100,37.9
30010058,2,chest pain,10,72,139,105,20,90,37.1
30010059,5,chest pain,6,74,114,51,19,100,37.0
30010060,1,fall,10,89,116,89,24,97,37.3
30010061,3,anxiety,5,96,145,58,19,93,36.7
30010062,3,back pain,4,74,111,92,14,93,37.6
30010063,1,fever,7,94,126,71,19,90,37.9
30010064,2,headache,10,100,138,66,18,96,37.2
30010065,3,chest pain,4,91,133,87,26,96,36.7
30010066,3,shortness of breath,4,101,115,96,26,98,37.3
30010067,3,back pain,6,76,141,93,22,97,35.3
30010068,3,abdominal pain,1,80,129,87,21,91,36.6
30010069,3,fever,2,90,111,63,12,94,36.7
30010070,2,anxiety,8,91,124,104,16,95,37.2
30010071,3,back pain,7,75,181,82,21,98,37.2
30010072,3,laceration,2,102,191,93,17,99,38.2
30010073,3,fall,0,107,130,112,26,98,36.0
30010074,3,abdominal pain,2,95,154,76,14,97,36.6
30010075,3,fever,4,84,127,87,21,94,37.6
30010076,3,laceration,5,70,162,99,15,97,36.8
30010077,3,laceration,4,97,126,117,10,95,36.3
30010078,2,headache,7,96,122,73,15,97,35.4
30010079,2,headache,10,85,144,95,14,97,37.5
30010080,4,abdominal pain,1,97,147,68,19,100,37.8
30010081,3,fall,0,72,134,84,21,99,37.9
30010082,3,fever,1,79,115,105,16,98,36.3
30010083,3,abdominal pain,7,71,98,86,17,97,37.3
30010084,3,fever,3,71,100,87,22,98,36.8
30010085,3,anxiety,1,79,143,84,16,98,36.4
30010086,3,anxiety,6,108,97,70,21,97,36.9
30010087,5,fever,4,105,139,97,19,97,38.5
30010088,4,back pain,4,94,140,117,12,100,36.2
30010089,3,fever,3,88,117,90,16,94,37.4
30010090,3,laceration,3,58,123,89,24,97,36.8
30010091,4,chest pain,2,85,134,113,23,98,37.4
30010092,3,laceration,2,73,125,77,17,96,36.6
30010093,2,fall,7,78,112,83,19,98,38.6
30010094,3,headache,6,66,145,80,24,99,38.2
30010095,3,fever,1,93,159,105,27,92,36.3
30010096,3,abdominal pain,2,91,123,109,18,100,38.1
30010097,1,chest pain,8,79,114,74,10,98,36.7
30010098,5,shortness of breath,1,82,98,101,22,97,37.0
30010099,2,headache,6,68,109,96,24,99,35.9
30010100,2,chest pain,9,105,120,86,12,100,36.5
30010101,3,knee pain,0,116,111,64,17,95,37.2
30010102,2,fall,6,86,159,95,17,95,36.3
30010103,2,shortness of breath,7,83,170,72,16,99,38.0
30010104,4,shortness of breath,7,102,141,73,18,99,36.6
30010105,3,fall,0,92,161,100,16,95,37.4
30010106,4,back pain,6,76,125,97,15,100,36.1
30010107,4,laceration,2,115,128,67,21,97,37.8
30010108,3,abdominal pain,1,74,136,94,23,97,36.6
30010109,5,fall,4,60,106,81,18,100,38.1
30010110,3,fever,6,82,111,82,17,100,37.7
30010111,5,laceration,4,114,151,78,15,93,38.7
30010112,3,shortness of breath,4,97,107,84,15,95,37.7
30010113,3,back pain,7,80,78,69,17,100,37.4
30010114,5,anxiety,4,94,134,79,25,97,36.3
30010115,3,fever,3,95,126,73,22,99,36.1
30010116,5,chest pain,2,98,161,73,21,99,36.8
30010117,3,fever,3,82,139,66,17,95,38.0
30010118,3,chest pain,5,72,113,74,23,100,37.8
30010119,3,laceration,1,77,129,62,12,93,37.6
30010120,2,headache,10,105,135,95,15,100,36.9
30010121,3,laceration,2,94,118,87,24,97,38.0
30010122,4,knee pain,5,70,137,53,21,100,35.8
30010123,3,headache,0,79,127,96,15,100,36.6
30010124,2,anxiety,9,85,141,68,13,96,37.4
30010125,3,headache,4,99,99,73,25,97,36.0
30010126,2,chest pain,10,99,131,95,11,96,37.5
30010127,3,chest pain,3,92,130,75,14,97,36.9
30010128,4,fever,2,104,128,88,14,96,37.5
30010129,3,shortness of breath,0,76,167,108,22,98,36.0
30010130,3,shortness of breath,7,105,102,89,11,94,37.3
30010131,4,chest pain,4,52,145,80,19,85,38.2
30010132,3,fever,4,91,111,80,19,95,37.3
30010133,5,fall,4,95,102,100,19,97,37.0
30010134,4,back pain,1,76,120,57,21,94,37.6
30010135,2,back pain,7,89,113,96,19,95,38.1
30010136,3,fall,7,69,128,81,19,94,36.9
30010137,2,chest pain,9,86,120,48,22,97,37.4
30010138,2,abdominal pain,9,93,89,105,17,97,37.4
30010139,2,knee pain,10,82,105,72,23,92,36.8
30010140,3,fever,2,80,133,78,14,100,37.4
30010141,4,shortness of breath,5,106,145,88,19,100,38.1
30010142,4,headache,7,108,124,86,13,99,36.8
30010143,3,fall,4,94,128,71,18,97,35.7
30010144,4,fall,0,88,131,67,13,91,37.6
30010145,4,shortness of breath,2,87,111,66,23,96,36.9
30010146,1,laceration,6,108,157,79,21,94,36.9
30010147,3,back pain,2,104,147,83,21,100,37.9
30010148,3,back pain,5,98,144,62,20,95,37.9
30010149,4,anxiety,6,98,129,65,19,95,37.6
30010150,3,knee pain,7,122,130,81,21,95,37.0
30010151,3,chest pain,0,66,135,65,18,100,38.3
30010152,2,anxiety,8,70,107,77,23,90,37.2
30010153,3,shortness of breath,4,98,165,73,18,95,36.7
30010154,3,back pain,3,58,119,78,21,95,36.9
30010155,1,abdominal pain,9,103,168,85,16,99,36.9
30010156,3,anxiety,7,90,132,106,11,98,37.3
30010157,2,back pain,9,56,154,89,18,95,37.5
30010158,1,abdominal pain,7,86,123,66,22,93,36.6
30010159,3,back pain,1,90,117,103,14,100,36.2
30010160,3,chest pain,7,96,127,69,18,97,37.2
30010161,4,chest pain,3,56,135,88,18,97,38.0
30010162,2,laceration,8,71,130,61,22,95,37.0
30010163,3,fall,5,49,130,93,16,100,37.3
30010164,3,knee pain,5,77,102,109,12,95,37.0
30010165,3,headache,1,86,108,96,13,98,35.6
30010166,2,back pain,9,74,122,75,14,96,37.0
30010167,2,anxiety,10,82,122,109,20,95,37.3
30010168,1,chest pain,10,91,94,53,23,92,38.0
30010169,3,abdominal pain,6,81,133,77,18,100,37.3
30010170,2,fall,7,85,137,47,14,99,37.0
30010171,3,abdominal pain,2,91,121,89,19,100,37.9
30010172,3,fall,4,76,97,54,14,100,36.6
30010173,3,fall,3,98,119,80,20,100,37.0
30010174,3,chest pain,6,108,111,71,19,98,37.2
30010175,2,abdominal pain,7,79,145,72,22,99,37.4
30010176,4,anxiety,2,84,111,92,20,98,37.2
30010177,3,chest pain,6,98,115,95,18,92,35.3
30010178,3,knee pain,3,91,126,82,12,100,37.1
30010179,3,back pain,4,50,128,84,20,100,38.1
30010180,3,abdominal pain,7,84,135,67,21,97,37.1
30010181,3,chest pain,2,80,126,88,19,92,37.7
30010182,3,fever,3,80,143,77,20,100,36.8
30010183,2,chest pain,7,67,120,51,17,94,36.6
30010184,2,fall,7,77,141,93,16,100,37.0
30010185,3,headache,1,90,172,92,15,96,38.4
30010186,3,chest pain,4,78,127,92,12,96,37.7
30010187,3,chest pain,3,93,146,80,11,92,37.9
30010188,4,knee pain,4,84,105,79,22,95,35.8
30010189,4,chest pain,1,95,118,94,18,100,36.7
30010190,3,shortness of breath,3,82,129,75,17,97,36.8
30010191,3,back pain,0,99,140,55,17,94,36.7
30010192,4,headache,0,79,118,84,15,98,37.1
30010193,3,abdominal pain,0,84,136,89,18,99,36.7
30010194,2,back pain,10,88,121,103,20,95,36.8
30010195,3,headache,5,56,161,75,20,100,36.1
30010196,3,knee pain,4,78,77,85,18,99,37.2
30010197,3,headache,6,76,115,58,22,99,38.0
30010198,3,chest pain,2,82,154,78,15,100,37.7
30010199,2,chest pain,9,82,115,52,18,100,36.8
30010200,3,fall,6,75,141,53,21,91,37.1
30010201,3,fall,2,65,152,65,14,98,37.9
30010202,2,fever,8,91,154,92,15,99,37.2
30010203,1,knee pain,9,85,154,82,13,98,37.9
30010204,3,knee pain,3,87,96,99,16,94,37.5
30010205,3,back pain,1,119,99,65,21,97,37.3
30010206,3,knee pain,5,84,117,71,17,96,37.5
30010207,3,headache,6,102,158,56,19,100,37.9
30010208,4,abdominal pain,1,81,166,77,20,96,36.5
30010209,3,knee pain,2,78,144,83,19,99,36.3
30010210,4,fall,2,114,151,85,19,97,36.7
30010211,3,abdominal pain,6,103,126,89,15,98,36.7
30010212,3,fever,7,78,120,84,27,100,37.0
30010213,3,fever,5,91,139,73,14,94,37.7
30010214,3,knee pain,1,107,134,84,10,99,36.6
30010215,5,laceration,7,113,122,111,18,99,35.9
30010216,3,chest pain,1,94,97,97,20,95,37.1
30010217,3,headache,0,83,129,101,10,95,36.5
30010218,4,anxiety,3,103,138,107,22,100,37.8
30010219,3,abdominal pain,7,83,114,78,16,96,38.0
30010220,3,fall,0,91,150,88,12,94,36.8
30010221,2,fever,6,88,144,88,16,90,36.8
30010222,3,abdominal pain,3,65,144,75,12,94,39.5
30010223,5,headache,2,87,109,85,19,97,36.8
30010224,3,laceration,6,87,130,89,18,95,38.3
30010225,3,fall,5,82,141,98,22,98,37.2
30010226,4,anxiety,3,87,95,83,23,98,36.6
30010227,2,headache,6,70,112,76,22,97,37.0
30010228,3,anxiety,1,66,154,91,12,98,36.4
30010229,3,anxiety,3,87,115,66,17,94,37.6
30010230,3,fall,3,68,152,76,15,93,36.6
30010231,3,knee pain,2,106,120,93,18,99,37.8
30010232,4,shortness of breath,6,98,132,104,23,97,37.2
30010233,3,fall,6,90,102,110,23,98,36.4
30010234,3,anxiety,1,75,121,75,12,95,37.9
30010235,4,chest pain,0,62,140,99,19,96,37.7
30010236,4,chest pain,1,74,119,92,20,95,38.0
30010237,3,fever,0,93,137,94,15,96,36.6
30010238,3,abdominal pain,2,105,119,71,15,94,35.5
30010239,3,abdominal pain,5,83,121,64,17,97,38.1
30010240,3,fever,2,96,110,70,9,98,38.4
30010241,3,knee pain,7,119,123,81,24,96,37.1
30010242,3,fever,5,106,148,94,16,100,36.6
30010243,3,fall,2,82,140,80,27,100,37.3
30010244,4,fall,2,79,104,83,15,94,37.1
30010245,4,laceration,6,111,135,72,27,96,37.5
30010246,3,fever,5,65,120,72,16,98,38.7
30010247,3,laceration,2,107,129,78,12,100,37.0
30010248,3,shortness of breath,4,83,150,88,22,92,37.3
30010249,3,abdominal pain,7,90,115,102,17,94,38.1
30010250,2,shortness of breath,6,92,119,101,19,99,37.7
30010251,5,fall,6,89,112,58,24,90,37.3
30010252,2,fall,9,80,161,78,25,100,37.8
30010253,4,fall,2,112,162,63,22,100,35.2
30010254,1,abdominal pain,6,70,111,94,13,94,36.0
30010255,4,chest pain,4,70,101,100,13,98,35.2
30010256,4,chest pain,6,84,113,57,19,100,37.7
30010257,3,fall,5,91,127,64,22,100,38.5
30010258,4,back pain,5,73,125,76,21,94,37.2
30010259,4,chest pain,5,102,161,90,18,99,35.9
30010260,3,back pain,6,79,131,96,20,96,37.3
30010261,3,shortness of breath,1,101,108,81,17,97,36.5
30010262,4,fall,6,69,110,74,23,95,37.4
30010263,2,back pain,8,76,118,90,16,98,36.5
30010264,3,chest pain,6,77,135,69,18,99,38.0
30010265,3,fall,0,90,142,87,24,100,36.4
30010266,3,headache,3,86,130,99,12,100,36.5
30010267,3,laceration,2,104,118,65,24,99,36.8
30010268,5,chest pain,6,80,116,86,18,97,36.6
30010269,3,anxiety,7,67,140,71,20,98,37.3
30010270,3,fever,5,79,148,75,20,98,38.7
30010271,2,chest pain,6,99,146,97,18,98,37.0
30010272,4,anxiety,0,97,120,46,22,97,37.3
30010273,3,headache,6,84,132,72,30,96,37.1
30010274,2,anxiety,9,71,108,97,17,98,37.5
30010275,2,chest pain,6,119,131,70,16,96,37.3
30010276,2,headache,8,112,103,98,20,96,36.3
30010277,4,laceration,0,90,134,77,22,99,36.6
30010278,4,fall,5,92,156,86,14,98,35.7
30010279,4,laceration,7,92,138,69,16,94,36.5
30010280,3,anxiety,2,74,110,79,16,97,35.6
30010281,2,headache,6,54,134,100,12,98,36.1
30010282,3,abdominal pain,5,76,135,77,23,98,36.4
30010283,3,laceration,1,79,120,62,19,99,36.9
30010284,3,fever,3,71,77,78,27,96,37.4
30010285,4,abdominal pain,5,84,109,60,10,93,38.6
30010286,4,headache,4,94,115,63,19,100,35.3
30010287,2,abdominal pain,6,93,102,86,13,99,36.7
30010288,3,shortness of breath,2,55,92,75,19,96,37.8
30010289,3,laceration,0,113,80,74,19,98,39.5
30010290,3,headache,1,85,118,83,26,96,37.1
30010291,4,laceration,7,118,112,97,17,100,36.5
30010292,3,laceration,5,72,109,73,21,95,36.8
30010293,1,knee pain,7,98,125,97,17,100,36.0
30010294,4,headache,3,126,124,76,19,97,36.8
30010295,2,fever,10,95,123,94,19,94,37.0
30010296,5,laceration,4,73,174,84,16,95,36.9
30010297,3,laceration,0,79,155,69,11,96,36.7
30010298,3,fall,4,85,130,55,14,97,36.6
30010299,2,headache,6,74,138,92,18,96,36.1
30010300,4,headache,3,92,79,58,14,99,36.8
30010301,3,laceration,2,87,122,68,25,97,36.6
30010302,3,headache,1,82,109,90,24,98,37.6
30010303,3,fever,4,63,84,74,14,94,36.8
30010304,3,fever,4,71,118,96,23,98,37.3
30010305,3,laceration,6,117,93,86,18,96,37.5
30010306,3,knee pain,3,90,124,65,23,91,37.5
30010307,3,back pain,0,97,119,89,19,100,36.2
30010308,3,shortness of breath,4,96,125,100,20,93,37.9
30010309,4,shortness of breath,3,71,160,83,17,97,37.3
30010310,4,laceration,0,95,119,95,32,98,37.7
30010311,3,back pain,2,76,118,99,19,99,37.1
30010312,3,back pain,6,97,121,73,13,97,35.3
30010313,3,back pain,5,102,134,82,21,100,37.2
30010314,4,fall,4,85,92,62,19,97,35.3
30010315,3,headache,3,113,118,88,17,100,37.8
30010316,2,abdominal pain,10,103,119,80,21,100,38.2
30010317,3,anxiety,4,79,137,88,19,96,35.2
30010318,2,anxiety,9,92,105,82,15,99,34.6
30010319,3,chest pain,2,88,117,81,18,94,36.7
30010320,1,abdominal pain,9,84,96,51,14,98,36.9
30010321,2,fall,8,72,159,98,16,96,36.3
30010322,3,chest pain,0,55,134,67,14,100,38.6
30010323,1,shortness of breath,7,71,161,97,16,97,38.4
30010324,3,fever,3,105,128,78,17,99,36.4
30010325,3,fall,5,66,133,43,20,95,36.3
30010326,3,headache,5,93,147,69,16,100,37.6
30010327,3,fall,0,98,110,69,17,99,36.3
30010328,3,back pain,4,111,138,95,21,90,36.7
30010329,4,back pain,4,101,127,73,22,93,37.8
30010330,2,laceration,6,108,126,112,14,99,35.3
30010331,3,back pain,6,92,115,55,18,99,36.4
30010332,3,headache,1,80,134,119,21,96,37.6
30010333,4,knee pain,6,115,143,77,19,99,36.2
30010334,3,fever,4,106,98,93,20,99,37.4
30010335,3,back pain,2,112,112,78,17,100,37.1
30010336,3,laceration,6,56,124,91,22,97,36.2
30010337,3,shortness of breath,3,75,131,85,16,98,38.3
30010338,3,anxiety,6,53,113,80,22,94,37.5
30010339,3,laceration,2,77,98,100,22,100,37.1
30010340,4,shortness of breath,1,81,99,90,17,93,38.4
30010341,3,abdominal pain,1,70,157,100,26,99,37.2
30010342,3,abdominal pain,4,122,121,98,16,97,35.6
30010343,4,shortness of breath,6,82,137,86,15,94,36.2
30010344,3,anxiety,4,92,100,57,14,100,37.4
30010345,2,fever,7,65,109,97,20,96,38.4
30010346,3,fever,2,78,108,80,14,99,37.9
30010347,3,chest pain,6,113,114,75,17,100,37.0
30010348,4,knee pain,1,110,144,65,20,95,35.9
30010349,4,knee pain,0,65,114,69,11,97,36.8
30010350,3,headache,6,92,146,56,14,97,35.6
30010351,3,headache,0,86,105,61,17,94,38.8
30010352,3,abdominal pain,5,92,140,90,20,100,36.7
30010353,3,knee pain,7,99,138,76,16,96,38.1
30010354,4,headache,5,98,113,92,17,99,38.5
30010355,3,laceration,0,94,114,67,15,100,37.2
30010356,3,knee pain,3,81,121,66,12,93,36.0
30010357,3,shortness of breath,1,82,132,94,11,96,37.2
30010358,3,abdominal pain,4,85,106,42,27,97,37.0
30010359,3,laceration,6,84,147,97,14,91,35.5
30010360,3,chest pain,4,89,157,77,22,91,36.8
30010361,5,knee pain,5,87,135,78,9,96,36.5
30010362,3,back pain,6,110,125,94,9,95,37.7
30010363,2,fever,8,88,135,44,14,99,36.1
30010364,2,fall,9,76,159,78,7,100,37.3
30010365,3,headache,6,59,103,98,19,98,37.2
30010366,3,fall,1,83,138,69,29,100,36.9
30010367,4,back pain,5,87,129,78,18,95,36.9
30010368,4,shortness of breath,2,91,84,64,16,96,35.1
30010369,3,anxiety,5,108,149,69,20,93,36.8
30010370,3,fever,0,73,113,73,16,97,38.3
30010371,3,headache,4,84,98,105,18,95,37.8
30010372,4,fall,1,86,112,90,22,100,37.8
30010373,3,knee pain,6,79,130,77,11,94,37.5
30010374,4,headache,2,83,120,70,17,96,36.9
30010375,4,fever,3,78,142,76,15,95,35.7
30010376,3,fever,6,96,93,65,17,100,36.9
30010377,4,abdominal pain,6,96,87,78,19,100,38.2
30010378,3,headache,5,55,98,76,16,99,37.2
30010379,2,back pain,8,59,126,68,21,100,37.8
30010380,3,fever,3,67,142,97,19,100,37.5
30010381,3,abdominal pain,5,88,99,63,17,100,38.3
30010382,3,anxiety,3,89,130,83,14,94,36.6
30010383,4,shortness of breath,0,67,134,76,14,94,37.6
30010384,4,fever,4,98,104,72,22,99,34.9
30010385,3,chest pain,4,81,110,87,22,93,38.1
30010386,3,fall,7,69,134,107,21,97,36.3
30010387,2,knee pain,6,89,114,74,19,100,36.4
30010388,2,anxiety,7,95,121,61,27,100,36.1
30010389,2,laceration,8,95,128,65,18,100,36.3
30010390,4,abdominal pain,6,72,87,64,20,92,37.7
30010391,4,shortness of breath,1,70,104,72,14,98,36.4
30010392,3,knee pain,2,84,147,85,14,93,36.3
30010393,2,knee pain,9,77,70,87,21,95,38.1
30010394,3,headache,6,89,127,76,18,98,36.7
30010395,3,anxiety,2,86,120,69,16,98,37.3
30010396,3,abdominal pain,3,91,90,83,13,95,36.6
30010397,2,headache,9,82,115,104,16,100,37.7
30010398,3,fall,7,83,143,77,17,92,37.3
30010399,3,shortness of breath,3,75,132,63,15,94,37.1
30010400,3,anxiety,6,85,123,94,21,98,36.5
30010401,4,fall,7,70,105,62,21,100,37.1
30010402,3,abdominal pain,1,88,104,84,18,99,35.7
30010403,2,shortness of breath,7,62,129,71,16,95,37.9
30010404,3,abdominal pain,5,49,120,98,21,98,38.0
30010405,3,chest pain,2,90,135,68,21,91,37.1
30010406,3,laceration,5,81,119,86,13,99,36.1
30010407,3,knee pain,2,109,143,88,18,100,38.2
30010408,3,anxiety,7,98,103,57,21,100,36.8
30010409,3,anxiety,1,92,132,64,21,96,37.8
30010410,2,abdominal pain,10,97,131,82,12,95,36.7
30010411,3,anxiety,4,70,157,109,15,90,35.5
30010412,3,fever,0,67,147,81,25,95,37.6
30010413,2,knee pain,10,108,96,102,21,93,37.1
30010414,3,headache,0,61,104,82,18,97,35.2
30010415,4,knee pain,1,83,116,79,21,92,36.8
30010416,2,fall,9,105,142,101,18,91,37.3
30010417,3,back pain,0,60,110,114,17,96,37.7
30010418,5,headache,4,102,119,84,27,96,37.6
30010419,3,chest pain,2,86,117,68,26,97,37.4
30010420,3,knee pain,1,92,124,70,22,99,36.9
30010421,4,headache,3,83,117,77,17,95,36.3
30010422,3,knee pain,1,87,138,76,23,97,36.1
30010423,3,fever,4,86,127,48,24,94,36.2
30010424,4,knee pain,1,71,140,88,9,98,37.8
30010425,3,fever,6,73,110,98,19,99,36.8
30010426,3,back pain,3,109,104,96,11,100,37.2
30010427,2,shortness of breath,7,89,125,72,18,95,36.0
30010428,3,back pain,5,77,142,82,22,100,36.7
30010429,3,back pain,3,76,145,73,19,99,37.4
30010430,3,fall,2,91,121,82,9,93,37.7
30010431,2,anxiety,9,97,117,93,9,95,35.9
30010432,3,abdominal pain,4,91,131,100,13,95,36.7
30010433,3,knee pain,6,71,125,55,18,97,37.4
30010434,3,chest pain,4,89,123,82,22,94,36.3
30010435,2,fever,6,91,114,85,18,97,37.6
30010436,4,chest pain,6,76,119,62,21,100,37.9
30010437,5,headache,3,111,153,99,18,96,37.2
30010438,4,laceration,0,92,97,58,19,98,35.7
30010439,3,headache,5,85,125,82,15,98,37.1
30010440,3,knee pain,2,92,135,82,14,100,38.3
30010441,3,back pain,7,69,144,60,16,98,36.8
30010442,3,anxiety,4,71,136,79,22,92,36.6
30010443,3,fever,1,107,121,105,17,100,37.2
30010444,4,laceration,4,78,123,70,16,95,37.4
30010445,5,shortness of breath,1,85,148,79,20,94,36.0
30010446,3,headache,1,85,104,76,15,96,36.6
30010447,3,laceration,2,76,116,74,13,97,36.8
30010448,5,fever,5,94,131,78,20,97,36.8
30010449,3,back pain,3,81,118,91,21,98,38.1
30010450,2,laceration,8,107,135,79,20,99,36.6
30010451,2,knee pain,7,62,105,67,20,100,38.2
30010452,5,chest pain,6,90,158,91,21,100,35.9
30010453,3,back pain,2,68,114,52,18,94,37.8
30010454,3,knee pain,0,98,123,71,18,100,37.1
30010455,3,knee pain,6,79,140,78,20,96,37.4
30010456,4,shortness of breath,5,89,96,85,25,98,35.9
30010457,3,knee pain,3,93,122,75,12,97,35.0
30010458,4,back pain,7,91,109,96,19,98,36.7
30010459,3,shortness of breath,0,64,121,87,16,96,37.9
30010460,3,knee pain,4,101,116,76,24,94,37.1
30010461,2,back pain,7,80,137,116,21,91,37.3
30010462,2,headache,9,91,91,78,19,96,38.4
30010463,5,fever,6,74,138,65,21,100,36.1
30010464,4,chest pain,5,75,114,74,15,96,36.1
30010465,3,fever,4,61,101,79,17,96,38.0
30010466,3,headache,7,83,102,72,14,95,37.2
30010467,3,knee pain,3,94,121,90,25,97,37.8
30010468,3,anxiety,0,89,170,69,23,94,36.6
30010469,3,anxiety,4,94,115,109,17,100,35.7
30010470,3,shortness of breath,6,59,97,92,23,96,36.8
30010471,3,abdominal pain,2,84,87,89,19,96,36.6
30010472,2,knee pain,7,99,94,99,19,95,36.7
30010473,4,back pain,6,91,144,97,21,93,37.4
30010474,3,laceration,7,85,86,97,15,98,38.3
30010475,3,shortness of breath,4,109,109,81,10,100,37.5
30010476,2,fall,7,83,109,83,20,99,36.4
30010477,5,chest pain,3,71,149,67,24,99,36.3
30010478,3,knee pain,6,72,117,68,14,99,35.7
30010479,5,abdominal pain,5,42,102,90,15,95,36.7
30010480,3,headache,3,54,101,67,13,96,37.4
30010481,3,chest pain,0,76,118,84,17,96,38.2
30010482,2,anxiety,8,83,144,78,20,96,37.0
30010483,4,fall,4,83,127,79,8,95,35.0
30010484,3,anxiety,1,64,149,75,15,93,37.6
30010485,2,back pain,9,48,140,75,18,95,36.8
30010486,5,abdominal pain,5,75,186,87,19,95,35.4
30010487,4,fall,2,96,90,61,18,96,36.1
30010488,3,anxiety,3,81,139,86,18,95,37.7
30010489,3,fever,3,93,136,73,16,100,37.5
30010490,3,laceration,7,78,126,91,9,94,36.9
30010491,3,laceration,4,96,89,53,21,97,37.0
30010492,3,headache,0,92,110,89,14,99,36.8
30010493,3,anxiety,5,81,82,94,21,100,37.7
30010494,3,anxiety,3,100,133,92,22,93,38.0
30010495,3,headache,0,72,134,97,15,100,37.7
30010496,1,fever,6,69,128,80,20,97,36.9
30010497,3,knee pain,1,91,127,70,13,95,36.3
30010498,3,headache,3,73,127,51,16,98,35.8
30010499,4,anxiety,1,69,185,78,19,95,38.0
30010500,3,fever,0,65,123,73,17,94,36.3
30010501,3,anxiety,5,61,134,67,25,99,38.9
30010502,4,knee pain,1,81,90,70,17,94,37.2
30010503,1,chest pain,8,85,127,79,17,97,37.1
30010504,3,fever,1,110,151,91,17,90,37.1
30010505,5,headache,4,95,118,86,21,97,39.1
30010506,3,back pain,4,100,132,87,10,100,36.3
30010507,2,anxiety,10,93,155,40,19,97,37.0
30010508,3,anxiety,2,88,134,67,16,93,36.0
30010509,3,headache,2,85,135,76,19,93,36.3
30010510,5,headache,0,82,139,66,20,96,37.5
30010511,3,chest pain,3,86,139,106,22,93,37.8
30010512,3,shortness of breath,6,67,134,76,17,100,38.2
30010513,2,anxiety,8,89,99,77,20,93,37.9
30010514,4,chest pain,3,78,126,93,14,95,37.9
30010515,3,knee pain,6,77,122,77,15,90,36.2
30010516,4,anxiety,2,109,141,85,20,96,36.4
30010517,4,back pain,1,87,102,83,17,99,37.8
30010518,2,fever,8,101,135,62,18,96,37.1
30010519,3,fall,5,85,133,66,17,95,36.0
30010520,3,fever,3,98,107,95,22,97,36.0
30010521,2,headache,10,89,163,102,19,95,37.7
30010522,3,laceration,1,95,134,88,12,100,37.0
30010523,3,anxiety,7,76,137,72,11,97,36.9
30010524,3,fever,5,90,155,99,12,99,36.5
30010525,2,chest pain,10,88,124,96,22,96,37.9
30010526,4,chest pain,2,76,132,83,18,96,37.3
30010527,1,laceration,9,88,144,81,24,98,36.5
30010528,3,headache,2,102,104,107,19,97,37.1
30010529,4,knee pain,2,81,106,88,19,97,35.9
30010530,3,knee pain,1,81,88,90,21,97,37.1
30010531,3,chest pain,4,87,160,73,11,95,37.2
30010532,5,chest pain,5,71,121,67,16,95,36.8
30010533,3,anxiety,0,79,133,82,21,97,35.4
30010534,3,shortness of breath,1,69,150,86,24,99,36.7
30010535,2,headache,10,90,133,66,20,98,38.0
30010536,2,fever,7,90,119,60,12,95,36.1
30010537,3,knee pain,5,107,135,88,12,99,38.5
30010538,1,headache,8,63,113,81,10,98,36.8
30010539,2,fever,7,98,135,87,18,100,37.4
30010540,4,abdominal pain,1,107,125,89,25,97,35.7
30010541,3,anxiety,4,75,89,87,17,95,37.4
30010542,4,shortness of breath,7,66,142,47,17,95,37.9
30010543,4,chest pain,5,74,133,73,25,100,38.1
30010544,4,laceration,7,59,130,70,20,97,36.3
30010545,3,shortness of breath,4,112,125,67,12,100,37.0
30010546,3,chest pain,1,53,132,89,11,96,36.6
30010547,3,chest pain,1,79,118,68,15,97,36.1
30010548,3,headache,7,87,126,91,16,100,36.0
30010549,3,anxiety,2,69,146,79,13,92,37.9
30010550,3,shortness of breath,4,77,135,80,18,99,37.2
30010551,3,headache,5,107,118,79,21,99,36.0
30010552,4,abdominal pain,3,73,155,112,15,93,36.6
30010553,4,shortness of breath,2,104,148,99,17,95,36.2
30010554,3,shortness of breath,0,77,107,89,16,100,38.0
30010555,1,anxiety,9,92,111,87,17,98,37.3
30010556,2,shortness of breath,9,68,112,48,13,98,37.4
30010557,3,fall,6,76,112,82,12,96,38.3
30010558,4,chest pain,5,87,114,91,15,96,37.0
30010559,1,back pain,8,47,108,45,10,98,36.7
30010560,3,chest pain,3,123,134,84,11,98,37.5
30010561,2,abdominal pain,10,93,128,77,15,93,37.3
30010562,3,headache,4,82,115,86,15,98,36.8
30010563,3,headache,7,57,132,78,20,93,36.3
30010564,3,back pain,7,101,125,94,15,96,36.7
30010565,4,fall,4,96,117,91,17,100,37.1
30010566,1,knee pain,10,74,114,86,19,98,36.4
30010567,1,fever,7,90,107,64,13,99,37.6
30010568,3,shortness of breath,5,105,106,94,11,98,37.2
30010569,3,back pain,4,109,124,81,17,98,36.3
30010570,4,fall,2,89,137,95,17,99,37.3
30010571,3,fall,2,96,110,51,7,96,36.5
30010572,2,fall,10,97,116,57,15,99,36.7
30010573,3,knee pain,1,89,152,65,20,96,36.9
30010574,3,shortness of breath,0,88,120,91,20,95,37.6
30010575,1,fall,9,77,132,93,13,99,37.5
30010576,3,back pain,4,107,136,94,15,94,38.0
30010577,2,fever,10,66,138,94,22,99,36.6
30010578,4,chest pain,4,94,138,85,12,93,38.4
30010579,3,fever,6,101,118,71,20,94,36.5
30010580,3,shortness of breath,5,80,111,79,24,94,36.2
30010581,2,back pain,10,70,112,58,17,97,37.9
30010582,1,back pain,10,86,136,80,21,98,38.5
30010583,2,fall,7,73,102,55,21,98,37.2
30010584,2,fall,7,103,155,76,24,96,36.7
30010585,3,abdominal pain,0,86,139,77,21,92,37.2
30010586,3,anxiety,6,97,112,93,25,100,37.5
30010587,2,abdominal pain,9,80,148,85,18,98,37.6
30010588,3,anxiety,4,61,164,79,22,97,36.8
30010589,3,knee pain,4,90,125,59,13,90,37.2
30010590,1,fall,9,85,104,64,15,100,37.3
30010591,2,anxiety,6,74,102,87,22,100,38.1
30010592,3,laceration,0,69,131,64,20,98,37.0
30010593,2,headache,7,95,105,80,18,97,37.3
30010594,2,back pain,7,94,119,81,14,95,36.3
30010595,2,abdominal pain,9,88,125,69,23,99,37.4
30010596,4,chest pain,0,82,123,79,17,99,37.8
30010597,3,abdominal pain,6,101,124,109,18,100,35.2
30010598,4,fever,2,87,110,49,21,100,37.1
30010599,1,laceration,6,73,101,78,23,97,36.5
30010600,3,anxiety,6,89,131,61,13,91,36.6
30010601,2,fall,10,88,131,83,23,100,35.6
30010602,3,laceration,6,129,140,98,21,94,38.5
30010603,3,abdominal pain,7,81,122,73,10,93,36.3
30010604,4,headache,5,74,115,64,19,95,38.3
30010605,4,knee pain,2,58,140,92,18,97,36.7
30010606,3,headache,1,96,122,97,23,100,36.5
30010607,3,fever,5,85,140,68,13,98,36.6
30010608,2,fever,6,87,134,96,22,97,36.4
30010609,3,back pain,3,67,145,69,16,97,37.7
30010610,5,back pain,2,72,161,87,17,99,37.3
30010611,3,anxiety,7,62,136,96,19,96,35.7
30010612,1,headache,7,91,122,92,19,99,35.9
30010613,4,fall,6,87,138,69,14,97,36.8
30010614,4,knee pain,5,70,117,113,21,98,36.8
30010615,3,fall,7,65,118,88,20,94,38.2
30010616,3,fall,5,71,144,105,24,97,38.8
30010617,2,shortness of breath,9,77,118,84,22,97,36.0
30010618,4,anxiety,5,72,153,84,15,100,36.9
30010619,3,fever,3,61,138,77,19,99,37.5
30010620,3,shortness of breath,6,89,140,67,7,90,38.2
30010621,2,fever,10,81,124,70,20,93,38.9
30010622,5,back pain,3,102,151,55,15,97,36.4
30010623,5,laceration,2,84,109,84,19,97,36.2
30010624,4,anxiety,4,75,108,68,17,98,35.7
30010625,3,laceration,7,96,140,69,15,100,37.9
30010626,3,knee pain,7,97,134,84,21,96,36.4
30010627,2,shortness of breath,8,90,127,58,20,92,37.2
30010628,3,back pain,3,85,138,59,13,98,36.1
30010629,3,anxiety,3,112,78,73,17,98,36.7
30010630,4,fever,1,105,146,95,14,99,36.4
30010631,2,chest pain,7,71,116,95,22,94,37.2
30010632,2,fall,9,111,112,84,17,95,36.9
30010633,4,abdominal pain,3,72,108,80,18,95,35.2
30010634,2,headache,7,54,113,63,11,97,37.2
30010635,1,abdominal pain,10,98,105,87,14,99,38.4
30010636,5,chest pain,5,72,125,67,17,94,36.7
30010637,3,laceration,7,83,100,109,17,100,36.8
30010638,3,laceration,2,81,127,84,18,99,37.0
30010639,3,knee pain,3,79,120,41,16,96,37.1
30010640,3,anxiety,0,75,139,87,29,95,37.4
30010641,3,laceration,0,99,102,92,18,99,37.1
30010642,2,shortness of breath,9,90,114,81,18,99,37.2
30010643,3,laceration,6,106,126,85,19,98,37.7
30010644,3,fall,2,66,95,83,23,97,36.2
30010645,3,knee pain,5,55,114,79,18,95,37.9
30010646,3,abdominal pain,6,87,125,75,16,92,37.7
30010647,3,back pain,1,101,111,74,22,98,36.7
30010648,2,shortness of breath,7,110,130,77,11,96,38.1
30010649,1,abdominal pain,9,78,113,95,18,100,37.5
30010650,3,shortness of breath,5,60,104,83,20,100,37.2
30010651,3,fever,1,85,121,75,22,98,37.1
30010652,4,headache,5,93,168,85,22,96,38.2
30010653,3,shortness of breath,4,113,140,82,11,100,37.5
30010654,5,anxiety,1,106,153,77,21,99,37.7
30010655,3,headache,2,89,129,65,11,97,37.2
30010656,3,chest pain,3,94,110,80,17,95,37.1
30010657,3,laceration,2,79,132,69,22,100,37.8
30010658,3,abdominal pain,4,81,73,68,18,95,35.5
30010659,3,back pain,6,84,132,62,22,98,37.4
30010660,3,back pain,7,54,126,76,21,99,36.5
30010661,1,knee pain,6,111,132,71,19,100,36.2
30010662,5,laceration,5,95,117,75,24,98,35.5
30010663,3,anxiety,5,85,127,103,12,99,36.7
30010664,3,back pain,0,103,116,99,17,93,36.5
30010665,3,headache,6,64,131,95,17,97,36.7
30010666,1,knee pain,10,91,146,56,19,100,37.7
30010667,3,abdominal pain,5,91,131,73,12,93,38.0
30010668,4,fever,5,97,137,95,24,97,36.5
30010669,3,back pain,0,86,143,74,18,99,38.1
30010670,3,knee pain,3,85,106,79,20,94,37.8
30010671,3,chest pain,5,89,142,88,17,97,35.9
30010672,4,laceration,4,81,134,107,15,93,37.9
30010673,1,chest pain,7,90,111,84,20,94,37.2
30010674,1,chest pain,7,72,146,76,23,94,36.3
30010675,3,fever,0,68,127,54,23,98,37.3
30010676,3,shortness of breath,3,90,147,99,12,94,37.8
30010677,1,abdominal pain,9,85,121,75,16,100,37.9
30010678,4,fever,6,107,131,61,18,97,37.4
30010679,3,fever,5,89,125,87,22,100,37.2
30010680,3,back pain,7,44,123,79,22,94,37.6
30010681,3,anxiety,3,104,109,103,15,92,36.2
30010682,1,fever,6,87,115,80,18,96,37.0
30010683,3,shortness of breath,6,119,134,56,22,97,36.3
30010684,3,back pain,0,84,124,99,21,96,37.1
30010685,3,anxiety,7,105,145,81,15,95,37.3
30010686,2,knee pain,9,80,137,69,18,98,37.3
30010687,4,fall,4,79,96,86,20,99,37.9
30010688,2,shortness of breath,8,83,122,74,18,90,36.6
30010689,3,knee pain,6,102,147,75,21,95,37.1
30010690,3,shortness of breath,3,100,102,74,10,96,38.5
30010691,3,chest pain,7,83,110,67,21,93,37.3
30010692,4,chest pain,0,60,150,97,16,100,36.9
30010693,5,headache,5,56,126,52,20,95,37.9
30010694,2,fall,6,90,126,54,14,97,37.1
30010695,3,anxiety,7,81,138,83,18,100,37.9
30010696,3,abdominal pain,7,127,120,101,25,95,36.2
30010697,3,fall,1,85,111,64,15,95,37.4
30010698,3,fall,5,48,137,107,17,92,37.7
30010699,2,knee pain,9,90,137,85,17,99,36.2
30010700,3,fall,6,106,151,77,21,100,37.4
30010701,4,chest pain,2,96,108,92,21,100,37.1
30010702,3,abdominal pain,0,85,109,97,25,96,37.3
30010703,3,fall,7,96,93,62,23,96,37.6
30010704,1,back pain,10,87,121,76,21,100,37.7
30010705,2,laceration,10,86,120,52,23,97,36.5
30010706,3,abdominal pain,0,87,162,62,18,92,36.5
30010707,3,abdominal pain,7,91,103,85,21,99,36.5
30010708,3,fever,0,87,94,73,17,100,36.9
30010709,3,headache,7,66,149,78,27,96,36.8
30010710,3,fall,1,97,140,82,15,93,36.3
30010711,3,laceration,5,62,114,101,23,91,37.2
30010712,3,knee pain,0,89,151,80,21,100,38.1
30010713,3,fall,1,94,137,58,10,100,37.6
30010714,3,knee pain,4,90,113,81,14,97,37.4
30010715,3,chest pain,3,48,104,93,19,96,36.9
30010716,1,fall,7,98,110,65,16,97,36.2
30010717,2,abdominal pain,9,71,133,64,11,99,37.3
30010718,3,abdominal pain,2,93,97,86,26,94,37.0
30010719,2,back pain,8,74,83,53,18,97,38.3
30010720,3,shortness of breath,7,108,150,83,20,96,37.6
30010721,4,knee pain,5,96,99,68,15,97,37.7
30010722,3,headache,5,104,99,61,16,100,36.8
30010723,5,chest pain,6,94,91,74,16,97,36.0
30010724,3,chest pain,0,101,124,74,25,95,37.7
30010725,4,laceration,3,102,92,76,16,95,37.3
30010726,3,abdominal pain,3,93,133,57,19,97,37.1
30010727,3,anxiety,0,99,140,74,13,95,38.0
30010728,4,fever,5,115,111,103,23,100,37.0
30010729,4,back pain,2,77,138,61,23,99,38.2
30010730,4,fever,1,66,126,83,22,99,38.1
30010731,3,laceration,0,83,140,100,20,98,36.9
30010732,3,fall,3,67,130,99,15,96,36.2
30010733,2,knee pain,6,96,135,72,11,98,37.4
30010734,3,abdominal pain,5,87,112,68,20,99,36.9
30010735,3,back pain,0,97,115,92,16,93,36.8
30010736,3,anxiety,5,79,124,90,18,95,37.0
30010737,3,chest pain,6,84,122,78,21,98,37.8
30010738,3,headache,2,78,115,85,21,94,37.8
30010739,3,laceration,4,94,101,66,23,97,38.0
30010740,3,anxiety,6,71,123,87,22,91,36.5
30010741,3,back pain,5,82,161,73,23,96,38.1
30010742,3,fall,3,74,103,79,15,100,37.4
30010743,4,fever,5,84,148,79,16,100,35.3
30010744,4,shortness of breath,6,73,95,65,16,98,36.8
30010745,4,chest pain,3,98,101,85,15,97,37.8
30010746,1,back pain,9,87,149,87,15,94,37.9
30010747,3,headache,2,95,133,71,18,97,37.7
30010748,3,shortness of breath,6,78,147,92,19,97,37.2
30010749,2,knee pain,6,93,114,72,23,100,36.9
30010750,3,laceration,6,92,111,99,18,94,35.2
30010751,2,back pain,9,85,149,83,19,99,36.7
30010752,3,laceration,4,91,157,70,18,95,36.0
30010753,3,headache,2,93,133,70,19,98,37.3
30010754,2,abdominal pain,8,74,112,76,17,97,37.5
30010755,3,chest pain,5,85,111,67,18,94,35.4
30010756,3,headache,1,93,143,67,12,98,37.0
30010757,3,abdominal pain,5,68,170,72,14,99,35.2
30010758,4,abdominal pain,7,61,129,61,15,97,37.2
30010759,4,laceration,2,78,166,69,19,96,37.4
30010760,5,headache,7,114,170,63,21,96,36.3
30010761,3,back pain,3,85,154,67,14,97,37.9
30010762,3,fever,7,99,119,94,21,99,36.4
30010763,1,fall,6,112,120,82,19,99,36.2
30010764,2,chest pain,7,95,167,114,13,97,37.4
30010765,3,fever,1,69,143,109,21,97,36.7
30010766,2,fall,6,92,159,108,16,98,36.8
30010767,3,shortness of breath,6,94,151,92,13,99,37.0
30010768,3,fever,5,69,126,73,13,96,36.0
30010769,3,fever,5,65,96,58,23,100,37.8
30010770,3,back pain,6,127,116,89,13,96,37.0
30010771,2,fall,8,104,126,74,23,98,36.8
30010772,3,chest pain,4,69,120,83,21,97,37.7
30010773,2,fever,7,84,132,65,23,96,38.3
30010774,2,laceration,9,60,126,62,14,97,36.6
30010775,5,laceration,4,69,147,84,18,96,36.0
30010776,3,anxiety,2,81,150,56,15,97,36.9
30010777,2,back pain,6,99,139,79,15,93,36.0
30010778,3,knee pain,7,74,134,71,23,97,37.6
30010779,2,anxiety,8,91,143,104,28,94,36.6
30010780,3,abdominal pain,4,121,128,86,23,99,36.9
30010781,1,fall,6,70,175,65,16,98,37.3
30010782,1,anxiety,7,100,107,50,20,98,35.1
30010783,4,fever,1,74,112,66,14,94,36.8
30010784,4,knee pain,0,94,77,78,18,95,36.2
30010785,3,headache,5,78,109,81,18,100,37.6
30010786,3,abdominal pain,3,51,124,75,19,90,37.3
30010787,3,fall,3,78,135,79,16,98,37.1
30010788,3,fall,3,102,86,62,17,96,36.2
30010789,3,laceration,0,70,112,89,14,100,35.7
30010790,4,fall,1,69,109,59,22,95,37.3
30010791,3,fever,7,99,96,90,17,96,36.6
30010792,1,anxiety,8,90,126,73,23,91,36.7
30010793,1,fall,9,73,112,70,20,95,36.9
30010794,3,fever,5,71,124,83,17,98,37.6
30010795,2,fever,7,80,140,85,12,100,37.7
30010796,3,fall,0,106,154,60,22,94,36.0
30010797,3,abdominal pain,1,64,93,69,27,94,36.5
30010798,3,shortness of breath,1,92,150,85,17,92,36.5
30010799,3,abdominal pain,6,100,132,91,10,99,36.9
30010800,2,fall,8,82,141,88,20,95,36.4
30010801,3,laceration,5,92,108,98,23,96,36.8
30010802,3,headache,2,68,118,86,21,98,35.0
30010803,2,fever,10,87,156,77,16,97,36.8
30010804,2,anxiety,10,96,136,63,15,100,37.7
30010805,2,shortness of breath,10,105,94,93,15,93,36.7
30010806,3,fall,1,116,120,71,17,95,37.3
30010807,3,fall,2,105,139,95,22,96,36.3
30010808,4,fall,5,89,116,93,18,95,36.1
30010809,3,fever,7,86,155,81,21,94,36.5
30010810,2,headache,10,101,112,83,22,92,35.4
30010811,4,anxiety,3,58,87,68,18,97,36.0
30010812,3,back pain,0,72,99,61,16,95,36.9
30010813,4,fever,6,112,129,78,25,90,37.4
30010814,2,fever,10,96,99,81,18,94,36.2
30010815,3,headache,6,100,123,106,20,100,37.2
30010816,3,chest pain,3,122,116,72,18,95,36.7
30010817,3,knee pain,6,114,136,94,20,100,36.9
30010818,2,headache,8,55,168,70,18,100,36.8
30010819,2,anxiety,9,87,147,81,12,100,37.0
30010820,4,anxiety,6,55,110,100,18,91,36.8
30010821,2,chest pain,10,73,147,97,18,96,37.0
30010822,4,chest pain,1,64,140,64,15,91,37.4
30010823,4,chest pain,2,55,108,90,21,94,37.9
30010824,4,fall,2,98,95,78,16,99,36.0
30010825,3,fever,5,77,108,82,18,100,35.8
30010826,3,shortness of breath,0,92,118,79,21,100,37.1
30010827,4,shortness of breath,1,92,135,72,16,100,37.1
30010828,4,fall,5,99,118,82,19,95,37.5
30010829,3,shortness of breath,3,91,130,68,21,100,37.1
30010830,2,back pain,10,108,147,87,17,93,37.3
30010831,3,fever,1,80,138,77,23,96,38.7
30010832,2,headache,9,68,107,51,16,98,37.5
30010833,4,headache,2,79,128,73,22,97,37.8
30010834,3,laceration,2,70,130,94,14,94,37.2
30010835,4,back pain,5,119,135,108,22,100,37.3
30010836,3,chest pain,3,84,143,71,19,93,37.6
30010837,2,chest pain,6,71,140,77,20,98,37.1
30010838,2,knee pain,6,79,140,81,10,93,37.2
30010839,3,chest pain,5,57,114,92,15,98,36.5
30010840,4,shortness of breath,1,103,150,70,25,100,37.5
30010841,4,back pain,7,115,152,78,24,96,37.1
30010842,3,shortness of breath,7,90,136,90,19,94,37.1
30010843,2,knee pain,9,67,94,59,16,97,36.7
30010844,3,chest pain,3,99,124,58,17,96,36.6
30010845,2,back pain,6,69,138,100,19,96,36.2
30010846,3,back pain,7,69,103,96,20,95,36.2
30010847,5,chest pain,2,82,116,105,20,98,36.3
30010848,3,fall,1,87,116,72,16,97,35.2
30010849,3,back pain,3,98,105,67,18,94,36.3
30010850,2,abdominal pain,7,79,98,44,14,96,37.7
30010851,3,shortness of breath,5,88,121,84,16,100,38.0
30010852,4,laceration,0,86,141,71,14,93,37.3
30010853,3,fall,6,66,152,78,16,98,37.5
30010854,3,shortness of breath,7,65,128,65,22,97,36.2
30010855,2,chest pain,6,56,128,72,17,93,36.8
30010856,2,fall,6,93,116,107,16,93,37.3
30010857,3,knee pain,7,94,150,86,22,99,37.3
30010858,3,knee pain,6,95,151,112,19,96,36.3
30010859,3,fall,7,104,114,90,9,94,37.2
30010860,5,back pain,0,72,151,61,12,91,37.9
30010861,2,headache,9,99,71,84,17,95,37.1
30010862,3,shortness of breath,0,94,132,54,20,91,37.5
30010863,2,fever,7,90,147,93,25,100,36.5
30010864,3,knee pain,0,103,165,78,15,97,35.8
30010865,2,back pain,8,87,122,83,20,99,36.9
30010866,3,laceration,1,77,106,100,11,96,36.4
30010867,3,back pain,6,84,172,99,15,98,37.2
30010868,4,fever,3,54,118,59,18,96,36.9
30010869,4,shortness of breath,5,73,129,71,25,92,37.9
30010870,4,anxiety,1,81,120,109,18,96,37.5
30010871,3,shortness of breath,3,66,129,83,17,100,37.0
30010872,4,knee pain,6,82,117,75,14,94,37.8
30010873,4,chest pain,5,98,113,117,21,100,37.0
30010874,4,anxiety,1,95,124,71,16,100,35.7
30010875,3,abdominal pain,1,77,141,69,11,99,36.5
30010876,4,fever,5,74,95,71,17,96,37.2
30010877,3,knee pain,5,96,126,74,18,98,36.6
30010878,3,back pain,7,106,121,85,15,100,36.2
30010879,3,knee pain,7,73,118,66,21,97,37.9
30010880,2,laceration,7,87,111,71,7,97,37.1
30010881,4,headache,1,92,124,94,18,95,37.2
30010882,4,shortness of breath,4,80,133,95,15,95,36.6
30010883,2,laceration,8,103,134,75,20,94,37.2
30010884,2,laceration,9,84,147,83,20,95,37.0
30010885,3,fever,0,92,84,77,23,100,36.7
30010886,3,shortness of breath,7,90,163,77,14,97,36.9
30010887,2,abdominal pain,10,80,105,95,15,95,37.8
30010888,3,laceration,5,61,110,100,22,92,37.9
30010889,3,fall,4,69,131,73,22,98,36.8
30010890,3,back pain,2,94,108,72,18,100,35.5
30010891,3,headache,3,89,126,59,20,99,36.6
30010892,3,abdominal pain,6,107,105,91,19,95,38.9
30010893,3,back pain,0,89,145,69,19,90,38.0
30010894,3,fall,1,77,121,86,18,96,38.4
30010895,3,knee pain,4,65,115,78,15,94,36.9
30010896,2,headache,6,89,125,96,18,96,37.3
30010897,4,knee pain,1,71,110,96,17,100,36.7
30010898,3,laceration,3,84,95,96,22,91,36.1
30010899,4,knee pain,3,86,144,84,20,96,36.1
30010900,4,fever,7,97,131,73,21,98,37.0
30010901,3,chest pain,2,79,122,70,19,99,36.9
30010902,2,knee pain,9,89,118,98,17,100,37.2
30010903,4,chest pain,4,73,97,99,15,100,36.5
30010904,5,knee pain,5,95,123,103,24,100,36.6
30010905,3,anxiety,0,87,146,81,21,100,36.6
30010906,3,anxiety,6,79,109,88,17,96,36.8
30010907,4,back pain,0,76,146,73,17,98,36.0
30010908,3,back pain,5,52,116,79,16,93,37.4
30010909,3,fall,5,113,131,87,18,91,39.0
30010910,3,knee pain,7,76,110,50,19,91,37.3
30010911,4,laceration,1,64,140,103,20,100,38.9
30010912,3,shortness of breath,4,77,106,91,21,95,38.3
30010913,1,anxiety,6,104,106,102,16,97,37.6
30010914,2,anxiety,7,80,103,91,21,93,37.4
30010915,3,knee pain,2,81,121,78,15,98,37.3
30010916,3,back pain,1,52,129,64,24,95,38.9
30010917,3,knee pain,6,92,154,78,18,99,37.9
30010918,1,shortness of breath,10,83,147,97,16,98,37.3
30010919,3,back pain,1,81,118,101,19,95,36.8
30010920,3,headache,7,79,135,70,16,98,38.2
30010921,3,headache,5,89,129,60,24,100,36.5
30010922,2,shortness of breath,6,108,110,76,13,100,37.2
30010923,5,back pain,1,93,147,61,14,89,37.5
30010924,4,laceration,2,66,139,75,23,99,37.8
30010925,4,laceration,1,82,147,59,12,100,37.5
30010926,3,chest pain,3,95,126,75,16,100,35.9
30010927,3,fall,5,101,108,76,16,97,37.1
30010928,2,back pain,9,71,149,77,11,92,37.1
30010929,3,headache,2,82,114,78,15,93,37.0
30010930,4,knee pain,7,71,131,53,15,100,38.5
30010931,4,abdominal pain,7,82,142,90,14,93,37.0
30010932,3,abdominal pain,1,91,109,99,11,97,36.3
30010933,3,back pain,7,88,135,68,15,100,35.6
30010934,2,headache,9,79,112,82,17,97,36.7
30010935,4,back pain,1,82,107,97,21,100,38.0
30010936,2,back pain,8,73,109,89,19,98,36.6
30010937,2,laceration,9,65,98,62,11,98,37.7
30010938,5,laceration,0,83,103,79,19,98,38.1
30010939,3,shortness of breath,5,104,130,95,10,98,37.5
30010940,3,anxiety,1,90,140,87,11,100,37.2
30010941,5,fall,0,103,133,82,12,98,36.5
30010942,3,back pain,1,95,129,71,11,93,36.7
30010943,5,back pain,1,80,156,58,19,100,37.6
30010944,3,anxiety,4,61,118,64,20,92,37.8
30010945,3,back pain,7,76,97,75,16,99,38.4
30010946,3,anxiety,4,93,131,85,20,100,36.8
30010947,4,chest pain,0,68,154,82,15,98,37.1
30010948,3,fever,3,95,125,74,18,96,37.4
30010949,3,chest pain,1,101,163,93,25,92,37.2
30010950,3,back pain,4,94,151,88,19,96,36.9
30010951,4,fever,6,62,157,87,11,95,38.9
30010952,3,abdominal pain,3,66,177,81,19,92,37.7
30010953,3,fever,3,93,114,91,10,99,37.1
30010954,5,laceration,7,81,129,88,15,99,36.6
30010955,5,back pain,4,68,114,82,15,97,36.8
30010956,4,back pain,0,85,152,101,19,96,38.3
30010957,4,chest pain,1,68,113,74,14,98,38.0
30010958,3,headache,6,82,126,46,12,98,37.4
30010959,4,knee pain,7,92,131,70,11,98,36.9
30010960,4,anxiety,0,74,112,68,23,99,36.7
30010961,3,fall,4,98,127,49,15,98,38.0
30010962,4,shortness of breath,3,71,157,95,15,97,36.4
30010963,4,chest pain,0,83,148,62,15,95,37.8
30010964,3,fever,5,76,189,72,20,92,36.8
30010965,2,fall,8,115,115,85,28,95,35.2
30010966,3,headache,0,76,113,85,13,98,37.5
30010967,1,fall,7,71,94,63,18,96,36.9
30010968,1,headache,10,107,126,95,14,98,36.8
30010969,2,chest pain,9,119,112,73,21,97,36.4
30010970,1,laceration,8,74,131,72,13,99,37.9
30010971,1,chest pain,8,76,104,84,18,99,35.6
30010972,3,back pain,4,90,129,80,20,98,37.1
30010973,3,fall,4,70,118,83,17,100,37.2
30010974,4,headache,6,83,153,77,20,92,38.2
30010975,4,laceration,5,117,145,62,25,94,36.5
30010976,3,shortness of breath,7,92,148,78,23,99,37.9
30010977,3,back pain,2,89,146,69,23,96,37.4
30010978,3,back pain,7,89,64,86,13,94,37.5
30010979,3,laceration,3,97,153,91,18,99,38.1
30010980,2,chest pain,8,89,85,115,20,98,35.8
30010981,3,back pain,7,68,124,54,12,100,37.0
30010982,3,anxiety,1,85,95,95,19,95,36.1
30010983,4,anxiety,3,104,124,111,10,97,36.9
30010984,3,laceration,4,66,152,67,19,97,36.3
30010985,3,fever,0,88,131,84,21,97,37.9
30010986,4,shortness of breath,4,58,141,100,19,96,37.0
30010987,3,headache,3,82,134,81,15,100,37.4
30010988,3,anxiety,5,83,142,75,22,100,37.4
30010989,4,anxiety,0,97,110,89,18,96,37.2
30010990,1,back pain,6,111,144,99,13,97,36.6
30010991,3,headache,3,83,142,80,19,94,38.0
30010992,4,laceration,5,95,148,63,12,100,37.1
30010993,3,headache,6,87,113,100,18,91,37.2
30010994,3,fall,1,97,133,90,16,100,37.4
30010995,3,anxiety,4,81,95,67,17,98,36.5
30010996,3,fall,4,77,85,80,22,100,37.0
30010997,3,back pain,4,85,88,86,16,94,36.1
30010998,4,chest pain,4,100,151,101,22,100,37.3
30010999,4,back pain,5,94,139,86,17,91,37.1
30011000,5,laceration,0,77,147,73,21,98,37.0
30011001,3,chest pain,6,55,141,73,11,96,36.4
30011002,1,anxiety,7,85,77,55,18,100,38.0
30011003,2,knee pain,7,95,148,84,14,96,37.7
30011004,3,shortness of breath,3,78,151,86,18,100,36.6
30011005,3,headache,4,99,127,104,15,95,38.0
30011006,3,knee pain,3,91,140,78,16,94,37.7
30011007,3,fall,2,94,155,88,18,88,36.2
30011008,2,shortness of breath,6,105,131,62,10,98,36.1
30011009,3,fall,2,91,131,82,20,97,36.5
30011010,3,chest pain,3,100,123,94,23,96,37.5
30011011,2,shortness of breath,7,65,153,99,9,93,36.3
30011012,3,anxiety,6,82,125,91,17,98,36.9
30011013,5,anxiety,4,73,103,77,23,97,36.9
30011014,3,headache,2,99,84,70,22,99,37.4
30011015,2,chest pain,7,62,128,104,14,98,36.8
30011016,3,fall,6,77,149,102,19,96,36.3
30011017,4,back pain,2,91,130,83,22,97,37.5
30011018,3,chest pain,1,117,131,96,16,98,37.6
30011019,3,knee pain,6,75,85,87,21,96,36.4
30011020,3,back pain,6,92,144,85,18,99,35.2
30011021,4,back pain,1,72,186,80,18,91,38.0
30011022,3,shortness of breath,6,69,129,73,17,96,36.6
30011023,3,shortness of breath,2,90,129,86,22,97,37.2
30011024,4,laceration,6,96,136,59,21,95,38.1
30011025,3,fever,6,96,148,81,16,98,36.2
30011026,4,back pain,4,76,123,90,20,93,35.5
30011027,2,fever,6,79,115,83,20,99,39.1
30011028,3,knee pain,0,69,98,86,19,100,36.4
30011029,4,knee pain,4,93,137,94,24,97,37.0
30011030,3,anxiety,2,74,160,80,11,97,37.6
30011031,3,fever,7,83,122,86,17,99,37.0
30011032,2,fever,6,82,124,76,17,100,36.6
30011033,3,anxiety,6,80,105,80,23,93,38.3
30011034,3,chest pain,2,78,156,88,14,100,36.4
30011035,4,back pain,4,67,133,99,13,100,37.9
30011036,2,fever,7,81,124,86,21,95,36.9
30011037,3,headache,5,78,95,80,19,94,37.1
30011038,3,headache,3,85,98,63,23,98,35.8
30011039,1,knee pain,10,75,96,87,16,94,36.4
30011040,2,chest pain,10,65,100,96,8,99,36.9
30011041,3,shortness of breath,2,61,108,86,15,98,36.0
30011042,3,back pain,7,49,154,73,27,97,37.2
30011043,3,laceration,2,61,112,78,11,100,36.0
30011044,2,chest pain,9,46,134,33,20,98,38.0
30011045,3,abdominal pain,0,50,152,75,24,99,37.8
30011046,3,fever,6,69,125,70,18,96,36.3
30011047,3,abdominal pain,3,83,140,99,22,97,36.8
30011048,3,anxiety,5,70,100,78,22,96,37.1
30011049,2,shortness of breath,9,52,147,93,13,99,38.2
30011050,4,fever,2,93,113,96,18,97,37.9
30011051,3,back pain,7,87,104,92,18,94,37.3
30011052,2,fever,6,46,111,61,20,100,36.9
30011053,2,abdominal pain,6,82,143,113,8,99,38.1
30011054,3,laceration,4,99,107,77,11,100,37.2
30011055,4,headache,7,82,124,70,14,100,36.2
30011056,3,knee pain,6,93,95,109,20,95,37.5
30011057,2,back pain,10,64,129,83,16,100,36.6
30011058,3,abdominal pain,4,90,109,99,25,100,37.8
30011059,3,back pain,5,71,90,83,18,97,36.2
30011060,3,shortness of breath,7,76,132,77,20,98,36.4
30011061,3,knee pain,3,47,143,71,20,96,37.8
30011062,3,chest pain,6,96,128,77,19,93,37.2
30011063,4,knee pain,6,101,153,80,26,94,35.6
30011064,3,anxiety,5,79,152,75,16,100,37.6
30011065,3,abdominal pain,5,87,108,103,12,96,37.2
30011066,3,shortness of breath,7,85,121,101,15,97,36.7
30011067,3,abdominal pain,3,85,133,76,16,100,34.8
30011068,3,fever,4,97,125,68,14,93,37.1
30011069,4,shortness of breath,0,73,118,65,17,98,37.9
30011070,3,anxiety,7,86,161,111,19,95,37.2
30011071,2,fever,8,82,145,71,17,93,36.3
30011072,2,shortness of breath,8,68,104,78,14,100,35.3
30011073,3,abdominal pain,7,72,161,68,23,94,37.4
30011074,4,chest pain,6,75,121,80,13,98,36.3
30011075,4,back pain,7,84,130,69,16,97,37.6
30011076,3,chest pain,1,116,135,67,25,91,37.1
30011077,4,knee pain,0,70,114,75,16,94,37.7
30011078,4,fall,3,83,147,75,16,97,36.6
30011079,3,fever,7,103,127,64,14,96,38.1
30011080,1,back pain,8,105,135,103,19,99,38.0
30011081,4,abdominal pain,0,102,115,78,19,96,36.0
30011082,3,shortness of breath,1,76,126,90,19,96,37.2
30011083,3,headache,1,86,134,108,20,93,37.2
30011084,3,headache,5,71,104,100,18,98,39.0
30011085,3,back pain,1,76,161,84,20,95,37.6
30011086,5,headache,5,104,128,85,17,97,37.5
30011087,3,anxiety,4,82,138,87,16,95,38.5
30011088,4,laceration,2,93,96,92,20,97,36.5
30011089,2,chest pain,6,97,126,84,20,98,36.8
30011090,4,headache,4,68,145,81,19,95,36.2
30011091,3,headache,2,100,134,45,18,97,36.7
30011092,3,anxiety,5,76,140,54,17,95,36.8
30011093,3,knee pain,1,80,127,76,17,100,38.0
30011094,4,anxiety,6,98,101,73,14,97,35.9
30011095,4,fall,2,76,114,85,17,95,35.9
30011096,3,headache,0,97,99,83,15,96,36.7
30011097,3,fever,4,85,140,100,19,100,37.7
30011098,4,chest pain,6,90,98,43,20,95,36.2
30011099,3,fall,3,77,149,81,17,98,37.9
30011100,2,chest pain,7,80,130,80,25,97,37.4
30011101,4,laceration,1,106,100,78,16,98,36.0
30011102,4,back pain,0,87,91,91,21,97,37.4
30011103,3,fever,0,108,149,87,24,100,38.2
30011104,2,fever,7,86,108,84,13,94,37.8
30011105,4,chest pain,0,98,112,71,20,100,37.1
30011106,4,laceration,6,99,118,69,14,100,35.8
30011107,4,back pain,1,97,86,62,22,100,38.2
30011108,1,shortness of breath,10,86,128,58,19,100,36.8
30011109,3,fall,0,58,143,96,19,96,37.2
30011110,3,laceration,4,72,136,69,21,96,36.1
30011111,2,back pain,9,73,127,69,14,99,35.2
30011112,3,laceration,4,72,123,78,13,98,37.9
30011113,3,anxiety,1,98,147,87,19,100,37.2
30011114,1,abdominal pain,8,83,131,70,10,98,38.1
30011115,4,headache,7,60,115,74,20,98,36.8
30011116,3,shortness of breath,1,97,115,80,15,97,38.3
30011117,2,chest pain,7,73,142,80,17,97,36.3
30011118,3,fall,0,85,110,82,24,97,37.8
30011119,2,fall,6,83,165,63,26,98,37.1
30011120,4,fever,4,82,129,81,19,98,37.4
30011121,3,anxiety,7,80,118,88,15,97,37.0
30011122,3,fall,7,86,116,88,17,100,37.9
30011123,3,anxiety,3,95,94,85,18,96,37.0
30011124,3,abdominal pain,3,85,132,88,17,97,36.1
30011125,4,knee pain,7,74,103,78,23,95,37.9
30011126,2,back pain,10,90,79,58,12,98,37.5
30011127,3,knee pain,7,103,135,89,16,96,36.6
30011128,2,anxiety,7,72,111,100,17,96,37.2
30011129,3,knee pain,2,81,90,78,24,95,37.3
30011130,2,headache,6,92,97,72,12,97,39.2
30011131,2,headache,9,74,88,85,19,99,36.9
30011132,2,knee pain,9,60,112,117,19,100,37.2
30011133,4,abdominal pain,2,66,80,90,17,98,37.8
30011134,2,headache,8,72,140,67,17,100,37.7
30011135,4,shortness of breath,6,102,91,91,16,94,37.4
30011136,4,back pain,6,85,105,64,21,94,36.6
30011137,4,laceration,7,91,46,80,16,96,37.9
30011138,2,shortness of breath,10,86,107,72,19,99,35.7
30011139,3,back pain,6,89,151,78,18,97,37.2
30011140,4,shortness of breath,0,94,160,86,25,100,38.7
30011141,3,anxiety,3,92,108,93,18,92,36.8
30011142,3,chest pain,5,82,147,76,17,98,37.0
30011143,3,anxiety,4,77,146,98,20,100,37.5
30011144,2,abdominal pain,6,110,117,90,18,94,37.9
30011145,3,fever,1,76,127,59,24,97,37.0
30011146,3,anxiety,4,69,136,72,12,95,37.8
30011147,3,shortness of breath,5,123,125,80,20,96,36.2
30011148,3,shortness of breath,5,104,134,103,21,95,38.1
30011149,5,chest pain,3,101,116,88,12,100,37.9
30011150,2,laceration,9,105,101,99,6,98,36.0
30011151,4,fever,1,115,98,76,25,100,37.1
30011152,3,chest pain,5,88,132,50,13,94,35.4
30011153,2,fever,7,85,103,74,17,98,36.4
30011154,4,headache,4,56,107,31,18,98,36.7
30011155,3,back pain,2,104,95,90,18,94,39.0
30011156,4,chest pain,7,81,116,78,20,93,36.4
30011157,4,back pain,1,104,138,60,20,99,35.7
30011158,4,fever,4,85,143,69,22,98,37.7
30011159,3,fever,3,56,120,112,12,97,38.2
30011160,2,laceration,8,72,146,88,17,99,36.6
30011161,3,knee pain,0,80,110,52,20,96,36.7
30011162,3,shortness of breath,1,79,142,64,13,90,38.5
30011163,4,headache,4,123,132,91,16,94,38.2
30011164,3,headache,4,59,115,43,22,98,35.7
30011165,2,fever,10,91,131,62,22,88,37.9
30011166,4,shortness of breath,6,65,120,81,19,97,36.2
30011167,4,shortness of breath,0,59,113,76,19,98,36.8
30011168,2,anxiety,10,73,125,107,22,96,37.7
30011169,2,headache,6,89,154,48,21,97,37.7
30011170,4,abdominal pain,4,93,109,79,19,99,36.0
30011171,2,chest pain,9,85,118,57,11,92,37.3
30011172,3,knee pain,1,67,136,72,19,99,35.8
30011173,5,abdominal pain,4,99,105,82,13,100,36.9
30011174,3,laceration,3,75,142,79,19,99,37.5
30011175,3,fall,4,111,133,81,23,100,35.7
30011176,3,headache,1,84,145,83,21,97,35.7
30011177,5,fall,0,80,97,73,16,93,37.8
30011178,4,laceration,5,72,106,97,17,96,37.3
30011179,4,shortness of breath,6,62,121,46,22,99,36.9
30011180,2,shortness of breath,10,105,109,84,20,91,37.4
30011181,1,headache,9,89,144,84,22,95,35.7
30011182,3,chest pain,5,75,133,58,19,94,37.3
30011183,2,knee pain,6,94,124,72,17,95,36.5
30011184,3,back pain,1,64,145,86,23,98,36.9
30011185,4,laceration,6,119,84,89,18,97,36.6
30011186,3,fall,3,75,86,44,16,96,37.1
30011187,4,anxiety,5,85,77,98,16,95,38.1
30011188,3,shortness of breath,0,71,107,105,15,94,37.3
30011189,1,anxiety,8,72,112,80,15,93,36.2
30011190,1,headache,7,90,142,102,20,96,36.8
30011191,4,back pain,6,77,129,64,23,100,36.0
30011192,3,back pain,6,80,148,89,23,98,36.6
30011193,3,laceration,7,92,138,110,23,100,36.5
30011194,2,abdominal pain,8,69,138,61,11,93,37.2
30011195,5,back pain,7,92,136,83,16,100,36.4
30011196,2,fall,7,66,145,85,23,96,36.8
30011197,3,back pain,7,61,99,91,14,94,36.8
30011198,1,chest pain,8,95,114,42,18,98,37.9
30011199,3,headache,6,97,113,78,16,94,34.7
30011200,2,fever,10,71,142,53,18,91,36.0
30011201,3,abdominal pain,6,81,122,93,17,94,37.4
30011202,2,knee pain,7,77,113,59,20,100,37.7
30011203,3,fever,6,62,134,85,17,98,36.6
30011204,4,headache,1,96,122,65,17,95,37.5
30011205,2,anxiety,10,93,120,110,14,100,36.1
30011206,3,fever,6,83,66,63,13,95,36.7
30011207,3,headache,7,64,119,88,29,96,35.5
30011208,4,chest pain,7,101,133,75,21,98,36.6
30011209,3,shortness of breath,7,93,80,92,24,100,36.0
30011210,3,back pain,3,108,129,92,22,94,35.8
30011211,4,shortness of breath,7,72,147,76,18,94,36.3
30011212,3,headache,5,88,126,61,17,99,37.5
30011213,2,abdominal pain,10,99,135,61,17,98,37.0
30011214,3,abdominal pain,4,79,117,60,18,92,35.8
30011215,2,headache,9,78,121,83,15,100,36.6
30011216,2,headache,7,77,151,91,19,97,36.6
30011217,4,fever,6,64,118,93,16,96,35.5
30011218,3,headache,0,92,91,80,15,99,37.8
30011219,3,fall,1,113,126,115,23,94,36.4
30011220,2,fall,9,78,108,73,23,100,37.1
30011221,3,knee pain,5,122,101,74,25,95,36.4
30011222,3,laceration,1,68,143,114,17,97,35.9
30011223,3,back pain,1,90,135,70,19,100,36.4
30011224,5,anxiety,6,81,132,88,11,100,37.1
30011225,2,anxiety,8,95,115,93,21,99,36.6
30011226,4,knee pain,5,105,76,86,10,98,37.4
30011227,3,fever,3,101,145,73,18,97,37.5
30011228,1,back pain,7,68,129,75,17,94,36.2
30011229,4,knee pain,3,97,105,89,17,97,36.2
30011230,3,fever,5,93,138,73,19,100,36.3
30011231,4,knee pain,0,97,104,70,14,98,38.3
30011232,2,fall,7,111,129,63,24,96,36.8
30011233,4,knee pain,5,99,120,102,17,96,37.0
30011234,3,shortness of breath,0,114,85,81,9,100,36.7
30011235,3,shortness of breath,6,85,120,83,19,97,37.6
30011236,4,fever,0,121,165,88,20,99,36.7
30011237,3,back pain,1,99,156,67,17,96,36.6
30011238,2,fall,7,85,113,81,22,94,37.6
30011239,3,headache,1,45,139,94,17,95,37.4
30011240,3,laceration,5,75,110,75,18,94,35.9
30011241,2,back pain,8,90,136,61,16,94,38.0
30011242,3,shortness of breath,0,110,109,77,14,96,37.5
30011243,4,abdominal pain,7,99,117,84,12,95,35.7
30011244,2,anxiety,6,82,108,71,14,95,36.4
30011245,3,back pain,7,102,127,54,21,99,35.7
30011246,3,chest pain,6,62,125,85,24,98,37.3
30011247,4,anxiety,1,85,120,88,17,95,38.0
30011248,3,anxiety,4,96,137,97,16,98,37.0
30011249,3,fall,2,73,130,80,23,97,37.5
30011250,3,headache,6,75,127,76,21,99,37.6
30011251,3,anxiety,4,100,106,83,13,94,36.0
30011252,3,laceration,1,81,134,97,18,93,36.4
30011253,3,shortness of breath,7,99,121,87,18,94,36.1
30011254,3,shortness of breath,1,82,121,77,17,92,37.1
30011255,3,knee pain,5,91,129,76,24,97,37.6
30011256,3,headache,5,78,141,81,19,100,37.2
30011257,5,laceration,1,90,138,83,19,97,36.8
30011258,4,abdominal pain,5,97,126,75,19,100,35.8
30011259,4,back pain,1,56,116,99,19,96,36.3
30011260,3,chest pain,1,90,128,74,20,94,39.0
30011261,2,knee pain,10,85,123,78,22,97,36.5
30011262,3,knee pain,6,82,164,84,22,94,38.4
30011263,4,laceration,5,85,88,87,25,98,37.4
30011264,3,fall,4,72,143,77,19,97,37.0
30011265,4,abdominal pain,2,84,109,66,18,99,37.1
30011266,3,laceration,3,96,140,60,12,98,36.9
30011267,5,anxiety,5,84,164,100,22,97,36.7
30011268,4,anxiety,0,94,124,93,24,96,36.7
30011269,1,back pain,7,68,112,85,22,93,37.0
30011270,2,chest pain,6,78,99,97,18,94,36.4
30011271,1,laceration,9,67,105,79,13,98,37.1
30011272,4,fall,1,62,132,75,16,93,37.1
30011273,3,abdominal pain,2,114,127,58,18,96,37.8
30011274,3,abdominal pain,3,87,130,85,20,98,36.5
30011275,3,chest pain,1,69,123,66,20,96,37.1
30011276,2,shortness of breath,10,103,132,83,20,100,36.1
30011277,4,anxiety,6,91,153,71,27,96,37.1
30011278,2,back pain,8,92,138,73,16,100,36.4
30011279,3,fall,6,103,101,79,11,100,38.0
30011280,3,back pain,1,86,157,80,25,92,36.4
30011281,3,chest pain,2,92,127,83,20,93,38.4
30011282,4,headache,4,95,98,84,16,95,35.7
30011283,3,fever,0,85,133,90,15,94,36.2
30011284,3,abdominal pain,5,77,136,82,13,95,37.5
30011285,3,headache,6,60,143,84,14,95,37.4
30011286,4,fever,3,67,97,90,13,100,37.4
30011287,3,fall,6,69,144,79,11,96,38.1
30011288,1,laceration,10,90,151,82,20,94,38.7
30011289,3,knee pain,1,83,136,56,19,97,35.6
30011290,2,abdominal pain,10,83,155,61,23,96,37.8
30011291,3,anxiety,4,80,113,60,17,95,37.8
30011292,3,shortness of breath,1,92,158,108,17,100,37.4
30011293,3,anxiety,4,87,125,78,11,98,36.2
30011294,3,back pain,3,73,139,61,25,100,37.7
30011295,4,anxiety,0,62,112,45,16,100,37.6
30011296,3,headache,3,102,157,42,23,95,38.7
30011297,3,fever,3,54,138,71,19,96,35.2
30011298,4,fall,4,93,152,73,14,97,36.1
30011299,4,shortness of breath,1,84,118,72,9,99,35.1
30011300,4,chest pain,3,71,135,82,21,97,37.2
30011301,3,chest pain,7,101,164,97,17,94,37.0
30011302,3,abdominal pain,5,78,90,99,16,95,38.2
30011303,1,knee pain,9,95,127,83,21,98,36.9
30011304,3,headache,5,70,94,62,21,96,37.2
30011305,3,fever,3,78,147,95,20,96,37.3
30011306,3,fall,2,98,142,74,15,99,36.2
30011307,3,abdominal pain,4,77,100,75,15,97,36.4
30011308,3,fall,5,93,110,89,22,99,36.9
30011309,2,laceration,9,69,122,119,14,99,37.7
30011310,3,shortness of breath,1,72,130,61,26,100,35.7
30011311,3,chest pain,3,90,105,97,19,93,38.1
30011312,2,knee pain,6,98,114,78,16,97,37.5
30011313,4,shortness of breath,5,83,105,60,27,95,36.6
30011314,3,chest pain,0,90,120,100,18,94,37.1
30011315,3,shortness of breath,5,94,105,80,13,93,37.0
30011316,2,abdominal pain,7,81,128,36,17,94,35.8
30011317,3,chest pain,6,79,137,58,21,98,36.1
30011318,4,shortness of breath,5,111,125,98,26,94,36.4
30011319,3,back pain,2,93,132,103,18,94,36.8
30011320,2,knee pain,10,68,166,86,17,100,36.2
30011321,2,anxiety,7,100,148,81,20,97,37.6
30011322,3,anxiety,6,93,125,94,10,98,35.4
30011323,3,laceration,6,97,130,91,18,100,35.9
30011324,4,chest pain,0,89,146,66,18,98,36.8
30011325,3,back pain,5,43,143,77,11,96,37.0
30011326,2,abdominal pain,9,95,121,86,13,95,37.3
30011327,2,laceration,7,80,140,89,21,99,37.7
30011328,3,anxiety,6,97,126,95,16,95,35.8
30011329,2,fall,7,82,128,81,11,100,38.1
30011330,3,headache,2,99,125,79,16,97,36.1
30011331,3,laceration,5,79,158,115,15,97,35.9
30011332,4,abdominal pain,1,93,142,90,21,96,36.0
30011333,4,back pain,3,81,130,64,18,95,37.1
30011334,3,headache,7,79,126,82,20,93,38.3
30011335,3,fever,2,80,94,102,20,96,37.4
30011336,3,laceration,5,73,136,105,13,100,36.2
30011337,3,anxiety,1,103,152,73,14,96,37.2
30011338,3,fever,5,79,121,69,17,100,37.5
30011339,3,chest pain,3,82,115,94,20,98,36.5
30011340,3,headache,3,93,79,37,14,94,37.3
30011341,3,abdominal pain,5,81,94,106,14,100,36.6
30011342,3,shortness of breath,7,95,160,75,24,95,35.9
30011343,3,fall,3,60,109,92,18,92,37.5
30011344,4,anxiety,3,95,79,46,13,96,37.7
30011345,2,chest pain,9,79,132,77,15,92,36.9
30011346,3,headache,4,103,132,97,11,94,37.8
30011347,4,back pain,2,74,133,95,16,94,37.1
30011348,4,headache,1,99,120,75,21,96,36.7
30011349,4,back pain,7,85,139,93,27,98,36.9
30011350,2,abdominal pain,8,87,141,93,18,97,39.1
30011351,4,chest pain,1,88,146,94,28,99,37.0
30011352,3,fever,5,93,110,74,18,95,39.0
30011353,4,abdominal pain,1,73,139,68,18,89,37.4
30011354,3,shortness of breath,3,97,121,95,22,94,37.3
30011355,2,fever,9,77,119,93,17,95,37.5
30011356,2,abdominal pain,6,79,147,75,21,95,38.4
30011357,3,back pain,2,78,132,90,20,99,35.5
30011358,2,laceration,9,70,120,68,27,95,36.3
30011359,2,headache,9,112,128,73,19,98,37.3
30011360,3,fever,6,82,131,81,21,97,37.6
30011361,5,back pain,4,80,137,87,21,100,37.3
30011362,3,knee pain,7,106,169,92,15,100,37.1
30011363,3,back pain,4,59,141,67,18,100,37.7
30011364,2,shortness of breath,9,77,153,78,20,94,36.0
30011365,4,fall,3,89,114,66,18,95,36.8
30011366,3,headache,4,60,136,49,13,97,37.1
30011367,4,fall,6,76,114,51,16,100,37.0
30011368,4,headache,3,80,95,68,27,98,38.2
30011369,4,laceration,3,79,172,76,15,97,36.0
30011370,3,knee pain,6,84,133,123,21,95,37.0
30011371,3,headache,0,68,153,83,17,98,37.8
30011372,3,laceration,2,73,142,76,17,97,36.7
30011373,3,shortness of breath,0,62,113,97,20,94,38.5
30011374,3,shortness of breath,4,78,105,88,14,100,38.4
30011375,4,chest pain,0,87,122,89,19,96,36.1
30011376,2,laceration,10,91,149,100,20,96,37.2
30011377,3,knee pain,5,90,125,59,19,98,36.3
30011378,3,back pain,2,76,139,94,20,95,36.5
30011379,3,anxiety,6,69,130,64,17,100,35.7
30011380,4,back pain,6,62,120,109,18,100,37.2
30011381,3,knee pain,1,118,136,82,20,98,35.3
30011382,2,anxiety,9,80,152,95,16,93,37.2
30011383,4,laceration,4,85,130,91,17,99,36.3
30011384,3,fall,3,95,132,79,20,97,36.3
30011385,5,knee pain,5,84,128,74,19,95,36.6
30011386,2,fall,10,93,120,82,20,100,37.0
30011387,3,fever,7,99,124,73,25,99,36.7
30011388,3,back pain,0,91,145,52,19,95,37.3
30011389,3,fall,7,103,125,80,21,100,37.3
30011390,2,shortness of breath,10,79,141,105,16,99,37.1
30011391,3,shortness of breath,1,72,120,74,18,100,36.9
30011392,3,shortness of breath,6,71,139,79,19,92,36.8
30011393,4,knee pain,3,53,99,85,17,91,36.3
30011394,4,anxiety,2,79,151,83,18,100,38.0
30011395,3,fever,7,72,143,89,16,94,38.5
30011396,4,chest pain,7,60,103,77,13,100,37.2
30011397,5,chest pain,4,84,104,69,13,97,37.6
30011398,3,back pain,3,73,120,91,18,98,36.9
30011399,2,back pain,6,75,117,79,15,92,36.7
30011400,3,knee pain,3,77,124,93,18,100,36.5
30011401,4,back pain,6,86,133,96,13,95,38.5
30011402,2,knee pain,8,63,131,62,12,95,36.7
30011403,3,back pain,2,71,124,90,18,97,37.3
30011404,3,knee pain,4,75,131,44,22,98,37.9
30011405,5,abdominal pain,6,85,118,56,18,93,35.5
30011406,3,fever,7,68,97,67,14,100,36.0
30011407,5,knee pain,0,75,168,60,15,100,35.9
30011408,3,fever,3,90,148,81,16,93,38.3
30011409,2,abdominal pain,6,80,128,81,19,97,37.7
30011410,4,shortness of breath,4,65,122,93,17,100,38.2
30011411,4,laceration,3,80,173,83,17,96,36.7
30011412,3,laceration,7,99,93,111,12,93,37.1
30011413,3,back pain,3,93,121,118,24,100,37.0
30011414,4,shortness of breath,4,69,120,96,17,99,37.0
30011415,3,shortness of breath,3,83,127,107,17,97,36.1
30011416,3,back pain,0,85,121,76,17,92,36.2
30011417,3,back pain,1,81,126,83,17,97,36.7
30011418,3,fever,2,60,104,68,20,97,37.0
30011419,4,headache,3,78,110,65,18,100,37.1
30011420,3,headache,3,96,142,67,19,97,37.2
30011421,4,anxiety,4,100,156,66,15,96,36.2
30011422,2,fall,6,85,101,83,21,97,36.7
30011423,3,fever,2,84,93,79,20,95,38.0
30011424,3,fall,3,92,126,97,19,97,36.4
30011425,3,fall,0,50,128,59,18,98,36.7
30011426,4,fall,0,96,110,68,16,93,37.8
30011427,4,anxiety,5,73,129,78,22,99,36.9
30011428,3,fever,7,78,115,93,21,99,36.7
30011429,1,fall,10,70,139,67,17,99,37.8
30011430,1,chest pain,6,69,139,84,19,97,37.2
30011431,3,anxiety,3,102,143,54,21,98,37.7
30011432,3,fever,2,91,136,97,15,96,36.7
30011433,2,fall,8,81,144,97,17,93,36.6
30011434,3,fall,4,89,111,82,13,98,36.6
30011435,3,back pain,1,85,130,90,4,89,36.1
30011436,3,chest pain,0,50,123,86,15,97,37.0
30011437,3,chest pain,3,89,92,71,20,100,37.3
30011438,4,chest pain,3,61,111,95,19,93,37.5
30011439,4,shortness of breath,5,72,163,109,17,98,36.9
30011440,3,shortness of breath,2,83,108,76,21,100,37.6
30011441,2,headache,7,84,111,87,18,100,37.6
30011442,3,shortness of breath,2,92,137,85,15,96,36.6
30011443,4,headache,3,80,122,77,18,93,37.0
30011444,4,laceration,2,99,106,105,12,100,37.2
30011445,3,back pain,5,73,83,99,20,97,36.4
30011446,3,abdominal pain,0,66,123,98,20,96,36.8
30011447,4,headache,3,88,126,77,13,93,36.4
30011448,2,fall,6,91,105,70,16,98,37.1
30011449,4,back pain,7,102,107,90,18,100,37.5
30011450,2,anxiety,8,89,99,80,17,96,37.1
30011451,3,knee pain,1,112,113,93,16,100,37.1
30011452,3,fall,7,77,124,67,15,99,36.4
30011453,3,abdominal pain,6,80,124,89,24,91,36.6
30011454,3,back pain,5,63,139,70,25,98,37.2
30011455,5,shortness of breath,3,112,133,111,20,98,37.0
30011456,3,abdominal pain,4,95,143,87,23,100,37.5
30011457,3,fall,4,88,108,83,17,98,37.7
30011458,3,fever,1,72,116,99,21,95,36.6
30011459,3,back pain,0,80,79,60,22,98,36.0
30011460,2,shortness of breath,7,74,117,56,19,91,35.7
30011461,4,headache,5,63,162,51,14,98,37.2
30011462,4,headache,2,69,117,101,18,95,36.9
30011463,3,abdominal pain,2,132,114,75,16,97,37.6
30011464,1,abdominal pain,9,90,109,95,19,100,38.3
30011465,1,knee pain,8,85,114,105,17,95,37.8
30011466,5,headache,1,79,135,67,19,97,37.1
30011467,3,fever,1,69,141,89,15,100,35.2
30011468,3,chest pain,3,79,127,92,21,97,36.0
30011469,1,fall,8,88,126,51,15,100,36.7
30011470,2,abdominal pain,9,61,127,58,22,95,36.5
30011471,3,knee pain,3,97,106,36,17,96,36.5
30011472,2,anxiety,6,91,131,65,20,94,38.0
30011473,3,fall,7,87,141,94,14,95,38.0
30011474,2,fall,6,65,119,79,19,97,36.9
30011475,2,laceration,7,77,134,78,16,99,36.1
30011476,3,fever,1,109,130,69,12,95,35.8
30011477,3,fall,7,69,115,93,20,95,37.8
30011478,2,laceration,7,89,153,74,16,100,36.0
30011479,5,headache,4,84,133,87,16,95,36.1
30011480,3,shortness of breath,6,71,111,103,18,92,36.3
30011481,4,fall,2,96,131,95,16,94,37.7
30011482,3,back pain,5,113,135,64,20,98,38.0
30011483,3,back pain,4,93,124,91,20,96,36.8
30011484,3,shortness of breath,6,105,98,63,24,92,36.4
30011485,3,headache,3,49,150,98,26,96,36.8
30011486,2,chest pain,8,66,110,98,21,93,34.9
30011487,3,shortness of breath,0,103,138,93,16,96,36.7
30011488,3,anxiety,2,87,142,91,19,97,36.1
30011489,3,fever,0,84,97,68,23,100,37.9
30011490,3,fall,5,80,115,87,20,99,35.4
30011491,3,abdominal pain,4,118,127,65,18,91,36.6
30011492,4,headache,4,79,116,84,28,98,36.7
30011493,3,knee pain,6,78,122,82,15,98,37.6
30011494,3,headache,4,107,104,86,22,95,37.6
30011495,3,laceration,3,84,179,88,18,99,37.6
30011496,1,abdominal pain,6,79,110,58,18,94,37.3
30011497,3,fall,0,100,132,70,10,92,37.0
30011498,2,abdominal pain,9,76,119,72,15,94,36.4
30011499,3,fall,2,98,130,59,15,94,36.8
30011500,1,knee pain,8,87,130,73,21,94,36.1
30011501,3,fever,2,89,114,83,20,96,36.1
30011502,4,fever,5,74,92,76,17,100,37.5
30011503,4,anxiety,7,91,132,71,19,99,36.3
30011504,3,fall,4,122,127,77,14,100,36.5
30011505,3,chest pain,1,77,112,74,19,100,36.1
30011506,2,laceration,7,76,111,88,19,93,36.3
30011507,3,knee pain,5,72,115,90,21,95,36.9
30011508,4,fever,0,89,163,83,16,89,37.2
30011509,5,fever,2,100,96,60,13,93,37.5
30011510,3,laceration,5,82,108,91,17,94,36.8
30011511,3,headache,3,75,120,76,14,98,37.1
30011512,3,laceration,1,82,117,75,14,95,37.2
30011513,4,shortness of breath,5,85,118,116,17,100,35.8
30011514,1,shortness of breath,7,98,118,81,11,100,37.0
30011515,3,knee pain,0,104,145,53,18,95,37.4
30011516,2,knee pain,9,88,140,57,18,88,36.0
30011517,1,fall,10,54,133,61,19,97,37.4
30011518,3,headache,3,74,147,96,11,97,37.6
30011519,3,laceration,5,69,96,67,17,96,37.9
30011520,3,laceration,5,66,105,60,20,92,35.9
30011521,3,fall,7,85,132,76,21,100,36.4
30011522,2,chest pain,8,119,101,78,20,96,37.7
30011523,4,chest pain,0,82,156,76,18,97,37.0
30011524,4,fever,5,83,130,110,27,95,37.2
30011525,2,knee pain,8,110,128,85,15,99,35.9
30011526,3,back pain,0,68,96,55,20,92,36.4
30011527,1,fever,10,74,131,75,16,99,37.7
30011528,3,laceration,1,82,117,95,18,99,35.8
30011529,2,headache,7,95,145,74,20,96,37.7
30011530,2,abdominal pain,6,62,155,91,22,97,36.7
30011531,3,knee pain,0,90,103,55,9,98,37.2
30011532,4,abdominal pain,7,138,140,61,17,99,36.4
30011533,3,abdominal pain,5,110,99,63,18,98,38.2
30011534,3,headache,7,92,59,53,18,96,36.5
30011535,2,chest pain,6,64,83,69,16,94,37.5
30011536,3,anxiety,5,66,128,76,18,98,35.5
30011537,3,shortness of breath,0,88,116,78,14,95,35.7
30011538,3,chest pain,6,73,97,75,21,98,35.9
30011539,2,headache,7,73,116,90,19,100,38.4
30011540,3,chest pain,3,56,110,66,23,100,37.4
30011541,3,chest pain,6,91,113,46,20,95,37.6
30011542,4,chest pain,0,102,122,62,15,94,37.8
30011543,3,headache,5,83,77,75,9,93,37.3
30011544,2,headache,8,72,133,82,24,100,37.2
30011545,3,knee pain,1,123,158,71,19,96,37.3
30011546,3,chest pain,7,105,103,69,15,97,35.9
30011547,4,anxiety,5,103,116,64,14,100,36.8
30011548,4,abdominal pain,2,96,137,65,18,99,36.5
30011549,4,fever,5,80,123,71,18,99,36.9
30011550,4,headache,6,75,126,92,25,99,38.2
30011551,3,chest pain,4,114,143,87,19,98,37.0
30011552,3,shortness of breath,4,99,144,82,26,97,37.8
30011553,3,back pain,2,73,194,89,12,94,37.8
30011554,3,fever,0,84,121,77,23,100,36.9
30011555,4,back pain,5,84,132,82,23,98,36.5
30011556,4,anxiety,6,96,121,75,17,95,36.2
30011557,3,headache,4,115,97,89,21,95,38.6
30011558,4,laceration,0,61,111,94,20,100,36.0
30011559,2,abdominal pain,10,65,110,87,23,97,37.0
30011560,3,back pain,5,88,106,93,14,97,38.1
30011561,2,chest pain,6,76,144,60,25,95,35.9
30011562,3,fall,3,112,119,88,18,93,38.1
30011563,3,back pain,4,61,113,106,22,94,36.8
30011564,3,headache,7,71,114,88,16,97,37.7
30011565,3,shortness of breath,7,85,87,77,12,99,37.7
30011566,5,knee pain,2,90,142,74,15,98,37.5
30011567,3,laceration,6,98,135,91,20,98,37.6
30011568,4,knee pain,4,89,95,84,30,98,38.2
30011569,3,fever,0,91,95,86,20,95,37.4
30011570,3,knee pain,6,61,115,93,16,96,37.3
30011571,3,anxiety,7,87,120,83,14,99,36.5
30011572,4,anxiety,0,115,141,88,15,94,37.1
30011573,3,shortness of breath,6,99,146,73,14,95,37.8
30011574,3,knee pain,3,73,117,71,18,100,38.8
30011575,4,fall,2,68,69,77,15,97,37.5
30011576,3,headache,6,128,125,74,11,100,36.6
30011577,2,laceration,9,89,126,81,20,97,36.1
30011578,2,headache,6,107,129,102,21,95,38.1
30011579,3,laceration,4,90,102,87,23,95,36.9
30011580,3,knee pain,7,86,117,84,24,95,37.7
30011581,3,anxiety,5,79,137,75,20,94,36.7
30011582,2,knee pain,10,101,136,96,17,99,36.0
30011583,2,abdominal pain,7,93,103,61,19,92,36.6
30011584,3,knee pain,4,110,123,75,17,100,36.9
30011585,3,fall,5,68,145,79,23,94,35.8
30011586,3,abdominal pain,5,102,131,80,17,97,37.4
30011587,3,fall,3,76,132,88,16,95,35.9
30011588,2,fever,6,78,179,74,23,95,37.5
30011589,3,headache,3,106,113,98,19,94,36.1
30011590,3,chest pain,3,82,132,79,20,98,36.5
30011591,3,chest pain,4,77,143,76,13,94,37.2
30011592,2,back pain,9,107,161,79,14,100,37.6
30011593,4,laceration,0,100,109,63,22,97,36.8
30011594,3,laceration,6,87,130,78,18,100,36.7
30011595,4,laceration,2,86,103,90,21,92,38.0
30011596,3,shortness of breath,2,94,116,80,23,100,39.0
30011597,3,abdominal pain,0,71,148,90,13,92,38.4
30011598,4,anxiety,6,92,117,72,17,95,38.2
30011599,3,headache,4,60,133,68,17,98,38.1
30011600,3,knee pain,6,94,101,99,19,92,36.1
30011601,3,headache,2,101,122,98,17,94,37.1
30011602,3,anxiety,3,92,145,81,18,97,37.0
30011603,2,shortness of breath,8,72,105,118,17,98,37.6
30011604,4,back pain,7,112,152,68,18,98,37.9
30011605,1,abdominal pain,10,77,129,114,15,91,37.6
30011606,2,headache,6,62,127,85,23,99,38.4
30011607,3,knee pain,7,93,136,54,19,99,38.4
30011608,3,anxiety,0,103,163,88,10,100,37.8
30011609,1,back pain,10,120,136,63,18,100,38.1
30011610,3,back pain,6,64,127,78,16,98,36.8
30011611,3,fall,5,86,106,84,13,95,35.9
30011612,2,shortness of breath,9,74,137,98,17,97,36.5
30011613,3,fever,6,96,130,82,14,93,36.0
30011614,3,chest pain,6,72,115,87,23,95,36.2
30011615,2,knee pain,10,56,149,83,12,100,37.0
30011616,4,headache,7,91,154,47,16,93,36.0
30011617,2,back pain,6,91,107,68,10,96,36.4
30011618,3,anxiety,1,85,101,79,22,100,38.6
30011619,3,knee pain,6,104,134,92,21,97,36.3
30011620,2,laceration,7,69,111,96,9,100,38.1
30011621,4,shortness of breath,3,77,137,79,16,96,37.1
30011622,4,knee pain,4,94,133,58,19,96,36.7
30011623,3,laceration,5,83,132,60,14,95,37.0
30011624,2,anxiety,8,81,164,64,16,94,37.3
30011625,2,headache,9,96,151,104,23,97,36.0
30011626,3,knee pain,4,80,140,66,16,100,37.8
30011627,3,fever,7,77,143,92,19,100,35.9
30011628,2,back pain,6,81,103,70,14,99,36.7
30011629,3,chest pain,6,95,154,81,20,98,37.2
30011630,3,abdominal pain,0,98,96,73,16,98,37.8
30011631,3,fever,4,83,142,57,16,99,37.4
30011632,4,back pain,2,64,149,87,19,95,37.7
30011633,5,fever,4,93,113,112,16,99,35.7
30011634,2,back pain,6,80,139,69,17,94,37.9
30011635,1,back pain,8,73,84,65,28,97,36.9
30011636,2,fever,10,70,129,64,18,100,36.8
30011637,4,fever,7,73,91,55,15,98,36.1
30011638,3,laceration,3,91,165,91,19,90,36.4
30011639,3,anxiety,3,36,91,74,13,98,36.1
30011640,3,headache,5,93,132,77,10,94,37.5
30011641,2,abdominal pain,9,89,94,69,22,100,35.9
30011642,2,knee pain,8,70,134,87,17,91,37.6
30011643,5,anxiety,4,100,119,108,13,96,35.9
30011644,2,anxiety,6,63,129,98,17,91,37.6
30011645,3,back pain,4,83,133,99,17,96,37.3
30011646,1,laceration,9,63,132,58,12,93,36.6
30011647,4,fall,4,75,152,71,14,94,37.9
30011648,5,laceration,0,89,93,85,15,97,38.7
30011649,4,fall,3,87,138,67,18,100,37.3
30011650,3,chest pain,3,83,145,81,17,100,37.2
30011651,3,shortness of breath,7,79,128,87,21,95,35.6
30011652,3,anxiety,7,78,131,38,18,97,37.6
30011653,3,laceration,1,68,151,61,13,100,36.8
30011654,3,laceration,4,75,142,94,17,97,35.8
30011655,4,knee pain,0,101,68,76,21,100,37.8
30011656,3,laceration,5,65,128,86,22,97,36.2
30011657,2,back pain,7,71,115,85,14,100,35.8
30011658,1,back pain,7,49,110,60,16,95,36.3
30011659,2,chest pain,10,82,135,84,17,95,37.3
30011660,4,shortness of breath,4,71,158,76,21,91,37.1
30011661,3,headache,3,67,121,82,15,96,35.7
30011662,1,laceration,9,104,118,73,25,97,37.9
30011663,5,chest pain,4,91,121,75,17,94,37.1
30011664,5,anxiety,0,84,121,98,21,95,37.1
30011665,3,shortness of breath,0,61,126,79,14,99,37.3
30011666,3,shortness of breath,5,74,97,85,11,100,36.2
30011667,4,fever,4,91,138,79,18,100,38.3
30011668,2,anxiety,6,78,128,89,11,100,37.7
30011669,3,laceration,5,84,89,103,14,96,37.6
30011670,3,shortness of breath,5,94,119,71,16,97,36.0
30011671,4,laceration,3,91,150,68,19,100,37.3
30011672,3,knee pain,0,86,138,88,17,100,37.5
30011673,3,knee pain,0,101,149,100,18,97,38.4
30011674,3,laceration,1,94,117,96,19,98,37.0
30011675,5,back pain,1,91,123,98,19,91,37.4
30011676,3,chest pain,1,75,146,108,16,96,36.9
30011677,3,shortness of breath,2,80,91,62,21,96,36.6
30011678,3,knee pain,3,76,107,78,19,97,37.2
30011679,1,fever,6,106,135,72,22,97,36.7
30011680,1,headache,7,113,101,86,17,100,36.2
30011681,3,back pain,0,80,122,68,12,97,36.2
30011682,4,laceration,5,90,142,116,19,99,36.9
30011683,5,back pain,0,113,128,72,17,100,38.0
30011684,3,back pain,5,51,126,63,18,100,37.2
30011685,5,fall,1,76,132,95,17,98,36.5
30011686,2,laceration,6,77,134,79,11,100,37.2
30011687,3,laceration,7,118,119,87,14,99,37.4
30011688,3,abdominal pain,6,79,122,69,14,98,37.4
30011689,4,fall,0,85,132,112,27,91,35.8
30011690,3,anxiety,5,81,136,102,23,98,36.3
30011691,3,fall,2,99,104,91,17,94,36.9
30011692,4,chest pain,4,113,113,64,23,92,37.4
30011693,3,shortness of breath,1,98,94,59,18,100,37.4
30011694,2,headache,8,51,102,83,12,98,37.7
30011695,1,chest pain,8,69,111,104,13,94,36.1
30011696,4,shortness of breath,4,90,126,80,21,96,36.7
30011697,4,chest pain,1,94,129,86,22,98,36.3
30011698,4,knee pain,3,91,149,76,17,95,36.9
30011699,5,chest pain,2,77,91,105,18,94,38.0
30011700,2,shortness of breath,9,82,99,82,16,94,36.5
30011701,2,fever,7,82,131,87,12,96,37.6
30011702,3,shortness of breath,1,82,160,61,21,100,36.9
30011703,3,fall,0,100,126,90,12,96,38.6
30011704,3,anxiety,7,53,119,76,16,97,36.7
30011705,2,fever,8,67,147,54,20,93,37.0
30011706,2,headache,8,69,101,76,20,100,37.9
30011707,3,back pain,2,73,132,73,19,92,39.0
30011708,2,back pain,9,63,109,57,16,96,36.5
30011709,3,fall,6,77,131,76,20,95,36.9
30011710,4,knee pain,4,111,140,94,19,99,38.5
30011711,1,abdominal pain,10,70,135,86,19,98,35.7
30011712,3,shortness of breath,0,109,130,74,17,99,36.5
30011713,1,shortness of breath,9,86,109,88,21,100,36.7
30011714,3,chest pain,6,90,141,29,18,99,38.7
30011715,4,back pain,0,86,137,98,14,98,36.2
30011716,2,abdominal pain,9,70,130,79,16,96,36.3
30011717,4,back pain,3,79,122,79,23,99,37.4
30011718,3,knee pain,0,78,142,72,15,100,37.2
30011719,2,laceration,9,74,131,75,13,98,37.6
30011720,4,headache,4,66,94,93,27,100,37.9
30011721,4,anxiety,5,98,123,69,14,100,36.9
30011722,4,back pain,2,80,136,81,19,97,36.0
30011723,3,headache,5,96,141,50,20,99,35.5
30011724,3,fall,4,61,147,56,20,94,36.7
30011725,3,headache,4,95,126,77,18,94,37.1
30011726,4,anxiety,5,112,84,77,26,96,35.8
30011727,3,headache,6,98,125,81,21,100,38.1
30011728,3,knee pain,4,82,85,51,17,93,37.4
30011729,3,laceration,1,80,108,63,19,99,36.6
30011730,3,headache,4,101,158,93,15,100,37.1
30011731,2,abdominal pain,10,93,128,92,17,96,36.9
30011732,2,knee pain,6,61,107,95,11,99,36.3
30011733,3,chest pain,4,81,113,89,18,100,37.2
30011734,2,headache,6,72,153,81,13,99,38.5
30011735,3,chest pain,3,78,135,87,24,97,36.4
30011736,2,knee pain,6,83,131,64,20,96,36.2
30011737,4,knee pain,7,60,113,68,13,95,37.0
30011738,3,shortness of breath,2,63,137,67,12,100,37.9
30011739,3,laceration,6,80,126,109,20,96,35.7
30011740,3,shortness of breath,3,60,122,77,20,96,35.6
30011741,5,laceration,6,109,116,81,18,92,36.0
30011742,1,fall,10,87,121,73,18,100,36.8
30011743,3,knee pain,5,89,125,103,13,99,36.8
30011744,3,chest pain,3,73,135,94,20,100,37.6
30011745,3,chest pain,7,88,90,78,14,100,36.5
30011746,3,laceration,2,80,141,86,17,93,37.4
30011747,3,shortness of breath,6,79,110,79,16,100,37.5
30011748,3,back pain,1,87,114,101,18,91,37.5
30011749,3,knee pain,2,84,113,84,22,96,36.2
30011750,2,knee pain,10,84,117,79,20,96,37.6
30011751,2,back pain,6,93,107,57,18,96,37.9
30011752,2,shortness of breath,9,65,122,77,20,99,36.8
30011753,3,chest pain,0,104,128,59,18,92,36.7
30011754,3,laceration,5,65,96,77,18,97,36.7
30011755,5,anxiety,6,101,113,56,16,99,36.8
30011756,3,fever,6,102,122,84,19,99,38.3
30011757,3,knee pain,6,90,131,95,19,96,37.3
30011758,2,shortness of breath,6,94,137,88,18,99,36.4
30011759,3,knee pain,6,85,109,69,18,100,36.9
30011760,1,knee pain,7,76,121,97,17,89,38.0
30011761,4,fall,5,84,121,89,14,100,36.3
30011762,2,abdominal pain,7,82,82,91,18,100,38.3
30011763,2,fever,9,108,158,89,11,95,36.1
30011764,3,knee pain,2,82,109,66,14,100,37.4
30011765,3,headache,6,120,123,72,17,93,37.8
30011766,3,laceration,4,97,151,71,11,95,36.8
30011767,3,fever,0,117,88,79,14,94,38.1
30011768,3,shortness of breath,7,92,150,87,22,99,37.4
30011769,3,chest pain,1,83,150,79,14,95,37.3
30011770,4,anxiety,0,75,93,73,18,96,36.7
30011771,4,chest pain,5,78,151,99,23,96,37.8
30011772,3,knee pain,4,84,109,79,26,97,35.0
30011773,4,anxiety,4,108,117,30,12,100,38.3
30011774,2,chest pain,6,92,131,99,22,93,36.7
30011775,3,knee pain,6,88,143,74,15,96,39.6
30011776,3,shortness of breath,3,105,119,73,17,96,36.7
30011777,3,shortness of breath,4,96,145,53,17,97,37.0
30011778,3,knee pain,5,74,130,103,21,96,36.4
30011779,3,chest pain,1,71,96,62,31,96,37.7
30011780,4,back pain,5,97,159,109,27,95,37.1
30011781,3,chest pain,1,73,131,77,15,95,36.0
30011782,3,headache,6,96,140,94,12,95,36.5
30011783,3,laceration,2,89,128,66,18,94,37.6
30011784,1,knee pain,10,83,150,68,22,96,37.4
30011785,3,knee pain,7,102,163,80,17,96,36.3
30011786,1,headache,10,93,94,56,16,94,36.8
30011787,3,shortness of breath,0,70,102,73,8,95,36.9
30011788,2,knee pain,8,96,106,78,13,93,37.7
30011789,5,knee pain,6,91,130,85,16,95,36.3
30011790,3,shortness of breath,7,60,135,100,25,96,38.6
30011791,3,back pain,4,93,123,98,16,100,36.5
30011792,3,headache,7,89,131,80,12,96,37.9
30011793,3,fever,3,72,137,72,16,100,36.8
30011794,2,laceration,8,93,162,71,12,100,37.6
30011795,3,chest pain,1,67,101,67,23,100,37.4
30011796,5,headache,4,83,151,74,18,95,36.0
30011797,2,abdominal pain,10,94,114,86,27,100,36.8
30011798,3,anxiety,0,62,148,84,13,96,35.2
30011799,3,fall,5,76,107,103,15,97,37.1
30011800,3,laceration,5,103,96,90,15,95,36.9
30011801,4,anxiety,3,111,133,69,26,100,38.5
30011802,3,chest pain,2,96,114,81,21,97,37.8
30011803,3,fall,1,98,153,77,28,95,36.9
30011804,2,abdominal pain,10,88,124,85,22,100,37.2
30011805,3,fever,4,99,126,72,14,94,36.3
30011806,3,shortness of breath,4,101,113,91,16,96,38.1
30011807,1,fall,10,60,149,85,21,100,37.3
30011808,3,shortness of breath,1,109,137,78,12,93,35.8
30011809,4,back pain,2,96,143,80,28,93,36.9
30011810,3,anxiety,7,71,123,73,18,100,35.7
30011811,3,fever,2,90,111,94,18,95,36.7
30011812,3,fever,5,69,116,106,18,100,37.9
30011813,3,chest pain,5,83,125,82,15,98,36.5
30011814,3,laceration,6,82,146,67,14,93,38.1
30011815,3,chest pain,0,81,150,67,21,98,36.7
30011816,2,abdominal pain,6,102,149,68,19,98,37.3
30011817,2,fever,7,77,119,90,12,99,37.5
30011818,3,anxiety,3,104,144,97,22,98,38.5
30011819,3,fever,1,61,99,79,22,95,35.5
30011820,5,knee pain,4,86,140,57,15,97,38.8
30011821,3,back pain,1,62,118,86,15,100,37.6
30011822,3,knee pain,1,80,114,85,24,96,38.9
30011823,4,headache,4,81,122,85,23,95,37.3
30011824,3,fall,4,70,117,55,13,100,38.1
30011825,3,headache,0,84,116,68,23,96,38.6
30011826,3,shortness of breath,2,84,100,102,16,96,35.7
30011827,5,chest pain,1,84,130,80,16,96,38.1
30011828,3,back pain,4,78,125,58,20,98,38.8
30011829,3,abdominal pain,7,74,143,73,16,98,36.1
30011830,3,abdominal pain,7,72,119,76,7,94,36.7
30011831,3,fall,3,81,139,93,13,99,36.1
30011832,3,fever,5,84,146,116,20,95,36.6
30011833,3,shortness of breath,2,83,107,100,15,96,36.4
30011834,2,fall,7,68,156,93,17,97,36.0
30011835,4,back pain,7,93,106,77,13,100,37.4
30011836,4,shortness of breath,7,66,85,97,13,100,36.7
30011837,3,anxiety,6,95,134,70,17,94,37.5
30011838,2,headache,7,110,114,70,8,97,37.1
30011839,4,fall,7,79,129,91,19,92,37.8
30011840,2,shortness of breath,6,83,103,70,22,95,36.9
30011841,4,knee pain,1,55,104,74,16,97,37.1
30011842,3,anxiety,6,97,106,89,20,91,36.4
30011843,3,headache,6,88,108,84,18,96,37.9
30011844,4,abdominal pain,3,90,129,82,25,98,37.4
30011845,3,headache,7,94,139,76,21,91,37.1
30011846,2,abdominal pain,7,83,89,77,17,98,36.0
30011847,3,abdominal pain,4,72,141,81,15,100,36.8
30011848,1,shortness of breath,8,78,132,50,20,97,38.1
30011849,4,abdominal pain,5,81,98,83,25,94,37.1
30011850,3,chest pain,6,80,123,58,16,97,36.3
30011851,2,chest pain,10,102,129,80,15,100,35.3
30011852,4,chest pain,1,93,107,74,20,96,37.3
30011853,5,fever,0,99,105,79,22,95,37.2
30011854,4,fall,0,71,123,73,23,98,38.6
30011855,4,headache,2,111,142,69,22,98,37.7
30011856,4,anxiety,0,82,143,75,27,100,36.9
30011857,3,shortness of breath,1,80,138,86,24,95,36.0
30011858,3,headache,1,110,130,87,24,97,37.3
30011859,3,shortness of breath,7,88,137,76,17,92,36.4
30011860,2,fall,6,97,139,96,21,100,36.4
30011861,4,shortness of breath,1,81,104,57,20,99,36.9
30011862,4,knee pain,6,89,134,79,28,95,37.7
30011863,3,anxiety,7,84,128,90,14,97,36.4
30011864,4,laceration,6,98,156,88,10,98,38.6
30011865,3,anxiety,6,70,141,47,15,96,36.4
30011866,5,laceration,1,116,133,84,12,100,37.5
30011867,1,fall,6,85,145,81,17,94,37.3
30011868,3,laceration,7,86,114,81,15,100,36.3
30011869,3,fall,1,73,119,106,13,99,37.7
30011870,4,shortness of breath,7,101,98,48,17,100,37.5
30011871,4,fever,3,71,109,83,12,97,36.0
30011872,4,shortness of breath,2,84,123,105,14,100,36.0
30011873,4,abdominal pain,0,46,91,94,19,97,37.2
30011874,2,knee pain,7,91,153,93,14,92,37.3
30011875,3,laceration,7,117,108,121,18,100,36.6
30011876,3,fall,2,95,152,58,10,96,35.6
30011877,4,fall,5,84,128,106,20,100,36.1
30011878,3,fall,1,72,109,90,19,94,36.3
30011879,2,headache,7,87,144,69,27,100,36.1
30011880,3,back pain,4,93,114,67,24,97,36.2
30011881,3,anxiety,3,80,158,91,16,95,37.5
30011882,3,knee pain,5,103,121,64,31,95,37.7
30011883,4,fever,7,70,108,79,10,96,36.2
30011884,3,headache,3,81,129,75,17,100,35.7
30011885,3,laceration,3,70,96,73,11,97,35.4
30011886,4,headache,2,76,93,87,18,95,37.8
30011887,2,laceration,7,74,121,69,14,100,37.2
30011888,3,knee pain,0,90,119,88,14,95,36.6
30011889,2,back pain,6,67,157,78,21,95,37.3
30011890,1,knee pain,6,54,149,80,24,100,37.1
30011891,3,abdominal pain,2,62,117,68,14,97,36.2
30011892,5,headache,4,81,157,77,16,99,37.4
30011893,3,fever,7,80,123,53,18,97,37.4
30011894,4,abdominal pain,0,77,126,46,25,100,38.6
30011895,3,anxiety,6,81,132,76,16,100,38.6
30011896,4,laceration,7,93,103,89,19,95,37.8
30011897,3,shortness of breath,3,86,133,75,22,96,36.0
30011898,4,anxiety,1,90,112,69,16,96,35.6
30011899,4,laceration,6,47,142,86,20,100,37.0
30011900,4,back pain,3,83,141,93,18,99,38.1
30011901,3,knee pain,3,70,141,73,28,100,35.8
30011902,2,chest pain,7,90,119,64,24,98,36.4
30011903,3,fever,0,96,139,69,26,95,36.5
30011904,3,laceration,0,78,132,75,18,98,36.3
30011905,4,knee pain,4,80,99,86,20,95,37.5
30011906,3,headache,6,74,124,84,25,100,37.0
30011907,3,anxiety,6,83,110,77,20,98,35.8
30011908,4,laceration,2,55,152,72,20,97,36.5
30011909,3,shortness of breath,4,90,133,72,15,100,36.5
30011910,3,chest pain,5,107,162,70,16,95,37.3
30011911,4,knee pain,4,96,105,125,27,100,37.5
30011912,2,knee pain,9,114,119,91,19,96,36.9
30011913,3,chest pain,3,97,125,78,11,98,37.5
30011914,4,chest pain,4,83,108,112,15,99,36.9
30011915,3,shortness of breath,1,82,114,64,21,90,36.0
30011916,3,fall,3,101,137,98,21,98,37.7
30011917,3,back pain,3,95,113,78,10,100,37.1
30011918,3,anxiety,1,87,140,99,18,95,36.1
30011919,3,back pain,0,77,115,62,18,97,36.6
30011920,3,fall,2,72,126,84,15,98,37.5
30011921,3,headache,6,82,131,94,26,97,37.9
30011922,3,knee pain,5,61,139,52,21,91,37.4
30011923,2,fall,8,72,122,68,20,100,36.9
30011924,4,back pain,3,65,120,51,23,99,37.1
30011925,4,anxiety,0,90,132,101,19,100,36.9
30011926,2,back pain,10,94,185,50,16,95,36.2
30011927,2,back pain,10,92,120,86,15,96,37.8
30011928,2,chest pain,6,104,130,109,20,94,37.7
30011929,3,fever,2,105,138,87,9,95,36.0
30011930,5,fall,2,84,142,71,23,95,36.0
30011931,1,laceration,8,83,124,117,26,98,38.2
30011932,3,fever,4,60,105,108,20,95,37.2
30011933,3,fever,5,100,148,86,19,100,36.7
30011934,3,fever,6,73,102,70,12,97,37.0
30011935,2,shortness of breath,9,76,121,75,16,97,36.9
30011936,4,fall,7,63,126,67,17,98,38.1
30011937,3,shortness of breath,0,94,138,69,23,97,38.3
30011938,2,laceration,6,71,125,71,16,96,35.8
30011939,3,back pain,7,96,139,80,15,98,36.3
30011940,3,anxiety,5,78,155,91,18,94,37.2
30011941,1,knee pain,10,138,145,84,21,93,37.5
30011942,4,back pain,4,94,113,62,18,97,37.6
30011943,3,abdominal pain,4,40,135,59,13,95,37.3
30011944,5,knee pain,1,103,118,73,15,96,37.2
30011945,3,back pain,5,82,103,88,22,95,35.4
30011946,4,laceration,7,81,122,109,20,97,37.5
30011947,3,knee pain,4,75,141,93,16,94,35.6
30011948,5,anxiety,0,92,95,75,17,92,36.1
30011949,4,shortness of breath,6,100,128,90,17,97,37.0
30011950,3,fall,3,97,121,82,20,98,35.9
30011951,1,shortness of breath,7,97,119,69,26,95,37.1
30011952,2,abdominal pain,7,78,134,67,17,100,37.0
30011953,4,shortness of breath,2,80,120,92,27,100,37.0
30011954,2,back pain,10,115,137,87,18,100,35.6
30011955,3,headache,4,67,128,62,22,92,37.4
30011956,3,headache,1,82,130,75,20,96,37.8
30011957,1,headache,7,85,125,81,19,96,35.4
30011958,3,headache,5,67,123,70,18,97,37.0
30011959,3,laceration,3,99,131,53,15,98,38.2
30011960,4,abdominal pain,7,86,144,83,16,100,35.5
30011961,3,abdominal pain,1,75,111,97,12,97,37.5
30011962,4,chest pain,7,85,134,89,18,96,37.9
30011963,3,shortness of breath,1,77,131,72,18,92,37.7
30011964,3,abdominal pain,7,97,121,98,25,95,38.6
30011965,3,fever,3,70,135,80,21,100,37.3
30011966,5,chest pain,2,77,128,81,24,95,35.7
30011967,4,abdominal pain,0,87,159,103,22,100,35.4
30011968,2,chest pain,9,125,121,78,22,100,36.5
30011969,3,fall,3,92,130,73,16,94,36.9
30011970,4,back pain,6,121,105,69,21,100,37.4
30011971,4,shortness of breath,6,84,123,74,12,92,36.3
30011972,2,headache,10,108,148,65,11,100,37.4
30011973,3,laceration,5,91,132,51,13,96,36.5
30011974,3,anxiety,2,101,158,88,17,100,37.4
30011975,3,knee pain,4,102,91,81,23,98,37.2
30011976,3,abdominal pain,5,96,143,120,22,93,39.2
30011977,2,anxiety,10,108,152,59,21,100,36.9
30011978,3,shortness of breath,3,80,125,76,16,95,35.9
30011979,3,knee pain,3,79,153,85,20,95,36.1
30011980,4,chest pain,5,108,147,92,18,100,36.9
30011981,4,headache,4,87,130,83,14,97,36.5
30011982,2,knee pain,10,95,103,78,22,95,37.4
30011983,3,fall,7,87,108,80,12,100,36.8
30011984,3,fever,3,67,148,77,15,93,37.1
30011985,3,anxiety,3,106,93,89,18,93,37.0
30011986,5,fall,3,83,140,49,18,93,36.5
30011987,4,knee pain,5,62,103,86,20,96,36.5
30011988,2,knee pain,7,100,123,78,15,97,37.2
30011989,4,knee pain,2,102,115,80,15,96,37.1
30011990,4,chest pain,7,56,115,123,20,97,37.6
30011991,2,knee pain,10,71,97,75,12,100,37.5
30011992,3,knee pain,1,82,140,64,20,98,37.2
30011993,3,abdominal pain,1,82,164,67,17,100,37.1
30011994,1,shortness of breath,7,91,125,95,20,99,36.9
30011995,4,back pain,1,75,118,96,15,94,35.9
30011996,1,abdominal pain,7,67,156,86,25,94,36.7
30011997,3,shortness of breath,2,117,124,101,16,98,37.4
30011998,3,abdominal pain,1,96,126,68,18,96,36.3
30011999,4,fall,1,86,104,95,21,92,36.9
30012000,3,fever,2,102,111,82,25,99,37.2
30012001,4,back pain,4,95,127,109,23,92,36.7
30012002,2,laceration,10,82,137,67,18,92,36.9
30012003,2,shortness of breath,6,82,83,82,20,92,37.5
30012004,2,shortness of breath,7,95,122,67,21,97,37.9
30012005,3,fall,7,96,128,71,15,94,38.1
30012006,3,knee pain,6,108,126,87,16,99,37.3
30012007,2,back pain,10,92,102,65,24,97,36.7
30012008,3,knee pain,6,56,114,89,20,95,35.8
30012009,3,anxiety,1,84,96,77,20,98,36.4
30012010,2,laceration,7,89,111,83,12,94,36.4
30012011,3,back pain,4,98,146,83,18,96,35.9
30012012,2,fall,10,53,132,69,22,91,36.9
30012013,3,laceration,7,101,114,64,17,95,36.4
30012014,4,laceration,4,82,152,105,16,97,37.8
30012015,3,laceration,6,96,100,92,18,98,37.7
30012016,2,fall,7,75,145,81,12,97,36.9
30012017,3,chest pain,1,44,125,58,24,100,36.8
30012018,2,fall,10,66,161,88,19,98,37.0
30012019,2,back pain,9,50,138,80,24,100,35.9
30012020,3,anxiety,4,95,130,96,18,99,37.5
30012021,3,fever,6,77,122,88,17,93,37.8
30012022,2,anxiety,8,61,146,78,25,97,37.1
30012023,3,headache,2,73,136,67,8,99,36.5
30012024,4,anxiety,1,80,101,77,7,94,36.7
30012025,3,fall,2,87,135,114,20,97,37.2
30012026,4,chest pain,3,91,123,100,21,100,36.4
30012027,3,back pain,4,74,89,77,20,98,37.0
30012028,4,fever,6,71,70,95,21,93,38.9
30012029,2,laceration,8,97,150,69,14,91,35.9
30012030,4,anxiety,5,85,157,71,20,96,37.5
30012031,4,knee pain,3,82,137,87,17,97,37.2
30012032,3,knee pain,2,102,147,68,17,94,36.5
30012033,4,abdominal pain,7,80,128,101,19,95,37.0
30012034,4,back pain,5,73,105,86,17,96,36.5
30012035,3,back pain,1,105,132,96,19,95,36.9
30012036,3,knee pain,7,101,122,89,17,99,37.6
30012037,3,shortness of breath,0,88,131,87,13,95,37.3
30012038,3,headache,2,86,144,69,19,95,37.9
30012039,3,headache,0,88,135,98,16,100,36.2
30012040,1,knee pain,6,64,117,77,14,95,36.8
30012041,3,abdominal pain,4,79,122,97,16,98,38.1
30012042,3,shortness of breath,5,83,88,81,22,98,36.8
30012043,2,fall,10,88,122,79,16,96,36.8
30012044,1,fall,9,95,146,87,23,99,36.5
30012045,3,chest pain,3,97,111,73,26,95,36.3
30012046,4,back pain,3,72,106,83,25,94,37.6
30012047,3,back pain,7,71,91,101,14,94,36.5
30012048,2,anxiety,9,83,127,96,19,95,37.4
30012049,4,back pain,3,78,102,67,21,99,35.7
30012050,2,abdominal pain,6,87,140,84,18,100,36.8
30012051,3,knee pain,3,84,148,104,17,94,36.8
30012052,4,abdominal pain,7,86,98,66,13,92,38.0
30012053,3,back pain,3,62,104,61,17,96,36.6
30012054,2,fever,8,75,138,95,21,98,37.1
30012055,3,anxiety,4,98,115,62,15,100,37.7
30012056,3,chest pain,0,65,86,92,18,98,37.0
30012057,2,chest pain,9,94,114,52,9,98,38.3
30012058,4,anxiety,1,111,169,35,16,100,36.4
30012059,3,laceration,2,96,133,66,18,97,37.5
30012060,3,abdominal pain,5,83,113,76,12,98,36.6
30012061,3,headache,2,88,88,76,18,99,36.3
30012062,4,fall,6,69,95,61,20,100,37.5
30012063,3,fall,3,61,135,68,15,95,36.5
30012064,4,anxiety,0,84,159,119,19,96,38.5
30012065,2,back pain,9,110,75,72,13,96,36.3
30012066,3,shortness of breath,6,104,140,90,14,97,37.4
30012067,3,headache,6,61,140,87,23,94,36.1
30012068,3,anxiety,5,96,98,62,16,100,38.8
30012069,2,fever,9,100,146,77,18,100,37.7
30012070,3,headache,5,83,108,92,25,99,37.6
30012071,3,shortness of breath,0,77,111,94,23,99,37.3
30012072,3,abdominal pain,2,115,116,67,19,95,37.4
30012073,4,fever,0,73,116,111,15,98,37.2
30012074,3,headache,6,62,177,68,17,94,37.7
30012075,3,back pain,0,91,141,82,16,96,37.0
30012076,2,anxiety,9,83,130,77,18,99,36.2
30012077,2,abdominal pain,10,68,118,78,20,94,37.3
30012078,3,back pain,2,80,144,66,13,98,37.5
30012079,3,anxiety,0,76,141,78,19,97,37.7
30012080,3,abdominal pain,1,81,112,71,17,98,37.5
30012081,5,back pain,3,71,108,98,23,97,36.9
30012082,3,chest pain,3,55,137,80,23,95,37.0
30012083,5,laceration,0,72,128,59,16,100,35.5
30012084,3,fall,7,83,121,76,10,100,36.8
30012085,3,headache,5,88,148,96,15,96,36.0
30012086,4,laceration,2,82,127,102,19,100,38.4
30012087,3,anxiety,2,107,106,74,15,93,38.2
30012088,3,back pain,0,87,172,69,20,96,37.8
30012089,2,back pain,6,70,149,66,22,92,36.4
30012090,2,headache,10,107,111,84,15,97,37.8
30012091,4,headache,1,75,113,102,17,96,35.9
30012092,1,abdominal pain,9,74,113,68,17,97,35.1
30012093,3,anxiety,3,70,144,59,17,95,36.3
30012094,4,fall,4,72,128,89,20,91,37.3
30012095,4,shortness of breath,1,80,134,102,16,99,37.9
30012096,3,fever,6,96,149,69,22,98,38.2
30012097,3,abdominal pain,5,121,133,75,19,94,37.2
30012098,5,back pain,1,83,91,70,20,100,35.7
30012099,5,abdominal pain,2,83,133,62,15,97,37.6
30012100,3,shortness of breath,5,71,141,96,16,99,37.2
30012101,1,anxiety,9,98,144,80,22,94,37.7
30012102,3,headache,0,94,132,69,17,98,37.1
30012103,2,back pain,8,82,122,81,17,100,37.0
30012104,3,shortness of breath,2,68,144,104,18,100,37.3
30012105,2,fall,8,53,147,61,11,96,37.6
30012106,2,fall,8,70,124,78,21,97,36.4
30012107,4,back pain,7,92,83,76,26,96,36.8
30012108,2,knee pain,6,98,144,74,23,97,36.6
30012109,2,chest pain,10,76,135,77,20,100,37.1
30012110,3,headache,2,90,131,98,17,96,36.7
30012111,3,shortness of breath,6,90,139,103,21,100,37.1
30012112,3,fall,7,91,135,77,21,100,36.6
30012113,3,anxiety,3,98,120,81,21,96,36.7
30012114,3,chest pain,3,91,128,83,15,94,35.5
30012115,3,back pain,0,96,118,90,16,98,35.7
30012116,3,headache,7,87,108,72,20,93,37.4
30012117,4,fever,0,71,116,54,19,93,36.3
30012118,3,headache,0,98,166,83,21,95,36.0
30012119,3,fever,2,99,127,89,23,100,36.3
30012120,3,knee pain,2,85,101,91,21,98,37.8
30012121,3,anxiety,6,98,133,79,13,93,35.4
30012122,3,abdominal pain,2,104,149,104,16,100,38.2
30012123,4,anxiety,7,50,155,85,18,93,36.9
30012124,5,fever,7,101,95,112,16,96,36.8
30012125,2,anxiety,7,62,108,75,22,97,36.1
30012126,2,knee pain,8,80,135,80,21,98,36.7
30012127,2,back pain,10,70,162,66,14,93,37.5
30012128,3,laceration,0,68,117,68,16,100,37.2
30012129,3,shortness of breath,0,81,175,98,21,96,37.9
30012130,4,shortness of breath,2,99,101,82,22,96,36.6
30012131,5,fall,3,107,109,99,23,99,35.9
30012132,3,fall,6,103,152,106,19,100,37.1
30012133,3,shortness of breath,3,89,126,100,19,96,37.0
30012134,3,laceration,0,101,97,82,16,100,38.0
30012135,5,laceration,2,71,107,49,12,98,37.0
30012136,3,fall,2,108,132,80,17,99,36.7
30012137,3,fever,5,110,166,88,22,97,37.4
30012138,3,knee pain,5,65,125,102,17,98,37.5
30012139,3,fall,2,110,133,70,20,90,37.8
30012140,2,back pain,7,74,136,78,17,99,36.5
30012141,3,shortness of breath,5,71,126,102,16,94,36.5
30012142,2,fall,10,94,123,114,9,96,38.8
30012143,4,headache,4,63,150,97,13,96,36.8
30012144,3,back pain,2,94,145,94,17,100,36.8
30012145,3,fall,4,93,125,97,25,100,37.1
30012146,5,abdominal pain,2,117,130,82,21,93,36.8
30012147,3,anxiety,1,71,146,79,26,99,37.2
30012148,3,laceration,1,91,81,85,22,100,37.2
30012149,3,back pain,5,69,162,93,16,98,36.3
30012150,5,anxiety,3,102,121,84,15,100,36.7
30012151,3,fever,5,62,156,98,19,94,37.8
30012152,2,shortness of breath,8,79,98,69,16,93,37.2
30012153,3,knee pain,6,52,135,98,22,95,36.5
30012154,5,laceration,4,102,139,71,21,100,37.2
30012155,4,fever,2,94,113,79,24,97,37.6
30012156,3,abdominal pain,6,73,105,98,5,95,38.3
30012157,2,back pain,9,74,120,59,14,94,37.6
30012158,2,laceration,7,87,103,78,17,98,35.3
30012159,3,abdominal pain,1,112,117,78,16,100,36.8
30012160,4,fever,5,75,121,86,17,99,38.2
30012161,2,abdominal pain,6,71,137,95,22,95,39.3
30012162,3,knee pain,1,72,118,70,23,96,35.8
30012163,4,shortness of breath,1,70,148,89,22,95,36.1
30012164,2,chest pain,6,85,123,88,15,100,39.3
30012165,4,fever,2,105,149,100,20,100,36.7
30012166,2,fall,9,63,157,65,14,97,37.8
30012167,3,laceration,3,79,101,64,16,94,36.6
30012168,2,shortness of breath,9,101,159,86,14,97,37.4
30012169,3,shortness of breath,3,89,150,79,17,100,38.0
30012170,3,back pain,0,92,156,93,25,97,36.3
30012171,3,back pain,0,92,146,84,13,93,37.6
30012172,3,laceration,4,52,115,95,17,97,37.6
30012173,4,knee pain,3,64,145,69,19,100,36.5
30012174,4,fall,1,87,123,96,12,94,36.4
30012175,3,chest pain,2,93,138,64,16,99,37.3
30012176,3,anxiety,1,109,98,87,16,99,36.9
30012177,5,anxiety,1,87,86,86,23,95,37.3
30012178,3,knee pain,5,106,106,73,12,97,37.5
30012179,4,fever,4,80,140,60,14,95,37.3
30012180,2,fever,9,85,151,83,20,94,37.4
30012181,4,laceration,4,84,154,82,15,97,34.6
30012182,4,anxiety,0,77,119,67,18,92,37.7
30012183,2,fall,8,94,112,82,17,94,38.3
30012184,3,abdominal pain,5,58,116,106,13,96,36.4
30012185,3,headache,6,106,158,87,20,100,37.1
30012186,3,shortness of breath,4,93,114,73,19,98,37.2
30012187,3,back pain,2,112,129,92,27,97,36.1
30012188,4,fall,2,101,126,92,22,93,38.0
30012189,5,abdominal pain,2,81,103,76,20,100,37.9
30012190,2,anxiety,6,66,128,61,21,99,37.1
30012191,3,fever,4,77,125,54,19,98,37.6
30012192,2,shortness of breath,9,82,111,99,17,100,37.5
30012193,1,fall,6,97,96,82,21,92,38.4
30012194,4,anxiety,2,60,107,33,9,96,36.0
30012195,3,chest pain,0,86,128,72,15,99,35.3
30012196,3,laceration,7,57,108,63,21,97,36.9
30012197,2,fever,7,77,112,75,23,92,37.8
30012198,3,shortness of breath,6,72,131,79,19,95,36.7
30012199,3,anxiety,2,75,98,67,19,96,36.2
30012200,2,shortness of breath,6,85,140,73,14,92,37.3
30012201,1,abdominal pain,7,108,102,93,19,99,36.4
30012202,1,fever,7,84,107,89,13,93,37.8
30012203,3,anxiety,2,69,115,87,14,96,35.6
30012204,4,fever,7,69,128,79,14,97,36.9
30012205,1,back pain,10,66,144,63,22,95,36.6
30012206,3,fall,1,72,121,82,21,98,36.2
30012207,3,abdominal pain,1,100,149,68,16,100,36.3
30012208,2,fall,10,76,117,57,11,99,37.5
30012209,4,fall,5,89,108,80,30,100,36.6
30012210,3,knee pain,6,88,134,60,19,100,36.2
30012211,2,back pain,9,76,135,53,21,93,37.4
30012212,1,back pain,6,75,118,56,12,100,36.2
30012213,2,abdominal pain,8,92,116,63,16,93,38.0
30012214,3,knee pain,4,86,152,99,17,98,36.4
30012215,3,headache,2,100,105,76,19,98,36.4
30012216,3,chest pain,1,81,148,95,24,94,38.0
30012217,4,back pain,5,109,134,82,23,96,37.3
30012218,5,knee pain,2,65,151,84,17,97,36.2
30012219,3,back pain,6,84,155,88,21,98,36.0
30012220,1,fall,8,42,114,70,20,98,36.8
30012221,3,fever,3,81,106,62,17,93,37.1
30012222,3,anxiety,1,109,138,79,27,98,36.6
30012223,1,fever,8,55,133,77,23,96,36.3
30012224,3,shortness of breath,7,113,120,54,16,95,37.7
30012225,4,laceration,0,66,137,79,16,100,35.8
30012226,4,headache,1,78,87,85,23,93,37.2
30012227,3,back pain,7,74,106,106,16,100,37.1
30012228,2,fever,9,91,137,112,10,95,37.9
30012229,4,fall,0,84,94,96,19,91,37.5
30012230,3,chest pain,6,68,127,91,18,99,37.4
30012231,5,anxiety,0,77,124,63,16,96,38.3
30012232,5,anxiety,5,73,66,44,19,97,37.0
30012233,3,headache,3,99,144,78,21,98,37.6
30012234,4,chest pain,3,63,115,108,19,99,35.6
30012235,3,fever,4,105,113,105,19,95,36.6
30012236,2,shortness of breath,6,107,95,58,19,97,37.2
30012237,2,laceration,10,69,133,62,11,94,37.0
30012238,3,anxiety,6,101,120,89,20,96,36.7
30012239,3,abdominal pain,5,129,160,74,16,92,38.1
30012240,3,anxiety,5,67,108,80,14,91,36.5
30012241,3,anxiety,4,118,108,78,17,96,36.9
30012242,3,back pain,0,79,121,67,20,100,37.3
30012243,2,fall,6,87,118,76,17,100,36.7
30012244,3,anxiety,3,87,157,69,18,94,35.5
30012245,3,knee pain,2,89,100,85,14,90,37.7
30012246,3,headache,4,68,147,64,15,96,36.9
30012247,3,knee pain,6,87,122,108,20,100,36.6
30012248,3,laceration,3,112,108,75,19,98,38.1
30012249,3,fall,6,88,117,67,20,97,37.9
30012250,2,laceration,6,94,128,106,22,98,36.5
30012251,4,shortness of breath,0,75,110,90,11,98,37.5
30012252,3,laceration,5,85,144,64,18,100,37.3
30012253,3,fever,1,120,122,88,23,97,36.5
30012254,3,shortness of breath,2,89,151,91,17,97,38.3
30012255,3,abdominal pain,4,58,114,95,17,95,37.9
30012256,3,shortness of breath,0,88,101,68,17,96,37.5
30012257,3,knee pain,0,91,108,72,21,96,37.2
30012258,2,fall,6,88,110,81,22,97,36.7
30012259,2,back pain,7,70,117,67,13,100,37.2
30012260,4,fever,6,107,140,79,20,95,37.0
30012261,3,abdominal pain,1,86,126,84,12,99,37.5
30012262,4,fever,7,100,92,90,19,92,37.4
30012263,2,chest pain,6,85,118,88,18,96,37.1
30012264,3,chest pain,3,103,154,112,22,95,36.5
30012265,2,shortness of breath,9,84,178,95,18,100,36.5
30012266,3,anxiety,1,76,135,55,19,99,36.5
30012267,2,anxiety,9,62,136,54,17,94,36.3
30012268,4,back pain,1,44,141,70,19,99,37.6
30012269,1,knee pain,10,79,148,98,23,95,38.6
30012270,2,shortness of breath,10,94,155,67,19,97,37.5
30012271,4,back pain,1,96,141,102,25,89,38.0
30012272,3,fall,4,70,118,85,18,100,37.3
30012273,4,anxiety,5,77,145,75,19,99,36.8
30012274,4,abdominal pain,3,106,137,88,18,99,37.6
30012275,3,fall,7,87,94,95,17,96,37.9
30012276,4,fever,1,70,110,94,20,95,36.7
30012277,3,fall,1,72,179,93,22,98,36.1
30012278,3,knee pain,2,38,145,84,21,99,37.4
30012279,2,fever,8,61,106,67,22,92,36.3
30012280,4,laceration,6,64,121,82,19,100,37.4
30012281,3,back pain,0,97,133,104,19,100,37.2
30012282,3,headache,3,68,52,67,19,99,35.9
30012283,4,knee pain,3,68,123,63,17,96,36.7
30012284,3,chest pain,2,107,110,78,16,100,36.2
30012285,3,shortness of breath,6,89,140,58,16,100,36.8
30012286,3,back pain,0,87,143,102,18,97,37.7
30012287,3,headache,6,92,122,99,15,95,36.2
30012288,2,anxiety,6,87,102,68,26,97,37.9
30012289,3,anxiety,0,98,119,67,20,94,36.0
30012290,3,knee pain,7,77,96,85,16,96,36.7
30012291,2,headache,9,82,108,89,18,96,36.4
30012292,3,back pain,7,94,134,79,13,97,36.6
30012293,2,chest pain,9,71,138,108,10,96,36.2
30012294,4,fall,0,104,124,72,25,96,35.7
30012295,3,fall,1,108,153,92,17,100,35.9
30012296,3,anxiety,0,90,121,67,13,97,37.6
30012297,4,fall,3,95,101,82,21,97,36.9
30012298,3,back pain,4,73,141,97,17,96,37.5
30012299,1,fever,10,77,102,88,17,94,37.7
30012300,3,shortness of breath,4,67,107,70,20,100,38.1
30012301,3,headache,0,79,135,86,12,95,36.7
30012302,2,fall,10,69,118,87,17,100,37.1
30012303,3,fall,6,92,149,73,17,97,36.1
30012304,3,headache,2,81,120,50,30,100,37.0
30012305,3,laceration,6,106,103,108,21,100,37.0
30012306,2,shortness of breath,10,105,144,76,26,92,38.2
30012307,2,fall,9,79,113,77,19,97,37.4
30012308,2,anxiety,10,108,107,63,24,94,37.0
30012309,4,back pain,6,111,100,76,24,97,36.8
30012310,5,headache,2,68,128,75,13,92,37.0
30012311,3,fever,5,83,157,51,17,98,37.1
30012312,2,fall,9,85,127,72,18,94,38.4
30012313,5,shortness of breath,3,86,120,101,22,99,38.3
30012314,3,chest pain,5,80,147,78,18,100,36.9
30012315,4,abdominal pain,5,84,105,96,19,99,36.7
30012316,4,fall,5,104,161,70,12,91,38.2
30012317,5,chest pain,4,59,101,59,22,94,38.3
30012318,3,fall,4,70,86,80,15,100,36.5
30012319,1,anxiety,6,82,116,81,14,100,38.8
30012320,4,back pain,1,75,111,59,21,97,36.7
30012321,5,fall,2,92,124,47,13,100,37.4
30012322,3,fall,0,72,128,100,28,100,37.6
30012323,3,shortness of breath,0,72,170,99,24,100,38.3
30012324,4,shortness of breath,2,75,152,90,21,100,36.1
30012325,2,shortness of breath,10,104,143,84,17,98,37.1
30012326,3,anxiety,2,87,144,95,8,97,35.4
30012327,3,fever,2,63,111,75,9,98,37.2
30012328,4,anxiety,2,75,122,99,20,96,36.2
30012329,4,chest pain,6,95,101,76,22,100,36.9
30012330,3,headache,0,87,123,113,15,95,36.5
30012331,2,fever,9,101,121,70,16,92,37.5
30012332,3,abdominal pain,4,81,105,79,18,93,36.6
30012333,4,headache,2,74,122,90,14,96,37.6
30012334,3,abdominal pain,7,96,132,79,25,98,36.8
30012335,4,knee pain,5,77,123,78,16,93,36.7
30012336,2,shortness of breath,7,52,126,81,23,95,37.2
30012337,3,fall,3,92,156,52,17,95,36.4
30012338,4,back pain,2,79,142,82,12,99,35.7
30012339,4,chest pain,0,69,120,76,20,94,37.0
30012340,3,fall,0,117,134,79,20,100,36.7
30012341,3,fall,6,71,138,74,20,95,36.3
30012342,3,fever,7,62,116,75,16,100,37.2
30012343,3,knee pain,0,85,109,82,16,95,37.3
30012344,3,chest pain,4,72,120,79,20,99,37.3
30012345,3,knee pain,7,85,121,83,23,95,35.9
30012346,5,fever,2,72,159,77,19,94,37.4
30012347,3,headache,7,114,137,86,21,95,37.5
30012348,5,fall,6,110,132,91,16,93,36.9
30012349,2,abdominal pain,8,83,89,94,17,100,37.8
30012350,3,abdominal pain,1,71,131,70,10,100,36.6
30012351,3,abdominal pain,6,102,98,95,17,99,36.5
30012352,3,fever,3,64,132,106,13,96,36.8
30012353,3,shortness of breath,2,74,151,72,18,93,36.1
30012354,3,laceration,7,84,125,57,25,99,36.4
30012355,2,laceration,9,101,140,92,21,99,37.9
30012356,3,back pain,4,96,60,72,18,99,38.4
30012357,2,back pain,9,83,128,85,19,99,36.5
30012358,2,fall,7,84,101,92,13,95,37.4
30012359,3,fall,6,65,138,87,26,97,36.8
30012360,3,anxiety,1,97,128,99,20,95,36.5
30012361,2,abdominal pain,7,99,115,81,14,97,36.3
30012362,3,laceration,6,93,138,94,20,99,36.1
30012363,3,chest pain,7,84,121,48,18,95,37.3
30012364,1,fall,8,105,81,77,17,100,37.7
30012365,3,laceration,5,77,109,72,14,98,36.6
30012366,4,knee pain,3,83,85,73,18,94,37.7
30012367,3,knee pain,4,79,117,96,26,96,37.3
30012368,3,laceration,3,98,126,70,25,96,36.8
30012369,4,laceration,5,89,126,78,22,98,35.9
30012370,3,shortness of breath,1,78,94,66,15,100,36.6
30012371,3,laceration,6,81,121,91,16,100,36.9
30012372,2,abdominal pain,8,89,121,104,11,96,36.2
30012373,3,anxiety,6,93,120,93,13,94,35.4
30012374,4,chest pain,7,93,148,85,19,99,37.9
30012375,3,headache,5,74,146,57,13,92,37.9
30012376,2,back pain,10,89,137,96,20,93,37.2
30012377,5,back pain,7,73,135,77,16,100,37.0
30012378,3,shortness of breath,4,77,83,74,20,96,37.5
30012379,2,knee pain,8,81,122,82,17,95,36.6
30012380,1,fall,10,88,143,79,20,96,35.5
30012381,3,knee pain,3,95,98,88,18,98,37.1
30012382,4,fall,3,90,115,70,21,99,36.7
30012383,3,laceration,3,72,118,96,19,97,36.3
30012384,3,anxiety,2,75,142,65,23,97,36.5
30012385,5,headache,4,88,146,65,24,98,36.2
30012386,3,back pain,5,77,95,62,21,96,37.3
30012387,2,knee pain,6,92,162,58,15,98,37.3
30012388,4,fever,5,102,125,79,19,100,35.7
30012389,2,chest pain,9,109,139,66,13,92,35.4
30012390,3,chest pain,6,79,154,52,24,93,37.2
30012391,4,fever,5,65,118,79,10,100,38.4
30012392,4,abdominal pain,7,98,109,80,16,94,36.3
30012393,2,fever,8,60,139,71,16,97,38.0
30012394,3,shortness of breath,0,95,140,68,25,93,37.8
30012395,3,anxiety,2,102,111,81,15,97,37.3
30012396,4,headache,6,77,107,47,15,100,37.1
30012397,2,knee pain,6,96,118,86,19,96,38.4
30012398,3,back pain,4,90,125,102,11,96,37.6
30012399,4,fall,6,79,112,114,18,100,35.3
30012400,4,back pain,4,86,141,78,19,98,36.6
30012401,3,knee pain,1,108,114,82,17,100,36.7
30012402,5,knee pain,1,73,154,77,17,92,38.2
30012403,2,anxiety,7,113,143,80,23,91,36.5
30012404,4,chest pain,4,95,145,91,20,94,36.6
30012405,3,anxiety,0,83,132,96,20,97,36.6
30012406,2,fall,8,80,126,85,19,97,36.8
30012407,3,abdominal pain,3,68,139,81,15,98,37.3
30012408,3,shortness of breath,4,58,102,75,24,98,36.0
30012409,2,anxiety,7,78,117,68,21,97,38.3
30012410,3,abdominal pain,5,81,144,78,16,94,36.4
30012411,3,knee pain,7,98,104,85,22,96,36.2
30012412,5,headache,3,70,103,91,21,99,38.0
30012413,4,fever,0,79,137,95,14,98,36.6
30012414,3,fever,1,102,105,88,13,98,37.7
30012415,3,fever,3,62,66,91,23,100,38.4
30012416,2,chest pain,7,83,124,78,21,94,36.3
30012417,2,anxiety,8,82,156,86,20,88,37.6
30012418,3,headache,1,101,160,81,18,93,36.6
30012419,3,headache,1,92,108,76,20,93,36.1
30012420,3,fever,4,105,108,100,22,100,37.6
30012421,3,headache,3,56,122,94,24,95,37.8
30012422,2,anxiety,6,105,135,111,17,96,37.7
30012423,1,fall,6,94,107,85,19,95,39.1
30012424,3,laceration,4,84,162,72,17,98,37.6
30012425,3,chest pain,0,76,113,87,16,100,35.6
30012426,5,fever,6,89,104,92,17,100,35.6
30012427,2,fall,7,111,97,100,21,91,36.9
30012428,3,back pain,5,64,103,116,17,95,37.6
30012429,4,abdominal pain,3,75,145,92,18,96,36.5
30012430,3,abdominal pain,2,66,104,50,16,96,38.3
30012431,2,back pain,6,120,98,68,19,96,37.1
30012432,4,chest pain,2,76,100,97,17,96,37.7
30012433,3,headache,1,90,130,99,19,98,36.4
30012434,4,knee pain,3,119,146,58,24,100,37.1
30012435,5,headache,3,102,123,63,25,93,36.6
30012436,3,chest pain,1,98,116,94,20,95,37.7
30012437,4,headache,0,56,149,118,23,92,37.0
30012438,2,fall,7,67,135,104,18,98,37.7
30012439,4,anxiety,1,93,105,86,21,92,35.4
30012440,2,chest pain,10,84,135,58,18,98,37.4
30012441,3,shortness of breath,0,92,123,84,8,100,35.0
30012442,3,shortness of breath,0,86,138,84,18,94,38.4
30012443,1,shortness of breath,10,79,131,61,18,93,36.7
30012444,3,abdominal pain,7,82,125,73,11,97,37.2
30012445,3,abdominal pain,2,83,143,94,17,99,37.3
30012446,2,fall,10,82,145,72,19,93,36.3
30012447,3,fall,6,70,121,80,19,100,37.9
30012448,3,abdominal pain,7,77,88,100,11,98,36.3
30012449,1,chest pain,10,61,148,91,26,93,37.0
30012450,1,anxiety,8,95,91,39,23,95,39.0
30012451,2,headache,7,76,147,64,14,93,37.1
30012452,4,laceration,5,87,154,81,18,99,36.7
30012453,3,knee pain,7,91,136,102,19,96,36.8
30012454,3,headache,4,53,117,72,13,96,37.5
30012455,3,anxiety,1,69,89,79,19,97,37.1
30012456,2,shortness of breath,7,99,112,91,21,98,38.3
30012457,3,fever,6,113,129,79,21,100,36.8
30012458,3,headache,6,88,136,53,26,96,35.7
30012459,4,knee pain,1,72,167,69,15,98,37.5
30012460,3,abdominal pain,5,99,146,104,20,94,36.4
30012461,3,laceration,2,100,146,83,20,100,36.3
30012462,4,anxiety,4,105,141,84,16,94,36.9
30012463,4,headache,5,106,132,65,21,99,36.4
30012464,3,laceration,2,99,101,59,15,96,37.1
30012465,2,chest pain,6,82,175,82,24,93,36.9
30012466,4,shortness of breath,0,112,119,101,13,92,36.2
30012467,3,laceration,0,77,131,57,10,95,38.0
30012468,1,fever,6,89,135,93,21,93,37.3
30012469,3,fever,0,74,167,100,17,99,36.2
30012470,4,knee pain,0,95,145,51,9,98,37.5
30012471,2,shortness of breath,10,73,132,60,19,97,36.1
30012472,4,knee pain,2,99,99,64,18,100,36.1
30012473,3,fall,4,78,120,83,19,99,37.8
30012474,4,anxiety,4,98,108,85,24,96,36.8
30012475,5,chest pain,2,92,80,105,17,100,36.3
30012476,3,chest pain,6,93,163,92,16,95,38.2
30012477,3,knee pain,7,75,124,75,16,99,36.3
30012478,4,laceration,7,103,100,89,16,99,36.7
30012479,3,laceration,4,98,123,95,18,92,37.2
30012480,2,knee pain,7,58,123,55,27,97,36.6
30012481,5,laceration,7,91,117,61,23,93,36.7
30012482,3,knee pain,4,83,120,50,22,96,39.0
30012483,4,abdominal pain,4,90,100,74,16,93,37.1
30012484,2,anxiety,6,106,110,85,26,91,35.7
30012485,2,fall,9,61,147,98,21,100,38.0
30012486,3,laceration,3,73,104,82,22,93,38.0
30012487,4,headache,1,128,106,94,17,100,37.4
30012488,4,anxiety,2,86,140,97,24,96,37.3
30012489,2,chest pain,6,88,102,71,19,96,37.3
30012490,3,headache,2,84,154,76,14,94,36.5
30012491,4,shortness of breath,3,75,138,61,16,93,36.0
30012492,3,fall,5,53,117,94,19,100,37.0
30012493,3,fall,0,102,147,96,18,94,36.5
30012494,3,laceration,7,77,68,78,21,93,36.6
30012495,3,laceration,5,103,128,83,16,99,37.3
30012496,4,anxiety,5,73,151,93,23,91,37.1
30012497,2,laceration,7,57,159,76,19,96,38.1
30012498,3,shortness of breath,1,96,149,94,22,100,36.9
30012499,4,laceration,0,82,150,94,16,100,37.3
30012500,4,fall,1,79,130,100,20,99,36.8
30012501,2,shortness of breath,9,83,163,51,19,100,37.8
30012502,3,abdominal pain,2,74,140,71,21,98,37.6
30012503,3,knee pain,0,93,139,114,20,99,37.2
30012504,2,headache,7,66,93,85,22,94,36.0
30012505,3,chest pain,5,88,155,81,17,98,36.5
30012506,3,headache,5,86,130,81,20,99,36.6
30012507,4,fall,3,70,131,72,16,96,35.3
30012508,3,fever,7,117,170,81,19,96,36.6
30012509,2,chest pain,7,72,126,75,16,97,37.7
30012510,2,laceration,9,74,132,79,19,96,38.2
30012511,4,knee pain,2,89,99,57,17,99,36.6
30012512,3,abdominal pain,7,84,118,84,21,94,38.1
30012513,4,shortness of breath,5,76,137,85,13,98,37.5
30012514,3,shortness of breath,2,103,148,63,19,95,37.3
30012515,1,shortness of breath,8,95,102,62,15,97,38.3
30012516,3,chest pain,0,97,120,80,21,98,35.9
30012517,2,fall,7,53,99,79,15,96,36.8
30012518,3,headache,6,91,123,95,27,97,37.0
30012519,5,knee pain,1,96,134,61,18,97,36.9
30012520,4,fever,3,54,103,86,22,92,36.7
30012521,3,chest pain,1,84,114,72,17,96,37.2
30012522,4,abdominal pain,7,94,135,91,15,94,38.4
30012523,3,fever,6,99,102,69,15,98,37.9
30012524,2,laceration,10,76,134,79,22,98,38.0
30012525,4,headache,5,95,106,70,17,99,38.3
30012526,2,shortness of breath,7,84,142,83,24,100,38.2
30012527,4,shortness of breath,5,86,97,70,12,95,37.4
30012528,3,laceration,3,87,113,66,21,98,37.0
30012529,2,headache,9,73,107,80,13,100,37.7
30012530,3,laceration,4,86,107,55,22,95,36.1
30012531,2,chest pain,7,68,92,57,21,98,36.8
30012532,2,anxiety,6,95,102,75,16,97,37.8
30012533,4,back pain,4,103,108,90,12,96,37.9
30012534,4,laceration,7,93,126,86,19,97,37.2
30012535,3,shortness of breath,3,79,131,35,16,97,35.9
30012536,3,abdominal pain,3,85,101,94,14,100,37.6
30012537,2,chest pain,6,81,152,79,21,99,36.9
30012538,3,headache,4,69,131,79,20,99,36.3
30012539,3,fever,4,79,95,77,17,96,37.6
30012540,3,shortness of breath,7,83,141,73,12,97,38.1
30012541,1,laceration,6,91,122,81,20,92,35.3
30012542,2,abdominal pain,9,81,131,77,20,100,36.9
30012543,3,knee pain,0,46,111,74,19,95,37.6
30012544,3,chest pain,4,107,156,48,19,95,35.6
30012545,3,chest pain,4,112,118,69,19,92,37.0
30012546,3,fall,4,89,133,91,19,96,36.9
30012547,4,fall,3,75,159,57,19,100,37.1
30012548,3,laceration,0,78,134,100,16,100,38.0
30012549,3,headache,3,93,133,96,17,91,36.6
30012550,3,knee pain,2,100,130,114,12,95,37.5
30012551,3,fall,4,86,130,62,23,99,36.4
30012552,1,fall,9,84,156,117,19,99,37.9
30012553,2,laceration,10,88,136,57,22,98,38.0
30012554,1,fever,6,80,122,76,14,98,37.6
30012555,3,fever,3,74,97,71,20,100,37.1
30012556,3,anxiety,2,97,119,63,19,95,38.3
30012557,4,laceration,5,104,130,75,6,97,37.1
30012558,3,anxiety,6,60,134,69,22,100,37.9
30012559,3,anxiety,4,123,149,97,11,100,35.9
30012560,4,fever,4,75,105,62,18,100,36.3
30012561,3,laceration,0,97,105,78,21,100,36.4
30012562,3,fever,2,102,134,84,12,98,37.0
30012563,3,chest pain,6,86,121,78,14,96,36.4
30012564,3,knee pain,0,70,92,71,23,100,36.7
30012565,3,laceration,1,96,122,92,22,100,35.7
30012566,3,fever,6,65,120,81,18,94,37.1
30012567,2,laceration,10,83,131,82,17,98,37.4
30012568,3,anxiety,5,103,97,55,13,100,36.8
30012569,3,shortness of breath,1,89,132,74,21,100,36.8
30012570,4,fever,5,111,151,68,18,96,37.3
30012571,3,chest pain,6,108,182,57,19,94,36.6
30012572,1,shortness of breath,8,103,134,91,21,99,36.5
30012573,4,shortness of breath,3,100,127,105,23,96,35.8
30012574,3,back pain,7,105,105,78,17,100,36.6
30012575,2,fever,8,87,114,90,16,100,37.4
30012576,5,back pain,5,79,141,60,15,100,38.2
30012577,2,headache,9,69,113,74,23,100,37.0
30012578,4,abdominal pain,3,77,97,91,17,94,37.1
30012579,3,back pain,7,76,138,74,14,98,37.3
30012580,5,fever,1,94,135,65,15,98,36.9
30012581,3,fall,7,93,154,98,18,97,35.3
30012582,4,shortness of breath,5,101,109,57,18,95,38.1
30012583,2,knee pain,7,108,155,85,18,94,37.2
30012584,2,back pain,7,96,134,102,13,95,37.9
30012585,4,shortness of breath,6,86,174,92,17,98,36.7
30012586,3,anxiety,5,85,115,88,21,98,36.8
30012587,3,headache,6,107,170,81,24,98,36.1
30012588,3,fever,1,91,128,88,22,94,37.5
30012589,2,chest pain,7,71,127,86,12,97,36.5
30012590,2,back pain,8,69,122,49,24,95,36.0
30012591,4,shortness of breath,5,104,128,66,16,95,36.9
30012592,2,abdominal pain,9,50,129,50,19,100,37.4
30012593,3,fever,2,73,132,101,15,97,37.7
30012594,3,knee pain,0,85,122,69,19,93,36.6
30012595,2,back pain,6,108,133,91,24,98,36.8
30012596,3,abdominal pain,3,66,90,100,12,95,37.5
30012597,3,knee pain,7,81,91,88,14,96,36.5
30012598,4,back pain,4,82,152,100,18,100,36.9
30012599,4,headache,0,100,119,95,19,97,38.3
30012600,1,back pain,7,74,137,86,18,96,36.7
30012601,3,laceration,4,62,122,64,15,100,37.7
30012602,3,headache,2,60,138,76,15,95,37.8
30012603,2,knee pain,6,109,88,78,22,96,37.4
30012604,3,headache,7,106,142,114,19,96,37.1
30012605,3,anxiety,0,102,126,104,20,99,37.5
30012606,5,headache,6,76,127,64,14,99,35.8
30012607,4,fall,2,76,110,72,12,97,37.5
30012608,3,fall,4,91,128,86,23,97,37.6
30012609,1,shortness of breath,10,101,119,84,14,94,37.2
30012610,3,anxiety,6,76,181,60,19,96,37.9
30012611,4,shortness of breath,4,70,117,108,15,92,36.7
30012612,4,abdominal pain,5,83,95,103,22,96,37.6
30012613,4,chest pain,3,110,142,73,14,98,38.4
30012614,3,fall,3,97,95,86,19,96,36.4
30012615,2,headache,6,68,102,58,12,95,38.2
30012616,4,knee pain,4,109,118,57,23,93,36.6
30012617,3,shortness of breath,0,71,119,95,21,96,37.7
30012618,4,shortness of breath,3,107,111,66,20,96,36.7
30012619,3,anxiety,1,99,92,85,19,92,35.5
30012620,3,chest pain,3,90,136,96,18,100,36.8
30012621,4,knee pain,7,70,138,88,20,95,37.6
30012622,4,chest pain,2,79,135,106,24,100,36.3
30012623,2,shortness of breath,6,70,162,106,16,100,37.5
30012624,3,laceration,5,82,121,78,12,100,36.9
30012625,3,fever,3,87,96,81,17,98,36.7
30012626,3,fever,2,86,103,53,11,91,37.0
30012627,3,knee pain,3,76,120,67,22,98,36.4
30012628,3,knee pain,3,86,116,102,17,100,36.5
30012629,2,shortness of breath,10,90,114,73,24,96,37.6
30012630,3,anxiety,5,68,110,55,17,100,37.8
30012631,3,shortness of breath,5,94,117,84,17,92,36.4
30012632,5,fall,1,88,118,99,13,97,38.2
30012633,3,fever,7,84,138,104,12,94,35.8
30012634,2,chest pain,7,61,157,72,27,96,36.2
30012635,3,laceration,6,93,126,67,17,95,35.7
30012636,3,abdominal pain,6,77,130,66,18,94,38.0
30012637,4,knee pain,3,99,122,80,15,92,36.4
30012638,3,abdominal pain,7,115,105,76,11,100,35.6
30012639,2,chest pain,7,71,123,86,25,92,38.1
30012640,5,abdominal pain,7,95,162,71,16,99,37.2
30012641,4,anxiety,5,80,156,79,21,98,38.0
30012642,3,shortness of breath,6,70,122,53,14,92,36.8
30012643,2,abdominal pain,10,76,96,84,23,95,36.8
30012644,3,fever,7,79,127,87,20,94,37.1
30012645,3,fever,6,84,117,72,14,97,36.3
30012646,2,headache,8,93,109,82,11,100,37.5
30012647,2,fever,10,71,125,85,20,100,37.2
30012648,3,back pain,4,59,142,109,10,100,36.4
30012649,3,knee pain,6,70,127,98,14,93,37.3
30012650,4,back pain,6,82,114,92,28,97,36.9
30012651,3,headache,2,103,114,67,16,98,36.9
30012652,3,fall,4,82,156,99,23,97,37.0
30012653,3,shortness of breath,3,82,116,95,19,97,38.0
30012654,3,knee pain,1,65,139,60,21,100,37.2
30012655,3,laceration,1,86,171,74,17,88,35.1
30012656,5,shortness of breath,6,70,111,81,14,93,36.7
30012657,2,shortness of breath,7,70,114,77,15,95,37.9
30012658,2,back pain,6,103,107,84,21,94,39.0
30012659,2,anxiety,9,88,116,57,11,94,35.4
30012660,4,fall,1,110,128,104,24,96,36.6
30012661,2,headache,6,100,121,70,14,97,37.5
30012662,4,shortness of breath,3,56,78,71,17,97,37.5
30012663,2,back pain,10,95,149,71,15,92,37.7
30012664,3,abdominal pain,3,68,158,54,21,99,36.0
30012665,3,anxiety,6,92,109,54,21,99,36.7
30012666,2,shortness of breath,9,81,132,88,14,92,37.2
30012667,4,chest pain,0,81,144,80,17,99,36.8
30012668,4,chest pain,7,75,84,81,8,97,37.3
30012669,2,abdominal pain,9,86,160,76,13,98,37.4
30012670,3,anxiety,2,79,118,73,20,96,36.9
30012671,2,headache,9,75,146,85,23,93,37.3
30012672,3,shortness of breath,2,83,104,64,13,100,38.8
30012673,3,shortness of breath,5,82,95,73,23,93,35.9
30012674,2,shortness of breath,9,82,92,87,19,93,36.9
30012675,3,laceration,1,73,121,87,13,97,37.7
30012676,4,fever,6,85,144,121,20,100,38.6
30012677,2,back pain,9,52,132,55,13,92,36.4
30012678,4,shortness of breath,7,91,129,85,17,97,36.5
30012679,3,fever,1,84,76,71,13,100,36.4
30012680,3,shortness of breath,7,79,128,97,11,96,35.9
30012681,3,shortness of breath,2,85,126,94,18,100,37.8
30012682,3,chest pain,7,98,108,87,13,97,36.9
30012683,2,fever,8,58,145,84,14,96,37.2
30012684,3,headache,4,49,128,55,16,96,36.5
30012685,3,anxiety,6,90,86,76,22,99,36.7
30012686,3,fever,1,96,122,67,14,100,37.7
30012687,3,knee pain,6,84,112,77,18,95,37.4
30012688,3,abdominal pain,1,98,120,71,14,100,34.9
30012689,4,headache,2,78,136,109,19,97,36.4
30012690,2,shortness of breath,9,87,127,77,23,97,37.6
30012691,3,back pain,0,108,95,38,12,99,36.1
30012692,4,chest pain,3,77,82,67,20,94,38.1
30012693,3,shortness of breath,0,86,132,82,16,96,37.7
30012694,3,chest pain,4,91,98,76,16,98,37.3
30012695,3,shortness of breath,7,64,156,82,12,95,35.8
30012696,3,knee pain,1,86,123,91,22,99,37.5
30012697,3,laceration,3,86,104,81,15,97,38.9
30012698,3,knee pain,3,70,140,77,21,95,37.2
30012699,3,chest pain,5,96,95,110,23,95,35.9
30012700,3,back pain,6,94,93,76,20,95,37.1
30012701,1,fall,9,87,116,106,23,97,37.1
30012702,3,laceration,2,90,122,86,21,97,37.6
30012703,3,chest pain,1,82,81,60,19,95,38.5
30012704,3,anxiety,5,62,107,68,12,98,38.5
30012705,2,fever,6,82,153,94,11,93,35.3
30012706,3,laceration,1,79,110,50,19,98,38.3
30012707,3,shortness of breath,2,91,127,82,16,100,38.3
30012708,2,back pain,8,117,104,84,19,95,37.8
30012709,3,anxiety,7,67,131,79,19,98,37.1
30012710,2,abdominal pain,8,91,166,61,16,100,36.1
30012711,4,knee pain,2,111,149,116,21,94,38.4
30012712,3,anxiety,7,97,158,75,24,94,38.9
30012713,3,fall,7,78,89,57,26,99,38.2
30012714,3,shortness of breath,1,81,89,95,18,96,37.1
30012715,3,abdominal pain,2,107,130,72,23,98,37.1
30012716,3,shortness of breath,0,62,107,91,18,98,36.4
30012717,3,shortness of breath,0,72,69,69,21,99,39.0
30012718,4,shortness of breath,5,90,139,66,16,94,36.7
30012719,3,headache,4,84,117,93,27,100,37.1
30012720,3,chest pain,7,72,94,73,22,89,38.5
30012721,2,anxiety,8,102,114,78,21,97,35.9
30012722,4,laceration,0,89,116,87,19,95,37.4
30012723,2,laceration,8,76,95,78,21,100,37.3
30012724,3,fever,0,74,131,83,16,98,38.6
30012725,3,abdominal pain,4,72,103,71,14,93,37.1
30012726,3,headache,3,87,175,76,15,96,36.7
30012727,3,shortness of breath,6,69,132,81,22,100,36.4
30012728,3,knee pain,7,119,109,76,17,96,35.7
30012729,3,back pain,7,105,104,59,18,98,36.7
30012730,3,laceration,3,86,112,82,15,93,37.3
30012731,3,chest pain,1,97,77,88,25,94,38.0
30012732,3,chest pain,0,49,103,67,16,94,37.1
30012733,1,fever,9,87,89,99,15,98,36.2
30012734,2,knee pain,10,96,130,96,17,92,36.2
30012735,4,anxiety,5,96,125,94,17,98,37.3
30012736,4,knee pain,4,69,146,83,16,95,37.7
30012737,3,abdominal pain,0,74,138,73,22,94,37.0
30012738,2,abdominal pain,9,106,153,90,17,96,37.4
30012739,4,knee pain,7,98,96,93,20,96,37.9
30012740,4,laceration,4,99,101,86,13,94,37.5
30012741,3,laceration,0,96,100,92,20,100,35.7
30012742,3,abdominal pain,2,72,123,89,17,98,38.0
30012743,2,laceration,10,105,128,97,15,98,37.8
30012744,3,back pain,0,77,111,98,15,96,36.6
30012745,4,shortness of breath,2,96,118,85,15,100,36.8
30012746,3,knee pain,6,109,124,64,19,98,36.4
30012747,4,laceration,4,96,111,86,13,100,36.5
30012748,3,chest pain,1,94,135,56,13,98,36.4
30012749,1,headache,7,91,121,61,19,98,35.9
30012750,3,laceration,2,104,108,73,18,98,36.3
30012751,4,anxiety,2,70,128,90,16,100,37.2
30012752,3,abdominal pain,3,100,115,81,20,98,36.6
30012753,2,fever,9,52,137,86,20,97,34.8
30012754,3,knee pain,6,75,114,64,18,97,37.3
30012755,3,headache,2,87,112,100,20,100,36.3
30012756,3,fever,5,76,127,84,20,97,36.5
30012757,2,fever,8,93,171,87,24,96,36.7
30012758,5,back pain,1,68,122,71,18,98,38.1
30012759,4,knee pain,2,71,125,102,16,100,38.5
30012760,4,knee pain,3,85,135,61,20,93,35.9
30012761,2,abdominal pain,10,78,112,77,17,100,36.2
30012762,2,knee pain,6,91,106,83,11,95,36.2
30012763,5,back pain,3,84,118,76,20,95,36.9
30012764,4,chest pain,1,76,126,101,17,97,36.8
30012765,3,back pain,7,93,78,99,20,97,37.2
30012766,3,laceration,0,62,153,106,15,98,37.6
30012767,4,fall,1,81,152,76,18,93,37.0
30012768,3,chest pain,5,74,127,78,16,98,37.6
30012769,3,knee pain,4,93,155,65,20,93,36.2
30012770,3,chest pain,5,83,98,77,16,97,37.8
30012771,5,anxiety,4,70,153,90,15,100,37.0
30012772,3,fall,4,74,118,63,14,96,37.8
30012773,3,shortness of breath,3,51,136,73,16,94,36.8
30012774,5,knee pain,4,72,109,89,13,97,36.2
30012775,3,anxiety,1,97,123,83,17,95,36.3
30012776,3,back pain,5,81,121,89,21,93,36.2
30012777,3,shortness of breath,1,68,101,82,19,94,36.4
30012778,2,chest pain,6,74,119,70,18,98,36.2
30012779,3,knee pain,0,89,93,46,16,97,37.0
30012780,3,headache,3,93,126,97,20,97,36.7
30012781,3,fall,0,99,107,97,20,98,36.8
30012782,1,fever,7,106,121,77,15,99,37.5
30012783,3,anxiety,4,72,133,68,17,92,36.9
30012784,3,abdominal pain,6,83,123,100,14,98,36.1
30012785,2,back pain,10,84,139,101,23,97,34.7
30012786,3,anxiety,7,104,119,96,17,98,36.1
30012787,4,fall,6,73,128,97,21,92,36.5
30012788,4,fall,3,54,134,75,17,96,37.5
30012789,4,shortness of breath,7,71,174,89,25,100,35.9
30012790,4,shortness of breath,4,75,102,67,18,98,37.9
30012791,3,knee pain,5,90,146,79,17,100,38.8
30012792,3,fall,1,80,96,66,18,97,37.8
30012793,3,headache,6,87,120,99,19,100,36.0
30012794,4,laceration,3,63,120,74,15,98,37.3
30012795,3,fall,7,54,116,84,16,92,35.8
30012796,4,headache,5,79,107,73,17,95,36.9
30012797,2,anxiety,8,104,132,98,23,97,37.3
30012798,3,anxiety,3,100,143,72,21,95,36.7
30012799,1,laceration,10,78,94,91,21,96,37.5
30012800,3,headache,7,92,133,90,16,97,37.3
30012801,3,chest pain,4,101,91,111,14,99,37.0
30012802,3,knee pain,6,88,118,65,18,96,38.1
30012803,3,knee pain,4,94,144,100,18,100,35.9
30012804,3,knee pain,0,102,118,59,23,98,36.7
30012805,4,headache,6,77,170,82,19,97,38.9
30012806,2,headache,8,91,109,61,17,100,36.2
30012807,3,shortness of breath,2,81,123,87,13,98,37.5
30012808,3,fever,6,89,101,96,17,98,37.5
30012809,3,fever,5,72,156,80,12,92,36.7
30012810,3,back pain,2,115,146,120,19,100,36.0
30012811,2,abdominal pain,7,60,137,93,15,100,37.3
30012812,3,headache,4,81,151,89,17,94,37.4
30012813,4,fall,7,68,146,80,16,98,37.1
30012814,3,laceration,0,103,156,102,23,95,38.9
30012815,3,fall,5,64,123,84,22,94,36.3
30012816,3,laceration,6,49,114,100,16,97,36.9
30012817,4,chest pain,7,61,161,88,21,93,34.2
30012818,3,shortness of breath,6,77,173,94,16,100,37.7
30012819,3,anxiety,7,84,154,109,12,100,37.0
30012820,3,abdominal pain,4,44,129,89,13,100,36.3
30012821,3,knee pain,7,73,100,86,26,95,37.6
30012822,2,chest pain,9,65,123,85,19,95,36.4
30012823,3,fever,3,86,88,94,18,96,36.2
30012824,3,chest pain,2,112,109,74,17,100,36.9
30012825,5,fall,7,82,131,85,9,100,37.5
30012826,4,chest pain,1,99,99,95,11,97,36.4
30012827,3,fall,1,96,117,99,22,100,36.8
30012828,4,anxiety,3,102,162,101,24,97,35.5
30012829,3,shortness of breath,1,76,140,103,21,100,36.8
30012830,2,chest pain,6,97,136,72,14,98,37.4
30012831,4,back pain,6,97,102,68,24,95,36.5
30012832,4,headache,3,93,191,95,17,98,37.4
30012833,4,anxiety,7,102,135,92,21,100,36.9
30012834,4,fall,7,85,139,63,16,99,35.2
30012835,2,fever,7,101,78,106,16,95,35.9
30012836,3,back pain,7,74,122,95,11,97,35.0
30012837,2,back pain,6,78,156,85,19,92,37.2
30012838,3,knee pain,6,53,133,54,13,100,37.2
30012839,2,anxiety,8,85,94,84,24,93,38.0
30012840,5,laceration,4,92,97,55,12,94,36.6
30012841,4,chest pain,3,91,109,97,9,100,37.4
30012842,3,chest pain,1,74,105,60,16,94,36.9
30012843,3,abdominal pain,3,87,90,84,20,96,37.7
30012844,2,abdominal pain,8,88,107,82,20,100,36.6
30012845,3,fever,6,90,150,74,20,98,35.9
30012846,4,knee pain,0,71,129,67,20,99,37.1
30012847,3,fall,3,66,142,80,19,96,37.1
30012848,3,shortness of breath,0,112,114,100,11,94,36.4
30012849,3,laceration,2,77,121,71,22,98,38.7
30012850,4,knee pain,3,85,109,65,15,96,37.7
30012851,3,fall,6,74,115,69,19,98,37.2
30012852,3,laceration,6,81,124,64,20,99,37.9
30012853,4,laceration,2,99,128,69,13,91,37.1
30012854,3,fever,5,78,166,73,16,96,36.2
30012855,4,knee pain,7,86,98,88,21,94,37.4
30012856,1,chest pain,7,65,133,67,21,100,37.1
30012857,3,fall,0,83,144,77,12,94,38.0
30012858,3,fall,1,86,147,75,24,100,37.1
30012859,3,shortness of breath,2,129,136,82,20,100,36.8
30012860,2,knee pain,9,92,121,69,19,100,35.5
30012861,3,abdominal pain,1,87,140,69,16,98,37.2
30012862,2,fever,8,68,140,73,19,100,37.7
30012863,2,chest pain,10,75,136,106,19,95,37.2
30012864,3,shortness of breath,4,83,64,57,22,97,37.1
30012865,4,fall,7,91,132,95,15,96,36.6
30012866,3,shortness of breath,1,112,119,80,17,96,35.6
30012867,2,laceration,7,69,121,74,12,98,37.4
30012868,3,back pain,1,94,132,69,17,90,37.4
30012869,3,knee pain,5,76,135,78,15,96,37.4
30012870,3,fever,2,78,93,59,17,94,37.2
30012871,2,shortness of breath,8,86,114,95,11,94,36.6
30012872,4,shortness of breath,3,79,134,60,21,99,38.1
30012873,3,shortness of breath,3,64,108,76,23,99,37.3
30012874,1,knee pain,9,103,93,64,12,100,36.3
30012875,3,fall,5,102,99,103,17,96,37.4
30012876,3,laceration,4,89,119,61,12,94,36.7
30012877,3,fever,1,76,108,91,20,95,36.7
30012878,3,back pain,3,114,98,88,20,97,39.2
30012879,3,laceration,7,82,116,63,19,100,37.4
30012880,5,chest pain,5,88,132,86,19,100,37.1
30012881,3,shortness of breath,0,70,117,75,20,98,36.1
30012882,2,fever,10,75,109,91,14,98,35.8
30012883,2,anxiety,9,94,155,55,12,90,37.0
30012884,2,fall,8,55,126,89,14,93,36.7
30012885,3,headache,0,90,118,100,21,96,37.4
30012886,3,chest pain,7,87,114,68,18,100,38.0
30012887,2,chest pain,8,64,127,78,14,95,39.1
30012888,3,headache,1,90,120,98,13,98,37.6
30012889,5,abdominal pain,4,75,121,84,19,100,37.4
30012890,2,headache,10,75,151,54,17,94,35.6
30012891,3,fever,1,79,131,64,14,100,35.8
30012892,2,chest pain,9,64,126,91,16,93,38.0
30012893,5,headache,1,77,112,83,19,99,37.5
30012894,4,anxiety,0,98,172,51,18,100,36.5
30012895,3,abdominal pain,6,79,136,85,15,95,38.5
30012896,2,chest pain,7,85,151,96,18,100,35.9
30012897,5,back pain,3,81,143,90,13,96,35.6
30012898,3,knee pain,5,97,116,84,20,96,37.4
30012899,2,shortness of breath,7,75,133,96,21,100,37.1
30012900,3,laceration,2,87,155,88,16,95,37.1
30012901,3,headache,2,75,125,63,15,90,37.9
30012902,2,headache,10,83,158,67,19,92,38.1
30012903,4,shortness of breath,0,84,69,109,21,100,37.5
30012904,2,back pain,7,103,129,69,19,96,36.5
30012905,3,fall,0,100,122,97,19,92,37.4
30012906,2,knee pain,8,92,127,82,13,100,37.2
30012907,4,abdominal pain,6,69,136,54,14,97,36.2
30012908,3,laceration,3,75,180,101,17,95,36.0
30012909,5,abdominal pain,5,107,144,90,24,99,36.6
30012910,4,laceration,4,95,116,87,15,96,36.8
30012911,3,fall,7,104,107,70,17,97,35.7
30012912,1,abdominal pain,8,101,126,70,18,95,36.2
30012913,2,fall,9,80,107,79,19,99,38.3
30012914,3,fever,0,58,128,74,18,97,37.4
30012915,3,anxiety,2,86,121,83,15,100,35.3
30012916,1,fall,8,109,112,68,24,95,37.3
30012917,3,headache,1,87,122,101,17,98,36.3
30012918,3,shortness of breath,3,86,133,79,24,96,35.4
30012919,4,back pain,5,74,122,62,21,90,37.5
30012920,3,back pain,6,83,128,63,21,100,37.2
30012921,4,chest pain,4,81,143,110,17,92,37.6
30012922,2,abdominal pain,8,87,104,68,21,100,38.2
30012923,1,laceration,9,88,138,72,20,99,36.5
30012924,3,back pain,0,85,141,99,15,97,37.1
30012925,5,chest pain,7,80,131,80,16,99,38.2
30012926,4,chest pain,5,82,117,82,18,96,36.4
30012927,3,fall,4,102,108,56,20,100,37.7
30012928,1,knee pain,6,81,112,93,18,97,35.4
30012929,3,fall,5,56,124,94,23,95,36.8
30012930,3,fever,6,68,102,75,17,95,37.1
30012931,2,fever,8,94,149,61,16,99,37.1
30012932,1,headache,8,65,146,77,21,94,36.9
30012933,1,back pain,7,81,103,93,17,95,37.3
30012934,3,knee pain,2,82,119,103,15,98,37.1
30012935,4,abdominal pain,2,70,130,86,16,97,35.9
30012936,3,fall,5,113,135,78,13,97,35.9
30012937,2,headache,7,79,122,91,16,97,36.1
30012938,4,fall,6,102,153,77,14,96,37.1
30012939,3,fall,6,69,95,86,17,97,36.4
30012940,4,abdominal pain,7,88,96,75,12,94,37.3
30012941,2,fever,6,71,96,52,14,94,37.2
30012942,3,chest pain,3,64,165,69,16,98,37.0
30012943,3,knee pain,0,83,101,66,16,98,38.4
30012944,3,back pain,0,88,152,89,20,99,35.6
30012945,3,back pain,0,93,158,67,17,96,36.9
30012946,3,headache,6,68,122,54,17,91,36.7
30012947,4,chest pain,4,69,113,65,16,98,37.0
30012948,3,abdominal pain,6,93,140,83,13,95,36.9
30012949,3,shortness of breath,7,93,115,52,20,97,36.7
30012950,1,fever,6,85,118,72,20,96,36.6
30012951,3,back pain,0,94,110,77,29,93,38.1
30012952,4,laceration,6,95,88,98,10,100,36.9
30012953,4,fall,0,95,149,71,18,100,37.4
30012954,2,knee pain,6,93,120,96,21,92,36.9
30012955,2,knee pain,8,64,109,86,17,100,36.5
30012956,5,chest pain,2,71,153,66,17,88,37.3
30012957,3,fever,3,82,118,90,22,98,37.5
30012958,3,abdominal pain,1,77,107,59,19,95,36.4
30012959,3,laceration,7,83,122,61,13,99,37.9
30012960,2,anxiety,10,76,86,93,21,94,37.3
30012961,4,chest pain,4,86,153,88,14,100,35.8
30012962,3,back pain,1,79,154,92,18,94,37.4
30012963,3,shortness of breath,3,57,94,74,14,98,36.2
30012964,2,fever,7,88,135,77,7,94,35.1
30012965,4,fever,4,86,111,82,20,97,37.8
30012966,3,shortness of breath,3,88,109,92,20,100,37.7
30012967,4,fall,2,83,138,73,15,97,37.0
30012968,2,chest pain,7,91,159,81,17,95,36.1
30012969,2,back pain,10,92,151,67,19,97,35.8
30012970,3,anxiety,4,112,125,60,19,100,38.1
30012971,3,headache,0,100,160,70,19,100,36.9
30012972,4,headache,5,89,137,58,22,95,36.9
30012973,4,fall,7,86,98,79,18,100,38.4
30012974,3,headache,5,91,121,65,16,100,37.3
30012975,3,laceration,0,71,129,67,13,100,36.8
30012976,3,anxiety,6,99,146,89,12,98,37.5
30012977,3,anxiety,0,113,136,82,12,96,36.7
30012978,1,laceration,8,89,135,86,11,94,37.4
30012979,4,shortness of breath,4,93,99,81,14,97,37.5
30012980,2,headache,8,67,155,69,10,97,37.8
30012981,3,back pain,2,64,94,99,21,95,37.5
30012982,2,back pain,6,84,135,67,23,96,37.8
30012983,3,fall,3,63,133,98,22,98,37.8
30012984,2,shortness of breath,9,87,122,83,21,100,36.2
30012985,2,anxiety,9,89,126,76,24,98,36.5
30012986,4,chest pain,2,68,100,74,18,92,39.0
30012987,2,laceration,10,69,113,75,13,100,36.6
30012988,4,back pain,7,65,117,101,17,96,37.1
30012989,3,knee pain,7,80,108,85,20,99,37.7
30012990,5,fall,4,100,120,58,13,95,37.9
30012991,2,headache,6,103,84,80,19,96,36.4
30012992,4,abdominal pain,7,93,141,110,21,97,38.4
30012993,1,chest pain,9,89,152,52,19,100,36.4
30012994,3,shortness of breath,1,66,93,63,11,99,37.8
30012995,3,laceration,2,103,115,105,19,97,37.3
30012996,4,headache,3,55,145,87,18,98,36.2
30012997,3,abdominal pain,3,80,82,89,15,94,35.1
30012998,2,abdominal pain,9,102,138,80,8,90,37.0
30012999,3,fever,0,94,169,108,20,96,36.1
30013000,3,back pain,0,94,107,66,21,98,36.5
30013001,1,chest pain,6,91,155,106,15,97,36.0
30013002,3,anxiety,6,71,163,82,20,95,37.2
30013003,1,headache,8,87,139,93,15,96,38.0
30013004,3,fever,1,84,104,67,15,97,38.1
30013005,3,headache,1,110,119,89,22,95,34.9
30013006,4,headache,7,82,134,65,19,98,36.3
30013007,3,shortness of breath,2,107,123,79,15,98,38.2
30013008,4,anxiety,3,79,125,78,15,95,37.5
30013009,5,shortness of breath,3,88,162,83,21,96,36.3
30013010,3,fever,4,76,117,61,18,97,37.9
30013011,2,shortness of breath,10,95,96,121,12,96,36.7
30013012,3,fall,1,91,126,90,19,99,37.1
30013013,2,back pain,8,93,120,69,24,100,37.5
30013014,4,abdominal pain,5,103,87,83,17,99,36.8
30013015,3,laceration,3,99,159,90,19,90,37.4
30013016,3,fever,6,87,109,82,17,99,36.6
30013017,4,headache,0,95,98,53,14,97,35.5
30013018,3,fall,2,86,136,68,26,93,36.4
30013019,3,headache,7,77,131,80,13,99,37.6
30013020,3,back pain,3,92,100,97,18,94,38.4
30013021,3,chest pain,4,81,141,88,19,100,36.3
30013022,2,fever,10,86,139,90,18,97,37.0
30013023,2,headache,7,112,84,79,22,100,36.5
30013024,3,abdominal pain,0,76,112,87,25,93,36.8
30013025,3,shortness of breath,4,113,100,49,17,100,37.7
30013026,1,anxiety,9,96,128,62,25,97,36.5
30013027,3,abdominal pain,1,81,91,93,14,96,37.7
30013028,4,fall,7,63,144,85,13,99,36.9
30013029,3,laceration,6,87,108,55,16,100,38.3
30013030,4,anxiety,7,57,149,104,20,100,37.0
30013031,3,knee pain,7,97,139,80,21,96,36.5
30013032,3,back pain,2,104,100,95,22,93,37.3
30013033,2,fever,10,90,113,56,21,96,36.9
30013034,3,chest pain,3,91,133,64,24,96,38.4
30013035,3,fall,6,89,107,86,25,99,36.9
30013036,3,fever,6,88,105,98,23,96,37.5
30013037,3,laceration,4,59,122,68,13,95,36.9
30013038,4,shortness of breath,1,99,129,61,19,89,36.5
30013039,4,laceration,1,65,129,71,18,95,37.0
30013040,4,back pain,4,72,140,67,22,98,36.5
30013041,3,chest pain,2,77,151,75,23,99,36.7
30013042,3,back pain,0,96,119,87,21,100,37.3
30013043,2,laceration,10,67,127,51,16,98,37.5
30013044,1,back pain,6,87,155,62,14,94,37.1
30013045,4,fever,7,93,114,33,19,99,37.8
30013046,4,knee pain,0,103,141,88,15,91,36.7
30013047,3,fever,6,81,150,80,22,99,36.4
30013048,3,shortness of breath,5,89,154,78,11,94,36.3
30013049,2,shortness of breath,9,82,108,69,15,94,37.8
30013050,3,anxiety,5,126,141,71,7,93,37.0
30013051,4,back pain,5,80,109,82,21,99,36.8
30013052,3,laceration,6,85,172,91,25,96,37.4
30013053,4,laceration,3,104,119,85,16,98,37.1
30013054,2,knee pain,7,124,133,89,22,99,36.3
30013055,3,fall,0,86,141,99,23,97,37.9
30013056,3,headache,5,100,118,56,22,100,37.7
30013057,3,knee pain,2,99,143,73,27,100,36.1
30013058,3,knee pain,5,90,88,91,13,96,38.0
30013059,4,shortness of breath,4,85,130,64,14,98,36.3
30013060,2,abdominal pain,7,79,153,62,16,93,35.9
30013061,2,laceration,6,90,114,68,14,100,36.4
30013062,2,chest pain,6,98,154,120,17,95,36.2
30013063,3,fall,0,83,130,53,15,90,36.3
30013064,4,knee pain,3,80,129,83,22,92,36.3
30013065,2,laceration,6,97,123,98,20,93,36.0
30013066,3,fall,1,71,131,69,16,94,35.7
30013067,2,abdominal pain,7,86,124,67,24,97,36.7
30013068,3,headache,2,65,127,69,18,98,36.2
30013069,4,chest pain,4,110,102,64,12,95,37.6
30013070,3,headache,3,89,166,68,14,99,37.4
30013071,3,fall,3,114,163,65,17,97,36.0
30013072,2,knee pain,10,113,126,63,15,93,36.4
30013073,4,fever,3,97,91,63,20,97,36.0
30013074,4,knee pain,7,71,130,98,21,98,37.3
30013075,3,abdominal pain,4,86,104,94,24,98,36.7
30013076,2,headache,10,113,141,88,19,93,36.2
30013077,2,headache,8,72,132,46,14,98,37.6
30013078,3,headache,0,90,114,78,19,98,36.7
30013079,4,knee pain,5,102,105,37,20,93,37.5
30013080,2,abdominal pain,9,62,145,81,20,100,36.4
30013081,2,back pain,9,80,100,110,18,98,37.8
30013082,3,shortness of breath,7,85,154,66,16,93,37.5
30013083,3,knee pain,2,81,115,70,20,92,37.7
30013084,1,chest pain,6,100,86,92,19,96,35.6
30013085,2,knee pain,6,60,128,86,16,96,37.3
30013086,3,anxiety,1,74,109,45,20,99,37.4
30013087,3,fever,1,109,127,51,16,92,35.5
30013088,1,laceration,8,52,137,61,14,94,36.7
30013089,5,chest pain,5,87,122,114,21,97,35.6
30013090,5,fever,5,63,144,93,20,96,37.2
30013091,4,shortness of breath,2,88,134,63,16,97,38.5
30013092,4,abdominal pain,4,80,127,77,18,100,36.6
30013093,3,back pain,5,100,142,64,20,96,37.8
30013094,4,fever,1,136,109,87,19,97,36.4
30013095,3,knee pain,1,74,145,86,17,99,36.7
30013096,4,shortness of breath,5,82,111,64,21,98,37.5
30013097,4,laceration,2,101,105,77,22,98,38.2
30013098,3,fever,5,72,121,108,23,90,34.8
30013099,3,abdominal pain,0,104,153,101,21,98,37.2
30013100,3,headache,6,105,100,68,24,95,37.6
30013101,2,shortness of breath,8,84,97,105,15,98,37.9
30013102,2,headache,10,58,120,81,11,97,38.2
30013103,1,chest pain,7,95,143,72,26,92,37.8
30013104,4,chest pain,5,90,118,70,19,99,36.5
30013105,3,fall,4,72,134,84,19,96,35.2
30013106,2,laceration,9,92,104,98,18,96,36.3
30013107,4,fever,5,77,115,70,24,100,37.5
30013108,4,fall,6,81,150,66,17,96,36.9
30013109,2,headache,9,78,139,103,17,95,37.8
30013110,3,abdominal pain,6,80,172,97,13,98,37.7
30013111,1,laceration,8,98,111,103,24,100,37.1
30013112,3,knee pain,5,75,122,87,21,99,36.6
30013113,4,chest pain,2,81,149,44,10,93,37.1
30013114,2,anxiety,6,87,109,97,18,97,37.4
30013115,3,anxiety,3,105,114,74,18,98,36.2
30013116,3,knee pain,0,81,109,96,23,94,36.9
30013117,5,chest pain,4,87,164,99,14,100,37.9
30013118,4,anxiety,3,101,100,89,18,96,36.8
30013119,4,fever,2,71,144,58,21,94,38.7
30013120,4,headache,0,91,146,89,14,97,36.3
30013121,3,back pain,1,80,120,89,21,98,36.6
30013122,3,anxiety,6,79,117,92,15,100,37.5
30013123,3,back pain,2,57,103,73,20,96,36.5
30013124,3,knee pain,4,79,147,86,16,100,34.9
30013125,2,fever,8,85,166,75,20,93,36.8
30013126,3,fever,3,103,131,79,18,97,38.6
30013127,3,headache,5,107,88,83,20,96,36.1
30013128,1,laceration,6,89,138,99,10,98,37.3
30013129,3,abdominal pain,6,84,79,122,18,91,37.0
30013130,3,fever,7,62,83,81,13,96,37.4
30013131,2,back pain,10,105,111,84,18,96,37.4
30013132,3,laceration,4,110,123,72,19,99,38.1
30013133,2,fever,7,115,131,64,14,96,37.8
30013134,3,laceration,2,107,142,94,19,100,37.9
30013135,3,back pain,1,80,131,56,20,100,36.8
30013136,3,back pain,3,79,123,78,20,100,37.0
30013137,2,anxiety,7,90,166,104,17,97,35.8
30013138,2,chest pain,10,87,121,59,25,93,37.4
30013139,3,laceration,2,93,91,68,14,95,37.0
30013140,2,shortness of breath,9,78,119,98,16,97,35.4
30013141,3,fall,1,88,147,87,13,98,37.0
30013142,3,shortness of breath,0,77,113,115,13,100,35.8
30013143,2,fever,9,59,117,71,12,97,36.8
30013144,3,anxiety,7,96,148,108,24,100,36.6
30013145,2,abdominal pain,9,56,155,57,10,93,37.8
30013146,3,fever,3,62,109,93,19,100,36.8
30013147,4,knee pain,6,73,146,82,8,97,36.3
30013148,5,fall,7,91,129,78,21,99,37.4
30013149,3,fever,6,66,96,76,12,89,36.8
30013150,5,knee pain,4,79,103,88,21,96,38.5
30013151,3,shortness of breath,5,77,113,80,15,97,37.7
30013152,3,fall,0,63,135,74,21,98,37.3
30013153,3,chest pain,3,80,126,59,14,98,36.9
30013154,1,fall,7,96,94,68,21,94,36.6
30013155,5,fall,0,81,147,44,12,100,38.1
30013156,2,knee pain,7,107,120,78,15,96,36.3
30013157,3,headache,0,97,134,102,17,93,36.5
30013158,3,chest pain,7,119,135,80,24,96,37.5
30013159,3,shortness of breath,2,95,110,87,17,99,37.0
30013160,2,abdominal pain,8,94,135,73,21,98,37.2
30013161,4,headache,1,72,118,62,21,99,37.1
30013162,4,headache,5,68,97,85,15,100,36.4
30013163,2,laceration,9,91,131,84,22,97,37.1
30013164,4,knee pain,6,90,136,81,13,97,37.1
30013165,3,shortness of breath,7,62,132,89,12,99,37.0
30013166,2,knee pain,8,77,135,82,12,93,37.0
30013167,3,chest pain,7,103,132,69,18,98,35.5
30013168,2,fever,6,88,106,66,21,100,37.8
30013169,4,knee pain,7,103,149,58,19,97,37.7
30013170,2,headache,6,73,142,75,22,94,37.0
30013171,4,shortness of breath,1,70,130,74,16,97,36.8
30013172,3,headache,1,90,131,85,19,97,36.9
30013173,4,shortness of breath,0,87,155,58,16,99,36.6
30013174,3,chest pain,0,58,144,78,25,98,37.8
30013175,3,abdominal pain,2,67,103,74,17,99,37.2
30013176,3,back pain,1,89,120,91,13,100,37.7
30013177,3,chest pain,7,76,151,61,23,96,38.1
30013178,4,fever,4,62,121,85,18,100,38.0
30013179,3,headache,5,92,127,71,18,100,37.4
30013180,4,shortness of breath,6,83,129,77,19,98,38.0
30013181,3,anxiety,3,90,109,87,24,97,37.3
30013182,2,headache,10,88,127,101,20,95,36.0
30013183,2,anxiety,6,79,120,67,15,99,36.3
30013184,2,knee pain,8,92,156,88,18,94,37.1
30013185,1,knee pain,6,97,167,73,18,99,36.8
30013186,3,fall,0,56,121,80,16,99,37.3
30013187,3,fall,1,85,125,87,20,97,37.0
30013188,3,shortness of breath,2,90,113,76,17,100,37.7
30013189,3,fall,5,88,143,99,26,100,37.3
30013190,2,shortness of breath,10,100,112,81,18,95,37.0
30013191,1,headache,6,79,154,98,21,100,36.7
30013192,3,fever,7,88,154,74,21,100,37.1
30013193,2,headache,7,76,128,44,26,96,37.3
30013194,3,shortness of breath,5,81,92,84,21,100,38.6
30013195,3,fever,3,75,106,28,17,90,36.9
30013196,3,headache,1,62,129,87,16,92,36.0
30013197,3,abdominal pain,5,85,148,96,17,94,36.8
30013198,3,laceration,0,84,89,86,17,100,36.5
30013199,4,anxiety,0,75,82,77,21,98,36.4
30013200,3,fall,6,84,116,84,16,100,37.1
30013201,3,headache,7,80,162,114,19,91,36.3
30013202,3,anxiety,6,91,132,92,16,96,36.1
30013203,4,shortness of breath,4,81,146,75,12,100,37.6
30013204,3,laceration,6,80,123,44,19,93,36.9
30013205,3,knee pain,7,96,147,87,25,97,37.5
30013206,3,fall,6,88,140,111,20,100,36.5
30013207,1,anxiety,7,100,105,74,18,94,37.4
30013208,4,fever,4,90,119,59,15,100,36.2
30013209,2,knee pain,8,99,121,128,22,100,36.9
30013210,3,knee pain,0,78,117,74,19,98,37.4
30013211,3,laceration,6,115,145,52,15,100,37.7
30013212,3,headache,5,67,116,103,18,94,38.4
30013213,3,knee pain,0,82,138,70,14,98,37.4
30013214,3,chest pain,7,84,110,93,23,93,37.7
30013215,3,anxiety,3,91,103,67,18,99,38.5
30013216,3,abdominal pain,2,81,142,82,21,92,36.8
30013217,1,abdominal pain,8,54,150,59,15,99,37.9
30013218,4,fall,5,85,161,51,22,90,36.8
30013219,3,chest pain,0,109,76,73,26,100,36.9
30013220,3,fall,2,106,117,86,16,92,35.9
30013221,3,back pain,6,107,141,72,20,89,35.7
30013222,5,anxiety,6,101,138,60,18,91,36.3
30013223,3,laceration,6,95,152,97,5,100,36.6
30013224,3,shortness of breath,5,93,134,90,15,97,36.4
30013225,3,fall,7,73,123,53,13,99,36.9
30013226,3,headache,7,100,147,73,15,92,37.2
30013227,3,knee pain,0,84,81,65,15,97,37.8
30013228,4,laceration,4,72,121,99,23,100,38.0
30013229,3,headache,4,91,137,75,21,96,36.6
30013230,3,headache,2,71,183,95,16,100,37.8
30013231,4,fall,5,82,131,71,13,96,38.2
30013232,3,back pain,3,104,146,45,15,97,38.0
30013233,4,knee pain,5,83,115,84,23,98,37.5
30013234,3,laceration,0,89,107,52,14,93,35.2
30013235,5,abdominal pain,4,85,126,76,17,100,35.8
30013236,2,shortness of breath,6,64,110,72,19,93,37.1
30013237,2,back pain,10,110,120,75,17,94,36.7
30013238,3,fall,3,101,107,76,18,92,37.6
30013239,3,anxiety,5,95,121,79,27,98,36.2
30013240,3,shortness of breath,2,96,149,112,18,99,36.7
30013241,3,headache,3,70,96,89,22,100,38.3
30013242,3,knee pain,5,83,113,71,26,97,37.7
30013243,3,fever,7,107,135,87,19,100,38.0
30013244,3,headache,2,91,136,88,17,90,36.7
30013245,3,abdominal pain,6,97,109,88,24,94,37.4
30013246,2,headache,10,84,118,56,9,100,37.0
30013247,4,back pain,3,104,105,67,24,98,36.7
30013248,4,back pain,4,99,137,76,22,96,37.3
30013249,4,knee pain,1,76,105,84,17,94,36.6
30013250,5,abdominal pain,7,78,131,47,13,99,38.2
30013251,3,abdominal pain,0,71,119,75,15,92,36.9
30013252,3,abdominal pain,5,102,155,75,19,100,36.8
30013253,3,anxiety,1,110,113,55,16,100,37.3
30013254,3,anxiety,6,106,118,105,21,99,36.8
30013255,3,laceration,3,84,116,72,10,97,37.7
30013256,4,headache,6,81,114,51,14,96,38.2
30013257,3,headache,6,69,140,73,13,96,37.1
30013258,4,headache,4,89,143,63,15,93,37.3
30013259,4,laceration,0,99,148,67,18,96,36.8
30013260,3,abdominal pain,6,92,119,64,18,98,37.4
30013261,2,knee pain,7,83,143,74,20,100,38.3
30013262,3,back pain,3,98,147,94,19,96,38.0
30013263,1,fall,6,82,144,86,18,94,36.6
30013264,4,fall,1,84,118,76,16,99,37.0
30013265,1,back pain,6,82,138,77,21,97,37.1
30013266,3,abdominal pain,4,68,135,74,18,100,36.3
30013267,3,shortness of breath,6,99,135,43,22,98,37.5
30013268,4,knee pain,4,100,116,74,17,95,36.7
30013269,3,fall,2,81,145,106,16,98,36.3
30013270,4,fever,0,81,129,71,18,95,37.8
30013271,3,anxiety,6,95,107,116,19,96,36.2
30013272,3,abdominal pain,1,117,104,72,16,95,36.2
30013273,3,chest pain,7,85,123,55,16,99,37.5
30013274,4,knee pain,6,97,140,63,15,98,37.3
30013275,3,chest pain,4,74,156,91,21,100,37.2
30013276,3,fall,1,99,134,82,23,93,36.4
30013277,2,abdominal pain,7,72,114,67,17,94,36.8
30013278,5,back pain,4,83,112,95,19,97,36.3
30013279,4,fever,7,113,115,68,16,99,37.8
30013280,2,fever,10,109,106,56,21,96,35.7
30013281,3,chest pain,6,70,120,84,19,97,38.3
30013282,3,laceration,7,75,119,67,15,100,37.4
30013283,2,anxiety,9,81,117,85,16,95,38.1
30013284,3,laceration,0,59,139,78,15,100,37.1
30013285,3,chest pain,0,59,92,27,18,100,35.8
30013286,3,knee pain,7,81,158,90,20,99,37.6
30013287,2,back pain,9,78,106,80,16,97,38.5
30013288,3,chest pain,0,95,91,63,13,100,37.0
30013289,3,headache,6,87,120,82,17,97,35.4
30013290,4,anxiety,7,85,144,106,21,96,37.1
30013291,2,back pain,8,71,134,53,21,94,36.5
30013292,3,fever,0,100,143,77,16,100,36.1
30013293,4,back pain,2,77,100,91,16,100,36.3
30013294,4,fall,5,98,168,77,21,100,36.4
30013295,2,shortness of breath,10,75,116,79,16,99,37.3
30013296,3,fever,0,80,122,83,23,94,36.5
30013297,2,shortness of breath,9,80,104,68,17,100,37.4
30013298,2,back pain,9,64,132,75,15,100,35.9
30013299,4,shortness of breath,5,114,157,76,30,97,38.1
30013300,4,knee pain,3,78,130,90,21,99,36.5
30013301,3,headache,7,96,138,57,17,97,36.1
30013302,4,chest pain,4,93,106,89,15,96,37.9
30013303,3,shortness of breath,0,76,88,93,13,91,37.3
30013304,3,abdominal pain,3,86,130,66,20,94,37.8
30013305,1,fever,6,81,93,112,13,100,38.2
30013306,3,fever,7,100,112,78,18,96,36.9
30013307,3,laceration,2,97,133,79,15,95,35.6
30013308,3,laceration,3,74,154,77,25,99,36.4
30013309,3,anxiety,3,62,119,107,19,100,37.0
30013310,2,shortness of breath,8,115,119,62,17,98,36.5
30013311,3,headache,6,77,149,88,25,97,37.3
30013312,1,knee pain,10,118,147,70,23,95,38.0
30013313,3,anxiety,6,97,134,47,24,97,36.8
30013314,3,headache,4,98,163,77,20,92,36.5
30013315,2,anxiety,8,78,126,70,19,96,37.1
30013316,4,back pain,5,85,165,60,20,95,36.7
30013317,4,shortness of breath,3,88,125,61,21,93,37.4
30013318,4,back pain,4,75,128,71,17,100,36.7
30013319,2,laceration,10,71,138,64,18,93,37.2
30013320,2,fever,7,113,115,65,30,98,36.7
30013321,3,fall,0,74,102,78,14,94,36.1
30013322,2,laceration,6,63,123,66,22,95,36.6
30013323,3,fever,2,75,143,47,13,96,37.7
30013324,3,chest pain,1,87,160,62,23,100,37.1
30013325,3,shortness of breath,6,64,128,96,17,99,37.2
30013326,2,headache,7,100,149,58,19,95,36.9
30013327,3,abdominal pain,6,78,176,64,14,93,36.6
30013328,3,abdominal pain,5,86,145,74,18,96,35.9
30013329,1,back pain,7,90,154,98,25,100,35.6
30013330,3,fever,0,66,84,92,20,97,37.0
30013331,4,abdominal pain,5,90,155,85,19,96,39.0
30013332,2,fall,10,70,142,65,15,92,35.4
30013333,3,fever,2,86,132,81,18,96,38.3
30013334,3,knee pain,2,75,124,57,20,93,36.4
30013335,4,shortness of breath,1,80,106,96,18,99,37.2
30013336,3,fever,1,51,137,81,15,90,38.1
30013337,3,shortness of breath,5,84,134,68,23,100,38.2
30013338,2,anxiety,8,75,124,68,16,99,37.4
30013339,3,chest pain,5,79,124,76,16,95,37.2
30013340,3,back pain,7,89,123,87,10,99,38.3
30013341,3,laceration,2,55,131,93,27,97,37.3
30013342,3,abdominal pain,5,87,135,93,21,98,36.4
30013343,3,laceration,6,86,109,95,22,96,37.0
30013344,3,anxiety,4,93,116,96,21,92,37.4
30013345,3,fever,6,124,96,62,16,97,36.6
30013346,3,abdominal pain,7,108,112,76,16,100,37.4
30013347,3,knee pain,3,86,107,77,19,96,38.5
30013348,3,shortness of breath,4,91,129,88,14,97,37.1
30013349,5,abdominal pain,1,74,93,74,22,100,38.1
30013350,3,fall,1,83,159,78,12,97,36.2
30013351,3,shortness of breath,1,64,138,43,16,95,36.7
30013352,3,fever,2,91,112,61,16,95,34.9
30013353,3,headache,4,78,118,72,21,95,36.7
30013354,5,chest pain,6,81,136,107,24,94,36.2
30013355,3,fever,5,78,133,103,19,93,36.3
30013356,4,anxiety,0,102,169,31,18,98,36.0
30013357,3,headache,0,88,140,108,24,97,37.3
30013358,3,fever,6,99,139,68,23,94,37.1
30013359,3,fall,3,100,146,62,20,99,37.0
30013360,4,chest pain,3,70,105,60,12,97,37.4
30013361,3,chest pain,5,64,107,70,13,95,36.7
30013362,2,fever,7,93,105,91,20,97,36.1
30013363,3,chest pain,0,78,108,100,20,99,37.4
30013364,3,abdominal pain,7,103,133,80,27,98,36.7
30013365,1,anxiety,8,106,134,83,21,98,36.0
30013366,4,back pain,1,93,139,78,21,95,35.8
30013367,1,back pain,8,76,109,70,21,95,36.6
30013368,4,headache,1,64,110,64,16,96,37.5
30013369,2,back pain,10,55,162,94,23,100,36.8
30013370,3,abdominal pain,6,63,138,75,23,95,37.2
30013371,3,chest pain,3,108,135,93,30,92,37.9
30013372,2,back pain,6,81,98,97,17,97,38.9
30013373,3,abdominal pain,5,73,91,78,19,97,37.7
30013374,3,fall,6,96,124,61,11,97,35.2
30013375,3,fever,7,91,140,82,23,96,37.1
30013376,3,laceration,6,84,129,68,14,98,35.9
30013377,3,fall,3,107,94,105,21,96,36.2
30013378,2,fever,6,89,149,87,9,100,35.5
30013379,3,fall,7,94,112,89,24,99,37.4
30013380,3,headache,6,78,131,76,18,99,36.9
30013381,3,anxiety,1,68,125,80,21,97,37.1
30013382,3,anxiety,4,74,148,77,24,97,38.1
30013383,3,knee pain,4,92,131,67,14,93,37.7
30013384,3,headache,4,86,150,83,15,97,37.6
30013385,3,chest pain,2,69,126,65,23,95,35.9
30013386,3,abdominal pain,3,69,132,80,20,98,38.0
30013387,3,headache,1,71,122,67,22,96,36.0
30013388,3,shortness of breath,7,61,121,89,14,96,36.6
30013389,1,anxiety,8,93,139,91,22,99,37.9
30013390,3,headache,1,86,125,93,17,100,37.1
30013391,3,shortness of breath,3,88,117,79,19,92,36.6
30013392,2,headache,6,105,139,67,22,100,36.8
30013393,4,anxiety,1,87,144,70,16,97,37.4
30013394,3,fall,4,83,120,89,14,96,36.6
30013395,3,anxiety,1,72,157,95,17,95,36.3
30013396,2,shortness of breath,6,76,122,86,26,96,37.3
30013397,2,chest pain,9,90,136,82,17,92,36.1
30013398,2,chest pain,9,93,105,64,12,94,36.4
30013399,3,fall,5,92,127,74,24,94,38.9
30013400,2,headache,8,83,94,75,19,99,37.0
30013401,3,anxiety,6,63,96,83,17,94,36.8
30013402,1,anxiety,9,84,129,72,21,95,37.3
30013403,3,abdominal pain,1,84,119,92,15,95,37.2
30013404,4,chest pain,3,82,109,95,25,99,36.2
30013405,2,fall,6,55,118,62,19,97,37.5
30013406,2,abdominal pain,9,108,127,92,17,89,37.0
30013407,4,fever,2,105,133,71,26,95,37.9
30013408,3,fall,0,80,111,101,24,100,37.6
30013409,2,back pain,7,79,101,87,20,96,36.6
30013410,2,back pain,6,86,123,75,19,100,36.4
30013411,2,fever,10,99,121,81,11,98,36.2
30013412,2,fever,9,95,150,103,20,99,35.5
30013413,2,knee pain,8,99,133,76,26,97,36.1
30013414,3,laceration,5,91,144,87,23,97,37.3
30013415,3,shortness of breath,2,80,135,122,15,98,37.7
30013416,3,abdominal pain,7,73,132,90,20,94,36.8
30013417,5,back pain,4,92,99,98,17,99,35.9
30013418,4,chest pain,5,67,139,87,17,92,37.2
30013419,4,headache,3,116,166,98,20,100,37.8
30013420,4,abdominal pain,6,106,137,90,14,100,36.8
30013421,4,headache,5,107,109,94,21,100,36.7
30013422,3,anxiety,5,102,114,62,9,97,36.0
30013423,3,fall,7,83,120,70,21,100,36.2
30013424,3,back pain,4,91,123,96,17,93,35.7
30013425,3,fall,2,92,101,76,15,96,37.4
30013426,2,fall,6,91,116,96,21,90,36.9
30013427,3,abdominal pain,1,89,141,94,11,98,37.5
30013428,2,laceration,6,95,127,84,22,100,37.0
30013429,3,knee pain,3,90,166,71,19,89,36.4
30013430,3,headache,1,79,101,70,14,95,37.1
30013431,5,back pain,2,90,119,95,17,95,37.7
30013432,3,laceration,6,79,115,92,17,96,38.0
30013433,3,chest pain,7,70,178,67,21,96,36.1
30013434,3,headache,1,84,115,88,21,100,36.9
30013435,1,shortness of breath,9,75,122,69,18,97,37.2
30013436,4,abdominal pain,0,72,108,60,19,99,37.4
30013437,3,back pain,1,84,126,77,16,100,37.7
30013438,4,headache,6,103,95,67,19,95,37.4
30013439,3,fever,6,98,153,64,22,97,37.7
30013440,4,fever,7,98,107,80,16,98,37.1
30013441,2,back pain,9,97,119,74,17,98,37.5
30013442,3,fever,3,104,158,82,16,100,37.4
30013443,3,knee pain,5,86,129,79,14,95,37.0
30013444,3,anxiety,7,81,133,88,21,99,37.5
30013445,2,shortness of breath,8,96,132,71,16,100,36.5
30013446,3,chest pain,3,78,82,90,13,100,37.0
30013447,3,anxiety,4,105,145,59,4,94,37.8
30013448,3,abdominal pain,7,105,175,90,27,98,37.3
30013449,3,abdominal pain,1,106,111,106,18,100,36.0
30013450,2,headache,10,64,105,88,18,97,37.5
30013451,4,chest pain,0,88,131,66,22,100,37.2
30013452,2,fall,8,79,124,90,16,100,36.8
30013453,4,anxiety,5,72,176,82,21,95,37.4
30013454,2,shortness of breath,10,92,127,93,23,92,38.4
30013455,3,fall,4,74,95,94,22,94,37.6
30013456,3,anxiety,7,68,120,67,16,96,38.3
30013457,3,abdominal pain,3,65,110,75,13,98,37.0
30013458,3,headache,4,80,137,96,22,95,37.5
30013459,3,laceration,7,83,141,72,17,93,36.9
30013460,2,shortness of breath,9,95,122,70,18,97,37.0
30013461,3,anxiety,5,96,132,73,19,93,36.9
30013462,4,knee pain,2,51,149,86,20,98,37.7
30013463,4,abdominal pain,5,72,134,54,12,96,35.8
30013464,3,shortness of breath,1,93,142,85,22,97,36.3
30013465,3,fall,5,94,116,98,17,94,36.1
30013466,2,fall,6,111,99,83,23,94,36.5
30013467,4,headache,6,97,144,62,21,96,37.8
30013468,2,anxiety,9,103,111,90,18,98,36.9
30013469,4,laceration,6,66,133,78,15,97,34.9
30013470,3,fever,0,101,110,112,14,96,37.3
30013471,3,chest pain,4,83,126,79,16,95,36.9
30013472,3,anxiety,6,112,124,84,15,98,36.2
30013473,3,knee pain,4,85,114,98,22,100,37.5
30013474,3,knee pain,6,97,134,98,17,97,36.9
30013475,3,laceration,5,79,126,54,19,98,37.1
30013476,1,knee pain,6,83,136,78,14,94,37.1
30013477,3,laceration,7,79,153,74,18,94,36.4
30013478,4,knee pain,0,77,162,78,10,100,36.6
30013479,2,anxiety,6,95,115,59,23,97,36.5
30013480,4,back pain,1,89,75,110,16,99,35.5
30013481,3,fall,7,76,137,100,23,96,37.1
30013482,2,back pain,7,78,124,74,18,100,37.7
30013483,4,chest pain,1,72,124,63,15,100,37.2
30013484,4,fever,4,83,112,64,17,96,37.8
30013485,2,knee pain,8,70,87,85,19,93,36.1
30013486,3,anxiety,2,61,131,81,17,100,37.2
30013487,3,fever,0,72,112,99,19,95,36.7
30013488,3,knee pain,1,82,147,77,14,92,36.9
30013489,5,shortness of breath,1,85,125,76,16,97,37.0
30013490,3,fall,4,91,136,79,16,92,36.4
30013491,2,back pain,6,95,109,87,22,100,37.7
30013492,4,headache,3,86,110,68,15,96,37.0
30013493,3,chest pain,6,108,110,70,23,97,36.0
30013494,3,chest pain,1,80,132,93,7,100,35.6
30013495,4,back pain,3,71,149,65,21,98,36.0
30013496,2,knee pain,8,75,108,96,10,96,36.7
30013497,3,chest pain,6,93,154,84,15,100,38.5
30013498,1,back pain,8,67,121,93,26,99,37.6
30013499,3,chest pain,4,81,109,87,29,98,36.5
30013500,4,anxiety,2,104,130,76,21,100,38.3
30013501,4,shortness of breath,2,62,139,84,13,99,35.8
30013502,3,anxiety,7,93,128,89,13,91,37.8
30013503,3,abdominal pain,6,76,135,91,20,97,37.2
30013504,3,fall,6,75,121,61,25,100,36.6
30013505,3,back pain,7,100,144,58,20,97,36.3
30013506,4,abdominal pain,2,129,93,86,15,100,36.2
30013507,3,chest pain,1,111,114,111,16,97,37.8
30013508,2,abdominal pain,6,102,115,78,20,93,36.7
30013509,2,chest pain,10,101,153,89,16,94,37.2
30013510,3,laceration,4,65,132,72,17,94,37.9
30013511,3,fall,4,96,135,103,13,97,36.4
30013512,3,chest pain,1,109,125,87,12,99,36.9
30013513,3,headache,7,76,144,81,19,99,36.5
30013514,2,anxiety,7,69,82,66,18,100,36.6
30013515,3,chest pain,1,94,115,76,16,97,36.6
30013516,3,chest pain,2,106,121,105,15,99,37.5
30013517,3,back pain,7,103,136,91,20,100,35.7
30013518,3,fever,4,76,141,75,16,96,36.0
30013519,3,fall,7,106,140,62,13,99,36.3
30013520,2,anxiety,7,73,148,99,23,97,36.1
30013521,4,fall,6,95,135,92,18,96,37.5
30013522,3,fever,3,87,105,81,18,95,37.5
30013523,3,fever,7,66,136,88,24,100,36.9
30013524,2,fall,7,75,140,74,21,95,37.9
30013525,3,abdominal pain,4,84,128,65,16,96,36.9
30013526,3,knee pain,2,59,112,98,24,99,36.3
30013527,4,laceration,2,74,134,68,21,96,38.3
30013528,4,back pain,3,93,130,60,23,98,36.4
30013529,5,fever,2,101,105,93,15,100,36.7
30013530,4,shortness of breath,3,84,143,86,20,94,38.2
30013531,2,back pain,7,95,120,63,18,92,37.5
30013532,4,shortness of breath,3,82,110,88,13,95,36.7
30013533,3,headache,5,93,109,96,20,97,37.1
30013534,2,fall,6,93,132,64,14,100,37.9
30013535,3,shortness of breath,7,77,97,79,20,92,36.4
30013536,5,knee pain,4,78,154,104,15,93,37.8
30013537,2,knee pain,6,78,108,59,18,96,37.5
30013538,3,shortness of breath,0,81,123,68,12,97,37.2
30013539,3,chest pain,4,107,152,73,18,93,38.2
30013540,3,abdominal pain,7,84,91,70,24,100,35.7
30013541,2,fever,9,108,133,47,19,100,36.5
30013542,3,fever,5,90,145,92,15,96,37.7
30013543,3,laceration,0,77,136,99,17,99,37.0
30013544,3,shortness of breath,1,68,107,72,10,100,37.5
30013545,3,fall,5,84,140,90,23,95,37.2
30013546,3,chest pain,5,79,142,91,25,96,37.4
30013547,2,abdominal pain,6,61,134,65,21,92,37.1
30013548,3,knee pain,3,87,126,89,19,93,37.4
30013549,3,abdominal pain,7,73,104,72,16,97,36.8
30013550,3,laceration,1,63,107,106,16,98,37.0
30013551,3,shortness of breath,0,107,127,84,15,100,36.6
30013552,3,knee pain,3,83,114,86,20,100,37.2
30013553,3,fever,7,101,155,66,14,96,37.1
30013554,2,anxiety,7,133,121,72,14,94,38.4
30013555,3,anxiety,1,78,115,88,16,100,37.3
30013556,4,anxiety,2,86,130,78,21,99,37.8
30013557,1,anxiety,7,72,138,71,19,91,36.9
30013558,2,back pain,10,95,127,84,19,100,37.4
30013559,4,headache,2,81,135,101,20,99,36.5
30013560,3,laceration,4,60,94,55,18,100,38.2
30013561,2,fall,10,90,114,77,17,92,37.9
30013562,3,abdominal pain,7,123,130,75,22,100,37.3
30013563,4,headache,2,89,108,70,18,96,37.8
30013564,3,anxiety,2,95,134,71,16,100,36.0
30013565,2,chest pain,7,58,108,62,17,95,36.9
30013566,3,fever,5,103,127,60,12,99,36.7
30013567,3,headache,1,93,132,98,15,100,37.1
30013568,3,fever,2,82,110,54,12,96,37.1
30013569,3,knee pain,3,70,138,53,14,91,37.4
30013570,3,laceration,0,85,112,87,21,96,35.7
30013571,3,chest pain,7,64,153,102,18,100,36.3
30013572,3,back pain,4,82,139,74,18,98,36.2
30013573,2,anxiety,8,89,139,81,18,97,38.6
30013574,3,headache,7,92,120,80,15,93,37.3
30013575,4,shortness of breath,1,66,135,84,19,95,37.3
30013576,4,laceration,2,68,135,71,6,100,36.0
30013577,3,back pain,7,60,145,98,16,95,37.2
30013578,2,laceration,8,101,123,67,25,98,36.4
30013579,3,fall,4,81,140,72,21,100,37.7
30013580,2,knee pain,10,99,116,85,19,98,38.3
30013581,3,back pain,1,92,134,98,14,92,37.9
30013582,4,fall,1,64,99,71,14,96,37.1
30013583,3,anxiety,6,86,115,88,16,99,37.9
30013584,3,laceration,0,63,128,91,18,94,37.0
30013585,3,anxiety,5,76,92,65,9,99,37.2
30013586,3,fall,0,80,102,85,18,93,37.2
30013587,2,shortness of breath,10,78,111,84,16,100,36.1
30013588,2,headache,6,78,122,104,20,99,36.2
30013589,4,fever,4,97,118,57,20,100,36.5
30013590,4,fever,4,76,151,73,17,94,37.2
30013591,3,chest pain,7,84,117,93,12,100,37.5
30013592,2,chest pain,6,111,78,110,20,97,38.5
30013593,3,shortness of breath,6,77,129,95,16,93,37.4
30013594,3,abdominal pain,0,98,119,71,21,98,36.6
30013595,2,shortness of breath,6,105,112,78,10,100,37.1
30013596,2,fall,9,69,90,94,21,95,38.0
30013597,3,knee pain,0,67,144,82,16,100,37.4
30013598,3,laceration,0,102,115,88,17,96,35.5
30013599,4,abdominal pain,6,85,137,69,19,93,36.1
30013600,4,anxiety,3,56,146,78,17,96,37.1
30013601,4,laceration,2,68,152,99,23,97,36.2
30013602,3,laceration,1,86,88,86,15,95,36.6
30013603,2,fall,10,87,92,85,18,94,37.8
30013604,2,knee pain,7,93,109,72,13,100,36.4
30013605,3,headache,3,86,133,84,25,100,37.2
30013606,3,headache,1,88,144,82,15,99,37.7
30013607,2,fall,10,73,132,102,15,95,37.2
30013608,2,shortness of breath,6,84,139,89,21,98,35.8
30013609,1,laceration,8,87,120,59,19,94,36.7
30013610,3,chest pain,3,74,126,75,13,96,36.7
30013611,2,abdominal pain,10,85,156,53,14,98,37.6
30013612,3,shortness of breath,2,101,116,105,19,97,36.4
30013613,3,shortness of breath,5,97,136,95,25,96,35.2
30013614,4,abdominal pain,4,97,137,80,18,97,37.4
30013615,4,fever,7,59,118,94,19,100,36.4
30013616,3,back pain,5,108,117,85,21,91,37.9
30013617,3,chest pain,0,89,166,97,22,94,37.5
30013618,3,knee pain,5,87,149,80,15,95,35.8
30013619,5,fever,5,89,122,83,20,96,36.2
30013620,3,fever,4,75,132,66,20,94,37.5
30013621,3,fall,1,83,120,63,15,99,36.2
30013622,4,abdominal pain,0,55,132,86,11,98,37.8
30013623,3,laceration,0,78,109,106,12,99,37.3
30013624,3,chest pain,1,88,97,79,16,96,37.7
30013625,3,abdominal pain,3,69,138,53,16,97,36.5
30013626,2,abdominal pain,7,101,126,60,21,100,38.2
30013627,4,shortness of breath,7,76,139,64,20,97,35.5
30013628,4,anxiety,3,87,177,64,17,98,35.9
30013629,3,chest pain,4,94,146,86,14,95,36.8
30013630,2,shortness of breath,10,84,99,69,19,98,36.3
30013631,4,fever,0,81,130,75,24,99,37.3
30013632,4,abdominal pain,2,70,125,87,25,95,37.2
30013633,1,headache,7,85,119,70,16,96,37.0
30013634,3,shortness of breath,7,83,136,59,14,97,38.0
30013635,3,headache,6,73,140,78,10,96,36.9
30013636,5,headache,0,77,113,60,15,98,38.1
30013637,4,fall,6,81,131,82,14,97,36.2
30013638,3,knee pain,5,72,124,85,23,93,38.7
30013639,5,fever,1,106,113,75,16,99,36.7
30013640,2,fever,8,88,86,87,25,99,38.6
30013641,3,chest pain,0,60,127,104,18,100,37.3
30013642,3,knee pain,5,84,115,64,9,91,37.7
30013643,2,knee pain,7,101,95,84,16,96,36.4
30013644,5,anxiety,2,95,114,101,14,97,36.2
30013645,3,shortness of breath,5,72,148,55,19,99,37.0
30013646,3,fever,1,68,143,82,18,95,35.9
30013647,3,laceration,0,99,146,69,12,94,37.4
30013648,3,shortness of breath,7,73,131,68,21,92,36.7
30013649,4,chest pain,3,92,85,91,20,96,37.2
30013650,3,laceration,2,107,116,78,25,92,37.8
30013651,3,laceration,1,55,146,86,16,97,36.2
30013652,3,back pain,2,106,99,65,20,97,37.4
30013653,4,headache,0,86,143,83,24,96,37.0
30013654,3,fever,1,84,119,71,19,98,37.1
30013655,4,chest pain,6,89,120,89,18,98,35.5
30013656,3,shortness of breath,5,100,113,90,19,98,36.6
30013657,3,anxiety,7,79,139,65,19,97,36.8
30013658,5,headache,5,78,101,80,16,100,35.8
30013659,4,fall,6,71,124,98,23,94,37.4
30013660,3,shortness of breath,3,96,133,71,20,99,36.7
30013661,3,laceration,7,84,107,88,23,97,37.7
30013662,4,anxiety,7,95,136,80,17,95,36.5
30013663,2,headache,10,87,111,81,17,99,36.3
30013664,4,knee pain,6,97,122,69,22,92,37.3
30013665,3,headache,7,92,140,90,14,99,37.0
30013666,3,fever,3,95,138,98,20,94,37.1
30013667,3,knee pain,7,68,157,70,19,95,37.0
30013668,3,chest pain,6,56,137,58,21,92,36.9
30013669,3,laceration,7,60,153,93,14,98,36.3
30013670,2,fall,6,87,124,70,22,96,37.5
30013671,3,knee pain,6,78,139,78,12,94,36.8
30013672,4,abdominal pain,5,79,163,104,21,99,36.7
30013673,3,anxiety,4,79,136,71,10,98,36.9
30013674,3,anxiety,3,65,130,67,17,99,36.5
30013675,1,abdominal pain,8,72,131,69,14,97,36.5
30013676,3,headache,6,77,99,99,15,98,35.4
30013677,1,headache,9,103,141,94,14,97,36.5
30013678,4,fever,7,80,132,81,19,93,37.4
30013679,3,fall,7,67,150,76,22,94,37.1
30013680,3,shortness of breath,0,86,118,75,12,98,35.9
30013681,4,laceration,1,92,125,68,18,100,38.1
30013682,4,abdominal pain,4,82,133,58,21,92,36.7
30013683,3,shortness of breath,2,81,135,83,21,95,37.1
30013684,4,anxiety,5,95,132,79,13,97,36.5
30013685,5,shortness of breath,1,62,111,85,12,87,35.4
30013686,3,anxiety,2,92,138,72,14,98,37.8
30013687,3,abdominal pain,5,50,81,74,19,96,37.0
30013688,2,laceration,7,81,148,87,19,96,35.7
30013689,2,back pain,8,58,127,85,20,96,37.0
30013690,5,laceration,5,79,131,58,19,97,38.0
30013691,3,back pain,2,83,126,84,15,98,34.6
30013692,3,fall,7,107,120,93,12,100,36.1
30013693,3,abdominal pain,0,95,122,87,11,93,37.4
30013694,4,laceration,6,110,130,103,18,94,38.3
30013695,2,back pain,9,83,107,58,13,96,37.8
30013696,4,laceration,0,80,100,77,13,92,36.0
30013697,3,back pain,7,108,94,71,18,96,37.5
30013698,3,shortness of breath,4,80,122,74,24,99,37.0
30013699,3,anxiety,2,78,106,109,20,100,37.5
30013700,5,chest pain,0,61,117,44,24,92,36.0
30013701,3,shortness of breath,0,70,139,56,19,95,38.0
30013702,4,anxiety,2,77,113,71,16,98,37.6
30013703,3,chest pain,2,97,114,80,17,97,38.8
30013704,3,headache,3,109,93,104,17,94,37.4
30013705,3,abdominal pain,3,87,155,68,18,96,37.2
30013706,3,headache,1,85,128,99,12,90,36.6
30013707,3,laceration,2,89,108,85,15,94,38.1
30013708,3,anxiety,2,63,144,82,17,97,36.0
30013709,3,laceration,7,102,126,78,13,95,38.1
30013710,3,headache,0,82,87,78,18,100,35.2
30013711,3,fall,6,83,165,97,18,99,37.6
30013712,4,fall,0,85,145,97,23,93,36.7
30013713,3,chest pain,0,68,139,67,25,100,38.1
30013714,3,abdominal pain,3,77,117,78,17,97,37.2
30013715,3,headache,2,111,103,94,18,96,38.2
30013716,2,knee pain,7,85,131,68,20,99,36.4
30013717,5,anxiety,2,92,124,72,17,99,36.3
30013718,1,abdominal pain,9,86,105,97,16,96,36.4
30013719,2,headache,10,74,134,90,15,99,36.9
30013720,1,fall,6,88,132,79,24,97,38.2
30013721,2,laceration,7,103,133,65,15,97,35.9
30013722,3,fall,2,73,129,71,18,100,35.7
30013723,2,laceration,6,59,136,63,17,96,38.5
30013724,3,knee pain,6,89,111,80,10,92,36.5
30013725,4,knee pain,6,109,130,99,24,95,37.1
30013726,5,knee pain,5,76,116,91,16,100,35.9
30013727,3,fall,0,93,119,65,18,98,38.4
30013728,1,abdominal pain,10,108,98,112,31,98,37.6
30013729,4,fever,3,93,150,86,20,98,35.6
30013730,3,knee pain,5,112,79,89,21,98,38.6
30013731,4,back pain,5,96,150,89,19,99,36.6
30013732,3,abdominal pain,0,61,102,45,18,97,37.2
30013733,3,back pain,6,78,133,113,17,98,38.2
30013734,3,abdominal pain,3,81,137,67,7,94,36.6
30013735,3,headache,5,83,144,88,16,97,37.3
30013736,3,laceration,2,50,115,101,20,96,36.2
30013737,4,shortness of breath,7,75,159,108,15,97,38.1
30013738,2,back pain,8,90,59,56,18,100,35.9
30013739,3,fall,4,81,126,79,20,97,36.2
30013740,3,headache,3,85,118,77,18,99,35.5
30013741,4,headache,6,99,129,52,20,94,36.4
30013742,3,laceration,3,111,147,73,14,95,35.5
30013743,3,shortness of breath,7,71,137,63,15,100,37.0
30013744,2,fall,8,92,135,96,15,97,36.6
30013745,3,anxiety,5,85,136,98,22,98,38.4
30013746,4,chest pain,0,88,122,93,19,95,37.0
30013747,1,fall,6,47,119,48,23,90,37.6
30013748,1,laceration,10,89,131,81,16,100,37.2
30013749,1,knee pain,8,77,147,55,15,100,37.6
30013750,3,fever,7,104,131,78,22,97,36.5
30013751,4,knee pain,7,97,183,64,17,93,37.1
30013752,4,headache,0,67,133,67,19,100,36.7
30013753,3,anxiety,0,99,116,88,13,99,37.5
30013754,2,laceration,9,66,117,55,15,100,36.6
30013755,3,knee pain,2,102,154,80,19,96,37.5
30013756,3,fall,0,96,136,86,12,90,37.4
30013757,3,knee pain,3,105,157,54,22,95,37.2
30013758,2,headache,10,83,122,76,16,100,35.6
30013759,2,anxiety,10,107,124,64,31,99,36.4
30013760,3,knee pain,3,88,118,63,20,97,35.9
30013761,3,laceration,0,95,134,92,21,97,38.2
30013762,3,shortness of breath,5,87,136,50,15,95,37.5
30013763,3,fall,3,105,121,82,14,96,37.1
30013764,4,knee pain,0,99,130,69,17,96,37.3
30013765,4,shortness of breath,7,94,99,92,23,100,36.2
30013766,3,shortness of breath,0,79,117,73,23,100,35.9
30013767,2,abdominal pain,6,115,103,80,18,98,36.6
30013768,1,knee pain,9,79,145,98,19,94,37.3
30013769,4,fall,6,69,131,59,19,98,38.3
30013770,2,abdominal pain,9,62,128,87,14,99,37.7
30013771,3,chest pain,3,46,168,86,19,97,37.2
30013772,3,abdominal pain,3,91,118,92,20,93,37.5
30013773,3,laceration,1,100,134,81,26,96,35.3
30013774,3,back pain,2,96,157,67,13,97,36.7
30013775,4,back pain,7,76,102,78,26,98,37.1
30013776,2,chest pain,6,89,133,85,11,100,36.9
30013777,2,shortness of breath,6,69,130,71,23,100,35.2
30013778,4,abdominal pain,7,104,128,86,13,97,37.8
30013779,3,knee pain,3,80,113,68,20,97,37.6
30013780,3,abdominal pain,4,94,153,82,28,97,37.2
30013781,3,chest pain,1,88,126,81,10,100,35.7
30013782,4,laceration,7,87,132,111,18,96,37.9
30013783,4,shortness of breath,4,91,112,90,13,98,35.8
30013784,4,headache,0,102,118,95,18,97,36.5
30013785,4,chest pain,4,101,143,78,17,100,36.4
30013786,3,fall,1,90,152,98,23,96,36.9
30013787,2,laceration,9,85,134,71,20,100,37.2
30013788,3,laceration,0,105,98,89,25,98,36.6
30013789,3,fall,7,41,97,79,16,95,37.0
30013790,3,knee pain,7,52,151,104,15,98,37.3
30013791,3,fever,5,93,108,78,23,93,38.1
30013792,4,back pain,7,62,142,120,19,100,37.5
30013793,3,knee pain,5,80,131,56,17,91,35.6
30013794,3,fever,6,94,120,52,14,100,36.6
30013795,4,laceration,0,84,115,72,19,96,36.9
30013796,4,abdominal pain,2,110,113,54,19,100,38.0
30013797,5,fall,6,109,142,66,16,99,36.2
30013798,3,anxiety,3,88,130,95,17,100,37.4
30013799,3,abdominal pain,3,83,131,78,8,93,36.9
30013800,4,shortness of breath,2,95,123,52,18,100,36.4
30013801,2,shortness of breath,10,105,125,107,18,98,38.0
30013802,4,shortness of breath,5,99,111,85,20,100,37.6
30013803,3,fever,1,97,132,62,11,95,36.5
30013804,3,anxiety,1,94,152,82,19,98,36.6
30013805,1,anxiety,9,119,121,104,15,91,36.4
30013806,2,fever,8,87,122,50,18,100,37.2
30013807,3,abdominal pain,3,84,122,70,21,100,35.8
30013808,3,fall,6,93,125,56,15,99,37.4
30013809,3,abdominal pain,5,95,137,77,22,94,37.4
30013810,1,abdominal pain,9,66,121,85,21,97,37.1
30013811,4,fever,2,97,136,64,20,97,35.6
30013812,3,laceration,3,71,117,83,17,94,37.7
30013813,3,back pain,1,82,133,64,22,97,38.3
30013814,2,abdominal pain,6,97,112,67,22,98,36.3
30013815,3,abdominal pain,6,67,102,89,15,97,36.6
30013816,2,fall,9,76,129,77,18,97,36.5
30013817,2,chest pain,8,77,112,64,20,100,37.6
30013818,3,abdominal pain,5,76,122,90,18,93,36.0
30013819,3,anxiety,5,101,121,67,16,94,37.7
30013820,2,back pain,8,89,133,92,17,94,37.5
30013821,2,fall,6,89,107,80,14,97,36.6
30013822,3,headache,4,101,156,82,25,95,38.1
30013823,4,abdominal pain,2,67,133,85,18,99,36.6
30013824,3,fever,7,71,133,92,22,95,35.4
30013825,1,chest pain,7,76,140,89,17,100,37.8
30013826,3,fall,3,101,127,72,11,95,36.8
30013827,4,abdominal pain,5,96,91,100,19,93,36.8
30013828,4,chest pain,0,93,100,89,18,96,36.8
30013829,3,knee pain,2,90,136,92,20,100,36.2
30013830,2,laceration,8,65,117,62,15,99,36.7
30013831,3,fever,6,77,131,75,16,93,39.5
30013832,2,headache,8,99,93,87,16,96,36.9
30013833,3,fever,7,102,103,104,23,94,38.3
30013834,4,headache,7,73,114,57,18,97,36.9
30013835,2,knee pain,8,77,125,68,15,97,37.2
30013836,2,back pain,8,63,118,87,20,96,36.3
30013837,4,anxiety,4,63,123,67,23,96,36.6
30013838,3,laceration,2,95,128,73,28,100,36.1
30013839,5,fall,0,78,116,94,19,96,37.3
30013840,2,fever,7,61,128,54,24,100,37.5
30013841,3,chest pain,0,69,151,82,16,96,36.8
30013842,3,chest pain,5,74,106,79,21,97,36.8
30013843,3,shortness of breath,0,77,111,87,21,94,37.0
30013844,2,laceration,6,66,121,67,20,94,38.9
30013845,3,laceration,3,89,123,66,16,99,37.7
30013846,3,headache,5,90,86,87,21,94,36.0
30013847,3,fall,7,93,153,65,22,100,37.2
30013848,4,fever,2,79,121,93,22,98,35.0
30013849,3,anxiety,1,86,109,89,23,95,36.2
30013850,3,abdominal pain,2,77,147,68,18,92,35.9
30013851,3,fever,7,65,104,105,23,98,37.5
30013852,4,fall,6,86,114,68,19,95,35.8
30013853,3,chest pain,4,83,101,96,13,100,36.9
30013854,3,fall,5,78,145,49,21,100,36.1
30013855,3,fall,4,97,131,92,26,95,37.6
30013856,4,abdominal pain,7,81,141,88,19,96,36.6
30013857,2,headache,8,78,128,90,24,100,36.8
30013858,2,shortness of breath,9,92,147,66,22,98,37.7
30013859,3,laceration,2,77,109,84,15,98,38.0
30013860,3,anxiety,1,104,143,66,19,92,37.7
30013861,3,headache,5,88,107,39,25,94,36.2
30013862,2,abdominal pain,10,61,124,65,22,100,37.2
30013863,3,back pain,6,72,106,61,20,96,37.4
30013864,2,shortness of breath,8,74,97,89,12,95,38.6
30013865,4,chest pain,3,84,141,82,24,100,38.9
30013866,3,shortness of breath,0,81,181,109,11,100,37.0
30013867,3,chest pain,0,91,113,81,19,97,38.2
30013868,4,fall,1,93,126,49,14,92,36.7
30013869,4,back pain,0,89,122,56,21,96,37.0
30013870,3,back pain,1,74,126,83,11,92,36.9
30013871,2,laceration,9,80,140,66,26,94,37.6
30013872,3,anxiety,0,83,98,84,20,96,36.6
30013873,3,abdominal pain,5,105,94,61,22,97,37.8
30013874,3,headache,4,84,145,58,12,100,37.6
30013875,3,fall,0,63,106,92,14,93,38.4
30013876,3,anxiety,6,91,107,72,16,96,36.8
30013877,3,anxiety,2,85,111,100,17,100,38.0
30013878,2,laceration,6,78,138,85,21,97,36.9
30013879,3,chest pain,1,85,118,93,20,97,37.3
30013880,3,knee pain,2,95,98,68,15,100,36.7
30013881,1,headache,9,92,128,75,24,100,36.6
30013882,4,chest pain,2,99,137,59,11,98,34.5
30013883,2,fall,8,85,100,75,18,93,37.9
30013884,4,knee pain,2,99,162,88,14,100,37.2
30013885,3,back pain,6,70,144,75,18,96,36.5
30013886,4,anxiety,2,107,135,94,21,98,36.8
30013887,3,headache,7,93,137,65,20,97,36.3
30013888,2,knee pain,6,47,151,76,19,95,35.2
30013889,2,fall,9,86,118,104,21,96,35.3
30013890,2,fever,9,99,150,83,23,95,36.6
30013891,4,laceration,6,75,117,84,24,100,37.4
30013892,2,fever,9,122,117,85,18,100,37.1
30013893,3,fall,2,81,131,74,15,100,37.6
30013894,3,chest pain,4,76,139,86,21,98,37.2
30013895,4,knee pain,5,69,132,55,23,98,36.7
30013896,3,chest pain,0,101,139,56,12,99,38.3
30013897,3,shortness of breath,6,71,130,61,22,90,36.9
30013898,3,back pain,6,99,130,79,13,95,38.0
30013899,5,abdominal pain,1,93,121,105,23,99,37.0
30013900,3,shortness of breath,1,95,119,65,24,93,36.8
30013901,4,laceration,4,91,129,93,21,95,36.4
30013902,3,headache,4,66,107,76,16,97,36.2
30013903,3,knee pain,3,79,122,71,16,100,35.8
30013904,2,abdominal pain,10,68,149,68,15,100,37.2
30013905,4,fall,1,114,132,99,16,100,37.9
30013906,3,anxiety,1,114,116,101,14,97,36.8
30013907,3,shortness of breath,6,82,123,85,15,95,36.8
30013908,4,knee pain,2,57,141,73,16,95,37.1
30013909,3,headache,5,104,101,75,17,100,37.4
30013910,3,shortness of breath,7,98,115,70,23,97,36.9
30013911,3,anxiety,7,84,128,101,23,96,36.8
30013912,3,headache,7,74,107,89,11,95,37.7
30013913,3,fever,0,85,126,81,14,96,36.9
30013914,2,chest pain,9,66,98,84,20,96,36.7
30013915,3,anxiety,1,69,111,84,23,89,35.3
30013916,3,shortness of breath,6,80,139,75,23,95,36.9
30013917,3,fever,2,88,130,84,18,96,36.0
30013918,3,headache,6,103,140,78,22,99,36.8
30013919,4,anxiety,6,87,155,68,18,97,38.0
30013920,3,fall,2,27,120,109,18,95,35.6
30013921,3,back pain,0,78,115,79,17,98,36.9
30013922,2,anxiety,6,56,106,73,18,93,36.8
30013923,2,fall,10,89,130,33,18,96,37.5
30013924,4,knee pain,7,64,116,86,23,100,37.4
30013925,3,anxiety,5,90,130,76,24,100,37.7
30013926,3,headache,6,83,144,80,19,95,37.9
30013927,2,headache,8,72,86,68,11,96,36.7
30013928,3,knee pain,3,70,138,36,20,94,35.8
30013929,4,laceration,3,58,96,81,20,96,37.3
30013930,2,laceration,10,95,119,74,16,98,35.9
30013931,3,shortness of breath,2,74,115,77,21,95,36.1
30013932,2,shortness of breath,6,87,92,73,17,91,37.2
30013933,2,back pain,6,79,110,94,14,94,36.9
30013934,4,laceration,4,76,134,66,21,90,35.0
30013935,2,headache,7,78,142,80,17,97,38.2
30013936,4,shortness of breath,4,80,97,79,15,98,35.7
30013937,2,laceration,10,65,97,86,20,99,38.5
30013938,3,fall,6,98,118,79,19,97,38.6
30013939,3,laceration,5,102,146,86,21,100,37.5
30013940,1,anxiety,9,75,112,85,19,99,36.5
30013941,3,chest pain,1,92,141,86,19,93,35.5
30013942,4,laceration,7,101,112,72,14,100,37.0
30013943,5,abdominal pain,0,76,105,74,14,99,37.9
30013944,3,back pain,1,92,154,73,10,100,36.7
30013945,2,anxiety,10,123,146,57,18,99,35.9
30013946,3,abdominal pain,2,48,105,88,15,95,36.0
30013947,4,anxiety,6,102,107,81,20,96,38.1
30013948,3,anxiety,6,75,101,101,14,100,37.2
30013949,4,back pain,6,92,131,81,14,93,36.4
30013950,2,chest pain,9,92,133,75,15,99,36.3
30013951,3,abdominal pain,4,96,130,70,22,99,36.4
30013952,3,knee pain,6,111,115,61,20,100,36.9
30013953,4,abdominal pain,3,93,124,70,12,97,35.6
30013954,3,shortness of breath,0,57,183,84,19,100,37.2
30013955,2,fall,9,121,118,67,13,98,37.2
30013956,3,fall,7,67,129,85,20,97,36.2
30013957,3,shortness of breath,0,65,123,73,24,100,37.3
30013958,4,fever,1,105,150,89,15,97,37.9
30013959,3,laceration,4,79,137,98,17,96,37.9
30013960,4,laceration,5,72,125,72,18,100,37.3
30013961,3,fall,0,64,112,106,24,98,37.3
30013962,3,anxiety,6,117,121,77,18,95,36.7
30013963,3,fall,7,100,164,106,23,96,37.6
30013964,4,headache,1,110,145,70,13,95,36.7
30013965,5,fever,5,97,120,79,20,95,36.5
30013966,3,shortness of breath,2,90,143,79,22,97,37.2
30013967,3,anxiety,6,87,137,59,20,95,37.2
30013968,1,chest pain,9,106,156,57,12,89,36.7
30013969,2,shortness of breath,9,75,141,69,19,99,36.7
30013970,3,abdominal pain,7,92,111,85,20,97,37.9
30013971,3,shortness of breath,2,84,140,87,15,89,37.2
30013972,3,fall,5,71,110,74,16,98,36.5
30013973,1,back pain,7,78,131,75,23,94,37.4
30013974,5,shortness of breath,4,98,92,81,13,92,36.0
30013975,3,chest pain,3,92,132,81,17,98,38.0
30013976,5,fall,5,96,124,76,19,96,37.3
30013977,5,shortness of breath,6,78,143,78,18,96,36.8
30013978,4,shortness of breath,5,79,166,61,13,96,37.8
30013979,2,fall,10,41,131,76,13,99,38.0
30013980,5,abdominal pain,4,73,142,94,19,98,37.8
30013981,3,knee pain,0,77,159,92,16,98,36.9
30013982,2,fever,6,95,111,74,11,99,36.1
30013983,3,fever,6,79,104,77,21,98,36.5
30013984,1,knee pain,8,88,121,81,16,96,37.9
30013985,2,chest pain,10,75,133,59,17,95,37.3
30013986,2,laceration,7,79,136,77,18,100,36.5
30013987,4,fever,2,68,125,116,24,100,36.5
30013988,3,knee pain,7,77,143,95,16,99,36.6
30013989,3,fall,7,85,110,76,17,100,37.3
30013990,5,headache,5,98,108,59,27,94,37.1
30013991,3,back pain,5,92,180,49,22,97,38.4
30013992,3,knee pain,3,83,137,90,17,92,37.2
30013993,3,abdominal pain,2,69,138,86,30,97,37.1
30013994,2,fall,6,69,109,81,24,96,37.3
30013995,3,knee pain,3,98,112,88,14,100,37.9
30013996,3,fall,3,80,137,109,14,100,38.2
30013997,3,shortness of breath,3,57,170,75,19,95,38.0
30013998,3,fall,2,114,132,98,17,95,36.3
30013999,3,fall,5,89,136,97,20,99,38.3
30014000,3,chest pain,1,75,138,81,19,100,35.6
30014001,4,laceration,3,46,128,98,14,98,36.9
30014002,3,anxiety,5,106,120,67,11,99,37.5
30014003,3,fall,0,73,116,74,16,96,36.8
30014004,3,anxiety,1,88,121,99,18,96,37.0
30014005,2,knee pain,8,110,70,86,17,96,37.2
30014006,4,knee pain,1,85,107,71,23,99,37.5
30014007,3,fall,5,88,139,81,21,97,37.5
30014008,3,fever,1,89,114,86,25,98,36.2
30014009,3,chest pain,6,89,141,92,20,96,36.2
30014010,2,shortness of breath,9,95,122,51,15,100,37.4
30014011,2,chest pain,9,76,73,96,19,100,36.9
30014012,3,shortness of breath,2,70,120,105,20,100,36.1
30014013,4,abdominal pain,0,66,120,99,23,93,37.3
30014014,4,chest pain,0,90,111,90,24,96,37.2
30014015,4,fall,7,85,140,79,18,100,36.7
30014016,3,shortness of breath,7,88,104,85,18,95,37.1
30014017,3,fall,4,94,142,88,22,100,37.9
30014018,3,knee pain,1,76,114,75,15,94,36.8
30014019,3,fever,3,79,143,96,10,98,37.5
30014020,3,chest pain,2,92,126,54,10,96,36.8
30014021,3,anxiety,7,101,135,63,18,98,36.4
30014022,3,knee pain,4,95,89,85,13,100,35.4
30014023,3,back pain,6,97,117,91,17,99,37.5
30014024,3,laceration,7,91,151,67,14,100,38.0
30014025,2,chest pain,8,104,140,85,14,96,38.5
30014026,3,laceration,1,80,162,94,21,96,37.0
30014027,2,back pain,8,88,145,62,17,100,36.1
30014028,3,fall,2,91,142,90,22,93,37.3
30014029,3,back pain,4,90,126,75,18,95,37.1
30014030,3,back pain,5,99,110,84,11,100,35.5
30014031,2,chest pain,9,86,166,65,15,96,36.6
30014032,3,headache,3,73,156,61,21,97,35.2
30014033,4,fall,0,91,150,35,19,99,35.7
30014034,3,back pain,6,78,143,97,16,95,37.4
30014035,1,laceration,10,80,121,94,12,96,38.2
30014036,5,laceration,1,66,110,66,24,97,37.1
30014037,3,headache,0,90,122,42,18,97,36.4
30014038,4,back pain,0,99,111,62,17,93,37.6
30014039,3,fever,4,99,141,95,17,95,35.9
30014040,2,fever,6,110,137,83,19,95,37.7
30014041,3,laceration,1,80,124,79,21,94,37.0
30014042,3,headache,2,92,123,81,18,97,37.4
30014043,2,headache,8,51,118,106,17,99,36.6
30014044,3,chest pain,4,88,129,92,26,100,38.5
30014045,2,shortness of breath,9,81,138,83,17,95,36.6
30014046,2,chest pain,8,78,99,74,19,99,37.6
30014047,5,fall,4,74,161,84,23,98,37.1
30014048,1,headache,10,90,160,96,17,99,37.2
30014049,3,abdominal pain,7,73,100,112,16,99,38.0
30014050,2,anxiety,6,88,159,76,16,99,38.2
30014051,2,abdominal pain,9,102,109,66,23,98,37.1
30014052,2,chest pain,6,43,105,94,18,97,36.8
30014053,5,laceration,5,89,112,68,17,94,37.7
30014054,3,laceration,3,111,146,82,18,98,36.7
30014055,3,fever,2,101,165,97,16,96,36.3
30014056,3,chest pain,5,70,136,80,20,100,36.9
30014057,2,headache,9,101,121,77,21,99,35.4
30014058,2,knee pain,10,104,150,70,17,100,37.1
30014059,1,abdominal pain,6,79,114,99,21,95,36.4
30014060,4,shortness of breath,2,82,125,73,17,96,37.4
30014061,2,laceration,6,104,139,84,10,100,37.2
30014062,3,fever,2,56,122,76,13,96,36.7
30014063,2,laceration,7,66,131,70,20,100,37.3
30014064,4,chest pain,5,55,127,91,21,100,35.3
30014065,3,back pain,0,86,140,85,12,94,36.5
30014066,4,fall,0,89,131,95,17,100,37.6
30014067,3,headache,0,90,89,105,17,92,38.3
30014068,3,headache,5,83,162,114,19,98,36.9
30014069,3,headache,1,97,124,90,20,99,37.4
30014070,5,fever,4,58,163,65,18,99,37.7
30014071,3,abdominal pain,6,83,106,73,16,96,36.6
30014072,5,shortness of breath,7,86,132,63,17,94,38.4
30014073,3,fever,4,85,140,61,17,94,37.7
30014074,4,shortness of breath,4,129,96,87,23,99,37.2
30014075,3,fever,2,101,129,86,19,97,36.8
30014076,2,back pain,10,78,145,92,13,100,37.0
30014077,2,abdominal pain,7,91,128,69,14,100,36.7
30014078,1,headache,7,83,63,75,16,98,37.0
30014079,3,anxiety,7,96,173,81,17,100,36.8
30014080,3,laceration,0,81,107,76,23,99,36.2
30014081,2,shortness of breath,8,111,141,87,18,96,38.2
30014082,3,fall,7,116,117,81,19,99,37.5
30014083,4,knee pain,3,104,116,92,17,98,37.0
30014084,3,fever,0,96,164,71,21,98,36.7
30014085,3,fever,1,92,141,56,22,100,38.1
30014086,3,abdominal pain,0,102,144,93,17,100,37.0
30014087,3,abdominal pain,5,91,95,64,21,100,36.1
30014088,3,knee pain,6,69,128,57,17,95,37.9
30014089,3,shortness of breath,4,57,133,69,23,98,37.4
30014090,2,knee pain,6,78,185,78,17,96,37.5
30014091,3,fever,3,96,102,88,20,95,37.5
30014092,1,back pain,8,84,142,68,7,98,38.7
30014093,3,anxiety,4,69,160,79,16,92,36.7
30014094,2,laceration,7,69,124,75,18,100,35.7
30014095,3,headache,2,102,111,54,16,100,37.5
30014096,3,fever,4,96,115,78,26,100,36.7
30014097,2,anxiety,7,85,151,86,18,96,37.6
30014098,3,knee pain,0,77,150,69,20,96,37.3
30014099,3,anxiety,3,94,117,84,15,95,37.1
30014100,3,knee pain,4,86,122,41,18,97,37.2
30014101,3,headache,5,82,128,56,16,100,38.1
30014102,2,laceration,9,78,137,39,17,91,36.5
30014103,4,knee pain,5,58,103,100,22,97,39.0
30014104,3,chest pain,4,85,98,78,18,98,36.8
30014105,3,shortness of breath,7,51,128,78,19,98,37.9
30014106,3,chest pain,4,80,87,62,14,97,36.6
30014107,2,chest pain,6,95,153,78,18,92,37.2
30014108,2,shortness of breath,8,80,130,67,18,93,36.7
30014109,3,abdominal pain,6,100,129,76,22,100,37.0
30014110,3,laceration,5,96,93,75,17,98,36.3
30014111,4,shortness of breath,4,108,123,84,16,100,36.1
30014112,2,anxiety,8,96,136,77,21,99,36.4
30014113,3,headache,7,73,149,86,9,100,36.6
30014114,1,shortness of breath,10,51,132,84,24,97,37.5
30014115,4,laceration,5,93,158,99,15,96,37.6
30014116,3,anxiety,0,90,108,93,23,99,37.7
30014117,3,fever,6,88,87,57,17,96,36.8
30014118,3,anxiety,2,88,135,96,24,94,37.3
30014119,2,back pain,6,106,129,58,15,100,36.7
30014120,2,chest pain,8,84,137,104,11,100,38.3
30014121,3,fall,7,81,124,83,15,96,37.5
30014122,3,headache,0,49,99,62,17,95,36.3
30014123,2,abdominal pain,6,93,87,86,25,99,38.7
30014124,3,shortness of breath,5,58,131,111,25,94,36.0
30014125,3,fall,1,88,100,79,23,100,37.3
30014126,3,knee pain,1,104,102,67,9,94,38.2
30014127,2,knee pain,6,93,97,54,18,99,35.6
30014128,3,anxiety,2,76,120,70,18,96,38.4
30014129,3,laceration,7,89,137,82,12,100,36.8
30014130,3,laceration,5,102,151,62,20,96,36.5
30014131,5,anxiety,7,87,121,96,17,98,37.8
30014132,4,anxiety,2,76,103,112,16,100,36.8
30014133,3,laceration,5,91,128,100,17,100,38.0
30014134,2,shortness of breath,6,97,96,75,19,99,37.5
30014135,4,fever,4,85,112,94,17,100,35.9
30014136,3,knee pain,2,72,96,76,17,93,38.2
30014137,3,chest pain,2,110,104,86,17,96,37.2
30014138,3,back pain,4,91,144,79,20,96,36.9
30014139,5,headache,0,78,127,53,16,96,36.6
30014140,2,shortness of breath,7,117,159,63,19,100,36.5
30014141,2,back pain,9,102,135,86,14,97,36.0
30014142,3,fever,5,99,129,57,21,95,36.1
30014143,2,shortness of breath,7,94,117,77,16,100,38.0
30014144,3,laceration,2,67,123,51,19,97,35.9
30014145,4,knee pain,2,84,117,70,25,100,37.3
30014146,1,fever,10,81,120,57,18,99,36.0
30014147,2,knee pain,8,63,131,44,16,100,36.3
30014148,4,anxiety,4,80,122,77,14,100,37.6
30014149,3,shortness of breath,0,84,118,91,14,99,37.0
30014150,3,laceration,5,77,122,69,24,100,36.0
30014151,3,headache,4,66,126,86,13,100,37.5
30014152,3,shortness of breath,5,87,150,78,17,98,36.9
30014153,3,laceration,1,102,139,65,13,99,36.9
30014154,5,laceration,3,92,105,84,12,94,36.7
30014155,3,fall,0,99,86,81,13,100,36.3
30014156,2,back pain,6,68,136,72,18,100,36.1
30014157,4,fall,0,72,118,88,28,96,36.3
30014158,2,headache,9,84,120,83,18,97,37.8
30014159,3,anxiety,6,94,132,57,15,99,36.5
30014160,3,back pain,6,118,114,78,12,99,38.0
30014161,1,anxiety,9,72,125,74,20,100,37.0
30014162,3,fall,5,67,132,92,21,100,36.3
30014163,3,back pain,4,109,122,81,22,87,37.1
30014164,3,abdominal pain,4,92,110,81,20,94,37.0
30014165,1,chest pain,7,82,136,98,22,99,37.6
30014166,1,fall,9,83,118,84,17,98,35.3
30014167,3,abdominal pain,5,104,115,78,17,100,37.3
30014168,3,fall,6,95,86,69,13,98,35.7
30014169,3,fever,0,69,133,68,17,92,36.8
30014170,4,headache,7,108,91,62,15,93,38.7
30014171,2,chest pain,9,56,83,71,15,100,37.6
30014172,4,headache,7,93,105,66,20,99,36.6
30014173,4,laceration,5,86,113,73,16,100,36.7
30014174,5,chest pain,5,69,141,81,20,100,37.5
30014175,2,knee pain,10,116,127,92,18,96,36.5
30014176,4,back pain,4,109,127,110,20,94,37.4
30014177,1,anxiety,9,54,117,67,14,100,36.7
30014178,2,headache,7,84,118,91,17,93,36.4
30014179,3,laceration,1,109,140,73,12,100,37.6
30014180,4,anxiety,0,95,117,80,18,96,37.2
30014181,3,fall,6,97,124,56,18,100,36.3
30014182,3,knee pain,7,64,142,63,14,100,37.9
30014183,3,shortness of breath,1,83,105,92,13,96,36.0
30014184,3,laceration,4,88,143,76,19,94,36.3
30014185,1,fever,8,96,111,82,22,97,37.1
30014186,3,knee pain,1,75,143,64,22,97,37.5
30014187,4,shortness of breath,4,101,129,43,15,97,37.5
30014188,3,knee pain,4,94,141,68,16,95,38.1
30014189,2,anxiety,10,76,126,78,15,95,37.1
30014190,3,fall,3,94,111,74,18,94,37.6
30014191,4,abdominal pain,4,85,122,79,23,100,36.5
30014192,4,back pain,1,83,131,79,25,96,39.2
30014193,3,fall,3,75,127,84,18,95,35.7
30014194,3,shortness of breath,5,98,121,98,19,100,36.1
30014195,3,back pain,0,88,122,49,17,97,37.5
30014196,1,headache,7,87,155,77,17,94,38.0
30014197,1,fever,6,73,112,65,19,95,36.5
30014198,2,laceration,9,87,156,77,16,99,38.1
30014199,4,fall,0,95,151,77,22,93,36.6
30014200,3,back pain,7,76,103,74,14,93,37.4
30014201,4,anxiety,3,100,118,87,18,96,36.9
30014202,3,chest pain,4,89,118,40,21,90,37.3
30014203,2,knee pain,9,95,120,97,23,92,37.7
30014204,3,anxiety,1,94,86,79,13,96,36.0
30014205,3,chest pain,3,102,109,86,23,100,37.1
30014206,4,knee pain,6,83,144,110,16,99,36.5
30014207,3,shortness of breath,5,84,125,82,20,92,37.2
30014208,1,shortness of breath,9,74,68,75,16,98,36.6
30014209,2,fever,10,74,118,95,17,96,36.5
30014210,2,abdominal pain,9,89,125,79,17,98,37.4
30014211,3,shortness of breath,0,99,125,88,16,96,38.0
30014212,3,fever,0,85,94,75,17,96,37.2
30014213,3,laceration,1,91,114,85,12,99,36.4
30014214,1,fall,7,72,118,77,14,93,35.9
30014215,4,knee pain,5,90,131,78,16,97,37.0
30014216,4,anxiety,3,76,141,97,26,100,37.0
30014217,2,fever,7,69,119,78,16,93,38.0
30014218,3,chest pain,2,91,115,77,24,99,36.0
30014219,4,back pain,5,95,106,77,16,100,34.6
30014220,2,abdominal pain,8,71,117,90,19,96,37.2
30014221,4,anxiety,5,68,131,78,16,94,37.7
30014222,2,shortness of breath,8,77,130,91,14,96,36.1
30014223,3,chest pain,1,62,110,60,19,96,37.6
30014224,3,fever,3,95,168,106,17,94,35.9
30014225,3,chest pain,4,59,128,92,24,98,37.5
30014226,3,fever,1,70,141,50,14,96,37.2
30014227,2,shortness of breath,8,105,138,94,22,100,37.0
30014228,4,anxiety,3,121,132,72,14,97,38.0
30014229,3,abdominal pain,1,70,119,97,16,96,37.6
30014230,2,laceration,6,96,137,61,10,97,38.0
30014231,3,back pain,2,82,111,86,23,93,37.2
30014232,4,anxiety,5,71,170,73,17,92,38.2
30014233,3,back pain,6,76,113,69,18,95,36.1
30014234,3,chest pain,4,82,87,86,11,93,36.7
30014235,4,laceration,6,85,105,61,28,97,36.1
30014236,3,fall,0,47,120,67,19,100,38.5
30014237,3,abdominal pain,1,85,93,94,18,99,36.9
30014238,4,knee pain,7,91,123,64,14,96,36.9
30014239,3,laceration,7,95,131,78,20,97,37.6
30014240,3,knee pain,1,71,127,55,17,100,37.5
30014241,4,abdominal pain,2,77,126,52,17,98,36.4
30014242,2,abdominal pain,9,62,128,92,24,95,36.6
30014243,3,knee pain,0,87,121,61,18,96,36.5
30014244,2,headache,7,88,128,99,22,100,35.5
30014245,3,shortness of breath,4,83,152,45,25,94,36.9
30014246,3,knee pain,4,87,106,85,17,96,38.2
30014247,2,anxiety,10,104,119,63,19,96,36.5
30014248,4,shortness of breath,7,76,116,100,18,100,36.5
30014249,3,anxiety,4,70,156,86,14,97,37.8
30014250,1,chest pain,7,73,85,92,16,96,36.0
30014251,5,anxiety,1,94,117,88,16,97,37.4
30014252,4,shortness of breath,3,82,116,76,18,100,36.7
30014253,3,shortness of breath,4,83,118,78,18,96,38.2
30014254,3,laceration,3,79,142,91,16,97,37.1
30014255,3,shortness of breath,3,92,117,71,14,99,35.6
30014256,2,shortness of breath,10,107,118,64,13,95,35.3
30014257,4,laceration,4,64,149,64,16,98,36.3
30014258,3,anxiety,6,72,134,98,18,87,37.0
30014259,1,fall,10,71,125,72,20,99,37.5
30014260,3,fever,5,104,130,80,17,95,36.7
30014261,4,fall,1,109,110,88,12,94,36.6
30014262,3,chest pain,5,49,105,71,14,95,37.1
30014263,3,knee pain,0,76,159,73,19,97,37.4
30014264,3,headache,1,60,74,96,20,94,36.4
30014265,4,chest pain,0,97,140,98,11,97,36.7
30014266,5,abdominal pain,1,103,112,93,15,100,36.8
30014267,3,anxiety,3,78,126,91,13,94,37.0
30014268,2,back pain,6,92,115,60,13,94,37.6
30014269,4,anxiety,4,87,157,63,23,100,37.4
30014270,2,shortness of breath,8,78,188,90,12,94,37.1
30014271,3,laceration,1,68,132,62,18,97,37.9
30014272,3,fever,1,91,146,78,26,96,36.5
30014273,1,laceration,6,72,86,99,19,100,36.6
30014274,2,headache,10,87,119,93,14,95,36.8
30014275,3,fall,7,121,107,51,29,95,36.0
30014276,2,fall,7,77,156,99,19,96,36.9
30014277,4,back pain,0,98,105,69,18,95,37.0
30014278,2,fever,7,96,131,101,17,100,37.7
30014279,3,back pain,4,80,107,78,18,94,37.3
30014280,4,shortness of breath,7,73,91,68,20,100,35.9
30014281,3,fall,7,68,165,113,20,96,36.1
30014282,3,shortness of breath,4,78,120,82,21,98,36.8
30014283,4,back pain,3,83,154,68,23,94,37.7
30014284,3,laceration,2,63,142,96,15,96,35.7
30014285,2,fall,6,101,105,75,17,95,37.2
30014286,4,shortness of breath,2,101,150,84,17,95,36.3
30014287,2,fever,8,79,162,82,19,95,37.1
30014288,4,chest pain,0,105,122,82,17,94,36.8
30014289,5,fever,7,105,148,107,18,96,37.1
30014290,2,knee pain,10,87,137,86,16,93,37.4
30014291,4,abdominal pain,1,77,116,81,19,100,37.6
30014292,5,back pain,1,75,130,107,18,100,36.9
30014293,4,chest pain,1,96,131,81,13,94,38.0
30014294,3,anxiety,2,100,145,80,22,99,36.9
30014295,3,laceration,3,80,141,81,20,97,37.8
30014296,4,headache,4,61,93,95,14,94,37.4
30014297,3,abdominal pain,0,101,154,96,20,99,37.1
30014298,3,anxiety,0,84,100,59,24,94,36.5
30014299,5,fever,7,86,94,87,18,94,36.6
30014300,5,fall,6,72,181,89,19,94,37.6
30014301,3,chest pain,6,82,113,74,18,100,37.7
30014302,3,laceration,6,89,103,46,18,96,37.4
30014303,3,knee pain,0,63,147,108,25,92,35.5
30014304,3,fall,4,105,149,106,18,95,37.4
30014305,4,back pain,3,72,111,70,16,95,36.4
30014306,3,back pain,2,109,144,87,15,95,36.1
30014307,3,fever,1,73,112,62,9,97,36.6
30014308,3,shortness of breath,1,87,95,68,18,94,37.0
30014309,3,fever,2,87,123,67,23,99,36.7
30014310,3,knee pain,4,85,122,107,13,94,37.4
30014311,3,knee pain,0,85,144,86,13,94,38.0
30014312,4,chest pain,6,109,115,82,16,89,38.2
30014313,5,abdominal pain,6,131,132,83,16,96,38.0
30014314,4,fall,3,85,133,96,23,99,35.6
30014315,1,fever,6,117,119,72,17,98,38.0
30014316,3,back pain,5,84,113,75,16,90,36.4
30014317,3,abdominal pain,5,91,151,70,13,100,37.9
30014318,2,fever,7,95,136,96,17,94,36.8
30014319,4,laceration,0,90,81,78,16,99,36.3
30014320,3,abdominal pain,3,84,130,77,18,93,38.6
30014321,3,shortness of breath,6,89,113,77,15,97,36.4
30014322,2,back pain,10,69,104,94,19,98,36.1
30014323,2,anxiety,6,83,136,57,11,100,36.2
30014324,3,shortness of breath,2,112,132,66,15,95,37.0
30014325,3,shortness of breath,2,110,110,65,23,99,35.8
30014326,2,fever,8,82,114,73,18,98,36.6
30014327,3,abdominal pain,3,91,126,59,13,97,37.2
30014328,3,knee pain,0,107,100,84,25,100,38.4
30014329,2,laceration,6,79,142,76,11,98,36.2
30014330,1,back pain,10,94,134,66,13,96,37.0
30014331,2,fever,10,73,120,76,22,98,36.7
30014332,2,back pain,6,88,121,88,14,94,36.8
30014333,5,laceration,1,71,104,81,15,92,37.5
30014334,2,headache,6,110,137,79,23,100,34.7
30014335,2,chest pain,10,105,118,86,19,98,37.7
30014336,3,anxiety,2,91,153,69,10,100,37.2
30014337,3,laceration,6,97,130,55,23,94,38.1
30014338,5,anxiety,1,69,86,88,17,96,37.1
30014339,3,abdominal pain,0,102,86,88,20,98,36.5
30014340,3,shortness of breath,7,67,142,73,21,99,37.9
30014341,3,fall,3,89,133,119,18,100,37.1
30014342,4,laceration,4,76,129,93,24,97,37.9
30014343,2,shortness of breath,6,83,124,85,13,100,36.3
30014344,3,abdominal pain,2,76,96,69,25,93,37.7
30014345,4,chest pain,5,87,130,79,23,99,36.4
30014346,3,anxiety,1,79,114,102,25,94,38.0
30014347,2,shortness of breath,7,89,107,79,23,96,38.8
30014348,4,abdominal pain,5,112,155,97,8,93,38.0
30014349,3,shortness of breath,3,89,128,85,20,99,36.4
30014350,3,laceration,4,105,110,89,23,99,36.1
30014351,3,fall,1,117,131,65,17,98,38.6
30014352,3,anxiety,2,106,152,90,17,98,38.7
30014353,3,anxiety,4,97,89,77,20,93,37.5
30014354,5,chest pain,1,106,105,97,20,98,36.8
30014355,1,back pain,9,92,117,84,19,96,37.7
30014356,3,shortness of breath,5,108,127,87,16,94,36.3
30014357,1,headache,6,88,118,72,14,90,36.2
30014358,3,fever,5,79,142,72,16,100,36.1
30014359,3,chest pain,1,98,106,64,17,93,37.1
30014360,3,anxiety,5,93,125,106,22,98,37.5
30014361,3,shortness of breath,5,72,138,102,18,98,36.6
30014362,5,shortness of breath,3,72,103,79,10,100,35.7
30014363,3,laceration,5,73,95,101,17,95,36.8
30014364,2,abdominal pain,9,71,131,85,15,95,36.7
30014365,3,laceration,5,98,127,63,19,100,37.6
30014366,2,fever,7,83,118,81,20,100,37.8
30014367,2,headache,9,90,113,62,21,96,35.8
30014368,3,anxiety,4,78,103,59,21,97,35.4
30014369,3,fever,1,89,150,73,16,95,37.1
30014370,2,chest pain,6,92,91,81,22,95,37.4
30014371,3,headache,4,86,108,113,19,98,37.2
30014372,3,laceration,3,101,114,73,14,98,36.6
30014373,3,chest pain,6,80,102,74,17,100,37.3
30014374,3,anxiety,6,67,115,76,15,99,38.2
30014375,4,fever,1,95,106,61,20,93,36.4
30014376,4,laceration,4,96,141,86,5,95,38.1
30014377,4,knee pain,1,108,153,63,20,97,38.3
30014378,5,fever,3,69,117,86,18,97,37.9
30014379,3,knee pain,0,35,103,103,23,95,35.9
30014380,3,abdominal pain,7,90,96,88,14,98,35.7
30014381,3,anxiety,1,72,101,100,16,95,36.1
30014382,4,fall,6,89,125,94,22,96,37.0
30014383,4,shortness of breath,2,95,102,85,16,96,36.7
30014384,3,chest pain,3,105,178,81,24,96,36.3
30014385,3,abdominal pain,4,82,160,73,23,96,35.8
30014386,3,chest pain,2,93,132,95,19,100,37.7
30014387,1,headache,8,88,150,82,20,99,36.4
30014388,3,knee pain,6,82,125,71,23,95,36.9
30014389,3,fever,7,118,136,68,19,99,38.3
30014390,3,headache,0,72,117,65,19,89,36.2
30014391,2,chest pain,7,99,100,69,20,99,37.2
30014392,1,headache,6,102,107,89,17,98,35.1
30014393,3,headache,7,89,107,63,19,97,36.3
30014394,3,laceration,2,67,107,85,24,96,35.7
30014395,4,shortness of breath,5,63,120,80,17,100,36.9
30014396,4,shortness of breath,2,115,116,85,16,100,38.0
30014397,4,knee pain,2,104,116,99,17,95,37.4
30014398,3,chest pain,5,81,106,86,22,99,35.5
30014399,2,abdominal pain,10,101,126,84,10,100,37.7
30014400,3,shortness of breath,6,94,134,97,16,97,36.1
30014401,2,anxiety,8,65,135,90,20,98,37.6
30014402,2,laceration,6,79,125,101,16,100,37.2
30014403,4,knee pain,3,84,142,83,11,93,36.1
30014404,3,abdominal pain,6,120,105,72,19,90,37.5
30014405,3,back pain,4,74,105,100,23,99,37.6
30014406,3,shortness of breath,6,87,137,75,13,95,36.1
30014407,3,back pain,7,67,121,71,20,96,38.5
30014408,3,laceration,7,86,160,77,9,98,36.9
30014409,4,shortness of breath,4,88,117,50,20,94,36.5
30014410,4,fall,0,78,101,62,16,98,37.7
30014411,3,abdominal pain,4,70,86,89,16,98,37.5
30014412,3,shortness of breath,6,105,83,54,8,97,37.5
30014413,4,knee pain,5,79,86,56,19,100,37.2
30014414,3,anxiety,3,75,148,95,20,100,36.9
30014415,2,headache,8,112,97,58,11,93,36.5
30014416,5,anxiety,5,83,108,76,19,97,36.5
30014417,4,abdominal pain,3,85,110,65,19,100,35.9
30014418,2,knee pain,9,57,145,108,18,99,36.7
30014419,4,headache,3,100,134,90,11,100,36.5
30014420,4,back pain,5,58,134,88,15,95,37.1
30014421,3,laceration,7,86,118,91,22,96,37.3
30014422,2,chest pain,8,76,168,90,18,96,36.6
30014423,3,fever,3,85,97,88,20,96,37.8
30014424,4,laceration,4,71,110,72,18,96,36.0
30014425,5,headache,3,65,143,92,18,97,35.8
30014426,2,chest pain,8,63,146,80,14,100,36.1
30014427,3,laceration,0,94,128,98,21,98,37.0
30014428,3,fall,5,84,128,107,21,91,37.3
30014429,3,laceration,3,101,106,61,13,100,38.2
30014430,3,knee pain,6,96,92,62,21,100,37.8
30014431,2,headache,10,77,117,66,17,96,37.1
30014432,3,shortness of breath,5,88,110,91,13,97,37.1
30014433,3,anxiety,5,100,98,90,23,97,37.0
30014434,4,back pain,4,67,154,89,11,92,37.7
30014435,3,shortness of breath,6,96,116,57,20,99,37.3
30014436,2,fall,6,108,125,88,14,96,37.6
30014437,3,fall,3,82,114,93,19,91,38.1
30014438,3,abdominal pain,0,85,121,71,17,96,35.8
30014439,3,abdominal pain,3,100,133,94,17,98,38.0
30014440,3,fall,5,77,83,103,11,98,37.8
30014441,3,laceration,7,99,99,67,15,96,38.4
30014442,3,headache,1,77,116,91,17,93,37.1
30014443,4,abdominal pain,2,91,97,84,20,99,36.7
30014444,4,fever,5,85,111,103,15,97,36.8
30014445,5,anxiety,2,90,105,105,24,100,36.6
30014446,1,abdominal pain,6,75,120,106,21,93,37.1
30014447,4,chest pain,0,77,136,86,25,100,37.6
30014448,3,anxiety,2,109,145,90,21,94,36.4
30014449,3,chest pain,7,78,107,102,22,98,37.8
30014450,3,knee pain,4,77,139,76,16,92,36.0
30014451,3,back pain,2,92,143,83,15,100,36.3
30014452,3,anxiety,5,85,124,99,23,100,37.0
30014453,3,fever,2,93,100,62,19,92,37.4
30014454,3,back pain,7,108,141,92,13,100,38.1
30014455,4,fall,7,90,115,96,24,96,37.7
30014456,3,headache,6,64,128,67,13,95,36.2
30014457,2,anxiety,10,84,118,107,19,93,36.7
30014458,2,headache,6,93,139,72,23,99,38.2
30014459,3,headache,1,101,124,88,21,100,36.5
30014460,3,fall,3,89,150,68,23,95,37.8
30014461,4,laceration,6,89,121,89,13,97,38.3
30014462,4,abdominal pain,6,77,113,94,21,98,36.1
30014463,1,abdominal pain,6,82,151,94,15,96,38.2
30014464,3,anxiety,7,90,121,82,33,95,36.2
30014465,3,headache,5,76,133,89,20,94,36.6
30014466,3,fever,6,63,128,94,22,100,38.8
30014467,4,fever,0,101,98,64,23,94,37.0
30014468,4,shortness of breath,2,87,119,71,16,100,37.6
30014469,4,fever,2,87,123,73,21,91,35.1
30014470,3,laceration,3,78,96,80,18,98,37.8
30014471,3,headache,1,89,158,51,21,96,36.4
30014472,5,fall,2,79,101,76,14,97,37.3
30014473,3,anxiety,2,89,124,58,13,94,37.1
30014474,3,back pain,7,67,142,63,8,97,35.7
30014475,3,fever,2,81,106,96,17,93,38.2
30014476,3,laceration,3,95,134,68,19,100,37.4
30014477,3,knee pain,6,92,130,69,18,96,36.4
30014478,3,headache,5,74,142,86,24,97,37.9
30014479,3,shortness of breath,7,84,138,55,19,97,37.3
30014480,3,fall,7,71,129,73,18,97,35.9
30014481,2,chest pain,6,82,127,96,16,98,37.4
30014482,3,back pain,1,88,117,95,11,93,36.8
30014483,2,anxiety,6,85,97,98,20,98,37.1
30014484,4,anxiety,7,95,154,85,17,94,37.6
30014485,3,anxiety,7,119,122,101,16,98,37.3
30014486,5,fall,2,112,134,103,15,94,37.4
30014487,2,fever,10,105,126,65,15,94,37.4
30014488,3,headache,0,77,111,90,17,100,36.3
30014489,2,shortness of breath,10,87,134,63,20,95,36.3
30014490,4,abdominal pain,7,108,135,76,18,98,37.5
30014491,5,back pain,1,81,120,86,16,97,36.7
30014492,4,fall,2,88,122,91,18,95,35.9
30014493,3,anxiety,5,78,146,85,15,99,35.3
30014494,3,fall,2,92,162,69,21,100,36.9
30014495,3,knee pain,6,63,113,81,17,98,36.4
30014496,2,back pain,6,76,119,62,21,97,37.5
30014497,5,headache,6,112,121,77,20,94,36.3
30014498,3,anxiety,4,93,134,92,26,98,37.0
30014499,3,knee pain,4,82,133,94,28,94,37.8
30014500,2,laceration,8,94,114,66,17,98,37.8
30014501,4,back pain,2,104,140,111,24,100,36.7
30014502,3,knee pain,2,102,143,85,16,96,37.4
30014503,4,laceration,5,115,150,64,15,100,37.2
30014504,3,anxiety,4,74,115,75,16,93,35.2
30014505,3,fever,7,126,131,80,13,98,35.9
30014506,4,anxiety,7,84,75,87,19,95,37.2
30014507,3,anxiety,6,85,141,81,17,98,37.6
30014508,3,laceration,5,132,121,123,17,99,36.8
30014509,3,fever,4,81,121,87,16,96,37.7
30014510,3,abdominal pain,3,91,88,77,20,96,35.6
30014511,3,chest pain,7,91,117,81,20,96,35.8
30014512,3,abdominal pain,1,87,87,75,16,99,36.9
30014513,3,headache,1,69,119,89,17,97,35.3
30014514,5,chest pain,4,85,127,87,24,99,37.9
30014515,3,abdominal pain,2,73,124,87,20,98,37.5
30014516,3,fever,3,91,146,91,21,95,38.4
30014517,2,shortness of breath,7,76,132,111,22,96,38.1
30014518,3,back pain,5,73,118,59,9,100,36.2
30014519,3,chest pain,3,74,166,105,15,100,36.9
30014520,3,laceration,5,83,107,90,21,100,37.7
30014521,3,abdominal pain,5,92,136,66,24,94,37.7
30014522,4,knee pain,3,82,124,70,14,94,37.4
30014523,2,shortness of breath,8,60,139,65,19,100,36.3
30014524,3,fall,7,101,103,79,19,91,38.4
30014525,2,fall,8,96,123,58,19,92,37.7
30014526,3,shortness of breath,7,87,125,95,21,100,37.2
30014527,4,headache,7,90,100,87,18,100,36.2
30014528,3,fever,3,80,119,76,11,96,36.2
30014529,1,fall,7,90,118,105,16,95,36.5
30014530,3,shortness of breath,7,93,105,94,19,98,37.3
30014531,3,abdominal pain,7,105,95,83,19,97,36.5
30014532,3,anxiety,3,93,118,73,15,98,38.4
30014533,3,fall,6,66,154,67,21,98,35.7
30014534,2,headache,6,88,142,83,16,94,37.3
30014535,2,back pain,10,97,145,68,16,93,38.3
30014536,3,knee pain,1,84,143,78,13,96,38.2
30014537,2,headache,7,87,125,68,22,97,38.6
30014538,5,shortness of breath,0,72,105,83,22,96,36.4
30014539,1,back pain,8,71,127,89,13,94,36.8
30014540,3,laceration,5,82,129,76,17,94,37.4
30014541,4,anxiety,0,95,155,70,14,94,36.6
30014542,4,fall,7,93,111,92,20,97,36.2
30014543,4,laceration,2,80,103,91,28,100,35.9
30014544,1,abdominal pain,10,100,128,97,14,98,37.6
30014545,4,laceration,3,98,113,42,17,98,38.2
30014546,2,abdominal pain,6,97,77,93,15,100,37.8
30014547,2,fall,7,94,116,85,14,95,37.0
30014548,4,knee pain,3,74,133,64,19,94,36.4
30014549,4,fever,0,85,121,79,16,98,36.3
30014550,3,laceration,7,97,112,97,16,98,36.4
30014551,1,knee pain,10,108,97,83,11,93,35.7
30014552,4,fever,4,82,136,76,19,99,38.4
30014553,2,fever,9,104,107,65,8,97,35.2
30014554,3,fever,1,83,138,102,18,92,36.4
30014555,3,headache,7,81,108,83,16,98,37.6
30014556,3,shortness of breath,6,69,126,86,18,98,36.5
30014557,1,fever,9,73,128,84,14,97,36.8
30014558,2,chest pain,6,95,108,82,21,98,36.4
30014559,3,fever,3,81,119,71,20,100,37.0
30014560,2,laceration,6,93,146,104,18,100,36.7
30014561,3,fever,2,77,117,80,16,99,36.5
30014562,3,fall,7,113,129,76,26,98,38.4
30014563,2,laceration,7,69,146,66,15,93,36.8
30014564,4,shortness of breath,2,72,102,95,18,95,37.3
30014565,3,knee pain,6,99,126,100,24,95,35.9
30014566,4,abdominal pain,5,86,104,86,17,100,37.1
30014567,3,headache,2,72,183,76,21,96,37.3
30014568,3,laceration,7,92,122,100,26,97,37.2
30014569,3,knee pain,2,58,118,81,17,100,36.4
30014570,3,shortness of breath,2,115,163,69,22,100,37.3
30014571,1,headache,7,96,108,73,24,94,36.1
30014572,3,fever,5,80,120,72,17,94,37.5
30014573,3,laceration,4,73,142,84,13,97,36.9
30014574,4,headache,1,90,80,54,17,100,35.6
30014575,3,laceration,2,74,132,71,11,100,36.7
30014576,2,back pain,10,69,113,81,23,98,36.9
30014577,3,shortness of breath,3,98,120,61,17,96,38.8
30014578,3,chest pain,0,93,164,66,14,95,36.4
30014579,3,shortness of breath,7,112,129,113,8,100,38.8
30014580,3,shortness of breath,5,116,87,71,9,96,37.5
30014581,3,shortness of breath,0,72,119,64,19,97,36.0
30014582,3,knee pain,3,55,147,71,20,93,38.2
30014583,2,knee pain,6,62,113,44,11,97,36.0
30014584,3,back pain,0,102,121,102,28,97,34.6
30014585,3,fall,4,100,124,40,11,99,37.1
30014586,5,anxiety,2,73,150,63,17,95,36.5
30014587,4,chest pain,1,116,85,66,17,93,37.5
30014588,3,back pain,0,89,139,102,17,97,37.8
30014589,3,fever,3,107,108,57,18,97,35.9
30014590,3,laceration,7,92,141,81,8,100,37.5
30014591,3,laceration,0,91,147,82,17,97,37.6
30014592,3,shortness of breath,1,85,127,63,21,100,38.6
30014593,4,headache,6,90,86,61,22,100,37.0
30014594,3,abdominal pain,1,66,142,81,12,99,36.4
30014595,3,shortness of breath,0,71,140,96,19,100,37.0
30014596,3,headache,1,60,129,100,16,95,38.2
30014597,3,anxiety,2,69,143,65,18,98,37.9
30014598,2,laceration,10,90,157,85,15,98,38.4
30014599,5,chest pain,3,90,128,56,17,99,35.4
30014600,1,laceration,6,77,122,82,23,100,37.9
30014601,3,headache,3,100,147,98,19,100,37.0
30014602,3,knee pain,2,101,141,77,17,95,37.3
30014603,3,chest pain,3,82,111,57,17,98,35.3
30014604,2,knee pain,10,83,79,69,20,97,36.3
30014605,3,fever,2,68,143,94,20,96,37.2
30014606,4,headache,5,63,126,64,18,98,36.6
30014607,3,fever,7,72,127,91,19,95,36.7
30014608,3,laceration,3,97,92,61,15,96,36.4
30014609,4,laceration,4,60,151,65,20,98,36.9
30014610,3,knee pain,7,93,102,83,27,98,35.8
30014611,3,abdominal pain,3,81,110,65,11,99,37.9
30014612,2,abdominal pain,8,75,157,65,15,100,35.8
30014613,3,laceration,2,58,129,110,12,96,35.8
30014614,3,chest pain,4,78,109,81,24,97,37.4
30014615,3,laceration,6,85,112,108,17,96,36.4
30014616,3,laceration,1,80,94,64,22,98,38.9
30014617,3,headache,5,120,125,97,15,100,37.4
30014618,2,laceration,7,83,119,93,14,98,37.1
30014619,4,abdominal pain,2,100,114,77,16,94,37.3
30014620,3,chest pain,4,54,121,87,21,96,37.9
30014621,4,knee pain,2,80,104,71,19,91,36.6
30014622,3,back pain,7,82,121,87,18,97,36.8
30014623,3,knee pain,6,77,136,33,22,96,37.4
30014624,3,abdominal pain,0,117,66,90,14,93,37.0
30014625,3,knee pain,4,112,104,85,18,95,36.2
30014626,3,anxiety,4,62,130,76,15,97,36.7
30014627,3,knee pain,6,88,125,81,19,97,37.6
30014628,3,anxiety,6,60,102,76,19,99,36.9
30014629,2,laceration,8,83,109,84,21,92,37.3
30014630,3,abdominal pain,5,93,120,100,18,100,37.5
30014631,3,abdominal pain,2,54,112,105,20,95,35.7
30014632,3,headache,0,84,111,81,14,95,37.0
30014633,3,abdominal pain,2,104,124,67,26,95,36.7
30014634,2,anxiety,7,73,88,79,18,91,35.9
30014635,2,fall,9,79,127,68,14,100,38.4
30014636,3,fever,0,101,134,86,19,99,37.9
30014637,4,chest pain,4,86,103,102,17,95,36.9
30014638,2,anxiety,6,70,92,104,18,97,37.9
30014639,3,chest pain,3,95,136,50,20,99,37.7
30014640,4,laceration,2,77,130,68,19,97,38.5
30014641,2,laceration,6,113,133,94,15,94,37.4
30014642,3,headache,2,61,116,62,21,99,37.2
30014643,3,headache,1,86,90,57,18,97,36.0
30014644,2,anxiety,10,66,129,78,22,92,36.7
30014645,3,abdominal pain,4,95,123,94,16,96,35.7
30014646,3,abdominal pain,3,87,120,69,13,96,36.2
30014647,5,abdominal pain,7,80,122,105,24,92,37.2
30014648,3,shortness of breath,3,78,131,84,20,96,36.2
30014649,4,abdominal pain,2,69,159,83,19,96,36.5
30014650,3,abdominal pain,5,95,96,89,17,100,35.7
30014651,3,headache,7,119,170,66,21,99,37.0
30014652,4,shortness of breath,7,90,126,87,19,100,36.9
30014653,3,shortness of breath,5,115,124,62,18,99,36.4
30014654,4,fever,6,74,111,65,23,99,37.9
30014655,3,chest pain,1,95,155,106,10,100,35.6
30014656,3,shortness of breath,5,114,116,73,9,95,37.7
30014657,3,fall,5,93,110,80,21,95,36.2
30014658,3,shortness of breath,2,80,131,80,16,98,36.3
30014659,3,laceration,0,83,120,118,19,97,37.3
30014660,3,knee pain,7,66,97,83,13,98,37.4
30014661,2,shortness of breath,9,118,133,101,16,99,37.3
30014662,3,knee pain,6,60,106,86,17,96,35.9
30014663,4,anxiety,0,115,133,74,22,95,37.4
30014664,3,anxiety,0,91,116,82,21,98,37.3
30014665,3,fever,0,71,141,73,19,93,35.6
30014666,3,headache,1,64,113,69,17,94,35.7
30014667,1,abdominal pain,6,77,138,44,21,95,38.5
30014668,3,shortness of breath,3,102,114,86,20,95,36.1
30014669,2,shortness of breath,9,78,112,70,24,98,37.1
30014670,1,fever,8,87,108,94,18,99,37.7
30014671,1,shortness of breath,7,80,167,77,26,100,38.6
30014672,3,anxiety,2,83,113,79,11,95,36.1
30014673,3,anxiety,7,84,150,95,16,100,35.1
30014674,3,chest pain,4,88,107,98,16,95,36.7
30014675,4,knee pain,4,92,160,94,21,97,35.3
30014676,3,knee pain,3,91,119,71,23,98,37.4
30014677,4,abdominal pain,1,61,84,83,21,98,37.6
30014678,2,anxiety,10,93,102,60,23,96,36.5
30014679,3,laceration,3,70,133,88,19,98,37.4
30014680,3,laceration,1,85,169,63,8,100,38.1
30014681,3,shortness of breath,2,68,141,82,19,100,36.7
30014682,4,back pain,2,106,138,83,14,100,37.2
30014683,3,shortness of breath,1,82,142,101,16,100,36.7
30014684,4,knee pain,3,93,104,85,24,95,37.7
30014685,3,abdominal pain,3,75,172,79,12,92,36.7
30014686,4,fever,7,90,138,85,18,97,36.7
30014687,3,chest pain,4,105,149,86,15,100,36.3
30014688,4,shortness of breath,5,81,116,96,17,96,37.4
30014689,4,abdominal pain,1,52,173,57,23,96,37.1
30014690,2,back pain,8,58,137,83,23,100,36.7
30014691,2,shortness of breath,7,97,165,86,15,93,36.2
30014692,1,anxiety,6,72,129,98,21,100,36.4
30014693,3,fall,3,104,114,86,20,95,36.2
30014694,4,headache,1,78,118,59,21,93,37.2
30014695,3,fall,0,80,135,86,21,96,37.4
30014696,3,abdominal pain,2,74,132,102,10,100,36.5
30014697,3,chest pain,4,82,123,67,22,97,37.7
30014698,3,back pain,6,74,117,80,21,96,37.4
30014699,4,chest pain,1,58,108,73,16,95,35.8
30014700,3,abdominal pain,7,105,123,76,21,98,36.7
30014701,4,abdominal pain,5,89,122,78,11,96,36.2
30014702,3,anxiety,6,81,130,53,15,96,37.5
30014703,5,back pain,1,72,138,117,15,98,38.5
30014704,3,shortness of breath,3,77,104,106,11,98,35.9
30014705,3,anxiety,0,101,127,56,23,95,35.3
30014706,3,anxiety,2,89,110,58,22,100,36.4
30014707,3,fever,7,64,134,77,20,97,36.5
30014708,3,abdominal pain,4,85,103,72,27,95,36.6
30014709,3,knee pain,7,118,168,81,26,100,36.9
30014710,3,fall,3,73,117,102,17,98,35.5
30014711,3,headache,6,96,171,70,20,97,36.0
30014712,2,back pain,6,97,133,70,20,95,37.5
30014713,3,shortness of breath,3,70,136,93,19,100,35.6
30014714,3,anxiety,5,69,148,79,23,94,37.5
30014715,1,chest pain,6,97,113,82,24,98,37.0
30014716,3,knee pain,0,86,150,65,20,95,38.1
30014717,3,anxiety,0,89,151,77,12,100,36.7
30014718,4,anxiety,5,95,113,73,21,100,37.7
30014719,3,fever,0,74,139,64,17,99,38.2
30014720,3,fall,0,64,123,70,20,94,37.6
30014721,3,back pain,2,63,126,87,16,99,36.2
30014722,3,fall,7,70,125,92,15,96,37.0
30014723,3,fall,5,102,131,105,21,100,37.0
30014724,3,fever,7,86,113,56,14,98,38.0
30014725,3,abdominal pain,4,87,98,71,20,96,36.7
30014726,4,chest pain,3,100,124,86,13,93,37.3
30014727,2,laceration,9,93,168,96,16,93,36.4
30014728,3,knee pain,4,63,135,93,23,98,37.0
30014729,3,back pain,1,78,142,81,17,97,36.7
30014730,2,chest pain,8,81,128,76,17,97,36.4
30014731,3,headache,0,98,146,108,19,100,38.2
30014732,3,abdominal pain,7,102,119,90,20,100,36.4
30014733,2,laceration,8,99,73,106,15,99,35.7
30014734,1,back pain,7,67,120,89,19,95,38.1
30014735,2,fall,7,103,142,93,18,100,35.8
30014736,3,fall,6,86,120,110,23,99,37.0
30014737,4,back pain,7,35,108,83,13,97,36.9
30014738,3,laceration,0,69,98,81,22,100,36.4
30014739,3,fever,1,109,141,91,20,97,36.6
30014740,4,fever,1,81,138,77,27,97,37.7
30014741,3,fever,4,80,159,77,19,96,37.1
30014742,3,laceration,0,70,102,77,12,92,37.6
30014743,2,anxiety,10,94,147,50,15,99,35.7
30014744,2,back pain,7,89,128,83,18,97,37.9
30014745,4,fall,5,90,112,96,21,98,37.1
30014746,3,headache,3,98,120,70,19,100,36.4
30014747,5,fall,5,79,96,75,14,89,37.1
30014748,1,knee pain,8,80,165,64,20,100,36.9
30014749,3,shortness of breath,2,85,117,66,25,98,37.1
30014750,3,back pain,1,68,130,75,18,100,37.0
30014751,2,chest pain,9,85,94,75,16,97,35.9
30014752,4,fever,0,111,162,84,21,96,34.9
30014753,3,laceration,7,81,142,75,17,96,37.5
30014754,2,anxiety,6,87,151,114,19,100,36.5
30014755,3,back pain,3,84,122,69,15,92,36.7
30014756,3,abdominal pain,1,90,161,75,22,93,35.0
30014757,3,laceration,6,97,134,100,19,100,38.7
30014758,3,laceration,2,95,142,97,20,99,36.5
30014759,4,fall,0,81,103,78,10,95,35.9
30014760,3,headache,3,98,110,121,19,96,36.8
30014761,3,shortness of breath,7,88,122,86,20,100,37.8
30014762,3,knee pain,7,88,125,62,11,95,37.6
30014763,3,chest pain,5,99,158,68,17,100,36.4
30014764,3,knee pain,4,87,130,67,22,96,37.9
30014765,2,laceration,7,64,91,58,17,97,37.0
30014766,1,back pain,6,80,121,67,21,97,36.7
30014767,3,abdominal pain,2,77,129,85,16,92,38.4
30014768,5,shortness of breath,0,67,116,78,16,99,37.8
30014769,3,headache,4,87,134,63,20,92,35.9
30014770,3,abdominal pain,2,70,123,95,23,100,36.0
30014771,2,headache,7,87,144,67,18,99,37.9
30014772,2,back pain,6,79,111,115,12,99,37.7
30014773,3,back pain,7,87,141,113,18,96,36.6
30014774,2,knee pain,7,68,116,60,25,99,37.9
30014775,2,back pain,6,94,117,106,20,91,36.0
30014776,4,fall,7,96,154,97,22,98,36.8
30014777,3,chest pain,1,80,131,67,12,99,38.2
30014778,4,knee pain,6,96,147,66,17,97,37.3
30014779,4,fall,5,107,174,65,19,92,36.9
30014780,3,shortness of breath,6,83,110,89,23,98,36.1
30014781,2,fall,10,80,119,93,16,96,38.3
30014782,3,knee pain,5,65,120,100,18,99,36.1
30014783,4,back pain,2,82,130,79,18,97,36.0
30014784,3,abdominal pain,2,79,128,98,22,99,36.7
30014785,3,fever,3,65,81,93,18,98,35.7
30014786,3,abdominal pain,6,82,96,92,16,95,37.2
30014787,3,knee pain,0,129,114,93,9,96,37.9
30014788,4,abdominal pain,4,86,147,84,16,97,38.8
30014789,3,anxiety,4,87,122,77,24,98,37.5
30014790,4,chest pain,7,67,144,65,23,98,36.4
30014791,3,knee pain,2,77,148,84,16,99,37.7
30014792,3,knee pain,1,96,156,73,19,99,37.4
30014793,3,chest pain,7,96,128,62,17,95,36.2
30014794,4,headache,6,99,144,115,17,98,37.0
30014795,3,laceration,4,82,108,102,19,98,37.0
30014796,2,shortness of breath,8,72,108,80,13,98,36.0
30014797,3,back pain,5,95,111,88,8,92,36.9
30014798,2,fever,8,79,101,107,17,93,36.3
30014799,4,back pain,6,85,117,72,24,95,35.8
30014800,2,fall,6,83,171,66,19,94,37.7
30014801,3,shortness of breath,0,67,145,85,9,88,38.1
30014802,3,knee pain,1,72,149,90,27,98,39.6
30014803,3,laceration,7,64,130,97,20,98,36.8
30014804,2,chest pain,7,64,104,80,22,98,37.5
30014805,3,fever,1,72,87,76,22,97,37.8
30014806,3,fall,2,82,98,60,17,97,37.6
30014807,3,chest pain,4,82,123,110,21,94,38.2
30014808,3,fever,6,70,118,104,22,95,36.0
30014809,3,fall,5,100,133,52,17,93,36.4
30014810,5,fever,2,99,142,52,17,98,34.5
30014811,3,fall,4,72,147,85,16,94,36.6
30014812,4,shortness of breath,3,103,113,81,14,100,36.3
30014813,5,fever,6,98,136,71,16,98,37.2
30014814,2,anxiety,9,83,101,62,15,97,36.9
30014815,3,fever,3,87,137,98,17,90,36.6
30014816,5,chest pain,6,96,113,90,15,95,36.6
30014817,5,headache,4,80,124,54,23,97,36.2
30014818,3,fever,1,70,119,104,17,96,36.0
30014819,3,chest pain,5,79,83,79,16,93,37.8
30014820,3,fall,2,66,117,79,21,93,37.3
30014821,4,shortness of breath,0,96,143,102,13,97,37.0
30014822,3,anxiety,0,108,140,101,10,98,36.0
30014823,3,shortness of breath,0,70,119,78,14,95,36.0
30014824,2,anxiety,6,110,125,79,24,95,37.7
30014825,2,headache,6,119,161,79,23,100,36.1
30014826,4,knee pain,7,101,178,104,17,93,36.5
30014827,2,back pain,6,98,150,54,16,100,36.4
30014828,2,back pain,7,67,107,90,13,94,36.0
30014829,3,fall,5,84,115,101,8,100,37.4
30014830,3,laceration,3,96,127,95,20,99,37.8
30014831,3,anxiety,6,96,122,46,15,98,37.8
30014832,2,knee pain,9,84,147,98,15,96,37.7
30014833,2,back pain,6,80,135,53,18,95,37.6
30014834,3,back pain,3,83,85,93,19,96,37.3
30014835,2,back pain,7,80,125,85,16,93,37.3
30014836,3,back pain,5,91,138,93,13,99,36.4
30014837,2,back pain,8,65,125,82,21,96,38.0
30014838,5,back pain,3,74,133,55,21,97,36.2
30014839,5,fever,2,125,122,93,17,93,37.3
30014840,3,laceration,4,64,110,108,24,95,37.2
30014841,2,chest pain,7,69,100,83,17,91,37.0
30014842,3,headache,5,97,160,52,18,93,36.9
30014843,4,fever,5,82,99,75,18,95,36.6
30014844,1,chest pain,10,78,126,84,11,96,37.2
30014845,2,abdominal pain,9,62,150,93,20,95,37.5
30014846,2,knee pain,8,99,120,58,19,96,37.6
30014847,3,shortness of breath,4,59,120,68,21,93,38.2
30014848,3,shortness of breath,7,116,104,43,24,92,36.2
30014849,3,laceration,1,113,117,105,18,100,36.4
30014850,3,chest pain,2,83,119,89,21,95,35.1
30014851,3,laceration,4,80,132,93,16,100,37.1
30014852,2,fever,10,86,122,110,16,100,36.7
30014853,3,anxiety,2,42,114,92,21,97,36.7
30014854,2,fall,9,110,159,82,24,97,37.2
30014855,4,chest pain,3,76,138,96,24,92,37.1
30014856,5,fever,3,80,136,96,18,95,37.1
30014857,3,fall,4,104,109,75,20,97,38.4
30014858,3,abdominal pain,1,76,133,100,24,100,37.2
30014859,3,shortness of breath,4,52,125,83,20,100,37.1
30014860,3,abdominal pain,0,80,103,73,17,95,37.2
30014861,3,fever,4,86,137,56,19,100,36.7
30014862,3,back pain,4,63,129,76,17,97,35.3
30014863,3,laceration,4,85,102,90,19,97,35.7
30014864,3,abdominal pain,3,91,118,69,20,94,36.5
30014865,3,fever,5,72,156,108,18,97,37.9
30014866,3,chest pain,6,89,103,101,20,93,37.9
30014867,3,abdominal pain,6,106,100,92,14,98,38.2
30014868,2,fall,7,91,132,86,21,97,35.9
30014869,3,knee pain,7,54,150,102,23,97,37.7
30014870,3,back pain,0,87,117,68,20,99,37.1
30014871,2,anxiety,9,91,136,61,16,100,37.1
30014872,3,knee pain,4,97,134,103,21,92,38.1
30014873,3,anxiety,0,79,123,66,20,97,35.6
30014874,4,laceration,3,99,111,102,19,100,37.6
30014875,3,fever,2,71,139,71,20,96,37.6
30014876,3,anxiety,6,100,138,104,18,99,37.9
30014877,4,back pain,4,75,124,112,14,98,36.5
30014878,3,headache,3,90,116,68,28,95,36.4
30014879,3,chest pain,0,85,106,82,17,97,36.5
30014880,3,fall,2,104,131,38,17,98,37.8
30014881,3,laceration,4,68,161,85,22,92,35.9
30014882,4,chest pain,2,83,117,74,15,100,37.9
30014883,3,chest pain,7,45,118,61,27,94,36.6
30014884,2,fall,9,87,141,112,12,100,36.8
30014885,4,fall,6,94,114,71,17,93,37.8
30014886,4,back pain,3,75,83,89,16,100,38.4
30014887,4,fall,3,114,123,103,16,97,37.9
30014888,3,anxiety,2,98,122,72,17,97,37.2
30014889,3,anxiety,5,103,140,65,19,92,35.8
30014890,5,anxiety,1,91,127,80,18,93,36.4
30014891,3,shortness of breath,3,76,163,60,18,92,36.1
30014892,3,shortness of breath,1,110,125,92,22,94,37.8
30014893,2,knee pain,7,86,90,100,21,95,36.0
30014894,3,abdominal pain,6,86,141,88,17,94,37.4
30014895,2,knee pain,8,66,132,73,13,91,36.4
30014896,2,back pain,7,77,107,85,22,97,37.7
30014897,1,laceration,9,84,107,76,23,98,36.0
30014898,3,chest pain,4,59,130,77,13,98,37.4
30014899,2,headache,9,82,118,85,21,99,37.6
30014900,3,abdominal pain,4,79,146,87,18,98,36.7
30014901,2,shortness of breath,6,103,145,88,18,96,35.3
30014902,3,laceration,1,62,146,109,21,97,37.7
30014903,4,chest pain,3,100,104,46,20,99,38.7
30014904,3,back pain,2,71,116,86,26,100,37.7
30014905,3,chest pain,5,82,100,95,22,96,37.7
30014906,3,shortness of breath,7,69,127,86,23,96,36.8
30014907,3,laceration,7,79,134,78,18,99,37.9
30014908,5,laceration,5,62,127,76,10,98,37.2
30014909,2,abdominal pain,8,99,115,68,7,100,38.1
30014910,2,fall,8,79,95,97,13,96,37.8
30014911,2,anxiety,9,90,122,80,20,99,36.7
30014912,4,abdominal pain,6,78,105,71,20,94,37.7
30014913,4,anxiety,5,48,128,67,14,98,39.1
30014914,4,chest pain,5,59,114,82,26,92,37.2
30014915,3,anxiety,4,63,127,83,21,94,37.4
30014916,3,shortness of breath,6,100,132,91,18,94,36.8
30014917,2,chest pain,8,98,129,83,17,93,35.1
30014918,2,shortness of breath,6,85,131,106,11,94,36.4
30014919,3,fever,4,79,163,68,10,95,36.9
30014920,3,abdominal pain,0,96,146,69,14,93,36.5
30014921,2,chest pain,10,107,116,76,17,95,37.1
30014922,3,fever,1,90,102,61,17,89,37.9
30014923,4,chest pain,0,87,137,74,24,96,37.1
30014924,3,laceration,4,86,120,79,23,96,36.9
30014925,2,laceration,9,98,151,79,14,97,39.0
30014926,4,fever,4,64,127,82,18,92,38.1
30014927,2,fall,8,80,134,77,18,100,36.5
30014928,2,fall,9,91,107,76,23,96,36.7
30014929,3,knee pain,7,95,131,69,14,98,37.2
30014930,3,fever,7,95,116,78,20,100,37.0
30014931,3,knee pain,3,77,129,74,15,94,37.9
30014932,3,fever,6,61,128,99,16,97,36.1
30014933,4,headache,4,71,134,92,20,98,36.9
30014934,2,chest pain,6,94,133,72,14,96,37.6
30014935,3,headache,4,104,127,84,18,94,37.2
30014936,4,knee pain,4,98,95,69,21,98,36.2
30014937,4,headache,3,107,127,87,16,96,36.8
30014938,3,chest pain,7,84,141,84,20,100,37.6
30014939,3,knee pain,6,64,146,69,17,100,37.0
30014940,4,knee pain,1,71,138,93,15,100,35.6
30014941,1,headache,8,76,141,96,19,96,36.8
30014942,2,headache,7,83,128,84,14,94,37.0
30014943,3,headache,0,72,117,82,21,98,37.8
30014944,2,fall,9,74,135,74,20,100,36.4
30014945,2,headache,6,93,135,89,20,99,36.4
30014946,1,shortness of breath,10,83,136,73,16,98,36.9
30014947,2,chest pain,7,94,142,71,19,100,36.4
30014948,3,back pain,5,85,103,88,15,100,36.2
30014949,4,anxiety,3,88,137,92,24,93,37.7
30014950,3,laceration,6,76,129,102,14,98,35.9
30014951,3,fever,7,74,122,75,20,95,37.8
30014952,4,abdominal pain,6,94,92,85,15,100,36.6
30014953,3,fever,6,90,119,94,20,93,36.1
30014954,3,laceration,5,74,131,68,22,96,36.7
30014955,4,laceration,6,78,123,74,18,97,38.3
30014956,3,fever,1,104,123,69,14,97,37.7
30014957,4,fall,6,109,101,88,17,96,35.3
30014958,2,shortness of breath,6,53,127,58,16,96,36.4
30014959,2,chest pain,6,91,150,84,22,94,36.6
30014960,1,shortness of breath,10,98,128,113,15,100,37.8
30014961,2,chest pain,6,74,139,79,16,98,36.6
30014962,4,laceration,7,84,106,115,19,100,36.6
30014963,3,fever,1,71,130,83,13,100,36.2
30014964,3,shortness of breath,2,111,93,94,12,100,36.6
30014965,2,knee pain,7,77,157,81,19,99,36.5
30014966,2,knee pain,10,91,126,60,18,96,35.6
30014967,3,laceration,3,88,115,56,23,95,35.1
30014968,3,back pain,4,79,127,98,15,91,36.9
30014969,1,anxiety,10,83,113,73,19,95,36.2
30014970,3,knee pain,4,66,125,67,20,94,37.7
30014971,3,fever,7,89,181,86,15,99,37.6
30014972,3,back pain,1,85,98,83,25,91,37.1
30014973,4,fall,2,83,121,90,14,99,37.5
30014974,5,shortness of breath,6,90,144,125,23,95,36.1
30014975,3,fall,0,81,163,82,26,97,38.1
30014976,3,chest pain,3,69,108,100,19,97,37.0
30014977,2,fall,6,87,142,74,27,95,37.5
30014978,3,anxiety,0,87,116,78,15,95,37.9
30014979,4,laceration,0,51,127,73,20,99,37.2
30014980,5,chest pain,7,78,91,65,19,99,37.0
30014981,3,knee pain,4,57,115,96,17,96,36.7
30014982,3,fall,4,91,131,96,19,96,36.9
30014983,3,back pain,7,88,125,76,20,100,37.5
30014984,3,headache,2,79,139,73,13,90,36.3
30014985,2,shortness of breath,6,62,121,84,13,99,35.2
30014986,4,chest pain,3,102,149,70,20,99,36.1
30014987,3,chest pain,1,81,133,94,16,97,37.7
30014988,4,headache,5,84,136,39,17,94,36.1
30014989,3,chest pain,0,109,144,89,18,95,38.1
30014990,3,headache,3,84,129,85,20,95,36.7
30014991,3,anxiety,1,62,125,77,22,96,37.9
30014992,4,shortness of breath,1,96,138,88,11,100,36.2
30014993,4,laceration,3,81,137,68,22,100,38.4
30014994,4,chest pain,2,98,118,98,18,100,35.9
30014995,3,shortness of breath,5,80,91,94,21,95,38.1
30014996,3,chest pain,1,82,99,63,23,99,37.1
30014997,5,laceration,6,78,152,85,12,100,35.5
30014998,3,fall,1,87,133,78,19,100,37.2
30014999,3,knee pain,4,80,136,108,15,98,35.1
30015000,2,laceration,7,102,131,78,24,94,37.6
30015001,3,abdominal pain,6,74,122,61,20,95,36.5
30015002,4,abdominal pain,5,110,124,85,16,96,35.8
30015003,2,anxiety,10,77,95,57,14,96,36.9
30015004,1,chest pain,10,69,97,82,19,100,37.0
30015005,4,abdominal pain,4,67,116,78,23,100,36.5
30015006,3,shortness of breath,2,85,105,59,20,96,35.7
30015007,4,laceration,1,87,137,78,25,97,35.2
30015008,5,anxiety,4,89,136,67,16,95,36.8
30015009,3,headache,0,63,126,81,20,99,36.4
30015010,2,chest pain,6,82,138,50,15,92,36.4
30015011,3,knee pain,2,89,94,111,22,95,38.4
30015012,3,abdominal pain,1,91,127,78,21,98,36.6
30015013,3,knee pain,4,95,175,76,14,92,35.6
30015014,3,knee pain,4,88,108,72,27,100,35.9
30015015,3,headache,0,88,130,67,26,96,35.9
30015016,4,chest pain,6,88,101,63,20,93,36.4
30015017,3,back pain,7,73,104,78,14,96,36.9
30015018,3,fever,0,92,141,115,12,98,35.4
30015019,5,laceration,0,74,116,69,20,95,36.2
30015020,3,shortness of breath,0,96,129,96,20,97,37.4
30015021,3,fall,2,103,127,52,12,95,36.9
30015022,2,knee pain,9,118,111,67,19,97,36.2
30015023,2,shortness of breath,8,89,148,90,18,96,35.3
30015024,3,shortness of breath,7,99,139,65,19,100,36.3
30015025,3,chest pain,3,80,132,72,14,96,37.7
30015026,1,shortness of breath,9,94,129,96,13,97,36.5
30015027,3,chest pain,5,80,151,56,18,93,37.9
30015028,4,headache,5,101,140,89,22,97,37.2
30015029,3,back pain,6,83,101,82,14,97,36.6
30015030,3,anxiety,3,92,106,72,19,98,37.8
30015031,5,shortness of breath,4,92,111,78,14,100,36.8
30015032,3,headache,0,112,148,64,20,93,37.3
30015033,3,chest pain,0,93,105,61,23,94,36.9
30015034,3,back pain,0,70,155,84,11,97,36.9
30015035,2,back pain,10,54,161,90,21,100,37.1
30015036,3,back pain,0,87,147,107,21,92,37.3
30015037,2,knee pain,10,84,148,83,14,94,37.5
30015038,3,knee pain,5,84,149,73,15,100,36.3
30015039,3,chest pain,4,81,129,57,17,97,36.4
30015040,4,chest pain,6,64,123,99,20,94,38.3
30015041,3,fever,6,77,131,90,20,95,37.3
30015042,3,laceration,3,89,108,59,17,100,37.6
30015043,3,chest pain,0,78,120,60,17,97,37.0
30015044,3,anxiety,6,80,131,55,24,97,37.6
30015045,2,shortness of breath,6,66,160,85,20,99,37.3
30015046,3,fever,1,97,109,76,19,100,35.9
30015047,3,chest pain,3,53,116,69,24,93,36.5
30015048,1,fall,6,70,84,93,27,97,36.5
30015049,3,shortness of breath,6,68,109,95,13,98,36.9
30015050,3,laceration,5,89,105,88,20,100,36.8
30015051,2,laceration,6,87,97,78,18,94,36.5
30015052,3,fever,6,65,114,93,19,91,38.1
30015053,3,chest pain,2,88,121,82,9,100,35.8
30015054,3,shortness of breath,1,88,134,72,14,98,37.1
30015055,3,knee pain,6,75,122,97,10,100,37.0
30015056,3,headache,5,99,94,87,13,95,39.2
30015057,4,fever,2,107,154,79,19,95,35.9
30015058,3,laceration,6,112,146,87,17,91,36.7
30015059,2,knee pain,10,76,126,81,16,97,36.7
30015060,3,headache,2,72,108,97,21,98,37.4
30015061,3,knee pain,2,69,119,65,14,96,37.3
30015062,3,abdominal pain,1,97,142,81,15,94,37.8
30015063,3,knee pain,0,55,132,75,9,95,37.4
30015064,4,fall,0,99,101,86,18,97,37.6
30015065,3,shortness of breath,3,86,90,94,12,93,36.4
30015066,3,knee pain,1,93,113,64,15,97,36.4
30015067,2,shortness of breath,6,75,129,81,23,99,37.1
30015068,3,laceration,4,71,142,83,28,91,37.9
30015069,2,fall,6,69,125,77,17,98,36.2
30015070,3,fall,7,87,162,62,26,97,37.0
30015071,4,laceration,2,108,144,73,15,100,37.3
30015072,4,back pain,4,55,135,47,15,98,36.9
30015073,2,anxiety,7,54,166,64,20,91,36.6
30015074,3,back pain,7,60,143,95,11,99,35.9
30015075,3,anxiety,3,87,139,61,11,100,37.6
30015076,2,knee pain,10,85,124,84,28,93,36.1
30015077,4,fall,4,97,153,80,19,92,36.8
30015078,2,fever,6,87,128,93,18,96,36.6
30015079,3,laceration,7,73,129,63,13,97,37.5
30015080,3,abdominal pain,7,83,136,81,13,98,36.4
30015081,4,shortness of breath,5,53,78,91,17,98,36.5
30015082,3,back pain,0,78,107,77,17,100,37.5
30015083,2,back pain,9,72,122,89,13,97,37.8
30015084,2,shortness of breath,10,104,127,81,14,90,37.7
30015085,4,headache,7,61,118,69,20,96,37.4
30015086,4,fever,3,90,118,84,22,97,37.0
30015087,3,headache,5,85,109,70,15,97,37.0
30015088,1,laceration,9,77,104,104,17,95,36.7
30015089,3,fall,7,99,108,79,14,95,36.7
30015090,3,knee pain,4,110,138,68,16,100,37.4
30015091,3,back pain,2,88,115,95,22,97,38.7
30015092,3,fever,0,75,107,60,28,92,37.2
30015093,3,fall,3,102,125,81,21,100,37.0
30015094,3,fever,7,83,111,52,14,99,38.1
30015095,4,knee pain,5,109,131,88,22,94,36.6
30015096,4,laceration,0,93,127,86,16,100,37.4
30015097,4,fever,6,75,110,95,17,100,37.2
30015098,3,back pain,2,69,119,63,20,92,37.0
30015099,2,shortness of breath,8,112,124,106,22,97,37.3
30015100,3,back pain,1,75,94,84,25,95,38.6
30015101,1,fever,10,70,158,56,21,96,36.4
30015102,3,fever,6,26,103,76,24,94,35.0
30015103,3,back pain,4,87,119,100,23,96,36.8
30015104,3,knee pain,6,69,142,49,18,95,35.4
30015105,3,knee pain,4,68,108,74,18,93,37.5
30015106,3,fall,3,51,166,84,29,94,37.1
30015107,3,fever,6,91,107,84,16,96,37.0
30015108,4,chest pain,1,94,125,94,13,94,36.7
30015109,2,knee pain,10,112,102,74,14,92,37.0
30015110,3,headache,0,63,146,76,16,94,38.3
30015111,3,chest pain,4,103,114,119,24,98,38.4
30015112,2,anxiety,6,83,138,86,18,100,37.9
30015113,4,fall,5,80,125,49,10,100,35.3
30015114,2,headache,7,84,132,99,17,93,37.2
30015115,4,anxiety,0,104,98,89,19,97,37.2
30015116,3,shortness of breath,6,73,125,64,20,100,36.3
30015117,3,shortness of breath,0,87,122,89,21,100,37.0
30015118,3,chest pain,4,75,115,104,21,99,38.7
30015119,3,fall,3,104,111,82,14,98,35.4
30015120,2,shortness of breath,8,90,148,70,22,93,37.8
30015121,3,shortness of breath,3,71,133,64,20,99,38.4
30015122,1,knee pain,10,71,111,62,18,88,36.9
30015123,3,laceration,0,89,156,93,12,99,36.5
30015124,3,anxiety,7,56,142,66,25,100,36.5
30015125,3,anxiety,1,70,110,42,14,96,36.1
30015126,3,fever,4,83,122,58,21,98,36.5
30015127,4,headache,7,86,122,109,18,100,36.5
30015128,3,abdominal pain,0,60,102,78,19,95,37.4
30015129,3,headache,6,77,116,60,16,95,37.2
30015130,3,back pain,2,105,149,108,20,100,37.1
30015131,1,headache,9,87,121,84,25,97,37.2
30015132,4,shortness of breath,3,115,145,109,15,95,38.2
30015133,2,abdominal pain,7,97,142,75,20,95,37.4
30015134,2,fever,10,84,129,79,19,95,38.1
30015135,4,headache,7,73,111,83,15,99,38.2
30015136,3,knee pain,1,55,152,84,16,96,38.3
30015137,2,shortness of breath,6,90,133,67,14,96,36.0
30015138,5,laceration,5,85,113,85,21,93,37.4
30015139,4,anxiety,7,93,119,80,17,98,36.1
30015140,4,chest pain,1,111,134,45,22,96,38.1
30015141,3,headache,2,80,117,59,13,94,37.0
30015142,4,shortness of breath,5,104,95,100,19,98,36.7
30015143,3,back pain,7,103,111,79,18,96,36.2
30015144,3,shortness of breath,2,78,91,62,16,94,37.8
30015145,3,headache,1,77,134,79,19,97,36.0
30015146,2,abdominal pain,8,72,153,73,14,94,37.2
30015147,3,anxiety,6,99,118,78,21,99,37.0
30015148,3,back pain,7,99,110,93,13,96,37.0
30015149,4,chest pain,0,129,141,77,18,98,37.2
30015150,1,abdominal pain,10,98,90,58,17,99,36.8
30015151,3,chest pain,5,46,130,84,14,97,36.9
30015152,2,shortness of breath,6,70,154,46,29,98,36.6
30015153,3,shortness of breath,0,81,129,89,7,98,37.3
30015154,2,shortness of breath,6,99,96,66,12,95,36.1
30015155,3,abdominal pain,1,63,115,111,19,100,38.1
30015156,3,chest pain,5,78,142,72,17,96,36.4
30015157,3,anxiety,3,94,122,70,16,100,37.6
30015158,3,abdominal pain,2,74,156,51,18,96,36.1
30015159,3,laceration,2,98,90,89,22,100,37.2
30015160,2,knee pain,10,85,103,93,22,99,38.6
30015161,2,chest pain,6,100,116,78,20,93,36.3
30015162,2,back pain,8,90,160,74,15,100,37.5
30015163,3,knee pain,0,106,124,86,16,93,37.1
30015164,4,shortness of breath,7,86,124,79,12,100,37.2
30015165,3,shortness of breath,3,65,129,92,17,97,36.8
30015166,2,chest pain,9,91,126,91,12,97,36.5
30015167,3,abdominal pain,5,92,110,105,21,100,36.2
30015168,3,laceration,1,107,109,73,17,100,36.4
30015169,3,back pain,4,78,121,86,14,96,37.1
30015170,3,knee pain,6,92,101,77,9,95,38.4
30015171,2,shortness of breath,9,66,125,84,12,99,36.6
30015172,3,laceration,3,67,116,111,17,96,36.7
30015173,2,knee pain,8,64,104,87,21,94,36.6
30015174,3,chest pain,4,66,121,101,20,93,36.9
30015175,3,fall,5,83,167,65,20,100,36.8
30015176,2,shortness of breath,10,110,105,86,24,99,37.4
30015177,3,knee pain,2,94,110,74,19,94,36.1
30015178,4,fever,4,87,106,89,18,100,36.9
30015179,4,back pain,1,75,113,66,20,95,35.2
30015180,3,fever,4,86,95,76,20,99,38.0
30015181,2,chest pain,8,87,136,85,14,94,35.8
30015182,1,anxiety,7,72,139,75,12,98,38.6
30015183,3,shortness of breath,0,93,146,64,15,100,38.4
30015184,3,chest pain,7,78,126,66,24,96,36.8
30015185,2,back pain,9,86,114,81,16,96,36.6
30015186,3,fever,2,97,117,78,16,98,37.6
30015187,4,back pain,7,108,103,98,19,100,35.6
30015188,2,chest pain,10,87,122,97,16,98,35.9
30015189,4,anxiety,0,110,144,101,16,96,38.7
30015190,2,chest pain,10,107,115,52,21,94,35.6
30015191,2,chest pain,6,90,80,56,18,96,36.8
30015192,4,fever,5,83,59,94,20,99,36.4
30015193,3,knee pain,3,82,137,106,22,96,38.1
30015194,3,back pain,1,84,154,78,18,100,37.4
30015195,2,chest pain,9,89,149,60,20,95,37.4
30015196,2,headache,8,77,133,71,25,98,36.8
30015197,2,back pain,8,76,108,81,18,95,36.7
30015198,2,knee pain,7,104,141,76,16,94,35.9
30015199,2,fall,10,117,94,101,16,97,35.8
30015200,3,abdominal pain,6,87,153,94,10,90,36.8
30015201,4,laceration,7,86,110,89,9,97,37.0
30015202,4,abdominal pain,0,106,113,97,19,98,36.3
30015203,5,knee pain,0,87,139,84,9,93,36.0
30015204,3,abdominal pain,6,95,108,86,13,100,36.3
30015205,3,knee pain,7,69,96,107,18,96,38.7
30015206,2,fall,6,72,122,100,14,93,39.3
30015207,3,shortness of breath,2,89,142,79,23,99,37.4
30015208,4,laceration,0,63,126,80,13,94,36.7
30015209,5,chest pain,2,92,143,91,18,94,36.9
30015210,2,chest pain,7,84,103,79,19,98,37.5
30015211,3,shortness of breath,3,79,135,114,17,99,37.5
30015212,2,fall,8,123,134,91,22,99,36.2
30015213,4,shortness of breath,1,68,154,96,17,97,36.9
30015214,2,fall,7,79,148,67,18,95,36.0
30015215,2,shortness of breath,7,93,113,107,14,100,37.0
30015216,3,shortness of breath,5,90,122,67,18,98,37.1
30015217,3,headache,2,81,158,72,22,92,37.3
30015218,4,abdominal pain,3,77,113,78,17,94,36.9
30015219,4,headache,7,71,138,72,15,94,37.2
30015220,4,anxiety,2,71,102,63,21,99,38.9
30015221,4,laceration,6,97,103,50,23,97,38.8
30015222,4,chest pain,5,100,116,103,21,95,35.7
30015223,2,fever,6,65,149,65,24,95,37.0
30015224,3,abdominal pain,2,86,99,70,23,95,36.9
30015225,4,headache,7,91,111,68,22,100,37.0
30015226,3,abdominal pain,6,90,120,91,20,97,35.6
30015227,3,anxiety,6,61,129,87,19,93,37.2
30015228,2,headache,9,86,107,88,24,94,36.8
30015229,4,chest pain,5,70,158,98,18,100,36.1
30015230,3,abdominal pain,1,100,92,89,16,94,36.6
30015231,3,fall,5,70,144,97,20,92,36.1
30015232,3,knee pain,7,70,116,73,19,99,37.4
30015233,3,shortness of breath,6,81,122,95,24,95,37.0
30015234,3,fever,0,97,114,77,20,100,35.5
30015235,2,shortness of breath,9,93,137,75,17,98,37.5
30015236,2,laceration,9,99,102,78,22,98,36.7
30015237,5,laceration,0,103,103,99,12,93,37.3
30015238,3,anxiety,4,94,149,41,14,95,36.2
30015239,2,headache,9,81,157,83,20,91,36.7
30015240,2,shortness of breath,6,99,115,60,20,98,36.5
30015241,4,fall,2,93,113,112,15,97,36.8
30015242,3,headache,1,96,101,41,16,98,35.9
30015243,3,back pain,6,84,90,85,27,99,36.2
30015244,3,laceration,5,63,126,80,9,89,36.0
30015245,4,knee pain,2,64,85,52,13,96,36.6
30015246,3,fall,5,82,116,99,17,91,37.5
30015247,3,headache,7,105,121,52,18,99,36.2
30015248,5,chest pain,0,102,140,78,12,92,36.7
30015249,4,knee pain,0,91,123,76,16,98,36.5
30015250,4,abdominal pain,6,84,112,82,23,95,36.5
30015251,5,knee pain,6,60,156,71,20,98,36.7
30015252,4,chest pain,6,94,83,75,17,97,37.3
30015253,3,back pain,7,73,109,64,23,99,36.7
30015254,4,headache,3,57,138,79,19,98,36.7
30015255,3,anxiety,3,71,112,97,24,100,36.1
30015256,2,knee pain,6,70,114,118,13,98,37.2
30015257,1,abdominal pain,7,67,135,81,19,98,39.2
30015258,3,fever,7,87,138,73,6,90,36.7
30015259,4,chest pain,7,83,119,61,15,100,37.1
30015260,3,anxiety,2,84,132,84,22,94,36.5
30015261,3,shortness of breath,5,105,109,107,21,95,36.4
30015262,2,anxiety,8,69,140,66,17,94,36.2
30015263,3,fever,0,76,128,78,17,98,37.8
30015264,4,abdominal pain,7,112,116,100,16,95,36.8
30015265,2,fall,7,69,110,69,18,100,37.3
30015266,4,fall,5,90,132,92,20,100,37.4
30015267,3,fall,6,97,166,80,12,91,36.8
30015268,3,chest pain,1,89,131,82,16,95,37.4
30015269,3,abdominal pain,3,48,146,57,28,99,37.4
30015270,4,abdominal pain,6,93,150,90,18,97,36.8
30015271,3,headache,3,88,152,77,22,98,36.8
30015272,4,headache,3,105,75,104,8,95,37.4
30015273,3,chest pain,3,73,125,87,23,93,36.6
30015274,3,knee pain,3,88,108,80,23,92,38.4
30015275,3,chest pain,3,85,155,72,15,98,36.8
30015276,3,anxiety,4,109,80,89,19,96,37.1
30015277,3,fall,2,97,145,57,19,100,36.3
30015278,2,fall,8,94,145,75,18,97,36.7
30015279,3,laceration,6,89,80,78,27,96,37.5
30015280,3,shortness of breath,3,93,136,92,18,97,36.7
30015281,5,back pain,4,85,127,70,12,100,38.1
30015282,3,back pain,7,86,158,71,14,100,36.1
30015283,3,shortness of breath,5,74,173,84,23,97,36.7
30015284,5,headache,5,75,147,114,27,95,36.7
30015285,3,laceration,6,71,104,84,7,97,37.6
30015286,3,back pain,3,84,120,70,12,99,36.7
30015287,3,laceration,1,100,142,80,14,96,36.9
30015288,5,knee pain,5,62,114,89,17,94,37.4
30015289,4,headache,3,67,120,81,18,97,37.3
30015290,3,laceration,7,61,98,93,22,98,35.7
30015291,3,laceration,6,89,132,83,17,100,36.3
30015292,2,shortness of breath,9,89,136,99,15,100,37.3
30015293,2,knee pain,9,106,86,75,25,97,36.0
30015294,2,headache,9,71,132,82,20,90,36.4
30015295,3,shortness of breath,5,63,124,87,23,96,37.8
30015296,3,abdominal pain,4,71,139,80,19,99,37.4
30015297,2,fever,10,100,108,62,26,99,35.4
30015298,5,abdominal pain,7,103,166,72,13,100,36.7
30015299,3,fall,0,67,116,96,23,96,36.3
30015300,2,chest pain,9,73,88,83,14,98,37.7
30015301,3,headache,0,98,128,80,17,98,39.7
30015302,4,headache,1,97,105,90,13,98,37.5
30015303,2,laceration,7,75,150,73,17,98,35.9
30015304,3,abdominal pain,2,72,90,70,15,100,36.9
30015305,3,anxiety,6,92,122,110,20,100,36.5
30015306,5,fever,0,81,140,71,15,95,38.8
30015307,2,chest pain,7,83,129,91,20,98,36.5
30015308,4,fever,2,72,152,62,22,97,35.9
30015309,3,knee pain,4,67,122,94,14,100,36.9
30015310,4,anxiety,6,90,131,85,13,95,36.8
30015311,2,laceration,9,78,124,79,13,97,36.6
30015312,3,fever,2,93,129,70,20,98,37.3
30015313,3,chest pain,2,71,87,51,21,98,37.7
30015314,3,chest pain,2,92,134,76,22,100,38.0
30015315,3,chest pain,5,102,140,82,21,100,37.4
30015316,3,anxiety,6,84,106,83,19,97,37.8
30015317,3,laceration,7,92,136,76,20,94,38.1
30015318,4,chest pain,1,67,149,117,17,99,35.9
30015319,4,laceration,4,83,140,69,19,98,38.0
30015320,2,back pain,6,86,130,73,19,100,36.5
30015321,3,shortness of breath,7,58,128,87,18,96,37.3
30015322,1,headache,7,71,124,99,19,95,37.4
30015323,1,anxiety,9,93,135,72,20,94,36.2
30015324,3,back pain,1,57,149,96,17,100,37.2
30015325,3,headache,3,87,136,72,12,95,36.8
30015326,3,headache,4,101,106,83,14,98,37.8
30015327,3,anxiety,0,121,124,85,11,96,36.4
30015328,3,laceration,5,104,132,79,28,100,35.8
30015329,3,headache,4,78,149,58,17,94,37.4
30015330,4,chest pain,4,73,116,71,22,100,37.5
30015331,3,anxiety,5,100,121,96,18,100,36.8
30015332,3,abdominal pain,4,75,105,104,15,98,37.4
30015333,3,knee pain,7,84,127,74,15,96,35.6
30015334,5,back pain,0,81,156,72,14,95,37.5
30015335,4,laceration,4,50,105,63,19,98,36.8
30015336,3,shortness of breath,5,111,152,96,13,98,36.6
30015337,4,laceration,0,70,100,87,19,100,37.0
30015338,3,abdominal pain,6,79,123,108,17,99,36.4
30015339,3,laceration,6,76,156,47,19,97,36.3
30015340,2,chest pain,9,100,125,65,21,95,37.1
30015341,1,anxiety,9,58,112,85,10,99,37.2
30015342,3,chest pain,7,77,140,64,21,95,37.7
30015343,3,back pain,1,74,105,64,19,97,36.8
30015344,2,shortness of breath,8,68,170,68,16,100,37.0
30015345,3,headache,1,88,94,94,17,88,37.8
30015346,3,headache,4,74,105,88,21,94,37.4
30015347,3,back pain,3,80,113,85,17,94,36.7
30015348,3,fall,0,71,124,77,15,100,35.5
30015349,3,fever,0,106,118,101,26,100,36.5
30015350,2,headache,6,87,125,94,16,94,36.1
30015351,4,fall,1,104,142,82,13,93,37.2
30015352,3,anxiety,6,93,144,87,15,92,37.1
30015353,3,anxiety,4,83,137,48,17,96,35.8
30015354,4,knee pain,0,81,122,76,13,92,36.8
30015355,3,knee pain,3,74,139,78,18,100,36.5
30015356,2,headache,7,69,137,86,15,95,37.4
30015357,3,knee pain,3,93,124,88,15,96,36.7
30015358,3,chest pain,4,59,152,97,20,96,38.5
30015359,4,knee pain,4,77,134,80,20,97,37.4
30015360,4,laceration,6,98,120,96,17,100,35.2
30015361,3,fever,0,76,121,91,21,99,36.6
30015362,1,knee pain,10,90,128,59,21,89,37.3
30015363,2,headache,9,66,163,83,15,98,37.2
30015364,4,headache,4,85,123,93,17,96,37.3
30015365,4,knee pain,0,78,132,96,16,96,36.9
30015366,3,back pain,0,82,148,77,15,93,36.3
30015367,5,headache,7,82,147,88,10,97,35.8
30015368,3,shortness of breath,3,70,102,54,21,96,36.6
30015369,2,knee pain,7,60,85,84,17,97,35.5
30015370,3,headache,2,85,143,90,13,96,36.3
30015371,5,anxiety,1,81,121,95,21,96,36.4
30015372,4,fall,3,88,131,68,19,96,36.1
30015373,4,anxiety,7,88,111,96,15,100,35.9
30015374,3,chest pain,1,106,114,94,24,96,36.7
30015375,2,fall,6,69,152,84,22,100,37.1
30015376,3,fall,5,99,151,94,14,96,38.0
30015377,3,knee pain,1,113,108,86,14,99,36.3
30015378,3,anxiety,7,88,136,44,21,97,37.1
30015379,4,fall,5,72,120,71,19,97,36.8
30015380,4,back pain,7,94,132,79,16,97,38.6
30015381,4,anxiety,1,95,128,77,26,100,36.9
30015382,5,knee pain,0,75,99,83,18,100,37.1
30015383,3,shortness of breath,4,83,119,86,17,100,36.8
30015384,3,knee pain,5,96,134,109,18,99,35.2
30015385,2,fever,6,67,103,82,15,94,37.5
30015386,3,anxiety,0,109,126,84,22,100,35.6
30015387,2,laceration,7,81,127,58,23,96,36.2
30015388,2,anxiety,8,80,97,97,21,99,38.0
30015389,4,headache,3,89,111,65,28,99,37.2
30015390,3,abdominal pain,1,80,109,72,19,96,37.2
30015391,3,fall,2,95,162,90,13,96,37.5
30015392,4,fall,4,92,162,89,15,95,37.2
30015393,1,knee pain,9,80,142,82,15,94,34.7
30015394,3,abdominal pain,4,61,123,94,20,94,36.7
30015395,5,fall,7,101,148,69,15,99,37.0
30015396,2,shortness of breath,9,90,122,73,16,97,37.4
30015397,4,chest pain,1,80,145,51,19,97,37.0
30015398,3,chest pain,3,66,104,74,25,92,38.0
30015399,1,headache,7,102,111,53,23,90,37.3
30015400,3,abdominal pain,7,74,158,42,18,94,37.6
30015401,4,fall,5,74,135,110,15,95,37.5
30015402,4,anxiety,3,119,147,68,14,97,36.8
30015403,3,abdominal pain,2,66,109,78,20,100,36.0
30015404,4,headache,7,100,130,66,20,100,36.4
30015405,3,abdominal pain,6,84,101,74,21,96,36.5
30015406,3,shortness of breath,5,64,144,56,17,99,37.4
30015407,3,headache,4,102,196,80,14,92,37.2
30015408,3,laceration,4,94,148,94,10,94,36.3
30015409,3,laceration,6,98,96,66,15,98,37.5
30015410,3,knee pain,0,98,89,76,22,96,37.3
30015411,3,fever,6,84,107,92,18,99,37.2
30015412,3,chest pain,5,81,170,87,19,94,38.0
30015413,2,back pain,9,102,94,70,17,96,36.9
30015414,1,knee pain,8,86,138,58,19,100,35.2
30015415,3,chest pain,1,112,135,99,16,100,36.9
30015416,3,fever,3,64,120,83,15,94,38.3
30015417,3,shortness of breath,7,80,160,86,19,99,37.6
30015418,2,headache,7,86,129,85,20,98,37.6
30015419,3,anxiety,3,78,83,53,20,98,36.8
30015420,3,laceration,5,75,143,89,16,93,37.7
30015421,4,shortness of breath,5,97,122,112,27,96,34.9
30015422,2,abdominal pain,8,84,124,70,17,94,36.5
30015423,3,anxiety,1,96,122,99,22,90,36.7
30015424,3,fever,0,71,97,100,23,100,37.0
30015425,4,laceration,3,109,167,107,19,97,36.5
30015426,4,abdominal pain,2,88,120,92,17,90,36.0
30015427,3,knee pain,4,100,119,67,20,97,37.3
30015428,1,laceration,7,94,91,75,21,95,39.1
30015429,3,anxiety,2,88,107,74,14,92,37.5
30015430,1,abdominal pain,10,90,125,122,20,97,36.8
30015431,4,knee pain,5,118,91,96,15,98,36.4
30015432,2,fever,9,82,123,71,18,98,36.8
30015433,4,abdominal pain,6,108,126,64,22,99,37.5
30015434,2,anxiety,9,87,128,73,17,98,36.5
30015435,3,shortness of breath,3,82,151,81,12,92,37.7
30015436,4,knee pain,5,98,132,79,21,97,37.5
30015437,3,knee pain,2,82,89,95,23,99,36.8
30015438,3,chest pain,5,81,122,96,21,99,37.4
30015439,3,anxiety,7,90,116,76,18,97,36.3
30015440,3,shortness of breath,3,87,113,66,22,95,37.7
30015441,3,chest pain,5,88,107,40,13,100,36.6
30015442,4,laceration,1,87,122,87,14,93,37.9
30015443,2,knee pain,9,100,97,74,16,98,37.1
30015444,3,back pain,3,85,133,81,21,100,37.6
30015445,2,laceration,7,85,136,84,18,96,37.1
30015446,3,shortness of breath,0,95,128,84,17,98,37.3
30015447,2,shortness of breath,7,78,110,55,17,97,38.1
30015448,3,laceration,7,76,166,93,21,99,38.3
30015449,3,anxiety,5,85,141,92,20,95,37.3
30015450,2,shortness of breath,6,83,132,83,20,100,37.4
30015451,5,headache,2,60,109,72,16,95,37.3
30015452,4,headache,4,91,169,98,16,98,36.3
30015453,4,shortness of breath,5,76,130,103,16,98,36.7
30015454,3,laceration,1,89,115,70,18,99,38.4
30015455,5,fever,3,78,85,87,19,98,37.8
30015456,3,knee pain,5,98,162,98,17,97,36.9
30015457,3,abdominal pain,0,73,118,93,17,97,35.6
30015458,3,back pain,4,77,137,73,11,96,35.7
30015459,2,fall,10,83,88,96,22,98,37.2
30015460,3,chest pain,7,66,110,90,16,96,37.2
30015461,3,fall,1,62,117,49,18,100,36.7
30015462,3,chest pain,0,61,138,80,17,94,37.1
30015463,2,anxiety,6,79,111,84,21,91,37.5
30015464,3,laceration,7,89,111,87,16,93,37.1
30015465,3,chest pain,2,95,133,64,19,100,36.2
30015466,3,chest pain,0,65,133,82,18,100,36.5
30015467,2,shortness of breath,10,86,152,111,17,96,37.1
30015468,4,fever,1,90,130,96,14,95,37.3
30015469,3,shortness of breath,1,81,124,92,13,97,37.6
30015470,3,knee pain,6,94,123,75,21,100,38.4
30015471,3,knee pain,1,85,125,59,23,94,38.1
30015472,2,knee pain,10,68,106,76,21,98,37.4
30015473,4,fever,4,85,127,75,22,91,36.6
30015474,4,fever,5,83,107,73,18,93,37.7
30015475,2,fever,7,100,155,82,18,95,34.9
30015476,2,anxiety,9,96,123,76,12,96,35.6
30015477,3,laceration,2,100,77,105,18,96,36.6
30015478,3,back pain,4,89,134,95,19,97,38.4
30015479,4,chest pain,6,68,112,90,25,100,36.6
30015480,3,back pain,3,55,139,90,15,93,37.0
30015481,3,knee pain,7,94,101,83,13,100,38.6
30015482,3,knee pain,2,97,103,90,23,99,37.0
30015483,3,abdominal pain,4,111,154,67,16,94,36.9
30015484,1,fever,10,95,111,69,15,99,37.5
30015485,3,headache,0,86,139,94,18,95,35.9
30015486,3,chest pain,1,76,129,85,24,95,37.1
30015487,3,abdominal pain,6,74,104,80,16,93,37.6
30015488,1,fall,7,80,116,84,18,97,37.1
30015489,3,headache,3,99,120,66,14,98,37.7
30015490,4,fever,5,90,163,74,20,97,37.0
30015491,2,laceration,9,87,134,70,18,98,36.3
30015492,2,shortness of breath,7,95,138,76,12,97,36.9
30015493,5,chest pain,5,69,108,79,26,92,37.9
30015494,3,back pain,4,98,105,92,11,100,38.7
30015495,3,back pain,6,92,131,69,13,95,36.8
30015496,3,anxiety,1,100,144,75,17,100,37.1
30015497,3,fever,7,83,167,89,21,95,36.0
30015498,2,anxiety,7,94,153,72,20,93,37.8
30015499,2,abdominal pain,7,92,147,69,21,99,37.4
30015500,3,laceration,5,72,137,82,18,100,38.2
30015501,3,shortness of breath,7,80,131,69,20,93,35.8
30015502,5,headache,5,61,157,81,18,93,38.9
30015503,3,shortness of breath,2,90,179,96,11,95,35.6
30015504,2,abdominal pain,7,106,148,67,16,98,37.1
30015505,3,knee pain,2,104,155,109,24,94,37.1
30015506,4,abdominal pain,3,75,153,52,24,100,37.1
30015507,3,laceration,7,88,110,87,22,99,37.6
30015508,3,abdominal pain,0,77,123,64,22,100,37.2
30015509,2,anxiety,10,86,111,61,14,100,35.9
30015510,2,fever,10,83,117,72,19,94,36.1
30015511,3,fall,3,104,106,63,17,98,36.2
30015512,4,fall,5,80,146,78,20,100,37.9
30015513,1,laceration,9,100,126,62,20,96,37.2
30015514,1,fall,8,54,145,92,19,100,36.7
30015515,2,fever,8,65,105,73,18,96,36.8
30015516,3,shortness of breath,1,86,133,84,16,100,36.2
30015517,4,laceration,7,80,128,66,20,93,36.5
30015518,4,headache,7,84,126,63,21,97,36.9
30015519,4,abdominal pain,3,87,160,106,14,94,37.2
30015520,3,fever,6,66,158,75,18,95,37.7
30015521,3,chest pain,3,82,92,64,17,97,37.4
30015522,2,laceration,9,90,124,99,18,96,35.8
30015523,2,fall,8,66,115,78,18,95,36.6
30015524,2,chest pain,6,78,162,81,13,100,37.7
30015525,4,anxiety,7,91,118,68,20,99,36.7
30015526,4,shortness of breath,3,81,131,93,25,92,39.2
30015527,4,knee pain,5,85,89,79,14,98,38.7
30015528,3,abdominal pain,4,81,107,86,18,97,36.8
30015529,5,chest pain,7,89,142,84,26,97,37.7
30015530,5,knee pain,0,101,141,56,22,99,37.1
30015531,3,knee pain,6,85,110,78,16,91,37.8
30015532,4,back pain,5,69,86,87,15,100,36.0
30015533,4,headache,5,79,147,78,20,100,37.4
30015534,4,knee pain,4,108,124,85,13,96,35.9
30015535,4,abdominal pain,2,95,150,126,18,96,38.0
30015536,1,anxiety,6,92,108,65,24,95,36.2
30015537,4,anxiety,0,103,94,64,14,95,36.7
30015538,3,fever,5,107,120,90,17,96,37.2
30015539,3,knee pain,3,81,109,78,19,97,37.1
30015540,3,headache,5,82,145,61,20,96,35.8
30015541,2,knee pain,10,65,140,93,21,100,36.9
30015542,3,anxiety,0,96,115,83,19,99,38.1
30015543,3,anxiety,1,40,119,76,16,100,34.4
30015544,3,back pain,1,70,119,92,20,97,37.2
30015545,4,abdominal pain,1,82,99,79,19,96,37.6
30015546,4,back pain,4,102,152,54,14,96,36.3
30015547,3,knee pain,3,79,115,68,19,94,36.4
30015548,3,shortness of breath,6,78,97,101,18,100,37.2
30015549,1,back pain,6,96,86,110,10,100,35.3
30015550,3,shortness of breath,4,106,128,86,19,100,37.8
30015551,3,laceration,0,79,144,79,17,99,37.7
30015552,2,headache,10,97,133,82,17,100,37.2
30015553,2,fall,6,96,121,91,17,100,39.2
30015554,2,shortness of breath,10,71,115,75,25,96,36.9
30015555,4,fever,3,63,69,70,22,97,38.9
30015556,3,laceration,0,80,130,97,15,92,37.6
30015557,2,back pain,8,68,104,83,14,97,37.6
30015558,3,back pain,0,76,87,105,14,94,36.7
30015559,4,chest pain,0,104,118,73,16,97,35.5
30015560,2,abdominal pain,10,91,156,91,9,99,37.6
30015561,3,back pain,5,99,122,61,16,93,36.7
30015562,4,chest pain,0,86,117,91,19,95,36.0
30015563,3,back pain,6,90,120,74,18,91,36.9
30015564,2,laceration,8,82,143,79,22,97,36.4
30015565,3,fever,7,99,155,89,19,97,36.8
30015566,3,abdominal pain,0,92,112,75,11,100,36.1
30015567,1,anxiety,9,97,122,79,17,95,36.7
30015568,1,back pain,8,81,149,92,17,98,37.8
30015569,2,shortness of breath,8,70,129,88,18,95,37.1
30015570,5,headache,0,92,90,77,21,93,37.5
30015571,4,abdominal pain,5,82,137,80,15,96,37.9
30015572,3,knee pain,6,91,153,67,18,94,38.1
30015573,3,chest pain,6,93,131,73,12,100,38.3
30015574,5,shortness of breath,6,68,85,54,18,97,38.1
30015575,3,abdominal pain,0,65,94,78,19,97,35.6
30015576,3,laceration,3,99,132,77,16,94,36.5
30015577,3,knee pain,1,89,138,76,19,100,36.3
30015578,3,fall,1,80,116,70,20,94,37.6
30015579,5,shortness of breath,2,106,139,83,20,95,36.8
30015580,4,headache,7,59,146,97,16,98,35.5
30015581,2,chest pain,9,85,129,109,17,100,37.0
30015582,3,shortness of breath,7,83,143,54,17,97,36.1
30015583,3,knee pain,1,115,131,89,13,97,36.6
30015584,4,fever,4,95,149,70,19,96,36.5
30015585,3,fall,1,76,134,69,24,100,37.5
30015586,3,laceration,3,67,140,93,19,89,37.2
30015587,3,back pain,5,97,142,76,16,98,37.3
30015588,5,fever,3,86,83,90,23,98,37.1
30015589,4,knee pain,0,80,132,86,20,96,37.1
30015590,3,shortness of breath,3,78,118,103,15,97,37.0
30015591,4,abdominal pain,1,91,117,79,21,98,37.3
30015592,3,headache,6,92,133,92,15,98,37.2
30015593,2,abdominal pain,9,82,89,105,17,96,35.6
30015594,2,fall,6,70,137,73,17,99,37.6
30015595,4,fall,1,94,142,79,19,99,38.0
30015596,3,shortness of breath,7,96,86,76,17,94,37.5
30015597,3,back pain,3,104,115,84,18,94,36.3
30015598,2,knee pain,7,86,89,83,20,97,36.8
30015599,4,fever,7,98,133,74,23,99,36.3
30015600,4,anxiety,0,85,112,64,21,97,36.3
30015601,3,fever,2,86,115,74,13,98,36.9
30015602,5,shortness of breath,4,80,166,83,26,98,36.4
30015603,3,anxiety,1,80,156,77,19,96,37.1
30015604,5,anxiety,4,81,125,58,16,100,38.6
30015605,3,abdominal pain,7,68,104,66,19,99,37.9
30015606,3,fall,7,69,96,61,32,100,36.3
30015607,4,knee pain,1,96,123,96,14,100,36.3
30015608,2,headache,6,106,126,75,21,100,35.7
30015609,3,fall,3,63,103,74,21,96,36.9
30015610,3,anxiety,6,105,124,65,19,95,37.5
30015611,3,abdominal pain,1,114,127,82,19,99,38.9
30015612,2,laceration,8,69,149,76,20,98,37.0
30015613,3,back pain,2,83,150,91,19,100,37.4
30015614,4,abdominal pain,7,74,163,60,17,94,38.1
30015615,4,abdominal pain,0,65,114,73,17,96,36.5
30015616,3,anxiety,3,81,159,95,19,100,37.3
30015617,3,back pain,5,93,110,88,16,96,37.3
30015618,3,headache,3,79,136,66,16,100,36.5
30015619,2,back pain,9,101,85,65,23,98,38.1
30015620,3,knee pain,3,111,84,85,12,100,35.6
30015621,2,headache,6,63,104,72,16,99,37.9
30015622,4,chest pain,1,87,114,96,21,93,37.6
30015623,3,knee pain,4,71,93,90,20,100,37.7
30015624,3,abdominal pain,7,91,134,59,24,99,36.7
30015625,3,fever,1,101,137,71,23,97,36.6
30015626,3,fever,6,93,68,99,11,97,36.1
30015627,5,fall,6,82,124,72,16,100,37.4
30015628,3,shortness of breath,2,85,78,68,15,97,36.3
30015629,3,back pain,3,96,137,94,17,98,38.4
30015630,3,shortness of breath,3,97,140,72,12,94,37.3
30015631,5,fall,3,98,123,124,19,96,35.5
30015632,1,fall,6,67,103,71,20,99,35.5
30015633,2,headache,9,89,134,86,22,94,37.1
30015634,3,headache,3,124,105,61,17,98,36.8
30015635,5,chest pain,3,87,139,81,13,99,37.4
30015636,3,headache,0,68,103,88,21,97,35.9
30015637,3,anxiety,4,84,120,107,16,100,36.3
30015638,3,abdominal pain,4,85,152,89,22,100,38.0
30015639,3,abdominal pain,1,104,109,88,26,97,34.9
30015640,2,back pain,7,67,120,65,19,94,38.7
30015641,3,abdominal pain,1,68,119,76,16,95,37.2
30015642,2,back pain,9,80,147,68,23,98,36.6
30015643,2,shortness of breath,6,87,121,81,20,94,35.6
30015644,4,fever,7,90,122,72,27,95,37.0
30015645,3,chest pain,6,92,159,92,16,96,37.1
30015646,4,headache,5,101,144,77,21,99,35.6
30015647,1,anxiety,6,84,82,72,13,90,39.0
30015648,4,headache,6,84,127,33,14,98,36.3
30015649,3,chest pain,1,79,110,84,24,98,35.8
30015650,2,abdominal pain,10,75,127,78,17,94,38.5
30015651,3,headache,7,99,102,68,15,95,37.0
30015652,2,fever,6,82,125,94,20,99,38.0
30015653,3,shortness of breath,2,87,142,74,24,93,36.9
30015654,1,fever,9,101,132,70,20,100,37.8
30015655,2,knee pain,8,91,150,67,28,96,34.9
30015656,3,back pain,3,77,99,66,12,94,37.0
30015657,3,abdominal pain,3,59,141,70,14,100,37.7
30015658,3,knee pain,3,108,136,108,21,97,36.1
30015659,5,laceration,7,82,100,73,17,99,36.1
30015660,4,anxiety,3,92,171,93,14,94,37.2
30015661,4,fall,2,76,97,94,21,100,36.8
30015662,2,anxiety,8,84,164,101,18,93,37.4
30015663,1,shortness of breath,8,83,150,81,12,100,35.7
30015664,3,fever,3,86,152,68,18,97,37.1
30015665,3,chest pain,1,71,132,76,16,100,37.3
30015666,3,shortness of breath,4,89,102,109,23,99,38.5
30015667,4,headache,1,106,91,93,31,100,37.3
30015668,4,fall,3,79,127,77,23,98,37.9
30015669,4,fall,2,74,99,60,17,97,36.3
30015670,3,laceration,7,60,109,103,19,94,37.4
30015671,2,fever,10,63,122,85,17,98,37.6
30015672,4,laceration,0,50,148,68,20,100,37.0
30015673,5,knee pain,5,77,142,102,20,100,36.6
30015674,3,headache,4,100,110,66,18,96,37.0
30015675,2,headache,10,89,124,63,14,100,38.0
30015676,3,fever,0,72,134,70,19,95,36.8
30015677,3,laceration,7,75,152,54,27,99,35.9
30015678,3,knee pain,1,88,101,77,20,99,37.2
30015679,3,fever,3,96,144,79,16,98,37.2
30015680,3,back pain,3,72,133,86,27,100,37.2
30015681,3,laceration,2,71,142,96,20,95,37.3
30015682,3,anxiety,1,92,99,82,16,99,36.7
30015683,2,shortness of breath,9,71,82,70,15,96,38.0
30015684,4,abdominal pain,1,80,132,68,18,95,37.2
30015685,3,fever,1,81,117,87,19,95,36.6
30015686,3,fever,3,73,140,79,22,97,37.9
30015687,3,back pain,5,118,101,99,19,99,37.6
30015688,3,knee pain,3,71,147,61,13,100,37.0
30015689,3,knee pain,0,72,113,90,19,96,37.1
30015690,2,laceration,7,83,110,97,17,90,37.4
30015691,3,chest pain,4,86,176,89,16,100,36.1
30015692,4,fall,6,73,94,61,23,97,36.3
30015693,3,laceration,5,101,102,80,11,98,37.7
30015694,4,abdominal pain,4,74,99,93,20,100,36.2
30015695,4,shortness of breath,2,80,160,69,18,98,36.6
30015696,3,anxiety,1,67,134,79,14,99,38.6
30015697,3,fall,1,77,108,69,20,98,37.6
30015698,3,abdominal pain,0,125,130,76,17,96,37.9
30015699,1,anxiety,7,92,137,102,20,100,35.9
30015700,3,fall,2,91,163,69,26,100,37.3
30015701,4,abdominal pain,1,52,104,71,14,100,37.3
30015702,3,abdominal pain,4,56,121,87,20,97,36.5
30015703,4,back pain,7,85,133,66,25,98,37.7
30015704,3,anxiety,1,90,135,63,17,95,36.7
30015705,1,chest pain,9,75,145,57,15,100,37.8
30015706,3,shortness of breath,0,78,110,46,18,94,36.5
30015707,3,anxiety,5,70,102,32,20,99,36.8
30015708,4,back pain,7,94,145,79,11,94,37.7
30015709,3,chest pain,3,74,129,57,12,97,36.5
30015710,3,abdominal pain,0,66,120,78,22,95,36.9
30015711,3,back pain,3,74,139,92,15,98,36.5
30015712,3,shortness of breath,7,104,77,90,14,97,36.7
30015713,4,knee pain,2,97,109,81,18,96,35.5
30015714,3,shortness of breath,5,60,131,82,18,98,36.7
30015715,4,knee pain,2,62,116,76,22,99,36.6
30015716,3,shortness of breath,5,77,128,75,18,96,36.8
30015717,3,laceration,6,104,141,77,16,100,37.2
30015718,3,laceration,0,67,135,81,22,95,36.2
30015719,3,abdominal pain,6,64,126,69,16,96,36.6
30015720,3,abdominal pain,5,87,109,69,21,96,38.0
30015721,2,fever,7,89,115,70,16,97,36.1
30015722,3,chest pain,2,78,131,91,18,100,37.5
30015723,3,headache,0,101,107,84,18,100,37.1
30015724,4,shortness of breath,1,111,117,79,14,96,36.2
30015725,3,fever,5,83,104,56,13,98,36.1
30015726,3,anxiety,0,84,119,81,24,98,36.2
30015727,4,abdominal pain,7,80,110,117,28,94,37.1
30015728,5,headache,1,108,112,77,19,95,37.3
30015729,2,fever,8,57,131,77,18,99,36.6
30015730,3,fever,5,90,135,94,24,100,36.7
30015731,3,fall,0,70,159,109,13,98,37.0
30015732,3,knee pain,6,86,170,94,17,94,36.6
30015733,2,headache,10,90,139,72,23,94,36.6
30015734,3,fall,1,89,101,47,16,92,36.6
30015735,3,knee pain,6,97,163,93,22,100,36.6
30015736,3,fever,4,82,97,70,12,97,36.8
30015737,3,knee pain,3,74,129,72,21,98,36.3
30015738,3,fever,0,78,106,78,15,95,36.5
30015739,4,anxiety,5,110,113,62,19,97,36.1
30015740,2,fever,8,88,87,78,25,95,37.9
30015741,3,back pain,0,69,161,91,15,95,37.3
30015742,1,shortness of breath,8,95,117,75,14,97,37.3
30015743,2,chest pain,6,92,81,76,15,99,36.5
30015744,2,abdominal pain,8,95,141,106,23,99,35.9
30015745,4,anxiety,1,88,117,95,28,97,36.5
30015746,5,abdominal pain,0,76,140,80,12,95,36.6
30015747,3,headache,3,95,135,105,18,97,35.8
30015748,3,anxiety,0,56,150,71,14,98,36.9
30015749,1,shortness of breath,10,95,163,106,12,95,36.4
30015750,3,back pain,3,84,108,93,19,96,36.8
30015751,1,fall,7,95,126,83,17,92,35.6
30015752,3,headache,7,88,144,67,18,94,38.2
30015753,2,abdominal pain,8,115,117,72,13,91,36.7
30015754,2,fall,9,97,95,90,20,91,36.9
30015755,5,shortness of breath,4,76,139,74,19,98,37.7
30015756,2,fall,8,98,132,57,22,96,35.5
30015757,2,knee pain,8,72,114,80,28,100,39.2
30015758,3,anxiety,5,98,113,74,20,96,36.3
30015759,4,knee pain,7,95,127,53,18,97,38.4
30015760,4,headache,4,91,126,106,16,98,37.2
30015761,5,fever,7,88,115,85,21,96,36.0
30015762,3,abdominal pain,0,75,102,61,19,95,38.3
30015763,4,abdominal pain,4,108,133,99,17,96,35.9
30015764,5,chest pain,7,93,140,76,20,99,36.9
30015765,3,back pain,7,77,121,37,20,94,36.8
30015766,3,fever,2,76,120,82,16,100,37.7
30015767,3,back pain,1,76,117,75,20,100,35.8
30015768,2,abdominal pain,7,85,110,78,27,95,38.2
30015769,3,chest pain,3,82,181,78,18,98,36.3
30015770,3,anxiety,6,80,114,82,18,100,38.5
30015771,4,abdominal pain,4,98,119,93,16,96,37.4
30015772,2,back pain,9,102,109,105,19,91,38.0
30015773,4,abdominal pain,6,84,109,96,9,90,37.5
30015774,2,knee pain,6,75,119,106,13,94,38.2
30015775,3,shortness of breath,4,68,134,94,20,97,36.7
30015776,3,knee pain,6,76,135,67,13,97,35.7
30015777,1,shortness of breath,8,64,161,59,17,93,37.4
30015778,4,knee pain,4,82,101,56,15,96,38.0
30015779,3,anxiety,1,103,123,90,18,92,37.5
30015780,3,fever,6,80,111,74,18,97,36.4
30015781,3,abdominal pain,5,92,101,82,23,98,38.1
30015782,5,back pain,1,84,164,62,14,100,37.0
30015783,2,laceration,6,67,178,95,14,99,36.6
30015784,3,shortness of breath,7,116,142,84,11,98,36.6
30015785,3,back pain,4,84,133,106,12,99,36.6
30015786,4,laceration,6,44,136,82,24,93,37.0
30015787,4,anxiety,6,107,113,67,14,96,38.4
30015788,2,headache,8,85,137,68,19,100,37.0
30015789,2,laceration,10,83,139,74,11,93,35.5
30015790,2,abdominal pain,7,78,129,88,18,99,37.4
30015791,3,chest pain,2,93,114,92,19,95,37.3
30015792,3,headache,1,99,140,77,11,88,36.6
30015793,4,headache,0,86,113,82,26,95,36.6
30015794,3,fall,4,87,116,65,15,99,37.1
30015795,2,abdominal pain,6,86,112,75,20,96,37.0
30015796,3,back pain,5,90,123,62,19,95,38.1
30015797,3,abdominal pain,6,56,121,89,16,96,36.1
30015798,2,abdominal pain,9,64,112,67,19,96,38.5
30015799,3,knee pain,4,94,131,70,17,97,37.7
30015800,4,headache,7,85,138,77,19,96,37.6
30015801,3,fall,7,80,123,101,16,98,37.2
30015802,4,chest pain,3,68,99,86,26,96,36.5
30015803,2,fever,10,92,115,86,12,99,36.3
30015804,3,chest pain,6,90,133,87,18,96,37.2
30015805,3,headache,4,110,113,72,18,100,38.3
30015806,4,abdominal pain,2,94,139,92,18,95,38.5
30015807,3,shortness of breath,5,84,103,50,24,95,37.2
30015808,2,fever,9,84,119,78,16,96,37.1
30015809,4,knee pain,1,72,144,95,13,95,37.9
30015810,2,back pain,10,81,135,85,15,98,35.7
30015811,4,knee pain,5,83,153,96,20,95,36.3
30015812,3,shortness of breath,0,112,102,62,25,100,35.8
30015813,3,fever,2,102,118,73,14,95,37.5
30015814,3,laceration,1,97,120,68,13,100,36.8
30015815,3,anxiety,0,50,110,84,19,97,36.5
30015816,3,knee pain,7,80,139,82,17,98,37.3
30015817,3,anxiety,4,106,105,83,23,97,37.0
30015818,3,knee pain,2,83,139,56,22,99,37.4
30015819,3,anxiety,7,72,128,99,17,100,36.9
30015820,2,fall,9,73,125,97,17,93,36.5
30015821,3,knee pain,5,76,108,82,25,98,37.3
30015822,3,shortness of breath,0,79,105,85,17,93,35.7
30015823,3,knee pain,6,91,148,87,15,97,36.5
30015824,2,abdominal pain,9,67,116,76,17,93,36.6
30015825,4,headache,3,104,115,123,11,99,37.2
30015826,2,anxiety,10,74,107,66,17,97,37.7
30015827,3,knee pain,1,82,99,64,26,98,37.5
30015828,4,laceration,6,58,121,57,22,94,38.7
30015829,3,chest pain,6,79,128,74,20,97,37.0
30015830,2,knee pain,8,66,138,102,17,99,39.1
30015831,4,knee pain,5,74,114,69,18,100,37.9
30015832,3,fall,7,95,110,54,19,92,35.8
30015833,2,laceration,6,62,134,99,22,98,37.7
30015834,2,chest pain,8,63,111,92,15,95,37.0
30015835,3,back pain,7,93,150,63,14,98,37.0
30015836,4,laceration,6,98,125,70,17,92,37.4
30015837,1,back pain,9,79,131,67,13,98,36.2
30015838,2,fever,7,106,121,84,16,97,36.5
30015839,4,anxiety,7,101,111,82,27,100,37.7
30015840,4,knee pain,4,93,109,80,16,99,35.9
30015841,2,knee pain,10,72,135,94,22,100,37.2
30015842,3,chest pain,3,85,143,52,19,96,36.6
30015843,3,fall,3,79,93,92,21,93,35.6
30015844,5,fall,5,92,108,108,12,95,37.2
30015845,3,fever,1,101,112,75,24,95,36.2
30015846,3,back pain,4,61,117,86,26,100,36.5
30015847,4,anxiety,1,102,126,76,19,95,37.7
30015848,2,knee pain,6,67,116,70,12,93,36.2
30015849,5,headache,0,86,141,77,17,98,36.7
30015850,3,headache,0,75,98,82,27,95,38.5
30015851,4,shortness of breath,4,80,147,88,14,97,36.6
30015852,3,shortness of breath,4,81,135,65,19,95,36.1
30015853,2,shortness of breath,9,77,121,57,14,98,37.8
30015854,2,laceration,10,96,113,102,22,94,36.4
30015855,3,laceration,2,98,131,102,21,100,36.7
30015856,2,headache,8,84,80,92,19,100,37.9
30015857,3,back pain,0,73,147,89,21,97,36.1
30015858,4,back pain,3,68,126,93,18,100,38.1
30015859,3,headache,5,83,123,96,20,95,37.4
30015860,3,shortness of breath,4,56,104,73,23,100,37.1
30015861,3,fall,1,84,141,102,19,100,37.3
30015862,3,knee pain,7,63,104,76,22,100,38.0
30015863,4,laceration,4,102,153,84,11,98,37.4
30015864,3,abdominal pain,0,70,97,105,12,97,36.5
30015865,3,chest pain,5,88,114,98,18,95,36.3
30015866,2,anxiety,6,101,141,107,17,96,36.5
30015867,2,abdominal pain,6,48,167,109,21,100,36.5
30015868,4,shortness of breath,6,84,119,87,21,100,38.2
30015869,3,abdominal pain,4,70,132,87,20,100,37.1
30015870,4,chest pain,5,79,117,96,12,100,36.5
30015871,3,knee pain,1,73,130,80,16,99,37.4
30015872,2,fever,6,65,126,85,15,90,36.9
30015873,3,back pain,2,88,143,95,22,93,37.6
30015874,3,chest pain,5,58,165,101,11,97,36.0
30015875,3,anxiety,4,94,136,58,20,93,38.1
30015876,2,shortness of breath,8,85,123,87,19,94,38.9
30015877,3,fever,0,80,120,72,14,96,36.9
30015878,1,knee pain,6,78,102,63,13,99,35.9
30015879,2,fall,9,83,111,59,16,100,38.7
30015880,2,back pain,8,100,128,104,11,98,35.9
30015881,4,chest pain,6,86,102,70,19,94,36.9
30015882,4,knee pain,6,74,115,63,19,100,36.4
30015883,4,laceration,0,62,143,65,18,97,36.9
30015884,5,shortness of breath,3,96,159,76,14,100,37.0
30015885,2,laceration,8,78,96,91,18,100,37.2
30015886,2,headache,10,111,133,85,27,100,36.3
30015887,2,anxiety,6,90,102,97,16,96,36.8
30015888,3,chest pain,1,100,117,57,17,94,37.0
30015889,2,laceration,8,73,116,76,14,94,37.1
30015890,2,chest pain,8,83,116,91,15,92,35.5
30015891,3,shortness of breath,6,101,105,72,17,100,39.6
30015892,4,fever,5,65,149,111,12,96,37.0
30015893,4,fever,1,82,117,74,22,100,37.2
30015894,3,abdominal pain,0,78,131,88,16,97,37.3
30015895,2,anxiety,9,89,105,87,14,99,36.5
30015896,3,back pain,5,98,148,92,19,98,35.7
30015897,3,shortness of breath,0,68,95,86,20,98,36.7
30015898,3,laceration,4,72,127,81,14,100,36.6
30015899,2,knee pain,10,89,123,74,18,96,36.3
30015900,5,abdominal pain,2,75,142,77,22,100,36.2
30015901,3,laceration,4,74,150,92,15,93,35.8
30015902,5,fall,3,78,129,104,13,100,38.2
30015903,3,laceration,1,75,126,77,17,97,36.9
30015904,2,chest pain,7,71,133,100,14,100,35.5
30015905,3,fall,4,81,126,92,19,94,36.3
30015906,3,abdominal pain,2,79,106,85,20,94,36.3
30015907,3,knee pain,7,67,151,69,14,99,37.4
30015908,3,chest pain,5,126,94,98,20,95,36.3
30015909,3,headache,1,93,116,105,22,93,36.8
30015910,4,laceration,1,78,124,72,17,94,37.6
30015911,3,abdominal pain,5,96,104,91,18,97,36.1
30015912,3,fall,0,47,130,88,19,92,37.3
30015913,4,back pain,4,63,136,63,23,99,38.5
30015914,3,back pain,2,83,109,102,21,97,35.5
30015915,2,fall,7,84,138,60,14,96,36.9
30015916,4,abdominal pain,1,90,89,79,19,99,38.0
30015917,3,back pain,4,83,122,53,24,98,37.0
30015918,5,laceration,4,80,93,71,19,100,36.7
30015919,4,laceration,3,62,97,107,16,98,36.8
30015920,2,headache,7,78,130,86,15,98,37.1
30015921,2,headache,10,85,139,80,14,100,37.2
30015922,4,knee pain,0,77,127,97,11,97,36.1
30015923,2,abdominal pain,10,91,136,88,21,99,37.9
30015924,3,headache,7,111,147,64,13,93,35.8
30015925,4,headache,1,95,170,65,20,96,37.6
30015926,3,laceration,5,67,107,57,24,100,36.8
30015927,3,abdominal pain,0,77,115,87,17,95,38.0
30015928,2,fall,6,73,93,79,21,92,37.9
30015929,3,anxiety,3,89,153,82,15,99,36.8
30015930,4,back pain,6,78,129,67,21,94,37.7
30015931,3,knee pain,2,83,150,55,16,95,37.2
30015932,4,fever,5,81,131,99,20,99,37.4
30015933,2,back pain,7,95,141,72,22,98,36.1
30015934,3,anxiety,7,93,138,60,20,95,36.1
30015935,3,abdominal pain,6,109,112,83,20,100,36.8
30015936,4,knee pain,3,81,116,75,21,95,37.9
30015937,3,fall,3,94,118,69,16,100,37.8
30015938,3,laceration,6,91,108,101,14,99,36.1
30015939,2,fall,10,85,92,86,22,89,35.8
30015940,3,knee pain,6,83,111,94,16,96,36.8
30015941,3,anxiety,3,76,110,78,21,98,36.3
30015942,3,back pain,0,87,130,88,19,100,37.3
30015943,3,fall,3,54,161,83,11,97,37.3
30015944,3,shortness of breath,6,68,120,110,21,99,36.7
30015945,2,laceration,6,64,126,93,23,100,37.4
30015946,3,abdominal pain,4,86,144,50,19,95,37.9
30015947,3,chest pain,6,68,69,89,13,97,37.7
30015948,3,fever,1,78,122,57,8,99,36.8
30015949,3,fever,6,79,121,71,16,100,35.7
30015950,3,back pain,5,70,126,105,20,97,37.2
30015951,3,fever,1,63,105,77,18,98,36.7
30015952,3,headache,7,84,131,58,21,96,36.3
30015953,5,fall,1,83,126,88,20,93,35.9
30015954,3,chest pain,3,106,132,66,15,97,35.9
30015955,2,shortness of breath,9,90,132,110,17,95,36.0
30015956,3,knee pain,5,41,113,63,16,92,37.1
30015957,3,headache,2,60,132,100,20,99,38.3
30015958,2,abdominal pain,7,97,113,89,16,93,38.2
30015959,3,fall,4,76,120,103,18,96,36.6
30015960,3,anxiety,0,80,141,78,19,97,36.8
30015961,4,knee pain,4,63,141,79,25,100,36.9
30015962,3,shortness of breath,4,86,136,89,19,95,36.6
30015963,3,chest pain,4,104,166,72,17,96,36.4
30015964,4,chest pain,2,75,134,74,23,90,36.5
30015965,5,headache,7,97,134,93,20,99,35.3
30015966,2,fall,10,103,113,64,19,97,36.3
30015967,3,anxiety,2,84,122,87,19,95,35.4
30015968,2,back pain,9,64,126,83,20,91,36.5
30015969,3,abdominal pain,6,78,141,39,22,100,37.1
30015970,4,laceration,3,83,113,92,14,96,36.8
30015971,4,knee pain,1,108,110,71,12,95,37.2
30015972,3,fall,5,64,134,95,19,97,36.9
30015973,3,knee pain,5,64,101,69,17,97,36.0
30015974,5,fever,2,74,154,74,26,97,36.1
30015975,3,laceration,4,69,125,110,14,96,37.8
30015976,2,laceration,8,96,93,77,18,93,36.3
30015977,3,laceration,0,71,107,71,24,99,36.6
30015978,3,back pain,0,79,131,92,25,96,36.4
30015979,3,chest pain,7,92,131,62,19,96,37.3
30015980,4,fall,2,80,134,107,12,99,37.8
30015981,3,laceration,3,62,127,93,26,96,35.8
30015982,3,laceration,0,89,183,94,24,97,36.8
30015983,4,knee pain,0,79,129,57,17,98,38.4
30015984,3,fall,6,62,149,83,19,96,38.3
30015985,5,back pain,5,90,137,102,16,94,37.5
30015986,2,shortness of breath,10,72,127,94,24,94,36.9
30015987,4,fever,7,98,117,78,12,100,36.6
30015988,1,shortness of breath,6,93,140,83,16,94,36.1
30015989,2,anxiety,8,54,108,88,13,98,38.1
30015990,4,abdominal pain,2,90,100,67,15,96,37.2
30015991,2,fever,9,105,128,74,18,100,37.2
30015992,3,shortness of breath,6,94,112,58,12,94,37.5
30015993,4,anxiety,3,81,126,79,17,100,37.2
30015994,3,anxiety,0,54,128,62,18,98,37.3
30015995,5,fever,7,94,90,67,20,100,37.5
30015996,2,fall,6,95,132,48,26,96,36.9
30015997,2,shortness of breath,8,61,132,107,17,92,36.0
30015998,2,back pain,8,67,118,115,11,94,36.6
30015999,5,back pain,6,96,128,82,15,95,37.1
30016000,4,chest pain,6,77,95,36,16,93,37.0
30016001,3,laceration,2,53,105,69,15,96,36.6
30016002,4,back pain,5,58,129,79,17,90,36.2
30016003,3,headache,0,92,132,91,19,96,36.1
30016004,2,anxiety,9,90,119,73,10,99,36.1
30016005,3,laceration,2,93,135,81,18,94,36.0
30016006,4,chest pain,4,74,161,97,15,95,36.8
30016007,4,headache,1,79,116,70,24,100,37.2
30016008,3,fall,7,88,134,88,24,97,36.2
30016009,4,fever,7,91,121,97,23,95,37.4
30016010,3,headache,2,92,131,84,18,98,37.2
30016011,3,knee pain,5,90,140,101,17,100,36.5
30016012,3,abdominal pain,5,65,133,81,17,96,37.8
30016013,2,anxiety,6,101,140,58,9,96,36.6
30016014,3,back pain,2,110,113,84,21,100,36.0
30016015,3,knee pain,7,75,100,50,20,93,37.1
30016016,3,fever,3,91,112,71,21,94,37.2
30016017,3,laceration,4,90,115,79,15,97,37.0
30016018,3,laceration,4,81,143,82,25,90,37.2
30016019,2,chest pain,9,64,99,86,19,97,38.0
30016020,2,laceration,8,74,155,45,17,99,36.7
30016021,4,knee pain,1,66,160,79,18,100,36.6
30016022,3,chest pain,2,79,125,102,18,94,37.6
30016023,3,chest pain,0,88,136,87,17,99,36.6
30016024,3,headache,7,90,148,72,14,99,38.2
30016025,4,chest pain,7,101,94,66,20,94,36.7
30016026,4,chest pain,0,74,138,62,21,98,37.9
30016027,4,chest pain,6,92,127,76,15,97,37.5
30016028,3,shortness of breath,6,83,114,65,24,96,36.4
30016029,3,knee pain,2,117,135,81,13,99,36.9
30016030,3,chest pain,4,89,113,66,18,99,35.3
30016031,4,abdominal pain,2,96,109,74,21,95,38.3
30016032,5,knee pain,2,100,119,91,25,98,37.0
30016033,3,knee pain,3,107,155,88,13,100,36.9
30016034,3,fever,3,111,119,77,12,100,37.4
30016035,3,chest pain,6,89,116,71,16,95,38.6
30016036,3,headache,1,86,102,85,12,100,37.0
30016037,3,anxiety,5,90,170,83,16,100,36.9
30016038,3,abdominal pain,2,92,140,62,17,99,36.3
30016039,1,shortness of breath,7,80,141,77,15,99,36.0
30016040,3,anxiety,0,91,123,53,21,98,37.4
30016041,3,headache,1,95,154,85,13,95,37.7
30016042,4,knee pain,2,89,108,65,20,94,38.0
30016043,3,headache,5,85,113,74,22,95,36.9
30016044,3,chest pain,0,85,122,74,19,95,35.0
30016045,3,laceration,3,70,134,49,19,94,36.5
30016046,3,shortness of breath,0,70,103,77,18,98,37.5
30016047,3,knee pain,5,78,135,45,23,99,36.6
30016048,3,shortness of breath,1,96,146,94,17,100,37.2
30016049,4,laceration,4,97,95,74,14,98,37.1
30016050,1,chest pain,6,65,129,55,8,92,37.0
30016051,3,headache,3,105,136,74,20,98,37.2
30016052,3,knee pain,0,92,91,90,20,98,36.5
30016053,3,headache,5,75,115,74,18,97,37.1
30016054,3,laceration,1,64,147,91,19,94,36.8
30016055,3,headache,7,89,139,80,12,96,36.8
30016056,4,headache,4,63,131,99,18,100,36.8
30016057,3,anxiety,0,94,134,85,27,98,36.8
30016058,3,shortness of breath,6,66,91,55,22,100,37.3
30016059,3,anxiety,6,51,108,61,18,97,36.7
30016060,2,knee pain,9,85,130,46,15,100,37.9
30016061,4,shortness of breath,5,65,138,74,16,98,36.9
30016062,2,knee pain,6,101,142,59,18,100,38.6
30016063,3,fall,1,99,103,91,23,97,35.8
30016064,4,headache,2,96,140,56,14,98,36.8
30016065,3,headache,5,69,135,93,17,100,37.3
30016066,3,fever,2,80,133,76,21,93,38.0
30016067,4,fall,5,71,140,81,23,99,38.9
30016068,4,chest pain,5,78,100,110,13,99,36.6
30016069,3,chest pain,0,127,117,99,21,91,36.4
30016070,3,chest pain,7,75,128,74,20,100,35.3
30016071,3,knee pain,3,92,136,68,14,94,36.2
30016072,2,fall,8,86,136,80,19,95,36.7
30016073,3,knee pain,1,75,151,64,17,100,37.7
30016074,4,chest pain,7,87,98,91,21,100,37.5
30016075,3,shortness of breath,5,72,142,60,18,94,38.3
30016076,5,shortness of breath,0,89,150,78,15,95,36.8
30016077,2,anxiety,7,87,114,94,13,98,37.0
30016078,3,laceration,3,79,149,70,14,92,37.2
30016079,3,abdominal pain,0,61,145,67,15,99,38.1
30016080,3,anxiety,2,79,150,89,18,100,36.0
30016081,3,back pain,5,78,151,76,19,93,37.9
30016082,3,headache,6,113,125,81,15,98,36.1
30016083,4,shortness of breath,7,110,101,83,25,98,38.2
30016084,2,knee pain,6,92,109,67,23,97,37.7
30016085,4,fall,7,100,124,77,14,100,36.6
30016086,3,headache,6,87,119,89,19,97,37.2
30016087,2,fever,7,93,115,88,22,97,37.1
30016088,3,fall,3,75,135,69,23,94,36.4
30016089,2,shortness of breath,9,83,151,70,21,94,38.0
30016090,3,fever,6,69,126,89,15,100,38.2
30016091,2,laceration,8,76,126,93,21,98,36.0
30016092,3,chest pain,2,97,112,79,21,94,37.9
30016093,3,laceration,1,106,150,50,20,95,36.7
30016094,2,shortness of breath,10,71,113,68,20,95,38.1
30016095,3,abdominal pain,7,80,175,89,18,96,37.2
30016096,5,abdominal pain,5,76,131,85,10,92,37.9
30016097,2,anxiety,9,79,83,92,28,95,36.1
30016098,3,knee pain,3,96,123,94,14,98,35.7
30016099,3,fall,7,86,155,90,14,100,36.0
30016100,4,chest pain,6,72,112,64,16,95,37.2
30016101,3,back pain,3,90,100,73,10,95,38.3
30016102,3,abdominal pain,7,75,103,85,26,97,37.1
30016103,3,anxiety,0,105,107,89,19,93,36.7
30016104,3,back pain,7,98,141,94,19,97,36.4
30016105,3,fever,7,64,136,79,24,93,37.6
30016106,3,abdominal pain,7,70,130,86,18,97,36.9
30016107,3,fever,2,55,142,102,17,98,37.2
30016108,4,fever,7,94,131,81,9,100,38.4
30016109,4,anxiety,0,85,137,76,23,99,37.0
30016110,4,back pain,4,73,143,86,23,97,36.7
30016111,3,fall,3,70,102,82,19,97,39.3
30016112,1,fall,8,111,141,92,17,98,37.7
30016113,3,headache,3,73,154,82,19,97,37.1
30016114,3,anxiety,7,80,139,73,16,93,36.5
30016115,2,back pain,9,81,118,75,13,96,37.0
30016116,4,fall,5,87,130,92,16,96,36.4
30016117,2,abdominal pain,10,90,114,71,17,95,37.6
30016118,3,chest pain,2,86,107,78,21,95,37.3
30016119,4,back pain,2,83,134,69,18,94,36.2
30016120,3,headache,3,79,164,83,12,95,37.8
30016121,2,anxiety,9,97,138,105,20,100,37.2
30016122,5,fever,4,92,133,85,19,98,36.8
30016123,3,fall,2,78,104,88,18,100,38.1
30016124,4,fall,4,98,142,101,20,97,37.2
30016125,3,laceration,7,98,129,96,11,90,37.1
30016126,4,chest pain,1,111,106,67,12,95,36.3
30016127,3,knee pain,5,99,163,72,18,100,37.2
30016128,4,knee pain,5,82,122,72,23,96,36.3
30016129,3,fall,3,95,109,95,20,100,38.7
30016130,3,back pain,2,98,122,66,16,97,37.0
30016131,3,anxiety,3,86,100,87,19,91,38.2
30016132,3,headache,7,85,145,77,21,95,38.1
30016133,4,shortness of breath,1,112,137,71,18,98,36.7
30016134,2,shortness of breath,9,114,134,58,15,99,37.9
30016135,2,laceration,9,88,129,81,14,97,37.8
30016136,3,laceration,0,88,143,100,18,97,37.4
30016137,3,headache,5,74,120,85,15,98,38.6
30016138,3,anxiety,5,96,118,80,14,94,36.2
30016139,3,laceration,0,75,85,76,22,99,37.7
30016140,5,fall,3,77,142,92,26,100,38.5
30016141,3,laceration,1,88,145,90,24,96,37.2
30016142,2,anxiety,9,89,140,87,18,92,39.1
30016143,4,headache,3,85,140,50,17,97,36.4
30016144,3,knee pain,2,115,121,71,11,97,36.6
30016145,1,fever,8,105,133,102,20,100,37.0
30016146,4,headache,6,107,157,68,15,95,35.8
30016147,4,fall,6,70,108,67,18,99,36.2
30016148,2,fever,9,71,116,78,19,97,35.2
30016149,4,chest pain,0,93,108,101,20,93,37.4
30016150,3,back pain,4,95,117,53,15,98,37.9
30016151,3,fall,3,86,101,88,22,98,35.8
30016152,3,back pain,5,50,105,82,19,100,36.7
30016153,2,headache,9,80,150,97,11,100,36.8
30016154,4,headache,5,118,130,84,20,98,38.2
30016155,5,fall,3,103,156,82,12,92,36.3
30016156,3,shortness of breath,1,77,114,85,26,98,36.7
30016157,4,fever,5,102,130,94,23,95,35.6
30016158,3,chest pain,0,71,127,77,15,100,37.4
30016159,4,shortness of breath,0,83,108,87,17,97,37.5
30016160,4,back pain,4,104,93,84,13,94,35.9
30016161,1,back pain,7,84,129,75,19,99,38.1
30016162,3,fall,4,88,128,63,21,97,36.5
30016163,2,abdominal pain,9,71,126,81,22,98,36.2
30016164,4,fever,1,75,129,78,18,97,37.5
30016165,4,back pain,6,92,127,62,15,97,36.2
30016166,2,shortness of breath,7,66,121,88,18,95,35.9
30016167,5,abdominal pain,5,96,118,90,15,95,36.7
30016168,4,chest pain,7,65,143,90,25,95,38.1
30016169,5,fever,5,75,144,85,18,94,36.8
30016170,2,fever,10,76,125,80,16,97,37.3
30016171,4,chest pain,7,89,128,81,18,99,37.4
30016172,3,fall,5,90,106,82,22,94,38.4
30016173,3,shortness of breath,2,89,107,88,24,100,37.0
30016174,3,back pain,4,96,84,84,15,96,37.2
30016175,3,chest pain,4,87,131,75,21,97,37.1
30016176,2,headache,10,95,104,68,23,93,37.6
30016177,3,chest pain,5,80,106,73,17,100,35.9
30016178,3,headache,2,93,139,64,15,100,36.9
30016179,4,anxiety,7,61,113,89,13,92,37.0
30016180,3,fall,2,82,117,88,22,100,36.4
30016181,2,abdominal pain,7,87,146,107,17,99,37.1
30016182,3,headache,6,96,135,85,16,98,38.7
30016183,3,laceration,0,86,114,88,19,96,36.9
30016184,3,chest pain,0,90,109,94,20,91,37.2
30016185,5,fever,2,83,121,76,20,97,37.8
30016186,3,fall,7,75,96,80,17,95,35.8
30016187,2,back pain,8,68,108,96,21,98,37.0
30016188,4,back pain,4,87,91,83,19,98,36.7
30016189,4,anxiety,1,79,126,68,19,89,35.5
30016190,3,anxiety,4,105,93,100,18,98,37.4
30016191,4,laceration,5,83,123,91,18,95,37.5
30016192,2,anxiety,10,98,133,91,14,93,36.9
30016193,2,laceration,6,79,104,95,19,97,36.3
30016194,3,anxiety,7,93,182,101,13,94,36.1
30016195,3,fever,6,77,122,72,27,92,36.6
30016196,3,anxiety,6,70,118,86,18,98,37.8
30016197,3,abdominal pain,1,75,117,77,21,100,37.4
30016198,1,abdominal pain,7,101,152,84,17,98,35.9
30016199,3,fall,2,69,154,86,22,93,37.6
30016200,3,fever,4,102,142,64,23,100,37.5
30016201,2,fever,10,118,94,50,17,97,37.2
30016202,3,shortness of breath,5,98,129,109,14,96,36.7
30016203,4,fall,3,76,149,80,15,97,36.5
30016204,3,knee pain,5,39,134,93,10,92,36.8
30016205,3,laceration,2,57,147,62,22,100,36.5
30016206,3,shortness of breath,5,104,83,97,12,100,37.4
30016207,4,fall,5,95,133,80,17,95,37.6
30016208,2,anxiety,6,82,120,54,16,97,36.8
30016209,3,chest pain,6,95,95,79,22,97,34.8
30016210,1,fall,10,72,114,79,23,98,35.8
30016211,3,headache,5,106,142,93,12,99,37.5
30016212,3,headache,4,112,136,55,11,96,36.0
30016213,1,fall,9,82,123,80,22,96,38.1
30016214,4,abdominal pain,5,67,129,68,22,100,36.1
30016215,3,back pain,1,68,109,70,20,97,36.1
30016216,2,headache,10,93,91,83,17,95,37.6
30016217,1,knee pain,9,85,110,77,20,100,36.9
30016218,3,chest pain,1,93,126,56,21,94,36.8
30016219,3,knee pain,1,108,138,72,16,96,36.8
30016220,2,anxiety,6,89,134,69,14,99,37.2
30016221,5,headache,1,55,133,71,13,94,38.4
30016222,3,knee pain,2,101,104,58,21,100,36.5
30016223,3,laceration,0,100,118,84,15,91,36.3
30016224,3,laceration,6,58,148,89,16,95,37.2
30016225,2,shortness of breath,10,85,144,84,10,96,36.4
30016226,4,back pain,4,103,143,103,19,93,37.1
30016227,4,laceration,5,92,103,61,20,94,36.4
30016228,4,shortness of breath,2,116,132,96,20,99,35.2
30016229,4,laceration,3,100,74,76,23,98,36.5
30016230,3,fever,3,91,161,78,21,100,38.0
30016231,2,headache,8,84,112,92,16,96,38.2
30016232,5,chest pain,0,86,144,64,18,97,37.7
30016233,3,fall,6,105,127,91,13,99,37.2
30016234,3,fever,7,123,160,95,24,99,36.7
30016235,3,shortness of breath,0,58,115,100,24,96,37.6
30016236,3,anxiety,4,77,115,78,16,98,38.5
30016237,5,shortness of breath,5,78,124,93,21,97,37.6
30016238,2,laceration,9,61,83,73,24,99,36.7
30016239,4,fall,5,71,104,41,18,96,38.5
30016240,3,laceration,7,85,113,39,19,97,36.1
30016241,3,anxiety,7,78,153,84,21,94,36.9
30016242,4,anxiety,2,68,116,80,20,95,38.1
30016243,2,shortness of breath,10,89,126,84,23,99,37.3
30016244,3,fall,6,79,118,70,7,99,37.3
30016245,3,anxiety,7,53,110,97,18,87,36.2
30016246,4,abdominal pain,4,101,111,62,16,94,37.2
30016247,3,laceration,6,88,126,100,16,97,37.5
30016248,2,back pain,8,114,128,83,19,97,37.4
30016249,3,chest pain,1,56,147,72,23,98,37.8
30016250,2,back pain,9,73,122,92,22,95,37.5
30016251,3,chest pain,6,71,143,72,19,94,37.0
30016252,1,anxiety,10,78,151,46,31,95,36.8
30016253,3,anxiety,7,91,152,86,20,94,37.7
30016254,4,chest pain,2,54,122,76,15,100,36.8
30016255,3,abdominal pain,6,83,141,99,21,100,36.8
30016256,2,fall,8,91,122,106,23,96,38.5
30016257,4,headache,5,90,110,68,18,97,37.5
30016258,3,fall,4,94,114,68,20,99,37.3
30016259,3,fall,6,67,128,67,22,96,39.0
30016260,3,knee pain,1,90,101,77,13,100,36.8
30016261,4,chest pain,6,91,105,67,20,99,35.6
30016262,3,laceration,4,96,127,82,19,97,36.9
30016263,4,back pain,1,64,150,73,20,93,37.7
30016264,4,shortness of breath,2,85,143,54,20,99,35.5
30016265,4,chest pain,6,91,128,81,19,96,36.9
30016266,4,back pain,6,82,196,83,11,91,37.2
30016267,2,anxiety,8,73,123,88,14,97,36.5
30016268,4,chest pain,0,66,85,33,16,98,36.2
30016269,2,laceration,10,100,126,83,15,96,36.2
30016270,3,headache,3,88,121,69,15,97,35.7
30016271,3,laceration,3,64,143,92,19,93,35.6
30016272,4,abdominal pain,0,70,123,82,16,97,39.3
30016273,2,abdominal pain,8,107,110,99,21,96,37.0
30016274,3,headache,1,98,114,98,14,94,37.2
30016275,3,knee pain,2,63,120,99,20,95,36.9
30016276,4,anxiety,6,88,105,91,24,100,37.0
30016277,3,chest pain,0,83,116,100,23,96,36.3
30016278,3,chest pain,5,76,110,69,20,100,37.4
30016279,3,abdominal pain,0,90,119,93,17,88,37.5
30016280,3,abdominal pain,1,93,103,104,23,94,37.3
30016281,3,chest pain,4,72,140,75,19,93,35.9
30016282,3,fever,2,99,153,90,20,95,36.8
30016283,1,laceration,8,97,128,73,22,98,37.4
30016284,3,chest pain,2,94,94,83,16,100,36.4
30016285,3,back pain,1,92,140,94,11,93,37.7
30016286,4,knee pain,7,63,130,76,12,100,36.4
30016287,3,headache,5,85,135,75,23,93,37.8
30016288,3,chest pain,4,69,120,74,18,97,37.2
30016289,4,knee pain,6,79,142,80,20,98,35.7
30016290,3,laceration,2,80,123,94,20,97,36.7
30016291,3,chest pain,2,89,148,93,17,96,36.9
30016292,3,headache,4,95,84,97,13,89,37.6
30016293,3,fever,5,95,127,102,19,99,34.7
30016294,4,fall,3,109,133,113,16,94,36.7
30016295,3,headache,0,93,133,67,13,97,36.7
30016296,1,anxiety,8,59,95,88,19,98,36.4
30016297,3,fever,7,75,139,86,22,100,37.0
30016298,2,anxiety,7,96,111,86,17,94,36.8
30016299,1,knee pain,10,64,113,74,15,95,37.1
30016300,2,chest pain,6,85,130,69,19,99,36.0
30016301,4,fall,0,73,126,70,15,100,36.5
30016302,2,fever,10,81,130,81,24,97,37.0
30016303,4,shortness of breath,5,98,147,76,28,93,36.5
30016304,3,fall,1,84,122,68,11,93,37.9
30016305,3,fever,3,92,86,93,14,98,36.6
30016306,2,fall,9,70,140,78,16,99,38.1
30016307,3,knee pain,0,90,132,68,16,96,37.3
30016308,3,back pain,4,80,144,85,16,96,37.2
30016309,3,chest pain,2,79,135,80,21,98,36.0
30016310,4,headache,5,73,130,103,15,98,37.2
30016311,2,fall,9,121,96,88,17,96,36.8
30016312,2,fall,9,69,131,86,17,94,36.5
30016313,5,fever,1,57,107,57,20,100,38.3
30016314,3,anxiety,7,101,107,72,17,97,37.0
30016315,3,fall,5,78,109,113,20,98,37.7
30016316,3,shortness of breath,1,88,122,51,19,93,34.8
30016317,3,anxiety,7,57,151,109,24,90,37.5
30016318,3,knee pain,7,69,142,67,17,97,37.2
30016319,2,fall,7,96,142,98,16,99,36.9
30016320,4,fall,2,76,131,83,20,98,37.6
30016321,3,knee pain,4,66,97,68,17,93,36.8
30016322,3,abdominal pain,1,115,135,70,17,93,36.8
30016323,3,laceration,5,93,117,86,11,96,37.6
30016324,3,fall,1,86,156,90,15,92,37.6
30016325,3,fall,6,80,92,76,22,100,37.1
30016326,3,fall,4,78,131,75,14,98,38.7
30016327,3,headache,7,86,150,87,17,99,36.7
30016328,2,back pain,7,87,158,87,16,92,36.0
30016329,3,fall,6,86,123,115,18,98,37.4
30016330,3,chest pain,3,68,163,84,22,100,35.4
30016331,3,back pain,7,98,117,78,17,100,36.9
30016332,4,fever,7,77,102,90,17,96,36.1
30016333,3,shortness of breath,0,90,107,59,20,95,36.1
30016334,3,laceration,4,93,99,100,5,100,38.1
30016335,4,headache,2,99,148,65,15,95,35.9
30016336,4,shortness of breath,4,95,107,60,20,98,36.2
30016337,3,knee pain,6,92,147,78,22,100,36.2
30016338,2,knee pain,7,69,120,104,17,96,37.5
30016339,3,laceration,2,84,148,80,23,100,37.4
30016340,5,headache,6,75,112,58,18,95,35.3
30016341,3,anxiety,7,78,133,81,27,98,36.5
30016342,4,fever,6,72,107,77,19,99,36.2
30016343,2,shortness of breath,8,86,132,77,16,94,36.1
30016344,1,fall,7,91,106,79,20,96,36.3
30016345,2,chest pain,9,64,125,69,15,94,36.6
30016346,3,fall,0,66,77,89,10,100,36.6
30016347,2,fever,7,97,97,52,16,93,36.2
30016348,2,anxiety,8,71,134,89,23,95,37.0
30016349,3,back pain,5,93,141,72,17,96,36.6
30016350,2,back pain,8,83,121,72,17,94,37.3
30016351,3,headache,2,64,95,73,14,100,37.3
30016352,2,fall,7,90,156,59,18,100,37.7
30016353,3,chest pain,2,100,114,55,13,100,37.1
30016354,4,laceration,4,94,163,62,12,97,36.5
30016355,3,fever,1,82,99,65,12,98,37.3
30016356,3,laceration,0,97,116,77,23,95,37.1
30016357,4,laceration,0,63,143,73,14,96,37.0
30016358,3,headache,4,96,144,92,20,95,36.1
30016359,2,laceration,9,82,121,107,20,97,36.1
30016360,1,abdominal pain,7,70,131,81,13,94,36.3
30016361,3,fever,0,63,141,75,16,99,36.6
30016362,3,knee pain,4,101,115,88,14,94,35.6
30016363,1,back pain,6,84,100,75,17,97,37.6
30016364,4,fever,5,84,114,62,22,97,35.5
30016365,3,shortness of breath,3,70,121,54,20,94,36.6
30016366,3,laceration,4,88,99,101,14,100,36.6
30016367,3,fever,5,77,124,78,18,99,37.1
30016368,3,shortness of breath,3,79,156,72,26,95,36.5
30016369,4,headache,5,94,88,74,17,98,37.4
30016370,5,fever,4,84,99,74,18,95,37.6
30016371,2,anxiety,6,87,106,83,17,98,35.7
30016372,3,headache,2,105,132,87,21,93,37.8
30016373,3,headache,2,78,123,88,21,98,36.7
30016374,3,chest pain,3,71,158,51,12,93,37.7
30016375,3,chest pain,0,63,107,86,21,98,38.1
30016376,4,fall,6,91,146,84,20,97,37.9
30016377,4,shortness of breath,7,110,136,69,15,97,38.1
30016378,2,anxiety,6,67,94,78,11,97,36.4
30016379,4,shortness of breath,3,71,157,68,17,95,36.3
30016380,5,laceration,6,81,103,115,21,98,37.9
30016381,4,back pain,0,72,130,53,19,100,35.3
30016382,3,fall,3,94,149,77,20,92,36.6
30016383,3,abdominal pain,5,70,126,107,18,98,37.5
30016384,3,shortness of breath,6,93,156,77,18,98,36.9
30016385,4,fall,1,111,145,64,20,95,36.7
30016386,3,anxiety,6,88,133,88,19,100,37.4
30016387,3,fever,1,80,94,78,15,94,36.7
30016388,4,chest pain,4,98,140,38,15,100,37.9
30016389,3,fever,0,90,89,71,18,99,39.0
30016390,3,anxiety,5,71,141,91,20,95,36.7
30016391,4,abdominal pain,3,81,99,79,16,100,36.6
30016392,3,shortness of breath,4,72,140,99,10,100,36.8
30016393,3,fever,4,99,143,87,14,98,37.1
30016394,3,laceration,3,67,118,74,23,95,36.6
30016395,3,knee pain,6,74,125,73,14,93,37.0
30016396,3,abdominal pain,7,41,124,72,22,98,36.3
30016397,3,fall,1,74,82,92,18,98,37.4
30016398,4,chest pain,4,72,112,102,19,97,37.1
30016399,4,laceration,2,64,136,61,15,94,37.5
30016400,1,shortness of breath,10,96,99,81,20,94,35.6
30016401,3,abdominal pain,1,82,111,37,20,99,37.3
30016402,4,chest pain,1,106,114,86,16,94,37.0
30016403,3,fever,2,95,119,81,21,100,37.5
30016404,4,chest pain,5,104,122,100,19,96,36.1
30016405,2,chest pain,9,97,65,77,17,95,35.4
30016406,3,fall,6,103,138,84,19,100,36.8
30016407,3,back pain,6,71,136,72,13,94,37.9
30016408,3,headache,0,68,107,103,13,100,37.1
30016409,5,abdominal pain,2,50,138,90,14,100,36.8
30016410,3,fall,2,104,117,87,19,99,37.2
30016411,2,abdominal pain,7,76,98,87,18,98,36.8
30016412,5,abdominal pain,6,104,125,66,16,94,37.1
30016413,3,anxiety,4,80,114,80,19,98,37.3
30016414,1,abdominal pain,9,90,157,78,6,100,38.0
30016415,2,abdominal pain,7,77,100,72,23,98,35.3
30016416,4,shortness of breath,1,89,122,88,17,90,37.6
30016417,3,abdominal pain,6,70,150,84,21,96,37.1
30016418,4,fall,0,77,120,75,18,96,37.7
30016419,4,back pain,3,101,139,77,16,100,35.1
30016420,3,fall,7,81,98,98,19,95,37.2
30016421,2,chest pain,7,100,120,70,19,96,36.8
30016422,3,back pain,3,85,112,76,18,94,36.5
30016423,3,shortness of breath,2,113,124,106,11,96,36.6
30016424,3,knee pain,0,104,109,91,18,100,36.4
30016425,3,chest pain,5,95,131,82,17,100,37.4
30016426,3,laceration,4,87,108,80,18,97,38.8
30016427,4,fall,1,87,159,104,20,99,37.7
30016428,2,knee pain,8,97,158,90,18,94,37.2
30016429,2,chest pain,6,61,147,90,21,97,37.2
30016430,3,chest pain,4,105,175,64,19,100,37.1
30016431,3,laceration,2,74,125,85,15,100,36.7
30016432,4,fall,0,83,115,86,10,100,36.6
30016433,4,back pain,3,79,164,87,25,92,36.3
30016434,1,headache,8,83,145,95,10,94,36.7
30016435,3,back pain,2,86,162,69,17,97,37.0
30016436,3,fall,0,73,105,75,9,99,37.3
30016437,2,chest pain,9,93,97,98,24,100,36.6
30016438,4,fever,2,87,99,75,21,99,37.8
30016439,4,back pain,3,76,149,72,21,97,37.2
30016440,3,laceration,5,106,145,49,12,100,38.2
30016441,4,headache,7,82,110,72,16,98,37.2
30016442,3,anxiety,2,91,115,85,21,93,38.3
30016443,1,anxiety,8,68,142,89,17,90,37.0
30016444,3,chest pain,3,92,127,83,20,98,37.2
30016445,1,chest pain,8,104,108,75,19,100,36.9
30016446,3,fall,2,57,128,74,23,99,36.9
30016447,3,back pain,6,95,133,55,16,91,37.5
30016448,3,anxiety,1,66,104,64,19,94,36.9
30016449,3,knee pain,0,100,120,91,22,97,37.7
30016450,3,shortness of breath,6,97,126,79,19,98,37.9
30016451,4,knee pain,4,75,98,76,19,99,36.1
30016452,3,anxiety,4,79,104,81,13,98,38.2
30016453,3,shortness of breath,1,104,116,82,19,94,36.1
30016454,4,fall,2,64,129,98,25,94,36.9
30016455,4,laceration,0,70,144,80,22,96,37.6
30016456,3,headache,5,103,93,101,30,97,38.4
30016457,3,fall,5,64,116,64,18,98,37.3
30016458,2,fall,7,107,132,80,23,100,35.7
30016459,4,laceration,4,105,108,51,17,95,38.5
30016460,3,laceration,2,69,142,75,8,95,37.3
30016461,2,back pain,8,109,133,88,17,98,38.2
30016462,3,fall,6,55,131,52,19,100,37.4
30016463,1,headache,6,73,151,86,26,94,38.1
30016464,1,back pain,8,94,130,86,14,97,36.1
30016465,4,shortness of breath,2,79,111,95,18,100,37.9
30016466,2,chest pain,8,64,86,90,22,96,37.0
30016467,3,laceration,7,61,120,91,24,100,36.1
30016468,2,headache,6,63,124,74,19,95,37.3
30016469,3,knee pain,0,97,76,55,19,96,38.7
30016470,2,fall,9,83,159,84,20,100,37.4
30016471,1,fever,10,78,87,68,21,97,38.4
30016472,2,headache,10,79,103,70,10,97,37.9
30016473,5,fever,7,84,126,74,21,92,36.9
30016474,3,back pain,3,89,144,76,17,95,38.2
30016475,3,back pain,5,84,174,109,19,95,37.2
30016476,4,abdominal pain,3,105,89,68,20,97,36.2
30016477,3,fall,6,90,163,67,21,94,36.8
30016478,3,fever,7,69,142,65,22,97,37.7
30016479,5,headache,6,69,143,100,19,98,36.5
30016480,4,headache,2,86,130,80,17,99,36.8
30016481,3,fall,4,75,125,101,14,95,36.8
30016482,2,abdominal pain,10,72,157,99,20,93,37.6
30016483,4,abdominal pain,3,89,141,67,12,94,37.5
30016484,4,fever,7,69,153,54,12,100,36.9
30016485,3,chest pain,3,85,136,90,20,100,37.4
30016486,3,chest pain,0,89,91,77,20,99,35.8
30016487,3,abdominal pain,2,68,115,71,15,100,37.0
30016488,3,fever,2,96,117,74,14,96,37.9
30016489,3,fever,7,109,123,77,12,98,37.3
30016490,5,laceration,7,79,112,87,21,99,36.3
30016491,4,abdominal pain,6,105,122,91,21,100,37.8
30016492,3,fall,0,94,162,84,14,98,37.0
30016493,4,laceration,4,90,142,93,22,89,35.7
30016494,3,abdominal pain,6,59,107,66,13,100,36.3
30016495,4,headache,7,93,163,65,13,96,36.8
30016496,4,abdominal pain,0,104,130,88,16,94,35.2
30016497,3,knee pain,7,102,119,77,18,99,37.4
30016498,4,laceration,7,50,161,68,14,95,37.6
30016499,4,back pain,0,91,139,67,16,100,37.9
30016500,1,fall,9,81,127,58,16,92,37.8
30016501,2,abdominal pain,6,87,116,63,21,97,37.2
30016502,3,shortness of breath,0,78,136,91,18,99,36.9
30016503,2,knee pain,9,82,128,83,17,97,37.4
30016504,4,chest pain,6,92,122,72,17,91,37.7
30016505,3,fever,2,82,136,55,24,95,37.2
30016506,4,fall,5,72,106,108,19,100,36.1
30016507,4,fall,3,76,106,107,16,97,36.3
30016508,2,fever,10,101,142,100,22,98,36.5
30016509,3,abdominal pain,4,73,133,46,9,99,36.6
30016510,2,headache,6,70,91,91,16,95,37.7
30016511,3,fall,2,79,107,69,19,96,36.0
30016512,3,laceration,7,73,114,92,12,99,36.7
30016513,1,back pain,8,71,106,76,16,93,35.9
30016514,3,chest pain,2,91,156,96,19,97,37.3
30016515,3,headache,3,88,165,52,20,98,37.3
30016516,3,back pain,0,69,113,89,15,93,36.1
30016517,3,back pain,4,102,127,70,13,99,37.7
30016518,3,abdominal pain,5,96,160,87,15,95,36.7
30016519,5,shortness of breath,1,75,127,90,16,96,37.1
30016520,2,laceration,7,63,112,76,14,96,38.3
30016521,2,knee pain,6,102,135,65,20,95,36.9
30016522,3,headache,1,66,136,94,15,98,38.3
30016523,3,anxiety,7,95,152,99,18,98,37.1
30016524,5,shortness of breath,3,80,118,93,21,99,35.8
30016525,3,shortness of breath,6,102,137,56,16,92,36.4
30016526,3,fever,2,90,144,74,18,98,38.3
30016527,3,abdominal pain,2,91,121,112,22,96,36.7
30016528,3,fever,2,82,120,81,11,98,35.9
30016529,3,anxiety,0,124,118,83,13,97,37.9
30016530,3,laceration,1,51,122,46,16,93,38.4
30016531,3,shortness of breath,3,97,100,98,19,94,37.9
30016532,3,shortness of breath,6,68,132,79,12,97,36.2
30016533,1,back pain,10,64,126,86,27,99,37.2
30016534,2,fall,7,91,110,82,18,100,35.3
30016535,2,abdominal pain,6,92,115,97,23,98,38.4
30016536,3,headache,7,91,157,68,14,99,37.7
30016537,2,fall,6,68,106,63,18,95,35.9
30016538,3,chest pain,4,110,136,52,24,99,36.8
30016539,3,fall,6,98,143,77,22,96,37.2
30016540,3,laceration,7,74,138,111,20,96,37.5
30016541,4,fever,3,61,107,86,21,96,37.7
30016542,2,headache,7,99,104,93,13,97,37.2
30016543,2,anxiety,7,78,157,76,18,91,36.7
30016544,3,laceration,1,49,116,53,14,96,36.4
30016545,2,fall,10,92,114,78,22,98,38.9
30016546,4,headache,4,74,108,82,18,97,38.1
30016547,3,shortness of breath,7,89,148,84,20,99,37.1
30016548,5,knee pain,7,88,103,82,13,97,37.7
30016549,3,anxiety,2,88,113,57,21,99,36.9
30016550,2,knee pain,10,91,77,50,22,95,37.9
30016551,3,fever,6,109,147,69,23,97,36.3
30016552,3,headache,5,85,86,68,18,94,36.8
30016553,2,headache,10,95,124,41,20,99,36.3
30016554,5,fall,5,82,121,62,13,98,37.4
30016555,2,fall,6,106,109,75,27,96,38.0
30016556,4,fever,4,80,118,81,14,99,36.4
30016557,1,back pain,9,62,97,97,17,100,35.9
30016558,1,anxiety,7,76,83,57,19,98,36.9
30016559,3,laceration,5,83,127,121,26,100,37.7
30016560,4,shortness of breath,1,77,92,91,19,100,36.3
30016561,3,laceration,6,75,126,64,22,89,34.6
30016562,3,back pain,5,95,118,83,19,97,37.2
30016563,2,anxiety,9,86,98,80,19,98,38.0
30016564,3,back pain,3,91,104,97,18,100,37.0
30016565,4,anxiety,2,77,126,90,15,100,37.4
30016566,3,headache,5,103,137,73,22,93,37.2
30016567,3,laceration,2,100,87,93,21,97,36.1
30016568,3,headache,0,92,109,78,19,97,36.1
30016569,3,abdominal pain,0,72,158,85,10,100,37.9
30016570,3,abdominal pain,3,87,130,84,13,96,35.9
30016571,3,back pain,3,98,136,62,15,97,37.4
30016572,3,fever,5,93,107,65,15,97,36.4
30016573,3,headache,1,98,166,79,14,97,38.7
30016574,4,fall,7,99,95,88,18,95,37.0
30016575,3,anxiety,4,90,99,98,24,98,37.1
30016576,1,chest pain,10,96,96,70,18,94,37.7
30016577,1,anxiety,7,75,173,71,27,98,36.9
30016578,3,chest pain,4,98,127,101,13,97,37.1
30016579,3,fall,5,103,134,83,19,98,36.5
30016580,3,shortness of breath,7,84,112,106,14,100,37.7
30016581,1,laceration,10,100,67,99,17,100,35.8
30016582,3,laceration,6,62,156,70,15,95,35.4
30016583,2,shortness of breath,6,108,162,65,17,98,35.4
30016584,2,laceration,9,108,146,95,20,99,37.4
30016585,2,fever,6,73,144,76,18,96,36.6
30016586,4,abdominal pain,7,117,116,67,20,97,36.7
30016587,3,anxiety,0,74,112,88,10,100,37.7
30016588,3,chest pain,1,88,116,67,18,96,37.3
30016589,3,abdominal pain,3,99,133,102,20,91,38.0
30016590,4,fall,7,93,133,77,19,95,37.5
30016591,3,knee pain,2,110,110,47,14,98,36.6
30016592,3,abdominal pain,5,93,130,104,14,95,37.4
30016593,4,anxiety,6,81,129,96,21,96,37.3
30016594,3,abdominal pain,7,83,116,90,18,100,37.7
30016595,3,headache,6,59,116,80,22,97,38.0
30016596,1,headache,6,104,112,67,20,98,37.7
30016597,2,fall,10,84,140,71,9,95,37.4
30016598,3,knee pain,0,98,114,68,15,92,36.9
30016599,3,anxiety,0,98,126,76,15,97,37.7
30016600,4,fall,0,107,124,86,8,96,37.6
30016601,3,back pain,5,61,106,68,23,98,37.5
30016602,3,abdominal pain,0,79,105,79,14,96,36.7
30016603,4,headache,1,96,118,53,10,98,35.6
30016604,3,knee pain,7,89,106,78,12,98,36.3
30016605,4,shortness of breath,0,75,108,92,13,96,37.8
30016606,3,shortness of breath,5,70,139,96,20,95,37.2
30016607,4,back pain,5,69,168,80,16,96,37.7
30016608,3,anxiety,4,84,116,82,19,95,36.7
30016609,2,fever,8,79,108,77,16,96,36.4
30016610,2,knee pain,9,99,159,67,18,98,37.0
30016611,4,chest pain,1,104,128,84,21,100,37.6
30016612,3,fever,0,106,104,91,12,95,37.0
30016613,3,headache,4,70,145,69,21,95,37.1
30016614,3,chest pain,6,88,158,92,19,98,37.5
30016615,3,chest pain,3,83,120,77,8,98,36.7
30016616,2,fall,6,66,104,90,15,97,37.2
30016617,3,back pain,5,85,157,87,13,96,37.5
30016618,4,headache,5,87,130,76,22,100,37.0
30016619,3,laceration,3,77,124,77,16,99,38.2
30016620,3,chest pain,5,88,167,87,21,99,38.7
30016621,3,back pain,7,94,150,87,21,100,36.4
30016622,1,fever,10,91,118,82,18,98,36.0
30016623,2,fever,7,102,96,61,22,96,36.1
30016624,3,knee pain,1,79,99,78,16,94,37.4
30016625,3,shortness of breath,1,87,126,78,19,93,36.8
30016626,3,knee pain,4,63,140,67,21,100,36.7
30016627,4,knee pain,3,89,133,89,14,100,38.1
30016628,3,back pain,5,78,125,82,15,99,36.4
30016629,1,back pain,9,98,84,89,10,98,38.2
30016630,3,anxiety,5,95,137,89,18,89,37.6
30016631,3,abdominal pain,0,67,128,83,11,99,36.8
30016632,3,anxiety,3,112,115,101,21,96,36.8
30016633,1,shortness of breath,7,89,121,85,16,100,38.3
30016634,5,fall,6,85,91,79,21,95,36.6
30016635,3,laceration,6,98,125,97,19,100,36.8
30016636,5,knee pain,2,102,143,88,16,98,36.3
30016637,3,fall,0,89,87,60,18,97,37.2
30016638,3,chest pain,6,88,138,86,19,93,37.0
30016639,3,fall,3,106,80,69,12,100,37.3
30016640,4,fever,5,82,147,70,19,94,37.3
30016641,3,anxiety,4,92,101,75,15,100,37.2
30016642,5,laceration,5,69,98,71,23,99,37.0
30016643,3,fever,0,102,124,90,25,96,37.1
30016644,3,headache,3,96,130,65,21,100,36.7
30016645,3,headache,4,86,90,97,19,95,38.3
30016646,3,fall,2,71,153,107,17,98,36.1
30016647,3,shortness of breath,0,72,130,64,16,98,36.7
30016648,4,abdominal pain,1,91,169,77,19,100,36.7
30016649,4,headache,0,95,139,98,11,99,37.8
30016650,3,knee pain,7,83,151,73,20,95,35.9
30016651,2,headache,8,107,125,60,14,99,37.2
30016652,2,laceration,7,76,120,104,23,94,36.0
30016653,3,shortness of breath,3,74,100,72,19,95,36.6
30016654,5,anxiety,2,77,105,67,30,100,35.8
30016655,3,knee pain,6,102,125,105,20,94,36.1
30016656,3,headache,3,84,117,96,15,98,37.1
30016657,3,fever,7,74,88,75,16,95,38.1
30016658,2,shortness of breath,9,104,93,84,23,94,36.9
30016659,3,abdominal pain,5,97,129,56,23,96,37.1
30016660,3,chest pain,1,81,97,82,24,96,37.2
30016661,1,shortness of breath,10,57,106,88,19,96,38.1
30016662,3,fall,4,82,130,87,16,96,37.3
30016663,5,back pain,0,77,92,88,18,98,36.2
30016664,2,laceration,9,93,125,74,16,98,36.5
30016665,4,shortness of breath,2,78,137,78,11,97,37.3
30016666,2,knee pain,10,115,105,77,24,93,36.9
30016667,3,fever,0,77,135,98,14,91,36.6
30016668,3,fall,6,107,108,81,26,100,37.4
30016669,3,knee pain,3,100,105,79,9,97,36.3
30016670,3,back pain,4,77,111,60,17,100,36.4
30016671,3,shortness of breath,6,88,123,68,22,99,36.6
30016672,2,headache,7,110,106,77,25,99,35.7
30016673,4,fall,0,75,152,64,15,98,37.5
30016674,3,chest pain,0,73,101,78,22,97,37.4
30016675,4,fever,6,83,98,63,22,100,36.8
30016676,2,shortness of breath,7,75,134,94,17,99,37.8
30016677,5,shortness of breath,4,97,140,77,18,93,36.7
30016678,4,abdominal pain,6,97,128,96,18,100,37.3
30016679,5,abdominal pain,0,94,109,92,17,100,36.3
30016680,2,chest pain,7,85,121,76,17,93,36.7
30016681,3,shortness of breath,1,74,121,76,25,98,37.0
30016682,3,chest pain,4,106,154,83,20,98,38.4
30016683,3,shortness of breath,0,84,100,64,25,100,35.9
30016684,2,fall,6,94,109,70,16,93,37.5
30016685,3,anxiety,5,66,117,103,18,100,36.7
30016686,3,headache,6,92,156,83,16,95,37.5
30016687,2,knee pain,9,92,83,57,22,96,37.0
30016688,3,shortness of breath,7,64,169,82,18,96,37.2
30016689,5,fever,4,73,118,72,17,94,37.2
30016690,3,knee pain,2,87,159,63,13,98,38.1
30016691,3,back pain,2,95,108,65,18,100,38.0
30016692,3,knee pain,0,62,134,91,26,100,37.4
30016693,4,knee pain,7,102,146,82,15,94,38.1
30016694,3,shortness of breath,6,100,189,81,17,100,36.6
30016695,1,chest pain,9,63,125,86,18,96,36.6
30016696,3,fall,1,91,134,84,20,100,36.8
30016697,3,anxiety,7,80,198,91,17,99,37.5
30016698,5,knee pain,4,70,114,64,15,99,36.4
30016699,3,laceration,2,95,115,65,25,98,36.7
30016700,4,chest pain,3,76,121,82,23,96,36.8
30016701,2,laceration,6,82,128,70,17,98,37.1
30016702,5,shortness of breath,3,129,113,89,14,99,36.9
30016703,3,fever,5,95,78,99,14,97,37.5
30016704,3,laceration,2,89,125,78,19,91,39.3
30016705,4,chest pain,7,80,123,83,19,98,37.4
30016706,3,chest pain,3,56,143,65,17,99,37.5
30016707,3,knee pain,4,98,141,87,14,100,36.4
30016708,3,abdominal pain,0,91,158,62,17,100,36.9
30016709,2,anxiety,6,96,129,90,14,98,36.8
30016710,3,laceration,2,94,163,80,22,98,37.8
30016711,3,chest pain,7,71,146,64,20,96,35.9
30016712,3,chest pain,5,95,107,87,14,94,35.7
30016713,3,fever,1,70,138,82,24,96,37.4
30016714,4,headache,3,86,159,89,14,96,37.3
30016715,3,headache,7,67,93,99,11,96,36.5
30016716,3,shortness of breath,5,93,93,48,17,96,36.8
30016717,1,chest pain,9,99,91,92,15,95,36.1
30016718,2,shortness of breath,9,111,98,83,17,98,36.9
30016719,3,abdominal pain,2,83,135,87,21,95,38.7
30016720,3,abdominal pain,6,80,139,64,20,98,37.3
30016721,3,abdominal pain,6,72,105,95,24,95,36.8
30016722,3,knee pain,4,83,98,83,10,99,38.0
30016723,2,back pain,6,71,132,83,25,98,37.8
30016724,3,chest pain,7,88,124,81,17,92,37.3
30016725,3,anxiety,2,112,128,83,14,97,36.0
30016726,4,laceration,7,88,113,88,21,94,37.9
30016727,2,headache,8,101,143,75,20,100,37.7
30016728,2,fever,7,80,121,55,18,98,37.7
30016729,4,fall,3,92,180,63,15,100,37.8
30016730,2,fever,8,95,147,71,17,94,38.2
30016731,3,back pain,4,70,143,87,17,100,37.2
30016732,3,fall,0,72,111,80,19,100,38.3
30016733,3,shortness of breath,6,106,125,66,20,97,37.8
30016734,5,fever,6,98,118,78,17,96,36.7
30016735,4,laceration,6,55,123,79,14,100,37.5
30016736,3,back pain,2,81,144,87,19,95,37.8
30016737,3,anxiety,5,74,153,79,21,97,37.2
30016738,3,anxiety,6,109,122,75,24,97,35.1
30016739,2,fall,10,82,118,63,25,98,36.4
30016740,4,chest pain,5,101,134,70,28,97,36.0
30016741,3,anxiety,3,82,131,57,14,98,35.9
30016742,2,fever,10,101,114,60,24,99,36.7
30016743,3,shortness of breath,0,65,116,81,17,99,38.7
30016744,3,fever,1,88,110,85,11,97,36.1
30016745,4,fall,1,100,110,80,18,99,37.3
30016746,3,abdominal pain,3,75,133,82,20,91,36.9
30016747,3,fever,0,70,98,56,25,93,36.8
30016748,5,fall,5,64,135,53,24,99,35.8
30016749,3,fever,3,69,123,64,21,97,35.7
30016750,3,anxiety,2,63,158,112,11,100,36.5
30016751,2,laceration,8,85,127,81,16,97,37.9
30016752,2,abdominal pain,6,102,100,80,11,98,36.9
30016753,5,anxiety,3,74,122,111,25,100,38.1
30016754,2,back pain,6,69,109,112,17,95,37.7
30016755,3,headache,2,80,136,64,21,93,37.6
30016756,4,headache,0,82,157,66,19,92,38.4
30016757,2,anxiety,6,106,105,70,19,93,37.9
30016758,3,chest pain,5,82,109,75,13,96,35.9
30016759,3,knee pain,5,76,111,88,20,96,37.4
30016760,2,headache,10,86,101,101,21,100,36.7
30016761,3,anxiety,6,75,139,85,23,96,37.2
30016762,3,back pain,1,84,140,68,14,100,37.5
30016763,3,back pain,2,92,113,80,23,99,37.3
30016764,2,fall,8,89,140,70,24,95,36.4
30016765,3,laceration,3,88,115,67,17,100,36.9
30016766,3,headache,4,82,152,72,22,100,37.6
30016767,5,shortness of breath,2,68,148,73,21,93,37.6
30016768,4,anxiety,0,88,145,89,18,98,37.0
30016769,3,fall,0,100,121,37,19,99,37.3
30016770,3,back pain,3,104,90,89,21,100,37.9
30016771,2,knee pain,8,74,101,91,15,92,38.3
30016772,3,laceration,5,87,110,93,15,98,36.0
30016773,3,laceration,4,80,124,77,21,98,36.1
30016774,4,laceration,7,68,129,77,19,100,36.6
30016775,3,laceration,5,77,99,106,21,99,37.6
30016776,3,knee pain,0,81,101,74,19,97,37.2
30016777,5,anxiety,7,71,102,91,20,97,37.1
30016778,4,chest pain,6,49,111,72,26,96,38.1
30016779,4,chest pain,2,87,107,100,20,95,39.0
30016780,3,abdominal pain,1,103,124,74,26,93,36.8
30016781,3,abdominal pain,5,63,144,98,19,98,38.3
30016782,4,fall,0,100,118,82,18,92,37.0
30016783,3,chest pain,4,88,128,78,22,93,37.0
30016784,1,fall,7,109,132,79,15,97,38.0
30016785,3,fall,7,62,146,89,15,95,36.0
30016786,4,laceration,6,67,127,73,24,98,36.7
30016787,3,fall,7,71,103,80,16,99,36.4
30016788,3,headache,0,84,143,74,14,92,36.0
30016789,2,fever,6,77,99,60,19,99,36.7
30016790,3,chest pain,0,70,102,76,10,97,38.2
30016791,3,anxiety,5,76,133,82,18,95,39.6
30016792,2,abdominal pain,7,86,146,74,14,96,36.5
30016793,3,shortness of breath,6,56,146,81,14,93,36.7
30016794,4,knee pain,4,81,136,87,17,89,37.0
30016795,3,knee pain,7,70,161,77,19,98,37.8
30016796,4,abdominal pain,0,93,138,82,13,100,36.3
30016797,3,fall,5,80,123,63,21,94,36.4
30016798,3,laceration,2,80,92,106,20,100,35.8
30016799,2,shortness of breath,6,77,100,75,18,95,37.9
30016800,4,headache,6,68,131,87,20,100,37.1
30016801,4,laceration,2,62,118,90,21,95,37.1
30016802,3,fever,5,103,114,104,20,100,37.2
30016803,4,back pain,7,111,105,73,20,98,37.8
30016804,4,abdominal pain,4,100,109,70,22,96,36.7
30016805,1,back pain,6,78,113,89,15,92,38.2
30016806,2,abdominal pain,10,84,114,90,23,98,36.3
30016807,3,laceration,7,91,126,71,17,100,36.1
30016808,3,chest pain,5,99,140,104,23,98,36.9
30016809,3,fall,4,68,131,75,15,97,37.2
30016810,3,back pain,7,77,104,84,18,97,37.4
30016811,2,shortness of breath,7,86,89,73,19,99,38.2
30016812,3,back pain,2,70,141,70,21,100,37.0
30016813,2,shortness of breath,8,104,144,89,16,98,36.4
30016814,2,fall,8,88,99,62,17,98,37.1
30016815,5,fever,0,74,99,95,25,97,36.3
30016816,1,knee pain,7,91,100,49,22,100,36.1
30016817,3,chest pain,2,50,118,77,22,98,36.5
30016818,3,abdominal pain,1,96,136,91,26,99,37.5
30016819,3,headache,4,66,96,62,15,96,36.3
30016820,2,abdominal pain,7,82,127,84,21,92,36.8
30016821,3,fever,6,93,131,104,15,100,36.7
30016822,4,laceration,0,75,137,77,17,95,37.6
30016823,3,laceration,7,97,130,75,18,97,36.5
30016824,3,anxiety,1,48,132,70,26,99,36.8
30016825,2,knee pain,9,106,105,84,20,91,36.5
30016826,3,fall,2,72,81,87,20,99,38.1
30016827,3,anxiety,3,69,114,57,13,97,37.6
30016828,3,back pain,4,84,150,80,25,95,35.4
30016829,3,shortness of breath,0,82,108,72,17,93,35.9
30016830,3,headache,6,77,127,91,15,96,38.1
30016831,3,laceration,2,103,144,78,26,96,37.5
30016832,4,abdominal pain,3,80,101,50,22,92,37.1
30016833,4,headache,1,96,157,106,19,95,36.8
30016834,3,fever,2,69,123,99,25,100,38.2
30016835,3,headache,5,75,117,94,23,96,37.0
30016836,1,fall,9,76,92,75,11,100,38.1
30016837,3,back pain,7,71,130,76,22,96,36.9
30016838,4,anxiety,2,63,98,98,23,95,37.8
30016839,5,knee pain,2,77,117,93,17,93,37.5
30016840,4,fall,2,107,137,76,16,100,37.2
30016841,4,knee pain,2,78,141,86,23,89,38.3
30016842,3,fever,4,72,155,97,25,100,37.7
30016843,3,laceration,1,78,116,71,21,100,36.3
30016844,2,fall,7,72,91,80,12,100,35.6
30016845,2,shortness of breath,8,61,134,93,18,98,37.3
30016846,3,fall,4,79,96,63,21,97,36.7
30016847,3,abdominal pain,4,109,164,68,19,98,37.5
30016848,3,abdominal pain,3,95,117,101,18,91,36.8
30016849,2,shortness of breath,8,74,150,65,19,98,35.9
30016850,3,fever,7,85,122,94,23,100,36.9
30016851,4,laceration,0,76,123,87,25,94,37.2
30016852,3,laceration,3,100,135,81,22,95,36.8
30016853,3,back pain,7,77,145,94,22,100,37.8
30016854,1,knee pain,9,91,119,101,20,100,38.5
30016855,4,chest pain,0,97,144,76,19,100,37.7
30016856,4,knee pain,7,78,136,107,15,100,37.9
30016857,3,laceration,1,85,109,68,19,95,37.4
30016858,4,knee pain,3,77,126,79,13,100,36.1
30016859,4,shortness of breath,5,77,159,99,16,95,37.6
30016860,3,knee pain,3,83,145,87,22,98,37.0
30016861,3,knee pain,6,107,97,92,22,97,38.6
30016862,5,knee pain,2,64,89,62,22,100,36.8
30016863,3,knee pain,3,74,135,74,14,94,36.4
30016864,3,shortness of breath,0,70,156,83,27,95,37.4
30016865,2,shortness of breath,6,83,116,113,18,100,36.6
30016866,2,anxiety,7,85,114,81,20,92,36.5
30016867,4,chest pain,1,103,129,107,21,99,36.5
30016868,2,anxiety,10,113,102,97,14,99,36.4
30016869,3,headache,5,92,138,103,18,96,37.8
30016870,3,laceration,3,96,139,38,18,97,36.9
30016871,3,headache,4,65,129,91,20,95,35.4
30016872,3,headache,4,87,113,97,27,98,36.6
30016873,4,fall,2,73,121,111,19,96,36.9
30016874,2,shortness of breath,9,101,153,103,18,95,37.2
30016875,2,headache,6,57,97,69,20,98,38.2
30016876,3,shortness of breath,4,101,146,73,17,100,38.4
30016877,3,knee pain,2,106,90,83,21,97,36.3
30016878,4,knee pain,7,96,89,56,17,100,37.1
30016879,2,back pain,7,93,93,54,20,100,37.2
30016880,5,chest pain,6,78,107,67,23,95,35.1
30016881,4,headache,7,90,104,60,15,100,36.0
30016882,2,chest pain,9,85,103,63,16,98,36.0
30016883,4,fever,6,107,123,91,23,90,36.7
30016884,3,laceration,6,86,93,68,11,98,39.0
30016885,3,anxiety,5,95,136,37,20,100,38.2
30016886,3,shortness of breath,4,89,125,91,15,97,37.6
30016887,3,back pain,0,83,76,103,22,94,35.4
30016888,3,abdominal pain,5,63,126,93,22,100,37.0
30016889,4,laceration,4,96,107,60,18,97,37.1
30016890,3,fever,5,73,153,82,12,91,36.9
30016891,4,chest pain,7,66,130,83,28,97,38.0
30016892,4,knee pain,6,92,167,101,18,99,36.4
30016893,3,anxiety,4,99,115,69,19,99,38.2
30016894,4,shortness of breath,5,109,127,81,22,98,37.7
30016895,4,knee pain,2,112,112,61,18,93,37.0
30016896,3,abdominal pain,6,84,179,74,22,99,35.1
30016897,3,knee pain,0,48,162,71,19,91,36.8
30016898,2,shortness of breath,7,95,112,72,16,88,37.6
30016899,4,chest pain,5,82,118,81,16,97,36.7
30016900,2,fall,9,60,116,57,17,96,36.3
30016901,5,knee pain,1,104,130,51,23,98,37.1
30016902,3,back pain,5,122,123,102,25,98,36.2
30016903,3,chest pain,2,74,153,92,14,100,36.4
30016904,4,fever,7,82,126,83,27,94,37.0
30016905,3,shortness of breath,2,89,111,74,12,96,38.0
30016906,2,anxiety,9,75,130,78,19,93,35.9
30016907,5,chest pain,1,87,118,85,21,96,36.2
30016908,3,laceration,4,74,126,83,12,97,37.0
30016909,2,knee pain,9,68,116,77,20,97,37.5
30016910,4,laceration,4,92,91,74,20,97,37.8
30016911,3,shortness of breath,3,85,134,65,21,100,38.5
30016912,4,headache,2,88,117,104,24,96,38.2
30016913,2,laceration,7,86,145,79,16,95,37.1
30016914,3,chest pain,4,69,133,87,17,100,36.6
30016915,4,fever,3,78,124,93,13,94,37.4
30016916,3,anxiety,7,91,108,101,25,97,36.2
30016917,5,laceration,1,102,141,52,22,92,36.2
30016918,4,fever,2,67,150,78,21,97,36.9
30016919,4,abdominal pain,1,108,124,49,19,97,38.7
30016920,4,back pain,4,95,104,69,26,97,36.3
30016921,2,headache,7,89,118,111,13,96,36.8
30016922,3,chest pain,3,79,150,82,19,100,38.5
30016923,3,chest pain,7,99,123,92,26,97,36.3
30016924,3,chest pain,5,61,124,58,21,100,37.7
30016925,4,chest pain,5,73,126,85,16,99,37.6
30016926,4,abdominal pain,0,58,128,68,16,98,35.3
30016927,3,fall,5,101,89,87,19,97,36.9
30016928,2,back pain,6,72,152,47,16,96,38.4
30016929,3,laceration,3,82,138,61,20,93,38.0
30016930,5,knee pain,4,81,136,54,13,94,37.8
30016931,4,chest pain,5,84,121,87,16,94,37.6
30016932,3,back pain,3,59,113,85,11,96,37.5
30016933,3,laceration,3,82,115,58,17,97,37.3
30016934,3,anxiety,7,112,124,98,14,96,36.3
30016935,3,anxiety,1,81,119,87,13,95,36.8
30016936,3,fall,0,96,127,89,19,95,35.6
30016937,3,chest pain,1,56,111,73,25,100,37.5
30016938,3,laceration,1,81,137,75,21,94,37.4
30016939,3,fever,6,88,128,63,20,93,37.6
30016940,3,knee pain,2,60,117,74,15,96,38.2
30016941,4,fever,0,50,114,80,17,92,37.9
30016942,3,shortness of breath,1,78,127,84,17,92,36.8
30016943,4,headache,7,92,151,93,17,90,38.0
30016944,4,chest pain,1,106,114,76,19,100,36.7
30016945,3,anxiety,1,140,99,71,18,97,37.7
30016946,3,fall,5,100,126,69,14,100,36.9
30016947,3,knee pain,1,83,133,82,12,95,36.0
30016948,4,anxiety,7,71,137,115,13,94,37.8
30016949,3,chest pain,4,68,143,70,21,98,36.1
30016950,4,abdominal pain,1,68,152,69,18,94,36.5
30016951,5,laceration,0,68,134,92,22,92,37.3
30016952,3,chest pain,6,86,115,68,18,93,35.0
30016953,4,laceration,1,80,140,71,22,93,37.7
30016954,4,laceration,7,86,130,96,22,98,37.3
30016955,4,headache,7,82,119,71,14,96,37.4
30016956,4,anxiety,1,78,156,64,22,97,38.1
30016957,3,anxiety,1,67,111,87,19,96,37.2
30016958,3,chest pain,6,78,147,64,22,95,36.2
30016959,3,anxiety,6,77,145,74,16,98,37.2
30016960,3,abdominal pain,3,90,129,57,18,98,36.4
30016961,1,fall,8,105,96,75,18,100,37.8
30016962,3,knee pain,1,104,142,102,13,100,37.3
30016963,3,anxiety,1,86,120,66,23,100,37.9
30016964,3,back pain,2,68,110,93,21,99,35.7
30016965,3,back pain,0,69,101,92,16,91,37.6
30016966,3,headache,6,89,98,84,14,92,37.9
30016967,3,abdominal pain,3,77,115,77,22,95,36.6
30016968,3,laceration,6,77,135,91,16,97,36.1
30016969,3,shortness of breath,4,87,149,61,12,99,37.3
30016970,3,anxiety,4,68,102,76,19,89,37.7
30016971,3,abdominal pain,4,91,156,71,17,97,37.5
30016972,3,knee pain,1,70,135,106,18,99,37.1
30016973,2,headache,8,71,116,91,20,97,38.7
30016974,3,fall,1,100,84,88,16,99,36.8
30016975,3,chest pain,3,72,125,106,17,93,38.4
30016976,2,abdominal pain,8,87,157,67,24,100,36.1
30016977,3,knee pain,7,89,112,89,21,94,36.7
30016978,4,chest pain,4,89,84,107,18,98,36.7
30016979,4,back pain,7,61,158,60,26,98,36.7
30016980,4,fall,6,93,139,65,19,100,35.8
30016981,3,fall,3,82,115,67,22,100,36.3
30016982,2,knee pain,7,77,132,61,21,95,39.0
30016983,3,fall,5,62,127,57,11,90,36.4
30016984,3,abdominal pain,6,73,135,74,16,98,38.5
30016985,3,shortness of breath,5,86,135,100,24,96,37.9
30016986,1,fever,7,145,132,63,20,93,37.1
30016987,2,back pain,7,88,95,75,22,96,37.0
30016988,3,headache,2,94,168,67,19,100,36.5
30016989,3,fall,2,73,90,88,16,100,36.9
30016990,4,fall,7,98,110,73,15,98,35.8
30016991,2,fever,7,69,160,102,20,100,39.3
30016992,4,fall,7,95,141,82,13,99,36.5
30016993,1,chest pain,8,118,118,68,16,100,37.7
30016994,3,chest pain,2,86,150,86,18,95,37.5
30016995,3,shortness of breath,4,85,130,53,23,98,38.0
30016996,3,fever,1,84,159,83,22,99,37.6
30016997,4,chest pain,6,83,155,54,17,100,35.2
30016998,4,anxiety,5,100,77,93,17,97,37.7
30016999,3,headache,0,72,120,104,16,97,37.4
30017000,3,headache,0,72,137,105,12,100,37.2
30017001,4,fall,1,77,149,80,14,100,37.3
30017002,4,fall,5,87,140,78,17,95,35.3
30017003,5,fever,4,78,130,63,21,97,36.6
30017004,3,knee pain,5,76,101,53,23,100,37.2
30017005,3,anxiety,6,88,109,78,14,100,38.0
30017006,3,headache,0,88,148,105,14,100,36.9
30017007,4,anxiety,0,61,106,101,13,94,36.2
30017008,3,fall,3,88,148,73,15,97,35.9
30017009,5,back pain,6,69,143,102,19,95,36.6
30017010,5,back pain,4,76,110,81,21,91,36.5
30017011,3,headache,6,56,119,65,27,99,37.8
30017012,3,abdominal pain,2,95,158,87,18,99,37.8
30017013,3,laceration,3,82,120,79,20,100,36.6
30017014,3,shortness of breath,7,69,57,115,19,96,37.4
30017015,3,chest pain,5,110,135,64,18,93,35.8
30017016,3,chest pain,3,104,131,95,16,98,36.6
30017017,1,chest pain,10,81,110,66,12,100,36.1
30017018,3,fall,2,75,114,30,17,96,37.3
30017019,3,abdominal pain,1,91,109,71,20,99,35.7
30017020,3,anxiety,4,68,133,86,14,91,35.7
30017021,3,chest pain,0,91,124,111,24,99,35.7
30017022,3,laceration,4,82,122,87,18,100,36.8
30017023,1,laceration,9,97,124,89,16,99,36.8
30017024,4,fever,6,87,135,82,22,94,36.7
30017025,3,fall,5,83,136,49,17,96,37.5
30017026,2,chest pain,6,75,116,54,18,95,37.6
30017027,3,fall,7,87,124,70,22,98,36.1
30017028,3,back pain,6,95,133,47,19,96,37.6
30017029,5,chest pain,0,122,103,102,13,97,36.2
30017030,1,fall,10,81,148,105,26,99,37.6
30017031,4,abdominal pain,2,81,150,73,17,96,37.3
30017032,3,abdominal pain,1,86,110,80,20,97,37.1
30017033,4,chest pain,0,82,89,85,20,96,35.8
30017034,3,fever,0,67,131,104,14,94,37.9
30017035,3,abdominal pain,2,64,135,61,18,100,36.6
30017036,3,fever,4,55,131,89,20,100,36.1
30017037,3,headache,4,70,117,65,19,93,37.2
30017038,3,anxiety,5,78,135,82,16,97,37.1
30017039,4,abdominal pain,5,109,115,53,19,100,36.6
30017040,2,knee pain,6,111,139,107,18,99,37.1
30017041,5,fever,5,78,114,84,18,98,36.7
30017042,3,back pain,1,55,136,110,16,99,36.4
30017043,4,knee pain,2,79,96,40,28,94,37.5
30017044,3,abdominal pain,3,70,105,84,15,93,37.4
30017045,3,chest pain,2,105,143,79,13,94,37.0
30017046,1,knee pain,7,83,126,78,16,100,37.2
30017047,3,laceration,3,103,98,49,12,100,37.7
30017048,1,fever,9,48,155,106,17,97,37.4
30017049,4,chest pain,1,84,115,86,19,95,36.3
30017050,3,knee pain,6,85,128,70,14,95,36.9
30017051,4,knee pain,0,79,118,76,13,99,37.6
30017052,2,fever,7,102,96,105,24,93,36.4
30017053,3,anxiety,5,125,132,81,18,93,36.5
30017054,3,back pain,5,70,122,88,24,98,37.9
30017055,3,fall,2,80,108,108,17,93,36.2
30017056,3,chest pain,0,88,93,84,16,95,38.0
30017057,3,back pain,0,92,117,82,21,99,37.0
30017058,5,laceration,4,102,159,80,12,99,37.2
30017059,3,abdominal pain,6,73,114,55,24,100,38.2
30017060,4,fall,4,87,108,98,13,96,38.0
30017061,2,knee pain,8,73,126,86,11,97,37.6
30017062,5,abdominal pain,0,71,116,93,16,93,37.4
30017063,4,headache,1,124,82,67,7,96,35.9
30017064,3,fever,1,83,138,74,22,100,38.3
30017065,3,fall,3,75,103,68,16,96,38.5
30017066,3,abdominal pain,7,85,124,94,20,93,37.1
30017067,3,chest pain,5,88,147,74,15,92,36.6
30017068,3,fall,3,82,144,90,23,94,37.8
30017069,1,laceration,10,75,110,80,26,100,36.6
30017070,3,shortness of breath,5,89,130,63,18,99,37.8
30017071,1,anxiety,6,72,119,88,23,95,36.3
30017072,2,shortness of breath,10,72,107,76,17,94,36.6
30017073,5,knee pain,7,66,132,57,18,95,37.5
30017074,3,anxiety,6,72,120,81,24,90,37.4
30017075,3,anxiety,0,85,140,72,16,99,35.9
30017076,4,anxiety,1,62,119,100,17,100,37.7
30017077,4,anxiety,1,67,144,55,25,95,37.1
30017078,3,knee pain,5,100,92,85,27,95,35.8
30017079,3,back pain,2,99,123,82,21,91,37.0
30017080,3,chest pain,7,58,117,71,22,97,37.8
30017081,3,shortness of breath,0,67,130,70,16,93,37.0
30017082,1,laceration,8,98,97,81,20,99,36.1
30017083,3,shortness of breath,3,66,122,116,19,97,36.6
30017084,2,back pain,9,68,147,84,24,96,36.3
30017085,2,abdominal pain,10,116,113,72,18,100,37.0
30017086,3,fever,4,98,132,84,13,98,36.7
30017087,3,chest pain,2,67,121,80,16,95,37.9
30017088,3,back pain,3,76,135,81,17,96,36.8
30017089,2,fall,6,94,147,83,22,97,36.4
30017090,3,back pain,5,65,115,86,17,97,37.1
30017091,5,abdominal pain,1,93,161,80,20,95,35.7
30017092,4,shortness of breath,7,94,128,97,21,97,37.0
30017093,3,anxiety,4,78,83,82,20,97,37.0
30017094,5,anxiety,3,67,135,71,16,95,37.5
30017095,5,abdominal pain,0,75,132,95,21,94,38.3
30017096,4,back pain,6,58,114,79,19,96,36.5
30017097,4,back pain,1,68,132,95,19,100,37.7
30017098,3,anxiety,1,83,134,61,18,100,37.3
30017099,3,fever,6,71,136,86,22,91,38.0
30017100,3,back pain,1,84,173,67,19,100,37.2
30017101,3,headache,0,54,116,79,17,100,36.7
30017102,3,anxiety,3,75,104,64,12,98,37.2
30017103,3,anxiety,0,76,136,68,7,93,36.1
30017104,2,abdominal pain,10,92,87,76,20,96,37.8
30017105,1,laceration,8,87,116,58,17,99,37.8
30017106,3,shortness of breath,1,69,98,91,18,95,38.3
30017107,4,shortness of breath,0,75,108,61,21,94,37.9
30017108,4,knee pain,0,74,84,99,23,97,36.5
30017109,3,chest pain,4,113,125,79,17,97,37.5
30017110,3,headache,7,92,145,103,20,96,36.8
30017111,3,knee pain,1,97,150,52,21,99,35.2
30017112,3,shortness of breath,5,82,134,109,17,97,37.3
30017113,2,headache,9,86,142,87,16,99,37.3
30017114,3,fever,2,93,68,84,23,95,36.1
30017115,4,shortness of breath,4,91,124,78,22,96,36.7
30017116,3,laceration,0,75,146,102,19,95,36.0
30017117,2,headache,7,75,126,100,11,100,37.2
30017118,2,anxiety,8,123,95,62,21,94,37.6
30017119,4,laceration,0,105,139,105,27,96,35.9
30017120,2,headache,9,88,140,66,14,99,35.8
30017121,3,knee pain,1,57,152,84,20,94,37.1
30017122,4,laceration,7,79,142,60,15,100,36.2
30017123,3,anxiety,0,87,165,119,10,96,37.8
30017124,4,chest pain,4,101,148,57,18,100,36.4
30017125,2,fall,8,86,102,82,18,94,38.6
30017126,4,shortness of breath,3,93,147,91,15,95,37.1
30017127,3,headache,2,80,132,75,21,100,36.9
30017128,2,fever,8,94,115,84,15,97,37.3
30017129,3,headache,2,68,127,84,19,98,36.8
30017130,2,shortness of breath,10,92,139,49,20,93,37.4
30017131,3,fever,2,65,151,78,17,97,36.7
30017132,4,knee pain,1,78,125,70,21,94,37.9
30017133,5,abdominal pain,4,91,116,101,22,100,36.0
30017134,5,laceration,0,55,101,87,17,97,37.1
30017135,3,back pain,6,79,151,61,17,100,37.2
30017136,4,knee pain,1,102,120,60,17,95,37.4
30017137,3,anxiety,6,94,136,102,17,98,36.8
30017138,3,chest pain,6,93,135,77,21,100,36.6
30017139,3,fall,7,79,118,59,13,97,37.0
30017140,3,chest pain,2,111,136,99,18,94,37.4
30017141,3,abdominal pain,0,98,121,104,21,100,37.4
30017142,2,abdominal pain,10,84,143,64,16,100,35.1
30017143,2,anxiety,10,72,102,91,14,95,37.7
30017144,5,knee pain,5,78,117,83,23,100,38.0
30017145,3,fever,1,87,112,79,15,92,37.1
30017146,3,chest pain,3,60,138,78,14,95,38.0
30017147,3,chest pain,2,83,133,83,19,93,38.3
30017148,4,shortness of breath,4,104,158,75,15,95,37.9
30017149,3,shortness of breath,2,92,102,93,9,94,37.1
30017150,3,anxiety,7,76,144,64,18,100,36.8
30017151,4,shortness of breath,2,81,160,59,15,92,37.0
30017152,3,anxiety,7,88,122,73,11,94,37.5
30017153,3,abdominal pain,0,94,137,78,7,95,37.0
30017154,2,headache,7,84,154,81,19,95,37.8
30017155,3,laceration,6,82,114,88,13,95,37.4
30017156,4,chest pain,0,94,139,75,9,99,38.4
30017157,4,fall,6,117,102,89,16,99,36.2
30017158,1,knee pain,10,77,156,92,19,96,36.2
30017159,5,abdominal pain,3,70,158,64,19,100,36.6
30017160,2,anxiety,8,92,131,94,18,97,36.4
30017161,4,abdominal pain,6,79,131,72,18,94,38.2
30017162,2,anxiety,6,70,125,100,24,92,37.7
30017163,3,shortness of breath,0,81,125,73,19,98,36.8
30017164,3,chest pain,6,66,140,95,15,100,35.7
30017165,2,anxiety,9,70,120,79,18,97,38.4
30017166,3,fall,1,94,113,81,21,99,38.2
30017167,3,chest pain,5,91,143,71,12,99,38.1
30017168,1,fever,7,89,129,74,23,92,36.3
30017169,4,anxiety,3,90,158,106,21,93,38.0
30017170,3,anxiety,5,65,107,80,16,93,36.2
30017171,3,knee pain,6,82,128,65,18,96,39.1
30017172,4,shortness of breath,2,98,103,79,19,93,38.0
30017173,4,headache,2,77,142,74,19,98,37.0
30017174,3,headache,3,91,151,81,18,100,37.5
30017175,2,knee pain,8,81,130,83,18,96,37.6
30017176,2,chest pain,9,93,101,64,19,96,38.0
30017177,3,laceration,3,106,112,75,19,98,36.7
30017178,2,knee pain,10,87,145,69,22,95,36.3
30017179,2,headache,10,95,130,99,11,99,36.9
30017180,3,headache,2,101,111,58,16,100,37.4
30017181,5,knee pain,0,77,135,53,18,95,36.3
30017182,3,chest pain,4,81,115,114,16,93,38.5
30017183,3,fall,0,86,126,71,19,92,37.3
30017184,2,anxiety,7,92,112,97,23,100,38.3
30017185,3,chest pain,3,85,136,58,11,96,35.0
30017186,3,abdominal pain,5,59,120,58,21,94,37.3
30017187,3,shortness of breath,5,70,120,57,10,95,37.7
30017188,3,knee pain,6,108,139,105,15,100,37.0
30017189,2,abdominal pain,8,81,153,98,25,97,38.9
30017190,3,laceration,6,100,144,75,19,96,37.9
30017191,3,anxiety,7,111,155,107,15,98,37.1
30017192,4,anxiety,3,85,128,79,14,99,35.8
30017193,3,knee pain,4,53,147,72,17,100,37.0
30017194,3,shortness of breath,2,101,107,80,9,96,37.3
30017195,3,headache,7,97,114,87,13,100,36.8
30017196,3,shortness of breath,1,89,112,77,16,96,36.6
30017197,5,fall,2,87,128,83,18,97,36.5
30017198,3,fall,5,71,91,73,16,97,38.2
30017199,4,knee pain,4,112,115,84,24,98,36.3
30017200,2,chest pain,6,81,145,88,24,100,37.3
30017201,4,headache,7,87,102,62,12,97,37.2
30017202,4,knee pain,0,70,137,93,21,100,38.1
30017203,3,anxiety,5,116,161,78,18,98,37.2
30017204,3,knee pain,0,63,123,78,18,94,36.3
30017205,3,fever,1,93,98,93,16,100,36.8
30017206,4,back pain,3,95,121,55,20,93,37.2
30017207,2,fever,8,69,95,76,18,94,36.0
30017208,3,back pain,2,104,156,63,16,96,37.1
30017209,3,headache,3,89,79,81,25,100,38.2
30017210,3,back pain,2,101,111,95,19,98,38.4
30017211,2,laceration,10,77,115,94,22,99,37.9
30017212,2,headache,7,96,88,58,24,97,37.8
30017213,3,chest pain,6,92,123,79,21,100,37.6
30017214,3,anxiety,6,104,136,87,16,96,36.7
30017215,3,shortness of breath,2,89,105,93,22,96,38.3
30017216,3,anxiety,0,93,109,81,12,100,36.2
30017217,3,headache,1,81,120,79,19,98,36.4
30017218,1,laceration,6,88,115,66,13,96,36.6
30017219,4,shortness of breath,5,75,114,65,23,96,37.7
30017220,3,headache,7,86,112,105,11,99,37.2
30017221,2,knee pain,8,100,135,89,17,96,37.2
30017222,3,headache,6,85,147,69,24,92,36.5
30017223,2,knee pain,10,92,89,97,19,100,34.7
30017224,3,knee pain,7,90,126,61,19,96,37.1
30017225,2,anxiety,9,60,118,78,16,92,38.1
30017226,4,abdominal pain,3,61,135,72,17,96,38.9
30017227,4,fever,7,117,144,71,26,94,35.7
30017228,3,anxiety,2,93,160,84,17,99,37.8
30017229,2,fall,10,118,167,108,15,92,37.2
30017230,5,shortness of breath,3,93,116,48,19,96,36.4
30017231,4,anxiety,4,83,111,87,15,100,35.1
30017232,3,abdominal pain,6,100,151,59,19,100,36.3
30017233,3,knee pain,2,72,140,79,15,98,37.2
30017234,4,fever,7,74,73,75,11,97,37.4
30017235,3,headache,1,74,90,76,15,95,38.2
30017236,3,fever,1,117,111,66,12,97,37.3
30017237,5,abdominal pain,2,61,126,94,18,99,37.9
30017238,4,knee pain,4,107,118,78,25,91,35.3
30017239,3,anxiety,5,82,140,62,20,98,36.8
30017240,4,anxiety,2,90,115,66,20,98,37.0
30017241,3,fall,7,84,138,74,11,92,36.8
30017242,3,back pain,6,65,118,97,20,96,37.2
30017243,5,laceration,3,67,116,79,16,96,36.6
30017244,4,fever,4,86,108,76,23,96,37.2
30017245,3,headache,3,56,151,74,26,96,36.6
30017246,4,fall,3,75,110,80,12,97,37.5
30017247,3,anxiety,2,73,96,97,20,100,35.9
30017248,2,shortness of breath,7,105,96,42,17,100,36.4
30017249,5,chest pain,1,87,158,76,14,92,36.8
30017250,3,anxiety,7,48,84,80,19,91,36.5
30017251,3,chest pain,5,70,163,80,27,95,36.0
30017252,2,fever,9,84,167,71,20,99,35.2
30017253,3,anxiety,1,91,122,75,15,94,37.1
30017254,2,fever,7,75,135,80,11,95,35.4
30017255,3,shortness of breath,0,109,83,92,15,94,37.5
30017256,4,fever,0,50,123,95,19,95,35.9
30017257,2,knee pain,7,91,106,91,23,100,37.4
30017258,3,fall,6,74,130,75,18,97,37.3
30017259,4,headache,5,92,82,86,15,97,37.2
30017260,4,knee pain,7,76,99,51,12,100,36.8
30017261,4,anxiety,4,77,145,69,13,99,36.7
30017262,1,headache,10,47,110,76,23,97,36.7
30017263,3,laceration,2,101,126,76,15,99,37.0
30017264,3,fever,2,100,124,84,19,98,37.6
30017265,3,laceration,3,78,184,81,22,94,36.0
30017266,1,shortness of breath,10,92,143,81,24,97,38.4
30017267,3,fall,5,72,128,94,18,98,37.8
30017268,3,anxiety,1,71,129,81,17,98,37.8
30017269,1,fever,6,102,127,89,18,96,36.4
30017270,4,fall,1,93,142,62,12,93,37.5
30017271,4,shortness of breath,7,91,125,63,19,93,37.3
30017272,4,chest pain,6,102,134,71,23,100,36.6
30017273,4,chest pain,1,95,105,91,17,100,37.5
30017274,2,anxiety,6,77,107,92,18,100,37.7
30017275,3,fever,0,70,117,77,21,98,37.2
30017276,3,shortness of breath,5,80,140,77,13,97,36.2
30017277,5,laceration,0,99,130,58,16,94,38.1
30017278,2,back pain,7,111,109,106,14,94,36.8
30017279,3,fever,7,61,113,52,20,99,37.8
30017280,5,laceration,0,107,142,69,19,100,36.4
30017281,2,headache,8,64,150,74,18,99,36.7
30017282,3,fall,3,68,102,76,20,99,38.0
30017283,3,fever,2,96,121,84,23,99,38.1
30017284,4,chest pain,7,84,137,46,24,97,37.3
30017285,3,chest pain,3,74,109,80,30,97,37.9
30017286,3,fever,7,63,93,93,18,100,36.5
30017287,3,knee pain,6,93,138,79,20,92,38.1
30017288,3,knee pain,4,93,144,77,22,95,37.5
30017289,2,back pain,6,48,125,60,15,98,37.3
30017290,5,back pain,4,96,153,90,15,99,37.3
30017291,4,anxiety,1,88,134,87,20,96,37.8
30017292,3,fall,5,112,124,81,15,94,38.5
30017293,1,chest pain,7,89,144,37,16,96,39.1
30017294,3,chest pain,4,112,120,78,17,97,37.0
30017295,2,fall,8,83,118,70,20,100,37.5
30017296,2,knee pain,6,105,148,71,17,99,36.6
30017297,3,shortness of breath,5,88,130,75,12,92,38.5
30017298,4,back pain,4,71,128,69,24,97,36.9
30017299,4,anxiety,0,69,98,80,20,98,36.2
30017300,5,abdominal pain,6,99,107,79,23,95,38.1
30017301,3,back pain,1,77,111,76,15,96,38.1
30017302,3,laceration,4,95,114,86,16,95,35.5
30017303,3,fever,6,77,102,90,17,96,38.3
30017304,3,laceration,0,90,139,76,16,99,37.0
30017305,3,knee pain,2,106,154,82,15,100,37.2
30017306,2,laceration,6,88,142,85,15,96,38.3
30017307,4,fever,0,92,103,73,24,100,36.6
30017308,3,chest pain,5,128,150,80,25,97,36.8
30017309,3,knee pain,2,109,132,98,20,92,38.1
30017310,2,headache,9,85,146,80,21,96,38.3
30017311,3,shortness of breath,6,70,126,100,22,100,36.7
30017312,4,shortness of breath,3,91,119,69,13,96,37.0
30017313,3,headache,0,83,126,95,14,92,37.2
30017314,4,chest pain,3,106,138,98,23,95,37.7
30017315,2,fever,6,90,132,67,25,100,37.1
30017316,4,chest pain,1,79,131,58,24,95,38.5
30017317,2,fever,8,68,112,91,19,97,36.1
30017318,2,chest pain,7,79,122,92,18,96,36.8
30017319,1,anxiety,8,88,106,77,18,99,37.5
30017320,2,knee pain,8,96,147,72,19,100,36.6
30017321,2,abdominal pain,6,92,157,68,22,96,37.2
30017322,4,shortness of breath,3,99,121,87,18,97,37.2
30017323,2,headache,10,70,136,63,20,98,37.8
30017324,4,chest pain,7,67,97,87,17,91,36.7
30017325,3,headache,0,115,115,78,26,100,37.5
30017326,4,back pain,4,93,156,67,16,94,36.2
30017327,2,knee pain,7,91,130,89,18,100,37.0
30017328,3,laceration,4,97,114,94,18,95,36.9
30017329,2,abdominal pain,6,66,135,79,22,100,36.5
30017330,2,fever,7,78,139,78,19,98,37.7
30017331,3,laceration,4,61,111,79,18,93,37.0
30017332,3,fall,4,102,134,65,22,92,37.3
30017333,3,back pain,4,94,133,102,8,96,38.1
30017334,3,fever,0,82,116,70,15,98,37.3
30017335,3,headache,5,105,99,94,20,92,36.2
30017336,3,knee pain,6,51,120,98,20,100,35.5
30017337,2,fever,8,98,92,119,23,99,36.6
30017338,3,fever,4,71,112,88,23,89,36.1
30017339,3,back pain,6,85,129,76,25,99,36.6
30017340,3,knee pain,3,85,133,71,13,97,36.3
30017341,2,knee pain,6,81,125,73,19,100,36.7
30017342,3,laceration,4,63,142,115,19,100,36.4
30017343,3,back pain,2,68,89,49,18,100,37.3
30017344,4,laceration,4,50,105,58,19,95,37.7
30017345,4,abdominal pain,0,91,158,73,14,99,38.0
30017346,4,knee pain,1,84,132,94,23,99,36.5
30017347,3,anxiety,2,89,93,81,20,97,35.8
30017348,4,fever,3,99,111,81,15,100,36.6
30017349,2,fever,9,71,85,86,17,95,38.3
30017350,4,knee pain,4,120,123,68,20,93,36.1
30017351,4,anxiety,1,86,112,63,16,93,35.3
30017352,3,headache,5,82,138,91,27,99,36.7
30017353,4,back pain,6,77,135,107,11,92,37.3
30017354,3,laceration,6,90,97,68,10,97,37.7
30017355,3,back pain,0,96,117,81,17,94,36.9
30017356,3,laceration,3,67,127,101,17,97,37.7
30017357,3,fall,0,70,119,47,8,92,36.2
30017358,3,laceration,1,84,98,72,19,94,38.5
30017359,2,fall,6,89,122,71,21,95,37.4
30017360,3,chest pain,6,77,111,85,24,97,36.4
30017361,3,abdominal pain,4,89,96,74,17,100,37.4
30017362,4,headache,6,95,130,85,25,99,36.6
30017363,4,headache,7,75,119,74,15,99,37.7
30017364,3,knee pain,0,86,128,113,23,100,36.8
30017365,5,shortness of breath,2,79,123,65,19,99,36.2
30017366,3,anxiety,2,68,104,95,22,100,36.8
30017367,5,anxiety,7,80,138,91,25,96,37.1
30017368,3,anxiety,2,85,102,76,15,94,36.6
30017369,3,shortness of breath,4,118,129,82,8,100,37.4
30017370,4,headache,4,67,178,63,14,95,36.4
30017371,3,chest pain,1,86,121,80,20,96,37.8
30017372,3,fall,2,87,119,68,19,90,36.6
30017373,3,chest pain,6,68,123,89,14,98,37.2
30017374,1,abdominal pain,7,75,136,96,20,97,37.0
30017375,2,back pain,8,106,108,70,20,92,37.6
30017376,4,laceration,5,68,164,78,16,95,36.9
30017377,3,laceration,0,77,120,91,15,96,36.8
30017378,3,shortness of breath,2,77,100,51,18,100,36.6
30017379,3,back pain,7,92,115,60,18,100,37.9
30017380,3,laceration,3,71,133,102,19,96,37.8
30017381,1,abdominal pain,6,62,110,87,16,98,38.3
30017382,3,fever,3,73,95,100,16,100,37.3
30017383,4,chest pain,3,85,108,80,23,100,37.8
30017384,3,abdominal pain,0,105,103,82,11,99,35.6
30017385,5,back pain,5,69,124,89,24,96,37.3
30017386,3,anxiety,0,73,108,82,14,96,37.5
30017387,3,shortness of breath,6,74,152,92,24,97,37.1
30017388,2,anxiety,8,89,141,72,19,98,37.7
30017389,4,fever,5,98,135,95,15,100,37.2
30017390,3,laceration,4,68,117,87,21,99,36.0
30017391,3,fever,2,97,114,84,24,97,38.2
30017392,3,back pain,1,73,115,88,20,99,36.3
30017393,3,laceration,6,96,106,77,16,97,36.3
30017394,3,headache,0,79,107,89,15,100,36.9
30017395,3,headache,2,101,135,71,16,95,37.9
30017396,1,knee pain,9,64,145,95,17,99,37.7
30017397,3,back pain,4,80,161,74,14,96,37.6
30017398,3,abdominal pain,6,95,114,75,15,98,37.8
30017399,2,fever,9,93,147,70,17,90,36.8
30017400,5,abdominal pain,2,86,96,97,16,100,36.8
30017401,4,abdominal pain,1,94,155,100,9,97,36.5
30017402,3,knee pain,7,105,112,91,19,98,36.8
30017403,4,laceration,1,106,139,87,18,94,36.9
30017404,3,headache,7,69,96,61,14,100,37.2
30017405,3,knee pain,1,107,123,51,12,95,37.2
30017406,3,laceration,4,81,145,80,20,95,36.5
30017407,1,shortness of breath,7,114,137,79,15,95,37.5
30017408,3,abdominal pain,7,99,127,66,15,95,36.6
30017409,3,laceration,2,78,138,73,16,97,38.8
30017410,2,headache,10,78,129,72,15,93,36.7
30017411,2,anxiety,8,95,106,87,16,96,36.1
30017412,3,back pain,5,78,80,77,16,99,37.8
30017413,3,shortness of breath,6,93,150,87,24,96,37.1
30017414,3,shortness of breath,3,65,124,76,23,97,37.1
30017415,2,headache,7,99,100,93,17,98,37.6
30017416,2,abdominal pain,8,61,102,118,21,96,37.9
30017417,2,abdominal pain,9,95,95,92,19,100,37.7
30017418,4,laceration,4,99,159,67,22,98,36.9
30017419,3,laceration,3,100,85,99,16,99,36.0
30017420,4,anxiety,4,98,175,106,14,94,37.9
30017421,4,anxiety,0,108,134,79,15,100,36.1
30017422,3,anxiety,1,71,122,85,19,91,37.8
30017423,2,headache,7,79,104,70,13,100,37.4
30017424,3,fall,5,81,141,108,17,92,36.0
30017425,3,headache,0,105,104,77,17,96,37.0
30017426,4,knee pain,1,101,132,87,20,100,36.1
30017427,2,back pain,9,75,143,77,26,95,36.8
30017428,3,shortness of breath,4,50,129,81,23,97,38.3
30017429,3,chest pain,4,87,149,64,8,97,35.3
30017430,3,back pain,5,80,135,59,16,97,36.7
30017431,3,fever,5,85,93,84,19,98,37.2
30017432,5,headache,2,76,118,66,16,99,37.5
30017433,4,anxiety,3,94,143,111,14,100,37.5
30017434,3,laceration,5,65,126,80,20,100,36.9
30017435,5,anxiety,4,89,99,75,19,100,36.7
30017436,3,fever,3,112,123,66,16,100,37.2
30017437,3,laceration,4,80,131,63,23,97,37.4
30017438,4,shortness of breath,2,86,80,74,15,98,36.0
30017439,3,abdominal pain,2,78,107,115,15,98,37.9
30017440,4,abdominal pain,0,56,102,88,15,93,36.4
30017441,1,abdominal pain,6,87,122,62,17,96,37.0
30017442,2,laceration,10,76,116,53,19,100,37.8
30017443,4,anxiety,2,91,109,81,22,96,37.4
30017444,2,headache,6,84,139,65,22,98,37.1
30017445,2,back pain,6,84,126,68,15,98,38.9
30017446,3,fever,4,101,112,81,21,95,38.0
30017447,3,chest pain,2,81,149,77,25,99,37.0
30017448,3,shortness of breath,7,97,151,69,17,100,36.1
30017449,3,fall,0,96,142,101,14,96,36.5
30017450,3,laceration,7,91,134,88,7,98,36.6
30017451,3,laceration,5,100,138,86,15,98,37.3
30017452,2,laceration,6,97,119,63,19,94,35.8
30017453,3,headache,5,88,112,88,16,93,36.3
30017454,4,anxiety,1,68,128,82,17,96,37.0
30017455,3,fever,6,67,184,102,16,93,37.0
30017456,2,back pain,7,83,161,67,17,98,37.2
30017457,2,abdominal pain,8,72,93,91,18,93,37.7
30017458,3,knee pain,6,107,132,83,14,93,36.4
30017459,4,chest pain,3,68,113,95,22,98,37.3
30017460,2,headache,9,89,126,93,19,100,37.3
30017461,3,fever,3,87,74,100,20,95,37.7
30017462,4,laceration,4,103,112,78,18,100,36.8
30017463,3,chest pain,7,79,143,66,12,98,38.3
30017464,3,knee pain,2,111,101,86,18,99,36.2
30017465,3,anxiety,2,61,108,87,18,94,36.9
30017466,3,abdominal pain,1,97,104,71,27,94,37.2
30017467,2,shortness of breath,7,91,116,107,17,99,36.6
30017468,4,knee pain,3,49,128,88,12,97,36.7
30017469,4,back pain,6,84,151,87,18,99,38.1
30017470,3,laceration,3,82,110,104,20,100,36.9
30017471,3,back pain,4,67,159,89,26,99,36.4
30017472,4,fall,3,86,127,88,14,95,37.8
30017473,4,anxiety,2,89,123,83,17,93,37.6
30017474,5,knee pain,7,70,121,75,18,96,36.1
30017475,5,laceration,4,59,165,85,17,98,35.8
30017476,4,back pain,4,76,98,85,20,99,36.9
30017477,2,fever,8,75,119,77,20,94,37.3
30017478,3,shortness of breath,4,72,146,85,22,100,37.8
30017479,3,fall,3,56,131,89,21,100,38.4
30017480,3,laceration,7,83,131,70,21,95,37.6
30017481,4,fever,3,64,93,88,26,95,36.5
30017482,3,fever,0,103,171,79,18,99,37.3
30017483,3,fever,2,66,136,64,22,95,36.6
30017484,3,back pain,3,92,144,76,18,95,36.9
30017485,3,anxiety,4,66,117,80,18,97,37.5
30017486,2,fever,10,105,139,65,19,95,36.4
30017487,4,anxiety,6,93,139,72,19,100,37.5
30017488,2,chest pain,9,101,145,75,12,96,38.8
30017489,5,fall,1,86,135,55,14,94,38.4
30017490,4,back pain,5,109,129,62,21,96,37.0
30017491,4,abdominal pain,0,95,152,93,17,100,37.9
30017492,3,fall,2,86,100,83,16,100,35.8
30017493,3,back pain,6,81,116,72,15,94,37.0
30017494,1,back pain,9,74,127,88,15,95,36.3
30017495,3,anxiety,2,57,152,71,20,95,37.0
30017496,3,fall,0,90,162,100,22,97,37.3
30017497,3,abdominal pain,5,65,142,68,19,100,37.1
30017498,2,chest pain,9,93,127,92,21,94,36.0
30017499,4,abdominal pain,3,82,121,60,14,99,37.4
30017500,3,anxiety,6,72,114,112,18,99,38.1
30017501,3,chest pain,1,94,168,61,11,96,36.9
30017502,4,laceration,6,88,113,100,18,92,37.3
30017503,3,headache,6,94,130,80,23,96,36.9
30017504,2,laceration,6,82,110,93,17,98,38.4
30017505,3,shortness of breath,7,92,111,74,12,94,36.5
30017506,4,back pain,1,80,124,68,17,96,35.7
30017507,3,anxiety,4,97,125,69,18,100,36.4
30017508,2,fever,10,74,109,69,17,98,37.4
30017509,2,abdominal pain,8,82,145,73,21,96,36.8
30017510,3,headache,6,73,97,89,18,95,37.7
30017511,2,headache,7,71,138,73,15,99,37.3
30017512,5,shortness of breath,0,89,158,97,14,96,36.2
30017513,3,fall,2,58,152,92,21,100,37.5
30017514,4,back pain,3,89,126,94,14,97,36.4
30017515,2,shortness of breath,8,68,148,78,9,92,36.8
30017516,3,back pain,7,95,96,67,27,98,38.6
30017517,3,fever,2,95,96,96,20,97,36.7
30017518,2,fall,8,80,152,83,12,94,37.0
30017519,3,abdominal pain,3,82,120,107,12,98,37.6
30017520,3,laceration,0,89,115,47,23,94,36.5
30017521,4,anxiety,4,105,74,42,18,96,36.9
30017522,1,laceration,8,81,145,60,18,100,37.6
30017523,4,headache,6,56,151,89,22,99,37.7
30017524,3,abdominal pain,2,58,112,75,22,96,37.4
30017525,2,back pain,8,77,120,92,16,93,35.5
30017526,3,anxiety,5,93,152,98,12,95,37.2
30017527,5,laceration,4,92,175,100,17,97,36.9
30017528,3,chest pain,5,85,107,71,16,96,38.9
30017529,4,fever,2,78,73,86,22,95,38.1
30017530,2,shortness of breath,7,89,117,87,15,98,37.8
30017531,1,laceration,9,104,86,78,15,92,36.7
30017532,3,chest pain,5,82,105,90,11,93,37.8
30017533,5,fall,7,88,128,62,24,94,36.2
30017534,3,laceration,6,81,138,89,16,97,36.1
30017535,3,chest pain,6,79,137,90,15,96,36.9
30017536,4,abdominal pain,4,83,167,91,22,95,38.0
30017537,3,abdominal pain,6,84,152,78,21,92,36.9
30017538,2,anxiety,9,63,117,48,12,96,38.0
30017539,4,fever,3,74,117,92,19,100,36.6
30017540,3,shortness of breath,7,68,150,64,15,93,36.3
30017541,3,laceration,1,98,115,100,22,96,37.8
30017542,2,laceration,9,76,97,68,17,100,37.1
30017543,2,laceration,8,67,134,81,13,95,38.3
30017544,3,abdominal pain,5,91,124,74,23,97,37.8
30017545,3,laceration,7,68,96,77,14,98,37.6
30017546,2,fever,9,80,78,97,15,97,36.8
30017547,3,knee pain,1,60,107,72,22,100,36.4
30017548,2,shortness of breath,6,51,114,118,16,99,37.4
30017549,4,laceration,1,86,115,78,24,94,36.5
30017550,3,fall,1,65,134,78,15,93,36.7
30017551,4,knee pain,7,69,122,80,23,98,37.5
30017552,3,abdominal pain,2,98,78,98,21,99,36.6
30017553,4,shortness of breath,5,80,128,95,17,93,37.7
30017554,4,fever,1,79,135,90,28,94,36.7
30017555,3,back pain,3,90,150,78,28,97,36.5
30017556,3,shortness of breath,7,96,102,80,12,100,36.6
30017557,3,headache,0,105,140,59,17,100,37.5
30017558,4,chest pain,7,103,135,91,25,94,35.2
30017559,2,fever,8,83,102,77,20,93,37.8
30017560,3,chest pain,7,84,121,111,23,97,37.8
30017561,3,abdominal pain,0,71,109,70,12,96,37.5
30017562,3,back pain,2,83,99,71,19,100,37.5
30017563,2,laceration,10,97,101,76,23,100,36.5
30017564,2,fever,6,70,133,108,18,99,37.0
30017565,2,shortness of breath,8,104,107,111,15,95,37.4
30017566,2,headache,9,81,96,88,18,96,38.2
30017567,5,anxiety,5,80,139,79,13,96,37.8
30017568,3,chest pain,0,80,108,78,16,95,37.6
30017569,5,abdominal pain,2,75,132,59,24,100,36.2
30017570,3,anxiety,4,93,114,89,17,96,37.7
30017571,3,shortness of breath,4,71,141,105,18,100,37.1
30017572,3,laceration,0,58,139,75,16,94,36.1
30017573,4,shortness of breath,5,80,129,79,11,99,38.6
30017574,5,laceration,5,52,146,102,18,100,37.5
30017575,4,fall,7,83,116,94,16,96,37.9
30017576,3,abdominal pain,3,107,144,99,10,99,37.0
30017577,4,fever,4,100,121,84,15,94,38.6
30017578,4,fever,4,101,130,77,21,95,36.8
30017579,2,anxiety,8,89,140,78,16,96,37.0
30017580,5,fever,4,94,145,78,21,100,37.2
30017581,2,anxiety,9,82,110,61,15,99,37.4
30017582,2,knee pain,10,92,125,87,14,99,37.3
30017583,3,laceration,3,94,92,76,27,94,36.0
30017584,3,laceration,6,97,81,85,21,98,37.3
30017585,3,headache,2,89,126,56,14,98,37.1
30017586,3,knee pain,6,81,88,81,17,94,37.4
30017587,4,headache,6,92,95,63,10,95,35.6
30017588,3,laceration,2,106,129,84,15,95,37.9
30017589,3,fever,4,82,125,61,18,100,36.8
30017590,3,chest pain,2,96,153,94,18,96,36.1
30017591,3,chest pain,7,88,118,104,23,97,35.8
30017592,3,chest pain,5,75,140,80,14,96,35.4
30017593,1,shortness of breath,9,87,136,84,16,91,36.2
30017594,3,chest pain,1,93,108,85,19,92,37.1
30017595,4,shortness of breath,3,89,132,74,19,100,37.1
30017596,3,headache,1,104,140,68,17,96,36.5
30017597,3,knee pain,5,80,108,57,22,92,36.5
30017598,3,headache,4,101,152,69,16,100,36.7
30017599,3,shortness of breath,0,78,120,45,27,95,36.4
30017600,4,laceration,6,95,109,89,22,95,37.3
30017601,3,fever,5,104,97,90,19,99,37.4
30017602,3,fever,0,83,139,94,19,97,37.6
30017603,3,abdominal pain,4,103,137,50,16,94,36.9
30017604,2,back pain,7,86,125,99,21,97,37.0
30017605,5,headache,2,96,149,119,19,92,36.3
30017606,4,anxiety,1,102,135,43,16,99,37.0
30017607,3,knee pain,6,100,167,69,13,97,36.6
30017608,2,abdominal pain,7,95,95,64,14,95,36.1
30017609,3,knee pain,3,94,91,77,15,100,37.4
30017610,3,chest pain,2,67,131,67,21,99,37.4
30017611,4,abdominal pain,3,79,157,38,13,93,36.7
30017612,3,chest pain,1,67,160,68,17,100,37.5
30017613,1,back pain,8,52,108,97,28,100,36.6
30017614,3,fever,1,86,137,95,11,100,35.7
30017615,4,headache,3,55,148,94,20,94,36.6
30017616,3,knee pain,3,104,133,92,18,95,36.5
30017617,3,fever,5,90,126,71,17,97,36.4
30017618,3,fever,2,88,108,62,18,99,37.4
30017619,3,anxiety,0,56,144,70,24,95,36.4
30017620,3,fever,6,84,83,72,16,96,36.5
30017621,3,anxiety,0,85,130,75,18,100,37.6
30017622,2,knee pain,6,78,139,78,22,98,37.4
30017623,3,abdominal pain,3,78,121,74,26,100,36.5
30017624,4,anxiety,6,79,147,53,16,100,35.8
30017625,4,back pain,2,90,128,54,11,93,37.3
30017626,2,laceration,9,60,138,92,10,100,37.4
30017627,3,back pain,7,83,116,103,11,98,36.9
30017628,3,fever,7,54,123,72,23,97,37.0
30017629,3,fall,1,65,111,114,19,100,36.4
30017630,3,knee pain,2,103,88,70,17,97,36.8
30017631,2,abdominal pain,9,56,103,64,14,97,36.2
30017632,3,laceration,6,89,132,96,24,97,35.1
30017633,3,headache,3,81,115,72,21,94,37.9
30017634,5,chest pain,2,69,127,75,25,99,35.6
30017635,4,chest pain,5,98,154,79,19,93,37.3
30017636,3,fever,4,85,111,87,16,95,37.8
30017637,3,fall,6,78,122,65,22,99,37.7
30017638,2,fall,6,90,103,73,16,94,37.4
30017639,3,back pain,0,96,131,75,20,94,36.9
30017640,3,shortness of breath,6,47,161,69,13,100,37.5
30017641,3,laceration,3,90,136,90,17,93,36.7
30017642,4,abdominal pain,1,93,110,87,21,98,37.6
30017643,3,headache,2,81,133,77,15,98,38.3
30017644,4,shortness of breath,5,62,91,88,16,99,36.7
30017645,3,knee pain,2,136,146,82,25,98,37.0
30017646,3,shortness of breath,5,99,110,87,19,96,36.5
30017647,5,chest pain,6,75,111,62,18,92,37.6
30017648,3,fall,3,71,123,91,17,100,37.1
30017649,1,fall,9,95,135,100,21,97,37.0
30017650,3,abdominal pain,0,69,151,63,22,97,37.0
30017651,2,chest pain,10,100,120,92,14,99,37.2
30017652,3,shortness of breath,2,89,190,96,22,96,37.4
30017653,4,laceration,1,83,156,105,16,96,37.1
30017654,3,abdominal pain,1,71,107,109,22,95,37.6
30017655,3,abdominal pain,2,104,121,83,19,100,36.4
30017656,4,fall,6,102,139,82,21,90,38.3
30017657,3,abdominal pain,7,101,111,60,18,98,36.4
30017658,3,chest pain,2,90,119,82,17,96,36.7
30017659,2,chest pain,10,81,137,87,17,99,36.7
30017660,3,laceration,1,64,158,98,15,96,37.0
30017661,3,fall,7,94,113,88,21,96,38.1
30017662,2,shortness of breath,7,48,124,83,14,94,37.6
30017663,4,knee pain,3,85,144,82,12,96,37.8
30017664,3,shortness of breath,7,101,137,99,16,96,36.6
30017665,3,fever,3,66,143,73,16,99,37.3
30017666,2,abdominal pain,7,94,126,59,14,95,37.8
30017667,1,fever,7,73,122,78,21,100,36.6
30017668,2,abdominal pain,7,66,116,75,26,92,36.8
30017669,2,fever,8,67,132,78,25,97,36.6
30017670,3,knee pain,3,93,155,69,14,94,36.3
30017671,2,chest pain,9,66,116,67,20,95,35.6
30017672,4,laceration,3,86,144,82,18,90,36.6
30017673,3,abdominal pain,1,88,181,77,16,99,37.8
30017674,4,abdominal pain,5,128,101,84,20,98,37.0
30017675,3,laceration,6,90,114,84,14,100,38.6
30017676,3,shortness of breath,1,63,108,78,21,97,37.2
30017677,4,anxiety,4,94,148,76,20,100,37.2
30017678,2,laceration,8,82,113,95,16,100,36.7
30017679,3,anxiety,4,103,110,86,20,100,35.9
30017680,3,abdominal pain,2,78,121,86,19,94,38.0
30017681,3,abdominal pain,7,85,151,91,13,100,37.2
30017682,3,anxiety,5,52,139,102,12,95,37.1
30017683,2,shortness of breath,10,73,139,93,16,92,37.9
30017684,2,fever,6,96,108,67,18,92,37.7
30017685,3,fall,5,71,147,68,14,99,37.3
30017686,3,knee pain,2,101,164,68,20,96,36.1
30017687,4,laceration,4,70,124,79,12,97,35.4
30017688,3,knee pain,0,107,115,93,23,98,36.6
30017689,4,laceration,2,56,77,112,11,95,36.6
30017690,3,abdominal pain,1,90,127,67,22,94,36.6
30017691,3,laceration,5,103,112,91,13,89,36.9
30017692,3,headache,5,83,135,77,22,97,38.4
30017693,2,headache,10,76,151,43,16,94,36.6
30017694,3,anxiety,6,73,166,67,15,89,37.8
30017695,3,chest pain,6,82,158,114,18,98,37.8
30017696,4,knee pain,7,79,89,48,20,93,36.1
30017697,2,fever,9,80,115,92,19,95,37.0
30017698,2,shortness of breath,7,94,118,87,8,96,36.7
30017699,3,abdominal pain,6,99,128,89,16,95,37.0
30017700,3,back pain,4,74,96,88,18,97,36.2
30017701,3,fall,3,76,101,62,17,98,37.5
30017702,4,anxiety,2,84,127,64,14,98,36.4
30017703,2,shortness of breath,10,87,134,80,23,97,36.6
30017704,3,shortness of breath,4,89,109,92,17,100,35.8
30017705,3,back pain,3,85,117,72,12,97,36.4
30017706,3,anxiety,0,91,99,112,15,96,37.4
30017707,5,laceration,6,92,129,84,22,100,37.2
30017708,4,chest pain,1,105,124,89,16,99,36.6
30017709,2,fever,9,98,123,86,19,95,37.4
30017710,2,fever,9,74,108,71,17,97,36.8
30017711,4,laceration,7,61,125,68,24,100,37.4
30017712,4,chest pain,5,89,106,85,17,97,36.0
30017713,2,headache,8,123,109,79,21,96,36.4
30017714,3,abdominal pain,0,93,82,60,14,99,37.3
30017715,1,laceration,6,81,118,88,21,96,36.2
30017716,3,shortness of breath,5,57,125,76,18,92,37.3
30017717,2,fever,9,77,118,99,15,99,35.7
30017718,3,chest pain,5,92,130,70,17,100,36.0
30017719,2,shortness of breath,8,91,119,62,23,97,35.9
30017720,3,shortness of breath,2,61,103,83,23,98,36.5
30017721,2,knee pain,10,97,104,92,25,93,37.4
30017722,4,laceration,5,83,155,89,20,97,35.7
30017723,3,fall,0,37,140,89,21,93,38.0
30017724,3,laceration,6,118,146,91,16,99,36.0
30017725,3,fever,5,66,163,63,20,100,35.8
30017726,3,back pain,4,68,94,90,17,99,37.0
30017727,4,abdominal pain,2,108,112,77,23,95,36.6
30017728,3,knee pain,2,84,88,71,17,99,37.3
30017729,2,fever,10,51,127,101,20,96,38.3
30017730,4,anxiety,0,106,117,102,26,97,37.1
30017731,1,fall,9,126,120,59,23,100,37.3
30017732,3,chest pain,7,101,128,63,17,97,37.5
30017733,3,abdominal pain,2,97,114,83,21,97,37.7
30017734,3,chest pain,4,68,153,69,20,95,38.4
30017735,3,headache,1,89,111,75,15,98,36.4
30017736,4,headache,4,98,140,88,23,100,37.9
30017737,3,chest pain,3,65,120,77,24,100,35.9
30017738,3,anxiety,2,86,116,78,11,99,36.2
30017739,3,knee pain,0,65,159,101,19,100,38.6
30017740,3,back pain,0,106,138,60,13,99,38.5
30017741,4,back pain,5,86,115,71,14,99,36.6
30017742,4,knee pain,1,70,108,89,16,100,37.3
30017743,3,fall,1,99,123,64,19,97,38.0
30017744,3,headache,1,82,121,64,13,100,36.9
30017745,1,chest pain,7,87,171,99,18,97,36.1
30017746,3,back pain,1,104,122,100,19,96,38.8
30017747,2,chest pain,10,96,105,39,23,92,37.2
30017748,3,anxiety,5,106,118,72,24,98,36.7
30017749,2,abdominal pain,7,80,123,76,26,96,38.2
30017750,2,knee pain,8,90,124,71,19,99,38.0
30017751,2,fall,9,71,158,98,12,92,37.9
30017752,3,chest pain,0,111,127,57,24,94,35.9
30017753,3,shortness of breath,3,96,115,97,21,97,38.7
30017754,3,fever,1,63,123,86,15,98,36.4
30017755,5,fall,4,83,137,46,13,98,37.7
30017756,3,chest pain,6,61,107,69,12,91,36.6
30017757,1,shortness of breath,6,85,119,92,11,98,37.0
30017758,5,chest pain,4,85,74,112,18,100,37.2
30017759,3,knee pain,5,77,148,86,22,95,37.1
30017760,4,knee pain,0,73,114,64,16,95,35.7
30017761,3,abdominal pain,1,74,112,67,14,97,35.8
30017762,3,anxiety,3,88,88,77,18,100,37.3
30017763,2,fall,6,86,124,59,20,97,36.0
30017764,2,anxiety,9,61,130,69,18,94,36.7
30017765,3,laceration,3,102,95,89,16,100,36.8
30017766,2,back pain,9,84,114,71,20,94,36.8
30017767,2,abdominal pain,7,88,84,65,11,96,37.3
30017768,3,anxiety,0,102,83,83,17,100,38.4
30017769,2,laceration,10,76,117,72,16,98,37.3
30017770,2,laceration,7,71,97,83,15,93,37.4
30017771,3,fever,0,60,122,78,18,99,36.4
30017772,3,back pain,1,98,144,92,16,96,38.4
30017773,3,anxiety,3,72,130,75,18,93,37.9
30017774,3,fever,1,65,132,64,17,93,36.9
30017775,5,shortness of breath,7,84,91,99,17,96,37.1
30017776,3,chest pain,4,84,98,83,22,89,36.9
30017777,3,headache,6,67,119,92,19,100,35.4
30017778,3,shortness of breath,0,99,145,77,13,98,37.2
30017779,3,laceration,6,90,99,71,15,92,36.6
30017780,5,back pain,1,77,145,83,26,100,36.0
30017781,3,headache,7,62,146,98,13,98,35.9
30017782,3,chest pain,3,85,142,77,16,98,36.9
30017783,2,chest pain,7,110,120,62,16,96,38.0
30017784,4,shortness of breath,3,114,107,92,24,97,38.1
30017785,3,laceration,1,85,109,95,16,96,37.4
30017786,4,chest pain,2,126,143,87,23,99,37.4
30017787,5,back pain,4,104,139,56,19,97,37.3
30017788,4,fever,7,97,104,103,17,100,35.4
30017789,4,fever,2,91,122,86,17,100,36.4
30017790,4,back pain,0,80,94,111,17,100,37.3
30017791,3,headache,6,72,100,46,20,99,36.4
30017792,5,fall,6,89,122,91,27,95,35.9
30017793,3,fever,0,84,136,62,14,96,35.1
30017794,3,back pain,5,94,118,73,19,98,36.7
30017795,3,knee pain,6,68,142,91,16,100,37.0
30017796,3,fall,5,93,116,77,19,98,36.1
30017797,4,laceration,3,73,125,88,19,94,36.6
30017798,1,anxiety,7,80,132,90,19,99,37.6
30017799,3,headache,0,77,129,78,22,99,36.4
30017800,3,shortness of breath,2,84,126,105,23,100,36.2
30017801,2,shortness of breath,6,84,104,73,19,100,37.5
30017802,3,chest pain,7,101,136,76,19,95,36.4
30017803,5,abdominal pain,7,106,123,67,19,98,36.2
30017804,3,fever,1,110,85,83,16,97,37.1
30017805,4,shortness of breath,5,88,73,84,20,97,35.0
30017806,3,chest pain,5,68,150,57,24,100,38.1
30017807,3,back pain,6,62,146,69,21,100,38.7
30017808,3,laceration,4,96,144,86,21,97,37.5
30017809,3,chest pain,5,68,170,125,17,98,36.7
30017810,3,headache,0,107,111,80,22,97,36.1
30017811,3,fever,6,56,140,77,23,98,37.5
30017812,2,chest pain,10,84,105,86,16,100,36.0
30017813,3,knee pain,7,99,97,100,11,98,37.6
30017814,4,fall,6,87,134,61,17,93,37.8
30017815,4,fever,0,54,149,89,20,100,38.8
30017816,3,laceration,4,90,153,89,18,99,38.8
30017817,3,fever,7,108,139,94,17,95,35.2
30017818,3,back pain,5,77,142,49,15,93,37.6
30017819,5,knee pain,2,86,89,68,9,96,37.5
30017820,5,shortness of breath,3,67,122,90,23,94,36.1
30017821,2,shortness of breath,8,86,131,85,16,97,38.0
30017822,3,knee pain,0,95,133,75,13,95,35.7
30017823,3,anxiety,3,90,123,82,19,100,36.8
30017824,5,knee pain,6,69,139,88,14,99,38.0
30017825,3,shortness of breath,5,80,135,66,14,98,36.9
30017826,2,anxiety,9,96,146,74,18,100,39.0
30017827,4,fever,0,90,102,81,19,97,37.4
30017828,3,abdominal pain,6,82,112,95,17,100,37.4
30017829,3,shortness of breath,3,77,179,82,25,91,36.9
30017830,2,abdominal pain,6,97,113,72,20,100,36.0
30017831,3,abdominal pain,7,72,117,90,23,94,38.3
30017832,3,headache,4,73,95,76,17,94,36.7
30017833,3,abdominal pain,4,83,105,81,18,92,37.5
30017834,2,shortness of breath,10,62,129,61,19,92,36.4
30017835,4,fall,6,63,163,89,24,95,35.6
30017836,5,abdominal pain,7,75,156,80,16,96,35.9
30017837,3,shortness of breath,7,87,122,70,24,100,37.0
30017838,3,abdominal pain,5,86,117,49,24,94,37.8
30017839,3,fall,7,100,136,77,12,94,36.3
30017840,3,fever,4,93,124,63,14,99,36.1
30017841,3,headache,7,45,120,71,15,97,37.2
30017842,4,chest pain,1,108,102,83,16,100,36.5
30017843,3,laceration,6,72,102,90,18,96,37.5
30017844,4,anxiety,5,58,124,87,15,100,36.3
30017845,2,chest pain,8,91,115,93,19,97,36.9
30017846,5,knee pain,4,81,108,45,22,99,38.1
30017847,2,anxiety,9,50,142,103,13,96,37.7
30017848,3,shortness of breath,5,119,101,68,17,95,37.4
30017849,3,back pain,1,101,158,87,17,95,35.8
30017850,1,back pain,9,51,128,111,18,98,36.5
30017851,3,chest pain,0,89,110,70,14,98,35.6
30017852,3,chest pain,2,66,109,99,15,97,34.7
30017853,3,fall,1,87,121,79,24,92,38.2
30017854,3,chest pain,2,77,160,95,19,95,36.7
30017855,3,shortness of breath,1,64,120,83,18,99,37.8
30017856,2,shortness of breath,6,96,126,84,18,98,37.2
30017857,3,fever,2,87,124,77,14,100,38.3
30017858,1,anxiety,8,93,127,68,20,98,36.2
30017859,2,shortness of breath,7,88,130,83,20,96,36.6
30017860,4,back pain,1,98,114,56,15,96,36.1
30017861,1,shortness of breath,6,92,113,81,14,95,35.6
30017862,3,fall,5,104,110,57,18,97,37.1
30017863,4,laceration,3,109,122,88,16,100,37.2
30017864,3,fever,4,81,107,91,23,96,37.5
30017865,3,fall,1,93,111,85,23,97,37.2
30017866,3,fever,0,68,95,62,25,100,37.3
30017867,3,chest pain,1,89,140,93,13,94,36.7
30017868,4,abdominal pain,2,90,112,50,11,94,38.2
30017869,3,laceration,2,69,125,65,17,93,37.2
30017870,3,anxiety,3,83,173,88,12,100,37.8
30017871,2,headache,8,85,137,58,16,93,35.9
30017872,5,back pain,0,87,157,77,18,91,38.1
30017873,2,chest pain,7,89,125,91,9,94,36.3
30017874,3,fall,4,76,149,73,18,94,36.7
30017875,4,fever,6,100,86,101,22,97,38.1
30017876,3,fall,3,107,125,78,19,100,35.9
30017877,3,headache,5,97,119,89,21,92,35.9
30017878,3,back pain,0,72,149,78,19,97,37.8
30017879,4,back pain,2,101,110,72,22,100,37.2
30017880,3,headache,2,66,123,99,19,96,37.1
30017881,3,chest pain,3,90,124,64,16,97,37.7
30017882,2,abdominal pain,7,69,159,88,23,96,36.8
30017883,3,fever,1,78,133,98,26,100,37.6
30017884,4,knee pain,0,82,107,100,15,100,37.8
30017885,3,laceration,1,88,76,60,14,98,35.6
30017886,3,laceration,3,90,128,58,21,93,37.7
30017887,3,headache,0,98,100,65,20,96,36.1
30017888,2,fever,7,73,121,99,16,95,38.6
30017889,4,back pain,6,71,140,82,16,97,37.1
30017890,3,chest pain,7,101,146,95,10,96,37.2
30017891,4,shortness of breath,7,97,127,87,19,97,37.5
30017892,4,anxiety,4,74,127,73,18,99,36.9
30017893,3,fever,5,97,165,71,25,97,37.3
30017894,3,shortness of breath,4,92,113,103,13,97,37.1
30017895,2,laceration,9,70,136,105,14,100,36.5
30017896,4,anxiety,5,74,105,113,16,95,37.3
30017897,2,fall,6,89,147,75,18,96,38.3
30017898,3,abdominal pain,3,89,122,62,15,99,36.4
30017899,4,laceration,5,90,170,112,15,97,36.3
30017900,2,knee pain,6,94,147,91,24,100,37.2
30017901,3,laceration,2,79,115,71,18,97,36.5
30017902,4,chest pain,0,70,166,71,17,96,35.2
30017903,2,anxiety,7,100,124,58,24,89,35.9
30017904,4,knee pain,5,91,124,98,15,96,37.2
30017905,3,headache,4,67,95,60,16,100,36.5
30017906,5,chest pain,7,79,135,65,16,97,36.1
30017907,4,fall,6,91,128,68,17,96,38.0
30017908,3,fall,5,76,80,90,17,95,37.3
30017909,3,fall,1,96,111,77,18,92,36.7
30017910,3,abdominal pain,6,81,137,83,23,99,35.9
30017911,3,fall,7,85,120,80,19,99,36.4
30017912,3,chest pain,6,119,109,104,12,93,36.1
30017913,4,laceration,2,74,81,96,9,98,36.8
30017914,2,fever,7,85,164,82,22,98,36.9
30017915,4,anxiety,4,78,108,73,12,95,36.7
30017916,4,laceration,2,112,77,91,15,96,38.3
30017917,3,fall,3,73,84,64,25,100,36.1
30017918,3,chest pain,1,86,180,76,18,100,37.1
30017919,2,chest pain,9,100,82,47,19,100,38.6
30017920,4,back pain,1,87,93,79,13,97,37.0
30017921,3,shortness of breath,4,91,145,54,14,100,38.1
30017922,1,knee pain,6,68,141,86,24,99,36.5
30017923,4,shortness of breath,2,74,139,109,21,99,36.7
30017924,3,back pain,6,74,133,70,13,96,37.5
30017925,3,fever,2,76,120,99,22,98,35.9
30017926,3,chest pain,3,106,125,85,18,96,37.7
30017927,3,knee pain,1,98,129,75,14,99,38.1
30017928,3,knee pain,6,67,118,85,21,98,37.5
30017929,1,abdominal pain,6,101,126,63,21,94,35.7
30017930,3,chest pain,5,67,112,71,15,99,36.8
30017931,3,chest pain,5,78,157,103,20,97,36.4
30017932,3,laceration,3,84,135,82,19,95,36.4
30017933,2,back pain,10,84,116,66,19,97,36.5
30017934,3,headache,7,85,144,101,15,99,36.7
30017935,5,shortness of breath,1,75,142,52,11,90,37.8
30017936,4,knee pain,2,94,129,65,14,98,36.0
30017937,3,shortness of breath,7,105,126,69,15,96,35.9
30017938,4,shortness of breath,3,95,132,71,21,98,35.9
30017939,3,abdominal pain,0,57,113,69,13,100,36.9
30017940,3,knee pain,4,108,138,63,15,100,36.6
30017941,4,chest pain,5,90,172,83,23,92,36.0
30017942,4,anxiety,6,99,108,83,24,97,37.2
30017943,3,abdominal pain,0,82,160,68,21,92,36.8
30017944,3,fever,3,57,147,58,18,99,35.6
30017945,3,back pain,4,95,157,97,20,92,37.3
30017946,2,anxiety,10,85,123,100,21,97,36.9
30017947,3,abdominal pain,5,89,155,96,17,100,37.0
30017948,2,chest pain,9,88,143,52,25,99,35.4
30017949,4,shortness of breath,6,88,134,79,19,99,37.4
30017950,3,headache,6,93,102,75,16,91,36.5
30017951,1,knee pain,6,77,126,84,19,98,36.4
30017952,2,fever,7,78,148,53,18,92,36.9
30017953,3,laceration,0,92,118,100,23,90,36.5
30017954,4,shortness of breath,6,91,135,99,16,97,38.9
30017955,4,chest pain,3,87,134,63,4,97,35.5
30017956,3,fever,0,124,135,94,16,100,35.4
30017957,3,back pain,5,95,123,86,27,93,36.5
30017958,3,fever,5,107,130,56,19,97,37.6
30017959,4,knee pain,6,95,118,59,19,99,36.5
30017960,1,abdominal pain,10,82,116,66,20,100,37.6
30017961,3,chest pain,1,93,123,68,20,96,38.0
30017962,3,shortness of breath,4,112,126,98,16,100,36.4
30017963,4,fall,2,68,77,96,18,94,36.8
30017964,3,anxiety,1,85,90,70,10,95,36.7
30017965,3,fever,7,74,116,67,15,97,36.9
30017966,2,anxiety,8,79,137,84,19,98,37.0
30017967,4,back pain,7,77,128,80,18,100,36.5
30017968,2,knee pain,9,33,135,79,13,97,36.5
30017969,1,fever,8,73,121,77,19,98,36.7
30017970,3,chest pain,2,44,155,102,14,94,37.0
30017971,5,laceration,5,80,105,89,17,100,37.7
30017972,1,shortness of breath,6,81,134,78,13,99,37.1
30017973,3,abdominal pain,3,90,103,91,20,100,36.9
30017974,4,shortness of breath,0,97,123,71,13,91,38.2
30017975,2,anxiety,7,75,137,97,8,98,37.5
30017976,2,fever,9,94,108,52,22,100,36.3
30017977,3,chest pain,6,44,107,81,17,94,36.3
30017978,2,fever,8,67,124,108,19,97,36.7
30017979,3,back pain,5,71,125,91,22,97,37.5
30017980,3,chest pain,3,97,132,77,22,93,38.0
30017981,5,anxiety,3,67,116,91,20,97,36.6
30017982,5,shortness of breath,4,80,123,84,24,100,37.7
30017983,3,shortness of breath,6,96,142,95,16,97,38.1
30017984,3,laceration,4,91,132,85,22,92,36.7
30017985,3,fever,0,78,136,65,25,100,36.7
30017986,2,headache,9,116,142,82,12,100,37.2
30017987,3,back pain,5,76,113,93,19,97,35.3
30017988,4,chest pain,1,95,172,38,26,100,37.5
30017989,2,back pain,8,88,118,58,12,97,37.4
30017990,4,fall,0,70,142,60,14,100,37.7
30017991,3,fall,3,106,128,76,18,97,38.2
30017992,3,fall,3,61,110,66,21,98,37.6
30017993,4,laceration,6,69,138,88,19,97,37.7
30017994,3,abdominal pain,6,101,129,57,19,99,37.0
30017995,2,fall,10,76,145,63,17,95,37.0
30017996,3,back pain,6,94,110,85,22,95,36.1
30017997,2,back pain,9,79,140,91,18,98,36.2
30017998,4,back pain,1,69,138,86,17,96,36.3
30017999,4,headache,3,87,128,55,18,100,38.4
30018000,3,laceration,3,77,154,58,19,99,36.1
30018001,3,chest pain,7,92,134,84,14,93,37.7
30018002,5,fever,7,68,165,90,18,99,36.1
30018003,3,fall,6,93,128,67,18,99,36.0
30018004,2,fever,10,80,126,61,13,100,37.2
30018005,3,back pain,0,84,111,78,17,99,37.0
30018006,3,anxiety,1,79,114,104,20,94,37.3
30018007,2,fever,7,87,144,73,13,95,38.1
30018008,4,knee pain,2,94,145,81,18,95,37.0
30018009,4,laceration,1,82,116,71,16,95,37.5
30018010,2,headache,8,60,128,89,20,97,37.1
30018011,1,chest pain,7,98,108,82,16,99,37.1
30018012,4,shortness of breath,0,90,133,90,24,97,37.6
30018013,2,fever,9,95,147,65,18,92,37.0
30018014,2,fever,8,104,136,74,18,98,39.0
30018015,4,abdominal pain,1,87,148,81,14,100,37.8
30018016,3,fever,2,79,144,94,11,99,37.0
30018017,2,fall,8,106,70,76,13,98,38.6
30018018,3,fever,3,100,150,84,18,88,35.8
30018019,2,knee pain,6,87,134,87,17,97,37.5
30018020,5,shortness of breath,0,89,103,86,22,98,36.3
30018021,3,abdominal pain,3,106,122,68,22,96,37.7
30018022,2,laceration,6,96,103,90,15,98,36.1
30018023,1,fall,10,86,94,111,15,97,36.0
30018024,3,knee pain,5,79,98,58,20,93,36.5
30018025,4,back pain,0,90,138,85,17,96,37.4
30018026,3,laceration,7,83,165,82,16,97,37.3
30018027,3,abdominal pain,0,80,130,60,22,99,36.0
30018028,1,headache,6,108,113,63,24,100,36.7
30018029,3,back pain,3,74,135,88,19,94,36.9
30018030,3,shortness of breath,1,92,123,83,16,94,37.4
30018031,3,knee pain,1,77,137,81,22,100,38.7
30018032,4,anxiety,4,101,156,82,18,93,36.7
30018033,1,fever,6,95,133,66,17,100,37.1
30018034,5,shortness of breath,7,108,122,69,20,93,36.2
30018035,3,anxiety,1,89,173,77,17,94,36.9
30018036,3,headache,0,75,153,73,19,97,38.3
30018037,5,fall,7,74,114,90,15,98,36.7
30018038,4,back pain,1,56,158,109,12,100,36.9
30018039,3,fever,1,93,126,110,17,97,36.7
30018040,2,headache,8,62,137,81,21,92,37.9
30018041,4,shortness of breath,2,94,136,90,12,100,36.4
30018042,1,shortness of breath,10,72,125,91,18,100,37.9
30018043,4,back pain,5,93,147,66,22,98,38.1
30018044,3,shortness of breath,1,66,139,81,20,100,36.3
30018045,3,shortness of breath,6,104,127,97,17,100,35.8
30018046,4,fall,2,71,125,80,16,96,37.1
30018047,2,abdominal pain,6,57,123,103,14,100,37.7
30018048,5,abdominal pain,4,65,172,83,14,97,36.1
30018049,4,anxiety,4,78,132,61,13,99,38.0
30018050,1,anxiety,9,57,171,87,17,95,36.7
30018051,2,fever,9,78,125,99,20,96,36.7
30018052,3,chest pain,0,81,144,74,11,100,36.5
30018053,1,knee pain,8,96,93,83,15,96,36.9
30018054,2,headache,7,83,130,75,15,96,38.6
30018055,2,anxiety,7,65,136,91,15,96,36.1
30018056,2,laceration,10,98,122,80,18,95,36.1
30018057,2,anxiety,10,74,138,84,22,100,36.9
30018058,4,headache,4,79,100,90,16,98,36.5
30018059,4,back pain,4,100,162,80,22,100,38.0
30018060,3,anxiety,7,84,96,73,20,99,36.0
30018061,4,chest pain,1,84,97,76,20,93,37.6
30018062,4,chest pain,6,64,151,83,13,92,38.4
30018063,4,shortness of breath,0,81,78,89,15,99,36.4
30018064,1,fever,10,79,136,76,20,97,36.7
30018065,3,anxiety,2,84,129,89,19,99,36.6
30018066,4,chest pain,7,87,151,77,14,99,37.1
30018067,3,chest pain,2,82,131,51,20,98,37.7
30018068,3,shortness of breath,3,97,143,80,15,99,36.0
30018069,3,headache,7,84,136,75,14,100,37.9
30018070,4,fall,3,83,104,69,19,99,36.9
30018071,3,laceration,2,111,125,76,16,98,37.2
30018072,3,shortness of breath,1,58,149,84,20,98,36.3
30018073,2,fall,9,107,132,72,15,92,37.7
30018074,4,fall,7,69,109,64,15,99,36.6
30018075,3,back pain,0,74,114,81,12,100,36.6
30018076,3,laceration,1,89,120,72,25,99,36.1
30018077,3,chest pain,6,80,122,49,17,97,36.7
30018078,3,abdominal pain,1,90,121,80,18,91,37.2
30018079,5,laceration,1,72,108,88,18,95,36.8
30018080,3,abdominal pain,7,89,134,67,16,100,37.3
30018081,3,shortness of breath,0,80,136,108,18,92,37.8
30018082,3,headache,6,85,132,69,20,92,37.7
30018083,2,back pain,8,77,53,86,18,100,37.2
30018084,3,fall,7,75,91,84,15,99,37.5
30018085,3,fever,6,74,124,86,19,98,37.6
30018086,3,laceration,0,82,101,75,14,99,36.5
30018087,3,fall,6,118,110,105,21,97,37.0
30018088,3,shortness of breath,7,81,137,73,24,96,35.3
30018089,2,knee pain,8,81,107,113,13,99,36.8
30018090,5,abdominal pain,7,77,118,91,23,100,37.8
30018091,3,knee pain,0,87,128,84,16,96,36.2
30018092,2,headache,9,102,89,97,21,94,36.1
30018093,3,anxiety,1,73,102,99,22,97,35.1
30018094,3,headache,1,67,130,76,19,100,37.7
30018095,4,headache,5,101,120,63,18,98,37.3
30018096,2,shortness of breath,10,98,113,81,13,95,35.3
30018097,2,laceration,6,98,129,73,15,100,36.5
30018098,2,shortness of breath,6,108,132,58,13,100,37.8
30018099,3,laceration,5,83,117,77,18,94,36.6
30018100,2,back pain,8,87,129,63,19,95,37.6
30018101,2,chest pain,9,77,151,91,25,93,39.0
30018102,3,shortness of breath,1,103,131,89,16,100,37.9
30018103,3,shortness of breath,2,108,131,62,12,97,37.3
30018104,3,laceration,0,105,123,82,16,98,36.4
30018105,3,laceration,1,102,115,101,16,100,37.2
30018106,3,laceration,5,91,80,112,20,93,37.4
30018107,4,laceration,3,94,138,109,17,100,36.4
30018108,3,knee pain,3,74,145,102,17,100,37.1
30018109,3,anxiety,0,68,112,95,21,94,37.1
30018110,2,chest pain,6,75,148,82,17,95,36.0
30018111,2,abdominal pain,8,89,106,95,21,95,35.7
30018112,4,abdominal pain,5,100,89,92,16,94,38.0
30018113,4,abdominal pain,6,97,143,72,19,100,36.9
30018114,4,knee pain,1,75,117,85,17,95,38.2
30018115,4,headache,2,55,157,88,19,97,36.8
30018116,4,headache,5,82,109,80,14,100,36.5
30018117,5,laceration,0,70,111,108,16,98,36.6
30018118,4,chest pain,6,110,125,49,19,97,37.7
30018119,2,abdominal pain,9,60,113,79,17,97,38.2
30018120,2,knee pain,10,99,108,54,14,100,37.4
30018121,2,chest pain,6,74,119,73,22,90,37.7
30018122,3,headache,7,69,124,70,15,97,38.2
30018123,3,headache,0,81,120,54,21,98,36.6
30018124,3,knee pain,1,71,164,74,15,98,36.4
30018125,3,abdominal pain,5,66,126,73,19,97,36.8
30018126,3,knee pain,0,91,107,87,26,99,37.3
30018127,3,knee pain,5,45,100,64,24,97,36.9
30018128,3,laceration,7,89,104,95,18,93,36.9
30018129,5,fall,4,89,133,72,16,97,37.4
30018130,2,knee pain,7,65,123,63,15,97,35.8
30018131,3,abdominal pain,2,99,128,88,13,97,35.0
30018132,3,headache,5,81,122,80,21,100,36.5
30018133,1,headache,9,79,104,80,26,92,37.5
30018134,1,back pain,10,89,133,85,15,98,38.4
30018135,2,anxiety,8,91,84,92,13,100,35.7
30018136,2,laceration,8,67,103,68,14,98,37.0
30018137,3,shortness of breath,3,106,116,78,15,96,36.4
30018138,3,fall,4,87,117,92,16,92,37.9
30018139,3,anxiety,1,78,105,65,14,99,36.1
30018140,3,shortness of breath,2,58,81,59,14,97,37.4
30018141,3,anxiety,7,82,148,72,7,97,37.6
30018142,3,chest pain,3,82,114,59,20,92,35.4
30018143,2,headache,7,89,122,90,19,100,36.0
30018144,2,fever,9,75,130,60,23,91,36.6
30018145,2,chest pain,8,92,132,64,17,94,36.5
30018146,4,knee pain,5,87,134,84,18,100,36.3
30018147,3,chest pain,2,69,141,76,23,92,37.0
30018148,2,chest pain,7,66,130,82,14,95,36.7
30018149,3,fall,2,56,142,71,16,94,38.3
30018150,1,knee pain,6,101,159,81,23,99,37.5
30018151,3,headache,6,103,138,65,19,97,37.1
30018152,1,back pain,10,86,119,73,16,96,37.7
30018153,4,knee pain,3,106,138,61,13,95,36.6
30018154,1,fall,9,82,144,113,15,93,35.3
30018155,3,shortness of breath,0,79,95,75,15,100,37.8
30018156,2,fall,10,67,108,75,24,94,36.1
30018157,3,chest pain,0,105,122,65,16,97,36.4
30018158,3,fall,7,85,72,67,22,98,37.0
30018159,5,anxiety,3,58,149,65,14,100,36.8
30018160,3,anxiety,6,88,128,70,13,100,36.2
30018161,3,anxiety,1,91,120,68,20,99,36.0
30018162,3,knee pain,3,99,98,77,20,100,36.1
30018163,3,fever,3,60,132,122,12,96,37.4
30018164,3,abdominal pain,7,106,98,106,21,97,35.6
30018165,2,back pain,8,104,146,89,21,98,35.5
30018166,3,chest pain,5,81,109,82,18,91,39.1
30018167,3,fever,5,76,132,63,18,95,37.2
30018168,3,anxiety,3,111,121,100,15,96,36.1
30018169,4,back pain,7,88,82,94,7,96,37.0
30018170,3,headache,5,75,124,78,12,90,36.9
30018171,4,headache,4,64,126,72,20,98,37.5
30018172,3,shortness of breath,3,98,84,76,19,97,36.2
30018173,3,laceration,4,85,107,67,21,96,37.7
30018174,3,anxiety,6,67,114,73,19,97,37.7
30018175,3,back pain,0,91,141,90,21,96,37.4
30018176,3,abdominal pain,6,68,138,89,16,98,36.4
30018177,1,fall,10,100,114,65,21,93,37.9
30018178,4,back pain,5,102,116,91,15,97,36.9
30018179,2,abdominal pain,10,74,124,80,15,96,38.6
30018180,4,chest pain,0,84,141,84,15,95,37.9
30018181,1,headache,8,76,151,67,13,91,37.6
30018182,4,abdominal pain,1,69,176,106,24,97,36.3
30018183,3,abdominal pain,3,95,153,89,20,97,37.8
30018184,1,laceration,10,75,104,74,18,91,35.6
30018185,1,shortness of breath,9,80,118,77,17,100,37.2
30018186,3,knee pain,4,67,120,91,24,97,38.1
30018187,4,headache,3,91,106,72,20,96,37.0
30018188,1,knee pain,9,59,116,66,22,93,37.2
30018189,4,back pain,5,72,147,89,19,96,36.8
30018190,5,back pain,7,64,107,73,16,98,36.4
30018191,2,knee pain,8,93,122,101,20,96,35.7
30018192,2,abdominal pain,8,67,118,49,18,100,37.6
30018193,3,shortness of breath,3,76,107,92,19,99,37.0
30018194,3,fall,5,81,125,90,17,100,37.5
30018195,3,anxiety,7,57,138,101,22,99,37.0
30018196,5,knee pain,1,94,123,97,16,95,37.8
30018197,4,headache,4,71,116,75,20,95,36.4
30018198,2,anxiety,9,81,125,64,18,100,37.1
30018199,4,fall,7,86,138,68,28,93,36.7
30018200,3,shortness of breath,7,98,131,82,19,100,36.9
30018201,3,knee pain,4,100,115,72,16,95,37.2
30018202,2,knee pain,10,125,127,84,13,90,36.1
30018203,4,abdominal pain,5,59,81,68,22,93,36.1
30018204,3,fever,3,87,114,98,12,96,37.9
30018205,5,laceration,7,109,126,90,17,98,36.5
30018206,3,fever,6,92,115,83,25,98,36.1
30018207,3,chest pain,6,77,98,70,16,96,38.3
30018208,4,headache,5,90,134,90,20,98,37.7
30018209,2,abdominal pain,9,112,130,77,16,96,37.3
30018210,2,headache,10,96,118,77,23,94,37.3
30018211,2,laceration,7,83,103,60,18,99,37.8
30018212,3,knee pain,1,85,121,58,27,100,37.5
30018213,3,anxiety,3,79,140,95,19,94,37.1
30018214,1,knee pain,7,89,121,107,24,100,36.9
30018215,3,anxiety,1,78,164,79,13,95,36.4
30018216,3,fall,2,83,132,83,21,95,36.3
30018217,3,headache,6,72,139,74,22,100,36.2
30018218,3,fever,6,77,112,57,14,100,37.2
30018219,1,headache,6,88,111,85,19,96,37.2
30018220,3,headache,1,77,134,50,21,96,36.4
30018221,5,fever,5,95,133,77,22,99,36.7
30018222,3,back pain,7,83,98,76,9,97,37.1
30018223,2,shortness of breath,8,64,137,85,17,98,36.7
30018224,3,headache,3,54,128,57,9,100,36.3
30018225,2,back pain,6,91,130,56,18,95,36.7
30018226,3,back pain,4,72,117,51,17,97,36.6
30018227,3,back pain,0,123,132,91,16,99,38.2
30018228,2,back pain,7,78,136,67,22,99,37.5
30018229,3,headache,1,93,136,54,20,96,37.9
30018230,2,fever,7,112,107,104,13,100,35.8
30018231,4,shortness of breath,6,60,128,90,12,100,36.4
30018232,4,abdominal pain,6,75,136,127,20,93,36.0
30018233,4,laceration,7,85,116,68,26,94,35.6
30018234,2,fever,9,90,109,70,24,97,37.7
30018235,3,anxiety,7,91,126,82,17,97,38.6
30018236,4,headache,5,70,146,87,12,99,36.8
30018237,3,chest pain,1,93,144,73,18,100,36.2
30018238,3,abdominal pain,7,81,110,84,22,98,35.5
30018239,5,abdominal pain,5,78,147,67,16,100,36.4
30018240,2,fever,6,91,154,66,17,100,36.7
30018241,3,fever,7,89,146,62,22,98,37.2
30018242,3,fall,2,108,132,81,13,100,38.0
30018243,4,knee pain,6,95,70,61,12,99,37.2
30018244,3,abdominal pain,4,89,127,69,15,96,36.2
30018245,4,fever,2,101,152,82,15,95,37.2
30018246,4,back pain,6,91,114,68,18,96,36.4
30018247,4,fever,2,67,150,90,8,94,36.9
30018248,3,fall,6,54,143,62,27,99,36.3
30018249,3,fall,5,92,161,73,14,98,35.8
30018250,1,laceration,10,123,112,90,24,95,36.3
30018251,3,knee pain,6,74,113,80,13,97,36.6
30018252,4,laceration,1,77,124,75,10,94,35.7
30018253,3,fall,7,62,115,87,14,98,36.3
30018254,3,fever,6,83,125,72,17,99,37.3
30018255,3,knee pain,6,75,73,93,15,95,36.7
30018256,3,anxiety,3,70,133,60,22,98,35.8
30018257,4,fever,7,96,118,103,23,98,35.5
30018258,2,headache,10,125,134,57,24,96,36.6
30018259,4,fall,2,54,127,85,20,97,36.2
30018260,2,anxiety,7,83,121,110,18,98,36.6
30018261,3,abdominal pain,1,89,104,90,8,97,37.2
30018262,1,fever,9,78,120,103,18,98,38.4
30018263,1,abdominal pain,6,79,95,74,16,93,36.7
30018264,3,knee pain,4,114,129,82,21,97,36.7
30018265,3,headache,6,90,157,80,22,97,36.5
30018266,2,headache,6,77,98,86,22,96,36.4
30018267,2,fall,6,102,173,71,22,97,37.1
30018268,3,anxiety,2,98,135,82,19,100,38.2
30018269,3,headache,3,112,139,73,24,97,37.1
30018270,3,back pain,4,74,146,73,20,100,38.1
30018271,3,fever,1,90,130,81,20,96,36.9
30018272,4,back pain,3,88,134,74,19,95,35.1
30018273,3,fall,6,100,107,63,12,97,38.7
30018274,5,knee pain,6,93,136,59,21,97,35.6
30018275,4,fall,2,69,144,57,18,100,37.5
30018276,5,anxiety,0,113,105,105,18,100,36.6
30018277,2,anxiety,7,69,139,75,19,97,38.0
30018278,3,headache,3,81,133,83,12,94,38.6
30018279,2,anxiety,10,65,125,63,14,95,37.5
30018280,3,back pain,1,97,135,65,15,94,36.5
30018281,3,headache,5,98,112,85,18,97,36.9
30018282,2,knee pain,10,93,118,64,19,99,36.8
30018283,3,fever,1,82,123,54,20,96,37.3
30018284,4,anxiety,1,70,143,69,20,99,35.3
30018285,4,shortness of breath,1,88,149,83,17,96,36.4
30018286,3,shortness of breath,6,77,116,76,22,100,38.3
30018287,2,anxiety,9,76,116,73,18,95,36.1
30018288,2,knee pain,6,51,108,88,20,95,37.1
30018289,3,abdominal pain,5,114,117,95,14,97,36.7
30018290,3,fall,7,90,129,70,14,99,38.5
30018291,1,chest pain,9,91,125,102,27,92,37.4
30018292,2,headache,8,79,127,97,18,95,38.0
30018293,3,fall,7,86,144,74,14,94,37.7
30018294,3,back pain,7,93,163,88,13,92,36.2
30018295,3,abdominal pain,7,76,128,75,17,98,37.6
30018296,2,shortness of breath,8,72,116,73,11,95,37.5
30018297,3,back pain,7,83,151,70,23,100,36.9
30018298,2,headache,9,89,104,108,12,98,36.3
30018299,3,knee pain,6,60,137,56,13,94,36.9
30018300,4,shortness of breath,0,82,130,76,15,98,36.9
30018301,4,anxiety,4,85,124,69,18,94,36.4
30018302,4,back pain,6,75,125,96,21,95,36.9
30018303,2,shortness of breath,10,80,140,79,17,95,35.1
30018304,5,abdominal pain,5,91,154,75,25,97,36.2
30018305,2,fever,10,86,150,83,14,100,36.3
30018306,3,shortness of breath,3,104,132,77,22,97,36.5
30018307,3,laceration,4,109,119,65,17,95,37.2
30018308,1,abdominal pain,8,75,98,94,24,95,37.2
30018309,3,anxiety,4,92,132,100,23,96,36.8
30018310,4,headache,4,54,163,86,19,94,37.2
30018311,4,knee pain,6,112,135,90,17,97,36.8
30018312,3,abdominal pain,3,98,110,75,22,100,36.2
30018313,3,anxiety,0,103,112,60,16,96,36.3
30018314,3,anxiety,2,58,142,72,18,93,36.5
30018315,3,anxiety,1,76,134,75,18,100,37.2
30018316,4,abdominal pain,2,69,96,71,20,99,37.1
30018317,1,fall,6,75,135,59,18,100,38.5
30018318,3,chest pain,2,107,116,73,21,94,36.3
30018319,3,fall,7,100,106,89,18,100,37.4
30018320,3,headache,2,68,158,62,21,96,37.5
30018321,1,laceration,9,95,126,96,17,93,36.1
30018322,2,laceration,10,93,142,73,19,98,36.5
30018323,2,fall,6,84,140,63,20,100,37.3
30018324,2,laceration,10,103,95,80,16,97,36.9
30018325,4,shortness of breath,6,100,137,73,12,100,37.8
30018326,3,knee pain,2,82,123,71,14,92,36.4
30018327,3,fever,3,121,135,106,25,95,36.6
30018328,5,knee pain,1,76,165,70,19,93,36.5
30018329,3,anxiety,6,54,96,95,17,98,38.0
30018330,2,anxiety,6,83,131,124,13,100,36.2
30018331,4,abdominal pain,7,94,96,91,14,100,37.0
30018332,3,headache,5,89,113,70,16,98,37.1
30018333,3,fall,7,80,89,42,12,93,36.2
30018334,3,fever,5,87,103,88,20,98,37.3
30018335,3,fever,4,113,144,92,17,100,36.6
30018336,3,fever,7,96,116,83,19,89,36.5
30018337,4,abdominal pain,6,102,100,57,19,99,38.2
30018338,3,back pain,5,77,114,81,18,96,36.0
30018339,3,fever,0,80,106,78,14,95,37.6
30018340,3,laceration,6,60,133,78,16,98,37.1
30018341,3,fever,0,110,102,79,14,100,36.5
30018342,3,headache,5,81,117,74,18,95,38.0
30018343,3,anxiety,7,96,143,87,21,98,37.5
30018344,3,abdominal pain,3,83,131,69,17,96,36.8
30018345,3,fever,4,58,157,84,16,98,35.3
30018346,4,fever,3,60,140,62,10,96,37.3
30018347,3,knee pain,7,83,95,79,17,93,36.9
30018348,3,shortness of breath,4,91,114,66,21,95,37.3
30018349,3,fall,3,72,149,68,13,92,37.2
30018350,3,knee pain,7,78,165,72,14,97,36.8
30018351,3,headache,4,74,126,98,18,91,37.3
30018352,4,headache,4,65,151,70,16,94,36.7
30018353,3,laceration,5,118,84,67,27,93,36.8
30018354,3,shortness of breath,4,99,66,62,18,95,36.3
30018355,4,knee pain,7,83,100,57,14,95,36.0
30018356,3,abdominal pain,3,99,147,71,14,95,37.4
30018357,3,knee pain,3,86,116,77,20,95,36.9
30018358,3,chest pain,3,63,135,74,19,98,36.5
30018359,2,chest pain,6,71,102,46,13,98,36.8
30018360,3,knee pain,5,79,139,109,21,92,35.6
30018361,2,back pain,10,95,171,77,20,96,37.6
30018362,2,chest pain,7,73,146,88,17,97,35.7
30018363,3,shortness of breath,6,74,161,64,16,95,37.0
30018364,3,anxiety,7,70,110,111,20,97,36.1
30018365,2,shortness of breath,8,83,118,48,17,95,36.8
30018366,1,shortness of breath,6,102,70,92,20,100,36.5
30018367,5,chest pain,2,78,94,75,18,97,35.4
30018368,2,anxiety,8,93,128,80,11,96,36.6
30018369,3,headache,5,89,102,101,20,94,38.0
30018370,4,laceration,1,108,127,102,22,94,37.0
30018371,3,headache,3,90,116,126,18,96,36.5
30018372,4,abdominal pain,6,101,166,87,10,97,37.5
30018373,3,back pain,3,73,132,71,11,100,36.3
30018374,2,abdominal pain,10,72,147,76,12,96,36.9
30018375,3,anxiety,5,94,110,88,21,100,36.6
30018376,3,laceration,4,103,162,62,21,96,37.2
30018377,2,shortness of breath,8,70,147,92,18,96,37.9
30018378,3,shortness of breath,3,75,119,63,19,96,36.3
30018379,3,chest pain,6,105,126,37,18,100,37.9
30018380,1,headache,10,105,113,79,17,96,37.4
30018381,3,back pain,3,114,148,84,18,100,38.8
30018382,3,fall,2,90,140,94,19,93,37.5
30018383,1,knee pain,7,105,116,83,18,98,37.9
30018384,3,laceration,5,108,84,79,26,93,36.6
30018385,3,laceration,4,71,98,83,17,97,37.9
30018386,3,back pain,0,96,136,84,18,88,37.0
30018387,3,headache,7,84,113,113,24,94,36.1
30018388,3,fever,0,86,136,113,17,97,36.9
30018389,5,headache,3,100,116,76,14,95,35.6
30018390,3,headache,3,69,104,103,20,96,35.7
30018391,3,laceration,4,83,126,69,16,98,36.9
30018392,1,knee pain,6,92,129,103,16,100,35.4
30018393,2,anxiety,6,86,115,89,16,95,36.9
30018394,3,laceration,2,79,117,66,14,100,35.9
30018395,2,laceration,7,78,125,85,17,95,36.8
30018396,3,chest pain,1,82,124,106,24,100,36.8
30018397,3,fall,7,68,135,79,14,96,37.6
30018398,3,knee pain,3,85,96,69,20,98,36.1
30018399,5,anxiety,2,90,118,82,17,99,37.2
30018400,3,headache,1,72,94,81,23,98,37.2
30018401,2,headache,9,114,96,105,17,94,37.5
30018402,3,abdominal pain,7,80,153,60,20,97,35.5
30018403,2,headache,7,76,120,100,28,96,36.1
30018404,3,headache,7,76,145,83,14,97,36.7
30018405,4,fall,6,89,124,93,22,95,37.8
30018406,3,knee pain,4,81,105,100,18,99,37.1
30018407,3,fall,2,121,113,71,18,98,36.5
30018408,3,chest pain,5,80,106,94,24,99,37.4
30018409,3,shortness of breath,5,82,113,92,14,96,36.0
30018410,3,chest pain,4,95,136,99,20,97,37.5
30018411,2,shortness of breath,8,91,75,69,18,98,37.5
30018412,3,headache,4,90,126,101,20,89,36.4
30018413,3,knee pain,5,94,126,117,21,95,37.9
30018414,1,back pain,8,87,137,62,23,92,37.4
30018415,4,back pain,2,98,98,108,16,98,37.5
30018416,4,fall,1,105,133,73,23,93,37.9
30018417,3,shortness of breath,1,135,150,80,15,99,36.2
30018418,4,shortness of breath,5,88,123,70,21,99,37.1
30018419,4,headache,4,51,136,78,14,96,37.0
30018420,4,knee pain,2,86,89,73,21,95,36.6
30018421,5,headache,2,72,112,72,13,91,35.6
30018422,1,anxiety,8,90,119,78,27,97,37.1
30018423,3,laceration,4,83,139,60,19,97,36.8
30018424,3,shortness of breath,0,112,142,88,13,96,37.0
30018425,4,shortness of breath,5,61,135,87,18,94,37.2
30018426,4,knee pain,5,59,123,66,19,100,35.9
30018427,4,knee pain,6,93,118,82,8,93,36.9
30018428,1,laceration,7,63,90,57,17,99,36.4
30018429,1,chest pain,7,93,117,73,12,96,38.1
30018430,4,headache,5,103,142,87,15,99,37.1
30018431,3,abdominal pain,1,85,124,77,17,100,36.8
30018432,3,headache,7,114,182,75,12,100,38.5
30018433,2,shortness of breath,6,103,147,98,19,95,36.9
30018434,3,laceration,0,90,123,68,24,94,36.9
30018435,2,headache,8,96,102,76,14,100,36.7
30018436,3,fall,6,70,99,66,17,94,37.1
30018437,2,fever,10,73,108,95,13,97,36.8
30018438,3,headache,5,97,118,63,23,94,37.1
30018439,2,shortness of breath,6,77,141,90,12,94,37.2
30018440,3,headache,0,90,122,93,20,97,38.0
30018441,5,abdominal pain,4,80,117,62,19,100,38.6
30018442,3,headache,0,99,160,64,12,99,37.3
30018443,3,anxiety,1,82,131,109,11,97,37.8
30018444,3,shortness of breath,2,108,153,111,25,98,37.2
30018445,3,fever,7,88,126,55,14,99,36.7
30018446,2,headache,10,76,120,65,18,96,37.0
30018447,3,headache,2,106,142,91,15,99,36.1
30018448,3,shortness of breath,6,98,153,77,19,97,38.1
30018449,4,fever,2,105,99,71,18,100,38.1
30018450,3,headache,7,89,137,82,21,100,37.9
30018451,1,back pain,6,89,171,70,20,95,37.6
30018452,3,fever,2,100,153,71,23,100,38.0
30018453,5,headache,4,83,126,62,20,99,37.6
30018454,3,shortness of breath,1,67,134,53,19,100,37.7
30018455,4,chest pain,1,95,114,94,19,95,36.3
30018456,4,back pain,3,96,126,112,15,93,37.3
30018457,3,laceration,4,82,143,55,12,96,37.8
30018458,2,headache,10,80,137,85,25,96,37.4
30018459,5,back pain,4,80,122,81,11,93,37.3
30018460,3,chest pain,4,85,154,54,21,95,37.2
30018461,3,knee pain,5,94,127,64,15,93,37.0
30018462,4,headache,3,93,148,86,14,99,38.1
30018463,2,shortness of breath,8,116,158,90,20,98,35.8
30018464,3,abdominal pain,6,102,98,85,22,100,37.7
30018465,3,knee pain,1,75,142,76,21,93,36.4
30018466,4,laceration,0,100,117,55,15,95,35.8
30018467,4,knee pain,5,72,104,55,20,99,36.2
30018468,3,anxiety,7,72,129,63,22,100,37.4
30018469,3,shortness of breath,1,99,136,84,17,99,37.0
30018470,4,laceration,5,92,106,88,23,94,36.3
30018471,4,abdominal pain,3,72,121,59,14,96,36.7
30018472,3,anxiety,1,92,121,91,10,96,37.0
30018473,2,anxiety,6,98,107,90,17,100,37.8
30018474,3,fever,1,112,139,58,17,98,37.3
30018475,3,abdominal pain,0,63,85,77,18,100,37.2
30018476,4,headache,6,74,149,98,20,95,37.2
30018477,3,abdominal pain,2,79,104,84,21,96,37.6
30018478,3,fall,5,92,138,64,15,99,36.8
30018479,3,chest pain,1,80,113,51,19,94,37.6
30018480,4,knee pain,3,75,132,92,17,96,37.9
30018481,2,anxiety,6,93,154,68,7,99,36.3
30018482,4,back pain,7,58,165,68,16,96,37.9
30018483,3,shortness of breath,4,90,126,82,19,100,36.6
30018484,3,laceration,6,80,113,94,17,100,35.7
30018485,2,fever,9,64,140,99,19,93,36.9
30018486,4,chest pain,2,86,141,93,24,93,36.9
30018487,3,back pain,7,87,133,86,19,100,37.0
30018488,1,knee pain,10,80,134,85,23,100,36.2
30018489,4,chest pain,7,86,119,86,19,97,35.9
30018490,3,abdominal pain,0,97,173,77,15,97,37.4
30018491,3,back pain,6,81,101,90,21,100,37.0
30018492,2,abdominal pain,6,88,104,63,16,97,37.9
30018493,3,fever,2,78,131,101,20,100,36.9
30018494,4,shortness of breath,6,96,94,90,13,98,36.3
30018495,3,knee pain,0,81,109,83,15,98,37.3
30018496,3,laceration,4,84,133,76,19,94,37.1
30018497,2,headache,6,111,116,77,12,94,37.9
30018498,3,fever,1,77,87,72,18,94,37.7
30018499,2,shortness of breath,7,94,97,87,26,97,36.5
30018500,3,laceration,3,53,144,54,16,98,37.7
30018501,4,fall,6,73,134,84,16,99,35.9
30018502,3,laceration,5,63,106,102,17,99,37.0
30018503,4,anxiety,1,87,130,91,18,98,36.7
30018504,3,fall,1,86,149,79,17,100,36.1
30018505,3,knee pain,3,70,91,115,16,96,35.9
30018506,5,fall,7,105,126,87,14,90,37.8
30018507,3,knee pain,3,64,146,91,22,100,36.2
30018508,3,anxiety,1,82,88,79,20,92,37.3
30018509,3,laceration,6,88,107,87,19,100,40.0
30018510,3,laceration,1,109,116,89,13,98,35.9
30018511,3,back pain,6,99,138,95,13,95,36.8
30018512,3,back pain,7,112,102,84,28,95,37.4
30018513,4,back pain,4,93,99,101,16,95,35.8
30018514,2,fever,8,92,148,65,23,95,38.2
30018515,4,headache,1,66,133,94,17,94,37.9
30018516,1,headache,8,78,101,98,17,95,37.1
30018517,4,back pain,7,87,147,95,20,93,35.7
30018518,3,fever,3,74,138,94,17,100,37.2
30018519,2,shortness of breath,9,76,158,73,20,94,37.1
30018520,2,shortness of breath,6,89,157,85,16,91,37.9
30018521,3,chest pain,7,62,89,84,7,96,37.0
30018522,2,chest pain,7,79,117,82,22,100,36.0
30018523,3,knee pain,5,72,89,96,14,99,37.1
30018524,2,headache,6,78,122,79,13,96,37.0
30018525,3,anxiety,1,107,141,83,19,93,38.2
30018526,1,anxiety,8,113,115,84,16,93,36.9
30018527,1,fall,8,120,106,96,17,95,36.7
30018528,4,fall,3,88,144,94,15,100,37.3
30018529,4,abdominal pain,7,64,109,77,27,94,35.7
30018530,3,knee pain,5,103,100,61,18,98,36.4
30018531,3,shortness of breath,0,94,115,81,14,94,35.9
30018532,3,fall,5,64,128,73,21,96,38.3
30018533,3,chest pain,7,97,83,59,19,99,36.9
30018534,3,headache,6,79,158,86,23,98,38.2
30018535,1,shortness of breath,9,100,101,94,19,99,37.4
30018536,3,abdominal pain,1,69,157,105,10,94,37.5
30018537,3,fever,2,70,146,60,26,96,38.9
30018538,2,back pain,10,84,131,88,16,93,37.1
30018539,3,laceration,4,70,135,101,18,94,37.0
30018540,2,chest pain,9,67,101,72,16,100,35.1
30018541,4,chest pain,0,73,126,44,19,97,36.5
30018542,3,back pain,1,61,131,65,20,98,39.1
30018543,3,fever,5,73,139,63,19,93,37.7
30018544,3,fall,7,80,160,94,18,97,36.3
30018545,2,shortness of breath,8,75,99,75,18,99,36.9
30018546,3,anxiety,5,112,147,77,14,91,35.4
30018547,4,fever,7,63,141,49,15,98,37.6
30018548,2,abdominal pain,7,103,150,109,19,99,36.5
30018549,4,knee pain,5,87,96,69,12,97,37.6
30018550,4,laceration,2,85,141,89,14,94,38.2
30018551,3,anxiety,5,68,110,71,16,91,38.2
30018552,3,fall,5,66,118,79,18,100,36.9
30018553,3,anxiety,5,72,165,87,18,99,36.7
30018554,4,fever,6,76,167,95,19,99,36.4
30018555,3,knee pain,7,88,128,86,19,100,36.5
30018556,3,abdominal pain,7,68,95,86,27,95,37.2
30018557,3,fall,6,86,142,54,17,94,37.3
30018558,4,laceration,3,95,138,76,25,94,38.0
30018559,3,anxiety,4,90,139,86,16,96,37.6
30018560,3,laceration,1,85,160,90,22,100,37.0
30018561,3,chest pain,1,110,115,97,19,99,36.9
30018562,4,fever,1,99,100,76,18,95,38.6
30018563,3,chest pain,2,96,120,72,16,98,37.0
30018564,2,fever,6,112,114,68,21,95,36.1
30018565,3,fever,4,96,138,70,20,91,37.6
30018566,4,headache,6,93,133,78,24,93,36.3
30018567,3,laceration,5,84,107,29,13,100,38.3
30018568,4,fever,4,91,157,67,14,95,35.9
30018569,3,abdominal pain,4,84,147,67,21,99,39.0
30018570,2,back pain,6,85,92,81,16,100,36.2
30018571,3,knee pain,3,73,144,90,21,96,35.5
30018572,4,anxiety,1,78,112,74,22,97,35.4
30018573,4,abdominal pain,4,109,88,100,21,99,37.7
30018574,4,laceration,0,91,137,68,19,97,36.4
30018575,3,back pain,0,93,122,81,17,99,38.3
30018576,4,fever,0,101,122,72,15,95,37.6
30018577,3,laceration,3,70,128,96,14,99,36.5
30018578,3,headache,7,102,115,105,18,96,36.6
30018579,3,fall,7,80,129,91,17,99,36.3
30018580,2,laceration,9,75,119,72,22,93,37.0
30018581,3,back pain,6,86,99,80,20,100,35.3
30018582,2,anxiety,7,91,147,70,10,94,35.3
30018583,2,fall,6,67,69,76,21,99,36.7
30018584,3,fever,5,90,105,89,22,100,36.1
30018585,2,abdominal pain,7,116,147,74,16,97,36.4
30018586,3,fall,1,80,181,67,20,95,36.7
30018587,3,chest pain,6,73,143,82,17,96,37.9
30018588,3,headache,7,73,129,79,21,94,36.6
30018589,4,abdominal pain,6,65,116,85,18,100,37.4
30018590,3,fever,4,94,129,70,12,99,37.9
30018591,5,knee pain,6,83,127,72,20,95,36.4
30018592,3,abdominal pain,6,89,154,89,20,96,37.0
30018593,4,fever,5,68,123,83,16,97,37.3
30018594,3,knee pain,7,52,138,78,6,94,37.8
30018595,3,back pain,4,82,116,56,19,97,36.0
30018596,3,fever,6,62,113,80,16,99,37.9
30018597,3,headache,0,96,118,73,18,95,35.5
30018598,3,fall,3,56,127,58,20,97,37.8
30018599,3,laceration,1,77,161,67,17,96,37.0
30018600,3,laceration,6,78,115,109,14,96,36.3
30018601,3,shortness of breath,7,49,110,77,21,100,36.6
30018602,3,back pain,7,97,116,82,18,96,37.3
30018603,5,anxiety,5,61,113,81,23,96,35.8
30018604,3,headache,6,84,167,51,19,95,35.6
30018605,1,headache,7,82,109,81,12,96,37.5
30018606,5,anxiety,2,90,124,91,15,99,35.7
30018607,3,fever,0,82,98,66,11,100,38.1
30018608,5,fall,7,99,105,71,20,95,37.1
30018609,4,anxiety,4,91,121,81,20,99,37.3
30018610,3,fever,7,62,136,51,16,100,36.1
30018611,3,knee pain,3,110,143,100,13,97,37.4
30018612,2,chest pain,6,103,135,81,17,98,37.0
30018613,3,knee pain,2,103,107,69,16,98,37.4
30018614,3,anxiety,5,66,117,87,16,96,35.7
30018615,3,back pain,1,102,131,88,22,99,37.1
30018616,4,knee pain,2,99,122,92,19,100,35.2
30018617,3,laceration,0,87,121,63,17,92,37.0
30018618,3,fall,2,74,125,45,21,100,38.0
30018619,4,headache,0,100,120,78,26,97,37.5
30018620,3,fall,1,102,136,95,8,100,37.3
30018621,2,shortness of breath,6,98,127,88,16,98,36.7
30018622,3,shortness of breath,6,77,106,81,15,95,38.8
30018623,4,laceration,4,83,99,82,25,97,37.2
30018624,1,headache,6,89,114,81,23,97,37.4
30018625,3,fever,2,84,94,94,19,97,36.1
30018626,3,back pain,1,129,144,70,22,96,38.5
30018627,2,chest pain,7,92,121,102,24,100,37.6
30018628,4,headache,3,95,149,90,26,97,36.7
30018629,3,chest pain,2,131,104,53,20,95,36.5
30018630,1,back pain,6,84,114,97,25,95,38.0
30018631,3,anxiety,4,110,128,95,22,96,36.3
30018632,3,knee pain,5,76,112,81,15,94,36.6
30018633,4,headache,5,97,75,76,16,96,36.2
30018634,4,back pain,7,65,106,66,17,99,37.3
30018635,3,back pain,2,88,163,58,18,99,37.9
30018636,4,headache,2,117,127,91,23,95,38.8
30018637,4,knee pain,0,108,150,82,10,100,37.4
30018638,2,chest pain,10,122,138,83,21,98,35.5
30018639,2,back pain,7,87,100,69,27,99,35.9
30018640,3,shortness of breath,0,105,143,95,25,95,37.6
30018641,2,fall,7,83,137,105,17,89,38.0
30018642,1,shortness of breath,7,56,117,54,20,96,37.5
30018643,4,knee pain,7,67,113,77,23,99,37.0
30018644,3,knee pain,7,79,155,58,20,100,36.9
30018645,1,back pain,9,77,128,108,27,95,36.9
30018646,5,anxiety,7,99,111,73,13,98,35.4
30018647,3,anxiety,0,96,116,71,16,99,35.6
30018648,2,anxiety,6,64,173,69,10,100,34.6
30018649,1,chest pain,10,92,131,89,19,97,37.3
30018650,3,knee pain,2,82,115,85,17,92,37.2
30018651,4,anxiety,0,100,132,70,17,100,37.9
30018652,2,abdominal pain,6,95,140,78,24,94,37.3
30018653,3,knee pain,5,89,157,58,16,97,36.5
30018654,4,shortness of breath,5,50,104,91,16,93,36.8
30018655,3,shortness of breath,2,78,122,98,20,97,37.7
30018656,3,headache,3,66,170,65,22,96,37.9
30018657,1,headache,8,65,153,87,17,99,36.2
30018658,3,fall,5,94,114,86,15,99,37.0
30018659,2,abdominal pain,9,86,90,44,18,98,36.6
30018660,3,shortness of breath,3,62,129,89,15,100,36.6
30018661,4,headache,3,81,145,91,18,96,38.8
30018662,1,back pain,8,44,119,102,21,96,37.8
30018663,5,abdominal pain,2,116,143,78,27,96,37.7
30018664,4,headache,7,101,124,84,23,99,36.7
30018665,3,shortness of breath,5,93,138,54,20,96,37.0
30018666,2,fall,10,56,143,64,18,97,37.3
30018667,4,back pain,6,109,130,96,14,97,35.9
30018668,3,anxiety,4,80,121,61,25,91,36.2
30018669,3,fever,1,71,124,69,19,97,35.7
30018670,3,abdominal pain,2,96,133,71,15,96,36.9
30018671,4,fall,4,97,117,94,15,99,38.2
30018672,3,abdominal pain,3,97,145,97,14,100,38.6
30018673,2,knee pain,6,90,176,108,19,99,37.3
30018674,2,headache,10,62,121,83,22,94,37.4
30018675,4,knee pain,7,100,97,85,15,96,35.5
30018676,2,back pain,7,98,155,66,11,98,37.7
30018677,3,back pain,4,78,112,94,11,99,36.7
30018678,3,fall,2,110,161,76,17,96,37.6
30018679,4,anxiety,1,122,167,82,15,97,36.9
30018680,3,anxiety,6,97,118,82,4,98,37.5
30018681,3,fall,2,89,126,65,21,100,37.6
30018682,3,fever,2,100,150,66,14,100,37.5
30018683,2,laceration,9,86,134,59,14,100,36.8
30018684,3,abdominal pain,2,66,111,82,12,98,37.5
30018685,2,anxiety,7,63,103,100,17,99,37.5
30018686,3,headache,4,88,144,83,21,97,37.5
30018687,3,anxiety,6,95,110,75,19,99,36.5
30018688,1,headache,8,65,119,75,24,99,37.0
30018689,3,abdominal pain,6,82,152,94,21,96,36.5
30018690,5,anxiety,1,105,90,68,17,97,35.9
30018691,1,anxiety,6,84,77,62,12,94,36.3
30018692,3,abdominal pain,2,103,165,75,22,99,38.0
30018693,4,laceration,0,104,133,77,13,92,36.2
30018694,5,anxiety,7,81,160,68,14,98,36.1
30018695,2,fall,9,73,119,68,17,98,37.1
30018696,3,fall,1,64,152,70,22,96,38.0
30018697,3,shortness of breath,7,88,104,77,17,100,36.4
30018698,3,knee pain,7,76,137,98,21,96,36.6
30018699,4,shortness of breath,2,81,106,87,14,99,36.7
30018700,4,abdominal pain,3,91,106,99,24,96,36.9
30018701,2,back pain,9,99,131,82,20,100,36.9
30018702,3,fall,1,100,147,83,15,95,36.4
30018703,2,chest pain,9,92,138,67,20,100,36.8
30018704,3,abdominal pain,2,111,117,65,20,96,37.2
30018705,3,fall,1,93,140,63,19,100,36.8
30018706,2,back pain,9,94,114,68,26,100,37.0
30018707,2,headache,6,110,141,97,21,98,37.0
30018708,3,fever,4,89,145,99,15,93,37.6
30018709,1,fever,8,92,141,59,22,100,38.4
30018710,3,laceration,7,95,134,83,12,97,36.5
30018711,3,fever,2,76,131,104,19,95,36.2
30018712,3,laceration,4,87,118,62,15,100,37.6
30018713,3,headache,4,89,97,76,14,95,38.3
30018714,4,fever,4,68,98,75,18,93,36.8
30018715,5,chest pain,4,97,135,70,12,97,36.7
30018716,1,knee pain,9,89,113,71,21,96,36.8
30018717,2,abdominal pain,7,112,136,81,19,98,38.4
30018718,3,knee pain,0,82,128,81,13,92,37.6
30018719,1,headache,9,89,102,86,15,95,37.4
30018720,3,chest pain,2,113,102,90,20,100,36.7
30018721,2,laceration,7,94,104,101,16,99,37.0
30018722,3,abdominal pain,6,97,104,55,18,100,37.2
30018723,3,anxiety,3,86,124,72,23,94,36.2
30018724,2,anxiety,7,90,74,83,15,99,36.7
30018725,3,abdominal pain,7,85,137,77,23,100,36.2
30018726,3,chest pain,4,98,131,90,19,94,38.0
30018727,4,back pain,5,79,107,74,15,99,36.8
30018728,3,shortness of breath,0,106,133,114,18,96,36.5
30018729,3,knee pain,4,68,117,88,20,98,37.8
30018730,5,fever,5,78,128,107,21,97,37.8
30018731,4,back pain,4,62,132,88,16,95,38.2
30018732,2,fall,8,93,158,82,20,100,36.7
30018733,3,laceration,5,100,127,74,13,93,38.4
30018734,3,laceration,5,93,103,71,18,99,36.5
30018735,4,fall,1,85,92,68,18,100,37.2
30018736,2,back pain,8,89,119,69,21,94,36.6
30018737,3,laceration,5,86,163,72,20,98,36.3
30018738,3,knee pain,4,90,113,94,24,93,38.9
30018739,3,shortness of breath,6,78,123,73,18,94,37.7
30018740,3,back pain,4,110,121,69,17,90,37.2
30018741,4,headache,1,69,99,56,22,98,37.5
30018742,3,fever,2,88,139,76,19,96,37.1
30018743,4,anxiety,3,103,115,89,18,99,37.9
30018744,3,fall,3,110,123,89,17,98,36.4
30018745,3,headache,3,78,128,83,18,98,37.2
30018746,3,fever,4,72,106,89,17,94,37.0
30018747,4,abdominal pain,1,67,105,65,18,92,37.9
30018748,2,laceration,7,63,145,78,11,93,37.2
30018749,4,fall,5,64,144,75,18,99,36.9
30018750,2,abdominal pain,8,76,120,103,18,97,36.9
30018751,3,headache,3,73,122,76,14,94,36.5
30018752,2,knee pain,6,69,116,89,16,95,37.4
30018753,4,back pain,4,108,124,47,21,100,37.1
30018754,2,laceration,10,73,142,103,18,92,37.7
30018755,3,fever,1,81,129,97,20,99,37.6
30018756,4,fall,4,93,108,76,19,94,36.0
30018757,3,anxiety,4,86,169,82,13,95,38.2
30018758,3,anxiety,4,79,145,76,14,100,36.2
30018759,3,fall,5,89,161,71,13,95,38.2
30018760,3,back pain,1,99,122,56,18,98,38.0
30018761,3,anxiety,5,84,154,113,19,92,36.3
30018762,3,laceration,1,79,131,91,19,95,37.4
30018763,2,abdominal pain,8,75,121,61,15,100,37.0
30018764,2,back pain,6,83,141,96,17,96,36.8
30018765,4,chest pain,3,95,118,76,18,96,37.4
30018766,3,abdominal pain,6,77,124,98,16,100,37.3
30018767,3,knee pain,5,90,100,97,21,97,38.6
30018768,4,chest pain,4,100,126,84,18,97,37.3
30018769,3,abdominal pain,7,71,140,85,23,100,36.9
30018770,3,chest pain,6,76,134,60,23,97,37.0
30018771,5,chest pain,2,78,153,61,17,95,36.0
30018772,1,back pain,8,93,133,75,13,95,36.6
30018773,5,laceration,4,78,89,72,18,93,37.0
30018774,3,knee pain,4,81,148,113,17,99,37.6
30018775,3,fall,3,93,150,86,18,100,35.6
30018776,2,shortness of breath,9,98,121,71,16,95,37.0
30018777,4,knee pain,7,119,98,89,8,97,37.3
30018778,4,anxiety,4,101,145,66,17,94,37.5
30018779,5,shortness of breath,5,104,142,90,16,96,36.1
30018780,2,fall,10,81,138,96,10,100,37.0
30018781,2,fever,7,77,135,91,15,95,38.3
30018782,4,back pain,3,82,150,83,20,96,36.9
30018783,3,abdominal pain,6,89,127,73,13,97,36.8
30018784,4,fall,2,72,91,90,21,98,35.6
30018785,2,back pain,8,53,113,89,18,96,36.8
30018786,3,abdominal pain,4,87,119,61,18,100,37.7
30018787,2,abdominal pain,8,87,95,86,17,99,36.3
30018788,3,fever,5,71,118,91,20,100,36.9
30018789,3,fall,1,92,132,66,15,100,38.1
30018790,3,fever,2,94,146,82,20,99,37.9
30018791,2,shortness of breath,6,86,92,69,8,99,35.9
30018792,4,abdominal pain,0,112,125,70,16,98,37.3
30018793,2,fall,9,77,144,95,15,97,36.4
30018794,1,back pain,9,98,97,106,10,90,36.7
30018795,3,abdominal pain,3,114,109,67,21,100,37.2
30018796,4,knee pain,4,78,144,89,18,97,38.0
30018797,3,fall,3,56,103,85,15,95,38.1
30018798,3,fever,3,68,155,101,26,100,36.7
30018799,3,knee pain,7,99,133,68,12,100,36.0
30018800,2,fall,7,77,117,99,16,99,37.0
30018801,2,back pain,9,87,121,113,20,99,37.3
30018802,3,anxiety,1,90,95,99,20,98,39.1
30018803,3,shortness of breath,5,75,113,57,16,90,36.3
30018804,4,anxiety,6,93,135,85,12,96,36.6
30018805,5,knee pain,5,104,111,80,20,91,36.4
30018806,3,back pain,0,99,119,54,22,97,37.6
30018807,2,headache,9,74,139,94,24,96,37.7
30018808,3,knee pain,6,91,82,58,25,99,37.3
30018809,2,fall,7,64,127,68,17,95,37.1
30018810,2,headache,8,93,141,64,17,99,38.2
30018811,3,fever,3,83,94,53,21,95,37.5
30018812,4,headache,3,88,116,72,28,99,37.9
30018813,3,shortness of breath,2,87,142,97,13,95,37.8
30018814,2,anxiety,6,94,164,102,8,98,35.9
30018815,2,shortness of breath,7,68,128,87,17,98,37.3
30018816,3,fever,4,92,130,106,11,96,35.1
30018817,2,chest pain,10,95,121,51,16,99,37.8
30018818,3,knee pain,0,97,120,90,15,96,36.9
30018819,3,back pain,1,81,117,72,21,95,36.7
30018820,4,headache,3,64,150,95,13,96,37.2
30018821,3,shortness of breath,7,64,156,71,18,98,37.1
30018822,3,fall,4,77,152,80,13,94,38.7
30018823,2,shortness of breath,10,73,119,87,19,91,37.1
30018824,3,shortness of breath,5,92,98,80,19,97,36.6
30018825,3,knee pain,7,94,104,94,24,100,36.9
30018826,2,abdominal pain,10,82,103,96,21,99,37.9
30018827,3,fall,4,87,160,86,13,94,37.7
30018828,2,shortness of breath,6,81,125,60,22,92,37.1
30018829,4,chest pain,3,77,131,100,25,97,37.5
30018830,3,laceration,6,69,118,86,18,99,37.7
30018831,3,shortness of breath,6,92,160,52,24,95,37.9
30018832,3,shortness of breath,4,71,125,97,10,98,36.4
30018833,2,knee pain,6,79,113,89,22,97,36.9
30018834,3,fever,7,96,100,82,20,95,36.8
30018835,3,anxiety,4,113,147,75,20,97,38.2
30018836,2,laceration,8,74,121,82,17,95,37.9
30018837,3,chest pain,6,101,117,100,14,95,37.3
30018838,2,fall,8,74,151,77,22,97,37.7
30018839,2,laceration,8,64,164,79,14,99,36.1
30018840,3,abdominal pain,1,101,114,79,13,100,37.8
30018841,3,anxiety,1,100,135,63,22,92,36.4
30018842,3,anxiety,3,56,104,102,12,98,36.8
30018843,2,shortness of breath,7,52,150,89,20,96,36.6
30018844,3,fall,0,88,118,82,14,96,36.4
30018845,4,anxiety,0,80,106,74,22,99,36.1
30018846,3,knee pain,4,69,134,60,22,96,37.6
30018847,2,chest pain,6,84,124,93,18,94,36.1
30018848,2,back pain,9,68,142,114,14,99,38.5
30018849,3,shortness of breath,4,80,141,52,22,100,37.0
30018850,3,knee pain,0,75,132,85,25,100,36.6
30018851,2,fever,8,91,110,69,16,100,37.9
30018852,3,chest pain,4,97,81,103,20,98,37.0
30018853,3,abdominal pain,3,94,135,107,17,94,36.7
30018854,5,chest pain,7,106,119,83,17,93,36.4
30018855,2,knee pain,9,64,138,69,15,90,38.1
30018856,3,shortness of breath,5,97,115,83,13,99,37.0
30018857,3,knee pain,2,99,116,81,19,98,36.1
30018858,4,anxiety,7,67,105,101,13,100,36.7
30018859,3,chest pain,4,112,145,59,13,94,36.1
30018860,3,chest pain,0,78,127,70,17,96,35.3
30018861,3,chest pain,2,26,118,67,17,98,37.2
30018862,3,knee pain,1,69,100,82,20,95,36.6
30018863,3,fever,2,75,129,95,25,100,37.4
30018864,2,headache,6,79,143,72,26,97,37.8
30018865,2,abdominal pain,6,82,104,101,13,98,37.6
30018866,2,abdominal pain,8,97,143,96,21,100,37.9
30018867,2,anxiety,8,110,90,77,17,96,37.5
30018868,3,back pain,6,77,93,95,18,99,38.2
30018869,4,shortness of breath,6,116,135,86,23,98,36.2
30018870,3,back pain,5,103,136,72,18,100,37.1
30018871,5,shortness of breath,2,73,124,78,20,98,37.6
30018872,3,shortness of breath,5,53,122,92,12,100,37.0
30018873,2,abdominal pain,6,98,123,89,18,96,36.3
30018874,3,laceration,7,84,157,75,20,100,38.3
30018875,3,headache,1,67,138,97,12,100,36.8
30018876,4,abdominal pain,3,110,120,94,25,99,38.8
30018877,5,headache,1,101,125,71,20,91,37.8
30018878,4,fall,1,80,134,82,20,90,38.5
30018879,2,laceration,7,72,132,99,22,95,37.4
30018880,4,anxiety,7,95,136,119,21,93,36.7
30018881,4,knee pain,1,95,122,97,26,97,37.4
30018882,1,knee pain,7,83,113,55,12,92,38.1
30018883,3,back pain,6,82,122,79,17,93,36.1
30018884,4,abdominal pain,4,68,136,100,18,97,37.1
30018885,3,shortness of breath,2,98,113,75,13,98,36.0
30018886,4,fall,4,85,130,70,17,100,37.6
30018887,4,headache,5,69,112,58,22,99,37.3
30018888,3,abdominal pain,0,77,152,72,15,100,36.8
30018889,4,back pain,0,81,139,86,18,98,36.8
30018890,3,back pain,7,91,97,116,24,97,37.3
30018891,3,laceration,2,52,129,97,21,98,37.8
30018892,4,fall,0,60,142,63,22,98,36.3
30018893,3,headache,1,79,180,82,15,99,37.4
30018894,3,shortness of breath,4,48,153,86,16,96,37.3
30018895,3,anxiety,7,88,116,43,16,99,35.2
30018896,3,fall,0,86,147,80,5,94,37.1
30018897,3,back pain,3,58,148,85,21,100,37.1
30018898,3,knee pain,0,85,137,103,22,100,37.3
30018899,2,chest pain,7,92,106,61,19,99,38.7
30018900,2,anxiety,10,124,139,62,16,98,36.8
30018901,3,headache,3,77,155,84,16,97,35.9
30018902,3,abdominal pain,5,95,141,54,13,97,36.4
30018903,3,laceration,6,94,147,88,15,100,36.9
30018904,3,headache,0,78,117,62,14,93,36.0
30018905,3,laceration,3,85,129,103,18,100,35.3
30018906,3,fall,1,115,154,70,19,98,36.2
30018907,3,abdominal pain,2,99,118,69,12,96,38.6
30018908,3,headache,7,93,137,87,14,97,37.2
30018909,4,shortness of breath,2,54,131,82,17,96,36.7
30018910,3,fall,2,78,120,95,8,95,36.7
30018911,4,shortness of breath,7,102,142,83,19,98,37.6
30018912,1,fall,7,72,126,89,20,96,35.6
30018913,3,fever,0,77,122,85,21,98,37.5
30018914,3,anxiety,5,104,82,88,11,100,36.8
30018915,5,fever,2,79,115,75,15,91,36.5
30018916,3,abdominal pain,5,73,79,115,22,96,37.6
30018917,3,shortness of breath,3,83,141,86,17,93,37.3
30018918,3,fever,0,105,140,82,26,98,38.6
30018919,4,fall,6,72,128,62,21,97,37.2
30018920,2,fever,8,118,119,75,17,96,35.5
30018921,2,fever,10,104,135,100,17,92,36.8
30018922,3,abdominal pain,0,78,152,65,15,100,37.9
30018923,5,headache,0,108,148,103,18,96,37.9
30018924,2,chest pain,10,93,152,88,18,97,37.5
30018925,3,shortness of breath,7,87,132,69,17,96,36.8
30018926,4,fever,1,94,96,91,15,97,36.2
30018927,3,chest pain,5,61,97,87,21,88,36.4
30018928,4,fever,3,46,144,70,22,99,38.0
30018929,3,shortness of breath,6,78,141,94,24,97,37.1
30018930,2,knee pain,7,93,113,70,13,100,36.7
30018931,3,back pain,6,74,123,92,14,97,37.0
30018932,3,laceration,6,62,143,70,21,98,37.1
30018933,2,shortness of breath,9,96,135,98,16,91,36.7
30018934,4,back pain,1,73,142,68,13,99,37.3
30018935,3,laceration,6,99,89,74,20,98,36.9
30018936,3,shortness of breath,1,97,144,78,14,98,36.3
30018937,3,fall,2,69,132,101,14,96,36.2
30018938,3,back pain,2,71,143,76,14,100,37.0
30018939,3,laceration,4,79,119,62,20,95,36.9
30018940,3,abdominal pain,1,85,134,62,20,95,35.0
30018941,4,headache,3,91,83,81,21,91,37.3
30018942,3,fall,0,80,138,80,17,94,37.4
30018943,3,abdominal pain,3,103,137,95,16,95,37.5
30018944,3,back pain,4,72,117,96,15,94,36.7
30018945,5,fall,5,92,94,91,22,95,37.0
30018946,3,headache,0,81,108,83,24,96,36.3
30018947,4,back pain,3,116,121,65,14,100,37.1
30018948,2,fall,8,83,103,97,18,97,35.7
30018949,4,fever,5,73,127,85,19,96,37.8
30018950,2,knee pain,6,82,126,90,18,100,37.0
30018951,3,laceration,7,82,104,57,23,93,37.5
30018952,3,anxiety,1,80,97,81,19,98,36.4
30018953,3,fever,7,94,139,104,27,96,36.0
30018954,3,abdominal pain,2,75,169,75,16,95,36.8
30018955,2,anxiety,10,72,135,92,17,100,37.2
30018956,3,back pain,4,89,141,92,18,98,37.7
30018957,3,knee pain,5,74,104,78,18,94,36.9
30018958,5,laceration,4,83,141,77,19,95,37.7
30018959,3,knee pain,5,74,137,78,16,100,35.6
30018960,4,back pain,7,102,152,82,9,96,36.9
30018961,3,knee pain,1,100,149,75,15,98,38.0
30018962,4,laceration,6,85,106,73,23,98,36.6
30018963,4,knee pain,2,99,135,75,13,96,36.3
30018964,3,fall,1,89,116,98,18,97,36.2
30018965,4,back pain,5,97,86,35,18,96,36.9
30018966,2,headache,9,95,111,99,23,100,37.7
30018967,3,knee pain,4,84,115,114,16,96,37.8
30018968,3,headache,6,81,147,81,22,97,35.9
30018969,2,chest pain,8,106,107,89,22,95,36.6
30018970,4,back pain,7,86,133,73,20,96,37.3
30018971,2,chest pain,7,101,93,80,13,95,37.1
30018972,4,shortness of breath,6,115,124,67,21,97,37.6
30018973,3,headache,1,90,127,83,18,96,36.4
30018974,4,back pain,5,54,181,107,20,97,36.1
30018975,3,anxiety,3,90,123,86,16,94,35.8
30018976,3,abdominal pain,7,93,107,100,14,97,37.0
30018977,3,chest pain,7,84,119,84,17,97,37.1
30018978,2,fall,8,89,118,71,11,100,37.8
30018979,2,fall,9,99,123,72,17,95,37.1
30018980,2,shortness of breath,6,118,122,71,20,100,36.2
30018981,3,shortness of breath,7,76,133,91,19,99,35.7
30018982,4,fall,0,72,151,81,19,88,37.6
30018983,3,laceration,7,101,120,117,10,97,38.2
30018984,3,laceration,6,90,158,80,20,98,37.5
30018985,2,chest pain,9,91,130,57,12,97,37.6
30018986,3,anxiety,1,75,96,99,14,99,38.7
30018987,3,laceration,3,72,148,74,20,97,36.9
30018988,2,headache,10,89,132,89,22,97,36.4
30018989,4,back pain,6,73,153,61,16,92,37.1
30018990,3,anxiety,5,113,120,68,13,100,36.8
30018991,2,anxiety,10,102,82,83,20,100,36.5
30018992,3,chest pain,5,97,126,86,22,98,38.4
30018993,1,chest pain,7,93,115,70,20,90,35.9
30018994,2,headache,6,74,133,92,20,98,36.9
30018995,3,laceration,2,84,120,55,14,97,39.5
30018996,3,shortness of breath,6,60,130,89,18,99,35.6
30018997,4,knee pain,7,74,131,86,11,96,36.8
30018998,4,anxiety,5,84,158,105,12,89,35.7
30018999,2,fall,9,64,112,73,11,98,36.1
30019000,3,anxiety,0,79,88,85,20,99,35.5
30019001,3,chest pain,7,68,104,81,12,95,37.1
30019002,2,headache,8,100,126,80,13,99,36.9
30019003,3,knee pain,6,97,88,93,13,97,36.5
30019004,4,headache,5,80,116,113,16,100,38.3
30019005,1,fall,10,78,121,99,17,94,36.9
30019006,5,anxiety,7,132,137,70,25,100,37.1
30019007,2,anxiety,8,109,164,63,17,100,37.9
30019008,3,shortness of breath,0,59,80,72,16,96,36.0
30019009,2,fall,8,78,105,97,22,93,37.4
30019010,3,back pain,0,108,145,105,16,97,36.3
30019011,2,laceration,7,83,131,69,15,98,37.9
30019012,3,chest pain,7,65,144,60,21,99,37.4
30019013,1,back pain,10,68,119,70,19,94,37.3
30019014,3,shortness of breath,4,71,111,87,22,100,37.2
30019015,1,anxiety,8,86,101,54,17,96,38.0
30019016,2,knee pain,6,84,134,100,21,100,36.9
30019017,3,shortness of breath,4,122,155,67,18,100,36.7
30019018,1,shortness of breath,10,89,153,54,18,95,37.1
30019019,2,abdominal pain,9,72,119,82,17,100,36.1
30019020,4,anxiety,1,48,111,88,19,91,36.7
30019021,4,headache,6,95,105,72,20,100,37.0
30019022,3,fall,7,75,158,70,19,98,36.6
30019023,3,anxiety,0,103,113,93,19,94,36.4
30019024,3,knee pain,4,79,160,72,19,100,37.3
30019025,4,laceration,1,76,161,74,17,95,36.9
30019026,3,fall,6,71,110,61,8,96,36.8
30019027,3,fall,1,86,134,74,14,99,35.6
30019028,2,anxiety,10,85,117,73,18,100,37.2
30019029,4,anxiety,1,95,128,82,13,95,37.3
30019030,3,shortness of breath,7,94,124,140,14,96,36.7
30019031,4,shortness of breath,2,73,116,80,24,94,37.1
30019032,4,anxiety,2,102,146,90,24,98,36.5
30019033,3,anxiety,1,80,93,80,19,100,38.4
30019034,3,back pain,2,63,110,82,15,94,36.6
30019035,3,chest pain,7,98,132,60,19,98,36.7
30019036,3,chest pain,1,63,145,78,17,94,37.5
30019037,3,headache,1,105,148,112,15,96,38.6
30019038,1,abdominal pain,8,72,144,91,19,96,36.6
30019039,3,chest pain,2,83,117,68,19,99,37.5
30019040,5,abdominal pain,3,72,103,84,9,94,37.0
30019041,3,shortness of breath,1,109,102,85,8,98,36.0
30019042,2,knee pain,8,50,145,82,19,97,37.1
30019043,2,headache,9,74,122,101,13,96,36.8
30019044,3,fall,5,76,102,89,15,96,38.1
30019045,4,knee pain,5,75,141,65,21,100,37.4
30019046,3,back pain,6,54,94,86,13,96,35.5
30019047,2,headache,6,67,121,89,14,99,37.7
30019048,4,abdominal pain,0,108,128,82,16,94,36.8
30019049,2,shortness of breath,6,83,120,58,11,98,37.3
30019050,2,abdominal pain,8,81,146,58,17,91,36.2
30019051,1,anxiety,9,68,134,90,20,100,36.2
30019052,1,anxiety,10,109,135,73,15,95,36.5
30019053,2,knee pain,7,69,121,78,17,98,37.4
30019054,3,back pain,4,107,175,102,15,97,36.5
30019055,4,laceration,7,81,141,79,17,96,37.3
30019056,4,chest pain,0,93,168,75,21,97,35.9
30019057,3,back pain,1,67,121,65,18,98,36.3
30019058,4,fever,2,98,122,75,22,99,35.5
30019059,2,headache,7,93,113,90,26,98,37.1
30019060,3,fever,7,104,136,86,21,97,36.9
30019061,2,anxiety,8,98,145,95,21,95,36.9
30019062,4,anxiety,7,78,102,73,13,94,37.2
30019063,3,fever,4,108,138,73,20,92,37.7
30019064,3,anxiety,5,99,153,60,14,92,37.1
30019065,2,anxiety,7,82,120,79,19,99,36.6
30019066,2,fall,7,104,121,90,12,97,38.6
30019067,2,chest pain,7,93,80,68,25,100,36.6
30019068,3,abdominal pain,4,84,124,85,18,96,36.8
30019069,3,back pain,7,56,122,77,17,95,36.8
30019070,4,fever,1,81,169,90,17,99,35.3
30019071,2,laceration,10,71,112,78,20,100,35.4
30019072,4,shortness of breath,3,63,146,106,15,94,36.7
30019073,2,anxiety,9,61,132,73,23,92,38.3
30019074,3,fever,5,66,93,99,28,96,37.1
30019075,3,shortness of breath,6,108,129,110,18,95,36.0
30019076,4,headache,1,80,123,59,19,92,36.0
30019077,5,fall,2,76,97,71,22,96,37.6
30019078,4,abdominal pain,1,58,120,54,24,99,36.6
30019079,1,back pain,7,83,97,101,18,98,36.9
30019080,3,shortness of breath,1,71,121,64,17,93,36.1
30019081,4,shortness of breath,1,93,103,88,18,98,36.5
30019082,3,headache,5,74,141,92,13,98,37.1
30019083,3,headache,7,73,134,80,14,100,36.8
30019084,3,laceration,5,90,107,92,28,98,36.6
30019085,5,laceration,4,80,148,67,18,100,37.6
30019086,4,laceration,6,97,139,89,10,95,38.0
30019087,4,fall,1,104,100,96,17,94,36.9
30019088,4,fever,7,88,109,105,11,98,36.8
30019089,3,shortness of breath,5,91,119,88,18,97,35.4
30019090,3,shortness of breath,3,72,171,87,20,95,37.8
30019091,3,headache,7,81,126,73,16,94,36.4
30019092,4,headache,4,87,107,83,13,89,38.0
30019093,2,chest pain,10,98,132,54,19,94,36.5
30019094,1,knee pain,9,101,136,100,19,100,37.8
30019095,3,shortness of breath,1,67,120,80,19,90,36.7
30019096,2,fever,10,71,142,100,16,98,36.9
30019097,3,knee pain,7,72,89,78,17,100,36.6
30019098,3,anxiety,1,64,129,85,16,100,37.1
30019099,3,knee pain,2,97,110,80,17,100,37.2
30019100,4,fall,4,70,129,82,21,100,37.0
30019101,3,shortness of breath,4,82,106,71,17,99,36.7
30019102,2,chest pain,6,102,118,50,18,93,38.7
30019103,4,back pain,4,108,117,78,23,93,37.8
30019104,3,knee pain,6,63,106,83,14,93,36.9
30019105,4,chest pain,5,72,144,66,11,93,37.0
30019106,4,abdominal pain,3,70,145,90,18,100,36.4
30019107,1,headache,10,94,125,80,14,94,36.8
30019108,5,shortness of breath,5,86,141,81,14,95,37.7
30019109,3,fall,5,78,140,67,18,94,36.7
30019110,1,chest pain,6,67,120,84,17,100,35.5
30019111,4,knee pain,5,58,76,65,19,98,36.7
30019112,3,anxiety,1,78,166,78,17,93,38.1
30019113,3,fever,3,99,116,113,23,98,37.0
30019114,2,shortness of breath,8,72,149,86,17,95,38.0
30019115,2,headache,10,93,114,79,17,100,37.7
30019116,3,knee pain,6,95,146,92,16,92,37.1
30019117,3,chest pain,7,75,98,87,18,99,36.9
30019118,2,headache,9,97,130,101,19,100,36.7
30019119,4,chest pain,4,93,86,137,21,100,37.0
30019120,2,laceration,7,85,137,78,24,97,37.7
30019121,3,anxiety,5,84,90,69,21,93,37.5
30019122,1,abdominal pain,8,107,120,57,15,97,38.0
30019123,3,fever,6,78,125,82,17,99,35.9
30019124,2,abdominal pain,6,93,160,83,27,95,37.5
30019125,5,back pain,7,77,114,90,18,98,36.9
30019126,3,chest pain,3,86,124,97,20,95,38.1
30019127,3,anxiety,3,79,128,75,20,96,37.1
30019128,3,fever,6,92,147,96,14,96,37.6
30019129,2,laceration,7,88,104,89,18,99,36.4
30019130,3,back pain,4,97,146,77,18,99,37.5
30019131,4,fall,1,84,139,85,21,97,36.5
30019132,4,chest pain,6,70,117,100,20,98,35.7
30019133,4,back pain,0,86,93,66,13,100,37.3
30019134,2,laceration,6,98,143,55,20,94,37.6
30019135,2,anxiety,8,130,103,71,19,94,37.6
30019136,4,fall,7,92,151,74,21,100,37.0
30019137,3,fall,6,67,98,86,17,98,38.4
30019138,4,laceration,4,74,164,104,20,100,37.1
30019139,4,abdominal pain,3,109,127,94,18,93,37.9
30019140,3,anxiety,0,84,148,75,12,96,38.1
30019141,3,shortness of breath,0,83,134,72,18,94,37.5
30019142,4,knee pain,6,68,157,66,18,95,35.9
30019143,2,knee pain,6,79,118,96,15,97,38.5
30019144,2,laceration,8,97,134,68,17,99,35.3
30019145,4,laceration,5,93,97,86,20,97,36.1
30019146,3,fever,0,94,110,58,18,99,36.5
30019147,3,headache,7,104,139,80,17,94,37.2
30019148,3,abdominal pain,3,97,155,55,15,100,36.5
30019149,3,shortness of breath,6,71,128,86,13,100,35.6
30019150,3,laceration,7,47,133,76,18,100,36.2
30019151,3,headache,2,77,133,60,18,99,37.0
30019152,2,abdominal pain,9,86,120,64,22,91,37.8
30019153,4,fever,7,75,120,84,13,93,37.6
30019154,3,fever,6,55,156,56,28,99,35.2
30019155,3,headache,4,94,133,105,17,93,36.3
30019156,2,chest pain,10,90,115,82,17,100,38.3
30019157,3,chest pain,2,67,109,77,9,100,36.5
30019158,3,back pain,7,87,118,68,13,97,36.4
30019159,2,headache,8,98,118,95,16,93,35.9
30019160,3,headache,5,74,141,60,20,99,35.8
30019161,2,fall,10,41,135,87,10,99,37.7
30019162,3,knee pain,2,79,158,69,18,94,35.1
30019163,3,fall,1,81,107,65,16,98,37.1
30019164,2,fall,9,94,115,85,13,93,36.9
30019165,3,laceration,6,83,106,50,19,97,35.9
30019166,4,fall,2,79,115,93,22,93,37.2
30019167,3,fall,5,92,106,75,19,99,37.4
30019168,2,anxiety,6,88,131,112,16,93,36.8
30019169,4,anxiety,4,86,102,79,19,95,37.1
30019170,3,chest pain,1,93,127,106,23,100,36.0
30019171,3,laceration,5,63,109,80,24,93,36.2
30019172,4,chest pain,4,105,134,64,17,93,37.4
30019173,3,knee pain,0,60,116,45,14,97,36.7
30019174,2,laceration,8,72,131,57,12,97,37.8
30019175,3,fall,3,80,135,90,22,97,36.3
30019176,3,knee pain,5,96,86,73,17,90,36.0
30019177,2,abdominal pain,6,70,118,53,21,100,35.9
30019178,3,shortness of breath,4,83,119,68,12,100,36.0
30019179,2,chest pain,8,58,152,76,14,90,37.5
30019180,3,anxiety,6,84,104,48,21,98,38.1
30019181,3,fever,0,69,121,81,17,100,36.4
30019182,4,abdominal pain,6,104,126,72,22,100,36.7
30019183,4,laceration,2,79,115,68,19,95,37.4
30019184,4,fever,0,109,100,81,14,95,36.1
30019185,2,knee pain,8,104,133,79,18,94,36.9
30019186,2,fall,9,110,130,88,12,97,37.4
30019187,3,headache,7,74,170,113,15,99,36.0
30019188,3,abdominal pain,0,113,138,70,15,96,36.3
30019189,3,headache,1,80,125,83,20,92,35.5
30019190,3,abdominal pain,1,104,131,100,21,98,36.6
30019191,3,chest pain,6,48,136,92,16,97,36.2
30019192,3,fall,4,64,96,64,16,95,37.3
30019193,3,headache,7,65,123,82,18,98,36.2
30019194,3,fever,6,82,131,96,17,95,36.5
30019195,3,anxiety,6,102,142,80,21,96,38.5
30019196,4,fall,1,89,125,94,17,100,37.4
30019197,4,anxiety,0,96,166,68,16,96,37.9
30019198,4,laceration,1,89,102,59,21,100,36.6
30019199,4,laceration,3,90,107,72,19,94,36.2
30019200,3,abdominal pain,0,88,135,62,19,95,39.0
30019201,4,fall,0,66,150,73,22,94,37.9
30019202,4,fall,5,84,103,63,12,98,37.9
30019203,3,shortness of breath,7,83,124,51,22,93,38.1
30019204,3,knee pain,0,78,125,86,18,97,37.8
30019205,3,shortness of breath,1,84,149,85,17,100,35.9
30019206,3,fever,4,82,122,72,19,93,38.1
30019207,5,knee pain,2,101,126,89,12,96,36.8
30019208,1,shortness of breath,10,68,125,78,14,98,36.1
30019209,3,back pain,4,104,110,103,13,93,36.7
30019210,3,fall,1,70,127,90,23,97,38.2
30019211,2,shortness of breath,9,75,125,71,16,100,38.1
30019212,3,headache,2,67,166,59,29,91,35.5
30019213,2,knee pain,8,84,129,81,20,99,36.2
30019214,2,knee pain,8,74,133,72,17,100,36.1
30019215,1,chest pain,8,73,167,77,24,94,39.1
30019216,5,laceration,3,65,123,116,15,92,36.4
30019217,2,abdominal pain,7,83,120,93,26,95,37.0
30019218,3,knee pain,2,60,122,84,13,97,37.6
30019219,3,fever,0,97,122,89,12,100,37.4
30019220,3,back pain,6,110,132,72,30,97,36.7
30019221,4,abdominal pain,0,74,135,97,22,95,35.9
30019222,2,abdominal pain,10,86,119,62,20,100,37.0
30019223,3,abdominal pain,3,78,97,74,21,95,37.5
30019224,3,chest pain,1,102,178,80,19,99,37.3
30019225,2,headache,7,98,116,115,22,100,38.3
30019226,3,fever,6,103,94,57,13,97,36.8
30019227,1,fall,10,67,149,122,22,100,37.3
30019228,1,abdominal pain,9,100,152,95,12,96,37.2
30019229,3,abdominal pain,1,89,105,87,21,94,37.9
30019230,2,fall,10,95,146,58,23,99,35.8
30019231,5,fall,5,78,125,81,14,100,38.7
30019232,1,fall,6,71,110,79,19,95,37.5
30019233,2,knee pain,8,80,108,85,25,100,38.0
30019234,3,fall,4,78,110,77,9,96,37.3
30019235,4,chest pain,1,114,144,80,15,95,37.8
30019236,4,chest pain,4,101,160,64,17,99,36.8
30019237,3,abdominal pain,1,90,96,82,25,96,36.9
30019238,3,knee pain,5,75,116,90,11,97,37.2
30019239,4,back pain,0,64,148,91,25,97,37.0
30019240,3,knee pain,1,95,103,90,21,98,35.2
30019241,3,back pain,7,107,90,86,21,98,36.8
30019242,3,headache,5,74,97,69,12,100,35.1
30019243,3,anxiety,5,89,160,63,20,100,36.3
30019244,2,knee pain,6,62,162,90,15,100,37.5
30019245,2,shortness of breath,10,86,101,104,14,100,37.6
30019246,4,laceration,0,98,121,98,21,98,38.4
30019247,5,knee pain,5,66,105,92,17,95,37.0
30019248,3,knee pain,7,112,92,70,16,91,37.1
30019249,2,fever,9,85,81,98,11,96,37.9
30019250,3,abdominal pain,1,84,125,75,27,100,37.0
30019251,2,knee pain,7,78,166,74,21,99,36.5
30019252,4,abdominal pain,0,71,135,94,16,100,37.5
30019253,3,back pain,1,89,124,83,13,97,37.6
30019254,3,fall,5,91,105,57,14,100,35.6
30019255,3,anxiety,0,91,126,66,29,100,37.2
30019256,4,fall,7,61,116,84,16,95,37.1
30019257,2,abdominal pain,7,68,92,83,19,98,38.2
30019258,2,shortness of breath,8,85,101,85,17,96,36.1
30019259,3,headache,3,97,156,66,23,97,36.4
30019260,2,shortness of breath,8,103,129,88,23,100,38.3
30019261,1,fall,8,63,145,71,19,96,35.5
30019262,4,headache,0,87,153,68,20,100,36.0
30019263,4,shortness of breath,2,108,134,54,14,97,37.4
30019264,3,knee pain,2,90,151,80,10,94,35.8
30019265,3,back pain,7,87,114,80,19,99,36.6
30019266,3,shortness of breath,7,97,126,96,24,98,37.4
30019267,4,fall,0,81,136,74,17,99,36.1
30019268,3,knee pain,7,104,103,87,22,98,37.0
30019269,5,laceration,3,84,114,77,15,98,35.8
30019270,3,abdominal pain,3,95,121,48,26,99,37.1
30019271,3,knee pain,2,80,114,102,16,98,39.0
30019272,3,shortness of breath,2,75,147,83,23,99,36.0
30019273,3,headache,2,89,136,95,17,96,36.7
30019274,1,fever,7,85,132,94,8,94,37.0
30019275,3,fever,4,83,83,88,25,93,36.5
30019276,3,chest pain,5,90,102,78,21,100,36.7
30019277,3,headache,0,81,123,108,17,95,37.0
30019278,4,laceration,2,97,174,63,18,98,37.3
30019279,2,knee pain,9,89,125,62,19,91,36.0
30019280,3,fall,0,74,151,64,13,96,37.6
30019281,3,laceration,3,66,155,102,15,100,36.3
30019282,2,anxiety,10,74,123,61,10,99,37.0
30019283,3,fever,0,98,132,74,23,97,36.2
30019284,3,abdominal pain,7,75,124,66,11,98,35.6
30019285,3,back pain,0,100,137,94,19,95,37.6
30019286,2,anxiety,6,87,115,103,24,99,36.7
30019287,3,fall,2,71,143,79,17,100,36.8
30019288,3,fall,2,69,143,98,15,92,36.1
30019289,5,fall,7,107,139,94,16,97,36.6
30019290,3,abdominal pain,2,78,108,68,19,99,37.4
30019291,4,knee pain,4,86,103,57,18,98,37.6
30019292,3,anxiety,7,125,148,92,19,95,36.6
30019293,3,abdominal pain,0,94,118,124,17,99,37.5
30019294,3,shortness of breath,0,90,98,99,24,95,39.3
30019295,3,abdominal pain,0,74,136,88,24,97,37.1
30019296,2,abdominal pain,7,96,128,47,15,98,36.5
30019297,3,headache,5,101,114,86,10,100,37.6
30019298,3,laceration,7,78,153,72,25,100,37.0
30019299,1,laceration,8,60,112,68,16,94,37.5
30019300,2,fever,8,68,131,110,22,95,37.5
30019301,3,chest pain,0,111,125,90,22,97,36.5
30019302,4,anxiety,5,61,101,98,14,100,37.0
30019303,3,shortness of breath,6,66,144,94,12,96,37.8
30019304,3,shortness of breath,3,84,86,104,19,100,36.0
30019305,4,laceration,7,94,123,83,16,96,37.7
30019306,4,anxiety,1,92,139,97,13,98,36.0
30019307,3,abdominal pain,2,83,123,59,28,92,37.1
30019308,3,shortness of breath,3,71,118,76,17,93,36.1
30019309,3,laceration,3,90,131,77,19,99,36.9
30019310,3,back pain,3,81,113,79,16,97,36.1
30019311,3,chest pain,6,63,113,94,9,99,37.3
30019312,3,back pain,2,83,98,92,15,100,36.8
30019313,3,abdominal pain,2,96,112,93,19,97,37.7
30019314,4,chest pain,4,91,150,99,17,94,37.7
30019315,3,shortness of breath,6,74,117,74,22,100,36.5
30019316,3,fever,1,98,127,87,17,100,37.8
30019317,3,shortness of breath,5,58,120,81,19,94,37.7
30019318,3,abdominal pain,2,91,141,76,24,97,36.6
30019319,3,headache,6,93,110,73,18,97,38.4
30019320,3,chest pain,3,70,133,85,13,98,37.2
30019321,4,back pain,5,72,115,100,15,94,37.5
30019322,5,fall,6,104,104,106,22,99,37.9
30019323,4,back pain,7,101,118,74,19,100,36.4
30019324,4,fever,4,85,131,80,14,99,36.7
30019325,3,headache,0,112,91,96,16,100,36.6
30019326,4,shortness of breath,2,83,122,60,19,96,37.0
30019327,2,laceration,8,88,139,72,18,93,36.6
30019328,1,chest pain,7,65,108,93,16,92,36.2
30019329,2,anxiety,9,88,102,65,25,100,37.7
30019330,3,back pain,6,81,89,62,21,99,37.7
30019331,3,headache,3,93,127,57,13,100,38.0
30019332,4,abdominal pain,4,87,124,93,16,92,36.5
30019333,2,fall,7,99,110,76,22,98,36.8
30019334,2,chest pain,9,71,114,76,25,96,38.2
30019335,3,chest pain,3,90,129,58,14,96,36.5
30019336,3,fall,0,77,120,77,16,100,36.4
30019337,3,fall,7,76,108,71,24,100,36.7
30019338,3,knee pain,1,83,136,85,26,97,38.7
30019339,5,abdominal pain,5,110,118,103,15,99,36.8
30019340,3,fall,1,89,116,77,10,94,36.7
30019341,3,headache,0,65,167,78,16,100,39.2
30019342,3,back pain,0,72,125,79,16,100,37.4
30019343,3,fall,2,64,119,89,23,97,36.0
30019344,3,fall,5,95,161,77,13,95,36.3
30019345,2,knee pain,6,85,137,100,17,96,35.9
30019346,3,fall,6,74,131,81,14,100,37.4
30019347,3,shortness of breath,7,84,123,82,17,98,37.6
30019348,3,fall,1,92,129,74,22,100,38.0
30019349,3,chest pain,7,85,141,85,15,100,37.6
30019350,3,laceration,4,82,143,98,13,97,37.3
30019351,3,laceration,2,86,154,98,19,96,36.7
30019352,4,knee pain,6,70,118,63,24,96,36.8
30019353,3,abdominal pain,6,89,131,71,19,100,37.9
30019354,3,shortness of breath,4,98,133,84,16,89,37.1
30019355,4,fever,3,67,109,69,18,94,36.0
30019356,3,back pain,1,97,111,81,16,96,36.3
30019357,3,knee pain,1,76,91,88,12,99,37.6
30019358,3,knee pain,0,95,108,92,20,99,37.2
30019359,2,laceration,7,109,153,78,15,95,36.7
30019360,3,knee pain,0,97,112,86,12,91,37.5
30019361,4,laceration,5,74,132,59,17,100,37.1
30019362,4,headache,7,79,127,66,19,97,37.0
30019363,3,chest pain,6,67,106,72,14,97,37.4
30019364,4,fever,0,73,162,83,19,100,36.6
30019365,3,headache,0,78,133,66,21,100,37.8
30019366,2,shortness of breath,7,96,123,66,16,100,38.2
30019367,3,knee pain,7,90,112,92,24,100,36.9
30019368,3,back pain,5,110,98,62,22,100,36.3
30019369,3,back pain,4,77,118,82,18,100,37.1
30019370,4,knee pain,4,90,157,82,17,95,37.4
30019371,2,fall,9,101,124,86,14,93,37.5
30019372,3,headache,0,91,127,57,18,98,37.7
30019373,4,anxiety,4,57,113,55,23,98,36.7
30019374,4,abdominal pain,2,109,128,46,26,98,36.5
30019375,2,fever,9,114,126,74,29,97,37.7
30019376,3,shortness of breath,2,54,140,73,12,94,37.5
30019377,3,abdominal pain,7,79,144,80,17,100,37.7
30019378,3,laceration,6,80,107,88,23,100,37.6
30019379,3,back pain,4,95,121,99,17,94,36.2
30019380,3,back pain,4,75,116,71,15,95,37.2
30019381,1,fall,8,79,134,88,22,100,37.9
30019382,3,shortness of breath,1,85,123,102,16,97,36.4
30019383,3,fall,2,66,125,66,13,99,37.0
30019384,2,anxiety,6,86,108,69,21,96,37.6
30019385,4,fever,7,76,125,80,22,98,37.8
30019386,3,shortness of breath,6,88,131,88,23,97,35.9
30019387,4,anxiety,3,88,111,59,22,97,37.3
30019388,3,laceration,5,82,149,113,16,96,35.8
30019389,3,fever,4,100,122,82,19,97,36.5
30019390,2,abdominal pain,10,65,132,99,26,98,36.2
30019391,2,knee pain,6,109,127,98,14,92,36.9
30019392,3,knee pain,4,74,117,90,13,97,37.1
30019393,2,chest pain,8,77,112,77,18,97,37.1
30019394,5,back pain,6,111,105,75,18,100,36.5
30019395,4,headache,7,83,137,98,21,94,37.3
30019396,3,fall,1,70,107,92,27,100,35.8
30019397,5,laceration,6,84,146,94,22,100,38.2
30019398,4,abdominal pain,4,89,141,62,25,96,37.0
30019399,2,chest pain,7,96,109,93,22,100,36.0
30019400,5,headache,2,99,141,74,19,96,37.8
30019401,3,chest pain,5,97,147,100,18,97,39.2
30019402,3,shortness of breath,3,63,112,70,16,100,36.7
30019403,2,knee pain,9,83,135,65,18,100,37.2
30019404,3,chest pain,1,66,105,100,19,99,37.8
30019405,4,back pain,3,72,163,90,13,98,37.4
30019406,2,headache,10,100,125,74,19,96,37.0
30019407,3,chest pain,3,78,161,67,17,92,36.3
30019408,3,anxiety,4,85,141,83,23,100,38.2
30019409,3,fever,0,105,132,77,15,100,37.9
30019410,2,shortness of breath,8,88,130,94,16,99,37.5
30019411,5,shortness of breath,3,68,110,62,22,94,37.4
30019412,3,headache,7,94,125,48,18,97,36.2
30019413,3,fever,7,106,121,41,21,100,37.1
30019414,3,anxiety,7,79,112,74,17,100,36.8
30019415,2,fall,8,101,70,83,16,100,37.1
30019416,3,back pain,4,102,91,75,18,97,37.2
30019417,2,chest pain,9,83,150,58,14,95,36.1
30019418,5,back pain,6,83,119,102,23,96,35.4
30019419,3,fall,5,102,133,70,16,91,36.7
30019420,2,headache,7,71,153,72,18,98,37.5
30019421,3,back pain,7,110,111,91,13,98,37.8
30019422,3,knee pain,6,64,137,82,16,96,36.3
30019423,3,shortness of breath,2,70,103,51,20,98,36.8
30019424,3,headache,4,56,133,52,28,100,38.2
30019425,4,fever,0,88,145,70,13,100,36.7
30019426,3,laceration,7,83,116,76,22,97,36.5
30019427,2,fever,7,100,134,53,19,94,37.6
30019428,3,chest pain,5,100,126,69,15,99,37.6
30019429,2,shortness of breath,10,67,143,101,18,97,37.4
30019430,3,shortness of breath,2,84,108,54,17,96,35.9
30019431,4,abdominal pain,1,98,134,73,14,94,37.1
30019432,1,shortness of breath,10,72,99,85,21,99,35.5
30019433,2,laceration,10,82,137,70,21,93,36.5
30019434,4,abdominal pain,5,101,94,73,14,95,36.7
30019435,2,back pain,9,83,108,66,15,94,36.6
30019436,3,abdominal pain,4,100,110,113,20,100,36.4
30019437,3,shortness of breath,3,100,113,97,26,97,36.6
30019438,3,shortness of breath,7,101,113,62,21,97,38.3
30019439,3,knee pain,4,80,142,81,20,100,37.0
30019440,3,fever,3,80,122,71,21,97,40.3
30019441,3,shortness of breath,2,94,143,74,17,97,38.3
30019442,3,headache,1,73,149,79,18,96,36.1
30019443,4,fever,7,71,148,83,24,100,36.8
30019444,3,headache,3,78,97,56,16,100,36.7
30019445,4,knee pain,3,108,119,79,25,100,37.3
30019446,4,shortness of breath,3,89,100,76,14,89,37.1
30019447,3,back pain,0,94,110,79,15,92,37.8
30019448,3,shortness of breath,7,89,90,88,19,96,37.3
30019449,1,shortness of breath,6,72,131,72,20,95,37.4
30019450,3,fever,1,85,100,80,15,100,37.0
30019451,4,knee pain,5,103,136,57,22,96,39.1
30019452,3,anxiety,4,70,116,103,24,94,38.4
30019453,4,laceration,5,96,123,79,16,93,35.8
30019454,4,laceration,1,105,124,56,27,95,37.1
30019455,3,fever,5,73,118,87,19,87,38.0
30019456,4,shortness of breath,2,102,110,79,15,92,36.8
30019457,3,abdominal pain,3,96,128,78,26,95,37.1
30019458,5,chest pain,5,97,135,98,13,99,37.3
30019459,4,shortness of breath,3,80,74,68,21,100,36.9
30019460,3,shortness of breath,7,64,122,75,21,98,36.9
30019461,3,anxiety,2,95,112,95,19,99,37.1
30019462,4,back pain,1,79,127,75,18,100,37.6
30019463,3,fall,4,98,94,66,16,94,36.7
30019464,4,back pain,0,57,116,99,25,97,36.2
30019465,2,fever,9,97,132,93,17,97,37.6
30019466,3,chest pain,2,86,99,74,15,95,36.5
30019467,3,back pain,2,67,121,68,23,96,38.2
30019468,3,knee pain,7,84,106,91,13,100,34.5
30019469,3,anxiety,0,87,149,77,28,100,36.1
30019470,3,shortness of breath,2,101,111,68,17,100,35.9
30019471,3,fall,1,104,94,71,19,91,36.8
30019472,3,fever,5,89,121,92,11,98,36.7
30019473,3,anxiety,3,76,131,84,20,97,36.6
30019474,3,laceration,1,96,136,67,20,100,37.3
30019475,3,fever,1,71,150,74,10,100,37.4
30019476,3,abdominal pain,0,77,162,63,18,93,37.6
30019477,3,headache,3,68,127,94,25,98,37.6
30019478,3,back pain,6,104,86,83,14,100,36.7
30019479,3,fever,7,76,131,87,12,98,38.1
30019480,3,fever,4,97,134,47,23,92,36.6
30019481,4,fall,4,77,115,74,16,99,37.3
30019482,4,fall,3,98,134,60,18,100,38.1
30019483,3,shortness of breath,4,59,129,88,22,99,36.6
30019484,3,chest pain,6,93,112,103,22,96,36.7
30019485,5,abdominal pain,0,77,137,73,14,95,37.2
30019486,4,fall,0,86,158,69,20,94,37.5
30019487,2,chest pain,8,84,135,55,21,98,37.0
30019488,4,fall,1,67,124,99,16,100,37.6
30019489,3,headache,3,107,141,101,15,89,37.0
30019490,4,shortness of breath,7,55,116,74,16,100,38.0
30019491,3,back pain,5,73,144,73,21,95,38.0
30019492,2,headache,6,91,138,104,14,96,37.8
30019493,1,chest pain,6,99,89,101,18,98,36.6
30019494,3,anxiety,1,76,144,67,15,99,36.0
30019495,2,anxiety,10,86,132,86,20,97,36.6
30019496,3,laceration,0,90,108,112,14,97,37.1
30019497,4,fall,3,80,141,86,13,95,36.9
30019498,4,shortness of breath,6,97,108,70,19,100,36.8
30019499,3,laceration,1,86,121,46,17,95,36.1
30019500,3,anxiety,1,72,106,71,20,99,37.3
30019501,3,laceration,0,55,122,85,27,96,37.7
30019502,3,chest pain,7,85,122,108,19,99,36.4
30019503,2,headache,10,92,149,69,18,97,38.4
30019504,1,anxiety,8,99,151,88,17,92,37.5
30019505,3,knee pain,5,82,107,73,22,97,37.1
30019506,5,shortness of breath,0,90,78,73,14,100,37.2
30019507,3,headache,1,75,121,68,16,94,36.6
30019508,4,fever,0,96,137,73,16,97,37.4
30019509,2,laceration,8,74,144,94,21,95,36.8
30019510,1,abdominal pain,10,89,138,84,15,93,36.6
30019511,2,laceration,6,73,107,68,17,94,37.3
30019512,3,fever,5,104,142,70,17,94,38.2
30019513,2,laceration,7,94,103,90,17,99,37.2
30019514,3,chest pain,1,88,132,82,18,95,36.5
30019515,2,headache,10,80,107,94,22,100,36.9
30019516,4,fever,3,93,140,62,17,97,38.4
30019517,2,back pain,8,92,111,82,9,95,36.2
30019518,5,back pain,6,117,99,94,20,97,35.8
30019519,3,back pain,7,85,122,120,21,94,37.1
30019520,3,chest pain,4,72,143,83,8,95,36.4
30019521,4,fever,4,64,79,68,11,97,37.6
30019522,3,shortness of breath,7,102,109,85,16,97,36.0
30019523,3,fever,7,76,127,100,15,96,36.9
30019524,2,abdominal pain,9,90,89,103,20,97,36.7
30019525,3,knee pain,3,71,97,90,18,100,36.9
30019526,2,fever,10,77,126,71,12,99,37.7
30019527,3,anxiety,5,119,147,70,25,97,34.8
30019528,4,anxiety,1,75,129,96,16,92,34.9
30019529,2,headache,7,109,116,89,21,96,38.2
30019530,4,laceration,5,100,158,60,18,99,36.9
30019531,4,laceration,3,87,152,68,14,96,36.8
30019532,3,fall,3,94,122,94,16,97,36.2
30019533,4,abdominal pain,5,83,133,103,19,99,35.7
30019534,2,chest pain,6,73,128,87,17,98,37.2
30019535,3,abdominal pain,5,89,151,59,19,98,37.5
30019536,2,abdominal pain,10,96,115,83,13,97,37.5
30019537,2,chest pain,9,85,108,90,13,94,37.2
30019538,2,abdominal pain,10,85,109,81,12,93,36.8
30019539,3,fever,1,99,169,80,18,95,37.3
30019540,3,anxiety,2,82,115,64,20,98,38.7
30019541,3,back pain,6,114,134,56,21,96,36.8
30019542,4,headache,0,106,144,74,13,91,36.6
30019543,5,headache,7,69,140,68,17,98,37.6
30019544,3,anxiety,3,81,134,79,11,97,37.7
30019545,3,shortness of breath,3,86,119,74,15,94,35.4
30019546,1,abdominal pain,10,79,148,71,15,93,36.6
30019547,4,chest pain,4,81,121,55,13,96,37.4
30019548,2,knee pain,7,52,136,87,14,93,36.3
30019549,3,laceration,6,84,112,67,18,94,35.8
30019550,4,chest pain,0,80,167,87,21,99,38.2
30019551,3,laceration,0,56,148,110,21,99,37.8
30019552,3,anxiety,5,82,115,91,23,99,37.4
30019553,3,back pain,2,92,144,83,14,91,37.1
30019554,2,fall,8,77,139,66,20,97,36.9
30019555,3,shortness of breath,7,87,145,94,24,100,36.1
30019556,3,fall,7,100,142,93,18,100,37.1
30019557,4,anxiety,3,87,123,80,16,100,36.8
30019558,3,fever,7,68,165,60,20,94,37.0
30019559,3,fall,4,96,113,106,19,96,38.2
30019560,3,laceration,0,72,119,91,12,95,37.5
30019561,3,anxiety,4,72,123,69,20,94,36.5
30019562,4,shortness of breath,7,116,119,80,9,96,35.7
30019563,3,shortness of breath,3,69,130,82,21,94,37.1
30019564,4,anxiety,1,130,135,53,20,95,36.7
30019565,3,fall,6,78,129,69,23,95,35.2
30019566,2,fall,10,69,164,100,15,97,38.3
30019567,3,laceration,3,90,126,104,16,100,37.7
30019568,3,anxiety,0,119,114,43,19,100,38.0
30019569,3,anxiety,4,91,101,87,19,94,36.2
30019570,3,anxiety,4,94,162,91,8,100,36.4
30019571,2,abdominal pain,8,63,114,98,15,95,36.6
30019572,3,anxiety,1,71,89,38,15,100,36.9
30019573,3,anxiety,6,91,164,98,21,97,36.8
30019574,4,abdominal pain,4,57,170,68,19,100,37.8
30019575,3,knee pain,4,61,127,84,18,98,37.9
30019576,3,fall,6,86,99,62,25,100,36.1
30019577,2,chest pain,6,86,139,70,14,100,36.8
30019578,3,headache,0,99,141,73,20,94,38.8
30019579,3,shortness of breath,5,68,82,81,17,99,38.3
30019580,4,abdominal pain,3,73,102,88,21,92,36.9
30019581,3,abdominal pain,5,72,115,64,13,97,37.0
30019582,1,laceration,6,71,85,76,19,99,36.6
30019583,3,headache,7,95,87,70,19,95,37.7
30019584,3,chest pain,3,67,148,109,12,96,36.2
30019585,3,fall,7,115,106,88,16,100,37.6
30019586,2,headache,7,81,116,77,17,98,36.0
30019587,4,back pain,3,89,148,75,23,100,36.8
30019588,4,back pain,4,55,155,71,20,95,35.8
30019589,2,fever,6,110,119,82,25,91,35.5
30019590,3,abdominal pain,5,73,133,87,13,95,36.6
30019591,3,chest pain,4,95,135,81,13,96,36.0
30019592,3,anxiety,4,82,110,46,18,96,37.7
30019593,3,anxiety,0,69,121,83,17,99,37.2
30019594,3,fever,6,87,124,106,18,97,37.0
30019595,3,chest pain,1,90,123,79,19,95,36.3
30019596,3,knee pain,2,89,81,53,22,96,36.8
30019597,2,back pain,9,74,118,81,17,97,36.4
30019598,3,anxiety,2,100,136,84,15,100,35.7
30019599,3,fall,0,85,136,82,17,97,37.3
30019600,3,fall,6,71,110,54,18,100,36.5
30019601,2,knee pain,9,71,159,72,24,96,37.0
30019602,3,back pain,5,72,104,129,21,98,38.5
30019603,3,fever,3,62,107,93,15,99,37.3
30019604,4,headache,6,104,152,78,18,100,38.4
30019605,2,fall,8,101,110,71,21,100,36.8
30019606,3,knee pain,4,85,117,62,18,94,38.1
30019607,3,laceration,7,80,113,94,25,88,37.1
30019608,2,shortness of breath,7,83,145,63,19,96,36.6
30019609,3,back pain,5,109,94,62,20,93,36.8
30019610,3,abdominal pain,2,46,139,73,22,100,36.6
30019611,3,headache,0,97,114,73,14,98,37.1
30019612,3,back pain,3,120,103,105,12,100,35.9
30019613,4,anxiety,2,111,117,84,21,97,37.3
30019614,4,anxiety,0,104,121,69,19,100,37.2
30019615,3,back pain,0,95,114,71,11,93,38.2
30019616,4,back pain,7,86,130,98,17,97,37.7
30019617,3,chest pain,1,76,137,80,19,96,36.9
30019618,3,shortness of breath,6,84,123,100,20,95,36.6
30019619,2,knee pain,7,80,145,73,16,96,37.2
30019620,3,headache,6,103,98,109,15,94,36.0
30019621,3,laceration,3,94,146,86,18,95,36.6
30019622,3,headache,7,108,129,93,16,94,36.1
30019623,3,fall,2,99,123,93,12,100,35.9
30019624,5,anxiety,7,94,112,65,22,97,37.4
30019625,4,laceration,5,79,133,62,20,100,37.2
30019626,3,fever,6,98,87,62,19,95,35.4
30019627,2,headache,8,86,123,89,19,96,37.9
30019628,2,anxiety,6,81,112,91,25,96,36.8
30019629,3,headache,1,79,179,92,20,99,36.1
30019630,1,chest pain,7,84,95,86,23,93,36.8
30019631,3,headache,5,71,162,87,18,100,38.5
30019632,4,shortness of breath,5,98,110,84,10,98,37.4
30019633,3,chest pain,6,96,134,65,21,92,37.2
30019634,1,knee pain,7,104,107,64,14,97,37.5
30019635,4,chest pain,1,79,109,64,10,94,37.7
30019636,3,chest pain,7,85,164,100,20,97,36.7
30019637,2,fall,9,81,132,60,17,97,36.7
30019638,4,anxiety,3,87,146,65,23,98,38.2
30019639,3,shortness of breath,3,99,121,86,21,98,37.1
30019640,2,fall,7,96,137,91,24,97,36.8
30019641,4,abdominal pain,4,88,134,93,20,96,37.4
30019642,4,laceration,5,86,119,95,23,97,35.9
30019643,3,knee pain,2,102,134,76,22,92,36.1
30019644,3,fever,1,84,125,84,17,99,37.1
30019645,4,knee pain,7,78,108,68,19,94,37.2
30019646,3,back pain,0,93,114,103,16,98,36.9
30019647,2,abdominal pain,6,92,104,84,21,93,36.3
30019648,3,anxiety,7,93,143,65,16,97,36.7
30019649,1,back pain,8,85,135,62,19,97,37.0
30019650,3,headache,4,87,128,80,16,98,37.1
30019651,1,knee pain,7,75,137,75,22,92,37.0
30019652,2,anxiety,8,87,125,91,15,98,38.2
30019653,4,anxiety,4,75,121,117,18,95,37.8
30019654,3,shortness of breath,6,86,138,64,14,92,36.6
30019655,3,laceration,1,90,93,65,17,90,36.5
30019656,2,chest pain,10,87,144,90,12,100,37.2
30019657,1,knee pain,9,109,168,87,24,100,37.4
30019658,3,shortness of breath,7,83,131,71,16,99,36.4
30019659,2,knee pain,6,96,98,80,29,93,37.2
30019660,1,knee pain,6,66,116,93,19,95,36.3
30019661,4,knee pain,7,74,96,79,22,94,36.0
30019662,3,laceration,6,88,155,78,20,95,36.8
30019663,2,fever,6,107,111,55,24,92,37.0
30019664,3,fall,6,64,131,75,20,100,36.1
30019665,3,back pain,6,95,145,90,16,98,37.5
30019666,3,shortness of breath,4,80,130,100,16,99,38.0
30019667,3,headache,6,67,102,97,15,97,37.4
30019668,4,laceration,2,85,137,85,15,94,36.3
30019669,2,fall,6,107,167,100,21,100,37.0
30019670,3,back pain,6,96,117,42,17,95,36.9
30019671,3,laceration,6,83,142,73,17,100,36.3
30019672,1,fall,10,107,115,79,14,97,37.3
30019673,3,fall,3,58,99,69,17,98,36.8
30019674,5,abdominal pain,2,69,140,92,18,96,36.4
30019675,3,back pain,3,92,171,86,18,95,38.1
30019676,2,headache,10,80,120,86,17,95,36.4
30019677,3,chest pain,6,97,153,103,15,96,35.6
30019678,3,anxiety,6,106,103,66,17,91,37.0
30019679,3,back pain,7,79,139,46,17,97,37.1
30019680,4,back pain,7,75,145,83,21,98,38.1
30019681,3,shortness of breath,7,86,141,75,17,97,37.7
30019682,5,shortness of breath,6,68,147,90,18,100,38.1
30019683,4,fever,2,86,108,80,16,97,35.6
30019684,3,knee pain,4,71,127,103,19,99,36.7
30019685,2,laceration,8,84,146,113,20,100,37.3
30019686,3,chest pain,1,71,135,85,17,94,38.8
30019687,3,laceration,0,120,138,73,16,98,37.3
30019688,3,headache,7,77,133,80,16,98,37.5
30019689,3,abdominal pain,1,88,111,78,19,96,37.4
30019690,4,chest pain,1,96,110,81,16,96,36.3
30019691,3,fall,5,97,124,63,12,98,36.5
30019692,2,anxiety,6,84,125,64,13,90,37.1
30019693,3,headache,1,98,109,64,14,100,37.6
30019694,3,laceration,4,65,115,90,19,97,38.2
30019695,4,abdominal pain,7,101,105,79,15,98,37.3
30019696,3,fever,4,82,142,85,19,98,38.3
30019697,1,fall,10,64,114,56,15,97,35.1
30019698,3,fall,7,73,128,84,10,97,39.8
30019699,2,knee pain,8,88,125,85,22,95,36.6
30019700,5,laceration,0,85,127,102,18,96,37.5
30019701,2,headache,6,104,92,77,21,98,36.9
30019702,3,back pain,0,89,95,96,18,97,37.2
30019703,5,laceration,2,50,146,57,12,93,37.2
30019704,4,chest pain,2,96,102,71,20,100,36.6
30019705,3,fall,4,101,147,102,14,99,39.1
30019706,3,back pain,1,76,131,48,20,97,37.3
30019707,3,shortness of breath,2,82,147,93,14,99,37.3
30019708,3,abdominal pain,3,80,131,90,23,99,37.8
30019709,2,anxiety,10,100,124,67,18,100,36.4
30019710,1,fever,6,91,100,91,22,100,35.8
30019711,3,anxiety,7,91,167,84,17,93,36.5
30019712,3,headache,3,94,139,94,8,97,36.8
30019713,3,abdominal pain,6,89,134,86,20,95,36.4
30019714,2,anxiety,10,105,118,88,17,97,36.3
30019715,4,shortness of breath,5,70,116,76,16,94,36.8
30019716,2,knee pain,8,115,90,78,20,95,36.6
30019717,4,headache,1,79,111,78,17,99,36.3
30019718,4,back pain,0,85,158,81,23,99,36.5
30019719,3,headache,0,89,119,69,20,97,37.0
30019720,3,knee pain,0,85,129,99,20,95,37.2
30019721,3,back pain,2,86,145,65,13,95,37.8
30019722,3,headache,7,96,156,98,14,99,37.6
30019723,3,headache,0,78,128,81,18,100,36.6
30019724,3,back pain,6,95,121,68,13,92,36.2
30019725,2,back pain,6,68,139,77,22,96,37.7
30019726,2,fall,6,87,113,84,21,94,36.1
30019727,3,back pain,7,61,133,44,17,98,36.9
30019728,3,back pain,7,96,105,70,29,96,37.7
30019729,3,shortness of breath,5,94,134,70,20,97,38.4
30019730,5,anxiety,5,72,116,80,18,94,37.4
30019731,4,knee pain,1,72,114,67,9,92,35.6
30019732,2,knee pain,10,73,133,77,18,97,39.3
30019733,4,shortness of breath,5,61,98,87,13,99,36.2
30019734,5,shortness of breath,5,89,137,90,18,100,37.2
30019735,3,chest pain,2,57,161,68,18,97,37.6
30019736,2,anxiety,8,72,156,80,17,95,37.2
30019737,3,abdominal pain,6,95,109,98,16,93,36.9
30019738,3,fever,2,71,111,99,18,96,36.8
30019739,4,abdominal pain,1,78,133,78,17,100,37.5
30019740,2,chest pain,10,99,102,91,12,96,36.1
30019741,2,chest pain,8,65,127,73,18,98,37.3
30019742,2,shortness of breath,8,75,109,69,9,95,38.3
30019743,3,abdominal pain,2,97,126,85,24,92,37.7
30019744,3,fever,5,82,140,92,14,100,37.3
30019745,5,fall,2,74,75,93,21,98,37.5
30019746,4,knee pain,4,61,133,70,16,96,36.3
30019747,1,fever,6,117,128,89,15,95,37.8
30019748,3,abdominal pain,0,93,134,81,24,97,37.6
30019749,4,chest pain,1,118,124,88,16,100,37.6
30019750,3,chest pain,0,94,165,77,17,97,37.2
30019751,3,back pain,6,99,132,103,21,98,35.3
30019752,4,chest pain,5,93,96,104,16,95,36.9
30019753,4,laceration,4,87,170,73,18,95,37.8
30019754,2,headache,8,59,98,110,17,100,37.7
30019755,3,knee pain,1,78,114,88,16,96,36.5
30019756,5,anxiety,1,79,132,88,18,99,37.6
30019757,1,fever,7,84,123,85,17,99,37.8
30019758,3,abdominal pain,7,110,162,64,14,98,39.0
30019759,3,fall,0,82,128,90,16,94,37.8
30019760,2,anxiety,9,86,120,76,20,96,37.7
30019761,1,back pain,10,105,116,100,18,100,36.6
30019762,3,headache,2,64,119,95,24,97,37.7
30019763,3,knee pain,7,94,173,44,17,95,38.5
30019764,2,anxiety,9,60,132,123,15,100,37.0
30019765,3,back pain,1,80,154,102,12,100,37.2
30019766,3,shortness of breath,1,85,127,97,26,97,37.4
30019767,3,fever,0,73,117,81,20,94,38.7
30019768,2,fever,10,110,181,55,19,97,37.2
30019769,3,fever,6,82,89,73,15,97,36.8
30019770,4,laceration,7,92,114,80,19,96,37.6
30019771,3,anxiety,4,73,137,73,24,99,38.0
30019772,3,headache,2,85,127,90,20,100,35.9
30019773,1,abdominal pain,10,76,133,89,22,94,36.8
30019774,3,chest pain,1,88,121,71,16,98,36.2
30019775,3,fever,6,89,91,96,18,100,37.6
30019776,3,headache,5,70,143,73,15,96,36.0
30019777,1,laceration,9,77,99,91,14,94,36.3
30019778,1,knee pain,6,87,111,91,16,100,37.4
30019779,3,shortness of breath,4,76,101,75,19,94,36.5
30019780,4,knee pain,6,81,129,86,20,92,36.8
30019781,3,anxiety,0,73,122,70,22,100,36.4
30019782,2,fall,10,79,138,69,18,95,36.7
30019783,5,fall,1,104,127,37,20,99,36.4
30019784,3,fever,4,102,156,74,22,98,37.5
30019785,3,knee pain,4,60,126,97,22,100,38.0
30019786,3,knee pain,5,94,134,85,26,95,37.3
30019787,4,fever,5,78,85,83,21,96,36.2
30019788,2,fall,6,54,131,78,19,100,37.8
30019789,3,knee pain,1,63,149,61,15,100,37.2
30019790,2,laceration,8,118,95,76,12,100,36.7
30019791,4,laceration,3,93,165,94,17,95,36.9
30019792,4,laceration,0,103,110,86,20,100,37.8
30019793,3,abdominal pain,3,66,114,72,22,93,36.9
30019794,4,headache,1,70,126,72,15,97,37.4
30019795,3,anxiety,3,81,128,93,16,94,37.7
30019796,3,laceration,3,85,74,81,18,100,36.7
30019797,4,shortness of breath,1,95,127,55,19,99,37.1
30019798,2,back pain,10,90,109,89,18,94,37.0
30019799,1,knee pain,8,90,146,104,15,95,37.9
30019800,3,anxiety,2,73,141,43,21,96,37.8
30019801,3,knee pain,6,99,137,95,16,99,36.5
30019802,3,knee pain,0,92,111,93,17,97,36.8
30019803,3,anxiety,7,118,144,41,16,99,36.5
30019804,3,laceration,4,56,115,73,13,97,36.8
30019805,4,knee pain,3,103,150,83,11,94,36.5
30019806,4,abdominal pain,5,73,82,64,16,94,36.0
30019807,1,back pain,10,60,149,62,18,95,37.4
30019808,5,anxiety,3,70,83,76,19,100,36.1
30019809,3,laceration,6,94,138,85,16,98,36.8
30019810,4,headache,0,80,113,82,14,97,37.4
30019811,4,fall,0,73,126,80,20,92,37.2
30019812,2,abdominal pain,8,61,105,96,16,97,36.3
30019813,3,laceration,0,75,121,75,12,100,35.8
30019814,2,knee pain,6,88,82,74,21,98,37.1
30019815,4,abdominal pain,3,86,134,90,17,94,35.9
30019816,2,chest pain,7,66,156,65,18,100,36.8
30019817,3,fall,6,85,102,97,20,100,37.3
30019818,5,headache,5,78,130,54,15,100,36.9
30019819,2,chest pain,10,47,131,81,13,95,36.7
30019820,3,shortness of breath,6,87,112,84,28,97,38.1
30019821,3,knee pain,7,86,107,81,22,99,35.8
30019822,5,abdominal pain,3,83,137,64,18,97,37.0
30019823,5,anxiety,6,73,143,65,18,98,35.7
30019824,3,fall,3,68,138,80,14,100,37.9
30019825,3,knee pain,1,97,119,82,18,96,36.2
30019826,3,fever,4,81,114,88,17,99,35.8
30019827,2,knee pain,7,68,107,102,14,98,37.9
30019828,3,fall,2,67,133,75,22,96,37.9
30019829,3,laceration,3,89,154,96,19,97,37.6
30019830,5,anxiety,4,102,107,21,22,100,36.4
30019831,4,laceration,7,52,135,104,9,99,36.0
30019832,3,laceration,7,108,118,102,13,96,36.6
30019833,3,laceration,0,69,103,79,23,99,35.8
30019834,3,anxiety,3,68,119,77,16,100,37.5
30019835,3,abdominal pain,1,80,127,56,22,98,35.8
30019836,3,anxiety,3,64,121,82,16,99,36.2
30019837,3,back pain,7,91,108,65,18,94,37.8
30019838,3,headache,2,75,78,100,24,92,37.5
30019839,4,back pain,0,70,118,76,13,100,38.2
30019840,2,fever,9,106,141,82,16,97,36.8
30019841,3,fall,0,100,112,59,14,98,37.1
30019842,3,laceration,3,107,141,107,24,94,37.1
30019843,4,chest pain,6,102,145,103,26,94,37.2
30019844,3,laceration,6,104,96,65,18,96,38.1
30019845,4,anxiety,0,73,127,98,16,95,36.4
30019846,3,back pain,4,42,133,84,21,96,37.4
30019847,3,knee pain,1,94,116,75,12,100,36.9
30019848,4,fever,0,71,142,82,22,100,37.4
30019849,4,back pain,2,103,108,59,19,99,36.6
30019850,3,fever,5,80,123,66,12,100,37.2
30019851,5,anxiety,0,92,120,73,15,98,35.2
30019852,2,chest pain,7,88,114,87,16,99,36.7
30019853,3,laceration,4,80,147,71,15,95,36.7
30019854,4,abdominal pain,6,114,108,78,18,95,36.6
30019855,3,headache,0,82,129,73,18,96,37.3
30019856,4,headache,4,93,113,85,20,100,37.1
30019857,3,knee pain,1,91,154,95,22,100,37.1
30019858,4,headache,2,96,129,85,10,100,36.9
30019859,3,abdominal pain,3,98,149,65,25,100,35.9
30019860,4,chest pain,6,63,126,83,25,96,38.0
30019861,3,chest pain,7,89,133,62,13,95,37.1
30019862,4,abdominal pain,1,86,125,54,23,94,37.4
30019863,3,fall,1,64,143,86,17,100,36.8
30019864,4,anxiety,0,86,139,80,21,99,35.4
30019865,3,anxiety,3,88,144,78,13,100,36.6
30019866,2,chest pain,8,96,137,89,16,93,37.3
30019867,4,knee pain,3,66,121,91,17,99,36.4
30019868,4,laceration,3,97,138,68,21,98,35.9
30019869,4,knee pain,1,77,139,68,17,97,37.1
30019870,1,shortness of breath,8,53,122,85,24,97,36.7
30019871,4,shortness of breath,6,84,132,90,14,92,39.0
30019872,2,fever,6,75,115,103,18,94,37.2
30019873,2,chest pain,8,115,143,91,26,99,36.2
30019874,3,chest pain,4,71,103,93,17,98,38.0
30019875,4,knee pain,7,74,154,95,24,95,37.1
30019876,3,chest pain,3,95,103,78,19,95,36.7
30019877,4,fall,4,90,115,66,19,98,38.3
30019878,4,abdominal pain,6,107,137,78,17,92,37.6
30019879,3,anxiety,7,70,124,87,12,94,37.3
30019880,3,laceration,0,76,148,75,14,98,37.3
30019881,2,headache,8,88,126,70,13,96,38.0
30019882,3,back pain,2,94,121,76,14,94,35.6
30019883,1,knee pain,10,74,142,61,17,96,37.3
30019884,3,abdominal pain,5,112,138,55,21,97,37.3
30019885,3,laceration,0,99,122,77,15,96,37.4
30019886,3,headache,0,96,124,88,21,100,36.2
30019887,5,back pain,6,75,132,100,14,94,38.3
30019888,3,knee pain,6,57,124,92,15,94,37.5
30019889,4,fever,7,84,109,81,16,91,35.7
30019890,3,fever,6,92,138,85,17,95,37.2
30019891,2,anxiety,6,108,99,79,17,98,36.4
30019892,2,shortness of breath,10,60,114,102,14,98,35.8
30019893,2,knee pain,8,99,88,96,14,93,37.9
30019894,3,laceration,4,86,177,85,25,92,36.6
30019895,3,chest pain,4,92,139,94,20,100,35.9
30019896,4,back pain,7,56,100,80,16,97,37.7
30019897,3,fever,1,111,103,60,21,96,37.8
30019898,5,abdominal pain,5,88,129,76,11,100,36.8
30019899,2,chest pain,9,96,123,73,15,96,36.9
30019900,2,abdominal pain,6,75,111,78,15,94,37.1
30019901,5,shortness of breath,3,73,141,56,23,94,37.5
30019902,2,shortness of breath,8,100,128,82,18,100,37.9
30019903,3,anxiety,5,111,134,58,21,89,36.5
30019904,3,chest pain,2,92,94,74,14,92,37.1
30019905,5,headache,7,106,115,56,23,94,37.8
30019906,3,abdominal pain,3,96,156,93,25,92,36.8
30019907,2,back pain,10,117,134,105,25,94,38.3
30019908,3,knee pain,7,72,114,98,14,95,37.9
30019909,2,headache,10,85,107,44,22,95,38.3
30019910,3,back pain,2,79,148,91,17,100,35.9
30019911,4,headache,4,78,96,86,22,96,38.0
30019912,2,fall,6,46,84,94,20,96,36.3
30019913,3,fall,7,77,94,84,17,94,35.8
30019914,4,knee pain,3,71,110,71,22,98,36.3
30019915,3,anxiety,3,62,112,84,16,93,37.7
30019916,3,chest pain,2,91,124,73,14,90,37.5
30019917,2,fever,9,94,152,84,14,91,36.7
30019918,4,knee pain,5,76,136,101,11,97,36.2
30019919,3,back pain,5,82,126,65,17,97,37.1
30019920,1,knee pain,10,95,129,52,15,96,37.2
30019921,4,fever,5,77,142,94,20,97,36.4
30019922,3,laceration,1,87,111,76,19,94,37.3
30019923,3,shortness of breath,3,107,144,45,17,95,37.6
30019924,1,fall,7,92,166,96,26,100,37.1
30019925,3,fever,5,70,142,64,21,93,37.8
30019926,4,back pain,0,81,90,86,12,93,36.7
30019927,1,headache,8,84,138,80,23,99,38.9
30019928,3,knee pain,1,71,100,83,17,98,38.8
30019929,2,headache,8,47,119,63,21,95,35.6
30019930,2,shortness of breath,10,78,128,92,18,96,36.9
30019931,4,chest pain,1,70,140,90,20,93,37.3
30019932,2,shortness of breath,10,72,176,86,17,99,37.4
30019933,2,fever,6,80,126,61,20,99,37.0
30019934,3,chest pain,2,101,111,99,17,94,36.1
30019935,3,chest pain,7,86,129,100,13,95,35.9
30019936,4,laceration,5,106,97,69,26,94,37.1
30019937,3,back pain,2,94,133,77,22,96,37.6
30019938,4,shortness of breath,4,93,151,65,16,96,37.6
30019939,3,laceration,1,66,131,91,19,93,37.6
30019940,3,shortness of breath,0,82,109,59,19,94,36.5
30019941,3,back pain,6,88,135,81,18,91,36.7
30019942,2,back pain,6,85,96,69,19,98,36.6
30019943,2,shortness of breath,6,64,64,69,15,94,38.3
30019944,3,fever,0,73,115,68,15,92,37.4
30019945,2,headache,6,78,118,65,12,96,37.4
30019946,3,laceration,0,90,121,88,22,96,37.8
30019947,3,fall,7,112,120,93,18,92,36.6
30019948,3,fall,5,71,82,100,17,97,38.3
30019949,2,laceration,7,98,140,86,14,99,36.8
30019950,4,headache,6,65,153,100,15,99,36.5
30019951,5,shortness of breath,2,97,142,89,19,100,37.0
30019952,3,knee pain,4,98,115,91,18,100,37.1
30019953,2,chest pain,8,73,119,46,13,98,36.0
30019954,4,headache,0,81,147,75,18,96,37.0
30019955,3,laceration,5,94,112,71,15,94,36.5
30019956,3,knee pain,5,101,167,81,22,100,37.8
30019957,3,fever,4,70,126,81,16,94,36.3
30019958,3,back pain,3,73,153,46,18,94,38.0
30019959,5,knee pain,6,81,140,87,26,95,36.7
30019960,3,anxiety,6,85,94,67,22,96,37.4
30019961,3,back pain,5,73,116,69,27,95,36.5
30019962,4,anxiety,4,56,113,66,19,96,36.6
30019963,3,back pain,6,93,135,51,18,91,37.6
30019964,1,fall,7,93,164,87,26,94,36.8
30019965,2,fall,8,98,152,91,22,97,36.6
30019966,2,fall,7,98,136,105,17,100,36.2
30019967,3,knee pain,0,80,143,77,19,99,37.0
30019968,4,shortness of breath,3,88,120,51,11,100,37.1
30019969,3,anxiety,6,96,162,71,21,96,35.0
30019970,2,abdominal pain,6,103,111,73,20,97,36.9
30019971,2,laceration,8,79,109,72,14,99,38.2
30019972,3,shortness of breath,0,102,93,90,22,98,37.2
30019973,4,chest pain,1,110,135,68,15,90,37.4
30019974,4,shortness of breath,6,106,136,88,19,99,37.2
30019975,4,knee pain,1,91,142,84,17,99,36.2
30019976,3,shortness of breath,1,67,152,94,21,98,35.6
30019977,5,abdominal pain,0,110,126,76,12,100,36.9
30019978,2,shortness of breath,9,78,103,59,19,96,36.7
30019979,5,chest pain,5,69,150,77,17,95,37.2
30019980,4,laceration,6,66,107,94,18,95,37.6
30019981,2,abdominal pain,10,93,119,66,19,100,37.2
30019982,3,laceration,7,78,147,86,23,94,37.4
30019983,2,chest pain,7,105,117,46,22,100,36.7
30019984,3,headache,0,57,122,68,13,97,36.8
30019985,4,shortness of breath,2,88,132,70,16,95,36.2
30019986,3,back pain,3,108,144,71,13,100,38.4
30019987,4,chest pain,2,62,117,49,17,93,36.9
30019988,3,shortness of breath,0,83,149,81,13,96,37.0
30019989,3,knee pain,0,93,147,67,17,97,37.1
30019990,4,chest pain,4,62,155,69,21,100,37.0
30019991,3,back pain,1,113,130,87,13,100,38.5
30019992,2,fall,8,105,133,79,18,92,37.6
30019993,3,fever,1,73,122,84,16,99,37.3
30019994,4,fever,5,104,126,96,13,98,38.0
30019995,3,anxiety,6,94,117,103,21,99,37.7
30019996,3,back pain,5,69,137,57,18,100,38.1
30019997,2,abdominal pain,9,85,102,95,15,97,36.9
30019998,2,shortness of breath,10,68,137,81,16,100,37.8
30019999,3,back pain,1,74,140,72,25,92,38.0
30020000,3,headache,2,80,121,108,17,98,36.0
30020001,3,anxiety,0,80,91,74,19,98,36.6
30020002,3,fever,4,71,96,63,16,97,38.4
30020003,3,fever,7,99,117,80,17,93,37.4
30020004,3,back pain,7,77,134,60,28,98,37.4
30020005,3,fever,6,74,112,111,17,99,37.0
30020006,2,headache,7,76,119,74,19,93,37.4
30020007,3,back pain,7,99,139,74,19,100,38.5
30020008,2,fall,6,73,111,72,17,99,38.0
30020009,4,headache,1,66,102,59,28,95,36.9
30020010,3,fall,5,101,118,87,16,98,36.1
30020011,3,fall,0,90,147,116,17,97,35.3
30020012,2,shortness of breath,10,99,112,71,14,96,36.0
30020013,2,shortness of breath,10,80,133,66,23,100,36.6
30020014,3,laceration,4,59,136,89,18,99,36.3
30020015,2,back pain,10,96,137,82,15,97,37.3
30020016,2,anxiety,7,92,118,88,16,98,37.8
30020017,4,anxiety,4,102,113,101,15,100,36.8
30020018,2,fall,6,102,120,98,25,97,36.0
30020019,3,anxiety,1,105,126,82,20,100,36.3
30020020,2,fall,10,67,108,66,23,96,37.4
30020021,2,fall,7,104,167,64,25,100,39.1
30020022,3,headache,4,99,135,98,13,92,38.2
30020023,4,fever,1,81,117,68,17,95,37.8
30020024,3,shortness of breath,5,83,123,77,15,93,37.0
30020025,2,back pain,10,82,91,76,21,96,36.1
30020026,4,knee pain,6,94,147,73,16,96,36.0
30020027,2,knee pain,8,88,151,71,21,97,37.0
30020028,2,anxiety,6,90,108,81,22,100,36.7
30020029,2,back pain,6,58,104,75,20,91,37.0
30020030,3,knee pain,0,71,136,68,18,100,36.2
30020031,4,laceration,7,58,131,79,20,100,36.6
30020032,3,fall,5,86,123,86,15,100,37.5
30020033,3,chest pain,6,83,160,51,23,96,35.9
30020034,3,back pain,6,74,88,68,13,95,38.0
30020035,3,anxiety,6,93,120,109,16,98,37.3
30020036,3,fall,2,37,108,80,14,97,36.5
30020037,4,anxiety,3,64,157,90,15,100,37.8
30020038,4,knee pain,3,83,131,90,21,98,35.4
30020039,2,chest pain,10,57,137,115,21,97,37.6
30020040,3,fall,5,95,119,107,23,94,38.0
30020041,3,fall,4,107,131,87,13,97,37.1
30020042,3,shortness of breath,1,82,128,79,27,98,36.9
30020043,3,headache,7,81,119,77,13,97,37.2
30020044,3,anxiety,1,84,114,71,17,100,35.9
30020045,3,fever,4,99,104,82,18,93,35.4
30020046,3,chest pain,7,72,89,83,15,99,38.2
30020047,3,shortness of breath,4,109,133,60,17,94,37.5
30020048,3,chest pain,3,86,129,83,15,97,37.6
30020049,3,chest pain,6,69,80,94,14,99,35.7
30020050,3,fever,7,85,123,49,25,91,37.2
30020051,3,knee pain,7,93,124,79,17,97,38.2
30020052,3,fever,4,89,120,94,19,97,36.2
30020053,3,fever,1,109,185,67,15,95,37.0
30020054,3,chest pain,3,120,90,113,19,100,36.3
30020055,3,laceration,2,111,104,69,17,100,37.4
30020056,3,chest pain,4,69,118,88,23,96,35.9
30020057,3,fever,3,85,119,89,19,95,37.3
30020058,3,knee pain,7,91,133,84,16,86,37.3
30020059,2,chest pain,8,84,108,50,20,97,37.6
30020060,4,headache,0,111,116,70,14,100,37.5
30020061,2,shortness of breath,7,76,89,81,16,97,36.8
30020062,2,shortness of breath,10,67,124,72,22,100,38.0
30020063,3,chest pain,4,80,97,81,19,98,38.5
30020064,2,knee pain,8,103,101,103,14,95,37.4
30020065,3,back pain,2,55,139,105,18,91,35.6
30020066,3,knee pain,5,78,166,74,13,95,38.2
30020067,4,headache,7,101,157,73,15,98,37.3
30020068,3,fever,4,94,121,90,18,100,37.8
30020069,3,laceration,5,92,121,101,19,98,38.2
30020070,2,fever,9,92,103,82,22,94,36.6
30020071,2,chest pain,8,73,127,73,22,99,37.1
30020072,3,fall,5,66,113,74,18,100,36.3
30020073,3,back pain,4,91,132,81,22,97,37.5
30020074,3,fall,1,106,140,61,21,98,36.4
30020075,3,shortness of breath,4,78,129,43,22,100,36.6
30020076,3,abdominal pain,3,71,133,100,14,96,37.5
30020077,3,back pain,3,85,148,106,8,95,36.5
30020078,4,laceration,2,76,152,111,15,98,36.5
30020079,1,headache,7,111,92,74,15,94,36.1
30020080,3,back pain,4,93,153,77,17,92,37.0
30020081,3,anxiety,2,69,141,74,11,100,36.6
30020082,3,abdominal pain,2,75,123,92,18,100,37.4
30020083,5,abdominal pain,3,86,129,100,19,96,36.9
30020084,3,fever,0,98,126,91,18,97,36.3
30020085,3,shortness of breath,4,75,121,78,18,96,36.1
30020086,5,headache,2,70,120,90,19,98,36.5
30020087,4,chest pain,5,82,94,84,13,93,37.0
30020088,4,back pain,1,74,161,111,11,99,37.3
30020089,4,headache,5,90,126,88,18,100,36.7
30020090,3,knee pain,3,78,120,89,15,94,38.2
30020091,4,laceration,2,88,138,56,24,96,36.4
30020092,3,headache,7,101,151,88,23,95,36.3
30020093,4,chest pain,7,59,87,75,11,97,38.6
30020094,3,shortness of breath,4,64,132,89,14,95,37.3
30020095,5,abdominal pain,5,117,131,88,21,100,37.9
30020096,3,laceration,6,78,138,67,14,99,37.6
30020097,4,abdominal pain,2,85,137,55,19,93,38.6
30020098,3,fall,2,112,117,97,18,100,36.7
30020099,4,laceration,6,107,130,87,21,100,38.2
30020100,1,fall,10,99,102,83,13,96,35.7
30020101,3,laceration,1,81,107,79,14,97,39.2
30020102,2,knee pain,8,69,96,92,18,93,37.3
30020103,3,shortness of breath,0,80,110,102,18,95,36.6
30020104,2,knee pain,7,88,96,65,10,97,37.5
30020105,2,headache,8,69,133,104,20,100,37.9
30020106,3,shortness of breath,4,84,124,92,20,95,37.9
30020107,3,laceration,7,75,125,68,19,98,36.7
30020108,2,fever,8,81,139,79,21,99,37.2
30020109,2,laceration,7,54,114,88,22,100,37.8
30020110,5,back pain,3,95,138,74,23,96,37.3
30020111,2,fall,9,83,98,109,20,98,35.8
30020112,3,knee pain,3,100,65,66,15,98,35.7
30020113,3,laceration,7,128,121,60,18,96,35.5
30020114,3,chest pain,3,112,141,66,15,100,35.3
30020115,3,chest pain,6,81,150,72,18,100,36.4
30020116,3,headache,5,62,151,65,16,99,37.3
30020117,3,shortness of breath,6,80,154,92,12,100,35.7
30020118,4,chest pain,5,80,165,68,20,99,38.2
30020119,3,anxiety,7,88,109,84,17,92,37.6
30020120,3,abdominal pain,2,71,116,87,13,99,37.4
30020121,3,back pain,3,98,103,86,19,90,36.7
30020122,3,shortness of breath,3,74,95,109,17,97,36.6
30020123,2,abdominal pain,10,80,98,94,23,97,36.7
30020124,1,knee pain,6,110,148,102,24,100,38.2
30020125,4,laceration,0,97,88,105,13,93,36.9
30020126,3,laceration,7,79,111,76,18,93,37.6
30020127,4,back pain,7,89,137,63,17,96,38.3
30020128,1,abdominal pain,7,98,104,73,15,98,36.3
30020129,3,shortness of breath,2,79,172,94,11,95,37.4
30020130,3,back pain,3,44,133,78,23,96,37.1
30020131,3,abdominal pain,7,100,124,78,17,98,36.5
30020132,5,shortness of breath,3,78,127,91,13,96,37.3
30020133,3,back pain,4,83,126,74,20,98,36.1
30020134,2,anxiety,8,72,128,62,19,95,36.5
30020135,3,laceration,6,96,138,85,17,97,38.0
30020136,4,laceration,5,92,146,89,24,97,38.5
30020137,3,chest pain,3,56,75,58,13,95,35.9
30020138,2,knee pain,7,75,126,83,19,98,37.2
30020139,3,fever,3,101,112,71,20,96,36.2
30020140,3,laceration,7,76,112,91,18,97,36.6
30020141,4,laceration,4,105,106,101,8,98,35.9
30020142,3,fall,2,76,126,80,23,96,36.7
30020143,3,abdominal pain,6,110,162,60,22,99,37.0
30020144,4,headache,0,66,137,74,13,98,36.6
30020145,3,abdominal pain,3,94,125,72,18,93,37.3
30020146,3,fall,4,110,145,91,16,97,39.0
30020147,4,headache,4,88,136,91,20,100,38.3
30020148,3,knee pain,3,72,112,100,20,97,36.2
30020149,3,headache,2,71,103,50,12,97,37.7
30020150,2,headache,6,87,101,66,17,100,38.4
30020151,3,laceration,2,73,117,66,10,98,35.6
30020152,3,fever,3,103,124,69,17,100,37.1
30020153,3,fever,7,96,109,92,26,100,36.1
30020154,2,abdominal pain,7,78,108,80,15,97,37.1
30020155,3,fall,4,71,116,86,20,100,37.2
30020156,2,abdominal pain,10,89,125,81,13,99,37.2
30020157,3,anxiety,1,89,97,101,14,99,38.2
30020158,4,chest pain,1,111,95,72,23,95,37.9
30020159,3,anxiety,1,100,110,80,19,100,37.1
30020160,4,anxiety,3,101,105,89,26,100,36.2
30020161,4,abdominal pain,3,79,130,90,22,91,37.2
30020162,3,fall,7,58,78,56,12,94,37.7
30020163,5,chest pain,6,73,120,79,11,96,37.3
30020164,2,back pain,6,63,123,89,17,97,37.4
30020165,3,abdominal pain,7,76,102,61,23,94,37.1
30020166,2,fall,8,81,124,77,20,91,37.5
30020167,3,shortness of breath,6,50,108,90,17,97,37.9
30020168,3,fall,1,101,135,88,14,95,37.1
30020169,3,fever,6,122,107,85,18,100,36.5
30020170,3,chest pain,5,112,151,86,17,100,36.0
30020171,2,anxiety,10,94,137,60,10,99,37.1
30020172,3,abdominal pain,4,99,101,110,17,99,37.5
30020173,3,abdominal pain,2,71,127,71,27,100,37.7
30020174,2,back pain,7,97,112,72,20,97,35.8
30020175,4,laceration,2,68,130,73,17,96,36.1
30020176,3,fall,5,75,136,51,25,95,35.6
30020177,3,fall,3,71,136,68,18,91,35.6
30020178,4,laceration,0,74,116,70,19,93,37.0
30020179,3,fever,1,89,89,66,10,100,36.3
30020180,2,anxiety,9,91,42,82,15,90,36.4
30020181,3,chest pain,3,71,129,84,18,97,36.9
30020182,1,knee pain,8,88,137,71,20,97,38.4
30020183,4,chest pain,6,73,105,80,18,96,35.9
30020184,4,abdominal pain,0,84,125,89,14,95,37.5
30020185,3,shortness of breath,2,83,133,83,24,93,37.7
30020186,3,knee pain,5,85,116,75,15,100,37.4
30020187,3,back pain,0,69,139,77,25,99,34.7
30020188,3,chest pain,0,79,121,72,17,100,36.5
30020189,4,abdominal pain,2,97,121,52,15,97,37.3
30020190,3,fall,2,99,126,74,18,95,36.7
30020191,3,fall,0,73,116,60,16,100,36.8
30020192,3,fever,3,118,120,103,13,93,36.6
30020193,3,laceration,0,90,131,94,19,100,35.3
30020194,2,fall,7,109,130,85,26,97,37.0
30020195,5,abdominal pain,0,45,155,96,21,98,36.1
30020196,4,back pain,3,77,136,96,24,95,37.7
30020197,3,shortness of breath,2,105,159,44,15,91,37.1
30020198,2,abdominal pain,9,86,111,78,17,97,38.5
30020199,2,laceration,7,73,138,97,18,98,37.5
30020200,5,abdominal pain,0,101,138,57,20,98,37.2
30020201,1,knee pain,7,80,114,75,17,96,37.1
30020202,3,abdominal pain,2,87,122,78,23,100,36.3
30020203,2,fever,7,95,117,63,18,99,37.7
30020204,4,headache,2,108,121,75,17,96,37.7
30020205,2,back pain,10,111,96,69,15,96,35.6
30020206,3,knee pain,2,87,96,69,16,96,36.9
30020207,3,fever,1,82,113,73,25,95,37.1
30020208,4,laceration,3,62,118,76,20,97,38.6
30020209,5,fall,6,92,102,58,16,100,36.6
30020210,3,anxiety,4,101,123,64,14,95,36.7
30020211,3,back pain,4,99,90,67,14,95,36.9
30020212,3,chest pain,1,70,147,66,17,95,36.6
30020213,3,headache,2,84,100,112,18,96,39.3
30020214,2,fall,6,89,158,74,24,99,37.3
30020215,3,fall,1,72,139,86,21,91,36.5
30020216,4,knee pain,3,103,107,66,15,98,37.4
30020217,4,shortness of breath,3,101,116,122,22,93,36.4
30020218,3,fever,7,121,118,78,20,100,36.7
30020219,1,knee pain,8,61,118,58,16,100,36.9
30020220,3,laceration,7,97,110,93,15,97,37.5
30020221,3,chest pain,0,88,131,73,20,96,36.3
30020222,3,chest pain,4,92,134,50,14,95,37.9
30020223,3,knee pain,6,85,148,70,11,96,37.4
30020224,3,laceration,7,79,120,90,23,93,36.6
30020225,4,shortness of breath,7,95,126,87,13,97,36.0
30020226,3,shortness of breath,3,81,120,77,25,91,37.2
30020227,5,fever,3,104,100,69,21,94,35.4
30020228,5,chest pain,2,55,131,59,26,99,35.7
30020229,3,laceration,0,105,130,53,17,100,36.4
30020230,3,anxiety,1,86,117,55,21,99,38.2
30020231,3,fever,4,85,142,73,16,100,37.5
30020232,4,headache,6,60,130,80,22,100,37.0
30020233,4,headache,5,87,116,73,20,97,36.3
30020234,1,laceration,6,88,152,89,13,95,36.8
30020235,3,abdominal pain,1,127,110,91,20,97,35.2
30020236,3,fall,1,93,95,85,14,95,36.6
30020237,4,shortness of breath,5,97,131,82,25,96,37.4
30020238,4,back pain,5,68,149,44,19,98,37.4
30020239,3,knee pain,0,71,106,44,16,99,36.7
30020240,1,shortness of breath,6,81,109,64,19,98,35.6
30020241,2,back pain,7,92,137,80,13,99,37.3
30020242,1,abdominal pain,8,91,136,51,14,94,36.0
30020243,3,fall,2,90,144,61,21,95,36.0
30020244,2,back pain,7,70,135,70,18,98,37.8
30020245,3,headache,3,81,106,76,15,94,37.4
30020246,4,fall,4,87,170,77,14,100,37.5
30020247,4,fall,1,92,132,68,16,99,38.0
30020248,4,shortness of breath,6,89,131,95,16,93,37.8
30020249,2,shortness of breath,8,60,111,72,17,97,35.7
30020250,3,back pain,3,95,102,75,21,95,36.8
30020251,5,fall,4,74,148,55,27,97,36.7
30020252,3,knee pain,1,102,168,64,25,98,37.8
30020253,3,chest pain,6,92,109,69,15,100,37.5
30020254,3,shortness of breath,0,85,160,72,21,97,36.5
30020255,3,headache,7,90,114,89,24,100,36.2
30020256,3,shortness of breath,2,96,123,66,19,99,37.6
30020257,5,laceration,3,68,95,60,21,95,37.3
30020258,4,abdominal pain,7,74,166,68,14,92,37.7
30020259,3,laceration,4,80,131,63,23,97,38.2
30020260,3,back pain,6,78,126,67,25,94,37.7
30020261,3,fever,0,63,145,69,17,94,36.9
30020262,3,shortness of breath,7,63,120,79,16,100,36.9
30020263,3,shortness of breath,7,109,125,76,17,94,38.2
30020264,2,chest pain,10,72,118,88,19,100,36.9
30020265,2,back pain,6,96,109,88,19,99,36.4
30020266,3,headache,3,84,126,89,25,98,38.0
30020267,2,knee pain,10,90,104,68,16,96,36.7
30020268,3,laceration,3,138,117,63,25,97,37.2
30020269,3,shortness of breath,1,113,131,77,12,99,36.9
30020270,4,knee pain,7,96,136,98,14,97,36.1
30020271,4,fever,0,69,100,85,19,90,38.3
30020272,3,anxiety,7,85,128,88,16,94,37.1
30020273,4,shortness of breath,6,97,96,89,20,98,36.8
30020274,3,headache,4,86,107,68,19,96,36.8
30020275,4,headache,7,102,131,97,22,92,36.0
30020276,3,shortness of breath,6,99,159,73,14,97,37.2
30020277,2,headache,9,85,122,82,18,97,36.9
30020278,4,abdominal pain,6,106,182,71,9,98,35.9
30020279,3,fall,0,106,98,78,14,98,36.7
30020280,4,back pain,4,90,149,81,24,100,36.2
30020281,1,fall,7,93,113,114,12,97,37.7
30020282,2,back pain,10,99,144,62,16,97,38.4
30020283,2,headache,6,87,139,70,19,94,38.5
30020284,2,fall,8,90,147,102,22,95,36.5
30020285,3,fall,0,93,138,79,19,98,36.2
30020286,3,fall,4,118,94,75,14,94,36.3
30020287,3,fall,5,77,87,91,20,99,36.5
30020288,3,back pain,4,87,147,73,11,97,37.0
30020289,3,abdominal pain,7,68,159,51,15,100,38.3
30020290,4,chest pain,4,100,120,66,13,99,36.1
30020291,3,knee pain,1,69,112,122,18,100,36.7
30020292,3,back pain,5,93,106,81,19,95,38.0
30020293,3,fall,0,84,119,78,14,94,36.6
30020294,1,back pain,7,70,87,113,17,99,36.9
30020295,4,fall,7,89,132,87,17,94,37.7
30020296,3,headache,3,91,153,77,24,97,37.1
30020297,3,anxiety,2,91,118,64,11,100,38.4
30020298,3,anxiety,4,84,124,104,14,92,38.5
30020299,3,abdominal pain,7,97,123,77,21,93,37.1
30020300,3,laceration,1,81,116,64,18,96,36.1
30020301,4,fall,7,107,118,81,17,97,37.0
30020302,3,chest pain,1,76,111,96,11,99,37.5
30020303,3,headache,4,92,131,90,21,100,38.3
30020304,4,knee pain,3,90,117,103,8,100,36.0
30020305,1,anxiety,6,45,84,88,20,99,37.4
30020306,3,headache,1,97,127,74,15,97,37.2
30020307,4,anxiety,2,73,134,88,19,100,38.5
30020308,3,chest pain,3,79,123,94,24,95,36.1
30020309,4,knee pain,4,80,164,94,16,93,38.8
30020310,3,fever,6,101,137,106,11,96,35.9
30020311,3,laceration,2,78,121,76,15,100,37.4
30020312,1,fever,8,81,127,77,15,97,37.7
30020313,2,abdominal pain,8,108,146,84,17,95,37.6
30020314,2,shortness of breath,7,84,115,101,23,99,38.7
30020315,3,shortness of breath,0,82,125,98,13,96,36.3
30020316,1,knee pain,8,95,131,101,19,96,36.6
30020317,4,shortness of breath,5,93,117,88,12,96,37.5
30020318,3,headache,4,75,104,87,19,96,36.9
30020319,3,fever,7,63,102,72,21,99,37.5
30020320,5,anxiety,7,85,125,73,15,100,37.8
30020321,3,back pain,6,95,131,69,14,100,36.7
30020322,3,headache,4,88,121,92,16,95,38.7
30020323,3,knee pain,2,74,115,25,20,89,36.4
30020324,3,fever,3,99,109,78,15,95,37.0
30020325,3,back pain,6,63,131,109,6,99,36.4
30020326,3,abdominal pain,7,90,114,99,18,95,37.0
30020327,2,fever,10,79,135,83,19,99,36.6
30020328,1,knee pain,10,93,92,99,18,99,36.5
30020329,3,back pain,0,110,119,84,19,96,35.7
30020330,4,back pain,2,100,130,90,22,93,37.3
30020331,4,headache,2,78,142,80,18,96,36.8
30020332,3,chest pain,4,57,122,104,15,100,35.9
30020333,2,back pain,6,101,136,94,17,99,36.8
30020334,3,fall,4,82,147,62,15,95,36.3
30020335,2,anxiety,9,83,123,61,17,99,37.0
30020336,3,abdominal pain,6,97,102,110,23,100,37.9
30020337,4,fall,0,92,113,86,19,98,38.0
30020338,3,abdominal pain,2,80,127,73,19,99,38.8
30020339,3,abdominal pain,3,87,122,69,17,99,37.9
30020340,3,back pain,3,84,138,78,22,94,37.5
30020341,4,abdominal pain,1,75,126,54,18,92,36.9
30020342,3,fall,5,84,129,67,21,94,37.4
30020343,3,knee pain,1,79,117,85,21,97,37.9
30020344,2,shortness of breath,7,77,94,87,28,99,39.5
30020345,3,abdominal pain,4,104,101,68,15,100,37.4
30020346,2,abdominal pain,9,60,110,96,14,97,35.5
30020347,5,chest pain,1,85,143,95,22,98,37.9
30020348,3,headache,5,100,111,107,19,100,36.4
30020349,4,abdominal pain,5,58,90,87,19,94,36.8
30020350,1,headache,10,97,131,78,16,95,35.9
30020351,4,chest pain,6,81,98,95,17,95,37.3
30020352,5,fever,6,46,116,82,10,95,37.3
30020353,3,abdominal pain,3,80,130,75,17,100,39.2
30020354,3,laceration,2,66,148,86,14,99,37.1
30020355,5,laceration,5,100,110,59,16,95,37.2
30020356,1,fever,10,63,93,75,24,99,38.4
30020357,3,shortness of breath,4,88,154,112,18,98,36.9
30020358,3,abdominal pain,2,89,139,94,16,95,35.7
30020359,2,fall,7,60,143,96,16,94,37.1
30020360,3,laceration,6,111,106,76,19,100,36.0
30020361,2,fall,8,98,112,71,25,97,37.5
30020362,2,fall,6,90,124,47,23,97,37.5
30020363,3,back pain,2,105,135,108,17,95,37.4
30020364,3,shortness of breath,6,86,134,144,24,98,36.4
30020365,5,headache,7,69,126,98,11,100,37.7
30020366,3,laceration,5,55,125,89,20,97,36.2
30020367,2,knee pain,10,94,99,78,23,100,36.2
30020368,4,back pain,1,95,134,88,19,99,38.6
30020369,1,chest pain,9,78,149,74,23,100,36.7
30020370,4,back pain,0,70,161,110,17,100,35.6
30020371,3,fever,6,85,178,81,12,96,36.6
30020372,3,fall,3,62,129,73,19,99,37.4
30020373,3,fall,3,81,117,70,15,93,37.3
30020374,4,back pain,5,61,110,102,17,93,37.1
30020375,4,laceration,6,96,104,65,26,100,36.1
30020376,5,fever,6,80,117,96,13,98,36.7
30020377,4,chest pain,2,74,127,82,18,100,36.4
30020378,1,knee pain,8,103,107,98,22,100,36.0
30020379,3,laceration,0,59,103,74,20,98,37.3
30020380,3,abdominal pain,0,98,87,62,20,100,36.8
30020381,4,abdominal pain,2,71,113,87,19,97,36.6
30020382,5,back pain,3,67,114,63,18,100,37.8
30020383,2,headache,6,75,121,99,14,95,37.7
30020384,2,fever,6,85,126,73,23,98,36.9
30020385,3,anxiety,1,76,121,61,18,100,36.8
30020386,4,abdominal pain,7,87,127,75,16,98,36.5
30020387,4,knee pain,7,93,104,70,24,96,36.3
30020388,3,fall,6,83,128,69,14,99,38.3
30020389,3,headache,7,84,102,76,19,94,38.1
30020390,5,abdominal pain,7,93,121,84,17,96,37.1
30020391,2,knee pain,7,83,139,111,15,96,36.9
30020392,4,fever,0,79,110,81,14,100,38.2
30020393,4,shortness of breath,7,59,94,85,21,99,36.6
30020394,3,chest pain,6,104,131,71,21,99,38.9
30020395,3,shortness of breath,3,85,104,84,27,97,36.4
30020396,4,shortness of breath,0,91,119,102,13,88,37.5
30020397,4,chest pain,6,90,126,73,22,90,37.0
30020398,4,laceration,3,94,128,88,14,97,38.4
30020399,2,chest pain,10,94,117,81,18,97,36.9
30020400,2,anxiety,6,67,123,90,16,99,37.2
30020401,3,fall,5,102,122,94,19,96,37.1
30020402,4,knee pain,2,83,118,85,19,100,37.9
30020403,2,abdominal pain,10,80,110,104,18,95,37.6
30020404,1,knee pain,7,94,114,79,12,95,36.4
30020405,4,abdominal pain,7,78,124,93,16,100,36.9
30020406,3,knee pain,1,57,147,89,21,93,38.2
30020407,3,back pain,3,90,116,94,19,95,37.3
30020408,4,laceration,7,80,176,92,16,100,37.1
30020409,2,fever,10,96,105,100,14,95,37.1
30020410,2,fall,9,83,129,58,14,98,36.3
30020411,4,fall,7,77,125,77,19,95,36.5
30020412,4,anxiety,0,100,145,81,12,95,37.0
30020413,4,anxiety,3,58,107,87,23,100,37.7
30020414,2,headache,7,79,124,68,15,95,36.4
30020415,3,abdominal pain,0,104,128,52,17,96,36.6
30020416,3,abdominal pain,7,77,95,90,27,99,35.7
30020417,3,headache,5,66,124,85,13,98,37.8
30020418,3,fall,1,108,132,76,19,97,36.2
30020419,3,fever,5,97,100,70,15,95,36.6
30020420,3,knee pain,6,79,142,110,17,96,38.7
30020421,3,laceration,6,79,101,81,24,95,36.6
30020422,3,laceration,6,91,107,87,25,99,35.8
30020423,4,fever,7,83,144,83,26,97,36.5
30020424,1,fall,9,95,119,70,13,100,38.2
30020425,2,shortness of breath,6,109,156,100,18,99,37.3
30020426,2,fall,10,75,147,126,23,100,36.6
30020427,3,shortness of breath,1,100,131,83,20,100,37.9
30020428,3,back pain,5,73,122,94,18,96,37.9
30020429,3,headache,2,62,104,94,19,94,37.4
30020430,4,shortness of breath,0,70,150,70,21,96,38.0
30020431,3,fall,7,89,125,79,13,97,36.7
30020432,4,fall,4,72,123,92,19,98,37.7
30020433,3,chest pain,1,79,129,64,18,95,37.0
30020434,3,anxiety,3,103,119,82,18,96,36.3
30020435,3,chest pain,1,70,136,83,17,95,38.1
30020436,2,back pain,6,103,120,66,20,100,38.2
30020437,5,chest pain,0,105,137,61,16,93,36.6
30020438,2,fever,9,62,120,113,20,95,37.3
30020439,4,knee pain,1,89,108,95,18,100,37.1
30020440,2,back pain,7,78,147,83,20,91,36.6
30020441,3,back pain,6,105,119,68,18,97,36.3
30020442,3,laceration,7,84,151,76,14,96,38.8
30020443,4,back pain,3,106,116,52,18,97,38.0
30020444,3,fever,6,84,131,80,18,99,36.6
30020445,3,anxiety,6,95,116,86,21,100,37.0
30020446,4,laceration,4,77,132,74,21,89,36.7
30020447,2,back pain,7,82,122,89,21,100,35.7
30020448,3,knee pain,5,89,108,88,18,100,36.0
30020449,2,laceration,7,71,145,61,18,94,36.3
30020450,3,back pain,4,69,158,84,17,100,37.4
30020451,4,headache,2,61,122,90,19,97,36.9
30020452,3,chest pain,7,47,124,102,17,100,37.9
30020453,2,chest pain,8,81,125,106,19,99,37.0
30020454,3,abdominal pain,5,55,146,101,18,96,36.5
30020455,5,back pain,5,109,122,66,20,98,35.8
30020456,3,fall,4,68,94,71,17,95,38.5
30020457,4,headache,3,86,85,95,17,99,37.8
30020458,3,knee pain,0,59,95,104,13,98,37.9
30020459,4,fever,0,94,98,86,17,99,36.8
30020460,4,laceration,1,97,138,75,16,99,37.7
30020461,4,abdominal pain,5,91,122,114,19,96,38.5
30020462,4,chest pain,2,59,144,82,21,99,39.7
30020463,3,anxiety,1,103,114,67,12,89,35.7
30020464,3,headache,4,74,129,69,18,95,36.5
30020465,5,fever,0,76,101,89,16,97,37.2
30020466,3,anxiety,7,77,135,79,16,97,36.9
30020467,1,anxiety,6,97,116,97,21,96,36.4
30020468,3,abdominal pain,6,92,147,122,23,99,36.0
30020469,2,abdominal pain,6,61,109,88,14,100,36.7
30020470,4,abdominal pain,1,90,142,61,16,100,36.7
30020471,3,knee pain,7,107,89,43,16,99,36.3
30020472,4,back pain,5,117,135,78,18,99,37.6
30020473,3,abdominal pain,3,92,138,87,17,96,37.2
30020474,4,abdominal pain,3,73,138,78,32,95,36.9
30020475,5,headache,4,108,104,86,5,99,36.2
30020476,3,anxiety,6,65,102,101,11,96,37.6
30020477,3,shortness of breath,0,81,146,78,20,96,36.4
30020478,3,abdominal pain,0,73,140,68,15,97,36.2
30020479,2,fall,7,75,131,107,23,92,37.7
30020480,3,anxiety,6,75,152,109,15,100,37.9
30020481,3,anxiety,3,85,135,106,20,99,36.4
30020482,3,laceration,1,86,111,78,25,96,38.5
30020483,4,anxiety,0,85,140,67,21,97,37.6
30020484,3,laceration,1,88,80,48,22,97,37.1
30020485,5,fever,4,86,117,58,22,100,37.4
30020486,3,headache,5,79,159,28,19,98,37.7
30020487,3,abdominal pain,2,91,130,74,20,93,38.2
30020488,3,fever,7,91,151,95,15,97,36.8
30020489,3,chest pain,1,71,113,89,19,94,37.6
30020490,2,chest pain,7,74,71,88,21,98,38.4
30020491,3,laceration,2,96,114,66,12,90,38.2
30020492,2,chest pain,7,86,147,72,15,93,37.9
30020493,3,chest pain,2,77,93,83,18,98,35.6
30020494,2,laceration,7,86,131,70,14,96,36.7
30020495,3,chest pain,3,85,139,98,22,96,37.3
30020496,2,fever,10,90,100,80,23,100,37.1
30020497,2,shortness of breath,6,77,138,60,21,96,36.5
30020498,2,knee pain,8,84,110,79,17,99,37.1
30020499,2,laceration,8,70,112,73,16,97,37.2
30020500,2,laceration,6,98,145,74,16,99,36.4
30020501,3,anxiety,1,93,166,88,21,92,37.0
30020502,3,chest pain,0,85,129,68,17,100,35.8
30020503,3,knee pain,6,82,112,79,16,100,37.9
30020504,3,fall,1,102,122,85,12,95,37.9
30020505,3,back pain,0,103,139,79,20,97,38.2
30020506,3,laceration,5,63,93,53,18,100,37.0
30020507,2,abdominal pain,6,84,119,66,23,100,37.8
30020508,2,knee pain,7,76,110,78,27,92,37.4
30020509,3,anxiety,5,84,160,73,19,93,37.5
30020510,5,back pain,7,61,138,74,22,92,38.6
30020511,3,anxiety,0,71,145,89,17,97,36.3
30020512,3,headache,5,59,121,80,35,95,37.0
30020513,2,anxiety,10,94,125,108,22,99,36.0
30020514,1,headache,7,84,96,72,18,100,37.2
30020515,2,fall,7,92,144,88,31,99,35.6
30020516,3,chest pain,6,79,113,58,14,93,36.5
30020517,3,knee pain,1,100,118,104,17,97,38.1
30020518,2,back pain,6,75,125,93,16,97,36.5
30020519,4,shortness of breath,4,55,148,61,14,98,36.6
30020520,2,headache,6,96,131,99,17,95,35.3
30020521,2,headache,7,84,136,92,12,100,35.6
30020522,3,fever,1,67,176,58,15,91,37.1
30020523,3,headache,0,63,87,112,22,99,37.6
30020524,3,headache,0,76,108,89,22,96,37.4
30020525,3,back pain,5,102,144,69,25,98,37.3
30020526,4,anxiety,2,110,141,74,15,100,37.7
30020527,2,knee pain,6,82,130,81,18,97,35.6
30020528,3,back pain,5,71,111,76,23,97,37.1
30020529,4,chest pain,4,87,106,74,18,97,38.1
30020530,4,fever,0,76,156,80,22,96,36.7
30020531,2,shortness of breath,7,87,98,65,11,95,35.8
30020532,3,chest pain,3,93,103,62,19,91,37.8
30020533,3,abdominal pain,7,83,119,86,19,98,36.1
30020534,2,headache,6,91,117,80,23,100,36.3
30020535,2,fall,9,76,124,78,17,100,36.6
30020536,4,headache,5,87,155,70,4,95,36.7
30020537,3,back pain,7,85,148,73,22,98,36.6
30020538,5,headache,5,79,144,77,15,100,37.5
30020539,2,shortness of breath,7,64,146,88,13,97,36.9
30020540,2,headache,9,66,130,98,12,93,37.2
30020541,3,chest pain,4,70,135,75,15,100,37.1
30020542,2,laceration,10,86,118,79,24,100,36.0
30020543,4,laceration,1,87,113,105,19,100,36.2
30020544,2,fever,10,97,130,48,11,96,37.5
30020545,3,knee pain,4,96,131,74,17,95,36.7
30020546,3,fall,0,74,107,73,13,95,35.7
30020547,3,shortness of breath,7,79,99,69,24,98,36.4
30020548,3,laceration,0,84,139,61,25,92,36.7
30020549,3,anxiety,6,75,134,103,14,98,36.4
30020550,3,fever,1,78,134,63,22,97,36.6
30020551,4,shortness of breath,7,70,146,66,19,96,37.1
30020552,3,fever,2,64,170,81,20,98,37.4
30020553,2,fever,8,98,133,82,23,95,35.9
30020554,3,anxiety,1,105,120,75,19,100,37.5
30020555,4,shortness of breath,6,89,139,99,21,95,37.4
30020556,5,laceration,5,117,120,54,19,92,36.9
30020557,1,shortness of breath,10,113,129,95,23,99,37.8
30020558,2,chest pain,10,86,140,61,18,97,35.5
30020559,2,fall,7,86,122,82,18,95,35.7
30020560,3,knee pain,6,92,103,79,17,97,36.8
30020561,3,laceration,0,124,114,89,14,98,37.2
30020562,4,abdominal pain,6,92,114,87,23,99,37.3
30020563,3,laceration,1,103,160,99,19,95,38.0
30020564,3,fall,7,74,169,71,20,97,36.3
30020565,1,abdominal pain,8,99,118,59,26,100,38.5
30020566,3,abdominal pain,4,110,121,61,27,95,36.2
30020567,3,headache,5,64,115,75,16,95,36.9
30020568,2,abdominal pain,9,83,111,80,12,97,36.5
30020569,2,headache,8,87,106,59,15,98,36.1
30020570,3,chest pain,1,61,116,109,17,98,38.0
30020571,3,headache,3,92,102,92,24,99,37.2
30020572,4,headache,6,74,140,77,21,99,37.1
30020573,3,back pain,0,80,110,56,20,100,36.8
30020574,3,knee pain,7,105,148,91,23,97,37.7
30020575,3,fall,6,67,88,74,21,97,35.9
30020576,2,knee pain,10,73,153,86,14,100,37.2
30020577,4,back pain,5,96,141,115,18,100,37.1
30020578,4,back pain,1,96,130,48,17,96,36.9
30020579,3,shortness of breath,6,98,124,64,15,97,37.5
30020580,1,laceration,10,116,152,93,15,97,38.4
30020581,4,fall,4,66,125,90,28,97,37.3
30020582,3,shortness of breath,6,31,155,97,8,98,37.2
30020583,4,fall,1,94,127,41,14,96,37.1
30020584,5,abdominal pain,3,91,79,89,21,97,36.5
30020585,4,laceration,0,102,140,70,21,91,36.2
30020586,5,abdominal pain,6,68,112,79,12,98,37.4
30020587,3,laceration,1,84,116,46,13,93,36.6
30020588,3,back pain,5,89,129,82,14,94,37.7
30020589,3,shortness of breath,6,84,84,82,12,99,36.1
30020590,1,laceration,9,111,176,78,17,93,36.4
30020591,2,fever,8,92,140,75,21,95,36.6
30020592,1,fall,6,106,150,99,16,100,38.0
30020593,4,anxiety,1,83,129,101,16,100,37.8
30020594,5,headache,3,73,127,91,20,98,37.8
30020595,3,back pain,1,85,140,57,15,98,35.9
30020596,2,back pain,9,86,113,57,22,100,36.1
30020597,3,fever,3,83,134,72,16,92,35.7
30020598,3,knee pain,0,91,129,69,15,97,37.1
30020599,1,headache,10,87,144,71,21,100,36.1
30020600,3,back pain,2,68,112,85,21,100,37.6
30020601,1,abdominal pain,10,121,120,87,25,92,38.1
30020602,3,knee pain,6,86,136,57,19,100,36.9
30020603,3,fall,4,80,142,82,12,99,36.2
30020604,4,anxiety,3,88,136,93,19,100,38.0
30020605,3,back pain,7,85,125,66,21,99,37.2
30020606,3,laceration,7,93,84,76,19,93,38.2
30020607,2,chest pain,6,112,93,74,15,94,35.6
30020608,4,fall,3,97,98,74,20,97,36.6
30020609,3,fall,6,86,108,63,18,96,37.6
30020610,5,abdominal pain,6,104,113,73,18,96,36.5
30020611,4,headache,7,69,160,59,19,100,35.8
30020612,2,abdominal pain,6,81,101,95,25,99,38.7
30020613,1,back pain,9,60,117,101,19,98,36.5
30020614,4,knee pain,6,84,129,57,20,95,37.1
30020615,3,headache,6,73,103,102,21,98,36.8
30020616,3,abdominal pain,3,77,111,84,17,98,36.9
30020617,4,chest pain,3,97,132,76,15,100,36.6
30020618,1,fever,9,84,140,81,12,93,37.0
30020619,3,shortness of breath,7,67,136,80,15,91,36.5
30020620,2,back pain,10,105,118,83,19,93,36.2
30020621,3,headache,4,103,156,49,17,100,36.9
30020622,5,knee pain,0,85,131,69,21,97,36.2
30020623,3,fever,3,80,122,61,19,96,35.0
30020624,3,headache,2,71,110,80,29,99,36.0
30020625,3,headache,6,90,126,69,14,97,35.7
30020626,4,headache,7,106,135,82,14,100,35.9
30020627,4,abdominal pain,6,83,139,88,18,100,38.1
30020628,3,knee pain,7,108,116,97,16,100,37.6
30020629,2,laceration,6,86,118,54,15,98,36.2
30020630,3,abdominal pain,0,63,100,74,21,92,38.9
30020631,2,headache,10,86,124,93,18,99,37.4
30020632,3,shortness of breath,6,79,120,85,14,100,38.0
30020633,4,shortness of breath,0,75,122,54,7,99,36.5
30020634,3,knee pain,1,91,126,67,21,95,36.1
30020635,4,fever,4,66,104,103,19,100,36.5
30020636,4,knee pain,0,74,103,100,24,96,36.9
30020637,4,abdominal pain,5,94,179,81,23,96,36.6
30020638,2,chest pain,8,84,137,85,15,98,35.5
30020639,3,back pain,4,75,140,74,21,100,36.7
30020640,5,knee pain,7,82,143,90,21,95,37.1
30020641,3,chest pain,0,70,103,108,19,92,36.1
30020642,4,headache,3,77,110,70,17,98,37.6
30020643,4,shortness of breath,5,88,78,69,15,97,37.0
30020644,3,fever,3,80,136,105,24,97,36.6
30020645,4,headache,5,79,122,97,15,98,36.2
30020646,3,shortness of breath,7,76,80,97,13,95,36.7
30020647,4,headache,7,83,101,73,18,100,37.3
30020648,3,shortness of breath,3,88,161,110,19,100,37.3
30020649,3,knee pain,4,81,136,79,15,97,36.2
30020650,3,anxiety,1,67,141,84,23,93,37.0
30020651,3,chest pain,5,96,102,78,21,98,36.7
30020652,3,chest pain,4,106,143,90,20,94,36.5
30020653,3,chest pain,5,86,152,101,20,95,36.0
30020654,3,headache,2,63,106,86,16,98,35.3
30020655,2,back pain,6,93,143,75,20,99,36.4
30020656,2,chest pain,10,100,134,76,11,96,37.9
30020657,3,chest pain,2,98,133,63,19,92,35.4
30020658,2,back pain,7,96,140,76,22,96,36.4
30020659,3,chest pain,3,50,133,61,21,99,36.6
30020660,3,shortness of breath,5,68,128,104,21,98,36.2
30020661,2,anxiety,8,68,155,100,20,97,38.8
30020662,2,shortness of breath,10,71,135,100,23,100,35.9
30020663,3,fall,2,88,96,71,24,100,37.9
30020664,3,fall,1,90,119,115,18,98,36.6
30020665,4,abdominal pain,1,77,119,79,21,99,37.9
30020666,3,abdominal pain,0,63,120,77,18,93,37.3
30020667,3,headache,3,85,115,90,11,97,36.3
30020668,2,knee pain,8,86,141,59,21,96,38.0
30020669,3,fever,7,98,93,68,23,95,36.4
30020670,3,knee pain,0,77,130,63,17,98,36.8
30020671,3,headache,0,73,132,89,22,94,37.2
30020672,3,abdominal pain,2,86,128,103,13,100,38.1
30020673,3,back pain,4,111,154,75,18,99,37.2
30020674,3,laceration,3,79,137,91,17,92,37.3
30020675,3,knee pain,7,94,125,83,22,96,37.7
30020676,3,fall,4,107,124,66,22,95,38.0
30020677,1,anxiety,8,113,75,87,14,99,37.5
30020678,5,anxiety,1,94,107,63,21,89,37.0
30020679,3,chest pain,7,90,152,58,13,95,38.2
30020680,3,headache,5,65,123,78,18,99,36.9
30020681,4,knee pain,0,84,136,60,22,94,36.7
30020682,2,chest pain,9,87,101,53,23,97,37.1
30020683,3,headache,7,85,134,68,21,100,37.4
30020684,2,knee pain,8,91,90,67,19,95,36.6
30020685,3,shortness of breath,2,96,124,74,22,97,37.0
30020686,1,laceration,6,49,132,77,12,100,38.1
30020687,2,shortness of breath,7,96,126,82,13,94,36.9
30020688,3,chest pain,5,104,88,74,18,100,37.3
30020689,2,chest pain,9,80,145,44,16,95,36.8
30020690,3,anxiety,4,88,113,97,12,99,36.4
30020691,1,laceration,8,107,131,88,20,100,37.3
30020692,3,back pain,0,50,122,72,12,97,36.1
30020693,2,knee pain,6,84,114,101,22,98,37.0
30020694,4,fall,6,108,123,93,16,93,35.7
30020695,3,fall,2,77,132,64,14,96,37.8
30020696,3,fever,6,105,122,99,10,98,36.8
30020697,3,shortness of breath,4,67,128,77,11,100,37.2
30020698,2,abdominal pain,9,109,98,106,17,98,38.0
30020699,3,anxiety,5,67,117,87,21,96,36.5
30020700,2,shortness of breath,9,54,160,91,23,95,35.9
30020701,3,fever,7,95,161,91,18,97,37.9
30020702,2,abdominal pain,6,85,116,85,13,97,36.9
30020703,4,laceration,0,93,132,77,20,97,37.2
30020704,3,headache,4,90,133,93,19,97,36.6
30020705,2,shortness of breath,7,96,131,90,15,99,37.6
30020706,4,fever,3,120,136,86,18,96,36.6
30020707,4,back pain,7,101,134,82,17,100,36.4
30020708,3,fever,2,103,99,52,24,94,36.6
30020709,3,fall,2,77,141,100,22,99,37.3
30020710,3,anxiety,3,94,134,77,15,100,37.0
30020711,5,fall,2,75,159,81,17,96,36.3
30020712,4,fall,2,88,121,103,22,97,37.3
30020713,3,back pain,3,100,137,107,13,96,36.5
30020714,3,chest pain,5,94,132,77,27,88,37.1
30020715,3,headache,6,120,106,88,16,95,37.5
30020716,2,knee pain,6,86,116,78,17,98,36.7
30020717,2,fall,9,105,110,77,21,99,37.5
30020718,2,fall,10,72,165,59,20,97,37.2
30020719,2,back pain,10,98,141,95,17,99,37.2
30020720,3,headache,4,72,114,84,16,95,38.0
30020721,3,anxiety,1,73,103,68,13,99,36.0
30020722,4,chest pain,0,45,137,64,20,99,36.5
30020723,3,abdominal pain,7,69,139,101,15,98,37.1
30020724,2,shortness of breath,6,92,108,52,20,99,36.3
30020725,2,fall,10,87,169,51,19,100,37.6
30020726,4,back pain,0,96,116,70,14,96,38.4
30020727,2,fever,10,83,110,106,19,100,37.0
30020728,2,headache,9,71,89,62,21,97,36.5
30020729,3,laceration,1,65,91,84,26,98,38.5
30020730,4,knee pain,2,89,154,49,19,99,35.6
30020731,2,anxiety,10,94,89,90,23,97,36.1
30020732,2,anxiety,8,101,156,61,20,97,36.0
30020733,3,fall,0,83,121,102,21,93,36.1
30020734,3,fall,7,71,163,68,16,94,36.4
30020735,3,shortness of breath,4,94,115,84,19,94,36.9
30020736,3,headache,6,89,128,99,18,98,36.2
30020737,5,anxiety,3,88,137,102,17,97,36.8
30020738,3,fall,2,85,117,82,25,93,36.9
30020739,3,laceration,1,62,115,109,12,98,38.1
30020740,3,chest pain,5,81,102,62,15,97,36.8
30020741,3,laceration,3,101,116,91,17,100,36.3
30020742,2,fall,7,106,118,67,17,96,35.3
30020743,3,back pain,0,70,138,74,13,99,36.7
30020744,3,abdominal pain,6,93,156,60,21,96,38.0
30020745,4,chest pain,0,99,77,56,11,100,37.0
30020746,4,anxiety,6,55,150,91,24,96,37.2
30020747,4,fall,6,60,134,59,17,99,38.3
30020748,3,fall,1,62,88,79,17,100,36.7
30020749,4,headache,6,88,116,82,14,99,37.8
30020750,4,headache,4,87,150,70,19,100,36.6
30020751,4,shortness of breath,6,94,132,84,20,92,37.3
30020752,1,laceration,8,67,148,81,16,93,36.8
30020753,3,headache,2,92,165,118,20,100,35.7
30020754,4,laceration,4,88,139,81,16,97,36.4
30020755,3,back pain,5,80,126,60,12,91,36.5
30020756,3,anxiety,2,98,99,82,23,96,37.1
30020757,2,fall,9,92,134,72,23,100,36.6
30020758,3,shortness of breath,4,83,130,102,20,95,37.2
30020759,4,headache,5,102,131,70,15,96,35.5
30020760,3,shortness of breath,0,76,127,70,21,95,38.0
30020761,3,knee pain,0,93,117,94,7,94,37.7
30020762,2,back pain,8,72,159,67,19,98,36.1
30020763,2,knee pain,10,75,140,89,26,96,35.9
30020764,2,anxiety,6,75,114,89,15,100,36.8
30020765,2,anxiety,9,70,135,97,20,94,37.6
30020766,2,knee pain,6,101,123,86,12,97,35.5
30020767,4,chest pain,1,66,166,71,12,99,36.4
30020768,1,headache,7,83,128,77,15,96,36.7
30020769,3,back pain,2,71,122,79,16,94,36.2
30020770,1,fever,9,113,137,88,16,88,36.5
30020771,4,anxiety,3,90,158,81,19,100,35.3
30020772,3,chest pain,0,93,129,91,15,93,37.0
30020773,2,fall,9,74,131,76,21,100,36.5
30020774,2,anxiety,10,92,129,66,16,95,36.9
30020775,3,knee pain,3,52,111,78,23,94,37.0
30020776,3,chest pain,3,102,96,81,21,95,37.5
30020777,3,fall,3,90,108,87,22,91,35.3
30020778,3,shortness of breath,4,54,139,78,18,99,36.9
30020779,3,knee pain,3,75,157,71,16,92,35.0
30020780,3,laceration,6,91,118,78,13,96,36.3
30020781,3,headache,4,97,137,79,19,100,36.7
30020782,2,chest pain,8,80,115,79,16,95,36.4
30020783,4,headache,1,99,144,84,16,96,37.3
30020784,2,chest pain,7,96,106,54,16,97,37.2
30020785,3,knee pain,6,64,147,68,19,92,36.9
30020786,3,knee pain,7,100,109,68,21,96,35.8
30020787,5,chest pain,0,80,159,70,11,93,36.7
30020788,3,headache,5,73,118,73,24,98,36.8
30020789,3,fall,7,86,136,67,19,96,37.1
30020790,3,fever,4,86,121,87,22,96,36.0
30020791,3,back pain,1,78,75,65,22,96,36.7
30020792,4,shortness of breath,0,99,146,73,13,99,35.8
30020793,4,headache,0,103,105,65,12,94,36.6
30020794,1,back pain,7,79,156,83,13,95,36.8
30020795,4,fever,3,77,130,89,20,94,36.6
30020796,3,laceration,4,108,130,72,13,98,36.4
30020797,3,shortness of breath,2,90,141,78,21,100,37.0
30020798,4,anxiety,2,84,113,75,18,98,36.9
30020799,3,fall,6,56,110,54,25,100,38.2
30020800,5,back pain,7,63,142,88,22,100,34.9
30020801,3,fever,6,83,146,66,19,100,38.1
30020802,4,anxiety,1,76,131,81,18,98,37.5
30020803,4,anxiety,2,96,130,82,15,97,35.9
30020804,3,chest pain,5,74,119,82,17,97,35.9
30020805,3,laceration,0,97,104,76,13,96,36.4
30020806,5,shortness of breath,7,105,144,60,16,94,36.5
30020807,3,back pain,0,72,158,81,15,100,37.5
30020808,3,fall,1,88,99,70,14,96,37.1
30020809,3,fever,0,84,114,108,17,97,37.4
30020810,3,fall,2,78,140,91,16,100,36.2
30020811,4,anxiety,7,108,135,68,20,100,37.4
30020812,4,chest pain,4,70,135,83,21,100,37.9
30020813,3,knee pain,4,79,93,77,17,96,36.6
30020814,3,laceration,7,85,150,85,22,100,37.5
30020815,2,shortness of breath,9,75,140,93,20,96,37.7
30020816,2,fever,6,83,124,77,25,99,36.7
30020817,3,back pain,7,89,105,90,19,98,37.9
30020818,4,abdominal pain,1,94,115,86,17,97,37.0
30020819,4,knee pain,7,92,120,87,22,98,36.6
30020820,3,fall,7,70,125,60,22,97,36.2
30020821,3,fever,2,85,129,96,10,95,35.9
30020822,3,abdominal pain,7,81,133,74,17,99,37.0
30020823,3,laceration,2,79,143,56,19,94,37.7
30020824,3,headache,7,93,167,58,20,95,37.0
30020825,3,anxiety,4,89,136,91,18,99,36.9
30020826,4,back pain,2,89,129,114,17,95,36.4
30020827,2,shortness of breath,7,73,114,98,14,100,35.6
30020828,3,fall,0,77,140,89,21,99,38.9
30020829,3,fever,3,73,133,50,21,99,37.2
30020830,4,shortness of breath,2,93,137,75,20,98,36.8
30020831,1,knee pain,8,67,134,100,19,94,38.0
30020832,3,headache,7,61,122,102,21,98,38.3
30020833,2,fever,8,91,130,76,16,97,37.1
30020834,3,laceration,7,72,144,66,26,98,36.8
30020835,3,fall,7,97,93,70,13,95,37.2
30020836,5,chest pain,6,90,119,108,16,97,36.7
30020837,3,shortness of breath,4,65,164,89,14,99,36.4
30020838,3,anxiety,2,106,120,89,10,100,37.2
30020839,3,fall,6,115,156,77,20,92,37.0
30020840,3,back pain,2,86,128,73,12,98,37.1
30020841,4,back pain,2,105,126,86,23,96,37.9
30020842,4,headache,7,82,114,85,15,93,37.5
30020843,1,anxiety,10,79,169,75,17,99,35.9
30020844,4,fever,3,71,112,64,13,100,37.7
30020845,5,knee pain,0,91,142,82,18,97,37.1
30020846,3,back pain,0,100,156,87,14,98,37.4
30020847,3,laceration,7,88,118,110,14,100,38.0
30020848,4,fever,0,74,94,118,17,99,38.5
30020849,2,fall,7,115,82,59,22,95,37.5
30020850,3,knee pain,7,79,129,105,27,92,37.2
30020851,4,laceration,5,74,117,86,13,98,37.2
30020852,2,laceration,6,78,139,71,16,94,36.6
30020853,1,chest pain,6,100,122,66,15,100,35.7
30020854,3,fever,4,77,106,96,22,99,37.0
30020855,3,fall,0,89,129,111,20,96,37.0
30020856,2,knee pain,8,113,136,103,22,96,36.2
30020857,3,abdominal pain,1,90,116,64,14,98,37.3
30020858,4,anxiety,3,81,161,60,17,100,37.9
30020859,2,chest pain,7,102,99,68,21,91,35.5
30020860,4,headache,4,85,127,60,17,95,38.1
30020861,2,abdominal pain,8,56,156,75,19,95,36.7
30020862,3,headache,7,51,131,75,12,95,36.2
30020863,2,laceration,9,66,166,75,16,93,37.0
30020864,3,back pain,7,99,128,73,15,99,37.9
30020865,2,chest pain,7,74,89,68,16,98,36.9
30020866,3,back pain,4,86,117,74,17,100,37.1
30020867,2,anxiety,7,91,117,103,19,94,37.2
30020868,3,anxiety,3,77,139,85,16,98,35.6
30020869,3,abdominal pain,7,103,99,53,14,96,37.4
30020870,3,abdominal pain,5,71,108,58,23,93,36.0
30020871,4,abdominal pain,2,83,156,51,8,96,36.8
30020872,1,laceration,10,77,105,69,18,100,38.1
30020873,4,chest pain,0,111,136,93,16,94,35.6
30020874,2,anxiety,10,124,108,92,18,91,37.4
30020875,2,abdominal pain,8,84,108,79,23,100,36.5
30020876,5,abdominal pain,0,78,122,104,15,99,35.9
30020877,4,shortness of breath,1,68,138,75,21,100,37.8
30020878,3,abdominal pain,6,106,109,78,16,94,36.7
30020879,3,fever,5,100,115,91,24,93,36.2
30020880,3,anxiety,7,94,101,48,19,96,36.5
30020881,3,chest pain,2,70,93,67,21,96,38.1
30020882,2,chest pain,8,59,144,76,19,95,38.6
30020883,4,anxiety,5,98,102,94,18,92,37.5
30020884,1,headache,7,62,159,83,16,100,37.0
30020885,4,shortness of breath,5,121,133,92,17,98,37.1
30020886,2,fever,7,98,164,93,23,98,36.4
30020887,4,shortness of breath,3,88,108,55,19,99,36.7
30020888,4,back pain,4,81,130,103,14,100,37.0
30020889,3,laceration,2,98,137,72,15,100,38.4
30020890,4,fever,6,92,141,93,12,96,36.3
30020891,2,knee pain,8,105,106,89,15,97,36.7
30020892,3,shortness of breath,4,75,141,86,16,97,38.3
30020893,3,shortness of breath,2,65,127,95,10,98,37.7
30020894,4,fever,4,63,152,75,16,100,37.0
30020895,2,shortness of breath,7,99,136,85,21,99,36.3
30020896,2,headache,7,96,96,91,14,98,37.0
30020897,3,fever,5,124,126,79,20,90,38.1
30020898,3,anxiety,5,91,114,70,22,100,37.1
30020899,3,back pain,7,104,106,64,23,100,36.3
30020900,2,chest pain,10,70,145,82,17,93,37.0
30020901,2,anxiety,6,96,112,92,19,97,36.3
30020902,3,abdominal pain,5,101,140,43,16,93,36.5
30020903,2,knee pain,6,107,88,64,11,95,35.9
30020904,3,chest pain,2,112,168,84,20,100,36.8
30020905,3,chest pain,2,71,128,74,21,97,36.9
30020906,4,headache,3,97,126,85,19,100,37.1
30020907,3,anxiety,6,80,157,81,15,96,35.8
30020908,3,shortness of breath,1,87,146,54,13,93,36.6
30020909,3,back pain,0,98,116,59,16,97,35.9
30020910,1,chest pain,8,108,99,88,17,100,37.5
30020911,5,shortness of breath,0,69,140,116,17,99,37.5
30020912,3,anxiety,6,93,121,92,17,99,37.4
30020913,3,headache,1,64,106,70,13,94,36.4
30020914,4,shortness of breath,4,81,116,71,15,98,36.5
30020915,2,headache,9,78,106,78,17,98,36.4
30020916,1,headache,7,107,144,74,18,100,37.3
30020917,3,fall,7,72,179,81,10,95,35.8
30020918,3,chest pain,6,123,108,69,12,94,37.5
30020919,3,laceration,7,80,128,78,15,100,36.2
30020920,4,back pain,7,110,154,95,20,98,36.5
30020921,3,headache,1,97,164,60,18,96,37.0
30020922,3,laceration,4,87,128,84,19,93,37.1
30020923,3,chest pain,7,83,94,72,14,100,37.9
30020924,5,knee pain,7,110,133,108,24,97,36.0
30020925,3,shortness of breath,1,98,160,86,17,93,36.7
30020926,3,anxiety,3,87,144,110,25,95,36.4
30020927,3,fever,7,80,121,82,19,96,35.9
30020928,2,anxiety,10,102,86,91,18,90,36.7
30020929,2,anxiety,10,96,123,74,21,95,36.8
30020930,3,fever,5,81,135,79,12,93,37.3
30020931,3,chest pain,1,110,113,68,18,99,37.1
30020932,3,laceration,6,82,115,70,17,97,36.1
30020933,3,fall,2,92,112,57,16,97,37.3
30020934,5,back pain,5,85,121,79,11,95,35.5
30020935,3,fall,2,62,143,86,19,96,37.4
30020936,3,fever,6,74,128,57,18,94,37.1
30020937,4,anxiety,1,101,155,99,19,97,36.4
30020938,2,headache,9,95,134,78,17,95,36.8
30020939,2,anxiety,6,84,130,63,15,97,37.9
30020940,2,shortness of breath,7,76,118,95,16,95,36.0
30020941,4,fall,1,68,145,89,13,99,37.7
30020942,3,knee pain,3,68,127,78,17,93,36.9
30020943,3,knee pain,6,93,129,67,9,95,37.0
30020944,2,shortness of breath,8,80,120,96,20,100,37.9
30020945,3,headache,2,86,137,52,18,100,36.5
30020946,4,laceration,1,96,97,93,14,95,38.7
30020947,3,chest pain,2,96,148,55,12,98,37.1
30020948,2,chest pain,8,79,139,96,21,100,35.8
30020949,2,chest pain,8,95,129,88,16,99,36.9
30020950,3,fall,4,92,84,60,13,96,38.1
30020951,2,chest pain,9,98,115,74,17,92,34.6
30020952,2,headache,9,124,144,71,16,100,37.4
30020953,4,back pain,4,72,125,51,16,94,37.3
30020954,2,back pain,10,71,99,77,18,100,38.3
30020955,5,fall,7,72,143,71,16,95,37.6
30020956,3,anxiety,3,82,133,70,19,97,36.6
30020957,4,back pain,7,75,144,65,24,100,36.8
30020958,2,abdominal pain,6,83,102,107,16,100,37.2
30020959,1,headache,8,114,120,73,16,96,37.5
30020960,2,anxiety,9,87,129,81,12,97,36.7
30020961,3,knee pain,3,75,118,77,17,100,36.8
30020962,2,chest pain,10,93,171,76,18,100,37.9
30020963,3,back pain,3,101,160,93,11,96,37.3
30020964,2,headache,8,57,128,114,21,100,36.8
30020965,4,chest pain,3,104,107,69,16,100,37.8
30020966,5,anxiety,1,86,117,76,20,97,37.0
30020967,3,fever,5,84,130,85,13,98,36.0
30020968,3,anxiety,4,92,99,71,19,100,37.4
30020969,2,fever,9,101,112,83,24,92,37.3
30020970,5,chest pain,6,102,85,82,20,99,36.6
30020971,4,fever,0,93,133,82,19,94,38.1
30020972,4,abdominal pain,7,75,149,80,18,100,36.7
30020973,3,anxiety,3,68,126,69,17,95,37.0
30020974,3,anxiety,2,71,126,69,8,100,37.3
30020975,3,shortness of breath,0,96,147,76,20,93,37.4
30020976,3,shortness of breath,6,81,87,74,15,100,37.6
30020977,3,anxiety,4,66,140,76,22,97,36.6
30020978,3,chest pain,5,78,130,87,19,100,38.3
30020979,3,fall,3,66,147,97,18,92,37.0
30020980,3,laceration,1,89,126,86,24,98,36.7
30020981,1,knee pain,6,84,122,73,18,98,37.7
30020982,3,headache,4,85,102,109,14,94,36.9
30020983,3,abdominal pain,6,96,130,76,13,99,36.8
30020984,1,fall,10,108,140,67,19,93,37.6
30020985,3,anxiety,4,44,127,88,18,96,36.9
30020986,5,shortness of breath,7,95,93,81,21,100,37.3
30020987,2,fall,10,91,144,67,22,96,37.3
30020988,4,shortness of breath,7,93,120,97,17,97,37.1
30020989,3,knee pain,2,97,103,48,11,96,36.2
30020990,5,laceration,5,92,112,85,6,100,36.4
30020991,2,laceration,7,84,158,91,21,100,36.7
30020992,1,shortness of breath,10,73,121,64,15,95,36.7
30020993,3,back pain,6,88,157,65,19,93,36.0
30020994,2,fever,7,62,120,99,17,97,35.7
30020995,3,headache,7,116,100,66,11,100,36.3
30020996,1,anxiety,8,58,132,73,18,95,36.0
30020997,3,fall,7,89,119,59,23,96,36.7
30020998,3,back pain,5,88,106,95,22,98,38.2
30020999,4,fall,2,62,137,95,20,100,38.8
30021000,3,shortness of breath,1,87,151,74,18,98,36.8
30021001,4,laceration,0,90,120,98,23,99,37.2
30021002,4,anxiety,5,80,143,78,16,98,36.6
30021003,2,laceration,6,67,122,95,20,97,37.0
30021004,3,fall,3,100,117,94,17,96,36.1
30021005,3,shortness of breath,4,98,141,73,22,96,36.9
30021006,4,back pain,6,95,100,81,13,100,36.6
30021007,4,anxiety,7,105,96,73,15,100,38.8
30021008,3,abdominal pain,4,95,124,42,16,95,38.0
30021009,3,fever,7,84,151,65,16,95,36.7
30021010,3,fall,2,80,134,98,13,100,36.2
30021011,2,abdominal pain,7,96,136,74,11,92,37.3
30021012,5,abdominal pain,0,90,112,76,13,100,36.9
30021013,5,back pain,1,88,154,107,17,96,36.9
30021014,3,chest pain,4,82,163,81,20,97,36.2
30021015,2,abdominal pain,7,83,129,97,18,100,37.1
30021016,3,anxiety,4,97,153,116,23,90,35.4
30021017,5,knee pain,2,85,119,95,21,95,37.1
30021018,2,back pain,6,93,106,83,18,96,37.1
30021019,3,headache,7,77,138,99,10,100,36.8
30021020,3,abdominal pain,5,80,129,67,17,99,37.8
30021021,3,back pain,1,63,141,35,20,95,37.9
30021022,3,laceration,4,109,94,73,26,95,37.6
30021023,5,fall,2,100,135,72,17,99,37.5
30021024,3,knee pain,7,114,116,94,17,94,37.6
30021025,4,headache,0,112,99,111,23,100,36.8
30021026,3,shortness of breath,2,114,99,77,19,95,37.5
30021027,2,shortness of breath,10,79,147,92,21,95,36.8
30021028,3,back pain,6,83,115,103,22,97,37.2
30021029,2,laceration,8,75,81,77,17,95,37.8
30021030,1,laceration,7,59,127,66,21,99,37.5
30021031,4,knee pain,2,61,160,96,24,100,36.5
30021032,3,shortness of breath,6,111,133,78,16,95,35.5
30021033,2,knee pain,6,94,93,80,21,100,36.5
30021034,1,fall,8,85,135,70,15,96,36.5
30021035,3,fall,7,81,129,66,15,94,37.4
30021036,3,anxiety,1,60,137,73,21,97,36.9
30021037,2,back pain,6,64,113,72,21,98,36.8
30021038,4,chest pain,2,99,111,90,12,93,37.2
30021039,3,fall,2,108,108,94,23,95,37.7
30021040,3,back pain,1,95,135,87,13,100,37.6
30021041,4,fever,0,86,116,66,19,93,38.1
30021042,3,laceration,2,129,112,87,23,96,37.1
30021043,3,fever,5,65,118,83,21,95,37.2
30021044,3,headache,7,75,143,100,19,94,36.6
30021045,4,headache,3,97,109,76,19,98,37.8
30021046,4,fall,5,70,98,59,19,97,36.1
30021047,2,fever,7,93,152,79,15,96,37.1
30021048,3,headache,5,80,121,78,18,99,36.9
30021049,3,headache,3,84,134,102,19,97,36.3
30021050,3,back pain,7,66,114,78,15,97,36.7
30021051,3,shortness of breath,6,77,100,62,26,100,36.8
30021052,3,headache,4,97,138,64,20,93,36.9
30021053,3,laceration,6,89,124,77,16,95,36.7
30021054,4,headache,1,89,89,105,23,95,36.8
30021055,2,chest pain,7,67,156,101,20,100,36.4
30021056,3,fall,6,79,122,47,17,94,37.6
30021057,3,knee pain,2,104,108,75,19,96,35.9
30021058,2,headache,8,107,102,91,22,97,37.6
30021059,3,abdominal pain,2,73,99,65,17,96,37.9
30021060,4,anxiety,2,67,123,92,12,97,36.6
30021061,3,fever,3,101,163,67,25,100,37.7
30021062,3,laceration,7,105,134,87,15,97,37.2
30021063,3,chest pain,5,76,113,80,18,99,36.8
30021064,2,chest pain,8,95,172,87,15,97,35.9
30021065,3,headache,6,76,151,58,13,97,35.7
30021066,3,knee pain,4,81,122,89,15,100,37.3
30021067,4,abdominal pain,6,97,120,104,15,100,38.6
30021068,3,abdominal pain,7,90,139,71,13,100,37.1
30021069,3,headache,6,107,121,92,17,93,37.8
30021070,3,fall,5,105,134,68,18,100,36.9
30021071,1,fall,7,89,146,90,13,95,37.3
30021072,4,headache,1,77,95,55,20,92,37.6
30021073,4,abdominal pain,1,104,125,78,22,97,35.6
30021074,5,fever,2,77,100,63,23,94,36.1
30021075,3,anxiety,2,103,112,89,21,98,34.6
30021076,3,fall,1,100,148,87,22,98,36.1
30021077,4,headache,7,96,131,70,17,89,36.5
30021078,3,fever,0,113,98,84,13,94,36.8
30021079,3,laceration,4,90,130,87,14,94,36.2
30021080,5,chest pain,0,87,130,102,14,98,37.0
30021081,3,fall,1,106,123,61,21,99,36.3
30021082,3,abdominal pain,3,108,130,84,17,96,36.8
30021083,5,laceration,0,59,113,100,17,99,38.8
30021084,4,back pain,7,55,114,60,25,96,37.1
30021085,5,back pain,0,99,125,78,12,98,37.4
30021086,2,abdominal pain,9,93,93,69,20,96,38.0
30021087,3,shortness of breath,1,64,136,80,13,95,37.9
30021088,4,back pain,0,76,122,67,24,100,37.5
30021089,3,anxiety,2,88,165,60,24,93,37.4
30021090,2,shortness of breath,7,72,132,63,9,98,37.3
30021091,4,abdominal pain,7,58,134,82,21,97,38.2
30021092,3,laceration,1,94,140,77,27,97,36.5
30021093,3,shortness of breath,6,87,92,99,25,100,36.6
30021094,2,fall,8,95,100,69,12,100,38.1
30021095,2,laceration,7,100,154,87,13,96,36.3
30021096,5,headache,6,90,142,104,18,94,38.2
30021097,3,back pain,3,69,147,71,17,97,37.4
30021098,4,back pain,2,76,142,91,20,92,38.0
30021099,3,chest pain,1,80,119,78,16,92,37.1
30021100,3,laceration,5,65,124,70,18,94,37.9
30021101,3,chest pain,4,99,115,57,20,97,36.8
30021102,5,fever,0,97,167,67,13,94,37.6
30021103,2,back pain,8,79,103,60,9,95,37.7
30021104,3,anxiety,6,80,108,92,19,100,36.5
30021105,4,back pain,3,85,114,83,17,100,38.0
30021106,3,laceration,6,79,150,73,17,95,37.1
30021107,4,anxiety,7,79,108,114,17,96,37.9
30021108,3,back pain,0,78,143,68,23,91,37.3
30021109,5,headache,1,73,134,89,11,100,37.6
30021110,3,back pain,2,84,123,107,19,96,36.8
30021111,3,abdominal pain,5,86,108,63,16,99,35.4
30021112,4,laceration,5,85,74,46,21,95,37.6
30021113,3,fever,0,76,117,78,12,98,35.8
30021114,3,back pain,2,92,112,38,20,95,39.0
30021115,3,shortness of breath,3,105,119,58,20,97,36.9
30021116,1,fall,7,92,117,67,16,95,37.2
30021117,4,anxiety,7,70,109,77,27,99,37.3
30021118,3,fever,7,84,133,76,17,99,37.3
30021119,2,back pain,9,89,115,74,15,100,37.7
30021120,4,fever,2,97,140,77,11,97,37.0
30021121,3,chest pain,3,83,149,61,18,100,37.3
30021122,3,shortness of breath,6,85,120,80,21,98,36.2
30021123,5,anxiety,5,80,130,72,18,98,36.1
30021124,2,laceration,10,71,97,63,16,97,36.4
30021125,4,abdominal pain,7,96,150,64,16,100,37.8
30021126,3,shortness of breath,6,72,115,54,19,100,37.8
30021127,3,fever,3,86,113,95,14,96,36.3
30021128,3,fever,1,75,105,59,22,95,38.3
30021129,4,back pain,3,65,156,62,14,100,36.8
30021130,4,laceration,0,82,111,45,17,95,37.4
30021131,2,chest pain,10,74,154,74,19,98,35.6
30021132,3,laceration,0,109,128,84,19,96,36.8
30021133,4,knee pain,3,112,136,86,20,98,36.5
30021134,3,abdominal pain,3,81,129,74,15,100,36.6
30021135,2,chest pain,6,75,134,84,12,100,37.4
30021136,3,abdominal pain,4,66,116,72,18,100,37.0
30021137,4,shortness of breath,6,114,114,78,20,96,36.7
30021138,3,back pain,2,81,93,65,9,96,36.5
30021139,3,fever,2,46,127,73,19,98,37.0
30021140,3,abdominal pain,6,103,144,79,8,97,36.8
30021141,3,shortness of breath,5,69,98,97,21,100,37.0
30021142,4,shortness of breath,7,100,145,75,24,99,35.4
30021143,4,chest pain,3,91,120,80,17,93,36.9
30021144,2,abdominal pain,9,81,113,83,18,97,37.7
30021145,2,chest pain,7,74,128,98,19,100,37.3
30021146,4,shortness of breath,7,95,121,107,17,99,35.5
30021147,4,laceration,1,70,118,79,10,100,37.5
30021148,2,abdominal pain,6,98,107,77,17,100,36.6
30021149,5,abdominal pain,0,119,161,80,23,93,37.4
30021150,3,laceration,7,89,117,64,16,98,38.4
30021151,4,fall,0,113,133,56,23,97,37.3
30021152,2,anxiety,9,92,160,66,18,98,36.8
30021153,3,headache,0,89,113,81,21,97,36.4
30021154,4,fever,3,68,112,90,16,97,36.9
30021155,3,abdominal pain,7,101,126,96,21,99,37.7
30021156,2,knee pain,10,91,101,87,17,98,36.4
30021157,4,back pain,3,80,138,67,10,91,37.1
30021158,5,shortness of breath,5,88,141,67,18,98,36.7
30021159,3,headache,1,69,102,78,16,100,37.4
30021160,3,fever,5,78,150,83,24,98,37.1
30021161,4,anxiety,7,87,111,99,19,99,38.8
30021162,2,headache,7,80,144,84,23,99,36.9
30021163,3,headache,5,81,131,79,25,92,38.2
30021164,3,chest pain,3,84,124,96,16,92,37.5
30021165,2,laceration,10,89,120,85,13,98,36.0
30021166,4,anxiety,1,106,161,76,19,98,38.3
30021167,1,fall,6,92,88,102,20,100,38.0
30021168,3,fall,5,73,159,74,23,97,35.7
30021169,3,fever,3,67,126,89,20,98,39.1
30021170,4,fever,2,121,100,66,12,93,35.9
30021171,2,fall,6,61,111,95,15,98,36.7
30021172,2,headache,7,114,151,89,19,100,37.9
30021173,3,abdominal pain,1,92,123,87,15,96,36.8
30021174,4,shortness of breath,1,54,86,80,17,98,36.7
30021175,3,back pain,4,90,131,105,11,94,36.9
30021176,3,headache,3,93,132,64,19,100,36.4
30021177,3,fall,0,72,126,91,23,100,36.6
30021178,3,fall,0,72,105,49,23,98,37.7
30021179,1,abdominal pain,6,102,141,93,25,98,38.5
30021180,3,abdominal pain,2,115,119,86,25,98,36.5
30021181,1,headache,9,95,111,77,18,97,37.6
30021182,4,chest pain,0,118,91,86,24,100,38.2
30021183,3,back pain,7,66,133,103,13,94,37.5
30021184,2,back pain,7,75,141,88,23,98,37.6
30021185,3,knee pain,1,89,75,76,19,98,37.7
30021186,3,back pain,2,82,119,76,9,97,38.6
30021187,3,headache,7,102,135,71,17,97,35.7
30021188,3,chest pain,6,93,141,65,20,96,38.8
30021189,3,knee pain,7,54,147,96,11,94,36.9
30021190,3,headache,4,102,120,67,17,98,36.0
30021191,3,abdominal pain,3,94,129,95,20,95,37.8
30021192,4,shortness of breath,2,107,89,90,21,100,35.8
30021193,3,shortness of breath,6,75,111,69,11,99,37.0
30021194,4,fever,5,76,148,100,18,100,37.3
30021195,2,fever,10,78,146,79,16,98,36.6
30021196,3,fall,3,113,113,91,20,90,38.0
30021197,3,fever,2,74,128,71,20,97,37.1
30021198,3,chest pain,3,88,114,82,20,96,36.4
30021199,2,shortness of breath,6,81,133,75,16,100,37.3
30021200,3,anxiety,5,94,111,116,19,100,37.7
30021201,3,abdominal pain,6,72,123,79,13,100,36.5
30021202,3,chest pain,6,104,129,79,19,100,37.2
30021203,3,abdominal pain,2,95,100,95,15,96,36.7
30021204,3,laceration,1,82,105,65,17,100,38.3
30021205,3,chest pain,2,81,144,93,22,97,38.5
30021206,2,abdominal pain,7,96,106,101,18,97,36.3
30021207,3,back pain,3,94,119,84,26,96,37.1
30021208,2,fever,7,59,110,83,13,99,36.5
30021209,3,abdominal pain,5,80,100,80,14,93,35.9
30021210,4,abdominal pain,4,69,130,82,17,94,37.4
30021211,3,shortness of breath,0,71,122,94,23,98,36.9
30021212,2,knee pain,10,89,98,93,20,97,35.8
30021213,5,chest pain,4,91,135,63,15,97,36.1
30021214,3,abdominal pain,5,113,112,77,16,97,36.7
30021215,3,anxiety,6,97,146,61,17,95,37.5
30021216,3,shortness of breath,7,78,134,78,15,97,36.9
30021217,3,headache,1,76,127,82,18,97,35.6
30021218,2,knee pain,10,80,137,102,14,98,38.3
30021219,2,fall,6,80,163,67,18,90,37.6
30021220,3,chest pain,2,82,129,85,17,97,34.4
30021221,3,laceration,4,88,118,103,16,97,37.1
30021222,3,headache,0,95,144,82,16,100,36.7
30021223,2,knee pain,9,95,111,76,17,93,38.2
30021224,4,fever,6,87,135,87,21,100,36.9
30021225,2,anxiety,6,66,151,73,11,87,36.7
30021226,2,fever,9,87,112,83,13,99,36.8
30021227,3,chest pain,7,75,148,92,16,96,36.0
30021228,4,abdominal pain,0,72,118,79,22,94,37.7
30021229,3,abdominal pain,6,102,128,58,20,98,37.7
30021230,2,shortness of breath,10,52,82,71,13,100,35.8
30021231,3,laceration,1,75,139,83,18,93,36.7
30021232,4,laceration,7,78,118,73,17,94,37.3
30021233,2,anxiety,6,93,94,65,15,97,37.4
30021234,2,back pain,10,67,89,90,19,95,37.7
30021235,5,shortness of breath,2,107,111,79,21,95,37.6
30021236,4,abdominal pain,0,66,89,91,19,93,35.0
30021237,3,back pain,2,91,114,78,17,94,35.2
30021238,3,fever,6,91,113,58,17,100,37.8
30021239,3,knee pain,1,114,108,98,22,98,38.0
30021240,3,knee pain,6,68,148,81,17,94,37.5
30021241,4,back pain,1,88,73,66,17,98,37.2
30021242,3,fall,0,81,118,109,13,89,36.6
30021243,3,laceration,4,88,113,63,10,98,36.9
30021244,3,abdominal pain,3,101,112,88,17,99,36.3
30021245,2,laceration,7,115,130,59,23,100,35.9
30021246,3,shortness of breath,1,67,129,85,17,97,38.1
30021247,3,fever,5,67,132,86,18,100,37.2
30021248,4,headache,1,76,134,73,13,96,36.6
30021249,1,back pain,9,93,101,53,22,96,36.2
30021250,3,abdominal pain,7,86,129,56,11,100,37.6
30021251,3,headache,0,87,156,82,16,100,36.9
30021252,3,headache,6,91,122,79,3,98,37.8
30021253,1,knee pain,8,102,115,101,15,94,36.8
30021254,4,shortness of breath,2,90,127,75,21,99,37.3
30021255,4,laceration,4,71,86,83,22,95,37.5
30021256,3,headache,6,76,100,96,18,96,38.1
30021257,3,headache,4,91,153,65,21,96,36.9
30021258,5,back pain,7,88,86,85,17,95,37.4
30021259,4,shortness of breath,2,84,129,71,18,99,35.4
30021260,3,laceration,1,91,127,104,14,99,37.4
30021261,3,fall,1,112,123,83,17,96,37.0
30021262,3,headache,5,89,112,93,19,98,36.8
30021263,3,fever,0,82,135,103,18,100,37.1
30021264,5,shortness of breath,3,116,145,79,20,100,37.6
30021265,3,knee pain,1,91,102,88,16,96,36.7
30021266,3,laceration,2,91,102,72,23,100,36.2
30021267,2,laceration,9,83,121,70,16,94,36.8
30021268,1,back pain,7,75,159,82,17,99,37.0
30021269,4,abdominal pain,4,78,117,87,26,93,37.4
30021270,3,anxiety,2,73,121,80,23,95,35.7
30021271,3,laceration,4,81,132,85,13,98,37.4
30021272,3,fall,1,82,116,100,17,94,39.0
30021273,4,back pain,2,90,135,72,10,98,37.0
30021274,2,shortness of breath,10,100,123,60,25,95,36.0
30021275,3,headache,2,93,134,64,15,100,37.2
30021276,3,back pain,1,88,135,91,26,97,37.6
30021277,4,laceration,0,80,104,78,21,100,36.7
30021278,3,headache,5,74,138,73,10,98,37.4
30021279,3,knee pain,6,80,137,96,19,100,35.4
30021280,3,back pain,7,88,123,84,15,100,36.4
30021281,2,laceration,9,101,106,97,20,99,36.5
30021282,3,fever,5,76,113,61,21,91,37.1
30021283,3,abdominal pain,4,74,129,73,24,98,36.6
30021284,4,chest pain,3,86,193,85,19,100,36.6
30021285,4,anxiety,1,103,120,61,20,97,38.4
30021286,3,anxiety,2,76,117,96,11,99,38.2
30021287,3,knee pain,3,82,120,87,18,100,37.3
30021288,1,headache,7,70,110,89,21,96,37.6
30021289,3,headache,3,105,114,69,15,95,38.4
30021290,3,fall,3,68,120,92,15,97,38.1
30021291,4,fall,2,94,116,46,12,87,37.6
30021292,1,anxiety,9,92,106,103,11,94,36.6
30021293,4,fever,5,63,127,73,15,99,37.2
30021294,4,headache,2,79,108,61,26,100,37.2
30021295,3,laceration,2,80,155,81,17,93,37.1
30021296,3,headache,3,94,143,118,22,100,36.0
30021297,4,shortness of breath,5,92,94,84,22,97,36.5
30021298,3,shortness of breath,3,84,107,42,25,100,37.5
30021299,3,shortness of breath,4,96,180,86,21,95,38.2
30021300,3,laceration,2,97,148,82,12,94,37.1
30021301,4,back pain,1,81,124,87,18,95,37.1
30021302,2,abdominal pain,10,85,148,74,11,95,36.2
30021303,3,headache,0,88,125,67,12,95,36.6
30021304,4,shortness of breath,0,103,114,89,16,97,38.2
30021305,3,fever,3,90,130,82,24,97,37.6
30021306,1,laceration,8,95,98,88,17,94,36.1
30021307,3,laceration,1,98,133,66,9,97,37.8
30021308,3,chest pain,4,101,121,70,16,95,37.6
30021309,4,back pain,7,81,106,94,29,92,36.4
30021310,3,fall,2,73,108,104,11,98,38.1
30021311,4,shortness of breath,5,73,157,59,19,100,35.8
30021312,4,chest pain,6,77,128,79,9,96,37.5
30021313,2,anxiety,9,72,112,94,20,93,37.3
30021314,3,chest pain,1,90,125,59,16,100,36.3
30021315,5,headache,2,116,146,64,17,97,38.7
30021316,4,shortness of breath,2,65,164,88,25,91,36.0
30021317,2,knee pain,7,96,96,84,16,99,37.5
30021318,3,knee pain,3,96,140,83,13,100,38.2
30021319,4,chest pain,3,77,118,39,21,100,38.3
30021320,3,headache,2,67,121,69,19,100,36.8
30021321,2,anxiety,8,70,87,114,14,100,35.6
30021322,3,shortness of breath,0,83,102,46,21,99,37.5
30021323,4,fever,2,82,125,69,20,97,38.7
30021324,3,back pain,7,100,119,85,20,99,37.2
30021325,2,back pain,10,92,135,117,18,95,36.7
30021326,3,headache,0,94,99,80,25,96,37.6
30021327,3,fever,3,108,129,83,17,98,37.0
30021328,3,knee pain,1,91,150,94,18,97,38.8
30021329,3,headache,6,83,125,78,25,98,37.9
30021330,2,abdominal pain,9,90,117,65,20,97,38.6
30021331,3,fever,3,99,128,75,17,91,37.4
30021332,2,fall,7,64,92,78,16,97,37.5
30021333,3,fever,5,63,125,112,12,94,35.9
30021334,3,chest pain,3,70,149,72,22,94,36.3
30021335,2,back pain,10,97,86,85,26,96,36.0
30021336,3,anxiety,7,95,103,69,15,99,37.0
30021337,2,chest pain,10,98,142,69,15,100,38.2
30021338,3,fall,4,97,138,56,22,99,37.1
30021339,3,back pain,3,92,123,100,13,97,37.7
30021340,3,chest pain,4,101,115,97,15,92,36.2
30021341,5,laceration,5,63,120,70,17,94,36.0
30021342,2,abdominal pain,8,64,89,96,21,93,38.2
30021343,3,back pain,0,100,96,60,18,94,38.2
30021344,3,fever,5,59,109,91,24,98,38.2
30021345,4,laceration,2,88,96,93,16,92,36.5
30021346,1,fever,10,75,78,70,20,100,37.0
30021347,2,anxiety,9,80,103,77,20,98,35.8
30021348,2,fall,6,97,92,97,12,89,36.3
30021349,3,chest pain,0,80,112,84,23,94,37.0
30021350,3,back pain,0,85,133,70,21,91,36.2
30021351,2,anxiety,7,94,135,111,19,92,38.3
30021352,3,anxiety,2,96,91,70,10,97,37.3
30021353,4,headache,2,111,166,91,10,100,37.3
30021354,3,shortness of breath,5,64,109,84,20,96,37.8
30021355,3,fall,4,106,92,67,11,100,36.5
30021356,5,laceration,2,111,120,72,18,97,37.3
30021357,4,knee pain,1,123,129,80,23,96,36.4
30021358,3,laceration,3,70,141,79,20,99,36.3
30021359,3,headache,2,93,136,69,14,98,35.8
30021360,3,knee pain,5,76,145,68,22,100,38.1
30021361,3,headache,0,84,148,88,19,95,36.4
30021362,2,headache,7,78,114,89,17,94,37.5
30021363,2,abdominal pain,9,98,143,106,25,96,37.2
30021364,3,abdominal pain,3,62,161,72,17,93,36.9
30021365,3,fever,3,103,113,86,11,94,35.0
30021366,1,laceration,7,66,103,49,13,96,36.6
30021367,4,abdominal pain,7,94,127,83,21,100,37.7
30021368,2,chest pain,6,81,135,84,18,100,37.4
30021369,3,laceration,4,69,127,87,10,92,36.3
30021370,1,chest pain,6,90,128,78,18,96,37.1
30021371,3,fall,2,66,95,81,12,93,36.8
30021372,3,headache,2,86,88,90,20,99,38.0
30021373,4,knee pain,2,90,122,79,25,93,37.7
30021374,2,shortness of breath,10,110,150,91,15,100,36.8
30021375,3,fall,1,89,82,73,17,94,37.2
30021376,3,headache,1,71,119,60,21,94,36.2
30021377,2,fall,10,87,78,53,16,97,38.1
30021378,3,abdominal pain,4,87,126,95,22,100,37.1
30021379,4,anxiety,3,94,149,84,11,93,36.0
30021380,1,knee pain,10,76,166,83,25,93,36.2
30021381,3,headache,1,70,123,83,29,95,37.5
30021382,3,abdominal pain,5,81,122,114,22,95,36.3
30021383,3,back pain,2,101,161,71,15,97,37.0
30021384,4,back pain,5,110,117,82,16,100,36.8
30021385,4,fever,1,95,148,47,19,100,37.3
30021386,3,back pain,1,100,110,61,14,100,36.4
30021387,2,chest pain,10,78,92,92,14,90,35.5
30021388,4,back pain,0,83,115,93,21,97,37.0
30021389,3,headache,0,87,70,68,15,95,35.2
30021390,3,chest pain,6,64,119,83,18,98,38.0
30021391,4,chest pain,5,78,117,113,18,99,36.1
30021392,4,back pain,7,90,107,47,19,96,38.2
30021393,3,fever,2,98,145,75,14,100,37.7
30021394,4,fall,4,71,140,100,20,94,36.1
30021395,4,chest pain,7,95,108,62,23,96,38.6
30021396,3,anxiety,0,85,104,81,20,100,37.9
30021397,3,anxiety,5,82,137,87,23,100,36.4
30021398,3,anxiety,5,52,56,72,21,100,36.7
30021399,1,fall,8,76,118,107,16,95,36.8
30021400,4,fever,5,72,113,39,16,94,36.4
30021401,3,shortness of breath,1,87,126,75,22,100,37.5
30021402,3,laceration,4,90,134,76,18,95,36.2
30021403,4,knee pain,5,98,114,99,15,98,38.1
30021404,3,knee pain,0,99,102,108,20,96,36.2
30021405,3,abdominal pain,7,114,119,101,18,100,36.6
30021406,2,shortness of breath,9,83,117,55,13,95,35.9
30021407,4,abdominal pain,2,79,63,64,18,95,37.2
30021408,3,fall,6,88,157,73,13,96,36.4
30021409,2,back pain,9,91,144,83,21,98,36.2
30021410,2,fever,9,95,118,52,20,97,37.0
30021411,3,abdominal pain,4,93,107,85,22,97,36.5
30021412,4,fall,7,116,110,62,21,96,37.9
30021413,4,abdominal pain,4,95,131,77,16,99,39.0
30021414,3,knee pain,7,85,95,77,18,91,37.6
30021415,3,anxiety,5,111,119,72,16,100,37.3
30021416,1,chest pain,6,114,127,80,18,99,36.6
30021417,4,anxiety,7,108,96,60,13,96,37.2
30021418,4,fever,1,96,136,55,18,100,36.2
30021419,3,fall,5,48,122,79,17,98,36.0
30021420,2,back pain,7,96,122,67,24,98,37.8
30021421,2,headache,8,82,147,86,19,93,36.0
30021422,3,fall,2,96,104,59,21,100,37.9
30021423,4,shortness of breath,6,93,158,104,14,100,37.7
30021424,3,fall,1,84,122,87,16,97,36.1
30021425,3,shortness of breath,4,72,157,81,21,100,35.5
30021426,2,laceration,9,95,139,89,18,91,36.3
30021427,3,laceration,4,110,129,69,16,100,37.6
30021428,4,knee pain,1,86,90,44,30,95,37.7
30021429,4,shortness of breath,2,92,129,79,15,100,38.7
30021430,2,fever,9,86,116,73,20,98,37.1
30021431,2,knee pain,8,72,102,95,17,97,37.1
30021432,2,knee pain,6,69,122,66,16,99,37.2
30021433,1,fever,6,122,118,84,14,97,37.3
30021434,3,headache,3,90,119,92,17,93,36.6
30021435,3,chest pain,2,73,149,88,14,99,36.5
30021436,3,headache,5,74,108,99,17,100,36.4
30021437,3,shortness of breath,1,97,107,80,20,96,37.1
30021438,3,knee pain,2,74,103,88,27,97,37.0
30021439,2,headache,9,111,112,50,17,94,36.4
30021440,3,headache,6,93,143,51,9,98,37.4
30021441,5,fall,1,77,97,77,11,100,37.7
30021442,2,shortness of breath,10,85,148,82,23,97,37.9
30021443,3,chest pain,4,116,105,60,26,96,36.1
30021444,3,fall,3,84,97,80,21,96,36.5
30021445,3,headache,2,91,122,80,13,100,37.9
30021446,1,laceration,9,76,137,84,17,94,36.9
30021447,2,fall,10,61,170,70,15,98,37.1
30021448,3,back pain,6,79,158,68,18,100,36.5
30021449,3,back pain,2,117,76,78,16,97,38.2
30021450,4,fall,7,100,107,89,22,98,36.9
30021451,3,shortness of breath,1,86,133,76,19,97,37.2
30021452,2,knee pain,10,75,120,59,19,90,37.2
30021453,2,laceration,6,103,126,68,20,98,38.2
30021454,3,headache,5,111,111,78,24,95,37.0
30021455,4,shortness of breath,4,74,115,88,18,93,36.7
30021456,2,anxiety,6,72,134,82,10,99,36.9
30021457,3,fall,6,105,147,85,16,100,36.8
30021458,4,anxiety,7,73,103,86,15,100,36.4
30021459,3,fall,2,65,132,70,26,97,36.2
30021460,3,abdominal pain,4,54,134,71,14,97,37.2
30021461,4,fever,1,95,110,83,19,98,35.7
30021462,4,abdominal pain,2,65,117,111,8,96,37.2
30021463,3,back pain,1,68,144,54,13,97,37.1
30021464,3,back pain,0,74,133,76,20,98,35.9
30021465,3,shortness of breath,7,84,106,80,21,96,36.5
30021466,3,abdominal pain,2,94,118,73,18,93,38.0
30021467,2,knee pain,8,45,95,92,16,98,36.3
30021468,4,laceration,1,98,126,72,25,94,36.3
30021469,2,laceration,8,89,127,115,22,99,36.3
30021470,3,headache,0,65,97,60,25,93,37.4
30021471,4,fall,3,87,100,66,19,98,37.1
30021472,4,anxiety,1,107,115,68,13,94,36.4
30021473,3,fever,2,84,105,103,20,99,36.8
30021474,5,headache,7,68,126,98,21,99,36.4
30021475,3,anxiety,6,88,138,79,17,100,36.9
30021476,4,headache,3,60,148,89,17,99,36.1
30021477,3,fall,3,93,100,52,15,93,36.2
30021478,4,chest pain,7,107,111,78,14,100,37.3
30021479,5,headache,6,75,119,68,16,91,37.5
30021480,3,anxiety,6,52,127,77,10,97,36.4
30021481,2,shortness of breath,10,75,96,81,21,92,37.9
30021482,2,back pain,8,96,129,37,13,98,36.5
30021483,5,abdominal pain,1,86,147,87,17,95,37.2
30021484,4,back pain,6,100,122,95,21,97,38.1
30021485,3,abdominal pain,3,94,122,68,13,100,37.6
30021486,3,anxiety,2,89,132,83,21,96,36.0
30021487,1,abdominal pain,6,93,130,80,16,96,36.5
30021488,4,fever,4,115,132,73,20,99,37.5
30021489,1,laceration,7,91,131,57,20,98,36.7
30021490,3,headache,2,68,108,76,21,100,37.7
30021491,2,knee pain,9,69,92,49,18,97,37.3
30021492,3,chest pain,6,64,131,68,21,100,36.6
30021493,4,laceration,0,83,120,77,16,97,36.8
30021494,2,shortness of breath,9,68,120,89,21,100,37.4
30021495,3,fever,3,61,128,76,18,96,37.3
30021496,4,abdominal pain,2,70,183,102,9,92,36.1
30021497,2,anxiety,10,58,126,98,17,96,37.3
30021498,2,knee pain,9,100,110,93,20,96,35.5
30021499,2,abdominal pain,7,92,117,61,20,98,35.8
30021500,3,anxiety,5,86,93,85,18,95,38.4
30021501,3,headache,5,107,106,70,19,95,37.6
30021502,3,abdominal pain,0,90,148,114,21,95,37.1
30021503,3,knee pain,6,104,130,91,21,99,36.5
30021504,3,fall,0,71,123,91,23,92,39.1
30021505,3,shortness of breath,7,106,134,81,20,92,37.5
30021506,2,chest pain,9,103,155,89,15,96,36.9
30021507,3,anxiety,3,77,159,52,19,96,37.9
30021508,3,anxiety,6,63,94,68,20,94,36.4
30021509,5,laceration,5,79,133,89,21,95,35.8
30021510,4,fall,6,102,136,89,19,95,37.1
30021511,2,chest pain,8,78,102,68,14,96,37.4
30021512,4,chest pain,5,101,111,96,9,98,37.9
30021513,3,anxiety,7,94,157,77,28,94,38.0
30021514,2,fall,8,76,146,99,27,98,37.4
30021515,3,knee pain,0,113,140,83,20,95,36.6
30021516,2,fever,10,94,144,66,20,94,36.3
30021517,5,back pain,3,98,132,70,16,99,36.8
30021518,3,knee pain,4,103,144,78,22,91,37.4
30021519,3,back pain,2,87,140,74,12,100,37.6
30021520,4,fever,0,83,123,97,24,94,37.6
30021521,5,anxiety,2,68,153,81,15,97,37.5
30021522,3,back pain,3,93,114,67,13,100,36.5
30021523,4,shortness of breath,4,100,140,71,24,95,37.5
30021524,3,headache,4,101,137,60,21,99,37.5
30021525,2,chest pain,7,102,88,80,13,93,35.9
30021526,4,headache,6,100,112,85,17,99,37.7
30021527,4,abdominal pain,6,71,144,66,19,99,37.0
30021528,4,knee pain,1,85,133,90,17,94,38.3
30021529,4,chest pain,4,91,88,59,17,95,37.5
30021530,4,fever,3,71,107,67,22,93,37.6
30021531,5,chest pain,0,86,131,93,21,89,37.4
30021532,3,shortness of breath,0,84,124,82,17,94,37.6
30021533,3,fall,2,105,128,105,14,98,36.2
30021534,2,knee pain,8,70,134,90,17,96,36.1
30021535,2,fall,6,97,128,85,25,95,37.7
30021536,3,back pain,1,93,160,62,12,99,36.9
30021537,5,knee pain,1,94,114,61,18,99,38.1
30021538,2,shortness of breath,7,62,146,61,15,97,36.9
30021539,3,laceration,4,53,137,52,14,99,36.8
30021540,5,fever,0,99,103,64,17,99,36.8
30021541,4,knee pain,6,87,116,83,16,97,37.5
30021542,2,knee pain,9,63,144,105,18,100,37.7
30021543,4,back pain,4,83,114,83,23,100,36.3
30021544,4,back pain,3,80,122,52,21,99,36.7
30021545,4,anxiety,0,71,127,69,27,96,37.3
30021546,3,anxiety,2,82,159,81,15,97,36.2
30021547,2,knee pain,7,90,135,66,12,93,36.9
30021548,3,fall,1,97,154,86,23,99,37.0
30021549,3,shortness of breath,2,92,133,99,24,93,36.2
30021550,2,abdominal pain,7,74,121,88,19,97,38.3
30021551,3,knee pain,7,87,84,70,11,98,37.5
30021552,2,abdominal pain,9,94,138,55,23,100,37.9
30021553,1,anxiety,9,103,121,57,13,94,36.4
30021554,3,back pain,7,107,106,71,18,100,36.8
30021555,4,laceration,3,96,124,77,16,96,36.8
30021556,2,abdominal pain,9,71,116,94,20,96,37.3
30021557,3,shortness of breath,4,81,127,66,17,95,36.8
30021558,5,anxiety,7,98,113,69,16,93,38.5
30021559,3,back pain,2,83,116,67,23,98,36.8
30021560,4,chest pain,2,87,118,98,20,100,38.1
30021561,3,laceration,3,70,141,81,17,94,36.9
30021562,4,chest pain,3,115,144,63,26,92,38.1
30021563,3,knee pain,5,74,132,74,11,100,38.6
30021564,4,chest pain,0,77,104,86,19,96,37.3
30021565,3,laceration,1,92,112,47,19,95,37.7
30021566,3,shortness of breath,0,82,149,87,20,98,35.7
30021567,2,fall,7,103,157,51,21,99,35.2
30021568,4,headache,0,72,146,78,22,98,37.3
30021569,3,shortness of breath,6,109,122,72,18,96,35.2
30021570,2,anxiety,7,83,153,96,22,99,36.2
30021571,4,back pain,4,78,120,78,17,92,36.9
30021572,4,back pain,1,71,102,91,20,100,37.1
30021573,3,anxiety,1,69,124,100,25,100,37.0
30021574,3,fall,4,64,119,76,18,92,36.9
30021575,4,laceration,6,55,124,68,22,100,37.0
30021576,4,shortness of breath,3,77,137,83,20,93,37.3
30021577,3,abdominal pain,0,94,134,65,24,99,35.3
30021578,2,laceration,8,79,100,86,21,100,36.3
30021579,3,headache,1,87,143,67,13,100,37.4
30021580,3,back pain,1,106,153,73,13,94,38.0
30021581,3,abdominal pain,5,94,128,84,18,100,35.8
30021582,4,knee pain,1,99,99,69,18,95,36.9
30021583,2,anxiety,7,98,96,84,18,96,35.8
30021584,4,fall,2,79,92,107,19,98,37.8
30021585,3,knee pain,6,74,154,55,15,95,36.9
30021586,4,anxiety,0,85,122,63,14,97,36.8
30021587,5,laceration,6,98,137,100,19,96,37.6
30021588,3,fall,7,47,112,104,13,97,36.3
30021589,1,back pain,7,91,146,88,15,97,37.3
30021590,3,fall,3,92,108,69,16,93,37.6
30021591,3,anxiety,6,96,134,81,11,94,36.3
30021592,3,fever,1,110,124,97,17,100,37.8
30021593,3,headache,2,73,125,75,20,100,36.9
30021594,3,shortness of breath,4,84,116,85,17,97,38.3
30021595,4,shortness of breath,1,107,123,89,21,100,36.4
30021596,5,chest pain,0,104,128,68,21,96,37.5
30021597,2,fever,9,89,89,58,10,94,37.4
30021598,5,abdominal pain,2,89,94,52,12,100,36.7
30021599,3,fall,6,73,127,65,15,95,37.5
30021600,2,chest pain,8,119,152,61,20,98,36.7
30021601,4,fall,3,74,155,71,20,95,36.9
30021602,3,headache,5,97,126,106,22,95,36.2
30021603,2,anxiety,9,80,129,88,20,100,36.5
30021604,4,headache,3,85,150,79,22,97,38.0
30021605,3,knee pain,0,56,124,65,16,93,35.9
30021606,3,laceration,5,81,146,98,12,96,36.1
30021607,5,fever,7,99,112,74,23,100,36.2
30021608,5,chest pain,4,89,131,82,20,100,37.9
30021609,4,abdominal pain,6,74,125,60,14,100,36.8
30021610,4,knee pain,2,71,107,92,21,99,37.3
30021611,3,abdominal pain,3,90,126,110,21,96,37.6
30021612,3,back pain,7,89,124,70,14,100,36.0
30021613,3,chest pain,6,91,129,85,15,96,36.5
30021614,4,chest pain,5,105,107,58,19,96,36.7
30021615,4,abdominal pain,5,71,115,71,19,100,35.5
30021616,3,knee pain,4,78,112,84,13,100,36.7
30021617,3,chest pain,5,76,144,87,19,95,36.5
30021618,4,fall,5,84,119,72,21,94,38.5
30021619,3,laceration,5,103,123,78,16,100,36.8
30021620,2,fall,7,81,127,104,25,100,37.3
30021621,2,chest pain,6,71,132,108,20,94,36.5
30021622,3,laceration,1,86,86,65,12,100,37.4
30021623,3,shortness of breath,6,85,135,119,21,100,36.4
30021624,3,headache,5,77,140,88,13,96,36.9
30021625,2,headache,10,82,128,109,17,100,37.3
30021626,3,fall,4,94,110,85,13,99,38.6
30021627,2,anxiety,6,92,146,86,24,100,37.6
30021628,3,fever,0,83,136,56,17,96,37.7
30021629,1,laceration,8,71,124,75,22,98,34.9
30021630,3,headache,7,78,156,73,15,97,35.9
30021631,5,knee pain,0,101,101,67,19,97,37.1
30021632,3,fever,5,99,102,63,17,95,36.6
30021633,4,knee pain,6,82,125,82,17,97,36.4
30021634,3,chest pain,5,105,95,72,20,99,37.8
30021635,3,anxiety,3,63,131,75,21,98,37.3
30021636,3,fall,0,94,129,88,18,100,37.5
30021637,2,anxiety,7,86,115,85,20,100,36.3
30021638,3,shortness of breath,4,95,136,85,17,97,36.6
30021639,2,chest pain,6,116,153,95,13,97,37.7
30021640,3,laceration,6,101,98,103,16,95,37.1
30021641,3,laceration,2,61,134,96,17,96,37.2
30021642,3,shortness of breath,2,89,123,87,18,99,38.6
30021643,4,knee pain,3,62,157,79,18,99,38.1
30021644,3,shortness of breath,5,77,119,81,21,96,36.5
30021645,3,laceration,2,64,124,80,15,96,37.5
30021646,3,back pain,0,72,143,50,17,99,36.7
30021647,3,fall,2,65,156,68,20,96,37.4
30021648,2,back pain,6,82,135,83,16,93,36.8
30021649,4,fall,0,93,136,79,21,96,36.6
30021650,4,laceration,7,75,128,71,18,100,37.8
30021651,4,fever,5,90,142,77,11,94,38.3
30021652,3,back pain,5,76,168,74,22,93,37.3
30021653,3,anxiety,1,102,130,105,10,100,37.2
30021654,3,knee pain,6,100,132,84,19,94,36.2
30021655,4,knee pain,4,78,105,101,18,98,37.4
30021656,3,chest pain,6,74,141,97,12,100,38.8
30021657,3,shortness of breath,7,94,151,110,15,98,37.3
30021658,4,back pain,0,86,108,64,23,98,37.0
30021659,3,laceration,4,90,92,71,19,94,37.0
30021660,3,fall,3,69,112,74,18,99,37.0
30021661,3,abdominal pain,5,92,116,45,20,91,37.5
30021662,5,chest pain,5,85,119,81,13,97,36.3
30021663,2,headache,6,87,120,85,13,98,35.9
30021664,2,laceration,6,88,115,80,20,94,35.9
30021665,2,shortness of breath,6,72,126,109,19,96,38.8
30021666,3,laceration,1,69,120,89,17,98,37.9
30021667,4,chest pain,0,85,130,72,19,95,37.7
30021668,3,knee pain,7,94,126,97,16,96,38.3
30021669,3,abdominal pain,7,94,95,90,22,97,38.3
30021670,3,shortness of breath,2,74,122,56,15,98,37.9
30021671,5,fall,3,101,118,68,17,95,36.4
30021672,5,knee pain,6,93,126,78,19,100,37.3
30021673,3,fall,4,103,139,62,14,95,36.2
30021674,3,fever,4,74,124,70,20,99,37.3
30021675,3,fever,6,81,102,81,24,99,37.1
30021676,3,chest pain,0,90,143,69,26,100,37.9
30021677,3,shortness of breath,1,94,117,79,14,96,36.5
30021678,3,fever,5,85,123,56,17,95,37.2
30021679,3,chest pain,1,95,108,97,26,94,37.1
30021680,3,anxiety,7,98,132,52,14,91,36.9
30021681,4,chest pain,2,69,118,81,19,96,35.4
30021682,4,chest pain,4,84,130,69,15,96,36.1
30021683,3,knee pain,1,94,84,101,14,94,37.0
30021684,3,abdominal pain,5,81,104,72,18,100,36.1
30021685,3,back pain,5,74,121,79,14,93,38.0
30021686,3,back pain,2,78,134,77,15,97,36.9
30021687,3,fever,4,92,142,114,18,97,36.9
30021688,3,laceration,1,94,111,84,19,97,36.1
30021689,4,shortness of breath,1,98,133,74,16,95,36.4
30021690,4,fall,6,92,122,119,20,99,38.1
30021691,1,fall,8,86,112,79,18,98,36.5
30021692,3,abdominal pain,1,95,157,64,15,100,36.9
30021693,3,shortness of breath,5,109,124,92,17,91,36.3
30021694,1,knee pain,9,92,125,84,21,99,36.1
30021695,5,chest pain,6,91,102,62,19,89,37.5
30021696,3,laceration,6,86,107,96,15,98,36.0
30021697,3,headache,1,70,143,75,16,91,36.5
30021698,3,chest pain,5,77,114,80,17,97,37.9
30021699,4,headache,6,103,86,57,18,100,37.3
30021700,4,back pain,4,94,120,44,15,90,38.3
30021701,2,fall,6,77,134,80,16,97,35.9
30021702,3,shortness of breath,0,100,110,68,19,100,36.3
30021703,3,fever,5,86,113,78,14,97,36.1
30021704,3,anxiety,7,79,166,82,21,96,36.7
30021705,4,laceration,1,54,128,53,19,96,36.3
30021706,4,fever,4,100,123,51,17,97,38.1
30021707,3,headache,2,68,111,83,15,96,36.9
30021708,2,laceration,10,49,119,69,9,91,37.8
30021709,3,chest pain,2,86,124,84,18,95,37.7
30021710,4,knee pain,7,91,133,73,12,96,36.2
30021711,4,chest pain,2,70,127,54,21,95,37.2
30021712,3,knee pain,4,57,137,114,19,99,37.2
30021713,4,anxiety,2,101,125,103,13,100,36.8
30021714,4,anxiety,3,107,121,88,23,94,37.1
30021715,4,fever,7,68,85,66,22,100,37.2
30021716,4,abdominal pain,7,100,150,68,14,98,37.2
30021717,3,laceration,7,81,108,115,14,91,37.7
30021718,3,abdominal pain,5,95,137,96,19,97,36.3
30021719,3,knee pain,5,71,142,71,25,96,37.2
30021720,2,fall,9,85,118,58,16,100,37.3
30021721,2,anxiety,9,59,116,106,15,96,37.3
30021722,3,anxiety,7,104,157,75,16,96,38.3
30021723,2,chest pain,6,97,116,88,18,96,37.2
30021724,1,headache,10,53,121,87,10,99,37.4
30021725,3,abdominal pain,2,93,103,80,7,98,35.7
30021726,5,anxiety,2,104,101,97,22,96,36.3
30021727,3,chest pain,2,58,135,74,21,95,35.3
30021728,4,fever,2,71,119,95,24,97,38.7
30021729,3,chest pain,3,79,129,77,20,96,36.6
30021730,3,abdominal pain,6,90,160,96,17,96,35.6
30021731,1,headache,6,78,158,107,16,96,36.5
30021732,3,abdominal pain,0,70,100,83,13,94,35.7
30021733,1,fever,7,94,120,68,29,97,36.2
30021734,3,laceration,0,77,104,87,20,100,37.8
30021735,3,fever,7,99,153,68,20,95,36.9
30021736,3,knee pain,0,63,154,75,15,92,37.2
30021737,3,abdominal pain,0,87,101,58,15,96,37.8
30021738,4,anxiety,3,75,127,70,18,100,37.4
30021739,2,fall,7,102,137,94,14,100,37.9
30021740,2,anxiety,10,82,116,92,10,96,37.7
30021741,5,abdominal pain,5,93,139,99,22,96,36.5
30021742,2,shortness of breath,10,82,109,103,13,100,36.6
30021743,4,abdominal pain,0,118,140,91,11,96,37.9
30021744,4,fall,5,83,126,63,17,99,35.1
30021745,3,anxiety,0,83,120,51,15,99,37.5
30021746,3,laceration,6,125,133,85,22,99,38.5
30021747,3,back pain,4,73,123,98,18,98,36.7
30021748,3,back pain,2,72,109,105,15,98,37.5
30021749,2,laceration,7,94,129,77,25,94,36.8
30021750,1,fever,10,87,98,71,17,96,36.9
30021751,3,anxiety,0,100,104,90,22,97,36.9
30021752,3,headache,7,85,120,98,24,100,38.4
30021753,3,shortness of breath,5,68,93,88,19,93,36.3
30021754,2,shortness of breath,7,64,132,51,19,95,37.2
30021755,3,knee pain,4,71,120,106,13,99,38.4
30021756,1,chest pain,8,84,129,53,24,94,37.2
30021757,3,chest pain,1,76,111,72,15,100,36.2
30021758,4,knee pain,7,90,89,85,19,93,37.9
30021759,3,knee pain,0,66,120,72,13,96,37.2
30021760,3,shortness of breath,4,69,123,91,18,98,36.5
30021761,3,fall,2,98,137,49,20,96,36.8
30021762,3,anxiety,5,82,126,80,13,93,38.3
30021763,3,headache,4,102,105,101,23,95,37.3
30021764,3,laceration,4,63,143,67,23,96,36.5
30021765,3,fall,6,102,110,69,21,91,36.5
30021766,3,headache,0,124,150,69,17,99,37.4
30021767,3,chest pain,7,103,85,92,9,95,37.7
30021768,4,laceration,4,90,156,94,20,95,35.7
30021769,3,laceration,7,64,147,60,17,94,36.7
30021770,4,headache,7,96,131,67,14,99,37.7
30021771,3,anxiety,4,71,120,69,14,99,36.4
30021772,2,back pain,8,82,141,91,19,94,37.4
30021773,3,back pain,4,101,116,108,18,98,36.5
30021774,2,shortness of breath,7,87,98,91,16,94,37.4
30021775,3,shortness of breath,5,79,99,84,15,96,37.1
30021776,4,headache,2,105,102,81,18,95,36.6
30021777,3,headache,7,81,140,64,21,90,36.7
30021778,3,laceration,4,95,124,84,18,96,37.7
30021779,3,headache,1,101,144,95,21,96,36.9
30021780,3,fall,6,89,112,72,16,100,39.1
30021781,3,knee pain,1,65,129,90,21,96,36.6
30021782,3,chest pain,1,87,129,98,16,100,36.3
30021783,3,headache,2,75,173,68,20,96,36.2
30021784,3,back pain,4,74,84,103,20,97,36.8
30021785,5,shortness of breath,1,105,144,105,14,98,37.5
30021786,3,anxiety,5,75,138,77,20,96,38.7
30021787,3,fall,7,105,119,106,15,96,36.9
30021788,3,back pain,5,93,111,88,10,100,37.8
30021789,3,abdominal pain,6,80,110,60,13,96,36.1
30021790,2,anxiety,10,87,111,86,17,98,36.7
30021791,3,laceration,4,101,154,66,15,95,36.8
30021792,4,headache,5,68,105,95,20,100,36.5
30021793,3,chest pain,6,79,96,80,19,92,35.9
30021794,3,laceration,7,103,141,70,18,100,38.0
30021795,3,fall,7,128,117,74,21,97,36.6
30021796,2,knee pain,6,109,122,75,23,100,36.9
30021797,5,fall,7,96,125,109,18,98,37.6
30021798,1,headache,7,90,160,60,17,98,37.0
30021799,3,headache,0,86,134,65,21,94,37.3
30021800,1,knee pain,8,90,123,79,19,94,36.4
30021801,4,abdominal pain,5,69,94,81,13,97,37.3
30021802,3,abdominal pain,7,93,83,88,19,95,37.5
30021803,3,laceration,6,103,135,59,18,98,36.2
30021804,3,knee pain,0,97,148,84,16,96,37.0
30021805,3,abdominal pain,3,88,125,81,22,96,36.2
30021806,3,headache,5,65,120,53,14,99,37.2
30021807,5,headache,0,59,134,75,20,96,36.6
30021808,4,fall,0,96,125,73,20,100,37.8
30021809,1,knee pain,7,75,118,92,19,93,38.7
30021810,5,laceration,5,68,122,73,17,99,37.9
30021811,3,laceration,0,90,151,62,20,99,36.5
30021812,4,anxiety,7,84,144,95,12,98,36.2
30021813,2,shortness of breath,10,86,137,93,22,96,35.8
30021814,3,anxiety,1,94,87,75,19,94,36.4
30021815,3,shortness of breath,7,95,101,62,22,92,36.8
30021816,3,fall,4,78,128,85,12,96,36.5
30021817,4,headache,4,113,139,68,25,94,38.0
30021818,4,fever,1,79,147,73,17,100,38.1
30021819,3,anxiety,0,71,152,94,18,99,36.4
30021820,2,fever,6,78,111,88,22,96,38.2
30021821,4,abdominal pain,7,74,110,88,17,99,37.2
30021822,3,headache,3,60,109,83,13,93,37.6
30021823,1,anxiety,7,83,115,82,20,97,37.4
30021824,2,anxiety,10,90,80,60,20,99,36.7
30021825,4,anxiety,3,80,107,89,25,96,37.5
30021826,4,headache,2,81,122,71,15,97,37.3
30021827,3,back pain,1,84,133,81,15,98,36.3
30021828,3,headache,2,108,138,94,18,98,36.6
30021829,2,shortness of breath,8,61,130,86,20,97,36.8
30021830,3,fever,1,98,141,57,13,97,37.9
30021831,3,back pain,2,75,154,80,16,100,36.7
30021832,4,laceration,1,82,145,74,21,99,36.6
30021833,3,anxiety,2,75,135,84,21,94,37.4
30021834,3,knee pain,4,79,104,96,19,95,38.3
30021835,3,fever,6,87,153,93,23,100,36.6
30021836,4,chest pain,2,85,118,86,22,95,37.1
30021837,3,back pain,5,95,131,78,22,90,36.1
30021838,4,abdominal pain,1,100,162,77,19,96,36.1
30021839,3,fever,0,88,138,74,17,98,35.6
30021840,2,anxiety,9,86,125,67,19,97,37.2
30021841,3,anxiety,3,103,127,75,14,96,38.3
30021842,3,anxiety,1,78,130,79,28,100,37.5
30021843,3,laceration,6,80,133,87,20,94,38.1
30021844,3,chest pain,7,85,139,91,17,100,38.2
30021845,3,back pain,1,72,114,74,12,96,38.7
30021846,3,back pain,4,104,162,107,12,99,35.9
30021847,3,fall,2,58,130,97,20,93,36.0
30021848,3,abdominal pain,3,90,113,98,13,98,38.3
30021849,4,knee pain,1,103,130,77,21,100,37.3
30021850,1,laceration,6,75,149,92,25,99,36.2
30021851,2,fever,7,74,136,63,19,97,36.3
30021852,3,fever,6,90,152,95,13,100,37.8
30021853,3,abdominal pain,7,85,124,94,19,96,38.2
30021854,4,headache,4,88,126,92,20,97,37.3
30021855,4,anxiety,0,93,120,71,22,98,38.1
30021856,3,shortness of breath,1,86,115,73,11,99,37.2
30021857,3,shortness of breath,2,72,114,90,20,92,36.7
30021858,3,chest pain,1,79,106,88,23,95,37.6
30021859,5,anxiety,0,76,140,74,21,93,37.3
30021860,5,fever,7,77,126,70,15,96,38.3
30021861,3,laceration,6,83,150,80,20,95,36.2
30021862,3,chest pain,7,83,122,89,18,98,36.4
30021863,3,laceration,3,94,127,77,22,95,37.7
30021864,3,shortness of breath,1,73,129,95,22,98,37.9
30021865,2,back pain,6,101,165,80,16,98,36.9
30021866,1,back pain,8,119,173,73,13,97,37.0
30021867,3,shortness of breath,3,83,153,94,18,93,37.7
30021868,3,headache,2,58,103,78,15,96,36.9
30021869,3,anxiety,3,95,122,77,16,100,36.9
30021870,3,headache,1,69,114,74,18,100,35.7
30021871,4,fever,2,87,122,71,27,97,37.5
30021872,3,fever,0,54,168,84,15,97,35.8
30021873,2,laceration,8,90,98,76,15,96,37.1
30021874,3,anxiety,1,99,137,71,12,100,37.1
30021875,1,chest pain,8,85,119,80,15,94,36.7
30021876,3,chest pain,2,85,123,58,14,96,38.3
30021877,3,fall,4,114,105,88,24,91,37.3
30021878,4,fever,0,87,107,61,23,95,37.1
30021879,2,laceration,6,111,136,75,22,97,36.2
30021880,3,shortness of breath,3,95,136,108,21,97,35.7
30021881,2,back pain,6,83,98,66,16,97,37.7
30021882,4,headache,5,90,140,80,23,100,36.5
30021883,2,fever,6,79,117,69,20,96,36.7
30021884,3,fall,6,73,118,72,16,98,36.7
30021885,3,knee pain,0,88,145,91,19,93,36.0
30021886,5,fever,7,93,130,56,29,100,36.2
30021887,3,abdominal pain,0,84,126,84,17,98,36.8
30021888,4,headache,2,106,113,75,19,98,38.0
30021889,3,abdominal pain,5,97,108,67,22,95,37.3
30021890,1,shortness of breath,10,80,143,87,17,100,36.9
30021891,4,fever,5,70,108,74,15,97,37.1
30021892,4,shortness of breath,3,117,134,99,28,94,38.0
30021893,2,fall,7,99,130,72,22,96,36.4
30021894,2,shortness of breath,10,73,128,62,19,99,37.1
30021895,5,chest pain,6,83,107,83,26,96,36.4
30021896,3,headache,4,105,140,85,20,94,37.0
30021897,2,shortness of breath,6,92,141,78,20,97,35.8
30021898,4,abdominal pain,5,101,147,93,17,98,36.2
30021899,3,chest pain,5,82,102,71,11,95,36.7
30021900,3,headache,3,65,181,71,20,97,36.2
30021901,4,headache,2,95,148,50,17,99,36.5
30021902,3,fever,7,97,142,49,21,94,37.0
30021903,3,anxiety,7,73,135,89,12,100,38.2
30021904,3,laceration,0,88,130,69,21,100,36.4
30021905,3,fever,0,74,142,99,20,97,39.2
30021906,5,laceration,4,91,131,107,25,94,36.7
30021907,3,laceration,2,70,138,96,13,100,36.8
30021908,3,anxiety,4,101,103,96,18,100,35.8
30021909,4,knee pain,0,96,116,70,24,99,36.4
30021910,2,back pain,6,78,110,82,22,96,37.4
30021911,5,anxiety,7,94,124,98,17,98,37.4
30021912,3,anxiety,6,71,111,88,14,97,37.3
30021913,3,laceration,0,83,110,81,20,98,36.8
30021914,3,knee pain,1,59,96,47,20,97,38.1
30021915,2,chest pain,9,126,116,67,18,92,39.0
30021916,3,fall,4,79,114,89,21,96,35.9
30021917,3,laceration,2,108,107,74,14,98,37.4
30021918,5,knee pain,7,80,136,60,25,98,36.8
30021919,3,back pain,6,79,95,117,12,100,36.3
30021920,3,chest pain,1,92,100,93,17,98,37.7
30021921,3,abdominal pain,6,102,96,85,19,98,35.9
30021922,1,back pain,10,96,132,86,20,100,37.5
30021923,1,headache,7,97,127,110,15,99,36.2
30021924,2,abdominal pain,6,73,125,107,18,98,36.7
30021925,3,anxiety,2,103,100,92,15,100,37.7
30021926,2,fever,10,77,171,76,17,94,37.8
30021927,2,shortness of breath,8,85,135,93,21,96,37.6
30021928,3,laceration,0,90,166,78,22,95,37.0
30021929,1,knee pain,7,83,133,117,16,99,36.4
30021930,3,abdominal pain,1,98,146,88,12,99,35.8
30021931,4,fall,0,71,150,58,13,96,37.7
30021932,1,headache,8,92,132,74,24,94,36.9
30021933,5,laceration,1,76,141,69,15,99,36.5
30021934,2,chest pain,9,74,150,55,18,100,36.5
30021935,3,shortness of breath,0,81,115,73,21,98,38.1
30021936,3,fall,3,80,140,67,18,96,38.3
30021937,3,back pain,0,78,120,85,13,97,37.7
30021938,5,fever,5,99,115,72,22,100,36.7
30021939,3,back pain,2,81,156,82,22,97,37.7
30021940,4,knee pain,6,78,148,60,22,90,37.5
30021941,3,fever,5,76,97,96,22,100,36.9
30021942,3,laceration,7,92,86,78,18,97,38.3
30021943,3,shortness of breath,5,109,116,73,21,93,37.1
30021944,2,knee pain,9,77,101,77,22,100,36.1
30021945,2,fever,10,102,158,86,20,100,38.2
30021946,3,knee pain,4,114,143,90,17,95,35.8
30021947,3,back pain,6,107,145,79,16,96,37.5
30021948,4,back pain,4,81,75,74,11,99,38.6
30021949,4,headache,4,95,119,75,13,97,37.5
30021950,1,abdominal pain,10,103,133,78,16,94,36.3
30021951,5,shortness of breath,2,78,91,70,9,96,37.5
30021952,2,headache,8,69,103,92,19,98,37.0
30021953,3,headache,6,97,122,73,13,97,35.9
30021954,5,knee pain,4,75,64,64,17,99,36.3
30021955,1,chest pain,6,105,103,62,17,100,36.6
30021956,3,chest pain,1,85,135,78,10,98,36.5
30021957,3,fever,2,78,101,96,23,100,37.3
30021958,3,abdominal pain,6,65,128,69,19,99,36.7
30021959,3,chest pain,3,107,114,70,17,100,36.9
30021960,2,shortness of breath,7,75,86,73,13,99,36.7
30021961,3,chest pain,5,86,127,83,18,99,37.0
30021962,3,abdominal pain,6,108,143,90,16,94,38.1
30021963,2,laceration,7,73,115,99,15,97,38.0
30021964,3,shortness of breath,1,86,119,74,21,100,36.1
30021965,4,shortness of breath,5,82,131,82,17,99,37.0
30021966,3,fall,2,102,139,92,24,97,37.2
30021967,3,shortness of breath,2,71,141,96,25,93,37.2
30021968,2,shortness of breath,6,86,118,61,18,99,36.7
30021969,1,laceration,8,79,140,68,18,100,36.5
30021970,3,headache,5,102,143,94,13,95,36.0
30021971,2,headache,8,111,138,75,22,96,37.5
30021972,3,back pain,4,67,92,69,16,96,37.4
30021973,3,knee pain,5,104,107,83,21,90,37.7
30021974,3,anxiety,3,74,125,89,14,98,36.8
30021975,3,chest pain,4,90,123,48,21,99,37.0
30021976,3,chest pain,6,94,133,74,24,98,37.1
30021977,2,anxiety,10,91,92,64,16,100,37.2
30021978,4,fall,1,104,110,91,15,94,37.4
30021979,3,fever,4,81,124,90,12,92,38.2
30021980,2,back pain,8,116,104,81,23,97,35.6
30021981,3,back pain,2,93,98,87,19,96,35.7
30021982,3,knee pain,3,82,127,75,23,98,36.7
30021983,2,laceration,7,80,117,62,18,91,36.1
30021984,3,knee pain,7,94,142,77,14,96,36.4
30021985,2,anxiety,9,81,112,67,17,97,37.3
30021986,3,abdominal pain,0,95,136,82,14,94,38.7
30021987,3,anxiety,4,78,117,99,20,94,35.8
30021988,3,back pain,1,80,136,77,13,98,38.0
30021989,2,shortness of breath,9,100,113,105,17,95,36.8
30021990,3,headache,5,94,128,71,17,99,37.5
30021991,4,anxiety,7,96,113,69,13,100,37.5
30021992,3,back pain,2,80,132,84,21,98,36.8
30021993,3,fever,1,90,146,104,11,100,37.7
30021994,3,fever,0,90,130,79,14,97,37.2
30021995,4,abdominal pain,1,96,129,92,19,94,37.3
30021996,4,anxiety,3,100,87,96,13,97,38.2
30021997,4,back pain,5,75,131,91,14,95,36.9
30021998,3,shortness of breath,4,74,95,77,17,100,36.3
30021999,3,fall,6,76,123,79,17,95,35.3
30022000,3,fever,5,101,118,86,18,100,37.9
30022001,2,fall,8,82,85,90,18,100,37.2
30022002,2,anxiety,10,85,122,86,22,99,36.2
30022003,3,laceration,5,109,135,80,14,94,38.0
30022004,3,chest pain,0,103,148,100,23,94,37.6
30022005,3,fever,3,109,141,80,18,100,37.5
30022006,3,anxiety,1,90,147,91,18,98,36.2
30022007,2,headache,8,92,151,73,13,100,38.0
30022008,4,knee pain,3,110,110,95,22,98,38.7
30022009,2,fever,8,101,132,95,21,97,37.0
30022010,2,knee pain,8,94,84,63,18,100,36.9
30022011,3,abdominal pain,7,109,139,77,17,100,36.7
30022012,4,shortness of breath,2,55,160,72,23,94,36.4
30022013,2,shortness of breath,8,66,152,74,19,94,38.6
30022014,4,knee pain,0,82,118,95,22,94,36.4
30022015,3,fever,3,93,103,72,15,97,36.3
30022016,3,chest pain,6,78,139,76,25,95,36.7
30022017,1,fall,10,84,152,45,17,97,36.3
30022018,3,knee pain,1,81,99,97,29,97,36.3
30022019,4,shortness of breath,5,89,117,72,16,96,37.1
30022020,4,laceration,6,99,99,75,21,98,37.6
30022021,3,headache,0,71,160,81,25,97,35.0
30022022,3,back pain,6,102,140,84,16,100,36.7
30022023,4,knee pain,7,108,138,67,19,93,37.6
30022024,3,chest pain,4,82,144,106,15,98,36.3
30022025,4,laceration,6,79,148,73,18,97,35.6
30022026,3,anxiety,7,89,84,82,23,100,36.8
30022027,3,knee pain,1,78,148,67,18,95,37.4
30022028,3,laceration,5,83,136,68,18,95,38.3
30022029,3,chest pain,6,108,117,76,12,97,36.1
30022030,2,abdominal pain,8,96,105,50,18,93,36.9
30022031,3,laceration,1,79,113,71,18,95,38.7
30022032,4,anxiety,4,52,125,85,16,99,38.1
30022033,3,chest pain,2,75,124,80,16,99,36.7
30022034,2,abdominal pain,9,79,124,76,17,100,36.3
30022035,3,back pain,5,88,150,85,15,94,36.9
30022036,3,back pain,7,82,129,55,20,95,37.8
30022037,3,shortness of breath,4,79,132,83,8,98,37.2
30022038,3,anxiety,2,105,121,89,20,100,36.4
30022039,3,laceration,2,119,131,66,22,91,36.1
30022040,3,shortness of breath,0,72,120,75,20,97,38.0
30022041,2,anxiety,10,78,143,87,19,98,37.6
30022042,4,shortness of breath,6,66,128,88,14,97,37.8
30022043,4,abdominal pain,0,118,118,77,20,90,35.7
30022044,3,shortness of breath,7,72,145,99,19,98,36.5
30022045,4,anxiety,5,59,106,108,20,99,37.4
30022046,3,headache,1,63,137,88,18,98,37.6
30022047,1,knee pain,10,99,143,68,22,98,37.2
30022048,3,fall,1,103,142,80,19,99,36.9
30022049,4,anxiety,0,65,113,113,22,97,36.5
30022050,2,shortness of breath,10,74,149,86,16,97,38.2
30022051,3,laceration,6,88,125,74,15,100,37.9
30022052,2,fall,8,107,114,79,17,97,37.8
30022053,3,shortness of breath,7,94,128,83,22,97,37.9
30022054,4,knee pain,4,77,104,51,22,99,37.7
30022055,3,back pain,1,76,126,85,16,100,36.5
30022056,3,anxiety,0,113,133,84,15,96,35.4
30022057,3,fever,0,93,98,83,25,92,37.3
30022058,3,laceration,1,69,151,76,17,97,37.5
30022059,3,shortness of breath,6,93,148,87,22,95,37.4
30022060,2,shortness of breath,8,76,135,91,22,96,37.7
30022061,3,shortness of breath,6,84,122,72,23,99,37.1
30022062,2,laceration,6,93,126,94,17,97,37.1
30022063,5,headache,0,94,135,86,22,100,35.7
30022064,4,headache,2,79,132,85,20,100,37.6
30022065,3,fall,7,82,128,71,17,99,37.1
30022066,3,shortness of breath,2,67,132,91,19,99,36.8
30022067,3,abdominal pain,0,100,121,75,17,97,38.0
30022068,3,fall,0,103,139,101,12,100,36.9
30022069,3,laceration,4,124,144,98,16,94,36.9
30022070,4,anxiety,7,74,127,91,20,98,36.4
30022071,4,headache,4,61,137,77,19,100,35.3
30022072,3,anxiety,1,107,149,37,22,99,37.1
30022073,4,fall,0,74,101,50,22,96,38.3
30022074,2,chest pain,7,120,141,63,15,97,38.1
30022075,5,fever,6,99,108,72,16,96,37.9
30022076,3,fall,0,83,102,81,21,98,37.0
30022077,2,laceration,6,74,133,90,13,98,36.8
30022078,2,back pain,8,93,140,70,21,99,36.2
30022079,3,headache,4,83,131,71,27,95,38.1
30022080,1,chest pain,9,85,120,106,21,100,38.0
30022081,3,anxiety,0,69,144,79,24,98,37.3
30022082,2,fever,6,81,109,106,14,92,39.5
30022083,3,abdominal pain,5,90,135,66,15,96,36.8
30022084,1,fall,8,72,121,69,24,96,37.0
30022085,5,shortness of breath,3,88,138,79,15,94,37.7
30022086,2,shortness of breath,6,73,127,76,14,95,34.3
30022087,4,anxiety,2,86,126,84,17,96,37.7
30022088,3,chest pain,6,92,133,97,14,99,35.4
30022089,2,fall,8,101,129,87,24,99,36.7
30022090,4,fever,5,83,96,48,19,99,37.8
30022091,3,abdominal pain,6,77,126,88,22,99,37.7
30022092,3,fall,0,88,127,68,21,93,37.3
30022093,2,fever,10,94,128,95,14,96,36.5
30022094,3,shortness of breath,3,58,148,67,23,97,36.1
30022095,3,abdominal pain,0,94,142,111,17,100,37.5
30022096,5,back pain,3,84,100,68,18,96,37.5
30022097,2,knee pain,10,83,136,76,12,96,37.1
30022098,3,abdominal pain,4,93,115,89,26,96,38.6
30022099,3,laceration,2,79,132,94,23,98,37.7
30022100,3,laceration,5,106,111,75,12,98,38.1
30022101,4,anxiety,4,97,100,87,19,89,37.6
30022102,3,shortness of breath,2,90,115,93,12,98,36.1
30022103,4,chest pain,5,95,133,82,12,97,37.4
30022104,3,fall,0,91,149,102,18,97,37.5
30022105,3,anxiety,7,86,104,70,16,95,36.6
30022106,3,fall,1,70,123,63,22,96,36.3
30022107,3,fall,6,69,110,84,15,99,37.9
30022108,4,fall,5,62,80,94,20,98,36.9
30022109,3,fall,6,87,110,70,17,97,38.7
30022110,2,abdominal pain,6,88,118,97,20,95,37.6
30022111,3,knee pain,2,75,87,65,23,99,36.0
30022112,3,fever,5,104,161,72,15,95,36.3
30022113,3,laceration,3,85,104,86,17,98,36.7
30022114,4,knee pain,5,103,118,65,18,98,37.2
30022115,3,knee pain,6,74,173,78,17,94,34.6
30022116,2,anxiety,9,82,114,98,17,98,38.2
30022117,3,knee pain,1,106,116,59,16,97,37.0
30022118,2,headache,10,77,123,72,15,97,38.4
30022119,2,abdominal pain,6,84,107,93,16,98,37.3
30022120,2,headache,7,89,171,71,10,96,36.2
30022121,4,back pain,0,97,116,110,14,91,37.2
30022122,3,anxiety,7,65,113,93,18,100,37.7
30022123,2,back pain,9,99,134,90,16,98,36.7
30022124,2,back pain,7,83,116,64,17,100,37.3
30022125,3,fall,2,94,133,89,19,92,36.3
30022126,3,shortness of breath,7,86,104,98,25,93,37.2
30022127,3,headache,0,66,133,68,17,92,36.3
30022128,3,back pain,1,90,102,105,15,100,36.6
30022129,2,chest pain,9,68,122,87,19,97,37.6
30022130,3,abdominal pain,6,107,122,71,15,93,37.5
30022131,3,anxiety,7,110,79,104,18,100,36.8
30022132,3,chest pain,3,72,135,91,16,100,35.8
30022133,3,headache,5,67,103,60,18,96,37.8
30022134,3,chest pain,6,97,121,58,16,94,36.8
30022135,4,fall,1,90,134,111,26,99,37.0
30022136,4,anxiety,2,70,144,82,18,100,37.2
30022137,3,laceration,1,72,128,92,23,98,37.3
30022138,4,fall,5,88,96,109,18,100,37.0
30022139,3,abdominal pain,3,74,113,47,23,96,37.3
30022140,3,fever,2,61,121,63,17,97,36.1
30022141,5,shortness of breath,6,108,115,70,14,98,37.4
30022142,3,knee pain,2,99,141,94,13,98,37.5
30022143,3,knee pain,3,82,154,79,22,100,36.2
30022144,2,knee pain,10,79,144,101,15,97,35.7
30022145,3,laceration,3,68,150,92,14,98,36.5
30022146,3,chest pain,3,84,128,90,18,99,37.8
30022147,4,back pain,0,96,116,70,15,96,36.0
30022148,3,shortness of breath,4,99,120,81,17,93,37.2
30022149,4,headache,7,90,123,105,16,96,37.9
30022150,3,shortness of breath,6,80,135,57,23,99,36.3
30022151,4,chest pain,3,70,167,84,21,98,36.5
30022152,3,back pain,1,84,129,70,24,98,37.0
30022153,3,abdominal pain,5,98,153,121,20,94,37.5
30022154,3,shortness of breath,7,105,131,92,12,96,36.7
30022155,2,anxiety,9,62,104,66,24,95,36.9
30022156,3,headache,2,116,153,62,16,97,37.7
30022157,1,back pain,6,119,138,85,17,99,36.0
30022158,2,abdominal pain,10,84,128,82,19,95,36.5
30022159,1,fever,9,79,146,67,13,99,36.6
30022160,4,anxiety,7,74,129,63,16,93,39.0
30022161,4,headache,7,83,78,102,14,100,37.7
30022162,3,shortness of breath,7,82,143,87,32,97,37.1
30022163,3,chest pain,1,96,139,79,19,96,36.5
30022164,3,knee pain,3,74,107,99,13,92,36.2
30022165,5,knee pain,4,91,114,101,19,98,36.3
30022166,4,headache,4,96,119,101,12,100,37.3
30022167,3,fall,6,78,141,61,18,95,37.6
30022168,4,knee pain,6,67,134,104,18,96,36.5
30022169,3,anxiety,6,75,121,75,14,89,37.5
30022170,1,shortness of breath,7,74,136,97,17,91,39.1
30022171,3,laceration,5,96,130,77,17,95,37.4
30022172,3,anxiety,7,92,137,90,18,94,38.0
30022173,3,abdominal pain,6,93,146,98,11,96,37.1
30022174,4,fall,7,101,132,44,18,94,36.8
30022175,3,headache,3,62,107,84,18,99,37.3
30022176,1,abdominal pain,6,56,134,79,17,93,39.1
30022177,2,back pain,9,84,97,87,17,92,37.8
30022178,2,back pain,6,85,112,89,24,100,35.4
30022179,1,chest pain,6,85,84,100,11,100,37.7
30022180,3,knee pain,7,59,130,95,16,99,37.7
30022181,3,chest pain,3,91,134,73,20,96,36.6
30022182,4,fall,7,63,123,69,14,97,35.6
30022183,4,fall,2,93,123,77,21,91,36.9
30022184,3,fever,7,67,103,84,15,94,38.6
30022185,3,anxiety,5,106,145,69,14,100,36.6
30022186,3,fever,7,78,129,57,23,97,37.0
30022187,3,anxiety,6,91,145,84,22,90,37.3
30022188,3,shortness of breath,7,86,142,105,17,99,36.9
30022189,3,headache,4,64,131,56,15,94,36.7
30022190,3,back pain,6,86,180,57,23,94,36.3
30022191,4,shortness of breath,3,88,121,79,21,97,37.2
30022192,3,headache,4,84,102,72,19,96,36.5
30022193,3,anxiety,2,45,141,96,13,94,35.6
30022194,3,chest pain,3,51,124,70,17,98,37.3
30022195,4,fall,6,81,117,59,15,94,36.7
30022196,3,knee pain,6,79,156,86,20,98,36.4
30022197,4,anxiety,7,106,133,79,12,98,38.4
30022198,3,headache,6,107,140,88,12,94,35.3
30022199,5,headache,3,81,88,61,20,98,36.1
30022200,3,anxiety,5,74,128,71,15,96,35.8
30022201,3,fever,4,81,158,74,18,92,36.6
30022202,4,fall,1,76,135,66,17,100,37.0
30022203,3,chest pain,0,125,116,58,17,95,36.4
30022204,3,abdominal pain,6,95,122,61,16,95,35.2
30022205,3,headache,0,96,140,104,27,94,37.3
30022206,2,headache,7,103,162,69,15,99,35.9
30022207,3,chest pain,2,61,104,91,19,95,36.9
30022208,4,chest pain,5,82,136,82,18,95,37.6
30022209,3,shortness of breath,0,73,123,80,22,89,37.7
30022210,3,fever,5,69,120,107,18,97,38.1
30022211,3,knee pain,1,68,86,91,10,95,36.6
30022212,2,headache,10,107,135,96,23,95,37.0
30022213,3,chest pain,7,82,153,52,21,96,38.2
30022214,2,chest pain,8,96,143,91,17,91,37.5
30022215,3,laceration,2,70,120,81,16,99,37.1
30022216,3,knee pain,0,91,127,84,14,100,35.9
30022217,3,back pain,1,87,163,61,26,100,37.0
30022218,4,fall,5,78,151,81,18,99,35.8
30022219,5,back pain,6,100,128,80,14,100,36.6
30022220,5,anxiety,0,62,161,114,25,98,37.1
30022221,2,back pain,6,107,117,104,8,97,38.1
30022222,3,chest pain,6,81,89,79,21,95,38.0
30022223,3,abdominal pain,3,111,84,76,15,95,35.9
30022224,1,fall,6,84,140,72,23,96,37.8
30022225,3,fever,7,108,125,91,19,97,38.1
30022226,3,laceration,4,96,123,104,24,94,38.0
30022227,3,back pain,7,78,135,121,15,97,37.6
30022228,3,abdominal pain,0,88,95,96,16,96,36.5
30022229,3,shortness of breath,0,116,124,99,15,98,37.3
30022230,3,shortness of breath,1,76,145,78,21,95,35.8
30022231,3,abdominal pain,2,85,98,97,15,93,36.3
30022232,4,fever,6,93,139,94,19,100,37.3
30022233,3,shortness of breath,1,68,122,79,18,99,36.2
30022234,5,laceration,4,80,122,111,23,100,35.6
30022235,3,headache,5,72,117,90,24,95,36.8
30022236,3,fever,0,86,160,111,22,96,35.2
30022237,2,headache,7,78,114,95,20,98,37.7
30022238,3,shortness of breath,6,71,94,97,18,100,38.0
30022239,3,knee pain,0,95,98,60,16,93,38.4
30022240,3,fever,6,73,143,90,11,98,37.9
30022241,3,chest pain,6,77,110,85,17,95,37.3
30022242,3,headache,0,79,147,90,15,100,37.0
30022243,3,fever,4,97,96,91,18,98,39.2
30022244,2,knee pain,6,111,102,64,13,96,37.0
30022245,1,abdominal pain,6,70,114,64,18,98,38.2
30022246,4,shortness of breath,4,80,174,76,17,100,36.8
30022247,4,laceration,5,96,97,83,17,100,37.5
30022248,3,back pain,4,76,92,68,24,93,37.1
30022249,3,shortness of breath,1,82,131,68,23,97,38.1
30022250,3,headache,6,94,114,79,14,98,36.7
30022251,3,chest pain,1,89,129,82,11,97,36.6
30022252,3,laceration,7,79,148,70,17,98,37.1
30022253,3,shortness of breath,6,100,140,64,20,98,36.8
30022254,4,shortness of breath,7,89,117,57,17,93,35.9
30022255,3,abdominal pain,2,97,116,53,14,95,38.0
30022256,3,abdominal pain,5,81,134,91,25,100,37.1
30022257,3,back pain,1,89,127,71,16,99,37.7
30022258,3,headache,4,104,117,102,17,99,36.4
30022259,3,fall,4,75,139,105,23,96,38.8
30022260,2,abdominal pain,9,77,127,75,19,95,38.3
30022261,3,abdominal pain,3,60,132,69,13,97,34.9
30022262,4,laceration,6,70,158,72,12,98,37.8
30022263,3,fall,4,76,144,80,20,99,37.0
30022264,4,fever,0,69,98,66,24,100,37.9
30022265,2,anxiety,10,90,125,78,15,100,36.4
30022266,1,chest pain,10,71,123,84,12,96,37.0
30022267,3,headache,3,110,71,86,24,100,37.8
30022268,3,shortness of breath,7,86,128,74,12,94,37.3
30022269,3,back pain,7,92,89,65,15,93,37.3
30022270,3,anxiety,4,78,106,93,12,99,37.2
30022271,3,abdominal pain,7,78,109,66,21,98,38.1
30022272,3,headache,6,52,114,85,19,96,36.2
30022273,5,headache,2,54,123,72,15,98,37.2
30022274,5,anxiety,7,109,129,74,18,96,36.9
30022275,3,fall,0,117,145,83,19,99,37.7
30022276,3,shortness of breath,0,57,130,84,14,100,37.7
30022277,3,laceration,6,75,113,84,17,95,38.1
30022278,2,back pain,9,79,164,102,18,99,36.0
30022279,4,abdominal pain,5,44,141,76,23,97,36.9
30022280,4,chest pain,4,55,99,70,26,96,39.8
30022281,3,headache,7,46,120,36,23,98,36.5
30022282,1,headache,6,75,123,82,14,100,37.1
30022283,3,knee pain,5,75,138,75,17,98,35.5
30022284,3,knee pain,5,96,124,79,18,100,36.9
30022285,3,fall,6,77,101,70,13,96,35.3
30022286,3,fall,7,86,127,66,16,97,38.0
30022287,2,laceration,9,100,148,88,20,98,37.1
30022288,1,chest pain,8,80,129,79,20,96,36.8
30022289,3,chest pain,2,95,135,85,23,97,37.4
30022290,3,shortness of breath,1,73,115,102,14,98,36.6
30022291,3,shortness of breath,6,68,122,72,13,94,37.5
30022292,3,chest pain,5,75,153,82,14,97,37.7
30022293,4,anxiety,6,98,158,74,16,96,37.0
30022294,2,laceration,6,81,146,114,25,98,37.7
30022295,4,laceration,4,70,79,92,14,95,36.8
30022296,3,fever,2,116,87,72,16,99,37.6
30022297,3,fever,4,101,154,56,19,99,37.6
30022298,3,fall,2,109,123,102,12,97,38.6
30022299,3,abdominal pain,7,103,143,99,18,100,37.0
30022300,2,headache,8,73,152,83,16,93,37.1
30022301,5,back pain,6,90,125,84,17,99,35.2
30022302,3,laceration,3,88,136,70,16,100,37.7
30022303,3,back pain,3,77,139,83,20,98,37.1
30022304,4,fall,2,94,137,108,13,98,36.1
30022305,2,chest pain,10,69,153,91,18,96,37.0
30022306,3,fall,4,111,126,57,15,89,38.0
30022307,3,knee pain,1,82,119,61,14,96,37.5
30022308,3,abdominal pain,5,96,119,63,16,97,36.8
30022309,2,abdominal pain,6,99,110,76,21,97,36.3
30022310,3,fall,3,68,121,87,16,96,36.9
30022311,3,shortness of breath,1,94,134,72,15,97,36.5
30022312,3,fall,4,95,123,83,23,93,37.3
30022313,4,shortness of breath,2,92,97,93,19,94,37.8
30022314,3,knee pain,0,89,142,83,11,92,37.0
30022315,3,headache,3,71,130,77,10,97,36.1
30022316,2,back pain,6,62,126,63,8,98,36.2
30022317,3,fall,3,79,132,83,20,97,37.3
30022318,4,chest pain,0,89,144,64,20,91,37.5
30022319,4,chest pain,5,119,127,72,20,100,37.3
30022320,3,shortness of breath,6,85,116,58,21,95,37.2
30022321,2,laceration,10,100,123,100,15,90,36.0
30022322,3,abdominal pain,1,100,125,92,20,99,38.0
30022323,3,laceration,6,76,117,60,18,91,37.7
30022324,3,fall,2,82,136,88,22,100,38.3
30022325,2,fall,8,77,130,74,26,98,36.2
30022326,1,laceration,9,70,87,60,18,95,34.9
30022327,4,shortness of breath,0,86,73,69,15,97,37.7
30022328,4,abdominal pain,4,112,126,56,13,94,37.0
30022329,3,fall,3,97,107,63,13,91,36.8
30022330,2,fall,6,90,161,99,11,91,36.8
30022331,4,headache,5,69,115,92,15,94,36.7
30022332,3,fever,7,77,117,84,19,95,38.1
30022333,3,fall,3,72,143,67,23,92,37.6
30022334,4,abdominal pain,2,81,127,62,25,98,36.7
30022335,3,fall,6,81,102,77,15,92,36.0
30022336,4,fever,4,93,107,82,23,99,36.6
30022337,5,knee pain,6,90,108,71,16,98,37.9
30022338,3,shortness of breath,3,62,129,79,19,100,37.5
30022339,4,laceration,6,85,124,63,15,92,37.6
30022340,3,laceration,2,78,165,91,21,100,37.1
30022341,4,laceration,0,78,139,74,11,96,37.5
30022342,3,headache,2,107,146,85,17,98,35.5
30022343,3,abdominal pain,5,89,126,102,16,99,36.2
30022344,3,abdominal pain,4,60,113,62,10,96,37.3
30022345,3,fall,3,81,159,64,16,98,36.8
30022346,3,laceration,1,73,134,97,25,96,37.5
30022347,5,fall,7,79,113,90,22,97,36.7
30022348,4,headache,4,90,120,91,26,91,37.8
30022349,3,anxiety,1,84,108,85,16,97,37.1
30022350,3,chest pain,0,88,130,84,23,97,36.4
30022351,3,fever,1,93,123,104,20,99,37.5
30022352,3,headache,7,102,125,94,19,93,37.8
30022353,5,fall,2,78,154,85,17,100,37.8
30022354,3,fever,3,99,90,49,19,100,36.8
30022355,3,headache,3,85,85,87,15,100,37.5
30022356,3,chest pain,2,82,115,95,19,94,36.1
30022357,3,abdominal pain,5,84,116,61,11,97,37.3
30022358,4,headache,4,63,114,72,20,100,37.9
30022359,2,shortness of breath,7,98,135,70,20,95,36.4
30022360,3,chest pain,7,84,119,69,14,96,37.0
30022361,5,fever,3,62,86,91,22,99,36.7
30022362,4,fever,5,52,119,96,16,100,36.9
30022363,2,headache,8,88,163,90,17,100,37.6
30022364,2,fever,9,93,138,86,22,93,36.7
30022365,3,fall,4,94,132,91,24,95,36.3
30022366,3,laceration,6,103,119,79,19,100,36.5
30022367,3,knee pain,0,70,129,77,16,100,37.6
30022368,2,abdominal pain,10,70,133,90,17,97,35.7
30022369,3,anxiety,0,70,132,54,15,97,37.6
30022370,1,laceration,6,86,123,71,18,100,37.8
30022371,4,fever,6,97,124,83,8,98,38.1
30022372,3,headache,6,81,117,88,17,100,36.0
30022373,3,headache,2,70,134,90,23,97,37.7
30022374,3,laceration,1,89,121,60,15,97,38.1
30022375,5,fever,2,71,104,121,26,93,37.6
30022376,1,headache,8,99,108,65,14,98,37.6
30022377,3,abdominal pain,5,75,116,80,18,100,38.8
30022378,3,fall,5,85,84,68,17,98,37.3
30022379,5,fever,0,101,121,82,18,95,38.8
30022380,3,anxiety,4,81,126,82,14,100,37.9
30022381,2,headache,6,94,98,41,13,93,37.2
30022382,3,fall,1,94,133,89,26,98,37.7
30022383,4,chest pain,3,90,138,63,17,98,35.9
30022384,4,knee pain,5,89,98,74,15,95,36.7
30022385,2,abdominal pain,8,82,128,74,17,95,37.2
30022386,3,knee pain,3,79,159,66,19,98,35.5
30022387,3,headache,3,85,99,83,14,100,37.5
30022388,3,knee pain,7,98,123,93,17,96,36.3
30022389,3,abdominal pain,4,96,123,77,13,96,36.3
30022390,2,chest pain,10,46,144,92,21,96,36.6
30022391,3,fall,4,67,139,82,22,95,37.1
30022392,4,anxiety,7,73,131,59,21,96,37.6
30022393,3,laceration,5,74,142,106,15,98,35.9
30022394,3,back pain,1,95,124,71,14,96,38.1
30022395,4,fall,2,97,102,81,18,98,37.1
30022396,4,shortness of breath,5,80,84,99,12,98,37.5
30022397,5,shortness of breath,6,107,105,76,17,99,36.1
30022398,4,knee pain,6,88,154,72,12,94,37.7
30022399,3,knee pain,5,58,105,78,17,91,36.9
30022400,4,knee pain,3,59,157,87,19,100,38.3
30022401,2,headache,6,88,108,69,19,95,37.1
30022402,3,abdominal pain,2,63,112,87,17,94,37.3
30022403,3,fever,2,97,99,85,22,100,38.1
30022404,2,anxiety,6,78,142,86,18,94,36.3
30022405,4,laceration,4,89,120,93,13,94,37.0
30022406,3,knee pain,2,135,109,61,17,96,36.7
30022407,3,back pain,7,97,129,66,20,99,37.0
30022408,4,fever,1,87,166,79,18,97,36.9
30022409,5,fall,6,96,97,69,17,100,37.0
30022410,3,laceration,0,90,153,55,21,97,37.1
30022411,4,back pain,6,78,156,62,17,93,35.8
30022412,4,fever,5,86,147,80,18,100,36.2
30022413,3,headache,2,86,128,80,13,96,37.4
30022414,3,knee pain,5,76,131,77,22,93,37.9
30022415,3,knee pain,1,83,107,91,20,94,38.0
30022416,3,chest pain,2,88,138,109,9,96,37.7
30022417,3,knee pain,2,85,97,78,19,95,35.9
30022418,4,back pain,7,77,136,64,12,99,37.2
30022419,3,chest pain,5,61,142,90,20,100,37.4
30022420,3,back pain,3,76,110,94,18,97,35.8
30022421,3,anxiety,0,68,128,119,21,100,35.7
30022422,2,anxiety,7,97,145,80,13,94,37.2
30022423,3,shortness of breath,1,57,111,77,16,98,37.9
30022424,4,fever,3,92,143,66,14,100,35.2
30022425,3,knee pain,5,101,107,86,13,99,37.0
30022426,3,anxiety,1,85,124,90,25,97,37.7
30022427,2,fever,10,71,106,97,18,100,36.7
30022428,4,back pain,4,75,115,77,16,99,36.9
30022429,3,knee pain,5,102,121,65,15,98,36.3
30022430,1,back pain,6,80,82,83,18,94,36.8
30022431,3,shortness of breath,7,86,131,75,21,100,36.9
30022432,5,laceration,2,79,116,115,18,100,37.5
30022433,4,knee pain,5,54,119,79,14,98,36.3
30022434,4,shortness of breath,1,76,88,114,21,97,36.3
30022435,3,knee pain,6,91,76,104,19,96,37.4
30022436,4,fall,4,82,150,107,23,100,38.0
30022437,3,anxiety,7,56,133,48,19,97,37.7
30022438,3,shortness of breath,3,85,109,60,21,100,38.6
30022439,3,shortness of breath,5,71,124,54,17,94,36.9
30022440,3,fever,6,82,132,78,19,100,37.8
30022441,2,abdominal pain,9,78,117,93,17,96,36.7
30022442,2,abdominal pain,10,92,103,94,19,98,35.3
30022443,1,shortness of breath,6,102,139,53,18,96,37.2
30022444,4,headache,0,111,156,108,15,99,37.9
30022445,3,anxiety,3,57,95,74,21,88,36.5
30022446,3,knee pain,2,90,137,49,20,95,36.9
30022447,4,laceration,0,59,107,66,17,99,36.1
30022448,2,headache,6,95,124,80,19,97,36.8
30022449,2,abdominal pain,8,113,115,100,15,95,37.7
30022450,4,fever,4,88,128,69,15,100,36.8
30022451,3,anxiety,7,53,153,89,19,100,37.7
30022452,3,laceration,4,82,100,58,23,99,37.7
30022453,3,shortness of breath,5,95,128,92,10,95,37.5
30022454,1,abdominal pain,10,123,129,79,17,94,38.1
30022455,5,laceration,2,70,125,68,15,97,37.7
30022456,3,headache,4,99,145,73,9,98,36.3
30022457,4,laceration,3,61,134,74,21,96,36.5
30022458,3,anxiety,2,94,129,77,21,96,37.3
30022459,3,knee pain,4,91,151,77,19,98,36.4
30022460,4,knee pain,1,77,116,84,23,100,37.1
30022461,2,knee pain,10,117,118,75,23,100,37.3
30022462,3,knee pain,5,94,116,60,16,96,36.3
30022463,3,anxiety,0,107,125,60,14,93,37.8
30022464,3,laceration,6,74,103,91,16,96,37.6
30022465,3,chest pain,2,103,126,92,12,96,36.8
30022466,2,abdominal pain,8,86,102,84,20,96,37.8
30022467,4,knee pain,5,116,93,67,23,100,36.9
30022468,2,back pain,7,94,118,93,15,93,37.2
30022469,3,anxiety,7,76,100,85,23,100,37.8
30022470,3,abdominal pain,4,86,106,59,18,93,37.3
30022471,2,back pain,7,81,89,93,14,97,37.3
30022472,5,fever,7,85,94,81,16,96,36.5
30022473,3,fever,5,75,125,77,16,91,38.9
30022474,4,back pain,5,85,127,81,23,97,37.5
30022475,4,back pain,2,95,127,59,14,97,37.0
30022476,2,shortness of breath,9,117,126,78,13,96,38.1
30022477,3,fall,5,66,152,83,16,100,35.4
30022478,4,fall,5,108,129,68,14,95,36.2
30022479,1,back pain,6,59,143,98,15,97,37.2
30022480,4,fever,3,67,113,90,22,97,35.4
30022481,5,shortness of breath,0,74,129,71,10,97,37.9
30022482,5,chest pain,6,99,95,102,18,94,37.1
30022483,3,laceration,6,79,114,58,22,96,38.2
30022484,3,headache,0,82,153,87,19,100,37.9
30022485,3,fever,7,98,94,79,19,96,38.4
30022486,4,abdominal pain,6,47,133,82,14,93,36.9
30022487,2,headache,6,92,124,84,20,92,38.0
30022488,3,back pain,6,83,138,116,14,93,36.6
30022489,4,shortness of breath,5,95,138,67,13,100,38.7
30022490,3,headache,2,85,109,75,18,100,36.9
30022491,2,laceration,8,51,99,102,19,98,36.1
30022492,3,knee pain,7,76,130,77,18,92,36.6
30022493,3,shortness of breath,0,84,114,93,24,100,36.2
30022494,3,laceration,4,97,92,81,13,100,36.9
30022495,3,anxiety,4,82,148,58,19,94,35.9
30022496,2,headache,9,79,131,105,18,94,35.7
30022497,3,anxiety,4,63,130,82,20,96,36.3
30022498,2,fever,6,65,93,69,22,97,36.1
30022499,2,anxiety,7,75,123,56,15,96,36.3
30022500,3,anxiety,1,97,123,89,22,92,36.9
30022501,4,headache,3,70,132,74,23,99,36.3
30022502,2,headache,7,85,107,84,19,99,35.4
30022503,3,knee pain,5,80,123,75,26,97,36.8
30022504,3,back pain,7,103,130,79,26,95,37.3
30022505,3,back pain,5,79,125,73,14,100,36.8
30022506,1,headache,9,81,120,95,20,96,36.1
30022507,3,laceration,0,97,144,74,18,97,35.8
30022508,3,chest pain,7,99,130,90,14,97,36.5
30022509,3,anxiety,0,92,113,89,19,97,37.1
30022510,2,headache,10,85,101,43,11,95,38.6
30022511,3,headache,1,80,126,86,18,96,36.0
30022512,3,knee pain,1,72,107,64,24,98,37.1
30022513,4,fall,0,99,107,62,15,94,38.3
30022514,3,abdominal pain,6,81,98,102,16,94,37.1
30022515,3,back pain,3,69,130,106,14,96,37.0
30022516,1,fever,6,61,124,79,14,100,36.7
30022517,3,abdominal pain,2,97,151,53,21,96,37.6
30022518,2,back pain,9,93,131,116,17,96,37.0
30022519,1,shortness of breath,7,71,157,88,19,97,38.2
30022520,4,back pain,2,75,96,110,16,97,38.0
30022521,4,headache,7,68,133,86,20,97,37.3
30022522,4,shortness of breath,1,97,130,76,21,94,36.7
30022523,3,fever,3,72,116,102,14,94,37.2
30022524,3,shortness of breath,1,90,115,110,13,97,36.9
30022525,3,back pain,1,71,127,102,24,97,38.0
30022526,3,anxiety,2,73,120,82,15,97,37.7
30022527,3,abdominal pain,2,67,74,104,18,100,36.3
30022528,3,headache,4,84,126,86,16,96,36.9
30022529,3,headache,2,84,137,88,21,100,38.1
30022530,3,laceration,2,85,150,69,24,96,36.7
30022531,5,knee pain,5,94,106,106,24,95,37.0
30022532,4,headache,6,67,127,114,18,100,36.7
30022533,3,fall,6,92,131,98,24,100,37.2
30022534,3,shortness of breath,1,103,116,80,20,98,36.9
30022535,1,abdominal pain,6,123,135,110,25,98,36.9
30022536,3,laceration,4,92,137,80,16,98,37.5
30022537,5,chest pain,0,82,151,76,23,96,37.0
30022538,3,shortness of breath,6,97,118,64,13,99,38.2
30022539,3,fall,5,116,104,86,15,100,38.4
30022540,3,laceration,5,86,143,80,14,100,36.1
30022541,2,anxiety,10,79,119,84,17,95,35.5
30022542,2,shortness of breath,6,74,115,76,18,97,35.5
30022543,3,back pain,5,115,143,95,9,95,36.9
30022544,4,abdominal pain,2,76,117,92,21,96,37.6
30022545,3,headache,6,74,163,60,13,95,37.2
30022546,3,back pain,3,72,129,106,20,100,38.2
30022547,3,back pain,2,81,146,70,14,95,37.8
30022548,4,chest pain,1,76,133,83,21,100,37.0
30022549,3,fever,0,88,139,101,19,100,36.8
30022550,3,headache,2,89,106,80,23,98,37.5
30022551,3,headache,4,115,123,89,14,93,37.3
30022552,3,laceration,7,75,151,80,15,94,37.0
30022553,3,fall,6,85,133,116,17,100,36.6
30022554,3,laceration,0,69,134,76,9,100,35.0
30022555,3,shortness of breath,3,82,79,60,20,100,36.2
30022556,4,chest pain,7,64,150,83,17,95,36.2
30022557,3,fever,6,106,113,91,14,100,37.2
30022558,3,headache,1,98,123,116,16,93,37.1
30022559,4,fever,1,98,135,83,20,98,37.9
30022560,3,fever,3,86,119,108,19,93,36.1
30022561,2,fever,7,89,112,91,21,96,37.4
30022562,3,anxiety,2,77,140,101,14,100,36.9
30022563,2,laceration,9,81,144,73,16,100,37.0
30022564,3,abdominal pain,5,84,153,87,16,97,38.2
30022565,3,fall,4,74,118,86,16,100,38.2
30022566,2,headache,7,78,136,88,19,97,37.9
30022567,3,knee pain,2,91,127,49,25,100,36.2
30022568,3,fall,6,62,116,71,11,100,36.3
30022569,3,headache,0,112,144,68,19,93,37.5
30022570,3,knee pain,5,81,105,95,21,97,37.9
30022571,3,shortness of breath,3,92,132,84,15,95,36.8
30022572,4,chest pain,4,88,150,87,26,100,36.3
30022573,4,fall,2,65,124,82,16,95,36.6
30022574,4,chest pain,4,96,116,89,22,94,37.7
30022575,3,fall,2,81,93,73,20,100,35.8
30022576,2,headache,9,109,136,101,17,93,37.3
30022577,3,headache,7,92,122,79,16,98,36.5
30022578,5,shortness of breath,5,66,111,86,15,98,35.6
30022579,4,fever,3,73,94,83,18,98,38.4
30022580,3,abdominal pain,1,110,155,82,22,100,36.6
30022581,4,fever,7,95,109,59,24,95,37.1
30022582,2,anxiety,7,102,115,73,20,97,37.6
30022583,4,headache,4,81,142,106,22,98,36.6
30022584,3,chest pain,4,86,118,105,14,94,37.8
30022585,4,abdominal pain,5,79,157,72,19,92,37.6
30022586,3,fall,1,87,159,94,17,100,36.8
30022587,2,chest pain,9,94,140,76,22,100,37.3
30022588,2,fall,9,114,151,66,11,100,37.6
30022589,5,fall,5,88,124,95,12,95,36.9
30022590,3,headache,4,96,122,74,16,95,37.7
30022591,4,fever,1,61,101,65,21,100,37.5
30022592,4,back pain,4,98,154,84,18,98,37.7
30022593,2,fall,9,91,81,97,21,92,36.0
30022594,3,fall,0,96,130,67,17,99,36.9
30022595,2,anxiety,7,93,93,78,23,99,37.2
30022596,3,fever,0,92,135,48,18,97,38.2
30022597,2,back pain,10,76,102,99,21,92,36.2
30022598,1,shortness of breath,7,83,99,93,22,95,34.8
30022599,3,laceration,5,81,156,82,14,96,37.4
30022600,4,anxiety,1,92,172,84,15,93,36.3
30022601,2,anxiety,6,98,106,67,17,100,36.1
30022602,2,shortness of breath,8,82,111,78,16,90,37.4
30022603,2,shortness of breath,7,110,118,88,21,94,36.8
30022604,2,anxiety,8,71,117,91,22,95,36.1
30022605,3,chest pain,1,77,146,89,19,97,36.7
30022606,4,abdominal pain,1,100,127,80,15,100,36.9
30022607,5,back pain,5,97,143,57,13,95,36.7
30022608,2,fever,6,89,109,103,15,100,36.7
30022609,1,chest pain,6,106,87,62,18,98,37.9
30022610,2,laceration,8,104,101,87,24,97,36.1
30022611,3,chest pain,3,105,116,93,25,94,37.4
30022612,3,headache,2,66,111,111,19,99,37.6
30022613,2,fall,6,69,138,89,19,95,34.8
30022614,3,abdominal pain,2,54,118,88,22,94,36.4
30022615,4,abdominal pain,3,72,123,106,17,100,36.5
30022616,2,abdominal pain,7,41,109,100,24,93,37.9
30022617,2,back pain,8,81,146,49,24,96,36.3
30022618,2,anxiety,9,71,124,78,23,94,36.0
30022619,4,chest pain,7,101,117,73,22,97,37.3
30022620,4,fever,5,82,146,65,16,99,37.3
30022621,3,anxiety,0,61,90,102,22,99,36.8
30022622,3,chest pain,2,72,163,72,21,99,37.1
30022623,3,anxiety,2,54,132,60,27,95,36.9
30022624,1,shortness of breath,8,80,91,75,12,94,36.4
30022625,2,fall,10,74,159,72,12,100,36.0
30022626,4,shortness of breath,6,93,134,94,19,99,36.9
30022627,4,fever,4,80,117,49,18,100,36.3
30022628,4,headache,0,97,131,71,13,98,38.1
30022629,3,headache,3,86,128,96,22,96,36.7
30022630,2,abdominal pain,10,74,135,78,17,95,36.2
30022631,3,headache,4,102,121,66,17,100,38.8
30022632,2,abdominal pain,8,60,138,75,13,100,36.7
30022633,3,chest pain,0,93,112,88,17,98,36.7
30022634,5,shortness of breath,2,97,152,97,22,97,36.7
30022635,3,chest pain,4,112,107,101,23,96,37.3
30022636,3,abdominal pain,5,85,116,90,24,100,37.2
30022637,3,shortness of breath,4,102,129,62,16,97,37.0
30022638,4,abdominal pain,5,75,106,96,9,97,37.7
30022639,1,back pain,9,105,142,71,14,100,36.2
30022640,5,shortness of breath,2,95,160,75,21,99,36.0
30022641,2,abdominal pain,10,98,154,78,20,95,36.3
30022642,5,fall,5,79,111,94,24,94,38.2
30022643,3,anxiety,0,69,78,74,24,95,35.1
30022644,3,headache,1,93,162,68,20,98,38.2
30022645,3,anxiety,6,70,84,66,11,97,36.6
30022646,2,knee pain,7,81,99,102,24,94,37.7
30022647,3,laceration,3,87,144,76,19,97,35.1
30022648,3,knee pain,2,76,119,102,18,96,36.7
30022649,3,fall,4,79,116,99,26,99,38.3
30022650,3,anxiety,1,81,120,56,17,96,37.3
30022651,3,anxiety,5,73,116,85,20,91,36.5
30022652,3,shortness of breath,5,96,161,66,23,100,37.3
30022653,1,anxiety,10,102,166,95,11,96,38.7
30022654,1,chest pain,7,94,148,88,25,100,36.6
30022655,1,knee pain,6,79,133,92,20,96,38.1
30022656,2,chest pain,9,85,133,81,21,90,36.4
30022657,3,knee pain,4,75,147,71,16,93,37.7
30022658,1,abdominal pain,9,100,129,86,21,92,36.4
30022659,3,anxiety,1,59,131,60,18,94,37.2
30022660,3,abdominal pain,5,83,107,88,15,95,37.4
30022661,3,abdominal pain,4,109,128,69,19,95,37.6
30022662,4,anxiety,6,85,133,103,15,100,35.6
30022663,1,laceration,6,104,113,90,17,98,36.5
30022664,3,fever,1,110,145,125,17,98,37.3
30022665,3,knee pain,2,78,75,60,19,91,36.6
30022666,4,knee pain,1,95,123,74,21,96,36.7
30022667,4,shortness of breath,1,93,148,94,14,96,37.0
30022668,3,shortness of breath,5,85,104,75,20,91,36.9
30022669,3,fever,2,88,119,58,18,96,36.8
30022670,3,back pain,2,103,146,92,19,94,37.7
30022671,3,abdominal pain,6,84,113,58,16,96,37.3
30022672,4,knee pain,5,96,107,78,20,92,37.4
30022673,4,laceration,6,83,121,104,16,100,38.9
30022674,3,chest pain,5,60,101,75,15,99,35.5
30022675,3,back pain,2,68,132,81,13,97,36.9
30022676,4,knee pain,4,85,136,82,18,99,37.9
30022677,4,anxiety,1,124,125,93,16,100,37.5
30022678,3,knee pain,4,84,155,71,18,98,35.8
30022679,3,knee pain,1,94,113,81,23,100,35.9
30022680,3,abdominal pain,1,84,88,75,19,100,37.0
30022681,2,chest pain,7,88,137,73,14,97,37.4
30022682,3,back pain,7,98,135,87,24,96,35.8
30022683,2,abdominal pain,10,88,96,73,21,99,36.3
30022684,2,shortness of breath,8,98,127,98,18,97,37.5
30022685,3,laceration,1,77,158,69,19,100,37.4
30022686,3,back pain,1,124,98,80,15,94,36.4
30022687,2,abdominal pain,6,114,122,69,14,99,36.7
30022688,2,fall,8,51,153,92,17,94,37.3
30022689,3,chest pain,2,77,88,80,18,96,37.2
30022690,3,headache,4,105,102,88,17,99,36.6
30022691,4,chest pain,5,119,123,64,13,99,36.7
30022692,3,shortness of breath,0,74,158,64,21,92,37.2
30022693,3,back pain,0,69,137,91,20,95,36.6
30022694,3,abdominal pain,2,81,115,72,21,98,37.5
30022695,3,laceration,7,88,123,78,21,96,37.7
30022696,2,fever,6,71,131,98,18,93,36.9
30022697,3,abdominal pain,3,60,101,53,20,95,37.8
30022698,3,shortness of breath,4,91,124,80,15,98,37.5
30022699,3,fever,1,75,117,73,22,96,37.5
30022700,3,chest pain,6,81,166,80,11,92,36.8
30022701,3,chest pain,7,95,137,66,24,96,36.4
30022702,1,abdominal pain,10,86,136,60,15,100,36.9
30022703,5,knee pain,4,60,145,56,19,100,37.6
30022704,3,headache,7,82,118,81,22,99,36.4
30022705,2,abdominal pain,9,94,121,87,20,94,37.0
30022706,2,laceration,6,100,144,87,20,93,38.4
30022707,3,laceration,5,114,143,61,18,97,38.6
30022708,2,headache,7,89,143,82,12,95,38.4
30022709,3,back pain,0,99,129,71,17,97,37.3
30022710,3,anxiety,6,94,98,80,19,100,36.7
30022711,2,laceration,8,97,155,97,23,99,37.4
30022712,2,knee pain,9,85,134,64,25,100,36.4
30022713,3,anxiety,1,76,134,65,21,100,37.3
30022714,3,chest pain,3,77,121,88,14,94,37.5
30022715,4,chest pain,1,86,123,73,23,93,36.0
30022716,2,anxiety,10,78,151,53,16,95,36.7
30022717,2,knee pain,8,100,130,79,16,93,36.6
30022718,3,anxiety,0,88,123,80,16,97,35.6
30022719,3,fever,3,94,87,87,19,96,36.9
30022720,5,fever,3,94,108,111,21,99,37.5
30022721,3,fall,7,93,119,89,20,92,36.6
30022722,3,fever,2,86,114,72,16,96,37.2
30022723,3,knee pain,6,87,147,74,20,95,37.3
30022724,3,fall,0,80,130,70,17,99,36.9
30022725,3,fall,3,84,111,75,16,97,37.1
30022726,3,fall,2,76,105,87,19,95,36.3
30022727,4,chest pain,6,95,103,90,18,96,37.3
30022728,3,knee pain,5,97,129,84,19,97,37.7
30022729,1,abdominal pain,8,84,121,63,14,93,38.0
30022730,3,laceration,5,90,140,68,26,96,39.0
30022731,3,knee pain,1,49,111,63,18,100,37.4
30022732,4,anxiety,2,94,108,76,22,99,36.9
30022733,4,shortness of breath,0,109,149,83,15,92,38.8
30022734,3,back pain,7,90,122,112,24,100,37.1
30022735,3,fever,4,66,104,79,18,98,36.6
30022736,4,laceration,3,67,111,69,20,98,36.7
30022737,3,chest pain,7,103,146,75,15,100,36.7
30022738,3,knee pain,0,82,116,112,17,94,37.5
30022739,3,fever,1,101,137,76,21,97,35.8
30022740,3,fever,0,79,112,88,21,98,38.2
30022741,4,fever,6,96,149,76,14,98,38.6
30022742,3,chest pain,5,89,92,80,25,100,36.9
30022743,1,shortness of breath,7,75,99,89,17,98,37.1
30022744,3,fall,1,74,116,58,17,93,36.7
30022745,4,knee pain,6,71,143,70,19,97,37.8
30022746,3,knee pain,3,87,165,69,20,98,38.1
30022747,4,anxiety,6,51,141,119,24,97,36.6
30022748,4,knee pain,7,101,154,92,19,96,37.7
30022749,2,fall,7,114,138,89,19,96,36.0
30022750,2,fever,6,114,136,80,23,93,35.7
30022751,2,anxiety,8,93,130,65,21,97,37.4
30022752,3,chest pain,2,76,139,80,25,95,37.6
30022753,3,knee pain,0,110,119,82,20,97,35.6
30022754,3,back pain,1,89,135,46,17,94,37.5
30022755,5,abdominal pain,4,82,138,69,14,95,36.6
30022756,3,abdominal pain,0,78,118,62,19,97,35.6
30022757,2,chest pain,6,93,117,82,20,100,37.8
30022758,3,anxiety,7,60,134,86,11,99,36.4
30022759,4,headache,6,94,122,65,14,96,37.8
30022760,4,knee pain,1,68,144,61,24,100,36.8
30022761,4,shortness of breath,7,88,153,76,12,98,37.3
30022762,3,shortness of breath,7,80,123,98,21,100,35.3
30022763,4,headache,6,104,130,82,25,96,37.5
30022764,1,laceration,7,72,97,78,19,100,36.6
30022765,3,fever,1,96,109,84,14,100,37.8
30022766,3,laceration,2,88,153,97,15,100,37.7
30022767,4,abdominal pain,2,97,141,79,18,93,37.4
30022768,5,abdominal pain,7,88,100,74,21,99,37.1
30022769,4,fever,3,89,118,75,17,99,36.9
30022770,3,anxiety,7,74,120,66,12,95,36.8
30022771,3,abdominal pain,1,90,104,84,18,92,38.4
30022772,3,headache,1,111,116,74,22,99,37.4
30022773,2,anxiety,6,89,151,77,22,96,37.5
30022774,2,laceration,6,97,130,61,15,98,37.0
30022775,3,headache,3,101,96,96,20,97,36.8
30022776,4,anxiety,1,76,125,92,20,94,36.0
30022777,3,fever,2,73,127,50,13,96,36.6
30022778,3,anxiety,5,94,97,44,23,100,37.1
30022779,3,abdominal pain,0,77,132,81,19,94,37.6
30022780,3,fever,1,67,122,53,23,97,37.2
30022781,3,knee pain,4,90,120,67,20,96,36.8
30022782,3,fever,7,88,109,84,20,100,38.2
30022783,3,laceration,1,67,126,51,18,100,36.3
30022784,3,anxiety,3,79,148,86,14,93,35.7
30022785,2,anxiety,7,70,147,101,19,93,37.1
30022786,2,chest pain,8,86,118,85,15,96,37.7
30022787,5,back pain,2,74,106,78,16,97,37.0
30022788,3,fever,3,90,123,104,17,100,39.1
30022789,4,laceration,2,83,149,75,21,100,36.1
30022790,3,headache,5,97,123,91,20,100,36.4
30022791,3,laceration,1,89,114,65,24,93,36.3
30022792,3,fever,2,69,149,89,20,100,36.8
30022793,3,back pain,5,79,104,107,14,100,36.9
30022794,5,laceration,5,85,118,96,14,100,37.1
30022795,3,abdominal pain,7,61,94,67,20,100,36.7
30022796,3,laceration,1,96,124,76,20,98,37.7
30022797,4,fever,1,98,117,92,22,99,37.3
30022798,3,shortness of breath,0,74,112,76,18,96,36.6
30022799,5,headache,4,88,148,55,14,96,35.3
30022800,4,knee pain,7,64,101,67,14,91,36.3
30022801,4,laceration,3,73,127,125,22,93,38.4
30022802,4,headache,1,72,128,73,15,96,38.4
30022803,3,shortness of breath,5,80,158,74,15,100,36.9
30022804,3,anxiety,5,66,119,80,14,91,36.5
30022805,2,fever,8,61,131,77,20,98,37.2
30022806,3,chest pain,0,96,113,101,19,96,36.0
30022807,4,knee pain,0,91,127,80,12,97,36.6
30022808,3,chest pain,3,97,125,87,20,97,35.9
30022809,3,abdominal pain,0,76,127,46,14,98,38.0
30022810,2,abdominal pain,9,80,144,82,12,94,38.1
30022811,3,abdominal pain,5,110,147,79,16,94,35.4
30022812,3,headache,7,85,106,71,17,97,37.1
30022813,3,shortness of breath,5,64,131,98,14,100,35.9
30022814,3,laceration,0,103,133,60,18,100,37.0
30022815,2,shortness of breath,7,87,153,61,15,98,36.5
30022816,3,abdominal pain,7,88,124,84,17,97,37.8
30022817,2,back pain,7,86,111,98,27,95,37.5
30022818,4,laceration,4,116,135,84,26,100,37.0
30022819,2,fever,9,78,112,97,17,98,38.0
30022820,3,laceration,5,90,124,86,17,92,37.5
30022821,1,headache,9,64,115,94,17,95,36.9
30022822,3,back pain,5,104,138,97,20,100,37.4
30022823,4,fever,1,87,125,62,19,96,37.7
30022824,3,fever,7,105,114,112,18,96,38.0
30022825,4,shortness of breath,3,78,147,71,20,98,37.5
30022826,1,chest pain,10,86,132,77,20,100,37.9
30022827,3,anxiety,2,81,122,88,21,98,36.8
30022828,3,abdominal pain,1,60,125,68,15,100,35.1
30022829,2,fall,10,80,105,98,17,100,37.3
30022830,2,knee pain,9,80,110,72,19,94,36.9
30022831,4,knee pain,1,98,127,67,14,96,36.9
30022832,3,knee pain,1,84,116,84,17,97,36.6
30022833,3,fever,5,67,113,76,20,97,36.9
30022834,3,anxiety,1,105,155,95,22,98,37.2
30022835,5,back pain,0,93,149,85,19,98,38.2
30022836,2,anxiety,6,95,124,91,17,99,36.9
30022837,3,anxiety,6,53,122,87,14,97,38.2
30022838,3,chest pain,2,108,135,96,18,97,36.7
30022839,4,anxiety,2,67,130,93,18,96,35.6
30022840,3,back pain,6,69,105,70,17,100,38.6
30022841,3,laceration,3,87,118,82,16,99,35.8
30022842,3,fever,3,86,128,85,16,97,36.4
30022843,3,fever,2,82,97,82,17,96,37.1
30022844,4,fall,3,77,89,79,16,94,37.6
30022845,3,laceration,4,86,104,105,15,100,37.8
30022846,4,headache,0,80,120,79,19,90,36.8
30022847,2,anxiety,8,44,117,85,19,100,37.2
30022848,3,fever,5,82,144,78,19,90,36.8
30022849,3,laceration,2,94,125,84,13,95,36.3
30022850,4,fall,4,123,123,59,20,98,36.7
30022851,3,chest pain,2,81,154,75,23,93,37.5
30022852,5,abdominal pain,3,88,107,76,15,97,36.2
30022853,3,anxiety,7,88,107,95,18,96,36.5
30022854,4,anxiety,1,83,136,62,18,97,36.9
30022855,3,fever,1,103,104,75,21,96,37.4
30022856,4,fever,6,71,146,65,25,99,35.5
30022857,4,fever,6,102,143,69,22,97,36.6
30022858,3,anxiety,6,68,124,67,21,97,35.5
30022859,5,fever,4,70,136,96,22,98,36.9
30022860,3,fall,4,101,154,77,14,100,35.0
30022861,4,headache,3,99,109,92,11,96,37.7
30022862,4,chest pain,2,90,113,85,18,98,37.7
30022863,4,headache,2,77,129,53,13,99,37.1
30022864,3,anxiety,5,68,127,85,31,96,37.5
30022865,2,anxiety,8,94,154,93,17,100,37.3
30022866,2,fever,9,78,113,78,12,97,36.7
30022867,2,abdominal pain,7,72,117,88,28,100,38.5
30022868,4,chest pain,4,108,129,83,23,97,36.6
30022869,3,knee pain,2,74,90,80,18,91,37.6
30022870,3,fever,0,67,133,74,26,96,37.0
30022871,3,anxiety,7,85,113,64,15,100,35.0
30022872,2,headache,10,75,124,104,23,97,36.7
30022873,4,fever,3,69,109,65,20,98,37.2
30022874,3,abdominal pain,7,75,132,84,26,95,38.4
30022875,2,knee pain,6,103,162,75,17,100,37.0
30022876,4,shortness of breath,2,110,94,106,17,96,36.7
30022877,3,fever,6,93,111,72,21,96,38.7
30022878,2,anxiety,8,89,119,95,12,93,37.4
30022879,2,chest pain,7,96,146,69,9,97,37.3
30022880,4,back pain,3,89,123,98,18,94,36.4
30022881,1,laceration,9,80,146,93,18,99,37.9
30022882,3,knee pain,7,72,139,64,6,99,38.5
30022883,3,headache,7,114,104,110,28,94,37.4
30022884,4,headache,0,76,168,57,19,100,36.9
30022885,3,abdominal pain,6,87,117,91,19,92,37.9
30022886,3,knee pain,0,67,104,71,20,98,38.4
30022887,4,knee pain,4,77,110,76,20,97,35.8
30022888,3,shortness of breath,6,71,159,73,15,95,38.0
30022889,1,shortness of breath,8,100,155,97,20,96,37.9
30022890,1,abdominal pain,10,106,117,92,19,97,37.6
30022891,3,anxiety,3,81,140,56,15,97,36.6
30022892,3,chest pain,1,59,98,49,18,100,35.6
30022893,4,back pain,4,68,136,64,14,92,36.8
30022894,2,chest pain,9,93,143,68,17,96,37.5
30022895,1,laceration,7,70,115,116,22,96,36.6
30022896,1,abdominal pain,8,76,80,79,25,100,36.0
30022897,4,shortness of breath,4,101,132,66,24,99,36.0
30022898,3,chest pain,0,105,129,123,10,96,36.1
30022899,3,anxiety,2,76,112,82,21,97,36.4
30022900,3,fever,1,80,147,101,17,98,38.2
30022901,2,laceration,10,92,102,90,20,94,36.7
30022902,2,fall,9,108,135,83,16,100,36.8
30022903,2,knee pain,9,101,116,56,18,96,38.4
30022904,2,shortness of breath,7,81,146,92,19,100,36.8
30022905,4,fall,5,67,115,73,14,98,37.7
30022906,3,chest pain,3,71,131,82,9,98,37.3
30022907,3,fever,6,81,120,76,17,94,36.7
30022908,3,headache,5,85,104,72,18,98,36.3
30022909,3,back pain,3,72,118,81,17,94,37.0
30022910,3,knee pain,0,94,134,89,19,95,36.6
30022911,3,knee pain,3,85,143,83,21,97,36.2
30022912,3,fever,0,82,119,70,17,92,38.1
30022913,4,back pain,0,97,87,71,19,95,36.0
30022914,3,headache,5,82,133,102,23,100,37.0
30022915,2,fall,8,93,149,93,15,93,37.2
30022916,2,shortness of breath,10,93,116,92,14,96,37.6
30022917,5,chest pain,4,95,133,89,21,94,37.1
30022918,2,anxiety,9,102,104,80,19,98,37.2
30022919,4,fever,5,75,125,82,18,97,37.9
30022920,2,headache,8,74,118,71,15,100,36.2
30022921,4,anxiety,5,125,106,77,14,100,36.3
30022922,3,fever,1,80,155,62,11,95,37.0
30022923,3,fever,7,102,108,65,22,96,38.2
30022924,4,back pain,1,80,118,66,22,97,36.5
30022925,2,back pain,7,82,112,85,21,95,37.6
30022926,3,fever,6,79,129,80,13,100,36.4
30022927,5,back pain,1,57,115,64,20,94,37.6
30022928,4,laceration,3,90,130,83,15,95,36.4
30022929,3,abdominal pain,2,64,115,95,22,94,36.8
30022930,2,shortness of breath,8,97,112,115,12,100,38.6
30022931,2,chest pain,6,79,143,74,8,91,38.4
30022932,3,shortness of breath,1,108,124,123,17,92,37.8
30022933,4,laceration,2,108,106,77,21,95,38.2
30022934,3,anxiety,3,94,132,101,27,97,36.7
30022935,1,shortness of breath,7,79,172,96,20,97,36.3
30022936,1,shortness of breath,10,79,139,57,25,98,35.4
30022937,4,shortness of breath,6,96,130,101,26,99,37.2
30022938,3,anxiety,3,73,89,88,9,94,35.8
30022939,3,laceration,6,70,159,77,22,99,36.9
30022940,2,anxiety,8,103,128,75,19,99,37.3
30022941,3,abdominal pain,3,100,132,95,13,99,36.0
30022942,3,fever,5,94,143,64,19,100,37.4
30022943,3,knee pain,5,119,90,77,16,97,37.9
30022944,2,knee pain,10,109,157,65,19,99,36.9
30022945,2,shortness of breath,8,100,148,72,18,100,38.3
30022946,3,shortness of breath,6,76,110,90,18,93,36.7
30022947,5,back pain,0,96,106,101,20,99,36.0
30022948,3,abdominal pain,5,97,116,67,19,94,37.6
30022949,3,back pain,7,93,122,76,16,95,35.4
30022950,2,laceration,7,78,107,57,24,95,35.9
30022951,4,laceration,7,95,172,112,24,95,36.8
30022952,3,fall,2,82,122,83,15,96,36.2
30022953,4,laceration,7,115,109,78,10,93,36.0
30022954,3,shortness of breath,1,60,108,82,13,100,36.7
30022955,2,shortness of breath,7,69,116,80,18,100,37.0
30022956,3,shortness of breath,2,91,124,94,22,95,36.9
30022957,3,fever,6,92,125,81,17,96,38.7
30022958,3,knee pain,1,64,131,101,25,97,38.0
30022959,3,abdominal pain,0,87,131,79,16,93,37.2
30022960,3,fever,5,68,119,66,19,99,36.7
30022961,3,chest pain,4,70,110,88,21,100,37.4
30022962,3,fever,3,73,147,109,21,98,36.8
30022963,4,back pain,0,101,142,78,14,92,36.0
30022964,2,fall,7,101,138,96,18,100,37.1
30022965,1,back pain,6,100,135,112,18,96,36.5
30022966,2,laceration,7,77,101,58,16,99,36.4
30022967,3,chest pain,1,75,124,71,18,98,36.5
30022968,3,knee pain,1,76,132,82,15,89,36.7
30022969,4,headache,4,69,132,81,17,96,36.9
30022970,3,headache,7,116,155,90,14,100,37.8
30022971,3,abdominal pain,0,84,81,61,15,100,37.6
30022972,4,abdominal pain,4,80,151,77,21,96,38.4
30022973,5,fever,4,101,93,81,24,96,37.4
30022974,4,knee pain,1,90,154,63,17,91,36.5
30022975,3,chest pain,6,106,138,95,25,96,37.6
30022976,3,chest pain,4,77,123,64,15,97,36.5
30022977,4,knee pain,7,80,143,104,17,96,35.8
30022978,3,chest pain,0,93,135,108,17,96,37.4
30022979,3,fever,0,82,116,84,19,100,37.1
30022980,5,headache,0,109,120,101,17,100,38.0
30022981,4,laceration,7,86,94,79,18,96,37.1
30022982,4,chest pain,5,69,82,91,15,97,36.2
30022983,3,abdominal pain,1,68,143,62,17,100,36.8
30022984,4,back pain,4,83,103,75,19,95,37.5
30022985,3,anxiety,0,101,118,66,17,100,36.6
30022986,3,abdominal pain,5,92,136,99,15,97,36.3
30022987,2,laceration,8,76,80,74,13,100,38.1
30022988,4,headache,5,79,142,83,14,94,38.0
30022989,5,anxiety,5,70,104,66,20,100,36.6
30022990,2,anxiety,9,87,121,62,15,98,35.1
30022991,3,chest pain,5,93,83,92,26,97,37.5
30022992,3,back pain,5,92,126,92,11,97,37.5
30022993,3,anxiety,7,91,84,77,17,100,36.6
30022994,2,fall,10,66,98,116,22,96,37.5
30022995,3,anxiety,0,85,139,71,19,100,36.7
30022996,4,chest pain,2,85,123,95,15,100,37.3
30022997,2,knee pain,7,77,113,92,20,95,35.9
30022998,4,abdominal pain,3,97,130,40,8,100,36.8
30022999,3,knee pain,0,79,124,99,10,92,36.3
30023000,4,chest pain,6,111,128,49,19,99,36.9
30023001,4,knee pain,4,71,101,96,16,95,36.0
30023002,4,fall,1,94,111,107,12,93,37.9
30023003,4,back pain,4,68,161,103,15,100,35.8
30023004,4,fever,3,101,97,82,12,95,38.6
30023005,3,back pain,1,83,107,62,17,100,35.6
30023006,4,knee pain,0,79,111,85,20,95,37.6
30023007,3,knee pain,0,66,150,65,25,98,36.0
30023008,3,anxiety,1,91,162,85,10,98,37.8
30023009,2,anxiety,10,84,97,74,13,98,36.7
30023010,3,abdominal pain,2,94,130,78,24,92,37.2
30023011,4,abdominal pain,1,86,111,90,16,90,37.1
30023012,3,fall,3,102,98,74,17,93,36.0
30023013,3,fever,6,73,109,81,15,95,37.8
30023014,3,abdominal pain,4,76,97,84,23,98,37.1
30023015,1,chest pain,6,88,126,66,13,100,36.9
30023016,5,laceration,3,89,81,80,23,93,36.1
30023017,3,shortness of breath,4,85,87,73,17,95,36.9
30023018,3,anxiety,3,74,144,70,13,94,37.5
30023019,5,headache,3,88,113,79,14,96,37.1
30023020,3,laceration,5,105,128,79,20,97,36.4
30023021,3,abdominal pain,1,80,106,44,24,100,38.1
30023022,5,fall,5,93,121,91,19,96,36.9
30023023,3,fever,4,81,151,65,20,94,35.5
30023024,4,fall,2,77,147,100,11,97,35.7
30023025,2,back pain,10,83,123,68,16,94,37.1
30023026,3,back pain,4,77,123,93,16,100,38.8
30023027,3,back pain,1,65,117,91,20,92,37.1
30023028,3,fever,4,72,80,97,18,97,37.7
30023029,2,fall,10,83,116,56,22,99,36.5
30023030,3,back pain,0,76,95,64,17,98,38.3
30023031,3,knee pain,0,82,130,58,17,100,36.9
30023032,4,abdominal pain,6,86,70,100,20,98,37.4
30023033,2,chest pain,9,100,135,110,25,98,36.4
30023034,3,fever,5,99,148,76,15,98,37.5
30023035,2,fall,7,72,131,81,18,100,36.5
30023036,2,chest pain,9,89,112,88,24,96,38.3
30023037,3,shortness of breath,3,72,110,81,16,98,36.7
30023038,4,abdominal pain,4,68,104,60,17,97,36.8
30023039,3,anxiety,3,96,121,82,20,100,38.0
30023040,2,chest pain,7,80,131,88,18,94,36.7
30023041,2,shortness of breath,8,90,124,62,23,96,36.1
30023042,4,fall,4,120,138,59,25,97,36.4
30023043,3,fever,4,99,139,102,10,100,37.5
30023044,2,headache,6,83,91,73,16,94,36.3
30023045,3,anxiety,3,99,117,72,16,100,37.7
30023046,2,anxiety,7,102,102,72,19,100,37.2
30023047,3,chest pain,2,81,167,75,9,95,38.5
30023048,3,fall,7,75,141,73,15,100,37.6
30023049,3,fall,1,107,118,82,19,94,37.9
30023050,3,laceration,3,84,146,102,19,100,37.4
30023051,4,headache,5,93,138,82,15,100,36.3
30023052,4,fall,0,81,106,75,14,95,37.5
30023053,4,headache,4,88,109,82,20,100,37.0
30023054,3,chest pain,5,105,120,67,16,98,37.7
30023055,3,chest pain,5,79,132,67,13,90,37.0
30023056,3,headache,1,96,123,87,22,96,37.5
30023057,3,fever,7,98,112,48,24,97,36.2
30023058,3,shortness of breath,3,101,136,102,20,100,38.1
30023059,2,chest pain,10,80,140,59,20,96,36.4
30023060,2,back pain,10,78,109,68,13,100,36.7
30023061,2,fall,6,103,128,93,22,96,38.0
30023062,3,shortness of breath,1,96,99,76,7,100,36.6
30023063,3,chest pain,6,99,107,92,11,94,36.9
30023064,2,anxiety,7,49,109,81,21,99,37.5
30023065,4,fall,4,70,104,88,16,98,38.5
30023066,3,abdominal pain,0,98,116,89,19,93,37.9
30023067,3,knee pain,6,85,126,94,12,100,37.1
30023068,3,fever,0,71,149,76,21,100,36.9
30023069,3,back pain,1,71,131,55,23,97,37.3
30023070,3,chest pain,3,78,138,75,17,97,37.2
30023071,3,laceration,2,72,115,72,14,99,37.0
30023072,3,shortness of breath,5,83,117,48,15,99,37.0
30023073,3,fall,4,98,90,97,15,94,35.4
30023074,3,chest pain,6,83,125,84,10,100,36.7
30023075,4,laceration,2,97,172,90,16,95,38.7
30023076,3,fever,7,99,124,42,24,97,38.2
30023077,3,laceration,7,98,127,74,13,94,37.0
30023078,4,anxiety,7,93,148,90,13,99,37.5
30023079,4,abdominal pain,2,100,102,67,16,92,36.9
30023080,3,headache,1,74,134,82,15,99,36.4
30023081,2,chest pain,9,94,147,91,18,94,38.0
30023082,4,anxiety,1,81,79,70,19,100,36.9
30023083,3,knee pain,0,104,128,88,18,99,35.2
30023084,4,laceration,3,108,150,57,19,98,37.5
30023085,2,fever,9,85,115,107,23,96,36.7
30023086,3,fall,2,77,144,73,18,95,37.0
30023087,4,chest pain,6,102,155,107,12,94,37.6
30023088,2,laceration,7,86,114,71,8,98,36.7
30023089,3,fall,0,71,134,96,18,91,37.2
30023090,2,fall,10,69,121,73,19,100,38.2
30023091,3,fever,1,64,125,39,16,97,36.9
30023092,2,knee pain,9,108,119,89,14,96,36.1
30023093,3,laceration,5,69,156,86,14,90,36.5
30023094,3,headache,3,85,160,85,19,97,36.6
30023095,1,laceration,10,61,116,97,24,97,37.4
30023096,3,abdominal pain,3,90,121,83,15,99,37.0
30023097,4,knee pain,5,78,116,69,26,96,37.2
30023098,4,shortness of breath,5,84,100,91,16,96,37.9
30023099,3,laceration,5,106,137,98,18,97,37.4
30023100,3,abdominal pain,4,62,140,99,20,96,36.4
30023101,3,back pain,7,91,137,85,19,96,37.5
30023102,3,laceration,1,105,162,82,13,89,37.7
30023103,4,fever,7,79,109,82,16,100,37.7
30023104,4,fall,3,82,105,84,19,100,37.1
30023105,3,knee pain,5,76,117,58,10,98,37.5
30023106,1,fall,6,69,122,96,18,92,36.6
30023107,3,anxiety,2,78,140,63,23,100,36.4
30023108,4,fever,5,79,136,73,14,100,36.0
30023109,3,abdominal pain,5,96,143,87,17,93,36.8
30023110,3,abdominal pain,1,93,129,75,16,94,35.5
30023111,3,abdominal pain,6,71,156,72,18,100,36.2
30023112,4,chest pain,1,89,130,95,14,97,36.0
30023113,4,fall,3,73,104,70,17,100,36.3
30023114,3,fall,4,73,171,85,20,95,36.1
30023115,3,chest pain,6,67,105,70,17,96,37.1
30023116,4,shortness of breath,4,90,144,75,14,99,37.9
30023117,3,fall,7,84,126,87,20,100,37.5
30023118,3,abdominal pain,4,60,137,90,13,100,36.4
30023119,2,chest pain,7,107,126,85,17,91,35.9
30023120,3,knee pain,3,66,142,80,19,95,36.9
30023121,3,headache,1,128,111,93,19,100,36.6
30023122,3,chest pain,1,65,156,68,20,93,36.9
30023123,4,chest pain,6,101,124,59,22,94,37.4
30023124,4,shortness of breath,6,80,128,72,12,96,37.5
30023125,2,chest pain,6,84,127,64,12,97,37.4
30023126,3,shortness of breath,4,98,156,73,18,96,36.2
30023127,3,headache,0,91,102,63,20,96,37.3
30023128,4,fever,7,81,137,102,12,96,36.8
30023129,2,fever,8,105,127,78,17,100,37.2
30023130,3,knee pain,6,100,138,92,16,92,36.2
30023131,3,fall,2,63,136,82,18,95,37.3
30023132,4,fall,5,88,151,77,16,95,35.8
30023133,4,shortness of breath,4,73,145,97,20,96,35.6
30023134,2,abdominal pain,8,101,130,75,19,99,37.9
30023135,3,fever,6,56,130,110,12,95,36.9
30023136,3,fall,1,61,131,69,17,95,37.3
30023137,4,headache,6,91,150,71,17,96,37.1
30023138,1,shortness of breath,9,85,132,95,22,97,37.8
30023139,3,chest pain,0,89,139,58,20,100,36.5
30023140,3,knee pain,4,80,154,76,14,92,37.1
30023141,2,knee pain,8,85,98,97,15,95,36.5
30023142,3,laceration,5,90,144,72,20,93,37.6
30023143,2,anxiety,9,78,118,96,13,99,36.2
30023144,2,back pain,6,113,140,52,15,94,37.3
30023145,3,fall,3,104,147,74,23,94,35.8
30023146,5,abdominal pain,4,111,140,62,17,100,36.8
30023147,4,fever,2,104,119,71,18,99,38.0
30023148,3,back pain,3,99,112,55,16,100,36.8
30023149,2,laceration,7,70,82,93,12,97,37.9
30023150,3,fall,1,73,119,78,17,96,35.8
30023151,1,fall,6,67,130,74,23,98,36.5
30023152,3,abdominal pain,1,80,141,68,18,98,39.4
30023153,1,knee pain,7,95,106,94,20,100,37.8
30023154,4,back pain,3,130,128,84,16,97,38.1
30023155,5,abdominal pain,6,96,128,93,23,98,36.7
30023156,3,abdominal pain,6,101,89,88,13,89,37.6
30023157,3,fever,7,76,136,57,20,97,37.0
30023158,3,anxiety,3,67,92,84,18,100,38.0
30023159,1,abdominal pain,8,79,143,64,17,98,37.6
30023160,2,shortness of breath,6,92,143,84,29,95,38.9
30023161,2,fever,10,87,118,77,21,98,35.4
30023162,4,headache,7,49,124,80,28,96,37.5
30023163,3,headache,5,90,126,73,13,92,37.2
30023164,3,shortness of breath,5,63,118,75,19,97,38.2
30023165,1,fall,6,81,118,100,20,99,38.2
30023166,3,laceration,4,64,118,67,29,96,35.4
30023167,4,fever,0,86,111,86,17,93,37.6
30023168,2,laceration,6,103,159,75,12,100,36.5
30023169,3,headache,4,67,115,86,19,100,36.4
30023170,3,fever,5,73,132,93,19,99,37.1
30023171,3,back pain,3,67,113,94,19,97,37.1
30023172,3,fever,2,82,86,73,21,96,38.0
30023173,3,fall,2,92,148,99,23,96,37.1
30023174,4,anxiety,3,95,58,82,21,100,38.2
30023175,3,knee pain,3,65,147,81,15,97,37.4
30023176,3,chest pain,0,78,100,77,19,100,36.7
30023177,3,anxiety,0,112,101,69,27,95,36.5
30023178,3,headache,5,84,107,74,15,98,37.0
30023179,3,knee pain,1,92,95,56,17,99,37.1
30023180,3,shortness of breath,0,89,112,79,18,98,36.2
30023181,3,headache,1,76,93,95,18,93,37.2
30023182,3,fever,4,96,144,76,19,100,37.3
30023183,1,fall,8,110,153,79,20,97,36.9
30023184,3,abdominal pain,7,65,93,83,16,93,36.2
30023185,3,knee pain,2,84,160,66,8,99,36.4
30023186,3,back pain,1,98,133,74,23,99,36.4
30023187,3,headache,0,71,132,91,25,100,36.8
30023188,3,shortness of breath,6,58,110,69,18,97,36.7
30023189,3,chest pain,1,112,103,70,15,95,36.2
30023190,3,fall,7,94,121,78,18,100,35.8
30023191,2,headache,10,102,113,56,19,96,36.8
30023192,1,headache,8,64,128,86,14,95,36.3
30023193,3,shortness of breath,1,80,61,87,20,96,35.2
30023194,2,fall,6,97,131,70,18,97,35.7
30023195,3,chest pain,6,70,115,72,18,100,36.9
30023196,4,back pain,5,57,188,69,19,100,37.6
30023197,4,laceration,4,79,93,57,25,93,36.9
30023198,2,shortness of breath,8,89,120,86,14,99,36.9
30023199,3,shortness of breath,6,65,167,70,20,94,37.8
30023200,2,chest pain,7,71,124,53,17,100,37.6
30023201,3,anxiety,7,105,106,75,23,100,35.5
30023202,1,back pain,8,62,108,41,31,94,37.7
30023203,5,abdominal pain,5,112,131,96,21,100,35.5
30023204,3,back pain,5,89,161,112,11,95,36.5
30023205,4,laceration,2,71,101,56,22,98,37.4
30023206,2,fall,6,61,122,98,25,92,36.9
30023207,3,knee pain,4,94,134,85,20,100,36.2
30023208,3,shortness of breath,7,84,145,85,20,95,38.0
30023209,3,headache,5,66,128,86,18,100,38.1
30023210,3,knee pain,3,81,134,67,12,95,35.8
30023211,3,fever,6,89,112,53,22,98,37.9
30023212,4,abdominal pain,0,90,150,45,13,98,37.8
30023213,4,abdominal pain,7,67,83,69,17,100,37.5
30023214,3,abdominal pain,3,77,114,51,17,97,36.1
30023215,3,shortness of breath,2,84,154,93,32,96,36.5
30023216,3,chest pain,0,88,129,90,16,99,37.7
30023217,3,chest pain,1,114,148,20,19,96,37.2
30023218,3,back pain,1,74,115,85,23,93,38.5
30023219,3,fever,7,121,143,68,17,91,37.1
30023220,3,chest pain,3,118,115,83,21,100,35.8
30023221,4,chest pain,2,68,139,118,17,100,37.8
30023222,2,shortness of breath,8,117,87,104,19,100,36.7
30023223,3,shortness of breath,1,67,98,80,14,98,36.8
30023224,4,anxiety,6,92,128,83,20,97,37.1
30023225,3,laceration,4,52,118,68,23,100,36.5
30023226,3,abdominal pain,4,117,124,82,25,95,36.4
30023227,2,shortness of breath,10,73,100,93,20,96,37.6
30023228,5,fall,4,90,120,73,18,100,38.0
30023229,2,chest pain,7,69,155,95,13,99,36.6
30023230,2,fall,8,99,126,59,20,96,35.8
30023231,4,knee pain,3,91,93,108,24,100,35.8
30023232,3,back pain,6,84,103,68,16,99,36.8
30023233,4,anxiety,1,85,148,96,18,95,37.5
30023234,2,anxiety,10,96,158,101,25,100,36.8
30023235,3,shortness of breath,2,81,98,78,25,98,36.6
30023236,3,anxiety,4,92,151,79,21,98,37.3
30023237,3,chest pain,0,80,100,64,20,98,36.1
30023238,2,headache,7,76,154,57,16,98,38.1
30023239,4,knee pain,0,85,133,76,20,98,36.9
30023240,1,laceration,10,98,114,76,18,100,36.8
30023241,4,back pain,2,84,119,83,12,92,37.1
30023242,1,fever,6,71,147,79,20,96,37.4
30023243,4,abdominal pain,7,99,87,67,15,95,36.8
30023244,2,knee pain,8,108,159,93,19,96,37.8
30023245,3,knee pain,2,93,133,65,21,97,35.8
30023246,5,chest pain,3,92,121,66,19,100,38.3
30023247,3,fever,1,102,133,70,18,100,35.2
30023248,2,headache,7,62,122,97,21,100,36.3
30023249,4,knee pain,7,113,128,79,13,90,38.0
30023250,3,knee pain,4,114,96,93,14,95,36.3
30023251,3,anxiety,0,74,125,74,19,96,36.5
30023252,2,chest pain,6,95,147,75,14,96,36.7
30023253,4,shortness of breath,3,89,104,111,8,96,37.0
30023254,2,fall,6,85,138,95,13,100,38.0
30023255,4,anxiety,7,80,152,87,25,96,36.8
30023256,3,laceration,6,58,118,54,26,96,37.6
30023257,4,shortness of breath,1,96,135,87,16,96,37.9
30023258,3,shortness of breath,1,69,93,94,16,95,37.4
30023259,2,back pain,8,78,116,70,24,100,36.8
30023260,3,chest pain,0,79,138,95,27,97,37.6
30023261,3,fever,3,68,155,65,15,99,37.1
30023262,3,knee pain,4,74,119,91,17,92,37.9
30023263,3,fall,5,84,123,55,17,99,37.6
30023264,4,headache,1,85,142,84,16,100,37.0
30023265,3,headache,4,78,118,76,19,92,36.9
30023266,3,fever,0,104,152,85,16,98,37.0
30023267,3,knee pain,3,88,118,72,14,96,37.5
30023268,3,knee pain,1,111,102,81,22,100,35.7
30023269,1,knee pain,7,90,109,99,15,97,36.5
30023270,2,back pain,7,81,132,36,28,100,36.5
30023271,4,abdominal pain,6,94,111,94,17,99,36.6
30023272,1,back pain,10,69,154,76,16,97,36.7
30023273,4,abdominal pain,4,90,120,102,16,98,37.1
30023274,3,laceration,1,79,97,87,16,97,36.2
30023275,1,laceration,6,47,105,67,18,94,37.6
30023276,2,chest pain,7,73,115,71,27,98,36.2
30023277,3,laceration,5,79,163,93,20,98,36.6
30023278,3,headache,6,83,128,86,19,96,36.9
30023279,4,abdominal pain,2,104,100,93,14,100,36.9
30023280,3,headache,5,98,132,124,17,99,37.6
30023281,2,knee pain,10,102,105,60,19,91,37.2
30023282,3,laceration,0,95,104,90,21,100,38.2
30023283,3,abdominal pain,6,103,106,68,15,100,36.2
30023284,2,laceration,10,64,131,94,19,96,37.3
30023285,3,fever,4,99,129,82,21,100,37.4
30023286,3,fall,6,71,145,43,23,100,37.2
30023287,5,laceration,2,83,143,74,20,100,37.7
30023288,1,shortness of breath,8,76,115,77,20,94,35.6
30023289,4,back pain,7,95,162,58,25,97,37.0
30023290,1,knee pain,6,89,153,54,23,95,37.3
30023291,4,abdominal pain,5,119,152,65,17,95,37.3
30023292,4,laceration,2,80,167,92,14,96,38.3
30023293,1,laceration,7,78,114,70,21,100,35.9
30023294,4,knee pain,3,93,99,94,20,95,37.5
30023295,4,chest pain,6,75,105,67,18,95,36.5
30023296,3,fever,1,95,81,70,21,97,38.2
30023297,3,anxiety,7,86,171,59,25,97,36.7
30023298,3,headache,6,128,127,80,17,100,38.2
30023299,3,anxiety,7,91,116,78,20,98,37.0
30023300,4,abdominal pain,4,79,134,82,17,98,37.4
30023301,3,headache,4,79,124,87,12,96,36.8
30023302,3,knee pain,4,93,148,59,19,97,38.0
30023303,3,back pain,4,64,118,80,12,97,36.6
30023304,3,back pain,4,97,104,70,19,98,37.0
30023305,2,laceration,6,72,99,94,25,94,36.6
30023306,3,fever,4,80,133,61,21,100,34.9
30023307,4,fever,5,78,108,116,3,94,37.6
30023308,3,knee pain,7,107,116,51,19,95,36.6
30023309,5,abdominal pain,3,107,157,67,18,97,36.1
30023310,1,headache,7,106,133,79,17,99,37.9
30023311,1,knee pain,8,63,138,75,21,96,38.6
30023312,3,knee pain,6,80,161,82,21,89,37.0
30023313,3,back pain,2,76,123,70,14,100,36.6
30023314,5,chest pain,2,76,145,75,23,100,38.0
30023315,3,fall,3,87,122,82,22,98,38.0
30023316,3,knee pain,5,70,129,81,15,97,37.2
30023317,4,shortness of breath,4,85,129,84,16,93,36.4
30023318,3,abdominal pain,2,90,107,54,22,97,36.7
30023319,2,chest pain,6,71,110,83,10,97,36.7
30023320,3,fever,2,84,146,104,12,96,37.4
30023321,2,fever,7,107,137,65,19,96,39.0
30023322,3,headache,2,69,165,96,17,98,37.5
30023323,4,abdominal pain,2,90,103,88,20,95,36.9
30023324,1,abdominal pain,8,80,139,100,17,99,36.7
30023325,5,laceration,6,79,116,83,22,100,35.9
30023326,3,chest pain,4,79,120,95,18,99,37.0
30023327,3,headache,3,83,125,77,20,98,37.2
30023328,3,abdominal pain,1,68,93,68,21,98,36.8
30023329,3,laceration,3,88,103,110,17,94,36.6
30023330,4,knee pain,7,94,140,78,19,92,38.5
30023331,1,headache,10,85,134,93,16,97,37.8
30023332,1,laceration,8,98,95,100,20,96,37.2
30023333,2,chest pain,9,77,131,91,19,90,37.6
30023334,4,shortness of breath,1,102,134,93,19,100,38.5
30023335,2,back pain,6,82,142,86,19,94,37.8
30023336,4,back pain,1,63,130,67,22,100,36.7
30023337,4,knee pain,2,106,136,57,22,100,37.6
30023338,4,back pain,7,105,151,80,20,97,37.2
30023339,2,fall,7,103,162,109,17,98,37.6
30023340,3,shortness of breath,7,106,134,65,22,95,36.9
30023341,4,shortness of breath,7,89,153,81,19,95,36.5
30023342,1,abdominal pain,9,90,163,66,7,100,37.7
30023343,3,abdominal pain,4,77,109,78,19,98,38.6
30023344,5,back pain,1,97,143,77,17,95,37.5
30023345,3,headache,2,69,93,78,21,93,37.7
30023346,2,anxiety,7,103,138,55,24,97,36.7
30023347,3,laceration,0,69,126,98,17,96,36.7
30023348,3,back pain,3,68,139,85,23,100,35.8
30023349,3,headache,4,88,136,75,27,95,35.3
30023350,2,headache,8,89,111,74,24,97,38.0
30023351,5,back pain,7,93,82,86,11,94,37.0
30023352,2,back pain,10,86,119,76,18,96,35.8
30023353,3,back pain,1,75,127,87,23,98,36.3
30023354,3,knee pain,6,74,104,67,11,100,37.0
30023355,2,anxiety,10,93,118,92,23,96,37.1
30023356,2,back pain,9,106,128,95,18,96,37.5
30023357,3,fever,3,82,133,78,17,97,37.4
30023358,3,laceration,4,98,94,58,18,100,36.5
30023359,3,anxiety,3,95,112,78,14,95,36.1
30023360,3,shortness of breath,6,103,124,71,22,97,35.2
30023361,4,laceration,3,70,122,61,17,95,37.0
30023362,3,laceration,0,88,121,88,18,97,35.7
30023363,3,chest pain,7,81,122,91,20,90,37.6
30023364,3,headache,6,102,140,76,24,95,37.4
30023365,3,anxiety,4,113,118,86,15,97,36.1
30023366,3,anxiety,3,71,141,92,19,99,37.0
30023367,4,chest pain,0,85,156,74,19,95,38.9
30023368,3,back pain,5,65,132,105,19,98,36.6
30023369,3,anxiety,2,98,105,58,11,96,36.0
30023370,3,chest pain,6,64,129,80,24,100,35.3
30023371,3,headache,2,86,104,71,17,96,37.6
30023372,2,chest pain,9,93,111,77,26,94,36.0
30023373,4,abdominal pain,2,80,107,70,13,98,36.8
30023374,3,chest pain,7,84,93,48,19,100,37.9
30023375,2,laceration,7,111,113,83,13,95,36.9
30023376,3,fever,5,63,101,72,17,97,36.6
30023377,2,knee pain,7,115,163,77,26,96,38.1
30023378,3,chest pain,4,107,135,73,17,97,36.7
30023379,3,fall,0,96,123,94,19,100,37.1
30023380,3,anxiety,2,80,147,82,17,99,37.1
30023381,3,back pain,0,101,123,79,21,94,36.2
30023382,4,abdominal pain,1,89,127,72,26,94,38.0
30023383,4,knee pain,3,78,135,88,23,96,37.4
30023384,2,laceration,7,86,108,77,15,100,37.5
30023385,3,fall,4,86,108,83,15,100,37.7
30023386,2,anxiety,8,97,153,93,20,100,36.5
30023387,2,back pain,7,92,139,104,24,97,37.3
30023388,1,abdominal pain,7,73,124,104,18,100,37.5
30023389,4,fall,6,104,136,79,17,98,37.3
30023390,3,abdominal pain,5,72,117,81,20,97,35.6
30023391,3,anxiety,3,94,118,96,20,97,36.3
30023392,3,anxiety,3,76,147,90,17,93,37.0
30023393,3,abdominal pain,3,87,128,93,20,94,37.8
30023394,4,shortness of breath,0,76,133,100,15,100,37.7
30023395,5,anxiety,2,85,129,66,17,99,36.7
30023396,3,abdominal pain,0,79,98,84,16,99,37.8
30023397,4,fall,0,86,139,76,15,99,37.0
30023398,4,anxiety,3,110,120,64,16,99,37.0
30023399,3,knee pain,2,78,108,78,21,92,36.9
30023400,1,knee pain,7,79,141,105,25,96,36.3
30023401,4,fever,1,104,140,95,23,97,37.5
30023402,3,abdominal pain,6,93,98,79,12,97,35.2
30023403,4,abdominal pain,5,107,103,81,13,96,37.6
30023404,3,abdominal pain,3,84,65,100,22,100,35.6
30023405,2,back pain,6,95,152,75,15,96,36.8
30023406,2,shortness of breath,8,93,123,95,15,98,36.3
30023407,3,fall,2,99,150,73,14,100,37.3
30023408,3,chest pain,7,88,113,55,16,94,37.4
30023409,2,abdominal pain,6,57,150,87,25,100,37.4
30023410,3,knee pain,0,93,157,62,20,95,37.8
30023411,1,abdominal pain,10,87,119,76,17,92,36.0
30023412,4,chest pain,2,88,157,99,21,100,36.6
30023413,3,anxiety,4,112,151,66,21,100,38.2
30023414,3,abdominal pain,7,79,157,67,17,96,36.1
30023415,2,shortness of breath,10,91,115,82,15,100,37.7
30023416,3,headache,0,94,118,91,14,91,37.5
30023417,5,chest pain,1,81,163,65,12,98,37.0
30023418,2,chest pain,8,88,102,91,16,100,37.6
30023419,3,laceration,0,85,116,87,8,97,35.4
30023420,3,shortness of breath,4,82,146,58,16,97,36.8
30023421,1,laceration,6,90,142,71,9,100,37.9
30023422,4,back pain,4,100,116,75,19,95,37.4
30023423,3,fall,0,95,136,81,19,93,36.0
30023424,3,anxiety,7,79,143,62,26,98,36.7
30023425,3,abdominal pain,1,74,102,77,19,99,36.3
30023426,2,knee pain,7,75,125,83,15,95,36.4
30023427,3,back pain,5,79,126,65,8,100,37.2
30023428,3,headache,3,56,128,103,17,92,38.7
30023429,3,fall,0,96,133,78,17,95,36.2
30023430,3,headache,7,107,185,76,16,97,38.0
30023431,2,knee pain,9,114,127,67,20,99,37.1
30023432,3,chest pain,7,56,140,71,17,94,36.8
30023433,3,headache,2,91,102,81,12,96,37.7
30023434,3,anxiety,7,90,108,46,17,97,38.1
30023435,4,shortness of breath,0,77,95,93,17,95,37.5
30023436,4,chest pain,7,88,136,90,24,99,37.3
30023437,4,laceration,6,79,108,48,14,100,36.5
30023438,3,anxiety,4,104,123,79,15,97,37.9
30023439,4,chest pain,0,81,112,56,22,95,35.6
30023440,5,fall,5,82,94,69,24,94,36.8
30023441,3,fall,3,85,150,97,18,93,36.5
30023442,3,anxiety,4,67,117,86,13,94,36.8
30023443,4,laceration,7,82,140,103,20,96,37.4
30023444,3,back pain,6,93,117,57,20,100,36.3
30023445,3,headache,0,86,134,75,14,95,36.9
30023446,3,headache,7,52,120,75,20,99,36.8
30023447,5,chest pain,0,53,122,77,16,99,36.7
30023448,3,chest pain,0,101,110,85,17,97,36.7
30023449,2,headache,6,99,95,77,17,99,35.8
30023450,3,knee pain,6,67,141,68,19,95,37.1
30023451,3,chest pain,6,73,130,98,18,98,36.8
30023452,4,fever,5,58,130,58,23,100,36.5
30023453,4,fever,0,90,120,87,13,97,37.0
30023454,2,headache,10,85,109,71,13,100,38.1
30023455,4,back pain,4,64,125,86,17,99,36.4
30023456,3,back pain,0,110,108,77,13,99,37.3
30023457,3,fever,7,90,115,91,19,95,38.8
30023458,3,chest pain,7,91,137,64,15,95,37.4
30023459,3,laceration,6,115,138,58,17,100,35.7
30023460,2,fall,8,101,117,98,18,98,38.2
30023461,3,chest pain,1,53,133,75,16,92,35.4
30023462,3,knee pain,0,106,92,101,23,95,37.3
30023463,4,chest pain,7,89,117,50,20,99,37.3
30023464,1,abdominal pain,10,71,128,106,20,100,36.0
30023465,3,laceration,5,69,162,89,24,93,37.1
30023466,5,back pain,2,108,131,105,10,95,36.6
30023467,5,anxiety,6,79,136,97,22,97,37.0
30023468,2,shortness of breath,8,88,111,95,20,96,37.7
30023469,1,shortness of breath,7,83,134,92,17,97,36.0
30023470,3,abdominal pain,1,62,146,63,15,99,38.1
30023471,5,back pain,2,60,145,64,20,91,37.7
30023472,2,anxiety,10,90,195,82,16,99,37.7
30023473,3,chest pain,0,87,149,82,12,100,36.5
30023474,3,headache,4,109,127,86,16,98,37.9
30023475,1,headache,10,95,69,64,18,93,36.1
30023476,3,fever,0,111,108,77,17,97,37.3
30023477,4,fever,4,88,120,63,17,96,37.9
30023478,4,laceration,0,76,122,98,19,93,37.3
30023479,3,shortness of breath,7,76,127,86,15,100,36.6
30023480,2,abdominal pain,8,73,117,83,17,98,36.8
30023481,3,back pain,4,65,103,66,14,95,36.3
30023482,2,shortness of breath,9,71,117,60,14,91,36.4
30023483,3,knee pain,7,84,132,78,17,100,36.9
30023484,4,fever,1,64,126,57,16,100,39.0
30023485,4,laceration,3,61,137,74,20,99,35.9
30023486,3,abdominal pain,4,88,122,96,27,96,38.6
30023487,3,anxiety,3,93,132,69,19,100,37.2
30023488,3,back pain,4,96,114,59,11,94,37.8
30023489,3,fall,3,85,128,64,19,99,37.1
30023490,3,headache,1,61,115,91,11,95,37.3
30023491,2,anxiety,8,69,101,89,21,94,36.2
30023492,3,fever,6,72,104,89,18,91,36.4
30023493,1,headache,6,72,103,96,15,96,37.5
30023494,1,shortness of breath,8,62,107,107,19,99,38.3
30023495,2,shortness of breath,8,76,156,71,16,97,37.4
30023496,2,headache,8,100,122,102,12,98,35.4
30023497,3,shortness of breath,6,90,107,99,11,96,36.7
30023498,3,abdominal pain,2,73,138,68,13,97,37.1
30023499,3,fever,4,81,116,95,19,100,37.3
30023500,3,knee pain,5,65,130,83,20,97,36.3
30023501,2,anxiety,8,51,74,58,21,94,35.3
30023502,2,abdominal pain,7,97,142,71,21,98,35.8
30023503,3,back pain,3,85,131,46,15,100,37.9
30023504,4,headache,2,77,157,108,13,99,36.6
30023505,4,back pain,3,78,116,93,12,95,36.4
30023506,2,laceration,7,64,132,75,23,91,39.0
30023507,2,chest pain,10,96,146,63,10,97,37.1
30023508,2,laceration,8,114,102,83,17,100,37.0
30023509,4,headache,5,50,149,79,19,100,37.1
30023510,3,fall,1,75,82,79,19,89,36.8
30023511,3,knee pain,4,63,132,77,14,100,37.4
30023512,4,chest pain,6,84,145,104,23,100,36.3
30023513,4,knee pain,4,107,110,69,16,100,36.4
30023514,3,fever,6,79,128,48,15,94,37.4
30023515,2,laceration,10,74,146,89,16,100,36.4
30023516,3,headache,4,95,156,73,17,99,38.1
30023517,2,fever,9,79,136,78,21,91,37.6
30023518,4,anxiety,5,95,119,64,13,97,37.6
30023519,2,chest pain,8,96,145,98,20,97,37.3
30023520,4,headache,0,94,137,74,20,97,38.3
30023521,4,back pain,1,87,128,75,7,96,36.1
30023522,5,anxiety,0,101,134,83,26,95,36.9
30023523,3,knee pain,3,74,102,78,19,93,36.7
30023524,3,shortness of breath,5,73,110,68,20,98,36.8
30023525,5,shortness of breath,3,86,119,51,21,90,36.6
30023526,3,chest pain,4,115,130,98,19,96,36.3
30023527,2,abdominal pain,10,76,118,91,18,95,36.2
30023528,2,anxiety,9,96,134,72,22,96,37.3
30023529,3,anxiety,4,79,134,69,23,97,37.7
30023530,1,knee pain,6,107,107,89,16,96,38.0
30023531,4,chest pain,6,81,133,67,22,95,37.1
30023532,2,abdominal pain,7,100,103,104,22,99,37.7
30023533,4,knee pain,1,71,148,79,17,91,37.8
30023534,1,fall,6,89,183,85,21,91,36.8
30023535,4,knee pain,2,84,88,78,17,95,37.8
30023536,3,back pain,1,96,111,65,21,100,36.5
30023537,3,chest pain,5,75,136,58,14,94,36.7
30023538,3,knee pain,3,69,119,94,19,97,37.2
30023539,3,laceration,1,103,108,80,9,96,36.7
30023540,5,shortness of breath,0,82,136,93,18,91,37.5
30023541,3,knee pain,6,69,137,61,13,98,36.9
30023542,2,fever,9,72,156,64,21,100,37.5
30023543,5,abdominal pain,0,87,123,83,13,99,36.3
30023544,3,anxiety,6,74,142,88,23,93,38.0
30023545,4,fall,0,89,142,68,16,98,36.4
30023546,3,anxiety,4,99,123,67,18,97,37.8
30023547,3,anxiety,3,109,108,63,18,93,36.4
30023548,3,laceration,6,83,99,85,20,95,37.1
30023549,3,abdominal pain,7,89,136,55,16,96,37.8
30023550,4,anxiety,4,93,160,99,23,100,37.2
30023551,3,shortness of breath,0,72,126,88,22,99,38.8
30023552,2,fall,10,93,154,65,21,96,38.0
30023553,3,chest pain,1,90,108,76,11,97,36.6
30023554,1,chest pain,7,104,97,70,22,95,36.8
30023555,2,fever,6,73,134,77,23,100,36.7
30023556,3,anxiety,1,93,120,72,18,100,37.3
30023557,3,shortness of breath,4,92,111,97,18,95,37.0
30023558,3,headache,2,78,135,86,19,100,35.9
30023559,3,fall,3,78,119,77,15,99,36.6
30023560,3,headache,4,115,117,67,19,92,37.1
30023561,3,headache,2,100,109,101,20,95,36.4
30023562,2,fever,8,98,128,72,20,96,38.0
30023563,4,laceration,4,74,114,70,17,100,37.1
30023564,1,anxiety,7,74,140,63,13,98,37.1
30023565,2,laceration,7,106,141,81,16,96,37.0
30023566,2,back pain,10,107,113,80,13,96,37.7
30023567,3,shortness of breath,4,114,92,94,12,95,36.9
30023568,3,laceration,2,77,99,74,18,100,37.6
30023569,3,fall,7,85,93,86,17,97,36.6
30023570,3,back pain,3,82,117,58,24,97,37.0
30023571,3,fever,7,91,111,71,24,100,36.5
30023572,3,chest pain,5,58,125,97,13,97,37.9
30023573,3,laceration,0,86,131,80,20,95,35.6
30023574,3,laceration,7,66,146,90,19,94,35.7
30023575,3,shortness of breath,7,73,119,83,21,91,35.9
30023576,4,shortness of breath,7,102,131,87,19,96,37.1
30023577,2,abdominal pain,8,60,127,76,12,97,36.7
30023578,3,knee pain,7,51,108,75,28,95,36.5
30023579,3,laceration,2,85,116,45,16,94,35.7
30023580,3,fall,3,81,119,91,17,90,37.1
30023581,4,knee pain,1,89,124,75,3,98,37.0
30023582,4,knee pain,7,82,122,78,12,93,38.2
30023583,3,chest pain,7,102,151,74,15,96,37.8
30023584,3,headache,2,110,127,62,20,97,38.1
30023585,3,fever,6,79,146,92,11,98,37.9
30023586,1,fall,6,86,99,87,16,97,38.4
30023587,3,abdominal pain,7,59,133,80,14,100,37.9
30023588,3,fall,6,71,132,76,20,97,37.5
30023589,3,back pain,7,73,113,86,21,99,36.6
30023590,3,back pain,5,111,121,68,19,99,37.7
30023591,2,chest pain,7,97,123,103,22,98,37.6
30023592,3,fever,0,58,79,70,21,98,37.0
30023593,3,shortness of breath,4,109,145,78,21,100,36.3
30023594,3,knee pain,5,84,141,82,13,96,37.9
30023595,3,back pain,3,89,113,67,22,91,37.3
30023596,2,anxiety,9,80,152,68,24,100,37.2
30023597,3,headache,6,96,109,71,17,99,36.4
30023598,4,knee pain,7,110,128,70,14,100,37.4
30023599,1,fever,7,104,114,72,18,96,36.9
30023600,5,laceration,3,103,110,79,10,93,37.0
30023601,4,anxiety,1,58,126,90,19,97,36.9
30023602,1,headache,10,64,99,85,13,96,36.1
30023603,2,fall,6,84,155,40,24,92,37.3
30023604,3,abdominal pain,5,83,116,88,24,97,36.8
30023605,1,laceration,7,96,127,67,19,100,37.6
30023606,2,fever,9,65,116,94,23,98,35.6
30023607,3,fever,4,104,119,86,17,94,36.8
30023608,4,headache,5,113,126,91,13,99,37.1
30023609,2,shortness of breath,9,92,154,68,18,93,36.8
30023610,2,laceration,6,88,72,68,19,92,35.5
30023611,3,anxiety,0,84,126,81,22,95,38.1
30023612,3,fall,1,79,140,104,19,98,38.0
30023613,4,laceration,2,105,124,82,25,97,38.0
30023614,4,shortness of breath,2,110,138,82,15,96,36.2
30023615,4,laceration,0,47,144,88,19,96,36.3
30023616,3,chest pain,4,77,132,69,18,95,36.5
30023617,3,shortness of breath,2,83,108,83,20,96,37.1
30023618,3,shortness of breath,5,70,112,90,17,98,36.8
30023619,2,fall,7,96,96,68,17,99,36.6
30023620,4,laceration,3,89,164,71,17,98,38.2
30023621,3,knee pain,3,86,53,62,15,98,36.6
30023622,3,back pain,6,81,137,67,17,95,36.8
30023623,3,abdominal pain,5,67,118,55,21,99,38.3
30023624,3,fever,1,77,150,86,11,100,34.9
30023625,3,chest pain,4,69,86,70,19,99,36.5
30023626,3,chest pain,6,84,129,74,18,95,36.6
30023627,3,fall,6,77,168,94,23,96,37.4
30023628,5,knee pain,0,72,104,91,23,96,38.3
30023629,3,chest pain,3,66,133,84,19,98,37.7
30023630,3,back pain,6,62,135,64,17,95,37.4
30023631,4,fall,0,89,143,58,16,96,38.4
30023632,3,headache,7,96,145,77,14,100,36.9
30023633,2,laceration,9,97,136,96,19,96,35.6
30023634,3,chest pain,7,87,117,74,20,100,36.8
30023635,3,back pain,0,108,145,79,23,96,38.2
30023636,2,chest pain,6,108,104,104,16,95,36.4
30023637,4,chest pain,6,87,129,87,17,94,35.6
30023638,3,shortness of breath,4,109,89,61,19,99,36.9
30023639,3,laceration,7,87,115,67,8,95,37.2
30023640,4,knee pain,7,82,133,84,19,99,36.7
30023641,3,shortness of breath,1,102,132,88,19,96,36.3
30023642,4,anxiety,7,89,144,78,15,92,38.0
30023643,2,fall,10,105,104,116,19,97,37.5
30023644,2,headache,9,102,118,82,17,98,39.1
30023645,4,chest pain,3,64,116,88,17,94,36.9
30023646,5,knee pain,0,85,128,108,21,98,38.1
30023647,5,fever,3,105,138,44,17,100,36.0
30023648,3,headache,2,65,105,67,15,98,36.2
30023649,3,anxiety,2,85,136,77,14,95,37.5
30023650,5,knee pain,5,82,139,68,26,96,36.6
30023651,4,chest pain,0,90,106,83,16,97,37.2
30023652,4,fall,7,104,118,65,21,95,36.5
30023653,3,fever,7,103,149,88,19,96,36.2
30023654,2,anxiety,6,98,124,91,15,99,36.4
30023655,2,abdominal pain,9,103,145,71,18,93,36.3
30023656,3,laceration,7,68,132,75,12,97,36.3
30023657,3,knee pain,4,77,117,79,19,99,36.3
30023658,4,fall,4,113,148,87,17,94,38.1
30023659,3,fall,5,95,117,98,15,100,37.9
30023660,3,headache,3,101,168,82,20,97,36.3
30023661,3,chest pain,4,83,131,82,24,99,36.8
30023662,3,laceration,0,85,114,53,24,94,35.9
30023663,3,laceration,5,99,149,104,18,100,36.9
30023664,4,chest pain,6,75,120,77,19,94,37.9
30023665,2,laceration,10,99,110,82,17,98,36.4
30023666,3,fall,6,81,113,89,18,96,37.7
30023667,3,fever,7,63,151,86,18,97,37.0
30023668,3,fall,2,94,125,86,19,97,37.6
30023669,2,shortness of breath,8,85,143,85,16,97,38.0
30023670,3,knee pain,2,82,130,80,19,100,38.7
30023671,2,shortness of breath,10,87,154,94,21,96,37.7
30023672,2,shortness of breath,8,93,143,51,19,96,36.3
30023673,4,fall,1,76,122,50,13,95,36.7
30023674,5,headache,2,86,137,83,15,100,36.8
30023675,1,fever,8,77,108,92,16,91,38.4
30023676,2,fever,10,83,86,61,17,96,36.0
30023677,3,chest pain,1,76,137,80,15,92,37.5
30023678,5,fall,0,67,110,89,15,92,38.1
30023679,2,headache,7,132,94,73,14,94,37.7
30023680,4,abdominal pain,5,78,109,88,15,98,36.0
30023681,2,abdominal pain,10,67,109,92,22,96,37.3
30023682,3,knee pain,2,74,140,93,14,94,37.0
30023683,3,back pain,3,73,117,113,13,91,37.7
30023684,3,knee pain,7,92,134,70,19,96,36.2
30023685,3,back pain,5,89,164,58,19,98,36.9
30023686,2,back pain,7,75,92,82,19,100,38.2
30023687,2,fever,9,99,96,87,19,100,37.2
30023688,3,knee pain,0,100,152,76,20,100,37.8
30023689,1,abdominal pain,6,88,111,89,16,94,38.8
30023690,3,fever,5,76,120,98,20,94,36.8
30023691,2,back pain,8,82,129,76,20,97,37.9
30023692,2,headache,10,70,141,90,14,96,36.0
30023693,3,fall,3,117,113,114,14,99,35.9
30023694,4,shortness of breath,1,74,149,90,20,100,38.5
30023695,3,abdominal pain,7,66,170,67,18,96,37.5
30023696,3,chest pain,2,94,91,92,23,100,37.5
30023697,4,fever,6,79,102,45,17,97,37.2
30023698,2,back pain,9,65,122,87,16,100,34.7
30023699,3,back pain,0,68,133,107,15,100,36.0
30023700,3,back pain,7,99,119,76,16,97,36.2
30023701,1,headache,6,83,78,48,21,95,37.6
30023702,2,chest pain,10,78,132,89,15,96,38.6
30023703,1,anxiety,10,70,140,71,30,94,37.9
30023704,4,abdominal pain,7,95,133,83,13,100,37.6
30023705,4,knee pain,7,77,136,72,22,100,37.2
30023706,2,knee pain,6,74,145,57,19,95,36.1
30023707,2,laceration,10,113,96,82,20,98,38.1
30023708,3,laceration,2,80,102,86,18,100,36.1
30023709,3,back pain,0,81,155,78,15,95,36.4
30023710,4,chest pain,5,61,120,84,12,93,36.6
30023711,2,back pain,6,89,110,113,21,97,36.3
30023712,3,anxiety,1,66,140,90,14,94,37.1
30023713,3,laceration,1,67,121,79,16,95,36.3
30023714,3,laceration,3,83,126,79,14,96,36.5
30023715,4,anxiety,5,85,156,70,18,93,37.1
30023716,4,laceration,6,86,127,74,16,99,37.7
30023717,2,back pain,8,86,143,77,20,100,37.9
30023718,3,fall,0,77,129,100,17,96,37.5
30023719,2,knee pain,6,78,87,85,15,100,36.7
30023720,3,abdominal pain,3,53,106,90,23,95,37.0
30023721,5,abdominal pain,2,104,165,70,19,96,37.1
30023722,3,knee pain,3,89,169,86,11,95,35.7
30023723,3,laceration,2,76,118,79,24,94,37.8
30023724,3,back pain,1,81,119,74,29,93,37.1
30023725,2,shortness of breath,6,79,146,85,16,100,39.9
30023726,3,knee pain,3,102,94,109,21,98,37.1
30023727,3,abdominal pain,6,84,96,78,20,100,36.8
30023728,4,headache,7,98,107,73,19,93,37.8
30023729,2,fall,10,90,149,64,18,95,37.9
30023730,3,fall,6,62,128,85,18,97,37.7
30023731,3,back pain,7,55,151,92,16,97,37.4
30023732,3,chest pain,2,76,127,62,20,100,36.1
30023733,3,fever,6,113,115,130,20,100,37.5
30023734,3,back pain,0,88,96,94,18,98,36.5
30023735,3,fever,0,81,144,92,15,98,37.1
30023736,4,shortness of breath,2,82,130,95,22,92,37.0
30023737,3,chest pain,3,76,115,80,18,95,36.6
30023738,4,anxiety,2,66,130,110,15,100,38.2
30023739,3,fall,4,79,97,65,19,100,37.3
30023740,3,headache,0,95,111,91,17,91,37.7
30023741,1,chest pain,6,80,90,64,25,92,37.8
30023742,3,fever,0,92,117,80,22,99,35.6
30023743,3,shortness of breath,0,99,108,99,22,99,37.5
30023744,3,abdominal pain,0,62,154,99,21,98,36.0
30023745,4,abdominal pain,3,58,119,81,15,97,37.5
30023746,3,abdominal pain,1,136,115,52,16,94,36.9
30023747,3,knee pain,2,100,117,90,17,96,36.8
30023748,4,anxiety,4,96,129,88,17,99,36.7
30023749,2,abdominal pain,9,95,105,70,11,98,36.6
30023750,4,chest pain,4,80,119,72,13,99,37.0
30023751,3,shortness of breath,5,58,113,91,15,100,36.3
30023752,4,abdominal pain,6,105,113,92,10,96,35.0
30023753,2,headache,10,95,141,72,16,94,37.1
30023754,2,headache,8,66,98,76,19,94,36.1
30023755,3,shortness of breath,5,86,98,90,19,98,35.6
30023756,3,fever,2,48,126,61,18,100,36.9
30023757,3,shortness of breath,3,77,143,99,28,98,38.7
30023758,3,fall,0,99,134,91,14,99,36.6
30023759,3,headache,2,78,121,78,19,95,35.4
30023760,4,back pain,3,72,114,85,19,100,36.7
30023761,3,fall,2,102,125,98,17,100,38.6
30023762,4,anxiety,0,62,137,82,24,99,37.1
30023763,3,back pain,7,91,118,73,26,95,37.5
30023764,3,headache,1,78,119,68,17,91,36.7
30023765,5,back pain,1,63,133,70,15,97,37.1
30023766,4,fever,1,101,123,65,18,94,36.1
30023767,3,anxiety,7,80,127,87,19,97,37.6
30023768,2,shortness of breath,7,98,141,94,22,98,36.1
30023769,3,shortness of breath,6,76,116,105,23,98,38.3
30023770,1,fall,10,68,83,84,16,98,37.3
30023771,3,fall,4,82,111,80,17,95,35.1
30023772,3,anxiety,3,89,132,90,19,92,37.2
30023773,3,shortness of breath,6,98,117,97,23,97,36.3
30023774,3,shortness of breath,1,100,150,88,4,95,36.1
30023775,3,back pain,6,78,154,72,22,96,37.7
30023776,2,knee pain,10,56,90,85,14,92,37.3
30023777,3,knee pain,0,79,100,91,15,100,36.6
30023778,4,anxiety,4,56,111,68,27,97,37.0
30023779,3,fever,2,80,149,63,17,100,36.8
30023780,1,headache,10,97,146,67,18,94,36.5
30023781,2,laceration,7,69,139,78,18,98,37.1
30023782,3,shortness of breath,4,85,124,96,21,99,36.4
30023783,2,knee pain,8,130,122,82,21,97,36.8
30023784,4,headache,4,65,131,105,19,96,36.7
30023785,3,shortness of breath,7,58,85,98,20,97,37.2
30023786,3,laceration,5,68,118,51,16,98,37.8
30023787,4,shortness of breath,3,44,120,45,16,97,37.6
30023788,2,headache,10,98,108,64,17,98,37.4
30023789,2,anxiety,7,90,155,74,13,97,36.6
30023790,3,fever,2,91,136,89,19,94,36.8
30023791,4,shortness of breath,1,64,111,89,16,98,37.1
30023792,3,fever,4,81,121,74,19,95,37.8
30023793,3,fever,7,77,83,104,12,96,37.5
30023794,3,anxiety,3,102,158,66,17,100,37.6
30023795,2,shortness of breath,7,85,137,67,14,90,37.3
30023796,3,anxiety,4,93,124,75,15,100,36.4
30023797,3,back pain,4,68,119,77,16,98,37.9
30023798,3,laceration,6,99,102,88,22,100,37.3
30023799,4,shortness of breath,4,98,125,83,16,100,35.3
30023800,4,headache,2,75,128,51,15,94,37.1
30023801,4,laceration,0,75,125,83,20,99,37.1
30023802,2,abdominal pain,6,89,102,99,11,100,35.8
30023803,2,fall,8,59,125,38,16,94,38.3
30023804,2,headache,10,94,120,85,13,100,38.4
30023805,3,knee pain,5,106,101,69,21,96,36.4
30023806,4,anxiety,3,77,128,76,27,97,37.3
30023807,2,laceration,10,70,118,84,18,98,37.2
30023808,3,knee pain,3,82,112,85,21,94,36.9
30023809,4,back pain,6,98,91,65,19,97,35.7
30023810,4,shortness of breath,6,90,161,86,23,97,37.8
30023811,2,chest pain,8,78,128,113,21,96,36.9
30023812,1,back pain,10,97,175,66,20,97,38.6
30023813,3,fall,1,92,131,78,21,96,35.1
30023814,3,abdominal pain,6,44,125,83,20,100,37.2
30023815,2,chest pain,7,105,111,76,33,97,35.5
30023816,3,anxiety,0,93,131,69,18,100,38.2
30023817,2,knee pain,10,119,162,99,25,94,38.5
30023818,4,back pain,1,82,108,85,29,90,36.9
30023819,3,abdominal pain,1,88,132,60,17,93,37.5
30023820,3,shortness of breath,5,84,130,58,16,100,37.7
30023821,3,chest pain,3,86,157,92,20,98,38.6
30023822,4,back pain,4,85,105,87,18,94,38.3
30023823,2,headache,6,116,166,106,20,91,37.0
30023824,3,laceration,7,68,110,78,15,90,36.9
30023825,3,back pain,5,96,155,70,18,100,37.0
30023826,3,fall,2,105,147,79,23,97,36.7
30023827,4,back pain,1,106,126,96,8,100,36.2
30023828,3,laceration,1,91,141,82,9,100,37.1
30023829,4,knee pain,5,107,142,78,19,94,37.7
30023830,3,anxiety,2,48,128,108,19,95,37.4
30023831,3,fever,1,84,130,112,25,96,36.3
30023832,4,headache,5,63,150,117,15,100,36.3
30023833,2,laceration,6,84,110,77,17,99,37.5
30023834,5,anxiety,1,87,152,84,12,100,37.3
30023835,3,chest pain,0,96,144,73,20,97,36.6
30023836,3,anxiety,0,101,98,95,17,96,37.3
30023837,3,chest pain,1,74,134,99,11,100,37.6
30023838,2,shortness of breath,9,66,154,79,23,100,38.1
30023839,1,headache,10,103,123,79,13,100,36.7
30023840,3,abdominal pain,5,82,113,101,15,97,36.8
30023841,3,knee pain,5,79,111,77,14,100,37.0
30023842,2,anxiety,10,90,119,68,19,98,37.9
30023843,2,headache,10,80,143,75,21,100,37.4
30023844,1,fever,7,68,127,96,21,92,38.2
30023845,5,anxiety,4,50,93,114,14,99,36.8
30023846,3,back pain,6,99,132,80,23,99,35.5
30023847,2,knee pain,8,92,153,86,15,99,37.7
30023848,2,fall,9,77,149,81,20,96,36.9
30023849,3,headache,3,70,159,66,13,96,37.1
30023850,3,back pain,5,65,112,101,21,100,35.4
30023851,3,laceration,7,89,150,74,19,94,37.7
30023852,2,knee pain,9,84,159,67,17,98,37.2
30023853,3,anxiety,0,83,164,80,17,97,36.5
30023854,3,abdominal pain,5,80,129,69,17,96,35.9
30023855,3,chest pain,4,84,150,94,18,97,37.2
30023856,1,fall,6,109,132,73,20,100,37.6
30023857,3,shortness of breath,3,86,113,69,29,97,37.5
30023858,3,laceration,1,90,116,60,15,98,36.9
30023859,2,laceration,6,88,126,75,20,94,37.6
30023860,3,anxiety,3,67,135,76,24,98,39.0
30023861,3,knee pain,0,102,146,59,19,100,37.3
30023862,5,abdominal pain,6,77,121,70,23,94,36.4
30023863,3,headache,1,92,89,92,23,98,38.1
30023864,3,back pain,2,111,134,85,19,96,37.8
30023865,3,fever,5,69,118,79,10,99,37.4
30023866,4,chest pain,3,90,122,81,15,99,37.3
30023867,4,laceration,6,92,131,65,13,100,38.4
30023868,3,back pain,3,99,86,88,19,90,36.3
30023869,3,back pain,5,63,125,66,13,96,37.2
30023870,2,chest pain,6,77,143,107,16,97,37.6
30023871,2,laceration,8,86,125,89,20,94,36.6
30023872,2,headache,8,66,115,78,15,95,36.1
30023873,3,fall,0,61,135,92,19,98,36.6
30023874,4,knee pain,3,85,104,95,22,97,37.4
30023875,3,fever,1,78,136,103,13,94,36.0
30023876,3,anxiety,5,106,135,77,25,95,36.2
30023877,2,fall,10,69,98,74,19,98,37.2
30023878,2,headache,10,95,128,56,25,92,36.3
30023879,1,back pain,7,87,102,53,20,97,37.0
30023880,3,back pain,5,101,142,87,19,100,37.5
30023881,2,fall,8,95,96,75,17,99,36.8
30023882,3,shortness of breath,3,118,125,72,16,98,36.6
30023883,3,anxiety,1,92,133,63,19,96,36.2
30023884,5,abdominal pain,1,96,124,99,13,95,36.0
30023885,3,shortness of breath,4,86,120,84,22,97,36.3
30023886,3,laceration,1,87,114,81,18,93,37.2
30023887,5,back pain,3,79,118,60,22,100,37.6
30023888,3,headache,0,86,110,78,22,94,36.7
30023889,2,laceration,9,89,135,79,22,96,36.0
30023890,2,back pain,10,90,118,94,20,100,37.8
30023891,3,headache,3,84,119,95,18,100,36.9
30023892,5,headache,1,99,107,76,11,100,36.8
30023893,4,knee pain,3,98,86,77,22,97,37.3
30023894,3,back pain,3,67,129,42,19,95,37.0
30023895,3,abdominal pain,1,77,99,84,15,97,37.2
30023896,1,anxiety,8,56,174,76,20,100,37.0
30023897,4,back pain,6,104,145,80,17,100,35.5
30023898,3,knee pain,3,78,141,81,19,97,37.2
30023899,3,chest pain,3,84,131,86,18,91,37.0
30023900,3,back pain,7,71,115,110,25,100,36.7
30023901,2,laceration,8,98,107,62,21,96,37.2
30023902,3,back pain,7,93,115,58,20,100,38.1
30023903,4,shortness of breath,5,87,119,83,17,100,36.2
30023904,3,chest pain,1,91,117,90,16,93,38.7
30023905,4,back pain,0,114,112,52,13,99,37.0
30023906,3,knee pain,2,128,132,74,17,96,37.5
30023907,3,anxiety,3,78,140,55,16,100,35.8
30023908,2,fever,10,114,112,70,18,98,37.3
30023909,3,headache,5,91,136,73,16,100,37.4
30023910,2,fall,6,87,95,83,16,94,36.3
30023911,3,anxiety,6,95,121,77,18,97,38.2
30023912,3,knee pain,0,94,119,59,18,95,36.6
30023913,3,knee pain,5,60,122,110,21,100,36.1
30023914,3,fall,7,107,142,85,19,95,37.5
30023915,4,shortness of breath,2,112,128,88,19,99,37.3
30023916,3,fall,0,80,113,81,25,95,36.4
30023917,2,fever,8,98,133,103,23,94,37.0
30023918,4,chest pain,6,106,117,92,21,97,37.5
30023919,4,chest pain,3,82,111,45,14,91,36.8
30023920,4,fever,4,104,116,86,20,99,36.8
30023921,4,fever,6,91,102,82,14,98,37.3
30023922,4,chest pain,2,93,133,90,20,99,37.5
30023923,3,knee pain,4,88,109,81,20,95,37.5
30023924,4,back pain,6,75,156,71,16,92,37.5
30023925,2,chest pain,7,88,96,107,21,98,35.8
30023926,2,laceration,9,100,136,89,13,95,36.8
30023927,3,abdominal pain,3,79,88,77,31,100,37.6
30023928,3,chest pain,2,91,136,53,17,97,37.3
30023929,2,back pain,8,106,118,60,20,96,36.7
30023930,3,knee pain,0,91,101,92,17,99,36.3
30023931,3,knee pain,7,89,121,81,18,94,38.8
30023932,4,chest pain,7,68,110,84,17,92,37.5
30023933,1,knee pain,8,78,138,96,20,100,36.9
30023934,2,knee pain,9,75,157,78,6,100,37.4
30023935,2,laceration,9,67,128,74,20,97,36.5
30023936,4,fever,0,72,107,60,16,100,36.9
30023937,3,shortness of breath,7,81,133,90,18,96,35.5
30023938,3,shortness of breath,4,136,132,60,14,98,36.9
30023939,3,fall,1,71,111,30,16,92,37.9
30023940,3,knee pain,3,80,167,88,17,98,37.6
30023941,3,back pain,1,90,139,92,23,99,37.8
30023942,3,chest pain,6,64,171,44,14,96,36.7
30023943,2,back pain,9,93,111,101,15,99,36.1
30023944,3,back pain,4,84,145,66,23,99,37.5
30023945,3,anxiety,2,118,96,104,23,100,38.4
30023946,3,headache,6,78,163,91,18,100,36.7
30023947,3,back pain,2,90,158,47,15,98,36.7
30023948,4,abdominal pain,6,94,138,105,22,97,37.0
30023949,5,chest pain,5,84,153,76,15,98,36.2
30023950,5,shortness of breath,1,124,139,57,13,95,37.2
30023951,3,knee pain,7,69,119,69,13,95,37.3
30023952,3,chest pain,2,69,127,78,21,99,36.1
30023953,3,abdominal pain,6,88,158,98,15,97,36.3
30023954,2,shortness of breath,8,65,105,97,18,93,37.2
30023955,5,laceration,7,75,144,70,19,100,38.1
30023956,3,anxiety,7,77,135,92,19,99,36.0
30023957,3,abdominal pain,1,57,89,77,16,97,37.1
30023958,4,anxiety,7,108,107,78,21,96,37.9
30023959,3,chest pain,5,70,108,106,13,96,36.9
30023960,4,back pain,1,66,112,70,22,97,36.6
30023961,2,shortness of breath,10,73,148,83,18,100,37.5
30023962,3,chest pain,7,111,112,97,20,97,39.0
30023963,4,fever,6,86,103,76,18,99,36.7
30023964,3,laceration,0,83,139,80,21,94,37.6
30023965,3,knee pain,2,80,76,64,19,96,38.0
30023966,3,chest pain,2,73,147,62,19,98,37.0
30023967,3,headache,2,76,122,94,18,97,36.3
30023968,3,abdominal pain,4,60,127,88,17,98,37.6
30023969,3,fever,5,98,88,82,12,97,37.7
30023970,4,laceration,6,86,84,69,17,100,38.5
30023971,4,fall,0,97,136,61,15,92,36.6
30023972,3,knee pain,6,88,155,118,20,95,37.8
30023973,4,shortness of breath,3,85,109,88,18,94,35.7
30023974,3,back pain,6,95,112,75,20,100,37.0
30023975,3,back pain,4,97,123,75,16,99,35.7
30023976,3,fever,3,80,182,61,15,95,36.9
30023977,3,headache,1,101,132,65,18,98,36.1
30023978,3,knee pain,7,88,110,107,14,100,36.1
30023979,3,shortness of breath,6,80,136,94,22,96,36.8
30023980,3,chest pain,1,100,74,58,16,94,38.3
30023981,3,fall,3,110,128,60,22,94,37.2
30023982,3,chest pain,5,91,118,74,17,100,37.6
30023983,2,chest pain,9,85,84,69,24,98,36.1
30023984,3,chest pain,6,78,125,96,20,94,38.7
30023985,4,laceration,6,86,110,72,22,96,37.8
30023986,5,back pain,4,79,102,75,23,97,36.8
30023987,5,fever,1,118,130,63,14,96,35.8
30023988,3,fall,0,78,115,66,13,96,38.1
30023989,3,back pain,2,84,93,74,12,91,36.1
30023990,3,fall,5,72,162,98,16,100,36.8
30023991,3,headache,2,89,94,83,17,100,35.8
30023992,2,chest pain,7,86,125,92,18,99,37.3
30023993,3,back pain,0,73,131,59,21,94,37.0
30023994,4,shortness of breath,0,97,146,73,16,95,37.0
30023995,3,knee pain,2,89,123,90,17,95,36.6
30023996,3,headache,2,101,115,73,17,100,38.5
30023997,3,knee pain,7,116,116,83,20,100,37.2
30023998,2,fall,9,82,122,82,19,100,36.2
30023999,2,abdominal pain,7,106,116,82,20,94,35.7
30024000,4,back pain,6,91,139,78,19,97,37.2
30024001,3,headache,3,102,115,90,15,90,36.8
30024002,1,back pain,9,81,108,74,16,93,37.2
30024003,4,fall,5,71,96,74,19,93,37.5
30024004,3,shortness of breath,3,81,95,62,16,100,37.1
30024005,3,headache,7,74,137,68,16,95,36.0
30024006,2,laceration,10,78,144,72,16,97,37.7
30024007,4,shortness of breath,7,99,139,79,19,96,35.8
30024008,3,fever,4,63,121,62,17,94,37.3
30024009,3,anxiety,5,99,120,96,12,99,37.5
30024010,4,back pain,0,88,127,68,20,99,37.1
30024011,2,fever,9,78,116,81,20,99,35.9
30024012,2,chest pain,7,79,136,53,19,96,36.4
30024013,3,shortness of breath,3,94,103,89,16,95,38.9
30024014,1,anxiety,6,70,129,88,25,96,36.9
30024015,2,shortness of breath,9,80,134,83,23,95,36.7
30024016,4,laceration,2,86,157,59,23,96,36.6
30024017,3,fall,1,69,142,78,20,96,37.6
30024018,3,abdominal pain,7,66,95,100,20,99,38.8
30024019,2,headache,8,84,136,71,21,100,36.3
30024020,4,anxiety,5,93,138,77,19,95,37.8
30024021,2,anxiety,8,73,116,59,22,100,37.6
30024022,3,fall,7,112,164,90,20,100,37.2
30024023,3,anxiety,2,88,126,56,20,100,36.6
30024024,3,knee pain,1,56,137,65,15,98,36.3
30024025,4,back pain,7,91,120,92,19,99,37.1
30024026,2,chest pain,10,95,80,68,18,100,36.8
30024027,3,knee pain,0,72,121,78,19,98,36.8
30024028,3,knee pain,1,100,94,100,23,100,38.4
30024029,3,abdominal pain,1,63,125,92,21,98,38.8
30024030,3,abdominal pain,2,82,131,92,12,100,37.2
30024031,3,knee pain,5,82,86,78,17,100,38.4
30024032,3,chest pain,7,89,147,70,21,97,36.8
30024033,4,headache,5,96,136,80,20,93,37.6
30024034,3,fall,0,89,88,50,17,95,36.7
30024035,3,laceration,4,75,107,78,22,100,38.9
30024036,3,fall,3,91,125,53,15,94,37.3
30024037,3,laceration,4,65,95,79,18,95,36.0
30024038,3,knee pain,4,83,136,80,17,98,37.0
30024039,3,anxiety,0,106,133,87,21,100,37.1
30024040,2,anxiety,8,84,117,84,22,100,37.7
30024041,3,knee pain,5,76,126,98,19,100,36.7
30024042,3,abdominal pain,0,105,136,81,17,100,36.9
30024043,4,fall,7,119,112,65,21,95,36.8
30024044,3,fever,6,93,134,79,27,98,38.2
30024045,2,anxiety,7,88,146,93,19,94,37.0
30024046,3,headache,3,63,126,89,22,98,36.4
30024047,2,headache,8,73,136,84,17,99,36.4
30024048,3,knee pain,2,93,80,68,17,92,36.8
30024049,1,shortness of breath,7,90,125,95,24,100,37.4
30024050,3,abdominal pain,6,91,153,90,22,100,36.2
30024051,3,abdominal pain,1,90,79,81,12,95,36.4
30024052,3,chest pain,2,87,126,78,18,98,38.2
30024053,2,shortness of breath,6,72,159,93,17,97,37.8
30024054,3,knee pain,7,118,107,90,14,100,37.2
30024055,4,knee pain,1,61,158,91,12,97,37.5
30024056,3,chest pain,0,101,150,72,9,95,36.3
30024057,2,anxiety,10,64,114,54,19,98,36.8
30024058,2,shortness of breath,10,57,167,92,13,96,37.2
30024059,4,abdominal pain,5,68,113,77,18,98,36.4
30024060,2,anxiety,10,70,102,63,19,98,38.9
30024061,3,fever,0,80,118,54,13,93,35.9
30024062,4,fever,7,105,108,63,24,98,35.2
30024063,4,laceration,2,116,111,78,22,96,36.2
30024064,3,back pain,6,79,116,67,16,96,36.4
30024065,3,fall,3,93,150,73,17,95,36.7
30024066,3,fever,6,105,162,82,20,94,36.7
30024067,5,back pain,3,62,115,76,20,95,37.5
30024068,3,laceration,1,99,142,65,17,100,37.1
30024069,3,fall,2,53,121,53,17,100,37.2
30024070,5,knee pain,1,105,137,76,20,98,37.1
30024071,3,fall,2,90,116,80,24,100,38.3
30024072,2,anxiety,7,110,91,84,19,99,37.0
30024073,3,abdominal pain,4,77,162,80,13,96,37.1
30024074,4,anxiety,5,98,115,96,11,99,38.0
30024075,4,chest pain,2,84,130,72,16,100,35.7
30024076,3,headache,7,91,143,63,23,96,36.5
30024077,3,laceration,5,84,107,96,21,99,37.1
30024078,3,anxiety,1,94,76,58,19,100,36.4
30024079,2,fever,10,75,116,89,11,97,36.9
30024080,3,shortness of breath,1,111,122,84,15,94,36.5
30024081,4,anxiety,2,81,100,78,16,99,35.8
30024082,2,fall,7,99,124,80,16,100,37.7
30024083,3,headache,6,83,110,68,19,96,38.5
30024084,3,headache,1,75,113,90,14,93,37.4
30024085,3,abdominal pain,0,83,144,84,16,99,37.3
30024086,3,fall,4,98,113,88,16,98,36.0
30024087,3,back pain,7,95,150,88,18,93,38.3
30024088,3,shortness of breath,1,69,135,71,28,95,37.2
30024089,3,knee pain,5,93,105,93,23,91,35.9
30024090,3,fever,6,83,149,69,19,93,37.6
30024091,5,abdominal pain,3,74,128,57,27,94,36.2
30024092,5,abdominal pain,6,77,138,116,22,93,36.0
30024093,5,shortness of breath,0,84,134,77,15,99,38.4
30024094,4,headache,5,58,104,92,21,100,36.2
30024095,3,abdominal pain,7,95,147,77,17,99,37.0
30024096,3,chest pain,1,94,110,69,21,97,37.6
30024097,2,anxiety,10,79,100,110,21,97,37.5
30024098,3,shortness of breath,7,103,124,88,10,100,35.4
30024099,3,laceration,7,66,104,75,17,100,36.9
30024100,4,chest pain,7,94,110,65,17,98,37.0
30024101,3,chest pain,6,75,136,58,9,97,36.6
30024102,4,headache,7,66,100,61,21,93,37.2
30024103,3,back pain,3,97,112,65,12,96,37.1
30024104,1,headache,6,86,113,104,15,98,38.4
30024105,4,back pain,3,82,130,62,25,96,37.7
30024106,3,fall,4,84,151,67,20,97,37.0
30024107,3,laceration,4,51,126,57,16,98,37.0
30024108,3,knee pain,0,81,110,91,20,99,35.9
30024109,4,anxiety,0,83,140,77,17,98,36.2
30024110,3,back pain,2,112,121,61,18,100,38.0
30024111,3,fall,7,102,148,64,27,99,36.2
30024112,3,chest pain,4,81,117,77,15,98,37.0
30024113,3,fever,7,71,104,56,21,92,35.8
30024114,4,abdominal pain,4,68,118,82,20,98,37.3
30024115,4,back pain,4,92,136,86,15,97,37.1
30024116,4,shortness of breath,4,86,106,81,18,100,38.5
30024117,4,chest pain,3,83,123,81,16,96,38.0
30024118,4,knee pain,3,108,178,93,21,100,36.5
30024119,5,laceration,0,68,103,61,19,97,36.5
30024120,4,chest pain,1,85,115,79,17,100,36.6
30024121,3,abdominal pain,6,84,168,68,12,95,36.6
30024122,2,anxiety,7,94,100,94,21,95,36.1
30024123,4,laceration,3,66,163,92,14,93,37.8
30024124,4,anxiety,7,95,130,106,26,100,37.5
30024125,3,fall,2,106,111,87,17,98,36.2
30024126,2,anxiety,6,83,96,85,17,100,36.9
30024127,3,knee pain,6,77,126,98,17,100,38.1
30024128,3,shortness of breath,1,62,123,90,19,94,38.2
30024129,2,fever,10,88,110,66,13,97,37.9
30024130,3,laceration,7,78,102,95,23,94,37.9
30024131,3,anxiety,3,94,135,108,23,96,38.6
30024132,2,chest pain,10,77,130,65,21,100,36.7
30024133,2,back pain,9,118,128,81,21,94,37.1
30024134,3,fall,2,81,107,81,22,99,38.7
30024135,4,shortness of breath,3,80,120,103,11,95,36.4
30024136,3,chest pain,6,68,127,57,12,94,36.6
30024137,3,anxiety,2,92,120,101,16,97,36.7
30024138,5,abdominal pain,4,77,152,80,22,98,36.6
30024139,3,shortness of breath,5,89,124,55,15,95,37.0
30024140,3,chest pain,4,52,123,82,20,99,37.4
30024141,4,knee pain,0,81,108,75,17,94,36.8
30024142,3,knee pain,7,110,153,78,17,98,36.2
30024143,4,headache,1,89,128,87,18,95,36.9
30024144,1,shortness of breath,7,97,136,92,19,98,39.2
30024145,3,chest pain,3,57,142,57,18,94,37.6
30024146,4,chest pain,1,87,153,80,19,100,36.7
30024147,3,fall,0,53,139,97,17,95,36.0
30024148,5,fall,1,94,139,89,11,99,37.3
30024149,5,laceration,7,97,140,77,25,92,36.1
30024150,3,laceration,2,84,118,106,20,99,36.6
30024151,2,fall,7,65,119,77,23,98,37.8
30024152,4,back pain,0,51,102,54,19,96,38.4
30024153,3,fall,3,85,111,90,20,97,36.4
30024154,1,headache,8,74,121,71,17,95,37.7
30024155,3,back pain,5,97,174,74,18,99,37.0
30024156,4,chest pain,7,87,111,44,16,96,35.6
30024157,2,laceration,6,62,100,76,15,98,37.6
30024158,2,headache,8,107,88,50,12,98,35.8
30024159,3,back pain,2,105,150,107,19,98,38.0
30024160,4,fever,2,86,136,61,20,95,37.8
30024161,1,headache,6,71,140,98,23,98,35.6
30024162,4,fall,5,93,117,78,11,96,36.3
30024163,4,shortness of breath,4,79,103,119,19,98,37.7
30024164,3,shortness of breath,2,84,117,66,16,97,35.9
30024165,3,fever,5,105,145,84,17,100,36.2
30024166,2,fall,9,60,129,76,9,93,36.3
30024167,3,fever,3,70,135,77,22,97,36.2
30024168,3,fall,0,104,125,79,14,95,36.9
30024169,2,anxiety,7,81,148,88,10,99,37.6
30024170,3,fever,2,77,107,96,17,100,37.6
30024171,4,chest pain,1,73,131,77,24,97,37.3
30024172,3,fever,2,66,132,75,14,96,36.7
30024173,3,back pain,2,78,110,85,21,95,38.5
30024174,5,chest pain,3,92,139,61,20,92,37.4
30024175,2,knee pain,10,68,144,74,18,100,36.1
30024176,3,fall,0,102,152,88,15,97,37.1
30024177,3,chest pain,4,84,131,78,13,99,37.4
30024178,3,fever,1,75,159,77,16,96,36.8
30024179,3,chest pain,7,85,138,87,14,100,37.6
30024180,4,fall,4,59,123,92,16,99,35.7
30024181,2,fever,7,91,142,88,19,100,36.5
30024182,2,fever,9,94,130,78,15,100,36.0
30024183,3,shortness of breath,7,126,97,80,21,93,35.7
30024184,3,fever,2,131,95,84,18,100,37.3
30024185,4,abdominal pain,0,88,133,89,19,97,36.0
30024186,1,back pain,8,103,126,64,18,97,35.5
30024187,4,abdominal pain,5,120,107,89,21,98,37.1
30024188,2,fever,6,91,135,87,10,96,37.9
30024189,3,knee pain,4,76,124,74,17,100,37.2
30024190,3,laceration,5,72,135,96,24,99,37.0
30024191,3,laceration,6,89,145,77,28,100,36.4
30024192,4,fever,5,80,119,69,13,97,38.6
30024193,3,anxiety,0,58,131,88,21,94,36.8
30024194,3,knee pain,6,77,111,57,24,96,36.8
30024195,3,anxiety,2,70,150,99,23,100,36.2
30024196,3,fever,1,79,124,114,15,95,36.5
30024197,4,fall,5,94,166,96,19,100,36.6
30024198,4,chest pain,2,75,118,70,23,97,38.6
30024199,3,headache,6,87,119,106,19,97,36.1
30024200,4,back pain,0,93,157,89,21,100,36.9
30024201,3,fall,4,78,124,99,20,94,38.0
30024202,3,laceration,7,84,101,94,19,100,36.9
30024203,3,laceration,6,74,136,75,6,95,36.7
30024204,3,back pain,2,77,118,94,15,100,36.1
30024205,4,back pain,4,109,93,75,14,97,36.1
30024206,4,chest pain,5,107,123,85,17,100,36.5
30024207,5,headache,0,62,105,103,14,98,37.7
30024208,2,shortness of breath,10,97,117,102,18,100,37.0
30024209,4,chest pain,1,85,139,79,19,98,37.6
30024210,2,back pain,10,70,103,81,17,97,38.2
30024211,3,back pain,5,66,113,47,20,92,36.9
30024212,2,abdominal pain,10,81,74,103,17,100,37.4
30024213,2,abdominal pain,9,86,99,72,19,100,36.7
30024214,3,laceration,3,102,106,83,9,99,36.9
30024215,3,anxiety,5,88,129,95,15,97,36.7
30024216,4,fever,0,78,133,46,19,96,36.2
30024217,3,laceration,0,66,150,78,19,97,36.2
30024218,3,laceration,7,75,111,88,19,95,37.5
30024219,3,back pain,7,97,109,91,21,98,36.6
30024220,3,fever,0,94,157,66,17,97,36.3
30024221,4,chest pain,0,86,132,59,20,98,37.4
30024222,3,shortness of breath,6,94,132,78,23,95,37.0
30024223,4,laceration,0,62,134,86,19,96,38.3
30024224,3,anxiety,2,88,142,71,27,100,39.2
30024225,3,abdominal pain,5,75,170,68,18,97,37.5
30024226,4,fever,0,66,115,98,18,99,37.3
30024227,2,shortness of breath,8,67,140,86,22,91,39.4
30024228,2,shortness of breath,7,89,114,61,21,96,37.0
30024229,1,shortness of breath,7,94,125,77,14,99,37.0
30024230,3,anxiety,7,92,112,99,19,96,36.7
30024231,3,chest pain,0,71,172,91,20,98,37.7
30024232,2,back pain,6,102,100,72,16,95,37.5
30024233,1,abdominal pain,6,87,124,72,20,99,37.3
30024234,3,abdominal pain,6,72,82,101,17,95,36.7
30024235,4,fever,1,99,91,76,24,97,36.2
30024236,3,knee pain,3,96,116,82,16,100,35.8
30024237,3,knee pain,5,103,122,99,20,99,37.5
30024238,4,laceration,3,71,135,71,16,100,36.7
30024239,3,headache,2,99,163,105,28,94,36.7
30024240,4,fever,0,104,86,63,18,98,38.2
30024241,3,anxiety,7,70,145,72,22,97,36.8
30024242,3,abdominal pain,0,98,167,117,20,96,37.5
30024243,4,headache,2,87,145,66,19,91,37.0
30024244,2,fever,8,102,125,80,17,100,36.9
30024245,2,abdominal pain,10,77,138,72,13,100,36.4
30024246,3,anxiety,4,88,120,84,22,100,36.8
30024247,3,headache,5,72,123,80,26,96,38.0
30024248,3,knee pain,2,64,141,87,25,96,35.9
30024249,4,knee pain,7,79,134,68,19,98,36.4
30024250,3,headache,7,81,100,102,21,96,36.9
30024251,3,knee pain,1,85,133,64,20,100,37.4
30024252,3,fever,1,90,140,85,23,97,36.0
30024253,2,shortness of breath,6,52,95,70,24,91,37.5
30024254,1,anxiety,6,106,137,97,19,90,36.7
30024255,3,back pain,0,91,141,97,23,99,37.0
30024256,3,laceration,5,87,137,75,18,94,36.8
30024257,1,fall,7,80,108,83,22,100,37.4
30024258,3,headache,0,90,167,82,19,97,36.8
30024259,3,shortness of breath,2,80,133,58,27,100,38.0
30024260,2,back pain,6,85,131,106,17,100,35.4
30024261,2,back pain,8,85,94,68,17,93,38.3
30024262,4,laceration,5,82,107,69,20,93,37.9
30024263,1,back pain,7,96,141,123,10,96,37.7
30024264,4,laceration,3,97,132,105,19,100,38.3
30024265,2,headache,7,77,135,78,14,100,37.3
30024266,2,shortness of breath,6,107,129,120,22,100,36.5
30024267,2,abdominal pain,9,95,104,55,16,95,37.1
30024268,2,chest pain,10,77,155,76,14,100,37.7
30024269,3,anxiety,7,97,130,103,16,100,36.1
30024270,4,headache,3,100,90,72,19,94,37.5
30024271,2,anxiety,6,69,114,74,15,99,36.2
30024272,3,shortness of breath,2,77,109,70,19,92,36.6
30024273,3,laceration,5,79,107,87,16,99,36.3
30024274,4,anxiety,5,80,119,94,21,97,37.6
30024275,5,chest pain,3,74,163,91,17,100,37.4
30024276,3,back pain,4,92,148,71,16,100,36.8
30024277,2,laceration,9,62,173,101,14,100,38.0
30024278,3,knee pain,2,91,128,73,16,100,38.0
30024279,2,abdominal pain,8,88,131,56,25,100,36.5
30024280,3,fall,4,83,88,84,16,97,36.8
30024281,3,shortness of breath,7,68,144,97,20,96,36.9
30024282,3,abdominal pain,4,87,126,83,13,96,37.6
30024283,2,anxiety,9,52,95,105,19,96,37.7
30024284,3,fever,1,81,103,83,17,100,36.8
30024285,3,fever,5,80,140,87,13,92,36.4
30024286,5,fall,7,87,106,91,18,97,37.0
30024287,3,headache,3,85,120,80,15,100,37.4
30024288,3,chest pain,1,108,138,102,6,97,38.1
30024289,3,headache,1,75,159,101,21,96,37.2
30024290,1,back pain,10,82,148,107,14,99,36.9
30024291,4,back pain,2,76,113,97,14,100,36.5
30024292,3,back pain,7,75,149,63,10,100,36.8
30024293,3,abdominal pain,4,105,91,73,19,96,37.3
30024294,4,fall,2,79,115,84,17,95,37.2
30024295,3,fever,7,68,126,72,17,97,37.7
30024296,2,chest pain,8,86,139,86,11,96,37.1
30024297,2,shortness of breath,6,54,82,62,9,99,37.0
30024298,1,chest pain,10,70,129,75,24,97,36.1
30024299,3,back pain,2,103,123,64,16,99,36.5
30024300,4,headache,4,77,114,72,17,96,38.0
30024301,3,laceration,7,104,147,91,18,98,36.0
30024302,3,anxiety,1,82,129,98,20,100,36.4
30024303,3,laceration,3,62,135,83,15,100,38.4
30024304,5,anxiety,2,76,143,81,22,94,37.8
30024305,3,fall,4,98,111,71,13,97,36.2
30024306,3,chest pain,3,84,120,58,17,100,38.4
30024307,2,laceration,8,100,97,95,18,93,36.7
30024308,3,back pain,3,107,121,72,16,97,36.6
30024309,3,headache,6,90,132,66,20,98,36.5
30024310,3,anxiety,3,76,109,91,24,100,36.8
30024311,3,headache,7,91,153,76,18,92,37.8
30024312,2,fall,6,94,162,74,15,99,37.9
30024313,3,back pain,0,80,148,80,19,93,36.7
30024314,2,abdominal pain,6,62,149,96,17,97,36.3
30024315,2,chest pain,7,91,96,83,21,100,38.5
30024316,2,shortness of breath,6,95,105,62,22,100,36.3
30024317,5,anxiety,7,95,147,92,13,100,37.1
30024318,5,chest pain,0,89,118,44,21,97,36.7
30024319,3,fever,7,50,120,99,25,98,36.5
30024320,5,headache,2,61,113,88,16,99,37.5
30024321,4,abdominal pain,0,85,140,80,28,94,36.6
30024322,3,back pain,1,66,119,71,15,95,36.8
30024323,2,headache,8,78,106,74,17,100,37.9
30024324,5,fall,6,72,125,80,21,96,36.8
30024325,4,fall,3,89,128,118,13,100,36.9
30024326,3,chest pain,1,89,133,98,17,96,36.3
30024327,4,abdominal pain,0,67,121,77,17,99,37.2
30024328,2,chest pain,6,65,121,96,15,97,37.2
30024329,2,back pain,7,67,103,100,12,93,37.4
30024330,2,back pain,8,82,120,96,20,93,36.8
30024331,4,chest pain,3,90,103,68,24,92,37.0
30024332,3,abdominal pain,2,70,121,64,13,97,37.7
30024333,3,anxiety,0,110,138,87,15,99,37.1
30024334,3,back pain,7,67,115,85,18,99,37.4
30024335,3,back pain,6,99,98,89,20,100,37.4
30024336,3,back pain,3,65,144,37,13,100,36.7
30024337,3,headache,1,66,105,104,23,98,36.6
30024338,4,shortness of breath,3,81,128,103,15,96,36.1
30024339,3,chest pain,3,85,125,84,15,94,36.0
30024340,2,headache,7,94,115,55,16,97,37.5
30024341,3,knee pain,6,80,105,88,17,100,37.3
30024342,3,back pain,6,99,126,58,15,95,36.8
30024343,3,back pain,3,86,107,95,12,98,37.0
30024344,1,laceration,8,81,131,62,19,96,36.3
30024345,4,laceration,4,80,100,79,14,95,36.9
30024346,3,knee pain,5,102,132,80,13,92,36.5
30024347,4,laceration,4,102,97,101,26,95,39.2
30024348,2,back pain,10,61,127,73,26,100,37.3
30024349,3,anxiety,7,99,107,67,19,94,38.2
30024350,3,abdominal pain,2,101,150,96,21,93,37.1
30024351,3,anxiety,4,81,119,110,15,100,35.3
30024352,4,fever,5,94,132,78,20,100,37.5
30024353,3,abdominal pain,0,102,119,102,18,92,36.9
30024354,4,chest pain,6,86,116,75,19,99,36.9
30024355,4,anxiety,1,95,76,50,29,100,36.4
30024356,3,abdominal pain,6,89,155,93,20,99,36.4
30024357,3,laceration,5,96,163,72,23,95,37.2
30024358,3,back pain,1,72,161,54,15,96,36.6
30024359,2,fall,7,88,119,94,20,93,37.3
30024360,3,shortness of breath,5,82,137,78,20,98,37.2
30024361,3,abdominal pain,1,73,106,89,16,100,37.9
30024362,3,abdominal pain,5,68,115,90,19,96,36.4
30024363,3,fever,5,97,124,105,12,99,35.5
30024364,4,chest pain,1,84,127,77,19,97,38.1
30024365,4,laceration,6,104,112,84,19,96,36.9
30024366,2,laceration,6,110,156,74,14,94,36.6
30024367,3,chest pain,4,72,152,78,16,100,36.6
30024368,4,shortness of breath,2,92,117,63,16,93,38.4
30024369,4,chest pain,6,79,116,90,16,100,36.6
30024370,2,fall,7,86,106,78,17,95,37.2
30024371,2,fever,6,92,92,126,18,97,37.4
30024372,3,knee pain,6,84,127,62,18,98,37.4
30024373,1,knee pain,6,77,104,103,16,96,37.2
30024374,5,knee pain,4,97,99,73,22,100,37.0
30024375,2,headache,8,84,122,93,10,96,37.6
30024376,3,laceration,6,74,129,72,16,93,36.1
30024377,3,back pain,1,96,130,91,15,97,36.3
30024378,3,shortness of breath,0,71,91,55,24,100,36.7
30024379,2,shortness of breath,8,110,121,121,15,94,36.8
30024380,3,headache,6,68,169,30,12,96,35.7
30024381,3,fall,1,78,121,78,23,95,38.3
30024382,3,headache,3,74,113,89,15,96,36.0
30024383,2,laceration,8,72,101,80,22,100,38.3
30024384,4,laceration,7,96,109,72,26,95,36.8
30024385,4,fall,2,81,141,70,17,95,37.3
30024386,3,fall,7,69,143,88,11,96,35.8
30024387,4,headache,3,61,154,73,17,99,37.4
30024388,5,knee pain,6,104,122,108,22,99,36.6
30024389,4,fever,3,96,132,56,13,100,37.5
30024390,3,anxiety,5,80,119,67,16,96,36.0
30024391,4,knee pain,2,82,115,102,25,93,36.8
30024392,3,chest pain,0,87,106,88,17,95,36.5
30024393,3,chest pain,0,79,122,63,25,99,36.6
30024394,3,fever,5,74,142,69,15,99,37.5
30024395,4,knee pain,5,90,134,93,21,93,35.7
30024396,5,chest pain,3,65,128,93,21,99,35.7
30024397,4,back pain,6,97,147,82,21,96,36.8
30024398,3,headache,6,75,89,86,15,98,36.3
30024399,4,abdominal pain,0,87,121,54,21,95,37.3
30024400,3,headache,1,100,138,80,19,100,36.7
30024401,3,chest pain,5,77,133,97,24,100,37.2
30024402,3,fever,6,85,105,90,21,96,37.9
30024403,4,laceration,2,74,107,80,14,95,36.6
30024404,3,laceration,4,78,126,63,17,96,38.1
30024405,3,laceration,7,98,135,56,24,92,37.9
30024406,3,headache,7,91,125,81,17,96,35.8
30024407,3,headache,2,135,80,84,21,99,36.7
30024408,1,fall,6,78,162,105,19,97,36.2
30024409,3,fever,6,83,125,80,21,97,38.2
30024410,3,fall,1,72,121,75,12,94,37.4
30024411,3,chest pain,3,93,125,86,10,98,37.4
30024412,3,headache,6,85,147,67,16,97,36.1
30024413,1,anxiety,8,84,96,117,17,100,37.2
30024414,4,shortness of breath,4,79,147,82,18,95,36.7
30024415,3,chest pain,7,69,115,53,19,95,37.6
30024416,3,chest pain,3,103,133,91,18,93,36.8
30024417,2,shortness of breath,8,102,170,101,14,100,37.1
30024418,5,knee pain,4,84,150,54,13,98,37.3
30024419,3,anxiety,4,100,119,87,21,100,39.3
30024420,2,back pain,10,79,103,71,18,96,38.0
30024421,2,chest pain,10,86,139,94,22,97,37.4
30024422,2,back pain,8,83,108,81,20,94,36.5
30024423,4,chest pain,6,71,154,88,16,92,36.5
30024424,5,chest pain,2,118,126,90,22,96,36.3
30024425,3,chest pain,0,75,130,111,18,90,36.4
30024426,3,knee pain,5,64,154,75,9,94,38.3
30024427,3,back pain,2,92,134,79,21,96,36.4
30024428,2,chest pain,9,103,85,76,19,99,37.3
30024429,1,knee pain,9,101,138,64,20,95,36.3
30024430,3,fall,6,96,84,93,17,99,36.3
30024431,3,shortness of breath,3,74,133,98,15,100,37.8
30024432,3,back pain,2,87,110,109,19,98,37.9
30024433,3,knee pain,6,138,116,92,12,92,36.3
30024434,4,abdominal pain,2,102,140,60,12,97,36.5
30024435,4,chest pain,4,92,97,84,24,96,36.6
30024436,4,chest pain,3,87,130,81,22,93,37.3
30024437,2,fall,7,87,153,68,20,98,36.8
30024438,3,chest pain,5,66,122,54,17,96,35.5
30024439,3,anxiety,7,83,152,63,14,96,38.1
30024440,4,laceration,6,79,140,72,9,91,36.9
30024441,3,back pain,4,85,104,77,15,92,36.9
30024442,2,fever,10,83,112,77,16,92,37.8
30024443,3,shortness of breath,0,62,161,78,18,100,36.3
30024444,2,fever,9,69,138,69,16,97,36.5
30024445,3,anxiety,7,105,102,94,16,97,36.9
30024446,3,anxiety,4,121,112,93,22,100,37.4
30024447,2,shortness of breath,8,81,122,55,19,100,35.8
30024448,4,chest pain,6,95,111,75,23,100,38.4
30024449,3,abdominal pain,3,56,150,83,15,100,36.5
30024450,3,back pain,5,83,124,77,16,92,38.9
30024451,2,chest pain,9,115,79,77,18,98,37.4
30024452,4,headache,0,97,107,88,19,95,35.7
30024453,3,laceration,4,86,114,71,15,98,37.3
30024454,3,back pain,6,81,125,86,20,100,36.9
30024455,3,headache,0,98,126,85,19,100,37.6
30024456,2,shortness of breath,8,73,130,75,19,96,37.3
30024457,2,fever,9,87,99,77,17,100,36.4
30024458,4,abdominal pain,6,90,145,85,15,99,36.5
30024459,3,knee pain,0,100,117,96,12,100,36.1
30024460,2,anxiety,6,109,124,68,11,95,37.1
30024461,4,knee pain,1,85,164,95,17,96,37.3
30024462,2,abdominal pain,10,66,98,100,21,94,37.0
30024463,2,shortness of breath,6,92,150,99,17,95,36.7
30024464,4,headache,0,79,101,115,9,96,37.2
30024465,3,anxiety,2,102,114,92,15,99,38.1
30024466,3,anxiety,1,111,113,74,13,98,36.2
30024467,4,knee pain,1,82,122,74,24,93,37.5
30024468,3,knee pain,7,54,112,76,22,96,37.5
30024469,2,fever,8,75,134,59,23,99,36.7
30024470,3,laceration,4,106,122,91,15,97,36.5
30024471,4,fever,7,95,101,93,25,95,37.4
30024472,5,chest pain,3,89,131,77,20,99,37.7
30024473,4,headache,3,90,104,104,20,94,36.4
30024474,3,anxiety,4,75,158,84,17,100,36.7
30024475,3,headache,0,77,114,97,11,96,37.0
30024476,2,anxiety,6,90,118,82,18,96,36.0
30024477,4,abdominal pain,0,103,120,77,17,93,37.0
30024478,3,abdominal pain,4,64,111,87,17,98,36.5
30024479,3,fall,2,84,134,49,14,96,35.5
30024480,3,back pain,2,81,146,114,17,95,37.6
30024481,4,headache,7,101,122,72,19,98,38.4
30024482,3,laceration,5,71,136,49,21,100,36.5
30024483,2,headache,8,99,86,71,19,90,37.0
30024484,4,headache,2,90,129,82,22,100,36.8
30024485,4,fall,0,58,124,89,16,98,35.7
30024486,3,anxiety,4,89,129,84,16,94,37.4
30024487,3,knee pain,4,78,140,80,11,97,37.5
30024488,3,anxiety,4,68,156,59,21,97,36.2
30024489,3,laceration,0,101,161,71,14,95,37.9
30024490,2,back pain,8,74,146,91,24,99,37.5
30024491,3,shortness of breath,0,89,146,80,16,93,36.1
30024492,4,back pain,0,104,108,94,11,99,37.0
30024493,3,knee pain,6,62,139,93,16,97,37.9
30024494,3,knee pain,4,90,149,58,17,99,36.9
30024495,4,chest pain,1,104,93,78,20,96,36.3
30024496,3,chest pain,6,68,127,80,15,100,38.2
30024497,2,chest pain,10,84,145,96,20,100,37.4
30024498,4,headache,6,65,86,62,14,92,37.9
30024499,4,laceration,6,56,105,49,21,97,37.2
30024500,3,laceration,6,103,135,77,23,97,37.1
30024501,3,back pain,3,92,114,92,18,92,36.1
30024502,3,fever,6,49,133,87,21,93,37.5
30024503,4,fever,3,88,130,103,23,95,37.0
30024504,3,abdominal pain,6,99,130,76,12,96,37.7
30024505,3,anxiety,0,91,141,80,25,97,36.8
30024506,2,knee pain,10,49,151,64,27,98,36.7
30024507,3,knee pain,0,75,145,65,24,100,37.6
30024508,4,shortness of breath,5,116,129,71,24,98,36.4
30024509,1,fall,10,82,113,113,22,100,38.3
30024510,3,back pain,1,78,119,54,14,97,38.0
30024511,5,laceration,6,73,141,90,20,100,35.8
30024512,3,chest pain,6,96,79,47,22,93,36.0
30024513,4,fall,6,82,107,93,16,99,38.0
30024514,3,back pain,2,93,109,81,19,95,37.5
30024515,2,laceration,9,85,95,76,21,93,36.7
30024516,3,chest pain,0,88,146,96,19,89,36.8
30024517,3,fall,3,73,141,97,19,99,35.8
30024518,4,fever,2,82,146,94,21,96,38.2
30024519,3,fever,5,82,131,100,17,94,37.1
30024520,3,headache,6,110,119,86,21,99,37.6
30024521,3,fever,5,71,99,96,11,98,37.2
30024522,3,fall,5,74,168,78,18,95,37.9
30024523,2,fall,7,71,141,106,13,93,36.4
30024524,3,chest pain,6,77,142,67,21,100,37.1
30024525,3,abdominal pain,4,70,144,75,22,97,36.8
30024526,2,fall,9,72,143,87,21,98,37.2
30024527,4,anxiety,6,105,127,80,15,95,36.8
30024528,3,shortness of breath,4,97,96,71,18,100,36.9
30024529,3,fever,0,95,126,74,20,91,38.1
30024530,2,laceration,6,66,131,68,31,99,36.2
30024531,2,shortness of breath,8,79,139,88,16,98,37.5
30024532,3,chest pain,2,70,118,83,18,97,37.8
30024533,3,abdominal pain,0,82,147,112,23,100,37.8
30024534,3,chest pain,5,93,109,95,24,98,38.2
30024535,4,headache,6,73,143,93,18,100,36.6
30024536,3,fall,3,85,113,77,26,96,37.8
30024537,3,back pain,0,70,103,88,15,96,36.5
30024538,3,fever,2,95,122,75,21,100,37.1
30024539,4,knee pain,0,101,126,90,19,91,37.5
30024540,1,headache,8,89,123,95,18,90,37.0
30024541,4,abdominal pain,3,122,155,71,12,100,36.5
30024542,5,abdominal pain,7,97,122,72,26,94,38.0
30024543,4,abdominal pain,7,108,96,83,16,97,36.6
30024544,3,shortness of breath,2,83,140,104,19,97,37.8
30024545,4,chest pain,3,98,166,77,25,96,37.2
30024546,1,abdominal pain,6,92,131,52,14,95,35.2
30024547,2,fall,7,95,149,93,11,98,37.1
30024548,3,knee pain,5,78,103,80,14,95,37.9
30024549,3,chest pain,7,66,131,94,12,98,38.0
30024550,2,abdominal pain,9,74,161,71,18,98,36.9
30024551,2,back pain,8,104,83,87,22,92,36.0
30024552,5,abdominal pain,2,65,141,43,15,96,36.2
30024553,3,knee pain,3,81,109,87,11,95,36.8
30024554,5,shortness of breath,7,61,152,75,19,99,37.3
30024555,3,abdominal pain,0,107,130,87,22,93,36.6
30024556,4,anxiety,1,104,113,67,21,97,37.1
30024557,5,fever,2,98,125,92,21,96,37.5
30024558,1,knee pain,7,124,104,62,10,95,36.6
30024559,2,shortness of breath,6,124,138,70,16,96,36.1
30024560,3,chest pain,2,51,133,76,13,98,37.1
30024561,3,headache,6,110,114,95,17,97,36.2
30024562,3,shortness of breath,6,90,130,58,18,100,37.8
30024563,3,knee pain,1,75,104,88,20,100,36.0
30024564,2,fall,9,104,111,70,15,100,38.3
30024565,3,fever,2,97,88,56,13,98,36.3
30024566,3,fever,4,118,133,83,19,90,37.2
30024567,2,knee pain,10,69,103,83,25,99,36.5
30024568,5,shortness of breath,6,96,136,87,15,87,37.1
30024569,2,laceration,8,97,150,78,16,98,36.9
30024570,3,laceration,0,87,114,104,21,100,36.7
30024571,4,fever,6,105,116,85,22,97,37.4
30024572,2,abdominal pain,7,79,115,109,13,100,35.7
30024573,3,fever,5,85,151,70,22,100,37.6
30024574,2,shortness of breath,10,99,100,98,23,98,36.9
30024575,2,laceration,8,93,123,74,12,100,38.5
30024576,3,anxiety,3,78,104,64,14,94,37.1
30024577,4,knee pain,1,84,136,62,27,99,37.6
30024578,3,knee pain,1,86,109,109,14,100,36.5
30024579,5,shortness of breath,5,96,91,69,24,100,36.7
30024580,1,headache,7,69,131,91,17,96,38.3
30024581,3,knee pain,7,84,123,100,17,95,37.6
30024582,3,fever,4,114,134,78,11,99,36.9
30024583,3,shortness of breath,5,69,100,74,17,95,37.8
30024584,4,shortness of breath,4,63,108,89,21,97,38.2
30024585,4,fever,5,70,110,69,15,92,38.0
30024586,3,headache,2,96,128,84,22,87,37.4
30024587,3,anxiety,0,85,106,77,22,98,36.8
30024588,2,laceration,10,94,113,86,23,100,36.0
30024589,3,back pain,2,70,103,70,16,97,37.3
30024590,3,back pain,2,63,142,94,15,98,37.0
30024591,3,knee pain,4,87,151,53,24,96,37.0
30024592,3,headache,0,70,123,91,22,97,37.1
30024593,2,abdominal pain,9,92,102,93,20,95,37.2
30024594,3,knee pain,0,85,119,80,14,95,36.8
30024595,3,shortness of breath,0,78,113,90,21,99,37.1
30024596,5,laceration,4,104,110,104,18,90,36.6
30024597,1,headache,10,97,148,89,22,99,37.8
30024598,2,fall,6,103,126,87,12,96,37.1
30024599,2,chest pain,10,89,105,104,10,93,37.9
30024600,1,fall,8,80,129,93,22,99,36.1
30024601,3,fall,5,76,130,76,16,90,37.5
30024602,2,chest pain,9,101,140,90,22,95,36.6
30024603,4,shortness of breath,6,88,125,87,17,95,36.5
30024604,3,abdominal pain,4,89,163,70,21,97,36.9
30024605,3,abdominal pain,6,75,123,79,19,96,37.6
30024606,3,shortness of breath,4,76,116,88,18,96,38.3
30024607,4,abdominal pain,5,105,95,98,22,91,37.8
30024608,5,chest pain,4,83,92,89,10,97,37.4
30024609,4,back pain,3,87,130,77,20,95,36.4
30024610,2,fever,10,88,120,86,22,98,37.3
30024611,3,headache,0,114,127,58,19,97,37.9
30024612,3,chest pain,5,100,125,117,20,98,37.8
30024613,3,knee pain,3,133,118,71,22,96,37.9
30024614,3,laceration,7,65,111,95,19,94,36.9
30024615,3,fall,0,63,143,74,18,93,38.8
30024616,4,anxiety,3,83,122,70,18,98,37.0
30024617,3,back pain,7,100,119,77,11,98,35.2
30024618,2,abdominal pain,8,76,152,79,23,99,38.4
30024619,3,fever,7,89,135,82,14,100,37.6
30024620,2,fever,7,87,109,92,16,96,38.1
30024621,5,anxiety,6,62,126,94,18,100,36.5
30024622,4,headache,7,86,142,67,27,97,37.1
30024623,5,knee pain,0,46,140,84,15,98,36.3
30024624,4,knee pain,1,98,128,72,16,95,36.3
30024625,3,fall,2,77,140,77,19,99,36.3
30024626,3,shortness of breath,1,87,102,101,19,100,37.4
30024627,3,chest pain,7,95,116,98,17,95,37.4
30024628,2,laceration,6,55,135,90,17,97,36.8
30024629,3,fever,5,86,139,100,15,95,36.5
30024630,3,abdominal pain,2,79,116,78,21,96,37.0
30024631,3,back pain,2,109,91,91,19,94,38.7
30024632,1,knee pain,8,79,132,65,25,99,36.9
30024633,4,headache,1,91,113,91,19,95,35.7
30024634,4,anxiety,6,88,100,66,16,100,37.4
30024635,3,fall,4,93,129,90,20,90,37.0
30024636,5,anxiety,3,79,147,62,17,96,37.4
30024637,3,abdominal pain,4,92,116,86,18,88,36.3
30024638,2,headache,9,79,126,82,13,100,36.0
30024639,4,fever,5,93,102,83,21,96,36.8
30024640,4,abdominal pain,7,94,145,89,15,95,37.6
30024641,4,fall,4,83,108,56,13,100,36.9
30024642,2,fever,7,93,123,81,16,95,37.0
30024643,3,knee pain,1,72,138,85,21,96,37.3
30024644,1,abdominal pain,10,97,116,72,20,97,36.9
30024645,1,knee pain,6,104,101,90,15,94,36.6
30024646,2,abdominal pain,7,63,113,67,22,99,38.3
30024647,3,back pain,2,78,126,64,16,97,37.3
30024648,3,fall,5,103,132,105,24,100,36.4
30024649,4,headache,2,78,133,109,13,95,37.6
30024650,4,fever,6,100,148,83,18,94,37.3
30024651,2,abdominal pain,6,74,122,60,24,100,37.7
30024652,4,laceration,0,93,142,92,23,94,36.7
30024653,1,abdominal pain,10,77,115,76,14,99,37.3
30024654,2,abdominal pain,6,69,111,70,23,96,36.7
30024655,3,abdominal pain,5,71,143,73,22,100,38.1
30024656,2,shortness of breath,6,88,118,101,19,94,37.0
30024657,4,laceration,4,110,71,61,18,98,36.6
30024658,3,fever,5,71,118,59,16,98,37.0
30024659,2,chest pain,6,80,110,91,24,93,38.0
30024660,4,laceration,2,94,117,72,21,96,37.6
30024661,4,headache,7,88,123,97,21,94,37.3
30024662,3,fall,0,91,113,48,19,98,37.4
30024663,3,chest pain,5,103,109,84,21,99,36.2
30024664,3,shortness of breath,5,80,121,63,17,100,37.4
30024665,3,chest pain,6,82,136,101,11,100,38.4
30024666,3,anxiety,0,89,128,98,19,100,37.4
30024667,3,knee pain,5,85,126,108,22,100,37.5
30024668,3,abdominal pain,3,79,146,57,20,96,35.7
30024669,3,headache,7,84,108,109,14,92,36.5
30024670,3,knee pain,1,67,154,77,10,100,36.7
30024671,4,abdominal pain,2,83,116,77,21,96,36.6
30024672,3,knee pain,5,82,123,92,24,100,36.7
30024673,3,knee pain,4,77,125,60,15,92,36.4
30024674,5,shortness of breath,0,76,144,75,15,99,37.4
30024675,3,fever,7,93,122,90,23,98,37.3
30024676,4,chest pain,3,73,125,97,18,99,37.7
30024677,3,chest pain,2,90,105,107,11,97,36.0
30024678,4,headache,4,92,121,87,18,94,36.9
30024679,3,anxiety,7,92,128,102,18,100,37.2
30024680,3,fall,6,79,172,81,15,96,36.7
30024681,3,back pain,2,79,137,73,15,91,36.9
30024682,2,back pain,9,106,120,65,15,96,36.3
30024683,1,fall,8,78,162,81,15,99,36.9
30024684,1,chest pain,7,97,114,101,16,92,37.1
30024685,2,back pain,7,71,114,86,15,93,37.1
30024686,2,fever,7,79,136,69,18,98,38.0
30024687,3,fall,3,88,118,90,20,98,36.3
30024688,2,back pain,9,83,127,88,16,100,36.9
30024689,2,chest pain,8,62,98,60,9,93,37.8
30024690,2,shortness of breath,10,108,130,76,12,94,35.9
30024691,3,shortness of breath,1,83,126,69,23,100,37.7
30024692,4,anxiety,2,98,113,67,16,100,38.2
30024693,3,knee pain,1,72,92,85,15,96,39.5
30024694,3,chest pain,6,90,103,102,12,99,37.9
30024695,2,back pain,9,103,143,64,22,96,36.2
30024696,4,anxiety,5,84,135,86,13,100,37.2
30024697,3,chest pain,0,76,127,55,22,99,37.3
30024698,3,fever,5,63,140,106,21,93,36.5
30024699,2,fall,10,109,132,52,13,97,36.1
30024700,4,shortness of breath,0,94,141,63,19,93,37.1
30024701,2,headache,9,59,126,83,21,99,37.6
30024702,3,fall,6,74,142,79,17,94,37.3
30024703,3,fall,0,90,116,84,22,100,36.7
30024704,3,abdominal pain,6,79,119,88,20,95,37.7
30024705,4,laceration,2,104,148,70,20,95,36.4
30024706,3,knee pain,3,94,151,59,12,98,36.9
30024707,1,back pain,8,97,150,61,12,97,36.3
30024708,3,headache,0,60,115,49,17,94,36.5
30024709,2,chest pain,9,82,143,51,18,94,37.8
30024710,1,fever,9,80,98,103,25,97,37.9
30024711,3,fall,1,69,156,93,16,100,36.4
30024712,4,laceration,3,62,151,114,22,100,38.1
30024713,3,chest pain,6,83,121,86,15,98,36.3
30024714,3,laceration,6,68,129,69,19,96,37.5
30024715,4,anxiety,3,89,140,80,25,97,36.2
30024716,5,back pain,3,97,145,93,23,98,37.0
30024717,2,fall,6,83,104,62,18,96,36.5
30024718,3,back pain,0,93,125,86,20,96,36.2
30024719,4,back pain,4,98,133,97,16,100,36.7
30024720,3,shortness of breath,5,75,129,86,13,96,37.9
30024721,2,knee pain,6,68,116,99,17,97,37.2
30024722,2,chest pain,9,101,130,75,16,94,38.5
30024723,2,shortness of breath,6,52,119,73,21,96,37.0
30024724,3,anxiety,1,72,144,79,10,98,36.6
30024725,4,back pain,7,70,101,59,24,94,36.6
30024726,3,knee pain,5,82,176,67,15,96,36.2
30024727,3,knee pain,3,93,132,59,24,94,37.4
30024728,1,knee pain,9,118,145,103,17,98,37.7
30024729,3,chest pain,5,100,161,43,20,95,37.2
30024730,3,fall,3,81,113,67,16,96,37.2
30024731,3,fever,7,67,141,68,12,96,36.1
30024732,2,shortness of breath,8,108,126,38,16,100,36.7
30024733,4,anxiety,3,78,137,87,13,99,37.2
30024734,5,laceration,7,89,141,85,14,96,37.6
30024735,3,laceration,6,84,153,85,16,98,38.3
30024736,4,chest pain,4,73,148,69,19,97,36.7
30024737,3,abdominal pain,0,65,149,96,17,97,36.7
30024738,4,anxiety,2,92,119,100,13,95,37.4
30024739,3,abdominal pain,7,98,115,77,23,96,36.9
30024740,4,fever,0,86,107,84,19,97,36.9
30024741,3,fever,7,112,137,75,23,97,38.3
30024742,3,fever,2,90,109,71,12,96,36.0
30024743,3,shortness of breath,7,75,145,50,12,100,37.3
30024744,3,fever,2,72,130,72,19,94,37.3
30024745,3,back pain,7,100,122,87,28,92,35.7
30024746,4,fever,7,100,146,87,23,97,35.8
30024747,3,chest pain,3,64,109,119,20,91,36.7
30024748,4,abdominal pain,0,77,113,72,19,97,36.8
30024749,2,anxiety,8,72,166,70,19,100,37.8
30024750,3,back pain,6,98,151,80,18,95,37.1
30024751,2,anxiety,10,68,163,105,13,96,37.4
30024752,3,chest pain,7,99,117,77,17,97,37.8
30024753,3,anxiety,6,93,123,69,16,94,38.0
30024754,3,shortness of breath,2,114,155,82,20,94,36.3
30024755,3,anxiety,1,92,119,104,14,98,36.6
30024756,3,fever,2,90,128,79,24,92,37.7
30024757,3,chest pain,7,62,134,84,15,99,38.3
30024758,4,laceration,1,66,129,82,16,100,36.2
30024759,3,fever,2,74,107,91,19,95,37.0
30024760,2,chest pain,10,76,129,73,12,94,37.1
30024761,4,chest pain,2,90,99,100,21,95,35.6
30024762,4,anxiety,2,91,140,93,17,99,38.6
30024763,5,anxiety,3,86,119,67,18,96,36.1
30024764,4,anxiety,4,118,142,91,20,96,36.4
30024765,3,back pain,1,82,145,84,13,92,37.3
30024766,3,knee pain,2,99,157,101,23,97,36.7
30024767,4,knee pain,6,75,151,67,17,100,37.8
30024768,1,laceration,7,72,120,80,16,96,36.6
30024769,4,headache,5,92,153,90,19,99,36.3
30024770,4,laceration,2,89,117,86,18,100,37.5
30024771,3,shortness of breath,0,69,117,67,20,89,37.0
30024772,3,headache,1,100,109,78,20,95,36.6
30024773,2,fall,8,85,122,82,17,92,36.1
30024774,2,laceration,7,84,144,76,18,100,36.8
30024775,3,chest pain,3,88,116,92,19,100,36.5
30024776,2,abdominal pain,9,65,126,53,20,95,37.3
30024777,4,chest pain,6,65,119,81,17,95,37.1
30024778,3,fall,4,109,123,91,15,100,36.8
30024779,4,anxiety,7,76,81,48,16,98,37.4
30024780,3,knee pain,4,104,134,69,17,95,37.2
30024781,3,fall,7,88,114,57,14,97,37.2
30024782,4,anxiety,0,77,113,91,23,90,36.3
30024783,5,laceration,5,46,132,89,16,96,37.1
30024784,2,shortness of breath,6,93,80,82,29,100,36.4
30024785,3,knee pain,1,103,156,78,11,99,38.1
30024786,5,shortness of breath,0,88,110,91,17,100,37.2
30024787,3,headache,3,75,126,57,25,93,35.5
30024788,3,shortness of breath,3,98,154,66,17,97,36.5
30024789,2,fever,7,80,102,76,21,99,37.1
30024790,3,chest pain,2,90,100,83,21,93,38.1
30024791,2,fall,6,101,111,59,18,100,37.9
30024792,2,chest pain,6,97,75,60,15,100,37.3
30024793,2,back pain,9,55,101,110,18,96,37.1
30024794,3,laceration,7,93,130,85,15,100,36.1
30024795,2,chest pain,10,98,122,67,18,95,37.7
30024796,5,anxiety,0,92,127,90,13,94,36.1
30024797,4,abdominal pain,6,90,143,90,12,94,36.4
30024798,3,back pain,2,104,122,65,13,98,37.1
30024799,3,abdominal pain,1,89,136,92,16,97,37.5
30024800,2,anxiety,6,100,192,78,17,94,37.5
30024801,2,back pain,8,101,94,67,19,94,36.3
30024802,5,abdominal pain,2,91,120,119,21,93,36.4
30024803,3,fever,0,93,109,83,17,97,37.6
30024804,3,fever,1,88,133,110,13,95,38.7
30024805,3,abdominal pain,6,84,123,106,15,95,37.5
30024806,3,fall,5,94,134,94,20,92,37.7
30024807,5,abdominal pain,5,95,141,71,25,99,36.6
30024808,3,laceration,2,84,140,70,19,99,36.5
30024809,2,knee pain,7,76,142,93,14,98,36.9
30024810,2,headache,7,79,134,75,15,88,36.8
30024811,4,fall,6,76,127,73,16,90,37.4
30024812,3,fever,3,88,141,68,15,97,37.9
30024813,3,back pain,0,63,120,83,13,99,37.8
30024814,4,fall,0,81,120,78,20,100,37.2
30024815,3,headache,7,100,156,74,21,100,36.3
30024816,3,chest pain,3,75,115,66,21,98,38.2
30024817,5,fever,1,83,174,69,13,96,37.6
30024818,3,shortness of breath,5,59,125,94,16,96,36.7
30024819,3,anxiety,4,90,110,107,16,95,36.2
30024820,3,chest pain,2,81,140,98,14,99,36.9
30024821,3,fall,3,74,132,66,22,99,36.6
30024822,3,fever,7,75,92,94,21,97,37.1
30024823,3,fall,2,89,95,59,26,94,37.6
30024824,4,chest pain,2,73,116,31,17,100,36.9
30024825,3,knee pain,7,102,123,67,16,95,37.6
30024826,3,back pain,1,98,123,61,17,98,36.2
30024827,3,abdominal pain,4,76,154,78,13,95,37.0
30024828,3,shortness of breath,0,100,161,100,19,96,36.6
30024829,3,back pain,2,104,113,79,21,98,37.2
30024830,3,knee pain,1,132,122,78,14,95,35.8
30024831,4,chest pain,3,71,121,107,14,96,36.4
30024832,3,anxiety,6,65,145,69,20,100,37.2
30024833,2,laceration,6,65,146,74,18,97,39.3
30024834,1,anxiety,7,104,114,90,22,97,37.3
30024835,3,fall,3,77,145,75,25,95,35.4
30024836,5,chest pain,7,95,121,95,21,100,36.8
30024837,3,shortness of breath,5,79,141,60,20,98,39.1
30024838,3,anxiety,5,104,116,89,12,94,36.7
30024839,3,anxiety,2,73,146,80,22,100,36.1
30024840,5,headache,1,65,97,54,23,97,36.9
30024841,4,back pain,1,112,131,90,12,94,36.4
30024842,4,shortness of breath,7,76,131,83,19,100,37.5
30024843,3,anxiety,4,80,157,69,14,99,36.5
30024844,2,fever,10,93,144,53,19,95,38.0
30024845,4,knee pain,7,70,142,87,19,97,37.4
30024846,3,headache,2,85,126,74,16,92,38.1
30024847,4,abdominal pain,5,96,139,66,21,97,37.5
30024848,3,headache,5,94,128,90,18,96,38.8
30024849,5,anxiety,6,94,123,82,14,97,36.7
30024850,3,headache,1,91,120,47,18,97,37.3
30024851,3,chest pain,3,96,130,71,25,100,36.7
30024852,4,anxiety,3,84,141,78,23,94,35.6
30024853,4,fever,5,91,108,93,24,94,37.0
30024854,2,chest pain,8,89,139,86,13,99,37.4
30024855,2,knee pain,10,91,133,55,25,98,38.1
30024856,5,shortness of breath,2,99,126,64,18,96,37.2
30024857,3,anxiety,5,97,99,81,22,91,36.4
30024858,4,back pain,5,84,156,83,21,95,37.4
30024859,4,headache,6,89,148,91,17,97,36.9
30024860,3,abdominal pain,2,56,123,60,11,100,35.7
30024861,4,fall,4,88,122,84,13,95,37.2
30024862,4,laceration,6,79,123,68,16,96,37.7
30024863,5,chest pain,1,101,60,95,24,95,36.9
30024864,3,fever,0,77,139,99,28,95,35.8
30024865,2,anxiety,8,69,127,80,26,99,38.0
30024866,3,knee pain,5,87,131,54,23,94,36.1
30024867,2,back pain,10,83,144,91,16,98,38.6
30024868,3,headache,7,76,127,70,20,93,38.7
30024869,2,knee pain,9,88,131,66,15,97,37.6
30024870,4,abdominal pain,5,91,106,80,22,98,37.1
30024871,3,laceration,3,77,148,100,16,98,35.5
30024872,2,abdominal pain,6,82,96,80,21,96,37.1
30024873,3,headache,3,85,128,94,17,100,36.5
30024874,3,back pain,1,120,138,94,20,96,35.7
30024875,2,anxiety,8,98,111,68,19,100,37.7
30024876,3,anxiety,5,75,122,97,17,98,36.5
30024877,2,laceration,9,75,140,77,17,93,38.1
30024878,2,fever,7,102,138,69,18,96,37.2
30024879,2,knee pain,10,70,118,97,15,100,37.4
30024880,3,headache,1,84,143,98,20,98,36.5
30024881,3,shortness of breath,4,95,172,98,22,96,36.6
30024882,3,headache,7,73,110,63,16,100,39.1
30024883,3,fall,5,107,107,84,11,98,36.8
30024884,3,fall,4,103,108,89,14,96,37.0
30024885,2,laceration,8,62,75,106,19,100,37.2
30024886,3,anxiety,2,76,127,52,17,94,37.2
30024887,3,headache,0,80,137,81,15,95,37.1
30024888,3,back pain,4,67,106,102,21,97,37.7
30024889,3,abdominal pain,2,109,121,102,12,95,36.7
30024890,3,chest pain,2,76,141,55,17,100,36.2
30024891,5,chest pain,3,88,130,85,11,97,37.7
30024892,2,abdominal pain,7,61,159,63,22,95,36.0
30024893,2,shortness of breath,8,69,118,78,20,96,36.5
30024894,3,headache,0,84,148,82,20,91,37.2
30024895,3,anxiety,0,72,136,88,16,94,36.3
30024896,1,chest pain,7,83,105,69,15,94,37.6
30024897,3,fall,5,70,118,46,23,98,38.3
30024898,1,back pain,9,77,122,67,11,100,35.6
30024899,2,shortness of breath,10,69,127,69,22,96,36.7
30024900,3,laceration,6,67,82,100,16,100,36.5
30024901,3,anxiety,5,94,135,60,15,98,36.7
30024902,5,shortness of breath,7,79,135,97,21,96,35.7
30024903,4,laceration,5,98,146,79,15,94,36.0
30024904,2,anxiety,6,95,169,65,18,98,37.5
30024905,3,fever,7,94,123,96,20,96,36.8
30024906,3,chest pain,0,92,124,62,21,100,37.1
30024907,3,fever,1,70,120,64,13,100,38.0
30024908,3,anxiety,0,67,95,87,16,94,36.5
30024909,1,headache,6,79,114,67,21,95,37.5
30024910,5,back pain,0,73,115,81,17,93,36.6
30024911,3,headache,0,75,172,47,17,96,36.5
30024912,3,laceration,6,75,120,60,20,100,37.3
30024913,2,fall,6,92,129,89,21,100,36.6
30024914,4,shortness of breath,4,99,122,88,24,100,38.3
30024915,3,shortness of breath,5,78,126,84,16,98,37.1
30024916,4,headache,6,82,119,91,18,94,35.4
30024917,3,back pain,2,61,123,85,15,98,37.4
30024918,5,chest pain,4,63,119,90,22,95,38.3
30024919,3,knee pain,1,103,121,76,19,99,37.5
30024920,2,fever,7,77,101,91,14,100,35.1
30024921,2,shortness of breath,8,86,111,86,21,94,38.6
30024922,2,headache,9,95,135,78,22,97,36.8
30024923,3,anxiety,7,96,115,94,7,96,36.6
30024924,2,fever,7,96,138,91,19,93,36.9
30024925,3,shortness of breath,0,80,136,87,14,99,38.8
30024926,2,fever,9,84,113,102,21,97,38.1
30024927,3,fall,1,61,110,75,14,99,37.0
30024928,4,fall,2,91,137,83,17,100,36.0
30024929,2,headache,6,86,134,74,21,99,36.0
30024930,4,knee pain,6,91,134,69,21,96,37.5
30024931,3,laceration,3,91,140,95,21,100,38.1
30024932,3,shortness of breath,0,62,123,70,15,95,37.1
30024933,4,chest pain,6,78,138,77,20,95,37.5
30024934,3,abdominal pain,4,76,89,77,25,94,37.0
30024935,1,chest pain,8,87,125,83,22,97,37.2
30024936,3,anxiety,1,100,130,66,16,93,37.1
30024937,2,laceration,6,71,120,71,13,99,37.0
30024938,3,chest pain,5,90,124,70,14,97,37.1
30024939,1,anxiety,10,91,131,105,17,93,36.4
30024940,2,shortness of breath,6,107,132,80,18,93,37.4
30024941,4,abdominal pain,4,108,146,85,11,90,37.7
30024942,2,fall,6,95,111,85,22,97,37.1
30024943,4,shortness of breath,5,75,132,88,18,94,37.5
30024944,2,fall,7,69,93,89,22,97,37.3
30024945,3,anxiety,0,87,124,86,10,100,37.1
30024946,3,fever,6,75,138,101,19,96,35.5
30024947,3,chest pain,5,90,147,79,21,97,37.7
30024948,4,fever,3,86,135,72,19,98,37.4
30024949,3,laceration,3,78,105,82,19,100,36.4
30024950,1,shortness of breath,9,98,132,116,11,97,36.3
30024951,3,fall,5,76,129,98,14,96,36.8
30024952,2,fever,8,62,132,86,16,92,37.6
30024953,3,anxiety,2,68,115,105,19,93,36.7
30024954,4,headache,0,88,116,75,21,94,37.6
30024955,4,anxiety,5,75,89,82,18,99,35.7
30024956,3,chest pain,3,93,134,90,12,96,37.2
30024957,2,chest pain,10,105,121,65,19,95,36.0
30024958,3,back pain,0,74,119,73,19,100,36.1
30024959,3,anxiety,7,78,132,47,13,97,36.2
30024960,3,headache,5,77,116,79,16,93,38.3
30024961,3,laceration,0,76,93,105,24,96,36.8
30024962,2,knee pain,9,69,110,85,16,100,38.5
30024963,3,knee pain,5,90,106,89,21,92,36.0
30024964,3,fever,6,66,116,91,15,100,36.9
30024965,3,knee pain,2,79,103,78,21,99,36.5
30024966,3,chest pain,3,118,145,63,17,99,36.5
30024967,3,laceration,4,58,96,94,14,97,37.1
30024968,2,chest pain,10,104,164,99,17,98,36.3
30024969,4,knee pain,4,63,118,73,19,96,37.0
30024970,1,fever,9,70,95,44,16,92,36.8
30024971,3,laceration,1,82,122,95,19,98,37.0
30024972,3,fever,4,95,119,115,14,98,36.4
30024973,1,fall,10,70,118,80,21,100,36.5
30024974,3,abdominal pain,4,105,107,90,12,95,38.1
30024975,3,back pain,3,65,122,75,18,96,37.1
30024976,3,fall,7,55,99,113,19,95,36.6
30024977,3,back pain,5,42,129,103,15,96,38.2
30024978,2,shortness of breath,6,79,112,59,21,100,38.3
30024979,2,laceration,9,81,120,71,14,95,35.8
30024980,3,shortness of breath,3,63,115,87,19,95,37.5
30024981,3,abdominal pain,0,88,107,80,23,100,35.4
30024982,3,anxiety,7,73,119,87,18,99,36.8
30024983,2,back pain,10,85,110,94,17,98,37.3
30024984,3,back pain,4,131,98,82,18,100,36.2
30024985,3,fever,7,100,153,78,21,96,37.4
30024986,3,shortness of breath,5,90,137,79,18,93,36.8
30024987,4,fall,5,65,157,70,15,98,37.0
30024988,3,headache,4,85,152,73,19,95,36.3
30024989,4,chest pain,4,120,133,89,18,92,36.4
30024990,2,chest pain,7,92,115,82,19,95,37.1
30024991,5,laceration,3,80,142,72,19,97,36.7
30024992,2,headache,10,62,139,69,18,98,37.9
30024993,3,fall,2,62,159,75,14,96,37.9
30024994,2,abdominal pain,10,58,117,77,20,100,36.3
30024995,4,anxiety,7,99,121,88,20,95,38.1
30024996,3,chest pain,5,92,119,87,16,100,37.5
30024997,3,knee pain,5,93,134,73,14,96,36.3
30024998,3,knee pain,2,83,132,52,16,97,36.8
30024999,3,abdominal pain,2,124,140,85,17,96,36.4
30025000,3,fall,7,107,154,88,10,94,36.5
30025001,4,back pain,6,56,105,76,16,100,36.4
30025002,4,laceration,3,72,115,79,12,96,37.5
30025003,4,abdominal pain,1,87,77,36,20,91,38.1
30025004,5,chest pain,4,71,103,76,20,97,36.7
30025005,5,chest pain,2,79,111,81,12,100,37.7
30025006,3,knee pain,5,83,122,48,23,100,36.8
30025007,1,back pain,10,86,141,84,19,96,37.7
30025008,3,fall,0,112,101,77,25,95,36.8
30025009,2,back pain,10,69,145,85,22,96,38.1
30025010,4,fever,3,76,124,83,17,95,37.0
30025011,4,shortness of breath,1,93,143,69,19,95,36.7
30025012,3,fall,1,94,153,61,8,95,36.5
30025013,3,headache,7,93,128,97,14,92,36.7
30025014,3,anxiety,5,110,116,66,21,100,38.3
30025015,3,abdominal pain,2,73,110,98,12,100,37.8
30025016,4,chest pain,0,95,136,62,19,97,38.0
30025017,5,fall,7,108,122,79,12,97,36.8
30025018,2,knee pain,6,73,162,76,16,97,36.3
30025019,3,chest pain,0,94,140,88,26,100,36.4
30025020,3,fall,0,116,133,80,12,99,36.1
30025021,3,laceration,0,116,139,73,14,100,37.3
30025022,2,anxiety,8,60,91,96,18,98,36.1
30025023,2,laceration,9,111,121,65,20,99,36.8
30025024,4,back pain,7,82,141,78,20,99,36.1
30025025,1,chest pain,7,86,109,71,21,92,36.5
30025026,3,shortness of breath,6,96,113,97,22,96,37.7
30025027,4,shortness of breath,7,78,84,73,11,97,37.0
30025028,3,back pain,3,100,135,89,25,100,35.7
30025029,2,abdominal pain,9,82,146,62,16,97,36.7
30025030,4,fall,4,89,130,87,20,98,38.0
30025031,4,abdominal pain,4,66,86,87,14,100,37.0
30025032,1,laceration,9,77,103,73,14,93,36.5
30025033,3,chest pain,4,94,166,56,25,97,38.8
30025034,2,chest pain,8,63,123,93,20,98,37.0
30025035,2,laceration,10,73,115,92,18,97,37.5
30025036,3,anxiety,0,96,107,91,20,99,37.1
30025037,3,chest pain,6,80,133,98,14,95,36.8
30025038,3,shortness of breath,2,72,103,77,18,99,36.1
30025039,3,chest pain,5,104,110,54,12,95,37.0
30025040,3,abdominal pain,5,92,131,90,18,100,36.6
30025041,4,fever,1,80,138,68,12,100,35.7
30025042,4,back pain,0,91,118,71,18,98,37.8
30025043,2,knee pain,9,108,172,95,14,100,37.2
30025044,4,abdominal pain,4,88,121,91,21,93,37.4
30025045,2,abdominal pain,7,98,121,86,23,96,36.1
30025046,3,fever,5,79,118,81,13,96,37.0
30025047,3,knee pain,0,100,144,86,22,100,37.1
30025048,5,chest pain,5,82,161,90,19,99,36.3
30025049,2,back pain,7,99,119,84,17,94,36.9
30025050,2,knee pain,7,103,105,64,15,100,38.3
30025051,3,back pain,2,98,164,61,16,100,35.4
30025052,3,headache,3,87,98,87,19,91,37.4
30025053,3,back pain,1,96,119,100,20,100,35.3
30025054,3,abdominal pain,0,94,76,91,24,97,36.5
30025055,3,fever,0,77,144,89,21,94,37.0
30025056,2,shortness of breath,7,79,90,67,15,99,37.1
30025057,3,headache,0,62,137,40,7,96,37.7
30025058,1,shortness of breath,8,59,155,84,17,100,36.1
30025059,3,abdominal pain,3,92,119,88,19,92,37.9
30025060,1,headache,9,91,121,49,18,97,37.6
30025061,4,back pain,7,72,105,89,24,99,35.6
30025062,4,laceration,0,89,95,81,15,97,38.9
30025063,3,shortness of breath,1,103,135,80,24,98,36.1
30025064,3,back pain,2,86,85,91,27,95,36.3
30025065,2,anxiety,10,71,125,91,22,100,37.5
30025066,4,shortness of breath,4,82,91,81,20,99,38.4
30025067,4,anxiety,5,94,135,81,17,95,38.2
30025068,3,chest pain,5,61,121,78,17,92,36.4
30025069,3,anxiety,0,66,109,72,18,100,35.7
30025070,1,chest pain,6,76,140,74,20,93,37.3
30025071,5,anxiety,0,76,185,54,22,96,36.7
30025072,5,fever,0,76,122,70,18,93,38.0
30025073,5,chest pain,2,85,151,91,8,99,36.8
30025074,4,abdominal pain,5,89,88,121,25,97,36.3
30025075,5,chest pain,0,104,121,65,22,98,37.5
30025076,3,fever,5,96,164,92,23,98,36.7
30025077,3,knee pain,0,90,141,83,19,95,37.1
30025078,3,laceration,4,74,117,39,23,99,36.8
30025079,3,knee pain,1,93,123,90,22,97,37.4
30025080,3,anxiety,5,93,150,66,19,98,37.2
30025081,3,abdominal pain,5,119,83,69,15,98,36.6
30025082,4,anxiety,0,101,141,96,15,99,37.5
30025083,4,back pain,6,60,131,99,14,98,36.0
30025084,3,abdominal pain,0,88,124,95,20,92,36.6
30025085,3,abdominal pain,1,104,132,74,21,98,36.4
30025086,1,shortness of breath,9,63,130,81,15,99,36.6
30025087,2,fall,10,95,95,108,18,96,36.9
30025088,1,anxiety,6,92,130,101,19,97,37.3
30025089,3,anxiety,1,78,113,93,22,100,36.0
30025090,3,laceration,7,63,110,86,21,94,36.2
30025091,3,back pain,1,72,141,52,21,95,36.9
30025092,3,fall,4,95,136,89,21,99,37.4
30025093,3,back pain,3,115,110,78,20,96,37.5
30025094,4,laceration,6,103,119,72,24,92,38.8
30025095,4,shortness of breath,2,61,128,100,18,98,38.4
30025096,4,fever,2,70,115,67,20,97,37.6
30025097,3,anxiety,1,89,145,56,23,93,37.2
30025098,2,laceration,10,80,116,46,20,95,36.4
30025099,2,headache,10,82,126,106,16,100,36.0
30025100,2,anxiety,10,84,115,89,24,99,36.7
30025101,3,laceration,4,100,142,89,8,98,36.4
30025102,3,abdominal pain,3,113,137,43,14,100,36.2
30025103,2,abdominal pain,9,84,91,79,23,99,38.4
30025104,3,fall,0,82,159,98,14,99,36.4
30025105,3,fall,4,81,145,74,17,99,37.2
30025106,2,abdominal pain,7,87,146,111,11,97,36.7
30025107,3,chest pain,6,104,113,55,19,94,37.7
30025108,2,fall,9,98,111,89,19,100,36.7
30025109,3,chest pain,5,72,120,91,21,98,36.9
30025110,3,shortness of breath,2,77,119,89,18,97,37.1
30025111,4,back pain,2,75,120,92,11,93,36.7
30025112,2,laceration,7,90,133,80,24,99,37.7
30025113,2,fever,10,91,117,79,19,99,35.6
30025114,2,headache,10,81,102,84,15,97,36.0
30025115,1,laceration,8,74,137,87,17,100,37.0
30025116,4,back pain,7,74,194,101,23,92,37.2
30025117,3,knee pain,6,81,126,99,20,98,36.9
30025118,5,chest pain,0,104,151,94,24,93,37.0
30025119,4,anxiety,1,88,130,68,19,98,36.6
30025120,4,laceration,0,65,120,36,21,99,36.1
30025121,2,fever,6,106,116,71,16,96,38.4
30025122,1,fever,8,111,90,114,17,96,36.4
30025123,3,fall,6,77,109,96,23,98,38.7
30025124,2,chest pain,9,74,140,68,24,100,37.3
30025125,3,abdominal pain,6,53,149,81,19,94,37.3
30025126,3,headache,6,87,79,68,14,100,38.6
30025127,3,chest pain,3,59,120,91,14,100,35.6
30025128,2,shortness of breath,10,81,106,57,22,98,37.8
30025129,5,chest pain,1,96,130,88,20,93,37.2
30025130,2,chest pain,6,102,110,81,21,100,37.5
30025131,3,chest pain,3,79,137,66,18,100,37.1
30025132,3,laceration,2,70,142,59,13,95,37.5
30025133,3,headache,4,81,108,79,13,99,36.3
30025134,4,fall,2,73,109,48,16,97,37.6
30025135,3,anxiety,7,88,141,89,18,93,36.9
30025136,3,laceration,5,93,135,96,21,97,37.7
30025137,4,shortness of breath,5,95,98,96,5,97,37.3
30025138,2,laceration,8,97,118,85,19,96,37.6
30025139,2,anxiety,10,78,138,79,21,100,38.4
30025140,4,anxiety,4,86,165,92,16,96,37.4
30025141,4,chest pain,1,86,133,72,18,95,37.2
30025142,3,fever,3,95,118,77,20,100,37.5
30025143,4,fever,3,58,126,75,18,100,36.6
30025144,2,fall,9,70,121,63,19,98,36.4
30025145,3,shortness of breath,1,86,92,97,14,93,36.7
30025146,3,fall,6,90,141,82,24,95,36.8
30025147,2,headache,8,72,110,47,25,94,38.0
30025148,3,laceration,1,109,88,76,17,99,37.4
30025149,3,knee pain,2,97,167,82,14,96,36.6
30025150,2,chest pain,9,75,145,74,16,99,37.7
30025151,3,fall,1,101,140,76,21,100,37.6
30025152,3,headache,6,69,78,91,19,96,37.9
30025153,4,fall,7,104,177,73,24,97,36.7
30025154,3,knee pain,2,75,132,80,15,95,37.2
30025155,4,shortness of breath,7,77,136,84,19,96,36.3
30025156,1,fever,9,79,113,90,23,98,37.2
30025157,2,laceration,7,94,75,86,19,97,37.3
30025158,3,back pain,4,80,126,62,18,100,38.0
30025159,3,fall,5,93,155,77,20,95,37.3
30025160,3,abdominal pain,0,93,99,77,16,98,37.4
30025161,2,back pain,10,72,119,81,19,100,37.8
30025162,4,anxiety,3,94,93,65,18,99,37.8
30025163,3,shortness of breath,2,90,73,78,21,97,36.8
30025164,4,abdominal pain,3,76,115,71,20,100,37.2
30025165,3,laceration,4,67,85,97,17,99,36.8
30025166,4,fall,1,91,129,97,14,100,36.8
30025167,3,fall,6,102,115,86,14,95,38.7
30025168,3,fall,4,94,122,68,11,100,37.6
30025169,4,chest pain,4,91,98,73,13,96,36.9
30025170,2,knee pain,9,92,119,77,14,99,35.7
30025171,3,headache,3,92,135,83,21,94,36.6
30025172,3,knee pain,7,61,125,82,18,99,36.8
30025173,4,chest pain,5,73,106,53,18,100,38.2
30025174,3,chest pain,1,75,119,76,17,100,37.0
30025175,3,fever,1,77,136,92,15,94,37.0
30025176,4,shortness of breath,3,74,124,89,18,98,37.3
30025177,4,anxiety,6,103,110,91,18,99,37.1
30025178,3,fever,0,91,116,62,18,89,37.4
30025179,3,back pain,5,100,136,94,25,98,38.7
30025180,3,shortness of breath,2,76,154,91,14,98,37.8
30025181,3,back pain,3,73,113,78,15,96,36.3
30025182,4,fever,1,104,118,76,16,96,36.7
30025183,4,anxiety,7,85,111,80,14,98,36.6
30025184,2,laceration,8,68,145,84,20,98,37.2
30025185,5,abdominal pain,6,82,117,65,10,97,37.2
30025186,3,shortness of breath,7,89,125,100,15,98,37.2
30025187,3,knee pain,4,80,120,96,18,98,36.7
30025188,2,knee pain,8,86,117,84,19,94,35.3
30025189,3,headache,0,84,120,46,21,94,36.1
30025190,3,fever,0,79,102,86,19,96,36.8
30025191,4,knee pain,7,78,134,62,15,97,37.3
30025192,4,fall,4,82,138,77,27,98,37.7
30025193,2,fall,8,99,146,65,14,98,38.4
30025194,4,abdominal pain,4,62,102,84,19,100,35.5
30025195,3,fall,1,61,106,76,9,98,36.2
30025196,4,anxiety,0,86,107,71,22,94,37.5
30025197,3,back pain,7,61,120,60,22,100,37.1
30025198,3,fall,5,128,134,101,13,96,37.0
30025199,5,shortness of breath,3,75,144,88,12,94,38.5
30025200,3,fall,7,75,106,75,21,100,36.8
30025201,2,fever,8,95,116,96,18,91,36.8
30025202,4,back pain,3,86,164,80,16,96,36.8
30025203,4,back pain,2,75,164,107,24,100,36.9
30025204,3,back pain,1,82,108,101,18,99,37.4
30025205,3,fever,7,79,150,68,19,98,36.9
30025206,3,abdominal pain,0,59,129,75,17,99,36.7
30025207,4,shortness of breath,1,84,134,73,16,97,37.8
30025208,2,shortness of breath,6,108,101,70,14,95,37.6
30025209,3,knee pain,0,91,135,77,20,96,37.0
30025210,3,anxiety,3,89,92,89,16,97,37.5
30025211,3,back pain,2,106,143,63,22,96,37.2
30025212,2,back pain,9,80,103,67,17,97,37.6
30025213,4,back pain,0,77,142,100,15,98,37.8
30025214,3,fever,7,93,95,67,18,99,37.1
30025215,3,anxiety,3,87,145,85,11,98,38.5
30025216,2,fall,10,107,129,106,19,96,37.6
30025217,3,shortness of breath,1,84,79,99,11,98,38.1
30025218,3,laceration,0,77,110,114,17,100,38.5
30025219,5,chest pain,7,77,138,76,17,100,35.6
30025220,3,laceration,7,90,126,58,20,98,37.6
30025221,4,chest pain,6,68,136,72,21,98,37.2
30025222,3,chest pain,1,99,121,73,20,100,38.3
30025223,3,laceration,7,84,109,88,16,97,37.0
30025224,4,anxiety,2,88,91,65,16,93,37.7
30025225,4,fever,3,89,113,100,17,93,36.6
30025226,3,laceration,7,86,151,98,14,96,36.6
30025227,2,fever,7,74,121,62,17,92,37.6
30025228,5,shortness of breath,0,112,148,86,22,96,36.3
30025229,2,headache,6,77,91,70,16,99,37.0
30025230,1,laceration,8,83,81,72,21,96,37.9
30025231,4,back pain,6,99,108,95,19,99,37.1
30025232,3,back pain,7,90,139,93,17,98,37.0
30025233,3,headache,2,104,133,100,20,96,36.5
30025234,4,laceration,2,72,120,90,20,97,36.5
30025235,3,shortness of breath,4,102,126,88,27,98,36.2
30025236,3,shortness of breath,1,86,98,60,13,95,36.9
30025237,3,back pain,2,82,145,82,26,100,37.6
30025238,3,abdominal pain,5,82,110,52,13,98,36.9
30025239,3,fever,0,72,114,93,22,93,36.3
30025240,1,fever,8,85,93,79,18,94,37.5
30025241,5,back pain,1,84,76,104,16,100,36.9
30025242,3,fever,0,78,144,102,13,99,36.8
30025243,2,knee pain,8,114,178,98,16,96,35.7
30025244,3,abdominal pain,3,66,120,61,17,95,37.4
30025245,2,headache,7,65,136,68,12,100,36.6
30025246,3,laceration,6,90,135,67,19,100,36.9
30025247,3,back pain,2,77,126,64,16,91,37.0
30025248,4,fever,4,97,131,73,5,96,37.7
30025249,2,laceration,6,99,113,82,13,99,37.5
30025250,3,fall,3,82,90,64,13,97,36.7
30025251,3,abdominal pain,1,102,119,82,17,100,37.4
30025252,2,fever,10,88,139,69,18,100,35.9
30025253,2,abdominal pain,10,68,105,84,18,95,37.4
30025254,3,headache,4,90,148,92,12,95,37.4
30025255,4,shortness of breath,4,77,108,76,19,99,39.1
30025256,2,fever,8,87,126,75,16,95,37.2
30025257,2,knee pain,9,89,177,83,16,92,36.5
30025258,3,back pain,3,55,120,90,12,100,37.2
30025259,3,fall,5,109,128,93,19,100,37.1
30025260,3,laceration,4,85,131,118,17,91,36.3
30025261,3,anxiety,2,81,132,71,23,95,37.1
30025262,3,back pain,6,91,123,91,16,98,37.8
30025263,3,headache,2,93,120,55,14,97,36.3
30025264,3,knee pain,6,104,93,81,17,100,37.6
30025265,3,laceration,0,66,94,84,17,90,37.5
30025266,3,laceration,3,89,108,77,19,89,36.6
30025267,4,back pain,1,92,102,88,15,93,38.6
30025268,3,abdominal pain,5,103,92,94,15,99,36.5
30025269,4,laceration,7,93,115,65,16,100,37.5
30025270,3,anxiety,1,90,85,84,17,96,37.4
30025271,4,knee pain,6,85,121,65,15,95,36.9
30025272,3,abdominal pain,6,94,99,54,21,99,38.0
30025273,3,shortness of breath,0,111,123,62,16,100,38.1
30025274,4,headache,5,80,148,89,18,93,37.3
30025275,3,back pain,3,62,118,85,15,94,38.1
30025276,4,fall,4,82,131,58,18,95,37.0
30025277,3,knee pain,6,96,110,99,23,93,36.3
30025278,2,fever,8,71,145,92,14,97,37.2
30025279,3,back pain,5,70,151,104,12,97,38.5
30025280,3,fall,0,69,108,70,12,98,37.8
30025281,3,chest pain,7,135,101,88,19,94,36.0
30025282,3,back pain,2,76,120,98,21,97,37.6
30025283,5,back pain,1,82,131,95,15,96,36.7
30025284,3,abdominal pain,5,82,122,97,18,100,37.3
30025285,3,shortness of breath,3,97,104,54,11,95,37.2
30025286,2,anxiety,9,87,147,93,19,96,36.5
30025287,3,shortness of breath,4,100,133,75,12,97,37.5
30025288,5,laceration,5,105,117,79,13,92,37.5
30025289,3,fever,5,78,90,63,20,98,37.1
30025290,3,laceration,2,91,124,66,18,100,37.8
30025291,3,abdominal pain,1,104,125,79,19,95,36.9
30025292,4,fall,3,89,131,106,14,100,37.5
30025293,3,fall,2,80,133,83,15,99,36.5
30025294,5,fever,4,100,126,91,19,100,38.0
30025295,5,chest pain,0,115,101,80,21,96,36.6
30025296,3,abdominal pain,5,82,129,77,24,96,36.3
30025297,3,laceration,6,75,138,69,8,100,36.1
30025298,4,back pain,4,101,82,77,16,98,37.1
30025299,3,anxiety,7,101,105,62,20,95,36.6
30025300,5,knee pain,6,87,132,71,19,96,36.3
30025301,3,knee pain,4,90,94,83,16,96,35.2
30025302,4,headache,0,96,128,73,16,99,37.6
30025303,3,back pain,1,62,114,107,16,99,36.6
30025304,2,knee pain,10,114,145,63,19,99,36.4
30025305,3,back pain,4,93,116,105,15,97,35.8
30025306,3,back pain,5,114,119,78,16,98,36.2
30025307,3,anxiety,2,109,126,82,16,93,35.8
30025308,3,laceration,3,112,121,75,18,96,39.0
30025309,4,fever,4,77,128,96,16,94,37.6
30025310,3,shortness of breath,7,69,151,75,16,95,35.4
30025311,2,anxiety,7,76,130,87,21,100,36.3
30025312,2,abdominal pain,10,60,118,87,21,94,35.7
30025313,3,fall,2,90,144,74,18,96,36.7
30025314,3,headache,1,102,137,121,18,97,37.3
30025315,3,anxiety,5,94,143,70,24,96,37.1
30025316,3,fall,0,92,127,78,13,98,37.0
30025317,3,laceration,7,63,120,65,20,99,37.2
30025318,2,knee pain,7,105,125,104,15,95,37.4
30025319,4,headache,4,94,143,67,22,99,35.7
30025320,3,back pain,4,93,161,57,17,98,36.2
30025321,4,fall,1,89,131,79,10,97,36.3
30025322,3,anxiety,7,80,119,93,19,97,37.5
30025323,3,shortness of breath,6,72,105,97,13,99,37.7
30025324,2,anxiety,9,73,102,85,21,97,36.6
30025325,3,back pain,7,100,138,85,21,100,37.8
30025326,3,chest pain,7,103,121,65,26,94,37.8
30025327,2,laceration,9,61,135,85,16,95,36.4
30025328,3,back pain,0,97,143,70,11,100,36.4
30025329,4,knee pain,4,81,128,91,20,100,35.3
30025330,4,back pain,7,107,140,82,23,91,36.9
30025331,3,laceration,5,56,106,91,15,96,38.1
30025332,2,back pain,7,94,147,64,19,97,36.9
30025333,3,anxiety,0,90,115,80,18,95,36.7
30025334,3,knee pain,7,90,125,83,21,100,36.5
30025335,3,knee pain,5,91,123,105,21,93,37.5
30025336,2,fall,7,104,134,96,13,100,36.6
30025337,3,back pain,3,96,126,84,12,97,36.9
30025338,4,fever,7,83,121,91,13,96,35.3
30025339,3,abdominal pain,1,102,131,73,20,95,36.9
30025340,3,fall,5,89,160,72,17,96,35.7
30025341,3,shortness of breath,1,72,117,79,18,92,37.2
30025342,2,anxiety,8,95,169,68,16,95,35.5
30025343,3,back pain,1,82,118,68,22,92,35.8
30025344,4,anxiety,1,81,136,90,17,95,37.2
30025345,4,knee pain,7,92,106,66,25,97,38.0
30025346,1,laceration,8,125,92,76,19,100,37.0
30025347,3,back pain,0,105,131,92,30,92,36.2
30025348,2,anxiety,8,84,112,64,24,96,36.7
30025349,3,fever,4,96,114,112,20,98,36.1
30025350,3,fever,3,82,110,83,19,92,36.0
30025351,3,fever,3,84,133,69,19,99,36.4
30025352,3,abdominal pain,7,83,148,80,25,92,37.0
30025353,3,headache,7,85,155,73,16,95,36.4
30025354,3,fever,5,124,115,61,16,95,36.1
30025355,4,back pain,7,68,175,94,15,98,35.7
30025356,3,fever,4,92,94,75,18,95,37.9
30025357,3,headache,7,78,115,75,19,98,37.2
30025358,3,fall,0,91,115,76,16,96,38.5
30025359,4,chest pain,7,106,99,105,12,99,36.3
30025360,3,fall,4,71,138,75,16,99,37.8
30025361,3,abdominal pain,4,99,158,58,17,97,36.6
30025362,1,abdominal pain,9,99,113,91,19,100,36.9
30025363,3,fever,3,64,88,65,19,97,37.5
30025364,3,chest pain,7,64,122,72,19,93,37.6
30025365,3,fall,0,72,127,89,20,96,36.3
30025366,3,laceration,7,86,139,69,18,93,35.9
30025367,3,fall,1,83,142,88,17,100,37.7
30025368,2,fever,9,83,133,70,25,94,37.3
30025369,3,chest pain,3,93,109,80,11,95,35.9
30025370,4,chest pain,3,71,134,70,23,98,37.4
30025371,3,headache,5,100,147,108,15,93,37.2
30025372,3,abdominal pain,2,101,129,100,13,97,37.0
30025373,2,laceration,6,73,124,103,15,97,36.2
30025374,3,abdominal pain,4,79,132,88,17,93,35.9
30025375,1,chest pain,9,83,129,79,14,100,37.6
30025376,1,knee pain,10,85,156,90,23,96,36.9
30025377,2,headache,10,76,112,75,18,97,36.3
30025378,2,headache,9,90,88,99,20,97,37.9
30025379,4,shortness of breath,1,78,111,81,25,97,37.1
30025380,5,chest pain,2,117,106,97,16,100,37.3
30025381,3,fever,4,84,99,71,12,96,37.2
30025382,3,chest pain,0,49,113,86,16,95,37.2
30025383,3,knee pain,0,72,173,77,17,96,38.2
30025384,4,fall,2,99,132,95,18,96,37.6
30025385,3,chest pain,7,67,138,60,20,97,36.9
30025386,3,headache,1,91,95,66,19,95,38.4
30025387,3,fever,6,77,137,63,16,98,37.4
30025388,3,shortness of breath,3,95,143,81,13,98,37.7
30025389,3,fall,1,74,137,80,15,97,37.1
30025390,3,fall,6,75,127,94,16,99,36.9
30025391,3,shortness of breath,3,97,95,56,24,98,37.1
30025392,3,laceration,3,82,133,61,22,97,37.4
30025393,4,abdominal pain,4,101,139,115,17,93,36.3
30025394,4,fall,1,64,109,75,12,95,36.7
30025395,3,chest pain,2,89,144,79,9,94,36.3
30025396,4,fall,6,80,110,68,27,97,36.7
30025397,4,fever,5,57,124,82,20,98,35.9
30025398,3,fall,1,111,136,97,14,99,38.2
30025399,3,knee pain,2,77,150,57,14,99,36.6
30025400,3,abdominal pain,7,75,119,43,17,96,38.5
30025401,3,back pain,0,96,139,107,14,94,36.7
30025402,3,headache,4,104,132,90,20,96,36.9
30025403,3,knee pain,6,68,119,67,22,97,36.8
30025404,3,fever,7,107,123,89,15,96,38.1
30025405,4,fever,4,80,106,76,18,98,36.5
30025406,4,fever,2,88,114,75,13,99,37.9
30025407,3,knee pain,3,93,146,100,16,99,36.3
30025408,3,chest pain,7,85,129,76,17,94,36.3
30025409,3,shortness of breath,0,81,142,106,13,100,38.3
30025410,4,headache,1,52,149,62,21,95,36.5
30025411,3,headache,4,75,132,110,13,100,35.1
30025412,3,back pain,6,85,105,85,11,97,39.4
30025413,4,headache,7,82,98,105,19,98,37.0
30025414,3,fall,3,88,151,67,15,100,35.8
30025415,3,fall,5,61,115,79,19,96,36.5
30025416,2,anxiety,7,90,131,88,13,97,36.5
30025417,2,chest pain,6,97,163,79,19,99,37.1
30025418,5,fever,7,91,109,78,20,94,37.1
30025419,5,chest pain,6,90,145,68,19,95,37.8
30025420,4,anxiety,0,84,143,102,15,100,36.7
30025421,3,abdominal pain,2,84,135,52,10,93,38.1
30025422,2,shortness of breath,10,79,124,79,16,94,36.8
30025423,3,anxiety,3,109,131,64,18,96,37.5
30025424,2,fall,6,59,122,70,17,92,37.4
30025425,1,anxiety,9,83,147,88,19,99,37.5
30025426,5,laceration,6,70,126,75,12,100,37.0
30025427,4,knee pain,6,71,162,84,21,100,36.7
30025428,2,fall,10,84,138,82,18,98,36.5
30025429,2,back pain,10,73,129,95,21,100,37.2
30025430,3,chest pain,0,62,113,83,20,100,36.9
30025431,3,shortness of breath,4,96,136,77,19,93,37.1
30025432,3,abdominal pain,3,57,112,59,18,99,37.0
30025433,3,chest pain,4,96,120,61,13,100,37.7
30025434,3,headache,5,55,137,97,23,100,38.4
30025435,3,chest pain,0,65,132,85,17,100,37.0
30025436,3,fall,2,100,120,64,22,99,36.9
30025437,3,shortness of breath,5,68,157,55,27,97,36.6
30025438,3,shortness of breath,0,89,126,88,19,100,37.2
30025439,3,back pain,2,90,126,89,17,91,38.1
30025440,4,shortness of breath,3,72,125,115,15,93,37.0
30025441,4,headache,0,60,145,64,18,100,37.6
30025442,3,knee pain,5,107,162,68,18,100,36.9
30025443,3,anxiety,3,88,120,97,10,97,37.4
30025444,3,fever,5,97,105,72,18,98,37.7
30025445,4,fever,0,56,136,67,12,96,37.7
30025446,4,shortness of breath,1,94,143,94,13,97,38.1
30025447,1,headache,7,97,151,90,18,92,37.4
30025448,3,laceration,1,64,136,90,15,95,38.2
30025449,3,shortness of breath,4,93,145,78,18,96,36.9
30025450,4,anxiety,1,99,119,99,24,90,36.7
30025451,3,fall,4,84,96,92,19,98,36.9
30025452,3,knee pain,5,81,134,63,14,92,36.9
30025453,4,headache,4,52,111,65,19,99,38.7
30025454,3,laceration,4,80,87,98,17,98,38.1
30025455,3,fall,0,100,130,68,17,93,37.1
30025456,2,laceration,8,85,142,75,24,93,36.2
30025457,2,abdominal pain,6,77,136,74,20,95,35.5
30025458,2,abdominal pain,10,84,80,82,19,97,36.3
30025459,3,shortness of breath,7,77,158,78,16,100,36.3
30025460,3,back pain,3,78,125,88,16,100,37.2
30025461,2,anxiety,6,92,96,96,20,95,37.9
30025462,2,fever,8,83,114,86,20,98,38.1
30025463,3,abdominal pain,0,100,142,78,12,96,36.4
30025464,5,chest pain,1,92,126,51,10,90,38.2
30025465,3,anxiety,2,80,128,85,18,100,35.7
30025466,2,anxiety,9,81,136,98,15,97,37.4
30025467,3,shortness of breath,3,79,168,58,17,96,37.1
30025468,3,fever,1,102,165,125,14,100,36.0
30025469,3,anxiety,6,87,105,82,20,92,36.4
30025470,2,knee pain,7,76,95,59,20,100,36.1
30025471,3,anxiety,3,86,129,81,23,100,38.3
30025472,1,knee pain,6,97,123,76,22,94,38.4
30025473,3,fall,5,106,114,96,24,96,37.9
30025474,3,abdominal pain,7,92,128,74,21,99,35.9
30025475,3,abdominal pain,3,62,145,76,19,100,37.6
30025476,3,back pain,5,91,147,93,15,93,37.6
30025477,4,shortness of breath,2,85,145,80,22,97,38.2
30025478,3,chest pain,0,53,114,90,15,96,36.9
30025479,3,shortness of breath,0,80,105,91,16,100,36.8
30025480,4,anxiety,7,66,106,101,13,96,36.8
30025481,3,headache,0,95,115,81,14,95,37.9
30025482,2,headache,10,83,107,90,21,94,36.9
30025483,3,headache,1,105,96,62,21,97,36.0
30025484,5,shortness of breath,4,68,129,68,17,96,36.3
30025485,3,shortness of breath,6,64,193,81,17,96,36.9
30025486,3,fall,0,99,150,82,19,99,35.3
30025487,3,back pain,1,88,118,64,17,99,36.6
30025488,3,fall,3,89,133,75,12,97,36.9
30025489,3,anxiety,2,82,127,55,13,96,35.9
30025490,3,fall,0,105,106,73,26,100,37.4
30025491,3,shortness of breath,3,93,112,69,14,100,37.3
30025492,3,abdominal pain,3,92,134,80,17,100,36.3
30025493,3,abdominal pain,7,82,126,91,21,100,36.5
30025494,4,anxiety,1,91,148,73,24,95,37.4
30025495,4,fever,3,99,121,85,22,91,38.8
30025496,2,shortness of breath,10,80,127,84,25,94,36.7
30025497,2,laceration,8,88,120,83,20,100,37.8
30025498,4,fall,1,53,134,90,19,99,36.1
30025499,3,fall,5,78,138,107,24,92,37.9
30025500,5,anxiety,4,75,128,92,18,98,37.3
30025501,3,abdominal pain,5,97,94,83,18,93,36.9
30025502,2,knee pain,6,95,147,76,16,98,38.2
30025503,2,abdominal pain,6,114,132,81,18,97,38.1
30025504,3,knee pain,0,61,134,73,22,100,37.9
30025505,2,fever,6,64,163,85,12,99,36.4
30025506,3,anxiety,4,57,141,94,16,98,37.6
30025507,3,shortness of breath,1,69,102,86,13,100,35.6
30025508,2,fall,7,70,130,106,19,98,37.3
30025509,3,laceration,1,80,117,82,13,94,37.5
30025510,5,anxiety,3,66,110,103,11,100,37.5
30025511,3,back pain,4,92,123,88,21,97,37.3
30025512,4,fall,1,86,114,102,19,96,38.0
30025513,1,anxiety,9,39,104,89,15,96,37.7
30025514,2,headache,10,99,135,79,24,94,38.4
30025515,4,fever,0,92,126,88,19,100,36.5
30025516,2,knee pain,7,75,112,80,14,96,37.8
30025517,3,shortness of breath,4,99,128,78,24,100,37.1
30025518,3,back pain,3,91,119,98,24,98,37.8
30025519,3,fall,1,79,140,73,24,99,37.0
30025520,2,headache,6,84,124,91,20,100,38.3
30025521,3,fever,0,95,149,72,25,97,36.9
30025522,5,laceration,5,98,133,65,11,94,36.8
30025523,4,shortness of breath,4,100,127,86,16,96,36.8
30025524,5,chest pain,7,64,144,66,14,97,36.7
30025525,4,abdominal pain,7,76,119,62,19,94,37.7
30025526,4,chest pain,5,67,114,71,19,93,38.0
30025527,3,fall,5,85,140,77,20,96,37.5
30025528,3,fever,7,37,118,91,24,93,37.4
30025529,3,fever,7,93,134,102,19,100,36.9
30025530,1,anxiety,10,83,127,80,22,100,37.5
30025531,4,chest pain,1,92,129,92,22,97,38.0
30025532,2,laceration,7,76,118,80,20,95,38.0
30025533,3,abdominal pain,6,48,140,113,16,97,37.3
30025534,2,knee pain,6,68,137,93,15,96,37.3
30025535,1,shortness of breath,10,67,87,117,17,93,37.9
30025536,1,fall,9,100,148,65,23,98,35.0
30025537,4,anxiety,0,93,142,77,14,95,37.2
30025538,4,shortness of breath,1,104,144,87,18,99,36.8
30025539,1,abdominal pain,7,84,133,95,19,95,37.5
30025540,4,laceration,6,108,146,88,21,96,37.7
30025541,3,chest pain,5,81,122,82,15,97,37.4
30025542,3,fall,4,81,131,92,22,99,36.3
30025543,2,knee pain,10,84,119,85,17,98,36.4
30025544,4,knee pain,4,97,119,98,18,94,37.7
30025545,3,fever,4,86,111,92,10,98,37.5
30025546,4,chest pain,2,109,101,77,14,99,35.9
30025547,2,fall,8,68,136,87,19,100,36.6
30025548,3,fall,1,74,106,77,20,98,36.7
30025549,2,laceration,10,91,112,65,16,99,36.5
30025550,3,laceration,2,85,147,72,21,96,35.6
30025551,3,anxiety,0,95,110,95,14,96,37.1
30025552,3,headache,7,73,168,78,15,98,37.5
30025553,3,anxiety,2,98,120,120,19,100,36.2
30025554,3,fall,1,82,122,96,17,98,37.2
30025555,1,headache,6,97,122,85,20,97,36.6
30025556,3,knee pain,2,83,129,52,21,98,37.5
30025557,3,headache,4,101,117,98,22,97,37.1
30025558,4,abdominal pain,7,118,129,86,19,96,37.2
30025559,3,knee pain,6,75,133,85,20,99,38.0
30025560,3,shortness of breath,7,104,109,64,16,98,37.2
30025561,2,fall,9,84,135,92,21,99,36.1
30025562,3,knee pain,7,74,149,94,14,98,36.4
30025563,4,fall,2,125,134,106,17,100,37.1
30025564,3,chest pain,1,82,116,74,22,98,35.3
30025565,2,shortness of breath,8,68,148,57,16,98,38.0
30025566,4,chest pain,5,90,159,98,16,93,36.4
30025567,3,fever,7,95,128,100,26,91,37.8
30025568,5,anxiety,4,84,148,72,22,99,36.9
30025569,3,headache,4,88,142,82,22,94,38.7
30025570,3,laceration,1,71,144,81,1,97,37.2
30025571,2,anxiety,6,110,127,94,17,96,36.1
30025572,3,fever,6,70,127,98,21,93,37.7
30025573,2,fall,10,65,131,84,20,95,36.8
30025574,4,abdominal pain,5,106,146,86,25,97,37.2
30025575,3,back pain,4,57,133,75,18,99,36.4
30025576,3,back pain,7,83,151,54,19,97,36.8
30025577,2,fever,9,68,127,93,26,95,37.3
30025578,3,fall,4,90,126,92,12,98,37.2
30025579,2,anxiety,9,104,113,64,14,92,38.2
30025580,3,laceration,5,121,164,69,16,95,36.5
30025581,3,laceration,0,72,117,66,12,95,36.7
30025582,3,back pain,2,105,134,56,13,98,38.1
30025583,2,fall,8,113,129,85,19,99,36.8
30025584,3,chest pain,3,62,135,86,13,88,36.9
30025585,3,knee pain,5,92,164,78,18,98,37.0
30025586,2,knee pain,9,98,114,72,19,100,37.2
30025587,2,fever,10,105,102,73,15,98,36.6
30025588,2,laceration,10,61,136,63,22,100,36.8
30025589,3,abdominal pain,6,69,111,83,11,95,36.1
30025590,3,headache,3,91,129,72,25,94,37.6
30025591,3,shortness of breath,3,94,116,60,16,100,36.7
30025592,4,fever,0,66,147,94,12,97,35.9
30025593,4,fall,6,53,113,70,20,89,37.1
30025594,3,chest pain,5,95,143,97,12,99,35.8
30025595,2,anxiety,7,70,138,77,23,95,37.6
30025596,3,knee pain,0,83,139,59,22,95,38.9
30025597,2,knee pain,7,68,159,98,23,92,37.4
30025598,5,fall,3,103,136,66,21,97,36.9
30025599,1,shortness of breath,10,109,149,87,25,100,35.2
30025600,3,fever,4,87,155,75,15,99,37.4
30025601,4,laceration,7,60,134,67,18,97,36.7
30025602,3,knee pain,4,102,146,61,20,100,36.3
30025603,3,laceration,5,81,111,121,20,96,36.4
30025604,4,chest pain,4,69,131,101,18,97,37.6
30025605,4,laceration,7,94,121,88,23,93,37.3
30025606,3,back pain,7,72,141,50,16,100,37.3
30025607,3,shortness of breath,1,61,128,83,16,100,38.1
30025608,3,back pain,6,89,132,89,17,90,37.3
30025609,3,laceration,3,81,145,101,19,97,36.6
30025610,4,shortness of breath,3,101,98,51,17,96,37.2
30025611,3,fall,7,99,93,109,14,96,37.8
30025612,1,chest pain,9,87,133,59,14,98,36.7
30025613,4,fall,6,81,132,72,20,92,37.2
30025614,3,fever,1,64,96,103,25,98,37.6
30025615,3,shortness of breath,7,72,124,74,25,97,37.2
30025616,1,abdominal pain,7,95,124,76,18,91,35.8
30025617,3,headache,6,93,137,79,11,89,37.6
30025618,2,fever,7,67,139,88,18,99,36.2
30025619,3,laceration,5,82,143,94,19,96,36.3
30025620,3,anxiety,0,80,102,97,11,99,36.7
30025621,3,headache,5,95,116,63,19,97,37.1
30025622,3,headache,6,75,141,90,17,95,37.7
30025623,3,knee pain,5,77,133,106,22,93,38.2
30025624,4,shortness of breath,3,103,121,110,18,97,38.0
30025625,3,headache,6,93,115,79,7,97,36.0
30025626,3,back pain,6,91,157,80,9,96,37.2
30025627,3,abdominal pain,0,104,140,87,25,96,37.2
30025628,3,anxiety,7,90,145,59,13,100,36.6
30025629,2,abdominal pain,9,118,130,80,21,98,37.8
30025630,1,back pain,6,88,143,55,17,98,35.5
30025631,3,anxiety,5,91,104,72,18,99,37.0
30025632,2,shortness of breath,9,93,142,107,22,93,35.1
30025633,2,back pain,9,81,154,79,19,99,37.8
30025634,5,chest pain,3,81,149,70,13,100,37.5
30025635,2,anxiety,10,58,130,77,18,97,36.1
30025636,5,chest pain,7,83,107,103,27,98,38.6
30025637,3,chest pain,0,70,147,80,12,100,36.4
30025638,3,fever,5,105,104,94,16,93,37.1
30025639,3,anxiety,7,81,103,76,22,100,35.7
30025640,3,laceration,5,81,114,89,20,100,37.4
30025641,3,anxiety,3,85,67,93,22,98,36.7
30025642,4,knee pain,1,48,133,71,15,98,36.0
30025643,4,anxiety,2,96,134,81,22,99,37.7
30025644,3,chest pain,0,93,116,82,22,100,38.2
30025645,3,headache,4,85,119,77,23,97,36.9
30025646,3,anxiety,3,74,142,62,19,98,35.9
30025647,2,fall,7,83,138,63,18,96,37.2
30025648,2,shortness of breath,9,87,117,68,22,100,38.7
30025649,3,shortness of breath,4,89,156,77,21,97,36.2
30025650,3,laceration,6,105,133,96,11,100,37.1
30025651,2,shortness of breath,8,94,149,64,19,99,37.4
30025652,2,chest pain,8,79,110,84,21,100,36.4
30025653,3,shortness of breath,3,75,110,90,19,100,37.6
30025654,2,knee pain,10,101,110,54,21,100,37.0
30025655,3,fall,6,65,158,75,17,99,37.4
30025656,2,anxiety,7,86,99,57,21,99,37.4
30025657,3,abdominal pain,5,79,124,57,24,92,35.6
30025658,3,fall,5,72,80,68,18,98,37.8
30025659,3,anxiety,1,78,134,107,11,97,38.1
30025660,3,anxiety,0,118,114,96,16,99,36.0
30025661,3,back pain,3,81,139,75,21,92,37.2
30025662,4,anxiety,3,79,96,78,24,95,36.2
30025663,3,chest pain,0,63,105,88,20,99,37.1
30025664,1,chest pain,10,107,127,77,22,99,37.5
30025665,4,abdominal pain,5,115,111,104,18,99,36.5
30025666,3,laceration,6,123,157,81,27,99,38.1
30025667,4,knee pain,4,86,148,74,21,95,36.9
30025668,2,headache,9,73,167,92,18,99,36.7
30025669,1,back pain,8,86,77,77,20,95,36.9
30025670,2,knee pain,6,59,98,89,19,95,38.4
30025671,3,fever,0,89,116,74,20,100,37.8
30025672,3,anxiety,0,88,147,82,20,98,37.3
30025673,4,knee pain,7,104,111,62,9,96,37.2
30025674,1,headache,8,83,111,96,12,94,37.6
30025675,1,laceration,7,79,122,87,20,100,37.0
30025676,3,chest pain,6,87,114,108,19,94,37.0
30025677,3,fall,5,77,128,69,12,99,36.6
30025678,2,abdominal pain,10,64,121,76,25,93,37.4
30025679,3,knee pain,7,105,122,77,18,99,37.9
30025680,4,fall,7,57,161,93,23,95,36.8
30025681,5,knee pain,7,102,116,75,19,100,37.5
30025682,2,laceration,10,89,139,92,17,100,37.6
30025683,2,anxiety,6,76,117,37,15,94,36.5
30025684,5,headache,4,76,145,97,12,95,36.2
30025685,4,shortness of breath,0,82,110,107,31,93,36.2
30025686,2,anxiety,10,87,144,112,19,94,38.0
30025687,3,fever,3,104,125,56,13,100,37.8
30025688,3,laceration,7,56,117,86,18,95,37.4
30025689,3,shortness of breath,5,101,113,90,15,98,36.3
30025690,4,anxiety,4,62,129,75,20,96,37.1
30025691,5,knee pain,5,93,123,89,17,100,36.3
30025692,2,chest pain,10,90,134,68,18,99,37.1
30025693,3,anxiety,0,75,140,55,9,97,37.5
30025694,2,headache,6,95,151,88,20,95,38.2
30025695,3,chest pain,2,85,107,67,12,100,36.4
30025696,3,knee pain,6,84,123,88,15,95,36.9
30025697,5,fall,1,89,120,96,17,98,37.6
30025698,3,anxiety,5,121,141,97,24,99,36.3
30025699,1,shortness of breath,10,81,123,52,16,94,36.7
30025700,5,anxiety,2,98,143,83,19,92,36.7
30025701,2,fever,10,101,120,70,16,96,37.0
30025702,1,fall,7,82,141,103,19,95,36.9
30025703,4,fever,0,69,150,46,19,100,37.7
30025704,3,abdominal pain,4,61,137,84,17,95,36.9
30025705,3,abdominal pain,1,75,143,84,17,100,37.1
30025706,5,knee pain,6,84,125,96,17,100,38.6
30025707,3,abdominal pain,3,100,135,56,17,95,37.4
30025708,3,back pain,4,65,90,93,14,94,36.9
30025709,3,headache,7,83,109,76,19,99,35.2
30025710,4,shortness of breath,5,61,146,78,16,98,36.8
30025711,3,laceration,5,77,134,82,22,96,36.5
30025712,3,abdominal pain,0,75,148,87,14,100,36.2
30025713,3,fever,2,69,152,82,22,94,36.9
30025714,3,shortness of breath,4,79,122,102,14,99,37.2
30025715,4,anxiety,0,86,128,80,21,94,37.2
30025716,4,knee pain,1,100,124,85,24,93,36.5
30025717,3,abdominal pain,3,89,108,94,15,97,38.0
30025718,4,back pain,7,112,112,85,12,96,37.5
30025719,2,anxiety,10,63,131,98,15,98,39.5
30025720,4,headache,4,102,101,73,18,100,37.3
30025721,2,fever,9,85,128,93,15,95,37.8
30025722,4,fever,3,83,141,58,24,100,36.7
30025723,2,back pain,10,75,141,93,15,95,36.8
30025724,3,headache,6,99,118,77,17,94,38.5
30025725,1,fall,9,83,79,77,21,100,35.9
30025726,3,fall,3,89,98,92,15,93,37.2
30025727,3,knee pain,3,86,118,76,16,95,38.2
30025728,4,laceration,2,80,117,67,18,97,36.7
30025729,2,fever,10,89,133,91,14,93,36.5
30025730,4,knee pain,7,76,133,113,20,97,37.4
30025731,3,fever,3,98,141,49,16,98,36.1
30025732,3,headache,0,72,132,68,19,99,35.9
30025733,3,back pain,4,108,102,114,13,99,37.7
30025734,4,fall,4,95,97,105,22,95,36.7
30025735,4,anxiety,3,113,146,85,16,98,38.2
30025736,3,headache,1,60,137,96,20,96,38.7
30025737,3,knee pain,3,78,114,76,17,97,37.0
30025738,4,fall,6,76,121,94,22,96,38.3
30025739,2,knee pain,10,78,126,93,22,96,37.8
30025740,3,laceration,7,84,92,73,16,95,37.4
30025741,4,fever,1,79,104,44,18,96,36.6
30025742,2,headache,10,101,130,93,20,96,36.9
30025743,3,shortness of breath,5,71,106,95,12,96,36.1
30025744,3,shortness of breath,4,66,124,69,21,95,35.6
30025745,3,fever,1,87,138,88,16,97,36.9
30025746,3,anxiety,4,54,114,62,14,94,36.5
30025747,3,knee pain,7,112,158,68,9,100,36.4
30025748,3,back pain,0,55,138,89,16,98,37.4
30025749,3,knee pain,6,74,160,104,17,93,38.6
30025750,2,back pain,7,77,159,63,23,100,37.3
30025751,3,shortness of breath,0,99,155,78,12,97,37.8
30025752,3,shortness of breath,5,70,113,85,12,100,36.0
30025753,3,headache,6,66,130,88,13,96,36.6
30025754,3,back pain,6,92,100,58,21,98,36.0
30025755,3,anxiety,0,99,110,97,19,98,35.6
30025756,3,laceration,3,120,136,82,21,96,37.3
30025757,4,shortness of breath,7,73,130,55,15,97,38.1
30025758,5,laceration,5,106,115,61,16,94,37.0
30025759,3,shortness of breath,0,94,165,84,17,98,37.7
30025760,4,anxiety,0,81,121,59,16,94,35.8
30025761,4,fever,0,95,134,92,24,97,37.4
30025762,3,laceration,2,86,144,55,27,91,37.5
30025763,3,headache,6,106,143,79,15,94,35.9
30025764,3,shortness of breath,1,84,136,78,20,97,37.8
30025765,3,abdominal pain,6,80,106,72,16,91,37.5
30025766,2,headache,9,97,106,81,20,96,37.0
30025767,3,fall,2,100,148,74,21,96,36.8
30025768,4,chest pain,4,85,103,95,23,94,36.4
30025769,3,laceration,0,61,132,74,17,100,36.4
30025770,4,chest pain,6,100,143,87,22,99,36.3
30025771,4,abdominal pain,6,108,128,81,19,86,35.7
30025772,4,knee pain,7,62,142,78,19,95,37.9
30025773,4,knee pain,7,92,141,81,10,98,36.0
30025774,4,abdominal pain,2,52,97,61,17,98,36.1
30025775,2,fall,6,80,133,66,17,94,37.6
30025776,5,chest pain,7,82,99,85,17,98,37.5
30025777,2,headache,10,102,126,99,25,97,36.9
30025778,3,laceration,2,101,136,88,14,97,36.3
30025779,3,headache,0,89,163,129,19,96,34.9
30025780,2,knee pain,10,86,153,70,22,98,38.2
30025781,3,back pain,0,82,111,66,23,95,37.5
30025782,3,headache,2,72,89,117,20,99,37.7
30025783,3,abdominal pain,1,85,137,78,20,98,37.6
30025784,3,shortness of breath,7,91,173,76,19,98,37.3
30025785,1,laceration,8,91,100,70,15,98,35.9
30025786,2,chest pain,8,56,96,59,17,97,36.2
30025787,3,fever,6,85,107,64,21,100,37.0
30025788,3,fall,7,85,122,72,17,97,38.1
30025789,3,abdominal pain,0,70,101,99,22,89,37.1
30025790,2,knee pain,6,80,124,113,18,93,35.6
30025791,2,fever,7,70,127,73,15,99,36.7
30025792,3,knee pain,3,111,115,66,17,99,36.5
30025793,2,fever,6,73,99,83,15,93,36.9
30025794,3,laceration,2,87,122,85,22,99,36.7
30025795,3,anxiety,5,82,93,61,11,97,35.8
30025796,4,laceration,2,94,109,103,18,100,37.6
30025797,3,abdominal pain,0,72,168,88,20,100,38.5
30025798,3,shortness of breath,0,66,119,71,16,96,37.7
30025799,2,fever,10,114,141,70,13,98,36.0
30025800,3,abdominal pain,0,77,141,66,24,99,36.6
30025801,4,knee pain,7,79,131,76,16,95,37.2
30025802,4,knee pain,6,82,126,76,14,99,38.3
30025803,3,abdominal pain,5,79,105,51,16,96,37.0
30025804,3,fall,1,58,153,96,15,100,37.0
30025805,3,fall,5,103,124,79,16,100,36.9
30025806,2,laceration,7,97,126,77,15,97,36.6
30025807,3,anxiety,5,100,114,93,18,100,37.8
30025808,4,back pain,0,108,129,76,19,98,36.8
30025809,3,abdominal pain,2,83,132,82,22,97,37.8
30025810,2,fall,9,114,98,63,16,98,36.8
30025811,3,back pain,6,100,85,88,22,95,38.0
30025812,3,fever,3,109,133,56,12,99,37.1
30025813,3,fall,0,80,129,83,20,98,36.7
30025814,3,laceration,0,73,125,86,15,96,35.1
30025815,3,shortness of breath,2,59,112,82,14,100,37.1
30025816,3,anxiety,4,93,105,102,12,95,34.6
30025817,3,chest pain,6,93,120,87,25,91,36.2
30025818,2,fall,9,80,116,112,16,98,37.2
30025819,3,fever,4,91,143,78,16,95,37.1
30025820,2,headache,6,59,126,90,23,98,36.6
30025821,3,fever,3,61,145,72,23,96,37.8
30025822,4,abdominal pain,1,86,94,86,10,100,37.5
30025823,3,headache,0,96,130,87,16,100,37.1
30025824,3,knee pain,3,73,122,82,19,95,34.8
30025825,3,laceration,1,86,119,77,26,92,36.8
30025826,4,fever,6,86,161,80,16,91,35.3
30025827,3,anxiety,7,59,97,84,14,100,38.5
30025828,2,anxiety,6,86,126,70,19,99,37.4
30025829,3,abdominal pain,0,71,105,71,16,100,37.0
30025830,3,laceration,4,90,126,87,15,90,36.3
30025831,4,fever,3,71,82,89,20,96,38.0
30025832,3,fall,2,99,153,76,22,95,36.4
30025833,3,chest pain,5,81,115,89,13,100,36.8
30025834,3,headache,5,70,147,78,13,100,36.3
30025835,3,abdominal pain,3,67,142,95,31,99,36.6
30025836,3,headache,6,68,126,91,19,96,37.4
30025837,3,back pain,7,67,125,92,22,98,37.5
30025838,3,abdominal pain,1,127,113,94,21,96,38.0
30025839,4,fever,6,112,104,106,17,92,36.5
30025840,2,knee pain,8,101,127,52,25,93,36.7
30025841,4,fever,3,86,107,83,15,95,37.7
30025842,4,shortness of breath,0,113,122,101,22,100,36.8
30025843,2,headache,7,97,128,78,22,98,36.7
30025844,3,abdominal pain,5,100,129,82,20,92,36.8
30025845,3,fever,7,90,137,70,21,96,36.7
30025846,5,abdominal pain,5,60,126,95,19,98,37.4
30025847,3,knee pain,6,92,88,83,20,97,37.7
30025848,2,abdominal pain,9,113,111,94,19,100,37.5
30025849,3,abdominal pain,0,65,138,77,17,98,36.8
30025850,3,laceration,4,119,127,65,23,99,36.6
30025851,2,knee pain,7,145,130,94,23,100,36.5
30025852,3,knee pain,6,53,119,86,19,96,36.7
30025853,5,anxiety,3,67,121,90,19,95,36.8
30025854,4,fever,3,76,107,73,16,97,36.5
30025855,3,fall,3,54,118,93,16,97,38.1
30025856,3,anxiety,4,78,121,82,21,96,35.5
30025857,2,shortness of breath,10,91,141,106,15,90,37.4
30025858,3,back pain,4,116,112,76,15,98,38.1
30025859,3,fever,0,103,150,67,23,96,37.0
30025860,4,chest pain,3,69,99,62,19,99,38.0
30025861,3,fall,3,76,92,78,24,98,35.7
30025862,1,fever,9,91,117,96,20,96,37.9
30025863,2,chest pain,7,77,125,69,15,100,36.8
30025864,1,fall,8,88,103,97,17,95,35.1
30025865,1,fever,7,114,160,89,15,96,39.0
30025866,3,knee pain,4,83,139,71,26,97,37.6
30025867,3,knee pain,3,85,126,68,21,99,36.8
30025868,4,laceration,6,90,153,94,23,90,36.0
30025869,3,fall,1,90,120,84,20,100,36.1
30025870,1,laceration,8,70,127,104,19,92,35.7
30025871,2,back pain,9,97,105,102,22,89,37.3
30025872,3,laceration,0,88,124,74,14,96,37.2
30025873,3,shortness of breath,1,96,109,79,18,100,37.5
30025874,3,headache,3,81,132,64,16,98,37.8
30025875,2,anxiety,8,100,162,66,23,100,37.0
30025876,2,laceration,6,89,144,68,13,98,37.4
30025877,4,chest pain,5,75,157,112,16,100,37.6
30025878,2,back pain,7,90,136,62,12,97,37.7
30025879,2,abdominal pain,10,75,137,80,15,99,37.8
30025880,3,abdominal pain,6,81,134,75,25,96,36.5
30025881,3,anxiety,0,78,137,68,22,92,37.1
30025882,3,back pain,1,87,120,86,24,92,37.8
30025883,3,abdominal pain,5,75,127,95,14,100,38.3
30025884,2,knee pain,10,93,156,74,18,95,37.6
30025885,3,fever,2,60,140,75,17,100,36.0
30025886,2,fever,6,69,137,80,19,98,37.0
30025887,4,fever,2,59,109,78,19,100,36.8
30025888,3,knee pain,2,84,107,64,8,100,38.4
30025889,3,headache,7,110,120,85,15,100,36.3
30025890,4,headache,2,80,137,87,22,97,37.5
30025891,3,knee pain,7,88,114,55,23,100,36.7
30025892,4,abdominal pain,5,86,109,67,16,100,36.7
30025893,2,headache,7,92,92,75,25,100,36.2
30025894,2,headache,10,92,122,67,20,99,37.0
30025895,2,headache,7,54,119,95,21,100,37.7
30025896,3,fever,5,100,139,70,17,95,37.1
30025897,3,knee pain,0,109,125,61,21,94,36.9
30025898,2,shortness of breath,10,103,84,74,20,95,36.4
30025899,3,headache,2,63,155,73,14,97,36.6
30025900,3,headache,7,76,129,88,17,100,37.0
30025901,3,abdominal pain,3,112,132,77,9,94,36.4
30025902,4,anxiety,0,97,126,86,22,92,37.6
30025903,4,fever,6,102,125,75,17,95,38.1
30025904,3,fall,3,66,139,90,17,99,38.7
30025905,3,fall,0,89,88,46,18,95,35.9
30025906,1,back pain,7,80,127,69,20,99,38.4
30025907,2,fall,6,89,122,64,18,100,37.7
30025908,2,shortness of breath,10,84,131,94,15,93,36.8
30025909,3,abdominal pain,0,64,98,85,19,93,36.3
30025910,4,fever,2,94,95,93,23,98,37.0
30025911,4,chest pain,4,95,97,86,22,100,37.8
30025912,3,back pain,3,57,138,77,27,91,38.0
30025913,4,fever,1,82,142,74,24,97,37.4
30025914,3,laceration,4,94,127,59,17,91,36.7
30025915,4,back pain,1,75,150,84,18,96,38.3
30025916,3,fall,0,102,111,85,14,94,36.8
30025917,4,abdominal pain,6,98,188,74,26,100,36.0
30025918,5,chest pain,0,83,116,78,16,100,37.7
30025919,3,anxiety,5,104,116,85,14,100,36.0
30025920,3,chest pain,2,51,113,75,16,100,36.5
30025921,3,chest pain,3,68,119,85,16,100,37.4
30025922,4,shortness of breath,2,89,126,88,17,99,36.1
30025923,3,anxiety,1,73,114,65,22,94,39.1
30025924,3,knee pain,2,83,133,82,17,94,36.8
30025925,3,abdominal pain,5,59,115,71,23,93,37.5
30025926,2,fever,10,67,149,84,18,93,37.5
30025927,2,shortness of breath,6,81,120,92,17,98,37.0
30025928,3,headache,5,89,111,81,21,99,37.8
30025929,4,anxiety,6,102,104,88,22,97,36.5
30025930,3,shortness of breath,4,77,134,79,16,96,35.5
30025931,3,back pain,0,102,144,71,14,97,37.1
30025932,4,knee pain,0,111,168,96,17,96,35.7
30025933,4,anxiety,4,126,132,78,17,93,36.5
30025934,3,fall,0,91,127,77,9,97,37.1
30025935,3,fall,0,79,128,90,21,95,36.7
30025936,3,headache,6,50,155,51,16,95,37.2
30025937,3,chest pain,3,117,121,95,24,96,38.2
30025938,2,headache,10,83,122,90,24,100,36.6
30025939,3,fall,0,64,121,63,11,99,38.1
30025940,3,abdominal pain,7,97,130,88,22,95,36.5
30025941,2,anxiety,6,102,108,67,21,100,36.4
30025942,1,laceration,8,104,117,87,9,94,36.6
30025943,2,headache,7,96,150,74,16,98,36.0
30025944,3,anxiety,5,67,149,91,14,100,36.9
30025945,3,back pain,5,88,138,93,17,96,38.3
30025946,3,laceration,5,100,134,99,17,95,37.7
30025947,3,fever,1,60,129,90,22,98,36.6
30025948,3,back pain,6,76,125,105,25,95,37.1
30025949,3,headache,3,87,99,80,13,100,37.9
30025950,3,fever,1,102,124,80,18,96,37.2
30025951,5,headache,7,89,128,100,13,94,38.0
30025952,3,knee pain,0,98,128,85,18,93,37.0
30025953,4,knee pain,1,94,147,83,14,99,36.0
30025954,1,anxiety,6,113,135,110,18,100,37.8
30025955,3,knee pain,7,86,128,93,18,100,36.4
30025956,3,abdominal pain,2,99,106,22,22,100,37.2
30025957,4,fall,0,70,118,105,17,92,36.3
30025958,3,shortness of breath,0,67,160,96,18,93,36.9
30025959,3,headache,7,86,121,108,19,94,37.8
30025960,3,shortness of breath,4,99,90,71,17,94,37.3
30025961,5,laceration,4,99,92,60,23,95,36.8
30025962,4,knee pain,6,66,131,81,18,93,37.3
30025963,5,laceration,4,83,134,107,17,94,37.8
30025964,2,abdominal pain,10,84,116,78,12,100,35.7
30025965,3,chest pain,4,96,117,75,11,100,37.0
30025966,3,fever,6,95,130,72,22,100,38.1
30025967,3,laceration,0,86,107,86,12,91,37.7
30025968,2,laceration,10,55,124,78,17,93,38.1
30025969,3,fall,0,87,153,96,18,100,38.6
30025970,3,shortness of breath,2,80,102,108,21,98,37.3
30025971,4,headache,5,57,137,98,15,98,37.9
30025972,2,abdominal pain,7,96,122,74,12,100,36.8
30025973,3,headache,4,93,111,82,10,95,36.6
30025974,4,fall,0,104,117,112,18,97,36.8
30025975,3,abdominal pain,5,119,142,106,15,95,36.5
30025976,4,fall,6,77,134,107,21,98,36.8
30025977,3,shortness of breath,0,120,125,86,20,92,35.8
30025978,3,abdominal pain,0,90,100,98,18,97,37.5
30025979,2,fall,8,88,141,71,12,89,38.0
30025980,3,fever,0,103,126,46,18,98,38.3
30025981,3,abdominal pain,3,83,100,66,15,96,37.3
30025982,4,chest pain,2,103,125,81,15,97,37.1
30025983,1,knee pain,8,71,148,85,15,98,37.7
30025984,3,fall,7,62,98,93,23,96,38.9
30025985,4,headache,4,77,104,66,26,100,38.3
30025986,1,laceration,10,82,132,67,13,97,38.4
30025987,2,abdominal pain,10,99,115,92,15,97,37.3
30025988,5,headache,7,125,122,113,21,96,35.7
30025989,3,fever,4,101,141,68,28,94,36.0
30025990,2,shortness of breath,10,90,147,107,22,97,36.0
30025991,3,fall,1,55,126,59,23,94,36.4
30025992,4,chest pain,0,73,132,85,23,95,36.8
30025993,2,shortness of breath,8,82,131,100,16,97,37.4
30025994,3,chest pain,6,82,126,73,21,97,36.9
30025995,3,laceration,5,76,112,71,15,94,38.4
30025996,3,fever,1,90,115,84,19,98,39.5
30025997,3,fever,6,55,131,102,18,94,37.4
30025998,4,back pain,1,80,109,74,16,96,36.5
30025999,2,knee pain,9,95,69,80,20,90,37.6
30026000,2,knee pain,6,82,147,82,18,97,38.1
30026001,2,shortness of breath,9,67,119,105,15,96,37.0
30026002,3,chest pain,5,115,139,92,10,91,36.5
30026003,1,abdominal pain,8,60,113,44,18,98,37.3
30026004,3,laceration,2,83,133,96,19,98,35.9
30026005,5,abdominal pain,4,94,115,99,26,99,37.9
30026006,3,laceration,7,90,118,97,16,97,37.9
30026007,3,fall,0,98,138,107,22,96,38.0
30026008,3,back pain,0,94,100,82,14,96,37.6
30026009,5,abdominal pain,3,95,116,90,17,99,36.5
30026010,2,abdominal pain,7,97,126,93,21,98,36.8
30026011,3,shortness of breath,3,62,114,90,19,98,37.2
30026012,3,fever,1,91,124,66,16,93,37.5
30026013,3,knee pain,0,76,168,73,28,98,37.7
30026014,4,fall,1,78,120,76,15,92,38.8
30026015,3,abdominal pain,7,96,153,70,18,97,36.6
30026016,4,back pain,1,96,96,98,20,97,37.2
30026017,3,chest pain,4,85,138,85,23,94,36.1
30026018,2,anxiety,9,75,155,92,12,98,38.1
30026019,3,fall,6,87,102,78,11,98,37.6
30026020,3,chest pain,1,95,136,77,21,99,38.5
30026021,3,back pain,2,116,126,62,20,97,35.8
30026022,2,anxiety,8,100,102,83,20,100,36.6
30026023,1,headache,10,92,143,75,22,100,37.5
30026024,2,laceration,7,93,111,80,18,97,37.6
30026025,4,laceration,1,67,139,71,22,100,36.2
30026026,4,abdominal pain,5,99,100,99,16,96,37.0
30026027,3,chest pain,3,88,147,63,17,96,37.0
30026028,3,back pain,6,92,120,69,15,100,37.6
30026029,3,chest pain,0,103,115,60,16,98,36.1
30026030,2,back pain,10,84,116,97,17,94,36.3
30026031,4,knee pain,4,87,89,64,18,100,38.3
30026032,4,back pain,6,108,145,82,20,100,36.8
30026033,3,fever,4,75,120,84,30,88,38.5
30026034,2,knee pain,7,101,147,97,15,98,37.1
30026035,4,laceration,5,94,101,79,18,93,36.6
30026036,3,chest pain,5,84,131,65,24,100,37.0
30026037,3,back pain,6,88,94,109,18,97,38.3
30026038,2,fall,8,89,134,73,10,92,37.6
30026039,2,anxiety,9,98,127,80,15,98,36.9
30026040,5,headache,1,86,121,75,22,95,37.7
30026041,4,abdominal pain,1,103,122,50,16,95,35.6
30026042,3,fever,2,81,109,105,19,97,36.7
30026043,5,knee pain,2,75,136,57,15,99,37.2
30026044,3,anxiety,6,85,141,71,17,100,37.0
30026045,2,anxiety,6,107,90,59,16,97,37.9
30026046,4,chest pain,6,71,172,90,23,96,37.0
30026047,3,laceration,7,70,107,79,17,95,37.3
30026048,2,anxiety,8,101,124,90,16,98,36.7
30026049,1,knee pain,7,89,118,93,23,98,35.8
30026050,4,anxiety,0,71,95,101,16,95,36.4
30026051,3,chest pain,1,87,159,58,26,92,37.4
30026052,3,headache,1,75,135,68,21,98,37.7
30026053,3,back pain,2,96,113,86,10,98,36.9
30026054,2,laceration,7,67,153,78,17,96,36.8
30026055,4,laceration,6,92,96,90,22,91,37.7
30026056,4,fall,2,90,96,70,17,96,38.0
30026057,3,fall,0,72,156,76,21,94,36.1
30026058,3,chest pain,4,77,82,91,17,98,37.9
30026059,3,laceration,5,117,122,62,19,97,36.0
30026060,3,back pain,5,72,162,61,10,93,36.8
30026061,4,laceration,5,106,119,74,14,98,35.1
30026062,3,abdominal pain,4,79,108,78,14,100,37.5
30026063,3,chest pain,0,52,85,69,20,100,36.9
30026064,3,chest pain,3,102,134,115,13,90,37.0
30026065,3,shortness of breath,6,77,122,82,13,97,37.1
30026066,4,fall,3,96,126,75,25,100,38.3
30026067,3,shortness of breath,2,84,96,68,23,96,36.6
30026068,1,chest pain,9,79,135,64,24,100,37.1
30026069,3,anxiety,7,83,128,85,9,94,37.3
30026070,4,chest pain,7,95,146,109,14,97,37.8
30026071,3,knee pain,6,88,106,73,10,94,38.6
30026072,2,fall,10,73,146,78,16,92,36.6
30026073,3,laceration,3,91,129,95,19,97,37.3
30026074,4,laceration,6,78,134,63,25,100,37.0
30026075,3,headache,4,61,118,78,12,97,37.1
30026076,3,headache,1,106,149,78,19,95,36.9
30026077,3,headache,6,92,137,76,23,99,36.3
30026078,3,shortness of breath,6,90,116,78,17,100,37.2
30026079,5,fall,2,109,112,98,20,100,37.1
30026080,2,shortness of breath,6,86,131,69,20,94,36.9
30026081,4,chest pain,5,91,117,88,18,98,37.8
30026082,5,headache,6,87,135,86,16,100,37.6
30026083,4,chest pain,5,67,155,73,17,98,37.7
30026084,4,fever,2,105,129,97,18,92,37.9
30026085,2,abdominal pain,6,81,166,86,15,97,37.0
30026086,3,fall,3,77,126,82,18,97,35.9
30026087,3,anxiety,7,113,146,80,16,100,37.8
30026088,3,headache,0,99,125,59,19,96,36.5
30026089,2,anxiety,7,84,124,48,11,96,38.0
30026090,3,abdominal pain,1,81,137,113,19,98,35.2
30026091,3,shortness of breath,0,74,109,106,21,93,36.0
30026092,3,shortness of breath,4,81,95,79,9,98,36.8
30026093,3,shortness of breath,2,79,112,77,20,97,36.3
30026094,3,headache,4,85,152,112,16,100,36.9
30026095,3,headache,3,73,129,99,18,97,36.0
30026096,1,laceration,9,86,147,56,18,95,36.5
30026097,3,fall,4,74,127,79,20,93,36.2
30026098,3,laceration,5,68,134,115,20,93,36.2
30026099,5,abdominal pain,4,81,94,75,8,99,37.4
30026100,4,knee pain,3,100,132,82,18,100,38.0
30026101,3,anxiety,3,83,159,73,15,100,37.6
30026102,3,laceration,0,71,130,89,21,93,38.0
30026103,3,fever,5,86,137,75,23,95,37.6
30026104,5,abdominal pain,3,92,116,81,19,100,36.3
30026105,3,anxiety,7,82,122,84,24,95,36.3
30026106,5,abdominal pain,4,83,154,73,13,91,35.8
30026107,4,fever,3,92,121,74,12,96,37.4
30026108,4,fall,4,99,81,110,15,94,37.1
30026109,3,fever,4,84,149,74,26,100,36.3
30026110,5,shortness of breath,1,65,110,86,17,100,36.7
30026111,3,anxiety,0,89,140,102,15,96,36.6
30026112,3,headache,5,84,118,77,12,94,36.3
30026113,3,chest pain,6,87,107,61,16,98,36.9
30026114,3,back pain,1,98,162,63,13,96,36.3
30026115,3,back pain,5,89,127,102,13,95,37.3
30026116,1,headache,7,77,144,70,20,98,36.3
30026117,4,chest pain,6,92,137,94,17,98,36.3
30026118,4,shortness of breath,2,97,161,38,17,97,37.1
30026119,3,knee pain,5,77,88,65,17,94,35.8
30026120,3,laceration,6,79,120,69,18,95,38.3
30026121,3,fall,0,74,122,78,11,96,36.3
30026122,4,shortness of breath,5,94,134,82,18,100,37.3
30026123,3,chest pain,3,85,123,108,20,96,36.9
30026124,3,fever,2,79,125,62,15,93,38.7
30026125,4,abdominal pain,6,81,143,73,22,96,38.3
30026126,3,fall,0,109,141,56,19,94,38.4
30026127,3,fall,5,82,141,79,20,98,36.8
30026128,1,headache,10,92,141,82,23,97,37.7
30026129,3,fall,3,54,125,89,18,98,37.6
30026130,3,fall,7,115,140,105,14,97,37.1
30026131,4,laceration,2,86,160,78,18,93,36.7
30026132,3,headache,5,84,142,74,10,100,36.5
30026133,3,anxiety,6,97,121,81,21,95,38.4
30026134,3,anxiety,0,82,166,72,18,100,37.6
30026135,2,back pain,8,91,157,66,10,89,36.0
30026136,2,back pain,7,72,112,84,13,97,36.3
30026137,3,anxiety,6,102,118,107,19,95,36.5
30026138,3,chest pain,2,88,94,102,14,94,36.9
30026139,3,anxiety,0,85,111,79,16,94,36.4
30026140,2,back pain,10,84,136,74,19,98,36.0
30026141,4,abdominal pain,0,61,126,94,16,94,37.2
30026142,4,anxiety,5,74,116,82,17,100,37.3
30026143,3,chest pain,1,94,121,80,16,98,36.8
30026144,3,fall,7,68,117,103,17,94,37.4
30026145,2,anxiety,9,65,106,70,17,96,38.0
30026146,4,chest pain,0,68,105,64,9,98,34.5
30026147,4,fever,0,105,131,99,17,98,37.1
30026148,3,fall,4,79,96,86,18,100,38.3
30026149,3,fever,0,73,124,74,8,95,36.5
30026150,2,abdominal pain,10,79,128,81,17,97,37.3
30026151,3,fever,1,91,131,72,21,99,36.4
30026152,3,shortness of breath,0,94,131,80,15,93,36.6
30026153,3,abdominal pain,3,87,113,78,10,96,38.1
30026154,2,chest pain,7,69,151,73,16,95,37.9
30026155,3,back pain,3,77,117,64,25,100,36.1
30026156,4,abdominal pain,3,89,123,84,23,98,37.5
30026157,3,chest pain,2,77,157,73,22,98,36.4
30026158,4,headache,3,72,114,73,16,100,36.8
30026159,5,laceration,4,84,146,87,20,97,36.2
30026160,3,laceration,5,89,148,78,17,96,36.9
30026161,2,fever,7,85,104,93,19,100,35.6
30026162,3,shortness of breath,1,94,88,74,18,96,36.8
30026163,2,chest pain,7,95,162,66,23,93,36.8
30026164,3,fall,5,103,145,68,11,93,36.2
30026165,3,headache,5,95,152,70,22,99,36.2
30026166,3,fever,7,96,120,73,18,95,38.3
30026167,3,knee pain,3,86,171,73,21,99,37.5
30026168,3,headache,3,77,146,59,19,100,37.8
30026169,3,fever,4,73,76,82,18,90,37.0
30026170,3,laceration,4,95,135,97,25,97,37.2
30026171,3,back pain,0,84,166,101,21,100,37.5
30026172,3,fever,6,91,132,68,23,97,36.6
30026173,3,abdominal pain,0,70,127,62,22,98,37.0
30026174,2,headache,6,114,137,95,16,100,36.7
30026175,4,anxiety,4,89,107,75,17,100,37.1
30026176,2,back pain,10,66,130,78,26,98,35.5
30026177,3,abdominal pain,7,72,95,80,24,100,37.1
30026178,4,anxiety,2,98,118,92,22,93,36.1
30026179,4,abdominal pain,2,98,118,106,25,96,38.1
30026180,3,fall,3,83,129,70,19,94,35.1
30026181,3,laceration,1,58,124,118,22,99,38.2
30026182,4,anxiety,4,70,105,56,15,98,37.6
30026183,1,anxiety,6,57,114,96,15,96,38.3
30026184,2,laceration,7,71,106,88,15,100,37.1
30026185,4,fall,2,95,128,93,14,100,35.6
30026186,2,chest pain,8,82,125,87,13,100,38.1
30026187,4,shortness of breath,1,88,149,65,13,92,36.2
30026188,2,back pain,6,69,79,97,16,95,36.9
30026189,3,abdominal pain,6,74,167,89,20,100,36.6
30026190,4,back pain,6,96,120,100,18,96,35.9
30026191,3,fever,1,77,152,79,19,94,35.3
30026192,4,back pain,3,103,88,107,23,100,36.3
30026193,1,headache,6,75,136,90,17,90,36.4
30026194,1,fever,9,93,138,108,12,95,36.5
30026195,4,fall,0,56,149,74,16,96,37.5
30026196,2,back pain,9,101,116,95,9,96,37.5
30026197,5,laceration,3,92,142,64,23,98,35.3
30026198,5,fever,6,46,132,99,16,97,36.8
30026199,3,laceration,1,105,138,75,16,94,37.6
30026200,3,shortness of breath,3,84,118,97,24,98,36.8
30026201,4,fever,3,100,124,99,28,96,36.9
30026202,3,anxiety,4,43,136,83,20,100,37.7
30026203,3,fall,7,88,128,87,22,100,37.7
30026204,1,headache,7,84,81,81,18,100,36.6
30026205,3,shortness of breath,7,90,158,96,16,95,37.5
30026206,2,chest pain,8,71,133,96,17,100,38.5
30026207,2,fever,9,44,110,71,15,96,39.1
30026208,3,fever,7,93,139,53,15,100,36.8
30026209,3,back pain,7,84,167,99,19,97,37.9
30026210,2,shortness of breath,9,91,122,90,14,100,38.0
30026211,3,laceration,3,81,143,67,17,96,37.0
30026212,2,headache,9,114,169,92,14,95,36.9
30026213,2,fall,6,81,91,77,12,94,36.6
30026214,4,anxiety,1,71,129,75,26,97,36.9
30026215,3,fever,0,109,127,95,10,91,37.8
30026216,4,knee pain,7,103,118,85,21,95,37.8
30026217,2,headache,8,78,98,67,23,97,38.4
30026218,2,fall,10,84,109,101,25,90,36.6
30026219,4,chest pain,1,83,148,98,24,100,35.9
30026220,3,abdominal pain,6,94,135,51,21,95,36.5
30026221,5,knee pain,6,96,103,77,10,96,36.1
30026222,3,anxiety,0,87,149,94,19,99,36.7
30026223,3,laceration,1,103,142,92,15,95,38.7
30026224,3,back pain,0,116,128,85,17,96,38.4
30026225,4,anxiety,3,85,146,86,19,96,37.6
30026226,4,shortness of breath,0,75,108,80,21,94,38.0
30026227,1,chest pain,7,73,125,61,19,95,37.8
30026228,3,laceration,7,96,169,78,16,98,37.4
30026229,3,back pain,4,93,136,102,23,97,36.3
30026230,3,knee pain,6,107,123,64,14,100,38.1
30026231,3,shortness of breath,4,63,120,94,21,99,37.7
30026232,3,shortness of breath,6,66,107,76,17,96,37.4
30026233,3,back pain,1,86,115,58,12,100,35.4
30026234,3,back pain,4,93,128,75,24,97,37.6
30026235,4,laceration,3,79,124,77,21,96,36.8
30026236,3,anxiety,3,90,81,101,14,99,36.9
30026237,4,knee pain,6,100,177,71,13,92,37.6
30026238,3,chest pain,2,64,132,62,14,100,36.4
30026239,2,laceration,10,80,122,82,20,98,37.4
30026240,4,anxiety,0,62,125,90,20,97,37.2
30026241,3,laceration,5,106,125,93,23,100,37.9
30026242,4,headache,2,102,158,90,15,98,37.0
30026243,2,chest pain,7,95,157,91,26,99,37.3
30026244,3,back pain,5,56,160,67,18,95,37.2
30026245,5,knee pain,6,98,119,82,17,96,37.2
30026246,3,laceration,7,110,121,89,25,94,37.6
30026247,2,shortness of breath,9,119,121,102,23,99,38.1
30026248,3,anxiety,0,81,136,97,14,100,36.7
30026249,2,anxiety,6,71,112,79,19,98,36.8
30026250,2,shortness of breath,6,74,170,90,18,93,36.6
30026251,3,shortness of breath,3,86,151,86,20,95,36.8
30026252,3,knee pain,0,63,131,73,12,94,36.3
30026253,3,knee pain,4,67,141,93,19,96,37.0
30026254,3,laceration,6,60,160,73,19,96,36.1
30026255,3,back pain,4,85,121,89,13,96,37.1
30026256,4,anxiety,5,100,119,46,18,100,37.4
30026257,2,headache,6,94,127,88,22,96,38.5
30026258,4,fall,2,94,153,79,17,93,36.0
30026259,4,fever,0,80,92,82,20,100,36.4
30026260,5,headache,5,110,141,87,17,100,37.4
30026261,3,back pain,6,78,105,100,14,97,38.3
30026262,3,fall,1,81,130,75,28,94,37.4
30026263,2,knee pain,9,85,129,74,18,97,37.0
30026264,3,anxiety,6,99,153,75,22,90,38.2
30026265,2,laceration,7,101,118,73,9,93,37.7
30026266,3,back pain,2,94,97,124,15,100,38.2
30026267,2,anxiety,8,61,126,74,17,100,37.4
30026268,2,anxiety,9,97,135,69,22,97,36.3
30026269,5,laceration,1,78,117,65,18,99,36.7
30026270,4,abdominal pain,3,70,115,97,13,96,37.1
30026271,5,anxiety,0,96,121,81,18,93,36.9
30026272,4,chest pain,0,96,101,87,21,93,37.5
30026273,3,headache,2,104,104,94,18,97,36.1
30026274,3,fall,7,77,124,89,17,100,34.9
30026275,1,anxiety,9,124,135,91,15,96,37.0
30026276,3,knee pain,1,83,143,82,16,100,37.8
30026277,3,headache,3,105,105,85,10,100,37.2
30026278,3,chest pain,6,92,144,109,17,95,35.8
30026279,3,shortness of breath,3,82,115,90,19,97,37.4
30026280,3,fever,6,89,125,77,18,98,36.5
30026281,3,headache,4,121,103,53,18,93,35.9
30026282,4,shortness of breath,4,126,115,68,14,100,36.3
30026283,3,fever,6,90,146,64,24,98,36.9
30026284,3,back pain,2,98,143,65,25,95,37.6
30026285,2,fever,6,83,125,70,25,93,38.2
30026286,4,knee pain,6,66,98,92,20,98,37.7
30026287,3,back pain,2,85,116,95,13,96,36.9
30026288,3,headache,1,93,139,98,12,96,37.3
30026289,4,knee pain,1,82,136,61,11,100,38.6
30026290,3,shortness of breath,1,104,129,88,23,98,38.2
30026291,3,fever,5,89,137,88,18,99,36.4
30026292,3,abdominal pain,3,80,129,62,23,96,38.6
30026293,2,fall,9,70,142,79,20,99,37.6
30026294,2,back pain,8,86,117,65,22,95,37.9
30026295,3,abdominal pain,0,72,103,102,15,97,35.9
30026296,4,fall,7,87,98,112,11,99,35.7
30026297,3,fever,3,80,133,73,17,100,37.2
30026298,4,abdominal pain,7,102,124,63,13,97,36.5
30026299,3,abdominal pain,0,49,93,84,15,96,37.1
30026300,3,fever,5,88,143,96,21,95,35.8
30026301,4,abdominal pain,6,86,103,83,18,92,36.1
30026302,3,chest pain,2,105,119,82,14,99,37.0
30026303,2,knee pain,8,86,159,60,15,97,37.4
30026304,3,shortness of breath,5,100,111,52,16,99,36.0
30026305,4,fever,4,64,131,103,17,98,36.8
30026306,2,knee pain,8,103,143,80,13,99,36.9
30026307,2,abdominal pain,10,63,175,75,13,100,36.5
30026308,5,laceration,7,78,147,94,18,96,38.5
30026309,3,abdominal pain,5,88,126,99,21,99,35.9
30026310,3,fall,0,59,129,65,23,97,36.6
30026311,3,headache,1,95,131,60,17,96,36.7
30026312,3,headache,4,108,118,87,10,98,36.7
30026313,4,fall,5,103,147,85,18,100,36.4
30026314,2,abdominal pain,7,96,149,110,20,96,36.9
30026315,3,fall,7,70,107,83,22,96,35.8
30026316,3,anxiety,3,76,124,75,14,96,38.4
30026317,2,back pain,6,89,141,78,10,96,36.7
30026318,3,fall,4,115,131,76,20,99,37.0
30026319,2,back pain,6,100,109,87,16,97,38.0
30026320,3,chest pain,7,83,141,82,18,98,35.3
30026321,3,fever,7,90,76,73,17,100,38.7
30026322,3,chest pain,5,65,149,111,19,98,35.9
30026323,3,headache,4,78,99,82,26,100,36.2
30026324,3,chest pain,6,93,127,83,11,97,37.2
30026325,3,anxiety,5,75,141,55,12,94,36.4
30026326,2,chest pain,10,98,146,86,24,99,37.2
30026327,3,fever,4,85,125,87,19,93,37.7
30026328,3,knee pain,0,81,124,80,14,100,37.9
30026329,4,abdominal pain,3,100,118,90,27,95,36.7
30026330,5,headache,1,101,106,84,15,98,36.6
30026331,3,anxiety,6,118,84,94,19,96,37.8
30026332,4,back pain,3,81,121,80,22,99,36.4
30026333,2,back pain,9,116,104,86,10,99,36.2
30026334,4,laceration,7,95,141,67,20,99,37.1
30026335,3,anxiety,0,79,151,105,21,100,36.3
30026336,3,fever,5,79,103,88,17,98,37.0
30026337,3,fever,5,78,90,95,13,98,37.7
30026338,3,anxiety,0,95,148,75,21,100,37.7
30026339,3,laceration,2,104,147,67,20,90,38.2
30026340,3,knee pain,4,90,133,51,14,97,38.1
30026341,2,abdominal pain,9,90,116,77,20,100,38.4
30026342,2,fever,7,72,118,82,15,95,37.4
30026343,4,chest pain,2,90,99,53,11,91,37.1
30026344,3,shortness of breath,1,66,122,106,17,98,36.4
30026345,4,shortness of breath,4,112,110,78,19,94,36.7
30026346,2,back pain,7,112,127,66,13,100,35.9
30026347,3,shortness of breath,0,83,104,70,20,99,36.2
30026348,3,anxiety,4,75,129,66,17,97,36.4
30026349,3,fall,7,102,115,42,21,92,37.2
30026350,4,anxiety,0,65,134,75,17,91,35.8
30026351,2,fever,10,71,122,102,13,97,36.4
30026352,2,chest pain,8,86,97,91,15,99,37.5
30026353,2,shortness of breath,9,61,109,74,20,97,37.7
30026354,3,chest pain,2,88,158,74,21,97,37.0
30026355,5,shortness of breath,6,81,147,99,22,98,37.4
30026356,2,fever,10,106,138,71,16,93,38.2
30026357,3,shortness of breath,0,95,117,57,12,96,38.8
30026358,3,chest pain,3,82,91,52,21,96,36.8
30026359,3,laceration,1,78,132,76,19,100,37.1
30026360,4,abdominal pain,2,91,94,93,15,94,36.8
30026361,2,laceration,6,68,139,89,19,96,36.3
30026362,3,shortness of breath,2,71,124,103,16,97,37.4
30026363,3,abdominal pain,5,96,90,98,14,96,37.0
30026364,3,shortness of breath,6,66,157,75,18,100,36.6
30026365,3,knee pain,7,111,126,121,18,100,37.1
30026366,3,fever,2,76,138,82,22,100,37.6
30026367,3,laceration,6,104,121,60,14,100,37.2
30026368,3,abdominal pain,1,93,166,54,14,100,36.4
30026369,3,shortness of breath,0,92,117,85,20,96,35.9
30026370,3,shortness of breath,0,97,100,121,20,96,37.3
30026371,3,knee pain,2,85,97,82,18,97,37.2
30026372,4,shortness of breath,6,72,149,82,17,96,36.5
30026373,3,laceration,1,110,98,88,18,98,37.8
30026374,3,laceration,7,127,137,63,18,98,36.8
30026375,2,fever,10,82,104,86,21,95,37.2
30026376,3,knee pain,7,82,145,97,18,97,37.6
30026377,3,anxiety,2,77,129,73,14,96,36.6
30026378,2,back pain,9,120,121,75,21,96,37.3
30026379,3,knee pain,2,94,97,65,17,100,36.8
30026380,1,fever,6,79,137,76,18,94,36.9
30026381,3,anxiety,5,97,131,85,17,100,37.3
30026382,3,back pain,2,84,131,77,15,97,38.0
30026383,3,fall,5,75,114,76,18,95,37.4
30026384,4,laceration,3,89,149,86,12,99,37.3
30026385,2,fever,9,112,112,79,24,97,37.3
30026386,3,abdominal pain,3,78,105,95,18,94,37.4
30026387,4,fever,3,91,159,75,24,99,37.1
30026388,3,laceration,0,83,117,63,16,93,36.8
30026389,3,fever,3,80,134,102,17,96,36.7
30026390,2,knee pain,9,76,139,80,18,99,38.5
30026391,3,back pain,6,71,128,89,15,93,36.7
30026392,2,headache,8,65,116,57,25,93,37.5
30026393,3,laceration,4,72,145,71,20,93,36.3
30026394,3,abdominal pain,7,80,92,74,12,95,35.7
30026395,3,shortness of breath,2,87,134,108,22,90,37.1
30026396,4,back pain,0,71,97,94,8,99,36.8
30026397,4,fever,2,78,122,59,13,91,36.4
30026398,2,back pain,6,89,137,66,22,98,37.0
30026399,2,headache,7,81,112,96,21,95,36.5
30026400,3,shortness of breath,6,112,117,91,19,98,35.7
30026401,3,laceration,1,71,98,74,23,95,36.7
30026402,3,fall,3,85,126,80,19,95,37.7
30026403,3,chest pain,0,93,150,105,18,97,38.2
30026404,4,headache,5,87,132,91,18,100,37.0
30026405,3,shortness of breath,4,103,97,65,18,92,37.1
30026406,2,fall,9,95,142,80,21,97,38.0
30026407,4,knee pain,6,113,136,78,15,93,36.2
30026408,2,knee pain,7,99,114,90,21,95,37.8
30026409,4,abdominal pain,2,71,141,71,11,94,35.9
30026410,3,abdominal pain,7,88,141,92,11,97,36.0
30026411,1,laceration,9,105,130,96,18,96,36.2
30026412,2,fall,8,85,106,69,24,95,37.2
30026413,3,chest pain,1,93,116,63,16,99,37.1
30026414,3,knee pain,5,86,95,76,17,99,36.3
30026415,3,fever,1,81,132,69,15,99,37.6
30026416,3,shortness of breath,4,77,98,80,21,97,38.2
30026417,5,abdominal pain,5,96,126,91,21,96,36.7
30026418,4,knee pain,4,88,109,95,24,100,36.4
30026419,3,fall,5,99,131,81,17,100,36.9
30026420,3,anxiety,7,75,131,83,11,100,37.3
30026421,3,fall,5,100,137,84,19,96,37.1
30026422,3,abdominal pain,1,74,90,87,23,96,36.6
30026423,3,abdominal pain,3,95,185,81,15,97,36.9
30026424,4,shortness of breath,0,77,138,102,18,94,36.0
30026425,5,shortness of breath,7,75,102,78,21,95,35.5
30026426,4,fall,4,74,131,68,14,100,36.4
30026427,4,fever,7,101,112,125,17,93,37.9
30026428,3,headache,4,83,105,64,23,98,36.2
30026429,1,headache,10,69,136,97,20,98,35.9
30026430,3,back pain,3,94,131,77,14,100,36.6
30026431,2,headache,8,83,137,70,22,100,39.2
30026432,3,fever,5,88,98,78,19,97,37.9
30026433,3,shortness of breath,2,98,136,88,17,94,36.5
30026434,2,chest pain,6,108,143,72,23,97,36.5
30026435,3,laceration,7,91,109,82,21,96,36.7
30026436,2,headache,7,62,124,87,22,96,36.6
30026437,3,anxiety,5,70,168,78,11,98,36.4
30026438,4,headache,0,67,150,72,13,98,37.7
30026439,3,abdominal pain,0,57,112,64,17,97,37.4
30026440,3,shortness of breath,7,84,117,72,20,95,36.8
30026441,4,shortness of breath,2,73,120,85,19,92,37.7
30026442,3,back pain,7,89,140,70,21,99,37.3
30026443,3,knee pain,1,81,118,66,17,94,38.0
30026444,3,chest pain,0,75,115,76,12,93,36.9
30026445,3,shortness of breath,2,94,142,76,28,99,35.8
30026446,3,abdominal pain,3,81,115,71,12,91,36.9
30026447,4,abdominal pain,1,97,114,101,9,96,36.7
30026448,3,anxiety,5,71,141,102,13,95,38.0
30026449,3,fall,1,95,97,55,18,98,36.7
30026450,5,chest pain,5,83,163,85,13,94,36.7
30026451,4,anxiety,0,99,129,59,18,96,36.7
30026452,4,back pain,4,96,107,57,11,89,37.8
30026453,3,headache,5,120,154,72,18,97,36.8
30026454,2,chest pain,6,91,118,113,17,99,36.8
30026455,3,fall,1,93,102,86,12,99,37.8
30026456,4,fall,3,91,112,68,24,100,37.8
30026457,4,abdominal pain,0,105,111,87,18,97,36.2
30026458,3,back pain,0,94,152,106,22,100,37.2
30026459,3,chest pain,3,95,119,93,18,92,36.5
30026460,3,knee pain,0,62,90,96,20,97,36.3
30026461,3,headache,6,100,142,78,14,99,38.7
30026462,3,shortness of breath,3,77,125,63,14,92,37.6
30026463,3,fever,1,101,92,87,20,94,38.2
30026464,3,fever,6,75,119,85,13,98,37.8
30026465,3,abdominal pain,6,69,123,111,20,98,37.3
30026466,1,shortness of breath,7,60,146,92,16,100,36.6
30026467,2,back pain,10,84,87,76,18,100,36.7
30026468,3,fall,7,63,120,77,19,95,36.2
30026469,4,fall,4,72,127,80,15,100,39.1
30026470,2,abdominal pain,10,90,128,97,15,98,37.9
30026471,4,anxiety,1,82,139,66,21,95,37.2
30026472,3,back pain,5,100,107,75,21,100,37.3
30026473,3,chest pain,5,64,113,74,14,94,36.8
30026474,3,knee pain,3,91,104,92,16,95,37.8
30026475,3,fall,4,73,128,73,17,99,37.1
30026476,1,back pain,8,119,138,76,13,97,35.9
30026477,1,fever,6,103,148,60,19,99,37.9
30026478,3,laceration,6,90,79,72,22,94,36.2
30026479,2,headache,7,102,127,113,28,97,38.7
30026480,3,laceration,5,98,68,92,14,95,37.9
30026481,3,knee pain,1,52,122,88,8,96,37.6
30026482,5,fever,2,83,130,88,23,93,37.3
30026483,3,anxiety,6,73,141,104,16,98,37.0
30026484,4,laceration,2,98,156,94,21,97,38.1
30026485,3,anxiety,5,70,113,47,23,100,37.4
30026486,3,fall,6,105,141,95,17,98,35.4
30026487,4,back pain,1,92,106,78,21,93,36.5
30026488,2,fall,7,79,133,87,26,99,38.3
30026489,2,anxiety,6,100,107,75,26,94,36.4
30026490,4,shortness of breath,2,89,89,84,18,96,36.9
30026491,4,laceration,5,102,143,61,17,95,37.4
30026492,2,laceration,6,82,178,86,17,100,36.8
30026493,2,laceration,9,82,132,41,17,97,37.7
30026494,3,headache,7,83,74,80,20,95,36.5
30026495,2,headache,7,75,130,75,15,97,36.6
30026496,3,knee pain,6,78,131,99,18,100,37.6
30026497,2,fall,7,78,137,54,17,95,35.8
30026498,4,anxiety,1,54,127,57,22,100,37.5
30026499,3,abdominal pain,2,79,122,60,16,94,37.5
30026500,2,headache,7,71,147,90,18,93,36.3
30026501,2,shortness of breath,9,100,121,86,18,97,37.6
30026502,3,fever,4,97,114,97,22,100,37.7
30026503,3,fever,0,87,127,80,20,100,36.5
30026504,3,headache,7,94,154,76,15,95,37.2
30026505,3,knee pain,1,89,134,76,17,96,37.3
30026506,3,fall,6,81,87,46,18,98,37.5
30026507,4,fall,3,112,148,72,16,94,37.5
30026508,3,fall,7,104,98,68,17,94,37.4
30026509,4,back pain,3,85,146,109,12,98,38.2
30026510,3,chest pain,2,88,122,79,16,100,37.3
30026511,3,back pain,2,82,109,87,14,93,36.3
30026512,2,fall,8,125,109,92,24,98,36.7
30026513,1,laceration,8,104,122,96,22,100,37.5
30026514,2,laceration,10,104,75,106,22,97,36.4
30026515,4,shortness of breath,2,89,173,92,20,100,37.3
30026516,3,laceration,7,72,114,79,16,100,37.5
30026517,2,back pain,6,69,133,50,22,94,36.0
30026518,3,abdominal pain,3,57,143,91,16,99,38.3
30026519,2,fever,7,85,130,67,20,93,35.6
30026520,3,headache,6,68,125,62,21,96,37.7
30026521,3,anxiety,3,95,131,83,18,100,38.3
30026522,3,abdominal pain,2,80,138,77,21,90,37.3
30026523,1,fever,7,107,111,90,21,97,37.5
30026524,3,headache,0,124,127,112,17,100,37.3
30026525,3,back pain,6,90,88,85,23,91,37.6
30026526,3,knee pain,3,88,117,103,21,97,36.4
30026527,2,fever,7,102,78,79,21,95,36.6
30026528,4,fall,2,90,125,70,29,99,35.7
30026529,2,fever,10,109,128,64,21,100,37.5
30026530,4,headache,0,107,115,109,15,100,36.6
30026531,3,abdominal pain,4,93,122,82,19,96,36.6
30026532,2,headache,6,80,122,103,13,98,37.0
30026533,3,shortness of breath,5,79,119,80,30,97,37.3
30026534,3,shortness of breath,4,75,138,90,23,100,37.1
30026535,3,knee pain,4,64,119,92,23,100,36.1
30026536,3,abdominal pain,2,99,127,65,27,98,38.0
30026537,1,chest pain,10,79,125,67,20,96,36.1
30026538,3,headache,7,87,131,73,18,90,37.3
30026539,3,knee pain,7,97,118,73,16,100,36.7
30026540,4,abdominal pain,3,89,135,71,22,95,37.9
30026541,1,laceration,6,64,134,54,15,99,37.1
30026542,2,shortness of breath,6,76,103,106,17,96,36.9
30026543,3,anxiety,0,71,85,63,14,90,36.3
30026544,2,back pain,6,92,140,77,14,97,37.9
30026545,4,anxiety,0,83,158,112,20,97,36.7
30026546,3,knee pain,5,91,147,93,19,95,37.9
30026547,3,anxiety,2,81,115,86,23,91,36.8
30026548,3,fall,4,75,135,94,24,100,37.3
30026549,2,knee pain,9,98,131,81,19,95,37.2
30026550,3,shortness of breath,5,74,124,66,15,97,36.0
30026551,3,laceration,7,77,116,73,17,98,37.0
30026552,3,knee pain,6,60,130,81,15,97,35.9
30026553,4,headache,6,70,140,84,22,100,36.9
30026554,4,fever,4,56,100,70,16,99,37.7
30026555,3,anxiety,0,74,120,59,17,97,37.8
30026556,3,fall,7,83,104,53,26,97,37.8
30026557,3,shortness of breath,3,89,133,74,24,95,37.3
30026558,3,knee pain,5,63,129,66,22,95,36.8
30026559,2,chest pain,6,104,151,99,20,96,36.0
30026560,3,knee pain,6,108,121,101,14,96,36.5
30026561,5,headache,1,114,115,58,23,96,35.2
30026562,5,back pain,0,125,142,36,22,93,35.8
30026563,5,fever,0,87,154,45,20,97,36.7
30026564,2,knee pain,6,86,114,72,22,92,38.3
30026565,4,abdominal pain,1,107,93,81,20,96,37.1
30026566,2,knee pain,7,60,106,77,17,100,38.0
30026567,3,fever,2,51,118,71,14,95,37.8
30026568,4,headache,4,79,101,96,21,98,37.2
30026569,3,fever,6,55,121,70,13,97,36.3
30026570,4,back pain,2,113,81,94,20,96,37.2
30026571,2,headache,8,73,135,88,11,100,37.4
30026572,3,back pain,3,79,84,64,23,100,37.3
30026573,5,headache,7,80,114,80,8,97,35.4
30026574,3,knee pain,6,87,116,72,25,99,36.2
30026575,4,knee pain,7,78,138,73,25,96,37.4
30026576,2,fall,9,65,120,89,20,99,37.6
30026577,3,headache,4,82,145,54,13,97,36.1
30026578,2,fever,8,86,134,84,18,100,36.7
30026579,3,anxiety,0,100,136,60,17,100,36.2
30026580,4,fall,2,79,123,76,16,100,37.4
30026581,4,laceration,2,81,84,71,17,98,38.1
30026582,3,shortness of breath,0,103,135,82,22,100,36.3
30026583,1,shortness of breath,8,55,109,79,21,93,36.7
30026584,2,fall,9,90,117,82,14,91,37.4
30026585,2,knee pain,9,93,133,98,14,100,37.2
30026586,3,knee pain,1,80,137,84,18,100,35.7
30026587,3,chest pain,5,65,108,92,21,99,37.6
30026588,3,abdominal pain,7,78,129,88,16,95,36.5
30026589,5,chest pain,1,96,127,116,16,97,36.8
30026590,2,fall,8,94,136,85,16,95,36.6
30026591,4,chest pain,0,60,101,89,22,100,36.8
30026592,1,laceration,8,67,153,83,21,94,35.9
30026593,3,laceration,6,107,136,38,20,100,35.1
30026594,3,fever,7,93,133,79,9,97,37.3
30026595,4,anxiety,2,75,118,84,17,97,38.1
30026596,3,knee pain,1,96,120,64,15,94,37.4
30026597,3,back pain,4,89,112,86,18,98,37.0
30026598,3,headache,1,90,133,61,15,93,36.6
30026599,4,fever,6,92,118,67,17,98,37.7
30026600,1,laceration,10,81,138,68,8,96,36.9
30026601,3,laceration,5,58,153,91,21,95,35.3
30026602,4,abdominal pain,4,100,113,62,21,97,37.2
30026603,3,fever,3,77,159,61,22,97,37.7
30026604,3,laceration,1,96,86,65,20,94,38.3
30026605,3,fever,3,111,108,88,12,100,35.8
30026606,3,back pain,6,78,100,80,15,96,36.8
30026607,3,shortness of breath,7,84,148,83,19,100,34.3
30026608,3,laceration,4,74,111,84,20,100,37.6
30026609,4,abdominal pain,1,85,109,87,14,100,36.7
30026610,4,abdominal pain,4,59,110,82,17,100,36.4
30026611,3,headache,5,93,114,72,21,99,36.6
30026612,3,back pain,6,75,113,96,16,98,37.4
30026613,3,fall,0,75,135,83,16,96,36.5
30026614,3,fall,6,90,128,98,16,99,37.6
30026615,4,chest pain,2,102,161,61,15,97,37.7
30026616,3,laceration,5,82,145,90,16,93,37.5
30026617,2,shortness of breath,10,79,113,64,19,95,36.7
30026618,3,fever,0,81,152,63,14,97,36.6
30026619,4,fever,4,75,99,76,12,100,36.7
30026620,3,fall,4,84,112,107,15,98,38.3
30026621,4,abdominal pain,7,80,165,101,20,91,37.0
30026622,3,laceration,5,78,144,86,28,100,36.8
30026623,3,chest pain,7,72,116,115,18,95,36.8
30026624,3,fall,4,53,96,102,20,94,37.7
30026625,3,shortness of breath,4,102,125,67,21,89,36.3
30026626,2,fall,8,107,97,50,15,100,37.5
30026627,2,laceration,10,75,145,72,16,99,36.5
30026628,4,fever,0,67,131,76,18,98,37.5
30026629,4,knee pain,0,65,153,74,10,92,36.7
30026630,3,shortness of breath,4,79,156,68,24,98,37.0
30026631,4,knee pain,6,84,156,79,22,96,36.7
30026632,1,anxiety,10,58,133,98,19,100,38.6
30026633,3,knee pain,7,70,125,88,16,100,34.8
30026634,2,fever,9,100,115,110,22,95,36.9
30026635,3,laceration,2,93,125,79,14,98,36.4
30026636,4,laceration,7,93,96,80,23,98,37.9
30026637,3,headache,2,64,119,104,12,97,36.1
30026638,3,headache,0,89,140,81,19,94,36.4
30026639,4,headache,6,68,116,48,19,93,36.1
30026640,3,abdominal pain,4,92,142,95,15,100,38.5
30026641,3,fever,5,95,117,97,12,98,36.3
30026642,3,abdominal pain,3,68,132,65,18,95,36.4
30026643,2,back pain,6,102,118,82,21,95,37.1
30026644,2,laceration,6,94,131,91,15,100,36.5
30026645,2,anxiety,8,70,128,61,18,100,37.5
30026646,4,fever,5,103,127,74,20,99,37.3
30026647,4,knee pain,0,83,124,75,20,100,37.9
30026648,3,knee pain,1,89,127,99,20,99,37.4
30026649,3,abdominal pain,5,46,113,80,25,90,36.9
30026650,4,headache,5,91,96,79,18,95,37.1
30026651,3,laceration,7,78,147,103,16,99,38.2
30026652,1,chest pain,8,84,139,90,24,98,36.5
30026653,1,laceration,8,92,129,61,18,100,37.5
30026654,3,laceration,7,62,137,74,17,98,36.4
30026655,4,anxiety,4,79,150,83,17,96,36.9
30026656,3,laceration,6,90,147,123,19,97,37.3
30026657,3,back pain,4,97,163,88,23,97,37.1
30026658,4,fever,1,102,119,73,13,96,36.4
30026659,3,fever,4,82,151,75,16,97,37.2
30026660,4,fever,5,85,138,97,18,100,35.8
30026661,4,back pain,1,59,144,58,15,98,36.2
30026662,4,chest pain,2,111,121,55,18,95,37.3
30026663,3,fall,6,94,129,69,14,100,37.7
30026664,5,shortness of breath,3,71,123,29,17,95,36.9
30026665,2,laceration,6,80,74,84,26,99,37.0
30026666,4,back pain,6,95,149,42,11,100,36.8
30026667,4,abdominal pain,7,69,117,69,13,100,37.8
30026668,1,fall,8,105,105,97,14,98,37.9
30026669,4,shortness of breath,1,100,107,71,19,97,37.1
30026670,4,abdominal pain,2,82,113,69,20,99,36.7
30026671,4,shortness of breath,6,63,104,76,21,97,37.0
30026672,3,shortness of breath,0,93,146,86,15,95,37.9
30026673,4,fall,5,94,125,78,17,100,37.6
30026674,3,headache,0,97,119,55,19,94,35.5
30026675,3,fever,0,85,136,88,14,95,38.2
30026676,4,shortness of breath,6,110,141,73,13,96,38.3
30026677,2,laceration,9,102,124,68,15,100,35.7
30026678,3,headache,7,62,97,61,10,89,36.5
30026679,3,back pain,2,70,160,82,24,98,37.5
30026680,2,back pain,7,103,131,86,16,100,37.0
30026681,3,back pain,1,108,134,68,20,95,37.5
30026682,1,fever,9,99,114,81,13,97,36.6
30026683,3,fever,6,97,80,81,15,93,38.4
30026684,5,fall,0,77,126,75,18,93,36.6
30026685,2,back pain,7,60,89,51,16,96,36.5
30026686,3,chest pain,6,104,96,83,15,91,37.1
30026687,3,shortness of breath,4,87,118,113,21,98,36.4
30026688,3,fall,1,73,67,80,16,100,37.9
30026689,4,back pain,4,103,117,85,20,100,38.1
30026690,4,chest pain,6,60,87,77,19,96,36.5
30026691,3,fever,4,79,133,85,17,93,36.1
30026692,3,headache,5,59,106,96,12,94,36.6
30026693,3,back pain,6,54,125,71,21,92,37.0
30026694,2,back pain,9,95,143,59,20,95,36.6
30026695,4,laceration,7,106,176,95,15,98,37.6
30026696,3,anxiety,6,93,130,85,21,93,36.6
30026697,2,fever,6,82,158,77,18,94,37.5
30026698,2,fever,8,74,101,99,12,98,37.7
30026699,3,laceration,0,79,117,81,18,92,36.9
30026700,4,back pain,6,58,104,55,18,97,37.6
30026701,2,shortness of breath,6,90,99,52,21,98,37.1
30026702,3,chest pain,6,102,108,80,12,95,35.8
30026703,1,fever,8,96,112,78,18,98,36.2
30026704,3,knee pain,3,105,110,67,16,96,37.7
30026705,4,knee pain,7,74,116,97,18,98,35.7
30026706,3,headache,0,91,124,63,15,98,38.0
30026707,3,chest pain,4,105,111,84,17,96,37.8
30026708,2,abdominal pain,8,86,124,74,21,96,36.4
30026709,5,fall,1,91,131,64,15,100,36.5
30026710,3,fever,3,102,124,81,24,99,36.8
30026711,4,fever,0,90,130,97,23,92,37.9
30026712,3,abdominal pain,5,95,101,97,22,94,37.0
30026713,5,back pain,0,73,110,81,19,98,36.7
30026714,3,back pain,7,87,120,54,11,95,37.6
30026715,3,fever,5,83,138,71,16,98,36.9
30026716,3,fever,1,94,155,84,15,97,37.2
30026717,3,back pain,2,103,119,109,25,95,37.2
30026718,4,fever,6,69,109,94,15,94,36.5
30026719,3,fever,2,71,125,76,17,99,37.1
30026720,4,fever,2,99,130,77,22,92,37.0
30026721,2,back pain,7,84,128,65,20,97,36.9
30026722,4,laceration,4,74,130,86,17,95,37.2
30026723,4,chest pain,4,98,89,74,26,98,37.4
30026724,3,chest pain,5,89,129,67,14,97,36.4
30026725,4,knee pain,0,97,102,96,14,89,36.7
30026726,3,headache,4,94,150,82,9,96,37.5
30026727,4,shortness of breath,4,93,162,67,17,92,36.6
30026728,3,knee pain,0,96,131,78,24,97,36.2
30026729,3,knee pain,0,95,147,63,18,98,36.5
30026730,3,anxiety,2,73,108,86,22,93,37.3
30026731,3,abdominal pain,3,90,139,78,15,97,36.4
30026732,4,chest pain,6,94,128,74,26,98,36.9
30026733,5,chest pain,1,82,135,84,21,94,37.0
30026734,3,back pain,5,84,157,87,14,99,36.5
30026735,2,chest pain,6,48,126,80,21,94,35.5
30026736,5,abdominal pain,0,103,148,101,15,97,36.4
30026737,3,abdominal pain,0,78,132,97,15,96,37.4
30026738,2,fever,9,105,123,92,13,96,36.9
30026739,3,shortness of breath,2,84,120,83,17,100,37.4
30026740,3,chest pain,4,76,162,83,16,100,37.1
30026741,2,fall,8,87,132,84,21,98,37.0
30026742,2,shortness of breath,10,87,141,62,22,92,36.5
30026743,2,shortness of breath,7,92,109,81,20,90,37.8
30026744,2,chest pain,7,72,131,99,22,92,36.1
30026745,2,fever,10,76,136,92,22,96,36.7
30026746,2,laceration,7,89,92,70,16,96,36.7
30026747,3,laceration,4,63,161,85,17,99,37.0
30026748,2,fever,9,77,117,67,18,98,36.1
30026749,2,laceration,10,56,143,64,23,100,36.3
30026750,2,abdominal pain,10,82,151,80,21,100,38.6
30026751,3,anxiety,6,90,108,105,17,98,37.8
30026752,5,shortness of breath,0,83,87,88,19,98,37.3
30026753,3,chest pain,7,91,105,82,23,97,37.6
30026754,3,knee pain,7,85,151,78,16,100,37.7
30026755,4,headache,0,60,149,60,14,94,37.0
30026756,5,anxiety,2,85,135,69,19,94,36.0
30026757,3,shortness of breath,2,94,149,101,18,93,36.2
30026758,3,knee pain,0,76,146,107,21,100,34.7
30026759,2,chest pain,9,92,104,58,17,97,36.9
30026760,3,back pain,5,64,106,92,19,98,38.7
30026761,3,headache,3,98,151,86,12,100,36.2
30026762,2,fever,8,85,117,57,18,96,36.2
30026763,5,back pain,6,80,114,65,22,98,36.6
30026764,3,knee pain,2,68,145,99,19,91,37.0
30026765,4,knee pain,6,86,135,66,20,100,38.1
30026766,3,knee pain,1,75,102,90,24,96,37.2
30026767,3,back pain,3,99,125,79,22,96,36.5
30026768,2,shortness of breath,6,91,115,72,10,100,37.7
30026769,3,abdominal pain,6,85,109,54,17,97,36.6
30026770,3,chest pain,3,79,153,71,19,98,36.8
30026771,3,shortness of breath,5,89,120,44,15,98,36.3
30026772,3,fever,5,75,131,66,12,99,36.8
30026773,2,fall,8,72,135,91,12,97,37.0
30026774,3,abdominal pain,1,78,123,94,24,95,38.4
30026775,3,headache,3,67,143,49,16,93,37.1
30026776,3,chest pain,5,106,118,80,20,100,36.3
30026777,4,anxiety,2,77,131,85,17,94,38.3
30026778,3,abdominal pain,6,58,79,103,19,98,36.1
30026779,3,chest pain,6,99,122,85,19,96,36.5
30026780,3,abdominal pain,2,66,113,89,31,96,36.0
30026781,4,shortness of breath,0,80,95,77,17,94,37.0
30026782,2,knee pain,6,114,122,87,15,95,36.0
30026783,1,abdominal pain,7,86,133,64,24,100,37.8
30026784,3,fall,3,100,125,82,15,99,36.8
30026785,2,laceration,6,67,111,98,11,93,36.3
30026786,2,fever,8,84,109,77,17,99,35.8
30026787,3,chest pain,2,98,139,86,22,96,36.9
30026788,3,back pain,5,70,151,76,16,100,36.6
30026789,3,headache,4,110,124,100,25,94,36.9
30026790,3,fall,7,120,107,60,22,100,38.1
30026791,3,anxiety,6,87,146,71,10,100,37.0
30026792,2,shortness of breath,7,79,140,70,19,100,37.4
30026793,2,fall,6,69,115,59,17,94,37.9
30026794,4,back pain,5,74,116,78,21,94,38.1
30026795,4,knee pain,0,72,100,86,13,93,38.2
30026796,3,chest pain,0,97,161,95,18,98,38.1
30026797,4,laceration,2,100,123,72,14,100,36.6
30026798,2,knee pain,8,75,118,77,17,98,38.6
30026799,3,laceration,6,96,115,73,18,97,37.1
30026800,3,headache,4,73,133,35,11,97,37.5
30026801,3,knee pain,6,105,122,70,17,97,37.2
30026802,3,fall,6,89,157,74,17,96,38.0
30026803,3,anxiety,1,111,113,75,19,91,37.8
30026804,4,abdominal pain,6,99,139,67,16,95,37.0
30026805,3,shortness of breath,0,81,177,79,16,100,36.3
30026806,3,back pain,4,92,110,65,17,97,36.5
30026807,4,headache,0,83,114,52,24,94,36.4
30026808,3,back pain,5,79,138,90,17,100,37.1
30026809,2,chest pain,6,61,88,61,22,97,35.9
30026810,3,headache,0,53,120,78,16,95,36.9
30026811,1,chest pain,9,62,134,86,21,95,37.2
30026812,3,laceration,1,70,146,77,20,94,37.7
30026813,2,laceration,6,80,148,96,19,96,35.8
30026814,4,laceration,2,73,128,78,20,96,36.4
30026815,3,fall,1,72,109,76,16,95,36.3
30026816,5,shortness of breath,7,63,120,87,21,97,36.7
30026817,3,fall,2,73,94,86,22,100,37.2
30026818,3,knee pain,4,103,118,100,19,100,37.2
30026819,4,back pain,2,92,110,86,21,98,37.3
30026820,3,fall,7,75,155,59,15,100,37.4
30026821,2,chest pain,9,95,142,56,22,96,37.3
30026822,3,fever,2,83,134,64,11,100,36.5
30026823,3,shortness of breath,0,71,75,92,11,97,35.7
30026824,3,anxiety,6,75,131,96,15,99,38.5
30026825,2,anxiety,9,93,149,70,17,98,37.4
30026826,2,knee pain,6,106,128,79,16,98,36.3
30026827,3,headache,2,94,118,108,17,98,38.0
30026828,3,knee pain,4,70,99,68,22,100,37.9
30026829,3,abdominal pain,7,86,101,88,16,97,37.3
30026830,3,laceration,7,95,121,75,18,95,36.9
30026831,3,back pain,3,64,118,80,23,91,38.8
30026832,3,shortness of breath,0,100,133,88,24,100,38.2
30026833,4,back pain,4,94,136,122,26,91,37.4
30026834,5,fever,3,70,114,84,20,99,37.5
30026835,3,abdominal pain,0,102,141,71,17,99,36.1
30026836,4,headache,3,86,96,86,19,88,36.8
30026837,3,knee pain,5,115,144,72,20,93,36.4
30026838,1,headache,9,108,128,90,21,100,37.1
30026839,3,laceration,4,130,118,52,13,97,36.3
30026840,3,knee pain,4,87,132,63,18,95,37.7
30026841,2,back pain,10,89,119,83,16,92,37.2
30026842,1,abdominal pain,8,98,118,55,22,100,36.2
30026843,3,fever,0,74,94,82,18,94,38.8
30026844,3,laceration,2,104,94,91,21,98,37.3
30026845,5,knee pain,5,90,110,47,16,98,36.6
30026846,3,knee pain,7,94,125,109,17,95,37.0
30026847,4,fever,2,99,116,107,14,98,36.1
30026848,4,abdominal pain,0,124,87,91,21,97,37.1
30026849,4,laceration,3,71,137,82,19,100,36.4
30026850,3,back pain,6,107,98,90,26,100,37.9
30026851,3,chest pain,5,98,141,92,12,99,36.9
30026852,3,fall,0,72,135,74,20,100,37.5
30026853,3,fall,3,82,110,88,14,97,36.5
30026854,2,shortness of breath,7,94,120,58,23,99,36.0
30026855,3,abdominal pain,7,80,108,59,14,96,36.4
30026856,1,headache,7,86,113,77,19,96,38.1
30026857,2,knee pain,8,91,134,93,22,100,37.1
30026858,3,headache,6,65,126,78,22,97,38.5
30026859,4,shortness of breath,5,77,144,96,15,92,38.0
30026860,3,fever,1,63,91,75,17,97,37.9
30026861,3,laceration,2,81,120,74,6,99,38.1
30026862,3,abdominal pain,2,106,94,83,18,91,35.7
30026863,3,fall,7,108,140,86,21,99,37.9
30026864,3,abdominal pain,0,55,107,95,14,93,36.7
30026865,3,headache,3,83,177,79,27,92,38.4
30026866,2,laceration,9,101,123,59,20,96,36.7
30026867,3,headache,2,89,138,72,20,99,37.6
30026868,3,abdominal pain,6,112,104,75,13,97,36.8
30026869,3,back pain,4,81,136,110,19,95,37.0
30026870,1,anxiety,9,94,141,106,12,100,37.5
30026871,4,abdominal pain,2,86,143,74,12,100,37.8
30026872,3,fall,3,73,123,96,16,94,36.3
30026873,3,abdominal pain,1,99,141,74,20,100,37.0
30026874,2,chest pain,8,110,134,86,9,95,36.5
30026875,3,knee pain,7,92,107,75,19,99,36.7
30026876,3,back pain,1,89,121,74,21,99,35.9
30026877,3,anxiety,2,88,115,128,15,96,38.5
30026878,3,fever,5,77,116,83,11,100,37.9
30026879,3,laceration,6,89,104,71,15,97,36.7
30026880,2,chest pain,7,105,134,72,17,94,37.6
30026881,5,laceration,6,87,102,72,20,95,38.2
30026882,5,fall,2,89,105,77,19,97,37.7
30026883,5,laceration,5,94,155,60,15,97,36.7
30026884,4,chest pain,3,62,138,89,12,100,36.3
30026885,3,fall,2,76,95,76,14,98,36.9
30026886,4,abdominal pain,2,81,115,79,17,92,36.9
30026887,5,anxiety,5,89,155,69,14,97,37.9
30026888,3,anxiety,3,83,107,103,15,99,36.8
30026889,3,chest pain,7,90,131,60,20,97,38.2
30026890,3,laceration,1,94,113,78,14,97,36.0
30026891,4,abdominal pain,2,78,101,94,23,96,36.0
30026892,3,fever,7,77,140,74,28,92,36.1
30026893,3,knee pain,3,85,144,68,16,100,36.8
30026894,1,fall,9,124,102,113,12,100,36.3
30026895,4,headache,7,86,136,75,17,97,37.4
30026896,5,anxiety,0,64,124,77,9,96,36.7
30026897,3,back pain,7,111,119,95,22,98,37.3
30026898,3,fever,1,103,119,87,19,93,37.2
30026899,3,headache,4,86,156,59,13,100,37.9
30026900,4,back pain,1,89,134,53,17,100,38.3
30026901,3,fever,0,87,122,72,16,95,37.7
30026902,3,chest pain,1,70,166,94,19,98,35.9
30026903,2,fever,7,106,148,79,15,93,37.8
30026904,3,chest pain,7,70,115,51,26,100,38.3
30026905,3,headache,3,94,154,69,23,93,37.4
30026906,2,knee pain,9,68,141,72,22,90,38.5
30026907,2,knee pain,6,97,128,89,12,97,37.7
30026908,3,fall,3,104,125,108,22,96,37.1
30026909,4,shortness of breath,4,98,121,60,21,98,37.4
30026910,2,knee pain,10,70,115,80,16,100,37.4
30026911,3,fall,6,96,98,106,17,94,37.5
30026912,3,back pain,0,94,121,106,18,98,36.1
30026913,3,knee pain,2,99,98,104,18,91,36.6
30026914,3,anxiety,0,68,125,71,21,98,37.3
30026915,5,headache,3,122,122,37,18,92,36.9
30026916,4,fall,6,106,126,56,17,100,36.9
30026917,3,abdominal pain,1,86,131,92,17,97,37.1
30026918,3,headache,7,94,133,84,18,96,36.6
30026919,5,laceration,7,100,105,111,19,99,36.2
30026920,1,laceration,9,63,146,94,15,95,37.0
30026921,4,back pain,4,83,134,76,22,96,36.6
30026922,3,knee pain,1,99,119,88,16,100,37.1
30026923,5,anxiety,3,81,139,84,18,91,36.4
30026924,2,shortness of breath,9,76,122,88,15,100,37.7
30026925,3,anxiety,5,69,125,59,13,96,37.0
30026926,3,knee pain,4,93,154,67,10,99,37.0
30026927,4,shortness of breath,3,88,98,72,17,100,35.1
30026928,4,shortness of breath,4,88,155,71,16,100,38.0
30026929,4,headache,1,83,167,82,19,97,36.6
30026930,3,shortness of breath,6,87,107,68,17,98,37.2
30026931,4,abdominal pain,3,79,122,63,10,96,37.2
30026932,2,abdominal pain,9,113,148,76,25,97,36.6
30026933,2,back pain,9,91,146,90,16,97,39.3
30026934,3,chest pain,6,128,146,75,19,100,37.2
30026935,3,fall,2,87,150,61,21,100,36.3
30026936,2,fall,10,93,128,75,15,93,36.6
30026937,3,knee pain,0,75,142,66,21,95,35.7
30026938,3,shortness of breath,7,74,111,90,17,97,38.1
30026939,4,headache,2,91,123,93,18,98,37.0
30026940,3,knee pain,5,83,127,96,23,100,37.3
30026941,3,shortness of breath,5,93,155,60,8,98,38.0
30026942,2,shortness of breath,9,77,101,78,23,97,36.2
30026943,5,laceration,0,112,140,103,15,100,36.1
30026944,3,fall,4,122,105,118,17,100,36.1
30026945,5,fever,7,95,128,67,17,100,36.6
30026946,3,fever,0,87,124,85,16,99,36.2
30026947,1,shortness of breath,6,85,104,79,15,100,35.8
30026948,3,headache,0,93,160,47,13,100,36.8
30026949,4,fever,3,89,111,85,17,93,35.8
30026950,3,fever,1,111,99,64,18,100,36.6
30026951,3,headache,4,111,82,74,19,97,37.1
30026952,3,back pain,6,72,87,67,17,100,37.7
30026953,2,headache,8,86,105,98,14,95,37.3
30026954,2,knee pain,10,68,182,91,15,98,38.1
30026955,3,knee pain,3,72,83,93,14,100,36.8
30026956,3,anxiety,6,59,140,110,19,94,36.4
30026957,4,fever,3,97,167,98,19,95,36.5
30026958,3,headache,4,73,151,83,19,96,35.0
30026959,3,headache,1,53,132,82,14,96,35.9
30026960,3,fall,3,67,83,75,16,97,36.9
30026961,1,anxiety,8,86,114,95,15,96,35.7
30026962,3,anxiety,4,63,133,104,27,93,36.4
30026963,2,laceration,10,80,149,62,20,100,36.9
30026964,3,fever,0,92,122,87,18,98,36.8
30026965,3,back pain,1,58,88,71,14,100,36.0
30026966,4,laceration,2,94,111,80,21,100,36.8
30026967,3,headache,0,91,141,107,17,94,34.9
30026968,4,fever,1,86,114,76,13,100,37.9
30026969,3,fever,7,93,134,88,21,99,37.3
30026970,4,fever,0,71,129,64,15,100,36.6
30026971,3,laceration,6,105,111,63,19,96,36.3
30026972,1,shortness of breath,9,88,134,94,22,92,37.4
30026973,3,shortness of breath,5,78,160,36,21,97,35.3
30026974,3,back pain,2,82,131,76,14,93,38.0
30026975,3,abdominal pain,6,82,113,80,24,98,36.3
30026976,3,anxiety,0,87,149,68,16,92,38.2
30026977,3,chest pain,0,65,109,87,14,95,36.9
30026978,3,fall,6,80,128,68,22,92,37.0
30026979,3,headache,2,103,162,92,14,100,37.3
30026980,2,fever,6,57,117,97,14,95,37.6
30026981,2,chest pain,7,99,99,91,21,95,36.3
30026982,1,shortness of breath,8,47,128,91,16,98,38.1
30026983,2,fall,10,92,123,71,18,100,37.3
30026984,3,fall,4,89,116,104,16,94,36.5
30026985,3,fall,4,116,168,87,18,97,36.4
30026986,3,chest pain,4,96,137,104,11,96,37.7
30026987,3,back pain,1,71,120,65,23,96,35.9
30026988,3,headache,2,104,143,92,12,99,39.3
30026989,3,fever,7,82,127,44,25,99,38.5
30026990,3,back pain,6,69,140,61,15,97,36.9
30026991,3,anxiety,0,106,125,79,20,98,38.0
30026992,3,anxiety,3,118,107,85,21,99,36.2
30026993,2,anxiety,8,81,163,72,24,94,37.0
30026994,3,chest pain,6,100,102,112,14,96,37.5
30026995,2,fall,8,56,140,70,17,97,38.2
30026996,4,knee pain,0,63,135,92,21,99,36.5
30026997,2,abdominal pain,8,76,150,61,18,100,37.7
30026998,5,fall,0,107,108,81,19,99,36.6
30026999,4,abdominal pain,3,79,144,86,18,97,37.1
30027000,5,abdominal pain,3,44,119,98,17,99,38.1
30027001,3,laceration,4,82,123,87,18,97,36.9
30027002,2,laceration,8,69,127,68,17,99,37.1
30027003,3,laceration,0,112,158,70,13,98,37.1
30027004,1,headache,8,98,99,54,25,96,37.9
30027005,2,shortness of breath,6,60,149,82,18,100,36.9
30027006,3,fall,3,85,113,77,19,96,38.0
30027007,3,abdominal pain,2,70,134,60,18,98,37.4
30027008,3,headache,2,96,124,65,18,97,37.6
30027009,2,chest pain,8,77,114,61,12,95,36.5
30027010,4,chest pain,5,85,135,81,29,97,36.6
30027011,3,shortness of breath,6,109,141,90,10,95,38.0
30027012,3,headache,4,85,101,89,15,94,38.1
30027013,4,abdominal pain,3,79,115,94,13,100,37.8
30027014,3,chest pain,4,83,110,81,19,100,37.9
30027015,3,chest pain,1,79,112,78,20,99,38.2
30027016,2,fall,8,79,143,77,21,97,35.9
30027017,5,knee pain,0,110,133,63,16,98,37.3
30027018,3,headache,3,80,115,75,15,98,37.5
30027019,3,fever,1,105,118,84,16,91,36.3
30027020,2,abdominal pain,9,90,109,91,14,95,37.4
30027021,3,headache,5,88,134,79,14,98,35.6
30027022,3,anxiety,0,111,86,89,14,97,37.4
30027023,3,laceration,6,99,118,78,19,97,36.3
30027024,2,headache,7,70,120,82,22,90,37.0
30027025,5,headache,7,93,85,96,16,94,36.9
30027026,4,headache,1,54,130,90,23,93,38.2
30027027,3,fall,2,91,136,68,16,99,37.6
30027028,1,shortness of breath,7,74,79,71,20,97,37.7
30027029,3,abdominal pain,7,77,128,77,17,98,37.7
30027030,2,anxiety,9,71,138,99,21,94,36.3
30027031,3,laceration,2,101,150,106,19,95,37.5
30027032,3,fever,5,66,129,46,18,99,38.1
30027033,3,back pain,0,106,97,72,17,94,36.7
30027034,3,fall,4,105,131,72,21,98,36.6
30027035,2,back pain,8,80,104,85,20,93,37.4
30027036,4,back pain,3,105,117,59,16,100,37.2
30027037,3,laceration,0,93,151,74,21,94,36.5
30027038,2,headache,10,105,161,68,13,99,37.0
30027039,4,chest pain,5,81,115,92,8,88,37.9
30027040,3,fever,5,81,132,93,20,93,36.2
30027041,3,knee pain,2,86,108,78,19,93,36.8
30027042,3,fall,0,88,126,91,15,97,37.6
30027043,3,anxiety,1,69,120,79,18,99,38.3
30027044,3,shortness of breath,5,94,146,80,20,94,38.1
30027045,3,knee pain,0,68,98,81,23,95,36.7
30027046,3,anxiety,6,99,130,54,18,95,39.1
30027047,3,laceration,1,88,74,66,12,97,38.7
30027048,3,back pain,7,91,125,84,17,99,38.4
30027049,3,abdominal pain,3,91,148,68,15,98,36.9
30027050,4,fall,2,134,115,89,26,95,36.7
30027051,4,fever,3,79,93,69,14,98,37.3
30027052,4,chest pain,0,51,124,80,23,96,37.5
30027053,5,chest pain,4,81,142,95,18,100,37.4
30027054,3,abdominal pain,5,71,107,63,14,100,37.1
30027055,3,knee pain,3,92,141,63,9,98,37.3
30027056,3,knee pain,2,70,130,92,17,98,36.7
30027057,3,laceration,7,86,137,76,21,100,37.2
30027058,4,shortness of breath,1,91,178,77,15,98,37.8
30027059,4,fever,1,75,125,74,16,96,37.6
30027060,5,shortness of breath,5,100,128,54,13,96,36.0
30027061,4,abdominal pain,7,89,103,102,22,94,39.3
30027062,3,headache,0,39,110,96,19,100,36.1
30027063,3,fever,4,80,97,76,14,97,36.2
30027064,2,headache,8,66,108,74,19,88,37.8
30027065,3,headache,4,88,85,74,20,99,37.5
30027066,3,fall,1,89,112,88,16,100,37.1
30027067,4,fever,7,96,150,93,21,100,36.0
30027068,3,chest pain,4,81,96,67,21,94,38.7
30027069,3,knee pain,4,56,127,77,16,95,36.8
30027070,4,shortness of breath,0,83,154,65,19,100,38.3
30027071,3,headache,5,96,129,67,19,99,35.8
30027072,5,back pain,5,97,131,100,18,99,37.3
30027073,4,fever,7,46,147,79,21,94,36.7
30027074,3,shortness of breath,7,75,100,67,21,100,37.0
30027075,3,back pain,2,90,72,90,17,95,36.9
30027076,3,shortness of breath,5,66,112,67,21,99,37.0
30027077,2,laceration,7,74,117,81,14,95,37.4
30027078,3,abdominal pain,4,67,122,77,16,96,34.8
30027079,3,back pain,3,91,103,101,14,96,37.7
30027080,3,fever,5,102,147,71,16,100,36.6
30027081,4,chest pain,5,83,119,79,22,97,38.2
30027082,3,anxiety,5,72,111,78,24,98,37.6
30027083,4,fever,3,99,135,80,15,98,36.9
30027084,3,knee pain,7,98,115,80,19,100,35.8
30027085,3,back pain,4,81,128,76,26,100,37.3
30027086,3,abdominal pain,4,62,162,91,13,96,35.3
30027087,3,headache,4,89,124,64,26,100,38.0
30027088,2,headache,10,70,116,65,15,98,38.3
30027089,3,back pain,6,71,114,102,18,93,37.4
30027090,3,shortness of breath,0,95,96,70,22,98,38.1
30027091,3,anxiety,7,87,126,77,19,100,36.3
30027092,2,back pain,7,84,134,117,18,95,35.5
30027093,3,laceration,5,91,106,79,20,97,36.6
30027094,2,anxiety,6,112,155,107,27,98,36.8
30027095,2,laceration,7,86,108,90,21,91,37.4
30027096,5,back pain,0,97,123,64,20,95,36.3
30027097,5,knee pain,1,83,100,91,18,97,38.3
30027098,3,fever,0,68,134,78,21,95,35.7
30027099,3,fall,3,62,161,98,15,96,37.8
30027100,4,shortness of breath,6,76,144,121,19,97,37.0
30027101,3,back pain,3,82,86,78,24,97,38.4
30027102,2,shortness of breath,7,93,105,55,25,96,35.4
30027103,2,headache,10,86,154,80,17,92,36.5
30027104,3,abdominal pain,1,88,120,96,16,93,37.4
30027105,4,abdominal pain,1,75,112,68,15,100,38.5
30027106,3,chest pain,6,77,96,64,21,99,38.3
30027107,2,back pain,9,88,135,62,15,95,36.4
30027108,3,anxiety,4,74,108,92,13,93,37.0
30027109,5,chest pain,1,100,152,67,17,97,36.2
30027110,3,abdominal pain,6,121,104,73,24,93,35.9
30027111,3,laceration,1,88,124,67,19,97,36.5
30027112,3,back pain,0,82,108,84,11,100,37.8
30027113,2,headache,6,93,128,98,23,98,37.5
30027114,3,fever,1,111,162,101,20,96,34.6
30027115,2,back pain,9,97,108,75,20,100,36.2
30027116,3,laceration,7,60,117,72,20,97,37.6
30027117,4,knee pain,7,52,143,62,21,94,38.8
30027118,3,fall,0,94,147,65,19,99,36.2
30027119,3,headache,6,82,124,88,16,97,38.4
30027120,3,anxiety,2,124,106,80,14,98,36.7
30027121,3,fall,6,72,161,70,24,100,37.4
30027122,2,fever,6,99,135,94,16,95,36.9
30027123,3,fever,6,99,118,104,15,95,36.5
30027124,4,laceration,4,86,126,68,14,97,38.5
30027125,3,headache,3,89,120,73,14,99,36.8
30027126,1,back pain,9,75,129,98,19,98,38.2
30027127,3,fever,2,80,126,64,22,97,38.4
30027128,2,knee pain,10,55,104,80,23,96,37.3
30027129,1,back pain,6,79,93,47,14,98,37.4
30027130,3,shortness of breath,4,103,130,95,16,95,37.9
30027131,3,laceration,6,74,137,63,14,98,36.8
30027132,3,back pain,7,93,123,87,30,100,35.1
30027133,3,laceration,5,100,94,65,22,92,38.1
30027134,4,chest pain,0,77,122,74,19,99,38.3
30027135,3,fever,7,60,117,88,18,97,38.1
30027136,4,back pain,6,86,91,85,15,99,36.4
30027137,3,back pain,0,97,96,83,20,98,35.8
30027138,1,fever,7,121,146,78,19,100,36.9
30027139,4,abdominal pain,3,90,118,99,16,94,36.2
30027140,3,fever,5,84,119,78,20,97,36.2
30027141,3,anxiety,3,66,102,77,17,99,37.8
30027142,3,knee pain,2,72,146,76,17,93,37.8
30027143,3,knee pain,4,88,122,57,18,100,37.5
30027144,3,chest pain,4,77,131,105,11,98,37.7
30027145,2,laceration,7,72,158,78,23,98,37.9
30027146,2,laceration,6,89,156,87,19,100,36.8
30027147,2,fever,9,95,129,70,25,96,37.8
30027148,3,abdominal pain,1,70,124,96,20,100,37.6
30027149,1,laceration,8,89,124,78,13,98,36.7
30027150,5,fall,6,85,133,65,13,99,37.1
30027151,2,knee pain,9,94,116,99,19,99,36.7
30027152,3,knee pain,6,69,142,85,16,94,37.2
30027153,3,shortness of breath,2,69,107,49,13,91,37.0
30027154,2,anxiety,7,110,133,78,21,100,37.5
30027155,2,shortness of breath,9,78,127,72,23,100,37.5
30027156,3,knee pain,4,83,116,64,16,95,36.1
30027157,1,back pain,8,68,102,67,20,100,38.0
30027158,4,anxiety,3,70,119,75,16,98,37.2
30027159,3,abdominal pain,6,81,149,93,22,97,36.7
30027160,3,laceration,3,84,122,78,22,93,37.6
30027161,5,anxiety,6,87,120,82,16,97,36.6
30027162,2,chest pain,8,95,116,93,22,98,36.5
30027163,3,laceration,1,71,105,93,20,96,36.7
30027164,3,knee pain,4,101,108,77,16,97,38.1
30027165,4,fever,3,101,143,87,12,98,36.6
30027166,4,back pain,2,68,105,84,17,97,35.1
30027167,3,shortness of breath,1,77,142,86,18,93,37.5
30027168,3,fall,4,97,140,85,17,95,37.1
30027169,3,knee pain,5,50,149,93,17,95,36.3
30027170,3,anxiety,3,88,145,85,14,96,36.7
30027171,3,anxiety,3,96,155,102,18,98,36.4
30027172,1,fever,9,46,122,78,15,95,36.9
30027173,2,chest pain,6,80,121,100,21,93,37.4
30027174,3,headache,3,85,140,120,23,94,37.8
30027175,3,fall,7,68,154,68,18,95,37.3
30027176,3,anxiety,5,84,114,93,21,95,37.9
30027177,3,headache,4,69,107,87,17,100,36.9
30027178,3,knee pain,1,78,75,56,20,97,36.4
30027179,2,back pain,7,98,119,67,12,98,36.7
30027180,3,laceration,6,99,125,89,22,100,37.9
30027181,3,headache,6,96,130,87,16,96,37.5
30027182,3,abdominal pain,7,98,143,77,19,100,37.2
30027183,3,fall,1,86,157,118,17,96,36.5
30027184,5,chest pain,5,91,144,93,13,97,35.9
30027185,3,chest pain,0,93,143,79,21,94,38.1
30027186,5,abdominal pain,2,61,124,86,26,100,37.2
30027187,2,abdominal pain,8,100,123,77,19,100,36.1
30027188,3,fall,5,70,127,67,22,100,38.0
30027189,4,anxiety,3,96,120,94,18,100,36.4
30027190,3,shortness of breath,3,104,110,96,14,100,36.7
30027191,3,knee pain,4,67,116,77,21,100,37.0
30027192,1,back pain,7,79,148,76,24,100,36.9
30027193,3,knee pain,7,80,129,37,23,100,36.4
30027194,3,shortness of breath,6,97,131,78,24,98,36.9
30027195,3,fall,6,85,135,68,16,93,36.8
30027196,3,abdominal pain,1,87,138,77,24,100,37.4
30027197,4,abdominal pain,0,44,120,77,16,100,38.1
30027198,3,back pain,2,115,111,64,18,91,38.1
30027199,3,knee pain,7,111,158,62,15,94,36.4
30027200,2,laceration,7,85,133,97,23,100,35.4
30027201,4,headache,3,117,137,104,20,98,36.6
30027202,3,fall,1,83,127,92,14,100,36.9
30027203,2,laceration,8,95,154,72,17,98,37.4
30027204,5,fever,4,79,112,86,13,100,36.6
30027205,3,fall,6,93,82,87,21,93,38.0
30027206,3,shortness of breath,3,77,108,56,23,100,36.4
30027207,2,back pain,10,110,103,56,18,99,36.2
30027208,4,abdominal pain,7,105,134,89,17,95,37.8
30027209,2,laceration,7,106,126,92,16,100,36.7
30027210,5,anxiety,6,89,141,88,20,98,36.8
30027211,3,fall,7,85,80,63,14,90,37.3
30027212,5,fall,1,91,179,76,12,94,35.9
30027213,3,knee pain,5,73,147,94,18,96,36.4
30027214,4,laceration,1,87,139,104,21,99,37.0
30027215,2,anxiety,8,97,135,85,16,99,36.6
30027216,3,fever,7,87,109,80,22,96,36.9
30027217,5,fall,6,65,139,74,14,97,37.2
30027218,3,anxiety,2,91,119,86,16,100,38.0
30027219,3,shortness of breath,1,76,172,90,16,97,37.0
30027220,3,headache,2,106,145,70,25,94,37.2
30027221,3,knee pain,3,90,149,90,17,98,37.7
30027222,4,abdominal pain,1,111,103,81,21,99,36.7
30027223,2,fall,10,116,124,75,12,99,36.3
30027224,4,shortness of breath,5,68,106,80,20,98,37.6
30027225,2,headache,9,65,106,104,26,90,37.5
30027226,4,back pain,3,100,143,90,15,100,38.4
30027227,4,laceration,3,111,128,83,17,98,36.0
30027228,2,abdominal pain,6,77,127,116,18,100,37.1
30027229,4,back pain,5,78,99,66,19,95,37.4
30027230,4,fall,4,70,122,71,22,96,37.7
30027231,3,anxiety,1,92,130,66,17,98,36.5
30027232,2,fever,6,81,120,76,12,100,36.7
30027233,2,headache,7,95,114,99,11,100,37.3
30027234,3,abdominal pain,7,36,146,74,14,97,37.7
30027235,5,headache,6,66,160,94,19,94,38.0
30027236,4,headache,4,101,108,66,21,94,37.4
30027237,2,shortness of breath,7,90,141,83,21,97,37.3
30027238,3,chest pain,5,63,110,65,17,100,36.7
30027239,2,headache,7,87,112,84,18,100,37.8
30027240,2,fall,7,89,125,22,23,96,37.5
30027241,3,knee pain,1,89,110,96,13,100,36.3
30027242,3,fall,2,78,98,116,15,96,36.9
30027243,2,knee pain,7,103,103,80,21,97,36.7
30027244,4,chest pain,1,80,102,90,14,92,36.8
30027245,2,abdominal pain,6,96,130,80,16,97,36.9
30027246,4,abdominal pain,1,86,130,64,15,97,36.3
30027247,3,knee pain,1,85,117,84,23,96,36.1
30027248,3,back pain,4,104,122,97,13,97,35.5
30027249,1,fever,7,100,138,90,11,98,36.3
30027250,3,knee pain,6,84,145,88,14,100,36.3
30027251,5,back pain,1,115,152,83,15,90,38.1
30027252,4,anxiety,7,77,121,70,25,98,36.5
30027253,2,abdominal pain,7,96,116,76,18,97,35.6
30027254,3,laceration,6,75,114,58,27,92,37.2
30027255,3,abdominal pain,2,77,149,94,14,91,37.2
30027256,2,knee pain,8,64,130,88,15,98,37.3
30027257,3,fever,4,101,152,91,18,91,36.8
30027258,4,headache,7,90,123,87,15,90,37.6
30027259,2,fall,9,86,106,65,21,100,37.5
30027260,3,anxiety,1,92,142,79,29,100,37.7
30027261,2,headache,9,80,165,62,11,100,36.1
30027262,3,abdominal pain,0,84,122,101,23,100,37.6
30027263,3,fever,5,128,146,64,14,96,36.6
30027264,4,fever,1,76,104,58,20,95,36.5
30027265,3,laceration,0,100,144,91,12,93,37.0
30027266,4,abdominal pain,7,78,110,80,20,88,37.1
30027267,3,chest pain,0,99,141,82,12,100,37.2
30027268,3,abdominal pain,1,84,109,82,10,100,36.4
30027269,3,knee pain,1,70,140,90,12,100,36.8
30027270,3,chest pain,0,92,140,82,19,100,36.4
30027271,1,fall,6,90,160,80,17,99,35.9
30027272,3,fall,1,61,140,79,22,100,36.6
30027273,2,laceration,10,75,116,81,17,97,37.6
30027274,3,headache,2,95,135,76,16,96,37.6
30027275,3,headache,7,75,118,72,18,99,37.8
30027276,3,anxiety,3,107,116,93,14,97,36.9
30027277,2,shortness of breath,7,86,115,82,13,97,36.5
30027278,1,laceration,10,101,109,70,22,94,36.3
30027279,3,headache,0,83,99,107,17,97,36.9
30027280,1,anxiety,6,75,110,75,13,94,38.2
30027281,4,abdominal pain,3,90,92,84,14,98,37.3
30027282,2,anxiety,8,104,130,68,13,98,36.9
30027283,2,fall,9,72,119,105,14,100,37.6
30027284,4,fall,1,98,104,93,23,98,37.2
30027285,3,shortness of breath,3,98,92,82,28,96,36.2
30027286,3,back pain,7,91,138,64,22,98,36.2
30027287,3,knee pain,2,102,111,87,22,95,36.4
30027288,4,headache,6,49,146,82,17,98,35.2
30027289,4,headache,2,75,132,49,10,96,37.4
30027290,3,fall,0,112,100,84,20,98,37.5
30027291,3,fever,0,56,144,77,23,96,36.9
30027292,3,knee pain,2,69,117,39,20,95,37.0
30027293,4,knee pain,6,85,117,90,23,94,36.7
30027294,4,fall,1,94,118,75,18,98,36.7
30027295,3,headache,1,71,120,66,17,98,36.0
30027296,3,shortness of breath,2,107,119,52,29,95,36.8
30027297,3,fall,2,75,141,64,23,95,37.2
30027298,3,anxiety,4,72,125,82,21,98,37.3
30027299,3,back pain,3,92,130,88,14,100,37.3
30027300,5,laceration,1,91,83,49,16,95,37.3
30027301,4,abdominal pain,2,79,117,72,19,97,36.6
30027302,3,fall,1,96,139,104,20,94,36.3
30027303,3,headache,2,96,139,66,23,92,36.3
30027304,2,abdominal pain,7,101,143,93,11,96,38.8
30027305,5,back pain,2,56,117,84,13,89,36.4
30027306,3,fever,2,76,96,103,20,100,37.8
30027307,2,fall,10,74,121,77,22,94,36.2
30027308,3,headache,1,86,96,84,13,91,37.4
30027309,3,fever,2,92,128,66,22,100,36.7
30027310,3,laceration,5,56,98,57,16,98,36.1
30027311,4,shortness of breath,5,91,124,74,20,92,37.5
30027312,2,knee pain,6,68,110,52,18,98,37.2
30027313,4,chest pain,4,91,123,48,21,100,37.2
30027314,3,anxiety,6,72,118,76,19,96,37.0
30027315,2,fall,10,92,136,89,16,98,38.2
30027316,4,anxiety,4,88,119,86,18,98,36.1
30027317,2,fever,7,81,108,89,18,99,36.8
30027318,3,fall,7,119,95,116,11,96,36.8
30027319,3,back pain,4,80,107,109,22,97,38.7
30027320,3,anxiety,6,96,114,85,17,94,35.5
30027321,1,knee pain,10,100,136,60,14,97,36.0
30027322,3,back pain,1,55,145,77,13,90,36.3
30027323,2,back pain,8,93,113,100,21,97,35.6
30027324,3,fall,7,89,140,66,18,99,36.2
30027325,3,anxiety,4,103,117,70,23,94,36.0
30027326,3,laceration,3,67,102,72,15,99,35.9
30027327,3,knee pain,3,83,134,60,17,90,36.6
30027328,3,fever,3,86,125,86,17,100,37.2
30027329,3,chest pain,3,81,102,79,25,99,38.3
30027330,2,shortness of breath,9,83,111,82,11,100,36.3
30027331,4,knee pain,2,86,100,89,19,98,37.8
30027332,3,shortness of breath,5,119,156,46,20,97,35.7
30027333,2,back pain,7,93,118,80,24,95,36.0
30027334,2,shortness of breath,10,88,127,84,18,100,38.6
30027335,2,back pain,10,78,119,93,13,95,36.5
30027336,4,laceration,2,88,120,57,24,95,37.2
30027337,3,back pain,4,85,131,72,6,98,37.8
30027338,3,back pain,4,58,127,66,24,97,36.6
30027339,4,fever,2,105,143,78,16,100,35.4
30027340,3,headache,3,78,137,105,15,100,38.8
30027341,3,shortness of breath,5,90,112,83,15,93,37.3
30027342,3,knee pain,3,103,101,84,17,99,37.1
30027343,3,fall,6,80,103,91,18,95,37.0
30027344,1,headache,9,99,113,71,15,95,37.3
30027345,2,back pain,6,75,144,79,23,95,37.8
30027346,3,abdominal pain,6,97,143,79,19,99,36.6
30027347,3,anxiety,0,75,112,87,15,99,36.6
30027348,3,fever,7,88,112,61,21,91,36.6
30027349,2,back pain,6,74,134,52,11,99,36.2
30027350,4,fever,2,114,120,79,13,96,36.8
30027351,3,fall,3,72,132,66,12,95,36.4
30027352,4,back pain,4,87,156,81,22,100,37.2
30027353,3,shortness of breath,5,104,72,80,12,100,35.7
30027354,3,fever,5,76,116,77,22,100,38.1
30027355,3,headache,3,67,133,79,30,97,35.2
30027356,1,anxiety,7,78,140,74,22,100,36.8
30027357,4,knee pain,3,69,121,93,21,96,36.4
30027358,3,shortness of breath,5,111,184,79,19,97,36.2
30027359,1,knee pain,9,81,123,104,18,94,37.1
30027360,4,abdominal pain,3,73,135,88,25,95,37.3
30027361,3,chest pain,0,98,120,88,20,98,36.8
30027362,3,knee pain,3,96,121,87,21,97,37.1
30027363,4,fall,1,69,148,88,17,99,37.9
30027364,2,knee pain,7,96,116,113,20,95,37.8
30027365,1,abdominal pain,8,80,85,79,20,96,36.6
30027366,4,shortness of breath,2,85,149,85,18,100,37.2
30027367,2,anxiety,9,81,147,70,16,97,36.4
30027368,3,chest pain,0,105,113,105,20,100,38.1
30027369,3,chest pain,1,108,154,92,20,97,36.0
30027370,3,shortness of breath,0,68,124,68,11,99,36.8
30027371,1,shortness of breath,10,83,65,83,18,93,37.4
30027372,4,laceration,2,77,117,80,21,100,36.0
30027373,4,abdominal pain,2,65,116,89,19,99,37.9
30027374,3,back pain,6,69,119,83,18,93,37.0
30027375,2,chest pain,10,84,172,104,13,96,38.3
30027376,4,fall,7,90,140,93,14,94,37.4
30027377,3,knee pain,2,108,130,75,16,94,37.1
30027378,2,fall,10,66,139,90,20,100,38.4
30027379,4,chest pain,5,91,122,82,19,98,37.4
30027380,3,knee pain,2,76,133,62,26,92,35.8
30027381,3,abdominal pain,1,107,129,70,25,92,34.6
30027382,2,anxiety,9,64,123,65,21,95,37.2
30027383,3,fall,4,82,156,79,20,98,36.5
30027384,3,knee pain,5,34,143,119,18,99,36.5
30027385,3,fever,2,104,158,88,13,95,38.0
30027386,3,fever,0,110,138,43,16,97,36.8
30027387,4,abdominal pain,6,83,165,78,17,93,37.3
30027388,3,laceration,7,87,139,98,19,100,37.2
30027389,3,back pain,4,114,80,102,17,98,37.0
30027390,3,back pain,6,83,121,69,21,97,38.0
30027391,1,shortness of breath,10,65,132,79,13,100,37.8
30027392,3,shortness of breath,4,77,171,85,19,98,37.0
30027393,3,chest pain,0,86,87,113,14,98,36.8
30027394,1,laceration,10,84,126,60,22,100,36.3
30027395,3,abdominal pain,5,97,106,88,23,98,37.3
30027396,4,knee pain,6,97,90,65,16,93,37.0
30027397,3,abdominal pain,0,107,155,85,20,100,37.9
30027398,3,headache,4,68,125,83,15,91,36.3
30027399,2,chest pain,9,87,136,45,18,98,37.1
30027400,3,shortness of breath,1,83,150,78,15,96,37.8
30027401,3,back pain,7,87,124,63,12,98,38.4
30027402,2,back pain,10,84,145,103,14,99,37.0
30027403,2,knee pain,10,100,129,92,14,100,36.2
30027404,3,anxiety,2,103,68,98,17,94,37.4
30027405,3,anxiety,4,72,94,72,17,98,37.9
30027406,3,fever,6,80,181,108,17,97,36.7
30027407,4,laceration,3,60,129,95,16,97,35.9
30027408,4,back pain,2,88,105,81,24,99,37.1
30027409,3,headache,6,64,141,98,28,100,36.6
30027410,2,headache,7,107,154,89,14,100,35.7
30027411,5,shortness of breath,2,77,144,80,19,97,36.7
30027412,3,chest pain,0,81,123,93,25,98,36.5
30027413,4,abdominal pain,2,91,117,83,10,100,36.8
30027414,4,fever,4,74,123,89,18,91,36.4
30027415,3,chest pain,1,81,174,79,17,98,36.3
30027416,4,abdominal pain,4,81,162,82,20,94,36.9
30027417,3,fever,1,80,122,83,23,96,37.2
30027418,4,fall,3,133,103,80,16,96,36.1
30027419,2,anxiety,9,99,103,80,16,100,37.1
30027420,3,fall,5,88,132,88,14,98,37.1
30027421,2,fall,7,103,128,57,23,96,38.0
30027422,3,anxiety,2,90,123,101,24,94,36.7
30027423,2,abdominal pain,6,69,106,68,15,94,36.7
30027424,3,knee pain,6,92,100,82,14,100,36.8
30027425,3,abdominal pain,0,101,167,82,21,92,36.9
30027426,3,back pain,0,79,129,94,17,100,37.4
30027427,1,laceration,6,48,145,100,10,96,36.9
30027428,2,shortness of breath,7,87,130,74,13,100,37.6
30027429,2,laceration,8,90,114,87,19,100,36.5
30027430,2,anxiety,6,59,107,98,22,100,36.2
30027431,3,fever,3,65,117,62,19,99,36.8
30027432,3,anxiety,3,78,110,98,15,100,37.2
30027433,3,headache,7,104,104,69,23,100,37.3
30027434,1,fall,6,84,114,84,23,99,36.9
30027435,3,fall,5,78,144,82,17,99,37.0
30027436,3,shortness of breath,0,81,126,79,17,100,37.3
30027437,4,fever,4,92,149,89,13,97,36.1
30027438,3,headache,6,120,90,71,15,98,36.5
30027439,2,fall,6,57,99,55,19,94,36.7
30027440,3,back pain,4,88,105,112,19,100,36.2
30027441,2,knee pain,8,86,147,86,28,95,37.3
30027442,3,laceration,3,76,128,70,27,96,38.6
30027443,4,fever,7,100,166,44,20,100,35.3
30027444,3,fever,1,88,147,66,21,96,36.3
30027445,3,abdominal pain,1,84,105,52,11,93,36.8
30027446,3,anxiety,2,81,112,79,18,94,36.4
30027447,3,anxiety,5,86,130,73,19,92,37.1
30027448,3,back pain,1,81,154,70,18,100,38.2
30027449,2,headache,6,103,136,77,23,90,36.0
30027450,3,chest pain,7,92,123,86,20,97,37.2
30027451,3,shortness of breath,3,70,71,83,21,97,37.3
30027452,3,fall,5,84,103,85,17,94,36.9
30027453,3,chest pain,5,97,107,91,19,97,35.5
30027454,3,chest pain,1,77,110,95,14,100,37.1
30027455,2,fever,9,125,129,79,28,100,35.9
30027456,3,back pain,5,90,131,87,23,97,38.3
30027457,3,fever,7,105,102,77,21,98,37.4
30027458,3,fever,0,78,81,84,22,100,37.4
30027459,4,shortness of breath,3,85,123,88,13,98,36.6
30027460,2,shortness of breath,8,111,124,76,20,94,37.8
30027461,5,fall,3,99,127,56,17,93,35.4
30027462,2,fever,7,89,84,80,17,94,36.3
30027463,3,laceration,7,93,128,92,15,100,36.2
30027464,4,fever,7,74,138,53,15,96,36.9
30027465,2,headache,6,71,134,100,18,89,36.5
30027466,4,laceration,6,83,118,94,13,100,37.4
30027467,3,shortness of breath,1,94,152,72,14,100,37.2
30027468,3,abdominal pain,4,85,69,83,22,91,36.8
30027469,3,abdominal pain,3,87,117,120,18,100,35.2
30027470,2,knee pain,10,100,113,63,16,95,37.2
30027471,3,shortness of breath,3,75,90,79,25,98,37.0
30027472,4,knee pain,2,88,149,78,16,98,36.4
30027473,1,knee pain,7,92,119,93,22,97,38.1
30027474,4,back pain,2,83,104,82,16,99,37.4
30027475,3,chest pain,7,74,151,81,19,92,36.0
30027476,3,back pain,2,60,149,58,23,96,36.4
30027477,3,back pain,2,73,107,68,19,91,36.3
30027478,2,anxiety,7,66,136,44,21,100,38.5
30027479,1,abdominal pain,10,55,116,67,18,97,35.7
30027480,3,back pain,6,85,155,68,16,95,36.8
30027481,3,laceration,6,94,126,80,17,95,36.2
30027482,4,chest pain,4,100,106,71,14,94,37.8
30027483,3,anxiety,1,40,132,92,21,96,37.3
30027484,3,fall,6,90,109,47,22,100,36.4
30027485,5,fever,6,49,103,76,17,97,37.1
30027486,3,headache,6,71,103,72,22,93,35.9
30027487,4,headache,3,94,142,64,17,97,37.0
30027488,2,laceration,7,89,80,105,22,94,36.5
30027489,3,abdominal pain,7,99,132,74,12,96,37.0
30027490,2,fall,6,84,126,90,16,100,38.0
30027491,3,laceration,0,80,111,48,24,100,36.7
30027492,2,shortness of breath,6,90,162,72,22,94,35.8
30027493,3,shortness of breath,3,63,79,78,20,99,36.9
30027494,3,shortness of breath,7,95,146,64,21,99,37.4
30027495,2,laceration,10,98,89,85,24,100,36.1
30027496,4,knee pain,0,62,156,82,14,100,36.5
30027497,3,headache,3,76,154,91,19,97,35.5
30027498,3,fall,5,94,111,78,16,98,36.4
30027499,3,headache,0,93,100,83,16,97,37.2
30027500,3,anxiety,4,92,126,63,14,95,38.0
30027501,2,shortness of breath,9,79,145,57,20,98,35.7
30027502,3,shortness of breath,5,90,101,100,14,97,37.7
30027503,3,laceration,0,70,146,72,19,96,37.1
30027504,2,fever,8,101,126,87,12,98,38.1
30027505,4,back pain,4,91,148,82,19,100,37.6
30027506,4,laceration,3,98,125,58,20,93,36.7
30027507,5,knee pain,4,90,90,86,24,95,37.0
30027508,4,abdominal pain,2,96,127,86,15,99,36.6
30027509,3,chest pain,3,93,117,85,11,96,37.3
30027510,3,abdominal pain,0,80,123,104,14,100,35.8
30027511,3,back pain,4,98,177,87,18,100,38.5
30027512,2,back pain,8,88,105,68,21,95,37.1
30027513,3,anxiety,4,111,128,78,19,95,35.2
30027514,2,knee pain,9,68,111,80,15,96,36.3
30027515,3,fall,2,63,126,87,18,96,37.1
30027516,4,fever,5,74,151,83,14,94,37.2
30027517,3,headache,5,52,148,82,17,100,36.9
30027518,4,knee pain,3,80,90,98,18,99,36.8
30027519,2,headache,10,77,112,66,16,96,37.7
30027520,3,knee pain,7,84,158,111,15,94,36.8
30027521,5,fall,6,72,96,71,25,93,37.6
30027522,4,chest pain,5,56,90,79,22,99,37.4
30027523,5,fever,0,51,135,70,21,97,36.1
30027524,5,back pain,4,86,131,70,21,96,35.7
30027525,2,fever,6,84,120,92,13,98,36.5
30027526,2,laceration,10,92,123,109,26,95,37.8
30027527,3,shortness of breath,7,94,129,50,17,96,37.1
30027528,2,back pain,10,87,146,88,19,96,36.7
30027529,3,headache,7,108,143,46,25,99,37.7
30027530,3,headache,5,92,135,91,22,95,38.0
30027531,3,back pain,6,101,148,42,25,95,38.1
30027532,4,back pain,5,119,141,94,22,95,36.6
30027533,3,anxiety,4,78,120,49,14,95,36.2
30027534,5,shortness of breath,4,95,103,68,24,95,38.1
30027535,3,abdominal pain,3,88,88,67,22,97,37.3
30027536,4,abdominal pain,0,94,130,85,23,96,36.2
30027537,1,chest pain,7,91,150,79,15,97,37.7
30027538,4,shortness of breath,3,84,148,97,19,97,38.2
30027539,1,chest pain,8,80,135,85,15,94,36.0
30027540,3,headache,3,86,154,80,17,100,36.8
30027541,2,anxiety,6,82,129,87,17,96,36.8
30027542,2,knee pain,10,86,94,57,17,100,36.1
30027543,1,laceration,10,80,117,86,13,95,37.2
30027544,2,back pain,10,77,115,58,18,100,37.6
30027545,2,abdominal pain,9,82,112,81,12,97,36.7
30027546,3,shortness of breath,4,73,113,101,15,96,37.9
30027547,1,knee pain,6,73,127,71,12,95,35.1
30027548,3,chest pain,5,93,122,69,23,96,36.2
30027549,2,chest pain,7,96,109,67,11,99,37.2
30027550,4,chest pain,4,73,116,70,16,96,37.6
30027551,3,back pain,0,89,133,91,8,98,36.8
30027552,3,laceration,2,83,106,71,21,99,36.5
30027553,2,fall,8,88,102,78,23,100,36.4
30027554,3,chest pain,2,88,83,61,24,98,35.7
30027555,4,anxiety,0,105,124,86,15,99,37.2
30027556,5,back pain,5,51,132,77,11,95,35.8
30027557,4,knee pain,2,88,167,79,31,100,35.4
30027558,4,chest pain,2,67,142,86,15,95,36.8
30027559,4,laceration,0,99,123,84,15,100,36.9
30027560,2,back pain,8,58,89,96,19,100,38.1
30027561,3,shortness of breath,7,66,151,93,18,95,37.9
30027562,3,knee pain,4,107,130,70,22,99,37.0
30027563,3,back pain,6,87,100,98,20,94,38.9
30027564,3,laceration,2,96,120,61,14,97,37.3
30027565,3,back pain,0,77,77,86,17,96,36.3
30027566,4,fall,7,76,118,99,24,97,36.1
30027567,3,headache,6,83,131,80,9,100,35.0
30027568,3,chest pain,6,93,135,106,17,98,37.3
30027569,4,headache,3,97,114,85,11,97,35.5
30027570,3,shortness of breath,0,114,132,60,22,88,36.1
30027571,3,knee pain,3,100,163,73,22,100,36.9
30027572,3,shortness of breath,0,91,108,84,15,98,36.8
30027573,2,shortness of breath,8,78,130,86,13,99,36.1
30027574,3,fever,3,102,105,76,13,97,36.1
30027575,4,knee pain,3,83,107,86,23,91,37.5
30027576,4,fever,5,69,130,64,18,100,37.8
30027577,3,fall,5,77,88,86,16,99,37.8
30027578,3,fever,7,72,138,62,23,100,38.5
30027579,4,shortness of breath,0,105,79,57,20,95,35.7
30027580,4,fever,3,101,76,48,12,100,37.3
30027581,4,fever,6,114,148,95,30,99,37.7
30027582,3,back pain,7,66,136,44,20,95,37.3
30027583,3,anxiety,1,84,101,46,18,100,36.5
30027584,3,abdominal pain,0,80,110,63,28,94,37.3
30027585,4,fever,2,93,100,105,17,96,37.1
30027586,3,shortness of breath,3,79,120,80,20,100,38.1
30027587,1,abdominal pain,9,94,108,68,15,100,36.5
30027588,4,fever,4,79,116,80,18,100,36.9
30027589,2,fever,8,65,133,86,14,94,37.8
30027590,4,knee pain,5,114,139,87,22,96,36.9
30027591,4,chest pain,4,78,175,97,18,99,37.7
30027592,2,back pain,10,57,111,86,14,95,36.3
30027593,3,fall,6,79,134,74,18,93,37.1
30027594,3,shortness of breath,7,78,144,66,17,98,38.4
30027595,3,abdominal pain,0,48,98,91,20,97,36.6
30027596,3,abdominal pain,0,58,138,70,18,94,37.7
30027597,4,anxiety,5,91,111,79,15,95,37.1
30027598,4,back pain,4,100,122,87,17,98,37.3
30027599,3,chest pain,5,92,138,103,12,94,36.9
30027600,3,laceration,1,98,129,59,20,96,37.7
30027601,3,abdominal pain,1,104,127,69,18,100,38.1
30027602,3,chest pain,0,71,100,87,24,98,36.5
30027603,3,fall,1,79,121,94,15,100,35.7
30027604,4,fever,3,90,108,66,22,95,36.7
30027605,4,back pain,6,81,131,76,19,99,37.8
30027606,3,laceration,4,59,102,111,22,98,38.0
30027607,3,headache,1,78,98,70,19,100,38.1
30027608,4,abdominal pain,7,107,113,89,19,98,37.6
30027609,5,knee pain,2,83,97,87,13,94,37.0
30027610,4,headache,7,67,144,101,18,94,36.6
30027611,3,fall,1,121,122,69,13,96,36.8
30027612,3,abdominal pain,2,78,104,75,24,96,36.4
30027613,3,knee pain,0,74,136,90,17,99,37.6
30027614,4,laceration,3,96,125,76,13,97,37.4
30027615,4,back pain,3,93,156,93,14,100,35.9
30027616,2,chest pain,9,101,147,114,19,100,37.8
30027617,2,chest pain,9,112,104,75,11,100,37.1
30027618,2,laceration,9,88,140,89,15,94,37.2
30027619,3,fever,6,78,103,72,17,100,37.3
30027620,5,anxiety,2,88,133,67,17,98,36.4
30027621,3,headache,7,86,156,71,15,93,36.3
30027622,4,headache,0,93,124,85,21,96,36.1
30027623,2,chest pain,8,68,150,90,14,97,37.3
30027624,1,fall,7,74,107,44,15,99,37.4
30027625,4,abdominal pain,1,85,110,53,17,96,36.8
30027626,1,fever,6,109,125,96,12,100,37.2
30027627,4,fall,6,87,141,72,18,98,37.4
30027628,3,back pain,1,116,179,83,18,96,36.5
30027629,5,anxiety,1,68,133,67,18,98,36.6
30027630,3,fever,1,76,136,93,13,100,36.1
30027631,3,headache,1,103,153,52,13,97,35.8
30027632,3,laceration,6,80,134,102,23,100,36.3
30027633,2,shortness of breath,9,61,126,87,22,96,36.2
30027634,3,fall,1,75,145,69,23,96,36.7
30027635,3,knee pain,0,79,113,81,24,98,37.7
30027636,5,fall,2,58,113,84,15,94,36.5
30027637,4,laceration,5,56,102,76,17,96,36.3
30027638,4,chest pain,7,98,140,52,17,95,37.5
30027639,3,headache,5,83,150,95,16,95,36.6
30027640,1,headache,8,96,143,87,16,94,37.5
30027641,3,anxiety,4,91,123,68,14,98,36.6
30027642,3,fall,6,101,100,89,14,98,37.2
30027643,3,anxiety,2,116,132,84,15,95,37.1
30027644,4,fall,1,64,102,98,11,100,37.1
30027645,3,chest pain,4,27,131,96,14,97,36.8
30027646,3,chest pain,1,73,167,94,24,95,36.7
30027647,1,back pain,9,70,102,62,17,97,39.6
30027648,2,laceration,10,85,132,100,20,99,36.5
30027649,3,laceration,3,75,166,86,22,97,36.9
30027650,3,abdominal pain,0,91,141,82,17,97,36.6
30027651,2,fall,8,82,166,61,13,92,36.5
30027652,3,knee pain,7,76,121,77,20,96,36.1
30027653,3,anxiety,3,80,129,99,24,100,36.4
30027654,2,anxiety,7,94,102,97,14,96,37.0
30027655,3,anxiety,7,104,165,86,18,100,35.9
30027656,3,headache,7,83,114,64,14,100,36.9
30027657,3,shortness of breath,0,71,121,66,15,97,37.4
30027658,2,fever,10,98,117,55,15,95,36.9
30027659,4,shortness of breath,5,63,142,77,22,100,37.1
30027660,3,back pain,7,69,125,63,16,96,37.3
30027661,3,fall,1,82,123,68,21,96,36.6
30027662,4,fall,1,105,117,61,25,97,37.4
30027663,3,laceration,0,103,100,76,19,97,37.4
30027664,3,chest pain,5,85,146,77,18,94,36.3
30027665,3,knee pain,6,106,140,93,17,96,37.4
30027666,1,anxiety,10,93,79,79,21,95,37.3
30027667,2,abdominal pain,8,94,108,58,21,96,36.6
30027668,3,headache,4,94,106,81,18,100,37.2
30027669,3,chest pain,2,91,122,68,13,95,37.8
30027670,4,knee pain,5,50,147,65,17,100,37.1
30027671,2,chest pain,7,94,165,91,27,94,38.1
30027672,3,headache,5,98,143,55,24,94,35.3
30027673,3,abdominal pain,1,101,119,70,23,94,36.6
30027674,2,fever,7,83,152,52,28,97,37.8
30027675,4,chest pain,6,86,115,86,12,100,37.2
30027676,3,fever,5,76,150,67,12,97,34.9
30027677,3,fever,7,102,118,101,14,97,36.0
30027678,3,fall,7,111,126,87,18,100,36.7
30027679,3,back pain,2,78,99,58,10,99,37.6
30027680,2,abdominal pain,7,76,128,76,17,100,39.1
30027681,2,anxiety,10,78,141,90,15,94,35.6
30027682,3,fall,1,71,122,82,22,98,35.8
30027683,4,anxiety,2,87,129,78,18,90,36.7
30027684,2,anxiety,10,72,135,118,16,96,37.1
30027685,3,knee pain,5,90,120,48,16,100,36.6
30027686,3,chest pain,4,92,97,95,25,94,37.1
30027687,4,back pain,5,83,140,72,12,95,35.0
30027688,4,fever,0,116,130,75,17,96,37.1
30027689,2,chest pain,9,90,126,67,17,99,37.0
30027690,3,fever,2,97,145,73,14,93,37.1
30027691,3,anxiety,4,90,111,99,14,91,38.2
30027692,3,fever,7,94,163,79,23,97,37.5
30027693,4,chest pain,2,88,140,107,21,98,37.5
30027694,3,shortness of breath,7,85,139,88,11,99,37.8
30027695,3,shortness of breath,5,72,128,50,17,95,37.7
30027696,2,fever,7,94,100,74,15,97,36.3
30027697,2,knee pain,8,94,110,74,17,99,35.9
30027698,3,fall,1,99,91,72,20,91,36.2
30027699,4,back pain,5,93,96,94,18,97,37.0
30027700,3,fall,2,59,137,78,14,96,38.1
30027701,3,fall,1,107,116,93,20,97,36.3
30027702,1,anxiety,10,79,135,90,21,88,36.9
30027703,3,headache,6,89,89,60,25,99,37.9
30027704,3,knee pain,6,102,123,54,15,97,37.7
30027705,3,shortness of breath,7,98,138,103,15,92,36.6
30027706,2,shortness of breath,9,53,141,75,9,96,37.5
30027707,4,laceration,0,101,141,75,17,100,38.0
30027708,3,abdominal pain,3,63,121,80,17,94,37.2
30027709,4,knee pain,1,85,109,62,25,98,38.1
30027710,4,abdominal pain,0,62,120,81,19,97,37.9
30027711,4,anxiety,2,104,69,83,15,95,35.4
30027712,3,headache,1,92,148,79,18,100,36.8
30027713,3,fever,6,81,133,76,23,100,37.2
30027714,2,abdominal pain,8,86,83,59,18,94,36.6
30027715,3,fever,4,101,168,51,17,99,39.1
30027716,3,back pain,0,99,155,79,24,97,36.5
30027717,2,chest pain,10,95,139,56,19,100,37.2
30027718,3,laceration,7,97,123,55,14,95,36.9
30027719,4,fall,0,88,108,67,16,97,36.9
30027720,4,chest pain,0,112,129,80,21,94,36.5
30027721,3,fever,7,90,145,82,16,99,36.8
30027722,3,knee pain,1,77,129,93,19,95,37.3
30027723,2,fever,7,77,103,68,15,98,37.8
30027724,3,back pain,2,83,144,100,24,99,37.7
30027725,3,anxiety,4,75,115,83,17,95,37.0
30027726,3,shortness of breath,1,75,171,115,23,99,37.5
30027727,3,anxiety,7,76,100,86,25,89,37.0
30027728,2,back pain,8,91,113,83,17,96,37.2
30027729,3,anxiety,2,116,92,74,22,91,36.5
30027730,3,shortness of breath,1,79,113,86,18,99,37.0
30027731,3,laceration,1,77,138,94,17,100,36.8
30027732,2,fall,9,71,168,87,16,96,36.6
30027733,3,fall,1,97,101,65,15,99,37.1
30027734,4,chest pain,3,82,155,87,19,100,38.3
30027735,3,fall,1,83,147,85,13,92,35.4
30027736,3,chest pain,5,78,123,90,18,95,36.7
30027737,3,anxiety,7,90,80,72,15,95,37.0
30027738,3,abdominal pain,4,86,104,82,24,100,36.7
30027739,2,shortness of breath,10,86,141,85,18,97,37.3
30027740,3,fever,7,97,125,76,18,97,37.9
30027741,4,shortness of breath,3,93,161,64,17,100,36.7
30027742,2,fall,10,65,139,95,19,97,35.6
30027743,2,fever,6,90,139,70,21,97,37.5
30027744,1,knee pain,10,93,123,90,16,94,36.6
30027745,4,anxiety,4,82,110,103,22,97,36.4
30027746,4,fever,5,79,132,84,21,92,35.5
30027747,3,back pain,5,106,153,86,19,92,38.5
30027748,3,laceration,5,101,151,75,21,99,38.5
30027749,1,abdominal pain,7,75,144,87,13,96,36.5
30027750,3,fall,2,91,150,113,18,98,37.0
30027751,4,anxiety,7,93,121,79,23,100,37.7
30027752,3,laceration,5,58,155,64,19,96,35.4
30027753,2,anxiety,9,82,109,101,22,99,35.7
30027754,3,anxiety,7,84,151,73,12,98,36.9
30027755,4,shortness of breath,0,108,144,86,19,94,36.7
30027756,4,anxiety,2,93,128,108,27,92,35.3
30027757,3,knee pain,0,102,112,75,21,96,36.2
30027758,2,fall,10,68,142,78,17,99,37.1
30027759,2,shortness of breath,10,97,98,66,19,98,36.9
30027760,3,anxiety,4,96,145,101,15,100,37.0
30027761,2,fever,7,72,132,64,19,100,36.4
30027762,3,fever,1,119,123,75,17,98,36.4
30027763,4,fever,4,111,134,84,12,95,36.2
30027764,3,back pain,4,85,138,82,15,95,36.5
30027765,3,knee pain,3,67,149,73,20,96,36.9
30027766,4,abdominal pain,2,116,130,88,18,98,36.5
30027767,4,knee pain,1,70,105,89,17,100,37.0
30027768,3,knee pain,3,101,78,80,26,98,38.1
30027769,3,abdominal pain,4,90,174,97,25,98,36.3
30027770,3,fever,7,86,144,82,18,91,38.5
30027771,2,laceration,10,57,92,67,17,95,37.8
30027772,3,knee pain,5,86,113,84,16,97,37.0
30027773,2,fever,9,91,106,70,11,96,35.8
30027774,3,headache,1,82,127,90,25,100,36.8
30027775,3,back pain,5,86,145,77,16,100,36.4
30027776,3,headache,0,81,94,83,18,100,37.5
30027777,3,knee pain,1,104,146,85,20,100,37.0
30027778,2,shortness of breath,7,115,124,89,18,98,38.7
30027779,3,shortness of breath,1,72,144,109,17,99,37.3
30027780,3,fever,1,97,125,76,14,96,38.2
30027781,1,headache,10,75,115,83,11,100,38.0
30027782,3,anxiety,1,80,104,64,13,100,36.2
30027783,3,fever,7,65,133,77,13,99,37.9
30027784,3,chest pain,2,81,134,96,23,98,37.9
30027785,3,headache,7,82,121,87,18,100,36.7
30027786,3,anxiety,0,85,134,88,17,95,37.6
30027787,4,knee pain,4,103,135,72,17,94,36.4
30027788,1,fall,10,76,146,113,23,96,37.4
30027789,3,knee pain,3,80,138,60,25,100,37.1
30027790,3,chest pain,6,70,119,108,20,96,37.7
30027791,4,abdominal pain,4,75,123,76,24,96,38.6
30027792,3,abdominal pain,2,72,153,58,14,94,36.1
30027793,3,anxiety,7,97,137,58,24,98,37.6
30027794,3,laceration,0,58,129,75,21,95,35.9
30027795,5,back pain,5,86,120,89,10,98,37.1
30027796,5,chest pain,3,46,108,84,8,100,36.6
30027797,2,back pain,10,94,100,94,13,100,37.1
30027798,3,knee pain,2,102,119,99,15,100,39.1
30027799,3,abdominal pain,2,97,82,72,18,92,36.3
30027800,4,fever,6,121,136,115,14,96,36.5
30027801,3,laceration,1,93,140,77,19,94,37.7
30027802,4,knee pain,5,64,112,113,10,95,38.0
30027803,2,headache,7,110,102,66,20,100,37.4
30027804,4,shortness of breath,0,114,102,81,13,96,37.3
30027805,4,laceration,6,67,141,74,20,95,36.9
30027806,3,fever,3,70,113,75,19,100,37.5
30027807,2,laceration,8,60,142,79,22,95,37.7
30027808,4,laceration,3,104,126,84,19,95,39.2
30027809,1,headache,8,65,101,78,17,98,36.9
30027810,4,shortness of breath,3,99,117,79,18,97,35.9
30027811,2,shortness of breath,6,92,142,73,25,92,37.2
30027812,3,headache,1,113,105,74,21,99,38.1
30027813,3,abdominal pain,3,60,137,79,20,97,36.9
30027814,4,chest pain,4,92,136,90,19,96,38.3
30027815,4,laceration,7,87,158,83,16,98,37.0
30027816,2,back pain,7,78,126,107,13,91,37.6
30027817,1,shortness of breath,7,83,113,77,18,95,36.8
30027818,3,anxiety,6,79,130,82,15,91,36.9
30027819,3,chest pain,3,75,125,86,29,99,36.2
30027820,3,abdominal pain,6,71,143,68,24,93,36.2
30027821,3,headache,4,64,152,60,19,90,38.5
30027822,2,shortness of breath,7,108,138,100,20,96,36.2
30027823,3,fever,7,61,157,103,25,99,37.5
30027824,3,chest pain,5,113,137,33,15,86,37.5
30027825,4,anxiety,2,76,119,73,16,98,37.5
30027826,3,anxiety,6,92,113,70,22,95,36.6
30027827,3,laceration,2,79,133,54,30,100,37.2
30027828,2,laceration,9,103,135,69,8,100,37.1
30027829,3,shortness of breath,2,71,123,64,17,100,36.9
30027830,3,anxiety,6,81,137,94,25,94,37.3
30027831,3,shortness of breath,0,71,92,97,11,93,36.6
30027832,2,abdominal pain,9,83,134,85,22,98,36.1
30027833,2,laceration,8,112,97,76,16,94,36.4
30027834,3,headache,4,95,105,75,20,96,37.2
30027835,4,laceration,7,131,116,97,17,97,36.3
30027836,3,anxiety,4,71,121,83,22,99,37.9
30027837,3,knee pain,4,69,138,82,17,100,35.5
30027838,3,abdominal pain,2,84,143,68,18,98,37.0
30027839,5,fever,6,73,139,64,16,92,38.1
30027840,3,anxiety,3,93,144,73,20,100,37.6
30027841,3,fever,3,104,150,88,26,100,37.0
30027842,3,shortness of breath,6,100,141,62,23,95,36.1
30027843,3,fever,3,111,110,83,10,100,37.5
30027844,2,chest pain,8,76,129,46,18,98,37.8
30027845,2,laceration,6,107,127,109,17,97,36.4
30027846,2,fever,6,117,156,105,20,97,37.1
30027847,3,fall,3,80,149,86,11,97,36.5
30027848,4,headache,0,71,90,91,22,96,36.6
30027849,3,fall,4,114,141,95,20,99,36.7
30027850,3,fever,1,93,131,95,16,99,36.4
30027851,1,fever,10,88,146,53,11,100,35.1
30027852,3,anxiety,6,61,132,99,20,91,36.3
30027853,3,abdominal pain,7,83,127,106,15,96,37.2
30027854,1,fall,7,91,127,71,16,99,37.3
30027855,3,abdominal pain,4,114,129,102,18,100,35.7
30027856,4,headache,6,99,138,42,22,93,35.8
30027857,3,fall,4,90,118,85,15,96,36.3
30027858,5,chest pain,6,62,140,79,21,97,36.5
30027859,3,knee pain,6,106,153,47,18,95,37.5
30027860,4,abdominal pain,3,123,111,63,14,97,37.1
30027861,3,abdominal pain,5,70,119,66,19,98,38.0
30027862,3,shortness of breath,6,105,147,96,9,96,37.0
30027863,3,back pain,2,63,134,92,24,97,37.5
30027864,3,laceration,3,92,109,68,18,100,36.6
30027865,2,chest pain,8,91,139,60,18,99,37.7
30027866,4,headache,6,102,153,97,18,94,37.0
30027867,3,back pain,6,73,122,75,21,95,36.8
30027868,3,back pain,2,106,130,81,16,100,36.7
30027869,2,fever,9,69,109,79,15,96,36.5
30027870,3,anxiety,3,103,125,80,15,100,38.0
30027871,3,headache,6,83,96,87,18,100,37.5
30027872,3,laceration,1,96,150,73,14,100,36.8
30027873,3,chest pain,5,87,156,45,25,96,36.2
30027874,2,headache,8,77,120,83,17,100,36.4
30027875,1,knee pain,10,100,126,107,17,99,36.4
30027876,2,shortness of breath,6,109,173,70,28,92,35.6
30027877,3,chest pain,1,83,82,86,18,94,38.0
30027878,5,shortness of breath,5,59,128,105,19,100,36.3
30027879,2,fall,10,84,123,91,11,100,37.7
30027880,4,fever,3,87,138,89,11,98,37.4
30027881,2,headache,7,100,130,92,20,100,37.7
30027882,3,shortness of breath,2,100,81,84,19,99,36.1
30027883,3,anxiety,4,77,112,88,19,97,37.9
30027884,3,back pain,4,110,134,88,20,93,35.9
30027885,3,knee pain,6,73,122,64,19,93,36.6
30027886,3,abdominal pain,7,123,111,81,19,92,37.8
30027887,3,fall,3,70,176,62,24,93,35.6
30027888,3,knee pain,0,87,159,75,15,100,36.9
30027889,4,fever,2,79,140,83,22,97,38.0
30027890,3,anxiety,5,76,153,93,18,93,36.3
30027891,5,laceration,4,64,95,81,17,95,35.9
30027892,2,fall,6,79,130,74,12,98,36.9
30027893,3,laceration,4,73,130,92,19,98,37.7
30027894,4,anxiety,2,71,117,99,22,97,37.7
30027895,2,anxiety,9,92,160,58,13,98,37.9
30027896,3,headache,7,88,133,85,16,98,36.4
30027897,3,abdominal pain,0,67,98,92,22,98,36.5
30027898,2,laceration,7,81,163,46,19,95,37.3
30027899,3,fever,7,86,133,80,20,93,37.9
30027900,3,anxiety,6,65,114,76,17,100,36.7
30027901,2,abdominal pain,10,88,120,62,21,93,38.0
30027902,5,headache,3,86,126,70,20,94,38.3
30027903,4,chest pain,5,77,127,83,20,96,36.8
30027904,3,laceration,6,92,95,59,22,100,36.9
30027905,4,fall,0,100,135,88,13,100,36.6
30027906,3,knee pain,2,106,80,112,22,100,38.1
30027907,4,back pain,1,102,131,92,18,93,37.7
30027908,4,chest pain,5,91,133,73,20,94,35.4
30027909,4,knee pain,4,108,124,42,23,94,36.7
30027910,3,abdominal pain,5,72,108,64,14,100,37.3
30027911,4,fall,6,96,121,64,14,95,37.4
30027912,3,fall,3,75,106,55,20,93,36.7
30027913,4,shortness of breath,5,96,138,66,18,95,37.5
30027914,3,fever,4,100,124,85,21,93,38.5
30027915,4,anxiety,6,105,136,87,28,97,36.5
30027916,4,anxiety,7,63,102,97,11,95,36.1
30027917,4,anxiety,2,99,111,86,23,97,36.7
30027918,2,chest pain,7,89,152,68,22,93,36.6
30027919,2,abdominal pain,10,78,125,64,19,100,37.7
30027920,4,shortness of breath,4,64,120,69,10,100,36.7
30027921,4,laceration,6,95,111,74,21,96,37.8
30027922,3,knee pain,1,99,141,88,15,97,36.0
30027923,3,abdominal pain,7,86,112,83,19,94,37.6
30027924,1,headache,9,83,110,78,21,100,36.9
30027925,2,knee pain,10,100,144,78,14,97,36.9
30027926,2,chest pain,7,99,85,95,21,96,36.5
30027927,2,shortness of breath,10,73,102,81,20,98,36.7
30027928,3,back pain,4,104,137,76,15,100,36.3
30027929,3,anxiety,5,93,133,80,13,99,36.9
30027930,4,back pain,4,64,109,101,23,97,37.7
30027931,5,fall,4,90,132,61,16,98,35.8
30027932,3,chest pain,4,68,128,88,15,98,37.3
30027933,3,abdominal pain,7,107,131,87,11,91,37.0
30027934,3,chest pain,3,68,146,63,15,95,37.7
30027935,3,fever,5,45,99,90,12,96,35.9
30027936,1,chest pain,10,81,126,73,16,97,36.9
30027937,2,headache,8,72,126,71,19,98,36.1
30027938,3,shortness of breath,1,87,87,84,14,100,37.1
30027939,4,back pain,4,73,141,66,22,93,37.9
30027940,4,laceration,6,88,114,84,26,99,36.6
30027941,3,fall,1,94,106,83,13,95,37.8
30027942,3,chest pain,6,76,170,75,20,98,36.5
30027943,1,laceration,9,74,110,107,15,100,37.0
30027944,3,headache,3,76,98,88,16,93,36.4
30027945,3,laceration,3,92,122,67,28,93,37.8
30027946,5,chest pain,6,79,136,94,19,100,38.6
30027947,2,anxiety,6,92,133,87,22,100,37.5
30027948,2,laceration,6,87,124,79,17,100,36.7
30027949,3,headache,3,88,141,57,19,100,36.8
30027950,4,chest pain,4,84,117,86,16,94,37.6
30027951,3,headache,4,85,107,64,15,99,38.0
30027952,3,shortness of breath,6,89,101,95,19,100,37.7
30027953,3,anxiety,1,95,127,102,17,96,37.9
30027954,3,knee pain,5,81,125,70,17,100,36.8
30027955,4,chest pain,0,112,115,77,20,95,36.4
30027956,3,fall,4,97,119,51,22,94,37.7
30027957,3,shortness of breath,3,98,166,74,21,100,36.9
30027958,2,headache,9,95,133,101,24,97,36.5
30027959,4,fall,1,88,132,106,19,96,38.3
30027960,2,chest pain,9,91,130,89,20,97,36.7
30027961,3,chest pain,1,99,117,98,19,98,36.1
30027962,3,knee pain,6,102,98,71,16,94,35.9
30027963,2,back pain,6,74,121,92,20,91,37.6
30027964,2,headache,7,69,114,74,15,96,36.7
30027965,2,shortness of breath,8,93,149,71,19,100,37.1
30027966,3,back pain,3,109,118,81,15,99,36.1
30027967,4,back pain,3,109,109,67,21,98,37.6
30027968,3,laceration,3,101,128,81,16,97,36.2
30027969,3,knee pain,3,71,118,71,19,94,38.4
30027970,4,chest pain,2,56,143,108,23,99,36.4
30027971,3,shortness of breath,7,89,112,73,22,98,35.6
30027972,2,knee pain,10,95,147,82,21,97,36.4
30027973,3,shortness of breath,3,72,155,79,22,95,36.6
30027974,3,abdominal pain,0,114,153,73,26,100,38.0
30027975,3,abdominal pain,4,47,107,55,22,99,37.3
30027976,2,headache,6,100,80,74,11,98,36.9
30027977,3,headache,2,99,111,77,17,99,37.9
30027978,3,laceration,2,79,145,75,19,100,37.5
30027979,3,headache,2,110,99,102,18,100,37.5
30027980,4,knee pain,1,96,112,84,14,96,35.4
30027981,4,knee pain,5,76,111,96,10,100,36.8
30027982,1,abdominal pain,8,76,135,81,22,100,36.7
30027983,4,anxiety,2,93,110,53,18,100,36.5
30027984,5,back pain,5,68,115,116,14,96,37.2
30027985,3,back pain,5,60,153,60,22,99,37.8
30027986,4,knee pain,3,77,103,71,10,95,37.5
30027987,2,anxiety,7,88,138,83,14,95,37.3
30027988,3,back pain,1,83,137,79,22,92,37.4
30027989,3,abdominal pain,0,78,119,92,12,100,36.7
30027990,4,headache,4,79,140,64,21,100,37.3
30027991,3,back pain,6,65,94,82,14,100,38.8
30027992,4,abdominal pain,0,111,122,89,22,96,36.0
30027993,3,anxiety,3,73,132,67,19,98,37.8
30027994,4,fever,2,71,107,85,24,95,37.7
30027995,3,fever,1,114,136,48,19,91,37.4
30027996,5,chest pain,4,88,127,83,20,99,35.9
30027997,5,shortness of breath,7,74,130,77,19,95,38.2
30027998,4,headache,1,78,106,91,22,98,36.8
30027999,2,shortness of breath,10,96,109,62,17,99,36.6
30028000,3,headache,3,80,135,91,14,99,36.1
30028001,3,abdominal pain,4,59,89,70,17,96,36.8
30028002,5,headache,5,83,130,65,17,97,37.5
30028003,3,abdominal pain,7,68,124,101,20,95,35.9
30028004,3,fever,5,93,140,92,24,97,37.5
30028005,3,shortness of breath,7,59,128,99,10,94,37.8
30028006,3,back pain,3,82,138,73,26,97,35.4
30028007,3,fall,1,98,104,74,27,98,37.2
30028008,3,laceration,6,71,136,69,15,100,36.9
30028009,2,back pain,7,92,154,64,17,97,36.3
30028010,3,knee pain,6,88,115,72,12,94,36.6
30028011,4,anxiety,3,94,120,92,12,92,36.2
30028012,1,chest pain,7,64,120,71,19,94,36.5
30028013,3,headache,7,94,163,82,26,98,36.2
30028014,4,anxiety,7,90,129,71,11,99,36.4
30028015,5,laceration,3,84,174,73,18,100,35.6
30028016,4,fall,1,96,123,81,14,99,36.8
30028017,3,anxiety,1,78,136,85,19,93,37.2
30028018,5,anxiety,3,77,198,108,23,100,37.6
30028019,2,abdominal pain,9,70,125,85,24,95,36.0
30028020,4,fall,4,112,131,76,20,99,37.5
30028021,3,knee pain,7,109,103,84,18,95,36.3
30028022,4,abdominal pain,0,93,82,78,23,97,38.7
30028023,2,laceration,7,73,141,60,13,97,35.6
30028024,3,anxiety,5,109,126,55,18,97,36.3
30028025,2,chest pain,9,79,169,53,15,95,37.0
30028026,3,abdominal pain,5,96,73,61,21,98,36.9
30028027,3,knee pain,7,89,125,68,19,100,34.9
30028028,2,fall,9,92,113,88,20,94,37.8
30028029,2,headache,10,103,150,98,28,95,37.9
30028030,3,fall,4,100,138,81,15,95,36.2
30028031,2,shortness of breath,9,100,135,79,15,96,36.3
30028032,3,knee pain,4,95,135,69,16,99,36.8
30028033,3,headache,0,71,131,94,13,91,37.7
30028034,4,fall,5,92,82,75,11,96,37.9
30028035,5,knee pain,3,98,112,93,21,99,37.1
30028036,3,abdominal pain,5,99,124,91,14,100,35.6
30028037,2,abdominal pain,7,92,140,94,22,92,38.2
30028038,2,fever,10,103,157,112,21,97,37.4
30028039,2,chest pain,6,78,123,98,16,100,37.5
30028040,3,headache,7,78,122,77,21,97,38.2
30028041,2,abdominal pain,10,102,91,90,17,100,36.7
30028042,3,headache,3,82,92,67,21,98,37.5
30028043,2,fall,7,86,168,70,19,97,38.6
30028044,3,back pain,2,89,96,77,27,95,36.7
30028045,2,fall,10,108,122,88,18,93,38.0
30028046,2,chest pain,6,65,88,69,17,98,37.3
30028047,3,knee pain,1,76,128,62,20,99,38.2
30028048,4,headache,1,67,112,80,15,99,37.2
30028049,3,knee pain,2,107,108,76,15,97,37.4
30028050,3,back pain,4,86,98,78,20,95,36.7
30028051,4,headache,3,83,108,89,17,94,36.3
30028052,2,chest pain,9,91,125,87,23,100,36.1
30028053,4,chest pain,5,94,115,73,16,96,37.6
30028054,3,anxiety,6,78,150,84,26,93,36.9
30028055,2,back pain,8,99,94,70,15,96,38.2
30028056,3,laceration,6,104,109,82,25,100,37.3
30028057,3,abdominal pain,5,83,193,57,14,92,35.7
30028058,3,fall,2,70,123,97,23,98,36.4
30028059,4,knee pain,7,69,94,72,11,92,37.6
30028060,5,shortness of breath,4,80,129,63,16,96,37.5
30028061,3,headache,7,94,117,82,17,97,38.5
30028062,4,shortness of breath,7,95,104,61,19,96,37.1
30028063,3,fall,2,114,105,80,15,94,36.7
30028064,1,shortness of breath,8,105,111,86,12,100,37.6
30028065,4,abdominal pain,4,101,98,70,22,95,38.0
30028066,4,headache,3,91,109,86,19,98,37.5
30028067,2,laceration,8,73,136,71,17,100,38.4
30028068,3,anxiety,0,86,140,73,23,95,36.5
30028069,2,anxiety,8,97,96,84,19,97,36.0
30028070,3,fever,3,81,148,91,18,100,37.0
30028071,2,shortness of breath,7,73,81,71,13,95,35.8
30028072,1,fall,7,92,115,56,22,100,38.1
30028073,3,headache,3,57,139,77,13,100,36.9
30028074,3,headache,7,110,144,87,15,100,37.0
30028075,4,headache,1,104,100,90,18,96,36.8
30028076,2,headache,10,80,103,76,18,94,37.1
30028077,1,knee pain,9,99,77,74,14,94,36.1
30028078,1,abdominal pain,6,87,148,100,18,94,35.6
30028079,4,shortness of breath,7,73,132,86,19,99,37.1
30028080,4,shortness of breath,6,39,99,90,17,99,37.3
30028081,4,abdominal pain,7,72,110,98,15,100,35.5
30028082,3,fever,1,98,95,80,16,96,36.2
30028083,2,anxiety,6,92,163,84,26,98,37.2
30028084,3,laceration,5,69,137,51,24,100,36.8
30028085,3,abdominal pain,3,91,109,63,7,96,37.2
30028086,2,anxiety,8,103,125,87,22,99,36.3
30028087,4,chest pain,1,74,149,93,21,94,37.2
30028088,4,headache,1,82,170,88,18,99,35.7
30028089,4,shortness of breath,1,97,111,93,15,99,36.4
30028090,3,fever,5,99,97,42,19,100,38.2
30028091,2,laceration,10,69,152,96,18,92,37.4
30028092,3,fall,3,115,159,73,13,100,36.2
30028093,4,back pain,0,72,117,95,9,100,37.2
30028094,1,shortness of breath,7,108,135,48,10,91,35.6
30028095,3,abdominal pain,4,96,113,93,20,98,35.0
30028096,3,knee pain,3,71,117,84,15,95,37.7
30028097,4,headache,6,84,116,100,16,95,36.9
30028098,3,fever,6,76,151,92,28,97,36.6
30028099,3,headache,0,91,122,53,17,100,36.8
30028100,4,fever,3,95,136,94,17,98,37.0
30028101,3,back pain,7,84,126,63,21,98,37.5
30028102,4,knee pain,7,88,129,101,20,97,37.1
30028103,2,fall,10,91,101,85,20,96,37.2
30028104,4,shortness of breath,4,74,116,80,22,92,38.3
30028105,2,laceration,9,63,109,68,18,91,38.0
30028106,3,anxiety,4,92,110,84,20,100,38.3
30028107,2,anxiety,7,53,99,89,24,98,35.8
30028108,3,abdominal pain,2,108,131,69,19,100,36.7
30028109,3,chest pain,7,87,138,57,16,96,36.3
30028110,2,knee pain,7,71,110,66,26,97,36.2
30028111,3,back pain,5,83,99,59,16,91,37.3
30028112,3,chest pain,1,109,136,76,11,97,36.2
30028113,3,anxiety,3,115,109,87,8,94,37.7
30028114,2,anxiety,6,101,124,60,18,96,37.9
30028115,3,back pain,3,90,114,102,22,99,37.8
30028116,2,anxiety,10,87,105,80,4,97,36.4
30028117,3,back pain,6,43,115,95,15,97,37.9
30028118,5,fall,1,68,139,110,27,97,36.7
30028119,3,laceration,5,109,143,93,11,96,36.9
30028120,4,abdominal pain,5,82,175,91,19,100,37.8
30028121,2,fall,8,69,138,88,16,98,37.5
30028122,2,fall,8,102,131,87,17,97,38.1
30028123,4,fever,6,117,95,78,17,100,36.8
30028124,5,shortness of breath,2,100,122,76,14,99,37.1
30028125,3,knee pain,6,79,112,71,15,99,38.1
30028126,3,back pain,3,83,134,101,22,99,37.8
30028127,3,fever,4,65,107,94,22,96,38.2
30028128,4,knee pain,3,115,151,56,15,96,37.3
30028129,4,fever,1,70,162,59,15,100,35.8
30028130,2,back pain,6,89,149,58,16,95,37.3
30028131,4,anxiety,3,107,143,62,20,94,37.8
30028132,1,shortness of breath,10,91,161,80,18,100,37.7
30028133,3,headache,3,76,122,74,21,97,36.2
30028134,3,fall,3,70,103,99,18,100,36.2
30028135,3,back pain,3,77,111,89,16,100,37.0
30028136,3,knee pain,6,65,119,79,20,98,38.2
30028137,5,fever,2,79,132,57,18,98,37.9
30028138,3,headache,7,82,170,87,15,100,37.2
30028139,3,abdominal pain,7,70,75,80,16,95,36.8
30028140,3,laceration,6,85,149,95,24,95,36.2
30028141,3,shortness of breath,0,68,153,78,19,97,36.8
30028142,1,back pain,6,71,99,83,17,97,38.6
30028143,3,knee pain,7,91,115,85,19,99,35.9
30028144,2,shortness of breath,10,108,97,87,11,97,35.4
30028145,3,laceration,7,75,120,105,14,100,37.8
30028146,3,fever,1,90,126,70,15,98,37.9
30028147,2,shortness of breath,7,86,126,74,16,98,37.2
30028148,2,fever,9,79,105,76,24,100,36.8
30028149,2,fall,9,100,123,86,22,99,36.7
30028150,2,headache,10,91,107,63,20,100,38.0
30028151,3,fall,0,105,154,99,15,94,36.8
30028152,2,anxiety,9,67,114,95,16,97,37.9
30028153,3,chest pain,2,88,111,56,19,97,37.4
30028154,3,headache,5,48,129,70,19,100,36.6
30028155,3,anxiety,7,73,126,95,12,97,37.4
30028156,2,knee pain,9,91,135,74,21,100,37.7
30028157,3,back pain,2,90,106,46,26,100,35.5
30028158,3,fever,2,92,107,89,14,94,36.5
30028159,2,anxiety,9,97,148,114,22,99,36.3
30028160,2,knee pain,6,78,111,102,12,95,36.6
30028161,3,fever,1,103,136,67,19,99,36.8
30028162,3,fall,1,113,117,66,20,95,37.8
30028163,4,headache,7,76,91,91,16,96,36.3
30028164,3,abdominal pain,7,70,141,79,19,99,36.2
30028165,2,back pain,7,110,153,72,15,96,37.4
30028166,4,shortness of breath,3,91,126,96,26,96,37.8
30028167,5,laceration,7,71,118,106,13,97,37.4
30028168,1,fall,7,70,116,74,17,100,37.5
30028169,3,fall,3,88,133,74,19,100,37.2
30028170,4,laceration,5,98,111,72,19,98,37.0
30028171,2,fever,8,101,114,82,19,96,35.3
30028172,3,abdominal pain,0,92,138,66,12,93,37.9
30028173,3,shortness of breath,4,72,122,72,16,96,37.0
30028174,3,anxiety,7,89,135,92,12,97,36.5
30028175,4,anxiety,5,90,140,72,16,95,35.4
30028176,3,shortness of breath,7,60,155,94,17,98,36.0
30028177,2,headache,6,103,141,66,17,88,36.5
30028178,2,back pain,6,93,106,82,19,95,36.0
30028179,4,fall,6,79,146,97,18,97,36.1
30028180,3,laceration,5,87,113,85,18,95,36.9
30028181,3,fall,2,99,86,84,18,94,37.4
30028182,4,anxiety,7,93,168,87,13,97,37.9
30028183,3,fall,3,76,177,75,27,100,36.7
30028184,3,fall,5,82,119,72,16,94,37.6
30028185,4,fever,1,93,93,54,14,99,36.5
30028186,3,shortness of breath,3,104,108,54,10,94,37.0
30028187,3,abdominal pain,0,56,102,84,15,95,37.6
30028188,3,laceration,7,120,113,94,24,97,37.0
30028189,3,laceration,5,80,161,71,19,96,38.1
30028190,4,fever,7,67,125,68,19,98,37.2
30028191,3,fall,6,85,124,44,13,93,36.6
30028192,1,laceration,9,79,104,80,25,92,37.0
30028193,3,chest pain,4,74,154,82,16,97,37.9
30028194,3,back pain,7,73,117,99,10,98,37.0
30028195,3,chest pain,6,97,164,60,16,94,36.1
30028196,4,chest pain,7,75,143,89,18,97,35.9
30028197,3,laceration,5,77,139,100,24,95,36.7
30028198,4,fever,2,49,116,82,7,96,36.5
30028199,4,chest pain,6,96,104,96,12,95,39.2
30028200,3,abdominal pain,1,55,115,77,25,99,37.2
30028201,2,knee pain,8,75,120,98,23,95,37.3
30028202,3,fever,3,69,110,121,17,92,38.2
30028203,3,shortness of breath,4,103,129,92,15,92,36.8
30028204,3,knee pain,7,70,96,107,19,97,37.7
30028205,2,knee pain,8,72,118,92,17,96,37.8
30028206,3,back pain,5,62,111,66,22,99,37.3
30028207,1,knee pain,10,81,141,88,15,96,37.4
30028208,3,headache,3,70,141,59,14,95,36.5
30028209,3,chest pain,3,74,142,73,25,96,37.9
30028210,3,fever,2,75,136,89,16,100,38.3
30028211,4,chest pain,1,79,119,52,19,95,36.7
30028212,4,abdominal pain,5,76,113,70,15,100,35.8
30028213,3,chest pain,1,67,121,86,18,93,38.0
30028214,3,fall,0,78,176,74,12,91,39.1
30028215,2,back pain,6,79,124,87,21,91,37.5
30028216,3,knee pain,0,103,135,83,21,98,37.3
30028217,3,fall,2,116,104,96,16,93,37.2
30028218,2,knee pain,6,96,166,94,21,100,36.1
30028219,2,knee pain,7,80,118,102,17,98,35.1
30028220,2,headache,10,103,151,84,13,95,35.9
30028221,5,fall,7,104,163,73,19,97,37.1
30028222,3,shortness of breath,2,97,126,84,18,100,37.2
30028223,3,fall,1,88,148,83,15,100,38.7
30028224,2,shortness of breath,8,96,76,91,20,96,35.9
30028225,3,fall,3,69,121,84,23,95,38.3
30028226,2,anxiety,6,62,128,90,20,95,37.3
30028227,4,knee pain,7,63,109,75,23,97,38.4
30028228,4,fever,4,92,111,97,26,97,37.9
30028229,3,abdominal pain,5,92,99,99,17,92,37.3
30028230,3,back pain,2,71,103,104,20,100,36.2
30028231,3,laceration,0,71,180,86,17,98,37.2
30028232,3,chest pain,7,89,87,83,11,99,37.0
30028233,3,headache,4,112,112,85,22,100,37.1
30028234,5,fever,7,79,148,84,17,98,37.2
30028235,4,fever,4,115,105,102,15,98,36.5
30028236,3,shortness of breath,4,110,129,84,13,100,36.2
30028237,4,shortness of breath,0,68,142,80,11,94,37.6
30028238,4,back pain,0,94,116,82,18,97,35.8
30028239,1,chest pain,10,83,106,64,18,100,36.8
30028240,3,fever,5,92,123,89,14,99,35.7
30028241,3,shortness of breath,2,60,140,71,21,98,37.0
30028242,3,fall,2,96,156,91,14,100,37.2
30028243,5,shortness of breath,2,86,105,95,15,97,37.1
30028244,3,abdominal pain,3,80,134,68,15,97,37.4
30028245,3,chest pain,4,80,124,81,18,97,37.4
30028246,3,shortness of breath,0,86,101,68,14,99,37.5
30028247,3,back pain,5,94,124,87,18,100,37.7
30028248,2,anxiety,10,92,156,64,19,90,38.2
30028249,3,back pain,4,87,151,79,15,100,38.2
30028250,3,headache,2,77,131,131,19,100,38.2
30028251,2,abdominal pain,10,89,110,81,15,95,35.9
30028252,3,headache,1,107,103,120,14,95,36.6
30028253,5,laceration,0,114,109,82,13,98,36.0
30028254,2,anxiety,10,86,116,90,18,97,37.7
30028255,3,laceration,5,67,176,99,13,95,38.1
30028256,3,fever,3,75,113,95,23,96,37.8
30028257,3,laceration,5,87,142,80,21,98,37.5
30028258,2,chest pain,9,76,125,101,22,100,38.2
30028259,3,knee pain,7,106,138,113,18,93,37.5
30028260,4,headache,1,87,125,73,16,97,36.4
30028261,3,chest pain,1,90,119,67,15,94,36.8
30028262,3,headache,1,104,147,77,18,95,36.9
30028263,4,back pain,5,82,119,93,20,100,37.6
30028264,4,shortness of breath,4,64,129,107,21,92,36.9
30028265,3,headache,1,62,117,91,19,97,36.9
30028266,3,abdominal pain,2,98,140,80,20,90,36.3
30028267,4,knee pain,3,97,100,78,18,99,35.6
30028268,3,back pain,2,78,87,72,19,95,36.2
30028269,4,shortness of breath,2,91,135,58,24,100,37.6
30028270,2,abdominal pain,10,103,106,69,15,93,36.8
30028271,3,fever,6,87,103,61,17,99,36.2
30028272,3,anxiety,6,93,119,81,15,95,36.7
30028273,1,back pain,9,80,113,71,20,95,36.3
30028274,4,laceration,3,87,131,56,15,100,37.5
30028275,3,back pain,6,85,84,61,10,97,37.3
30028276,4,fever,5,83,133,91,19,94,36.1
30028277,2,headache,10,79,115,86,13,96,37.3
30028278,3,chest pain,3,83,118,53,20,100,37.5
30028279,2,abdominal pain,6,74,132,87,10,98,36.6
30028280,3,fall,5,74,131,75,19,99,37.3
30028281,3,abdominal pain,2,111,86,78,24,95,38.9
30028282,4,abdominal pain,6,79,153,83,17,100,36.0
30028283,3,chest pain,7,89,121,59,15,99,37.3
30028284,3,fever,4,97,103,88,17,97,37.4
30028285,3,shortness of breath,0,92,108,78,19,100,36.4
30028286,3,headache,3,85,150,60,14,92,37.5
30028287,2,fall,7,81,141,96,17,96,36.8
30028288,5,back pain,2,85,155,98,17,95,37.1
30028289,4,fall,4,58,136,86,19,95,36.9
30028290,3,fall,2,67,123,90,18,100,38.3
30028291,3,anxiety,1,63,91,94,12,95,37.5
30028292,1,anxiety,9,76,127,87,24,95,36.5
30028293,3,shortness of breath,3,106,154,57,15,97,37.3
30028294,2,abdominal pain,6,88,113,58,20,99,36.0
30028295,4,laceration,5,75,108,81,16,95,37.2
30028296,4,back pain,0,101,145,90,16,97,37.3
30028297,3,fever,2,71,121,69,10,94,36.4
30028298,3,chest pain,6,96,132,88,20,94,36.9
30028299,3,knee pain,5,75,124,105,13,93,37.1
30028300,2,knee pain,8,76,111,103,14,91,36.8
30028301,3,shortness of breath,4,90,138,68,15,100,37.9
30028302,3,headache,6,98,139,94,14,97,36.6
30028303,3,back pain,3,79,132,74,15,96,37.3
30028304,3,fever,4,85,139,98,16,98,38.3
30028305,3,back pain,2,84,135,85,17,98,38.0
30028306,2,knee pain,8,92,113,87,17,92,36.8
30028307,2,abdominal pain,9,86,91,107,19,96,37.8
30028308,5,fall,2,77,138,115,22,93,37.4
30028309,3,fever,0,97,155,67,15,100,37.3
30028310,3,anxiety,1,83,101,97,19,97,36.4
30028311,4,abdominal pain,7,75,115,92,28,89,37.5
30028312,2,laceration,9,111,102,84,10,100,37.5
30028313,4,abdominal pain,6,65,134,90,16,98,37.7
30028314,5,anxiety,0,91,110,111,17,100,36.6
30028315,3,anxiety,5,82,143,97,14,95,37.1
30028316,2,knee pain,7,99,111,82,21,93,37.8
30028317,3,back pain,2,88,122,88,16,100,35.6
30028318,5,abdominal pain,2,79,120,88,11,95,36.2
30028319,3,abdominal pain,3,123,113,81,22,92,35.9
30028320,3,headache,6,98,106,101,23,99,36.0
30028321,4,fever,0,83,104,66,19,100,36.5
30028322,3,shortness of breath,4,89,166,88,18,97,36.9
30028323,4,abdominal pain,3,73,150,89,20,97,37.9
30028324,3,chest pain,2,102,156,69,22,97,37.8
30028325,4,anxiety,0,86,104,74,21,97,37.6
30028326,3,chest pain,0,80,144,79,15,98,37.9
30028327,3,knee pain,2,72,155,73,12,100,36.9
30028328,3,chest pain,1,105,85,78,22,95,36.2
30028329,2,headache,8,74,104,61,15,98,37.9
30028330,4,laceration,4,73,136,94,17,95,36.7
30028331,3,abdominal pain,4,80,123,74,25,99,37.6
30028332,3,laceration,3,77,135,97,20,93,36.7
30028333,3,back pain,7,75,126,66,19,98,36.8
30028334,3,abdominal pain,7,91,100,100,19,95,36.6
30028335,3,abdominal pain,1,64,122,73,18,95,37.4
30028336,5,shortness of breath,1,76,108,96,15,100,37.5
30028337,4,anxiety,2,78,160,116,16,97,36.7
30028338,3,laceration,0,79,112,72,16,93,37.1
30028339,5,fall,4,79,110,75,18,99,36.8
30028340,3,laceration,0,78,113,91,17,100,37.4
30028341,3,back pain,2,97,131,88,17,100,36.7
30028342,4,chest pain,2,72,135,89,16,98,36.5
30028343,3,headache,2,96,128,67,19,97,36.5
30028344,1,shortness of breath,6,72,159,64,14,98,36.6
30028345,4,fever,4,108,140,89,18,99,37.0
30028346,4,fever,7,94,122,93,21,99,35.5
30028347,3,headache,7,121,113,82,15,98,35.9
30028348,3,fall,5,75,104,97,18,100,37.7
30028349,5,headache,1,87,134,50,25,96,38.5
30028350,3,laceration,0,92,116,74,24,100,37.6
30028351,2,shortness of breath,7,81,132,84,19,95,36.1
30028352,4,fever,4,59,141,46,22,100,37.0
30028353,2,laceration,7,59,125,104,12,96,36.8
30028354,2,laceration,9,76,153,68,21,99,36.1
30028355,3,abdominal pain,7,78,127,83,19,93,37.0
30028356,3,fall,2,117,117,89,17,100,36.5
30028357,3,knee pain,0,76,130,103,14,96,36.8
30028358,4,anxiety,2,63,99,75,14,100,38.1
30028359,3,anxiety,7,67,89,89,17,96,36.6
30028360,5,shortness of breath,5,62,151,112,16,93,37.5
30028361,3,chest pain,1,91,131,72,13,96,37.3
30028362,1,fever,10,91,135,100,21,97,36.6
30028363,4,fever,7,66,152,90,15,98,37.1
30028364,3,fever,5,87,106,59,20,97,37.2
30028365,3,knee pain,3,84,110,66,20,100,34.9
30028366,2,headache,6,88,134,91,10,96,36.0
30028367,4,shortness of breath,4,66,76,95,12,100,36.2
30028368,3,chest pain,3,92,117,73,15,97,35.8
30028369,4,headache,5,83,127,55,18,97,36.2
30028370,2,fever,10,82,124,87,20,100,38.1
30028371,2,fever,6,81,121,92,20,97,36.8
30028372,5,headache,4,86,147,91,9,100,38.3
30028373,3,fall,2,74,124,92,14,96,36.9
30028374,5,fall,4,106,156,55,20,100,36.5
30028375,3,fall,3,66,146,67,11,95,36.5
30028376,3,headache,4,99,137,51,21,94,38.0
30028377,5,abdominal pain,2,72,105,81,17,97,36.8
30028378,4,abdominal pain,4,101,123,105,18,98,36.9
30028379,3,abdominal pain,0,96,132,53,21,100,36.5
30028380,2,abdominal pain,6,73,131,119,19,93,36.5
30028381,2,headache,8,78,117,53,21,97,37.6
30028382,3,back pain,6,84,120,83,11,99,38.4
30028383,4,abdominal pain,4,96,143,91,17,96,37.2
30028384,2,chest pain,7,81,102,91,20,94,36.2
30028385,4,laceration,5,72,110,86,18,100,37.0
30028386,3,abdominal pain,2,100,152,94,7,100,37.5
30028387,4,fever,7,77,126,87,11,95,35.5
30028388,2,abdominal pain,9,61,108,79,16,95,36.5
30028389,3,back pain,6,113,96,89,20,94,37.2
30028390,2,laceration,8,92,119,86,12,94,37.0
30028391,5,laceration,4,89,124,65,24,100,36.2
30028392,3,fall,5,104,100,70,17,93,36.5
30028393,4,knee pain,3,98,131,81,22,96,37.3
30028394,3,back pain,0,88,135,97,21,97,36.6
30028395,3,abdominal pain,6,105,145,113,13,92,36.0
30028396,3,chest pain,4,87,118,121,17,98,36.7
30028397,3,knee pain,1,66,114,86,18,94,37.7
30028398,3,headache,6,111,133,64,14,100,36.8
30028399,2,knee pain,9,95,156,54,18,100,36.8
30028400,3,laceration,5,93,104,70,12,94,37.3
30028401,3,back pain,7,100,134,84,20,99,37.9
30028402,3,headache,5,57,139,70,12,100,37.4
30028403,1,back pain,7,79,94,88,19,100,36.3
30028404,2,shortness of breath,7,82,106,82,17,100,36.4
30028405,2,laceration,8,74,132,65,14,97,38.0
30028406,1,abdominal pain,9,68,123,60,17,97,37.0
30028407,3,knee pain,3,91,82,76,8,96,38.1
30028408,3,headache,0,78,142,61,19,94,38.0
30028409,2,shortness of breath,7,95,130,68,17,98,37.4
30028410,4,laceration,7,73,153,67,17,98,37.2
30028411,2,laceration,7,80,129,81,10,96,37.9
30028412,4,chest pain,0,84,119,86,13,96,36.3
30028413,4,knee pain,1,103,119,87,16,98,37.9
30028414,3,anxiety,2,91,129,106,21,100,35.8
30028415,3,fall,5,93,124,76,16,94,36.0
30028416,5,shortness of breath,5,108,123,99,14,91,37.4
30028417,4,abdominal pain,5,69,77,85,22,100,37.2
30028418,3,abdominal pain,1,107,130,98,15,92,36.6
30028419,3,abdominal pain,6,64,126,100,12,95,37.4
30028420,4,shortness of breath,2,66,121,86,18,98,36.9
30028421,2,back pain,8,58,111,88,16,97,36.3
30028422,4,chest pain,0,70,127,89,18,99,36.2
30028423,4,back pain,0,67,85,82,25,98,37.1
30028424,4,knee pain,2,74,116,60,24,100,36.7
30028425,2,knee pain,10,94,123,55,21,91,37.4
30028426,3,knee pain,6,52,103,73,15,95,37.7
30028427,1,laceration,10,91,125,85,13,100,37.7
30028428,3,laceration,3,88,101,80,25,99,37.5
30028429,3,abdominal pain,7,91,154,86,24,96,37.0
30028430,5,fall,7,86,128,77,27,96,37.0
30028431,1,laceration,10,99,112,112,20,100,37.9
30028432,3,chest pain,7,70,109,89,19,93,37.2
30028433,3,fall,6,84,117,85,21,98,36.4
30028434,3,abdominal pain,0,96,132,71,15,98,35.8
30028435,3,knee pain,5,79,133,92,21,98,37.3
30028436,4,fever,0,102,134,108,13,94,37.8
30028437,3,laceration,6,87,115,87,17,96,37.5
30028438,3,anxiety,4,98,119,88,14,97,36.6
30028439,3,fall,5,61,114,68,19,97,37.4
30028440,4,headache,3,84,131,84,22,98,36.5
30028441,3,knee pain,1,83,132,100,16,96,39.0
30028442,4,back pain,2,115,149,92,14,96,37.5
30028443,3,headache,5,92,143,80,20,94,36.9
30028444,3,headache,5,101,116,62,14,100,36.6
30028445,4,chest pain,2,106,137,104,19,99,38.2
30028446,3,headache,6,72,126,65,15,100,38.3
30028447,3,headache,0,117,125,91,19,99,38.7
30028448,5,shortness of breath,0,106,153,55,15,96,38.1
30028449,3,shortness of breath,3,65,113,105,16,98,37.7
30028450,2,chest pain,10,101,112,87,19,97,37.3
30028451,4,knee pain,5,66,129,102,20,96,37.2
30028452,3,back pain,7,86,74,88,20,98,36.7
30028453,2,fall,10,109,150,111,23,94,36.9
30028454,3,headache,0,102,147,97,14,100,37.4
30028455,2,fall,9,85,126,92,24,94,36.0
30028456,4,chest pain,3,116,116,92,19,92,36.4
30028457,5,shortness of breath,6,110,105,51,17,95,37.2
30028458,3,fall,5,73,117,96,23,98,37.0
30028459,3,abdominal pain,3,91,133,52,22,100,35.3
30028460,4,headache,4,84,134,86,23,100,37.3
30028461,1,abdominal pain,6,94,128,73,18,95,36.0
30028462,3,shortness of breath,0,86,105,61,17,96,37.6
30028463,5,anxiety,0,72,142,95,27,96,37.5
30028464,4,chest pain,7,80,110,90,9,94,35.9
30028465,4,anxiety,0,57,113,79,16,96,35.8
30028466,3,headache,7,93,127,83,21,100,35.9
30028467,3,fever,6,107,137,83,16,98,37.8
30028468,3,fall,0,83,144,95,23,99,38.1
30028469,4,knee pain,4,80,145,105,23,95,37.0
30028470,2,abdominal pain,7,78,87,76,20,100,38.3
30028471,3,fever,2,97,136,101,16,97,37.3
30028472,3,laceration,4,92,128,70,18,98,37.8
30028473,2,fall,9,59,125,62,22,97,37.3
30028474,3,knee pain,0,70,135,90,24,100,36.5
30028475,2,back pain,9,84,123,70,12,99,37.8
30028476,3,knee pain,1,105,121,79,16,93,38.0
30028477,3,knee pain,7,95,112,106,14,98,36.2
30028478,4,laceration,3,100,167,109,18,99,37.8
30028479,2,abdominal pain,9,78,135,94,23,94,37.5
30028480,3,anxiety,4,101,106,75,23,93,37.8
30028481,3,abdominal pain,7,92,134,69,16,98,37.2
30028482,3,knee pain,4,74,132,61,22,95,36.9
30028483,4,abdominal pain,6,84,108,95,13,94,37.7
30028484,3,fall,7,77,105,60,21,93,37.7
30028485,3,abdominal pain,6,94,108,101,18,98,37.9
30028486,4,abdominal pain,3,60,113,59,8,93,36.4
30028487,3,knee pain,3,77,126,67,11,96,36.9
30028488,3,shortness of breath,6,95,127,83,20,100,37.9
30028489,2,fever,7,91,136,117,20,93,37.3
30028490,3,shortness of breath,3,115,132,79,24,100,37.7
30028491,2,back pain,8,91,135,74,7,95,37.9
30028492,4,fever,5,103,129,84,14,100,37.3
30028493,3,headache,3,82,120,72,14,97,37.3
30028494,3,anxiety,0,89,126,69,16,98,37.2
30028495,3,abdominal pain,1,91,138,91,21,100,37.3
30028496,4,anxiety,4,74,100,108,20,98,37.1
30028497,3,knee pain,5,81,138,73,19,94,36.8
30028498,2,fall,7,82,94,83,20,95,36.5
30028499,3,fall,4,98,116,82,22,98,37.8
30028500,4,shortness of breath,3,84,142,72,20,95,37.1
30028501,2,fever,10,82,113,89,22,99,36.8
30028502,3,fever,1,110,101,89,16,99,36.8
30028503,1,headache,10,94,107,94,19,96,37.5
30028504,4,laceration,2,94,136,54,15,95,37.7
30028505,4,headache,3,88,145,73,20,96,37.6
30028506,4,anxiety,6,93,120,81,18,98,36.2
30028507,4,knee pain,3,70,105,89,21,96,38.0
30028508,3,abdominal pain,4,66,99,76,19,95,36.4
30028509,3,fall,3,92,123,113,18,96,37.0
30028510,3,fall,6,120,104,71,14,100,37.1
30028511,3,fall,2,88,93,80,15,92,36.0
30028512,3,fever,6,116,130,78,18,97,37.0
30028513,2,fever,9,63,139,92,17,100,38.5
30028514,3,fall,7,76,130,82,19,97,36.3
30028515,3,fever,4,98,125,85,23,95,38.0
30028516,3,headache,3,72,131,84,22,99,37.8
30028517,3,laceration,3,74,107,100,19,92,37.4
30028518,1,headache,10,91,143,95,12,91,37.6
30028519,3,anxiety,3,77,151,93,18,100,38.5
30028520,3,shortness of breath,0,88,88,89,16,96,37.8
30028521,5,headache,0,118,111,70,19,90,37.6
30028522,3,laceration,3,70,103,86,17,94,38.1
30028523,3,laceration,5,73,107,87,22,98,37.5
30028524,2,headache,8,75,138,64,19,98,37.6
30028525,4,laceration,5,103,143,101,14,99,37.7
30028526,3,fall,4,93,96,83,15,98,36.1
30028527,4,abdominal pain,4,91,112,107,15,100,37.9
30028528,3,anxiety,1,93,134,100,10,100,36.6
30028529,4,fever,0,82,86,96,18,98,36.7
30028530,1,fall,10,93,79,90,18,100,38.5
30028531,4,back pain,7,76,131,64,16,97,36.4
30028532,4,abdominal pain,2,77,129,108,12,100,37.2
30028533,3,headache,3,77,134,80,13,97,37.5
30028534,3,anxiety,3,87,115,72,15,98,37.4
30028535,3,chest pain,1,100,113,52,13,97,37.3
30028536,3,shortness of breath,2,95,93,77,21,98,37.0
30028537,3,shortness of breath,3,64,133,68,19,100,37.1
30028538,4,fall,2,63,152,110,18,100,37.5
30028539,2,knee pain,6,91,152,81,14,93,35.2
30028540,3,knee pain,0,74,120,89,18,94,36.6
30028541,4,anxiety,0,86,160,87,12,96,37.3
30028542,4,chest pain,4,67,129,79,13,96,35.9
30028543,3,knee pain,3,70,121,66,12,100,36.2
30028544,3,chest pain,4,77,118,66,13,95,37.1
30028545,2,abdominal pain,9,76,140,75,23,99,36.9
30028546,2,abdominal pain,8,92,130,80,19,100,37.3
30028547,3,chest pain,3,87,142,88,20,100,37.5
30028548,4,fever,1,84,130,75,17,95,36.9
30028549,3,shortness of breath,1,85,112,79,22,99,37.5
30028550,3,laceration,7,64,119,86,17,100,36.7
30028551,2,knee pain,7,82,114,76,18,96,36.3
30028552,3,fever,1,102,113,82,14,96,37.6
30028553,4,chest pain,3,81,129,72,15,98,36.8
30028554,3,fever,7,73,133,84,14,97,36.4
30028555,3,chest pain,0,127,83,52,20,95,38.0
30028556,4,fever,3,58,139,74,21,100,36.1
30028557,4,knee pain,3,59,118,88,10,98,37.4
30028558,3,shortness of breath,4,78,114,79,17,97,37.1
30028559,1,abdominal pain,6,71,128,48,18,100,36.4
30028560,3,anxiety,0,97,107,96,20,99,37.6
30028561,3,fever,1,102,148,74,15,100,36.5
30028562,3,back pain,5,91,118,56,13,95,36.5
30028563,3,knee pain,5,64,116,82,20,97,37.8
30028564,3,chest pain,2,60,119,74,21,97,37.5
30028565,2,knee pain,10,71,116,90,3,97,36.1
30028566,3,fall,0,78,132,100,20,95,36.9
30028567,3,headache,6,90,125,113,13,89,35.4
30028568,3,fall,4,48,144,70,12,96,37.0
30028569,3,fall,6,81,93,89,16,89,36.3
30028570,2,laceration,6,94,122,81,18,98,37.8
30028571,5,back pain,3,70,114,74,17,88,36.4
30028572,3,fall,4,84,136,66,20,95,37.0
30028573,2,knee pain,9,121,137,104,21,97,37.4
30028574,1,chest pain,8,98,119,79,15,100,38.7
30028575,3,headache,1,110,137,82,19,95,36.1
30028576,4,chest pain,4,88,133,92,13,98,36.9
30028577,3,headache,5,81,150,70,19,100,38.2
30028578,3,abdominal pain,1,122,126,67,17,98,36.8
30028579,2,headache,9,101,156,92,15,93,38.1
30028580,4,laceration,0,80,145,60,14,98,35.9
30028581,3,chest pain,5,87,147,93,17,95,37.4
30028582,5,laceration,5,101,116,90,21,100,35.6
30028583,3,chest pain,7,80,108,80,20,98,36.9
30028584,4,abdominal pain,2,88,106,101,17,99,37.9
30028585,4,abdominal pain,1,79,137,66,13,93,35.4
30028586,4,laceration,4,74,80,99,18,96,37.0
30028587,4,shortness of breath,2,91,135,67,15,96,35.9
30028588,3,anxiety,4,69,123,73,15,99,37.1
30028589,4,laceration,7,74,144,98,25,93,36.0
30028590,4,knee pain,3,103,135,95,20,93,37.0
30028591,2,fever,8,91,131,78,22,99,37.0
30028592,3,knee pain,4,89,110,72,24,95,36.8
30028593,3,fall,4,48,163,103,18,98,38.1
30028594,3,headache,3,108,107,72,15,96,36.7
30028595,4,anxiety,0,89,86,40,11,97,37.0
30028596,3,back pain,6,90,101,75,16,98,38.3
30028597,1,anxiety,7,81,113,84,21,100,36.6
30028598,2,back pain,9,79,99,66,15,90,37.5
30028599,3,chest pain,1,72,106,59,15,96,37.3
30028600,3,knee pain,5,82,109,91,13,97,36.3
30028601,2,shortness of breath,10,70,107,78,17,92,35.9
30028602,3,headache,4,109,105,62,16,98,36.9
30028603,2,laceration,8,87,155,73,11,95,36.8
30028604,5,chest pain,3,95,85,108,20,98,37.9
30028605,4,headache,0,92,104,80,16,100,38.0
30028606,3,laceration,0,62,118,53,21,91,35.5
30028607,2,back pain,10,92,143,81,17,99,36.5
30028608,3,headache,0,78,96,81,22,93,36.7
30028609,1,anxiety,6,75,157,69,14,90,37.1
30028610,3,laceration,1,96,139,104,13,97,37.9
30028611,2,chest pain,10,68,123,69,23,100,36.5
30028612,2,shortness of breath,10,58,150,69,19,96,37.0
30028613,3,shortness of breath,1,90,111,86,26,97,36.9
30028614,2,laceration,10,87,105,97,20,88,35.9
30028615,3,knee pain,6,84,146,120,20,96,38.2
30028616,2,shortness of breath,7,69,154,87,17,100,36.2
30028617,2,abdominal pain,7,106,122,91,14,96,35.0
30028618,1,fall,8,97,127,72,18,96,37.1
30028619,2,back pain,7,79,120,76,22,95,36.8
30028620,5,shortness of breath,6,92,115,87,26,96,37.5
30028621,3,shortness of breath,1,88,131,111,16,92,38.4
30028622,3,back pain,0,62,115,85,15,96,37.9
30028623,2,headache,8,82,115,78,15,94,36.9
30028624,4,fall,7,89,156,105,20,96,38.3
30028625,3,abdominal pain,2,88,116,67,14,100,37.6
30028626,3,headache,6,79,142,92,19,95,39.0
30028627,2,back pain,7,73,114,99,11,94,37.5
30028628,4,headache,2,74,121,32,15,98,36.2
30028629,3,laceration,4,80,135,72,15,97,36.3
30028630,3,fever,6,87,129,77,12,95,38.4
30028631,3,laceration,0,64,114,79,19,100,36.9
30028632,3,abdominal pain,3,94,153,66,17,94,35.1
30028633,2,fall,9,82,121,97,18,91,36.4
30028634,3,abdominal pain,0,107,105,103,19,91,36.9
30028635,2,knee pain,6,85,156,99,18,96,38.8
30028636,3,fever,5,113,150,67,24,100,38.5
30028637,2,laceration,8,102,144,69,23,97,36.4
30028638,3,anxiety,7,79,126,90,17,99,37.0
30028639,3,laceration,3,53,134,96,23,94,37.9
30028640,2,back pain,9,87,138,71,19,99,36.1
30028641,4,chest pain,0,85,100,94,14,100,37.3
30028642,4,abdominal pain,0,113,152,65,22,100,35.9
30028643,2,shortness of breath,10,113,122,81,24,96,37.2
30028644,4,knee pain,0,68,124,74,23,96,36.9
30028645,3,anxiety,4,86,124,68,23,94,35.8
30028646,1,laceration,7,76,147,87,15,99,36.6
30028647,3,knee pain,4,79,147,96,14,98,36.7
30028648,3,chest pain,4,115,127,86,11,96,37.3
30028649,2,knee pain,6,92,156,73,21,94,36.3
30028650,3,abdominal pain,5,88,120,90,15,96,37.8
30028651,2,back pain,8,89,86,83,13,97,37.6
30028652,2,headache,9,94,132,92,16,95,37.8
30028653,3,anxiety,0,87,144,83,22,98,37.7
30028654,3,headache,3,72,110,69,21,97,38.1
30028655,4,chest pain,7,85,136,87,14,97,38.7
30028656,3,abdominal pain,5,88,113,103,13,97,36.6
30028657,3,laceration,1,65,96,82,19,100,37.1
30028658,3,anxiety,7,110,114,52,22,100,37.5
30028659,3,abdominal pain,3,108,127,63,19,100,36.3
30028660,3,anxiety,5,89,94,79,15,88,36.7
30028661,2,fever,8,127,177,99,28,96,37.5
30028662,4,shortness of breath,6,89,152,82,12,96,36.6
30028663,4,shortness of breath,3,88,144,67,15,96,36.3
30028664,2,chest pain,6,70,119,83,18,100,37.3
30028665,5,fall,4,74,118,71,18,100,37.6
30028666,3,headache,1,80,127,96,14,94,38.3
30028667,3,laceration,3,107,100,78,19,93,36.6
30028668,2,back pain,10,94,126,54,22,100,38.1
30028669,3,shortness of breath,6,78,92,81,16,93,37.1
30028670,2,anxiety,9,90,119,70,9,98,36.7
30028671,2,back pain,8,52,115,108,22,100,37.0
30028672,3,shortness of breath,5,99,92,70,19,98,38.1
30028673,5,fall,3,61,140,65,14,97,37.3
30028674,4,back pain,3,83,87,69,21,98,35.2
30028675,3,fever,3,96,128,82,12,97,36.8
30028676,3,chest pain,5,91,111,82,5,94,36.1
30028677,3,back pain,4,82,182,102,13,100,36.3
30028678,5,abdominal pain,1,96,139,101,18,93,35.2
30028679,4,knee pain,2,80,127,87,14,100,37.3
30028680,3,shortness of breath,7,86,140,69,19,100,37.7
30028681,3,fever,4,101,122,46,16,100,36.3
30028682,3,shortness of breath,2,104,87,93,17,100,36.2
30028683,2,back pain,6,104,127,62,16,96,36.5
30028684,3,headache,7,80,124,67,17,98,37.2
30028685,3,knee pain,1,97,129,65,16,100,37.1
30028686,4,chest pain,0,56,130,90,20,96,37.2
30028687,4,chest pain,4,98,168,77,20,96,38.0
30028688,4,knee pain,3,87,135,64,17,93,37.1
30028689,3,fall,3,74,130,62,7,100,37.8
30028690,3,shortness of breath,5,87,153,83,28,97,36.2
30028691,3,back pain,5,86,142,94,16,98,36.1
30028692,3,fever,7,83,143,60,12,91,36.7
30028693,3,fall,7,85,152,74,23,96,36.1
30028694,3,back pain,7,86,106,76,17,98,36.7
30028695,3,laceration,7,83,112,62,16,99,35.1
30028696,3,knee pain,7,99,133,95,17,98,37.9
30028697,4,laceration,5,73,122,71,22,100,37.1
30028698,1,abdominal pain,6,60,145,94,22,95,35.6
30028699,3,back pain,3,107,126,68,21,96,37.0
30028700,3,laceration,6,94,87,78,20,96,37.5
30028701,3,knee pain,7,85,110,68,18,99,36.8
30028702,4,back pain,4,82,148,82,20,94,36.2
30028703,3,fall,1,70,124,92,13,94,37.7
30028704,3,shortness of breath,6,73,137,94,22,99,37.1
30028705,1,abdominal pain,9,88,98,19,21,95,37.4
30028706,3,fall,6,81,141,85,16,92,37.9
30028707,3,headache,4,81,108,97,11,100,38.4
30028708,5,headache,3,61,144,86,22,98,36.3
30028709,3,shortness of breath,1,86,114,82,17,96,36.7
30028710,4,knee pain,7,72,108,122,14,95,36.4
30028711,5,knee pain,1,90,111,66,15,96,36.5
30028712,3,fall,5,90,113,104,18,100,37.1
30028713,3,headache,0,81,111,73,15,92,36.5
30028714,2,back pain,8,51,113,97,23,95,38.3
30028715,3,fever,2,47,109,71,15,96,36.4
30028716,3,chest pain,6,98,114,70,10,97,37.3
30028717,2,knee pain,7,59,133,75,21,94,35.9
30028718,4,fever,0,88,136,88,10,100,37.2
30028719,3,headache,3,85,126,93,21,94,37.5
30028720,3,headache,1,88,93,89,16,93,37.5
30028721,3,laceration,6,91,156,75,16,94,36.0
30028722,1,headache,8,92,108,108,16,97,35.9
30028723,3,fall,5,83,141,63,13,97,36.7
30028724,4,shortness of breath,3,62,117,109,14,100,36.0
30028725,3,shortness of breath,6,95,98,75,21,98,35.9
30028726,3,anxiety,4,68,138,76,21,100,37.1
30028727,3,abdominal pain,4,84,109,99,15,97,37.0
30028728,3,shortness of breath,6,99,134,103,12,100,37.9
30028729,5,shortness of breath,1,115,101,87,18,94,37.9
30028730,4,anxiety,6,82,126,67,19,95,38.2
30028731,3,headache,5,94,125,95,18,98,37.0
30028732,4,chest pain,2,78,112,78,15,95,37.1
30028733,4,back pain,2,82,144,65,22,96,37.0
30028734,2,laceration,10,91,154,75,21,97,37.8
30028735,4,back pain,6,70,88,60,13,95,37.6
30028736,2,fall,10,88,97,49,16,93,37.5
30028737,2,headache,8,77,117,76,23,95,36.8
30028738,4,fall,4,78,92,101,18,93,36.0
30028739,3,back pain,1,83,111,87,18,94,37.3
30028740,3,headache,6,83,152,53,18,100,37.5
30028741,3,shortness of breath,6,101,123,83,21,96,37.7
30028742,2,anxiety,10,76,130,73,16,100,37.4
30028743,2,laceration,9,102,159,102,25,94,37.6
30028744,2,fever,9,113,126,64,16,97,36.8
30028745,3,shortness of breath,0,94,116,62,18,97,36.6
30028746,2,chest pain,9,120,142,81,21,94,36.2
30028747,3,anxiety,1,99,127,69,13,97,36.4
30028748,2,fall,6,70,98,73,17,100,36.1
30028749,2,laceration,7,100,119,61,20,95,37.0
30028750,3,anxiety,0,94,123,68,13,98,37.7
30028751,4,headache,1,89,98,99,17,100,36.0
30028752,4,back pain,6,106,126,71,23,94,37.4
30028753,2,laceration,7,97,128,91,19,97,37.6
30028754,4,fall,3,83,153,86,18,97,36.7
30028755,3,shortness of breath,6,93,131,72,24,100,37.5
30028756,3,fever,5,73,125,72,27,93,38.0
30028757,3,laceration,6,89,103,75,16,100,35.3
30028758,3,fall,2,89,145,103,21,100,37.1
30028759,4,abdominal pain,3,90,117,83,24,95,35.7
30028760,4,knee pain,0,115,91,68,19,95,36.8
30028761,2,headache,8,81,152,92,23,96,37.9
30028762,2,fever,9,77,113,73,22,100,36.7
30028763,4,headache,1,61,153,56,16,100,38.8
30028764,3,anxiety,1,61,144,88,14,97,36.6
30028765,3,fever,5,87,95,107,20,93,36.8
30028766,3,fall,0,89,118,91,16,100,37.1
30028767,3,fall,3,116,147,77,14,96,38.5
30028768,3,shortness of breath,4,72,101,79,14,96,37.9
30028769,5,anxiety,4,81,142,78,22,97,36.6
30028770,3,anxiety,1,78,117,105,20,97,39.0
30028771,3,back pain,2,95,103,69,14,94,37.2
30028772,3,fever,4,82,87,92,21,99,37.0
30028773,4,chest pain,3,79,176,117,16,96,35.1
30028774,2,fever,10,70,136,52,23,100,35.5
30028775,2,shortness of breath,10,95,122,94,20,97,36.5
30028776,3,chest pain,4,89,124,63,18,92,37.4
30028777,2,back pain,9,85,146,78,20,100,36.9
30028778,5,laceration,6,110,112,94,9,94,36.7
30028779,3,anxiety,6,82,155,95,21,96,37.6
30028780,3,anxiety,2,62,136,80,14,100,36.1
30028781,3,anxiety,2,76,122,74,16,91,38.7
30028782,3,shortness of breath,1,83,126,70,14,93,36.9
30028783,4,fever,6,88,110,64,20,93,36.9
30028784,4,shortness of breath,7,108,137,62,23,99,37.3
30028785,3,headache,2,87,128,90,17,100,37.6
30028786,3,laceration,4,79,109,59,14,96,35.2
30028787,3,anxiety,3,78,165,65,12,92,39.3
30028788,5,fever,1,70,139,106,21,100,36.7
30028789,3,fall,4,75,112,90,18,100,36.6
30028790,3,back pain,5,64,134,72,22,97,37.6
30028791,3,abdominal pain,1,75,116,83,16,95,36.5
30028792,3,abdominal pain,0,105,132,66,20,95,37.1
30028793,1,back pain,8,75,118,76,22,97,36.7
30028794,3,laceration,7,102,109,67,19,98,37.6
30028795,2,anxiety,7,66,107,95,16,97,36.1
30028796,4,headache,6,113,122,65,11,100,38.7
30028797,3,chest pain,7,98,124,71,13,93,36.3
30028798,3,anxiety,2,69,113,76,13,95,36.2
30028799,4,anxiety,5,84,141,79,25,99,36.0
30028800,3,laceration,6,89,102,81,18,100,37.4
30028801,3,anxiety,3,90,86,102,21,95,35.7
30028802,3,headache,6,94,105,69,25,94,37.1
30028803,5,back pain,1,84,147,70,20,97,36.5
30028804,2,shortness of breath,8,75,111,91,17,99,36.0
30028805,1,laceration,8,100,129,81,18,93,37.0
30028806,5,abdominal pain,4,80,136,79,23,98,37.5
30028807,1,chest pain,6,105,114,70,19,100,36.0
30028808,3,headache,2,109,132,77,23,98,37.0
30028809,2,abdominal pain,9,81,112,71,20,91,39.7
30028810,3,fall,4,87,119,71,12,96,36.8
30028811,3,shortness of breath,1,98,110,118,17,94,36.6
30028812,2,shortness of breath,9,101,147,94,17,97,37.1
30028813,2,abdominal pain,6,79,118,80,10,93,36.2
30028814,5,shortness of breath,3,72,143,94,17,93,37.8
30028815,2,fever,10,72,166,77,16,95,37.6
30028816,3,laceration,7,72,133,88,22,95,37.7
30028817,4,fever,1,97,119,110,20,95,35.7
30028818,4,headache,4,101,166,103,19,96,36.4
30028819,4,fever,6,99,86,84,15,93,38.1
30028820,2,shortness of breath,6,87,112,95,19,97,37.0
30028821,2,laceration,8,88,151,79,12,95,36.7
30028822,4,back pain,5,60,134,72,21,96,35.5
30028823,3,headache,1,101,109,89,23,97,37.0
30028824,2,headache,10,76,124,104,18,97,35.4
30028825,2,shortness of breath,8,99,155,89,14,94,36.4
30028826,3,back pain,5,70,68,76,21,98,36.3
30028827,3,shortness of breath,5,84,118,68,21,97,36.3
30028828,2,fall,10,98,110,78,24,99,36.9
30028829,3,headache,0,94,127,79,20,100,37.5
30028830,3,chest pain,4,95,84,79,16,95,38.3
30028831,3,laceration,3,100,117,84,14,96,36.8
30028832,3,shortness of breath,5,83,118,87,24,95,36.6
30028833,3,abdominal pain,7,88,151,80,14,97,36.4
30028834,3,laceration,3,100,125,60,24,100,37.3
30028835,3,chest pain,1,88,139,79,15,99,37.2
30028836,3,abdominal pain,1,70,142,70,17,96,37.2
30028837,3,laceration,6,90,131,86,20,100,37.3
30028838,4,fever,2,97,181,69,21,95,36.9
30028839,3,fever,0,87,122,86,18,98,36.3
30028840,3,chest pain,7,87,141,72,16,93,36.9
30028841,2,laceration,9,88,109,112,21,100,34.9
30028842,4,headache,5,91,107,67,18,98,37.2
30028843,2,fever,10,87,108,78,17,98,36.1
30028844,3,knee pain,5,79,169,53,21,96,36.4
30028845,3,chest pain,0,76,79,74,16,99,36.0
30028846,3,anxiety,5,82,116,68,13,99,38.9
30028847,1,laceration,9,75,107,82,15,98,36.8
30028848,1,shortness of breath,9,84,143,63,24,97,37.2
30028849,2,fever,7,75,103,84,17,97,37.3
30028850,3,fever,1,79,113,60,20,93,36.9
30028851,4,laceration,4,92,150,75,20,97,36.8
30028852,3,laceration,2,70,140,106,23,100,35.6
30028853,4,headache,1,87,159,75,14,100,37.5
30028854,3,fall,0,83,147,67,20,99,37.2
30028855,5,chest pain,6,70,108,65,12,100,37.3
30028856,3,laceration,6,101,113,94,18,100,35.9
30028857,3,abdominal pain,7,71,140,78,19,97,37.3
30028858,4,headache,0,49,118,89,19,98,38.2
30028859,2,anxiety,6,62,95,75,8,97,36.6
30028860,3,chest pain,4,56,80,68,13,100,38.0
30028861,2,chest pain,8,84,92,56,15,100,37.8
30028862,3,back pain,7,67,113,78,17,98,38.5
30028863,3,laceration,7,68,130,79,19,98,35.0
30028864,3,chest pain,5,122,103,83,19,97,37.4
30028865,5,abdominal pain,3,84,150,81,15,98,36.8
30028866,3,laceration,7,63,88,52,15,97,35.7
30028867,3,knee pain,5,89,116,88,19,94,35.9
30028868,3,chest pain,0,69,137,79,19,100,35.8
30028869,4,shortness of breath,1,87,129,89,16,97,37.9
30028870,3,laceration,0,96,116,53,11,100,36.8
30028871,3,headache,4,83,116,87,21,97,35.0
30028872,3,fever,4,91,128,82,22,100,36.4
30028873,1,shortness of breath,6,105,146,109,18,94,37.1
30028874,3,back pain,3,82,133,92,24,91,37.0
30028875,3,anxiety,4,96,116,86,17,95,36.8
30028876,2,abdominal pain,8,80,100,79,16,94,35.4
30028877,3,anxiety,4,99,141,64,13,94,37.6
30028878,4,abdominal pain,4,95,106,64,15,93,37.5
30028879,3,knee pain,7,71,144,101,16,95,37.9
30028880,4,fever,5,92,94,82,15,100,37.1
30028881,3,anxiety,0,74,149,92,18,98,38.4
30028882,2,fever,8,99,143,71,19,94,36.7
30028883,4,headache,4,82,106,102,18,94,37.4
30028884,3,laceration,7,91,115,115,19,97,38.7
30028885,3,laceration,7,80,122,88,19,99,38.2
30028886,3,fall,5,92,149,78,16,98,36.0
30028887,2,knee pain,9,80,97,89,21,92,37.8
30028888,2,knee pain,8,106,121,80,16,93,37.4
30028889,3,laceration,6,89,115,83,22,99,38.0
30028890,3,knee pain,2,79,117,76,17,100,36.3
30028891,3,laceration,2,97,141,91,19,98,37.0
30028892,3,abdominal pain,2,90,126,81,21,100,37.8
30028893,5,laceration,0,81,143,91,19,94,38.3
30028894,3,abdominal pain,7,106,124,89,15,98,36.7
30028895,3,fever,4,56,110,79,21,97,36.9
30028896,3,back pain,2,89,134,64,19,99,36.7
30028897,3,anxiety,2,68,124,103,16,94,37.1
30028898,4,fever,7,91,96,93,20,100,37.1
30028899,2,anxiety,10,76,92,77,18,95,36.8
30028900,3,shortness of breath,7,86,138,88,14,95,37.6
30028901,2,fever,7,100,126,59,18,97,36.4
30028902,2,fever,6,97,135,80,17,100,36.2
30028903,4,laceration,0,98,157,95,16,100,37.6
30028904,3,abdominal pain,2,99,105,104,14,96,36.3
30028905,3,headache,5,82,139,89,22,100,37.0
30028906,4,headache,5,85,152,56,23,97,37.9
30028907,4,back pain,3,89,147,86,24,99,37.6
30028908,5,back pain,2,89,139,58,16,99,36.5
30028909,4,back pain,1,65,119,78,18,100,37.8
30028910,5,anxiety,3,78,114,107,25,99,35.8
30028911,3,fall,7,80,107,82,13,97,36.5
30028912,3,chest pain,6,78,109,92,19,99,37.4
30028913,2,laceration,6,84,128,61,26,94,38.5
30028914,4,anxiety,1,73,150,74,22,94,36.8
30028915,3,back pain,4,93,171,51,11,99,36.1
30028916,3,shortness of breath,3,75,99,75,24,93,36.9
30028917,4,laceration,0,117,107,74,19,95,37.3
30028918,3,back pain,6,76,151,88,19,93,35.4
30028919,1,fall,8,86,122,55,25,96,37.3
30028920,3,chest pain,0,88,140,83,23,95,37.1
30028921,3,headache,6,106,104,79,20,100,36.5
30028922,3,fall,5,99,147,98,21,98,36.4
30028923,3,fall,1,70,89,73,20,98,38.6
30028924,4,chest pain,7,106,73,77,17,98,37.5
30028925,3,chest pain,7,95,112,111,16,98,35.8
30028926,3,chest pain,2,52,113,82,24,98,36.7
30028927,3,chest pain,3,101,161,68,15,99,36.4
30028928,4,headache,2,75,86,84,14,95,36.9
30028929,3,anxiety,1,84,123,96,15,95,36.8
30028930,4,anxiety,2,84,127,124,15,92,36.0
30028931,2,shortness of breath,9,93,151,84,14,96,38.7
30028932,4,abdominal pain,2,94,137,73,10,100,37.9
30028933,3,knee pain,4,77,131,57,23,98,37.4
30028934,3,headache,6,90,132,97,21,95,36.6
30028935,5,back pain,3,88,113,103,15,95,37.2
30028936,4,chest pain,2,92,131,66,17,97,37.3
30028937,5,anxiety,6,97,122,80,16,95,36.9
30028938,2,fall,10,97,119,83,28,98,36.5
30028939,2,laceration,9,83,118,79,14,95,38.2
30028940,3,fever,3,96,102,106,23,96,37.1
30028941,3,back pain,2,91,113,61,31,96,37.4
30028942,2,back pain,7,87,130,39,21,99,36.8
30028943,4,shortness of breath,5,81,112,89,18,100,35.5
30028944,4,shortness of breath,6,115,116,108,11,97,36.9
30028945,3,laceration,4,69,146,85,18,100,37.5
30028946,2,knee pain,7,65,100,78,16,97,38.0
30028947,3,headache,2,86,124,81,23,94,36.8
30028948,2,anxiety,7,89,147,81,18,97,35.6
30028949,2,fever,7,96,139,83,19,99,37.5
30028950,3,abdominal pain,7,94,143,72,18,98,37.1
30028951,3,knee pain,1,69,125,109,14,99,36.2
30028952,3,knee pain,5,68,107,75,17,100,38.4
30028953,3,fall,2,89,157,59,15,94,36.8
30028954,3,headache,4,63,111,85,12,94,36.3
30028955,3,headache,1,85,130,65,18,97,36.9
30028956,4,abdominal pain,5,69,105,90,19,100,36.0
30028957,2,anxiety,7,109,125,94,24,100,37.2
30028958,3,shortness of breath,5,113,114,92,19,96,37.6
30028959,4,shortness of breath,6,88,115,102,16,100,37.8
30028960,1,headache,7,84,171,67,17,96,38.4
30028961,2,laceration,9,96,111,79,18,92,36.6
30028962,3,headache,5,77,121,60,14,100,37.1
30028963,2,abdominal pain,6,93,132,67,14,97,35.6
30028964,3,knee pain,6,79,145,99,17,100,36.6
30028965,2,fever,10,79,110,70,18,96,38.2
30028966,4,laceration,3,78,134,65,24,94,36.6
30028967,3,anxiety,4,90,159,75,23,94,36.7
30028968,3,abdominal pain,4,102,123,88,20,99,37.6
30028969,2,abdominal pain,6,82,89,77,19,97,37.2
30028970,3,chest pain,7,42,111,71,17,97,37.3
30028971,3,abdominal pain,6,82,128,114,13,94,36.5
30028972,2,abdominal pain,7,90,143,64,23,97,36.7
30028973,2,laceration,7,78,135,66,13,100,38.1
30028974,2,headache,9,89,101,70,15,91,37.8
30028975,4,headache,2,90,84,59,19,99,34.8
30028976,3,fall,1,60,96,119,12,89,36.7
30028977,2,shortness of breath,9,86,114,80,18,92,37.8
30028978,4,anxiety,4,73,119,64,18,98,37.7
30028979,2,back pain,10,87,126,72,17,92,37.7
30028980,2,anxiety,6,70,92,70,19,91,37.0
30028981,3,chest pain,1,96,147,96,17,100,37.2
30028982,4,knee pain,6,100,152,80,17,97,38.2
30028983,3,back pain,4,90,121,77,16,94,37.6
30028984,1,shortness of breath,8,102,89,102,17,97,36.0
30028985,4,laceration,6,83,134,115,18,98,36.0
30028986,3,knee pain,2,93,121,109,15,98,37.3
30028987,2,abdominal pain,8,73,130,95,15,96,36.8
30028988,1,shortness of breath,8,83,132,75,26,95,36.9
30028989,4,headache,2,120,129,118,19,95,36.6
30028990,3,fever,4,63,152,52,8,100,36.2
30028991,3,laceration,5,95,126,84,17,97,38.1
30028992,3,knee pain,6,97,99,68,19,99,36.4
30028993,3,abdominal pain,2,92,122,80,26,98,37.0
30028994,2,fever,8,62,134,66,12,99,37.2
30028995,3,chest pain,7,97,139,82,20,93,36.4
30028996,2,shortness of breath,7,86,130,88,15,97,37.7
30028997,3,abdominal pain,4,93,139,80,16,100,36.8
30028998,1,headache,10,96,117,63,16,100,38.2
30028999,3,headache,1,65,108,76,15,94,37.4
30029000,4,shortness of breath,5,83,117,96,21,99,37.4
30029001,3,abdominal pain,4,82,127,96,20,97,35.4
30029002,2,abdominal pain,6,96,125,59,17,94,37.4
30029003,1,shortness of breath,6,109,123,49,14,100,37.4
30029004,3,anxiety,7,83,118,104,18,91,36.9
30029005,3,shortness of breath,0,86,133,99,19,93,37.3
30029006,3,chest pain,2,87,166,81,19,95,37.4
30029007,2,shortness of breath,9,73,164,88,21,97,36.7
30029008,3,fever,7,58,103,95,16,98,36.6
30029009,3,headache,3,89,124,69,21,94,36.1
30029010,3,fall,7,102,88,109,19,93,36.7
30029011,4,fall,5,96,121,102,14,97,38.1
30029012,5,laceration,3,76,178,81,16,98,38.3
30029013,3,headache,6,83,110,71,16,93,36.1
30029014,3,chest pain,0,60,103,85,17,96,36.0
30029015,3,shortness of breath,5,74,116,93,16,95,36.8
30029016,3,headache,0,61,142,87,23,96,35.9
30029017,4,anxiety,0,73,117,77,18,100,36.5
30029018,3,anxiety,1,83,134,78,19,98,37.2
30029019,2,laceration,8,103,149,84,17,99,38.2
30029020,4,laceration,2,84,129,80,18,97,35.5
30029021,3,fall,2,101,125,68,18,93,37.2
30029022,4,fever,7,103,114,77,16,100,36.5
30029023,3,shortness of breath,1,80,128,68,15,96,37.0
30029024,2,laceration,8,83,119,114,16,95,35.3
30029025,4,shortness of breath,1,83,140,84,17,96,36.6
30029026,4,fever,1,79,111,86,24,100,37.5
30029027,3,chest pain,2,96,141,103,16,99,39.2
30029028,2,chest pain,10,69,156,62,12,100,36.9
30029029,3,fall,7,85,123,73,18,98,37.7
30029030,4,shortness of breath,3,73,128,74,20,100,37.3
30029031,1,anxiety,10,108,133,108,11,95,36.6
30029032,3,fall,0,95,98,70,11,100,37.2
30029033,4,back pain,3,98,142,85,11,95,38.9
30029034,4,anxiety,3,82,117,102,24,95,36.2
30029035,3,shortness of breath,5,81,123,68,22,99,37.7
30029036,4,back pain,2,70,128,83,16,99,37.8
30029037,2,fever,7,81,118,92,20,93,36.4
30029038,3,abdominal pain,2,79,84,56,22,100,36.0
30029039,5,back pain,1,82,119,66,20,97,37.2
30029040,4,headache,6,102,126,80,13,97,36.2
30029041,4,knee pain,5,72,124,57,21,98,36.6
30029042,5,chest pain,2,85,115,95,16,93,36.3
30029043,3,chest pain,4,77,132,87,19,97,36.2
30029044,3,back pain,5,93,131,112,16,93,35.9
30029045,3,fever,7,93,106,77,16,95,36.5
30029046,3,knee pain,0,95,126,72,12,96,36.8
30029047,3,back pain,2,104,151,92,22,100,36.2
30029048,3,back pain,4,72,140,84,24,95,36.2
30029049,1,fall,8,71,118,78,20,98,38.4
30029050,3,fall,1,102,129,107,10,97,37.2
30029051,2,knee pain,9,71,121,96,16,100,36.6
30029052,5,chest pain,0,74,117,82,24,95,36.3
30029053,5,chest pain,2,75,139,73,19,98,37.0
30029054,3,fever,6,81,100,77,16,100,36.0
30029055,3,back pain,5,78,127,63,15,99,38.1
30029056,3,chest pain,5,112,111,80,19,94,36.6
30029057,3,chest pain,5,95,114,80,25,100,36.7
30029058,3,laceration,5,92,125,68,12,92,37.1
30029059,1,abdominal pain,10,68,108,55,19,96,36.1
30029060,3,knee pain,5,79,165,70,12,94,36.9
30029061,2,fever,7,81,125,93,22,96,37.8
30029062,3,fever,3,89,135,85,24,96,37.2
30029063,3,fall,6,92,157,51,11,99,37.1
30029064,4,chest pain,5,109,120,91,23,99,37.3
30029065,4,knee pain,7,96,128,69,14,92,35.8
30029066,4,shortness of breath,6,67,153,86,18,92,36.7
30029067,3,shortness of breath,0,99,124,77,21,94,37.8
30029068,3,shortness of breath,5,98,133,100,22,94,36.2
30029069,4,shortness of breath,3,84,127,70,16,99,36.0
30029070,3,headache,1,64,107,92,26,99,35.9
30029071,3,back pain,6,98,123,95,24,97,36.9
30029072,4,back pain,3,87,137,86,15,94,35.2
30029073,3,laceration,1,79,109,77,22,98,37.0
30029074,3,back pain,1,101,126,90,19,97,36.8
30029075,3,abdominal pain,2,94,166,65,15,99,37.8
30029076,4,anxiety,4,76,128,89,24,97,35.5
30029077,3,headache,5,98,94,78,12,100,37.2
30029078,2,anxiety,10,71,124,82,21,98,37.2
30029079,3,anxiety,4,102,136,88,15,93,38.0
30029080,1,fever,10,100,107,97,27,99,36.6
30029081,3,fall,4,109,135,77,12,92,38.0
30029082,3,shortness of breath,5,79,133,96,20,100,36.9
30029083,3,headache,5,80,140,105,15,99,36.8
30029084,3,laceration,5,94,144,91,23,84,37.2
30029085,3,anxiety,3,106,100,87,19,100,36.9
30029086,2,shortness of breath,10,94,142,93,15,100,36.2
30029087,3,anxiety,7,117,144,86,18,90,37.2
30029088,5,laceration,4,73,128,89,15,97,36.1
30029089,3,anxiety,1,123,127,69,19,98,37.3
30029090,3,fever,5,100,111,71,16,96,38.0
30029091,3,fever,1,87,132,105,15,97,36.1
30029092,1,abdominal pain,10,84,133,78,19,93,36.3
30029093,2,fall,8,89,109,58,17,98,35.6
30029094,2,fall,7,62,81,80,20,96,36.9
30029095,3,abdominal pain,4,86,144,69,14,100,36.2
30029096,3,shortness of breath,7,70,142,106,15,96,37.6
30029097,2,headache,10,76,106,79,18,98,36.9
30029098,2,abdominal pain,8,81,115,84,16,100,37.2
30029099,2,knee pain,9,94,116,80,14,97,36.8
30029100,4,back pain,2,100,139,43,12,99,37.2
30029101,4,knee pain,0,102,129,106,15,99,36.8
30029102,5,fever,5,73,133,67,18,95,36.8
30029103,3,chest pain,5,67,125,106,20,100,37.3
30029104,2,fall,9,110,126,76,17,99,35.7
30029105,3,anxiety,4,85,164,81,9,92,36.6
30029106,3,fever,1,65,140,75,19,92,35.3
30029107,2,abdominal pain,8,73,144,62,21,93,36.8
30029108,3,abdominal pain,0,89,126,98,19,100,36.5
30029109,5,anxiety,2,70,112,65,15,98,37.5
30029110,3,headache,2,89,122,71,12,100,37.9
30029111,3,fever,5,104,129,72,17,96,36.3
30029112,3,knee pain,3,84,130,110,17,96,35.6
30029113,3,back pain,7,82,93,45,20,99,36.5
30029114,2,knee pain,7,122,166,63,15,99,35.7
30029115,3,anxiety,2,96,130,78,18,98,37.0
30029116,3,laceration,4,90,144,70,13,97,38.2
30029117,2,laceration,7,93,139,74,18,100,37.3
30029118,3,anxiety,6,112,154,58,23,98,37.1
30029119,3,fall,4,96,111,73,14,98,37.1
30029120,3,laceration,3,57,113,89,15,100,38.2
30029121,4,knee pain,6,98,143,97,16,100,37.4
30029122,3,headache,7,69,136,80,20,100,36.0
30029123,2,fever,6,77,147,72,23,95,36.0
30029124,3,headache,2,85,82,87,15,99,36.6
30029125,3,laceration,3,88,118,69,23,94,37.3
30029126,1,anxiety,8,86,143,75,19,95,38.1
30029127,3,headache,7,66,126,58,17,93,37.0
30029128,4,shortness of breath,2,90,94,83,21,100,37.8
30029129,4,shortness of breath,4,84,134,94,17,100,37.5
30029130,3,anxiety,5,74,123,70,17,94,37.0
30029131,4,chest pain,0,101,103,60,13,100,36.7
30029132,3,fall,0,84,135,96,19,100,36.9
30029133,1,back pain,8,82,148,83,12,91,37.2
30029134,4,chest pain,1,80,92,80,16,100,38.3
30029135,3,fall,2,59,136,61,17,96,37.4
30029136,3,anxiety,0,89,127,81,13,100,36.3
30029137,3,laceration,2,93,154,66,23,100,38.1
30029138,4,back pain,2,87,99,75,12,95,37.2
30029139,3,chest pain,5,93,136,75,18,98,37.0
30029140,4,shortness of breath,1,67,177,91,11,100,35.9
30029141,4,headache,4,93,117,66,9,94,36.4
30029142,3,chest pain,1,78,105,113,19,96,36.8
30029143,2,abdominal pain,7,82,137,91,16,99,36.6
30029144,4,abdominal pain,0,92,120,85,17,96,36.6
30029145,3,shortness of breath,5,96,147,80,17,96,36.8
30029146,3,shortness of breath,0,100,89,77,17,98,37.3
30029147,3,fall,4,74,116,99,17,100,35.5
30029148,3,fall,7,52,91,87,19,100,37.8
30029149,5,headache,4,70,119,74,22,100,36.8
30029150,3,fall,6,87,142,72,18,98,36.5
30029151,3,headache,6,95,161,85,23,99,36.4
30029152,3,anxiety,1,100,88,85,17,98,37.7
30029153,4,back pain,0,69,126,58,22,95,35.9
30029154,3,shortness of breath,5,77,142,107,17,95,37.3
30029155,2,fall,10,114,135,65,23,99,34.9
30029156,3,abdominal pain,1,89,121,57,12,96,37.9
30029157,4,anxiety,7,107,124,73,22,93,37.6
30029158,3,fever,2,100,141,64,19,97,36.9
30029159,1,headache,10,74,120,111,19,94,35.6
30029160,4,fever,2,91,113,72,14,96,36.9
30029161,3,anxiety,2,71,124,65,15,95,36.9
30029162,4,abdominal pain,4,92,124,75,18,95,38.5
30029163,1,laceration,9,74,147,53,17,95,37.0
30029164,1,back pain,8,100,138,80,18,95,37.7
30029165,2,shortness of breath,9,91,130,73,16,99,37.2
30029166,4,laceration,2,98,110,70,23,93,36.6
30029167,3,fever,7,74,113,97,16,97,36.5
30029168,3,back pain,1,71,139,58,18,100,36.6
30029169,3,fall,3,81,155,93,26,96,38.0
30029170,4,knee pain,1,110,101,105,19,95,36.9
30029171,3,shortness of breath,7,101,119,76,14,97,37.2
30029172,2,anxiety,6,96,91,93,21,96,37.9
30029173,4,chest pain,1,83,110,88,19,100,35.9
30029174,3,knee pain,0,77,158,95,21,100,37.4
30029175,4,laceration,4,65,124,92,17,94,36.1
30029176,3,shortness of breath,5,98,188,89,20,96,37.8
30029177,3,knee pain,0,93,163,101,22,98,37.0
30029178,1,fever,10,70,142,85,11,91,37.2
30029179,3,laceration,6,90,145,70,18,99,36.5
30029180,2,fever,7,100,140,89,18,95,38.3
30029181,4,laceration,4,80,133,74,17,98,37.1
30029182,3,headache,2,75,141,81,14,97,37.1
30029183,3,back pain,7,84,127,92,19,95,36.5
30029184,4,back pain,0,79,112,72,14,100,37.4
30029185,4,knee pain,4,86,141,110,13,96,36.3
30029186,2,headache,10,88,130,53,18,97,38.2
30029187,4,fall,5,95,98,90,22,96,36.5
30029188,3,knee pain,5,90,129,90,22,100,37.1
30029189,3,abdominal pain,5,89,136,88,12,95,37.9
30029190,5,chest pain,2,81,123,59,9,93,35.8
30029191,3,back pain,6,78,98,65,17,98,36.9
30029192,3,knee pain,6,80,115,56,11,99,36.4
30029193,3,shortness of breath,0,107,125,67,16,92,36.4
30029194,3,fall,2,82,115,79,21,95,36.6
30029195,4,headache,0,71,109,60,17,93,34.6
30029196,3,laceration,2,83,103,76,20,97,38.5
30029197,3,knee pain,2,92,129,74,15,95,36.9
30029198,3,back pain,1,78,130,86,16,93,38.2
30029199,3,headache,2,75,139,64,21,100,37.2
30029200,2,fever,6,110,113,61,14,99,37.8
30029201,3,knee pain,3,104,140,98,19,95,36.5
30029202,4,back pain,1,78,114,71,19,99,35.9
30029203,3,fever,3,101,108,58,16,100,35.9
30029204,4,fever,4,127,94,80,11,97,35.7
30029205,1,chest pain,10,106,148,95,18,100,37.8
30029206,3,knee pain,0,61,109,68,12,96,37.7
30029207,4,shortness of breath,0,63,92,49,21,100,36.1
30029208,3,fever,5,72,125,88,21,97,37.1
30029209,1,back pain,7,75,130,60,13,96,37.0
30029210,5,fever,5,77,146,116,15,93,36.6
30029211,3,fever,2,79,99,97,18,100,37.3
30029212,4,fall,4,73,124,58,17,97,38.8
30029213,1,headache,6,67,143,62,10,96,37.3
30029214,3,anxiety,1,86,129,95,18,98,37.7
30029215,4,fever,2,71,97,61,17,100,36.9
30029216,3,headache,3,91,117,50,13,99,38.3
30029217,4,chest pain,3,96,127,87,18,100,38.3
30029218,3,chest pain,2,87,124,83,16,97,36.4
30029219,2,laceration,10,78,131,67,17,99,38.3
30029220,2,laceration,10,75,106,58,22,100,35.4
30029221,3,headache,0,92,136,67,23,94,36.6
30029222,1,headache,9,93,164,91,17,98,37.7
30029223,4,laceration,0,97,132,61,18,99,37.1
30029224,4,fall,4,82,102,68,14,100,38.1
30029225,4,abdominal pain,2,110,126,36,20,100,36.9
30029226,3,knee pain,1,66,113,74,21,93,35.7
30029227,3,headache,6,62,143,81,19,100,35.3
30029228,3,shortness of breath,4,91,123,113,20,98,37.7
30029229,3,headache,1,79,105,68,14,99,36.9
30029230,4,anxiety,5,101,112,68,16,100,36.0
30029231,2,abdominal pain,8,100,97,91,22,100,36.9
30029232,4,shortness of breath,1,84,114,75,25,100,37.3
30029233,3,chest pain,4,78,139,110,18,98,36.2
30029234,3,headache,0,84,128,65,19,100,36.6
30029235,2,knee pain,7,75,117,74,17,96,36.7
30029236,2,fever,8,119,132,85,10,99,37.8
30029237,2,fall,10,79,91,80,23,99,36.8
30029238,2,shortness of breath,9,109,100,73,20,100,36.8
30029239,3,fever,6,72,110,77,17,95,37.8
30029240,5,headache,0,77,117,79,15,100,37.1
30029241,4,shortness of breath,7,85,95,115,18,100,35.7
30029242,3,chest pain,0,106,134,73,15,96,36.5
30029243,3,laceration,5,86,121,88,16,98,36.1
30029244,4,knee pain,4,57,102,87,14,96,36.6
30029245,5,knee pain,1,80,125,79,16,97,37.1
30029246,3,anxiety,5,75,128,55,19,99,35.2
30029247,4,fall,4,60,118,78,14,94,36.6
30029248,3,back pain,0,73,110,81,13,98,35.3
30029249,2,back pain,7,85,103,92,16,96,36.6
30029250,3,shortness of breath,7,100,135,88,15,99,35.7
30029251,3,fever,2,81,133,51,24,93,36.8
30029252,5,abdominal pain,0,74,82,53,17,96,37.5
30029253,4,shortness of breath,2,76,111,88,15,96,37.7
30029254,3,laceration,7,71,106,59,28,90,36.7
30029255,2,anxiety,10,89,102,75,14,98,37.7
30029256,3,back pain,4,88,97,93,15,98,36.2
30029257,3,shortness of breath,2,105,106,55,9,95,37.3
30029258,5,shortness of breath,1,67,131,88,12,94,35.8
30029259,4,abdominal pain,1,86,128,53,18,92,36.4
30029260,3,headache,5,72,100,80,21,96,37.4
30029261,3,fever,5,97,95,77,13,100,36.1
30029262,4,laceration,0,95,143,63,19,98,36.4
30029263,4,fever,6,61,114,103,23,94,36.6
30029264,3,fall,6,114,143,58,19,100,37.6
30029265,5,shortness of breath,6,80,99,49,16,95,36.0
30029266,3,headache,0,86,94,72,16,93,36.7
30029267,4,laceration,0,95,135,81,13,100,36.7
30029268,3,fever,7,94,143,88,18,100,37.1
30029269,2,laceration,6,81,145,89,14,94,37.9
30029270,3,chest pain,6,119,105,75,20,98,38.1
30029271,3,abdominal pain,2,88,156,92,7,93,36.1
30029272,1,laceration,10,83,85,86,15,93,35.5
30029273,4,abdominal pain,6,108,148,59,15,92,38.4
30029274,3,fall,6,52,110,77,15,95,37.2
30029275,5,fall,2,66,112,96,21,100,35.6
30029276,5,fever,7,63,152,70,21,99,37.0
30029277,3,back pain,7,94,103,86,23,95,38.1
30029278,2,knee pain,6,93,155,91,10,95,37.9
30029279,3,abdominal pain,2,60,142,68,19,97,36.9
30029280,1,abdominal pain,7,80,118,72,18,96,37.1
30029281,2,chest pain,6,109,127,86,20,93,37.6
30029282,3,laceration,2,97,174,72,16,97,37.9
30029283,3,laceration,7,99,136,70,11,95,36.4
30029284,3,back pain,1,75,101,122,18,94,36.9
30029285,3,anxiety,1,93,126,46,18,96,37.1
30029286,3,headache,2,62,151,93,15,100,37.2
30029287,3,chest pain,0,70,106,47,18,96,37.8
30029288,1,laceration,10,68,115,87,17,99,36.0
30029289,3,knee pain,5,74,134,85,15,97,36.0
30029290,3,fall,2,114,128,86,18,94,37.3
30029291,3,anxiety,6,60,108,76,14,100,37.2
30029292,3,fever,6,54,145,106,14,93,36.1
30029293,3,fall,2,88,138,82,18,98,36.4
30029294,3,back pain,6,60,160,89,16,92,36.7
30029295,3,shortness of breath,0,88,118,97,16,95,35.9
30029296,3,abdominal pain,2,94,122,67,16,100,38.5
30029297,3,back pain,1,78,97,79,14,93,37.8
30029298,3,fall,7,109,130,64,26,89,36.7
30029299,3,abdominal pain,5,96,95,87,11,100,36.4
30029300,3,headache,2,70,122,98,15,96,37.7
30029301,1,laceration,7,88,128,95,19,94,37.3
30029302,3,abdominal pain,5,79,124,91,19,96,37.5
30029303,3,fever,2,82,131,80,16,96,37.3
30029304,3,laceration,3,68,113,64,16,100,36.6
30029305,3,chest pain,1,96,116,96,28,99,37.1
30029306,3,laceration,1,107,127,70,18,94,36.0
30029307,3,fall,2,83,171,110,25,100,36.3
30029308,4,back pain,4,80,144,80,20,95,37.2
30029309,1,chest pain,8,91,123,55,26,99,36.9
30029310,3,abdominal pain,6,83,148,74,22,97,36.2
30029311,3,fever,7,83,126,74,15,96,37.6
30029312,2,anxiety,6,94,104,80,11,93,38.3
30029313,4,fever,4,103,123,79,15,97,35.9
30029314,4,abdominal pain,3,77,105,89,16,96,36.5
30029315,3,laceration,2,87,105,75,18,95,37.6
30029316,3,chest pain,1,96,167,101,18,93,37.4
30029317,4,chest pain,7,86,92,81,22,95,37.3
30029318,3,anxiety,5,79,109,79,24,99,38.2
30029319,4,anxiety,7,73,99,79,24,96,36.3
30029320,3,headache,0,58,100,59,20,98,36.1
30029321,3,chest pain,5,95,125,92,22,100,36.4
30029322,3,fall,5,83,141,92,11,96,37.3
30029323,3,back pain,3,85,147,80,15,97,38.2
30029324,4,shortness of breath,4,85,114,88,21,99,37.8
30029325,4,anxiety,3,93,119,61,24,96,37.9
30029326,3,laceration,5,67,110,100,16,93,37.6
30029327,3,knee pain,7,91,130,78,14,100,35.8
30029328,4,back pain,4,103,118,84,19,100,38.1
30029329,5,fever,1,119,149,89,12,100,36.4
30029330,2,shortness of breath,10,68,139,65,7,95,36.5
30029331,3,fall,4,96,142,89,18,100,36.8
30029332,2,chest pain,8,87,125,55,22,95,36.8
30029333,3,abdominal pain,0,85,132,100,14,100,36.6
30029334,2,knee pain,6,102,160,96,13,96,37.8
30029335,3,headache,4,79,134,80,24,100,36.1
30029336,3,shortness of breath,1,87,67,94,23,96,37.4
30029337,3,headache,2,52,114,90,12,96,38.0
30029338,3,laceration,1,70,138,74,20,96,38.3
30029339,3,fever,7,102,98,86,15,96,37.2
30029340,4,shortness of breath,3,58,128,101,19,97,37.6
30029341,3,knee pain,5,65,160,80,12,98,37.4
30029342,3,back pain,1,96,144,99,9,97,37.2
30029343,3,abdominal pain,0,75,117,72,22,100,35.2
30029344,2,fever,6,86,94,101,14,96,37.2
30029345,3,fever,4,97,122,80,16,96,36.5
30029346,5,fall,5,67,111,48,13,97,37.6
30029347,2,shortness of breath,6,74,143,83,14,98,36.5
30029348,3,abdominal pain,3,64,104,96,18,92,37.0
30029349,4,back pain,6,68,135,76,14,96,37.0
30029350,2,shortness of breath,10,87,148,70,20,97,37.5
30029351,3,abdominal pain,1,88,128,82,20,96,38.5
30029352,3,anxiety,0,75,124,73,22,99,37.1
30029353,4,fall,2,104,120,107,18,99,38.3
30029354,3,chest pain,3,57,74,71,20,96,37.4
30029355,4,back pain,3,75,136,83,19,95,36.1
30029356,3,headache,5,81,145,67,16,98,36.4
30029357,3,shortness of breath,7,64,126,57,21,94,36.3
30029358,3,knee pain,6,73,136,73,22,91,36.7
30029359,3,laceration,2,96,156,86,17,99,35.9
30029360,5,laceration,5,98,103,74,25,92,37.2
30029361,3,chest pain,6,102,107,80,16,96,37.6
30029362,3,shortness of breath,6,74,118,78,20,99,37.0
30029363,3,shortness of breath,1,104,110,64,21,100,36.2
30029364,1,headache,9,95,92,80,23,91,38.0
30029365,5,anxiety,0,95,124,104,15,94,37.4
30029366,3,anxiety,0,114,122,74,13,97,37.3
30029367,4,abdominal pain,5,91,116,62,21,97,37.1
30029368,3,back pain,5,120,135,78,24,94,37.0
30029369,3,headache,6,75,107,90,13,95,37.5
30029370,5,fall,7,91,116,48,17,94,36.3
30029371,5,abdominal pain,3,87,148,91,14,94,36.9
30029372,3,headache,6,86,148,84,19,98,36.8
30029373,2,fall,10,102,132,82,25,94,37.1
30029374,3,fall,6,66,109,70,24,93,37.3
30029375,4,shortness of breath,7,84,87,68,23,100,35.9
30029376,3,fever,0,73,124,78,20,95,37.5
30029377,3,chest pain,3,65,97,100,19,100,35.4
30029378,4,anxiety,0,65,115,65,19,93,36.8
30029379,3,anxiety,2,73,173,79,15,98,37.3
30029380,3,knee pain,3,82,115,79,19,99,36.6
30029381,3,abdominal pain,4,64,128,94,9,98,38.0
30029382,2,back pain,6,92,107,84,22,95,36.6
30029383,3,headache,5,97,122,65,18,93,38.1
30029384,4,abdominal pain,4,92,146,86,16,99,36.5
30029385,2,chest pain,9,95,146,59,19,93,36.1
30029386,3,shortness of breath,2,97,107,82,12,97,37.5
30029387,3,headache,0,86,84,79,18,95,36.6
30029388,3,laceration,5,99,111,68,16,97,36.7
30029389,5,chest pain,7,104,167,103,16,96,36.2
30029390,4,laceration,4,76,120,91,15,97,36.5
30029391,3,back pain,3,107,146,93,19,97,36.5
30029392,1,back pain,9,83,113,91,21,100,36.8
30029393,3,abdominal pain,0,88,143,106,19,95,36.6
30029394,1,chest pain,7,83,136,77,32,97,37.4
30029395,3,headache,6,77,164,83,20,99,36.8
30029396,3,shortness of breath,2,70,114,68,21,95,38.7
30029397,2,chest pain,7,101,175,99,14,97,37.3
30029398,3,abdominal pain,2,79,140,84,22,95,36.4
30029399,4,chest pain,0,71,150,74,18,97,36.4
30029400,1,knee pain,6,118,137,90,20,95,37.9
30029401,2,shortness of breath,9,90,129,107,19,100,36.2
30029402,3,shortness of breath,4,80,105,106,15,99,36.4
30029403,3,abdominal pain,6,100,124,78,13,94,36.5
30029404,2,abdominal pain,6,79,139,88,16,96,36.3
30029405,3,chest pain,5,64,139,34,15,100,37.7
30029406,3,chest pain,2,84,98,74,22,97,36.3
30029407,4,laceration,6,77,124,74,16,95,38.0
30029408,5,anxiety,5,80,134,72,17,94,38.9
30029409,2,back pain,9,97,132,95,18,100,38.9
30029410,3,laceration,5,84,139,72,14,97,37.2
30029411,3,headache,5,97,123,100,22,98,37.7
30029412,3,abdominal pain,5,85,140,88,10,96,37.0
30029413,4,shortness of breath,4,92,135,85,21,100,38.1
30029414,4,fever,7,61,139,118,13,100,36.4
30029415,3,back pain,2,84,101,54,17,96,37.0
30029416,2,chest pain,10,80,150,64,17,94,37.0
30029417,2,knee pain,9,82,110,107,10,93,38.0
30029418,4,laceration,6,102,94,81,13,96,36.9
30029419,1,back pain,10,77,145,92,25,100,36.6
30029420,3,chest pain,7,82,125,119,22,94,37.8
30029421,4,chest pain,3,68,143,89,16,93,37.9
30029422,4,shortness of breath,7,98,150,83,17,98,38.2
30029423,3,chest pain,3,125,118,103,16,100,36.6
30029424,2,chest pain,8,71,93,55,28,100,36.9
30029425,2,anxiety,8,87,107,86,16,98,36.8
30029426,4,laceration,5,98,114,84,21,93,36.3
30029427,3,abdominal pain,1,53,138,93,19,99,36.6
30029428,5,fever,4,90,177,79,21,99,36.9
30029429,3,knee pain,4,84,145,63,19,95,37.2
30029430,4,knee pain,3,69,155,80,17,93,38.3
30029431,3,knee pain,0,72,128,83,15,95,35.6
30029432,3,back pain,3,97,117,83,19,94,38.2
30029433,3,chest pain,2,79,133,84,12,98,36.8
30029434,4,back pain,2,86,132,94,21,94,36.7
30029435,4,knee pain,1,93,119,91,20,93,36.2
30029436,2,knee pain,6,89,146,75,22,95,37.0
30029437,4,headache,1,87,130,115,20,93,37.7
30029438,3,abdominal pain,3,74,110,71,13,90,36.6
30029439,4,chest pain,7,124,144,96,18,95,37.1
30029440,4,abdominal pain,6,77,115,58,25,95,36.2
30029441,3,laceration,1,100,156,76,14,100,37.5
30029442,3,shortness of breath,7,76,119,78,20,98,37.5
30029443,2,back pain,10,86,130,62,12,98,36.1
30029444,2,abdominal pain,8,92,117,61,19,92,37.7
30029445,3,abdominal pain,3,79,144,77,21,96,38.0
30029446,2,fall,7,99,131,82,23,91,37.6
30029447,4,abdominal pain,3,81,107,60,28,98,37.4
30029448,5,headache,4,108,158,86,18,92,38.5
30029449,3,laceration,2,102,96,63,18,99,37.0
30029450,3,abdominal pain,1,68,126,103,14,96,35.2
30029451,3,anxiety,1,89,136,63,25,95,38.0
30029452,2,knee pain,6,51,127,82,24,97,37.4
30029453,2,chest pain,7,84,106,54,27,100,37.4
30029454,3,fall,2,102,128,87,19,100,36.8
30029455,3,abdominal pain,7,91,142,85,16,100,36.1
30029456,3,fever,0,101,130,89,19,97,36.7
30029457,1,chest pain,8,106,105,62,18,96,37.2
30029458,2,knee pain,6,77,75,105,16,99,36.4
30029459,4,fever,5,96,105,71,16,100,37.6
30029460,4,fall,3,66,132,83,16,98,37.1
30029461,5,fall,7,77,122,73,21,92,37.6
30029462,3,abdominal pain,5,89,136,93,13,100,35.9
30029463,3,fever,2,72,141,76,12,97,38.1
30029464,3,abdominal pain,2,76,135,92,15,95,36.7
30029465,3,knee pain,0,88,136,65,19,94,35.8
30029466,3,fever,2,71,159,69,13,100,35.6
30029467,4,fever,1,82,144,82,15,96,35.8
30029468,3,fall,6,90,119,100,16,100,35.6
30029469,5,fall,7,65,119,95,16,99,37.9
30029470,3,fever,2,104,77,50,17,94,37.8
30029471,4,laceration,5,100,135,97,21,97,34.8
30029472,2,anxiety,6,83,134,65,19,96,37.3
30029473,3,abdominal pain,5,73,96,66,17,98,35.9
30029474,4,fever,3,64,133,78,14,99,37.7
30029475,3,back pain,5,61,139,60,16,96,37.2
30029476,4,shortness of breath,4,83,157,58,17,95,37.9
30029477,1,fall,8,79,117,52,13,89,35.9
30029478,3,chest pain,1,62,107,95,16,95,37.4
30029479,4,chest pain,7,77,121,80,20,99,37.2
30029480,3,fall,2,101,120,101,20,95,37.3
30029481,2,shortness of breath,7,69,93,62,14,100,37.3
30029482,4,anxiety,0,126,125,55,22,98,37.4
30029483,2,knee pain,8,82,123,106,21,96,38.3
30029484,4,abdominal pain,2,103,92,82,22,96,37.7
30029485,1,fall,8,94,101,83,20,96,36.7
30029486,2,chest pain,9,57,108,115,24,98,36.9
30029487,4,fever,5,64,127,85,18,94,36.7
30029488,5,headache,0,104,109,94,21,97,37.1
30029489,3,chest pain,4,77,103,79,16,100,38.4
30029490,3,headache,2,90,129,82,13,97,39.2
30029491,2,abdominal pain,7,91,95,87,18,100,37.7
30029492,3,anxiety,4,61,136,56,21,100,36.6
30029493,3,laceration,5,84,122,93,15,93,37.2
30029494,3,fall,6,89,108,61,21,97,36.4
30029495,3,laceration,6,54,118,94,24,97,36.9
30029496,3,anxiety,1,66,163,60,13,98,37.3
30029497,2,abdominal pain,10,90,172,63,21,94,37.6
30029498,2,anxiety,7,65,134,75,7,100,36.6
30029499,1,chest pain,8,94,83,76,21,99,37.5
30029500,3,chest pain,0,81,138,74,17,95,37.0
30029501,3,shortness of breath,0,78,82,70,23,94,36.4
30029502,3,abdominal pain,6,105,126,75,20,98,38.5
30029503,1,headache,9,103,128,73,14,100,37.8
30029504,3,fall,6,70,135,96,28,97,36.9
30029505,2,laceration,8,116,124,78,23,96,37.3
30029506,3,abdominal pain,2,75,155,93,18,92,38.8
30029507,2,knee pain,9,55,110,74,16,97,36.6
30029508,3,chest pain,5,119,143,101,20,96,36.9
30029509,3,headache,0,106,129,77,22,97,37.7
30029510,4,abdominal pain,0,107,131,85,25,96,36.9
30029511,3,knee pain,2,61,107,72,18,95,35.4
30029512,2,fall,7,79,111,67,21,97,37.2
30029513,5,abdominal pain,0,77,143,65,27,95,38.8
30029514,4,abdominal pain,3,114,125,73,20,92,37.2
30029515,3,abdominal pain,2,98,189,78,23,98,35.5
30029516,4,headache,4,118,135,76,20,96,36.5
30029517,3,abdominal pain,6,86,122,67,11,99,37.1
30029518,3,back pain,0,74,102,62,21,100,38.2
30029519,4,shortness of breath,5,89,164,96,11,95,37.0
30029520,3,shortness of breath,6,81,117,69,15,98,36.4
30029521,3,headache,5,78,70,86,25,98,37.5
30029522,3,knee pain,4,94,80,72,23,100,37.3
30029523,2,knee pain,9,81,102,58,19,93,38.8
30029524,4,fever,0,65,159,84,12,98,36.4
30029525,3,headache,5,105,113,69,18,96,37.2
30029526,3,headache,1,108,118,80,12,98,36.3
30029527,4,headache,5,74,91,89,22,94,35.1
30029528,1,back pain,10,93,101,67,20,95,37.3
30029529,3,anxiety,2,80,164,74,15,98,38.0
30029530,2,chest pain,9,114,115,83,23,94,36.8
30029531,3,headache,1,96,90,77,23,98,36.6
30029532,3,knee pain,0,89,113,69,15,98,38.0
30029533,4,chest pain,3,73,134,90,20,97,36.1
30029534,3,knee pain,6,84,123,88,13,98,36.2
30029535,4,chest pain,1,76,147,79,19,99,37.4
30029536,4,laceration,3,67,114,100,17,99,36.7
30029537,3,shortness of breath,5,68,156,86,16,96,37.9
30029538,3,abdominal pain,2,93,133,110,8,100,37.3
30029539,3,fall,1,51,118,89,21,97,37.3
30029540,4,fever,2,89,93,94,20,96,38.7
30029541,3,shortness of breath,2,78,135,58,17,95,36.5
30029542,2,shortness of breath,9,103,93,62,22,96,36.0
30029543,5,fall,1,62,118,83,13,97,36.1
30029544,3,fever,3,64,100,86,19,95,35.8
30029545,4,fever,6,100,119,96,19,91,37.1
30029546,5,headache,4,63,123,96,27,96,37.2
30029547,3,knee pain,3,98,146,70,13,96,36.5
30029548,3,knee pain,4,92,126,78,15,94,37.3
30029549,3,knee pain,0,70,120,71,20,98,36.7
30029550,4,laceration,1,86,134,80,16,94,38.1
30029551,3,shortness of breath,0,88,135,66,24,95,36.8
30029552,1,abdominal pain,10,85,129,76,14,100,37.0
30029553,5,knee pain,7,96,124,67,20,94,36.7
30029554,3,chest pain,3,89,126,55,19,100,37.8
30029555,3,back pain,5,99,121,63,19,100,36.9
30029556,4,abdominal pain,7,82,134,79,16,92,36.6
30029557,4,laceration,0,59,121,76,19,94,36.4
30029558,3,abdominal pain,3,112,136,91,11,93,37.2
30029559,3,knee pain,1,96,140,113,21,97,35.3
30029560,2,knee pain,8,89,119,87,20,100,36.0
30029561,3,laceration,3,67,133,41,23,98,37.1
30029562,3,fever,4,98,155,99,16,99,36.4
30029563,3,chest pain,5,72,127,86,19,96,37.5
30029564,2,headache,7,81,158,73,17,98,37.8
30029565,3,anxiety,0,88,133,86,25,96,36.7
30029566,3,abdominal pain,1,88,110,88,16,96,36.9
30029567,4,shortness of breath,2,56,134,66,17,99,36.4
30029568,2,headache,7,96,118,91,16,91,37.6
30029569,1,knee pain,7,88,94,70,22,99,36.0
30029570,3,anxiety,1,86,124,75,18,97,37.6
30029571,2,laceration,10,67,164,64,13,92,36.9
30029572,3,fall,4,92,164,75,17,98,38.1
30029573,3,knee pain,6,92,147,102,20,98,37.4
30029574,3,abdominal pain,2,86,109,87,14,95,36.7
30029575,4,headache,4,107,117,99,28,97,37.5
30029576,2,shortness of breath,6,104,117,103,18,100,37.0
30029577,5,headache,3,92,148,92,9,98,37.7
30029578,1,laceration,7,122,149,78,14,97,38.3
30029579,3,fall,4,74,116,100,18,93,36.9
30029580,3,anxiety,0,60,117,71,14,95,37.3
30029581,5,headache,6,63,142,67,15,98,37.0
30029582,3,abdominal pain,6,95,121,65,15,96,37.4
30029583,3,fall,1,98,117,94,21,98,35.3
30029584,2,headache,9,89,136,62,22,100,35.0
30029585,3,fall,6,74,141,80,23,99,37.8
30029586,3,knee pain,2,102,102,82,13,97,35.7
30029587,3,fever,4,101,135,72,19,100,36.1
30029588,4,back pain,3,97,141,77,19,94,37.1
30029589,3,laceration,1,84,94,97,23,90,38.5
30029590,3,fever,4,79,153,84,14,96,35.4
30029591,5,abdominal pain,6,95,163,82,21,96,37.2
30029592,3,headache,1,101,130,67,24,93,36.7
30029593,3,chest pain,5,80,79,96,20,93,35.8
30029594,3,shortness of breath,0,101,101,71,24,94,38.3
30029595,3,chest pain,2,80,102,88,17,99,37.1
30029596,3,shortness of breath,7,52,120,93,22,100,38.2
30029597,3,shortness of breath,7,85,121,90,12,98,37.8
30029598,3,shortness of breath,7,81,158,88,13,98,35.8
30029599,3,abdominal pain,4,78,121,79,22,100,36.6
30029600,3,laceration,7,108,138,97,22,99,36.7
30029601,3,knee pain,3,107,158,90,19,92,37.8
30029602,3,knee pain,5,95,105,78,13,97,38.2
30029603,2,fall,9,97,152,84,18,95,36.8
30029604,2,knee pain,9,99,118,87,23,98,36.1
30029605,3,headache,4,95,130,78,19,98,38.3
30029606,3,back pain,1,74,135,81,17,96,37.3
30029607,3,laceration,2,90,109,116,26,96,36.5
30029608,3,shortness of breath,3,85,144,65,14,98,35.8
30029609,1,headache,10,96,147,74,20,95,37.1
30029610,3,abdominal pain,0,74,99,75,21,92,36.8
30029611,3,knee pain,2,86,133,104,6,94,35.1
30029612,3,abdominal pain,0,77,142,54,16,97,38.0
30029613,4,fall,5,75,126,86,17,97,38.2
30029614,3,back pain,5,60,124,54,20,100,37.1
30029615,3,fall,5,96,132,109,16,99,36.4
30029616,3,back pain,3,95,84,100,17,94,35.8
30029617,3,abdominal pain,6,81,132,79,17,98,37.3
30029618,3,headache,3,77,133,69,18,94,37.0
30029619,4,chest pain,5,83,122,88,14,100,38.2
30029620,3,shortness of breath,5,99,148,81,23,98,35.8
30029621,4,fall,5,83,129,81,13,95,35.1
30029622,2,fever,6,58,117,98,24,100,37.2
30029623,3,fever,5,90,136,90,19,95,37.2
30029624,2,knee pain,10,83,133,57,17,96,36.8
30029625,5,laceration,5,72,136,90,19,100,37.9
30029626,2,back pain,8,75,111,100,21,96,35.5
30029627,3,fever,4,88,90,78,15,97,37.3
30029628,3,chest pain,2,72,160,84,16,97,37.7
30029629,3,laceration,6,100,105,58,21,96,36.6
30029630,2,fever,9,95,136,64,15,98,37.4
30029631,3,fall,7,87,161,81,20,96,37.2
30029632,3,headache,6,127,156,73,18,97,36.2
30029633,3,abdominal pain,4,90,150,62,17,95,37.5
30029634,3,chest pain,5,67,114,102,19,98,37.5
30029635,3,shortness of breath,7,91,88,62,20,100,38.3
30029636,3,laceration,7,51,121,76,18,94,37.0
30029637,4,fever,6,97,143,72,20,97,36.2
30029638,3,laceration,0,108,126,99,20,100,37.6
30029639,4,headache,3,106,133,69,21,100,37.6
30029640,5,fever,0,92,112,66,16,97,37.3
30029641,3,fall,7,62,171,74,23,100,36.7
30029642,3,shortness of breath,0,82,145,66,14,97,37.4
30029643,3,shortness of breath,2,84,114,73,20,100,38.4
30029644,1,back pain,8,55,144,53,18,90,37.5
30029645,4,chest pain,1,102,155,66,13,100,35.6
30029646,2,headache,6,117,86,81,24,95,36.8
30029647,3,fall,5,57,99,97,13,96,36.7
30029648,3,fever,4,83,89,41,17,92,39.2
30029649,3,abdominal pain,3,80,126,77,13,94,38.2
30029650,2,abdominal pain,9,85,128,93,19,96,38.4
30029651,3,chest pain,3,66,135,62,13,95,37.2
30029652,1,anxiety,7,78,113,81,8,91,36.1
30029653,3,chest pain,4,71,133,51,14,96,36.2
30029654,3,anxiety,7,68,110,75,14,100,35.4
30029655,2,chest pain,7,67,137,56,17,92,35.8
30029656,2,laceration,6,95,126,66,27,96,36.2
30029657,3,knee pain,5,79,112,64,22,100,37.3
30029658,3,fever,7,87,96,115,14,100,38.7
30029659,3,anxiety,0,45,129,78,16,100,37.5
30029660,3,fever,5,98,127,80,20,98,37.0
30029661,3,back pain,7,72,137,59,21,100,35.6
30029662,2,anxiety,8,112,144,93,25,93,37.4
30029663,3,back pain,3,73,106,66,13,98,37.4
30029664,3,abdominal pain,5,76,134,66,15,96,36.4
30029665,3,shortness of breath,7,63,98,81,20,95,36.3
30029666,3,back pain,1,75,112,91,13,100,37.3
30029667,2,fever,9,95,122,99,17,96,36.2
30029668,4,chest pain,7,82,114,95,19,98,36.1
30029669,4,shortness of breath,5,93,110,94,12,93,37.9
30029670,2,abdominal pain,9,85,123,42,21,95,36.8
30029671,3,knee pain,2,87,136,84,20,98,35.9
30029672,3,abdominal pain,7,96,118,49,19,94,38.9
30029673,3,anxiety,4,91,134,64,18,97,38.0
30029674,3,fever,2,96,122,63,9,96,37.3
30029675,3,headache,7,120,160,65,16,98,36.5
30029676,2,knee pain,8,98,147,74,29,100,37.6
30029677,3,fever,3,76,142,67,14,94,35.1
30029678,2,anxiety,9,79,117,48,17,94,36.8
30029679,4,laceration,7,69,144,80,15,100,37.0
30029680,3,fall,3,116,124,81,20,97,37.8
30029681,4,headache,5,90,128,99,13,99,37.7
30029682,3,headache,5,56,123,98,11,100,38.8
30029683,1,abdominal pain,8,107,127,75,13,95,35.8
30029684,3,knee pain,6,75,123,65,23,93,35.9
30029685,3,headache,6,105,109,83,19,100,37.0
30029686,4,knee pain,6,56,128,88,17,100,37.8
30029687,2,fall,6,94,106,82,24,97,37.5
30029688,3,back pain,4,78,133,86,12,100,37.5
30029689,2,abdominal pain,7,56,98,95,19,99,37.4
30029690,3,headache,1,83,126,66,17,100,38.0
30029691,4,abdominal pain,7,85,133,93,17,100,36.5
30029692,3,abdominal pain,1,118,109,85,16,98,36.9
30029693,2,fever,8,93,127,73,18,98,37.0
30029694,3,back pain,7,74,132,67,19,91,36.6
30029695,4,shortness of breath,3,87,116,73,15,93,37.7
30029696,2,shortness of breath,9,62,154,66,15,95,36.1
30029697,2,knee pain,10,92,127,59,17,98,37.0
30029698,3,knee pain,3,66,98,89,21,98,35.9
30029699,3,shortness of breath,4,90,100,59,20,97,37.3
30029700,3,laceration,6,70,134,87,20,97,36.7
30029701,4,fall,4,81,133,67,24,100,36.7
30029702,2,chest pain,9,70,122,97,15,97,36.9
30029703,4,fever,4,79,152,68,23,100,35.9
30029704,3,headache,0,81,167,82,20,94,38.0
30029705,4,chest pain,7,67,142,57,13,97,36.8
30029706,3,anxiety,4,83,134,84,21,97,37.9
30029707,3,back pain,0,78,171,93,12,96,37.7
30029708,5,anxiety,6,79,143,75,16,98,36.7
30029709,3,fall,4,76,113,79,13,100,36.6
30029710,3,back pain,4,100,130,73,14,100,36.3
30029711,4,anxiety,5,67,118,50,16,99,36.2
30029712,3,laceration,3,67,148,105,17,96,39.2
30029713,3,headache,5,105,115,64,21,94,36.9
30029714,3,back pain,5,62,115,55,24,95,37.6
30029715,3,chest pain,5,90,132,91,27,95,36.1
30029716,4,anxiety,0,97,153,100,23,100,36.9
30029717,3,knee pain,0,51,112,79,11,95,35.5
30029718,4,abdominal pain,0,75,110,89,19,98,36.7
30029719,2,knee pain,7,64,116,94,12,95,37.8
30029720,3,abdominal pain,3,89,137,53,19,99,37.4
30029721,3,fall,0,54,129,67,11,99,35.5
30029722,4,shortness of breath,1,98,126,59,19,98,35.5
30029723,3,fall,7,74,103,115,13,97,37.8
30029724,3,knee pain,7,90,128,85,18,100,35.7
30029725,3,back pain,6,86,122,74,22,99,37.1
30029726,3,anxiety,3,78,130,75,14,99,36.3
30029727,2,shortness of breath,8,81,123,60,18,98,37.4
30029728,3,abdominal pain,5,71,142,50,16,89,37.1
30029729,4,headache,0,84,154,53,15,98,36.8
30029730,3,fever,2,95,148,71,11,97,37.1
30029731,2,chest pain,6,99,141,93,17,95,36.9
30029732,3,headache,6,76,91,110,18,100,37.8
30029733,4,chest pain,2,65,117,88,13,94,37.8
30029734,2,knee pain,8,75,123,76,23,98,36.4
30029735,2,shortness of breath,8,90,136,87,17,93,37.4
30029736,4,abdominal pain,0,83,117,77,18,97,35.2
30029737,2,knee pain,10,97,140,101,24,98,35.8
30029738,4,fever,0,61,167,89,18,96,36.0
30029739,3,anxiety,6,76,104,101,20,97,38.0
30029740,3,anxiety,1,92,128,97,16,98,38.3
30029741,3,fall,4,95,102,49,22,95,36.5
30029742,3,headache,2,70,146,95,14,98,37.3
30029743,4,fall,6,81,149,92,17,95,36.1
30029744,2,fever,8,107,129,85,16,93,36.7
30029745,3,abdominal pain,0,80,113,65,18,99,37.6
30029746,4,headache,5,72,94,55,19,99,37.9
30029747,2,back pain,8,82,132,107,18,96,36.6
30029748,5,abdominal pain,4,102,122,74,24,93,36.5
30029749,2,headache,6,60,148,72,19,92,37.3
30029750,3,headache,7,107,116,95,19,98,36.6
30029751,3,back pain,3,97,187,119,17,99,36.6
30029752,2,shortness of breath,9,103,140,57,16,100,37.2
30029753,3,knee pain,2,62,146,88,20,96,37.2
30029754,2,fall,6,54,151,99,18,92,38.0
30029755,3,headache,2,76,122,107,24,94,36.2
30029756,3,headache,4,78,107,73,23,99,38.1
30029757,3,fever,0,85,122,67,17,97,36.3
30029758,3,fever,4,79,132,70,18,99,37.2
30029759,4,knee pain,7,77,112,84,16,98,37.8
30029760,4,chest pain,6,96,144,75,25,93,36.0
30029761,5,chest pain,2,102,128,90,13,94,36.6
30029762,4,fall,2,86,126,59,17,94,36.9
30029763,3,shortness of breath,1,99,117,75,18,98,36.7
30029764,4,abdominal pain,0,69,99,87,17,91,37.0
30029765,3,shortness of breath,4,97,126,97,17,99,36.0
30029766,2,shortness of breath,9,66,119,74,21,96,37.1
30029767,3,chest pain,4,84,102,90,17,88,37.4
30029768,4,fall,1,92,171,60,22,100,36.4
30029769,3,abdominal pain,0,91,122,44,25,97,36.4
30029770,4,fever,5,67,131,70,16,97,37.6
30029771,2,laceration,10,83,92,85,19,100,37.8
30029772,3,back pain,1,67,128,72,18,96,36.6
30029773,4,abdominal pain,6,101,120,89,23,96,38.4
30029774,4,knee pain,5,88,118,75,17,97,36.9
30029775,4,laceration,2,92,130,58,13,99,37.6
30029776,3,knee pain,7,88,159,72,17,97,37.2
30029777,4,fever,0,95,124,43,14,98,37.2
30029778,3,shortness of breath,2,73,136,85,19,99,37.3
30029779,3,fall,4,74,117,72,14,98,37.6
30029780,3,knee pain,0,79,161,65,16,96,37.3
30029781,3,fever,5,90,113,108,20,99,36.9
30029782,3,knee pain,6,60,165,77,17,95,35.8
30029783,3,abdominal pain,4,82,152,70,20,92,35.9
30029784,3,fall,4,71,150,92,10,98,36.9
30029785,4,headache,6,77,105,39,11,95,35.9
30029786,3,fall,6,68,132,78,20,93,36.1
30029787,1,headache,9,47,126,95,17,93,37.5
30029788,3,anxiety,1,75,141,79,19,93,37.3
30029789,3,anxiety,1,94,135,64,19,98,36.9
30029790,3,chest pain,2,90,162,75,11,99,36.8
30029791,3,laceration,3,89,144,63,19,99,36.2
30029792,4,back pain,6,66,118,87,20,97,37.0
30029793,3,fever,6,82,105,77,21,100,37.8
30029794,2,abdominal pain,6,86,113,76,14,97,37.3
30029795,4,laceration,5,76,149,74,9,96,38.3
30029796,4,back pain,1,89,112,77,19,98,38.0
30029797,3,headache,2,91,112,73,19,95,36.1
30029798,3,chest pain,7,82,142,82,12,97,37.3
30029799,2,fall,9,106,154,80,22,95,38.2
30029800,2,back pain,6,95,129,82,21,93,36.6
30029801,3,anxiety,4,76,112,102,17,100,37.0
30029802,3,knee pain,3,106,122,77,13,96,37.1
30029803,3,anxiety,4,107,120,69,24,97,36.6
30029804,3,fever,4,87,127,98,13,100,37.7
30029805,4,anxiety,0,78,149,74,26,98,37.3
30029806,3,knee pain,3,66,117,85,16,98,37.1
30029807,3,knee pain,0,69,147,75,16,100,37.3
30029808,4,back pain,0,80,144,64,17,100,37.8
30029809,4,headache,4,78,75,89,18,100,35.1
30029810,3,laceration,3,78,119,61,21,93,38.0
30029811,3,back pain,3,103,133,93,16,98,36.2
30029812,3,knee pain,6,86,129,84,21,94,35.7
30029813,2,laceration,6,102,138,85,16,100,35.9
30029814,3,headache,0,76,150,84,16,91,36.8
30029815,3,abdominal pain,0,87,134,93,19,100,36.2
30029816,3,chest pain,6,80,102,86,13,100,38.3
30029817,1,chest pain,8,89,125,59,20,96,35.7
30029818,3,laceration,2,83,114,78,19,99,37.9
30029819,2,headache,9,70,131,88,23,100,38.9
30029820,2,knee pain,6,95,119,88,20,96,35.1
30029821,3,fall,4,91,127,67,12,97,35.9
30029822,4,headache,6,81,74,90,12,95,37.8
30029823,3,fever,3,73,126,74,26,95,37.2
30029824,3,chest pain,3,77,140,62,12,95,37.4
30029825,2,abdominal pain,7,80,123,76,16,93,37.7
30029826,2,chest pain,6,90,91,71,19,98,36.6
30029827,3,headache,1,105,136,56,12,100,36.9
30029828,3,chest pain,7,123,116,77,19,92,36.2
30029829,2,fall,9,70,91,91,18,93,38.1
30029830,2,shortness of breath,8,85,139,129,13,98,35.4
30029831,3,laceration,2,105,102,69,18,99,34.9
30029832,3,shortness of breath,7,88,137,89,18,97,38.0
30029833,1,laceration,8,45,118,105,17,96,35.8
30029834,4,laceration,7,69,147,54,20,97,37.6
30029835,3,abdominal pain,7,105,118,93,17,99,37.0
30029836,3,abdominal pain,7,57,135,76,16,97,36.3
30029837,3,abdominal pain,4,98,134,82,17,96,38.0
30029838,1,fall,7,90,128,67,24,100,36.4
30029839,4,abdominal pain,2,75,123,71,14,95,39.0
30029840,3,laceration,2,101,147,75,23,97,37.6
30029841,3,shortness of breath,2,70,145,75,19,97,38.6
30029842,3,chest pain,0,111,133,85,20,97,37.2
30029843,2,laceration,6,78,142,58,13,97,35.5
30029844,2,back pain,10,76,140,85,16,99,37.2
30029845,4,knee pain,0,73,94,58,17,97,36.2
30029846,3,chest pain,6,105,169,85,17,91,36.2
30029847,3,shortness of breath,3,93,127,87,22,100,37.2
30029848,3,back pain,0,69,120,71,19,100,37.5
30029849,2,knee pain,8,48,114,94,18,90,36.3
30029850,4,shortness of breath,1,72,89,90,18,100,37.2
30029851,3,laceration,0,82,93,90,23,94,37.3
30029852,2,back pain,8,60,140,77,14,95,36.6
30029853,3,chest pain,0,76,90,113,17,97,36.8
30029854,2,shortness of breath,7,83,134,84,25,96,36.5
30029855,4,fever,7,69,106,55,16,92,36.7
30029856,4,shortness of breath,1,80,121,76,14,100,37.1
30029857,1,back pain,7,105,120,79,20,97,37.3
30029858,1,back pain,9,67,122,88,15,94,36.9
30029859,5,shortness of breath,6,55,100,56,19,96,35.0
30029860,3,chest pain,7,82,147,96,22,94,36.6
30029861,3,laceration,0,114,110,111,17,96,36.8
30029862,3,fall,3,81,121,70,15,98,35.4
30029863,3,shortness of breath,2,96,138,84,21,93,35.6
30029864,3,fall,3,108,133,77,21,96,36.3
30029865,3,headache,3,79,120,74,18,98,35.9
30029866,2,laceration,9,85,134,83,23,98,37.6
30029867,4,shortness of breath,2,95,138,77,17,97,37.4
30029868,3,knee pain,4,101,131,105,15,98,37.9
30029869,4,laceration,1,66,121,70,17,100,37.6
30029870,4,back pain,0,93,95,76,17,95,37.9
30029871,3,anxiety,6,84,119,96,13,93,36.8
30029872,3,chest pain,7,72,109,85,20,100,38.7
30029873,4,fall,7,90,98,81,17,97,36.6
30029874,3,knee pain,0,95,106,78,20,98,37.5
30029875,3,anxiety,3,80,90,84,17,100,36.4
30029876,4,knee pain,7,61,147,59,17,98,37.4
30029877,4,headache,7,53,133,86,18,96,38.8
30029878,3,headache,2,95,121,77,22,100,38.2
30029879,3,anxiety,3,70,114,81,15,95,37.6
30029880,3,fall,5,90,136,71,13,98,37.0
30029881,2,back pain,10,74,119,55,22,93,37.0
30029882,3,headache,7,73,139,69,12,100,37.5
30029883,2,fall,9,87,129,96,18,100,37.9
30029884,5,chest pain,4,103,148,87,18,93,37.2
30029885,4,fever,6,62,120,63,17,98,36.9
30029886,3,chest pain,0,97,132,73,16,99,36.0
30029887,2,knee pain,6,90,110,85,17,95,37.9
30029888,2,chest pain,10,89,145,70,15,95,37.5
30029889,3,fever,0,93,175,96,25,96,37.0
30029890,4,anxiety,5,61,113,59,13,94,36.8
30029891,3,headache,0,81,118,66,23,93,36.5
30029892,3,shortness of breath,7,82,164,79,21,97,37.9
30029893,2,headache,10,105,80,85,25,90,37.6
30029894,2,headache,10,99,145,74,17,97,36.5
30029895,3,fall,2,72,127,95,22,97,36.6
30029896,3,abdominal pain,5,99,99,79,26,98,39.3
30029897,3,laceration,2,99,123,112,23,95,36.7
30029898,3,fever,7,92,139,71,11,92,37.0
30029899,3,anxiety,5,91,105,75,18,91,36.2
30029900,3,fever,5,78,109,70,18,100,37.2
30029901,4,abdominal pain,3,84,138,88,15,99,38.5
30029902,5,abdominal pain,1,70,116,96,18,100,36.4
30029903,3,shortness of breath,4,83,80,76,22,99,36.0
30029904,2,fall,7,75,122,81,14,95,37.8
30029905,3,back pain,6,98,105,63,17,95,38.2
30029906,1,knee pain,10,73,145,75,18,100,37.3
30029907,4,shortness of breath,4,88,109,54,22,100,37.8
30029908,3,fall,3,56,162,91,22,96,36.8
30029909,2,knee pain,7,64,128,113,12,100,36.3
30029910,2,knee pain,9,75,147,79,15,100,36.3
30029911,4,fall,2,74,143,96,25,95,38.0
30029912,3,knee pain,6,91,143,86,11,97,37.9
30029913,3,abdominal pain,5,91,130,77,22,96,37.7
30029914,3,headache,5,61,111,80,13,97,36.9
30029915,3,abdominal pain,0,77,91,88,16,98,36.5
30029916,2,fall,6,67,86,72,25,98,37.2
30029917,3,back pain,3,72,124,86,18,99,37.1
30029918,5,abdominal pain,6,45,131,85,17,93,36.6
30029919,3,anxiety,6,99,127,69,19,97,37.6
30029920,3,fall,2,64,132,72,23,94,37.5
30029921,2,fever,7,94,127,63,17,98,36.0
30029922,2,headache,6,86,116,59,15,96,36.2
30029923,4,laceration,7,97,124,79,17,97,36.1
30029924,2,knee pain,7,67,115,111,11,99,36.2
30029925,3,laceration,2,59,110,79,15,100,37.1
30029926,5,anxiety,6,71,127,94,15,95,36.6
30029927,2,fever,8,81,112,62,10,94,38.2
30029928,2,fall,10,133,143,101,21,97,38.3
30029929,3,fever,3,65,122,83,18,100,37.8
30029930,4,fall,2,106,88,67,19,96,36.7
30029931,3,back pain,4,83,107,85,21,98,36.9
30029932,3,abdominal pain,5,94,116,83,17,96,37.8
30029933,3,fever,7,80,97,82,21,100,35.3
30029934,3,shortness of breath,5,107,132,88,15,97,37.8
30029935,3,abdominal pain,2,101,135,51,13,93,36.8
30029936,3,shortness of breath,5,83,147,92,15,96,37.7
30029937,3,fall,6,71,175,44,11,97,36.2
30029938,3,anxiety,1,71,138,67,21,100,37.3
30029939,1,shortness of breath,9,103,145,85,18,94,38.1
30029940,2,anxiety,10,81,160,72,27,96,36.4
30029941,4,fever,1,84,125,72,17,96,37.5
30029942,3,laceration,7,77,139,104,21,96,36.9
30029943,3,laceration,4,99,159,84,17,97,37.5
30029944,3,chest pain,3,92,115,93,13,96,37.2
30029945,3,knee pain,7,106,145,85,13,98,37.8
30029946,3,fall,6,50,117,91,15,99,37.7
30029947,1,shortness of breath,8,79,110,82,20,100,37.2
30029948,3,shortness of breath,0,95,125,93,11,97,39.0
30029949,4,chest pain,3,93,142,99,12,97,37.1
30029950,3,anxiety,4,84,146,88,16,98,37.2
30029951,3,anxiety,4,121,142,69,7,96,37.7
30029952,4,anxiety,2,111,130,86,13,100,36.8
30029953,3,headache,5,56,119,72,13,100,37.9
30029954,3,chest pain,7,74,139,70,18,94,37.6
30029955,3,fever,2,97,142,108,16,96,38.5
30029956,3,anxiety,6,69,135,77,20,99,35.5
30029957,3,fever,5,77,141,62,18,96,36.9
30029958,4,headache,1,56,125,76,18,97,36.6
30029959,3,back pain,3,93,126,107,14,96,37.0
30029960,3,anxiety,0,77,124,85,21,97,37.0
30029961,3,fall,1,102,160,104,18,99,37.1
30029962,3,knee pain,7,66,160,100,19,96,37.8
30029963,4,knee pain,1,70,128,101,16,98,37.5
30029964,4,abdominal pain,1,95,124,69,13,93,38.1
30029965,4,anxiety,2,83,115,65,17,99,36.9
30029966,3,chest pain,1,81,138,73,10,97,36.8
30029967,5,fever,5,89,162,77,22,100,37.4
30029968,3,laceration,2,109,153,81,20,94,36.8
30029969,3,anxiety,1,114,139,103,17,96,36.8
30029970,3,back pain,7,81,109,101,18,100,37.5
30029971,4,fall,4,81,131,110,26,97,37.7
30029972,2,anxiety,7,108,141,79,13,94,36.7
30029973,3,anxiety,4,82,137,58,16,95,38.1
30029974,2,anxiety,7,56,140,75,12,98,37.3
30029975,3,fever,2,67,138,92,20,100,37.0
30029976,3,laceration,5,96,130,65,19,98,36.3
30029977,2,fall,9,77,122,88,21,95,37.4
30029978,4,shortness of breath,4,104,158,79,17,92,37.2
30029979,3,knee pain,4,90,139,84,13,99,36.6
30029980,5,headache,0,101,135,93,20,97,36.9
30029981,5,knee pain,3,85,152,76,17,99,36.4
30029982,3,laceration,6,115,118,87,18,100,36.5
30029983,3,anxiety,0,92,83,97,21,94,36.8
30029984,3,anxiety,3,83,146,67,14,96,37.4
30029985,2,fever,7,92,130,86,19,95,37.7
30029986,4,anxiety,4,79,106,87,12,100,37.0
30029987,3,fall,7,85,123,53,15,94,35.9
30029988,2,anxiety,8,101,133,74,21,97,36.5
30029989,5,anxiety,0,68,93,68,16,96,36.1
30029990,3,back pain,4,102,127,69,24,99,36.5
30029991,3,laceration,5,69,128,110,18,99,37.6
30029992,2,anxiety,9,81,137,83,23,97,37.1
30029993,3,back pain,6,87,95,98,15,96,37.5
30029994,3,fever,2,91,118,67,19,96,35.8
30029995,3,abdominal pain,6,74,99,72,16,98,37.0
30029996,3,back pain,7,116,105,93,19,99,37.9
30029997,2,anxiety,9,92,110,69,15,100,38.2
30029998,3,headache,0,94,159,82,14,100,37.4
30029999,4,back pain,5,75,145,49,14,97,37.1
30030000,4,shortness of breath,4,63,140,71,16,100,37.6
30030001,2,fever,6,100,132,97,24,96,37.8
30030002,4,anxiety,4,81,120,60,19,97,37.4
30030003,4,abdominal pain,2,79,147,93,20,100,37.6
30030004,4,back pain,2,71,124,63,21,100,36.8
30030005,2,anxiety,10,95,117,43,13,100,35.9
30030006,1,abdominal pain,7,67,138,86,17,94,36.7
30030007,3,fever,5,128,129,68,18,100,36.8
30030008,3,fever,5,82,93,63,24,98,37.8
30030009,5,anxiety,6,71,124,79,23,100,36.3
30030010,3,fever,5,99,169,91,18,99,35.8
30030011,3,laceration,1,80,156,104,13,96,38.4
30030012,3,back pain,7,96,116,74,20,98,37.6
30030013,4,knee pain,4,79,109,83,21,98,37.6
30030014,3,back pain,6,65,121,90,18,97,36.1
30030015,3,back pain,2,101,125,59,12,90,38.7
30030016,3,knee pain,2,69,90,105,21,99,37.1
30030017,3,headache,3,104,138,86,19,94,37.0
30030018,3,headache,6,95,117,89,15,100,38.9
30030019,3,knee pain,5,78,86,78,25,94,37.7
30030020,3,headache,2,96,129,99,23,97,37.3
30030021,3,headache,0,98,170,64,12,98,37.0
30030022,2,headache,7,93,132,110,12,100,36.6
30030023,4,fall,0,79,108,63,23,94,37.0
30030024,3,headache,7,101,158,77,18,95,37.6
30030025,4,shortness of breath,4,78,148,52,24,94,37.7
30030026,4,back pain,0,69,148,96,18,95,38.5
30030027,2,fall,10,75,141,111,14,93,36.2
30030028,5,abdominal pain,6,102,163,76,14,97,37.2
30030029,3,laceration,5,74,98,70,16,91,37.4
30030030,3,shortness of breath,6,83,99,83,21,94,35.7
30030031,3,shortness of breath,5,80,170,69,18,95,38.4
30030032,2,shortness of breath,9,108,190,64,16,94,35.4
30030033,1,abdominal pain,9,90,167,71,21,96,36.6
30030034,4,fever,5,81,107,79,21,98,37.2
30030035,4,chest pain,1,83,106,104,19,100,36.6
30030036,3,knee pain,3,84,136,69,16,98,37.6
30030037,3,shortness of breath,3,90,133,89,21,99,35.3
30030038,2,abdominal pain,7,110,110,101,14,95,36.8
30030039,3,chest pain,2,83,140,74,18,100,36.9
30030040,3,shortness of breath,2,73,149,94,16,92,37.2
30030041,4,fever,2,83,131,54,16,93,37.3
30030042,3,knee pain,2,86,114,81,22,93,37.0
30030043,3,anxiety,4,86,116,66,19,94,35.4
30030044,5,back pain,7,80,102,102,19,93,37.7
30030045,2,shortness of breath,9,93,115,80,16,98,36.5
30030046,3,fever,1,71,78,97,12,97,37.9
30030047,2,fall,10,107,158,100,22,93,36.3
30030048,4,fever,6,90,105,61,15,99,36.6
30030049,3,fever,3,80,110,79,14,98,35.9
30030050,4,fever,1,69,92,83,19,100,38.0
30030051,3,back pain,1,98,103,81,17,100,36.1
30030052,3,abdominal pain,4,91,116,87,20,100,37.5
30030053,3,shortness of breath,2,89,85,104,21,100,36.5
30030054,4,abdominal pain,4,65,114,88,22,93,36.8
30030055,3,chest pain,0,98,111,97,18,95,36.7
30030056,4,anxiety,4,71,152,87,12,96,37.8
30030057,3,back pain,2,106,129,66,20,98,36.0
30030058,4,shortness of breath,4,91,106,46,22,100,37.8
30030059,4,chest pain,1,84,148,69,26,93,37.4
30030060,3,fever,5,75,108,89,17,95,38.6
30030061,3,laceration,2,82,150,92,18,100,37.1
30030062,3,fever,0,77,166,51,25,98,37.0
30030063,2,anxiety,8,77,136,60,22,100,38.0
30030064,3,fever,0,84,121,74,17,96,38.5
30030065,4,back pain,1,83,128,83,15,96,37.2
30030066,2,fall,9,81,108,92,10,100,36.8
30030067,2,anxiety,10,78,154,95,16,93,37.4
30030068,2,anxiety,9,81,129,87,24,93,37.4
30030069,3,chest pain,1,66,151,91,20,94,36.3
30030070,2,fever,7,67,116,72,23,100,37.7
30030071,2,headache,8,98,129,97,19,100,37.9
30030072,1,chest pain,10,81,144,90,21,100,36.8
30030073,3,back pain,0,91,130,81,21,98,37.1
30030074,5,chest pain,0,95,158,69,19,96,36.7
30030075,3,fever,6,88,142,66,17,98,37.8
30030076,4,laceration,1,77,145,89,13,96,36.9
30030077,2,chest pain,10,85,116,85,19,96,36.7
30030078,2,knee pain,10,38,112,68,19,97,36.6
30030079,3,chest pain,4,94,125,83,16,96,37.1
30030080,4,chest pain,4,74,124,92,16,95,34.7
30030081,4,fever,3,119,138,97,25,99,36.6
30030082,2,fall,6,89,121,95,16,99,36.3
30030083,2,chest pain,9,98,139,89,19,99,38.0
30030084,4,back pain,5,110,121,73,20,100,37.0
30030085,3,anxiety,2,64,120,62,16,96,37.3
30030086,4,shortness of breath,2,89,120,51,21,94,36.5
30030087,3,chest pain,5,64,115,93,12,100,37.5
30030088,4,anxiety,1,65,137,58,19,97,36.0
30030089,2,laceration,7,73,135,77,20,97,37.9
30030090,2,chest pain,6,50,122,96,17,95,38.3
30030091,3,anxiety,0,56,120,96,14,95,37.8
30030092,3,abdominal pain,5,68,111,86,18,100,38.5
30030093,4,headache,0,84,111,94,15,95,36.8
30030094,3,fever,5,69,77,75,13,95,36.2
30030095,4,knee pain,3,94,135,95,14,97,36.8
30030096,3,fever,5,87,156,53,19,98,37.6
30030097,4,shortness of breath,0,78,95,94,16,96,37.9
30030098,3,back pain,5,104,122,82,18,97,37.6
30030099,3,anxiety,3,75,144,74,18,99,37.4
30030100,3,headache,0,65,147,52,11,99,37.1
30030101,3,chest pain,0,96,134,84,21,97,36.0
30030102,3,knee pain,4,101,117,85,16,97,37.6
30030103,3,headache,5,69,142,70,29,96,36.6
30030104,3,chest pain,3,67,88,91,22,94,37.7
30030105,4,anxiety,2,113,92,108,22,98,36.5
30030106,3,back pain,6,71,111,71,14,93,36.6
30030107,4,fever,2,73,124,73,22,100,37.4
30030108,2,knee pain,7,99,86,90,22,100,38.3
30030109,3,knee pain,4,79,121,66,14,97,36.9
30030110,2,back pain,6,70,138,96,12,100,35.6
30030111,3,fall,3,65,138,103,17,96,38.2
30030112,4,knee pain,2,62,110,103,15,92,37.1
30030113,3,back pain,3,105,143,97,16,95,37.5
30030114,3,fever,6,86,132,80,15,100,38.2
30030115,3,headache,3,82,138,72,15,98,37.5
30030116,3,abdominal pain,6,94,140,46,15,97,37.8
30030117,3,abdominal pain,3,110,132,78,22,100,37.5
30030118,4,shortness of breath,4,70,125,87,22,96,39.4
30030119,3,headache,1,91,126,94,16,93,37.3
30030120,3,fever,7,56,98,94,9,100,37.2
30030121,3,anxiety,0,100,141,83,15,100,37.1
30030122,2,fever,9,69,137,70,18,97,37.2
30030123,4,shortness of breath,3,78,110,91,21,98,37.0
30030124,3,anxiety,6,111,133,59,21,99,37.1
30030125,3,knee pain,3,99,130,75,14,97,37.2
30030126,2,abdominal pain,10,60,143,67,23,91,36.1
30030127,3,knee pain,6,83,118,80,10,94,36.6
30030128,2,shortness of breath,10,89,146,94,19,100,37.8
30030129,2,anxiety,6,93,136,80,23,99,37.1
30030130,2,headache,8,115,104,80,16,98,36.7
30030131,3,fall,7,87,117,77,15,95,36.3
30030132,2,laceration,6,104,129,80,17,100,36.6
30030133,3,shortness of breath,3,95,102,83,25,98,37.3
30030134,3,shortness of breath,4,67,129,64,20,96,37.3
30030135,3,fall,3,100,123,75,17,93,36.8
30030136,5,back pain,3,65,126,81,14,93,35.9
30030137,3,fever,6,87,136,81,17,97,36.3
30030138,2,back pain,8,103,128,74,21,100,36.6
30030139,2,headache,9,93,100,80,15,97,36.6
30030140,2,fall,9,79,120,64,21,91,36.2
30030141,4,abdominal pain,1,101,122,54,15,100,36.9
30030142,3,back pain,3,75,107,72,20,91,37.3
30030143,3,anxiety,1,73,93,85,15,93,37.1
30030144,2,anxiety,7,73,110,87,26,94,35.6
30030145,4,fall,7,91,128,56,18,99,38.1
30030146,3,abdominal pain,1,85,95,104,11,97,37.3
30030147,1,back pain,6,85,133,66,21,93,36.6
30030148,3,laceration,4,85,120,79,15,93,36.3
30030149,1,chest pain,8,112,153,90,19,95,36.4
30030150,3,laceration,4,101,119,77,15,94,36.0
30030151,3,fever,7,87,108,95,27,97,37.8
30030152,2,headache,7,92,126,85,16,95,37.0
30030153,4,anxiety,0,69,134,92,11,100,37.4
30030154,3,back pain,7,75,115,88,19,93,38.0
30030155,4,chest pain,5,93,144,117,12,100,36.6
30030156,4,anxiety,3,79,152,68,22,100,36.6
30030157,3,laceration,7,110,113,83,17,100,37.4
30030158,4,chest pain,6,77,139,86,13,92,34.8
30030159,2,knee pain,6,101,124,102,16,97,36.9
30030160,3,anxiety,2,95,124,81,21,100,36.6
30030161,2,shortness of breath,10,97,140,32,27,98,36.4
30030162,3,abdominal pain,5,87,142,69,19,97,37.3
30030163,3,fall,4,93,112,75,18,96,36.9
30030164,2,chest pain,7,105,137,87,14,89,37.0
30030165,3,headache,2,62,107,77,14,98,37.1
30030166,4,abdominal pain,7,102,128,74,15,100,37.4
30030167,3,laceration,5,76,100,71,18,93,38.9
30030168,3,chest pain,3,92,155,71,14,94,35.4
30030169,2,fall,9,91,137,73,27,97,37.8
30030170,3,abdominal pain,2,76,110,82,18,99,37.1
30030171,4,back pain,4,93,136,91,16,95,36.5
30030172,3,fall,1,92,129,87,19,97,37.3
30030173,3,anxiety,7,85,115,96,21,94,37.1
30030174,3,back pain,2,77,162,72,20,100,37.7
30030175,4,headache,7,88,121,64,18,97,36.6
30030176,4,anxiety,5,64,129,62,15,96,36.1
30030177,3,headache,1,84,90,97,21,96,37.4
30030178,2,headache,6,94,190,44,20,94,37.3
30030179,3,fever,1,70,172,110,15,96,36.4
30030180,2,fall,7,80,85,82,23,95,37.4
30030181,4,fever,7,91,125,62,16,98,35.2
30030182,4,laceration,0,65,117,66,16,96,36.4
30030183,1,headache,9,91,137,73,18,94,36.6
30030184,3,fever,2,99,116,79,21,99,35.1
30030185,3,fever,4,73,122,83,7,93,36.8
30030186,2,chest pain,7,76,101,89,17,99,37.1
30030187,4,headache,1,80,119,53,17,95,37.5
30030188,3,fall,4,81,151,66,12,93,37.6
30030189,2,anxiety,7,76,102,73,18,98,36.6
30030190,3,laceration,2,97,109,58,23,98,37.9
30030191,3,laceration,5,49,155,76,28,98,37.5
30030192,2,anxiety,9,74,103,79,17,93,37.2
30030193,3,chest pain,2,80,102,58,13,93,35.9
30030194,3,fall,3,74,105,107,22,97,37.3
30030195,3,knee pain,4,96,125,72,13,94,38.0
30030196,2,headache,7,95,139,81,19,99,37.0
30030197,3,laceration,7,79,104,83,20,94,36.8
30030198,3,fall,7,77,112,104,17,94,36.8
30030199,3,chest pain,7,91,83,97,14,93,37.6
30030200,3,anxiety,2,74,128,72,17,100,37.3
30030201,3,headache,6,67,102,94,19,98,37.7
30030202,1,fall,7,65,138,101,19,93,38.3
30030203,3,fever,5,115,97,94,19,96,37.5
30030204,3,headache,1,82,107,82,21,98,37.3
30030205,1,headache,9,82,92,60,17,98,36.1
30030206,3,shortness of breath,3,84,133,81,19,96,38.5
30030207,3,fever,6,80,118,84,13,100,37.5
30030208,4,laceration,2,57,115,59,26,94,37.0
30030209,2,chest pain,6,78,125,66,20,90,35.0
30030210,1,knee pain,7,109,106,102,15,97,37.4
30030211,2,chest pain,6,65,91,81,18,93,37.5
30030212,2,anxiety,6,60,106,60,22,96,35.8
30030213,2,fall,9,103,121,100,23,97,37.4
30030214,2,back pain,8,81,141,76,20,95,35.7
30030215,4,back pain,2,86,156,77,15,91,36.0
30030216,3,back pain,3,61,123,78,12,94,37.8
30030217,4,fall,4,70,123,85,17,92,36.6
30030218,3,chest pain,7,84,160,85,19,95,38.3
30030219,3,fever,6,108,151,86,11,97,36.1
30030220,2,laceration,6,84,130,84,19,97,36.5
30030221,5,knee pain,6,96,129,82,20,97,36.9
30030222,3,fall,6,70,118,81,21,98,36.4
30030223,4,fall,4,112,146,89,19,96,36.8
30030224,3,shortness of breath,1,95,123,75,18,100,37.0
30030225,3,anxiety,0,76,144,55,32,98,37.3
30030226,3,anxiety,3,101,107,81,21,95,36.9
30030227,4,anxiety,4,77,127,48,22,95,37.0
30030228,4,shortness of breath,1,118,128,109,13,100,34.7
30030229,4,anxiety,7,93,138,71,20,100,37.7
30030230,5,knee pain,3,88,112,84,16,100,36.0
30030231,3,headache,0,81,148,95,18,95,37.1
30030232,4,fever,7,55,137,77,20,95,36.3
30030233,2,abdominal pain,9,73,95,83,20,98,38.3
30030234,3,headache,4,82,121,99,18,93,37.0
30030235,4,fever,6,67,119,81,24,92,37.6
30030236,3,fall,3,98,108,112,8,97,37.8
30030237,3,anxiety,0,96,122,85,19,95,37.2
30030238,4,abdominal pain,3,105,139,60,15,99,36.9
30030239,3,fever,2,86,146,91,16,93,37.1
30030240,3,back pain,2,85,131,122,11,95,36.2
30030241,3,laceration,7,92,97,77,21,96,36.7
30030242,3,laceration,5,128,104,60,16,93,37.3
30030243,3,laceration,3,65,137,74,17,99,38.2
30030244,3,headache,5,80,135,65,17,98,36.6
30030245,3,anxiety,7,91,158,85,21,100,35.6
30030246,2,abdominal pain,7,79,135,62,14,97,37.8
30030247,4,fall,6,103,117,77,14,97,36.1
30030248,4,back pain,0,75,112,61,12,100,36.4
30030249,3,fall,0,84,130,112,17,95,37.0
30030250,2,fall,9,102,140,98,14,95,37.5
30030251,3,laceration,1,63,91,77,16,96,37.0
30030252,4,fall,5,66,96,89,18,96,35.9
30030253,3,laceration,4,105,125,91,15,92,36.2
30030254,4,headache,7,96,151,80,19,99,36.0
30030255,3,anxiety,1,100,132,104,17,97,36.9
30030256,3,back pain,0,78,135,60,19,100,36.1
30030257,3,fever,0,75,94,54,21,100,37.5
30030258,3,anxiety,7,95,133,57,20,97,38.3
30030259,3,shortness of breath,7,85,133,76,11,100,36.9
30030260,2,headache,9,84,126,71,20,98,38.1
30030261,3,anxiety,5,104,139,64,21,97,36.7
30030262,3,chest pain,5,111,175,76,18,97,37.5
30030263,3,headache,1,67,107,82,17,94,36.3
30030264,3,fall,2,92,103,75,25,97,39.2
30030265,3,shortness of breath,6,90,144,76,17,94,36.9
30030266,3,shortness of breath,5,97,92,112,12,96,37.2
30030267,4,headache,7,113,130,72,16,100,35.5
30030268,3,knee pain,1,66,109,90,21,99,38.2
30030269,3,chest pain,7,88,136,99,14,97,35.4
30030270,4,headache,1,118,125,87,20,99,38.0
30030271,3,back pain,1,81,125,67,9,100,37.3
30030272,5,back pain,2,77,141,79,21,100,37.2
30030273,3,shortness of breath,6,109,87,76,19,96,37.8
30030274,3,shortness of breath,5,65,108,102,19,98,37.7
30030275,3,anxiety,7,68,108,90,17,96,37.6
30030276,2,anxiety,10,86,148,65,18,91,37.1
30030277,3,abdominal pain,7,88,151,80,14,99,37.1
30030278,2,knee pain,10,64,132,84,17,100,38.3
30030279,3,abdominal pain,6,91,115,56,15,97,36.5
30030280,3,fall,6,100,110,83,12,98,37.7
30030281,3,fall,4,82,134,71,21,99,35.2
30030282,4,chest pain,6,80,150,69,17,100,37.9
30030283,1,fever,10,83,134,65,22,100,36.6
30030284,2,chest pain,6,62,111,103,11,96,37.6
30030285,4,back pain,5,94,77,97,13,99,36.6
30030286,2,chest pain,7,76,132,66,20,100,37.1
30030287,2,knee pain,9,89,72,82,21,97,37.3
30030288,2,knee pain,7,98,137,60,26,100,35.7
30030289,2,fever,10,73,90,70,15,92,37.1
30030290,3,headache,4,92,94,83,19,98,36.2
30030291,2,knee pain,8,78,108,75,24,91,36.6
30030292,3,abdominal pain,4,87,132,93,19,100,35.5
30030293,3,laceration,6,92,116,78,11,95,37.8
30030294,4,fall,3,116,126,74,23,99,37.1
30030295,4,headache,7,77,146,65,20,95,36.8
30030296,3,fever,3,92,147,108,20,97,36.2
30030297,3,fever,2,112,119,88,23,99,37.5
30030298,2,shortness of breath,9,111,125,69,17,100,36.2
30030299,2,chest pain,6,63,133,72,23,94,36.3
30030300,3,chest pain,2,86,130,87,23,97,37.7
30030301,4,anxiety,3,79,102,66,17,94,36.0
30030302,3,knee pain,4,77,122,80,14,100,37.1
30030303,3,chest pain,2,111,102,82,14,99,36.4
30030304,5,anxiety,3,88,147,69,11,100,36.8
30030305,4,laceration,7,52,129,63,23,96,37.7
30030306,3,anxiety,6,56,113,65,16,98,37.2
30030307,3,fall,1,83,110,72,11,95,37.3
30030308,3,anxiety,7,79,124,92,19,99,38.5
30030309,3,abdominal pain,5,98,127,74,22,94,35.9
30030310,5,anxiety,2,96,99,78,19,98,35.7
30030311,3,knee pain,6,113,112,117,19,94,35.7
30030312,2,fever,7,79,156,77,23,96,37.7
30030313,2,back pain,10,92,95,63,25,98,36.4
30030314,3,fever,3,76,125,79,15,100,35.9
30030315,5,shortness of breath,6,107,77,110,16,92,36.8
30030316,4,chest pain,3,100,126,73,29,94,37.8
30030317,3,knee pain,2,100,117,76,16,99,37.6
30030318,2,anxiety,8,89,139,71,11,93,37.0
30030319,4,anxiety,7,59,150,104,13,97,37.8
30030320,3,shortness of breath,1,80,126,78,16,100,37.0
30030321,3,headache,4,87,125,87,14,96,36.7
30030322,3,fever,3,61,139,66,19,97,37.2
30030323,3,abdominal pain,1,98,137,60,25,95,36.5
30030324,3,anxiety,7,87,126,66,26,94,36.9
30030325,2,back pain,10,89,122,84,15,95,38.2
30030326,2,laceration,7,99,115,75,24,97,37.6
30030327,3,fever,5,99,105,70,16,94,35.7
30030328,3,fall,7,108,124,81,20,91,37.3
30030329,3,headache,3,90,149,77,26,92,36.2
30030330,4,laceration,2,76,140,70,25,92,38.1
30030331,3,headache,2,97,111,83,25,98,36.8
30030332,3,fall,0,102,121,104,15,99,37.1
30030333,3,abdominal pain,6,82,125,93,18,100,35.8
30030334,4,fall,1,87,131,97,22,96,36.1
30030335,3,chest pain,1,97,118,90,24,100,38.2
30030336,3,knee pain,0,105,97,70,21,95,37.9
30030337,3,fever,0,56,149,54,13,96,35.5
30030338,3,fall,0,83,163,76,16,97,37.3
30030339,4,abdominal pain,7,118,131,75,24,97,36.6
30030340,4,fever,3,76,115,90,15,95,36.6
30030341,2,back pain,6,102,110,74,16,97,37.3
30030342,2,fall,7,83,141,94,12,100,35.3
30030343,2,laceration,10,74,93,81,12,99,36.4
30030344,2,chest pain,7,115,156,95,21,96,36.8
30030345,2,anxiety,9,70,138,92,20,88,37.9
30030346,2,laceration,6,66,117,64,17,99,37.2
30030347,2,abdominal pain,7,94,159,92,23,100,36.9
30030348,3,shortness of breath,3,100,130,95,16,94,35.0
30030349,3,headache,4,74,130,60,17,98,37.4
30030350,3,fall,2,98,117,45,17,100,37.4
30030351,3,fever,1,61,143,71,13,99,37.2
30030352,3,headache,1,95,130,99,10,96,36.5
30030353,2,fever,6,73,121,92,14,96,37.6
30030354,3,laceration,2,80,112,103,17,99,38.3
30030355,3,headache,6,74,122,85,26,100,36.4
30030356,4,headache,3,77,149,92,19,96,37.8
30030357,5,shortness of breath,5,93,109,70,19,96,38.2
30030358,2,anxiety,9,111,137,79,20,97,37.4
30030359,3,back pain,6,55,115,73,19,97,37.0
30030360,3,anxiety,4,113,159,85,12,99,38.0
30030361,3,anxiety,7,64,144,75,22,98,36.4
30030362,4,chest pain,6,89,136,77,15,99,35.9
30030363,2,shortness of breath,7,96,100,73,26,94,37.7
30030364,4,laceration,0,75,145,59,18,95,35.5
30030365,3,fall,1,72,130,68,21,95,37.1
30030366,3,headache,0,70,110,90,13,98,36.8
30030367,4,fever,5,83,78,67,19,100,36.1
30030368,2,shortness of breath,8,92,138,71,24,99,39.0
30030369,3,chest pain,7,72,126,82,11,93,36.6
30030370,2,fall,9,51,143,88,8,99,36.9
30030371,3,fall,4,90,118,90,15,99,36.8
30030372,3,fall,6,63,131,116,23,96,36.2
30030373,3,fever,0,98,124,83,17,95,37.5
30030374,1,chest pain,10,60,113,108,19,95,36.7
30030375,4,fall,6,97,117,87,20,96,36.6
30030376,4,chest pain,6,87,110,71,15,99,37.4
30030377,4,chest pain,5,56,128,63,14,99,38.4
30030378,3,chest pain,7,75,124,81,16,95,36.5
30030379,2,chest pain,6,66,120,97,17,100,36.1
30030380,3,headache,1,69,125,96,25,100,37.8
30030381,3,shortness of breath,4,100,136,82,11,98,35.3
30030382,3,chest pain,4,79,102,86,12,94,36.7
30030383,3,fall,2,85,111,78,16,98,38.1
30030384,2,fall,9,116,138,71,8,99,39.1
30030385,5,knee pain,6,84,109,87,23,100,37.6
30030386,2,laceration,9,65,124,60,21,96,37.1
30030387,3,abdominal pain,5,94,144,71,19,97,36.9
30030388,4,abdominal pain,0,65,117,70,17,98,37.9
30030389,2,anxiety,9,87,91,61,21,92,36.5
30030390,1,chest pain,8,88,119,105,14,97,36.7
30030391,3,anxiety,6,68,134,69,15,96,39.0
30030392,3,knee pain,1,65,135,78,19,95,36.7
30030393,1,headache,9,77,83,98,20,98,37.1
30030394,2,chest pain,10,116,138,77,18,95,37.8
30030395,3,fall,1,93,107,98,19,97,37.2
30030396,4,anxiety,5,76,149,85,17,93,35.1
30030397,3,laceration,7,89,119,93,21,96,36.0
30030398,3,chest pain,0,115,126,99,21,99,37.0
30030399,3,shortness of breath,4,99,118,75,18,97,36.3
30030400,3,fall,7,86,151,69,21,89,38.9
30030401,3,back pain,2,85,112,90,24,96,37.0
30030402,4,back pain,5,98,138,66,12,96,36.1
30030403,3,headache,2,79,126,73,12,97,37.0
30030404,2,headache,8,73,132,103,9,95,36.7
30030405,2,back pain,7,94,119,69,17,100,36.5
30030406,1,laceration,9,63,108,81,15,100,36.6
30030407,2,knee pain,8,89,103,78,22,98,37.3
30030408,4,chest pain,2,107,154,88,11,95,35.2
30030409,3,abdominal pain,2,87,106,65,15,94,38.9
30030410,2,anxiety,8,115,103,101,21,100,36.1
30030411,4,headache,4,94,141,85,22,95,35.5
30030412,3,knee pain,4,111,143,90,21,93,38.1
30030413,3,fall,5,86,120,81,19,95,38.0
30030414,4,fever,0,107,161,90,22,100,38.0
30030415,4,laceration,2,97,114,83,19,98,36.8
30030416,4,back pain,6,85,126,75,20,97,35.7
30030417,4,chest pain,0,93,122,76,16,99,37.2
30030418,2,chest pain,8,60,107,100,16,100,37.5
30030419,2,fever,10,83,149,74,14,100,38.6
30030420,4,chest pain,6,74,145,83,23,95,36.6
30030421,3,abdominal pain,0,91,151,74,20,96,36.8
30030422,2,shortness of breath,7,68,134,91,15,96,36.8
30030423,3,chest pain,6,112,140,65,20,96,37.0
30030424,4,knee pain,7,87,154,86,14,100,36.7
30030425,2,fall,10,102,142,89,13,97,39.0
30030426,2,shortness of breath,10,66,102,67,15,100,35.6
30030427,2,back pain,9,82,109,91,12,97,37.3
30030428,5,abdominal pain,2,72,102,52,19,100,36.5
30030429,3,anxiety,2,81,136,89,20,92,38.6
30030430,2,knee pain,6,73,114,95,15,97,37.0
30030431,2,shortness of breath,9,112,149,95,16,93,37.5
30030432,1,anxiety,6,62,107,74,14,96,36.8
30030433,3,anxiety,6,76,78,80,20,91,36.9
30030434,5,laceration,7,78,151,95,27,98,35.9
30030435,4,anxiety,2,82,133,86,20,99,35.6
30030436,1,abdominal pain,9,71,175,93,23,97,37.1
30030437,1,shortness of breath,10,68,125,86,22,92,36.2
30030438,1,shortness of breath,7,53,123,70,18,97,38.6
30030439,3,shortness of breath,0,76,167,69,18,96,37.2
30030440,1,abdominal pain,6,92,126,81,20,100,37.4
30030441,3,laceration,7,94,88,76,13,98,37.5
30030442,5,fall,6,87,120,81,13,95,37.9
30030443,5,fall,2,91,135,73,18,96,35.8
30030444,3,fall,2,78,84,93,13,92,37.3
30030445,2,abdominal pain,10,97,104,90,24,98,37.1
30030446,2,shortness of breath,9,83,115,77,20,100,37.4
30030447,2,abdominal pain,8,74,98,64,14,95,37.6
30030448,3,headache,7,108,108,65,15,96,37.9
30030449,3,anxiety,0,81,101,65,14,91,37.1
30030450,4,shortness of breath,1,82,125,59,15,100,37.1
30030451,3,shortness of breath,3,96,91,68,20,96,36.6
30030452,3,abdominal pain,1,82,144,71,10,98,38.0
30030453,4,chest pain,4,81,139,64,19,93,37.8
30030454,3,knee pain,7,68,135,82,17,95,37.3
30030455,5,chest pain,5,70,147,67,17,95,38.4
30030456,3,shortness of breath,2,95,133,73,12,95,36.9
30030457,2,back pain,7,67,108,101,22,94,37.3
30030458,3,headache,0,59,95,62,23,97,37.6
30030459,4,knee pain,4,80,134,87,25,93,36.4
30030460,2,chest pain,9,71,140,93,26,100,37.7
30030461,5,shortness of breath,3,67,135,83,16,93,36.4
30030462,3,back pain,5,99,98,71,15,97,36.4
30030463,3,fever,2,108,145,94,20,95,37.1
30030464,3,fall,3,82,90,77,24,88,37.5
30030465,3,fall,4,67,128,74,18,94,37.6
30030466,1,laceration,6,99,123,99,20,100,36.8
30030467,2,fall,10,95,146,64,25,96,37.5
30030468,1,fall,7,85,118,101,24,100,35.8
30030469,4,laceration,6,115,113,96,12,97,36.6
30030470,2,anxiety,7,84,106,102,15,97,37.3
30030471,3,headache,4,62,115,53,15,100,37.7
30030472,4,laceration,6,80,146,64,18,96,37.1
30030473,4,anxiety,6,94,150,68,17,95,37.2
30030474,2,shortness of breath,10,98,127,85,19,99,36.4
30030475,4,chest pain,5,83,118,69,21,97,36.0
30030476,4,shortness of breath,2,80,128,85,16,100,36.2
30030477,2,chest pain,9,69,147,81,17,96,38.0
30030478,4,shortness of breath,6,97,158,93,20,100,36.5
30030479,2,fever,8,77,116,96,24,97,37.2
30030480,5,chest pain,1,89,154,83,16,95,37.9
30030481,3,laceration,1,87,98,95,17,99,38.3
30030482,2,laceration,8,108,176,96,20,100,35.9
30030483,3,anxiety,7,78,128,77,14,97,35.2
30030484,2,laceration,10,71,122,64,18,94,36.4
30030485,4,abdominal pain,7,85,125,91,17,99,37.4
30030486,3,shortness of breath,5,63,116,78,21,93,36.9
30030487,3,knee pain,0,60,138,60,25,94,37.3
30030488,3,headache,4,82,160,62,20,98,36.9
30030489,4,knee pain,0,54,152,77,11,100,35.9
30030490,2,laceration,6,102,125,74,9,96,37.1
30030491,3,fall,2,74,132,71,21,97,37.0
30030492,4,chest pain,4,74,134,67,27,97,37.4
30030493,2,chest pain,7,71,145,88,13,98,37.2
30030494,3,back pain,1,114,148,77,12,97,35.5
30030495,3,anxiety,0,108,119,76,20,95,38.3
30030496,3,chest pain,4,72,155,81,22,96,35.8
30030497,3,shortness of breath,2,74,134,83,12,99,37.6
30030498,3,abdominal pain,3,92,111,79,14,100,38.0
30030499,4,laceration,7,103,115,108,22,94,37.4
30030500,2,back pain,10,74,105,89,21,94,37.7
30030501,3,fever,4,73,109,80,18,100,36.3
30030502,3,anxiety,0,94,119,100,15,95,35.6
30030503,3,back pain,7,95,136,63,17,97,36.8
30030504,3,fever,5,89,118,80,20,97,37.5
30030505,4,fall,4,96,140,78,16,99,37.7
30030506,3,fever,0,119,125,80,9,98,36.5
30030507,3,knee pain,6,54,145,88,19,95,36.7
30030508,3,shortness of breath,3,78,107,67,18,100,37.5
30030509,2,fall,10,80,127,73,17,100,37.4
30030510,4,fever,1,102,92,74,13,100,37.3
30030511,3,knee pain,2,78,125,93,15,93,37.6
30030512,5,shortness of breath,5,95,122,70,23,99,36.1
30030513,3,anxiety,2,76,116,74,17,97,37.7
30030514,3,laceration,1,112,96,98,16,100,36.3
30030515,4,shortness of breath,1,101,97,80,17,100,37.4
30030516,3,chest pain,4,83,151,84,13,96,36.3
30030517,3,knee pain,5,83,127,68,10,100,38.4
30030518,4,chest pain,4,74,113,60,23,100,37.2
30030519,3,headache,1,86,114,73,22,100,36.2
30030520,4,laceration,1,89,106,102,19,100,37.6
30030521,3,knee pain,1,114,141,65,13,92,38.1
30030522,3,anxiety,6,75,133,54,18,99,37.9
30030523,5,fall,7,113,132,72,14,95,37.1
30030524,5,shortness of breath,1,81,123,117,14,100,36.1
30030525,3,headache,0,77,131,82,12,94,36.2
30030526,3,abdominal pain,6,69,160,83,15,95,38.1
30030527,2,headache,10,80,126,77,11,93,38.1
30030528,3,chest pain,7,90,135,75,23,94,37.2
30030529,4,back pain,3,105,142,73,11,96,37.7
30030530,4,shortness of breath,1,72,123,69,13,99,37.4
30030531,3,anxiety,1,104,127,111,16,96,37.8
30030532,4,shortness of breath,6,93,133,98,11,96,36.2
30030533,3,abdominal pain,0,105,123,81,21,95,36.3
30030534,3,chest pain,5,68,140,61,24,90,35.9
30030535,2,fall,9,60,117,68,16,97,36.4
30030536,4,anxiety,5,93,154,57,13,99,36.0
30030537,3,fall,1,99,142,71,21,95,37.0
30030538,2,abdominal pain,8,88,124,80,15,96,37.2
30030539,4,abdominal pain,5,88,117,89,17,97,35.5
30030540,4,laceration,5,79,110,96,14,100,38.0
30030541,4,headache,1,97,149,69,22,98,37.7
30030542,3,headache,4,109,102,69,19,99,38.3
30030543,4,fall,4,102,135,91,14,99,37.7
30030544,3,anxiety,1,55,100,88,21,94,36.9
30030545,3,fall,7,98,110,85,18,100,37.2
30030546,3,knee pain,4,86,129,101,26,94,36.9
30030547,2,fall,9,95,130,65,21,97,36.9
30030548,4,headache,2,78,124,87,22,100,36.1
30030549,3,back pain,1,69,129,49,20,97,36.7
30030550,3,back pain,1,79,146,87,13,100,38.2
30030551,2,fever,8,65,102,96,20,99,37.2
30030552,3,back pain,2,79,113,67,20,97,36.9
30030553,4,anxiety,0,71,137,69,10,98,37.3
30030554,4,fever,0,77,168,68,20,97,36.9
30030555,4,back pain,6,85,103,116,19,95,39.4
30030556,2,knee pain,10,84,141,70,23,96,37.4
30030557,4,shortness of breath,0,85,87,63,18,97,36.6
30030558,3,abdominal pain,0,86,145,53,27,99,37.1
30030559,4,headache,7,94,141,98,15,98,36.7
30030560,3,headache,0,88,129,68,24,95,36.5
30030561,3,chest pain,1,68,159,89,16,91,36.2
30030562,4,knee pain,6,86,114,88,16,92,35.9
30030563,4,laceration,0,94,94,90,17,93,36.7
30030564,3,back pain,0,95,118,59,16,96,38.5
30030565,2,fall,6,116,114,84,17,96,36.5
30030566,4,laceration,5,98,112,83,13,96,36.9
30030567,2,anxiety,8,103,104,76,10,99,37.6
30030568,2,laceration,8,111,96,73,14,97,37.5
30030569,2,anxiety,8,65,105,60,24,100,36.7
30030570,4,shortness of breath,7,94,104,83,24,100,36.3
30030571,3,anxiety,3,95,94,66,20,94,36.7
30030572,5,chest pain,5,74,137,58,15,95,35.2
30030573,1,abdominal pain,8,74,123,118,17,100,37.9
30030574,3,headache,0,73,154,66,17,100,37.6
30030575,3,abdominal pain,1,85,114,85,18,100,37.5
30030576,3,knee pain,3,62,124,84,18,93,38.0
30030577,2,headache,6,76,138,82,18,94,36.2
30030578,4,back pain,6,67,174,95,15,90,36.5
30030579,3,anxiety,0,85,127,88,20,94,37.8
30030580,3,anxiety,6,85,106,73,11,91,37.1
30030581,3,abdominal pain,5,103,116,102,23,97,37.3
30030582,3,fever,3,96,80,77,17,97,36.9
30030583,3,chest pain,6,79,104,88,13,97,37.1
30030584,4,anxiety,4,76,103,104,18,99,37.4
30030585,3,anxiety,1,88,117,87,16,100,37.1
30030586,2,knee pain,7,86,120,75,18,97,37.7
30030587,5,back pain,3,92,146,74,14,97,36.2
30030588,2,back pain,6,65,125,91,27,96,36.4
30030589,3,back pain,0,87,111,111,18,93,37.7
30030590,3,laceration,6,110,135,53,22,98,37.1
30030591,4,headache,4,83,102,89,17,95,36.6
30030592,4,fever,7,88,119,67,18,100,37.6
30030593,2,fall,7,88,135,75,13,99,36.7
30030594,2,abdominal pain,7,96,103,81,16,94,37.8
30030595,3,fall,7,86,81,92,14,98,37.6
30030596,2,abdominal pain,8,92,133,72,25,96,37.5
30030597,2,laceration,8,71,131,86,22,98,35.6
30030598,1,knee pain,6,85,165,71,24,97,36.5
30030599,3,fever,4,93,127,86,20,98,37.2
30030600,3,fever,6,84,118,92,14,88,36.3
30030601,3,headache,3,81,90,71,18,94,36.3
30030602,3,laceration,6,81,136,79,21,94,38.1
30030603,3,fever,1,77,110,49,12,92,36.7
30030604,2,abdominal pain,9,91,94,108,22,99,36.2
30030605,3,back pain,0,86,172,36,14,95,37.5
30030606,3,knee pain,5,90,159,44,24,95,37.7
30030607,4,chest pain,4,88,149,72,18,93,37.3
30030608,3,fever,4,82,141,62,18,96,35.4
30030609,1,anxiety,10,111,127,77,18,100,35.5
30030610,4,back pain,7,80,136,98,19,98,36.8
30030611,3,fall,2,102,122,83,23,95,38.1
30030612,4,abdominal pain,0,109,85,75,18,94,36.1
30030613,3,chest pain,4,85,116,103,12,92,36.5
30030614,2,back pain,7,86,111,72,13,99,37.8
30030615,4,shortness of breath,1,93,110,59,13,96,37.2
30030616,4,shortness of breath,3,96,136,85,19,97,37.7
30030617,4,knee pain,2,73,123,97,22,97,38.2
30030618,3,headache,6,73,143,73,22,96,37.0
30030619,4,knee pain,6,61,157,99,13,100,37.9
30030620,2,fever,6,87,147,88,24,89,37.0
30030621,2,back pain,8,83,100,81,21,94,36.8
30030622,4,knee pain,1,66,119,87,15,92,37.7
30030623,2,anxiety,6,86,124,72,13,100,37.9
30030624,4,abdominal pain,5,77,133,81,23,96,36.8
30030625,3,headache,0,81,134,93,16,93,37.2
30030626,3,shortness of breath,5,91,135,95,17,99,37.4
30030627,3,headache,1,77,116,70,12,98,37.5
30030628,3,shortness of breath,4,110,110,84,18,100,36.8
30030629,4,laceration,0,48,126,61,13,96,34.9
30030630,2,shortness of breath,7,68,109,84,28,97,38.7
30030631,2,laceration,7,83,123,82,21,93,36.0
30030632,4,chest pain,1,97,124,86,18,89,37.4
30030633,3,fall,5,89,115,79,14,97,36.4
30030634,4,fall,4,69,115,67,23,96,36.5
30030635,3,laceration,1,60,152,70,11,99,35.8
30030636,3,fall,4,107,147,78,21,93,38.6
30030637,3,fever,4,95,128,80,14,100,36.5
30030638,2,fever,10,67,129,97,16,100,36.1
30030639,3,laceration,4,93,103,73,12,96,37.4
30030640,4,fall,3,84,134,89,14,97,35.7
30030641,3,back pain,2,91,160,82,21,98,37.1
30030642,3,headache,6,89,125,73,15,93,37.0
30030643,3,anxiety,0,90,113,85,21,98,37.1
30030644,2,back pain,9,110,151,83,24,98,35.9
30030645,3,shortness of breath,5,98,120,99,20,100,36.7
30030646,3,knee pain,0,114,97,75,15,95,37.7
30030647,3,abdominal pain,7,81,96,76,19,100,36.6
30030648,3,chest pain,6,109,143,90,22,95,35.4
30030649,2,anxiety,6,95,138,95,15,94,36.3
30030650,2,anxiety,8,97,133,89,15,100,37.5
30030651,3,headache,0,87,85,67,20,95,37.1
30030652,3,laceration,7,103,129,95,22,98,36.4
30030653,4,shortness of breath,7,82,140,108,19,97,35.6
30030654,3,knee pain,1,86,105,89,18,88,36.5
30030655,4,fever,2,89,121,97,20,93,36.7
30030656,4,headache,4,90,155,58,22,99,39.5
30030657,3,headache,7,86,110,87,14,96,37.3
30030658,4,abdominal pain,6,78,152,97,15,95,34.6
30030659,3,abdominal pain,7,81,121,78,17,96,36.1
30030660,5,shortness of breath,2,90,105,66,17,99,37.7
30030661,3,abdominal pain,3,78,124,85,20,100,36.8
30030662,2,laceration,10,67,130,80,13,94,37.1
30030663,3,abdominal pain,0,104,96,54,12,97,36.2
30030664,3,fall,2,79,129,75,15,97,36.5
30030665,3,abdominal pain,6,90,126,74,14,98,35.3
30030666,3,fall,4,74,129,81,16,97,36.8
30030667,2,back pain,9,77,126,61,17,100,37.2
30030668,4,back pain,2,86,147,65,16,97,36.4
30030669,2,headache,7,97,139,85,21,100,36.2
30030670,3,fall,7,105,133,121,21,100,35.8
30030671,4,knee pain,2,59,109,126,13,95,37.5
30030672,3,anxiety,7,87,113,67,10,91,37.1
30030673,4,chest pain,0,109,136,75,18,95,36.4
30030674,2,fever,10,97,149,94,22,93,36.6
30030675,5,knee pain,7,104,82,73,25,99,37.7
30030676,3,back pain,6,126,123,60,20,97,36.0
30030677,3,fever,6,85,142,71,19,96,36.1
30030678,3,headache,1,86,123,91,16,89,37.2
30030679,4,chest pain,0,110,112,56,18,92,37.0
30030680,3,headache,1,92,125,77,28,95,37.9
30030681,3,anxiety,4,119,140,77,15,100,36.7
30030682,2,knee pain,9,77,92,82,18,98,36.6
30030683,1,anxiety,9,108,99,104,9,98,37.1
30030684,4,anxiety,1,85,123,71,18,99,36.8
30030685,1,abdominal pain,6,72,125,102,20,99,36.0
30030686,3,knee pain,3,82,132,93,18,94,37.5
30030687,3,laceration,2,100,123,83,24,98,37.5
30030688,3,knee pain,7,73,122,89,20,100,37.6
30030689,3,laceration,0,95,118,116,16,100,38.3
30030690,2,shortness of breath,6,86,117,97,24,100,37.2
30030691,4,anxiety,7,87,126,61,26,99,37.7
30030692,2,headache,10,106,106,96,23,98,37.1
30030693,3,chest pain,6,76,134,100,17,95,36.6
30030694,3,knee pain,7,105,134,69,19,100,36.0
30030695,3,abdominal pain,5,67,112,89,24,93,38.0
30030696,4,shortness of breath,3,65,110,51,16,97,37.5
30030697,3,knee pain,1,86,148,78,13,92,37.2
30030698,5,shortness of breath,3,116,132,95,22,98,36.7
30030699,2,back pain,6,76,143,80,26,97,35.2
30030700,3,fall,2,86,126,40,19,99,36.4
30030701,5,knee pain,7,99,130,90,21,100,36.9
30030702,4,anxiety,2,93,116,61,20,98,37.5
30030703,3,knee pain,5,94,116,73,14,100,37.3
30030704,3,abdominal pain,6,93,121,93,20,90,35.0
30030705,3,fall,7,71,142,86,16,97,36.9
30030706,3,anxiety,7,99,135,87,31,100,38.2
30030707,3,fall,3,98,120,74,22,98,37.2
30030708,2,knee pain,7,87,103,48,22,99,36.8
30030709,3,fever,5,85,122,66,13,95,37.1
30030710,3,shortness of breath,1,110,125,96,14,100,37.0
30030711,1,chest pain,7,86,120,68,16,98,36.9
30030712,3,knee pain,6,55,120,88,22,93,36.8
30030713,2,chest pain,8,78,125,56,11,100,36.1
30030714,4,anxiety,6,102,151,101,16,96,38.6
30030715,5,abdominal pain,4,87,92,69,25,99,36.8
30030716,5,abdominal pain,2,91,112,93,22,97,35.8
30030717,4,back pain,5,55,168,76,23,99,36.5
30030718,4,back pain,7,102,94,79,11,95,37.5
30030719,4,fall,7,100,100,88,24,96,38.2
30030720,5,anxiety,1,94,149,45,17,100,36.6
30030721,5,fall,2,83,148,111,9,95,37.3
30030722,4,laceration,1,63,110,73,13,94,37.9
30030723,5,fall,6,104,100,105,18,98,36.8
30030724,3,abdominal pain,5,107,145,92,13,92,36.8
30030725,4,abdominal pain,3,76,115,68,16,100,36.4
30030726,4,anxiety,0,77,129,81,16,95,36.8
30030727,4,back pain,6,97,112,106,21,96,35.6
30030728,3,abdominal pain,5,86,149,68,19,89,36.7
30030729,3,abdominal pain,3,74,124,95,18,94,37.7
30030730,4,fever,0,61,123,78,18,95,37.3
30030731,3,fall,5,84,94,90,14,100,37.5
30030732,4,back pain,2,86,119,76,24,99,35.9
30030733,3,knee pain,1,85,151,65,19,95,36.3
30030734,3,laceration,1,61,131,84,15,91,38.2
30030735,3,fall,7,82,105,89,18,98,36.6
30030736,3,abdominal pain,0,84,128,86,16,97,36.8
30030737,4,headache,6,100,122,68,14,95,37.5
30030738,4,knee pain,1,79,142,72,21,96,35.9
30030739,3,knee pain,0,90,113,79,14,94,36.0
30030740,3,shortness of breath,5,82,145,84,25,96,36.7
30030741,5,shortness of breath,1,92,87,73,15,95,37.5
30030742,3,knee pain,6,49,90,82,13,95,36.6
30030743,2,laceration,8,71,95,75,20,94,37.4
30030744,3,anxiety,4,66,139,93,12,100,38.2
30030745,3,laceration,6,66,101,74,19,92,35.9
30030746,2,headache,9,84,138,83,13,96,37.5
30030747,3,back pain,0,59,89,74,21,88,36.7
30030748,4,headache,0,77,135,74,13,98,35.2
30030749,4,fever,0,81,108,74,21,100,36.6
30030750,3,laceration,3,92,134,101,18,100,36.9
30030751,3,abdominal pain,5,84,122,89,20,100,37.2
30030752,4,laceration,6,100,127,93,13,98,35.8
30030753,5,shortness of breath,5,101,122,75,19,98,37.8
30030754,3,shortness of breath,6,80,158,83,21,97,36.8
30030755,4,laceration,6,86,169,76,14,99,36.4
30030756,4,fever,6,76,113,60,18,98,37.8
30030757,2,laceration,9,74,112,87,21,97,36.0
30030758,1,headache,8,91,132,55,19,100,36.7
30030759,5,fall,2,97,133,76,20,96,37.5
30030760,3,shortness of breath,2,71,90,95,24,94,36.2
30030761,2,shortness of breath,6,112,137,81,22,98,36.3
30030762,3,shortness of breath,1,111,134,63,16,99,37.0
30030763,3,back pain,0,75,127,97,14,98,36.3
30030764,3,fall,7,67,153,87,19,94,36.9
30030765,3,laceration,2,72,122,70,15,100,39.0
30030766,3,shortness of breath,4,93,110,90,17,100,37.5
30030767,3,back pain,1,74,144,80,14,92,37.6
30030768,4,anxiety,2,93,142,85,18,100,36.7
30030769,4,anxiety,5,94,146,78,18,97,37.9
30030770,1,laceration,8,48,159,69,14,91,38.6
30030771,3,anxiety,6,95,111,84,21,95,38.0
30030772,4,anxiety,5,110,118,76,22,100,35.1
30030773,2,fever,8,74,147,87,13,99,37.1
30030774,4,shortness of breath,2,73,155,82,16,100,35.7
30030775,2,chest pain,10,59,137,77,16,99,37.3
30030776,2,shortness of breath,7,87,163,72,18,100,37.0
30030777,3,abdominal pain,1,81,141,47,21,95,37.1
30030778,2,fall,9,103,110,74,18,98,36.5
30030779,5,chest pain,7,115,139,96,23,94,36.0
30030780,3,abdominal pain,7,93,145,91,15,92,35.5
30030781,3,headache,3,103,136,94,18,99,35.4
30030782,2,shortness of breath,8,110,118,66,25,96,36.7
30030783,4,fall,6,91,169,64,21,95,36.2
30030784,3,chest pain,7,112,101,84,27,95,37.1
30030785,3,shortness of breath,1,71,172,107,18,100,36.1
30030786,2,abdominal pain,6,96,128,99,24,95,34.9
30030787,3,abdominal pain,2,55,152,96,27,97,36.6
30030788,3,headache,1,93,136,114,17,98,36.7
30030789,3,laceration,0,75,126,81,20,93,36.0
30030790,4,laceration,0,89,135,70,17,95,37.6
30030791,2,laceration,8,99,131,84,18,98,36.6
30030792,3,knee pain,3,95,143,59,16,100,36.8
30030793,2,fall,8,92,140,68,14,95,37.7
30030794,3,knee pain,0,86,116,73,16,94,37.7
30030795,3,abdominal pain,4,87,153,72,15,94,37.1
30030796,2,headache,7,87,128,45,21,98,37.8
30030797,1,fever,7,107,143,106,21,97,37.6
30030798,5,chest pain,6,67,146,97,10,97,37.3
30030799,3,back pain,4,58,130,75,18,98,37.3
30030800,2,fall,10,64,136,71,18,96,36.9
30030801,3,laceration,5,76,148,93,19,98,36.7
30030802,2,headache,6,106,130,62,11,95,36.1
30030803,2,shortness of breath,8,79,107,81,15,91,37.5
30030804,3,abdominal pain,6,85,110,78,9,95,37.3
30030805,4,shortness of breath,0,101,115,96,19,95,36.8
30030806,3,fall,6,75,109,64,24,93,37.7
30030807,3,knee pain,3,81,136,65,23,100,35.4
30030808,2,headache,7,87,97,71,17,100,36.8
30030809,4,fever,7,94,128,90,22,95,35.8
30030810,3,headache,7,85,115,86,19,100,37.5
30030811,3,abdominal pain,0,67,169,91,14,93,37.3
30030812,3,knee pain,0,74,145,92,17,99,36.5
30030813,3,fall,1,107,148,69,12,96,37.7
30030814,4,anxiety,3,102,89,98,15,96,36.8
30030815,4,fall,3,104,116,80,20,98,37.1
30030816,2,fever,9,86,122,78,19,97,37.1
30030817,3,chest pain,0,74,102,86,22,99,37.9
30030818,2,fever,8,75,131,76,8,93,37.1
30030819,2,headache,6,84,117,84,18,98,37.7
30030820,5,fall,4,63,116,74,23,94,37.1
30030821,2,fall,6,103,113,86,19,95,36.1
30030822,3,chest pain,3,73,135,57,20,97,37.2
30030823,3,shortness of breath,3,78,147,106,22,99,37.8
30030824,3,abdominal pain,6,90,96,76,16,95,35.6
30030825,3,headache,0,89,140,76,23,100,36.4
30030826,2,anxiety,7,85,110,80,11,97,36.9
30030827,2,knee pain,8,92,114,69,21,100,37.0
30030828,3,shortness of breath,4,73,151,69,11,95,37.1
30030829,4,back pain,7,96,119,77,19,94,37.0
30030830,4,fall,5,69,157,83,16,100,36.5
30030831,3,chest pain,5,109,126,104,17,94,36.8
30030832,3,headache,7,93,114,82,20,91,37.2
30030833,3,shortness of breath,3,52,115,111,12,99,37.8
30030834,3,back pain,4,108,96,86,19,96,38.0
30030835,3,laceration,2,81,107,56,26,99,37.7
30030836,3,abdominal pain,6,83,159,95,14,97,36.9
30030837,2,back pain,10,89,122,74,11,100,36.8
30030838,3,headache,4,96,125,72,17,96,36.6
30030839,3,shortness of breath,5,74,122,90,20,100,36.9
30030840,3,headache,1,73,106,83,21,100,37.5
30030841,3,abdominal pain,7,68,141,63,22,94,37.2
30030842,3,laceration,3,84,104,82,20,97,36.9
30030843,3,back pain,6,92,104,96,15,98,37.4
30030844,2,fever,9,71,149,106,19,98,36.7
30030845,3,knee pain,0,103,116,117,16,95,35.8
30030846,3,fever,6,102,114,71,23,95,38.4
30030847,1,fall,7,95,115,72,19,100,37.7
30030848,4,anxiety,0,94,120,57,13,99,37.6
30030849,2,abdominal pain,8,104,111,62,23,98,37.8
30030850,2,fall,8,79,137,75,19,99,35.9
30030851,5,abdominal pain,6,86,121,85,15,97,37.3
30030852,1,chest pain,9,102,105,82,13,94,36.3
30030853,2,back pain,9,81,125,94,15,96,37.2
30030854,2,anxiety,8,71,98,86,13,95,37.7
30030855,3,knee pain,6,96,97,78,20,97,37.4
30030856,5,chest pain,5,93,152,66,20,98,37.0
30030857,3,chest pain,1,77,148,84,15,97,36.2
30030858,4,chest pain,4,87,90,62,16,89,37.0
30030859,3,knee pain,0,76,125,64,19,100,37.1
30030860,3,fall,5,85,111,58,21,96,36.4
30030861,3,laceration,1,93,106,52,13,96,36.5
30030862,2,headache,8,94,136,82,19,97,36.8
30030863,3,knee pain,1,83,129,101,15,99,38.0
30030864,3,back pain,2,90,159,94,25,95,36.7
30030865,3,anxiety,7,110,127,68,12,98,37.0
30030866,4,back pain,3,77,142,94,19,98,37.7
30030867,3,knee pain,4,78,137,90,19,95,37.9
30030868,4,shortness of breath,1,97,96,81,22,99,37.0
30030869,2,headache,8,85,113,86,15,94,36.4
30030870,2,chest pain,7,91,127,71,14,94,38.6
30030871,3,chest pain,1,82,113,74,18,94,37.9
30030872,2,back pain,7,118,129,74,19,100,36.6
30030873,4,laceration,5,65,152,77,12,93,38.1
30030874,3,headache,3,104,133,58,12,99,38.4
30030875,2,headache,6,85,117,80,16,97,37.3
30030876,3,anxiety,1,92,105,88,25,100,38.5
30030877,3,chest pain,6,94,139,75,13,92,37.9
30030878,3,anxiety,6,87,158,69,20,100,37.1
30030879,4,anxiety,6,82,108,57,16,94,38.0
30030880,3,shortness of breath,3,75,143,91,17,94,37.1
30030881,3,headache,6,101,133,91,14,100,37.2
30030882,3,abdominal pain,5,78,170,104,21,94,37.4
30030883,3,headache,2,53,165,96,15,100,37.4
30030884,3,chest pain,3,88,125,73,12,97,37.0
30030885,2,fever,6,103,112,91,18,96,36.8
30030886,3,shortness of breath,6,57,127,74,25,100,36.9
30030887,3,shortness of breath,1,74,102,77,20,99,37.1
30030888,5,fever,2,71,118,92,20,97,38.8
30030889,3,anxiety,0,91,144,75,22,100,35.5
30030890,4,chest pain,2,83,109,82,13,95,36.7
30030891,5,knee pain,6,77,125,77,13,93,37.2
30030892,3,fever,3,90,137,99,18,94,37.5
30030893,4,headache,7,69,119,75,12,93,37.5
30030894,3,laceration,1,91,136,63,21,95,37.3
30030895,2,fever,6,69,149,51,19,98,37.2
30030896,2,back pain,9,82,139,86,19,96,36.8
30030897,4,abdominal pain,5,105,152,68,15,98,38.9
30030898,2,shortness of breath,8,89,159,84,16,89,37.8
30030899,5,fever,4,97,96,102,19,97,36.1
30030900,2,chest pain,8,79,120,84,24,96,36.3
30030901,2,shortness of breath,10,98,122,94,21,97,36.8
30030902,4,chest pain,0,48,103,80,16,100,36.2
30030903,2,anxiety,6,71,101,54,22,100,36.8
30030904,4,back pain,3,78,111,70,24,93,37.8
30030905,4,shortness of breath,3,85,126,66,25,97,36.3
30030906,2,anxiety,7,105,159,90,22,100,38.0
30030907,3,fall,2,95,146,73,19,97,36.7
30030908,3,anxiety,4,72,137,90,16,100,36.9
30030909,2,fall,7,101,119,78,22,95,35.5
30030910,3,fever,4,70,137,69,15,93,37.3
30030911,3,fall,0,71,132,83,17,100,35.6
30030912,4,fever,5,73,161,93,17,97,36.3
30030913,4,shortness of breath,0,92,144,109,18,100,36.4
30030914,3,fall,7,109,137,71,12,96,38.3
30030915,3,headache,4,72,112,90,10,95,36.9
30030916,3,headache,4,69,80,78,19,97,38.1
30030917,3,headache,2,69,89,102,13,95,36.7
30030918,3,back pain,0,80,132,88,22,96,36.7
30030919,4,abdominal pain,0,82,153,59,16,100,37.0
30030920,3,fever,7,79,135,79,13,97,38.3
30030921,2,shortness of breath,6,90,99,82,12,100,36.3
30030922,2,back pain,9,76,155,70,16,99,37.1
30030923,4,shortness of breath,6,91,96,89,22,98,38.3
30030924,1,anxiety,6,73,102,83,9,96,36.3
30030925,3,fall,3,87,96,78,13,96,35.5
30030926,3,fall,3,73,108,96,18,100,37.6
30030927,2,fever,8,92,140,91,20,98,36.7
30030928,3,headache,5,103,129,65,21,95,36.4
30030929,2,headache,7,107,114,64,15,100,37.2
30030930,3,back pain,4,81,94,98,18,97,38.1
30030931,3,fever,2,95,109,72,14,100,36.2
30030932,4,knee pain,1,108,120,85,22,94,37.4
30030933,2,knee pain,6,89,123,76,20,100,36.5
30030934,3,headache,1,68,164,80,19,94,38.1
30030935,5,headache,7,101,125,66,25,97,36.9
30030936,1,chest pain,7,73,100,92,18,95,36.4
30030937,3,abdominal pain,4,59,120,100,22,97,36.8
30030938,3,anxiety,5,91,144,65,18,100,37.4
30030939,3,back pain,3,81,130,90,21,100,36.5
30030940,3,fever,3,67,140,71,16,95,37.3
30030941,4,shortness of breath,7,87,121,77,18,97,39.2
30030942,3,fall,1,81,123,77,23,93,37.1
30030943,4,headache,0,84,99,64,23,100,37.3
30030944,3,back pain,1,91,116,68,13,95,37.6
30030945,4,back pain,1,74,139,77,19,100,38.2
30030946,3,laceration,6,86,136,107,18,97,36.7
30030947,2,laceration,10,82,102,66,20,100,37.7
30030948,3,laceration,6,96,90,94,13,100,37.5
30030949,3,shortness of breath,1,69,132,87,23,100,37.2
30030950,3,fall,3,78,159,111,27,92,37.4
30030951,4,chest pain,5,85,97,67,15,98,37.5
30030952,3,laceration,7,81,77,80,17,96,35.8
30030953,3,knee pain,3,99,115,92,21,100,36.5
30030954,4,shortness of breath,0,57,142,83,21,95,37.0
30030955,2,abdominal pain,9,58,125,48,19,95,37.6
30030956,3,fall,4,60,95,74,17,96,38.0
30030957,3,abdominal pain,0,85,121,40,11,94,37.2
30030958,4,knee pain,7,99,102,88,25,97,37.0
30030959,4,anxiety,4,102,133,99,13,95,37.8
30030960,3,headache,5,81,149,96,15,98,37.2
30030961,3,anxiety,0,74,184,67,15,96,36.9
30030962,2,fever,8,93,117,92,14,98,38.2
30030963,3,fall,5,79,140,70,20,99,36.6
30030964,2,knee pain,8,90,126,56,20,97,35.5
30030965,4,headache,5,113,158,68,13,99,37.9
30030966,1,fall,8,118,142,81,17,96,36.7
30030967,3,abdominal pain,3,47,124,77,20,100,35.8
30030968,3,headache,5,75,127,71,12,100,36.0
30030969,1,fall,6,73,116,84,14,99,36.8
30030970,4,anxiety,0,74,91,90,19,99,37.4
30030971,2,anxiety,10,95,106,62,21,94,37.1
30030972,3,laceration,4,94,127,76,16,97,37.2
30030973,3,laceration,5,91,91,99,18,92,38.1
30030974,3,fall,7,81,125,78,16,95,37.4
30030975,4,fever,4,66,114,84,21,97,37.6
30030976,2,anxiety,7,91,109,61,27,95,36.7
30030977,4,headache,3,105,174,81,9,98,36.5
30030978,3,back pain,3,83,126,104,22,100,37.4
30030979,3,shortness of breath,3,68,128,61,14,100,36.9
30030980,3,laceration,6,76,140,99,12,98,37.0
30030981,3,headache,5,85,127,77,21,94,36.4
30030982,3,knee pain,6,66,96,85,20,93,36.3
30030983,3,fall,1,74,120,88,19,97,36.8
30030984,3,chest pain,2,111,102,94,18,96,37.7
30030985,3,anxiety,2,87,115,66,13,92,37.1
30030986,3,shortness of breath,0,112,129,61,18,93,37.8
30030987,4,fall,2,81,123,97,19,94,37.1
30030988,3,shortness of breath,3,107,136,106,15,97,37.2
30030989,3,shortness of breath,3,69,79,63,21,100,36.0
30030990,3,fever,0,84,134,96,18,97,37.7
30030991,1,abdominal pain,6,70,125,80,23,99,36.7
30030992,4,headache,1,77,136,70,21,91,37.1
30030993,4,shortness of breath,3,89,156,99,21,96,36.2
30030994,4,shortness of breath,3,110,116,59,11,98,37.5
30030995,4,laceration,0,101,146,63,18,93,37.1
30030996,2,laceration,10,93,138,63,22,95,36.8
30030997,3,abdominal pain,0,78,92,103,20,100,36.3
30030998,3,laceration,1,81,104,97,24,95,37.5
30030999,3,knee pain,2,72,144,71,19,100,37.4
30031000,5,fall,1,77,136,73,16,95,37.7
30031001,3,chest pain,6,96,83,66,22,96,35.6
30031002,3,laceration,3,67,136,76,19,97,37.8
30031003,3,abdominal pain,2,67,105,98,21,91,38.0
30031004,5,chest pain,5,74,98,96,19,93,36.1
30031005,2,anxiety,9,90,116,82,15,96,36.3
30031006,2,headache,10,107,99,75,19,93,35.8
30031007,3,laceration,1,85,144,84,17,93,39.1
30031008,4,chest pain,6,71,111,53,12,100,36.5
30031009,2,anxiety,9,81,149,92,24,93,37.3
30031010,3,chest pain,1,73,147,89,17,100,36.7
30031011,4,anxiety,6,84,138,80,21,93,36.0
30031012,3,abdominal pain,1,77,93,51,18,96,38.4
30031013,3,chest pain,2,78,127,62,21,97,36.0
30031014,3,laceration,4,77,127,98,22,99,34.9
30031015,3,anxiety,7,106,99,93,16,98,37.0
30031016,3,fall,0,83,97,68,21,100,39.1
30031017,3,knee pain,6,72,133,87,17,98,37.0
30031018,2,chest pain,6,74,133,66,18,93,36.7
30031019,3,back pain,2,95,125,85,19,91,36.7
30031020,4,headache,1,78,134,55,17,96,37.8
30031021,3,knee pain,6,80,85,116,18,91,36.7
30031022,2,headache,10,84,135,66,16,95,37.0
30031023,3,abdominal pain,3,101,103,76,24,98,36.1
30031024,3,knee pain,6,77,143,85,24,96,36.6
30031025,3,chest pain,4,82,130,51,15,97,36.5
30031026,1,chest pain,9,99,97,99,20,95,36.2
30031027,4,fever,0,94,141,62,16,94,35.8
30031028,3,abdominal pain,4,81,105,97,18,95,38.2
30031029,3,chest pain,1,56,115,64,19,96,36.4
30031030,3,chest pain,1,73,104,65,13,100,37.0
30031031,4,fall,0,72,94,53,18,98,37.5
30031032,2,shortness of breath,8,86,108,67,16,99,37.0
30031033,3,fall,4,75,152,49,20,100,37.4
30031034,3,back pain,5,92,140,102,22,100,36.9
30031035,2,shortness of breath,6,73,126,87,8,100,37.3
30031036,2,fever,6,58,117,78,15,98,36.8
30031037,3,knee pain,7,70,117,63,15,93,36.9
30031038,2,laceration,7,97,130,69,24,94,36.7
30031039,3,headache,5,100,108,51,23,99,37.2
30031040,2,anxiety,6,86,157,75,17,94,37.6
30031041,4,shortness of breath,7,80,147,57,15,96,37.1
30031042,3,fever,5,95,97,73,24,95,37.2
30031043,3,fever,7,105,148,69,8,100,36.1
30031044,3,fever,7,51,120,68,12,94,37.7
30031045,3,knee pain,6,99,105,88,13,100,37.9
30031046,3,chest pain,0,106,135,91,23,87,37.8
30031047,3,headache,3,82,141,113,22,98,38.0
30031048,2,shortness of breath,7,81,112,80,14,99,37.2
30031049,3,chest pain,6,114,110,64,15,94,36.1
30031050,4,headache,2,85,105,58,16,97,38.1
30031051,5,knee pain,0,79,134,63,17,96,37.4
30031052,3,chest pain,2,79,102,82,14,97,37.4
30031053,5,fever,6,112,126,99,22,98,36.3
30031054,4,shortness of breath,0,88,140,68,19,100,36.2
30031055,2,headache,6,87,90,93,21,100,36.9
30031056,3,shortness of breath,5,88,106,81,24,97,37.9
30031057,5,abdominal pain,4,81,117,75,12,94,36.9
30031058,2,fever,7,93,130,86,18,96,37.4
30031059,4,fever,5,69,136,74,23,97,36.4
30031060,1,laceration,9,83,146,82,12,95,37.0
30031061,4,fever,1,69,157,84,13,98,37.6
30031062,3,chest pain,6,83,137,68,13,98,35.2
30031063,1,abdominal pain,7,74,122,63,24,93,36.7
30031064,3,back pain,5,58,110,71,17,100,36.4
30031065,1,knee pain,8,69,140,79,24,96,36.9
30031066,3,headache,3,80,142,63,22,95,37.1
30031067,3,chest pain,4,84,149,91,21,100,37.8
30031068,3,laceration,0,83,128,112,18,97,35.0
30031069,3,back pain,5,90,130,121,10,95,36.9
30031070,4,laceration,1,92,137,105,11,94,35.8
30031071,4,laceration,6,75,139,93,28,94,35.5
30031072,3,laceration,0,100,99,82,26,100,36.3
30031073,4,laceration,4,97,142,83,16,100,37.8
30031074,3,abdominal pain,0,64,135,63,12,96,37.0
30031075,3,knee pain,5,71,103,89,18,95,37.5
30031076,4,headache,1,78,115,49,16,99,37.2
30031077,3,laceration,6,83,106,103,18,96,37.3
30031078,3,fall,5,75,121,62,13,97,36.7
30031079,4,shortness of breath,6,82,107,98,16,94,36.5
30031080,4,fever,7,76,114,101,22,100,36.9
30031081,3,shortness of breath,1,101,159,79,25,96,37.2
30031082,4,abdominal pain,7,95,157,81,19,97,36.0
30031083,3,laceration,3,70,142,107,16,96,36.9
30031084,3,back pain,6,102,152,78,25,97,37.7
30031085,5,knee pain,2,93,133,74,14,92,36.9
30031086,3,fall,3,79,158,87,18,100,37.3
30031087,5,shortness of breath,7,92,113,78,21,98,36.5
30031088,2,shortness of breath,10,99,123,65,26,92,37.7
30031089,3,knee pain,4,78,138,79,23,100,36.7
30031090,4,back pain,1,63,109,70,25,94,36.7
30031091,3,fall,2,106,122,72,15,97,37.1
30031092,2,fever,9,96,158,102,18,100,36.8
30031093,3,laceration,0,82,159,98,22,93,37.8
30031094,3,headache,2,78,107,95,11,98,38.1
30031095,3,fever,6,76,116,82,20,100,37.1
30031096,2,anxiety,7,69,147,67,27,100,37.9
30031097,3,abdominal pain,6,85,116,54,16,99,37.0
30031098,4,fall,0,87,118,71,18,100,36.5
30031099,3,shortness of breath,5,102,119,67,20,97,37.3
30031100,1,fall,6,88,121,85,21,93,36.7
30031101,3,shortness of breath,5,73,118,69,19,96,36.2
30031102,3,shortness of breath,3,90,116,78,13,90,38.3
30031103,3,chest pain,7,70,105,98,17,97,37.7
30031104,2,laceration,8,96,162,73,27,94,35.9
30031105,3,fever,1,95,115,69,16,99,37.6
30031106,3,laceration,0,68,131,69,16,96,36.8
30031107,3,laceration,0,98,104,87,26,98,37.2
30031108,3,fever,1,86,127,82,16,95,36.0
30031109,2,fall,9,110,120,112,21,100,36.6
30031110,3,fall,0,73,132,84,19,99,36.6
30031111,3,headache,0,86,113,83,16,97,35.8
30031112,3,laceration,2,82,130,84,15,97,37.5
30031113,2,fall,9,73,115,85,12,90,38.0
30031114,5,headache,0,119,101,84,17,95,37.7
30031115,3,chest pain,3,83,145,70,7,96,35.9
30031116,3,fall,7,101,145,65,26,96,35.9
30031117,4,fall,6,100,138,75,18,98,38.5
30031118,3,fall,4,87,126,107,15,95,37.7
30031119,2,headache,6,86,92,65,23,100,36.3
30031120,4,abdominal pain,0,87,96,88,22,97,36.6
30031121,4,shortness of breath,3,103,130,76,17,98,37.4
30031122,3,shortness of breath,3,97,109,83,23,100,36.2
30031123,3,fever,6,77,128,92,18,94,38.4
30031124,3,knee pain,0,66,131,58,14,95,37.5
30031125,5,fall,1,115,104,59,23,97,39.0
30031126,3,anxiety,6,80,138,89,14,89,37.5
30031127,4,anxiety,2,74,120,57,12,100,36.2
30031128,3,fall,5,78,110,74,17,100,36.4
30031129,3,anxiety,6,102,121,71,17,98,35.6
30031130,3,laceration,7,104,126,121,16,91,37.2
30031131,4,anxiety,3,80,114,89,20,100,37.8
30031132,3,back pain,3,90,138,83,14,99,37.5
30031133,3,laceration,6,72,79,68,13,95,36.8
30031134,2,anxiety,9,54,81,68,16,95,37.2
30031135,3,anxiety,5,88,117,87,21,98,36.2
30031136,4,shortness of breath,7,80,164,111,18,97,36.6
30031137,3,back pain,7,113,155,73,20,97,36.4
30031138,3,shortness of breath,0,85,124,94,12,95,36.1
30031139,3,fever,2,82,123,76,18,95,37.7
30031140,4,fall,2,65,154,101,16,95,37.5
30031141,2,headache,9,92,92,92,21,94,37.8
30031142,3,anxiety,7,110,139,94,20,91,38.7
30031143,4,abdominal pain,4,59,129,77,14,96,36.3
30031144,3,fever,5,65,155,60,12,95,37.7
30031145,5,back pain,4,97,138,113,13,97,36.6
30031146,5,anxiety,4,60,153,75,15,95,37.0
30031147,2,fall,10,84,116,77,26,100,37.3
30031148,3,fever,2,63,109,65,16,95,37.3
30031149,3,chest pain,5,96,133,86,23,99,38.0
30031150,4,fall,2,109,133,53,22,91,35.9
30031151,2,anxiety,7,95,126,41,24,93,37.3
30031152,3,laceration,5,69,151,66,17,100,35.8
30031153,4,knee pain,4,111,155,90,22,100,38.8
30031154,4,fever,5,104,93,89,17,97,37.0
30031155,3,chest pain,1,106,154,67,21,100,36.9
30031156,1,laceration,8,107,133,110,22,100,36.5
30031157,2,back pain,9,74,134,76,17,96,37.4
30031158,2,back pain,7,87,132,77,22,100,36.5
30031159,3,headache,7,58,123,71,20,95,36.7
30031160,3,anxiety,3,77,108,53,17,99,37.8
30031161,2,fall,8,71,131,76,20,98,37.8
30031162,2,abdominal pain,6,76,130,107,25,98,37.5
30031163,4,back pain,7,99,125,68,11,94,36.2
30031164,3,headache,7,71,122,66,14,100,35.6
30031165,3,fall,6,63,119,75,17,93,37.6
30031166,2,back pain,6,98,134,88,23,96,37.1
30031167,2,anxiety,9,70,163,100,15,96,37.3
30031168,4,anxiety,5,86,133,81,17,97,37.3
30031169,2,laceration,8,91,120,66,25,95,36.3
30031170,3,fall,1,93,107,77,12,93,38.0
30031171,4,knee pain,1,80,121,113,19,96,36.8
30031172,3,headache,7,65,135,65,20,98,37.1
30031173,4,fall,7,72,180,64,21,99,37.4
30031174,3,chest pain,6,56,87,95,17,100,37.5
30031175,2,anxiety,8,107,118,79,18,95,36.3
30031176,5,fall,4,80,95,84,16,96,37.7
30031177,4,abdominal pain,2,106,90,74,18,98,37.2
30031178,2,abdominal pain,10,76,115,79,18,96,35.9
30031179,2,shortness of breath,8,97,117,77,20,92,36.2
30031180,3,chest pain,4,104,111,76,13,97,36.9
30031181,2,chest pain,7,111,142,64,15,100,37.3
30031182,3,headache,3,96,149,103,24,91,37.6
30031183,4,chest pain,3,99,124,78,23,100,36.7
30031184,3,anxiety,0,80,101,111,26,98,37.6
30031185,5,abdominal pain,1,73,122,84,13,97,37.7
30031186,3,back pain,5,79,85,56,16,97,36.3
30031187,3,knee pain,6,67,120,100,20,97,37.4
30031188,5,chest pain,0,60,101,55,18,98,36.6
30031189,2,knee pain,7,74,121,73,18,97,36.8
30031190,3,laceration,5,106,126,81,16,99,38.0
30031191,3,headache,4,81,110,99,15,95,36.5
30031192,5,chest pain,6,104,107,74,13,96,36.5
30031193,4,fever,6,79,114,78,19,95,36.2
30031194,3,chest pain,6,92,135,76,23,92,37.0
30031195,3,knee pain,0,84,120,67,17,96,37.2
30031196,3,shortness of breath,0,114,151,92,16,100,37.0
30031197,3,knee pain,6,91,126,79,17,99,38.1
30031198,3,anxiety,0,78,96,78,15,95,37.4
30031199,5,anxiety,7,69,123,108,24,95,38.1
30031200,2,back pain,6,84,121,63,18,99,38.2
30031201,4,headache,4,85,131,44,14,95,37.7
30031202,3,abdominal pain,5,77,126,90,16,93,37.4
30031203,3,chest pain,2,64,122,60,23,98,37.7
30031204,3,knee pain,2,72,132,71,14,100,36.3
30031205,3,chest pain,2,82,125,62,13,97,37.8
30031206,5,headache,6,74,124,35,18,97,36.3
30031207,5,fever,2,89,126,96,14,100,37.7
30031208,3,fever,3,99,127,88,16,100,37.4
30031209,3,fall,5,81,146,88,18,98,37.5
30031210,2,shortness of breath,9,82,99,51,17,96,36.5
30031211,3,back pain,1,90,131,84,17,99,37.5
30031212,3,abdominal pain,1,84,132,103,24,100,36.8
30031213,4,abdominal pain,1,98,108,69,14,99,38.1
30031214,3,anxiety,5,89,106,77,21,99,37.3
30031215,4,shortness of breath,4,92,101,83,18,95,37.9
30031216,2,knee pain,10,92,111,74,19,100,35.6
30031217,3,fever,3,104,154,83,20,95,37.1
30031218,3,chest pain,5,86,131,62,18,95,38.7
30031219,3,fall,7,114,132,79,17,96,37.7
30031220,4,shortness of breath,7,48,157,98,21,96,35.7
30031221,5,back pain,7,91,105,81,15,99,37.2
30031222,1,chest pain,10,96,169,84,22,95,36.3
30031223,4,laceration,7,68,137,67,16,97,36.8
30031224,5,back pain,6,93,133,79,19,100,38.7
30031225,4,laceration,5,102,128,64,19,98,37.7
30031226,5,back pain,2,103,142,84,18,96,36.7
30031227,3,fall,3,103,98,85,21,94,36.7
30031228,3,shortness of breath,3,83,129,52,18,96,37.6
30031229,3,fall,3,89,127,93,22,93,37.7
30031230,3,headache,6,76,109,57,15,96,39.4
30031231,3,chest pain,2,94,109,76,17,96,37.2
30031232,1,fever,6,74,136,89,17,96,35.8
30031233,3,chest pain,3,85,124,79,11,98,36.5
30031234,3,laceration,6,86,106,46,11,99,36.9
30031235,3,back pain,6,80,111,78,22,94,37.7
30031236,3,chest pain,5,100,139,63,17,100,36.2
30031237,4,fever,5,96,110,85,15,94,38.2
30031238,5,headache,1,88,99,79,20,95,36.0
30031239,2,back pain,8,95,127,83,23,97,37.2
30031240,3,headache,1,112,132,77,20,93,38.0
30031241,4,chest pain,4,74,80,77,24,98,36.9
30031242,3,back pain,3,88,133,86,16,100,37.1
30031243,3,anxiety,7,92,104,68,20,92,37.7
30031244,5,fever,2,104,105,72,20,94,37.4
30031245,4,laceration,1,68,100,44,13,97,36.7
30031246,3,fall,5,91,117,88,20,95,36.8
30031247,3,chest pain,7,97,131,99,19,100,37.6
30031248,3,chest pain,2,92,120,31,9,97,37.2
30031249,5,abdominal pain,6,78,92,83,17,95,36.5
30031250,3,fever,3,109,135,72,17,100,37.1
30031251,5,back pain,6,69,125,74,17,100,36.8
30031252,2,back pain,10,92,132,90,15,100,36.5
30031253,4,laceration,4,88,157,64,19,97,38.2
30031254,3,fever,0,88,87,58,23,92,37.0
30031255,3,abdominal pain,6,66,117,54,16,97,36.8
30031256,3,anxiety,1,79,158,100,15,100,37.2
30031257,2,chest pain,8,102,134,66,22,94,37.5
30031258,5,knee pain,3,107,143,96,8,96,37.6
30031259,3,fall,0,91,107,68,14,97,36.4
30031260,4,fever,3,89,156,78,25,94,36.8
30031261,3,fever,3,79,135,106,19,96,36.7
30031262,2,back pain,6,60,104,58,18,98,36.3
30031263,3,back pain,0,63,123,96,14,97,37.1
30031264,4,abdominal pain,4,81,141,82,17,98,37.3
30031265,3,abdominal pain,7,77,137,62,20,96,35.7
30031266,2,anxiety,10,88,127,92,19,99,36.8
30031267,4,abdominal pain,1,86,77,67,19,100,36.8
30031268,3,fall,2,89,136,84,15,97,37.2
30031269,3,fever,0,68,92,78,19,96,37.7
30031270,4,anxiety,7,82,113,57,19,94,36.5
30031271,1,headache,10,104,120,71,18,95,37.0
30031272,3,abdominal pain,3,123,105,102,17,100,37.8
30031273,4,laceration,5,102,122,55,12,97,35.8
30031274,2,abdominal pain,7,54,97,103,26,100,36.3
30031275,3,abdominal pain,7,105,117,74,24,96,36.8
30031276,3,headache,2,95,135,72,19,96,36.4
30031277,3,abdominal pain,0,86,113,63,21,99,36.4
30031278,4,shortness of breath,5,75,138,81,16,97,34.6
30031279,3,chest pain,6,62,143,96,14,99,36.1
30031280,2,laceration,9,66,159,112,20,98,37.3
30031281,3,back pain,3,103,119,71,18,97,38.0
30031282,1,anxiety,7,106,146,73,14,92,37.6
30031283,3,anxiety,2,86,102,85,25,96,37.5
30031284,2,back pain,8,76,127,91,20,96,37.9
30031285,5,fall,5,76,118,104,13,98,37.2
30031286,3,fall,1,97,137,77,17,100,37.0
30031287,2,back pain,7,94,146,70,16,99,37.2
30031288,3,anxiety,0,107,128,71,14,99,37.9
30031289,3,knee pain,5,84,118,72,22,98,36.9
30031290,4,headache,2,87,157,99,17,90,36.4
30031291,3,anxiety,5,86,109,72,19,99,36.2
30031292,2,shortness of breath,6,71,101,74,28,99,37.1
30031293,3,laceration,1,71,133,86,16,98,36.3
30031294,2,fall,8,87,122,87,18,99,37.0
30031295,4,fever,2,105,146,69,20,100,37.4
30031296,3,headache,4,95,143,99,23,92,37.3
30031297,4,anxiety,2,75,101,69,24,97,36.2
30031298,4,shortness of breath,3,82,106,82,27,96,37.2
30031299,3,shortness of breath,3,81,116,85,12,100,37.1
30031300,2,knee pain,8,95,124,111,20,94,38.3
30031301,3,anxiety,1,93,109,58,19,95,37.3
30031302,2,fall,10,74,117,72,14,100,36.9
30031303,2,back pain,8,86,115,73,13,95,37.1
30031304,2,shortness of breath,7,80,132,70,11,95,38.4
30031305,4,laceration,7,88,111,80,22,92,36.9
30031306,4,knee pain,0,87,147,97,10,94,37.7
30031307,1,abdominal pain,7,105,107,73,17,96,36.3
30031308,2,abdominal pain,9,99,82,55,18,97,36.2
30031309,2,knee pain,8,97,128,81,18,93,37.4
30031310,3,chest pain,6,92,114,82,27,95,37.1
30031311,3,fever,0,84,155,126,14,93,36.5
30031312,3,knee pain,1,72,129,97,20,94,36.6
30031313,5,abdominal pain,4,82,132,64,16,100,37.2
30031314,3,knee pain,4,84,140,85,23,97,36.7
30031315,3,back pain,7,74,149,61,20,98,37.0
30031316,1,shortness of breath,9,53,154,80,29,91,36.5
30031317,4,fever,6,85,113,89,18,99,37.0
30031318,3,fall,4,93,119,100,18,95,38.0
30031319,3,shortness of breath,7,78,112,85,14,96,36.8
30031320,5,knee pain,4,77,93,71,19,100,37.1
30031321,5,anxiety,0,82,153,92,8,94,37.4
30031322,3,chest pain,5,40,134,103,15,98,37.2
30031323,3,abdominal pain,2,66,135,78,14,92,37.0
30031324,2,headache,6,78,134,82,22,100,37.9
30031325,2,chest pain,10,66,105,75,25,95,36.9
30031326,3,abdominal pain,0,94,158,93,15,91,36.9
30031327,3,abdominal pain,2,89,113,69,17,94,36.8
30031328,4,abdominal pain,0,104,153,68,30,99,37.7
30031329,3,laceration,6,93,109,55,24,97,37.4
30031330,2,chest pain,7,66,110,84,22,97,35.9
30031331,1,abdominal pain,6,103,113,65,16,97,36.7
30031332,3,headache,7,63,85,93,16,96,37.6
30031333,4,fever,7,69,139,58,15,95,37.4
30031334,2,knee pain,10,80,128,77,16,93,36.8
30031335,4,headache,6,100,115,82,18,94,38.2
30031336,3,abdominal pain,1,89,127,68,9,97,37.3
30031337,2,headache,10,94,161,66,14,99,36.9
30031338,2,chest pain,7,87,147,107,18,100,35.9
30031339,2,anxiety,9,85,105,73,16,100,37.6
30031340,4,fever,1,106,122,85,20,97,38.4
30031341,3,fever,6,79,107,68,20,97,37.5
30031342,1,abdominal pain,9,95,94,113,23,95,36.3
30031343,3,back pain,7,101,136,103,20,100,37.4
30031344,4,fall,0,115,127,90,17,96,36.6
30031345,4,laceration,3,103,127,78,24,100,36.2
30031346,2,back pain,7,57,120,82,14,94,36.5
30031347,4,chest pain,2,79,126,82,17,96,35.8
30031348,3,headache,5,78,141,87,16,98,36.5
30031349,2,anxiety,10,56,129,81,14,100,37.4
30031350,3,fever,2,106,104,103,14,96,37.7
30031351,3,knee pain,5,104,131,69,10,96,36.9
30031352,3,knee pain,1,87,153,57,18,95,37.4
30031353,3,fever,4,72,96,103,16,100,36.1
30031354,3,fever,1,82,155,100,14,99,36.2
30031355,3,shortness of breath,4,110,130,78,15,93,36.8
30031356,2,knee pain,8,83,120,97,18,94,36.0
30031357,3,abdominal pain,5,76,124,87,15,98,36.7
30031358,1,abdominal pain,10,76,132,69,20,93,36.6
30031359,4,fall,6,99,116,67,11,96,36.7
30031360,3,abdominal pain,6,78,120,78,11,97,36.8
30031361,2,fever,9,91,115,78,17,98,37.0
30031362,2,headache,10,70,128,88,21,100,35.9
30031363,3,abdominal pain,4,123,119,77,18,99,39.0
30031364,3,headache,7,93,162,95,19,100,36.6
30031365,2,knee pain,8,117,135,93,15,94,37.7
30031366,2,headache,8,83,134,84,16,93,36.5
30031367,1,back pain,7,73,172,76,15,98,36.8
30031368,4,headache,2,86,112,72,20,97,35.5
30031369,4,anxiety,3,82,123,92,20,100,37.3
30031370,2,laceration,8,110,132,69,16,95,37.3
30031371,3,shortness of breath,0,66,124,59,24,97,36.7
30031372,3,chest pain,4,78,122,104,15,94,37.8
30031373,4,fall,0,95,162,97,23,97,37.9
30031374,3,chest pain,7,70,96,93,22,94,37.4
30031375,4,fall,4,72,88,95,22,95,37.1
30031376,2,headache,9,97,113,68,14,96,37.9
30031377,4,chest pain,7,65,98,69,21,99,36.5
30031378,2,fever,9,96,130,80,23,98,36.1
30031379,3,abdominal pain,2,76,163,86,25,96,36.9
30031380,4,headache,3,101,143,80,13,95,38.9
30031381,1,knee pain,6,86,156,82,17,93,37.1
30031382,3,chest pain,2,88,112,72,23,96,36.5
30031383,3,knee pain,1,85,157,97,16,95,37.9
30031384,2,knee pain,6,76,125,115,13,96,37.5
30031385,2,laceration,8,101,145,47,16,95,38.0
30031386,3,fall,5,81,136,100,19,100,36.4
30031387,3,back pain,4,112,126,73,17,97,37.6
30031388,2,fall,9,87,101,61,20,95,36.4
30031389,2,fall,7,76,128,60,17,97,36.3
30031390,4,back pain,4,76,131,70,23,97,36.9
30031391,2,fever,10,74,131,72,20,97,37.1
30031392,3,fever,6,97,112,113,16,100,37.0
30031393,2,shortness of breath,8,70,90,63,22,99,35.3
30031394,4,abdominal pain,0,90,157,65,17,95,37.3
30031395,3,shortness of breath,6,86,120,96,22,95,36.9
30031396,3,shortness of breath,4,102,125,101,21,99,39.1
30031397,3,abdominal pain,1,95,115,94,22,95,35.0
30031398,2,anxiety,9,57,131,77,19,97,37.5
30031399,4,back pain,6,81,159,88,23,91,36.7
30031400,3,fall,3,103,121,91,19,100,38.1
30031401,2,abdominal pain,9,98,147,77,17,100,38.6
30031402,3,fall,6,88,131,66,18,93,37.5
30031403,3,fever,2,87,114,93,22,100,35.4
30031404,3,anxiety,3,104,130,89,16,95,36.8
30031405,2,back pain,6,101,123,80,12,98,37.1
30031406,1,shortness of breath,10,74,133,67,16,100,36.7
30031407,3,knee pain,2,85,113,110,18,95,37.2
30031408,2,headache,9,67,111,56,21,100,36.5
30031409,3,back pain,2,76,107,74,23,94,36.7
30031410,3,shortness of breath,7,81,136,59,19,100,37.2
30031411,3,fever,0,110,151,80,20,96,36.9
30031412,3,fever,6,65,115,95,13,100,36.9
30031413,5,anxiety,0,104,131,78,12,97,37.2
30031414,3,fever,3,81,141,98,11,97,36.7
30031415,3,abdominal pain,4,72,125,57,19,100,37.8
30031416,5,fall,1,93,127,75,19,100,37.1
30031417,4,laceration,5,92,132,87,22,96,37.0
30031418,5,laceration,5,89,142,89,25,98,37.1
30031419,2,headache,6,103,116,90,11,98,37.3
30031420,3,fever,3,94,149,61,13,98,35.6
30031421,2,chest pain,10,75,146,66,19,95,37.4
30031422,5,anxiety,4,91,107,82,19,95,37.8
30031423,3,shortness of breath,3,92,117,88,20,97,36.2
30031424,2,abdominal pain,10,65,118,78,16,96,37.3
30031425,3,fever,3,95,129,71,16,98,37.6
30031426,2,fall,10,86,125,65,20,98,36.9
30031427,3,fall,2,90,139,76,18,99,37.3
30031428,2,fever,8,97,147,67,19,91,37.0
30031429,2,fall,10,105,123,104,16,99,36.0
30031430,3,laceration,4,75,105,68,18,91,36.5
30031431,3,shortness of breath,3,93,136,95,24,95,39.3
30031432,1,chest pain,9,66,124,88,26,99,37.5
30031433,3,laceration,0,118,140,77,11,96,37.0
30031434,4,laceration,6,72,128,72,23,95,38.0
30031435,2,abdominal pain,10,90,143,76,23,98,37.3
30031436,3,laceration,2,77,104,77,15,98,37.6
30031437,4,headache,3,79,98,81,17,100,37.0
30031438,4,knee pain,0,79,144,28,15,99,36.6
30031439,2,chest pain,10,80,121,75,17,100,38.5
30031440,5,abdominal pain,0,103,107,65,21,93,35.2
30031441,3,anxiety,3,86,88,103,15,94,37.8
30031442,4,back pain,5,74,129,72,21,99,36.7
30031443,4,fever,5,115,101,78,22,94,37.3
30031444,4,shortness of breath,2,68,146,99,19,99,36.9
30031445,3,laceration,7,118,138,102,19,100,36.7
30031446,3,shortness of breath,2,88,141,67,17,100,36.8
30031447,3,anxiety,5,84,124,81,18,93,36.0
30031448,4,fever,7,91,112,85,22,96,36.8
30031449,3,abdominal pain,4,97,122,74,25,100,36.8
30031450,3,chest pain,5,104,119,84,13,96,37.5
30031451,3,anxiety,6,76,103,54,12,100,36.1
30031452,2,shortness of breath,7,91,138,116,20,99,37.5
30031453,3,fever,4,61,103,50,21,98,36.3
30031454,2,abdominal pain,7,94,100,69,19,95,36.8
30031455,4,chest pain,7,108,115,76,18,98,36.2
30031456,3,chest pain,1,62,106,97,10,100,37.5
30031457,2,laceration,7,105,110,69,17,95,35.0
30031458,4,shortness of breath,3,58,138,64,18,99,35.8
30031459,3,back pain,5,81,133,64,23,95,37.3
30031460,4,fall,0,63,148,99,20,91,36.1
30031461,3,fall,0,98,155,69,19,99,38.2
30031462,4,abdominal pain,0,71,118,66,19,98,36.7
30031463,2,fall,6,87,143,100,12,98,37.2
30031464,4,back pain,6,89,132,83,21,100,37.3
30031465,2,fever,10,68,122,79,14,99,36.9
30031466,3,headache,7,53,104,81,11,100,37.3
30031467,3,headache,1,78,128,69,12,100,36.8
30031468,4,back pain,3,95,164,73,16,100,36.5
30031469,3,anxiety,2,87,138,94,17,98,36.7
30031470,5,headache,6,83,112,70,16,94,37.3
30031471,1,fall,7,95,131,76,17,94,35.5
30031472,5,laceration,1,56,96,89,16,100,36.8
30031473,3,fall,0,87,80,76,21,97,36.0
30031474,2,fall,10,91,121,50,10,95,37.5
30031475,3,fever,3,112,90,96,20,90,36.0
30031476,5,chest pain,0,100,101,76,15,98,37.6
30031477,3,shortness of breath,7,77,117,74,19,95,37.9
30031478,3,laceration,4,110,106,68,16,95,35.5
30031479,4,fall,0,94,134,76,19,95,37.9
30031480,3,laceration,1,85,115,76,20,95,36.9
30031481,4,fever,1,79,107,72,18,99,35.3
30031482,2,headache,9,93,130,103,21,99,37.4
30031483,3,knee pain,2,94,112,90,17,96,37.9
30031484,3,laceration,6,70,137,76,13,97,36.9
30031485,3,shortness of breath,7,74,118,116,12,100,38.3
30031486,3,fall,3,108,119,71,16,91,35.1
30031487,4,fever,6,96,99,69,23,93,37.7
30031488,4,fever,4,74,122,62,18,95,37.6
30031489,4,knee pain,7,86,155,86,17,100,37.8
30031490,2,headache,9,51,106,91,16,95,37.8
30031491,3,laceration,7,72,170,76,22,97,37.2
30031492,4,abdominal pain,5,75,180,41,17,92,36.2
30031493,4,fall,3,83,109,78,18,91,36.4
30031494,2,chest pain,6,93,159,57,21,97,37.0
30031495,3,shortness of breath,3,87,151,78,15,97,37.4
30031496,3,abdominal pain,2,69,170,99,24,95,37.2
30031497,2,knee pain,6,62,109,95,21,91,35.9
30031498,3,shortness of breath,3,80,138,73,26,98,36.9
30031499,2,chest pain,7,99,146,69,14,99,36.1
30031500,3,laceration,3,88,85,101,18,98,36.9
30031501,1,chest pain,10,80,158,70,20,100,38.0
30031502,3,fever,7,98,154,96,19,98,37.3
30031503,3,fever,4,106,126,78,18,99,38.4
30031504,3,anxiety,4,99,137,68,16,92,36.6
30031505,4,headache,2,102,147,98,17,100,36.5
30031506,1,anxiety,10,86,115,96,15,97,36.3
30031507,3,anxiety,2,86,99,92,19,97,36.4
30031508,3,abdominal pain,7,71,140,86,19,95,35.2
30031509,4,anxiety,6,73,148,86,18,95,37.4
30031510,2,knee pain,9,85,163,75,21,97,36.3
30031511,4,anxiety,2,73,109,64,19,99,37.0
30031512,4,headache,7,79,85,45,15,98,37.1
30031513,2,headache,10,64,122,82,14,98,37.5
30031514,3,knee pain,1,95,113,95,23,100,37.1
30031515,3,back pain,3,107,155,84,21,96,38.0
30031516,2,laceration,10,84,129,64,17,100,37.0
30031517,2,laceration,9,75,136,87,12,99,37.7
30031518,4,headache,5,74,112,56,21,96,37.0
30031519,3,chest pain,7,94,149,76,19,98,37.1
30031520,3,fall,4,94,97,97,16,98,36.3
30031521,2,chest pain,10,113,143,61,20,100,36.5
30031522,4,back pain,0,81,122,72,16,96,36.8
30031523,3,laceration,2,91,136,46,11,94,37.9
30031524,4,chest pain,2,88,95,98,19,97,37.6
30031525,4,abdominal pain,0,99,106,80,15,98,38.5
30031526,3,abdominal pain,3,78,124,103,20,94,36.2
30031527,3,back pain,5,54,100,66,14,97,36.7
30031528,5,fever,3,78,138,61,22,95,36.9
30031529,3,shortness of breath,3,122,91,97,13,100,36.9
30031530,3,headache,5,84,123,102,22,91,36.6
30031531,1,anxiety,9,91,152,104,13,95,36.7
30031532,4,chest pain,4,70,140,78,15,94,37.9
30031533,1,back pain,8,104,132,71,19,97,39.3
30031534,3,anxiety,2,71,133,109,13,95,37.2
30031535,2,anxiety,9,119,130,75,17,96,37.7
30031536,2,shortness of breath,7,107,90,63,23,98,36.1
30031537,2,knee pain,9,85,95,80,16,95,37.8
30031538,4,anxiety,1,81,99,121,20,94,37.8
30031539,4,fall,2,52,119,75,13,99,37.5
30031540,3,fall,1,111,151,83,16,99,37.5
30031541,3,knee pain,1,105,126,104,19,94,37.1
30031542,2,anxiety,8,89,100,96,26,93,36.2
30031543,4,headache,3,77,97,76,14,96,37.0
30031544,2,knee pain,7,89,141,87,23,92,35.8
30031545,3,knee pain,2,79,113,69,17,95,38.3
30031546,5,chest pain,0,91,130,70,19,95,36.5
30031547,3,abdominal pain,0,78,147,108,16,96,38.1
30031548,1,back pain,10,77,102,117,17,98,36.3
30031549,3,fever,4,98,156,90,15,97,36.4
30031550,3,knee pain,3,101,121,87,20,94,37.3
30031551,3,fall,2,96,141,63,17,94,36.7
30031552,3,fever,2,61,125,99,20,96,38.1
30031553,3,fever,6,97,112,114,21,100,36.9
30031554,3,knee pain,6,76,141,57,20,95,37.7
30031555,3,anxiety,1,87,138,78,20,98,38.9
30031556,2,chest pain,7,82,141,80,13,94,38.3
30031557,3,knee pain,5,44,103,70,24,92,37.5
30031558,4,headache,7,94,111,72,17,97,37.6
30031559,5,chest pain,1,118,157,81,27,95,36.9
30031560,4,headache,0,63,131,66,14,98,37.6
30031561,2,chest pain,6,91,153,97,18,98,36.0
30031562,3,knee pain,3,79,135,59,23,95,36.7
30031563,3,abdominal pain,0,66,162,70,19,98,37.3
30031564,3,back pain,6,72,155,59,6,100,37.1
30031565,2,back pain,6,95,137,110,19,100,35.6
30031566,4,headache,2,101,128,61,15,100,36.5
30031567,3,back pain,1,100,138,79,21,97,37.0
30031568,3,fever,3,64,131,65,13,98,36.1
30031569,4,chest pain,3,84,119,64,17,97,38.4
30031570,3,fall,0,99,119,81,14,97,36.0
30031571,2,laceration,6,84,87,95,20,99,38.7
30031572,2,knee pain,8,90,120,96,25,100,36.3
30031573,2,chest pain,8,63,128,100,16,93,38.8
30031574,3,back pain,2,76,114,96,22,100,38.0
30031575,5,abdominal pain,2,73,137,73,12,97,35.6
30031576,3,abdominal pain,1,90,138,62,18,96,36.2
30031577,4,back pain,0,91,115,69,17,96,36.7
30031578,3,anxiety,1,97,126,70,17,95,36.3
30031579,4,knee pain,0,82,140,76,12,96,38.2
30031580,3,laceration,4,46,127,75,17,100,37.3
30031581,2,knee pain,9,88,113,57,16,98,37.5
30031582,3,fever,5,83,102,79,15,91,37.5
30031583,3,shortness of breath,0,89,85,92,21,100,36.9
30031584,2,headache,9,100,132,82,16,97,38.2
30031585,3,shortness of breath,2,94,109,82,20,100,36.0
30031586,4,laceration,5,98,147,68,16,95,36.4
30031587,2,knee pain,8,66,150,87,17,93,36.8
30031588,3,anxiety,1,107,119,58,14,97,36.8
30031589,3,back pain,2,80,109,78,13,98,37.0
30031590,4,anxiety,7,76,93,73,11,93,36.5
30031591,4,laceration,2,71,112,83,19,95,38.3
30031592,3,laceration,5,73,123,73,20,93,36.7
30031593,3,back pain,2,112,119,43,17,94,36.7
30031594,2,headache,10,102,105,99,19,96,38.3
30031595,3,knee pain,1,89,149,92,17,97,35.9
30031596,3,back pain,7,105,120,73,20,92,35.1
30031597,4,back pain,0,91,123,91,16,100,38.0
30031598,3,chest pain,6,97,104,99,18,96,36.1
30031599,5,anxiety,1,99,109,63,23,99,36.7
30031600,5,knee pain,1,103,167,75,17,98,36.1
30031601,2,abdominal pain,9,66,131,98,25,95,36.9
30031602,2,headache,8,91,140,72,17,97,37.1
30031603,4,chest pain,3,58,146,83,18,100,36.8
30031604,3,abdominal pain,2,91,160,89,22,95,36.0
30031605,2,fall,10,62,129,54,19,100,37.3
30031606,2,laceration,9,80,106,80,22,100,37.8
30031607,3,shortness of breath,0,85,114,75,18,98,36.6
30031608,4,anxiety,0,97,156,50,13,97,35.6
30031609,3,fall,3,97,139,50,17,98,37.9
30031610,3,fever,1,44,102,95,12,91,36.8
30031611,3,chest pain,6,94,123,95,18,100,35.7
30031612,2,shortness of breath,7,104,155,60,20,100,36.9
30031613,3,knee pain,4,76,135,83,18,97,36.9
30031614,2,knee pain,9,64,114,78,18,95,37.5
30031615,2,fever,7,84,153,68,21,99,36.2
30031616,2,abdominal pain,10,98,140,59,15,93,37.3
30031617,3,knee pain,2,76,129,98,19,99,36.5
30031618,3,abdominal pain,1,81,106,83,14,97,36.7
30031619,1,shortness of breath,7,89,159,108,10,99,36.6
30031620,3,abdominal pain,6,88,150,78,13,95,37.9
30031621,3,chest pain,2,64,118,73,13,98,37.6
30031622,3,chest pain,5,79,141,92,19,98,36.0
30031623,1,chest pain,8,63,137,91,19,98,37.6
30031624,4,anxiety,1,87,113,68,12,100,38.1
30031625,2,laceration,9,83,107,51,23,94,36.7
30031626,3,fall,7,123,133,89,13,97,37.1
30031627,4,headache,7,102,129,91,23,96,36.4
30031628,4,chest pain,0,93,155,84,17,97,37.3
30031629,3,chest pain,5,74,107,61,19,97,36.5
30031630,4,fall,6,90,133,99,18,100,36.8
30031631,3,fever,5,94,84,76,18,98,36.4
30031632,4,headache,3,81,124,80,13,95,36.9
30031633,3,abdominal pain,0,96,131,93,17,95,36.6
30031634,2,shortness of breath,8,115,125,69,16,98,37.0
30031635,2,fever,7,103,134,84,20,94,36.7
30031636,4,knee pain,2,89,147,79,16,97,37.5
30031637,2,chest pain,6,83,110,81,20,94,36.9
30031638,3,shortness of breath,3,102,150,91,24,96,38.2
30031639,3,fall,6,84,149,84,12,98,38.0
30031640,3,laceration,7,83,131,76,15,92,39.0
30031641,3,fever,4,76,113,80,9,100,35.5
30031642,3,laceration,4,58,118,72,13,100,36.4
30031643,3,shortness of breath,0,112,120,87,15,98,36.8
30031644,4,shortness of breath,7,90,129,83,15,93,38.3
30031645,3,laceration,5,64,110,100,21,96,37.5
30031646,4,abdominal pain,5,69,134,64,14,100,37.5
30031647,1,back pain,7,72,153,74,27,98,37.4
30031648,4,chest pain,0,81,58,81,14,90,38.5
30031649,3,fever,2,101,172,60,14,100,38.6
30031650,3,chest pain,0,86,67,72,21,97,37.1
30031651,3,headache,4,94,136,81,21,97,36.8
30031652,3,fall,5,100,110,89,14,96,36.2
30031653,4,shortness of breath,7,73,120,72,17,95,37.9
30031654,3,headache,0,75,148,77,27,94,37.4
30031655,3,fever,3,86,110,88,15,93,36.1
30031656,3,back pain,0,108,112,101,19,98,36.2
30031657,3,shortness of breath,5,72,136,86,21,100,37.3
30031658,3,back pain,2,82,102,79,14,98,37.0
30031659,3,chest pain,0,87,121,39,22,99,36.4
30031660,2,fall,7,76,123,55,18,93,35.2
30031661,2,knee pain,8,103,122,63,18,100,35.0
30031662,2,laceration,6,97,164,58,20,97,36.4
30031663,3,fever,1,90,127,68,15,96,37.0
30031664,2,fall,8,90,133,66,27,99,36.2
30031665,5,shortness of breath,7,88,160,69,15,93,36.8
30031666,3,shortness of breath,7,92,153,77,14,92,38.1
30031667,3,abdominal pain,5,80,88,68,18,100,37.7
30031668,4,chest pain,4,67,141,87,20,95,38.0
30031669,3,back pain,7,95,135,51,24,100,37.0
30031670,3,knee pain,3,63,159,88,15,96,38.0
30031671,3,abdominal pain,6,89,133,71,17,97,34.9
30031672,3,laceration,0,102,141,65,17,96,37.1
30031673,2,shortness of breath,10,94,108,60,14,95,37.4
30031674,4,knee pain,0,79,135,71,15,100,37.6
30031675,1,shortness of breath,9,81,129,93,16,97,37.0
30031676,2,anxiety,9,107,146,64,13,95,36.1
30031677,1,laceration,6,97,149,69,16,97,37.5
30031678,3,fall,3,70,98,80,23,92,36.2
30031679,5,headache,2,84,97,79,20,95,37.9
30031680,3,abdominal pain,4,90,136,80,27,100,36.2
30031681,3,knee pain,3,91,125,51,18,95,36.2
30031682,3,headache,7,81,115,88,17,99,37.6
30031683,4,fall,0,91,93,116,26,96,37.0
30031684,3,back pain,1,79,113,73,15,94,37.3
30031685,2,chest pain,10,84,99,50,12,99,36.3
30031686,3,back pain,3,95,128,69,24,94,35.9
30031687,3,anxiety,2,83,138,91,19,99,37.1
30031688,3,anxiety,6,70,104,98,16,98,37.0
30031689,4,laceration,4,79,139,69,19,97,36.0
30031690,4,back pain,2,113,136,106,15,100,38.0
30031691,5,back pain,2,71,132,78,17,98,35.1
30031692,3,back pain,4,88,132,79,19,99,36.3
30031693,3,headache,0,89,121,69,14,96,36.5
30031694,4,headache,4,60,135,83,17,97,38.0
30031695,4,anxiety,0,100,140,48,16,94,35.9
30031696,3,knee pain,1,93,145,55,20,100,37.9
30031697,3,laceration,4,87,119,84,16,99,36.4
30031698,2,chest pain,10,91,137,53,24,94,35.6
30031699,3,knee pain,5,93,117,64,18,90,38.5
30031700,4,fever,0,72,122,87,12,97,37.7
30031701,3,headache,1,72,99,80,17,98,37.5
30031702,3,back pain,4,86,135,67,12,99,36.7
30031703,4,back pain,5,84,87,71,24,96,36.6
30031704,1,chest pain,10,92,159,79,22,94,36.5
30031705,5,fever,7,104,118,95,15,96,36.5
30031706,2,fever,9,95,131,77,25,98,36.9
30031707,4,laceration,7,87,112,66,22,99,39.0
30031708,2,back pain,8,77,100,106,13,97,37.6
30031709,2,anxiety,10,89,125,94,20,97,36.5
30031710,2,fever,7,72,137,75,17,92,38.7
30031711,2,chest pain,9,45,125,99,16,93,36.8
30031712,2,shortness of breath,8,93,94,94,21,99,37.7
30031713,4,fall,7,85,110,56,16,96,37.1
30031714,3,abdominal pain,4,96,61,93,23,96,37.7
30031715,2,headache,10,103,148,78,15,100,37.6
30031716,3,chest pain,0,95,109,83,18,100,36.9
30031717,3,back pain,0,86,162,87,10,92,35.7
30031718,3,fever,3,84,143,94,14,97,36.2
30031719,2,back pain,7,78,124,75,9,97,36.8
30031720,3,back pain,0,76,164,107,16,98,36.4
30031721,3,laceration,1,92,120,116,24,96,37.0
30031722,3,chest pain,7,105,119,108,20,100,36.3
30031723,3,anxiety,4,77,83,78,27,98,37.3
30031724,2,shortness of breath,8,103,138,98,22,94,35.6
30031725,2,fever,6,80,122,67,17,94,37.3
30031726,3,headache,7,82,127,94,18,100,36.1
30031727,3,fever,6,97,137,94,18,100,36.5
30031728,2,anxiety,7,96,149,80,15,97,36.7
30031729,3,fever,4,107,149,58,17,97,34.6
30031730,3,laceration,6,85,106,90,17,96,37.0
30031731,4,shortness of breath,1,93,140,69,17,97,36.6
30031732,3,abdominal pain,3,65,133,88,19,94,37.1
30031733,4,anxiety,1,76,131,77,17,98,36.7
30031734,2,back pain,6,69,135,89,17,96,36.8
30031735,1,fever,9,101,115,46,21,98,37.2
30031736,3,shortness of breath,6,88,92,102,20,99,37.7
30031737,4,fall,0,82,167,104,21,95,35.5
30031738,3,abdominal pain,2,75,117,71,20,94,37.9
30031739,3,anxiety,6,86,142,83,13,96,37.0
30031740,4,back pain,7,69,111,56,21,100,37.4
30031741,3,chest pain,4,75,167,54,20,98,38.3
30031742,3,headache,3,89,116,83,9,93,39.5
30031743,3,fall,1,76,122,99,16,100,37.6
30031744,4,headache,7,94,123,70,22,99,36.2
30031745,2,back pain,10,106,128,62,17,96,36.9
30031746,3,knee pain,1,76,121,85,17,100,36.1
30031747,3,back pain,2,60,123,75,16,97,35.6
30031748,3,knee pain,6,89,136,78,20,98,38.1
30031749,4,chest pain,5,86,154,82,16,96,37.3
30031750,3,chest pain,6,66,111,65,15,100,37.4
30031751,3,chest pain,7,100,129,64,21,100,37.0
30031752,3,fall,6,96,141,93,17,90,37.4
30031753,4,fever,3,78,146,111,24,100,38.3
30031754,3,abdominal pain,0,79,125,81,19,90,35.5
30031755,1,abdominal pain,6,54,130,90,10,100,38.2
30031756,4,fever,2,91,116,95,16,94,38.2
30031757,2,anxiety,9,62,76,105,14,98,37.7
30031758,3,back pain,5,78,111,75,14,93,37.9
30031759,4,chest pain,0,106,131,71,18,96,36.9
30031760,3,anxiety,1,96,98,66,16,96,35.6
30031761,1,anxiety,9,75,95,87,20,98,39.3
30031762,3,chest pain,4,95,138,73,19,97,37.0
30031763,3,shortness of breath,3,69,122,63,17,91,35.6
30031764,3,fall,0,91,102,75,19,98,37.2
30031765,3,abdominal pain,2,67,117,77,10,100,36.1
30031766,3,laceration,3,102,85,79,13,99,37.6
30031767,3,abdominal pain,7,63,94,69,21,95,36.5
30031768,3,laceration,0,103,137,81,17,97,35.6
30031769,3,laceration,3,69,137,88,15,96,36.7
30031770,2,knee pain,8,86,77,70,18,97,36.1
30031771,5,anxiety,2,94,113,96,17,100,35.9
30031772,2,laceration,8,79,103,74,16,95,37.3
30031773,5,fall,6,56,91,72,16,96,36.0
30031774,3,shortness of breath,2,110,117,90,19,100,37.3
30031775,5,headache,5,107,113,55,18,97,37.0
30031776,2,back pain,8,97,127,43,19,97,36.5
30031777,3,fever,0,96,131,76,25,96,37.1
30031778,3,headache,0,95,120,78,11,96,37.4
30031779,3,fall,5,65,159,71,16,98,37.2
30031780,3,headache,2,89,124,83,27,98,37.0
30031781,3,anxiety,2,69,126,89,16,100,37.5
30031782,2,headache,10,85,108,76,15,97,37.5
30031783,3,fever,7,98,123,79,12,99,37.7
30031784,3,knee pain,7,84,123,85,22,96,36.5
30031785,3,back pain,3,95,122,58,19,98,36.4
30031786,3,chest pain,6,92,116,61,19,98,37.8
30031787,4,back pain,0,93,123,82,22,100,36.8
30031788,4,abdominal pain,3,60,139,70,11,98,37.7
30031789,2,fever,7,80,161,76,16,97,37.0
30031790,1,shortness of breath,8,95,131,92,25,96,36.6
30031791,2,headache,8,119,109,93,19,97,37.1
30031792,3,back pain,7,111,154,70,17,92,36.4
30031793,4,chest pain,0,95,115,81,24,100,37.2
30031794,3,laceration,7,84,119,70,17,100,36.1
30031795,3,chest pain,1,87,139,92,12,100,36.8
30031796,2,headache,6,75,102,85,20,98,37.8
30031797,3,fever,0,83,126,74,15,97,37.6
30031798,2,shortness of breath,8,80,121,72,8,95,37.4
30031799,1,back pain,10,77,110,85,20,100,36.5
30031800,4,anxiety,1,84,142,66,16,100,38.1
30031801,2,back pain,6,92,138,69,17,95,37.4
30031802,1,fever,7,57,120,67,13,99,37.9
30031803,4,knee pain,6,88,168,68,14,99,36.5
30031804,2,fall,10,115,132,82,19,97,36.9
30031805,2,shortness of breath,7,53,110,91,15,96,37.3
30031806,3,laceration,5,92,116,89,16,95,37.9
30031807,4,laceration,2,57,150,70,19,94,36.7
30031808,3,back pain,0,87,137,86,11,97,37.1
30031809,4,fall,2,86,139,81,24,91,36.2
30031810,4,abdominal pain,4,85,143,88,20,97,37.4
30031811,3,chest pain,3,77,124,71,18,95,37.0
30031812,3,laceration,0,91,111,113,17,97,38.3
30031813,3,shortness of breath,0,57,136,69,17,96,37.3
30031814,4,chest pain,0,76,119,80,13,97,36.1
30031815,3,knee pain,7,55,156,88,22,95,36.4
30031816,3,fever,5,97,132,67,18,100,38.2
30031817,3,knee pain,6,85,169,78,17,94,36.6
30031818,4,shortness of breath,7,97,151,91,17,97,37.1
30031819,4,back pain,6,97,171,84,23,98,35.6
30031820,3,back pain,7,113,164,41,19,96,36.7
30031821,4,abdominal pain,6,94,112,75,19,97,36.4
30031822,3,abdominal pain,5,81,130,53,11,96,37.7
30031823,2,chest pain,7,100,110,72,18,100,37.3
30031824,4,anxiety,7,70,127,96,13,99,37.7
30031825,4,fever,7,88,148,100,8,95,38.3
30031826,5,fall,6,87,153,101,20,99,36.0
30031827,3,fever,5,88,157,70,18,97,36.0
30031828,2,back pain,7,83,135,80,14,100,37.7
30031829,1,back pain,6,76,142,80,18,94,37.1
30031830,1,chest pain,7,79,129,72,14,96,35.4
30031831,4,knee pain,7,75,132,75,15,100,36.7
30031832,4,headache,2,82,119,84,20,96,37.2
30031833,3,fever,5,97,147,72,16,94,36.7
30031834,3,chest pain,2,65,122,59,17,99,35.9
30031835,3,fever,5,91,115,70,16,97,36.8
30031836,3,shortness of breath,7,86,127,79,25,93,37.7
30031837,3,laceration,7,77,110,81,21,92,37.4
30031838,4,anxiety,5,77,93,61,17,100,36.0
30031839,4,knee pain,5,91,146,60,6,97,37.4
30031840,3,chest pain,2,96,93,61,17,96,36.2
30031841,3,shortness of breath,2,110,147,109,15,97,36.8
30031842,4,chest pain,4,71,126,72,12,99,37.0
30031843,5,knee pain,7,97,103,117,25,98,37.8
30031844,4,fever,4,86,140,59,28,93,37.7
30031845,3,headache,6,89,132,84,19,100,37.4
30031846,3,knee pain,5,64,121,80,20,98,37.4
30031847,4,anxiety,3,66,121,79,25,92,35.8
30031848,3,fall,4,88,124,69,19,97,37.5
30031849,3,chest pain,5,114,162,72,21,97,36.9
30031850,2,shortness of breath,7,91,134,101,22,96,37.8
30031851,3,fall,4,104,104,87,15,99,35.8
30031852,4,shortness of breath,3,77,126,75,19,94,37.5
30031853,3,anxiety,6,105,103,59,19,96,37.9
30031854,2,knee pain,9,91,142,72,19,94,37.5
30031855,2,shortness of breath,8,83,104,69,12,96,38.6
30031856,3,headache,2,89,129,84,24,98,37.3
30031857,4,abdominal pain,1,98,148,97,23,100,36.5
30031858,4,headache,6,58,112,76,22,97,38.2
30031859,2,laceration,10,90,102,73,12,96,37.6
30031860,3,shortness of breath,5,93,129,97,15,100,36.4
30031861,2,knee pain,7,72,117,87,16,95,37.5
30031862,3,headache,0,80,153,81,19,96,37.8
30031863,4,fever,2,74,117,64,19,98,37.7
30031864,2,anxiety,8,76,133,84,14,95,37.7
30031865,1,abdominal pain,6,80,136,90,24,100,37.9
30031866,4,fall,2,99,137,86,20,100,37.2
30031867,4,laceration,7,87,120,79,21,96,38.6
30031868,3,laceration,4,87,120,55,17,97,37.9
30031869,2,knee pain,6,87,155,44,14,96,36.3
30031870,3,headache,0,79,121,46,12,92,36.0
30031871,5,back pain,1,100,128,97,18,97,36.5
30031872,2,headache,8,88,116,73,15,98,36.0
30031873,2,headache,8,82,103,74,20,100,35.8
30031874,3,anxiety,0,94,114,124,19,96,37.9
30031875,3,knee pain,5,75,108,61,20,96,36.0
30031876,3,back pain,4,69,111,85,14,97,38.1
30031877,3,knee pain,4,67,108,74,22,98,38.1
30031878,3,chest pain,6,67,145,111,22,90,37.1
30031879,4,laceration,0,78,123,83,20,96,36.3
30031880,3,chest pain,6,66,138,65,13,99,36.6
30031881,3,knee pain,6,97,155,78,20,95,36.1
30031882,3,laceration,1,100,105,81,18,97,37.7
30031883,2,laceration,8,95,147,100,21,91,38.5
30031884,4,chest pain,1,68,123,97,19,100,37.2
30031885,3,anxiety,1,78,144,96,23,95,37.0
30031886,2,fever,10,108,143,71,15,99,37.5
30031887,4,back pain,5,104,81,69,22,100,37.4
30031888,3,laceration,5,99,102,78,24,97,37.5
30031889,4,abdominal pain,0,74,129,64,17,98,36.1
30031890,2,knee pain,8,111,159,89,12,100,36.2
30031891,4,headache,2,101,137,48,16,100,37.0
30031892,3,knee pain,2,92,108,70,15,100,36.4
30031893,3,fever,1,73,108,76,13,100,38.2
30031894,2,fall,10,64,144,102,15,91,36.0
30031895,3,anxiety,5,74,130,82,14,98,37.0
30031896,3,headache,0,98,155,77,14,99,38.0
30031897,3,fever,5,94,145,96,21,94,36.8
30031898,3,fall,2,107,117,63,22,97,37.2
30031899,3,abdominal pain,6,64,158,58,20,97,37.3
30031900,3,laceration,2,98,107,88,14,96,35.6
30031901,3,shortness of breath,4,71,118,82,16,98,38.4
30031902,3,abdominal pain,2,73,131,90,21,91,38.1
30031903,3,knee pain,2,91,107,87,18,100,37.9
30031904,3,fall,0,86,130,83,12,97,38.7
30031905,1,fall,6,89,108,72,17,98,38.1
30031906,4,chest pain,7,106,159,90,21,90,36.0
30031907,4,anxiety,7,124,123,90,9,100,36.2
30031908,2,laceration,7,99,113,72,18,96,37.2
30031909,4,back pain,6,61,134,74,20,97,38.0
30031910,5,laceration,4,59,117,85,21,99,38.2
30031911,2,laceration,7,93,120,65,22,96,38.5
30031912,4,abdominal pain,2,126,133,57,13,100,37.0
30031913,3,back pain,5,73,125,78,16,99,37.4
30031914,3,chest pain,2,93,149,71,10,96,35.2
30031915,3,fall,0,79,110,99,20,95,36.0
30031916,4,knee pain,2,95,116,71,18,93,36.9
30031917,2,chest pain,10,87,129,84,16,93,36.4
30031918,3,fall,1,79,153,104,16,99,37.6
30031919,4,anxiety,2,97,127,83,21,98,36.0
30031920,4,laceration,5,79,139,101,18,97,37.1
30031921,2,laceration,8,76,106,82,20,97,36.1
30031922,3,laceration,7,101,158,64,18,95,35.9
30031923,2,anxiety,6,104,104,85,21,97,37.1
30031924,3,chest pain,2,81,146,80,20,99,35.4
30031925,3,knee pain,0,75,186,80,23,98,37.0
30031926,3,anxiety,3,66,119,61,24,95,36.7
30031927,4,chest pain,0,102,132,108,15,96,37.5
30031928,5,laceration,1,98,99,76,19,97,35.7
30031929,3,fall,6,77,162,74,23,88,36.9
30031930,3,laceration,3,69,137,82,19,97,36.3
30031931,3,shortness of breath,4,104,107,73,25,98,35.2
30031932,2,headache,9,66,160,80,19,100,37.7
30031933,2,shortness of breath,9,97,113,105,23,92,36.0
30031934,1,fever,9,81,105,103,18,98,36.2
30031935,3,chest pain,1,90,125,86,16,94,36.5
30031936,3,back pain,0,88,117,75,15,100,36.2
30031937,3,chest pain,2,101,123,87,18,98,36.8
30031938,3,anxiety,0,83,107,83,19,93,36.4
30031939,4,fall,3,124,103,58,11,99,37.8
30031940,3,fever,1,86,151,75,15,99,37.8
30031941,4,headache,7,88,100,64,20,100,38.3
30031942,3,headache,5,78,121,90,13,98,36.6
30031943,2,knee pain,6,90,123,53,8,93,36.2
30031944,3,headache,1,75,115,85,20,99,36.9
30031945,4,back pain,0,67,139,84,22,96,36.4
30031946,5,anxiety,5,75,145,67,16,96,37.6
30031947,4,back pain,3,86,134,73,24,90,37.2
30031948,4,knee pain,0,101,102,97,15,96,37.4
30031949,3,chest pain,3,67,109,80,21,94,36.5
30031950,3,fever,1,59,141,79,26,100,36.3
30031951,2,chest pain,9,92,125,92,12,95,36.2
30031952,1,knee pain,7,61,115,87,17,91,36.5
30031953,3,back pain,3,89,135,112,19,92,37.8
30031954,3,shortness of breath,5,75,122,57,18,98,37.6
30031955,2,fever,10,87,119,115,25,96,37.5
30031956,2,anxiety,7,72,125,61,17,91,38.5
30031957,4,abdominal pain,2,73,109,62,19,96,37.1
30031958,3,fall,6,86,124,85,21,96,37.1
30031959,3,laceration,0,84,133,96,14,100,37.4
30031960,4,laceration,1,89,133,72,18,98,38.2
30031961,3,fall,4,91,108,58,19,91,36.9
30031962,3,shortness of breath,7,79,118,91,15,99,37.4
30031963,3,fall,4,85,116,83,18,98,37.4
30031964,1,shortness of breath,7,88,127,55,16,95,36.4
30031965,3,shortness of breath,0,89,110,96,13,96,37.9
30031966,4,headache,1,102,117,65,27,96,35.8
30031967,2,back pain,6,86,107,100,21,100,37.7
30031968,3,laceration,3,81,152,59,18,100,36.1
30031969,3,shortness of breath,2,94,110,105,17,98,36.9
30031970,2,knee pain,7,98,148,51,16,100,36.1
30031971,3,abdominal pain,4,83,115,106,10,100,37.4
30031972,3,abdominal pain,0,74,161,71,15,99,37.0
30031973,3,shortness of breath,5,87,88,79,18,98,37.4
30031974,3,back pain,5,59,120,106,17,95,38.0
30031975,3,back pain,0,81,115,52,16,93,37.9
30031976,4,abdominal pain,7,97,119,88,16,100,38.0
30031977,2,fall,7,103,122,100,14,97,37.5
30031978,3,fever,3,71,133,93,25,99,37.0
30031979,4,anxiety,5,82,116,52,24,96,37.3
30031980,3,anxiety,0,78,113,71,16,97,38.2
30031981,3,back pain,3,94,127,70,18,97,37.2
30031982,3,knee pain,0,112,137,60,17,96,36.7
30031983,3,chest pain,2,85,116,87,22,94,36.3
30031984,5,chest pain,5,54,132,83,21,97,37.3
30031985,3,anxiety,7,78,110,84,18,99,37.0
30031986,4,laceration,6,69,144,71,9,96,37.0
30031987,2,knee pain,7,72,133,91,21,95,37.2
30031988,4,fever,5,87,118,74,19,95,36.0
30031989,2,chest pain,9,112,105,88,18,100,37.2
30031990,3,shortness of breath,2,89,124,101,14,98,37.5
30031991,3,anxiety,4,75,105,102,16,99,37.8
30031992,3,knee pain,7,81,128,53,17,94,36.5
30031993,2,back pain,8,80,124,71,21,99,37.1
30031994,2,laceration,7,72,100,69,16,98,37.5
30031995,2,back pain,7,85,144,86,20,100,37.1
30031996,3,laceration,2,67,138,82,19,98,37.4
30031997,2,laceration,8,73,128,97,16,96,38.4
30031998,3,laceration,2,84,145,89,28,91,36.9
30031999,3,shortness of breath,1,87,127,87,19,100,36.8
30032000,2,fall,6,81,134,62,12,97,36.7
30032001,1,chest pain,7,85,94,85,23,98,38.2
30032002,3,fall,3,64,125,99,18,94,38.0
30032003,5,knee pain,6,73,110,73,11,100,35.8
30032004,4,chest pain,3,85,94,83,20,97,38.4
30032005,4,laceration,2,84,121,80,23,97,36.1
30032006,3,headache,6,81,149,75,16,98,37.0
30032007,4,fever,3,63,136,78,16,100,35.7
30032008,3,abdominal pain,4,84,130,77,13,98,37.3
30032009,3,shortness of breath,4,70,136,75,15,95,37.2
30032010,4,fall,3,68,168,66,20,97,38.1
30032011,3,fall,1,73,131,55,19,95,36.4
30032012,4,laceration,6,100,125,73,22,97,37.1
30032013,3,laceration,1,106,154,67,24,96,36.8
30032014,2,shortness of breath,9,88,121,57,16,100,36.9
30032015,3,laceration,5,64,168,88,17,98,38.2
30032016,3,knee pain,5,74,126,64,15,97,36.8
30032017,3,anxiety,0,50,111,61,21,100,37.4
30032018,4,abdominal pain,4,82,100,80,20,92,38.9
30032019,3,back pain,5,84,156,52,21,100,36.8
30032020,3,fall,1,100,126,103,16,96,35.9
30032021,3,fever,5,101,108,109,26,99,37.1
30032022,3,back pain,0,62,144,80,18,100,37.5
30032023,4,anxiety,5,78,110,84,22,95,37.1
30032024,3,back pain,2,77,110,83,20,100,36.8
30032025,5,knee pain,3,108,108,56,21,96,36.0
30032026,2,fever,8,84,101,85,17,98,37.5
30032027,3,headache,5,68,137,101,18,97,36.1
30032028,3,back pain,3,65,107,93,10,99,37.1
30032029,2,chest pain,6,77,156,67,19,99,37.5
30032030,3,shortness of breath,2,88,141,72,13,100,37.3
30032031,2,knee pain,6,80,113,51,20,99,37.3
30032032,4,back pain,3,82,131,73,18,95,35.2
30032033,4,abdominal pain,4,109,109,59,17,98,37.0
30032034,2,knee pain,10,90,95,73,16,99,38.2
30032035,3,abdominal pain,2,91,124,90,22,97,38.5
30032036,3,back pain,0,103,135,88,18,95,37.9
30032037,3,back pain,6,75,121,87,16,95,35.9
30032038,3,knee pain,2,74,84,76,24,97,37.8
30032039,3,laceration,2,86,138,94,26,98,36.1
30032040,3,chest pain,2,98,121,88,17,92,36.7
30032041,2,chest pain,7,71,138,91,26,96,37.7
30032042,4,anxiety,1,69,179,81,17,93,38.5
30032043,2,chest pain,9,117,133,75,17,96,38.1
30032044,4,headache,7,62,88,63,23,100,37.1
30032045,4,abdominal pain,3,74,120,77,18,93,37.3
30032046,3,anxiety,4,99,137,70,18,100,38.6
30032047,3,chest pain,7,46,137,71,20,98,36.6
30032048,3,fever,6,75,110,73,20,99,36.3
30032049,4,fever,5,109,128,69,20,97,36.5
30032050,2,fever,6,100,123,82,22,100,35.8
30032051,3,back pain,3,81,134,69,15,95,37.2
30032052,2,fever,7,90,103,89,15,97,37.1
30032053,4,back pain,1,95,107,88,17,96,36.4
30032054,3,fall,2,73,133,74,22,100,35.1
30032055,1,anxiety,9,67,111,73,21,98,35.9
30032056,3,anxiety,3,86,132,67,14,99,37.0
30032057,3,back pain,5,90,140,70,19,93,36.4
30032058,3,shortness of breath,4,93,151,83,13,93,36.2
30032059,3,laceration,6,93,152,73,13,95,36.9
30032060,3,back pain,6,88,106,93,13,98,37.0
30032061,3,abdominal pain,4,97,121,57,19,96,36.6
30032062,3,fever,2,83,158,69,16,97,37.0
30032063,3,fever,2,59,157,87,25,100,36.1
30032064,2,back pain,8,92,112,69,19,92,36.9
30032065,2,anxiety,8,83,112,71,19,100,36.0
30032066,4,back pain,7,66,123,101,13,93,36.1
30032067,3,knee pain,7,113,100,71,18,97,37.8
30032068,3,fall,4,94,151,71,19,94,37.3
30032069,2,shortness of breath,6,65,114,66,14,96,35.8
30032070,3,headache,5,120,161,67,19,100,36.5
30032071,3,shortness of breath,7,102,173,76,13,95,35.5
30032072,4,headache,7,64,122,55,25,99,38.2
30032073,5,knee pain,7,98,129,87,15,95,38.3
30032074,3,anxiety,4,67,111,81,24,98,36.4
30032075,2,chest pain,10,107,137,81,16,99,38.8
30032076,2,shortness of breath,7,68,124,73,21,97,36.9
30032077,3,fever,0,61,166,75,19,96,36.7
30032078,4,knee pain,6,73,112,57,18,91,38.9
30032079,4,laceration,7,93,124,61,18,96,38.4
30032080,4,chest pain,6,107,136,84,13,100,37.0
30032081,4,laceration,3,89,138,81,16,95,36.4
30032082,1,back pain,7,86,107,92,17,100,36.7
30032083,2,shortness of breath,10,58,162,67,19,97,38.2
30032084,4,fall,5,106,156,89,18,94,38.1
30032085,2,headache,7,75,113,86,25,100,36.1
30032086,4,laceration,5,107,143,99,15,100,36.8
30032087,3,anxiety,1,75,86,82,19,96,36.9
30032088,3,shortness of breath,7,88,175,88,11,91,37.3
30032089,4,knee pain,0,104,132,88,18,94,35.9
30032090,3,laceration,2,79,128,67,19,97,36.3
30032091,4,fall,6,101,138,62,23,95,38.2
30032092,3,laceration,3,130,130,75,20,89,36.1
30032093,3,shortness of breath,4,97,92,72,17,97,37.6
30032094,4,chest pain,0,105,93,73,20,100,35.8
30032095,4,shortness of breath,4,85,107,68,17,98,37.7
30032096,5,abdominal pain,6,96,111,99,23,100,37.9
30032097,3,laceration,6,84,118,87,22,98,36.9
30032098,5,headache,0,74,111,93,17,97,35.7
30032099,4,knee pain,1,77,163,61,13,97,38.1
30032100,4,headache,6,75,127,58,22,97,37.1
30032101,3,laceration,4,92,135,77,11,95,36.2
30032102,3,headache,2,79,142,34,20,100,35.9
30032103,1,headache,6,88,101,81,23,91,37.9
30032104,3,fever,0,79,81,73,20,95,37.9
30032105,3,knee pain,2,52,140,80,20,99,37.6
30032106,3,laceration,1,94,97,75,22,97,37.0
30032107,1,headache,7,75,136,78,23,97,37.1
30032108,3,back pain,4,111,101,73,13,97,36.7
30032109,4,chest pain,7,71,129,73,21,94,37.5
30032110,4,fever,2,72,119,89,15,100,35.7
30032111,3,knee pain,5,80,101,83,17,94,38.5
30032112,3,headache,2,101,141,43,10,96,36.6
30032113,3,chest pain,7,92,115,83,19,96,37.4
30032114,1,anxiety,9,92,102,75,21,99,36.4
30032115,5,fever,7,65,202,84,21,97,37.8
30032116,1,fall,8,70,127,72,20,93,36.4
30032117,2,headache,7,83,112,73,19,94,36.9
30032118,2,chest pain,7,104,109,79,23,100,36.8
30032119,3,knee pain,6,103,112,67,17,99,37.1
30032120,5,laceration,6,84,118,82,18,98,36.5
30032121,2,anxiety,6,73,133,81,18,100,37.5
30032122,3,laceration,7,91,115,106,12,97,37.2
30032123,5,abdominal pain,7,101,103,74,11,91,37.1
30032124,5,laceration,5,66,116,90,17,96,37.1
30032125,3,headache,7,99,113,74,24,100,36.6
30032126,2,shortness of breath,6,83,108,100,20,99,37.0
30032127,3,knee pain,0,84,141,71,18,96,36.1
30032128,2,chest pain,10,107,117,84,23,100,36.8
30032129,3,knee pain,0,93,114,55,17,94,35.9
30032130,3,laceration,1,94,161,62,16,96,38.0
30032131,3,chest pain,0,59,107,90,19,100,37.6
30032132,2,anxiety,6,111,124,105,15,97,39.1
30032133,1,knee pain,10,77,116,71,16,98,37.5
30032134,3,back pain,5,81,125,64,22,96,36.9
30032135,2,shortness of breath,6,101,147,97,18,100,36.6
30032136,3,knee pain,7,43,136,87,20,94,36.5
30032137,3,back pain,7,82,142,96,13,90,36.3
30032138,3,knee pain,3,75,113,101,20,100,37.9
30032139,2,abdominal pain,6,112,139,67,18,99,37.7
30032140,5,anxiety,1,102,123,64,14,99,37.1
30032141,2,fever,7,76,123,95,13,95,36.0
30032142,4,chest pain,7,92,136,71,27,97,36.4
30032143,3,shortness of breath,2,86,129,88,19,94,36.1
30032144,3,headache,4,49,110,62,21,98,36.4
30032145,3,fever,0,90,104,76,21,100,37.7
30032146,3,chest pain,1,88,124,68,18,96,35.4
30032147,3,fever,3,64,125,73,22,99,36.3
30032148,3,anxiety,0,69,139,51,20,98,37.1
30032149,3,abdominal pain,3,87,130,71,18,96,37.8
30032150,5,chest pain,3,81,103,85,15,100,38.5
30032151,4,shortness of breath,1,67,115,68,13,94,37.0
30032152,3,fall,6,95,132,73,26,95,35.0
30032153,2,anxiety,10,76,101,58,25,96,38.7
30032154,3,anxiety,4,95,138,95,14,100,37.6
30032155,3,shortness of breath,4,52,120,91,13,97,36.7
30032156,3,laceration,1,77,150,114,14,96,36.7
30032157,3,abdominal pain,4,70,139,82,23,100,37.3
30032158,3,anxiety,6,93,119,77,21,98,37.4
30032159,5,headache,0,83,129,65,19,96,37.5
30032160,2,fever,10,82,104,61,22,100,37.1
30032161,3,back pain,4,68,123,67,9,99,35.2
30032162,3,back pain,7,92,116,79,16,100,37.3
30032163,3,abdominal pain,4,106,134,109,16,100,35.9
30032164,4,back pain,3,70,163,59,25,99,37.6
30032165,3,abdominal pain,7,96,135,74,21,92,35.8
30032166,3,headache,0,84,151,80,20,97,36.7
30032167,5,knee pain,6,77,89,101,20,98,37.3
30032168,2,chest pain,8,102,144,99,20,96,37.5
30032169,1,chest pain,9,75,145,90,18,93,37.5
30032170,4,fever,0,82,148,92,14,99,37.0
30032171,5,abdominal pain,6,96,99,79,20,91,36.6
30032172,3,chest pain,2,76,109,95,25,97,36.4
30032173,3,headache,1,89,83,79,14,97,37.2
30032174,3,anxiety,6,73,139,82,19,99,38.2
30032175,3,chest pain,2,97,109,109,25,99,36.9
30032176,3,headache,2,98,156,81,21,96,37.2
30032177,3,chest pain,5,71,144,89,17,96,37.2
30032178,4,shortness of breath,2,56,159,80,16,99,38.1
30032179,3,abdominal pain,4,62,111,90,22,95,37.9
30032180,3,back pain,4,82,133,80,15,100,36.6
30032181,4,shortness of breath,0,101,120,82,20,100,36.2
30032182,3,anxiety,0,70,130,86,20,96,35.1
30032183,3,chest pain,3,71,117,94,18,99,36.7
30032184,2,fever,9,93,128,87,12,98,37.8
30032185,1,headache,6,89,142,75,21,93,37.4
30032186,3,shortness of breath,0,68,163,83,14,99,38.5
30032187,2,shortness of breath,8,87,144,87,17,92,38.1
30032188,3,laceration,2,91,93,80,24,94,37.3
30032189,4,fall,7,74,116,83,22,94,37.1
30032190,3,anxiety,3,90,129,94,22,94,37.0
30032191,4,knee pain,3,92,113,57,18,98,36.2
30032192,4,shortness of breath,1,74,119,74,10,93,36.7
30032193,3,back pain,0,87,91,75,14,96,37.1
30032194,1,knee pain,10,77,116,65,16,95,37.9
30032195,1,fall,6,78,114,68,13,99,36.7
30032196,3,abdominal pain,1,90,131,77,18,98,37.1
30032197,3,fall,7,68,203,89,22,97,37.4
30032198,3,shortness of breath,4,89,86,73,15,95,36.0
30032199,3,fever,6,86,92,73,27,96,37.9
30032200,3,abdominal pain,5,77,136,83,13,92,37.5
30032201,3,laceration,2,83,129,72,20,93,36.9
30032202,2,laceration,8,79,109,72,20,98,36.4
30032203,3,knee pain,3,78,108,59,18,96,36.5
30032204,2,fever,9,99,176,75,22,96,38.3
30032205,3,shortness of breath,5,89,151,56,15,99,35.5
30032206,2,shortness of breath,6,95,142,88,16,100,36.7
30032207,3,anxiety,0,104,155,93,15,99,35.6
30032208,3,laceration,0,66,146,79,16,100,37.5
30032209,4,chest pain,1,74,122,90,19,100,37.6
30032210,2,anxiety,6,72,154,64,19,99,36.6
30032211,4,back pain,1,92,115,101,12,100,37.3
30032212,4,fever,1,94,95,51,11,98,37.1
30032213,4,knee pain,3,61,101,73,18,92,36.8
30032214,3,shortness of breath,1,75,127,91,19,98,36.1
30032215,5,fever,4,91,103,77,23,96,34.1
30032216,2,fall,6,89,162,74,19,99,35.7
30032217,3,fall,2,77,123,76,25,96,37.3
30032218,5,abdominal pain,0,105,117,78,20,100,36.8
30032219,1,back pain,10,72,153,81,19,99,38.3
30032220,4,anxiety,3,83,120,75,21,97,36.8
30032221,4,back pain,5,77,158,74,19,99,36.5
30032222,2,abdominal pain,8,56,140,87,22,96,37.0
30032223,3,fever,5,73,118,50,19,99,38.7
30032224,2,laceration,8,73,176,47,26,98,37.3
30032225,4,back pain,6,69,109,103,20,96,37.1
30032226,3,headache,1,90,115,77,21,94,37.3
30032227,2,headache,7,95,144,48,17,100,35.7
30032228,3,fall,4,64,107,86,17,99,37.6
30032229,3,chest pain,7,83,138,84,25,100,36.9
30032230,3,fall,6,76,89,62,22,96,37.3
30032231,3,laceration,3,77,74,57,14,91,36.4
30032232,4,chest pain,1,87,113,79,20,100,36.1
30032233,3,headache,3,92,113,79,12,99,36.4
30032234,3,shortness of breath,4,86,113,97,15,97,36.7
30032235,4,fever,1,93,139,75,20,94,37.3
30032236,1,back pain,10,71,141,57,16,98,36.8
30032237,2,laceration,8,89,96,91,21,99,35.7
30032238,3,chest pain,2,99,112,84,19,95,38.4
30032239,3,knee pain,6,94,140,106,12,96,37.8
30032240,3,headache,0,117,116,86,19,98,38.6
30032241,5,laceration,6,93,109,81,23,95,36.9
30032242,4,back pain,6,69,121,95,17,97,36.4
30032243,3,shortness of breath,2,89,105,62,14,98,37.6
30032244,4,knee pain,2,75,118,83,20,98,36.7
30032245,2,chest pain,6,83,138,111,15,97,36.9
30032246,2,headache,6,79,116,84,18,98,36.1
30032247,3,chest pain,5,92,91,73,14,94,36.6
30032248,3,knee pain,1,94,165,80,18,95,35.5
30032249,4,anxiety,7,81,118,72,14,94,37.5
30032250,5,knee pain,6,96,148,87,16,100,36.7
30032251,4,knee pain,0,89,107,71,16,95,36.7
30032252,3,laceration,2,88,136,107,17,97,38.9
30032253,2,headache,10,109,92,68,24,100,35.9
30032254,3,headache,2,67,125,89,19,100,36.5
30032255,1,laceration,6,89,136,67,15,98,37.3
30032256,2,fall,9,105,116,83,17,94,38.0
30032257,3,anxiety,1,87,100,101,13,90,37.2
30032258,3,abdominal pain,6,88,122,54,20,97,37.0
30032259,3,chest pain,7,60,110,90,15,99,36.4
30032260,2,fever,8,79,118,97,23,100,37.6
30032261,3,abdominal pain,2,88,145,75,20,99,36.4
30032262,2,fall,9,92,138,71,18,98,36.9
30032263,2,laceration,8,88,119,95,22,97,37.6
30032264,3,chest pain,3,51,128,66,18,94,37.8
30032265,3,fall,0,84,102,68,10,94,37.1
30032266,3,headache,1,101,119,63,20,93,36.3
30032267,1,headache,6,68,125,94,18,96,37.9
30032268,3,laceration,4,75,112,57,12,99,37.4
30032269,4,anxiety,5,81,132,60,20,100,36.5
30032270,3,abdominal pain,3,107,140,83,19,100,36.9
30032271,3,fall,2,101,114,96,15,96,35.9
30032272,4,fever,1,88,121,55,18,100,36.0
30032273,3,laceration,2,107,124,95,22,95,35.7
30032274,3,laceration,7,100,120,92,22,100,35.2
30032275,2,knee pain,8,76,101,75,14,100,38.1
30032276,2,abdominal pain,7,76,141,84,15,96,37.5
30032277,2,knee pain,6,73,187,83,17,93,37.0
30032278,2,shortness of breath,6,102,123,109,17,100,37.8
30032279,3,shortness of breath,7,89,115,78,23,100,36.8
30032280,3,headache,6,83,114,83,25,97,37.6
30032281,3,knee pain,5,77,136,86,20,99,37.5
30032282,3,fever,0,92,125,63,21,92,36.6
30032283,3,anxiety,2,99,157,104,12,98,37.1
30032284,3,laceration,6,73,113,107,18,95,37.2
30032285,4,chest pain,0,91,147,84,18,100,36.6
30032286,3,abdominal pain,6,88,148,98,20,93,37.3
30032287,2,fever,10,76,90,80,18,100,36.1
30032288,3,abdominal pain,1,69,132,70,22,100,37.5
30032289,3,anxiety,3,104,112,86,21,96,36.7
30032290,2,anxiety,7,86,117,73,19,97,35.5
30032291,2,chest pain,8,90,159,71,21,96,35.7
30032292,3,back pain,1,82,126,71,16,98,35.6
30032293,3,shortness of breath,4,78,103,79,21,96,37.7
30032294,3,fever,3,81,125,81,15,98,37.3
30032295,3,chest pain,1,86,90,88,15,94,36.9
30032296,4,fever,2,72,122,88,14,100,37.0
30032297,3,fall,3,106,111,85,20,96,37.1
30032298,3,abdominal pain,6,59,140,99,17,96,35.7
30032299,3,fever,6,113,122,72,16,97,36.6
30032300,1,fever,10,79,99,92,22,97,37.0
30032301,5,laceration,7,95,113,44,15,94,37.5
30032302,3,abdominal pain,6,102,162,78,16,98,38.4
30032303,3,anxiety,6,80,84,64,20,99,37.2
30032304,4,headache,2,103,119,70,19,96,36.2
30032305,2,abdominal pain,6,69,121,93,20,93,38.5
30032306,1,anxiety,6,81,129,70,18,99,37.0
30032307,2,anxiety,8,77,117,122,16,95,37.3
30032308,5,anxiety,7,67,70,80,21,100,37.9
30032309,2,anxiety,10,101,126,68,9,95,35.4
30032310,3,knee pain,0,92,87,76,19,100,37.3
30032311,3,chest pain,7,71,78,83,19,96,36.6
30032312,2,abdominal pain,8,85,152,72,20,95,38.4
30032313,4,shortness of breath,2,96,75,100,18,100,36.2
30032314,4,fever,4,65,102,78,15,99,37.4
30032315,3,chest pain,0,96,128,80,20,87,37.8
30032316,2,laceration,6,89,120,65,17,98,37.0
30032317,4,shortness of breath,1,62,134,96,16,97,36.1
30032318,3,laceration,0,76,142,50,17,100,36.8
30032319,2,anxiety,8,73,93,98,15,94,38.0
30032320,3,fever,6,90,125,70,21,92,36.6
30032321,3,fall,1,74,90,62,15,93,36.6
30032322,3,knee pain,4,93,100,64,21,94,37.9
30032323,3,anxiety,3,88,128,76,20,99,36.7
30032324,1,headache,8,71,95,61,17,96,38.2
30032325,4,anxiety,6,80,99,77,15,93,37.3
30032326,3,fall,3,90,122,110,9,100,36.4
30032327,5,fall,4,70,113,60,20,94,38.0
30032328,2,back pain,10,72,101,81,13,100,36.9
30032329,4,fever,3,96,110,77,19,98,36.3
30032330,3,shortness of breath,7,103,132,75,19,95,37.0
30032331,3,laceration,7,105,139,122,23,93,36.0
30032332,3,anxiety,7,79,118,52,28,98,36.6
30032333,3,abdominal pain,6,86,107,89,18,97,37.0
30032334,2,fever,10,106,111,80,9,94,36.6
30032335,3,headache,4,91,125,58,17,100,36.8
30032336,2,shortness of breath,6,118,135,69,20,92,36.5
30032337,3,back pain,0,70,119,107,15,98,37.0
30032338,3,knee pain,3,113,148,95,19,97,37.6
30032339,1,back pain,7,71,66,67,14,94,37.8
30032340,2,knee pain,7,84,161,96,12,100,35.6
30032341,3,laceration,3,64,132,81,25,100,35.3
30032342,3,back pain,7,43,131,75,19,96,37.3
30032343,4,laceration,7,70,114,69,14,90,37.2
30032344,2,headache,7,103,140,86,22,97,36.8
30032345,2,knee pain,10,83,131,83,17,94,37.2
30032346,4,knee pain,6,113,130,99,24,100,37.6
30032347,2,back pain,9,99,108,83,19,94,35.9
30032348,4,fall,7,88,158,67,14,97,36.6
30032349,4,fever,1,93,114,68,24,100,36.2
30032350,3,chest pain,7,104,173,92,19,99,35.8
30032351,4,shortness of breath,4,91,112,62,19,100,37.1
30032352,4,knee pain,1,82,143,93,9,97,36.2
30032353,2,fever,6,90,100,95,16,100,37.6
30032354,3,back pain,7,78,155,80,14,100,35.6
30032355,3,fall,7,87,128,85,17,100,36.1
30032356,3,headache,3,75,148,72,23,99,36.5
30032357,3,headache,1,82,116,71,20,98,38.3
30032358,3,knee pain,1,81,126,98,18,91,36.6
30032359,2,knee pain,6,76,122,99,12,96,37.2
30032360,3,headache,4,73,94,86,12,97,36.9
30032361,3,laceration,7,91,100,84,20,100,37.2
30032362,2,knee pain,8,107,135,56,20,97,36.1
30032363,2,knee pain,7,103,134,89,14,100,36.8
30032364,3,abdominal pain,7,88,112,80,9,92,36.3
30032365,2,back pain,6,91,169,101,15,96,37.5
30032366,3,back pain,6,88,118,71,17,90,37.4
30032367,4,abdominal pain,3,77,129,69,22,94,36.6
30032368,3,fever,7,75,119,77,28,94,36.5
30032369,5,headache,2,64,167,71,22,96,36.7
30032370,3,anxiety,6,74,136,80,15,100,37.5
30032371,1,laceration,9,93,151,89,15,97,36.7
30032372,3,shortness of breath,7,114,135,79,15,94,35.4
30032373,4,shortness of breath,7,71,100,87,16,98,37.0
30032374,4,chest pain,5,90,115,91,26,95,38.8
30032375,1,fever,10,90,140,52,20,92,35.7
30032376,3,fall,6,86,104,75,18,99,38.0
30032377,4,fall,3,82,116,61,20,94,35.5
30032378,3,laceration,7,74,130,70,19,95,36.5
30032379,4,headache,4,120,111,63,20,100,37.0
30032380,3,headache,6,97,134,61,14,94,36.2
30032381,4,shortness of breath,4,93,109,85,18,96,37.7
30032382,4,headache,5,89,125,94,23,95,36.5
30032383,3,headache,5,133,135,91,14,93,39.0
30032384,2,back pain,7,81,141,104,15,97,36.7
30032385,3,anxiety,5,79,134,70,21,96,38.1
30032386,2,chest pain,9,83,106,85,24,99,37.8
30032387,4,fall,0,99,124,61,21,96,36.3
30032388,3,shortness of breath,7,82,166,94,16,100,36.4
30032389,3,fever,3,84,113,88,22,100,36.4
30032390,3,laceration,7,111,124,86,20,99,38.2
30032391,3,fever,6,60,151,57,19,93,36.7
30032392,3,fever,5,85,110,66,7,100,37.6
30032393,4,back pain,6,106,118,65,19,99,37.9
30032394,4,headache,4,89,110,81,16,100,38.3
30032395,4,knee pain,3,90,139,74,23,96,36.5
30032396,3,shortness of breath,6,78,121,79,14,97,37.6
30032397,2,shortness of breath,8,89,133,69,18,100,36.1
30032398,3,laceration,6,84,129,110,20,98,36.7
30032399,3,abdominal pain,1,52,85,84,18,97,38.5
30032400,4,fever,4,101,169,61,19,95,36.9
30032401,3,chest pain,1,100,129,87,16,93,38.1
30032402,2,headache,8,92,115,69,22,97,38.4
30032403,2,headache,8,56,143,82,15,96,36.2
30032404,2,laceration,9,83,85,73,29,100,36.6
30032405,4,laceration,5,84,121,75,21,100,36.3
30032406,2,shortness of breath,6,67,153,89,21,100,34.9
30032407,4,knee pain,0,74,136,56,15,100,36.9
30032408,1,laceration,6,75,101,102,14,100,38.0
30032409,4,back pain,0,67,140,71,18,100,35.7
30032410,2,back pain,10,121,117,80,12,95,38.3
30032411,3,chest pain,0,105,108,89,14,95,36.9
30032412,3,back pain,2,99,106,83,24,99,37.1
30032413,4,knee pain,4,81,106,48,19,98,36.8
30032414,5,fever,0,98,113,52,22,94,36.7
30032415,2,chest pain,8,100,119,99,18,97,35.7
30032416,4,laceration,0,87,117,64,16,97,37.2
30032417,4,knee pain,0,66,129,83,29,97,36.0
30032418,3,fall,6,72,126,94,13,99,36.7
30032419,3,back pain,3,89,118,68,22,100,36.4
30032420,3,back pain,3,83,139,72,20,96,36.7
30032421,4,headache,6,90,147,80,14,97,37.6
30032422,4,abdominal pain,6,102,107,83,21,98,36.8
30032423,3,abdominal pain,5,93,125,79,20,97,36.1
30032424,2,anxiety,6,94,108,42,14,100,36.2
30032425,3,abdominal pain,3,87,117,65,18,94,38.5
30032426,3,chest pain,2,114,97,79,20,98,36.1
30032427,5,abdominal pain,6,60,158,76,18,98,36.4
30032428,5,back pain,3,90,111,95,22,97,37.9
30032429,3,abdominal pain,4,73,176,68,20,100,35.8
30032430,3,chest pain,6,74,112,91,22,93,37.6
30032431,4,fall,6,93,114,106,14,96,36.1
30032432,2,anxiety,7,82,109,69,23,89,37.1
30032433,4,chest pain,3,78,93,74,20,96,38.7
30032434,5,anxiety,3,86,120,99,18,99,37.5
30032435,3,headache,3,78,117,76,22,95,36.9
30032436,3,fall,2,43,121,52,24,100,37.6
30032437,3,knee pain,5,77,119,89,23,96,36.5
30032438,3,fever,0,92,131,51,19,93,37.3
30032439,4,fever,1,71,105,101,21,95,37.6
30032440,3,shortness of breath,5,97,131,72,17,94,36.6
30032441,5,knee pain,1,118,162,93,14,93,37.1
30032442,3,chest pain,1,101,141,86,25,93,35.9
30032443,3,shortness of breath,0,87,117,70,17,100,37.1
30032444,4,laceration,5,90,126,62,18,100,37.2
30032445,3,headache,0,102,109,93,22,97,36.2
30032446,3,back pain,7,83,128,81,17,98,37.7
30032447,3,headache,0,87,119,96,11,93,36.1
30032448,3,fall,1,77,109,60,19,96,37.7
30032449,4,chest pain,0,89,123,72,17,95,36.4
30032450,4,back pain,3,78,170,74,16,100,34.0
30032451,5,headache,3,111,99,72,27,100,36.2
30032452,2,fever,7,75,144,80,17,97,38.1
30032453,3,fever,1,98,106,74,25,95,37.6
30032454,5,laceration,5,85,108,89,22,95,37.9
30032455,4,chest pain,2,99,95,65,19,97,37.3
30032456,2,fall,9,62,104,73,16,95,35.8
30032457,3,back pain,3,86,142,101,22,95,36.3
30032458,3,fever,1,95,154,111,23,96,36.4
30032459,4,chest pain,1,79,127,99,18,96,36.0
30032460,2,fall,8,99,142,98,13,100,36.8
30032461,3,fever,2,90,120,67,24,94,36.6
30032462,3,shortness of breath,2,100,132,79,22,98,38.1
30032463,3,knee pain,2,66,164,93,24,98,37.4
30032464,2,laceration,7,110,103,51,20,94,37.5
30032465,3,shortness of breath,4,101,135,88,20,99,37.9
30032466,4,knee pain,4,46,120,68,19,97,37.0
30032467,3,headache,1,68,129,75,19,91,38.4
30032468,3,laceration,2,92,160,69,14,97,36.2
30032469,2,headache,7,65,167,90,16,97,37.9
30032470,3,fall,4,93,125,85,19,100,36.9
30032471,1,back pain,8,91,120,92,19,91,37.3
30032472,2,chest pain,9,70,100,99,21,94,37.7
30032473,3,anxiety,4,92,130,44,30,98,34.9
30032474,4,knee pain,7,53,124,50,24,92,36.9
30032475,3,shortness of breath,3,114,144,77,21,93,37.9
30032476,1,chest pain,8,68,124,70,21,98,38.1
30032477,2,chest pain,6,77,129,96,21,93,37.9
30032478,3,headache,3,85,143,108,12,95,36.8
30032479,2,chest pain,10,92,92,91,17,93,37.2
30032480,3,back pain,2,51,120,99,15,99,37.5
30032481,3,abdominal pain,0,89,147,64,13,96,37.3
30032482,3,abdominal pain,0,105,169,87,19,96,36.6
30032483,3,fever,5,96,117,59,17,98,36.7
30032484,2,shortness of breath,6,74,96,74,19,96,36.6
30032485,3,back pain,6,86,119,72,21,97,38.1
30032486,3,anxiety,3,103,134,90,19,98,35.5
30032487,3,anxiety,3,85,137,98,23,97,37.4
30032488,2,back pain,9,50,128,81,22,97,36.4
30032489,3,anxiety,2,79,136,73,18,96,36.8
30032490,3,headache,7,67,80,62,13,93,37.5
30032491,4,back pain,6,71,135,69,18,100,37.5
30032492,4,headache,6,102,118,79,16,100,36.3
30032493,4,headache,3,66,117,67,27,94,38.3
30032494,3,knee pain,4,94,138,95,26,98,37.6
30032495,4,abdominal pain,3,84,126,93,28,99,36.7
30032496,4,fever,6,66,81,102,19,96,37.0
30032497,4,laceration,2,73,122,70,12,99,37.0
30032498,3,abdominal pain,3,92,156,103,23,97,38.2
30032499,3,laceration,3,56,125,111,16,97,36.6
30032500,3,abdominal pain,4,63,130,104,19,100,36.2
30032501,5,knee pain,1,86,154,79,18,92,35.6
30032502,3,knee pain,0,84,135,95,20,95,36.9
30032503,4,headache,0,88,126,96,17,98,36.2
30032504,4,fever,3,68,128,76,11,98,36.4
30032505,3,anxiety,2,99,127,76,14,100,36.7
30032506,3,chest pain,6,105,153,83,21,98,35.3
30032507,4,fever,6,79,152,93,19,94,38.1
30032508,2,abdominal pain,8,58,117,106,15,95,37.7
30032509,3,anxiety,2,73,105,87,14,97,36.5
30032510,2,headache,8,76,130,85,17,100,37.5
30032511,5,fever,1,70,147,66,17,100,36.7
30032512,5,anxiety,1,36,119,53,18,95,38.1
30032513,4,headache,2,92,144,71,21,99,36.6
30032514,3,fall,4,81,125,86,13,100,38.1
30032515,4,fall,7,109,125,98,19,98,36.1
30032516,2,back pain,9,86,116,92,20,99,38.1
30032517,4,knee pain,7,130,80,69,22,100,36.6
30032518,2,chest pain,10,89,92,93,23,92,36.7
30032519,3,laceration,3,93,112,92,19,100,37.7
30032520,4,fall,0,76,100,81,13,100,37.3
30032521,3,knee pain,0,87,126,61,21,100,38.2
30032522,3,fall,4,74,150,89,16,96,37.8
30032523,2,headache,6,86,109,95,14,99,36.7
30032524,3,anxiety,6,76,116,35,7,99,38.2
30032525,4,chest pain,7,102,117,87,14,98,37.1
30032526,2,knee pain,9,87,113,89,23,100,37.8
30032527,2,chest pain,10,86,128,99,16,100,36.5
30032528,1,shortness of breath,6,85,89,95,25,96,36.5
30032529,3,chest pain,6,78,92,57,21,92,36.7
30032530,3,knee pain,4,96,141,78,17,100,36.0
30032531,5,knee pain,2,76,126,90,20,93,36.7
30032532,5,anxiety,7,91,122,90,14,99,36.9
30032533,4,fall,6,92,124,93,17,92,36.6
30032534,1,anxiety,9,62,136,115,21,98,36.6
30032535,3,shortness of breath,5,73,123,76,19,99,37.9
30032536,4,headache,5,76,149,114,20,100,37.1
30032537,3,anxiety,7,62,160,74,19,97,36.7
30032538,3,fall,0,84,108,81,14,97,37.0
30032539,3,knee pain,1,77,83,71,14,97,38.2
30032540,5,fall,4,78,126,87,19,98,35.7
30032541,3,fever,0,104,118,75,13,96,37.4
30032542,2,back pain,6,95,73,93,13,95,37.4
30032543,3,chest pain,0,91,135,73,16,96,37.5
30032544,1,abdominal pain,10,120,118,84,21,98,36.2
30032545,4,abdominal pain,5,96,75,107,21,92,35.9
30032546,3,chest pain,0,60,138,85,16,92,36.2
30032547,5,chest pain,1,72,106,104,27,94,36.4
30032548,3,headache,3,65,133,72,22,96,36.7
30032549,3,chest pain,6,105,136,79,15,95,36.2
30032550,4,shortness of breath,0,102,103,76,14,93,38.1
30032551,3,laceration,1,74,125,85,17,100,39.2
30032552,1,back pain,10,77,133,53,15,95,38.0
30032553,4,knee pain,7,65,135,63,29,98,36.5
30032554,4,anxiety,6,71,123,70,13,94,39.6
30032555,3,back pain,2,100,126,70,17,100,37.4
30032556,3,shortness of breath,5,71,139,75,24,91,35.7
30032557,1,knee pain,6,66,139,90,22,100,36.9
30032558,4,shortness of breath,7,80,87,58,12,97,37.4
30032559,3,abdominal pain,7,79,144,74,12,96,36.4
30032560,3,shortness of breath,4,89,126,74,21,95,36.7
30032561,3,abdominal pain,6,59,140,71,19,98,37.1
30032562,2,back pain,8,58,124,100,18,94,36.2
30032563,3,knee pain,3,101,131,80,16,95,37.7
30032564,3,abdominal pain,4,75,142,65,19,95,38.5
30032565,3,headache,5,113,124,61,21,99,37.7
30032566,2,headache,6,78,95,72,19,98,37.2
30032567,3,anxiety,5,83,120,89,21,99,36.6
30032568,5,headache,2,70,85,98,14,93,38.6
30032569,3,knee pain,2,85,131,71,14,91,37.2
30032570,4,fall,1,73,105,104,26,91,38.2
30032571,3,shortness of breath,4,98,133,73,18,98,37.3
30032572,2,back pain,8,84,132,74,18,100,36.2
30032573,4,laceration,7,102,130,88,23,100,37.6
30032574,2,chest pain,8,72,142,86,15,95,36.4
30032575,3,laceration,6,87,128,67,14,98,37.2
30032576,3,laceration,2,72,133,99,13,95,38.4
30032577,3,headache,3,78,125,75,19,96,37.9
30032578,3,laceration,0,87,117,80,22,99,37.0
30032579,3,fall,5,95,146,97,22,97,36.6
30032580,4,knee pain,1,91,93,82,16,99,36.6
30032581,4,anxiety,5,84,147,70,7,100,36.7
30032582,4,knee pain,6,103,133,47,21,96,35.9
30032583,4,back pain,4,102,168,85,18,96,37.2
30032584,3,laceration,1,96,139,87,13,100,36.6
30032585,2,knee pain,7,85,125,61,9,96,37.3
30032586,3,knee pain,6,101,114,77,18,98,36.6
30032587,3,fall,5,89,84,68,18,100,37.4
30032588,3,knee pain,4,112,138,91,14,98,36.9
30032589,3,knee pain,7,80,116,88,20,97,36.7
30032590,4,headache,7,88,160,60,19,99,37.3
30032591,2,back pain,6,88,125,82,14,100,37.1
30032592,5,fever,6,111,90,97,12,100,37.2
30032593,3,back pain,5,72,175,68,18,100,36.0
30032594,3,knee pain,2,98,90,78,24,98,36.7
30032595,4,fever,2,74,94,99,21,97,37.6
30032596,4,laceration,4,96,115,86,16,94,37.4
30032597,3,back pain,7,119,107,73,17,96,37.2
30032598,2,laceration,9,87,117,78,17,93,36.9
30032599,3,abdominal pain,2,105,156,90,27,100,36.2
30032600,3,abdominal pain,4,85,142,76,9,100,37.5
30032601,3,fall,3,73,117,66,20,95,38.2
30032602,3,shortness of breath,5,91,102,91,16,96,37.1
30032603,2,laceration,9,60,105,90,20,95,37.7
30032604,3,chest pain,6,108,105,82,26,94,37.7
30032605,3,abdominal pain,1,92,122,87,19,98,37.0
30032606,4,anxiety,4,86,126,77,21,93,37.9
30032607,3,anxiety,1,88,104,82,12,98,37.4
30032608,3,knee pain,5,67,111,81,17,98,36.6
30032609,4,anxiety,5,73,111,99,15,95,38.1
30032610,3,laceration,7,77,131,59,21,94,37.8
30032611,3,chest pain,5,103,120,81,14,95,36.9
30032612,4,fever,4,70,123,75,20,97,37.4
30032613,3,anxiety,7,110,118,81,15,99,37.9
30032614,3,abdominal pain,4,63,156,90,18,98,36.7
30032615,4,laceration,6,83,143,83,13,92,36.9
30032616,3,abdominal pain,0,100,79,75,22,95,37.3
30032617,1,headache,8,72,100,71,18,98,37.4
30032618,3,headache,1,85,143,65,20,93,37.9
30032619,1,laceration,9,82,129,74,13,92,37.9
30032620,3,laceration,1,81,98,99,19,100,38.0
30032621,3,back pain,4,92,151,68,9,99,35.9
30032622,3,shortness of breath,2,93,148,65,11,99,37.4
30032623,4,knee pain,1,59,107,84,18,100,35.8
30032624,4,knee pain,4,108,109,92,22,93,36.5
30032625,4,fall,2,57,78,74,18,98,37.1
30032626,5,abdominal pain,7,89,145,31,17,96,36.6
30032627,2,laceration,7,87,118,102,18,98,35.7
30032628,4,fall,7,100,167,77,25,99,36.1
30032629,5,fever,1,61,172,83,17,100,37.2
30032630,3,laceration,5,93,155,78,18,93,35.6
30032631,3,fever,4,74,132,89,23,95,36.9
30032632,3,chest pain,3,67,137,56,19,100,37.2
30032633,2,anxiety,8,77,96,75,14,92,37.6
30032634,1,fever,10,85,98,82,21,94,36.5
30032635,3,anxiety,3,89,104,93,18,100,36.4
30032636,2,chest pain,9,84,145,76,14,94,36.9
30032637,5,fever,7,89,167,72,15,100,37.6
30032638,3,headache,5,112,132,96,19,100,37.2
30032639,3,abdominal pain,7,82,99,99,17,91,36.4
30032640,2,fever,10,81,129,66,21,97,36.5
30032641,2,headache,8,87,106,78,18,97,38.5
30032642,2,fever,9,92,114,88,19,92,37.0
30032643,4,laceration,1,69,166,71,21,97,38.2
30032644,3,back pain,0,100,118,76,15,94,36.5
30032645,4,knee pain,5,108,127,60,14,94,36.8
30032646,2,shortness of breath,8,87,110,72,24,100,37.2
30032647,2,knee pain,6,74,123,80,20,97,36.7
30032648,4,back pain,1,88,102,83,19,93,36.0
30032649,3,fever,4,81,135,76,22,94,36.2
30032650,3,shortness of breath,6,101,123,71,24,96,35.1
30032651,3,laceration,5,92,115,63,20,98,37.2
30032652,3,chest pain,4,99,122,68,15,98,37.4
30032653,2,chest pain,10,98,130,63,15,95,37.7
30032654,2,knee pain,9,100,122,78,21,94,36.7
30032655,4,fever,1,114,99,48,20,99,38.0
30032656,3,anxiety,1,66,151,82,22,97,37.2
30032657,3,chest pain,0,61,108,67,16,96,37.0
30032658,1,shortness of breath,8,77,130,95,14,97,37.3
30032659,3,knee pain,4,96,111,96,15,100,36.8
30032660,3,knee pain,4,89,153,64,23,97,35.9
30032661,3,shortness of breath,5,83,151,70,16,95,36.4
30032662,3,headache,5,101,97,59,11,92,38.4
30032663,3,shortness of breath,6,87,109,85,18,96,37.7
30032664,3,back pain,5,89,127,85,16,92,37.8
30032665,2,abdominal pain,9,78,142,78,19,92,37.2
30032666,3,back pain,2,89,152,53,19,100,37.3
30032667,3,abdominal pain,0,92,150,66,14,97,38.3
30032668,3,back pain,7,71,127,80,18,94,37.2
30032669,3,back pain,7,72,121,72,23,97,36.8
30032670,3,chest pain,0,110,110,71,19,96,38.0
30032671,3,headache,6,56,107,79,17,99,36.6
30032672,4,laceration,5,143,108,91,18,96,36.8
30032673,3,laceration,6,86,118,51,17,100,36.8
30032674,2,abdominal pain,10,95,164,102,23,96,37.3
30032675,3,anxiety,4,92,119,68,17,100,36.8
30032676,2,fall,9,69,123,96,18,98,37.1
30032677,3,chest pain,3,69,129,66,14,95,36.7
30032678,3,fever,3,107,164,73,16,98,37.0
30032679,4,back pain,1,103,143,69,18,97,36.6
30032680,3,abdominal pain,1,92,101,76,15,99,37.3
30032681,2,shortness of breath,7,98,154,77,21,100,36.9
30032682,3,laceration,6,47,94,81,18,95,36.8
30032683,3,abdominal pain,1,97,122,97,6,94,37.2
30032684,4,knee pain,2,85,115,88,16,96,35.9
30032685,3,headache,5,66,92,93,24,93,36.2
30032686,1,chest pain,9,75,117,54,21,94,36.6
30032687,2,abdominal pain,10,76,114,61,24,96,37.8
30032688,2,anxiety,10,89,124,66,19,100,36.9
30032689,3,fall,7,89,103,84,21,98,37.0
30032690,2,knee pain,7,94,120,83,22,99,37.2
30032691,3,abdominal pain,3,65,124,62,18,96,37.1
30032692,1,abdominal pain,7,62,120,98,17,89,37.9
30032693,3,back pain,5,83,99,65,27,98,36.9
30032694,3,fall,4,89,173,91,26,95,36.6
30032695,4,chest pain,2,79,117,55,21,97,36.1
30032696,3,anxiety,4,108,115,79,14,96,38.7
30032697,3,headache,3,87,158,88,15,94,36.3
30032698,3,back pain,3,73,132,98,19,97,37.4
30032699,2,chest pain,6,110,123,71,14,100,34.8
30032700,3,abdominal pain,0,75,144,58,14,97,38.2
30032701,3,chest pain,0,73,137,70,18,99,36.7
30032702,1,abdominal pain,8,97,128,79,22,98,37.7
30032703,3,chest pain,2,96,121,78,18,94,37.8
30032704,2,shortness of breath,6,97,117,65,21,100,37.4
30032705,3,headache,4,96,119,94,17,99,36.9
30032706,3,knee pain,4,85,173,93,16,90,39.0
30032707,4,shortness of breath,6,83,98,75,15,92,36.7
30032708,4,chest pain,0,106,127,104,21,96,36.3
30032709,5,shortness of breath,5,81,86,81,22,100,37.4
30032710,4,knee pain,6,74,126,87,15,98,35.5
30032711,4,fever,1,96,128,91,20,98,37.7
30032712,3,fever,1,56,154,71,19,100,37.3
30032713,4,fall,1,73,170,89,20,92,38.5
30032714,3,headache,3,95,120,74,21,100,37.5
30032715,4,headache,5,94,114,66,23,95,37.2
30032716,1,back pain,10,101,116,81,22,100,37.1
30032717,4,knee pain,6,86,130,100,21,98,38.4
30032718,5,chest pain,7,94,142,64,15,99,37.6
30032719,3,headache,0,83,135,72,18,96,35.9
30032720,4,shortness of breath,2,58,109,70,16,93,36.8
30032721,3,headache,5,76,124,64,15,100,36.9
30032722,4,headache,6,59,97,92,16,96,36.7
30032723,4,laceration,4,92,166,64,21,100,35.7
30032724,1,knee pain,10,70,124,66,26,93,36.8
30032725,1,laceration,6,84,116,88,20,98,37.3
30032726,3,abdominal pain,6,82,92,78,11,98,37.4
30032727,4,knee pain,7,103,160,69,21,98,37.9
30032728,4,back pain,4,63,154,78,22,100,36.4
30032729,2,headache,7,50,158,110,17,99,39.1
30032730,3,abdominal pain,1,75,134,76,18,100,38.0
30032731,3,headache,5,91,138,80,16,100,38.0
30032732,5,fall,0,71,148,80,12,96,38.3
30032733,2,chest pain,8,74,92,74,18,93,37.2
30032734,2,laceration,8,89,109,74,23,98,36.5
30032735,3,abdominal pain,5,107,134,73,21,100,38.1
30032736,1,anxiety,9,79,127,101,25,93,38.2
30032737,4,abdominal pain,2,92,119,64,21,100,36.0
30032738,5,fever,5,112,126,77,19,93,37.4
30032739,4,chest pain,4,68,103,78,19,95,37.1
30032740,4,anxiety,5,65,122,74,24,98,36.1
30032741,2,abdominal pain,10,83,133,76,13,96,36.6
30032742,3,back pain,1,83,151,93,12,97,35.8
30032743,3,headache,4,73,101,86,8,90,38.4
30032744,3,back pain,2,95,91,94,16,100,38.0
30032745,3,back pain,7,60,120,86,18,97,38.4
30032746,3,back pain,1,93,151,99,22,96,37.0
30032747,3,fall,4,70,120,89,14,96,37.3
30032748,5,chest pain,4,87,98,57,15,98,37.2
30032749,2,anxiety,8,89,133,67,19,98,37.3
30032750,1,fall,9,82,146,83,14,98,37.5
30032751,3,chest pain,3,62,127,100,22,99,36.4
30032752,3,chest pain,4,76,150,100,14,96,36.6
30032753,2,anxiety,10,111,133,95,19,99,36.7
30032754,3,anxiety,4,79,92,118,16,98,36.9
30032755,3,chest pain,6,66,120,60,20,100,37.3
30032756,3,knee pain,5,100,96,85,17,93,35.9
30032757,4,shortness of breath,1,72,121,64,16,99,37.0
30032758,4,abdominal pain,2,88,113,89,26,98,38.7
30032759,3,fall,0,85,91,72,23,95,36.6
30032760,2,anxiety,9,106,125,58,18,99,37.4
30032761,4,shortness of breath,1,92,125,101,22,97,36.6
30032762,2,laceration,10,100,109,86,18,97,37.0
30032763,3,fever,7,86,115,48,17,94,36.8
30032764,4,fall,5,74,96,85,23,100,36.2
30032765,3,headache,0,83,108,62,16,98,36.3
30032766,3,fall,0,80,131,77,24,92,37.4
30032767,2,headache,7,87,131,83,21,98,36.3
30032768,5,knee pain,4,67,117,49,16,95,37.9
30032769,2,back pain,8,63,136,83,16,100,36.6
30032770,2,knee pain,9,76,133,85,20,96,36.8
30032771,3,abdominal pain,3,101,138,88,13,97,37.1
30032772,3,fall,2,98,117,53,14,99,37.1
30032773,3,fever,7,86,126,78,22,100,38.0
30032774,2,abdominal pain,7,64,115,56,15,99,36.3
30032775,2,chest pain,9,92,128,91,19,100,36.6
30032776,4,fall,4,73,80,98,22,98,38.1
30032777,3,fever,4,91,93,86,21,97,36.9
30032778,4,abdominal pain,3,84,114,79,15,99,36.7
30032779,2,shortness of breath,7,84,114,96,19,98,35.4
30032780,3,back pain,4,73,117,57,15,96,37.1
30032781,2,shortness of breath,8,81,126,86,24,99,37.6
30032782,3,shortness of breath,3,70,149,82,20,94,38.1
30032783,2,fall,8,73,106,74,24,97,37.1
30032784,2,fall,10,103,98,99,17,97,36.8
30032785,3,knee pain,0,64,124,104,19,95,37.7
30032786,2,chest pain,10,101,101,55,17,96,36.9
30032787,3,shortness of breath,1,97,108,59,21,91,37.3
30032788,3,chest pain,6,76,91,57,19,96,36.9
30032789,3,laceration,3,94,151,76,18,94,39.7
30032790,2,back pain,6,82,126,77,22,93,36.6
30032791,2,abdominal pain,8,74,129,100,24,100,35.9
30032792,3,laceration,4,84,150,94,14,99,37.6
30032793,3,back pain,5,70,101,50,16,99,40.1
30032794,3,fall,5,74,122,90,18,99,36.5
30032795,3,fall,4,99,115,89,17,96,36.6
30032796,3,laceration,4,83,97,73,16,92,37.3
30032797,1,abdominal pain,10,88,129,78,19,98,35.4
30032798,5,chest pain,1,66,146,78,16,98,37.0
30032799,4,laceration,7,71,120,60,18,97,36.7
30032800,3,knee pain,7,92,101,69,17,93,37.3
30032801,3,fall,3,75,132,60,19,87,36.4
30032802,4,fall,7,90,158,92,20,98,37.4
30032803,3,shortness of breath,3,94,118,65,20,96,38.7
30032804,3,fall,2,103,155,85,24,97,36.4
30032805,3,headache,0,93,115,73,14,99,37.7
30032806,4,abdominal pain,7,120,96,91,20,94,36.8
30032807,2,headache,9,97,89,76,13,98,37.4
30032808,4,knee pain,1,80,102,67,24,97,38.0
30032809,3,chest pain,3,96,108,113,13,96,37.0
30032810,2,anxiety,9,84,162,88,12,96,36.8
30032811,3,back pain,4,87,119,79,16,96,37.2
30032812,3,knee pain,2,92,129,79,23,90,37.6
30032813,4,headache,2,76,119,87,15,91,36.7
30032814,3,fall,6,78,178,89,15,96,36.0
30032815,3,knee pain,4,79,101,91,16,100,38.2
30032816,3,shortness of breath,5,87,137,80,27,92,36.6
30032817,3,abdominal pain,4,104,127,44,19,97,36.1
30032818,1,fever,10,111,89,84,16,100,37.9
30032819,3,back pain,3,66,132,71,22,99,35.9
30032820,3,fall,4,74,131,86,20,94,36.5
30032821,3,fall,3,91,89,98,19,94,38.3
30032822,4,abdominal pain,1,70,105,68,20,98,37.1
30032823,3,abdominal pain,6,83,124,77,18,95,37.0
30032824,2,chest pain,7,80,132,76,20,96,36.9
30032825,2,knee pain,7,124,135,70,22,94,37.4
30032826,3,shortness of breath,2,71,137,92,22,100,37.1
30032827,3,laceration,0,99,143,112,19,94,36.6
30032828,3,knee pain,2,92,131,71,16,95,38.0
30032829,3,anxiety,1,79,95,66,16,96,36.5
30032830,4,knee pain,1,60,132,71,20,100,36.6
30032831,2,chest pain,10,95,137,73,25,96,37.0
30032832,3,shortness of breath,3,84,134,103,15,96,37.9
30032833,4,back pain,3,59,127,113,21,99,36.5
30032834,3,fever,2,58,105,73,18,95,37.1
30032835,3,shortness of breath,1,81,160,73,25,100,36.9
30032836,5,fever,3,76,135,95,25,98,38.7
30032837,1,back pain,8,95,128,78,11,100,35.7
30032838,3,shortness of breath,2,107,105,81,21,98,37.1
30032839,3,fall,3,77,129,73,11,96,36.8
30032840,5,laceration,0,110,115,115,14,96,36.5
30032841,2,headache,9,81,119,82,22,99,36.6
30032842,3,knee pain,5,97,116,59,19,98,37.5
30032843,4,shortness of breath,4,83,108,88,22,99,36.3
30032844,1,fever,7,67,135,110,18,98,37.7
30032845,1,chest pain,8,56,137,59,26,94,36.2
30032846,3,shortness of breath,0,75,127,92,28,100,36.8
30032847,3,back pain,7,88,144,90,19,100,35.7
30032848,4,chest pain,0,85,138,83,24,96,37.6
30032849,2,abdominal pain,7,74,111,79,25,100,39.8
30032850,2,back pain,10,73,149,59,19,100,37.5
30032851,3,back pain,1,92,119,75,19,99,36.2
30032852,4,knee pain,1,96,102,72,22,100,37.8
30032853,2,anxiety,7,115,101,75,22,95,35.1
30032854,1,fall,6,99,153,82,15,99,37.2
30032855,2,knee pain,8,88,140,70,18,98,36.2
30032856,4,fall,4,77,149,73,30,98,37.2
30032857,2,laceration,6,81,132,79,18,94,35.8
30032858,2,fall,7,79,172,67,20,94,37.1
30032859,2,abdominal pain,6,99,129,107,16,98,36.9
30032860,4,laceration,4,72,142,61,21,100,38.5
30032861,4,shortness of breath,7,102,161,85,18,96,37.1
30032862,4,fall,3,87,132,63,14,99,36.7
30032863,5,back pain,3,96,108,103,20,93,36.7
30032864,2,abdominal pain,8,95,103,89,15,98,35.5
30032865,5,abdominal pain,5,54,137,77,19,97,37.8
30032866,2,headache,7,70,112,90,11,92,37.3
30032867,2,laceration,7,100,153,69,16,92,36.4
30032868,3,anxiety,1,68,105,78,20,95,37.7
30032869,2,fever,9,62,113,93,21,94,36.9
30032870,5,back pain,3,56,146,93,20,96,38.4
30032871,3,knee pain,3,77,103,59,25,100,36.5
30032872,3,back pain,6,83,150,75,19,97,36.7
30032873,4,shortness of breath,5,94,114,106,20,99,35.6
30032874,4,shortness of breath,5,90,116,64,16,99,36.4
30032875,2,back pain,8,86,191,58,21,100,35.8
30032876,3,laceration,3,86,91,92,16,95,36.4
30032877,1,chest pain,10,108,141,91,22,99,37.7
30032878,1,headache,7,92,87,64,17,97,38.2
30032879,2,laceration,6,65,124,82,19,98,38.3
30032880,1,headache,6,67,139,68,17,98,35.4
30032881,1,shortness of breath,9,81,149,74,24,96,36.9
30032882,2,headache,8,62,118,66,15,94,36.6
30032883,2,chest pain,10,85,94,71,14,99,37.3
30032884,4,back pain,6,78,86,76,14,92,37.2
30032885,2,laceration,8,75,127,83,14,97,38.6
30032886,1,fever,8,91,121,89,21,96,37.2
30032887,5,shortness of breath,5,70,139,109,21,96,39.1
30032888,3,chest pain,0,88,153,98,18,97,37.5
30032889,4,headache,7,80,104,71,23,94,36.9
30032890,4,chest pain,6,101,131,97,19,97,37.1
30032891,4,headache,5,67,112,101,18,94,37.2
30032892,4,shortness of breath,4,76,122,67,23,89,36.9
30032893,3,headache,1,75,132,98,23,90,36.7
30032894,4,back pain,1,64,124,56,15,90,37.3
30032895,4,shortness of breath,5,69,161,65,20,98,37.3
30032896,3,laceration,0,96,151,84,18,95,35.5
30032897,4,knee pain,7,71,115,93,22,96,36.9
30032898,2,shortness of breath,9,84,117,92,17,98,37.2
30032899,1,anxiety,9,54,138,80,18,96,37.5
30032900,3,knee pain,7,104,102,67,17,99,36.6
30032901,3,back pain,5,90,126,60,18,95,38.0
30032902,2,abdominal pain,10,81,133,64,18,94,38.6
30032903,1,laceration,7,81,98,69,11,99,36.7
30032904,4,shortness of breath,3,103,144,79,20,99,36.8
30032905,4,shortness of breath,4,82,118,91,24,98,37.3
30032906,3,shortness of breath,4,86,138,73,23,91,36.8
30032907,3,back pain,5,91,136,101,18,100,36.6
30032908,3,shortness of breath,2,63,90,69,15,100,37.1
30032909,3,chest pain,1,58,125,103,12,100,38.0
30032910,5,headache,7,87,104,98,18,97,39.1
30032911,3,laceration,4,96,110,69,14,91,36.4
30032912,3,knee pain,6,66,122,66,12,97,37.5
30032913,3,fall,5,64,90,105,18,97,36.8
30032914,4,back pain,1,106,100,75,20,99,37.3
30032915,4,fever,1,56,135,74,14,95,37.4
30032916,3,fall,6,96,99,93,10,94,36.7
30032917,3,laceration,6,76,132,85,21,96,37.1
30032918,3,fall,3,77,91,90,9,98,37.6
30032919,4,abdominal pain,1,80,125,74,15,96,36.7
30032920,3,back pain,1,89,136,72,20,95,36.6
30032921,3,fever,0,39,88,66,15,100,37.4
30032922,3,abdominal pain,2,59,117,82,11,94,37.8
30032923,4,shortness of breath,4,84,132,67,23,89,36.4
30032924,3,laceration,2,107,124,60,13,99,38.2
30032925,4,knee pain,3,54,115,64,24,94,36.0
30032926,2,back pain,10,87,155,74,17,100,37.2
30032927,4,headache,7,67,141,70,17,90,37.0
30032928,3,shortness of breath,2,87,120,69,19,95,35.9
30032929,4,abdominal pain,5,83,151,89,9,100,35.5
30032930,3,anxiety,3,98,119,53,15,96,36.5
30032931,1,anxiety,8,102,93,46,15,99,38.0
30032932,4,anxiety,1,95,97,91,19,90,37.6
30032933,3,anxiety,7,122,113,83,18,100,35.9
30032934,2,fever,6,77,148,91,15,96,39.2
30032935,2,chest pain,10,79,123,75,20,95,36.4
30032936,4,back pain,5,112,48,87,21,91,36.8
30032937,3,knee pain,5,76,122,75,19,97,38.0
30032938,3,fall,4,77,128,59,18,95,36.4
30032939,4,fall,1,79,119,90,14,100,38.5
30032940,3,knee pain,1,89,123,71,23,99,38.3
30032941,3,anxiety,0,101,132,79,20,100,36.2
30032942,3,abdominal pain,7,82,160,70,18,95,37.3
30032943,3,knee pain,4,97,121,80,13,100,36.7
30032944,3,chest pain,6,104,145,87,19,93,37.4
30032945,4,chest pain,7,68,132,60,13,95,36.0
30032946,2,back pain,7,62,139,72,12,97,36.6
30032947,2,knee pain,7,100,99,79,19,91,36.8
30032948,2,laceration,9,57,127,64,16,98,38.4
30032949,3,fall,2,69,106,90,17,99,37.6
30032950,3,headache,4,82,127,100,17,96,37.7
30032951,3,chest pain,2,90,120,73,7,96,37.4
30032952,3,headache,4,88,146,86,20,100,36.6
30032953,2,fever,10,78,128,49,20,97,38.5
30032954,3,knee pain,2,87,110,72,19,96,37.3
30032955,3,headache,1,110,128,105,16,95,35.9
30032956,2,headache,8,96,105,72,15,96,35.7
30032957,2,fever,6,104,130,42,13,99,36.6
30032958,3,headache,3,87,124,92,19,95,36.5
30032959,1,knee pain,9,81,107,107,16,100,37.1
30032960,4,anxiety,2,99,111,73,10,95,37.2
30032961,3,shortness of breath,5,60,135,63,21,95,37.3
30032962,4,laceration,4,70,122,53,19,98,35.8
30032963,2,laceration,6,65,116,101,19,98,35.0
30032964,2,headache,6,57,136,44,28,100,37.1
30032965,2,laceration,6,82,131,101,24,96,37.5
30032966,3,anxiety,6,77,132,52,12,99,37.0
30032967,3,fall,2,72,127,99,15,98,37.5
30032968,3,knee pain,7,98,129,93,20,97,37.8
30032969,4,abdominal pain,4,106,123,49,15,94,36.1
30032970,1,headache,6,84,124,56,20,93,38.1
30032971,2,knee pain,10,85,123,92,19,93,36.7
30032972,4,anxiety,2,63,130,87,22,98,37.6
30032973,4,knee pain,4,84,107,57,6,93,36.8
30032974,2,fever,9,66,152,72,16,100,38.7
30032975,2,headache,7,64,169,62,19,98,36.0
30032976,3,back pain,3,76,136,104,15,100,38.2
30032977,4,shortness of breath,5,96,131,65,22,97,36.4
30032978,2,chest pain,8,96,145,82,14,98,38.0
30032979,1,shortness of breath,8,76,111,85,23,96,36.9
30032980,4,abdominal pain,7,70,136,75,18,97,36.2
30032981,1,shortness of breath,7,97,137,111,16,97,37.3
30032982,4,anxiety,1,104,145,97,10,95,35.9
30032983,3,chest pain,6,91,68,85,20,100,36.7
30032984,1,fall,7,79,129,64,29,94,36.2
30032985,2,back pain,9,76,135,83,19,95,37.3
30032986,2,abdominal pain,7,102,102,90,16,97,37.1
30032987,1,abdominal pain,6,95,131,119,14,97,37.2
30032988,2,shortness of breath,7,86,129,62,23,98,36.4
30032989,2,headache,8,87,134,93,20,100,36.6
30032990,1,fever,10,77,97,76,17,97,37.2
30032991,1,chest pain,10,89,126,70,12,100,36.4
30032992,3,fall,6,64,130,109,21,96,36.6
30032993,3,laceration,2,68,111,84,14,96,36.1
30032994,3,laceration,0,58,116,63,15,100,36.9
30032995,3,knee pain,4,59,128,89,18,97,36.9
30032996,3,chest pain,6,96,101,73,13,98,37.0
30032997,2,shortness of breath,6,98,129,61,14,94,37.8
30032998,3,anxiety,4,95,185,83,18,93,38.3
30032999,5,fall,2,121,158,87,18,97,36.9
30033000,4,headache,3,71,123,59,22,97,37.7
30033001,2,shortness of breath,10,96,113,83,17,97,37.3
30033002,4,back pain,6,72,132,71,22,90,37.2
30033003,3,knee pain,5,95,156,94,15,95,38.4
30033004,3,fall,3,72,102,80,14,96,36.7
30033005,2,shortness of breath,10,90,108,71,21,98,37.1
30033006,2,shortness of breath,6,90,148,53,12,96,36.5
30033007,3,chest pain,4,85,115,93,17,96,37.1
30033008,3,headache,0,86,123,82,24,100,38.4
30033009,2,shortness of breath,9,62,137,67,21,92,37.8
30033010,3,fever,4,100,144,75,16,94,38.3
30033011,4,anxiety,5,91,121,55,11,92,35.7
30033012,3,back pain,3,82,107,110,14,94,38.5
30033013,3,laceration,1,74,119,60,26,95,35.5
30033014,3,abdominal pain,4,91,119,72,22,96,35.6
30033015,4,fever,5,103,156,61,19,96,39.1
30033016,3,back pain,5,83,116,71,27,98,37.0
30033017,2,fever,8,86,105,84,22,98,36.6
30033018,3,back pain,6,74,118,63,22,100,36.2
30033019,3,back pain,7,96,103,100,21,94,37.3
30033020,2,fever,7,106,147,109,19,99,37.1
30033021,3,fever,2,71,102,79,19,99,37.1
30033022,3,knee pain,1,59,127,64,23,100,37.3
30033023,3,fever,7,87,142,95,16,94,36.8
30033024,2,anxiety,10,73,134,93,18,96,37.0
30033025,3,knee pain,1,94,135,81,21,92,36.5
30033026,5,anxiety,0,90,144,54,20,94,37.4
30033027,3,chest pain,2,57,147,80,29,91,36.2
30033028,2,anxiety,9,77,117,53,12,100,36.5
30033029,3,laceration,3,77,170,74,12,100,38.0
30033030,3,anxiety,5,82,118,107,19,97,35.3
30033031,3,chest pain,6,81,135,102,18,96,36.5
30033032,2,fever,7,87,120,92,21,97,38.2
30033033,5,anxiety,7,89,138,72,16,98,36.6
30033034,4,abdominal pain,0,94,139,66,22,92,38.3
30033035,3,headache,1,66,149,61,14,91,36.8
30033036,3,fever,7,67,161,72,21,96,38.1
30033037,3,headache,0,102,119,78,19,95,37.0
30033038,3,laceration,1,66,143,106,17,99,37.8
30033039,3,fall,6,84,148,84,20,98,37.1
30033040,3,knee pain,3,88,111,76,20,96,37.5
30033041,4,knee pain,2,62,128,82,16,98,37.6
30033042,4,laceration,3,87,117,73,11,99,36.6
30033043,5,laceration,7,64,127,84,18,91,37.0
30033044,3,fall,5,114,130,70,22,96,36.7
30033045,3,headache,0,70,106,91,17,100,36.4
30033046,2,abdominal pain,7,83,162,73,16,97,36.9
30033047,3,chest pain,6,101,78,85,19,100,38.7
30033048,4,chest pain,6,76,138,86,22,96,36.6
30033049,2,chest pain,6,111,175,57,25,100,36.8
30033050,2,knee pain,10,67,110,98,24,97,37.8
30033051,2,chest pain,9,69,114,88,14,100,35.9
30033052,4,fall,4,51,119,62,20,100,36.7
30033053,3,abdominal pain,2,74,127,88,23,90,36.7
30033054,2,headache,6,120,156,74,19,93,36.5
30033055,3,headache,5,106,134,90,26,96,37.1
30033056,3,fever,3,87,96,72,14,93,37.0
30033057,4,chest pain,5,81,161,76,17,97,36.5
30033058,4,shortness of breath,0,86,114,73,19,100,36.6
30033059,3,fall,6,68,144,83,18,96,37.0
30033060,3,abdominal pain,1,80,174,93,20,98,36.5
30033061,3,anxiety,7,72,119,89,14,98,37.0
30033062,4,laceration,3,89,155,58,15,99,37.2
30033063,3,abdominal pain,3,89,121,101,16,98,35.6
30033064,2,fall,8,71,153,78,21,97,36.6
30033065,3,headache,5,92,144,74,9,95,36.4
30033066,3,back pain,7,58,137,49,28,100,36.1
30033067,3,shortness of breath,6,86,95,90,22,99,37.4
30033068,3,chest pain,2,121,99,93,15,93,37.3
30033069,3,shortness of breath,6,77,134,67,16,94,38.2
30033070,1,knee pain,10,72,114,44,15,94,36.0
30033071,3,chest pain,5,88,92,55,21,95,37.0
30033072,4,headache,1,74,124,86,20,98,37.4
30033073,2,headache,7,77,112,71,17,89,37.1
30033074,3,laceration,3,73,128,99,18,96,36.9
30033075,4,anxiety,0,84,152,69,21,98,36.9
30033076,3,abdominal pain,7,73,100,89,24,100,38.1
30033077,3,back pain,6,86,130,115,21,99,36.6
30033078,4,anxiety,1,83,116,83,21,97,37.9
30033079,4,headache,3,73,138,103,25,97,37.4
30033080,2,shortness of breath,6,103,128,60,16,93,36.5
30033081,4,back pain,7,85,100,70,22,98,36.9
30033082,3,back pain,5,103,127,104,18,91,36.4
30033083,3,knee pain,2,100,124,98,14,99,35.9
30033084,3,back pain,1,83,145,55,11,100,38.9
30033085,3,fever,2,95,121,79,26,93,37.4
30033086,3,back pain,1,74,148,85,11,100,36.8
30033087,2,anxiety,9,77,127,63,16,98,37.0
30033088,2,shortness of breath,7,101,143,83,24,95,37.9
30033089,3,back pain,0,76,132,81,13,100,37.3
30033090,4,knee pain,6,106,137,82,17,98,37.2
30033091,3,laceration,1,84,140,78,23,99,37.9
30033092,4,shortness of breath,7,107,134,94,18,99,37.5
30033093,3,abdominal pain,5,74,124,67,17,97,37.1
30033094,2,back pain,9,62,129,97,16,98,37.5
30033095,3,fall,7,63,136,67,20,96,37.1
30033096,3,headache,1,100,150,51,14,100,37.7
30033097,5,headache,4,108,161,89,13,95,37.0
30033098,3,fever,2,87,138,84,22,99,36.0
30033099,3,laceration,5,92,106,62,20,97,37.3
30033100,3,knee pain,2,76,151,75,19,100,34.9
30033101,4,knee pain,3,100,141,68,14,100,37.8
30033102,3,abdominal pain,6,94,137,69,14,95,36.2
30033103,3,knee pain,1,74,120,82,23,96,37.6
30033104,3,fever,3,89,105,86,20,98,36.7
30033105,4,chest pain,1,84,91,57,18,98,36.7
30033106,2,fever,7,106,152,76,20,100,37.1
30033107,2,headache,7,60,107,86,19,95,37.2
30033108,4,shortness of breath,7,108,132,74,20,99,38.2
30033109,2,chest pain,10,131,119,94,11,96,37.6
30033110,2,knee pain,6,76,132,97,19,100,38.6
30033111,2,anxiety,7,82,137,93,25,93,35.9
30033112,2,anxiety,7,91,117,79,17,100,36.3
30033113,3,anxiety,2,80,114,102,20,98,35.6
30033114,2,back pain,7,75,92,67,13,100,36.4
30033115,3,knee pain,0,100,133,107,11,99,37.9
30033116,2,laceration,9,73,140,81,19,100,37.3
30033117,3,anxiety,2,88,102,64,14,100,36.5
30033118,3,chest pain,1,77,111,88,17,98,37.5
30033119,2,headache,7,77,111,73,21,97,36.6
30033120,3,shortness of breath,4,108,149,49,21,97,37.3
30033121,3,chest pain,6,87,108,106,14,100,36.6
30033122,3,fever,7,84,108,82,22,92,36.8
30033123,3,shortness of breath,6,89,146,98,24,93,37.0
30033124,3,laceration,5,89,115,56,21,100,36.9
30033125,3,headache,2,82,122,104,15,97,37.8
30033126,3,back pain,0,104,130,55,14,96,37.8
30033127,4,fall,3,93,134,69,15,94,37.7
30033128,2,anxiety,9,85,157,93,16,98,36.1
30033129,3,chest pain,7,66,136,95,15,100,37.9
30033130,2,back pain,7,79,162,91,18,94,38.2
30033131,2,back pain,7,108,102,81,15,95,35.2
30033132,3,anxiety,3,77,134,71,23,99,36.5
30033133,1,knee pain,6,89,121,68,15,93,36.7
30033134,2,knee pain,8,74,150,82,13,100,37.1
30033135,3,abdominal pain,4,112,131,84,19,98,38.5
30033136,3,shortness of breath,3,72,128,75,14,93,37.0
30033137,2,knee pain,7,99,139,76,20,96,35.7
30033138,3,anxiety,1,107,95,79,16,97,36.0
30033139,3,laceration,6,100,145,91,14,96,38.4
30033140,3,shortness of breath,0,90,144,66,13,95,36.8
30033141,4,knee pain,3,110,148,88,30,96,37.2
30033142,3,fall,5,85,142,91,16,97,36.1
30033143,3,anxiety,1,89,117,68,16,94,38.0
30033144,4,headache,1,89,116,91,16,93,37.2
30033145,4,laceration,2,72,158,76,25,98,37.7
30033146,4,fall,7,66,107,120,19,99,36.1
30033147,3,fever,4,100,144,88,18,91,37.2
30033148,3,laceration,4,81,148,70,21,96,37.7
30033149,3,laceration,0,95,120,97,17,98,37.1
30033150,3,headache,7,101,166,99,24,99,36.4
30033151,3,fever,0,83,107,97,19,99,36.9
30033152,3,laceration,7,119,143,94,18,100,36.2
30033153,2,fever,8,114,106,84,17,91,37.9
30033154,4,headache,6,68,145,103,20,96,36.4
30033155,2,anxiety,8,108,152,71,20,98,35.7
30033156,3,fall,6,88,121,67,15,91,38.4
30033157,3,fever,6,73,141,85,23,98,37.9
30033158,3,back pain,2,90,112,79,19,97,35.7
30033159,3,chest pain,3,62,139,67,18,100,37.8
30033160,2,laceration,6,85,101,76,16,94,36.6
30033161,5,fall,2,81,113,50,23,96,36.4
30033162,5,headache,4,79,116,78,17,95,37.0
30033163,4,knee pain,1,103,155,92,16,97,36.1
30033164,4,back pain,2,75,141,66,23,100,37.7
30033165,1,abdominal pain,9,78,133,100,16,93,37.0
30033166,3,knee pain,1,102,108,110,10,94,37.8
30033167,4,shortness of breath,2,100,103,92,17,92,37.4
30033168,3,headache,5,74,131,72,18,93,38.5
30033169,4,headache,0,87,118,90,9,94,36.2
30033170,5,shortness of breath,7,82,135,91,19,98,38.0
30033171,3,fall,7,99,118,70,18,95,37.8
30033172,3,fever,5,101,139,91,23,98,35.7
30033173,3,anxiety,6,76,95,80,17,96,35.7
30033174,3,abdominal pain,3,64,147,98,14,100,35.8
30033175,2,back pain,7,89,96,69,11,93,37.5
30033176,3,shortness of breath,2,80,111,62,16,92,36.2
30033177,2,knee pain,7,59,123,64,19,96,38.0
30033178,1,knee pain,10,98,199,96,23,99,36.5
30033179,3,anxiety,5,72,173,72,19,93,37.0
30033180,3,headache,2,80,153,76,16,92,36.9
30033181,3,headache,3,78,125,57,19,99,37.0
30033182,4,back pain,4,98,162,90,17,94,36.3
30033183,3,knee pain,1,88,138,73,17,98,36.5
30033184,3,back pain,4,86,129,104,24,100,37.1
30033185,3,laceration,0,83,134,63,17,94,37.5
30033186,5,abdominal pain,1,84,125,101,20,100,38.2
30033187,3,laceration,5,88,128,84,13,100,36.6
30033188,4,knee pain,4,100,130,92,26,92,36.5
30033189,2,chest pain,8,86,102,93,19,95,36.2
30033190,3,fever,3,84,138,70,21,100,36.7
30033191,3,headache,5,76,124,111,15,96,38.1
30033192,4,chest pain,3,90,129,77,14,100,37.3
30033193,3,shortness of breath,5,72,138,77,23,97,37.2
30033194,3,knee pain,2,100,112,74,16,98,36.2
30033195,2,fall,9,85,147,104,19,97,37.9
30033196,2,knee pain,10,111,92,71,18,94,36.4
30033197,5,laceration,2,83,136,70,22,98,35.9
30033198,3,back pain,7,106,146,78,18,96,36.9
30033199,5,abdominal pain,3,94,142,78,20,98,37.2
30033200,3,knee pain,1,102,102,76,14,98,37.4
30033201,4,fever,4,101,58,88,17,95,38.1
30033202,3,shortness of breath,6,64,157,79,15,98,36.4
30033203,3,shortness of breath,5,86,110,75,25,98,37.5
30033204,4,anxiety,7,92,145,78,21,93,37.5
30033205,3,fever,4,88,136,64,17,95,37.0
30033206,3,fever,5,92,134,102,18,96,38.5
30033207,3,chest pain,4,80,98,95,15,98,38.3
30033208,3,knee pain,7,70,127,64,26,97,36.2
30033209,3,anxiety,2,97,123,60,12,95,38.1
30033210,2,headache,6,92,99,52,17,98,36.5
30033211,2,back pain,6,93,167,108,22,96,38.3
30033212,3,chest pain,3,93,89,65,28,92,35.0
30033213,3,chest pain,7,120,109,74,18,99,38.2
30033214,3,fever,0,103,105,61,21,95,36.4
30033215,2,shortness of breath,9,104,111,77,19,97,36.4
30033216,2,laceration,8,85,141,97,20,100,36.5
30033217,1,fall,10,87,115,87,18,100,36.3
30033218,5,laceration,5,96,91,92,22,99,37.6
30033219,2,laceration,9,100,91,59,13,98,37.0
30033220,1,fever,8,92,130,82,17,100,37.1
30033221,4,fever,0,91,133,61,12,93,35.1
30033222,2,chest pain,6,78,124,104,15,100,36.0
30033223,3,chest pain,3,105,116,84,25,96,36.2
30033224,5,abdominal pain,7,82,137,86,16,96,37.6
30033225,3,headache,1,82,117,79,22,96,36.4
30033226,1,headache,7,78,125,109,20,96,37.4
30033227,5,fever,7,87,141,93,15,91,35.0
30033228,2,laceration,9,87,171,86,14,99,37.1
30033229,3,fever,1,96,123,78,11,97,36.3
30033230,3,chest pain,6,116,108,82,21,98,36.0
30033231,3,knee pain,3,91,148,74,17,100,36.5
30033232,1,anxiety,7,54,128,73,11,92,37.9
30033233,1,headache,9,113,142,77,26,98,36.3
30033234,3,knee pain,7,72,122,51,17,95,36.8
30033235,4,shortness of breath,0,58,119,66,14,96,37.5
30033236,1,fever,8,77,125,85,15,99,36.5
30033237,2,knee pain,10,100,140,86,25,99,37.7
30033238,1,fever,8,73,92,72,17,95,37.2
30033239,3,headache,3,65,116,84,17,97,36.4
30033240,4,fall,7,78,113,67,16,98,36.4
30033241,2,knee pain,9,87,118,82,17,97,37.4
30033242,4,knee pain,4,96,96,102,21,98,35.8
30033243,4,laceration,3,85,135,81,20,100,35.5
30033244,4,headache,0,89,115,85,17,93,37.0
30033245,3,back pain,3,76,119,77,17,95,37.6
30033246,1,fall,10,69,96,52,18,99,36.2
30033247,5,laceration,7,85,94,75,14,96,36.3
30033248,3,back pain,0,96,152,88,15,93,36.6
30033249,3,back pain,7,65,136,58,16,100,35.9
30033250,3,fever,6,68,140,72,21,96,35.9
30033251,3,fever,7,116,145,56,17,94,39.1
30033252,3,back pain,0,87,73,76,24,96,36.9
30033253,3,abdominal pain,3,106,103,71,18,100,36.6
30033254,3,shortness of breath,3,84,148,83,22,100,37.9
30033255,4,headache,2,84,113,68,26,100,35.2
30033256,2,chest pain,9,90,162,88,18,100,37.0
30033257,3,fever,5,59,141,97,17,100,35.9
30033258,3,laceration,5,88,136,83,23,95,37.6
30033259,3,fever,0,89,115,78,11,92,35.3
30033260,2,anxiety,8,94,127,50,16,97,38.2
30033261,4,headache,3,61,135,72,21,93,37.2
30033262,4,back pain,5,86,112,55,17,95,36.1
30033263,3,laceration,4,93,138,71,23,100,37.2
30033264,3,shortness of breath,3,88,117,91,19,92,35.9
30033265,3,knee pain,6,77,126,99,22,99,36.0
30033266,5,headache,7,78,104,80,20,96,34.9
30033267,3,knee pain,2,81,135,98,23,95,35.6
30033268,3,abdominal pain,2,78,134,69,18,97,36.1
30033269,4,headache,7,80,119,73,13,94,36.8
30033270,3,fever,4,70,99,73,16,96,37.9
30033271,3,laceration,1,84,154,65,12,98,36.3
30033272,3,fall,6,90,153,78,18,93,35.5
30033273,3,laceration,1,90,125,91,13,97,37.6
30033274,4,chest pain,3,71,103,77,20,94,38.0
30033275,4,shortness of breath,4,92,127,88,18,93,38.3
30033276,4,knee pain,7,85,164,67,22,92,39.1
30033277,4,knee pain,7,85,141,92,18,96,36.7
30033278,4,anxiety,4,79,104,95,15,97,36.2
30033279,4,chest pain,6,79,114,90,18,94,37.2
30033280,1,laceration,7,83,115,93,20,98,37.4
30033281,4,laceration,2,88,109,73,19,98,35.8
30033282,5,back pain,0,50,161,59,22,100,37.8
30033283,3,laceration,3,68,119,83,17,100,36.8
30033284,2,chest pain,8,84,148,82,15,100,37.7
30033285,5,chest pain,4,80,129,105,18,94,36.8
30033286,3,anxiety,6,72,108,54,18,100,36.6
30033287,2,shortness of breath,9,67,150,91,19,94,36.5
30033288,3,laceration,3,89,112,80,17,96,36.6
30033289,3,headache,3,101,112,80,20,98,37.7
30033290,3,fever,2,108,154,102,12,100,35.7
30033291,4,laceration,0,81,143,71,15,97,35.3
30033292,2,fever,9,118,116,89,21,95,37.0
30033293,4,back pain,6,91,124,74,19,99,38.1
30033294,3,chest pain,0,97,126,54,25,97,37.5
30033295,4,fall,3,73,134,71,13,98,36.4
30033296,2,knee pain,7,89,110,101,16,95,37.9
30033297,2,laceration,7,57,117,93,20,93,35.9
30033298,3,chest pain,5,60,133,70,24,96,37.0
30033299,3,headache,1,85,118,86,27,92,35.7
30033300,3,headache,1,75,113,110,19,96,36.7
30033301,2,shortness of breath,6,72,108,63,17,94,37.3
30033302,3,shortness of breath,1,64,95,62,16,96,36.5
30033303,4,knee pain,2,76,104,87,19,99,36.5
30033304,3,shortness of breath,5,88,134,72,10,100,37.9
30033305,3,anxiety,1,88,140,72,14,96,37.8
30033306,2,fever,10,93,112,69,19,94,37.7
30033307,3,back pain,5,69,119,70,18,100,37.5
30033308,3,headache,3,78,118,83,18,93,36.3
30033309,3,fall,5,93,152,72,16,99,37.9
30033310,2,fall,8,92,109,89,18,97,36.8
30033311,3,abdominal pain,1,70,103,53,15,95,36.3
30033312,3,knee pain,1,95,125,74,18,98,37.8
30033313,3,fever,0,74,107,62,18,95,36.1
30033314,3,back pain,4,75,109,90,21,98,36.5
30033315,3,shortness of breath,7,101,118,75,14,92,36.9
30033316,4,fall,7,86,121,75,15,97,38.7
30033317,4,back pain,5,75,97,40,22,94,38.6
30033318,3,laceration,6,83,147,64,20,95,37.9
30033319,4,shortness of breath,6,106,122,58,15,92,36.6
30033320,3,abdominal pain,0,88,159,95,13,96,35.0
30033321,3,fall,5,71,149,69,10,96,35.9
30033322,2,anxiety,7,89,142,84,21,100,37.3
30033323,4,fever,6,74,103,78,27,95,37.6
30033324,3,back pain,3,86,121,70,13,96,37.4
30033325,4,abdominal pain,1,86,159,90,24,94,36.9
30033326,3,shortness of breath,2,88,108,104,18,95,37.1
30033327,3,laceration,5,96,89,81,12,98,37.5
30033328,3,back pain,0,80,125,80,15,100,36.7
30033329,4,shortness of breath,2,109,121,68,20,96,37.5
30033330,3,fall,0,101,133,51,17,97,36.7
30033331,3,fever,1,68,136,64,13,100,36.5
30033332,3,back pain,7,79,128,74,21,100,38.2
30033333,3,abdominal pain,3,88,135,86,26,100,36.3
30033334,4,fall,1,87,107,92,14,94,36.6
30033335,3,fever,5,68,118,90,23,96,35.7
30033336,3,laceration,1,77,109,101,17,98,36.7
30033337,1,back pain,8,85,132,81,19,94,37.7
30033338,3,abdominal pain,0,110,124,91,17,96,38.4
30033339,4,laceration,7,94,116,104,18,94,36.7
30033340,2,back pain,10,91,153,71,13,98,38.6
30033341,1,shortness of breath,10,98,130,78,17,93,35.5
30033342,4,fall,0,83,159,77,23,97,37.7
30033343,2,fever,6,96,121,82,17,97,37.2
30033344,3,chest pain,6,80,114,103,18,98,37.1
30033345,3,anxiety,7,81,139,60,19,97,37.5
30033346,2,fever,9,91,139,70,17,95,37.3
30033347,3,shortness of breath,1,56,125,93,22,93,35.6
30033348,1,fall,8,78,161,83,18,95,37.9
30033349,3,shortness of breath,5,105,125,89,16,92,36.9
30033350,4,anxiety,6,57,175,90,16,97,38.5
30033351,3,chest pain,2,92,123,94,19,100,36.2
30033352,3,chest pain,6,70,102,66,18,98,37.2
30033353,4,anxiety,1,121,142,71,16,93,37.1
30033354,2,back pain,8,71,137,71,12,97,37.0
30033355,3,laceration,4,55,127,96,20,95,38.5
30033356,3,knee pain,1,89,119,88,24,99,37.4
30033357,3,chest pain,3,67,111,102,18,100,37.2
30033358,3,fall,3,101,122,77,24,93,36.7
30033359,2,anxiety,8,76,151,101,22,98,37.7
30033360,3,anxiety,4,73,111,81,17,100,37.6
30033361,3,fever,2,67,119,49,15,100,37.1
30033362,3,anxiety,1,87,98,100,18,98,37.3
30033363,3,fever,0,98,133,88,13,94,37.1
30033364,4,laceration,4,71,111,79,23,97,35.7
30033365,1,shortness of breath,8,96,118,81,17,100,38.2
30033366,4,knee pain,4,80,136,81,17,96,37.3
30033367,2,knee pain,7,91,131,55,19,97,37.8
30033368,3,back pain,6,69,113,119,21,99,36.9
30033369,5,back pain,7,86,113,100,12,92,37.0
30033370,4,back pain,0,106,134,97,18,98,36.4
30033371,2,anxiety,10,92,114,110,21,94,37.7
30033372,3,fall,7,105,112,72,16,97,37.3
30033373,3,headache,2,87,95,89,15,96,37.6
30033374,2,abdominal pain,10,89,96,73,20,99,36.7
30033375,3,abdominal pain,6,99,149,97,19,100,37.1
30033376,3,chest pain,5,82,89,81,14,99,36.5
30033377,3,laceration,7,76,117,94,18,99,37.0
30033378,1,knee pain,6,97,147,82,16,95,37.8
30033379,1,laceration,10,89,149,101,16,99,38.2
30033380,3,fall,6,110,119,59,19,96,38.3
30033381,3,headache,3,80,128,69,17,97,34.2
30033382,3,anxiety,4,81,89,86,25,100,36.6
30033383,3,anxiety,5,120,111,78,12,99,37.9
30033384,1,abdominal pain,10,65,132,64,9,98,37.1
30033385,3,fever,6,71,118,81,18,99,37.5
30033386,1,knee pain,6,108,115,88,14,99,38.6
30033387,5,chest pain,3,81,110,69,18,98,37.6
30033388,3,fall,3,81,119,89,18,98,36.2
30033389,3,laceration,7,84,122,82,21,92,36.0
30033390,3,back pain,2,120,126,92,22,97,36.9
30033391,4,fever,1,77,106,73,26,96,37.5
30033392,1,back pain,10,91,138,61,18,100,37.0
30033393,5,chest pain,1,82,144,89,16,94,37.2
30033394,3,anxiety,4,78,115,105,21,100,35.5
30033395,4,laceration,3,70,128,71,16,94,37.1
30033396,4,chest pain,4,98,156,68,15,97,38.6
30033397,3,shortness of breath,5,84,168,69,25,100,36.6
30033398,3,fall,4,73,79,96,12,98,36.5
30033399,4,anxiety,5,76,119,75,12,95,37.0
30033400,3,anxiety,0,83,157,86,15,99,37.3
30033401,4,headache,2,72,114,75,14,100,37.3
30033402,3,anxiety,4,68,142,71,17,92,37.5
30033403,4,laceration,1,63,144,70,18,100,37.5
30033404,3,laceration,5,67,117,74,15,94,37.1
30033405,4,abdominal pain,0,82,121,86,17,97,36.8
30033406,3,back pain,0,76,148,95,14,95,38.7
30033407,3,headache,7,70,101,78,17,98,36.4
30033408,4,headache,1,87,142,61,24,98,36.7
30033409,3,knee pain,2,119,96,70,18,93,37.1
30033410,4,knee pain,3,104,139,95,26,97,36.7
30033411,3,fall,6,96,115,65,19,100,36.8
30033412,4,knee pain,2,95,84,88,10,99,35.8
30033413,2,laceration,8,68,137,56,18,98,37.5
30033414,4,abdominal pain,2,79,111,92,23,100,37.7
30033415,3,fever,5,77,119,83,14,93,36.8
30033416,3,back pain,3,97,110,82,17,98,36.2
30033417,1,knee pain,9,55,138,71,12,99,36.5
30033418,3,fever,1,86,129,85,18,97,36.9
30033419,3,shortness of breath,5,93,146,88,18,97,36.9
30033420,4,laceration,4,104,126,94,21,95,36.6
30033421,3,laceration,6,83,95,68,20,93,37.0
30033422,3,headache,0,113,102,94,17,98,38.3
30033423,4,shortness of breath,2,77,146,72,11,96,35.8
30033424,3,laceration,2,59,113,78,21,97,36.1
30033425,3,anxiety,3,93,170,64,16,97,37.8
30033426,3,back pain,4,97,124,95,20,94,37.1
30033427,3,back pain,1,82,76,107,22,100,36.2
30033428,2,fall,6,89,152,73,20,95,36.6
30033429,4,back pain,1,80,133,78,13,93,35.7
30033430,2,fever,9,64,150,52,16,96,37.3
30033431,3,anxiety,5,84,114,77,14,96,37.2
30033432,4,laceration,0,68,129,79,16,95,37.5
30033433,3,chest pain,6,79,118,98,21,94,36.9
30033434,2,fever,7,91,97,59,14,96,36.8
30033435,3,knee pain,6,87,123,79,16,95,37.3
30033436,5,headache,5,85,120,78,15,94,35.8
30033437,3,laceration,5,111,152,66,10,100,37.0
30033438,4,abdominal pain,1,108,81,61,24,95,38.0
30033439,2,anxiety,6,90,133,76,23,91,37.3
30033440,3,abdominal pain,7,106,130,92,19,90,37.7
30033441,3,laceration,7,89,158,65,20,100,38.5
30033442,3,back pain,2,85,102,73,23,100,37.4
30033443,3,anxiety,1,107,157,72,15,97,35.6
30033444,3,chest pain,5,77,80,78,16,96,36.4
30033445,5,shortness of breath,4,85,89,88,27,98,37.9
30033446,3,fever,1,83,98,73,16,99,37.5
30033447,3,shortness of breath,4,105,104,82,19,96,36.5
30033448,3,abdominal pain,0,77,157,75,18,100,36.7
30033449,5,anxiety,5,89,148,79,23,96,36.5
30033450,3,abdominal pain,6,98,130,105,23,100,37.9
30033451,2,laceration,7,106,154,76,20,99,37.2
30033452,2,fall,10,103,99,76,15,95,37.7
30033453,3,shortness of breath,2,73,131,54,20,97,37.1
30033454,3,chest pain,2,86,120,80,20,100,37.9
30033455,3,fall,0,84,133,94,18,98,36.0
30033456,4,knee pain,6,91,133,82,16,99,37.0
30033457,3,chest pain,1,81,120,68,20,99,37.1
30033458,3,knee pain,4,66,133,97,14,96,38.9
30033459,2,knee pain,9,74,124,101,23,97,37.6
30033460,3,fall,5,87,122,61,22,95,36.7
30033461,3,headache,3,96,157,69,19,97,36.4
30033462,5,abdominal pain,0,65,148,90,20,93,37.0
30033463,3,shortness of breath,5,101,121,98,18,94,37.1
30033464,3,abdominal pain,2,85,146,59,19,94,36.1
30033465,4,fever,4,85,127,99,17,99,35.8
30033466,4,fall,7,87,141,83,14,99,38.6
30033467,3,laceration,0,87,113,87,22,97,38.0
30033468,3,abdominal pain,6,97,84,80,20,96,37.0
30033469,3,fall,5,87,127,68,11,100,36.2
30033470,2,chest pain,7,111,151,87,14,100,38.3
30033471,3,knee pain,5,76,173,88,26,99,36.3
30033472,2,shortness of breath,10,74,125,52,27,96,37.4
30033473,3,headache,2,93,151,92,16,95,37.3
30033474,5,shortness of breath,2,49,146,93,23,97,37.8
30033475,3,knee pain,1,81,141,66,23,100,37.7
30033476,4,fever,0,58,115,66,25,97,37.0
30033477,3,abdominal pain,1,87,159,68,20,97,37.2
30033478,3,headache,4,82,82,89,18,94,37.9
30033479,2,chest pain,10,97,150,85,17,100,38.1
30033480,2,shortness of breath,7,67,133,95,16,95,36.4
30033481,3,fall,6,88,118,87,23,98,37.7
30033482,3,headache,2,66,142,90,19,92,38.1
30033483,3,anxiety,3,117,105,94,15,95,36.5
30033484,4,abdominal pain,0,105,119,82,24,97,36.2
30033485,3,fever,4,112,168,64,21,100,36.8
30033486,4,headache,3,55,142,86,24,94,36.4
30033487,4,shortness of breath,2,81,102,93,20,99,38.3
30033488,3,back pain,1,97,108,74,21,99,36.7
30033489,2,headache,10,107,145,69,16,96,37.0
30033490,1,chest pain,8,105,148,57,26,97,35.5
30033491,3,chest pain,6,88,164,78,15,94,38.7
30033492,3,shortness of breath,7,87,134,104,10,100,38.0
30033493,3,abdominal pain,6,78,135,67,11,95,37.3
30033494,2,chest pain,10,117,109,94,20,100,38.5
30033495,4,knee pain,6,74,128,89,12,94,36.7
30033496,3,chest pain,2,70,186,87,15,95,38.9
30033497,3,chest pain,7,71,133,88,24,94,36.6
30033498,4,fall,2,78,126,80,15,100,36.6
30033499,3,knee pain,7,92,116,65,19,98,36.9
30033500,4,fever,2,77,146,93,25,94,37.8
30033501,2,shortness of breath,8,57,132,109,16,93,37.8
30033502,3,fever,7,82,142,58,24,100,36.9
30033503,4,chest pain,4,83,114,87,21,96,38.1
30033504,4,shortness of breath,5,60,131,74,18,94,36.5
30033505,1,shortness of breath,9,67,134,60,16,100,37.2
30033506,3,fever,1,81,137,83,13,91,36.3
30033507,3,laceration,6,87,119,68,23,100,37.1
30033508,3,fever,5,80,102,78,12,99,37.7
30033509,3,shortness of breath,0,95,99,78,18,95,35.7
30033510,3,anxiety,2,82,117,74,7,97,36.8
30033511,2,fall,7,64,112,77,15,97,38.0
30033512,4,abdominal pain,3,76,110,79,15,97,36.0
30033513,3,anxiety,1,76,106,87,17,96,37.5
30033514,3,headache,6,107,76,80,19,95,36.2
30033515,5,shortness of breath,2,109,140,73,18,99,38.1
30033516,4,headache,7,60,119,77,19,95,37.9
30033517,3,shortness of breath,7,105,121,77,20,94,36.9
30033518,4,abdominal pain,1,69,147,87,22,93,37.1
30033519,1,back pain,9,63,91,73,13,99,36.3
30033520,2,chest pain,6,99,133,96,15,100,36.2
30033521,3,fever,5,77,132,104,23,97,37.5
30033522,1,abdominal pain,7,82,120,86,18,95,34.1
30033523,3,anxiety,4,104,172,88,19,95,36.5
30033524,4,anxiety,2,72,98,72,14,94,37.7
30033525,5,knee pain,7,101,142,82,19,96,36.9
30033526,2,anxiety,8,94,134,101,18,100,37.7
30033527,4,fever,1,68,131,83,22,95,37.9
30033528,3,laceration,5,89,133,62,21,99,36.8
30033529,3,chest pain,1,64,145,54,17,100,37.0
30033530,2,back pain,9,83,149,101,24,95,36.0
30033531,3,knee pain,6,76,105,78,14,97,37.1
30033532,3,knee pain,1,84,121,73,25,94,37.6
30033533,3,knee pain,1,103,168,76,20,98,36.5
30033534,2,anxiety,6,116,153,75,14,99,37.7
30033535,3,laceration,2,105,111,94,22,98,37.5
30033536,3,shortness of breath,0,96,145,61,18,97,37.4
30033537,3,fall,2,77,135,78,18,95,36.5
30033538,3,chest pain,5,86,91,87,18,97,37.6
30033539,2,anxiety,8,63,160,79,11,97,36.1
30033540,2,knee pain,8,82,137,64,19,99,36.2
30033541,3,fall,4,130,121,63,17,99,37.7
30033542,2,laceration,8,94,168,65,26,100,37.0
30033543,3,fall,1,77,127,99,17,97,37.4
30033544,1,back pain,8,86,118,71,9,94,35.2
30033545,3,back pain,3,95,98,80,13,94,36.8
30033546,3,fever,2,94,94,59,23,97,37.1
30033547,4,fall,0,86,105,47,25,98,36.0
30033548,4,abdominal pain,0,97,135,78,21,100,36.7
30033549,4,shortness of breath,5,53,143,74,22,100,36.9
30033550,3,fever,2,119,95,44,16,96,37.7
30033551,1,laceration,9,88,99,61,18,99,36.8
30033552,2,headache,6,104,162,109,22,100,37.2
30033553,2,knee pain,8,73,140,72,14,100,35.6
30033554,2,fall,8,105,124,67,19,98,36.3
30033555,5,anxiety,4,74,143,83,20,99,36.8
30033556,3,fever,7,86,150,68,18,98,36.7
30033557,4,laceration,3,83,117,53,17,97,38.1
30033558,3,fall,0,98,143,88,15,98,36.4
30033559,4,abdominal pain,4,97,130,121,18,98,37.2
30033560,3,laceration,2,115,140,79,21,100,36.3
30033561,2,headache,10,62,119,79,23,90,35.6
30033562,5,laceration,5,97,147,79,19,93,37.4
30033563,3,laceration,6,67,138,88,21,95,35.7
30033564,3,fever,6,77,111,69,21,98,37.4
30033565,1,knee pain,7,75,115,75,16,99,36.7
30033566,2,fever,7,77,139,74,18,100,37.5
30033567,3,chest pain,3,104,105,97,28,93,35.5
30033568,3,shortness of breath,6,62,143,110,17,98,36.9
30033569,5,fall,4,89,158,65,20,96,36.4
30033570,1,fever,9,83,113,93,17,94,36.0
30033571,3,chest pain,0,91,86,70,12,93,36.9
30033572,5,fever,4,80,133,85,17,98,35.9
30033573,4,laceration,4,79,135,57,15,94,37.2
30033574,4,abdominal pain,1,45,120,78,16,95,35.9
30033575,4,headache,2,89,134,74,17,95,36.6
30033576,2,shortness of breath,8,93,118,77,20,97,36.7
30033577,3,abdominal pain,5,80,122,63,25,96,36.2
30033578,3,abdominal pain,0,126,135,54,23,96,37.7
30033579,2,laceration,8,90,138,88,20,99,37.1
30033580,4,back pain,7,62,128,85,25,100,36.9
30033581,1,anxiety,10,53,106,77,22,94,37.4
30033582,2,fever,9,77,108,70,19,99,35.5
30033583,3,back pain,3,41,128,74,20,98,36.2
30033584,3,shortness of breath,3,85,106,89,22,100,36.6
30033585,3,anxiety,6,75,101,78,16,99,36.6
30033586,2,fever,7,78,122,56,21,96,37.2
30033587,2,laceration,10,71,126,75,14,99,36.5
30033588,2,chest pain,7,94,134,60,13,94,36.8
30033589,3,fall,0,71,97,84,22,97,38.0
30033590,4,anxiety,1,71,130,60,21,97,36.6
30033591,4,abdominal pain,2,95,151,75,14,99,36.4
30033592,5,shortness of breath,2,87,142,47,18,98,36.9
30033593,3,fall,3,98,117,95,13,96,37.3
30033594,5,headache,3,75,135,86,12,98,36.8
30033595,3,shortness of breath,5,89,113,56,15,97,36.0
30033596,4,back pain,2,62,151,74,9,95,37.5
30033597,3,anxiety,0,91,114,78,22,94,38.7
30033598,2,fall,6,90,122,108,18,95,36.9
30033599,3,back pain,2,88,123,84,23,98,37.0
30033600,3,laceration,5,79,153,118,18,99,36.4
30033601,3,knee pain,3,70,143,66,15,100,37.8
30033602,3,anxiety,2,80,115,77,10,93,36.6
30033603,2,abdominal pain,6,93,99,104,24,96,36.9
30033604,3,fall,1,88,74,83,17,95,36.9
30033605,3,fall,0,77,132,105,13,96,37.0
30033606,3,anxiety,1,107,163,65,24,100,35.4
30033607,2,fever,8,105,135,73,25,93,36.9
30033608,3,abdominal pain,1,88,120,63,18,96,37.7
30033609,3,knee pain,3,83,130,93,19,99,37.7
30033610,3,abdominal pain,6,90,147,91,26,95,35.7
30033611,1,laceration,10,75,138,76,22,99,38.1
30033612,1,laceration,6,82,129,69,13,97,37.0
30033613,4,shortness of breath,3,97,123,63,18,91,36.1
30033614,3,back pain,4,91,109,78,19,98,37.8
30033615,2,anxiety,7,66,149,95,10,99,36.6
30033616,4,anxiety,6,74,128,74,22,100,37.7
30033617,2,knee pain,8,96,150,44,19,93,37.5
30033618,2,headache,10,113,134,82,16,92,36.5
30033619,1,headache,9,95,120,40,23,96,38.8
30033620,4,fall,7,94,150,94,22,92,36.3
30033621,3,abdominal pain,1,63,120,90,25,97,35.9
30033622,3,fall,2,76,120,81,21,95,37.7
30033623,4,abdominal pain,7,89,131,71,11,98,36.0
30033624,3,chest pain,1,110,122,94,22,94,36.4
30033625,3,fever,1,102,142,97,17,95,38.0
30033626,3,chest pain,6,75,121,84,18,98,35.7
30033627,3,headache,7,79,109,80,22,94,38.3
30033628,3,abdominal pain,0,83,117,91,6,99,38.6
30033629,4,headache,6,90,122,102,24,96,37.3
30033630,3,back pain,2,75,118,86,17,99,38.1
30033631,3,anxiety,7,76,155,103,20,97,37.2
30033632,3,anxiety,3,86,109,80,19,91,37.2
30033633,2,shortness of breath,10,95,100,77,20,94,36.4
30033634,3,abdominal pain,4,75,121,56,20,94,37.3
30033635,2,laceration,10,85,103,81,18,98,36.5
30033636,4,laceration,7,91,150,80,18,93,38.2
30033637,3,chest pain,6,92,119,71,25,99,37.2
30033638,2,chest pain,8,88,113,85,10,96,38.3
30033639,3,knee pain,0,86,117,106,16,97,36.7
30033640,3,chest pain,4,85,128,107,21,98,35.5
30033641,2,chest pain,9,95,147,75,22,100,37.9
30033642,1,fever,10,98,79,78,19,94,37.5
30033643,2,abdominal pain,6,106,95,91,17,93,36.3
30033644,2,anxiety,9,70,102,86,13,100,37.6
30033645,3,shortness of breath,3,67,125,80,24,100,35.8
30033646,4,knee pain,5,99,127,84,18,94,36.4
30033647,4,chest pain,2,105,94,62,21,100,37.1
30033648,3,back pain,5,104,152,85,19,100,37.5
30033649,3,laceration,3,122,110,92,8,100,37.2
30033650,4,laceration,0,96,126,96,15,94,35.2
30033651,3,chest pain,6,66,105,82,18,98,36.3
30033652,2,fever,10,69,110,94,12,92,36.7
30033653,3,knee pain,5,78,135,63,22,99,36.6
30033654,2,anxiety,9,116,112,70,17,100,38.1
30033655,3,fever,6,69,135,69,12,90,37.3
30033656,5,anxiety,2,95,109,83,24,99,36.3
30033657,3,chest pain,4,78,105,68,23,94,37.4
30033658,3,knee pain,0,95,120,28,17,100,36.4
30033659,3,knee pain,0,42,84,50,23,100,36.9
30033660,3,back pain,4,82,117,96,16,92,37.7
30033661,3,anxiety,0,82,160,71,13,100,38.4
30033662,3,laceration,0,80,97,97,19,100,36.8
30033663,3,abdominal pain,5,81,112,74,20,97,37.9
30033664,3,abdominal pain,0,81,148,78,16,90,37.2
30033665,1,shortness of breath,9,75,116,82,21,100,37.3
30033666,3,back pain,5,96,139,81,25,98,37.2
30033667,4,headache,0,99,105,77,12,100,36.7
30033668,3,headache,7,55,149,120,6,100,36.9
30033669,2,headache,7,75,138,74,18,98,37.3
30033670,3,laceration,7,61,143,74,13,99,37.5
30033671,3,back pain,4,95,150,69,12,95,36.9
30033672,3,abdominal pain,3,97,163,74,17,100,36.3
30033673,1,chest pain,7,66,130,84,16,97,38.0
30033674,4,laceration,5,81,137,118,18,94,36.4
30033675,4,chest pain,0,49,138,87,18,97,37.2
30033676,2,headache,6,82,116,83,18,99,37.3
30033677,2,anxiety,6,111,134,77,16,99,38.5
30033678,1,shortness of breath,8,70,83,103,17,97,37.5
30033679,2,back pain,6,85,117,86,20,98,36.3
30033680,1,fall,10,75,115,100,16,98,36.6
30033681,3,back pain,3,33,88,66,16,100,35.1
30033682,3,laceration,0,85,129,68,18,92,37.1
30033683,5,anxiety,4,73,116,40,24,92,36.9
30033684,3,fever,2,85,129,99,22,92,37.1
30033685,3,anxiety,6,75,128,81,14,98,37.7
30033686,4,chest pain,5,57,113,79,16,97,36.6
30033687,4,abdominal pain,2,89,96,66,14,95,36.5
30033688,3,anxiety,6,95,136,96,22,97,35.9
30033689,3,anxiety,6,96,133,87,17,95,37.7
30033690,3,fall,0,94,119,65,29,100,36.0
30033691,3,shortness of breath,5,53,99,75,23,98,37.1
30033692,3,shortness of breath,5,118,180,86,17,100,38.1
30033693,4,knee pain,6,58,115,96,18,98,38.2
30033694,3,fever,1,89,111,78,25,96,36.4
30033695,4,anxiety,6,86,159,89,21,94,37.1
30033696,2,fever,8,83,149,90,26,96,36.1
30033697,3,chest pain,0,81,129,90,14,100,36.2
30033698,5,knee pain,2,74,91,89,17,95,36.1
30033699,2,knee pain,7,72,135,77,19,95,37.4
30033700,5,abdominal pain,0,88,128,99,20,96,36.4
30033701,2,fall,6,74,121,50,14,100,38.6
30033702,2,fever,10,87,106,93,15,90,36.4
30033703,3,anxiety,3,95,119,67,18,100,37.6
30033704,3,anxiety,2,74,141,66,10,98,35.4
30033705,2,anxiety,9,96,138,91,14,96,37.4
30033706,4,chest pain,3,62,128,93,17,90,36.9
30033707,3,fall,2,72,150,96,14,97,36.9
30033708,3,headache,5,69,89,64,18,93,36.7
30033709,4,laceration,2,124,97,75,14,100,36.5
30033710,3,knee pain,3,85,95,72,21,92,37.9
30033711,3,fever,2,102,147,92,17,97,37.6
30033712,2,back pain,7,84,102,71,13,99,36.7
30033713,3,shortness of breath,0,93,109,64,14,100,37.7
30033714,3,abdominal pain,2,83,143,92,17,98,36.6
30033715,3,headache,1,53,105,83,21,100,38.0
30033716,2,laceration,7,71,143,82,24,97,36.8
30033717,3,chest pain,1,84,164,80,16,98,37.0
30033718,3,fall,3,59,88,81,16,96,37.2
30033719,3,back pain,0,79,117,110,18,97,36.4
30033720,3,laceration,5,108,83,86,24,97,35.5
30033721,1,shortness of breath,7,62,106,75,16,100,37.2
30033722,3,laceration,6,99,125,71,16,97,37.6
30033723,3,shortness of breath,5,70,137,66,23,97,37.1
30033724,5,chest pain,2,80,112,88,17,100,36.3
30033725,2,anxiety,9,67,148,77,24,98,35.5
30033726,3,fever,0,81,99,67,16,99,35.9
30033727,2,knee pain,6,70,137,86,12,96,38.5
30033728,4,fever,0,95,147,47,23,97,37.5
30033729,3,anxiety,3,90,125,68,13,97,37.9
30033730,3,knee pain,0,116,111,67,14,100,37.8
30033731,1,fever,6,78,120,76,12,100,36.3
30033732,3,chest pain,1,85,127,66,21,96,36.8
30033733,3,knee pain,4,78,111,65,22,95,36.2
30033734,4,back pain,3,79,142,118,21,95,36.9
30033735,3,fall,4,71,109,83,17,96,37.3
30033736,3,laceration,7,96,128,85,22,94,37.6
30033737,2,fall,9,83,96,66,20,96,38.3
30033738,3,fever,7,102,158,62,19,96,36.8
30033739,2,chest pain,8,73,152,55,16,100,36.4
30033740,3,knee pain,2,63,101,65,18,100,36.9
30033741,4,laceration,6,88,134,76,18,97,37.1
30033742,4,back pain,2,89,127,68,19,95,36.1
30033743,3,knee pain,7,93,140,68,15,91,36.6
30033744,4,fall,7,103,112,96,18,96,35.8
30033745,5,knee pain,6,71,146,72,23,99,38.3
30033746,2,shortness of breath,10,97,90,77,16,100,36.8
30033747,4,headache,3,60,142,89,17,94,35.9
30033748,3,laceration,4,95,107,55,17,95,38.1
30033749,3,knee pain,0,64,77,91,17,96,37.3
30033750,5,laceration,6,55,113,89,16,97,36.0
30033751,4,fall,5,97,130,79,19,100,37.0
30033752,3,fever,0,85,70,57,22,94,37.0
30033753,3,headache,2,94,102,86,17,98,38.5
30033754,4,shortness of breath,1,89,117,108,19,99,36.8
30033755,4,headache,1,93,138,85,19,98,37.5
30033756,3,chest pain,1,111,145,92,12,99,36.7
30033757,5,fever,0,82,86,86,13,94,36.8
30033758,3,headache,0,62,148,83,20,97,36.1
30033759,3,fever,3,94,112,93,16,98,36.2
30033760,3,fever,4,85,128,73,8,94,35.7
30033761,4,back pain,0,47,113,58,14,99,36.7
30033762,5,fall,4,92,128,51,23,100,37.2
30033763,4,chest pain,6,90,176,86,26,98,37.9
30033764,3,abdominal pain,7,109,118,85,17,94,36.5
30033765,4,fever,3,72,137,86,12,96,37.1
30033766,2,chest pain,8,79,117,84,23,100,34.9
30033767,5,chest pain,6,80,110,82,13,93,37.0
30033768,3,fall,1,81,140,73,20,98,37.2
30033769,2,headache,8,89,112,72,18,95,37.6
30033770,3,headache,1,67,152,75,18,100,35.2
30033771,2,fall,9,91,161,103,20,98,36.1
30033772,1,abdominal pain,10,86,133,75,13,96,38.1
30033773,4,fall,1,78,124,84,17,93,36.1
30033774,2,laceration,8,99,159,88,29,96,36.5
30033775,2,headache,8,94,144,64,14,100,35.8
30033776,1,fall,10,87,131,58,22,96,37.8
30033777,5,anxiety,1,84,140,75,14,97,36.8
30033778,3,knee pain,7,94,128,100,21,100,35.9
30033779,3,back pain,7,107,137,56,9,99,36.5
30033780,3,fall,5,60,168,93,19,96,37.4
30033781,2,back pain,8,81,147,89,23,99,37.7
30033782,2,knee pain,6,77,89,66,18,95,37.4
30033783,3,knee pain,4,85,115,75,19,94,36.6
30033784,3,fever,2,99,136,85,23,93,37.0
30033785,4,knee pain,2,62,145,79,16,98,38.7
30033786,5,anxiety,4,94,139,61,16,93,36.6
30033787,3,fall,3,98,158,73,17,100,37.0
30033788,3,anxiety,0,86,144,67,22,99,36.6
30033789,1,anxiety,7,88,122,73,15,95,38.4
30033790,3,headache,2,91,129,81,18,92,37.7
30033791,3,anxiety,3,79,113,86,16,99,36.6
30033792,3,abdominal pain,2,97,146,51,19,99,37.4
30033793,1,anxiety,7,118,108,76,21,100,37.7
30033794,4,headache,7,59,164,62,19,97,36.8
30033795,3,fall,5,72,132,70,13,100,37.6
30033796,2,fever,8,112,115,93,14,99,37.9
30033797,3,anxiety,4,69,110,92,18,100,37.4
30033798,4,abdominal pain,7,99,127,74,20,92,36.2
30033799,3,shortness of breath,5,101,115,73,23,96,38.8
30033800,3,knee pain,5,88,127,77,14,97,37.8
30033801,4,anxiety,2,57,158,87,15,97,36.5
30033802,3,abdominal pain,5,98,98,69,17,96,39.0
30033803,4,back pain,0,97,132,86,22,97,37.2
30033804,5,abdominal pain,5,105,166,109,20,93,38.0
30033805,4,abdominal pain,5,76,159,83,16,97,36.4
30033806,4,headache,0,72,127,66,14,98,37.0
30033807,1,fall,6,82,117,92,24,95,37.1
30033808,3,back pain,2,90,136,63,14,99,37.5
30033809,3,back pain,2,118,105,77,25,97,37.5
30033810,3,back pain,0,96,107,48,26,96,36.0
30033811,4,laceration,2,70,108,73,10,100,37.1
30033812,1,headache,9,80,141,96,21,100,36.2
30033813,4,back pain,7,97,105,56,14,100,37.1
30033814,3,headache,4,59,137,70,21,98,37.3
30033815,3,laceration,0,60,121,90,23,96,35.9
30033816,2,chest pain,9,64,120,71,26,92,37.6
30033817,4,fall,7,99,141,83,27,94,37.9
30033818,4,chest pain,5,103,147,75,19,91,36.3
30033819,4,headache,5,88,132,80,12,99,37.0
30033820,3,knee pain,5,66,131,66,19,96,36.6
30033821,3,knee pain,0,89,136,104,22,93,37.4
30033822,3,laceration,2,73,104,93,10,100,37.0
30033823,2,fall,8,87,132,103,22,100,36.4
30033824,3,shortness of breath,4,87,88,58,20,100,37.6
30033825,3,back pain,2,82,143,68,21,95,37.1
30033826,5,chest pain,7,99,88,83,11,99,36.2
30033827,5,shortness of breath,5,72,117,73,20,99,37.8
30033828,1,fall,6,80,118,72,21,92,37.7
30033829,3,shortness of breath,2,87,140,88,21,95,38.3
30033830,3,knee pain,3,90,115,80,16,95,36.9
30033831,3,chest pain,5,108,116,82,19,97,36.5
30033832,3,back pain,5,75,139,61,16,99,38.3
30033833,3,fall,3,85,139,41,19,92,37.9
30033834,2,fall,6,74,89,75,16,96,37.4
30033835,3,fever,0,91,113,86,19,95,37.4
30033836,3,shortness of breath,3,86,122,88,17,96,37.3
30033837,3,laceration,1,76,138,94,15,98,36.8
30033838,3,chest pain,1,88,143,83,18,98,37.1
30033839,3,shortness of breath,1,88,121,75,19,96,37.2
30033840,3,shortness of breath,7,104,127,82,16,95,35.6
30033841,3,abdominal pain,5,69,169,82,16,99,37.3
30033842,3,fever,7,77,155,77,11,100,37.4
30033843,3,fall,1,75,118,103,23,98,36.9
30033844,4,fall,1,60,102,61,18,97,36.0
30033845,1,chest pain,10,73,138,90,20,96,38.1
30033846,4,anxiety,1,96,134,68,20,95,37.7
30033847,5,back pain,3,86,104,94,12,92,37.1
30033848,3,laceration,2,85,122,112,16,98,37.5
30033849,3,anxiety,6,48,141,96,21,100,38.2
30033850,2,back pain,10,89,155,100,23,100,37.6
30033851,3,headache,1,108,98,55,18,95,36.5
30033852,3,shortness of breath,1,104,111,73,23,98,36.5
30033853,3,headache,3,100,86,69,15,99,37.7
30033854,3,chest pain,7,77,140,66,13,95,38.1
30033855,1,fall,8,96,112,91,26,100,37.3
30033856,3,back pain,5,92,127,90,8,98,37.1
30033857,3,chest pain,5,72,104,85,12,97,36.4
30033858,2,shortness of breath,8,80,107,93,19,97,35.6
30033859,3,shortness of breath,0,109,135,80,13,98,37.2
30033860,5,fall,5,66,140,81,20,97,37.8
30033861,3,abdominal pain,0,98,150,78,11,95,38.7
30033862,3,knee pain,1,93,147,81,20,100,38.8
30033863,3,fall,3,86,113,89,20,100,36.3
30033864,3,fever,0,95,121,77,18,100,38.2
30033865,3,knee pain,6,86,129,77,17,92,36.6
30033866,2,shortness of breath,6,83,123,49,19,95,36.1
30033867,2,knee pain,8,127,122,72,25,98,36.3
30033868,4,anxiety,5,73,155,98,18,92,36.4
30033869,3,laceration,6,88,137,80,15,96,36.5
30033870,4,shortness of breath,0,93,155,72,22,95,36.7
30033871,4,abdominal pain,5,49,138,98,19,99,36.0
30033872,3,shortness of breath,4,98,116,95,19,91,37.6
30033873,3,anxiety,3,78,121,91,25,98,36.6
30033874,2,knee pain,9,74,126,122,12,95,36.3
30033875,3,back pain,5,69,88,100,16,96,35.3
30033876,3,fever,0,89,126,92,20,97,36.4
30033877,3,shortness of breath,5,94,125,58,18,97,37.7
30033878,3,headache,7,90,121,79,15,96,36.5
30033879,5,chest pain,5,97,112,92,21,99,36.9
30033880,1,anxiety,6,104,146,62,25,96,38.2
30033881,5,laceration,2,92,106,69,19,100,36.8
30033882,2,fall,6,87,83,49,16,96,36.8
30033883,2,fall,9,76,120,92,23,93,35.3
30033884,3,fall,6,80,136,43,21,100,37.1
30033885,4,laceration,1,110,84,48,17,94,36.0
30033886,1,headache,8,76,128,89,15,97,35.8
30033887,4,fall,0,71,134,59,21,97,36.4
30033888,3,laceration,7,68,121,86,15,96,37.7
30033889,3,anxiety,6,76,87,66,20,100,36.3
30033890,4,anxiety,7,84,143,87,16,100,37.0
30033891,4,chest pain,2,95,120,63,20,93,35.8
30033892,4,fever,7,70,104,86,21,100,36.8
30033893,3,chest pain,1,99,126,85,15,98,36.8
30033894,3,back pain,1,94,117,80,17,96,37.3
30033895,3,headache,6,54,149,67,17,92,35.8
30033896,3,fall,3,88,156,72,17,100,37.6
30033897,3,back pain,4,83,91,74,21,96,35.5
30033898,3,fever,1,98,124,81,18,92,36.2
30033899,4,fall,4,101,135,86,16,94,36.7
30033900,5,back pain,3,41,138,86,14,96,34.8
30033901,3,abdominal pain,2,83,123,93,22,99,36.7
30033902,4,headache,0,87,125,69,21,94,38.5
30033903,3,chest pain,2,74,127,73,23,100,36.7
30033904,4,knee pain,0,93,124,77,23,95,35.5
30033905,4,abdominal pain,4,76,154,105,19,95,37.4
30033906,3,abdominal pain,6,89,102,93,21,97,37.5
30033907,3,chest pain,1,73,124,97,16,94,37.0
30033908,3,shortness of breath,3,80,112,55,18,97,37.3
30033909,3,headache,2,95,112,84,17,98,36.2
30033910,2,back pain,9,88,163,48,18,97,37.5
30033911,3,knee pain,2,120,91,88,14,100,36.8
30033912,3,anxiety,4,89,160,88,19,94,36.1
30033913,2,fall,10,51,124,97,21,98,36.1
30033914,3,back pain,0,89,128,60,17,96,36.0
30033915,3,shortness of breath,3,75,138,77,25,100,38.3
30033916,2,shortness of breath,9,81,134,76,26,95,36.8
30033917,5,back pain,2,92,124,73,18,100,36.7
30033918,3,anxiety,7,79,84,78,15,95,36.5
30033919,4,abdominal pain,1,100,120,66,20,94,37.0
30033920,3,chest pain,2,64,137,99,20,94,37.4
30033921,4,headache,5,107,116,88,14,100,36.4
30033922,2,knee pain,9,73,125,85,22,93,36.8
30033923,3,fall,7,62,143,84,19,100,36.1
30033924,3,back pain,5,86,99,63,16,100,37.6
30033925,3,anxiety,4,87,125,80,18,97,38.8
30033926,3,shortness of breath,5,56,130,76,15,93,37.1
30033927,2,knee pain,9,108,93,74,19,92,38.1
30033928,2,fever,9,81,166,82,10,100,37.1
30033929,4,knee pain,3,89,118,104,20,96,37.4
30033930,3,laceration,7,77,139,86,16,98,35.7
30033931,3,headache,6,61,143,68,21,94,35.7
30033932,2,laceration,9,65,109,76,17,97,37.5
30033933,3,laceration,0,101,138,91,19,100,38.4
30033934,3,shortness of breath,3,97,158,72,19,96,37.0
30033935,3,knee pain,1,118,104,61,22,97,36.3
30033936,2,back pain,9,79,112,81,12,96,37.1
30033937,2,shortness of breath,8,90,98,77,17,95,36.7
30033938,3,laceration,7,79,117,85,19,100,37.4
30033939,4,laceration,0,110,85,74,22,94,35.9
30033940,4,shortness of breath,6,97,155,93,16,94,35.7
30033941,3,shortness of breath,6,95,120,120,17,98,36.6
30033942,3,fever,6,73,149,88,18,95,36.8
30033943,2,fever,8,71,141,93,10,98,37.5
30033944,3,headache,3,82,137,54,16,95,36.5
30033945,3,headache,1,95,127,99,22,97,36.7
30033946,2,shortness of breath,6,86,113,70,20,99,36.8
30033947,4,back pain,0,73,121,62,21,100,37.2
30033948,3,chest pain,7,97,120,85,14,96,36.5
30033949,4,fever,7,89,129,75,19,94,36.4
30033950,3,anxiety,4,95,99,64,18,98,38.0
30033951,3,chest pain,5,105,113,105,14,98,38.2
30033952,3,chest pain,1,72,108,103,25,92,38.2
30033953,3,abdominal pain,0,95,102,75,20,100,37.6
30033954,4,headache,5,80,122,59,17,95,36.5
30033955,3,fall,7,77,123,66,21,94,37.3
30033956,5,chest pain,4,129,132,92,19,96,36.3
30033957,3,knee pain,6,93,132,73,17,95,37.1
30033958,1,chest pain,6,91,108,80,21,98,36.8
30033959,3,fever,2,90,123,82,22,100,36.7
30033960,3,abdominal pain,4,79,124,75,26,94,36.6
30033961,3,knee pain,4,66,165,69,23,99,36.0
30033962,4,fever,3,72,184,69,19,98,36.6
30033963,3,headache,2,92,134,83,17,95,36.8
30033964,3,laceration,4,76,107,82,11,97,36.1
30033965,3,back pain,5,109,114,92,13,96,37.0
30033966,2,fever,8,82,162,86,16,98,37.3
30033967,1,headache,6,76,137,102,22,93,38.4
30033968,2,abdominal pain,7,110,110,76,17,95,36.7
30033969,3,fall,0,83,111,98,17,96,38.2
30033970,2,chest pain,8,63,111,50,25,97,37.3
30033971,3,headache,7,69,153,73,20,91,37.2
30033972,3,laceration,1,99,83,59,14,98,36.8
30033973,5,knee pain,2,75,108,59,23,99,36.3
30033974,3,anxiety,2,86,104,61,16,92,36.9
30033975,3,fever,4,64,115,80,21,96,37.7
30033976,3,fall,5,97,101,78,15,91,37.3
30033977,2,headache,10,113,141,53,20,99,36.7
30033978,4,laceration,5,89,133,83,19,100,37.1
30033979,3,abdominal pain,0,89,102,60,20,94,37.4
30033980,2,fever,10,108,127,94,21,95,37.6
30033981,4,shortness of breath,0,96,142,78,20,100,36.7
30033982,4,laceration,0,101,126,89,22,98,38.0
30033983,3,knee pain,6,62,143,94,18,99,36.7
30033984,3,knee pain,2,91,178,89,17,94,36.6
30033985,3,anxiety,2,97,137,86,24,100,37.0
30033986,4,shortness of breath,0,86,127,35,15,95,37.1
30033987,4,laceration,5,102,159,72,18,93,35.8
30033988,3,fever,4,95,111,63,22,100,37.8
30033989,4,fever,2,81,131,92,19,97,36.7
30033990,4,abdominal pain,2,69,118,83,25,98,36.9
30033991,4,laceration,3,58,134,47,21,91,36.5
30033992,2,fever,8,90,106,85,15,98,35.8
30033993,3,laceration,1,74,159,87,21,95,37.6
30033994,4,knee pain,4,124,133,102,22,95,37.2
30033995,4,back pain,0,71,132,64,18,94,35.7
30033996,5,anxiety,3,61,145,61,14,98,36.9
30033997,3,abdominal pain,5,85,135,107,14,97,36.6
30033998,2,abdominal pain,7,78,96,74,16,100,36.2
30033999,3,chest pain,6,77,142,91,18,94,38.1
30034000,3,shortness of breath,2,93,166,95,17,96,35.8
30034001,3,abdominal pain,4,97,131,52,20,94,35.9
30034002,4,knee pain,5,107,116,92,18,100,37.0
30034003,3,abdominal pain,7,94,170,84,25,98,38.4
30034004,3,laceration,5,85,105,66,17,94,37.9
30034005,3,knee pain,5,76,97,72,24,100,36.7
30034006,3,shortness of breath,4,90,167,65,24,98,36.9
30034007,3,chest pain,2,97,121,77,24,92,37.8
30034008,4,headache,6,77,158,116,18,98,37.5
30034009,3,back pain,3,99,158,73,19,97,36.4
30034010,5,anxiety,7,98,143,42,19,100,36.8
30034011,3,back pain,1,100,137,68,21,96,38.4
30034012,5,abdominal pain,2,60,142,112,13,99,38.1
30034013,4,shortness of breath,6,100,89,89,20,98,37.2
30034014,2,laceration,6,87,118,77,15,96,37.4
30034015,5,anxiety,3,103,124,74,20,93,37.7
30034016,3,chest pain,3,98,133,88,16,96,36.2
30034017,3,shortness of breath,3,77,122,68,14,93,36.8
30034018,5,abdominal pain,3,77,150,62,9,89,36.0
30034019,2,fall,10,55,139,96,14,97,36.3
30034020,2,headache,6,57,96,56,20,95,36.4
30034021,2,fever,8,66,76,64,19,94,36.3
30034022,3,shortness of breath,5,89,148,68,12,98,37.3
30034023,3,shortness of breath,1,71,133,104,23,96,37.6
30034024,2,chest pain,9,81,114,69,15,91,37.1
30034025,3,headache,3,78,114,59,15,100,36.8
30034026,3,headache,1,76,90,87,11,94,37.3
30034027,3,shortness of breath,3,59,94,81,15,100,37.1
30034028,4,back pain,1,81,106,95,25,96,36.7
30034029,4,fever,5,75,120,89,23,99,37.6
30034030,4,abdominal pain,4,104,116,61,19,97,37.5
30034031,2,shortness of breath,9,71,102,108,13,98,35.9
30034032,5,chest pain,5,75,150,65,10,92,36.4
30034033,2,abdominal pain,8,80,125,83,15,97,35.8
30034034,2,shortness of breath,8,52,134,63,19,96,37.4
30034035,3,anxiety,6,95,110,91,26,97,37.2
30034036,3,laceration,4,49,155,87,12,94,37.5
30034037,4,chest pain,2,85,126,108,22,96,37.1
30034038,2,fever,7,78,86,88,23,91,36.6
30034039,2,fever,8,100,114,98,19,100,37.8
30034040,3,anxiety,7,79,115,71,15,96,37.2
30034041,2,shortness of breath,10,70,90,92,15,94,37.0
30034042,4,knee pain,3,84,146,62,14,98,35.8
30034043,3,chest pain,0,86,111,63,21,97,37.2
30034044,4,anxiety,2,78,110,71,17,98,37.6
30034045,3,fall,0,112,161,83,18,100,36.9
30034046,5,chest pain,5,78,96,71,13,99,36.7
30034047,5,fall,1,88,125,109,25,97,38.2
30034048,3,laceration,5,80,98,87,17,99,36.3
30034049,4,fever,4,106,129,89,18,98,36.0
30034050,3,back pain,4,61,143,102,21,95,38.2
30034051,5,laceration,6,64,133,77,17,99,35.4
30034052,5,fall,4,96,88,69,26,97,37.1
30034053,3,laceration,1,75,139,48,20,99,37.8
30034054,1,knee pain,10,83,157,67,17,94,36.8
30034055,3,back pain,1,67,142,62,14,99,37.5
30034056,3,shortness of breath,6,59,101,86,20,99,39.0
30034057,5,anxiety,2,72,112,51,14,100,37.0
30034058,4,fever,3,91,105,73,17,100,36.5
30034059,2,anxiety,6,108,100,89,19,100,37.0
30034060,3,headache,3,109,157,86,17,92,36.7
30034061,3,fever,4,95,127,51,16,96,37.7
30034062,2,laceration,6,98,136,50,20,99,36.5
30034063,4,fall,6,93,128,83,12,95,37.0
30034064,1,back pain,8,66,116,61,18,100,36.7
30034065,3,knee pain,0,65,143,70,14,98,37.4
30034066,3,fall,1,68,119,67,16,100,36.8
30034067,3,knee pain,1,60,145,69,12,100,35.8
30034068,3,laceration,1,98,140,69,23,98,35.5
30034069,3,anxiety,3,78,128,82,14,100,35.9
30034070,3,headache,0,103,133,95,18,95,36.5
30034071,2,anxiety,10,59,116,107,21,98,36.7
30034072,3,knee pain,6,94,157,107,17,96,35.8
30034073,3,fall,4,77,119,91,13,95,37.2
30034074,4,laceration,1,102,108,90,20,98,36.9
30034075,3,fall,2,89,146,88,22,96,36.2
30034076,4,abdominal pain,4,72,142,58,19,94,38.2
30034077,2,abdominal pain,6,99,129,87,16,95,36.3
30034078,3,fever,5,92,132,87,24,100,36.7
30034079,4,back pain,7,95,124,102,15,96,36.8
30034080,5,anxiety,3,82,121,93,20,99,36.3
30034081,4,headache,5,70,153,95,18,98,36.5
30034082,4,headache,2,80,113,72,20,97,38.0
30034083,3,abdominal pain,3,81,140,58,21,99,35.7
30034084,4,abdominal pain,6,66,143,83,9,99,36.7
30034085,3,laceration,7,84,148,69,15,100,37.1
30034086,1,abdominal pain,6,90,96,60,19,100,37.6
30034087,4,anxiety,7,56,153,81,18,94,37.3
30034088,4,headache,6,84,115,87,17,100,37.6
30034089,3,headache,6,89,143,67,14,99,37.9
30034090,3,knee pain,5,83,118,83,28,98,36.8
30034091,3,abdominal pain,3,78,106,106,13,95,37.8
30034092,2,abdominal pain,10,96,148,50,21,92,37.9
30034093,1,abdominal pain,10,88,92,82,18,97,36.8
30034094,4,fall,6,87,128,112,18,93,37.3
30034095,2,chest pain,8,103,161,89,17,95,36.1
30034096,3,fever,7,83,134,84,17,97,37.1
30034097,2,back pain,6,119,145,68,18,96,37.9
30034098,4,anxiety,4,102,134,70,19,100,38.0
30034099,1,fever,8,97,116,86,18,100,35.9
30034100,3,laceration,6,80,140,72,18,92,36.5
30034101,5,fall,6,94,87,57,13,92,36.7
30034102,3,laceration,7,93,118,76,15,98,37.3
30034103,4,chest pain,5,79,161,113,13,95,36.8
30034104,3,knee pain,3,53,124,91,17,100,36.8
30034105,3,knee pain,6,85,173,120,24,92,37.3
30034106,3,knee pain,5,83,187,105,20,99,37.2
30034107,3,abdominal pain,1,69,116,48,21,97,37.2
30034108,4,back pain,2,106,100,78,24,99,36.2
30034109,3,knee pain,6,71,114,89,18,100,37.3
30034110,3,laceration,1,66,119,75,22,98,35.7
30034111,3,chest pain,6,85,119,78,12,100,37.7
30034112,3,laceration,4,90,147,86,14,100,36.5
30034113,5,fall,4,78,87,51,14,99,36.6
30034114,4,shortness of breath,0,88,118,64,13,100,35.0
30034115,5,back pain,3,94,114,62,20,99,38.1
30034116,4,knee pain,1,113,118,132,14,98,36.6
30034117,4,headache,6,80,146,102,13,93,35.2
30034118,4,fever,6,90,131,73,19,100,36.7
30034119,3,abdominal pain,5,67,132,77,18,98,37.1
30034120,3,headache,5,81,96,95,13,97,36.1
30034121,2,anxiety,10,81,125,55,15,98,37.1
30034122,2,chest pain,6,93,111,66,24,99,37.6
30034123,3,knee pain,4,111,168,90,18,100,38.8
30034124,3,anxiety,4,69,114,81,17,98,35.7
30034125,3,anxiety,3,94,103,74,21,99,37.2
30034126,3,anxiety,0,92,143,67,22,98,37.3
30034127,2,knee pain,8,114,157,76,20,98,37.1
30034128,5,anxiety,1,93,169,112,20,95,36.3
30034129,4,fever,4,87,134,73,16,100,36.3
30034130,4,anxiety,1,78,134,88,20,99,36.6
30034131,4,anxiety,6,89,124,73,12,100,37.1
30034132,5,anxiety,7,93,136,89,23,100,35.7
30034133,3,headache,2,75,142,87,30,93,36.2
30034134,3,shortness of breath,1,94,118,115,17,95,36.5
30034135,3,fall,3,87,96,88,18,96,37.9
30034136,4,chest pain,1,78,125,78,23,95,36.1
30034137,3,fever,1,92,122,77,15,93,38.0
30034138,3,laceration,5,98,122,92,18,98,35.2
30034139,1,shortness of breath,10,59,145,83,17,93,36.3
30034140,4,back pain,7,86,167,89,19,93,35.9
30034141,3,headache,2,112,127,84,16,100,37.2
30034142,4,chest pain,7,69,118,70,18,93,36.8
30034143,4,knee pain,5,68,111,77,12,99,35.6
30034144,1,abdominal pain,8,74,126,136,21,96,37.7
30034145,3,abdominal pain,3,96,122,79,10,99,38.5
30034146,2,back pain,6,102,124,87,21,99,37.0
30034147,3,chest pain,3,86,128,101,16,100,37.4
30034148,3,headache,7,95,147,89,15,100,37.3
30034149,3,shortness of breath,5,94,85,91,18,100,38.4
30034150,2,laceration,9,98,121,98,23,97,38.7
30034151,3,fever,2,109,139,73,15,96,37.7
30034152,5,laceration,6,43,138,44,14,94,37.2
30034153,4,fever,0,117,113,103,24,95,37.5
30034154,3,headache,6,127,130,35,18,91,36.9
30034155,5,back pain,2,65,137,62,21,99,36.2
30034156,1,fall,6,80,139,91,17,98,36.1
30034157,3,anxiety,5,64,144,91,19,97,37.2
30034158,2,abdominal pain,6,78,142,85,17,98,35.9
30034159,4,back pain,0,69,100,65,19,99,37.4
30034160,3,headache,6,94,131,61,14,96,37.8
30034161,4,anxiety,7,90,102,80,19,92,37.7
30034162,3,headache,4,73,142,93,18,99,37.1
30034163,4,laceration,6,80,134,90,19,92,37.8
30034164,3,headache,2,110,123,84,26,98,36.6
30034165,3,anxiety,0,74,140,72,22,97,34.6
30034166,3,back pain,6,92,140,96,24,98,37.7
30034167,3,laceration,1,92,108,60,19,100,36.7
30034168,2,fever,7,75,147,94,22,99,36.0
30034169,3,chest pain,5,97,115,67,19,95,35.7
30034170,3,fall,4,87,107,92,21,99,36.5
30034171,3,headache,1,116,101,122,12,89,37.6
30034172,3,fall,7,108,139,69,21,100,36.1
30034173,2,knee pain,9,108,117,60,23,90,37.8
30034174,4,chest pain,6,69,133,50,18,97,36.3
30034175,2,back pain,6,99,102,86,19,100,37.1
30034176,3,laceration,3,73,98,93,19,96,36.7
30034177,3,abdominal pain,4,64,113,79,14,99,36.0
30034178,2,headache,7,96,121,103,20,98,37.0
30034179,3,back pain,5,91,125,68,25,91,36.4
30034180,3,back pain,0,91,179,85,24,96,36.8
30034181,3,shortness of breath,3,51,107,77,23,96,36.4
30034182,4,fever,2,75,84,79,15,94,37.7
30034183,4,knee pain,4,77,129,77,16,100,35.2
30034184,3,knee pain,2,96,108,100,20,95,36.9
30034185,4,anxiety,5,89,112,79,15,97,37.1
30034186,3,laceration,2,84,108,100,19,94,35.8
30034187,4,abdominal pain,5,76,144,68,26,97,36.9
30034188,3,knee pain,0,72,123,60,13,88,37.3
30034189,3,chest pain,6,78,115,59,13,94,36.1
30034190,5,abdominal pain,4,88,85,78,18,95,37.0
30034191,3,anxiety,4,92,124,66,21,96,36.8
30034192,3,anxiety,3,103,166,83,16,96,36.9
30034193,3,back pain,1,82,125,72,19,97,38.1
30034194,3,fever,1,65,141,89,17,93,37.0
30034195,3,headache,4,69,141,55,10,95,37.7
30034196,4,knee pain,6,88,132,85,17,96,36.9
30034197,1,abdominal pain,8,91,118,88,16,92,37.6
30034198,3,laceration,4,104,140,91,17,98,37.2
30034199,2,fall,7,94,138,81,15,100,37.3
30034200,1,anxiety,6,94,137,103,16,95,36.7
30034201,3,shortness of breath,2,78,127,77,24,94,37.6
30034202,4,fever,3,89,123,79,20,100,36.8
30034203,2,fall,6,95,149,81,18,96,36.9
30034204,4,chest pain,7,82,91,73,21,96,37.2
30034205,2,knee pain,10,76,137,110,23,97,38.0
30034206,3,fever,1,73,100,74,20,100,37.7
30034207,3,laceration,3,101,125,74,11,96,36.8
30034208,4,fever,2,78,130,87,11,98,37.6
30034209,2,knee pain,7,64,179,80,21,98,36.6
30034210,4,fever,0,110,116,81,27,96,36.9
30034211,3,headache,2,88,114,67,16,96,38.0
30034212,3,headache,6,86,105,89,21,91,37.5
30034213,3,headache,4,84,110,110,18,100,37.8
30034214,2,back pain,10,68,135,86,16,91,37.7
30034215,4,headache,5,94,115,85,13,99,36.7
30034216,5,laceration,1,70,141,87,19,94,35.6
30034217,3,fever,0,70,118,62,17,96,35.3
30034218,3,fever,2,98,117,80,17,94,36.7
30034219,4,laceration,0,90,151,75,19,95,38.2
30034220,4,headache,4,81,113,101,12,96,38.1
30034221,3,back pain,1,84,142,38,16,98,37.4
30034222,5,shortness of breath,6,101,165,80,15,98,35.3
30034223,3,knee pain,6,81,92,83,16,98,37.8
30034224,2,back pain,8,53,167,85,25,99,37.4
30034225,4,laceration,5,74,138,85,21,100,36.7
30034226,3,shortness of breath,2,84,131,88,25,94,36.4
30034227,3,fall,2,88,166,91,23,95,38.0
30034228,3,knee pain,4,77,165,104,17,94,37.4
30034229,3,chest pain,1,97,152,76,12,98,36.2
30034230,1,laceration,9,88,173,52,19,96,37.7
30034231,3,fall,2,62,139,58,10,93,37.1
30034232,3,anxiety,0,68,165,96,22,100,36.0
30034233,2,anxiety,9,101,114,76,23,96,36.8
30034234,5,anxiety,1,69,124,74,21,98,38.1
30034235,3,laceration,7,66,158,74,19,100,37.8
30034236,4,abdominal pain,0,85,124,92,12,100,37.7
30034237,3,anxiety,2,69,136,56,14,99,37.0
30034238,4,abdominal pain,4,95,97,69,15,99,38.9
30034239,2,headache,6,85,124,85,20,98,36.4
30034240,4,abdominal pain,2,66,138,90,14,98,37.4
30034241,4,knee pain,5,70,114,84,14,95,35.9
30034242,2,laceration,8,78,125,103,10,97,37.2
30034243,3,fever,5,94,179,77,19,96,37.2
30034244,4,headache,4,98,125,66,14,98,37.1
30034245,3,fall,7,116,118,73,18,97,35.2
30034246,4,abdominal pain,4,53,123,36,11,98,38.0
30034247,1,back pain,8,82,163,76,16,99,38.7
30034248,4,abdominal pain,3,76,111,81,17,100,36.5
30034249,3,anxiety,5,69,126,73,18,100,36.0
30034250,3,headache,3,94,118,108,28,97,36.0
30034251,4,knee pain,3,76,153,106,15,95,37.7
30034252,5,fever,2,66,112,101,19,91,37.6
30034253,4,knee pain,6,93,140,62,22,99,36.5
30034254,3,fall,5,69,98,105,13,100,37.8
30034255,3,knee pain,0,87,150,89,21,98,37.7
30034256,3,knee pain,1,84,96,62,10,96,36.3
30034257,3,chest pain,3,67,124,80,16,97,38.0
30034258,3,knee pain,7,96,119,72,16,95,36.7
30034259,2,laceration,6,76,126,99,8,100,35.9
30034260,3,knee pain,0,86,126,77,22,98,38.0
30034261,3,knee pain,4,111,102,65,18,96,36.8
30034262,2,abdominal pain,10,85,141,94,17,95,36.8
30034263,3,shortness of breath,7,75,131,77,17,92,37.4
30034264,4,abdominal pain,1,75,130,93,15,99,37.1
30034265,2,fever,10,56,123,82,13,96,37.1
30034266,4,knee pain,3,98,97,84,16,97,37.6
30034267,3,chest pain,0,77,124,90,16,99,37.2
30034268,3,fall,3,57,189,66,21,99,35.5
30034269,3,fever,7,81,105,65,15,100,36.2
30034270,2,fall,9,84,163,70,22,94,37.5
30034271,4,headache,2,89,124,83,16,96,37.9
30034272,4,fall,2,113,155,70,21,98,37.3
30034273,4,headache,6,74,128,69,16,94,37.4
30034274,3,fever,0,54,155,93,21,96,38.1
30034275,5,anxiety,5,51,128,89,15,100,36.8
30034276,2,shortness of breath,10,96,138,62,18,97,36.4
30034277,3,shortness of breath,0,62,136,85,25,97,37.3
30034278,3,fall,4,65,117,62,20,100,37.2
30034279,2,fall,9,90,138,105,24,96,37.4
30034280,2,headache,9,83,132,93,21,97,37.8
30034281,3,anxiety,0,83,131,114,18,99,37.3
30034282,4,anxiety,0,107,109,79,24,90,37.3
30034283,3,fever,1,89,148,72,17,95,36.8
30034284,3,back pain,0,89,134,54,19,94,35.8
30034285,2,fall,6,74,130,120,19,93,35.7
30034286,3,knee pain,0,54,133,63,16,99,38.5
30034287,4,laceration,1,86,112,108,19,98,35.1
30034288,4,chest pain,6,69,116,91,20,92,36.3
30034289,3,laceration,4,70,138,45,25,97,36.9
30034290,2,fall,8,88,87,82,12,96,37.2
30034291,3,knee pain,5,68,111,95,8,97,36.4
30034292,3,laceration,4,68,139,69,20,100,39.3
30034293,4,fall,4,98,154,82,21,91,37.0
30034294,2,laceration,10,83,111,91,24,97,36.6
30034295,3,chest pain,6,102,68,81,18,100,36.5
30034296,2,chest pain,8,85,104,101,16,99,37.2
30034297,4,back pain,0,88,160,86,16,99,36.4
30034298,4,back pain,4,50,104,97,15,92,35.8
30034299,3,headache,3,78,99,76,22,97,37.9
30034300,3,fever,4,92,117,54,15,99,35.4
30034301,3,knee pain,6,82,138,82,14,92,37.3
30034302,3,laceration,3,72,134,77,22,99,37.9
30034303,1,back pain,6,82,82,95,14,100,36.5
30034304,3,chest pain,0,73,122,92,17,90,37.9
30034305,4,abdominal pain,2,123,104,99,25,96,37.5
30034306,3,fall,0,84,176,80,18,96,37.1
30034307,3,laceration,1,77,127,98,8,95,37.6
30034308,2,laceration,7,67,141,72,20,95,35.9
30034309,3,chest pain,0,64,131,79,15,100,36.3
30034310,3,laceration,2,76,139,77,24,97,38.8
30034311,1,laceration,10,123,102,64,14,97,36.6
30034312,3,chest pain,1,75,147,74,16,99,36.3
30034313,3,fever,3,57,131,82,23,100,36.8
30034314,2,shortness of breath,8,82,128,92,26,95,37.0
30034315,2,laceration,10,79,134,90,19,100,37.1
30034316,5,abdominal pain,5,59,140,67,11,97,37.0
30034317,3,shortness of breath,7,73,120,89,19,100,37.1
30034318,4,knee pain,5,97,152,69,19,95,37.1
30034319,2,headache,8,56,85,55,24,99,37.2
30034320,2,fall,8,83,90,101,21,96,37.1
30034321,2,knee pain,8,107,170,62,21,100,36.2
30034322,3,headache,2,86,105,63,19,99,36.1
30034323,4,fall,3,101,154,88,15,93,37.3
30034324,5,shortness of breath,3,77,145,75,18,98,36.5
30034325,3,fever,3,96,129,89,20,100,35.9
30034326,4,anxiety,1,84,97,93,13,93,36.7
30034327,2,anxiety,10,81,164,58,17,100,38.0
30034328,3,chest pain,7,56,122,63,17,94,37.0
30034329,4,abdominal pain,6,69,115,73,19,97,36.3
30034330,3,laceration,2,84,101,66,17,96,35.9
30034331,3,abdominal pain,3,82,134,74,18,100,36.0
30034332,1,back pain,7,79,120,124,23,100,36.2
30034333,3,fall,1,104,120,71,26,98,36.2
30034334,3,headache,1,77,113,67,18,100,36.6
30034335,3,chest pain,4,83,107,79,23,100,36.3
30034336,3,chest pain,7,74,124,75,24,97,37.3
30034337,4,abdominal pain,2,81,120,69,18,97,37.9
30034338,3,back pain,3,96,141,88,14,96,35.8
30034339,2,anxiety,7,92,128,71,11,91,36.6
30034340,3,headache,4,77,136,102,20,97,36.2
30034341,2,shortness of breath,8,80,89,86,19,97,37.5
30034342,3,knee pain,7,78,123,89,30,100,38.7
30034343,5,knee pain,0,103,149,74,22,100,38.7
30034344,1,laceration,6,89,132,55,19,96,36.8
30034345,1,headache,8,75,120,72,23,98,36.0
30034346,3,abdominal pain,6,79,129,53,18,100,37.1
30034347,3,abdominal pain,5,79,129,81,17,97,37.2
30034348,3,knee pain,2,89,145,95,13,100,37.5
30034349,2,headache,6,62,148,76,16,98,37.8
30034350,3,fever,5,105,102,79,16,89,35.6
30034351,3,back pain,6,66,112,79,20,96,36.2
30034352,2,chest pain,7,69,120,77,21,100,37.7
30034353,2,fall,6,125,136,66,29,96,36.2
30034354,4,laceration,0,111,155,74,26,100,37.2
30034355,3,back pain,5,59,163,98,9,97,37.6
30034356,3,laceration,2,87,134,48,15,100,37.2
30034357,3,headache,5,92,144,85,18,93,38.0
30034358,4,chest pain,2,87,109,87,13,98,36.6
30034359,2,laceration,7,88,111,83,15,96,36.2
30034360,1,back pain,6,69,133,91,16,97,37.4
30034361,2,fever,9,45,156,91,16,97,36.5
30034362,2,shortness of breath,10,45,95,110,24,97,37.8
30034363,5,knee pain,1,104,116,120,17,97,38.5
30034364,1,chest pain,7,91,121,88,15,99,38.1
30034365,3,back pain,5,75,146,49,15,100,37.1
30034366,4,fever,0,59,121,90,12,94,37.5
30034367,3,knee pain,2,89,165,90,24,99,36.8
30034368,3,headache,7,75,94,72,28,98,36.7
30034369,4,headache,6,85,125,74,14,95,36.4
30034370,4,knee pain,1,82,125,65,15,100,38.6
30034371,3,abdominal pain,7,71,148,87,26,99,36.0
30034372,3,fall,2,84,110,64,8,100,36.1
30034373,3,knee pain,2,76,138,71,21,95,36.3
30034374,3,laceration,3,79,105,101,19,98,37.5
30034375,3,laceration,7,77,139,76,18,98,36.7
30034376,3,chest pain,4,77,135,54,29,100,37.6
30034377,3,fall,0,51,137,74,22,95,37.2
30034378,3,abdominal pain,1,98,118,61,15,99,36.4
30034379,2,chest pain,8,109,99,99,16,96,36.0
30034380,4,chest pain,0,58,150,101,17,100,36.1
30034381,5,fall,0,69,139,89,27,95,37.1
30034382,4,shortness of breath,0,84,146,89,17,95,37.8
30034383,3,headache,2,73,153,61,14,93,37.4
30034384,2,fever,9,102,117,79,22,94,37.1
30034385,3,back pain,4,73,97,84,16,96,36.7
30034386,4,fall,2,92,138,76,16,97,38.0
30034387,3,back pain,0,103,113,97,15,91,37.3
30034388,3,knee pain,0,96,116,72,14,98,37.5
30034389,3,headache,7,98,116,86,22,99,35.7
30034390,2,back pain,6,74,110,83,21,98,37.3
30034391,3,shortness of breath,4,102,116,86,21,93,38.1
30034392,2,fall,9,93,108,84,18,93,38.1
30034393,3,chest pain,3,95,135,67,15,96,35.8
30034394,3,shortness of breath,6,74,150,94,20,94,36.4
30034395,3,knee pain,6,87,113,92,14,96,36.0
30034396,3,anxiety,1,109,190,65,15,100,36.3
30034397,2,anxiety,6,94,137,78,14,97,34.9
30034398,4,fever,3,100,139,75,18,96,35.7
30034399,4,chest pain,0,94,149,81,24,92,37.4
30034400,1,back pain,7,96,130,71,20,95,37.2
30034401,3,back pain,1,94,93,90,29,100,36.0
30034402,3,chest pain,3,94,144,63,20,96,37.8
30034403,2,laceration,10,87,124,128,23,99,37.8
30034404,4,fever,1,94,124,77,24,91,36.8
30034405,3,headache,3,103,75,95,21,96,37.1
30034406,3,anxiety,6,86,118,107,16,96,36.4
30034407,3,knee pain,1,74,119,75,12,97,37.8
30034408,3,fever,4,93,146,94,23,94,36.8
30034409,3,laceration,1,58,100,80,15,100,36.8
30034410,3,fall,7,83,115,48,21,99,36.7
30034411,2,chest pain,10,61,151,115,12,90,36.4
30034412,4,fall,6,75,111,82,18,97,37.0
30034413,3,abdominal pain,7,84,126,70,10,100,37.7
30034414,4,laceration,1,80,124,72,21,100,36.8
30034415,4,chest pain,7,93,121,83,16,99,36.4
30034416,2,back pain,7,101,144,71,17,98,37.6
30034417,2,headache,8,89,67,68,18,98,36.7
30034418,3,back pain,6,89,133,57,9,99,37.4
30034419,3,back pain,0,107,168,60,17,98,37.3
30034420,3,fall,0,83,120,71,15,99,37.2
30034421,4,knee pain,3,70,102,109,13,91,38.1
30034422,3,fever,6,58,153,51,23,95,36.7
30034423,3,fall,7,79,150,54,20,91,37.3
30034424,4,fever,6,107,99,51,17,96,37.4
30034425,5,fever,1,93,115,66,15,100,37.2
30034426,4,chest pain,6,82,135,83,19,96,37.3
30034427,3,knee pain,4,109,127,96,11,96,36.9
30034428,3,headache,2,87,101,80,26,96,37.4
30034429,5,fever,7,80,93,63,23,99,34.9
30034430,2,anxiety,6,96,118,89,19,100,37.6
30034431,1,knee pain,7,69,119,53,15,100,36.5
30034432,3,anxiety,7,90,135,71,23,95,37.0
30034433,3,abdominal pain,5,103,132,82,10,100,38.1
30034434,3,fall,3,94,111,109,19,99,36.4
30034435,3,headache,4,99,142,73,17,97,38.3
30034436,4,abdominal pain,7,92,147,70,20,99,38.0
30034437,3,knee pain,3,59,141,122,14,94,37.0
30034438,4,laceration,2,107,137,68,14,97,35.8
30034439,4,back pain,0,81,117,75,22,97,36.8
30034440,4,shortness of breath,2,66,162,71,26,98,38.5
30034441,4,knee pain,7,62,119,87,15,97,36.1
30034442,3,fall,7,70,135,72,14,99,37.2
30034443,3,laceration,3,79,113,69,17,98,36.7
30034444,4,headache,4,74,112,98,14,100,37.5
30034445,3,knee pain,3,84,131,81,18,95,38.3
30034446,3,knee pain,3,64,125,67,17,98,37.3
30034447,4,back pain,1,104,114,88,15,97,36.9
30034448,2,abdominal pain,10,73,108,65,12,99,36.6
30034449,3,shortness of breath,7,59,121,83,18,97,35.4
30034450,2,headache,7,79,113,57,20,94,37.5
30034451,3,back pain,1,115,126,65,18,94,37.9
30034452,3,headache,3,99,113,56,13,100,35.5
30034453,2,knee pain,8,114,135,93,16,97,37.0
30034454,4,back pain,7,102,138,71,20,96,36.6
30034455,1,back pain,9,87,135,86,20,97,39.0
30034456,3,laceration,4,82,142,78,18,100,37.3
30034457,3,back pain,4,65,124,110,21,97,36.6
30034458,3,fever,7,117,135,74,22,90,36.0
30034459,3,fall,7,69,141,92,17,95,37.0
30034460,1,chest pain,8,102,110,73,25,94,36.7
30034461,3,fever,3,72,112,87,16,97,36.6
30034462,4,abdominal pain,2,97,133,65,19,91,38.4
30034463,3,chest pain,1,91,125,65,16,100,37.8
30034464,3,abdominal pain,6,72,176,98,13,96,37.1
30034465,3,anxiety,7,106,117,99,23,93,36.1
30034466,2,laceration,6,76,131,105,15,98,36.6
30034467,3,laceration,7,78,147,82,23,94,34.8
30034468,3,back pain,1,58,114,88,20,100,35.7
30034469,3,fever,6,93,140,105,24,96,38.3
30034470,1,fall,8,91,131,90,13,98,36.5
30034471,2,headache,10,66,137,93,14,95,37.0
30034472,3,knee pain,2,74,140,74,29,94,37.3
30034473,3,fever,6,84,101,49,18,96,36.2
30034474,2,headache,7,89,102,72,17,94,37.9
30034475,3,shortness of breath,2,72,139,90,16,95,35.7
30034476,4,knee pain,7,55,165,110,24,100,37.0
30034477,2,fever,9,60,127,83,19,98,36.2
30034478,3,fall,0,84,140,97,16,100,36.5
30034479,3,headache,6,75,169,62,14,95,36.6
30034480,3,chest pain,6,80,121,59,11,95,38.0
30034481,3,fever,5,83,143,69,24,95,37.5
30034482,3,knee pain,2,69,127,93,18,98,37.2
30034483,3,knee pain,4,80,154,104,20,100,36.7
30034484,5,shortness of breath,2,87,100,107,18,96,36.5
30034485,4,fever,3,88,131,100,22,99,37.8
30034486,3,shortness of breath,3,98,118,65,19,95,37.0
30034487,4,back pain,2,91,98,73,15,99,37.4
30034488,3,anxiety,5,91,100,83,14,93,36.0
30034489,3,shortness of breath,5,98,73,88,16,96,36.4
30034490,3,knee pain,5,98,144,86,14,96,38.2
30034491,3,fall,6,103,110,128,18,100,37.8
30034492,2,chest pain,7,87,127,70,22,97,36.7
30034493,3,headache,6,88,103,72,20,96,36.9
30034494,3,anxiety,1,93,112,56,18,97,37.2
30034495,3,knee pain,2,71,152,56,20,95,37.4
30034496,3,fever,3,83,108,61,22,99,36.2
30034497,2,laceration,9,70,127,96,17,99,36.7
30034498,3,anxiety,4,62,105,71,19,90,36.7
30034499,3,back pain,6,76,119,75,23,100,38.0
30034500,4,fall,2,83,143,75,20,100,36.7
30034501,2,anxiety,8,64,111,62,15,96,35.9
30034502,2,fever,7,79,131,94,14,97,36.2
30034503,1,shortness of breath,6,67,133,80,17,100,37.0
30034504,3,laceration,4,95,87,75,20,92,37.8
30034505,2,laceration,7,48,112,70,24,98,37.2
30034506,4,headache,0,100,98,56,20,97,36.9
30034507,3,fall,0,61,120,66,21,96,38.3
30034508,3,anxiety,4,67,150,113,20,97,37.5
30034509,3,fever,5,61,94,52,16,98,37.0
30034510,3,fall,3,49,116,78,23,96,37.2
30034511,3,abdominal pain,5,90,106,75,21,93,38.5
30034512,3,anxiety,7,94,122,79,13,96,37.3
30034513,3,headache,7,74,113,63,18,99,36.9
30034514,3,laceration,0,82,120,93,19,94,36.8
30034515,3,abdominal pain,4,123,112,67,20,98,37.4
30034516,3,back pain,3,62,52,95,18,100,36.5
30034517,4,anxiety,1,74,130,77,23,98,35.8
30034518,3,laceration,2,85,147,56,16,97,38.3
30034519,3,headache,6,88,92,98,19,97,36.5
30034520,4,knee pain,1,92,106,77,9,96,37.4
30034521,3,headache,3,77,138,77,15,95,37.3
30034522,2,knee pain,10,73,116,80,21,100,36.0
30034523,3,knee pain,5,94,114,92,25,98,37.0
30034524,4,headache,5,77,142,94,17,93,37.5
30034525,3,headache,5,106,121,72,16,100,38.3
30034526,3,headache,5,94,97,97,16,98,37.0
30034527,3,headache,5,107,123,95,11,99,38.1
30034528,3,fever,0,97,110,68,16,94,35.2
30034529,3,anxiety,7,93,103,98,20,97,37.8
30034530,4,laceration,5,66,135,94,22,100,38.3
30034531,4,fever,1,94,131,73,19,93,37.4
30034532,2,anxiety,6,86,175,90,21,92,37.1
30034533,4,back pain,6,95,128,65,9,94,37.4
30034534,3,anxiety,6,88,128,49,15,92,37.0
30034535,3,chest pain,0,100,106,75,13,100,36.3
30034536,3,anxiety,2,65,119,94,25,100,35.9
30034537,3,laceration,4,94,127,68,11,96,37.6
30034538,3,abdominal pain,2,61,112,78,16,95,36.8
30034539,2,abdominal pain,9,79,112,79,16,97,37.2
30034540,3,fall,3,104,119,73,22,97,36.9
30034541,4,laceration,3,117,110,79,18,96,37.8
30034542,3,shortness of breath,3,97,153,97,23,95,37.1
30034543,2,knee pain,6,68,145,66,15,98,36.6
30034544,5,abdominal pain,3,72,132,103,18,97,36.6
30034545,3,headache,1,95,92,82,17,95,37.2
30034546,4,fall,0,101,120,80,16,100,37.3
30034547,2,back pain,6,115,167,76,20,97,36.6
30034548,2,knee pain,7,97,83,84,14,100,36.9
30034549,2,anxiety,9,75,115,59,22,100,36.6
30034550,3,anxiety,3,78,102,69,21,100,36.3
30034551,2,shortness of breath,8,75,124,90,12,97,37.0
30034552,3,anxiety,7,46,110,79,23,99,37.3
30034553,5,chest pain,3,88,125,97,14,100,36.4
30034554,4,laceration,4,93,122,86,13,91,37.3
30034555,4,laceration,5,92,145,87,16,94,36.4
30034556,3,headache,2,78,150,63,12,94,36.6
30034557,2,shortness of breath,8,80,112,58,13,96,37.0
30034558,5,fever,7,101,144,91,14,97,35.6
30034559,3,anxiety,1,78,121,103,11,100,36.3
30034560,2,abdominal pain,8,102,136,100,15,97,36.6
30034561,5,shortness of breath,5,77,94,68,18,97,36.6
30034562,2,knee pain,10,73,116,94,16,93,36.2
30034563,1,anxiety,10,81,128,74,13,97,36.8
30034564,4,chest pain,6,74,133,77,27,96,38.5
30034565,1,abdominal pain,10,81,126,89,13,99,35.9
30034566,2,chest pain,6,100,123,95,11,96,36.5
30034567,3,knee pain,0,103,138,53,21,96,38.1
30034568,3,abdominal pain,1,87,92,111,26,91,37.2
30034569,3,chest pain,6,98,142,74,15,100,37.7
30034570,3,chest pain,3,102,105,74,17,96,37.0
30034571,3,knee pain,1,130,150,63,19,99,37.0
30034572,3,anxiety,4,118,111,75,15,97,36.5
30034573,4,knee pain,0,117,139,80,22,96,37.8
30034574,3,anxiety,7,57,107,85,14,97,37.2
30034575,4,chest pain,3,82,106,104,21,97,36.3
30034576,2,abdominal pain,10,73,121,102,19,94,36.2
30034577,4,shortness of breath,1,88,132,81,23,100,37.4
30034578,3,back pain,0,87,124,87,17,99,37.6
30034579,3,shortness of breath,1,97,122,89,21,97,36.6
30034580,3,fever,7,92,125,101,18,96,37.5
30034581,5,laceration,4,82,105,102,14,97,36.4
30034582,3,shortness of breath,3,65,138,81,21,94,35.9
30034583,3,abdominal pain,5,79,137,83,16,97,38.9
30034584,2,headache,7,77,115,67,25,97,38.3
30034585,3,chest pain,4,83,113,66,18,97,35.6
30034586,3,headache,2,98,148,55,14,97,36.4
30034587,3,laceration,4,56,126,89,23,96,37.1
30034588,3,back pain,0,101,135,97,21,94,36.3
30034589,3,laceration,1,89,98,85,20,98,37.1
30034590,3,abdominal pain,3,95,132,112,15,98,37.2
30034591,2,shortness of breath,7,58,97,46,10,96,37.6
30034592,3,abdominal pain,1,62,145,74,21,94,38.1
30034593,5,knee pain,5,67,100,45,21,100,38.3
30034594,1,fall,10,87,148,69,13,100,35.4
30034595,3,back pain,2,66,144,87,15,98,38.5
30034596,4,fall,6,81,119,77,20,97,36.9
30034597,5,fever,4,55,171,93,20,100,36.1
30034598,3,knee pain,1,78,102,116,9,99,38.9
30034599,2,abdominal pain,8,89,131,75,10,98,36.3
30034600,3,chest pain,1,88,144,75,16,95,36.8
30034601,1,fever,6,88,128,67,18,98,37.6
30034602,4,shortness of breath,6,78,149,86,17,96,36.5
30034603,5,back pain,2,82,154,94,14,100,36.9
30034604,4,anxiety,3,85,143,74,25,95,36.9
30034605,3,shortness of breath,4,73,127,85,11,99,36.9
30034606,3,knee pain,3,112,164,101,21,100,36.8
30034607,5,headache,1,84,117,80,21,100,36.4
30034608,3,fall,0,100,129,69,23,100,36.6
30034609,2,anxiety,7,85,119,49,19,95,36.2
30034610,2,anxiety,10,86,142,88,11,96,36.2
30034611,2,chest pain,10,90,133,84,14,97,37.0
30034612,4,shortness of breath,7,83,142,82,22,100,37.5
30034613,4,fall,1,105,108,60,19,100,36.5
30034614,4,laceration,7,91,140,66,13,98,35.6
30034615,3,anxiety,7,55,95,84,17,90,37.1
30034616,4,back pain,4,80,114,87,19,100,37.7
30034617,3,chest pain,5,84,152,91,14,94,36.5
30034618,3,anxiety,0,100,133,69,22,98,35.7
30034619,4,abdominal pain,3,101,133,105,16,93,37.6
30034620,3,knee pain,5,88,140,80,12,92,37.2
30034621,3,shortness of breath,1,81,138,73,22,100,36.8
30034622,4,laceration,0,92,116,100,20,97,36.5
30034623,2,shortness of breath,8,82,115,72,17,96,38.4
30034624,3,back pain,4,71,136,85,15,97,37.8
30034625,1,fall,6,78,132,66,19,99,36.8
30034626,3,anxiety,0,97,107,63,17,100,35.6
30034627,2,headache,9,112,133,70,22,98,39.0
30034628,5,fever,5,90,136,95,11,95,36.6
30034629,1,back pain,8,84,132,66,21,98,37.2
30034630,2,anxiety,7,88,143,85,16,100,37.5
30034631,3,laceration,3,78,137,71,25,93,37.3
30034632,2,abdominal pain,8,71,176,66,16,97,37.1
30034633,3,back pain,1,50,121,97,24,91,36.8
30034634,4,anxiety,3,82,143,72,17,98,36.9
30034635,4,abdominal pain,1,76,152,42,15,98,36.3
30034636,4,chest pain,0,91,119,78,15,93,36.7
30034637,2,shortness of breath,9,87,126,75,20,100,37.5
30034638,2,abdominal pain,6,94,148,61,19,96,36.7
30034639,3,knee pain,3,84,112,68,12,94,36.8
30034640,3,fever,2,95,114,99,24,99,36.7
30034641,3,headache,7,78,104,85,24,96,38.8
30034642,3,back pain,4,91,107,63,24,96,36.0
30034643,2,shortness of breath,9,93,126,59,16,89,37.0
30034644,3,laceration,2,105,128,95,12,100,36.3
30034645,4,chest pain,3,86,107,88,8,96,38.1
30034646,2,abdominal pain,7,94,118,62,18,97,37.3
30034647,3,fall,6,101,116,80,15,92,36.4
30034648,3,fever,2,68,168,103,19,97,39.9
30034649,4,back pain,0,107,170,81,12,92,39.1
30034650,2,anxiety,8,89,108,74,20,97,35.4
30034651,2,headache,8,87,131,88,22,100,36.7
30034652,4,fall,2,71,142,93,12,96,36.9
30034653,3,back pain,5,74,117,71,19,95,34.9
30034654,2,abdominal pain,6,99,115,66,17,97,37.3
30034655,3,shortness of breath,3,66,114,84,20,95,37.4
30034656,3,knee pain,6,86,53,64,17,100,37.0
30034657,3,chest pain,2,102,156,64,14,100,36.8
30034658,3,fall,6,79,122,75,22,93,36.6
30034659,3,anxiety,5,112,98,80,14,98,36.3
30034660,2,headache,7,77,123,80,14,95,36.1
30034661,3,back pain,0,88,105,54,12,100,36.5
30034662,4,back pain,5,75,184,104,25,97,36.5
30034663,3,anxiety,6,70,137,68,19,98,36.8
30034664,2,headache,7,106,135,106,6,97,35.9
30034665,3,knee pain,1,96,128,69,15,96,38.0
30034666,4,back pain,0,71,87,84,21,93,36.6
30034667,3,chest pain,7,75,121,98,17,99,36.8
30034668,4,abdominal pain,5,65,144,66,12,99,36.1
30034669,3,laceration,1,100,137,72,16,100,37.6
30034670,3,anxiety,4,90,109,80,20,100,36.1
30034671,3,shortness of breath,7,94,109,77,25,99,36.1
30034672,2,abdominal pain,8,124,103,105,16,100,36.6
30034673,2,chest pain,6,79,129,66,17,97,37.3
30034674,3,abdominal pain,6,78,152,79,21,98,37.4
30034675,5,headache,6,61,108,65,19,99,37.6
30034676,5,anxiety,6,86,108,91,27,96,37.4
30034677,2,shortness of breath,6,72,177,66,23,100,37.4
30034678,3,knee pain,7,67,99,93,15,96,36.9
30034679,3,shortness of breath,4,95,104,69,20,97,36.9
30034680,3,fall,0,81,134,83,11,98,36.0
30034681,2,knee pain,8,83,103,93,15,96,35.6
30034682,2,chest pain,6,96,134,70,18,93,36.1
30034683,4,back pain,1,66,117,72,23,96,37.7
30034684,3,knee pain,4,78,166,63,22,93,36.9
30034685,3,laceration,4,57,122,95,20,93,36.8
30034686,3,fever,7,98,128,90,18,90,35.8
30034687,3,abdominal pain,1,94,132,74,18,91,36.9
30034688,3,laceration,5,90,173,48,17,94,37.5
30034689,1,shortness of breath,8,83,134,88,24,100,37.3
30034690,2,chest pain,9,103,144,84,19,98,35.8
30034691,4,chest pain,2,94,152,68,9,91,37.4
30034692,2,shortness of breath,7,91,118,83,24,97,36.8
30034693,2,knee pain,6,100,153,99,10,96,36.5
30034694,3,fever,6,105,138,94,12,97,37.3
30034695,2,back pain,7,90,114,109,15,97,37.6
30034696,3,chest pain,4,80,126,74,16,97,36.5
30034697,2,anxiety,9,96,93,70,19,100,37.7
30034698,4,anxiety,6,78,110,94,19,98,37.9
30034699,3,knee pain,4,81,126,69,22,100,36.8
30034700,1,shortness of breath,8,82,163,73,23,98,36.4
30034701,3,fall,1,118,144,88,15,92,37.1
30034702,4,shortness of breath,4,69,117,71,16,96,37.5
30034703,3,headache,5,95,97,74,20,97,37.9
30034704,1,knee pain,6,55,118,75,19,97,37.0
30034705,3,back pain,0,67,161,74,18,99,37.4
30034706,3,headache,0,80,159,79,28,92,36.9
30034707,3,abdominal pain,5,89,114,89,22,98,37.0
30034708,3,headache,4,91,150,79,17,97,36.5
30034709,3,abdominal pain,6,84,98,90,14,93,36.5
30034710,4,anxiety,0,92,130,76,22,96,36.1
30034711,2,fever,10,94,147,85,31,92,36.6
30034712,3,laceration,6,56,112,26,20,95,37.6
30034713,3,anxiety,7,71,142,52,18,96,36.9
30034714,3,shortness of breath,7,80,106,47,23,98,36.0
30034715,2,back pain,8,83,147,75,20,94,36.3
30034716,3,headache,7,83,141,79,15,99,37.2
30034717,3,knee pain,1,85,130,72,17,100,37.1
30034718,3,fall,4,110,153,97,22,96,36.8
30034719,4,fever,5,53,135,79,21,97,36.6
30034720,2,laceration,7,108,95,94,19,95,37.4
30034721,3,fall,4,95,132,50,13,100,37.6
30034722,3,headache,7,91,145,102,18,97,36.9
30034723,3,anxiety,5,69,94,83,15,100,36.8
30034724,3,shortness of breath,0,88,107,101,20,99,36.4
30034725,3,fall,6,92,121,84,28,100,36.8
30034726,2,fever,7,62,128,81,17,96,37.7
30034727,4,knee pain,2,51,158,80,15,100,37.2
30034728,3,chest pain,0,77,130,81,21,99,37.0
30034729,3,headache,7,79,125,71,17,95,38.0
30034730,4,shortness of breath,0,81,108,58,19,100,36.8
30034731,3,anxiety,4,92,104,67,12,99,36.9
30034732,3,fever,6,104,89,87,19,97,36.1
30034733,4,back pain,3,58,113,68,12,99,38.1
30034734,3,laceration,2,89,100,76,16,93,36.7
30034735,2,abdominal pain,10,83,121,101,19,100,34.4
30034736,4,anxiety,5,100,108,90,18,94,37.5
30034737,2,fever,10,96,115,66,24,93,35.7
30034738,2,laceration,10,71,106,81,17,96,36.4
30034739,3,chest pain,2,60,103,77,17,98,37.8
30034740,3,shortness of breath,4,64,133,63,20,100,37.0
30034741,3,laceration,4,62,100,88,14,100,37.1
30034742,3,fever,3,82,114,72,17,94,37.8
30034743,4,knee pain,5,84,153,83,19,95,36.4
30034744,2,shortness of breath,8,83,155,53,18,99,36.0
30034745,3,back pain,2,118,118,88,19,96,37.6
30034746,3,knee pain,1,113,156,83,17,95,35.6
30034747,3,knee pain,4,73,113,76,15,97,35.8
30034748,3,knee pain,2,89,83,81,20,98,36.6
30034749,3,chest pain,7,90,134,91,12,94,36.8
30034750,2,laceration,8,87,101,81,18,96,36.5
30034751,3,anxiety,4,85,111,114,19,100,37.6
30034752,4,fall,3,104,89,71,11,94,36.8
30034753,3,anxiety,2,88,106,81,20,96,37.8
30034754,2,knee pain,7,82,105,64,9,92,37.2
30034755,3,chest pain,3,119,126,82,19,97,37.6
30034756,3,abdominal pain,6,87,106,79,21,93,38.0
30034757,1,back pain,6,101,153,60,17,96,37.2
30034758,3,knee pain,7,77,144,73,12,95,36.0
30034759,4,anxiety,2,80,113,83,13,97,37.0
30034760,3,chest pain,3,66,138,74,14,95,37.4
30034761,4,shortness of breath,4,54,141,73,25,100,37.0
30034762,3,chest pain,4,94,122,73,15,93,38.3
30034763,3,laceration,6,79,133,71,12,95,36.8
30034764,4,shortness of breath,4,77,119,81,16,95,37.8
30034765,3,knee pain,2,111,104,73,13,95,36.0
30034766,4,fall,4,85,140,67,14,99,37.1
30034767,3,abdominal pain,2,100,108,81,23,99,36.7
30034768,4,laceration,6,84,107,112,18,96,36.1
30034769,3,back pain,1,86,154,77,25,92,36.3
30034770,3,knee pain,0,79,100,94,22,93,37.8
30034771,3,laceration,0,83,123,95,17,98,37.4
30034772,1,laceration,7,77,156,80,19,99,37.8
30034773,2,fall,9,103,103,106,15,99,37.4
30034774,3,abdominal pain,7,75,130,78,15,98,37.5
30034775,2,laceration,7,79,147,92,10,92,37.5
30034776,4,chest pain,0,74,110,41,21,96,37.2
30034777,3,abdominal pain,1,104,115,60,17,97,37.6
30034778,2,laceration,7,82,102,49,11,94,36.5
30034779,4,fever,2,60,152,77,16,93,37.0
30034780,3,back pain,1,88,115,67,18,97,36.3
30034781,2,back pain,10,81,100,59,13,93,37.4
30034782,3,laceration,5,91,110,91,20,93,35.6
30034783,1,back pain,8,92,183,111,18,94,37.7
30034784,4,knee pain,2,86,123,72,23,95,37.7
30034785,3,anxiety,4,95,91,108,22,94,36.3
30034786,2,back pain,6,96,93,72,23,93,37.3
30034787,3,fall,1,90,118,73,15,98,37.1
30034788,3,abdominal pain,1,95,133,71,16,91,37.6
30034789,3,headache,5,92,111,74,13,95,38.0
30034790,5,anxiety,3,101,123,63,21,93,36.6
30034791,2,knee pain,9,99,116,83,13,100,36.8
30034792,2,chest pain,8,83,157,85,29,95,36.9
30034793,3,fever,0,92,112,70,16,100,37.4
30034794,2,anxiety,7,90,97,70,19,98,37.6
30034795,4,fever,0,76,157,99,19,99,35.4
30034796,4,fever,3,75,103,93,23,98,38.6
30034797,4,fall,5,62,125,92,11,95,37.7
30034798,3,abdominal pain,1,72,106,68,18,94,37.3
30034799,3,fall,4,70,106,86,17,96,38.0
30034800,3,knee pain,2,82,123,81,21,98,37.2
30034801,3,anxiety,0,72,108,85,17,96,36.6
30034802,3,shortness of breath,7,111,149,60,25,97,37.1
30034803,3,fall,5,105,120,71,19,96,38.1
30034804,3,anxiety,4,67,97,91,28,99,37.3
30034805,2,laceration,6,77,169,68,21,98,36.3
30034806,2,shortness of breath,8,91,156,84,13,100,37.5
30034807,3,chest pain,4,101,136,100,18,99,37.0
30034808,2,anxiety,7,77,156,75,21,96,37.7
30034809,3,shortness of breath,7,100,111,81,19,100,37.1
30034810,3,abdominal pain,0,80,121,101,22,94,37.8
30034811,2,knee pain,7,83,74,100,21,99,38.0
30034812,2,back pain,10,80,117,70,21,97,37.7
30034813,2,headache,8,94,132,102,16,93,36.6
30034814,2,knee pain,10,73,156,119,15,93,35.5
30034815,3,back pain,4,60,104,68,15,100,36.6
30034816,1,fever,10,71,121,86,26,99,37.2
30034817,3,fall,4,81,110,58,21,95,36.7
30034818,3,back pain,4,81,103,59,19,93,36.3
30034819,3,headache,1,77,125,63,18,97,37.4
30034820,3,knee pain,4,84,114,83,21,95,36.2
30034821,3,back pain,4,96,125,71,26,98,36.0
30034822,5,knee pain,3,77,139,55,18,97,36.2
30034823,2,shortness of breath,8,84,114,121,23,100,37.3
30034824,4,chest pain,0,82,110,93,21,99,36.8
30034825,4,headache,5,69,149,44,18,95,38.0
30034826,4,back pain,4,60,112,79,21,97,36.9
30034827,1,knee pain,6,76,160,72,21,93,36.2
30034828,3,knee pain,3,52,120,89,24,100,36.0
30034829,2,back pain,7,80,133,78,12,93,37.2
30034830,3,anxiety,4,86,115,111,15,100,37.1
30034831,4,laceration,0,96,109,92,12,100,37.1
30034832,3,fall,5,122,137,75,10,94,36.5
30034833,3,abdominal pain,4,79,117,80,15,99,37.1
30034834,3,headache,3,92,106,66,24,98,37.3
30034835,2,knee pain,10,49,141,77,16,98,36.1
30034836,4,fall,1,66,136,84,20,100,36.8
30034837,3,abdominal pain,2,82,129,89,12,93,37.3
30034838,3,shortness of breath,7,96,99,105,20,97,36.6
30034839,3,chest pain,3,77,134,66,16,95,35.3
30034840,2,chest pain,9,94,129,82,15,97,36.7
30034841,3,headache,3,93,118,40,28,98,37.4
30034842,3,knee pain,5,100,103,81,21,96,36.2
30034843,4,fall,5,88,140,53,20,100,36.5
30034844,2,anxiety,7,112,139,96,10,100,37.3
30034845,3,headache,3,115,112,96,12,100,37.9
30034846,4,back pain,0,91,111,58,14,97,37.3
30034847,2,anxiety,7,110,105,72,9,100,37.1
30034848,2,chest pain,8,86,87,59,19,99,38.5
30034849,2,shortness of breath,7,68,124,70,12,98,36.4
30034850,3,fall,1,83,147,94,18,95,37.1
30034851,2,headache,6,51,136,68,20,96,36.3
30034852,3,laceration,3,83,136,102,15,95,38.4
30034853,3,abdominal pain,0,79,110,96,16,97,37.2
30034854,3,shortness of breath,7,95,127,72,15,97,37.0
30034855,3,chest pain,4,59,131,105,20,94,37.5
30034856,3,shortness of breath,6,68,112,59,20,93,36.6
30034857,3,anxiety,0,85,135,71,15,95,36.3
30034858,3,abdominal pain,3,106,146,85,19,96,35.7
30034859,3,abdominal pain,2,79,138,85,14,99,36.9
30034860,2,laceration,7,81,128,70,21,97,36.7
30034861,3,shortness of breath,6,96,138,108,22,98,36.1
30034862,4,fever,6,74,131,88,18,98,35.6
30034863,2,abdominal pain,6,94,122,69,12,97,39.8
30034864,5,chest pain,3,51,93,73,18,99,36.6
30034865,3,anxiety,1,85,133,86,15,98,36.8
30034866,2,fever,7,98,129,51,17,97,36.5
30034867,3,knee pain,0,78,99,99,21,97,37.4
30034868,2,fever,7,98,139,78,25,100,38.2
30034869,3,fall,1,107,105,101,26,92,36.4
30034870,3,laceration,7,98,121,62,20,99,37.9
30034871,3,abdominal pain,5,104,139,79,18,100,37.2
30034872,3,back pain,6,85,147,96,18,100,36.8
30034873,2,knee pain,10,77,112,78,18,100,35.3
30034874,3,fall,7,79,88,65,19,97,36.9
30034875,1,back pain,6,99,150,52,17,95,36.6
30034876,3,back pain,0,97,153,58,12,96,35.5
30034877,3,fall,7,84,130,72,22,96,37.1
30034878,3,chest pain,2,102,84,57,17,98,38.1
30034879,2,back pain,6,100,122,86,15,100,36.0
30034880,4,shortness of breath,3,113,100,84,18,97,37.3
30034881,4,knee pain,0,82,142,83,27,100,38.7
30034882,3,laceration,5,73,149,113,18,100,35.7
30034883,1,shortness of breath,10,94,160,66,19,95,37.0
30034884,2,back pain,10,78,178,91,15,96,35.6
30034885,3,anxiety,0,80,155,97,17,97,37.6
30034886,4,laceration,3,98,158,64,19,95,36.7
30034887,3,laceration,6,74,114,80,11,99,37.3
30034888,2,chest pain,7,102,122,89,20,100,36.3
30034889,3,laceration,6,82,113,92,21,92,36.8
30034890,2,abdominal pain,7,80,104,64,14,89,37.7
30034891,3,fall,5,91,143,71,21,99,37.5
30034892,3,laceration,4,93,117,65,11,96,36.9
30034893,3,fever,1,105,133,76,14,97,37.6
30034894,3,fall,4,93,90,76,21,93,37.3
30034895,3,shortness of breath,1,66,129,75,25,96,36.9
30034896,1,anxiety,9,83,104,83,21,99,36.2
30034897,3,headache,0,101,140,77,16,95,35.2
30034898,4,abdominal pain,4,63,113,68,19,96,36.9
30034899,2,chest pain,7,98,139,85,16,98,37.6
30034900,4,abdominal pain,4,71,124,71,15,93,34.7
30034901,1,chest pain,8,74,145,90,26,97,37.6
30034902,2,fall,9,80,150,89,22,97,36.6
30034903,3,fall,4,85,133,101,24,97,36.6
30034904,4,back pain,5,96,124,69,16,95,36.4
30034905,3,laceration,2,68,113,75,18,96,37.4
30034906,3,shortness of breath,7,73,123,64,21,93,36.5
30034907,3,headache,2,63,153,76,18,100,38.0
30034908,1,laceration,8,92,122,86,22,95,37.0
30034909,4,chest pain,5,68,123,89,22,100,37.8
30034910,3,back pain,5,85,153,80,16,100,37.5
30034911,4,headache,4,85,135,72,9,98,36.7
30034912,4,chest pain,4,69,136,85,18,100,37.1
30034913,4,fall,0,54,145,87,22,95,38.3
30034914,2,laceration,9,74,110,113,26,94,37.1
30034915,3,headache,3,99,130,108,28,98,36.1
30034916,3,chest pain,0,100,154,81,16,95,35.6
30034917,1,fever,7,71,142,74,18,94,37.2
30034918,3,knee pain,2,88,144,96,17,92,35.7
30034919,3,abdominal pain,7,94,82,89,15,100,36.5
30034920,4,abdominal pain,2,102,116,67,22,98,35.3
30034921,3,shortness of breath,5,91,104,86,21,97,37.4
30034922,3,headache,1,106,137,75,14,98,37.2
30034923,3,laceration,5,94,129,71,16,98,37.0
30034924,5,fall,2,78,131,78,19,93,36.3
30034925,4,abdominal pain,6,80,150,106,22,91,37.1
30034926,5,abdominal pain,7,117,139,84,15,100,38.7
30034927,2,back pain,10,110,114,78,13,97,35.8
30034928,4,anxiety,1,59,133,72,23,99,34.9
30034929,3,anxiety,2,61,117,77,25,95,37.7
30034930,4,anxiety,5,84,94,104,14,95,37.7
30034931,3,back pain,2,83,108,62,23,94,37.1
30034932,2,anxiety,6,90,150,70,24,99,36.4
30034933,3,headache,2,85,126,89,13,98,37.4
30034934,2,fall,9,96,123,86,16,97,36.6
30034935,2,chest pain,6,80,154,94,23,93,37.3
30034936,3,laceration,1,89,123,80,15,95,36.2
30034937,2,headache,9,91,127,91,10,97,37.5
30034938,3,back pain,6,92,134,74,18,100,36.3
30034939,3,fever,6,103,152,96,9,96,37.9
30034940,3,shortness of breath,6,82,144,67,16,94,36.7
30034941,2,shortness of breath,10,92,152,73,17,100,36.6
30034942,3,shortness of breath,0,93,109,107,20,100,35.9
30034943,1,anxiety,6,66,113,121,15,97,36.3
30034944,3,laceration,0,71,146,86,14,99,38.7
30034945,4,fall,6,122,134,69,12,100,38.6
30034946,3,knee pain,2,69,95,67,15,96,37.5
30034947,3,shortness of breath,4,82,167,67,15,98,38.0
30034948,3,headache,1,101,149,79,20,100,37.9
30034949,4,fall,1,76,122,61,16,100,38.1
30034950,3,back pain,7,54,132,67,19,100,37.8
30034951,2,fall,6,92,141,76,14,100,36.2
30034952,3,abdominal pain,7,74,116,84,14,100,37.0
30034953,4,fever,5,85,94,84,24,99,36.3
30034954,2,headache,6,105,117,80,17,96,36.0
30034955,3,abdominal pain,3,90,121,106,24,95,36.2
30034956,2,headache,6,87,104,98,25,100,37.1
30034957,5,headache,1,83,133,68,20,100,38.4
30034958,1,chest pain,8,43,145,75,20,92,37.0
30034959,2,fall,10,97,144,87,22,91,38.2
30034960,3,fall,1,92,119,65,23,100,36.6
30034961,4,fall,0,77,131,112,23,98,37.0
30034962,1,laceration,9,119,104,78,17,98,36.8
30034963,1,chest pain,6,77,103,94,24,100,37.6
30034964,5,back pain,5,74,129,82,18,100,37.3
30034965,3,fever,2,68,122,74,27,95,37.5
30034966,3,abdominal pain,7,84,123,84,17,97,38.6
30034967,3,chest pain,2,55,154,75,11,96,36.1
30034968,3,fall,5,99,121,78,23,100,38.0
30034969,4,back pain,1,94,112,94,20,99,37.6
30034970,3,headache,5,84,122,84,20,96,35.8
30034971,3,fever,1,109,130,88,21,96,39.2
30034972,5,headache,5,96,130,96,15,97,37.1
30034973,3,knee pain,0,85,112,86,19,93,37.8
30034974,4,anxiety,5,70,114,92,23,95,37.1
30034975,3,back pain,7,81,140,52,13,96,36.4
30034976,3,anxiety,0,107,103,75,17,100,37.2
30034977,2,chest pain,7,83,99,82,13,100,37.2
30034978,3,laceration,2,56,166,94,14,93,36.2
30034979,4,abdominal pain,5,111,125,106,18,93,35.8
30034980,4,fall,3,111,133,82,16,99,37.5
30034981,3,laceration,5,68,102,80,12,93,36.5
30034982,3,headache,2,97,160,76,20,98,37.1
30034983,3,chest pain,7,80,84,88,23,97,37.3
30034984,4,abdominal pain,7,77,117,105,14,99,36.5
30034985,3,fever,7,72,141,72,12,96,37.7
30034986,3,fall,0,109,142,61,26,98,37.2
30034987,4,anxiety,0,107,112,96,10,96,36.2
30034988,3,laceration,5,90,113,100,21,99,36.5
30034989,4,chest pain,5,83,133,86,13,97,36.6
30034990,5,chest pain,1,106,121,63,13,98,36.4
30034991,3,fall,1,99,132,106,20,96,36.9
30034992,3,anxiety,4,91,152,70,20,100,38.2
30034993,1,back pain,8,105,117,87,16,100,37.1
30034994,3,abdominal pain,0,81,117,58,21,98,37.1
30034995,3,fever,2,64,119,89,13,100,36.5
30034996,3,laceration,1,67,135,110,21,94,36.6
30034997,3,back pain,7,111,130,55,18,88,37.5
30034998,4,fever,6,72,158,101,28,100,38.0
30034999,2,fever,8,95,114,72,18,96,36.8
30035000,2,shortness of breath,6,81,117,63,18,99,39.2
30035001,3,headache,4,104,105,55,20,100,35.7
30035002,3,laceration,4,104,138,80,12,100,37.3
30035003,2,headache,8,90,96,107,14,98,35.9
30035004,2,shortness of breath,6,71,119,108,16,96,37.6
30035005,4,fever,1,90,128,75,20,97,37.7
30035006,4,laceration,5,55,108,74,14,97,35.4
30035007,2,fever,6,74,124,75,19,100,35.1
30035008,3,headache,1,82,111,97,19,100,38.2
30035009,4,fall,6,83,113,64,12,94,36.0
30035010,3,abdominal pain,1,83,144,66,16,92,37.1
30035011,2,knee pain,9,88,165,88,23,99,36.8
30035012,3,chest pain,2,111,96,81,11,99,36.5
30035013,2,abdominal pain,6,99,121,80,21,100,38.0
30035014,4,fever,6,91,116,71,18,98,36.0
30035015,3,chest pain,4,75,101,63,16,95,36.5
30035016,2,fever,9,49,107,62,12,98,37.0
30035017,5,fall,2,58,123,79,16,100,38.5
30035018,4,knee pain,1,131,153,56,27,94,37.8
30035019,2,abdominal pain,10,113,119,52,20,100,38.0
30035020,2,headache,7,80,134,69,25,97,38.1
30035021,4,fall,5,95,124,81,17,96,36.4
30035022,4,chest pain,7,99,108,101,14,95,37.9
30035023,1,shortness of breath,7,92,127,45,21,100,35.5
30035024,1,fever,8,76,145,65,19,98,38.2
30035025,3,abdominal pain,3,64,111,103,20,99,35.7
30035026,2,laceration,7,79,97,73,19,96,35.6
30035027,1,fever,8,86,115,75,14,97,36.3
30035028,3,shortness of breath,0,98,124,94,21,99,36.9
30035029,3,knee pain,6,71,147,81,19,99,36.3
30035030,3,anxiety,7,107,176,57,17,100,37.9
30035031,3,back pain,3,60,113,68,16,95,36.2
30035032,4,fever,3,105,116,75,25,100,37.3
30035033,3,fever,0,74,134,106,18,97,37.0
30035034,3,fall,3,86,134,86,19,97,36.1
30035035,3,knee pain,4,76,113,60,19,98,37.4
30035036,5,back pain,2,91,130,109,15,100,36.7
30035037,3,laceration,2,101,148,108,15,90,36.8
30035038,3,headache,0,75,132,85,14,99,37.7
30035039,5,knee pain,4,96,153,73,22,98,37.0
30035040,2,chest pain,9,83,177,71,13,98,37.5
30035041,2,shortness of breath,6,79,151,54,21,100,37.5
30035042,4,anxiety,0,83,106,57,25,95,36.8
30035043,4,back pain,1,96,137,106,13,98,37.9
30035044,4,shortness of breath,5,72,137,101,16,99,35.5
30035045,2,abdominal pain,8,90,133,87,14,95,36.5
30035046,3,laceration,7,88,117,66,15,99,36.6
30035047,3,fall,7,102,133,84,17,97,38.3
30035048,3,knee pain,5,87,126,76,13,97,35.9
30035049,3,knee pain,1,78,130,71,14,100,36.5
30035050,3,chest pain,7,70,79,84,20,92,37.5
30035051,3,back pain,3,103,154,58,18,100,36.3
30035052,2,headache,8,69,141,85,17,100,37.5
30035053,3,shortness of breath,2,93,167,59,15,94,36.9
30035054,2,anxiety,8,85,128,72,11,98,37.4
30035055,4,abdominal pain,3,70,138,93,16,94,37.4
30035056,3,knee pain,6,91,109,94,16,100,37.8
30035057,1,shortness of breath,9,79,112,61,18,92,36.5
30035058,2,chest pain,10,105,112,67,20,96,36.6
30035059,4,headache,3,82,153,77,21,100,35.9
30035060,2,knee pain,9,85,116,107,15,93,38.0
30035061,3,anxiety,2,86,109,74,21,96,36.1
30035062,3,headache,7,65,103,69,18,98,36.9
30035063,3,anxiety,0,77,135,85,18,100,37.5
30035064,1,chest pain,6,98,100,67,16,100,37.5
30035065,3,headache,6,104,142,86,14,96,37.1
30035066,3,anxiety,3,83,117,96,17,98,37.2
30035067,3,chest pain,1,93,134,91,17,97,37.1
30035068,4,chest pain,1,86,136,70,20,95,36.3
30035069,4,knee pain,4,108,121,95,17,100,36.4
30035070,3,knee pain,2,70,101,80,28,91,37.0
30035071,3,back pain,7,96,144,65,15,99,37.2
30035072,4,anxiety,5,68,129,43,19,99,37.0
30035073,3,fall,1,88,152,66,25,98,38.5
30035074,3,abdominal pain,2,83,85,53,17,100,36.2
30035075,5,fall,6,122,138,71,17,100,36.9
30035076,3,knee pain,5,100,132,90,14,94,37.4
30035077,2,abdominal pain,10,71,114,90,23,95,37.8
30035078,3,shortness of breath,0,70,119,90,12,99,37.0
30035079,2,chest pain,10,69,121,72,18,97,37.4
30035080,3,knee pain,7,85,151,79,15,99,36.6
30035081,3,abdominal pain,2,55,137,92,13,100,36.6
30035082,2,knee pain,10,88,134,70,21,99,37.3
30035083,3,laceration,7,102,137,70,13,100,36.9
30035084,3,chest pain,2,104,139,58,15,95,36.8
30035085,4,knee pain,7,87,117,79,19,99,36.0
30035086,3,knee pain,5,106,117,70,11,94,36.7
30035087,5,abdominal pain,6,71,146,91,18,98,36.9
30035088,2,shortness of breath,6,70,101,120,15,92,37.2
30035089,5,laceration,0,88,162,88,20,94,37.0
30035090,4,headache,2,85,134,78,24,98,36.2
30035091,3,back pain,1,111,121,77,14,96,38.5
30035092,4,fever,2,82,88,58,19,95,37.2
30035093,2,headache,9,79,135,71,9,100,35.7
30035094,4,shortness of breath,6,108,142,76,18,93,37.3
30035095,4,abdominal pain,4,108,96,88,15,97,36.0
30035096,4,fever,1,74,110,90,19,97,36.9
30035097,3,anxiety,5,82,99,91,20,94,38.1
30035098,3,fever,0,99,133,113,21,97,36.9
30035099,5,abdominal pain,5,97,151,49,24,96,37.0
30035100,3,abdominal pain,5,99,89,56,19,95,36.1
30035101,2,chest pain,9,67,135,65,20,99,36.7
30035102,3,abdominal pain,1,94,118,88,19,93,36.4
30035103,1,chest pain,10,102,127,66,12,100,36.0
30035104,4,knee pain,6,83,109,81,13,99,36.3
30035105,3,shortness of breath,3,97,110,84,12,99,39.0
30035106,3,fever,5,76,96,95,13,93,36.9
30035107,4,back pain,5,72,118,90,18,98,37.3
30035108,3,fall,6,104,127,83,13,96,36.5
30035109,3,abdominal pain,6,69,147,87,13,99,36.7
30035110,2,anxiety,9,117,152,56,12,96,37.2
30035111,2,back pain,7,89,147,89,17,99,37.2
30035112,1,headache,8,72,138,87,18,98,37.6
30035113,3,anxiety,1,88,141,74,19,100,36.1
30035114,3,back pain,7,97,120,105,20,100,36.6
30035115,4,abdominal pain,4,59,117,58,18,96,37.0
30035116,3,fever,1,107,104,62,18,96,36.5
30035117,4,shortness of breath,6,87,135,111,18,97,38.3
30035118,3,laceration,1,102,94,82,18,91,37.4
30035119,2,knee pain,10,91,130,86,21,100,36.6
30035120,3,abdominal pain,6,87,111,89,21,93,37.5
30035121,3,shortness of breath,3,82,135,97,17,98,36.8
30035122,3,shortness of breath,1,82,106,93,19,95,36.5
30035123,2,fever,9,97,122,85,17,99,36.0
30035124,3,shortness of breath,7,75,138,49,23,100,36.3
30035125,4,headache,0,82,138,71,24,93,36.4
30035126,2,headache,10,69,135,87,14,95,37.7
30035127,4,fall,5,106,107,84,19,99,37.0
30035128,4,knee pain,6,95,141,70,13,100,37.5
30035129,4,fever,7,71,107,96,11,97,37.6
30035130,3,back pain,6,111,121,81,12,100,34.1
30035131,3,fever,2,98,122,101,23,100,34.8
30035132,3,back pain,2,115,123,92,20,100,37.0
30035133,3,chest pain,4,91,161,90,13,99,37.4
30035134,4,laceration,6,80,97,76,21,94,37.7
30035135,3,fever,7,77,93,60,9,100,37.0
30035136,4,fall,3,78,93,108,22,100,36.4
30035137,3,shortness of breath,1,111,113,73,22,96,39.6
30035138,3,laceration,6,91,148,72,17,96,37.4
30035139,3,abdominal pain,3,49,128,71,16,96,36.6
30035140,5,fever,2,91,128,104,18,96,36.0
30035141,4,laceration,5,82,138,65,6,100,35.6
30035142,4,laceration,4,84,116,74,16,100,36.1
30035143,3,laceration,0,64,132,78,11,97,35.6
30035144,3,fall,6,79,88,83,15,94,38.4
30035145,3,laceration,6,80,138,67,21,98,36.6
30035146,1,shortness of breath,6,77,146,91,23,98,37.3
30035147,3,fall,4,71,115,71,14,100,36.9
30035148,2,knee pain,9,79,138,87,14,95,35.7
30035149,3,abdominal pain,6,81,109,119,13,100,36.9
30035150,3,chest pain,4,102,178,71,22,100,37.2
30035151,2,chest pain,9,103,137,82,19,95,37.0
30035152,3,fever,2,98,106,70,20,91,36.2
30035153,3,back pain,2,85,145,95,15,100,35.9
30035154,4,knee pain,1,83,137,93,20,100,36.4
30035155,3,headache,7,73,141,33,19,100,37.1
30035156,3,knee pain,2,79,98,91,17,100,36.4
30035157,3,anxiety,1,87,108,54,18,93,36.4
30035158,2,fall,7,100,131,86,18,100,37.8
30035159,3,knee pain,4,87,127,92,14,96,37.9
30035160,3,fall,2,79,88,85,17,100,36.8
30035161,4,fall,3,89,104,90,15,96,38.0
30035162,3,fever,6,99,105,95,20,96,35.8
30035163,3,headache,1,85,133,58,16,95,36.0
30035164,2,shortness of breath,6,79,126,97,12,97,36.0
30035165,3,anxiety,1,74,123,76,14,99,38.3
30035166,3,shortness of breath,4,77,155,90,22,95,37.4
30035167,3,laceration,1,104,152,84,20,91,37.1
30035168,3,anxiety,3,67,120,75,18,98,37.3
30035169,4,shortness of breath,2,72,127,72,21,100,37.9
30035170,2,fall,7,97,130,72,15,98,37.3
30035171,3,shortness of breath,2,63,132,78,18,97,36.2
30035172,2,knee pain,7,120,102,105,17,100,37.7
30035173,3,knee pain,5,88,134,94,17,99,36.7
30035174,2,back pain,10,89,155,72,18,98,36.4
30035175,3,shortness of breath,4,88,129,111,18,90,36.7
30035176,3,fall,7,80,125,51,16,98,37.9
30035177,2,knee pain,6,68,129,54,17,96,37.0
30035178,3,abdominal pain,0,91,128,61,19,100,38.4
30035179,2,chest pain,10,91,147,57,17,94,37.3
30035180,2,knee pain,6,47,138,56,17,97,36.9
30035181,3,laceration,3,110,121,82,14,98,35.6
30035182,3,back pain,3,89,112,84,21,100,37.5
30035183,1,knee pain,6,97,121,82,18,100,37.3
30035184,5,laceration,3,116,112,91,15,94,37.7
30035185,1,fever,6,85,105,106,14,96,37.3
30035186,5,fall,0,54,106,100,24,100,36.1
30035187,3,shortness of breath,1,76,121,84,14,96,37.0
30035188,4,back pain,0,102,134,77,19,91,36.6
30035189,4,anxiety,5,108,160,89,17,99,37.9
30035190,3,abdominal pain,7,81,128,67,22,100,36.3
30035191,3,fall,1,103,138,66,19,93,37.2
30035192,1,fall,6,73,91,81,16,99,36.3
30035193,1,fever,8,79,142,82,17,95,37.6
30035194,2,anxiety,10,89,102,72,14,94,39.1
30035195,3,anxiety,4,85,149,88,17,96,36.9
30035196,2,shortness of breath,6,86,155,76,22,98,36.8
30035197,3,fall,2,77,111,78,17,100,36.4
30035198,4,laceration,3,79,120,56,22,96,35.6
30035199,3,anxiety,4,84,133,56,19,96,36.6
30035200,2,headache,10,103,152,66,21,93,36.2
30035201,3,back pain,0,75,101,89,14,92,37.4
30035202,3,fever,3,80,113,69,19,98,36.1
30035203,3,fall,0,85,154,80,21,97,37.1
30035204,3,back pain,6,95,161,79,17,98,37.2
30035205,3,chest pain,6,77,117,43,21,95,36.9
30035206,3,shortness of breath,0,99,106,76,11,93,38.0
30035207,4,abdominal pain,1,74,138,81,15,100,37.0
30035208,3,fall,5,73,108,61,11,100,36.7
30035209,3,back pain,3,108,131,93,11,100,37.8
30035210,2,knee pain,6,68,91,77,13,96,36.4
30035211,3,back pain,7,73,124,114,15,100,36.9
30035212,3,anxiety,3,117,88,107,19,97,36.1
30035213,2,fever,6,78,119,83,16,97,37.0
30035214,2,knee pain,6,90,114,94,14,100,37.2
30035215,3,headache,7,93,120,67,21,95,37.1
30035216,3,shortness of breath,6,102,136,88,22,100,36.6
30035217,5,back pain,3,75,138,73,19,95,37.5
30035218,3,chest pain,1,78,102,64,19,97,38.0
30035219,2,abdominal pain,6,72,106,112,20,98,36.7
30035220,3,fever,6,86,127,79,19,98,36.4
30035221,3,fall,1,71,131,75,17,94,38.0
30035222,2,back pain,7,66,124,85,21,97,37.4
30035223,3,abdominal pain,2,105,113,58,13,94,36.6
30035224,3,knee pain,3,77,139,91,24,100,37.3
30035225,2,anxiety,6,83,115,87,24,100,38.0
30035226,4,knee pain,1,76,116,72,20,96,36.7
30035227,3,fall,5,60,87,84,16,100,37.2
30035228,4,abdominal pain,7,83,109,69,17,99,36.6
30035229,3,fall,7,84,127,60,19,100,37.1
30035230,4,headache,2,88,122,54,21,94,35.8
30035231,4,shortness of breath,3,108,143,58,16,97,37.0
30035232,3,fall,3,97,158,64,22,95,39.0
30035233,3,back pain,6,84,142,82,15,96,37.3
30035234,3,headache,4,78,150,71,12,97,37.7
30035235,3,knee pain,2,79,125,90,17,100,36.9
30035236,3,chest pain,7,101,139,63,18,96,38.1
30035237,3,headache,2,103,129,76,23,96,36.5
30035238,4,knee pain,5,85,161,91,19,93,37.5
30035239,3,fever,2,110,111,86,15,96,37.4
30035240,2,laceration,6,80,84,53,17,98,36.2
30035241,4,knee pain,2,98,111,100,32,99,37.5
30035242,4,abdominal pain,4,83,97,83,18,94,37.2
30035243,3,shortness of breath,1,115,157,103,17,96,35.6
30035244,3,abdominal pain,6,96,132,93,14,93,36.7
30035245,3,knee pain,0,107,139,66,16,100,38.2
30035246,4,headache,7,97,127,93,25,98,36.7
30035247,3,shortness of breath,1,72,109,81,18,94,36.0
30035248,3,abdominal pain,5,99,139,79,25,94,37.3
30035249,5,fall,5,80,129,60,19,98,37.2
30035250,4,chest pain,5,72,144,99,13,91,37.1
30035251,3,anxiety,1,95,110,69,22,100,35.7
30035252,2,abdominal pain,10,72,128,102,17,100,36.7
30035253,4,chest pain,2,84,129,39,14,95,37.6
30035254,1,knee pain,7,97,118,90,11,97,37.1
30035255,3,fever,3,99,148,54,10,92,36.0
30035256,3,fall,1,82,144,54,9,100,36.9
30035257,3,knee pain,5,64,111,85,13,97,37.8
30035258,3,abdominal pain,3,83,104,49,26,96,37.5
30035259,3,abdominal pain,3,62,141,82,17,97,36.5
30035260,3,anxiety,1,90,163,85,17,96,38.1
30035261,3,fall,5,96,106,81,20,97,36.8
30035262,2,abdominal pain,10,90,100,89,17,99,37.5
30035263,3,headache,7,91,129,82,18,93,38.1
30035264,3,fall,2,101,142,70,14,95,36.6
30035265,3,chest pain,1,119,125,70,22,96,37.7
30035266,3,knee pain,7,90,89,95,17,98,38.1
30035267,2,knee pain,7,113,141,92,17,92,36.8
30035268,3,fall,7,109,112,106,11,98,36.6
30035269,2,fall,8,81,121,68,13,94,36.6
30035270,4,headache,2,69,103,58,10,98,36.3
30035271,3,fall,2,96,152,75,21,98,37.1
30035272,4,anxiety,2,85,127,90,15,96,37.6
30035273,4,chest pain,2,93,146,76,21,94,34.4
30035274,5,abdominal pain,7,61,116,82,17,99,37.5
30035275,4,anxiety,3,65,96,99,25,98,35.3
30035276,4,laceration,5,83,131,77,13,96,35.6
30035277,3,abdominal pain,0,111,141,86,14,96,37.5
30035278,3,back pain,2,88,111,77,19,99,38.7
30035279,2,headache,9,85,108,68,14,91,36.8
30035280,1,back pain,8,104,122,70,17,96,36.1
30035281,3,anxiety,2,91,115,80,21,93,36.6
30035282,2,shortness of breath,10,98,102,73,19,93,37.0
30035283,4,chest pain,4,101,119,99,23,93,37.4
30035284,1,fever,6,49,141,77,16,94,36.6
30035285,4,back pain,6,94,122,80,20,92,35.9
30035286,3,fever,2,93,87,83,19,98,36.3
30035287,3,chest pain,3,79,123,69,28,96,37.6
30035288,3,chest pain,3,117,59,94,18,100,37.2
30035289,2,fall,7,85,101,76,19,91,35.9
30035290,2,knee pain,9,98,145,70,15,99,36.7
30035291,3,fever,6,93,134,86,19,100,36.2
30035292,3,chest pain,5,88,95,98,11,94,37.3
30035293,3,knee pain,0,86,100,98,23,92,37.7
30035294,3,knee pain,0,75,105,70,17,98,37.3
30035295,4,abdominal pain,5,80,88,92,25,96,37.5
30035296,3,abdominal pain,6,92,138,56,23,93,35.9
30035297,4,shortness of breath,7,51,87,55,22,91,38.0
30035298,3,chest pain,0,84,130,86,20,98,35.8
30035299,2,shortness of breath,9,82,139,105,15,95,36.2
30035300,2,laceration,9,91,134,46,25,96,38.5
30035301,3,anxiety,5,71,143,91,23,94,36.5
30035302,3,knee pain,2,81,106,78,20,93,38.7
30035303,3,fall,6,101,110,62,18,92,38.4
30035304,3,fall,5,91,131,72,17,95,38.4
30035305,4,back pain,0,90,119,94,14,96,38.0
30035306,2,back pain,8,101,179,51,22,100,36.8
30035307,3,back pain,4,98,144,80,17,100,36.4
30035308,3,headache,2,73,138,76,16,96,36.7
30035309,3,shortness of breath,5,79,73,92,18,96,37.1
30035310,3,chest pain,4,72,150,75,27,97,37.3
30035311,4,abdominal pain,7,85,96,97,21,95,38.2
30035312,3,shortness of breath,5,78,131,57,11,100,37.0
30035313,3,anxiety,3,95,136,78,13,94,36.7
30035314,3,anxiety,0,77,138,85,19,100,35.9
30035315,3,headache,0,77,133,91,24,98,37.4
30035316,3,back pain,6,92,129,66,19,96,37.4
30035317,3,anxiety,7,56,172,109,14,93,37.6
30035318,3,fall,1,63,121,91,17,100,38.3
30035319,4,headache,2,86,94,90,15,91,36.1
30035320,3,fall,0,62,84,79,23,100,36.6
30035321,3,shortness of breath,0,101,130,96,15,94,34.9
30035322,3,fall,0,94,146,87,23,96,37.7
30035323,2,anxiety,6,79,120,81,14,96,36.9
30035324,1,fever,8,64,179,86,14,97,36.0
30035325,5,knee pain,1,73,130,100,17,96,36.2
30035326,3,knee pain,3,100,174,60,13,99,36.2
30035327,4,shortness of breath,2,75,158,99,17,99,36.2
30035328,3,headache,0,86,148,106,21,100,35.5
30035329,3,fall,7,96,166,109,15,98,37.9
30035330,4,back pain,0,90,113,72,19,96,37.3
30035331,2,anxiety,7,76,127,66,16,95,36.3
30035332,3,back pain,2,56,150,58,15,95,36.1
30035333,3,shortness of breath,3,68,176,67,23,97,36.8
30035334,4,fall,5,87,88,70,17,98,37.3
30035335,3,fever,4,64,112,78,21,96,36.8
30035336,2,anxiety,8,68,102,99,10,96,36.6
30035337,3,anxiety,5,95,142,78,22,96,37.3
30035338,3,fever,0,70,103,83,16,97,37.0
30035339,2,abdominal pain,9,73,113,85,22,95,37.0
30035340,4,laceration,5,86,116,60,24,99,36.4
30035341,3,fall,1,78,141,65,13,93,35.8
30035342,3,fever,1,92,161,59,15,97,36.7
30035343,4,anxiety,3,98,86,75,25,93,37.6
30035344,3,anxiety,7,100,145,81,18,100,36.9
30035345,3,shortness of breath,6,81,126,67,20,96,37.3
30035346,3,abdominal pain,4,100,138,85,12,95,37.3
30035347,4,headache,7,111,139,98,20,99,34.8
30035348,3,back pain,2,104,104,69,19,97,36.3
30035349,5,fall,6,66,136,81,21,96,38.0
30035350,4,back pain,6,89,128,97,23,100,37.4
30035351,3,fall,2,79,117,76,17,96,36.0
30035352,2,fever,10,72,119,74,15,98,36.7
30035353,3,fever,5,79,132,111,18,96,37.1
30035354,3,shortness of breath,1,95,124,85,17,99,38.0
30035355,3,fever,4,92,122,46,16,91,37.0
30035356,4,back pain,7,80,105,60,13,96,37.1
30035357,1,anxiety,10,91,87,91,17,95,37.1
30035358,2,laceration,9,71,121,107,13,100,37.8
30035359,3,headache,7,88,137,71,14,96,36.4
30035360,3,chest pain,1,96,136,115,22,96,36.3
30035361,3,chest pain,7,62,118,77,23,98,37.4
30035362,3,abdominal pain,3,52,120,68,20,96,37.7
30035363,3,abdominal pain,4,82,169,64,20,99,36.2
30035364,3,anxiety,3,91,100,97,20,91,37.0
30035365,2,chest pain,6,61,151,81,26,97,36.9
30035366,4,back pain,5,76,166,80,13,96,37.4
30035367,3,knee pain,3,108,112,77,16,92,36.3
30035368,3,chest pain,6,77,139,107,24,99,38.4
30035369,3,anxiety,2,95,109,86,15,98,36.4
30035370,1,back pain,6,89,134,79,16,94,36.4
30035371,3,knee pain,5,54,154,74,15,95,36.9
30035372,3,fall,6,138,115,85,19,98,37.3
30035373,3,fall,6,83,114,81,19,97,37.0
30035374,3,back pain,6,87,121,82,21,93,36.1
30035375,3,shortness of breath,7,91,98,71,13,100,37.0
30035376,3,shortness of breath,4,117,159,64,15,93,37.2
30035377,3,fever,2,92,124,59,24,95,36.1
30035378,2,headache,7,61,141,94,11,99,37.0
30035379,3,fever,4,114,130,72,19,96,36.9
30035380,3,shortness of breath,4,70,115,71,21,98,35.5
30035381,5,fever,1,78,120,54,18,97,37.5
30035382,2,fall,8,94,120,88,18,99,36.4
30035383,5,fall,5,76,143,73,18,100,37.2
30035384,2,fever,7,79,161,81,23,99,38.1
30035385,3,abdominal pain,4,92,133,68,14,97,35.4
30035386,5,back pain,3,104,126,79,12,100,37.6
30035387,3,fall,4,97,138,94,19,100,37.3
30035388,3,fall,7,107,119,94,17,97,36.8
30035389,3,abdominal pain,7,86,116,78,24,93,36.8
30035390,4,knee pain,5,78,74,63,14,96,38.3
30035391,2,fall,8,63,127,75,23,100,36.0
30035392,4,knee pain,1,84,108,84,18,100,36.8
30035393,3,knee pain,5,119,119,72,15,99,37.9
30035394,4,knee pain,1,77,115,57,16,96,37.8
30035395,3,chest pain,1,85,129,79,16,95,36.4
30035396,2,abdominal pain,10,61,114,82,19,95,36.2
30035397,4,chest pain,3,62,88,90,25,98,37.6
30035398,4,abdominal pain,1,93,83,80,18,99,35.6
30035399,3,fever,4,81,142,47,15,97,35.9
30035400,4,laceration,4,75,142,92,20,100,36.9
30035401,3,laceration,3,111,113,66,26,95,36.4
30035402,1,knee pain,8,81,84,107,24,100,36.8
30035403,2,back pain,6,74,122,94,20,98,36.5
30035404,3,anxiety,1,92,131,81,14,94,37.8
30035405,3,chest pain,0,98,158,49,15,96,37.0
30035406,3,abdominal pain,2,87,120,93,21,99,37.8
30035407,4,headache,3,82,136,86,14,100,38.3
30035408,3,anxiety,7,94,148,89,11,95,36.9
30035409,5,back pain,3,73,139,99,22,100,37.7
30035410,4,back pain,6,89,146,84,25,95,37.2
30035411,3,headache,2,91,131,89,14,95,37.8
30035412,3,shortness of breath,2,97,98,77,18,96,37.2
30035413,1,chest pain,8,77,120,60,18,97,37.0
30035414,3,fever,6,95,95,78,15,99,35.9
30035415,5,headache,3,84,105,75,20,100,37.0
30035416,4,chest pain,5,66,133,82,15,97,36.8
30035417,1,fall,10,90,104,54,17,96,38.5
30035418,3,chest pain,7,72,108,73,15,100,37.0
30035419,3,laceration,7,84,115,85,20,91,37.1
30035420,2,abdominal pain,10,85,85,66,15,100,36.4
30035421,4,chest pain,1,79,107,96,17,97,37.1
30035422,2,chest pain,7,114,111,99,24,92,36.7
30035423,2,chest pain,6,90,126,111,18,96,35.7
30035424,3,laceration,1,92,117,95,17,100,37.5
30035425,3,knee pain,1,83,134,84,19,97,36.3
30035426,5,anxiety,3,97,114,100,19,93,36.6
30035427,3,fever,0,86,107,71,15,96,36.9
30035428,4,fall,7,92,145,70,15,93,37.4
30035429,5,fever,0,62,145,89,19,95,36.9
30035430,3,laceration,6,71,110,85,18,96,36.3
30035431,3,back pain,5,67,126,109,15,94,37.7
30035432,3,fever,5,86,93,75,13,100,37.1
30035433,4,fall,5,76,156,80,20,96,36.5
30035434,3,abdominal pain,6,118,131,84,18,94,35.8
30035435,4,chest pain,7,111,151,89,21,100,36.1
30035436,5,fall,0,124,123,61,16,100,36.5
30035437,3,headache,3,101,125,56,23,98,37.5
30035438,3,back pain,6,82,130,57,20,100,38.3
30035439,2,headache,6,82,107,78,12,95,37.2
30035440,3,chest pain,7,58,99,69,20,99,38.0
30035441,2,abdominal pain,10,67,106,72,21,94,35.7
30035442,3,laceration,0,93,137,47,22,100,37.3
30035443,3,anxiety,5,80,100,89,14,99,37.2
30035444,4,chest pain,7,86,115,56,13,99,37.0
30035445,2,shortness of breath,10,94,107,72,14,96,36.3
30035446,3,abdominal pain,5,85,127,88,16,95,36.5
30035447,4,abdominal pain,3,77,87,101,18,99,37.9
30035448,3,laceration,7,111,129,76,18,94,36.2
30035449,2,abdominal pain,9,91,154,97,19,98,38.9
30035450,1,knee pain,9,70,136,92,16,97,36.9
30035451,3,anxiety,5,83,146,88,18,97,36.1
30035452,4,anxiety,4,99,138,97,22,93,37.6
30035453,2,abdominal pain,10,68,113,100,17,91,35.1
30035454,2,knee pain,8,85,105,83,15,96,37.2
30035455,3,fall,5,113,134,65,19,95,37.3
30035456,2,back pain,9,84,149,62,18,97,35.5
30035457,3,abdominal pain,7,98,143,77,25,96,36.5
30035458,3,chest pain,5,102,130,60,14,95,38.4
30035459,3,abdominal pain,6,83,130,83,13,94,35.1
30035460,2,anxiety,7,83,149,82,20,95,36.4
30035461,3,chest pain,6,82,93,78,28,100,35.2
30035462,2,abdominal pain,7,74,115,102,19,94,35.4
30035463,3,back pain,6,58,96,75,19,100,35.1
30035464,3,anxiety,2,95,84,86,19,92,38.9
30035465,3,laceration,4,71,116,70,24,100,37.0
30035466,2,abdominal pain,7,79,82,95,16,99,37.4
30035467,4,anxiety,3,66,123,70,20,99,36.7
30035468,3,laceration,3,109,126,86,12,99,37.7
30035469,3,headache,2,90,95,89,19,95,36.4
30035470,3,laceration,6,96,109,91,13,100,36.6
30035471,4,knee pain,0,102,93,65,19,99,37.1
30035472,5,shortness of breath,4,84,82,96,21,94,36.4
30035473,3,back pain,2,97,135,112,23,100,38.0
30035474,4,fever,7,79,138,86,18,95,36.6
30035475,3,chest pain,0,59,127,57,15,97,37.2
30035476,3,abdominal pain,6,94,116,84,25,97,37.9
30035477,3,knee pain,2,105,141,63,16,93,36.6
30035478,3,headache,4,85,126,72,15,97,36.9
30035479,3,knee pain,6,90,142,53,19,96,38.0
30035480,5,anxiety,1,99,123,92,19,100,37.0
30035481,3,knee pain,2,78,122,72,16,97,37.6
30035482,2,knee pain,8,104,139,81,18,97,38.2
30035483,3,chest pain,4,85,101,73,16,100,35.6
30035484,2,back pain,6,92,121,80,18,100,36.7
30035485,3,knee pain,5,112,131,54,17,97,36.7
30035486,2,abdominal pain,9,78,118,74,21,98,35.6
30035487,3,fever,1,67,91,91,19,95,36.6
30035488,4,knee pain,5,79,93,97,20,100,37.2
30035489,2,anxiety,7,67,147,69,19,96,37.5
30035490,4,knee pain,7,74,155,88,18,98,38.2
30035491,4,fever,3,67,104,106,23,97,36.5
30035492,3,headache,5,74,110,96,19,100,38.0
30035493,1,abdominal pain,9,89,113,76,14,95,37.3
30035494,4,abdominal pain,6,74,108,74,19,98,37.0
30035495,3,fall,2,59,108,81,23,100,37.8
30035496,4,laceration,4,73,106,58,15,100,37.2
30035497,5,anxiety,0,70,125,71,15,93,37.2
30035498,3,back pain,7,70,81,98,10,93,36.8
30035499,1,knee pain,10,78,140,62,17,97,36.9
30035500,4,back pain,6,70,111,87,20,95,36.9
30035501,3,knee pain,4,58,131,66,20,100,36.6
30035502,1,back pain,8,102,124,88,16,97,36.7
30035503,4,fall,5,98,111,80,18,97,36.7
30035504,4,laceration,2,80,127,80,13,100,36.2
30035505,4,knee pain,0,63,150,83,18,94,37.2
30035506,4,anxiety,6,80,144,107,21,99,37.5
30035507,3,back pain,2,82,128,59,17,96,37.2
30035508,3,fever,0,78,141,74,23,95,38.2
30035509,3,knee pain,4,65,127,87,25,98,37.8
30035510,3,fall,5,67,130,79,16,96,36.9
30035511,3,chest pain,3,85,111,60,17,94,36.3
30035512,3,abdominal pain,1,92,116,91,21,96,38.4
30035513,3,headache,5,84,130,86,14,96,37.2
30035514,4,fall,6,98,117,78,17,97,38.4
30035515,3,headache,2,110,125,83,17,100,37.6
30035516,3,back pain,2,83,113,101,18,96,35.8
30035517,3,chest pain,4,72,99,102,13,98,35.7
30035518,4,headache,6,74,94,90,11,95,37.8
30035519,2,back pain,9,84,126,66,17,99,38.1
30035520,2,anxiety,6,107,120,75,10,95,34.8
30035521,3,back pain,5,91,115,72,18,94,38.1
30035522,3,knee pain,2,63,121,87,20,100,35.5
30035523,3,fever,1,105,132,71,22,100,36.6
30035524,5,anxiety,7,78,121,90,21,97,37.7
30035525,4,shortness of breath,5,73,137,97,22,99,37.6
30035526,3,laceration,7,78,106,76,20,98,36.7
30035527,3,shortness of breath,7,72,140,67,17,93,36.6
30035528,3,shortness of breath,1,84,120,93,10,95,36.5
30035529,4,abdominal pain,2,76,136,60,16,97,37.2
30035530,3,knee pain,6,89,104,86,13,96,36.8
30035531,4,headache,2,89,124,84,17,100,37.1
30035532,3,anxiety,1,78,103,94,14,97,37.3
30035533,3,anxiety,5,85,161,84,23,94,37.4
30035534,3,back pain,7,97,81,54,21,100,36.5
30035535,3,shortness of breath,6,70,106,76,12,95,38.1
30035536,3,headache,1,85,149,66,13,100,36.4
30035537,3,headache,5,80,83,89,17,96,37.9
30035538,3,anxiety,3,80,90,77,18,100,38.2
30035539,3,knee pain,3,82,114,109,17,100,38.1
30035540,3,headache,6,99,106,73,12,99,36.9
30035541,4,anxiety,2,102,105,50,18,97,36.7
30035542,3,back pain,5,82,139,104,14,98,36.8
30035543,4,headache,7,94,136,90,15,94,37.3
30035544,3,shortness of breath,6,68,104,111,21,99,35.8
30035545,5,knee pain,3,75,118,79,19,100,37.7
30035546,3,fever,1,109,119,65,17,91,36.8
30035547,2,chest pain,7,118,115,72,15,98,37.0
30035548,3,knee pain,5,84,131,104,19,92,37.2
30035549,3,anxiety,0,89,121,79,15,94,37.6
30035550,3,fever,6,72,125,94,15,97,37.9
30035551,3,fever,7,101,126,74,19,92,36.6
30035552,2,anxiety,10,63,149,91,17,98,37.4
30035553,3,knee pain,1,61,151,93,21,96,36.7
30035554,3,chest pain,1,89,142,76,17,100,37.4
30035555,5,abdominal pain,3,104,152,75,15,97,38.0
30035556,2,fall,8,106,127,78,22,100,36.6
30035557,5,fall,4,110,128,67,23,100,37.7
30035558,3,knee pain,5,94,135,118,18,98,35.4
30035559,3,chest pain,2,90,113,54,13,95,38.8
30035560,3,knee pain,4,80,126,90,18,97,36.2
30035561,2,fall,8,78,101,97,20,90,37.9
30035562,2,knee pain,6,60,130,67,14,95,37.7
30035563,4,chest pain,6,93,102,66,24,100,36.8
30035564,3,fever,5,89,139,84,17,95,37.4
30035565,3,fever,3,86,128,85,17,94,38.0
30035566,4,knee pain,1,55,116,90,13,93,38.4
30035567,3,knee pain,1,54,144,76,15,96,36.6
30035568,2,headache,10,63,131,88,27,93,37.7
30035569,3,laceration,0,61,105,86,18,95,36.7
30035570,4,anxiety,5,87,127,82,20,98,36.9
30035571,3,shortness of breath,5,63,139,89,15,100,36.3
30035572,4,fever,6,87,128,96,25,94,39.0
30035573,3,back pain,0,56,154,77,15,92,37.4
30035574,3,fever,2,108,89,75,16,92,37.3
30035575,1,abdominal pain,9,103,120,63,15,100,37.0
30035576,3,laceration,4,103,147,89,16,98,36.1
30035577,3,shortness of breath,4,68,144,60,18,97,36.4
30035578,3,chest pain,7,80,152,86,21,95,37.7
30035579,3,fever,3,67,148,70,13,100,36.0
30035580,3,shortness of breath,6,51,134,99,22,98,36.2
30035581,4,shortness of breath,4,56,133,72,16,97,38.0
30035582,2,back pain,7,99,116,66,20,96,36.9
30035583,3,shortness of breath,3,103,141,60,16,94,37.9
30035584,4,fever,0,52,141,69,16,98,37.4
30035585,4,back pain,1,88,122,74,20,96,37.1
30035586,4,back pain,1,78,143,101,11,100,38.2
30035587,4,headache,7,89,117,78,14,98,37.3
30035588,4,chest pain,2,82,122,68,16,94,35.8
30035589,3,shortness of breath,7,98,139,74,20,93,37.5
30035590,3,knee pain,4,80,91,101,19,100,37.5
30035591,4,laceration,5,66,139,89,6,97,37.6
30035592,3,shortness of breath,3,88,140,66,6,93,35.9
30035593,3,knee pain,3,78,112,70,16,98,35.9
30035594,4,fall,4,76,144,95,27,100,36.2
30035595,2,fall,9,65,121,97,21,95,37.3
30035596,3,anxiety,2,62,111,96,16,97,36.5
30035597,1,knee pain,6,70,123,62,21,97,37.3
30035598,2,laceration,10,94,114,64,13,95,37.4
30035599,3,headache,0,77,119,57,19,100,37.8
30035600,4,headache,4,84,126,82,17,98,38.1
30035601,2,fever,9,78,125,96,20,98,36.8
30035602,3,fever,0,69,127,67,19,98,37.1
30035603,4,abdominal pain,2,97,98,71,24,97,36.6
30035604,1,abdominal pain,8,90,122,64,19,98,36.5
30035605,3,fall,0,62,156,78,20,100,36.6
30035606,3,chest pain,7,82,122,51,22,96,38.6
30035607,3,knee pain,7,73,103,84,17,95,38.2
30035608,4,chest pain,2,96,143,78,21,92,36.0
30035609,2,headache,9,96,117,85,7,95,36.0
30035610,3,fever,1,101,115,81,20,98,36.9
30035611,4,knee pain,1,82,114,85,19,98,36.6
30035612,3,laceration,7,102,90,74,19,100,35.8
30035613,4,laceration,7,92,100,81,15,97,36.0
30035614,3,back pain,6,92,113,50,26,100,38.0
30035615,1,laceration,6,91,127,102,20,98,36.3
30035616,4,knee pain,5,85,99,101,17,96,38.3
30035617,2,headache,7,81,133,89,19,95,37.2
30035618,3,fever,6,79,113,82,18,98,37.0
30035619,1,shortness of breath,6,89,115,93,17,94,36.7
30035620,2,fever,9,82,129,78,23,99,38.4
30035621,4,back pain,0,61,79,95,13,99,37.4
30035622,3,anxiety,4,104,89,92,26,97,37.5
30035623,3,fall,0,90,131,70,26,98,37.6
30035624,3,shortness of breath,7,80,121,96,18,96,35.9
30035625,4,abdominal pain,5,73,109,47,28,97,38.3
30035626,3,anxiety,2,67,155,76,11,95,37.9
30035627,3,fever,5,70,125,103,16,99,36.8
30035628,3,knee pain,1,70,100,94,15,97,37.3
30035629,3,shortness of breath,5,103,111,51,26,100,37.0
30035630,3,knee pain,0,75,109,76,15,100,37.8
30035631,3,laceration,3,96,149,75,17,96,36.2
30035632,3,back pain,0,87,136,69,17,97,36.7
30035633,3,anxiety,1,36,129,52,20,96,36.4
30035634,3,headache,4,90,131,90,20,99,36.7
30035635,3,fever,5,72,117,108,20,100,36.7
30035636,3,anxiety,1,105,137,78,19,97,37.6
30035637,3,shortness of breath,5,82,117,71,12,100,37.2
30035638,2,knee pain,10,63,111,89,24,92,37.4
30035639,4,laceration,3,89,100,89,23,100,35.8
30035640,2,anxiety,9,119,109,106,19,97,36.8
30035641,1,chest pain,6,81,141,84,20,93,37.7
30035642,3,knee pain,6,72,129,77,14,98,38.0
30035643,3,fever,2,78,133,39,18,90,38.1
30035644,3,back pain,3,83,127,107,18,97,37.2
30035645,4,fever,5,90,125,69,10,99,38.8
30035646,3,anxiety,5,107,139,67,15,97,37.1
30035647,2,fever,9,57,94,72,17,96,36.0
30035648,3,laceration,5,110,138,117,13,98,36.7
30035649,4,abdominal pain,3,76,140,60,26,100,37.7
30035650,2,fall,8,72,91,78,22,95,38.3
30035651,3,knee pain,6,108,93,83,17,97,37.3
30035652,5,back pain,6,84,127,69,18,96,36.7
30035653,4,knee pain,1,105,106,94,18,99,38.0
30035654,2,abdominal pain,8,74,124,67,13,99,37.0
30035655,4,anxiety,1,70,146,93,13,100,36.8
30035656,3,chest pain,6,86,92,81,20,97,37.8
30035657,4,chest pain,1,82,131,56,15,97,37.2
30035658,3,fall,4,98,135,69,15,94,35.5
30035659,3,fall,4,68,108,75,15,93,37.7
30035660,4,chest pain,3,116,114,95,17,95,36.6
30035661,3,fall,7,85,99,77,9,96,36.5
30035662,2,fall,9,95,95,50,17,98,36.5
30035663,5,headache,5,69,102,65,18,98,38.0
30035664,4,fever,5,83,125,67,17,95,38.9
30035665,3,headache,3,103,99,71,20,98,37.5
30035666,3,shortness of breath,0,71,111,100,18,93,36.5
30035667,5,fall,4,92,92,63,29,95,37.2
30035668,3,chest pain,7,82,115,78,16,97,35.3
30035669,4,shortness of breath,0,93,88,107,20,93,36.7
30035670,1,knee pain,7,53,118,57,14,92,36.4
30035671,3,shortness of breath,3,72,112,61,23,93,37.3
30035672,3,fall,0,104,118,108,12,96,38.4
30035673,1,laceration,6,90,132,87,27,98,36.1
30035674,3,fever,4,84,143,81,15,99,36.9
30035675,3,headache,3,75,114,71,22,100,37.0
30035676,3,knee pain,1,90,130,84,17,97,36.3
30035677,3,laceration,1,81,130,85,22,100,35.8
30035678,2,shortness of breath,10,69,146,71,15,98,36.9
30035679,2,abdominal pain,9,62,152,100,14,100,37.1
30035680,4,abdominal pain,3,70,121,83,20,97,37.4
30035681,2,knee pain,6,76,101,72,22,98,35.7
30035682,3,anxiety,3,88,110,97,16,95,36.2
30035683,5,anxiety,1,97,137,97,17,94,36.5
30035684,4,back pain,6,70,113,71,23,99,36.8
30035685,3,back pain,2,104,167,66,18,96,36.4
30035686,4,headache,6,64,123,83,16,98,37.2
30035687,2,anxiety,8,85,126,68,19,99,37.5
30035688,1,knee pain,8,83,92,78,20,100,38.3
30035689,2,anxiety,9,79,141,79,16,100,36.4
30035690,5,anxiety,3,99,136,99,23,94,36.4
30035691,3,laceration,7,58,103,99,17,95,38.0
30035692,3,fever,0,91,158,92,19,99,36.8
30035693,3,knee pain,4,108,94,88,23,96,35.9
30035694,3,anxiety,6,123,158,72,15,98,38.1
30035695,3,abdominal pain,5,99,121,68,20,98,36.1
30035696,4,laceration,4,81,132,79,15,100,37.7
30035697,3,chest pain,3,68,125,112,13,100,38.5
30035698,3,back pain,6,75,135,93,18,98,36.7
30035699,4,shortness of breath,2,57,133,92,21,100,37.5
30035700,2,knee pain,7,87,126,100,17,98,37.3
30035701,3,chest pain,6,81,153,102,13,97,37.3
30035702,3,shortness of breath,1,47,155,90,23,99,36.5
30035703,1,knee pain,10,84,139,78,21,96,38.6
30035704,3,fever,4,113,120,58,18,98,36.5
30035705,3,knee pain,1,82,141,84,16,97,36.4
30035706,2,anxiety,6,80,111,56,20,96,37.2
30035707,3,abdominal pain,7,70,133,71,17,97,36.6
30035708,3,fever,4,88,132,100,12,100,36.7
30035709,3,fall,1,66,147,113,17,100,36.3
30035710,4,back pain,2,91,145,75,20,99,37.2
30035711,3,fever,0,83,127,88,15,100,37.1
30035712,3,anxiety,7,80,131,72,17,100,37.3
30035713,3,fever,2,57,111,76,14,92,37.0
30035714,2,abdominal pain,8,53,131,69,18,94,36.7
30035715,3,knee pain,4,90,85,85,21,100,35.4
30035716,3,abdominal pain,3,88,156,96,19,96,37.5
30035717,2,fever,9,77,115,79,21,100,37.9
30035718,3,laceration,5,86,146,93,11,100,36.2
30035719,3,fever,2,111,120,101,6,99,37.0
30035720,3,chest pain,7,118,116,97,21,96,37.2
30035721,3,fever,4,64,153,78,29,99,37.7
30035722,3,anxiety,6,95,110,85,20,98,36.8
30035723,1,headache,7,99,119,47,20,92,37.4
30035724,3,fever,5,62,104,70,15,97,36.7
30035725,3,headache,5,76,82,82,12,92,36.1
30035726,1,anxiety,8,103,134,68,13,100,38.0
30035727,2,chest pain,8,75,97,70,18,93,36.1
30035728,3,fall,7,117,115,70,14,94,36.9
30035729,3,back pain,3,69,113,73,7,93,36.8
30035730,4,chest pain,4,105,107,71,22,93,37.7
30035731,3,back pain,3,79,126,66,17,98,35.4
30035732,3,chest pain,6,84,156,91,18,100,37.8
30035733,3,fever,2,93,111,89,21,96,37.2
30035734,2,back pain,7,80,136,61,19,98,37.1
30035735,3,knee pain,2,82,126,87,16,93,37.3
30035736,4,laceration,4,52,110,61,20,93,36.4
30035737,2,fever,9,107,86,69,19,96,35.6
30035738,2,fever,6,101,144,97,15,100,36.8
30035739,1,back pain,9,92,139,90,20,98,37.3
30035740,4,fever,3,93,145,67,16,99,36.9
30035741,2,knee pain,8,116,133,66,15,94,37.9
30035742,3,abdominal pain,0,79,115,84,18,99,36.5
30035743,3,anxiety,2,82,137,70,19,96,36.6
30035744,3,laceration,4,108,99,75,26,100,36.0
30035745,3,back pain,0,98,111,61,14,100,37.0
30035746,1,knee pain,8,97,124,74,11,94,36.1
30035747,4,abdominal pain,5,89,95,59,14,91,37.2
30035748,1,headache,10,84,111,90,27,97,36.3
30035749,3,back pain,6,108,117,75,16,100,36.4
30035750,3,laceration,3,107,117,105,16,100,36.6
30035751,3,chest pain,3,85,126,71,24,91,37.8
30035752,4,laceration,3,88,107,67,19,99,36.3
30035753,2,chest pain,10,101,151,65,17,97,36.4
30035754,4,anxiety,1,104,141,64,15,96,37.0
30035755,2,knee pain,6,82,108,98,12,100,36.7
30035756,3,fall,7,108,75,117,23,100,36.4
30035757,2,fall,10,112,156,68,22,95,37.0
30035758,1,fever,8,86,138,91,16,93,37.0
30035759,3,abdominal pain,3,97,108,72,13,97,35.8
30035760,3,fall,2,79,119,89,12,95,35.5
30035761,3,shortness of breath,7,82,115,67,16,97,38.5
30035762,1,abdominal pain,9,69,154,78,16,91,37.2
30035763,4,anxiety,5,80,127,115,18,99,37.6
30035764,2,fall,6,87,153,68,22,99,37.4
30035765,3,headache,4,95,119,76,21,99,37.1
30035766,3,knee pain,1,97,135,67,19,95,37.1
30035767,3,laceration,6,91,161,79,21,96,38.0
30035768,3,laceration,0,73,114,91,15,99,37.5
30035769,2,anxiety,10,114,129,96,17,97,37.2
30035770,4,laceration,3,74,107,72,17,99,38.0
30035771,3,abdominal pain,5,78,116,97,22,95,36.7
30035772,3,knee pain,4,61,118,86,19,99,36.5
30035773,4,fall,3,69,143,108,19,98,38.4
30035774,5,chest pain,4,73,123,84,17,96,35.8
30035775,2,anxiety,9,77,151,64,18,100,37.1
30035776,2,headache,10,70,124,67,24,93,35.6
30035777,3,headache,3,90,132,88,15,99,37.8
30035778,3,knee pain,6,94,133,81,21,97,36.9
30035779,3,fall,2,68,123,113,17,98,37.3
30035780,1,laceration,8,72,94,71,12,95,36.9
30035781,2,anxiety,6,71,155,75,17,93,39.0
30035782,3,anxiety,3,80,133,80,13,97,37.0
30035783,3,anxiety,7,79,139,47,15,91,37.1
30035784,4,headache,3,57,113,70,10,93,37.8
30035785,1,back pain,8,92,134,53,19,90,37.2
30035786,4,headache,0,106,145,76,15,98,35.9
30035787,2,fever,6,91,115,78,23,97,38.0
30035788,5,headache,0,61,131,83,15,100,35.8
30035789,3,knee pain,4,74,133,108,18,95,36.5
30035790,3,shortness of breath,7,83,109,90,15,97,37.3
30035791,2,anxiety,7,87,140,94,17,95,37.4
30035792,3,anxiety,2,90,122,59,18,100,36.0
30035793,4,fall,5,100,95,92,18,93,36.5
30035794,3,knee pain,5,88,104,107,11,95,36.3
30035795,3,anxiety,2,87,114,53,25,96,37.3
30035796,2,fever,7,70,143,63,19,93,36.4
30035797,2,abdominal pain,6,66,138,125,15,96,37.0
30035798,4,laceration,1,109,145,75,23,93,37.0
30035799,5,fever,7,79,142,61,21,99,37.2
30035800,3,knee pain,0,80,117,85,18,97,37.2
30035801,3,abdominal pain,1,70,146,60,14,94,36.8
30035802,2,fever,7,94,124,95,16,95,36.4
30035803,3,shortness of breath,5,78,137,83,15,100,36.8
30035804,4,chest pain,5,81,112,64,13,100,38.0
30035805,3,knee pain,3,80,63,90,14,99,38.5
30035806,5,abdominal pain,0,77,120,84,21,100,36.2
30035807,1,chest pain,9,64,153,82,24,94,36.8
30035808,4,fall,6,99,92,85,12,100,38.1
30035809,4,laceration,2,83,156,84,15,94,36.8
30035810,2,chest pain,10,81,134,89,20,100,37.5
30035811,2,abdominal pain,8,65,126,76,19,96,36.9
30035812,3,laceration,4,66,78,68,12,100,37.7
30035813,4,chest pain,1,78,116,73,17,97,34.7
30035814,3,shortness of breath,5,62,140,77,17,97,37.0
30035815,3,headache,2,90,140,64,18,100,35.4
30035816,1,laceration,9,68,105,74,17,100,36.8
30035817,2,fall,10,102,151,92,18,91,35.7
30035818,3,back pain,2,69,84,87,21,98,38.8
30035819,3,fever,6,70,100,66,22,96,37.0
30035820,2,shortness of breath,10,70,151,74,21,98,36.0
30035821,3,fever,0,69,158,71,22,94,37.8
30035822,4,anxiety,0,73,116,73,22,94,38.2
30035823,4,knee pain,2,79,138,87,24,98,37.2
30035824,2,headache,7,66,137,84,17,98,36.1
30035825,4,shortness of breath,4,62,134,68,15,95,37.0
30035826,4,anxiety,3,81,137,95,16,94,37.3
30035827,4,fever,7,90,139,53,16,98,36.2
30035828,3,knee pain,5,65,139,84,21,92,37.3
30035829,4,chest pain,2,78,139,94,12,97,35.2
30035830,2,shortness of breath,7,78,114,55,18,98,36.1
30035831,2,fall,8,82,143,89,20,98,36.6
30035832,1,back pain,10,94,120,87,16,95,36.1
30035833,1,laceration,9,67,132,61,19,100,35.8
30035834,3,chest pain,2,101,85,66,20,100,36.3
30035835,3,abdominal pain,7,73,127,46,19,98,37.2
30035836,3,laceration,2,88,164,60,22,97,36.4
30035837,3,headache,7,71,126,79,21,98,37.7
30035838,3,chest pain,7,73,159,71,23,98,37.1
30035839,5,chest pain,3,95,107,106,18,99,35.4
30035840,5,laceration,5,84,112,85,22,100,35.7
30035841,4,knee pain,7,120,126,67,21,100,36.5
30035842,3,chest pain,3,100,135,59,22,96,37.1
30035843,4,fall,5,95,139,96,19,94,37.3
30035844,2,headache,7,69,129,68,21,97,36.0
30035845,3,back pain,5,92,134,97,14,97,38.0
30035846,2,fever,9,84,112,70,15,94,37.1
30035847,2,laceration,6,78,90,77,21,100,37.0
30035848,3,headache,5,93,161,62,16,100,38.4
30035849,2,knee pain,8,56,115,87,19,98,37.2
30035850,4,anxiety,3,79,153,73,22,95,36.1
30035851,2,fever,6,96,113,90,12,100,36.0
30035852,1,shortness of breath,9,85,125,53,16,96,38.4
30035853,2,knee pain,10,71,125,90,17,93,37.2
30035854,3,abdominal pain,7,79,122,99,16,91,36.4
30035855,3,anxiety,1,77,149,87,21,87,37.3
30035856,3,shortness of breath,7,103,101,55,19,92,36.2
30035857,3,fall,7,91,142,61,18,93,36.3
30035858,2,chest pain,9,91,132,68,21,100,36.6
30035859,3,anxiety,1,95,170,87,19,89,37.2
30035860,4,chest pain,6,103,93,71,26,94,37.9
30035861,5,fall,6,71,107,49,15,95,35.0
30035862,3,fall,4,68,96,71,16,100,36.5
30035863,2,anxiety,9,84,143,87,15,95,36.2
30035864,1,abdominal pain,8,84,156,85,21,100,37.7
30035865,3,anxiety,0,79,135,72,16,100,37.4
30035866,3,anxiety,3,86,132,78,16,96,37.3
30035867,3,fall,4,79,104,97,20,100,36.1
30035868,1,headache,6,111,120,77,22,100,37.5
30035869,2,shortness of breath,6,105,167,79,17,98,36.6
30035870,4,fall,7,117,101,88,21,95,36.7
30035871,3,shortness of breath,7,105,126,100,19,99,36.3
30035872,2,back pain,10,98,128,90,21,94,38.5
30035873,3,shortness of breath,6,98,153,78,14,100,35.4
30035874,3,knee pain,7,89,142,79,20,100,37.4
30035875,4,knee pain,3,70,123,73,18,99,37.3
30035876,1,fever,10,84,113,91,14,100,36.0
30035877,2,abdominal pain,7,109,137,78,19,94,37.1
30035878,3,shortness of breath,4,97,114,70,18,98,37.2
30035879,4,laceration,7,84,98,87,20,94,38.8
30035880,4,abdominal pain,3,82,112,101,19,98,37.0
30035881,3,fall,6,80,136,65,18,96,37.3
30035882,4,abdominal pain,6,86,128,81,19,96,36.3
30035883,4,shortness of breath,0,79,118,90,20,94,36.7
30035884,2,fall,7,96,109,108,21,95,36.6
30035885,4,back pain,1,85,117,64,20,96,36.2
30035886,3,abdominal pain,3,94,151,63,21,98,37.6
30035887,3,knee pain,3,77,138,102,19,98,35.9
30035888,2,headache,9,81,126,43,20,96,35.9
30035889,3,fall,6,78,151,56,15,96,37.1
30035890,2,knee pain,9,99,103,54,24,96,37.0
30035891,3,fall,4,87,133,99,20,100,37.3
30035892,3,chest pain,6,70,118,84,19,100,36.3
30035893,4,laceration,5,118,110,109,12,92,37.2
30035894,1,headache,7,49,119,41,22,94,38.4
30035895,2,knee pain,7,90,98,85,22,100,36.8
30035896,3,knee pain,2,90,163,85,20,100,38.2
30035897,3,laceration,3,97,84,75,14,91,37.1
30035898,3,back pain,5,102,110,69,15,100,36.5
30035899,3,laceration,5,109,114,49,16,96,38.0
30035900,3,shortness of breath,4,78,116,79,15,97,37.1
30035901,3,back pain,5,96,82,94,18,93,35.8
30035902,4,abdominal pain,4,57,114,102,8,97,36.9
30035903,2,anxiety,8,104,136,74,20,100,37.4
30035904,3,laceration,1,106,105,74,14,94,37.3
30035905,4,back pain,7,70,119,96,17,96,36.3
30035906,3,fever,7,85,121,58,21,100,38.4
30035907,3,headache,0,93,113,71,19,98,37.3
30035908,3,fever,5,95,118,82,21,98,36.6
30035909,4,fall,2,87,142,104,20,95,36.2
30035910,5,chest pain,6,75,122,51,15,100,38.0
30035911,2,back pain,10,88,93,85,20,88,37.0
30035912,4,chest pain,5,106,105,77,18,94,35.7
30035913,2,fall,7,92,114,91,17,98,36.1
30035914,3,shortness of breath,6,88,138,105,15,98,36.2
30035915,4,headache,0,92,142,81,24,100,35.3
30035916,2,knee pain,9,79,109,64,23,92,36.8
30035917,3,knee pain,1,104,131,97,10,100,35.7
30035918,5,fever,6,71,142,61,14,98,35.6
30035919,4,fall,1,79,165,80,21,94,36.6
30035920,3,fever,5,57,175,96,23,95,36.2
30035921,3,knee pain,4,107,158,71,15,98,36.2
30035922,3,back pain,4,85,113,77,17,100,37.4
30035923,2,shortness of breath,7,97,149,59,20,100,36.7
30035924,2,shortness of breath,10,78,117,98,20,94,37.7
30035925,1,back pain,7,70,116,79,13,94,36.5
30035926,4,headache,4,82,118,97,19,97,37.8
30035927,4,laceration,4,90,139,96,17,95,37.2
30035928,4,laceration,4,83,125,47,20,100,37.2
30035929,3,fever,5,86,150,55,10,92,38.1
30035930,2,anxiety,6,93,120,80,18,99,38.0
30035931,2,headache,8,76,115,72,15,100,36.0
30035932,3,shortness of breath,7,107,124,74,19,93,37.2
30035933,4,fever,6,71,107,77,19,98,36.7
30035934,2,knee pain,8,79,123,63,24,100,37.0
30035935,2,abdominal pain,7,79,116,122,24,99,37.7
30035936,2,shortness of breath,9,86,134,79,13,98,37.0
30035937,2,back pain,7,104,148,98,15,99,36.0
30035938,4,anxiety,5,80,124,80,17,100,36.8
30035939,3,fever,6,122,115,66,17,94,36.7
30035940,3,chest pain,1,91,145,73,17,89,38.6
30035941,2,headache,9,79,127,100,18,92,38.9
30035942,2,abdominal pain,6,76,93,95,20,100,39.7
30035943,4,headache,5,93,106,94,13,96,36.9
30035944,3,chest pain,5,63,140,62,20,98,37.3
30035945,4,back pain,1,68,128,84,17,98,37.7
30035946,3,back pain,0,75,93,85,16,94,36.1
30035947,3,fever,2,54,152,77,18,97,37.0
30035948,3,back pain,6,87,127,63,23,96,37.0
30035949,3,chest pain,2,117,150,107,21,95,36.7
30035950,2,chest pain,6,70,168,59,10,100,36.1
30035951,3,chest pain,4,103,122,88,22,96,36.6
30035952,2,fall,7,71,114,88,21,97,36.0
30035953,2,back pain,6,72,137,100,15,96,36.0
30035954,5,knee pain,7,59,162,74,24,100,36.6
30035955,3,laceration,4,75,138,59,14,100,37.3
30035956,1,knee pain,7,69,81,63,14,95,37.6
30035957,1,fever,10,85,140,79,14,100,37.8
30035958,4,chest pain,2,103,129,82,20,93,37.9
30035959,3,shortness of breath,7,133,107,67,14,90,37.9
30035960,4,knee pain,6,69,121,89,15,96,36.8
30035961,3,shortness of breath,1,86,92,76,14,97,37.2
30035962,3,shortness of breath,4,94,145,83,19,100,36.4
30035963,3,anxiety,7,107,120,76,24,94,37.7
30035964,4,fever,4,85,131,73,17,100,36.9
30035965,3,fall,5,81,126,63,8,98,37.4
30035966,4,chest pain,6,98,177,76,21,92,37.9
30035967,3,fever,7,87,150,37,22,100,38.0
30035968,4,fever,4,77,110,106,25,100,36.9
30035969,3,fever,5,87,119,93,16,97,34.9
30035970,3,laceration,2,88,101,92,15,96,38.0
30035971,3,laceration,2,85,98,59,15,94,37.4
30035972,3,abdominal pain,0,110,103,83,16,96,37.5
30035973,4,back pain,6,100,174,65,18,95,36.2
30035974,2,fever,10,67,128,109,21,98,36.9
30035975,1,headache,6,70,125,102,12,98,36.6
30035976,2,anxiety,8,60,123,71,14,100,37.2
30035977,3,fall,2,96,118,76,15,97,37.6
30035978,3,anxiety,3,66,138,86,22,96,38.2
30035979,3,laceration,2,86,101,99,22,97,38.0
30035980,3,headache,3,62,129,81,19,97,38.1
30035981,2,abdominal pain,6,68,94,99,18,100,37.3
30035982,3,knee pain,0,88,125,82,8,98,37.7
30035983,5,abdominal pain,5,89,135,80,25,95,38.1
30035984,2,fall,6,85,118,84,18,99,36.9
30035985,4,fever,0,79,123,91,22,100,35.7
30035986,2,headache,8,88,98,70,21,94,36.0
30035987,3,headache,6,66,130,80,22,100,35.6
30035988,4,laceration,0,77,102,71,21,92,36.9
30035989,4,knee pain,4,85,157,83,18,95,37.1
30035990,4,anxiety,6,75,133,71,16,95,37.6
30035991,3,shortness of breath,1,68,164,81,25,100,36.7
30035992,1,knee pain,7,106,115,91,22,95,38.0
30035993,3,laceration,6,89,135,76,17,97,36.6
30035994,4,headache,3,65,128,80,20,97,37.4
30035995,2,back pain,6,68,146,78,15,96,36.9
30035996,3,fall,2,106,122,66,18,93,35.7
30035997,3,abdominal pain,1,84,121,85,17,97,38.1
30035998,4,chest pain,1,86,131,58,23,100,35.5
30035999,3,knee pain,5,67,135,111,19,100,37.6
30036000,2,laceration,10,90,110,93,16,90,37.4
30036001,3,headache,1,106,141,57,16,97,36.4
30036002,4,laceration,2,94,112,75,15,96,38.0
30036003,3,back pain,1,115,163,92,12,100,37.4
30036004,3,anxiety,0,93,104,74,22,94,39.9
30036005,3,knee pain,2,93,160,91,11,96,38.4
30036006,3,chest pain,3,79,144,85,18,97,36.0
30036007,3,fever,6,88,128,96,23,100,36.7
30036008,3,chest pain,6,81,181,97,17,98,36.8
30036009,4,back pain,6,100,94,83,13,99,35.6
30036010,3,fall,7,102,144,83,24,97,37.6
30036011,2,anxiety,7,83,88,99,21,95,36.0
30036012,3,knee pain,5,94,126,59,18,97,36.2
30036013,3,abdominal pain,2,80,106,65,21,97,34.9
30036014,3,chest pain,1,68,133,94,25,96,36.2
30036015,4,knee pain,3,60,131,47,22,100,37.0
30036016,3,chest pain,5,74,119,61,16,97,37.3
30036017,2,back pain,9,71,96,82,17,99,37.1
30036018,4,laceration,6,99,89,82,15,94,37.6
30036019,3,chest pain,4,91,137,85,18,99,36.4
30036020,5,fall,6,99,129,81,18,98,35.6
30036021,3,fever,5,80,110,72,22,92,37.7
30036022,2,laceration,9,92,141,86,22,90,37.0
30036023,3,abdominal pain,3,90,117,75,23,96,37.0
30036024,4,laceration,3,83,108,81,22,97,38.2
30036025,4,fever,5,78,118,67,16,98,35.0
30036026,1,headache,10,90,154,68,18,93,37.1
30036027,3,back pain,1,101,133,104,18,89,37.8
30036028,3,abdominal pain,0,90,120,73,15,98,36.2
30036029,3,back pain,0,71,138,61,19,97,34.7
30036030,2,back pain,7,59,164,74,19,99,36.0
30036031,3,fall,6,89,115,93,14,97,36.0
30036032,3,abdominal pain,6,88,141,42,15,100,36.7
30036033,4,chest pain,1,66,135,60,23,100,37.3
30036034,2,shortness of breath,9,89,128,69,22,90,37.2
30036035,2,back pain,8,71,121,69,25,97,38.3
30036036,3,anxiety,7,51,144,73,15,100,37.4
30036037,3,headache,3,84,111,69,17,92,37.7
30036038,3,chest pain,1,112,118,75,14,96,36.6
30036039,2,fall,9,66,103,53,17,97,35.8
30036040,3,headache,3,110,148,96,22,95,35.9
30036041,3,back pain,3,79,138,102,15,98,37.0
30036042,3,back pain,0,73,113,79,20,99,36.4
30036043,3,back pain,5,96,111,79,21,97,38.5
30036044,3,laceration,5,91,123,83,20,91,37.6
30036045,5,knee pain,3,94,123,99,22,98,37.6
30036046,3,laceration,5,80,123,49,15,98,35.9
30036047,3,fever,0,67,89,89,19,100,36.8
30036048,3,abdominal pain,4,97,135,78,19,98,36.2
30036049,4,laceration,4,77,126,104,13,100,35.6
30036050,2,chest pain,6,55,122,73,17,96,36.7
30036051,3,laceration,7,88,120,109,19,99,37.8
30036052,5,anxiety,7,99,159,69,21,93,35.9
30036053,4,fall,5,77,124,72,21,94,37.1
30036054,3,fall,6,73,141,95,22,94,36.1
30036055,5,anxiety,5,56,116,62,22,93,37.9
30036056,4,fall,4,87,107,80,12,95,36.5
30036057,2,fever,6,98,129,71,14,96,36.6
30036058,3,back pain,6,65,126,97,21,95,36.4
30036059,3,laceration,7,106,167,85,17,97,37.0
30036060,3,laceration,2,75,125,72,22,100,37.5
30036061,2,abdominal pain,10,108,137,76,18,92,37.5
30036062,1,back pain,7,88,114,65,24,92,38.4
30036063,4,fall,4,58,112,79,12,99,37.4
30036064,3,back pain,5,80,150,110,16,99,36.8
30036065,1,anxiety,8,74,122,89,22,89,37.0
30036066,3,headache,1,89,116,39,17,99,37.2
30036067,2,laceration,9,78,89,101,22,99,37.0
30036068,3,back pain,7,60,143,60,18,94,37.4
30036069,4,abdominal pain,6,68,146,70,27,98,36.9
30036070,3,fever,4,85,160,58,21,97,37.7
30036071,3,anxiety,7,96,116,79,18,98,36.8
30036072,2,fall,6,78,110,67,18,96,37.9
30036073,3,back pain,4,119,100,86,17,90,38.0
30036074,3,laceration,2,69,130,69,18,100,36.1
30036075,2,headache,10,106,136,46,19,98,38.4
30036076,1,anxiety,10,91,139,98,19,93,36.5
30036077,2,headache,8,63,130,89,15,95,37.3
30036078,3,fever,4,46,116,74,15,99,37.5
30036079,2,back pain,10,85,137,70,20,100,36.6
30036080,4,shortness of breath,3,48,79,81,22,94,37.1
30036081,3,knee pain,6,67,123,72,25,90,38.0
30036082,3,fever,7,75,98,70,19,100,38.3
30036083,3,laceration,7,56,145,96,11,97,35.7
30036084,4,fall,5,95,137,71,11,100,36.0
30036085,4,back pain,4,83,148,68,16,96,38.5
30036086,3,shortness of breath,6,85,124,71,14,93,34.5
30036087,2,abdominal pain,6,127,136,79,15,100,37.7
30036088,3,chest pain,0,76,151,84,15,100,38.2
30036089,3,back pain,3,87,113,60,16,99,36.7
30036090,5,knee pain,0,99,152,66,20,100,36.5
30036091,3,anxiety,7,92,142,99,22,95,36.9
30036092,2,back pain,7,89,149,70,14,100,38.3
30036093,3,knee pain,0,102,129,94,19,92,36.4
30036094,3,abdominal pain,0,98,134,110,18,100,38.0
30036095,2,shortness of breath,10,99,125,80,17,98,37.0
30036096,2,fever,8,86,148,83,16,100,38.2
30036097,2,headache,7,60,121,66,16,98,36.0
30036098,3,knee pain,2,90,139,59,21,98,37.3
30036099,3,chest pain,0,83,110,78,18,95,37.0
30036100,3,laceration,2,86,139,83,17,92,36.5
30036101,3,fever,5,77,118,68,14,100,37.2
30036102,4,knee pain,1,40,131,67,18,98,36.6
30036103,3,abdominal pain,4,112,119,80,18,100,36.4
30036104,2,chest pain,10,77,109,93,17,97,37.0
30036105,1,headache,6,91,145,97,18,100,36.7
30036106,3,anxiety,0,94,133,105,19,99,36.2
30036107,3,back pain,2,68,133,100,19,99,37.1
30036108,3,knee pain,6,77,114,92,19,97,36.9
30036109,3,abdominal pain,1,117,162,100,18,93,37.2
30036110,2,back pain,10,102,83,115,16,98,38.4
30036111,3,back pain,2,73,155,68,11,94,37.2
30036112,3,chest pain,1,78,129,80,25,91,36.5
30036113,4,knee pain,6,93,126,57,18,98,37.6
30036114,3,anxiety,3,96,111,88,16,98,36.7
30036115,3,fall,2,92,118,82,18,96,37.9
30036116,5,chest pain,7,94,116,95,3,98,35.3
30036117,3,anxiety,1,61,140,75,20,100,36.6
30036118,3,abdominal pain,3,80,126,94,22,100,38.4
30036119,3,back pain,7,87,154,64,18,99,36.9
30036120,3,shortness of breath,5,96,127,57,20,98,38.1
30036121,3,back pain,2,97,122,74,22,94,36.0
30036122,2,back pain,10,97,144,63,18,97,36.4
30036123,1,fever,6,90,163,79,14,99,38.0
30036124,3,shortness of breath,0,84,131,80,18,94,36.5
30036125,2,anxiety,8,82,150,73,11,97,36.2
30036126,3,laceration,3,92,110,66,19,93,36.2
30036127,3,laceration,1,101,155,96,20,97,36.8
30036128,3,laceration,6,92,150,65,15,98,36.6
30036129,3,back pain,0,106,124,97,17,97,35.5
30036130,3,shortness of breath,2,64,110,89,20,96,37.6
30036131,2,knee pain,7,69,146,95,23,93,37.1
30036132,4,knee pain,5,73,115,56,23,99,37.8
30036133,2,abdominal pain,7,98,139,103,20,97,36.6
30036134,4,back pain,2,110,110,66,18,94,39.1
30036135,4,anxiety,2,80,126,71,17,100,38.8
30036136,2,fever,6,70,131,64,16,96,36.8
30036137,3,back pain,1,106,124,79,16,95,37.2
30036138,4,laceration,0,116,114,96,23,94,35.6
30036139,2,shortness of breath,9,83,135,73,13,100,37.8
30036140,4,chest pain,2,83,117,77,23,93,37.5
30036141,2,headache,7,84,122,87,25,98,37.3
30036142,4,chest pain,2,34,148,81,19,97,37.2
30036143,3,laceration,1,95,120,42,12,96,37.2
30036144,2,shortness of breath,7,70,124,59,23,91,39.1
30036145,3,anxiety,1,93,88,67,19,98,39.6
30036146,2,back pain,8,112,100,79,19,100,37.9
30036147,3,back pain,7,96,123,81,20,100,37.2
30036148,1,shortness of breath,6,84,133,65,15,96,38.9
30036149,3,fever,5,89,135,82,11,98,37.3
30036150,3,abdominal pain,4,57,151,45,17,98,37.6
30036151,1,laceration,10,58,95,65,24,100,36.1
30036152,3,abdominal pain,5,97,123,56,21,96,36.9
30036153,3,fall,0,112,142,90,16,94,37.5
30036154,3,abdominal pain,1,64,123,91,15,95,36.3
30036155,4,abdominal pain,2,92,139,99,21,96,37.5
30036156,3,abdominal pain,1,103,115,63,16,100,36.8
30036157,3,abdominal pain,4,69,126,70,11,97,38.7
30036158,2,headache,6,96,111,89,15,96,37.3
30036159,4,laceration,7,86,107,77,22,96,37.1
30036160,3,laceration,6,86,139,88,19,98,36.3
30036161,4,laceration,6,92,140,82,16,95,37.1
30036162,3,back pain,0,88,158,69,20,97,37.0
30036163,3,back pain,6,82,179,79,12,100,37.2
30036164,3,shortness of breath,6,56,122,89,22,92,38.4
30036165,4,fall,4,86,148,118,22,100,36.5
30036166,4,back pain,4,83,113,112,18,100,36.0
30036167,2,headache,8,107,120,75,21,100,36.8
30036168,3,fall,2,83,114,83,11,100,36.6
30036169,2,fall,10,86,139,67,20,97,37.0
30036170,3,abdominal pain,5,88,117,82,16,91,37.2
30036171,4,back pain,2,69,118,74,15,100,36.4
30036172,2,headache,8,113,158,77,12,99,38.0
30036173,4,headache,3,107,138,87,25,98,37.2
30036174,4,back pain,4,102,159,87,17,95,35.8
30036175,3,headache,7,65,102,84,9,97,36.8
30036176,5,headache,4,81,142,86,22,97,37.0
30036177,4,back pain,5,90,113,116,19,97,35.6
30036178,2,chest pain,9,99,104,85,18,89,37.4
30036179,1,abdominal pain,9,92,83,77,17,100,36.6
30036180,3,laceration,2,109,96,72,18,93,36.8
30036181,4,abdominal pain,2,87,106,79,18,98,37.6
30036182,4,fever,5,96,135,57,23,98,36.7
30036183,3,chest pain,3,85,145,72,17,99,37.6
30036184,5,knee pain,3,105,156,62,20,100,36.9
30036185,4,shortness of breath,2,105,146,78,16,99,37.4
30036186,2,back pain,9,76,115,97,19,97,38.1
30036187,3,laceration,7,98,132,91,15,96,38.2
30036188,2,shortness of breath,7,91,119,64,16,99,36.3
30036189,3,fever,4,97,121,71,15,99,36.4
30036190,3,knee pain,7,93,151,86,17,96,37.8
30036191,3,shortness of breath,7,76,154,82,20,97,35.9
30036192,2,knee pain,7,86,145,85,16,97,37.0
30036193,3,abdominal pain,2,101,151,99,20,96,36.8
30036194,3,knee pain,6,95,100,57,11,94,38.2
30036195,3,anxiety,4,79,115,91,21,93,38.2
30036196,2,knee pain,8,78,132,59,28,100,36.1
30036197,3,knee pain,1,92,84,105,26,94,35.5
30036198,2,laceration,7,84,141,61,22,100,36.7
30036199,4,back pain,0,94,101,94,20,94,38.1
30036200,3,knee pain,1,72,156,89,17,98,37.1
30036201,2,knee pain,6,113,108,97,24,97,36.6
30036202,3,fall,0,84,98,79,27,100,36.8
30036203,2,anxiety,7,77,122,70,24,100,36.8
30036204,3,back pain,7,98,125,53,17,100,35.3
30036205,3,chest pain,6,76,133,75,12,95,37.1
30036206,3,abdominal pain,5,109,133,60,23,99,36.2
30036207,2,headache,8,92,128,92,17,97,38.4
30036208,3,abdominal pain,4,89,103,102,15,98,37.2
30036209,3,fever,5,52,141,74,20,97,37.0
30036210,2,anxiety,8,99,127,59,23,95,36.9
30036211,3,abdominal pain,5,70,141,71,18,98,36.5
30036212,3,laceration,6,80,138,59,20,92,37.8
30036213,4,laceration,7,100,115,72,23,96,38.0
30036214,5,fever,6,101,123,71,23,99,36.1
30036215,4,headache,1,80,102,91,11,97,35.7
30036216,3,headache,6,78,124,87,23,96,36.8
30036217,3,shortness of breath,4,43,136,95,15,99,38.1
30036218,3,fever,7,81,133,83,19,99,38.1
30036219,3,back pain,5,88,110,95,17,98,36.6
30036220,3,chest pain,7,93,142,90,19,97,35.5
30036221,4,shortness of breath,4,102,138,44,11,97,36.8
30036222,1,knee pain,10,72,149,100,16,95,35.3
30036223,2,abdominal pain,9,82,125,68,16,92,36.0
30036224,3,anxiety,1,89,85,75,19,100,36.4
30036225,3,headache,1,73,126,70,12,94,36.6
30036226,4,fall,5,92,127,86,14,100,36.9
30036227,3,fall,1,89,126,77,13,92,37.5
30036228,1,anxiety,7,56,143,39,15,100,37.0
30036229,5,anxiety,3,127,120,102,18,92,36.1
30036230,1,chest pain,10,94,134,64,20,99,36.9
30036231,2,abdominal pain,6,77,152,99,19,95,36.8
30036232,4,back pain,5,99,123,66,16,100,37.6
30036233,2,knee pain,10,78,105,98,18,98,36.1
30036234,2,fever,7,92,120,88,22,100,37.2
30036235,4,abdominal pain,6,98,120,62,19,97,37.8
30036236,3,abdominal pain,2,101,137,45,21,100,37.4
30036237,3,fever,7,92,133,77,25,97,36.0
30036238,3,anxiety,3,81,133,84,16,94,36.7
30036239,4,anxiety,0,91,120,57,18,98,36.9
30036240,3,back pain,1,80,143,93,15,96,37.9
30036241,3,fever,0,88,129,65,27,92,37.1
30036242,4,shortness of breath,1,85,112,84,12,95,36.4
30036243,3,fall,1,87,111,89,15,95,37.0
30036244,2,anxiety,9,52,112,83,17,100,37.5
30036245,3,knee pain,2,85,111,75,19,97,36.3
30036246,5,back pain,6,53,136,66,22,94,37.4
30036247,3,laceration,1,93,114,59,16,99,37.4
30036248,2,back pain,9,97,154,85,17,99,36.9
30036249,3,chest pain,5,113,105,83,18,94,37.9
30036250,3,fall,5,95,124,73,19,94,36.1
30036251,3,fever,7,68,131,86,21,99,37.9
30036252,3,headache,2,80,126,85,22,98,36.3
30036253,3,fever,5,91,132,107,21,95,37.2
30036254,3,back pain,5,80,134,68,20,92,35.5
30036255,4,laceration,0,109,117,86,21,90,36.6
30036256,3,knee pain,6,97,142,106,19,94,37.2
30036257,3,back pain,3,91,163,84,24,100,36.3
30036258,4,chest pain,6,83,131,71,13,93,36.7
30036259,4,abdominal pain,0,52,129,61,14,96,36.4
30036260,2,chest pain,7,86,144,41,18,100,36.7
30036261,3,shortness of breath,3,57,123,82,9,94,36.7
30036262,4,shortness of breath,6,67,163,70,22,93,36.6
30036263,4,shortness of breath,3,79,82,82,15,97,36.8
30036264,3,fall,0,88,85,76,15,100,37.0
30036265,4,abdominal pain,2,91,143,59,28,93,36.4
30036266,1,laceration,8,69,140,80,15,97,36.0
30036267,3,abdominal pain,4,90,104,82,19,99,37.6
30036268,3,knee pain,5,80,103,73,16,91,36.4
30036269,1,fever,8,91,119,88,25,98,38.3
30036270,1,chest pain,10,73,118,54,17,100,36.8
30036271,4,knee pain,3,92,98,76,19,98,36.5
30036272,5,headache,5,100,146,103,18,100,37.9
30036273,4,headache,5,83,101,94,18,98,37.4
30036274,2,chest pain,9,93,135,80,17,97,37.1
30036275,4,abdominal pain,4,66,125,68,17,97,37.1
30036276,2,headache,7,86,112,78,15,100,36.5
30036277,3,laceration,5,79,99,72,18,100,36.3
30036278,2,headache,6,58,104,76,16,100,38.1
30036279,3,headache,7,66,106,64,12,93,37.8
30036280,3,shortness of breath,4,112,141,72,18,100,37.4
30036281,5,anxiety,7,73,117,75,21,91,36.9
30036282,3,fall,5,86,91,66,9,97,36.1
30036283,4,knee pain,0,78,98,103,17,95,37.8
30036284,3,fall,5,62,125,72,21,96,37.9
30036285,1,chest pain,7,76,122,74,20,96,38.4
30036286,3,back pain,0,91,128,80,16,100,35.8
30036287,3,fever,7,80,111,65,15,96,39.0
30036288,3,chest pain,1,74,141,56,15,99,37.5
30036289,3,abdominal pain,7,74,125,63,23,94,36.9
30036290,3,fall,7,69,137,59,16,98,36.8
30036291,3,laceration,7,65,123,73,16,95,37.3
30036292,4,laceration,0,59,142,81,15,98,38.0
30036293,3,headache,4,95,125,50,20,96,37.4
30036294,2,laceration,6,90,107,75,14,96,36.5
30036295,2,abdominal pain,10,81,127,110,22,92,37.4
30036296,4,shortness of breath,6,99,122,80,16,96,37.2
30036297,3,laceration,3,74,139,86,23,100,37.3
30036298,3,fall,2,105,112,84,11,99,36.4
30036299,3,fall,6,90,139,83,22,97,36.5
30036300,5,fall,1,123,132,63,24,94,38.2
30036301,4,headache,3,90,129,78,15,100,36.4
30036302,4,abdominal pain,4,95,108,112,16,97,36.0
30036303,4,headache,5,77,177,92,17,99,37.6
30036304,3,headache,1,82,132,85,17,97,37.7
30036305,3,abdominal pain,5,72,125,109,13,98,36.2
30036306,4,fall,2,60,156,56,12,99,37.0
30036307,3,anxiety,2,85,135,66,28,98,35.5
30036308,3,knee pain,5,108,133,83,18,94,36.1
30036309,3,chest pain,3,76,145,70,21,99,36.9
30036310,1,shortness of breath,8,95,142,54,16,95,36.9
30036311,3,anxiety,3,65,118,100,21,95,37.6
30036312,4,headache,0,79,108,74,24,100,36.3
30036313,3,shortness of breath,0,70,124,84,17,100,37.1
30036314,3,laceration,4,93,109,82,14,94,37.7
30036315,3,knee pain,1,103,109,92,21,98,37.3
30036316,3,knee pain,6,93,151,49,19,97,36.4
30036317,3,fall,5,85,127,79,13,93,36.7
30036318,4,abdominal pain,1,80,132,68,23,95,38.1
30036319,3,back pain,3,79,108,106,19,97,35.3
30036320,2,fever,9,93,129,62,22,100,37.7
30036321,1,laceration,6,70,133,55,13,97,36.0
30036322,3,knee pain,0,66,126,98,22,96,36.5
30036323,4,fever,1,96,133,87,12,97,36.8
30036324,2,knee pain,7,100,130,93,17,93,37.5
30036325,4,fall,0,84,155,84,26,92,36.2
30036326,3,laceration,6,85,111,101,20,98,35.7
30036327,4,anxiety,1,71,159,48,19,96,38.1
30036328,3,fever,5,108,91,58,10,100,36.9
30036329,3,shortness of breath,1,89,74,66,20,95,37.0
30036330,3,laceration,4,90,107,102,15,97,37.0
30036331,2,fever,10,63,123,90,24,96,37.5
30036332,3,chest pain,4,100,97,98,18,97,37.0
30036333,3,abdominal pain,0,106,133,74,22,97,36.8
30036334,2,laceration,7,81,128,76,19,95,37.0
30036335,2,knee pain,10,87,151,54,23,100,36.9
30036336,3,fever,6,108,103,60,23,95,36.9
30036337,2,headache,8,74,112,93,11,97,36.8
30036338,3,abdominal pain,3,75,145,71,7,94,36.6
30036339,4,laceration,3,74,147,98,21,93,38.0
30036340,4,anxiety,6,97,119,56,20,94,36.0
30036341,3,abdominal pain,2,83,136,74,18,94,36.6
30036342,4,abdominal pain,6,83,114,67,23,100,36.7
30036343,2,shortness of breath,9,90,121,74,21,96,37.2
30036344,3,fall,2,72,127,81,12,94,36.5
30036345,4,abdominal pain,6,139,128,65,18,99,37.7
30036346,3,anxiety,7,93,147,91,16,100,37.2
30036347,3,headache,5,66,102,106,16,96,37.3
30036348,3,fever,5,77,137,69,16,94,37.2
30036349,4,laceration,2,102,114,74,8,100,36.1
30036350,3,shortness of breath,6,74,112,100,24,97,37.2
30036351,1,fever,8,94,133,101,14,96,37.5
30036352,3,anxiety,1,81,77,73,14,95,33.6
30036353,2,headache,6,97,120,101,25,96,36.5
30036354,2,fall,6,76,128,69,16,95,37.1
30036355,3,chest pain,3,103,129,87,19,92,37.1
30036356,3,back pain,5,74,140,96,22,92,36.9
30036357,3,chest pain,2,80,138,92,22,96,37.7
30036358,1,fall,8,92,149,76,21,99,37.5
30036359,3,chest pain,0,105,118,82,23,97,36.9
30036360,1,anxiety,9,106,111,59,18,100,36.5
30036361,2,chest pain,7,83,161,70,15,98,35.7
30036362,2,back pain,8,62,110,79,22,95,37.1
30036363,4,fall,2,73,142,93,20,98,35.8
30036364,4,back pain,1,79,140,47,18,99,37.1
30036365,4,fever,7,74,142,97,19,100,36.1
30036366,3,anxiety,5,79,152,84,19,100,38.2
30036367,2,shortness of breath,10,110,111,88,15,95,36.3
30036368,5,laceration,1,53,136,89,15,96,36.5
30036369,4,laceration,1,85,116,90,16,100,36.2
30036370,3,back pain,0,102,104,49,17,97,37.5
30036371,3,fever,6,84,108,87,10,95,36.9
30036372,4,fall,7,94,125,86,13,96,36.7
30036373,3,shortness of breath,5,92,102,76,15,98,36.8
30036374,5,fall,7,77,148,55,19,98,35.9
30036375,3,knee pain,1,98,120,77,15,100,37.2
30036376,2,abdominal pain,10,90,156,91,19,93,37.2
30036377,3,knee pain,3,92,128,91,22,96,37.9
30036378,3,shortness of breath,7,82,144,94,21,98,37.5
30036379,3,fever,6,81,110,73,11,96,36.9
30036380,5,abdominal pain,3,87,96,66,18,100,36.6
30036381,3,chest pain,7,90,124,66,19,100,36.4
30036382,3,headache,4,85,160,101,17,96,37.3
30036383,1,knee pain,9,102,118,70,21,95,38.2
30036384,3,chest pain,7,96,103,71,23,90,36.5
30036385,2,chest pain,7,69,123,86,28,100,37.1
30036386,3,anxiety,0,89,142,95,15,100,36.4
30036387,3,back pain,1,100,118,78,20,97,36.8
30036388,2,shortness of breath,9,91,159,48,15,99,36.7
30036389,4,anxiety,5,72,112,86,20,96,36.2
30036390,5,fever,2,95,103,82,16,97,35.9
30036391,4,anxiety,4,59,111,87,22,97,37.6
30036392,3,chest pain,1,86,148,86,21,99,37.7
30036393,3,fever,3,82,117,80,18,100,36.2
30036394,3,back pain,4,74,152,69,15,90,37.1
30036395,5,headache,4,95,126,90,19,96,36.5
30036396,2,back pain,9,74,131,84,22,94,37.8
30036397,3,fall,4,65,114,74,16,100,37.7
30036398,3,laceration,5,76,122,95,14,100,38.3
30036399,3,fall,7,99,143,97,25,100,37.9
30036400,3,abdominal pain,4,105,109,80,18,93,37.4
30036401,3,headache,3,91,137,73,19,100,36.4
30036402,4,knee pain,0,98,129,69,17,100,35.5
30036403,4,shortness of breath,4,84,130,93,13,96,36.8
30036404,3,fall,4,88,140,75,20,100,38.2
30036405,4,back pain,0,87,92,71,12,97,37.1
30036406,3,back pain,4,66,133,59,20,100,36.5
30036407,3,chest pain,5,83,75,93,10,97,35.8
30036408,3,abdominal pain,7,81,154,105,21,100,34.8
30036409,3,knee pain,4,74,140,76,14,95,36.9
30036410,3,chest pain,6,72,111,92,23,96,36.3
30036411,2,shortness of breath,7,91,117,54,11,98,35.9
30036412,4,knee pain,4,94,125,71,24,98,37.5
30036413,3,fever,7,105,163,90,16,93,36.7
30036414,2,fever,7,103,125,89,27,99,37.3
30036415,4,headache,3,77,94,58,16,99,36.3
30036416,4,headache,6,84,156,82,18,96,36.8
30036417,3,laceration,7,80,129,99,18,97,37.3
30036418,3,laceration,2,103,141,73,14,94,36.5
30036419,4,back pain,2,96,149,83,18,96,36.7
30036420,2,anxiety,10,73,120,103,21,91,38.3
30036421,5,knee pain,5,105,109,57,15,100,37.5
30036422,3,shortness of breath,0,83,105,111,18,96,36.8
30036423,3,chest pain,0,61,133,91,19,95,36.4
30036424,3,knee pain,7,90,123,89,17,100,36.6
30036425,1,back pain,8,73,125,95,17,97,37.2
30036426,3,fall,0,100,109,71,16,99,36.7
30036427,3,knee pain,3,60,137,80,15,92,37.0
30036428,1,shortness of breath,10,79,119,73,18,100,37.5
30036429,3,laceration,2,93,120,66,13,97,36.0
30036430,3,fall,7,74,122,76,27,92,37.7
30036431,3,headache,7,76,114,68,17,100,36.0
30036432,3,laceration,7,102,90,70,18,98,36.8
30036433,4,fever,0,80,140,47,13,97,37.2
30036434,3,laceration,6,86,115,75,24,91,35.5
30036435,3,knee pain,1,78,119,77,23,98,36.3
30036436,5,laceration,0,78,115,90,16,95,37.3
30036437,5,fall,3,88,150,56,15,98,36.8
30036438,2,abdominal pain,9,73,145,79,23,97,37.4
30036439,2,headache,10,81,88,76,14,96,36.8
30036440,2,fever,9,128,152,59,18,98,37.8
30036441,2,knee pain,6,58,130,73,18,96,37.8
30036442,5,headache,4,86,136,64,22,94,35.2
30036443,4,shortness of breath,5,84,131,74,19,93,35.9
30036444,3,anxiety,7,94,73,70,13,100,36.8
30036445,3,fall,2,95,133,64,23,100,35.6
30036446,3,knee pain,1,80,119,68,19,97,37.0
30036447,3,headache,7,84,108,108,25,95,37.5
30036448,3,knee pain,0,95,154,74,15,97,38.7
30036449,3,fall,6,102,133,86,21,99,36.1
30036450,3,anxiety,2,93,158,80,26,94,36.5
30036451,3,abdominal pain,0,53,121,57,20,99,36.7
30036452,2,chest pain,8,90,146,106,18,100,37.5
30036453,2,chest pain,9,81,116,93,17,100,36.9
30036454,2,chest pain,9,86,98,91,25,91,36.8
30036455,2,shortness of breath,6,97,112,72,21,100,36.1
30036456,4,abdominal pain,3,82,98,85,20,100,37.5
30036457,3,fall,3,88,134,73,24,99,37.0
30036458,4,back pain,6,89,119,81,17,100,36.8
30036459,3,abdominal pain,4,72,90,92,19,97,36.7
30036460,4,back pain,1,99,108,70,20,97,36.4
30036461,4,back pain,1,55,103,106,27,95,36.9
30036462,2,chest pain,7,68,120,65,24,93,37.3
30036463,5,knee pain,4,95,97,74,19,90,37.9
30036464,4,laceration,6,93,119,72,12,93,36.1
30036465,2,anxiety,10,68,127,30,22,95,37.0
30036466,4,laceration,2,68,127,82,12,100,37.7
30036467,3,abdominal pain,0,65,113,68,25,100,36.7
30036468,2,abdominal pain,9,71,135,77,17,97,38.0
30036469,4,chest pain,1,81,120,68,17,98,37.4
30036470,3,chest pain,7,72,141,99,16,100,37.7
30036471,2,back pain,9,79,139,33,17,97,36.9
30036472,3,anxiety,5,101,152,71,21,98,38.3
30036473,3,anxiety,3,83,128,82,16,100,35.4
30036474,4,laceration,2,86,133,60,15,98,35.7
30036475,4,fall,1,86,119,102,17,96,37.5
30036476,3,back pain,5,76,121,78,21,96,37.9
30036477,3,headache,4,71,133,68,12,95,37.6
30036478,3,fall,0,103,117,54,15,96,37.3
30036479,1,headache,9,63,117,69,23,95,37.0
30036480,3,chest pain,7,103,130,104,16,96,36.2
30036481,4,fever,1,113,97,34,21,100,36.8
30036482,1,laceration,9,95,109,47,18,100,36.8
30036483,1,back pain,7,78,147,85,17,95,36.3
30036484,2,fever,8,85,118,78,17,97,36.7
30036485,3,fall,3,83,126,102,14,96,36.2
30036486,2,fall,6,67,132,69,15,95,38.1
30036487,5,abdominal pain,4,75,126,66,10,97,36.2
30036488,3,knee pain,6,83,123,95,24,100,38.9
30036489,3,back pain,7,60,93,90,20,95,35.9
30036490,3,laceration,6,90,151,68,14,95,38.6
30036491,3,anxiety,1,105,134,87,17,100,36.6
30036492,2,fever,6,77,129,83,19,98,36.6
30036493,2,knee pain,9,74,149,93,13,97,38.3
30036494,4,shortness of breath,5,60,136,107,20,98,36.7
30036495,2,knee pain,10,97,105,74,19,95,36.8
30036496,3,abdominal pain,3,78,141,73,15,93,37.3
30036497,3,fall,6,91,92,95,14,99,38.1
30036498,2,chest pain,10,71,145,41,11,93,37.0
30036499,2,anxiety,6,116,153,74,23,97,37.0
30036500,3,knee pain,5,94,122,71,23,97,36.4
30036501,5,headache,7,86,139,76,18,94,37.9
30036502,2,headache,6,99,109,89,24,97,37.3
30036503,2,chest pain,7,118,131,79,19,97,38.4
30036504,4,anxiety,3,100,131,51,21,100,37.0
30036505,3,laceration,4,99,137,86,23,92,35.7
30036506,3,laceration,3,105,103,77,19,100,37.9
30036507,1,knee pain,10,73,119,70,22,98,37.0
30036508,3,fall,7,80,120,76,21,98,36.7
30036509,3,fever,5,82,107,89,25,99,36.1
30036510,1,laceration,10,91,121,71,22,100,36.6
30036511,2,fall,10,82,105,69,15,96,36.8
30036512,3,chest pain,4,77,110,71,18,99,36.9
30036513,4,abdominal pain,1,84,156,79,15,96,37.4
30036514,3,headache,2,79,152,93,22,100,36.7
30036515,2,knee pain,6,77,170,64,18,100,37.3
30036516,3,chest pain,4,80,106,85,14,95,37.7
30036517,4,headache,0,87,130,81,22,98,35.7
30036518,1,abdominal pain,10,79,100,98,21,95,38.3
30036519,3,anxiety,1,93,154,57,19,98,36.8
30036520,3,back pain,4,98,121,69,19,96,38.6
30036521,4,chest pain,6,81,133,59,17,99,37.3
30036522,2,anxiety,9,90,162,95,14,96,37.8
30036523,3,abdominal pain,2,92,143,115,14,99,37.1
30036524,3,abdominal pain,2,59,125,73,22,96,36.9
30036525,3,shortness of breath,2,80,96,74,14,100,37.4
30036526,3,shortness of breath,5,84,122,70,20,99,37.4
30036527,3,laceration,1,99,169,64,17,97,37.6
30036528,3,knee pain,6,99,131,47,11,97,38.2
30036529,4,laceration,7,94,113,56,19,97,37.7
30036530,3,abdominal pain,2,88,156,71,15,100,36.8
30036531,3,abdominal pain,3,101,118,66,27,99,37.0
30036532,3,anxiety,5,102,87,85,12,97,35.8
30036533,3,knee pain,4,95,98,78,13,94,37.4
30036534,3,knee pain,2,54,139,41,15,95,37.5
30036535,2,abdominal pain,8,80,135,80,19,100,36.8
30036536,3,abdominal pain,6,109,123,72,25,96,36.6
30036537,3,headache,5,71,95,71,16,100,35.7
30036538,3,knee pain,2,80,132,79,19,100,36.8
30036539,1,headache,8,84,123,80,19,95,36.3
30036540,3,chest pain,5,88,147,69,23,98,36.4
30036541,4,shortness of breath,6,58,104,50,16,94,37.2
30036542,3,anxiety,6,97,144,69,22,100,36.9
30036543,4,abdominal pain,6,85,127,85,12,99,38.2
30036544,4,shortness of breath,7,105,129,74,10,95,34.1
30036545,3,knee pain,6,108,127,73,19,99,37.5
30036546,5,fever,0,93,128,100,19,96,37.4
30036547,3,laceration,2,92,127,97,19,95,37.0
30036548,3,headache,3,77,120,92,19,97,36.9
30036549,3,laceration,3,90,117,89,28,95,36.4
30036550,2,laceration,10,80,105,81,21,97,36.7
30036551,3,shortness of breath,7,100,135,81,18,98,37.4
30036552,3,fever,3,95,123,66,16,97,37.6
30036553,3,fall,2,92,125,96,21,100,37.9
30036554,1,laceration,10,99,160,87,19,98,36.9
30036555,2,back pain,8,93,109,84,22,97,35.5
30036556,2,back pain,7,42,123,77,18,94,37.1
30036557,2,shortness of breath,10,80,126,69,12,94,37.6
30036558,3,chest pain,7,121,149,88,20,98,36.5
30036559,4,shortness of breath,1,98,137,79,18,100,37.1
30036560,3,fall,7,75,182,81,18,100,36.3
30036561,3,headache,4,76,97,80,18,100,38.4
30036562,5,fever,1,90,156,97,19,98,37.5
30036563,1,back pain,6,96,146,79,15,98,36.9
30036564,1,knee pain,6,105,123,33,21,100,35.7
30036565,3,chest pain,0,109,89,76,19,93,37.5
30036566,4,fever,4,81,123,79,16,99,37.8
30036567,4,chest pain,1,73,135,54,26,98,36.9
30036568,4,headache,7,104,128,51,16,99,37.8
30036569,2,knee pain,9,83,125,79,10,97,37.0
30036570,2,chest pain,7,85,140,104,19,95,36.5
30036571,4,back pain,7,100,125,75,14,95,34.8
30036572,4,headache,2,86,140,71,15,100,36.9
30036573,3,chest pain,1,72,167,65,18,97,37.5
30036574,3,abdominal pain,6,76,103,84,23,100,37.1
30036575,2,abdominal pain,7,72,91,104,15,99,36.6
30036576,2,headache,9,79,138,103,17,97,37.7
30036577,3,back pain,1,104,99,76,13,94,37.4
30036578,3,knee pain,2,87,146,60,15,99,37.0
30036579,2,chest pain,7,84,99,59,17,100,37.0
30036580,4,knee pain,3,81,154,115,14,96,37.1
30036581,3,fever,5,83,121,96,24,91,37.3
30036582,3,back pain,1,88,141,63,20,93,36.8
30036583,4,chest pain,0,110,104,75,25,100,37.1
30036584,3,back pain,7,87,133,89,14,96,36.5
30036585,3,laceration,5,51,141,72,19,100,36.8
30036586,4,anxiety,7,70,131,66,14,94,36.5
30036587,4,abdominal pain,6,100,138,106,20,95,36.6
30036588,3,headache,6,78,133,102,23,99,37.3
30036589,3,fall,7,108,152,85,16,96,37.1
30036590,4,laceration,2,104,129,110,18,100,37.2
30036591,3,anxiety,1,83,132,78,20,100,36.3
30036592,3,fever,0,102,108,95,13,93,38.0
30036593,3,laceration,7,54,142,92,19,100,37.1
30036594,3,fever,0,81,125,64,19,91,36.1
30036595,4,shortness of breath,1,71,122,104,22,100,36.4
30036596,3,knee pain,1,79,118,85,24,97,37.3
30036597,5,shortness of breath,3,71,154,78,16,99,36.4
30036598,3,anxiety,4,64,107,69,20,95,36.8
30036599,3,fever,7,96,142,78,17,94,38.0
30036600,3,shortness of breath,2,107,147,82,15,97,35.5
30036601,2,back pain,6,99,118,114,13,92,37.2
30036602,1,shortness of breath,8,76,125,77,18,93,37.4
30036603,3,knee pain,4,75,147,62,21,100,38.1
30036604,2,abdominal pain,8,75,131,57,22,97,37.8
30036605,4,anxiety,7,80,125,88,13,99,38.9
30036606,4,chest pain,6,89,109,98,16,99,37.9
30036607,2,fall,7,82,135,84,15,99,36.6
30036608,3,fall,5,60,128,96,17,91,35.2
30036609,4,anxiety,1,92,80,93,22,96,37.6
30036610,3,shortness of breath,5,83,125,109,19,100,37.2
30036611,4,laceration,3,66,141,87,22,95,36.5
30036612,3,shortness of breath,5,80,119,87,22,97,38.0
30036613,3,fever,2,88,115,84,21,97,36.1
30036614,5,knee pain,4,83,108,121,24,97,36.7
30036615,3,fever,0,77,123,93,11,98,38.4
30036616,3,abdominal pain,0,96,116,77,16,100,35.5
30036617,3,chest pain,2,71,133,71,13,100,37.8
30036618,3,laceration,4,105,90,67,20,99,36.0
30036619,3,chest pain,5,65,128,83,21,100,37.4
30036620,2,shortness of breath,6,78,132,71,11,97,37.0
30036621,5,back pain,5,95,125,103,18,99,38.1
30036622,3,knee pain,7,85,112,73,27,96,36.1
30036623,3,knee pain,6,74,138,78,14,97,39.1
30036624,3,shortness of breath,3,90,153,66,13,96,36.8
30036625,2,knee pain,7,81,121,90,16,97,36.2
30036626,3,abdominal pain,3,57,120,77,21,96,36.7
30036627,1,knee pain,7,87,127,82,17,97,36.9
30036628,3,back pain,5,69,129,67,16,95,37.2
30036629,3,anxiety,3,106,119,64,15,99,37.1
30036630,2,fall,9,77,153,80,17,92,37.5
30036631,3,fall,5,70,118,81,18,99,38.1
30036632,2,anxiety,8,80,105,68,16,97,37.7
30036633,3,fever,6,92,140,87,16,93,36.0
30036634,5,fall,5,100,148,50,15,96,38.3
30036635,4,back pain,3,60,121,87,24,96,36.9
30036636,2,back pain,10,79,130,82,18,96,38.4
30036637,2,knee pain,6,85,142,96,25,100,37.5
30036638,3,fever,3,94,84,78,16,96,36.8
30036639,3,fall,7,66,141,104,17,100,37.0
30036640,3,knee pain,1,85,86,81,20,98,37.4
30036641,3,headache,7,77,109,108,18,97,36.2
30036642,3,shortness of breath,6,87,111,74,20,99,37.6
30036643,4,anxiety,6,103,107,100,21,100,37.5
30036644,3,anxiety,5,67,144,51,20,98,36.9
30036645,3,laceration,5,71,122,115,13,100,37.9
30036646,3,back pain,3,63,153,75,26,93,37.2
30036647,3,fever,4,59,167,82,18,99,37.3
30036648,3,abdominal pain,1,91,138,107,21,99,37.1
30036649,3,laceration,0,74,112,98,25,91,37.3
30036650,1,knee pain,10,95,123,78,16,99,36.4
30036651,3,shortness of breath,0,88,111,73,15,100,35.5
30036652,3,abdominal pain,6,87,124,54,20,100,36.5
30036653,3,shortness of breath,0,71,118,86,19,100,36.7
30036654,4,laceration,7,70,166,96,20,98,36.0
30036655,5,laceration,7,102,97,81,25,97,37.2
30036656,3,fall,5,69,137,76,20,97,37.1
30036657,4,fever,4,81,112,71,18,92,36.2
30036658,3,fall,7,85,120,64,18,95,38.7
30036659,3,chest pain,4,85,147,75,15,92,37.2
30036660,2,laceration,9,84,121,88,17,99,35.8
30036661,4,fall,5,73,128,68,20,96,37.0
30036662,1,chest pain,8,61,108,83,24,94,36.2
30036663,2,chest pain,6,110,109,88,19,96,37.5
30036664,5,chest pain,3,79,130,73,17,99,37.3
30036665,4,back pain,7,92,125,37,22,100,36.5
30036666,3,chest pain,4,105,122,74,14,98,37.0
30036667,4,anxiety,3,80,183,111,21,92,36.6
30036668,3,back pain,3,71,151,89,21,99,37.5
30036669,2,chest pain,6,101,125,67,26,94,36.7
30036670,3,shortness of breath,1,95,140,91,18,99,36.7
30036671,2,abdominal pain,6,78,148,83,16,100,37.3
30036672,4,anxiety,5,82,114,62,14,95,37.0
30036673,3,back pain,7,79,149,85,11,98,36.3
30036674,4,back pain,6,97,110,61,15,95,36.5
30036675,1,knee pain,8,81,120,60,16,92,36.7
30036676,3,back pain,0,105,124,77,17,94,36.2
30036677,1,abdominal pain,7,84,123,83,15,98,35.6
30036678,2,fever,10,73,130,58,10,97,37.8
30036679,3,fever,3,91,94,69,21,97,37.9
30036680,3,shortness of breath,4,84,94,86,17,91,36.7
30036681,3,back pain,6,91,143,50,27,100,38.1
30036682,2,shortness of breath,6,80,126,75,20,100,38.0
30036683,2,back pain,9,61,136,78,19,100,37.3
30036684,3,back pain,5,82,109,79,16,100,37.2
30036685,3,back pain,1,78,110,79,17,96,38.2
30036686,3,chest pain,1,75,85,66,20,98,38.0
30036687,3,headache,6,96,117,82,18,96,37.7
30036688,3,chest pain,0,77,142,55,19,95,36.5
30036689,1,anxiety,8,91,129,89,23,97,37.5
30036690,3,shortness of breath,1,79,148,78,12,94,37.6
30036691,3,chest pain,3,103,114,81,22,98,37.5
30036692,3,fever,1,116,116,60,20,97,37.0
30036693,3,shortness of breath,1,95,128,76,16,94,36.7
30036694,3,anxiety,1,112,102,94,15,95,37.1
30036695,3,shortness of breath,2,104,124,55,15,97,36.9
30036696,3,back pain,1,89,91,78,19,99,36.2
30036697,3,back pain,6,89,129,69,14,100,38.0
30036698,3,shortness of breath,2,81,114,63,20,93,36.7
30036699,3,laceration,5,90,81,77,16,98,38.2
30036700,2,knee pain,10,76,116,74,19,100,37.2
30036701,3,headache,1,87,123,101,21,96,37.2
30036702,1,abdominal pain,10,81,129,49,12,96,36.9
30036703,2,shortness of breath,9,64,127,79,21,100,37.0
30036704,4,chest pain,2,83,135,69,22,98,36.4
30036705,4,chest pain,5,76,137,33,20,97,38.0
30036706,3,abdominal pain,0,78,139,83,18,95,37.2
30036707,3,fever,2,99,141,67,14,99,36.1
30036708,4,back pain,2,82,123,47,22,100,37.0
30036709,3,back pain,5,77,122,88,21,94,36.5
30036710,3,anxiety,6,76,146,82,19,100,37.1
30036711,1,shortness of breath,10,82,103,78,15,98,36.3
30036712,3,fall,5,71,97,75,19,96,35.5
30036713,4,fever,0,71,112,85,20,100,37.0
30036714,1,headache,10,47,159,109,19,93,36.8
30036715,3,laceration,2,102,150,114,18,100,36.9
30036716,5,anxiety,4,94,104,92,18,93,37.2
30036717,2,chest pain,10,74,152,114,14,99,36.5
30036718,3,shortness of breath,0,104,147,85,23,96,37.7
30036719,4,fall,4,88,104,79,20,100,37.7
30036720,1,shortness of breath,8,78,110,89,19,93,36.3
30036721,3,laceration,6,71,111,84,12,97,38.0
30036722,2,fever,7,71,133,97,9,95,38.0
30036723,3,abdominal pain,2,122,139,96,15,93,37.9
30036724,2,abdominal pain,7,91,137,98,16,95,36.9
30036725,4,shortness of breath,0,115,132,92,9,95,36.8
30036726,4,anxiety,1,72,114,82,16,99,37.4
30036727,3,back pain,6,88,121,62,18,97,37.5
30036728,4,anxiety,6,81,127,86,19,97,37.8
30036729,4,anxiety,1,71,143,49,14,98,38.1
30036730,3,shortness of breath,1,84,99,95,18,100,37.3
30036731,3,fall,4,125,141,82,15,92,37.2
30036732,3,back pain,4,87,85,83,15,100,37.6
30036733,1,knee pain,9,96,146,78,20,96,38.4
30036734,2,fever,7,82,134,75,15,96,36.7
30036735,5,knee pain,7,72,143,76,17,100,37.6
30036736,1,laceration,10,58,115,86,14,99,37.1
30036737,3,knee pain,7,82,114,67,21,97,36.9
30036738,3,abdominal pain,1,108,121,111,19,100,37.6
30036739,3,headache,5,113,151,84,19,96,36.5
30036740,1,fever,8,87,142,87,22,90,38.0
30036741,3,fever,3,66,112,103,25,99,36.9
30036742,4,headache,6,95,141,70,17,99,37.3
30036743,3,knee pain,6,96,162,87,19,98,37.7
30036744,3,back pain,5,76,144,59,23,99,37.5
30036745,3,abdominal pain,5,83,128,69,14,100,36.8
30036746,4,laceration,2,95,125,88,19,98,37.5
30036747,3,back pain,1,72,147,78,15,98,36.8
30036748,3,anxiety,6,101,146,60,19,99,36.5
30036749,1,laceration,9,78,124,73,17,100,37.9
30036750,4,shortness of breath,3,83,121,110,21,95,36.9
30036751,4,laceration,4,86,132,62,18,96,39.0
30036752,3,anxiety,5,80,131,63,18,92,36.4
30036753,2,fever,7,87,117,72,21,97,36.9
30036754,4,back pain,2,76,117,71,18,99,37.1
30036755,3,anxiety,5,122,107,105,13,99,36.3
30036756,2,anxiety,6,96,115,83,21,100,36.1
30036757,5,fever,1,70,130,71,18,92,36.2
30036758,1,laceration,8,84,102,76,21,99,35.8
30036759,2,fall,7,83,97,80,22,100,37.4
30036760,3,anxiety,2,116,136,85,17,96,36.5
30036761,3,knee pain,1,100,128,84,7,97,36.8
30036762,3,fall,4,80,133,85,17,99,37.3
30036763,3,fever,3,96,112,74,25,98,37.1
30036764,3,chest pain,4,85,125,78,23,98,36.7
30036765,4,shortness of breath,4,104,100,60,20,96,37.1
30036766,3,chest pain,0,78,142,79,19,100,37.0
30036767,3,back pain,7,82,137,79,15,95,38.9
30036768,3,back pain,7,84,118,71,15,99,36.6
30036769,2,shortness of breath,8,69,94,77,17,97,38.0
30036770,3,back pain,2,72,105,75,15,97,36.5
30036771,2,abdominal pain,10,76,122,83,12,100,36.2
30036772,4,shortness of breath,5,98,134,58,21,97,37.2
30036773,3,laceration,7,67,128,78,14,99,36.4
30036774,3,back pain,0,89,112,108,22,98,36.7
30036775,3,fever,1,105,160,88,19,100,37.5
30036776,4,back pain,5,75,117,68,18,97,35.7
30036777,3,fever,2,101,157,80,19,90,37.6
30036778,3,laceration,2,100,145,57,11,99,37.8
30036779,2,fall,8,102,133,39,13,95,38.0
30036780,3,knee pain,3,71,160,74,19,95,35.9
30036781,3,headache,3,66,145,103,24,93,36.9
30036782,3,laceration,0,73,140,83,9,92,37.2
30036783,2,fall,10,84,123,65,21,96,37.6
30036784,3,abdominal pain,0,98,103,75,22,100,37.5
30036785,4,knee pain,4,86,120,83,11,100,37.4
30036786,3,back pain,2,91,116,80,27,99,37.0
30036787,5,back pain,4,86,92,63,20,95,37.9
30036788,3,abdominal pain,4,56,149,62,17,100,38.0
30036789,3,back pain,5,86,138,63,18,99,35.9
30036790,3,fall,5,96,97,65,11,96,35.6
30036791,3,back pain,5,105,141,98,27,100,38.0
30036792,4,abdominal pain,6,77,119,87,22,99,37.1
30036793,3,knee pain,0,103,92,68,25,99,37.3
30036794,3,fever,1,70,83,80,18,100,36.0
30036795,3,shortness of breath,0,104,124,68,20,95,37.5
30036796,3,abdominal pain,0,111,137,58,23,100,35.8
30036797,3,anxiety,3,106,120,98,18,100,35.9
30036798,3,knee pain,0,82,93,75,15,97,36.3
30036799,3,abdominal pain,7,94,103,81,24,92,37.7
30036800,3,abdominal pain,1,87,180,96,20,95,35.8
30036801,4,shortness of breath,2,90,119,92,16,100,35.8
30036802,4,headache,5,102,129,97,18,96,37.2
30036803,3,fall,3,67,140,85,24,98,37.0
30036804,4,shortness of breath,4,69,85,94,15,99,38.2
30036805,1,chest pain,6,81,166,73,23,100,37.0
30036806,1,shortness of breath,7,83,119,78,16,100,36.9
30036807,3,anxiety,3,71,124,60,21,94,37.5
30036808,2,fever,9,78,140,89,18,89,37.7
30036809,2,fever,9,79,131,59,20,97,37.4
30036810,5,laceration,2,109,132,68,27,99,35.8
30036811,3,laceration,0,87,152,76,12,95,37.1
30036812,5,chest pain,2,72,149,87,26,100,37.0
30036813,4,fever,4,85,137,75,23,95,36.6
30036814,1,anxiety,10,114,131,56,17,93,36.5
30036815,3,abdominal pain,3,90,111,78,25,98,36.4
30036816,2,fall,10,89,94,76,15,95,37.0
30036817,3,knee pain,3,106,138,63,14,96,36.1
30036818,3,shortness of breath,6,55,148,76,15,95,38.2
30036819,3,chest pain,7,94,140,101,14,100,38.2
30036820,3,back pain,2,85,103,89,26,100,37.0
30036821,3,laceration,4,113,87,78,24,100,36.0
30036822,3,back pain,7,112,133,72,22,100,37.9
30036823,2,chest pain,9,95,130,81,16,98,38.2
30036824,4,laceration,1,101,162,86,27,98,37.0
30036825,3,headache,5,79,117,87,10,99,36.7
30036826,3,fever,5,99,173,103,9,94,35.3
30036827,3,back pain,6,96,105,102,21,95,35.7
30036828,4,anxiety,0,97,143,59,17,97,34.9
30036829,2,laceration,6,115,138,103,20,96,36.6
30036830,4,shortness of breath,3,78,146,69,22,94,36.9
30036831,3,abdominal pain,4,94,120,65,13,94,36.8
30036832,3,fever,6,98,104,73,11,100,36.6
30036833,3,fall,6,75,151,66,25,93,39.0
30036834,3,shortness of breath,2,83,130,85,13,100,37.9
30036835,3,back pain,4,83,126,100,13,94,37.0
30036836,3,fall,5,80,106,115,24,97,37.6
30036837,3,anxiety,4,60,170,70,16,95,36.6
30036838,3,anxiety,2,100,125,86,17,97,37.3
30036839,4,back pain,2,89,125,84,16,99,36.7
30036840,3,fall,4,91,136,76,24,91,36.6
30036841,2,headache,8,66,141,68,14,94,38.0
30036842,4,fall,7,95,87,100,19,96,37.1
30036843,3,anxiety,6,119,161,98,25,95,37.8
30036844,5,back pain,5,82,134,74,20,97,38.9
30036845,4,chest pain,7,85,118,73,21,98,38.0
30036846,4,back pain,1,77,132,77,13,97,36.2
30036847,4,anxiety,5,97,131,91,12,92,37.4
30036848,3,back pain,6,90,91,76,24,98,35.6
30036849,1,headache,7,83,144,61,20,95,38.1
30036850,3,laceration,7,104,156,77,9,96,36.6
30036851,3,anxiety,1,70,85,72,18,98,37.5
30036852,2,laceration,7,96,125,93,17,95,37.1
30036853,1,headache,6,107,121,74,15,96,36.1
30036854,3,abdominal pain,3,62,141,90,23,99,36.7
30036855,3,laceration,5,74,125,93,20,94,36.7
30036856,3,laceration,0,93,118,61,19,96,37.9
30036857,3,fever,3,85,111,55,15,98,36.6
30036858,2,laceration,8,91,96,80,21,96,36.7
30036859,4,laceration,2,72,100,68,19,99,36.3
30036860,3,anxiety,2,96,107,72,16,100,37.3
30036861,2,headache,9,56,144,103,15,100,36.9
30036862,2,knee pain,6,83,148,101,18,96,37.1
30036863,3,headache,2,72,181,79,14,95,37.0
30036864,4,fever,7,93,120,98,18,94,36.8
30036865,3,laceration,6,85,110,68,14,90,37.7
30036866,4,shortness of breath,0,93,147,46,25,97,36.7
30036867,3,back pain,1,89,134,86,12,96,36.4
30036868,2,fall,10,135,127,95,19,94,36.5
30036869,2,knee pain,8,108,108,74,21,100,36.3
30036870,2,abdominal pain,8,99,127,80,27,93,38.5
30036871,2,fall,7,63,78,79,22,99,37.0
30036872,4,shortness of breath,7,96,119,66,23,94,36.4
30036873,4,shortness of breath,6,94,115,79,18,98,37.5
30036874,3,knee pain,5,59,94,89,23,99,36.1
30036875,4,knee pain,7,84,143,77,13,94,37.5
30036876,3,abdominal pain,4,68,141,92,25,94,36.7
30036877,4,headache,4,71,132,94,21,97,37.2
30036878,4,fever,7,73,134,88,20,98,38.1
30036879,4,chest pain,0,88,122,83,19,94,36.8
30036880,4,back pain,0,89,127,84,8,96,36.8
30036881,2,chest pain,6,91,93,60,22,100,37.4
30036882,1,abdominal pain,9,80,80,105,18,99,36.2
30036883,4,knee pain,1,71,123,92,23,95,37.2
30036884,3,laceration,5,81,115,82,21,96,36.4
30036885,3,laceration,0,86,126,98,15,91,35.8
30036886,2,anxiety,9,110,126,55,18,96,36.2
30036887,3,chest pain,0,99,112,84,18,100,36.9
30036888,3,headache,0,67,134,101,14,99,36.9
30036889,4,fever,6,80,95,103,7,98,36.0
30036890,3,shortness of breath,4,90,111,95,24,92,37.0
30036891,3,laceration,2,101,134,72,22,100,34.3
30036892,1,laceration,9,91,112,79,22,98,36.9
30036893,3,knee pain,6,85,130,76,15,100,36.9
30036894,3,laceration,0,102,116,80,16,98,36.1
30036895,3,anxiety,4,95,92,79,16,100,36.5
30036896,3,back pain,4,95,121,89,16,95,36.5
30036897,5,shortness of breath,0,94,112,79,16,98,37.1
30036898,4,fall,4,86,103,67,15,97,36.5
30036899,2,chest pain,6,81,115,63,21,95,37.3
30036900,5,fever,7,98,109,91,18,98,35.8
30036901,3,laceration,6,75,87,112,18,93,38.2
30036902,4,shortness of breath,4,72,150,80,17,100,38.1
30036903,4,fever,7,100,119,112,19,99,37.5
30036904,1,shortness of breath,8,76,115,73,10,98,37.2
30036905,3,fall,2,72,136,70,19,100,36.4
30036906,3,fever,1,82,137,98,17,96,36.0
30036907,4,chest pain,2,95,156,91,19,100,38.0
30036908,4,knee pain,5,91,120,53,15,99,36.8
30036909,3,abdominal pain,5,85,124,76,18,99,36.6
30036910,4,fever,5,87,132,81,16,100,37.0
30036911,5,anxiety,2,87,160,83,18,97,36.9
30036912,3,fall,4,91,87,43,14,96,37.5
30036913,3,back pain,4,88,146,71,21,99,37.0
30036914,5,laceration,6,91,125,85,21,100,37.3
30036915,4,chest pain,4,102,99,84,24,96,36.9
30036916,3,back pain,6,73,118,58,19,100,37.2
30036917,3,knee pain,0,120,95,62,19,96,37.4
30036918,4,knee pain,1,86,140,56,15,95,38.3
30036919,1,abdominal pain,9,60,133,68,12,96,35.3
30036920,3,back pain,2,85,108,56,23,100,37.0
30036921,3,chest pain,3,73,132,66,12,98,38.9
30036922,2,knee pain,8,49,110,86,12,94,36.9
30036923,3,chest pain,3,66,114,57,22,94,37.3
30036924,3,abdominal pain,7,70,161,72,25,98,36.7
30036925,4,back pain,5,84,145,101,19,95,36.9
30036926,2,fall,10,97,113,76,11,96,38.1
30036927,3,anxiety,4,85,131,96,21,93,38.2
30036928,4,laceration,3,74,123,71,16,96,36.8
30036929,4,back pain,1,100,109,66,16,100,37.3
30036930,3,laceration,2,93,116,74,19,100,38.4
30036931,3,anxiety,4,115,114,82,17,100,37.4
30036932,3,fall,2,89,94,104,25,99,36.0
30036933,3,abdominal pain,3,70,116,83,15,100,36.6
30036934,3,chest pain,6,89,107,81,17,94,37.3
30036935,3,anxiety,2,43,124,81,20,92,37.1
30036936,2,chest pain,7,93,111,99,19,95,36.7
30036937,3,abdominal pain,0,77,70,89,15,95,37.0
30036938,4,headache,7,63,126,99,18,93,37.6
30036939,3,knee pain,4,85,122,56,14,95,37.8
30036940,3,fever,0,87,152,79,20,99,37.2
30036941,3,abdominal pain,3,82,115,77,26,94,36.7
30036942,3,shortness of breath,7,73,96,100,26,96,36.7
30036943,4,knee pain,5,82,94,67,18,100,36.8
30036944,3,knee pain,6,75,112,47,10,96,35.7
30036945,2,fever,10,103,118,86,13,100,38.1
30036946,3,fever,2,95,140,64,10,97,35.7
30036947,3,back pain,3,64,115,63,14,95,34.6
30036948,3,abdominal pain,3,84,122,96,18,98,35.8
30036949,2,anxiety,7,86,128,62,14,100,37.7
30036950,3,anxiety,1,60,127,85,17,100,37.5
30036951,2,fall,7,79,134,73,8,100,36.8
30036952,2,knee pain,6,101,106,88,16,96,37.3
30036953,4,back pain,2,77,126,73,20,98,37.1
30036954,3,laceration,2,80,153,86,17,97,36.9
30036955,2,fever,9,77,145,92,21,94,36.3
30036956,3,anxiety,0,95,144,75,15,93,36.3
30036957,2,back pain,10,119,134,92,7,100,36.3
30036958,4,anxiety,1,96,117,70,13,100,36.1
30036959,4,laceration,5,48,127,97,20,98,37.6
30036960,3,knee pain,3,79,115,86,28,100,37.3
30036961,3,back pain,6,83,141,83,18,98,36.6
30036962,3,back pain,1,83,123,105,17,97,36.7
30036963,3,chest pain,4,78,127,104,23,99,35.5
30036964,3,anxiety,5,114,94,73,14,98,36.2
30036965,3,fever,2,90,112,102,20,100,36.6
30036966,3,knee pain,6,94,128,98,13,96,37.1
30036967,4,knee pain,0,111,144,70,20,93,35.7
30036968,3,fever,1,101,131,53,22,97,37.4
30036969,4,laceration,7,58,154,70,17,96,37.2
30036970,2,shortness of breath,7,98,111,83,17,97,37.5
30036971,5,fever,4,88,132,54,12,96,36.0
30036972,5,shortness of breath,3,81,85,73,15,100,36.8
30036973,3,shortness of breath,0,71,101,61,24,96,36.8
30036974,4,anxiety,3,95,119,81,16,92,36.9
30036975,3,headache,7,88,110,77,12,96,38.2
30036976,2,anxiety,10,73,116,92,9,98,37.4
30036977,3,anxiety,7,81,170,93,2,97,36.8
30036978,3,anxiety,3,86,128,69,18,94,38.3
30036979,4,shortness of breath,6,74,115,81,16,100,36.9
30036980,3,shortness of breath,5,68,152,95,16,100,37.2
30036981,3,chest pain,5,102,103,66,22,97,36.3
30036982,3,chest pain,1,79,133,65,25,99,35.3
30036983,3,chest pain,6,116,112,98,21,93,36.1
30036984,3,laceration,4,82,98,76,23,98,39.1
30036985,2,chest pain,8,89,101,79,14,95,36.8
30036986,3,knee pain,2,110,104,85,11,97,36.8
30036987,1,knee pain,9,94,105,57,18,96,35.9
30036988,3,headache,6,84,107,99,22,94,35.9
30036989,2,back pain,7,88,151,69,21,99,37.8
30036990,3,back pain,5,68,99,72,25,99,38.1
30036991,4,back pain,3,54,96,61,18,91,37.1
30036992,4,fever,6,75,110,74,15,95,37.2
30036993,4,laceration,7,80,124,97,15,97,37.6
30036994,3,fever,4,74,126,69,16,94,38.6
30036995,4,laceration,4,61,106,79,21,92,38.0
30036996,4,fall,2,91,97,93,20,99,36.4
30036997,3,back pain,3,92,160,48,17,95,37.8
30036998,1,fall,10,70,117,81,12,94,38.6
30036999,4,chest pain,2,107,150,92,21,97,36.3
30037000,3,laceration,3,109,157,101,14,96,35.5
30037001,4,chest pain,7,72,127,73,14,94,36.9
30037002,3,headache,5,75,131,66,18,94,37.6
30037003,4,chest pain,4,80,112,81,20,99,35.1
30037004,3,headache,2,104,135,84,25,96,38.3
30037005,4,headache,0,94,129,52,17,98,38.2
30037006,3,headache,5,74,137,73,17,99,35.6
30037007,3,shortness of breath,4,82,144,116,15,98,37.1
30037008,3,back pain,5,96,115,80,23,94,37.7
30037009,3,shortness of breath,4,99,123,118,15,96,36.1
30037010,2,laceration,10,80,123,47,17,96,38.0
30037011,3,shortness of breath,7,72,125,100,19,97,36.9
30037012,3,anxiety,6,102,132,59,17,97,36.9
30037013,2,back pain,6,68,148,70,19,94,37.5
30037014,2,knee pain,6,89,101,82,7,95,37.4
30037015,2,fever,6,95,104,92,22,99,35.7
30037016,3,back pain,1,79,107,74,16,97,37.5
30037017,5,back pain,7,95,159,75,21,91,36.1
30037018,1,fall,8,103,132,54,18,92,37.6
30037019,3,knee pain,5,97,137,75,18,99,35.9
30037020,1,chest pain,10,66,124,50,18,94,35.7
30037021,3,back pain,4,96,135,107,19,98,37.6
30037022,3,headache,6,94,140,100,17,100,37.4
30037023,2,knee pain,7,60,123,88,12,95,35.6
30037024,4,anxiety,1,84,170,69,15,100,34.8
30037025,2,fever,8,82,122,81,10,95,37.1
30037026,3,abdominal pain,3,70,136,73,16,95,37.5
30037027,3,fever,2,73,92,65,15,94,37.6
30037028,3,fever,4,86,123,78,19,95,36.9
30037029,5,knee pain,5,89,140,69,19,95,36.1
30037030,3,fever,4,75,139,51,16,96,36.8
30037031,3,headache,3,73,118,81,14,99,36.9
30037032,2,headache,9,88,129,53,15,96,36.9
30037033,4,abdominal pain,5,94,121,77,19,100,36.3
30037034,2,laceration,8,113,63,94,18,100,36.9
30037035,3,fall,6,78,149,76,21,100,35.6
30037036,3,abdominal pain,6,94,113,97,31,99,37.8
30037037,4,laceration,5,90,136,79,20,96,36.5
30037038,3,chest pain,4,75,104,72,19,91,37.0
30037039,3,fall,7,67,126,88,17,97,36.5
30037040,3,fall,5,87,127,107,21,96,36.7
30037041,3,headache,7,51,140,55,15,97,36.2
30037042,3,laceration,0,92,121,79,24,95,37.1
30037043,4,fever,5,87,144,80,13,100,35.4
30037044,2,fever,9,62,137,101,13,94,37.5
30037045,4,abdominal pain,0,67,174,67,20,96,36.8
30037046,1,knee pain,9,77,132,83,19,95,37.2
30037047,3,laceration,0,61,100,95,19,97,35.9
30037048,2,laceration,10,98,151,85,9,98,36.4
30037049,3,back pain,3,51,148,61,21,98,36.9
30037050,3,shortness of breath,5,83,156,102,18,91,37.2
30037051,3,anxiety,3,60,129,70,24,94,37.6
30037052,3,headache,3,71,140,61,14,96,37.5
30037053,3,knee pain,2,86,116,75,19,93,35.7
30037054,4,anxiety,2,85,136,68,16,100,36.6
30037055,3,fall,5,93,127,60,21,98,37.7
30037056,5,anxiety,4,81,141,70,19,100,36.5
30037057,5,headache,6,82,139,72,18,100,37.0
30037058,4,shortness of breath,4,87,138,91,14,98,37.5
30037059,3,fever,7,93,93,95,19,94,36.6
30037060,2,anxiety,8,56,116,81,18,97,35.9
30037061,2,shortness of breath,8,99,151,59,18,94,37.4
30037062,4,shortness of breath,5,103,123,81,21,96,36.4
30037063,3,anxiety,5,77,141,73,25,93,37.4
30037064,2,fall,7,84,136,106,22,97,36.6
30037065,2,knee pain,8,79,120,42,21,92,38.3
30037066,3,chest pain,0,76,92,82,18,97,37.4
30037067,1,fall,8,99,92,94,20,99,37.1
30037068,3,anxiety,0,86,107,71,16,100,36.4
30037069,3,chest pain,2,107,120,83,17,100,37.8
30037070,4,anxiety,5,75,128,104,14,93,36.6
30037071,3,knee pain,1,99,105,88,24,96,38.2
30037072,3,abdominal pain,2,99,120,87,15,93,38.6
30037073,4,abdominal pain,6,96,114,97,16,91,38.2
30037074,1,knee pain,7,120,116,95,19,95,36.2
30037075,3,shortness of breath,5,79,136,78,19,100,36.7
30037076,2,fall,7,79,101,86,18,92,37.6
30037077,3,knee pain,5,75,141,116,17,95,38.3
30037078,3,laceration,6,75,113,95,21,97,37.6
30037079,3,abdominal pain,3,50,154,79,24,100,37.7
30037080,4,headache,5,74,111,70,21,97,37.4
30037081,4,abdominal pain,2,65,126,55,12,98,36.8
30037082,3,shortness of breath,5,70,118,70,18,97,37.2
30037083,5,headache,5,85,92,76,23,96,37.2
30037084,2,knee pain,9,72,120,77,17,96,37.3
30037085,5,headache,1,95,120,75,15,93,37.1
30037086,3,shortness of breath,0,64,118,75,14,98,36.7
30037087,3,abdominal pain,7,77,113,82,16,97,39.0
30037088,3,anxiety,2,76,139,67,15,98,36.4
30037089,3,abdominal pain,6,73,142,52,9,92,36.2
30037090,3,knee pain,1,95,70,88,13,96,37.2
30037091,2,headache,8,56,128,64,22,97,37.2
30037092,3,knee pain,3,64,131,92,19,98,37.3
30037093,4,back pain,2,91,130,63,17,96,36.1
30037094,2,abdominal pain,8,89,115,72,16,96,37.1
30037095,1,chest pain,7,86,141,70,19,99,37.0
30037096,3,back pain,2,79,91,67,27,97,36.7
30037097,2,anxiety,6,38,105,77,13,97,37.1
30037098,2,headache,9,101,97,93,21,98,37.7
30037099,3,chest pain,1,108,129,89,11,97,36.6
30037100,3,back pain,4,81,150,105,13,99,36.8
30037101,3,shortness of breath,2,99,133,93,11,100,36.7
30037102,2,laceration,7,78,107,97,16,95,37.3
30037103,3,abdominal pain,4,70,118,68,18,100,36.9
30037104,1,back pain,7,100,150,82,14,97,36.6
30037105,3,shortness of breath,6,92,128,96,15,99,36.2
30037106,2,fever,9,98,167,89,19,100,38.3
30037107,1,laceration,6,68,112,76,20,100,36.4
30037108,2,back pain,6,80,155,87,15,96,38.2
30037109,1,back pain,7,76,153,58,19,97,37.8
30037110,3,chest pain,0,99,125,80,21,96,36.3
30037111,3,abdominal pain,5,112,111,62,21,99,36.1
30037112,2,shortness of breath,6,94,113,67,18,92,37.2
30037113,3,abdominal pain,2,90,94,68,19,94,37.3
30037114,4,abdominal pain,5,85,128,74,18,96,37.2
30037115,3,headache,7,96,133,92,22,96,37.5
30037116,4,fall,7,73,72,95,17,97,38.5
30037117,3,laceration,2,72,102,96,17,92,36.7
30037118,3,fall,7,75,126,62,15,96,37.7
30037119,3,fall,0,101,99,98,13,100,36.7
30037120,3,laceration,1,107,159,66,25,97,37.8
30037121,2,laceration,6,84,153,81,22,93,38.0
30037122,3,laceration,2,89,136,52,19,100,37.3
30037123,3,anxiety,3,87,92,56,22,100,38.5
30037124,3,abdominal pain,4,96,163,69,15,100,36.6
30037125,4,back pain,6,97,137,69,17,100,37.8
30037126,3,headache,7,83,123,96,17,96,37.8
30037127,5,fever,6,73,98,99,15,97,37.4
30037128,4,knee pain,7,82,144,89,14,92,36.7
30037129,2,headache,6,89,147,68,24,99,37.9
30037130,3,fall,6,93,147,93,14,97,36.3
30037131,2,anxiety,7,114,94,81,10,98,36.5
30037132,3,headache,6,88,130,88,17,97,38.6
30037133,4,shortness of breath,0,60,136,70,20,99,36.4
30037134,3,abdominal pain,5,108,150,66,15,100,36.5
30037135,4,fever,4,48,132,91,26,94,37.5
30037136,3,chest pain,5,76,167,102,22,95,36.6
30037137,3,chest pain,5,80,170,76,23,96,38.2
30037138,2,laceration,6,86,98,69,18,98,37.2
30037139,2,abdominal pain,7,74,125,84,20,100,37.3
30037140,4,knee pain,7,81,132,69,15,97,36.5
30037141,4,laceration,0,82,119,88,13,93,37.1
30037142,3,knee pain,1,87,150,90,27,97,37.3
30037143,3,back pain,4,75,146,82,22,96,36.8
30037144,2,abdominal pain,8,61,131,99,15,93,37.7
30037145,1,abdominal pain,6,94,136,109,15,100,36.5
30037146,3,chest pain,0,62,113,87,18,97,36.8
30037147,4,anxiety,2,77,92,92,12,98,36.2
30037148,4,anxiety,1,100,152,83,22,94,36.9
30037149,3,headache,7,86,142,71,18,98,36.9
30037150,3,abdominal pain,5,88,126,69,16,94,36.7
30037151,2,chest pain,10,104,137,92,14,96,35.5
30037152,3,fever,0,110,94,86,23,99,36.8
30037153,1,laceration,8,78,122,107,12,93,36.8
30037154,2,fall,6,101,121,83,19,93,36.7
30037155,3,fall,7,77,111,110,17,100,36.9
30037156,3,chest pain,5,91,135,107,22,98,37.2
30037157,4,headache,0,86,95,68,18,100,36.8
30037158,5,headache,2,93,120,74,15,98,38.1
30037159,3,laceration,7,111,114,81,14,93,36.7
30037160,5,chest pain,4,73,130,61,20,98,36.6
30037161,3,shortness of breath,7,103,103,91,16,96,37.4
30037162,5,laceration,5,78,140,71,21,95,37.5
30037163,4,laceration,7,81,125,76,18,97,37.1
30037164,3,anxiety,5,83,136,67,18,96,36.9
30037165,4,laceration,1,68,114,79,12,92,36.6
30037166,3,anxiety,2,65,108,72,17,100,37.7
30037167,2,laceration,9,94,127,88,21,95,38.0
30037168,3,chest pain,7,96,108,68,16,93,37.4
30037169,3,headache,7,97,113,106,19,94,38.4
30037170,3,shortness of breath,3,72,133,78,18,96,37.1
30037171,4,fever,4,80,135,67,21,94,37.8
30037172,4,knee pain,7,64,150,78,21,88,37.7
30037173,5,abdominal pain,2,68,109,92,26,97,36.1
30037174,4,laceration,1,78,130,73,11,97,36.9
30037175,4,shortness of breath,1,86,160,88,22,97,37.9
30037176,2,fever,7,75,125,79,11,95,36.4
30037177,3,shortness of breath,4,74,133,82,17,97,36.1
30037178,3,anxiety,2,92,126,58,16,96,36.1
30037179,4,abdominal pain,0,96,147,60,15,100,37.3
30037180,3,abdominal pain,1,106,111,49,21,98,36.7
30037181,3,abdominal pain,2,77,113,69,22,100,36.9
30037182,3,back pain,5,68,125,90,14,95,36.6
30037183,2,headache,9,94,107,62,23,96,36.7
30037184,3,headache,5,76,93,88,20,96,36.6
30037185,3,chest pain,7,99,109,103,20,96,37.6
30037186,2,back pain,10,99,88,85,19,100,35.9
30037187,3,back pain,4,90,100,65,21,94,36.9
30037188,3,fever,2,67,137,85,24,100,36.7
30037189,5,chest pain,5,73,133,77,10,100,36.1
30037190,4,shortness of breath,5,57,117,91,14,100,36.3
30037191,4,headache,0,69,117,65,19,99,38.2
30037192,3,shortness of breath,2,105,115,85,13,100,37.5
30037193,2,chest pain,6,83,132,77,21,94,36.1
30037194,3,laceration,2,113,135,68,16,92,37.1
30037195,3,fall,0,87,114,87,28,100,37.3
30037196,3,fever,5,83,157,67,25,97,36.0
30037197,4,knee pain,6,92,138,99,19,95,37.2
30037198,1,abdominal pain,9,70,113,88,24,100,37.9
30037199,3,shortness of breath,2,94,103,70,23,95,38.5
30037200,3,fall,0,92,130,84,18,100,37.0
30037201,3,shortness of breath,7,70,65,99,27,99,36.6
30037202,3,knee pain,5,93,132,56,19,96,36.8
30037203,2,anxiety,7,69,154,92,16,94,37.5
30037204,3,laceration,2,76,121,90,15,99,37.2
30037205,3,knee pain,5,69,132,66,17,93,36.2
30037206,3,shortness of breath,2,74,167,104,20,94,36.5
30037207,3,abdominal pain,1,99,59,59,21,93,36.8
30037208,3,knee pain,1,87,145,77,20,96,36.0
30037209,3,fever,5,96,163,51,17,96,35.0
30037210,3,knee pain,3,76,110,88,11,99,38.2
30037211,3,headache,5,101,137,96,18,96,36.1
30037212,1,abdominal pain,7,79,106,67,20,95,37.2
30037213,2,knee pain,9,117,112,101,24,97,37.8
30037214,4,anxiety,1,97,106,88,23,99,37.3
30037215,3,fall,7,55,148,55,21,100,36.5
30037216,3,knee pain,4,99,104,105,13,96,37.7
30037217,3,anxiety,6,65,115,74,14,91,37.6
30037218,4,abdominal pain,0,91,165,100,17,98,37.1
30037219,3,laceration,7,97,107,72,18,99,36.6
30037220,4,fall,7,84,141,81,14,97,37.0
30037221,3,laceration,5,74,134,93,16,96,36.3
30037222,2,chest pain,10,108,132,53,22,93,37.4
30037223,2,abdominal pain,9,97,143,91,16,97,36.4
30037224,4,anxiety,7,90,175,81,22,100,36.9
30037225,4,fever,6,92,151,87,19,99,35.7
30037226,1,headache,6,94,103,78,28,98,37.0
30037227,4,shortness of breath,0,102,145,95,18,95,38.6
30037228,2,fever,7,85,115,76,14,98,35.8
30037229,3,chest pain,1,101,128,93,8,100,38.0
30037230,3,fall,1,98,107,85,17,93,37.4
30037231,4,headache,0,97,115,67,23,97,35.8
30037232,3,laceration,5,90,117,73,16,97,38.1
30037233,3,shortness of breath,6,99,138,91,14,100,36.9
30037234,3,fever,1,82,122,102,10,99,37.2
30037235,3,anxiety,4,87,115,83,13,100,36.9
30037236,2,back pain,6,83,115,90,18,99,38.4
30037237,3,abdominal pain,7,119,138,64,23,95,35.5
30037238,3,headache,6,100,113,74,14,95,37.5
30037239,4,knee pain,5,92,164,91,17,100,37.9
30037240,3,knee pain,7,95,135,85,16,98,36.5
30037241,3,abdominal pain,2,78,136,84,19,94,36.8
30037242,3,chest pain,4,82,145,76,22,100,36.7
30037243,3,back pain,4,81,96,76,17,93,36.8
30037244,4,shortness of breath,3,113,113,73,17,100,36.0
30037245,4,headache,0,116,131,79,18,98,37.9
30037246,3,back pain,5,112,134,46,22,92,36.7
30037247,2,abdominal pain,9,66,121,90,22,91,36.4
30037248,3,back pain,4,65,133,56,13,98,36.3
30037249,3,shortness of breath,1,92,111,71,24,100,37.8
30037250,2,back pain,8,70,113,63,23,96,37.6
30037251,3,anxiety,5,78,111,81,12,96,37.5
30037252,3,chest pain,7,80,130,95,8,97,37.1
30037253,3,chest pain,3,86,126,88,9,97,37.6
30037254,2,back pain,6,87,92,86,16,98,35.6
30037255,2,anxiety,6,103,94,94,21,95,37.0
30037256,3,chest pain,5,92,124,90,24,100,36.5
30037257,3,headache,7,66,112,81,14,100,38.0
30037258,5,back pain,2,99,151,62,19,93,36.5
30037259,3,anxiety,0,84,149,53,16,100,38.4
30037260,2,fall,6,91,122,85,19,96,36.7
30037261,3,headache,1,69,129,69,22,92,36.6
30037262,2,back pain,10,75,105,51,16,96,37.0
30037263,2,anxiety,7,85,142,75,12,98,37.5
30037264,4,anxiety,1,95,129,95,15,91,36.2
30037265,2,fever,7,79,128,59,17,97,36.4
30037266,3,fall,7,83,146,116,22,91,36.9
30037267,3,fever,0,79,165,104,19,99,36.5
30037268,3,anxiety,6,76,132,62,16,94,37.7
30037269,3,abdominal pain,5,86,130,64,22,92,37.7
30037270,2,headache,6,91,157,84,19,91,37.3
30037271,3,knee pain,0,101,147,106,21,94,37.7
30037272,3,fall,7,77,141,60,18,100,36.6
30037273,3,laceration,4,76,140,58,17,96,36.3
30037274,3,back pain,1,78,97,80,23,100,36.6
30037275,3,chest pain,7,81,118,66,20,96,36.5
30037276,3,headache,0,85,138,23,15,99,36.2
30037277,2,knee pain,8,69,109,80,20,98,37.9
30037278,1,back pain,6,81,182,68,9,95,36.0
30037279,2,knee pain,8,81,93,65,24,97,36.7
30037280,5,fever,7,62,110,89,23,98,35.8
30037281,4,abdominal pain,2,90,160,70,21,95,36.0
30037282,3,fall,6,83,137,98,24,97,35.3
30037283,5,fever,2,85,125,82,13,95,35.6
30037284,4,laceration,3,105,135,101,24,100,36.6
30037285,5,chest pain,7,78,111,85,23,100,35.7
30037286,3,back pain,0,83,136,85,19,93,36.1
30037287,5,chest pain,1,83,139,97,23,91,36.7
30037288,5,fever,7,84,129,68,8,100,35.8
30037289,4,shortness of breath,0,95,128,50,13,100,35.9
30037290,2,knee pain,9,77,98,92,21,96,36.4
30037291,3,back pain,7,97,125,73,18,93,38.1
30037292,3,headache,5,71,138,112,24,94,37.2
30037293,3,back pain,0,68,133,88,21,100,36.7
30037294,3,laceration,4,104,153,68,20,94,38.4
30037295,3,fever,0,71,125,91,20,98,36.5
30037296,3,anxiety,1,87,106,84,16,98,36.9
30037297,3,shortness of breath,4,77,150,84,22,99,37.0
30037298,1,fever,10,88,157,72,14,95,36.7
30037299,3,laceration,0,93,157,70,15,94,37.5
30037300,3,shortness of breath,5,75,128,59,22,100,36.5
30037301,2,chest pain,10,84,96,100,16,100,36.6
30037302,5,fever,3,104,125,71,17,99,37.6
30037303,2,back pain,7,83,114,46,24,95,36.9
30037304,3,anxiety,0,104,152,95,18,91,37.7
30037305,4,back pain,7,104,145,69,21,94,35.6
30037306,4,knee pain,1,73,86,69,17,97,38.1
30037307,3,chest pain,3,67,118,86,12,95,36.0
30037308,4,headache,7,80,157,85,21,96,36.1
30037309,3,abdominal pain,7,93,114,50,9,97,37.8
30037310,2,knee pain,6,74,166,93,24,96,37.5
30037311,3,abdominal pain,6,57,124,78,15,97,36.8
30037312,3,anxiety,3,76,119,96,22,98,36.2
30037313,2,back pain,6,86,110,97,20,94,36.4
30037314,4,anxiety,3,98,96,86,12,90,36.0
30037315,3,abdominal pain,3,84,118,82,17,94,37.1
30037316,3,shortness of breath,1,72,137,106,17,96,36.7
30037317,3,laceration,7,90,136,81,18,100,35.9
30037318,5,shortness of breath,5,92,140,78,15,97,36.6
30037319,4,chest pain,6,70,160,71,13,100,37.8
30037320,2,fever,8,87,97,73,22,93,35.4
30037321,3,fall,4,86,131,56,14,95,36.4
30037322,3,laceration,2,106,156,83,13,94,36.7
30037323,3,back pain,3,72,95,76,25,96,35.9
30037324,3,fever,4,90,125,85,16,100,35.9
30037325,1,fever,9,99,97,117,22,97,36.3
30037326,3,abdominal pain,5,81,155,66,22,95,36.5
30037327,3,knee pain,0,89,139,61,20,95,36.3
30037328,2,chest pain,6,99,130,87,19,96,37.3
30037329,4,headache,1,80,150,86,24,96,37.0
30037330,3,headache,1,87,126,112,25,99,36.6
30037331,4,shortness of breath,5,87,133,81,19,99,34.8
30037332,3,fever,0,104,115,111,18,92,37.9
30037333,4,fever,3,110,101,89,20,98,36.1
30037334,1,abdominal pain,10,59,150,99,24,97,37.4
30037335,3,fall,7,82,144,128,19,98,36.6
30037336,2,back pain,9,81,100,65,15,94,36.3
30037337,3,back pain,0,95,140,69,17,93,37.8
30037338,3,knee pain,2,86,169,103,16,99,37.4
30037339,2,back pain,9,81,91,88,18,97,38.2
30037340,3,abdominal pain,6,86,103,100,19,97,36.6
30037341,2,fever,10,61,100,80,22,98,35.8
30037342,4,anxiety,1,64,108,94,15,94,37.8
30037343,3,knee pain,3,103,149,83,15,97,36.3
30037344,3,back pain,6,80,112,99,17,98,36.0
30037345,3,fall,5,79,132,96,22,100,37.5
30037346,5,headache,5,109,143,72,21,99,35.7
30037347,3,shortness of breath,7,87,130,86,15,98,37.4
30037348,2,anxiety,8,97,147,64,15,99,36.4
30037349,3,headache,6,59,117,87,17,96,37.9
30037350,2,fall,6,63,102,65,15,96,36.0
30037351,3,knee pain,7,83,130,98,18,100,36.7
30037352,4,abdominal pain,1,99,152,64,15,99,35.4
30037353,3,shortness of breath,4,86,115,103,20,95,37.4
30037354,5,headache,5,86,163,125,22,99,36.6
30037355,3,chest pain,4,96,152,70,21,91,36.6
30037356,3,back pain,0,91,121,82,21,93,36.4
30037357,3,abdominal pain,7,74,133,86,24,99,37.7
30037358,3,knee pain,5,70,140,78,23,100,37.3
30037359,1,fever,6,87,118,49,17,93,35.5
30037360,1,abdominal pain,7,88,105,97,15,98,37.2
30037361,3,knee pain,4,73,152,73,14,89,38.8
30037362,2,fall,8,104,103,75,20,97,37.2
30037363,3,chest pain,5,96,125,76,12,93,37.6
30037364,3,shortness of breath,3,109,128,79,23,95,36.3
30037365,4,headache,6,87,127,77,15,95,37.0
30037366,2,chest pain,6,79,111,72,19,91,35.9
30037367,3,laceration,0,74,94,66,13,98,37.5
30037368,3,chest pain,3,87,126,69,12,100,38.1
30037369,4,abdominal pain,6,69,112,68,18,97,36.7
30037370,3,knee pain,7,63,142,50,16,89,36.8
30037371,2,knee pain,8,51,100,96,15,95,36.5
30037372,4,anxiety,4,77,134,98,24,99,35.8
30037373,3,abdominal pain,2,103,125,65,15,90,35.2
30037374,4,headache,1,105,108,76,13,93,37.2
30037375,3,anxiety,0,101,145,86,10,100,37.1
30037376,2,laceration,6,106,135,93,16,99,36.3
30037377,4,back pain,1,64,143,100,20,98,37.3
30037378,4,abdominal pain,6,69,108,68,14,92,37.8
30037379,3,fever,3,72,122,107,20,98,36.6
30037380,3,abdominal pain,3,89,151,78,18,96,36.1
30037381,2,anxiety,8,114,121,100,11,100,39.0
30037382,3,fall,6,84,128,62,18,100,38.1
30037383,3,anxiety,4,90,128,56,19,100,37.0
30037384,2,knee pain,9,69,131,78,21,94,36.6
30037385,3,laceration,7,65,109,83,14,94,36.8
30037386,3,knee pain,2,80,98,89,12,100,37.2
30037387,2,fever,8,70,153,85,22,94,37.2
30037388,3,fever,3,78,131,86,21,96,37.2
30037389,3,back pain,3,97,82,81,23,97,37.2
30037390,2,chest pain,10,110,118,73,21,95,36.2
30037391,3,fever,6,78,146,78,16,95,37.9
30037392,3,back pain,7,69,161,72,5,98,36.8
30037393,2,headache,6,88,142,72,24,96,36.0
30037394,4,abdominal pain,2,75,118,102,15,98,37.9
30037395,2,back pain,8,79,105,83,18,98,37.9
30037396,2,back pain,8,72,137,70,18,94,36.7
30037397,3,back pain,3,101,95,91,17,100,35.7
30037398,3,abdominal pain,5,81,117,99,18,97,36.4
30037399,2,knee pain,8,62,141,62,21,97,36.1
30037400,1,fall,9,96,151,98,21,99,38.2
30037401,3,laceration,0,78,97,45,20,100,38.4
30037402,3,abdominal pain,1,85,133,67,16,97,36.3
30037403,3,fall,4,71,121,88,16,95,37.6
30037404,2,knee pain,9,103,133,82,24,97,37.7
30037405,3,shortness of breath,4,79,157,77,14,97,36.5
30037406,3,shortness of breath,3,76,125,65,12,98,36.8
30037407,3,fever,7,95,97,99,24,96,38.3
30037408,3,fall,4,96,137,39,21,91,36.8
30037409,2,abdominal pain,6,53,123,73,21,100,38.0
30037410,2,chest pain,6,87,113,78,23,95,38.7
30037411,3,back pain,6,112,114,82,16,100,37.1
30037412,3,abdominal pain,7,71,121,81,20,91,37.0
30037413,3,laceration,2,89,145,77,18,96,36.2
30037414,2,back pain,7,79,102,49,19,94,37.0
30037415,4,chest pain,0,87,105,73,15,97,36.6
30037416,3,abdominal pain,3,69,97,88,20,96,37.4
30037417,4,headache,5,69,87,81,17,99,36.6
30037418,2,headache,9,88,124,83,13,100,36.9
30037419,2,laceration,8,87,146,74,24,99,36.1
30037420,3,shortness of breath,6,88,97,78,18,95,37.3
30037421,3,fall,3,93,137,86,17,99,36.5
30037422,3,shortness of breath,0,83,114,71,12,100,35.6
30037423,4,knee pain,7,123,137,73,22,100,36.3
30037424,2,shortness of breath,8,92,161,78,16,95,36.5
30037425,4,headache,6,104,116,86,14,94,38.3
30037426,1,headache,6,90,142,67,15,94,36.0
30037427,1,fever,7,74,92,69,12,97,37.4
30037428,3,anxiety,7,88,115,63,16,99,36.3
30037429,3,fever,5,95,125,63,22,98,37.1
30037430,2,knee pain,7,106,140,69,13,96,36.4
30037431,4,chest pain,4,126,136,102,22,99,36.8
30037432,3,back pain,0,112,135,57,23,97,37.3
30037433,4,fall,0,72,105,91,20,99,37.8
30037434,3,abdominal pain,1,88,84,92,18,95,36.8
30037435,2,anxiety,8,114,88,81,17,100,36.3
30037436,2,chest pain,8,54,86,76,19,100,38.1
30037437,4,shortness of breath,4,86,140,60,15,100,35.6
30037438,4,back pain,1,65,108,102,24,100,35.8
30037439,3,fall,2,76,131,71,18,96,36.8
30037440,3,headache,5,61,126,75,20,97,37.0
30037441,3,shortness of breath,7,75,131,79,14,99,38.2
30037442,3,fall,0,107,121,87,26,99,36.8
30037443,2,anxiety,8,76,111,79,25,99,38.7
30037444,3,abdominal pain,1,87,188,98,15,93,34.8
30037445,3,headache,1,105,173,73,11,96,38.2
30037446,3,headache,0,88,145,113,16,97,36.1
30037447,3,laceration,1,79,110,81,20,96,37.2
30037448,4,anxiety,4,93,134,85,14,96,37.2
30037449,2,laceration,8,112,114,101,14,96,35.7
30037450,4,shortness of breath,0,93,144,88,14,100,36.8
30037451,3,fall,0,70,117,76,11,96,38.5
30037452,3,back pain,0,96,119,68,10,100,36.1
30037453,4,abdominal pain,3,89,124,69,14,93,37.4
30037454,1,knee pain,8,85,121,82,16,95,38.5
30037455,3,abdominal pain,1,122,138,80,20,96,38.0
30037456,4,anxiety,2,98,137,48,10,98,38.6
30037457,3,shortness of breath,3,77,109,89,20,98,36.3
30037458,3,knee pain,5,84,160,78,18,100,36.5
30037459,3,back pain,0,77,130,50,22,99,37.8
30037460,3,fever,2,95,112,77,14,97,36.3
30037461,3,headache,2,92,150,79,23,100,36.3
30037462,3,abdominal pain,5,73,135,113,12,100,35.8
30037463,3,knee pain,4,81,130,74,20,99,37.2
30037464,5,shortness of breath,1,123,138,50,16,96,36.1
30037465,3,chest pain,4,82,140,57,13,97,39.0
30037466,3,fever,0,94,149,99,16,99,37.2
30037467,2,knee pain,9,91,122,121,18,100,36.5
30037468,2,fever,7,78,157,48,14,98,36.5
30037469,4,headache,6,95,127,83,18,95,37.1
30037470,3,fever,1,90,104,81,22,96,36.6
30037471,3,laceration,2,59,138,78,21,95,37.5
30037472,3,laceration,5,92,138,105,18,98,36.2
30037473,3,fall,2,89,116,79,18,99,38.2
30037474,4,fever,5,58,108,75,16,100,35.9
30037475,3,shortness of breath,7,95,91,95,21,92,37.4
30037476,3,headache,1,120,105,97,11,95,35.1
30037477,3,knee pain,4,57,125,81,10,92,36.8
30037478,3,abdominal pain,7,90,154,76,22,96,37.1
30037479,4,laceration,2,78,101,69,9,100,37.6
30037480,5,fever,5,89,111,33,9,100,37.6
30037481,3,fever,0,89,148,49,22,95,38.7
30037482,3,knee pain,4,84,136,88,14,96,36.7
30037483,2,knee pain,6,95,155,76,13,94,37.1
30037484,3,abdominal pain,2,77,149,73,15,97,36.5
30037485,3,headache,0,113,138,62,19,98,35.9
30037486,3,chest pain,3,75,150,82,17,90,38.8
30037487,4,laceration,2,82,139,70,17,94,38.1
30037488,3,shortness of breath,7,86,132,103,23,98,37.8
30037489,4,laceration,0,87,88,70,20,96,36.9
30037490,5,laceration,5,78,127,76,13,100,37.8
30037491,3,headache,2,81,163,84,17,99,36.1
30037492,3,shortness of breath,3,85,143,82,18,98,35.8
30037493,1,abdominal pain,10,83,120,90,17,100,37.3
30037494,4,anxiety,5,80,97,70,19,94,36.6
30037495,3,anxiety,7,83,95,73,22,97,37.5
30037496,4,anxiety,5,88,132,79,17,100,37.2
30037497,4,abdominal pain,4,95,169,46,20,91,36.9
30037498,2,knee pain,9,109,128,85,17,98,36.6
30037499,4,chest pain,7,84,153,95,23,96,37.1
30037500,3,anxiety,2,75,145,102,18,94,37.9
30037501,4,shortness of breath,1,114,100,67,20,96,36.9
30037502,3,anxiety,5,80,132,85,14,100,37.3
30037503,3,abdominal pain,0,47,120,100,29,100,37.1
30037504,3,back pain,5,80,125,69,16,96,37.0
30037505,3,chest pain,4,98,130,67,19,99,35.9
30037506,3,anxiety,7,78,121,88,18,96,36.7
30037507,3,fall,2,88,121,65,21,98,36.4
30037508,3,chest pain,2,119,134,84,15,100,36.9
30037509,3,headache,7,82,133,105,21,100,36.4
30037510,4,laceration,0,92,146,73,23,96,35.8
30037511,3,headache,2,67,161,73,22,100,36.1
30037512,4,fever,3,79,143,73,17,99,36.5
30037513,4,shortness of breath,2,121,159,109,25,99,37.1
30037514,4,fever,7,83,135,65,13,100,35.8
30037515,2,anxiety,9,89,147,41,19,95,36.9
30037516,3,anxiety,6,97,86,76,13,97,37.1
30037517,4,headache,4,90,141,85,18,98,37.4
30037518,4,shortness of breath,1,98,138,85,13,100,39.0
30037519,4,headache,4,69,127,71,17,93,36.4
30037520,4,laceration,0,82,141,90,18,100,35.3
30037521,3,fever,3,90,89,97,22,94,36.1
30037522,3,back pain,0,102,132,75,19,90,37.2
30037523,3,headache,2,97,89,81,24,97,38.3
30037524,5,shortness of breath,0,89,135,111,12,92,36.1
30037525,4,fever,4,72,157,82,16,96,37.0
30037526,1,chest pain,9,62,122,42,17,98,35.7
30037527,3,fever,7,83,115,64,23,95,37.7
30037528,4,chest pain,4,93,126,103,15,99,35.6
30037529,4,shortness of breath,6,58,161,71,12,98,36.7
30037530,3,headache,0,66,138,71,23,98,37.8
30037531,3,back pain,4,61,135,68,22,98,37.1
30037532,3,shortness of breath,1,99,97,67,15,98,36.9
30037533,3,back pain,3,95,112,75,25,100,36.4
30037534,4,anxiety,0,111,135,112,17,99,38.2
30037535,4,chest pain,6,62,161,90,14,100,37.1
30037536,3,knee pain,2,87,114,97,15,88,38.4
30037537,4,laceration,1,71,151,65,17,100,39.5
30037538,5,knee pain,1,116,161,49,14,91,37.6
30037539,2,headache,9,67,123,88,19,99,36.6
30037540,1,fall,9,77,144,60,20,99,37.4
30037541,3,anxiety,0,102,128,80,19,100,36.5
30037542,3,back pain,4,64,149,75,20,93,37.0
30037543,5,shortness of breath,0,70,152,90,24,97,37.2
30037544,2,fall,6,72,103,75,22,97,36.6
30037545,5,fall,2,89,102,73,21,90,36.0
30037546,5,knee pain,1,74,88,95,17,92,36.8
30037547,1,fever,8,80,148,73,26,91,36.3
30037548,3,chest pain,0,101,121,80,19,93,36.5
30037549,2,anxiety,7,98,100,81,20,95,36.6
30037550,3,abdominal pain,0,76,152,106,19,96,36.0
30037551,3,headache,4,76,99,64,11,98,38.3
30037552,3,anxiety,4,99,138,103,21,97,36.3
30037553,3,abdominal pain,6,105,127,60,17,98,36.9
30037554,2,laceration,7,92,81,93,21,99,36.3
30037555,3,shortness of breath,0,91,103,67,23,96,35.9
30037556,3,chest pain,1,87,132,77,21,97,37.9
30037557,3,knee pain,6,102,125,117,17,95,37.8
30037558,3,knee pain,5,77,125,63,21,100,36.2
30037559,3,anxiety,0,102,139,75,22,97,38.0
30037560,3,back pain,3,110,151,77,19,97,36.0
30037561,1,anxiety,6,105,128,95,14,93,36.6
30037562,2,shortness of breath,8,81,115,91,17,98,36.2
30037563,5,fever,5,93,139,96,16,99,36.2
30037564,1,abdominal pain,10,102,127,78,17,100,36.5
30037565,3,laceration,4,70,152,70,16,100,36.6
30037566,3,anxiety,1,101,131,66,15,97,38.1
30037567,3,back pain,2,96,125,39,14,100,35.7
30037568,2,headache,6,76,135,81,21,97,36.4
30037569,2,laceration,8,76,109,68,16,99,37.1
30037570,3,headache,3,75,136,89,16,100,36.5
30037571,5,back pain,3,67,120,74,13,97,37.7
30037572,3,anxiety,3,85,117,96,24,95,38.0
30037573,4,laceration,4,68,142,73,12,98,36.2
30037574,3,back pain,3,93,161,50,15,95,35.8
30037575,4,shortness of breath,2,93,98,92,17,98,38.1
30037576,5,anxiety,3,117,117,70,16,92,37.2
30037577,3,headache,6,76,135,88,19,92,38.1
30037578,2,fall,7,91,125,88,17,93,36.0
30037579,3,knee pain,2,81,104,76,12,99,37.1
30037580,3,back pain,3,96,138,104,22,97,36.3
30037581,1,headache,7,98,154,88,12,97,37.3
30037582,3,chest pain,6,77,135,92,21,97,37.1
30037583,3,back pain,1,60,151,105,12,100,37.5
30037584,3,headache,2,111,106,58,17,100,36.8
30037585,3,knee pain,6,90,99,74,25,94,36.9
30037586,3,anxiety,2,83,94,54,23,98,37.4
30037587,3,fall,1,100,105,74,20,93,37.8
30037588,2,fall,6,79,159,75,14,96,35.6
30037589,3,laceration,7,68,91,98,20,100,36.7
30037590,3,anxiety,2,108,131,65,26,96,38.1
30037591,3,fall,7,99,104,68,15,99,38.5
30037592,3,anxiety,1,84,119,76,18,97,35.0
30037593,3,knee pain,5,96,152,58,22,100,38.0
30037594,2,back pain,10,104,138,103,20,93,36.5
30037595,3,knee pain,2,64,154,93,16,97,37.8
30037596,5,abdominal pain,4,84,149,69,13,98,36.9
30037597,3,laceration,3,88,126,69,11,97,36.7
30037598,3,anxiety,4,97,93,49,19,98,37.3
30037599,3,knee pain,2,79,115,105,13,89,36.5
30037600,4,knee pain,0,107,133,92,14,100,36.0
30037601,1,knee pain,9,83,135,62,21,100,36.7
30037602,4,back pain,6,105,130,80,16,100,38.0
30037603,1,anxiety,8,61,109,50,15,100,35.7
30037604,2,fall,10,97,97,57,10,95,36.3
30037605,4,fall,1,90,112,86,16,95,36.3
30037606,4,fall,2,74,178,72,16,97,36.8
30037607,4,knee pain,6,56,121,54,25,96,35.6
30037608,3,chest pain,1,87,136,86,25,98,37.0
30037609,3,abdominal pain,0,101,132,76,19,96,37.2
30037610,5,laceration,6,79,90,91,14,98,37.5
30037611,3,laceration,5,91,169,77,20,96,36.0
30037612,2,laceration,9,95,137,102,16,97,37.4
30037613,3,chest pain,1,65,153,56,18,99,36.7
30037614,2,knee pain,10,103,106,106,23,93,36.9
30037615,3,shortness of breath,7,91,96,77,22,100,36.8
30037616,3,abdominal pain,4,108,116,97,10,100,35.6
30037617,1,shortness of breath,6,93,128,80,16,93,37.8
30037618,4,headache,7,80,124,74,15,100,37.2
30037619,4,laceration,4,102,129,64,12,98,36.2
30037620,3,laceration,1,98,118,79,16,97,37.2
30037621,1,headache,8,83,168,50,19,97,37.2
30037622,4,headache,0,126,124,100,17,93,36.8
30037623,3,knee pain,2,74,126,95,20,96,38.2
30037624,5,anxiety,7,63,108,111,19,93,36.2
30037625,4,shortness of breath,3,110,127,86,19,96,36.7
30037626,3,fall,5,69,93,100,13,97,37.3
30037627,3,fall,6,119,107,72,16,98,34.8
30037628,3,headache,7,100,105,88,24,93,37.3
30037629,4,chest pain,0,43,72,101,15,97,39.5
30037630,3,fever,5,96,125,96,23,99,38.3
30037631,3,chest pain,4,75,101,93,21,97,37.6
30037632,3,laceration,5,51,118,68,14,97,36.4
30037633,5,laceration,1,102,123,84,16,95,39.0
30037634,2,abdominal pain,7,95,117,69,21,97,35.9
30037635,4,shortness of breath,2,87,133,83,23,98,37.3
30037636,3,shortness of breath,3,85,127,69,20,93,35.5
30037637,2,fever,6,80,159,74,24,98,37.0
30037638,4,abdominal pain,7,87,96,85,17,98,37.4
30037639,3,back pain,6,98,122,80,18,96,36.5
30037640,3,chest pain,1,91,106,74,23,97,36.9
30037641,3,shortness of breath,2,92,130,80,19,98,37.7
30037642,4,laceration,4,72,99,94,23,100,37.0
30037643,4,fall,3,72,107,77,20,90,36.7
30037644,2,abdominal pain,9,98,116,80,18,97,38.6
30037645,3,laceration,4,80,134,73,15,100,37.1
30037646,4,knee pain,2,68,131,80,17,92,36.0
30037647,4,abdominal pain,4,86,139,85,23,98,36.0
30037648,2,fall,8,96,119,80,11,98,36.8
30037649,3,fall,0,72,141,82,16,95,38.9
30037650,2,chest pain,9,79,146,90,16,95,38.1
30037651,4,fever,7,94,152,102,18,98,38.1
30037652,3,anxiety,4,85,116,78,18,99,36.9
30037653,3,abdominal pain,4,77,125,49,21,93,35.9
30037654,5,knee pain,4,97,136,102,18,100,38.4
30037655,3,abdominal pain,1,77,135,80,18,92,36.1
30037656,2,abdominal pain,7,89,139,94,18,92,37.9
30037657,3,fever,2,95,177,84,19,98,36.8
30037658,2,fever,8,92,115,93,17,92,36.9
30037659,3,anxiety,2,78,107,73,15,98,36.8
30037660,3,chest pain,7,79,155,66,17,93,37.8
30037661,3,fever,5,75,114,82,19,94,37.7
30037662,3,anxiety,5,83,151,92,22,94,37.4
30037663,4,chest pain,1,99,116,71,20,98,36.5
30037664,3,chest pain,6,86,137,60,16,94,36.2
30037665,2,headache,8,98,146,93,19,95,36.6
30037666,3,shortness of breath,7,55,141,70,13,95,36.4
30037667,2,knee pain,8,103,165,80,19,96,36.1
30037668,3,shortness of breath,3,98,91,76,15,96,38.3
30037669,3,knee pain,1,63,114,54,26,97,36.5
30037670,5,anxiety,4,77,109,85,17,100,38.0
30037671,2,abdominal pain,9,87,110,80,15,88,37.0
30037672,3,headache,2,78,103,79,22,94,37.2
30037673,3,shortness of breath,5,97,142,97,17,97,37.5
30037674,3,anxiety,6,55,149,56,17,100,37.6
30037675,3,abdominal pain,3,99,100,68,27,95,38.3
30037676,4,fever,1,81,126,77,17,95,37.8
30037677,4,back pain,1,71,117,95,24,92,37.5
30037678,3,fever,5,101,121,74,24,98,38.0
30037679,4,laceration,3,92,119,97,17,96,38.1
30037680,5,shortness of breath,7,74,117,86,18,100,37.7
30037681,3,laceration,3,91,138,78,15,96,36.4
30037682,3,back pain,3,67,124,68,15,90,36.8
30037683,4,chest pain,2,75,117,88,16,94,36.6
30037684,2,laceration,9,68,120,82,12,94,36.2
30037685,4,anxiety,3,94,144,69,17,97,36.6
30037686,3,headache,3,86,129,85,23,100,35.1
30037687,4,fall,7,118,136,74,22,97,37.1
30037688,2,fall,7,109,148,112,11,97,36.7
30037689,3,anxiety,3,91,100,91,14,99,36.9
30037690,2,knee pain,10,79,116,101,16,100,37.1
30037691,3,fall,4,58,141,83,20,100,37.1
30037692,4,fever,2,79,102,79,22,94,35.8
30037693,3,knee pain,1,81,157,88,18,97,36.6
30037694,2,headache,8,69,164,84,15,92,37.3
30037695,3,chest pain,2,85,128,99,24,97,37.5
30037696,1,shortness of breath,6,79,121,88,18,93,36.5
30037697,4,back pain,1,71,133,88,23,98,35.0
30037698,4,anxiety,4,70,96,67,17,94,36.3
30037699,3,chest pain,6,75,116,80,15,97,37.3
30037700,3,shortness of breath,2,76,125,99,18,95,37.2
30037701,3,chest pain,5,85,127,68,19,96,35.8
30037702,3,headache,5,97,128,77,27,98,38.2
30037703,3,headache,1,83,104,82,23,95,36.6
30037704,2,laceration,8,88,142,94,17,93,36.6
30037705,2,fever,6,50,103,105,15,100,36.0
30037706,4,shortness of breath,4,76,109,37,23,100,37.0
30037707,4,chest pain,3,111,138,101,28,96,38.1
30037708,3,headache,0,70,108,104,18,100,37.2
30037709,3,fall,3,81,128,96,22,99,36.5
30037710,3,anxiety,7,96,149,77,20,95,37.3
30037711,3,fever,4,80,142,73,18,95,38.6
30037712,4,headache,5,63,157,99,18,98,37.5
30037713,3,fever,0,77,150,110,17,100,36.5
30037714,3,knee pain,0,80,118,120,25,95,37.9
30037715,3,anxiety,5,84,125,88,21,94,36.3
30037716,2,shortness of breath,7,106,132,73,18,93,36.0
30037717,4,laceration,5,80,109,85,16,95,36.0
30037718,3,fever,4,92,148,88,22,100,37.9
30037719,3,chest pain,3,102,161,74,22,95,37.7
30037720,4,abdominal pain,3,64,121,91,14,96,37.0
30037721,3,fall,7,80,136,76,23,99,36.0
30037722,4,chest pain,7,81,109,90,18,99,36.7
30037723,4,abdominal pain,5,92,102,96,20,94,38.1
30037724,4,shortness of breath,1,71,133,77,15,100,36.5
30037725,3,abdominal pain,5,59,139,95,22,95,37.3
30037726,3,headache,2,104,120,90,19,97,36.4
30037727,5,shortness of breath,0,66,81,63,24,94,37.2
30037728,3,shortness of breath,0,100,157,64,19,98,37.0
30037729,4,shortness of breath,0,61,120,78,26,92,36.4
30037730,3,anxiety,3,99,112,90,17,99,38.2
30037731,2,abdominal pain,8,88,145,104,20,92,37.9
30037732,3,laceration,2,89,151,84,18,95,38.2
30037733,4,fall,0,95,144,92,22,96,37.4
30037734,3,back pain,1,85,95,62,10,95,36.7
30037735,4,anxiety,4,61,164,64,17,98,36.9
30037736,2,headache,6,74,131,76,10,95,35.9
30037737,4,headache,6,107,101,51,17,92,37.2
30037738,3,abdominal pain,3,85,98,98,19,100,37.5
30037739,3,abdominal pain,4,82,121,96,19,97,38.4
30037740,3,headache,1,72,111,75,20,94,37.2
30037741,2,laceration,10,87,122,70,17,96,36.4
30037742,2,shortness of breath,8,92,140,25,15,95,36.5
30037743,4,back pain,0,75,99,105,19,98,36.9
30037744,4,anxiety,6,52,150,54,18,96,36.8
30037745,4,back pain,4,67,111,91,21,96,37.1
30037746,3,abdominal pain,5,96,136,84,19,98,38.4
30037747,5,anxiety,4,93,119,118,19,93,36.9
30037748,5,headache,7,85,136,87,11,95,36.1
30037749,3,back pain,4,62,143,80,10,96,37.0
30037750,3,abdominal pain,3,69,117,70,26,99,37.8
30037751,4,back pain,0,92,81,62,20,93,36.7
30037752,2,chest pain,9,73,155,79,18,89,36.6
30037753,2,chest pain,7,88,144,70,15,96,36.9
30037754,4,laceration,2,86,120,75,22,92,36.6
30037755,3,fever,3,101,92,87,25,100,37.4
30037756,3,back pain,1,104,120,68,21,97,35.7
30037757,3,abdominal pain,3,84,165,66,17,100,36.2
30037758,2,knee pain,7,83,132,91,18,100,38.1
30037759,3,chest pain,0,100,118,71,13,97,37.3
30037760,3,fall,3,74,97,64,30,100,35.9
30037761,4,laceration,5,85,136,66,23,94,37.4
30037762,4,laceration,0,85,117,69,14,96,38.1
30037763,4,laceration,0,77,132,44,22,96,37.4
30037764,3,back pain,5,103,124,91,10,98,37.0
30037765,3,abdominal pain,2,94,110,85,13,96,36.5
30037766,3,headache,3,98,129,42,24,100,37.8
30037767,1,knee pain,7,73,120,65,17,99,37.7
30037768,3,headache,2,92,147,64,20,94,37.1
30037769,3,anxiety,3,100,105,105,21,98,37.5
30037770,4,fever,2,104,107,72,19,94,36.4
30037771,5,fever,0,84,114,71,22,95,37.9
30037772,3,shortness of breath,2,101,95,90,19,95,39.6
30037773,5,chest pain,2,86,105,63,17,98,37.3
30037774,3,chest pain,0,40,114,75,22,100,36.8
30037775,2,anxiety,9,72,155,103,10,92,38.2
30037776,3,headache,1,85,135,82,19,95,36.1
30037777,2,knee pain,6,95,149,71,24,97,36.9
30037778,3,chest pain,2,106,141,68,24,97,37.4
30037779,5,knee pain,7,74,124,71,16,100,37.7
30037780,3,laceration,7,103,125,51,16,93,36.9
30037781,3,fever,5,67,155,95,16,95,35.9
30037782,4,chest pain,3,79,118,74,11,100,36.4
30037783,3,back pain,3,65,113,102,16,94,36.3
30037784,3,fall,6,59,132,60,17,95,35.1
30037785,3,chest pain,4,88,153,52,17,89,37.0
30037786,2,laceration,9,89,135,55,16,95,37.7
30037787,3,chest pain,1,74,113,85,20,97,36.9
30037788,4,abdominal pain,0,88,127,42,27,95,39.1
30037789,3,anxiety,0,75,126,95,11,98,37.0
30037790,1,chest pain,8,75,157,106,23,100,36.8
30037791,1,abdominal pain,9,78,94,94,19,96,36.3
30037792,2,chest pain,9,76,105,76,15,92,38.8
30037793,4,fall,0,69,132,77,13,100,37.9
30037794,3,knee pain,3,90,128,74,22,98,37.1
30037795,3,abdominal pain,6,81,118,92,19,97,36.7
30037796,2,headache,8,49,89,86,27,98,37.5
30037797,3,chest pain,1,89,112,68,16,100,37.4
30037798,2,fall,7,63,105,61,18,97,36.1
30037799,2,chest pain,6,99,132,88,13,99,36.1
30037800,4,laceration,6,84,146,81,17,95,37.0
30037801,4,abdominal pain,6,93,146,92,15,96,37.8
30037802,3,anxiety,1,106,117,92,20,96,36.9
30037803,3,abdominal pain,6,92,136,67,19,100,36.4
30037804,4,headache,6,92,103,86,19,99,35.7
30037805,3,back pain,7,82,132,65,16,95,35.6
30037806,3,fever,0,113,116,72,18,96,37.2
30037807,4,abdominal pain,3,91,120,96,17,100,35.3
30037808,3,headache,5,116,96,83,23,96,35.9
30037809,4,fall,4,95,154,86,12,95,36.8
30037810,2,abdominal pain,8,97,110,96,22,98,36.6
30037811,4,anxiety,1,58,137,68,18,97,37.4
30037812,3,laceration,5,75,73,109,21,99,37.8
30037813,3,fall,1,82,130,73,19,100,36.2
30037814,3,fall,6,76,119,81,14,97,36.7
30037815,3,fall,6,87,92,67,21,100,38.5
30037816,3,fever,1,104,169,57,21,95,37.2
30037817,3,back pain,6,95,129,57,18,94,37.6
30037818,3,fall,6,89,93,55,19,98,35.8
30037819,1,abdominal pain,10,79,118,46,16,97,36.5
30037820,4,chest pain,4,93,132,73,12,100,38.3
30037821,3,headache,5,125,119,94,16,98,36.8
30037822,3,laceration,7,95,147,56,23,96,37.4
30037823,3,laceration,5,77,130,97,14,94,36.4
30037824,3,shortness of breath,0,75,104,48,20,98,37.8
30037825,2,fever,8,105,142,97,17,96,37.4
30037826,2,abdominal pain,6,85,112,74,13,100,37.1
30037827,2,abdominal pain,7,92,140,66,17,95,37.7
30037828,3,abdominal pain,2,71,130,81,26,97,37.1
30037829,2,laceration,6,105,160,92,19,100,38.4
30037830,3,shortness of breath,4,85,122,87,20,99,37.2
30037831,3,abdominal pain,6,115,138,78,22,100,36.5
30037832,1,headache,7,81,137,74,17,98,36.8
30037833,4,headache,1,75,138,64,19,97,36.4
30037834,5,fall,7,70,133,76,21,96,35.4
30037835,2,shortness of breath,8,94,148,91,13,100,36.1
30037836,3,shortness of breath,5,71,97,74,16,92,36.2
30037837,5,back pain,3,91,90,80,10,96,36.6
30037838,4,knee pain,6,69,121,93,16,98,36.7
30037839,3,shortness of breath,6,65,110,87,19,98,37.2
30037840,4,abdominal pain,6,92,108,78,21,100,36.1
30037841,2,fall,9,73,125,71,16,99,37.0
30037842,4,fever,4,73,156,86,21,99,37.2
30037843,3,chest pain,5,95,142,88,15,98,37.2
30037844,3,chest pain,4,89,146,95,22,94,36.7
30037845,3,knee pain,2,74,93,84,16,94,37.3
30037846,3,laceration,3,84,114,97,13,100,36.2
30037847,4,knee pain,7,61,166,75,9,94,36.0
30037848,3,abdominal pain,3,90,124,95,21,94,37.2
30037849,3,fever,5,74,100,58,23,92,37.2
30037850,3,laceration,7,74,80,71,19,97,37.1
30037851,4,shortness of breath,0,104,110,82,19,93,38.1
30037852,3,back pain,1,73,120,62,13,100,38.1
30037853,4,abdominal pain,1,102,127,80,15,100,38.0
30037854,4,abdominal pain,3,96,123,61,12,97,36.8
30037855,5,laceration,0,62,134,85,19,96,38.0
30037856,3,fever,6,94,120,83,9,96,35.7
30037857,4,chest pain,3,81,100,73,16,98,36.6
30037858,3,headache,6,119,137,98,21,95,36.8
30037859,3,fall,3,86,116,94,14,100,36.4
30037860,4,headache,3,98,129,97,19,95,37.7
30037861,4,laceration,0,88,123,73,19,98,36.8
30037862,4,shortness of breath,6,104,151,87,24,96,35.3
30037863,2,abdominal pain,8,100,133,106,16,96,36.6
30037864,3,fall,3,78,119,43,15,100,36.9
30037865,5,knee pain,1,95,172,69,19,97,36.4
30037866,3,abdominal pain,2,45,131,68,11,99,37.6
30037867,4,headache,3,60,130,79,13,95,36.4
30037868,3,chest pain,0,83,127,87,24,99,37.2
30037869,3,chest pain,6,44,99,74,14,96,36.1
30037870,4,chest pain,4,120,125,84,20,97,37.1
30037871,2,back pain,8,87,130,118,14,95,36.1
30037872,4,laceration,0,67,160,101,10,96,37.5
30037873,2,laceration,10,102,122,71,19,95,37.9
30037874,3,abdominal pain,7,78,121,86,20,99,37.0
30037875,4,laceration,7,72,97,81,24,99,37.8
30037876,2,knee pain,8,112,138,56,12,93,36.0
30037877,3,headache,5,91,130,91,27,95,36.7
30037878,3,anxiety,1,78,115,88,14,93,38.1
30037879,2,back pain,7,81,97,65,9,100,37.1
30037880,4,shortness of breath,0,78,150,85,10,100,37.4
30037881,3,fever,0,75,119,119,21,96,36.3
30037882,2,fever,7,81,132,74,22,94,36.9
30037883,1,fall,7,86,126,111,20,96,36.9
30037884,3,knee pain,2,80,100,88,21,100,35.2
30037885,4,shortness of breath,6,58,126,88,18,99,35.7
30037886,1,fever,7,102,155,51,11,100,38.4
30037887,3,headache,5,79,111,75,16,95,38.3
30037888,3,laceration,4,76,151,68,14,100,37.6
30037889,2,fever,7,95,142,89,28,95,38.7
30037890,3,back pain,7,75,137,71,18,100,37.4
30037891,5,anxiety,0,47,121,71,17,93,38.0
30037892,3,chest pain,3,75,117,79,13,92,37.6
30037893,5,fall,7,103,118,39,19,100,36.5
30037894,4,shortness of breath,6,80,151,83,13,100,35.4
30037895,3,abdominal pain,2,71,82,76,18,94,37.1
30037896,3,headache,1,80,119,77,16,96,36.5
30037897,3,knee pain,6,86,120,98,21,98,36.7
30037898,3,chest pain,1,76,114,97,22,100,36.4
30037899,3,fever,1,122,105,72,17,98,37.0
30037900,3,anxiety,4,81,133,78,19,96,37.0
30037901,2,fever,7,80,105,100,19,96,37.2
30037902,4,fever,5,81,129,86,19,95,36.1
30037903,3,laceration,4,75,121,98,17,98,37.2
30037904,4,abdominal pain,2,80,133,80,14,96,37.5
30037905,2,laceration,10,110,110,96,16,93,36.1
30037906,4,headache,4,116,158,61,24,100,37.6
30037907,2,anxiety,6,89,136,72,25,97,37.7
30037908,5,laceration,5,76,131,110,15,100,35.5
30037909,2,back pain,10,65,115,91,21,98,36.9
30037910,3,shortness of breath,4,63,122,96,12,99,37.0
30037911,4,headache,4,94,116,76,18,96,38.5
30037912,2,shortness of breath,9,78,116,64,23,97,35.4
30037913,3,headache,4,78,115,89,19,95,37.3
30037914,4,laceration,0,105,144,117,18,97,37.0
30037915,4,abdominal pain,6,71,136,71,13,97,37.4
30037916,2,fall,8,110,148,88,17,97,37.4
30037917,3,shortness of breath,0,97,118,77,12,100,35.9
30037918,3,headache,6,98,137,81,23,97,36.5
30037919,2,laceration,6,103,115,49,24,97,38.6
30037920,3,chest pain,0,86,125,81,21,97,35.8
30037921,3,laceration,4,86,138,100,19,99,38.0
30037922,2,back pain,6,79,94,82,16,97,37.3
30037923,3,headache,4,85,122,108,18,100,37.2
30037924,3,laceration,6,69,91,71,23,97,38.3
30037925,1,anxiety,7,89,155,72,22,100,37.2
30037926,2,back pain,8,86,127,74,15,99,35.2
30037927,2,anxiety,7,84,128,102,14,95,37.9
30037928,3,abdominal pain,5,87,151,89,16,94,37.2
30037929,2,knee pain,9,104,110,62,24,93,37.2
30037930,2,laceration,10,97,119,63,6,98,38.1
30037931,3,headache,2,93,163,64,6,90,36.3
30037932,3,shortness of breath,7,100,110,81,18,99,36.9
30037933,4,fever,3,68,136,73,16,100,36.6
30037934,5,laceration,1,79,108,89,20,92,36.2
30037935,5,back pain,7,105,116,87,17,97,36.4
30037936,3,abdominal pain,2,44,142,61,19,93,37.4
30037937,3,headache,7,79,150,54,17,97,37.7
30037938,3,knee pain,4,91,167,73,19,98,37.6
30037939,3,laceration,3,68,134,78,19,98,37.2
30037940,4,knee pain,2,85,136,70,19,96,36.3
30037941,3,fall,5,70,149,50,16,97,36.3
30037942,3,headache,3,89,104,103,19,100,36.7
30037943,4,back pain,1,56,141,84,9,96,38.0
30037944,1,headache,10,71,147,99,19,100,36.0
30037945,4,fall,3,79,132,84,16,100,39.1
30037946,4,laceration,0,75,121,81,13,94,36.8
30037947,2,headache,9,82,154,92,15,95,37.1
30037948,3,knee pain,1,65,102,79,20,97,37.1
30037949,4,fall,0,71,105,87,22,100,36.5
30037950,2,shortness of breath,6,90,120,109,21,96,37.1
30037951,3,back pain,3,107,129,90,8,97,36.9
30037952,3,chest pain,0,76,97,85,10,94,37.6
30037953,4,shortness of breath,1,67,139,58,13,95,37.0
30037954,3,fever,0,93,105,91,21,100,39.1
30037955,3,laceration,1,95,137,85,15,93,36.6
30037956,3,back pain,6,102,147,80,17,100,37.4
30037957,4,back pain,3,78,150,75,21,98,37.4
30037958,4,chest pain,4,91,101,54,17,98,36.1
30037959,4,headache,0,100,163,73,21,96,36.6
30037960,3,headache,3,73,131,83,17,92,37.9
30037961,3,chest pain,7,92,118,88,12,98,38.3
30037962,3,shortness of breath,5,83,157,82,18,94,38.3
30037963,5,anxiety,1,86,137,78,18,95,37.5
30037964,5,knee pain,0,81,136,99,18,100,37.5
30037965,2,headache,8,43,120,97,24,90,36.3
30037966,3,knee pain,4,99,134,91,14,99,36.7
30037967,3,anxiety,3,65,121,93,20,96,37.3
30037968,3,knee pain,0,64,98,87,20,94,37.1
30037969,3,abdominal pain,1,107,125,100,12,96,36.4
30037970,3,fall,4,93,137,79,17,96,36.9
30037971,2,abdominal pain,6,89,152,93,26,97,37.0
30037972,4,abdominal pain,1,71,102,90,20,96,36.5
30037973,4,fall,1,67,146,82,16,95,38.5
30037974,4,back pain,6,106,87,83,20,94,37.4
30037975,3,chest pain,5,61,139,67,12,95,37.0
30037976,2,fever,9,86,141,101,25,100,37.1
30037977,3,chest pain,1,90,163,77,18,94,36.6
30037978,3,headache,4,98,83,66,17,100,37.6
30037979,4,knee pain,3,82,136,100,14,97,37.0
30037980,1,knee pain,8,85,130,102,23,98,38.0
30037981,3,back pain,2,80,93,83,15,96,37.4
30037982,3,headache,7,67,113,103,19,94,35.3
30037983,3,laceration,7,84,139,114,20,99,38.5
30037984,2,laceration,10,90,77,76,23,99,36.1
30037985,3,fall,1,90,148,94,10,98,37.4
30037986,3,headache,7,106,111,105,23,100,37.4
30037987,3,abdominal pain,7,91,167,79,13,97,36.4
30037988,5,abdominal pain,5,77,157,81,17,99,38.8
30037989,3,abdominal pain,6,81,138,50,11,100,38.1
30037990,2,back pain,9,64,128,93,19,98,36.0
30037991,4,laceration,0,93,138,65,12,97,37.7
30037992,3,headache,1,91,121,80,8,94,39.0
30037993,4,laceration,7,103,129,70,20,96,36.7
30037994,2,knee pain,8,90,132,72,17,99,37.0
30037995,2,laceration,6,84,109,97,15,98,37.2
30037996,3,shortness of breath,2,82,118,62,20,97,35.8
30037997,4,laceration,2,93,110,76,15,94,36.1
30037998,3,abdominal pain,0,82,125,62,18,99,37.6
30037999,4,headache,3,75,154,87,16,100,37.1
30038000,3,laceration,2,78,139,76,10,100,35.9
30038001,3,knee pain,0,85,126,96,16,94,36.8
30038002,2,fever,9,85,140,70,25,93,36.2
30038003,2,anxiety,8,99,133,69,16,94,36.5
30038004,2,laceration,9,82,119,104,22,96,35.6
30038005,3,back pain,4,77,130,60,18,93,37.5
30038006,3,shortness of breath,5,83,153,75,17,100,37.5
30038007,1,abdominal pain,10,75,124,63,12,95,37.4
30038008,3,fall,7,120,100,78,17,100,36.2
30038009,3,anxiety,4,88,118,58,19,100,36.7
30038010,2,abdominal pain,10,83,135,84,14,100,36.5
30038011,3,laceration,2,79,84,103,17,96,38.1
30038012,1,fever,9,97,135,72,13,98,36.7
30038013,2,anxiety,9,61,141,79,18,93,38.0
30038014,3,knee pain,6,111,119,87,9,97,35.9
30038015,3,anxiety,6,111,131,84,18,92,36.7
30038016,2,anxiety,8,66,128,78,18,97,39.1
30038017,3,anxiety,7,104,115,75,23,94,37.6
30038018,4,anxiety,0,87,138,80,15,96,36.7
30038019,3,anxiety,1,62,109,84,14,97,36.2
30038020,4,knee pain,2,72,100,88,22,94,36.6
30038021,2,abdominal pain,8,95,110,96,24,98,37.3
30038022,3,back pain,2,85,128,64,20,99,38.7
30038023,2,shortness of breath,8,72,103,58,17,99,35.6
30038024,3,fall,6,69,114,81,18,95,36.7
30038025,2,shortness of breath,8,85,149,71,15,91,36.1
30038026,4,fall,4,88,102,68,16,100,37.9
30038027,3,headache,0,90,136,71,12,95,36.9
30038028,3,back pain,3,85,79,54,18,100,36.5
30038029,4,anxiety,3,79,121,90,18,97,37.9
30038030,3,chest pain,2,80,133,60,22,97,36.6
30038031,4,back pain,2,104,105,73,16,97,38.3
30038032,1,abdominal pain,6,78,153,79,19,93,36.3
30038033,4,headache,0,96,127,64,20,98,36.5
30038034,5,chest pain,3,107,140,83,21,91,36.3
30038035,2,laceration,9,87,117,90,13,99,37.1
30038036,2,headache,6,86,146,81,20,95,37.6
30038037,3,fall,4,76,133,120,23,96,37.7
30038038,4,fever,0,109,137,78,16,94,38.6
30038039,4,abdominal pain,4,67,157,79,17,98,36.1
30038040,1,fever,8,71,119,92,18,98,37.9
30038041,3,fever,0,77,107,76,20,100,36.5
30038042,4,chest pain,2,93,135,113,11,99,36.6
30038043,5,abdominal pain,4,90,125,79,18,100,38.0
30038044,1,fever,7,82,90,63,18,97,37.9
30038045,2,knee pain,10,94,116,79,15,100,37.5
30038046,5,abdominal pain,1,82,150,85,13,99,36.2
30038047,2,knee pain,7,95,150,59,27,94,37.0
30038048,1,fever,6,86,95,86,10,92,36.6
30038049,2,knee pain,7,105,112,77,14,94,37.0
30038050,3,shortness of breath,3,93,159,76,17,94,36.6
30038051,3,chest pain,0,63,128,53,20,100,36.1
30038052,3,fever,0,103,137,57,20,96,37.4
30038053,2,back pain,8,78,107,83,16,94,36.8
30038054,3,fever,1,70,126,80,21,98,36.7
30038055,4,chest pain,0,97,118,85,11,100,35.8
30038056,2,back pain,9,86,116,90,21,97,38.2
30038057,1,chest pain,8,103,123,59,20,97,37.6
30038058,4,chest pain,2,110,100,85,17,100,38.3
30038059,5,abdominal pain,3,117,149,101,17,94,37.6
30038060,3,knee pain,4,75,116,71,21,100,35.6
30038061,2,knee pain,9,97,175,72,15,96,36.6
30038062,3,shortness of breath,3,83,143,101,18,96,37.2
30038063,3,fever,5,98,156,97,15,98,38.6
30038064,4,abdominal pain,3,94,135,100,17,96,38.2
30038065,3,fever,6,99,116,81,19,96,36.3
30038066,3,anxiety,7,88,99,66,14,100,35.5
30038067,4,shortness of breath,5,81,123,85,18,93,36.4
30038068,2,headache,6,84,120,69,15,100,36.7
30038069,4,back pain,2,104,95,80,18,98,36.1
30038070,1,headache,10,74,122,89,16,100,36.2
30038071,3,shortness of breath,1,77,128,97,16,99,37.2
30038072,3,headache,4,80,114,110,21,92,35.5
30038073,3,back pain,1,97,107,88,24,100,36.8
30038074,1,anxiety,10,103,161,74,18,98,37.8
30038075,4,fall,7,71,120,104,19,95,37.1
30038076,3,chest pain,4,57,140,51,19,100,37.6
30038077,3,shortness of breath,2,104,118,103,17,99,36.8
30038078,3,headache,5,91,111,103,23,99,37.0
30038079,3,shortness of breath,3,103,125,65,17,96,37.7
30038080,2,shortness of breath,6,67,142,88,20,100,36.6
30038081,3,fall,5,108,109,76,20,98,37.2
30038082,3,back pain,5,71,114,94,18,99,36.1
30038083,4,knee pain,6,102,142,93,11,98,34.3
30038084,3,back pain,6,50,134,78,13,96,37.0
30038085,4,back pain,6,104,121,62,23,96,38.0
30038086,4,anxiety,3,66,116,72,24,97,37.8
30038087,4,fall,0,84,135,78,17,96,36.8
30038088,3,abdominal pain,2,61,111,44,14,94,37.5
30038089,3,anxiety,2,100,127,101,18,95,36.8
30038090,4,fever,6,114,140,90,25,96,37.4
30038091,5,knee pain,7,82,124,48,18,94,36.5
30038092,5,shortness of breath,3,80,141,91,15,97,36.2
30038093,2,abdominal pain,9,95,152,30,23,91,35.6
30038094,3,anxiety,3,92,116,77,18,100,37.2
30038095,3,knee pain,0,84,139,83,18,97,36.2
30038096,3,laceration,4,91,116,82,16,100,37.0
30038097,5,knee pain,3,75,111,44,21,91,36.7
30038098,5,knee pain,3,74,75,72,22,97,36.0
30038099,4,knee pain,1,92,145,96,23,100,37.2
30038100,1,fall,9,76,96,97,13,93,38.4
30038101,3,abdominal pain,0,97,125,88,15,100,35.4
30038102,4,fall,1,85,115,55,15,92,37.6
30038103,2,back pain,10,106,131,82,17,92,36.9
30038104,3,shortness of breath,0,55,124,78,22,94,37.4
30038105,2,fall,8,85,137,95,13,99,36.3
30038106,4,laceration,2,92,115,87,17,99,36.6
30038107,3,fever,7,89,128,85,25,100,36.1
30038108,2,fall,8,80,128,92,16,92,38.3
30038109,5,shortness of breath,7,81,134,91,14,93,37.8
30038110,3,anxiety,2,76,114,87,15,98,37.0
30038111,3,abdominal pain,2,77,113,75,20,100,36.9
30038112,3,fever,2,94,105,84,22,100,36.8
30038113,2,fall,6,92,90,82,19,95,38.4
30038114,3,fall,4,65,126,69,14,93,37.3
30038115,3,back pain,4,72,104,70,17,95,38.2
30038116,2,chest pain,8,60,147,60,23,98,37.9
30038117,3,abdominal pain,1,75,116,84,20,98,37.7
30038118,4,fall,5,72,129,88,17,99,37.4
30038119,5,headache,4,92,155,115,21,91,35.2
30038120,3,headache,7,96,123,71,15,95,38.0
30038121,4,shortness of breath,6,88,102,102,21,100,37.5
30038122,3,laceration,0,81,171,79,17,91,37.2
30038123,2,anxiety,8,85,155,69,16,95,37.9
30038124,4,fall,4,104,125,72,15,97,38.4
30038125,3,fall,2,88,125,81,24,93,37.0
30038126,2,headache,8,105,119,91,25,96,37.8
30038127,3,laceration,5,79,98,79,15,94,36.7
30038128,2,back pain,9,101,139,95,18,96,36.7
30038129,3,abdominal pain,4,118,114,67,25,99,38.0
30038130,3,shortness of breath,4,58,129,68,15,93,38.5
30038131,1,laceration,8,111,140,86,13,98,37.2
30038132,2,anxiety,9,65,95,72,20,100,36.7
30038133,3,shortness of breath,2,69,131,89,14,94,38.2
30038134,3,fall,7,74,125,65,17,95,36.7
30038135,3,laceration,5,84,130,88,27,97,36.7
30038136,3,shortness of breath,4,56,163,87,17,96,37.0
30038137,3,anxiety,3,92,120,75,9,99,37.4
30038138,3,fall,3,73,116,84,21,97,36.5
30038139,2,laceration,8,67,155,87,11,98,37.9
30038140,4,knee pain,1,87,136,65,18,93,36.0
30038141,5,laceration,0,82,108,72,16,97,38.1
30038142,5,laceration,0,68,146,68,25,100,37.1
30038143,3,fever,4,87,108,98,28,94,36.7
30038144,3,shortness of breath,0,62,138,101,19,97,39.0
30038145,3,anxiety,0,95,134,71,15,98,38.4
30038146,4,laceration,5,59,117,68,16,100,38.2
30038147,3,abdominal pain,2,59,85,88,16,96,36.7
30038148,3,shortness of breath,3,65,156,85,16,97,36.5
30038149,5,fall,1,99,151,103,23,99,36.2
30038150,3,fall,3,91,91,87,20,95,37.7
30038151,3,shortness of breath,3,102,68,84,25,98,37.2
30038152,1,headache,6,88,99,94,21,100,36.0
30038153,3,headache,7,85,161,90,19,97,37.3
30038154,3,laceration,0,85,101,80,12,98,37.2
30038155,3,headache,0,69,124,84,17,97,37.5
30038156,2,back pain,8,74,127,93,18,99,37.0
30038157,1,anxiety,10,114,136,65,14,96,37.5
30038158,2,abdominal pain,9,99,122,79,20,93,36.3
30038159,3,laceration,3,96,144,79,15,100,35.3
30038160,1,headache,8,54,141,71,18,94,36.3
30038161,2,laceration,8,84,109,89,28,100,37.4
30038162,2,fever,9,87,107,76,14,97,36.8
30038163,3,abdominal pain,6,75,118,84,14,100,37.1
30038164,2,fever,6,78,100,77,21,93,36.8
30038165,3,laceration,4,38,132,73,19,97,37.5
30038166,3,fever,3,96,128,87,24,98,36.8
30038167,2,laceration,9,94,138,86,17,95,36.4
30038168,4,headache,5,68,94,74,19,98,35.7
30038169,2,laceration,8,97,107,85,24,95,36.5
30038170,2,knee pain,6,86,113,83,18,93,35.2
30038171,4,fall,4,77,120,74,13,97,38.2
30038172,3,fever,1,90,154,85,12,99,37.7
30038173,3,chest pain,1,80,85,87,21,90,35.8
30038174,4,fall,7,112,87,75,15,95,35.8
30038175,3,fall,4,78,101,62,20,95,37.1
30038176,3,headache,3,124,89,56,10,97,37.3
30038177,4,back pain,3,68,135,58,16,94,37.2
30038178,3,fever,6,100,98,78,22,90,36.8
30038179,2,laceration,6,88,100,90,19,96,37.9
30038180,3,fall,7,92,102,70,18,95,36.7
30038181,3,back pain,5,72,146,88,15,100,36.0
30038182,2,anxiety,7,127,121,75,23,93,36.2
30038183,3,knee pain,6,85,135,64,26,96,36.6
30038184,3,abdominal pain,4,89,134,75,14,100,36.9
30038185,3,laceration,5,97,162,70,12,96,36.8
30038186,3,headache,4,83,119,79,9,100,38.0
30038187,4,fever,2,86,141,79,21,100,37.0
30038188,3,abdominal pain,1,96,122,63,20,100,37.6
30038189,4,shortness of breath,5,83,140,77,11,100,36.6
30038190,4,knee pain,6,88,120,59,17,96,36.7
30038191,3,laceration,6,71,114,80,12,90,36.6
30038192,2,shortness of breath,7,80,138,61,18,94,37.0
30038193,4,back pain,6,56,131,99,9,95,37.2
30038194,4,laceration,7,71,120,82,6,99,37.2
30038195,2,anxiety,9,98,158,77,14,100,37.9
30038196,3,fever,0,113,90,106,18,99,36.8
30038197,1,back pain,10,56,147,88,17,100,36.4
30038198,5,back pain,0,87,115,66,20,96,35.2
30038199,1,abdominal pain,10,83,114,92,23,94,37.0
30038200,3,chest pain,3,109,142,88,16,98,35.5
30038201,3,anxiety,2,78,173,82,18,100,37.6
30038202,2,abdominal pain,8,83,117,99,28,97,36.9
30038203,3,fall,2,98,118,72,18,94,36.0
30038204,2,laceration,10,69,93,59,18,95,37.3
30038205,2,anxiety,10,66,106,53,17,98,36.4
30038206,2,chest pain,7,102,139,90,23,93,37.4
30038207,3,anxiety,4,100,87,66,25,97,37.7
30038208,3,abdominal pain,6,110,97,118,16,94,36.9
30038209,3,headache,1,92,162,83,12,100,37.4
30038210,2,abdominal pain,10,116,127,91,20,100,35.8
30038211,3,back pain,2,118,131,87,15,96,36.4
30038212,1,fever,7,88,147,58,16,98,35.8
30038213,3,fall,4,82,180,83,13,97,37.4
30038214,4,knee pain,2,82,138,99,20,100,36.6
30038215,5,headache,1,91,121,68,18,99,38.9
30038216,4,chest pain,1,87,157,70,19,100,36.1
30038217,3,fall,6,96,147,45,18,97,36.9
30038218,2,fall,7,68,136,87,16,99,35.5
30038219,4,chest pain,5,65,93,83,19,98,37.2
30038220,4,laceration,2,81,106,111,19,91,36.2
30038221,3,fall,4,95,136,101,16,95,36.9
30038222,3,laceration,5,86,144,71,11,93,37.3
30038223,2,fall,9,69,178,70,14,92,37.3
30038224,2,fever,6,75,137,109,15,97,35.2
30038225,4,headache,2,119,124,93,15,100,37.8
30038226,2,abdominal pain,10,81,113,102,20,100,36.4
30038227,4,fall,5,91,120,93,21,95,37.3
30038228,2,abdominal pain,9,101,128,97,22,100,38.3
30038229,4,fever,0,96,127,65,11,97,37.1
30038230,2,abdominal pain,10,99,120,74,10,100,37.7
30038231,2,back pain,6,76,104,96,20,100,35.6
30038232,3,chest pain,2,93,116,81,18,100,37.1
30038233,1,fever,6,91,98,61,18,99,37.0
30038234,3,back pain,0,78,129,68,19,100,36.9
30038235,3,back pain,0,125,113,54,15,97,37.6
30038236,4,shortness of breath,0,79,99,77,17,100,36.2
30038237,2,laceration,9,94,127,56,21,93,38.7
30038238,3,abdominal pain,1,91,132,81,26,100,38.1
30038239,5,fall,0,90,101,95,22,92,35.8
30038240,3,fever,7,95,107,72,12,97,38.4
30038241,3,laceration,3,86,122,80,19,94,36.6
30038242,4,fall,4,98,140,61,14,99,37.1
30038243,3,anxiety,0,91,134,74,19,94,37.7
30038244,4,laceration,5,82,123,52,17,95,36.5
30038245,4,knee pain,1,74,146,82,20,94,36.7
30038246,3,anxiety,2,83,161,103,22,94,37.1
30038247,4,abdominal pain,4,106,151,70,18,95,38.4
30038248,3,shortness of breath,7,77,143,79,14,92,37.0
30038249,3,fever,0,86,124,87,23,98,36.8
30038250,2,shortness of breath,9,82,128,92,11,95,36.5
30038251,2,headache,9,60,135,98,15,95,36.6
30038252,2,shortness of breath,7,74,114,71,14,97,37.0
30038253,1,laceration,6,77,111,86,18,92,36.8
30038254,5,shortness of breath,6,73,114,80,13,97,36.3
30038255,3,laceration,3,82,136,86,23,92,36.6
30038256,3,laceration,0,85,128,57,16,94,36.7
30038257,3,abdominal pain,1,98,122,82,19,95,36.1
30038258,3,fever,4,104,143,101,17,97,36.8
30038259,2,back pain,9,90,107,81,17,99,36.9
30038260,3,shortness of breath,1,59,124,69,13,100,37.1
30038261,2,back pain,9,97,154,89,18,100,38.1
30038262,2,fall,10,83,103,66,21,95,37.2
30038263,2,headache,6,100,151,91,19,96,36.1
30038264,4,fever,4,80,94,77,17,94,37.7
30038265,3,shortness of breath,3,93,95,95,16,96,36.9
30038266,3,fever,1,85,131,84,20,100,37.3
30038267,3,back pain,4,66,86,91,17,94,36.7
30038268,3,laceration,6,95,110,87,12,100,38.0
30038269,3,laceration,2,82,151,70,17,95,38.6
30038270,3,back pain,2,85,121,92,20,99,37.7
30038271,1,fall,8,85,143,81,16,93,36.9
30038272,1,chest pain,9,86,102,82,9,99,36.9
30038273,3,abdominal pain,3,49,104,69,16,96,37.5
30038274,3,abdominal pain,2,61,158,65,15,100,36.6
30038275,3,back pain,1,101,150,94,17,100,36.9
30038276,3,abdominal pain,4,88,97,72,13,97,38.6
30038277,4,knee pain,2,85,114,67,9,95,36.5
30038278,3,chest pain,3,63,121,66,18,97,36.5
30038279,4,laceration,2,81,122,81,23,100,37.8
30038280,3,chest pain,5,94,129,98,15,100,36.8
30038281,3,anxiety,5,90,129,75,18,95,36.8
30038282,3,knee pain,7,73,120,86,17,100,37.4
30038283,3,back pain,5,100,104,99,15,98,38.1
30038284,3,chest pain,0,86,121,80,15,98,38.6
30038285,3,fever,2,83,139,88,21,100,37.0
30038286,4,shortness of breath,0,95,121,90,20,97,36.3
30038287,4,chest pain,5,68,137,73,13,96,37.4
30038288,2,chest pain,8,116,130,74,12,100,36.9
30038289,3,fever,4,95,132,72,28,96,37.4
30038290,3,knee pain,0,57,106,59,21,100,36.2
30038291,3,headache,7,89,154,124,18,100,37.1
30038292,1,abdominal pain,8,106,149,80,16,93,37.6
30038293,3,fall,6,56,125,78,15,94,37.8
30038294,5,fever,6,80,133,82,12,98,36.2
30038295,3,fever,1,89,94,52,26,93,37.8
30038296,2,fever,10,71,143,81,14,100,36.5
30038297,3,headache,7,79,129,77,14,100,37.4
30038298,4,fall,2,71,124,94,15,96,36.9
30038299,3,fall,7,102,121,60,15,88,37.4
30038300,3,shortness of breath,0,75,121,85,17,99,37.5
30038301,3,fall,3,57,99,90,18,96,36.8
30038302,3,shortness of breath,5,92,121,76,21,95,37.0
30038303,2,laceration,6,95,151,63,15,97,35.7
30038304,1,back pain,9,77,116,78,19,94,37.2
30038305,3,headache,2,97,131,58,21,100,36.1
30038306,5,knee pain,3,70,117,67,23,97,36.8
30038307,3,laceration,6,68,104,79,16,93,38.1
30038308,2,knee pain,10,97,132,94,18,100,37.5
30038309,2,back pain,10,93,96,83,15,100,36.6
30038310,4,laceration,0,117,110,99,21,99,36.9
30038311,2,chest pain,8,90,133,88,23,95,36.4
30038312,2,headache,9,73,134,58,18,94,38.0
30038313,3,abdominal pain,2,95,97,83,11,100,37.7
30038314,2,fall,8,74,103,80,17,98,37.6
30038315,3,back pain,0,91,153,60,17,96,38.1
30038316,2,abdominal pain,7,115,126,82,21,96,35.1
30038317,3,knee pain,4,73,85,64,23,96,37.5
30038318,3,fever,1,102,151,38,23,99,37.8
30038319,4,abdominal pain,3,91,105,66,13,96,36.8
30038320,3,headache,1,83,68,64,19,98,37.0
30038321,2,laceration,9,96,111,88,19,99,37.5
30038322,4,fever,5,108,131,67,17,97,36.7
30038323,3,shortness of breath,5,87,166,83,21,98,37.2
30038324,3,back pain,5,91,148,93,21,100,38.3
30038325,1,chest pain,10,91,117,90,22,100,37.0
30038326,2,fall,7,82,120,44,21,97,36.5
30038327,4,abdominal pain,5,60,118,82,14,98,36.0
30038328,4,anxiety,7,84,106,72,15,100,37.7
30038329,3,abdominal pain,2,72,128,68,26,98,36.1
30038330,2,fall,8,87,155,68,21,100,36.2
30038331,4,knee pain,2,87,150,57,20,93,36.6
30038332,3,fall,2,89,157,89,17,92,36.5
30038333,4,shortness of breath,1,93,112,82,13,100,36.3
30038334,4,laceration,2,73,140,88,22,94,37.0
30038335,2,knee pain,8,35,117,55,15,96,36.2
30038336,3,abdominal pain,6,102,100,94,25,98,37.4
30038337,4,fall,3,71,145,96,16,98,36.5
30038338,3,back pain,2,50,145,64,20,100,36.7
30038339,4,fever,5,80,149,76,19,94,37.1
30038340,4,headache,7,91,125,62,21,95,37.0
30038341,3,headache,7,74,140,81,16,98,36.0
30038342,3,fall,2,57,128,83,13,96,37.8
30038343,3,chest pain,2,51,139,90,11,97,36.1
30038344,3,back pain,6,95,144,74,17,100,37.0
30038345,3,shortness of breath,0,97,107,69,19,94,37.8
30038346,4,fever,1,79,141,92,20,98,37.5
30038347,3,headache,0,120,167,88,18,99,36.8
30038348,2,fever,9,87,161,73,20,100,37.7
30038349,4,knee pain,5,59,127,72,19,96,37.3
30038350,3,abdominal pain,4,55,180,96,24,96,37.5
30038351,3,chest pain,5,67,124,61,16,96,36.9
30038352,1,shortness of breath,6,94,79,88,23,100,38.6
30038353,3,abdominal pain,2,84,123,68,22,99,36.8
30038354,3,headache,0,101,155,70,21,100,36.9
30038355,3,shortness of breath,5,88,130,76,12,100,37.3
30038356,2,knee pain,8,98,104,94,19,96,37.3
30038357,3,shortness of breath,3,77,117,98,14,96,36.0
30038358,2,headache,6,105,135,72,17,98,37.2
30038359,4,back pain,4,95,94,74,20,99,36.6
30038360,3,back pain,7,65,155,86,17,100,35.2
30038361,2,fall,9,81,163,105,14,99,35.6
30038362,4,chest pain,3,103,141,50,19,96,37.8
30038363,4,shortness of breath,2,68,124,89,14,96,37.8
30038364,3,anxiety,7,118,130,67,16,96,37.1
30038365,2,laceration,7,86,121,97,16,95,37.3
30038366,4,headache,6,104,150,89,19,98,37.9
30038367,3,laceration,0,86,136,63,25,97,36.0
30038368,3,abdominal pain,6,62,129,92,14,98,36.1
30038369,3,fall,0,79,98,98,18,92,36.7
30038370,2,headache,9,67,147,83,16,96,37.0
30038371,4,shortness of breath,0,98,126,48,17,95,37.1
30038372,3,fall,3,76,128,69,30,96,37.8
30038373,4,fall,5,88,131,75,21,100,37.4
30038374,3,laceration,0,68,167,91,14,96,38.1
30038375,3,knee pain,2,97,133,89,15,94,36.9
30038376,4,fall,2,78,128,74,22,94,37.1
30038377,3,knee pain,5,88,159,79,17,98,36.9
30038378,1,abdominal pain,7,57,98,53,11,95,36.6
30038379,4,knee pain,4,97,108,93,23,96,36.3
30038380,3,headache,1,88,156,83,19,100,37.0
30038381,5,laceration,0,70,136,58,14,96,36.9
30038382,3,laceration,5,86,118,81,16,99,36.6
30038383,3,knee pain,1,91,101,83,13,96,36.5
30038384,2,knee pain,10,76,106,101,16,93,36.6
30038385,2,headache,6,124,126,57,23,97,37.3
30038386,3,shortness of breath,7,95,129,91,13,92,36.7
30038387,3,back pain,0,87,120,97,25,96,36.3
30038388,3,headache,7,95,160,83,15,92,35.9
30038389,3,fall,7,47,116,91,23,100,36.3
30038390,3,shortness of breath,1,73,140,86,18,98,37.6
30038391,4,anxiety,3,84,140,56,27,94,36.4
30038392,4,chest pain,1,79,120,75,15,98,36.5
30038393,2,shortness of breath,7,73,118,79,17,99,37.6
30038394,4,fever,0,95,113,83,21,97,37.2
30038395,3,knee pain,2,83,106,75,22,95,37.4
30038396,3,chest pain,6,91,118,96,21,98,35.6
30038397,3,laceration,0,95,102,98,23,97,36.6
30038398,2,laceration,8,85,158,75,12,93,36.3
30038399,4,fever,3,79,138,81,18,93,36.2
30038400,5,knee pain,3,98,127,63,16,97,36.6
30038401,2,knee pain,10,84,158,70,18,99,38.7
30038402,3,laceration,4,94,112,76,18,100,37.2
30038403,4,shortness of breath,2,90,118,84,14,92,36.1
30038404,2,abdominal pain,8,78,127,90,23,96,38.4
30038405,3,fall,3,79,114,101,19,100,37.1
30038406,4,shortness of breath,1,51,131,84,10,97,36.2
30038407,3,headache,5,85,103,63,32,95,36.6
30038408,3,abdominal pain,7,71,141,81,25,100,35.2
30038409,3,headache,0,117,132,73,23,99,36.1
30038410,3,laceration,2,87,132,86,18,94,37.1
30038411,2,laceration,10,82,159,115,25,100,36.5
30038412,4,anxiety,7,83,149,70,18,97,37.8
30038413,2,shortness of breath,8,88,160,87,18,100,36.4
30038414,4,headache,1,50,105,93,17,93,36.7
30038415,2,abdominal pain,6,70,98,117,14,96,36.6
30038416,2,anxiety,8,84,122,82,23,98,35.7
30038417,4,headache,1,116,94,41,17,94,36.4
30038418,3,knee pain,7,60,164,80,15,94,37.9
30038419,3,abdominal pain,0,85,127,87,13,96,35.2
30038420,3,headache,7,81,103,80,17,94,37.5
30038421,1,fever,9,77,127,88,28,98,36.8
30038422,3,fever,3,93,134,89,21,96,38.3
30038423,4,knee pain,7,107,125,79,24,97,37.8
30038424,3,anxiety,4,70,145,103,20,92,36.6
30038425,4,abdominal pain,2,75,117,78,16,100,37.4
30038426,3,headache,5,82,105,82,18,93,38.7
30038427,3,back pain,1,88,146,101,21,98,37.3
30038428,3,shortness of breath,0,41,135,124,14,99,36.6
30038429,3,chest pain,2,90,115,83,19,94,35.8
30038430,3,abdominal pain,3,87,146,94,12,100,38.0
30038431,3,anxiety,4,64,113,73,14,100,36.6
30038432,3,abdominal pain,1,89,128,64,24,99,37.6
30038433,3,shortness of breath,5,79,104,93,18,96,36.1
30038434,3,abdominal pain,5,94,116,72,20,89,35.7
30038435,4,chest pain,3,51,114,117,19,96,37.5
30038436,3,laceration,2,90,146,127,15,94,37.5
30038437,4,shortness of breath,5,79,102,83,17,94,36.0
30038438,3,abdominal pain,6,80,121,84,12,98,38.2
30038439,5,fall,0,94,166,28,22,96,37.6
30038440,4,shortness of breath,3,56,112,73,18,94,36.7
30038441,3,shortness of breath,6,111,105,94,26,99,38.3
30038442,2,anxiety,8,75,125,65,17,91,36.9
30038443,4,abdominal pain,1,118,161,83,27,100,37.9
30038444,1,back pain,6,71,131,64,18,98,37.0
30038445,3,knee pain,3,101,126,93,15,94,37.9
30038446,3,back pain,5,90,101,89,12,97,37.3
30038447,4,shortness of breath,0,97,141,79,23,94,36.4
30038448,2,knee pain,6,81,122,78,17,94,38.4
30038449,3,fever,5,65,96,91,18,100,36.9
30038450,4,fall,3,76,136,89,22,93,35.4
30038451,4,anxiety,1,65,112,73,20,95,36.0
30038452,2,anxiety,6,82,100,66,19,99,36.9
30038453,2,knee pain,6,89,119,93,18,93,37.5
30038454,3,knee pain,6,46,136,78,19,92,39.3
30038455,2,back pain,10,110,97,88,21,97,37.3
30038456,3,knee pain,5,94,110,72,19,100,35.9
30038457,1,fall,9,69,96,82,17,97,39.4
30038458,3,shortness of breath,2,94,159,56,26,99,37.7
30038459,3,fall,5,75,129,84,17,95,36.5
30038460,3,laceration,5,70,156,59,13,91,38.7
30038461,3,shortness of breath,5,65,103,63,23,95,36.7
30038462,3,anxiety,5,75,98,78,25,100,37.2
30038463,3,knee pain,6,91,131,75,21,100,37.1
30038464,2,fall,10,73,132,84,23,91,36.9
30038465,4,fall,3,101,136,78,14,96,36.5
30038466,3,headache,2,79,138,93,14,93,37.7
30038467,3,back pain,3,79,128,56,20,94,36.1
30038468,2,anxiety,7,93,123,78,21,97,36.7
30038469,3,knee pain,4,67,137,88,23,100,38.0
30038470,3,knee pain,3,83,139,68,17,96,38.4
30038471,3,back pain,5,52,85,65,24,100,35.9
30038472,4,abdominal pain,0,73,107,71,18,94,37.2
30038473,4,knee pain,5,104,136,80,21,100,37.0
30038474,2,headache,10,72,104,77,23,97,36.2
30038475,3,chest pain,6,91,166,73,23,98,36.9
30038476,3,fever,2,87,98,60,16,100,37.4
30038477,3,laceration,4,60,141,77,23,95,37.3
30038478,3,knee pain,5,83,97,62,21,99,37.1
30038479,2,knee pain,8,94,114,89,12,97,38.0
30038480,2,chest pain,6,81,123,75,9,100,36.1
30038481,3,anxiety,0,105,158,84,12,99,36.7
30038482,3,anxiety,6,92,89,84,13,98,36.4
30038483,3,headache,4,84,122,75,24,98,37.2
30038484,3,abdominal pain,3,78,177,77,13,94,38.4
30038485,3,knee pain,6,127,107,65,22,94,38.1
30038486,3,anxiety,4,69,101,60,20,97,37.4
30038487,3,chest pain,2,81,115,64,17,98,38.2
30038488,2,laceration,8,96,131,67,17,98,37.5
30038489,1,laceration,7,82,118,72,17,94,36.2
30038490,2,chest pain,9,88,141,76,21,96,36.6
30038491,2,back pain,6,77,143,58,15,98,38.4
30038492,3,headache,4,58,128,86,15,94,37.2
30038493,3,chest pain,7,120,120,71,15,92,37.6
30038494,1,fall,7,84,153,75,28,96,35.9
30038495,5,anxiety,5,78,137,94,14,96,36.4
30038496,3,knee pain,4,92,135,73,12,99,38.3
30038497,3,knee pain,3,93,104,90,20,96,37.6
30038498,2,anxiety,10,81,134,86,16,100,37.3
30038499,3,back pain,0,95,112,108,18,98,35.4
30038500,4,abdominal pain,3,79,148,65,16,95,37.3
30038501,4,laceration,4,51,120,66,16,100,38.2
30038502,3,back pain,2,75,126,61,26,97,36.7
30038503,3,headache,7,56,142,86,21,98,37.8
30038504,3,fall,0,82,137,119,21,98,36.3
30038505,3,fever,2,72,164,97,26,100,36.3
30038506,4,abdominal pain,4,75,129,73,11,93,36.0
30038507,3,chest pain,5,89,128,75,15,98,38.0
30038508,3,fever,6,66,104,84,19,100,36.7
30038509,4,knee pain,5,105,122,106,16,96,37.5
30038510,5,back pain,7,81,106,73,5,100,37.9
30038511,2,abdominal pain,8,64,111,78,19,93,37.6
30038512,3,chest pain,5,80,102,98,13,96,37.4
30038513,3,fall,3,101,131,76,18,98,37.1
30038514,3,abdominal pain,7,103,90,60,26,94,36.8
30038515,3,shortness of breath,2,96,123,55,21,97,35.8
30038516,2,headache,9,70,112,62,12,97,36.0
30038517,2,fever,7,84,131,75,14,99,37.8
30038518,2,anxiety,6,81,95,76,12,100,37.0
30038519,3,abdominal pain,6,81,118,52,22,100,37.5
30038520,1,headache,10,93,151,91,12,99,37.2
30038521,5,headache,2,87,102,70,19,98,37.8
30038522,3,back pain,0,57,109,72,22,96,37.8
30038523,4,abdominal pain,1,88,128,86,17,100,37.2
30038524,3,anxiety,1,77,120,79,19,94,37.5
30038525,3,headache,0,110,131,87,17,98,37.4
30038526,3,shortness of breath,0,89,98,79,14,98,37.4
30038527,3,anxiety,0,87,114,78,23,99,37.3
30038528,3,anxiety,4,76,149,77,20,95,37.0
30038529,2,fall,10,105,147,76,22,98,36.1
30038530,3,abdominal pain,3,74,161,70,21,97,37.1
30038531,3,laceration,4,80,125,103,17,95,36.2
30038532,3,fall,2,65,117,60,16,100,36.6
30038533,3,laceration,5,71,114,78,20,99,36.1
30038534,3,fall,6,85,112,77,13,97,37.7
30038535,4,headache,4,86,106,90,28,97,37.1
30038536,2,headache,9,89,98,108,22,99,37.6
30038537,3,laceration,6,84,97,71,18,94,37.2
30038538,5,anxiety,3,77,168,103,12,95,36.9
30038539,3,laceration,2,88,108,46,19,96,37.5
30038540,2,shortness of breath,6,80,151,79,16,94,36.5
30038541,3,knee pain,3,84,103,64,12,99,36.7
30038542,3,anxiety,1,107,117,91,23,100,37.5
30038543,2,headache,10,95,90,71,16,97,38.3
30038544,4,chest pain,7,89,137,94,15,94,37.9
30038545,3,anxiety,0,99,107,79,22,98,37.2
30038546,1,shortness of breath,10,82,148,86,26,97,36.8
30038547,5,chest pain,2,81,131,58,16,93,37.8
30038548,3,anxiety,6,94,111,78,15,93,34.8
30038549,5,knee pain,4,86,136,55,18,92,38.0
30038550,3,laceration,5,106,134,113,20,94,36.8
30038551,3,anxiety,6,107,108,75,13,99,38.2
30038552,3,laceration,4,88,95,57,17,98,36.6
30038553,4,abdominal pain,5,110,143,83,17,97,37.0
30038554,3,back pain,3,104,112,63,15,100,36.5
30038555,3,anxiety,2,85,134,78,19,97,36.9
30038556,3,laceration,3,114,112,98,16,97,37.4
30038557,2,anxiety,6,92,115,72,15,99,37.5
30038558,5,laceration,2,66,124,79,18,100,37.4
30038559,3,headache,2,69,155,82,16,97,37.7
30038560,5,fever,2,77,118,93,20,100,36.1
30038561,3,fever,5,84,98,52,18,95,36.6
30038562,3,fall,0,66,128,91,12,100,38.3
30038563,3,headache,4,79,120,88,19,98,36.2
30038564,1,shortness of breath,6,60,115,79,20,100,37.6
30038565,3,fever,2,69,114,97,20,100,37.4
30038566,4,anxiety,4,103,130,87,20,96,37.4
30038567,4,abdominal pain,1,93,119,95,16,98,34.6
30038568,3,back pain,6,92,97,76,24,94,38.3
30038569,2,abdominal pain,9,75,150,75,18,97,36.8
30038570,3,chest pain,0,69,123,64,20,99,36.8
30038571,3,headache,2,104,124,113,20,93,37.3
30038572,3,headache,5,59,124,94,17,100,34.8
30038573,3,abdominal pain,0,100,135,83,9,96,37.0
30038574,3,back pain,4,96,157,93,19,100,36.1
30038575,3,knee pain,0,90,105,72,16,97,36.9
30038576,5,back pain,4,107,125,96,20,95,36.2
30038577,2,anxiety,8,89,163,83,19,99,36.4
30038578,3,fever,5,112,139,96,21,96,36.8
30038579,3,back pain,3,82,111,94,18,100,36.9
30038580,2,anxiety,8,102,130,100,21,100,36.9
30038581,4,fever,6,80,149,88,24,92,38.9
30038582,3,laceration,6,80,106,95,20,93,37.8
30038583,3,knee pain,4,60,158,113,17,96,37.5
30038584,3,headache,4,88,119,83,6,96,36.7
30038585,3,anxiety,1,78,103,104,14,100,36.4
30038586,3,abdominal pain,5,106,112,69,13,99,38.3
30038587,5,chest pain,5,97,117,40,17,93,37.7
30038588,4,shortness of breath,1,84,100,87,20,100,36.2
30038589,3,fall,3,83,157,80,20,96,37.7
30038590,4,knee pain,3,78,69,83,19,100,36.7
30038591,2,laceration,7,91,124,102,13,100,36.1
30038592,5,knee pain,2,83,115,82,22,99,36.4
30038593,3,shortness of breath,7,109,90,76,17,96,36.7
30038594,4,fall,0,71,98,98,17,96,37.2
30038595,5,back pain,6,116,140,83,23,95,36.9
30038596,4,abdominal pain,4,70,126,71,15,97,36.4
30038597,5,fever,1,93,124,89,23,96,37.1
30038598,3,laceration,5,85,110,74,16,96,36.9
30038599,3,knee pain,3,106,109,98,19,97,36.6
30038600,3,laceration,6,70,124,73,18,95,38.2
30038601,4,fever,4,103,141,68,11,100,36.7
30038602,3,chest pain,6,78,123,85,24,99,37.3
30038603,1,fall,6,101,166,60,21,94,36.7
30038604,2,back pain,10,100,108,67,18,96,37.0
30038605,4,headache,4,70,110,86,14,98,36.2
30038606,3,back pain,3,67,105,68,22,95,36.7
30038607,2,fever,10,68,176,111,16,93,37.2
30038608,3,fall,3,67,137,75,24,97,37.6
30038609,4,headache,0,85,147,118,16,99,37.2
30038610,5,headache,3,102,118,72,13,100,35.1
30038611,3,back pain,3,90,121,88,10,94,37.8
30038612,3,abdominal pain,5,91,111,87,15,96,35.7
30038613,2,anxiety,8,81,149,56,15,97,36.9
30038614,3,fall,3,93,114,59,15,94,35.8
30038615,3,headache,3,73,138,71,15,100,37.2
30038616,5,back pain,4,88,93,103,19,98,37.8
30038617,2,laceration,6,88,139,51,20,96,36.6
30038618,3,fever,3,95,91,87,18,93,36.5
30038619,4,knee pain,5,93,95,89,14,99,37.3
30038620,4,fever,5,76,138,79,16,91,36.7
30038621,3,fever,1,80,92,75,17,100,36.9
30038622,3,back pain,2,96,172,53,20,98,37.5
30038623,3,fall,0,74,139,83,15,98,38.1
30038624,4,laceration,2,85,118,81,16,96,37.6
30038625,3,abdominal pain,2,89,120,76,12,99,35.7
30038626,3,laceration,4,89,142,101,18,98,38.3
30038627,3,headache,6,69,120,68,19,95,37.3
30038628,2,abdominal pain,9,114,114,115,21,95,37.7
30038629,2,headache,9,87,118,80,27,96,37.1
30038630,3,fall,2,71,129,87,21,100,36.9
30038631,3,shortness of breath,7,69,155,104,16,97,37.1
30038632,3,back pain,6,115,135,88,18,98,37.2
30038633,3,fall,2,80,129,80,18,94,37.1
30038634,3,back pain,6,89,115,83,26,100,36.6
30038635,3,back pain,3,120,149,84,17,91,36.2
30038636,4,headache,5,77,114,64,21,91,39.1
30038637,2,headache,10,79,107,107,15,100,36.9
30038638,3,headache,0,58,142,76,15,99,37.8
30038639,4,back pain,7,94,89,75,15,96,36.2
30038640,2,anxiety,9,99,134,82,19,99,37.6
30038641,3,knee pain,4,63,145,68,25,95,37.0
30038642,3,fall,0,61,149,57,15,100,37.1
30038643,2,back pain,9,95,128,84,17,94,38.1
30038644,2,laceration,8,73,135,71,21,96,37.2
30038645,1,fever,6,91,130,84,21,98,35.9
30038646,3,laceration,0,85,112,96,14,100,36.8
30038647,3,anxiety,7,68,93,73,18,100,37.0
30038648,3,back pain,2,99,135,80,22,95,36.5
30038649,3,headache,7,81,140,77,18,99,36.4
30038650,3,fall,7,119,126,73,25,99,37.1
30038651,3,fall,5,99,61,105,18,97,36.7
30038652,4,fall,6,122,116,97,13,96,36.8
30038653,2,anxiety,9,74,124,95,21,94,35.8
30038654,1,knee pain,10,72,107,93,13,96,36.1
30038655,1,fever,6,98,136,93,13,93,36.9
30038656,2,headache,7,84,149,58,13,96,36.6
30038657,3,fever,3,86,106,85,16,94,36.3
30038658,5,knee pain,1,78,134,106,16,95,36.6
30038659,5,abdominal pain,0,84,141,82,16,98,37.1
30038660,3,headache,2,77,120,94,22,100,38.6
30038661,2,knee pain,6,85,112,79,21,91,37.1
30038662,2,anxiety,9,85,117,79,16,87,36.4
30038663,2,back pain,8,93,151,87,17,100,36.7
30038664,3,laceration,1,66,129,69,22,98,37.2
30038665,3,anxiety,6,79,121,60,20,94,36.6
30038666,2,anxiety,8,70,117,60,14,96,37.2
30038667,4,chest pain,2,104,105,71,17,97,36.9
30038668,3,laceration,6,98,85,85,20,99,36.5
30038669,5,abdominal pain,0,75,162,98,18,99,36.3
30038670,3,knee pain,3,84,126,79,15,92,37.9
30038671,4,anxiety,0,72,107,94,15,96,35.5
30038672,2,knee pain,9,87,100,76,12,100,37.2
30038673,4,fall,5,100,176,75,17,98,36.8
30038674,4,abdominal pain,0,97,142,67,17,98,37.9
30038675,4,anxiety,1,93,114,92,19,95,35.7
30038676,3,fall,1,93,127,96,18,99,37.9
30038677,3,chest pain,3,101,149,55,16,98,37.8
30038678,4,laceration,3,65,122,83,16,95,37.1
30038679,2,chest pain,8,69,103,109,19,98,37.3
30038680,3,abdominal pain,0,110,94,89,18,94,38.6
30038681,3,fall,4,86,124,84,21,96,36.5
30038682,4,chest pain,6,107,145,78,17,98,36.3
30038683,1,chest pain,7,95,152,87,18,100,34.6
30038684,3,chest pain,2,100,126,81,18,100,37.2
30038685,3,fever,3,87,169,60,25,100,37.2
30038686,3,abdominal pain,0,80,81,124,21,95,36.0
30038687,4,chest pain,2,66,152,74,23,95,36.1
30038688,3,headache,6,85,121,67,16,97,35.3
30038689,3,fever,2,64,131,66,16,92,36.0
30038690,2,laceration,8,97,160,87,21,100,36.2
30038691,2,abdominal pain,9,92,117,91,15,99,37.3
30038692,3,laceration,3,107,126,104,19,94,37.9
30038693,3,laceration,4,80,90,76,24,90,36.8
30038694,3,chest pain,1,112,107,82,14,93,37.4
30038695,1,headache,10,81,114,81,18,99,37.3
30038696,2,laceration,9,85,132,72,16,96,38.7
30038697,2,anxiety,10,95,148,76,20,95,37.2
30038698,3,anxiety,0,95,117,79,23,98,37.3
30038699,4,chest pain,6,95,118,118,16,91,36.1
30038700,2,fever,10,90,103,55,23,100,35.5
30038701,3,shortness of breath,0,80,126,79,15,94,37.4
30038702,3,back pain,3,94,144,56,12,96,37.1
30038703,2,shortness of breath,10,72,120,92,17,97,37.5
30038704,3,knee pain,7,107,103,43,25,99,36.6
30038705,3,laceration,2,61,136,83,21,98,35.7
30038706,4,shortness of breath,5,83,141,66,29,100,38.0
30038707,4,shortness of breath,2,91,135,100,12,96,36.1
30038708,3,fever,1,94,135,112,21,97,35.6
30038709,2,fever,9,58,160,94,17,95,36.7
30038710,3,chest pain,1,80,121,91,20,94,35.8
30038711,3,knee pain,1,98,116,70,23,99,36.8
30038712,3,anxiety,5,60,121,68,13,100,37.3
30038713,3,shortness of breath,6,59,165,73,15,95,37.1
30038714,4,back pain,0,80,121,88,18,99,36.5
30038715,3,abdominal pain,6,76,104,84,11,99,36.2
30038716,4,back pain,0,69,105,65,14,98,37.5
30038717,4,fever,6,70,116,57,15,99,37.5
30038718,4,knee pain,4,76,106,72,18,99,38.6
30038719,3,laceration,3,91,122,56,15,98,37.0
30038720,2,headache,9,84,94,71,26,99,36.0
30038721,4,back pain,6,100,121,77,19,99,38.1
30038722,4,abdominal pain,6,105,144,79,18,94,38.5
30038723,4,headache,3,84,110,82,24,99,36.8
30038724,3,fever,5,56,146,82,17,96,36.1
30038725,3,laceration,5,105,154,95,20,96,35.4
30038726,3,back pain,3,100,122,63,21,97,37.2
30038727,2,abdominal pain,7,97,155,80,17,94,37.4
30038728,5,fever,7,69,132,72,26,100,37.7
30038729,4,knee pain,3,70,126,89,20,95,36.8
30038730,1,back pain,10,87,126,83,21,100,35.8
30038731,4,chest pain,0,67,126,81,16,96,37.4
30038732,3,anxiety,4,85,115,64,27,91,37.6
30038733,3,fever,7,101,113,80,11,95,37.4
30038734,3,anxiety,4,82,140,59,21,93,36.9
30038735,3,headache,4,97,111,87,17,98,37.3
30038736,4,anxiety,7,84,166,85,25,94,37.5
30038737,2,laceration,6,102,142,87,22,98,36.5
30038738,3,back pain,2,84,135,73,16,96,37.5
30038739,3,back pain,3,108,111,75,18,100,37.1
30038740,4,headache,4,92,133,97,19,92,37.6
30038741,3,fall,2,70,151,92,19,99,37.5
30038742,4,headache,2,118,139,77,21,100,36.2
30038743,5,anxiety,6,92,108,63,16,98,36.9
30038744,3,knee pain,4,72,93,70,20,91,37.2
30038745,2,chest pain,10,81,106,108,22,100,36.7
30038746,2,laceration,10,91,122,62,22,96,37.0
30038747,4,knee pain,6,70,107,84,19,98,38.7
30038748,2,abdominal pain,6,77,113,67,14,99,37.2
30038749,3,knee pain,6,67,112,75,18,95,37.3
30038750,2,shortness of breath,6,76,130,82,17,100,36.0
30038751,4,abdominal pain,7,123,119,75,21,96,36.0
30038752,4,back pain,3,89,103,70,17,100,37.0
30038753,2,back pain,6,103,145,66,12,97,38.0
30038754,2,shortness of breath,8,101,97,75,23,93,36.9
30038755,3,chest pain,1,56,123,73,15,100,37.8
30038756,3,back pain,0,93,137,92,21,94,36.8
30038757,1,headache,6,68,138,97,18,100,34.9
30038758,3,shortness of breath,2,80,96,74,24,93,37.5
30038759,2,fever,6,109,135,104,14,96,35.7
30038760,3,headache,2,66,108,76,11,100,37.1
30038761,3,chest pain,2,83,137,71,12,94,37.7
30038762,2,back pain,9,97,117,97,16,95,36.8
30038763,4,shortness of breath,0,93,113,64,22,98,37.6
30038764,3,abdominal pain,1,84,165,92,24,98,37.2
30038765,3,knee pain,7,69,148,85,25,99,36.6
30038766,2,fever,6,115,130,74,23,100,37.0
30038767,3,laceration,4,103,116,79,16,100,36.3
30038768,3,fall,0,67,106,91,25,97,36.4
30038769,2,back pain,10,107,97,102,17,100,36.4
30038770,4,headache,6,96,127,89,20,97,35.3
30038771,1,shortness of breath,10,74,143,73,22,99,36.8
30038772,4,knee pain,6,85,128,47,18,92,37.6
30038773,4,fever,5,110,138,83,24,95,37.4
30038774,3,anxiety,3,66,150,78,10,97,37.3
30038775,3,back pain,7,92,103,60,17,99,36.7
30038776,2,knee pain,9,69,127,90,21,95,36.8
30038777,4,chest pain,2,107,112,96,17,98,36.0
30038778,2,anxiety,10,77,115,69,17,99,37.2
30038779,3,back pain,5,97,124,121,25,100,35.7
30038780,3,back pain,1,68,124,86,21,99,38.4
30038781,4,back pain,0,96,118,91,18,98,36.6
30038782,4,anxiety,3,91,135,81,14,98,37.3
30038783,4,fever,4,79,112,72,14,98,37.6
30038784,3,knee pain,5,101,125,95,10,99,36.1
30038785,3,chest pain,7,74,100,80,20,100,37.1
30038786,3,abdominal pain,1,51,114,77,15,100,36.5
30038787,3,laceration,1,83,119,81,27,100,36.8
30038788,3,fall,2,86,109,63,21,94,38.2
30038789,4,back pain,0,111,111,83,17,100,37.4
30038790,3,laceration,5,67,147,71,19,100,37.3
30038791,3,headache,3,87,117,62,20,97,36.7
30038792,3,fever,7,72,161,64,22,97,36.9
30038793,4,shortness of breath,7,86,133,82,12,96,37.3
30038794,3,anxiety,0,96,145,70,21,97,36.4
30038795,2,back pain,8,60,84,92,24,98,36.2
30038796,4,headache,2,53,145,60,12,97,37.5
30038797,4,headache,2,69,135,103,18,95,37.8
30038798,3,abdominal pain,6,107,125,89,17,97,37.5
30038799,4,knee pain,1,80,143,102,17,98,37.3
30038800,3,anxiety,1,64,163,88,22,100,37.5
30038801,3,shortness of breath,7,79,101,80,15,97,35.7
30038802,3,shortness of breath,2,87,113,76,16,95,37.2
30038803,3,fever,2,77,120,82,17,96,37.3
30038804,1,shortness of breath,6,61,137,84,25,99,36.5
30038805,3,knee pain,2,61,131,70,23,97,37.7
30038806,3,fall,6,75,127,77,16,100,35.9
30038807,4,fall,6,49,112,72,20,98,36.1
30038808,2,headache,6,77,135,53,19,100,39.0
30038809,2,laceration,9,70,108,66,20,97,36.1
30038810,3,laceration,0,101,122,85,11,97,37.8
30038811,3,back pain,0,111,101,91,14,93,35.3
30038812,2,anxiety,7,76,126,68,15,100,36.5
30038813,3,laceration,1,99,124,70,7,97,38.1
30038814,3,knee pain,0,89,144,88,23,95,36.2
30038815,3,laceration,4,83,134,66,15,93,37.7
30038816,5,chest pain,5,105,109,72,17,100,35.8
30038817,3,fall,5,92,189,78,10,99,35.5
30038818,2,anxiety,9,65,133,92,15,99,36.9
30038819,4,knee pain,4,63,90,95,17,100,35.9
30038820,3,fall,7,77,108,78,14,96,37.0
30038821,4,abdominal pain,0,91,129,114,15,100,36.8
30038822,2,laceration,6,52,137,71,18,96,37.5
30038823,3,knee pain,6,71,104,52,19,95,37.0
30038824,3,headache,6,78,112,102,24,94,37.0
30038825,3,shortness of breath,1,89,144,69,17,95,37.1
30038826,3,knee pain,0,101,102,98,23,93,36.6
30038827,3,chest pain,1,82,131,73,20,97,38.2
30038828,2,chest pain,9,91,89,68,17,95,37.4
30038829,2,laceration,9,80,108,88,13,100,37.2
30038830,2,abdominal pain,9,92,133,87,16,93,37.9
30038831,4,knee pain,5,86,146,63,24,96,36.5
30038832,3,fever,7,73,117,97,16,94,37.1
30038833,3,fall,4,59,137,92,14,94,37.6
30038834,3,back pain,3,101,142,106,21,95,36.2
30038835,5,fall,3,75,123,72,15,98,37.0
30038836,2,shortness of breath,8,75,131,77,23,96,36.8
30038837,4,chest pain,0,108,96,83,25,99,36.3
30038838,1,back pain,8,73,144,88,22,96,37.1
30038839,3,knee pain,3,79,151,84,16,97,36.7
30038840,3,abdominal pain,1,93,133,57,13,96,37.5
30038841,4,headache,0,84,120,110,22,97,36.5
30038842,3,shortness of breath,3,81,145,64,17,98,35.6
30038843,4,laceration,2,75,108,59,21,97,37.2
30038844,3,anxiety,4,89,115,110,19,100,37.4
30038845,1,knee pain,9,85,159,88,24,97,37.5
30038846,3,headache,6,89,139,83,16,95,35.8
30038847,3,chest pain,3,78,105,97,23,99,37.8
30038848,2,fever,9,87,131,111,18,95,37.5
30038849,2,fall,7,68,118,81,18,98,36.8
30038850,4,shortness of breath,5,88,83,98,15,98,37.4
30038851,3,chest pain,4,110,153,79,14,98,38.2
30038852,4,chest pain,5,109,90,86,18,94,38.2
30038853,3,chest pain,4,46,125,95,18,100,36.7
30038854,4,headache,6,88,117,71,17,94,36.4
30038855,3,shortness of breath,6,69,135,117,18,99,38.4
30038856,3,back pain,3,89,118,94,22,100,36.7
30038857,3,back pain,5,88,151,106,24,100,36.9
30038858,3,anxiety,7,68,102,68,16,100,36.3
30038859,2,chest pain,9,87,145,94,15,95,37.5
30038860,3,abdominal pain,4,93,125,70,19,100,37.6
30038861,4,back pain,3,117,131,94,19,97,36.7
30038862,3,laceration,0,68,109,86,19,99,38.4
30038863,2,chest pain,8,64,127,89,20,97,37.6
30038864,2,anxiety,8,102,121,71,23,100,37.5
30038865,3,back pain,0,90,158,90,12,93,37.5
30038866,2,anxiety,6,72,121,82,16,92,35.9
30038867,5,back pain,2,101,102,80,20,100,35.6
30038868,2,shortness of breath,9,69,104,80,23,100,35.6
30038869,2,fall,6,94,121,66,16,92,37.9
30038870,3,anxiety,6,78,147,96,19,98,37.0
30038871,1,shortness of breath,6,87,151,105,25,96,37.0
30038872,2,laceration,10,94,62,101,23,100,36.4
30038873,3,abdominal pain,6,87,148,98,18,96,36.6
30038874,3,fall,1,99,122,74,16,94,36.8
30038875,4,abdominal pain,2,104,97,76,15,100,36.3
30038876,3,fall,6,87,119,81,16,99,37.6
30038877,3,knee pain,5,82,157,112,16,99,38.7
30038878,5,anxiety,0,84,141,78,25,96,37.6
30038879,2,fever,10,60,126,107,9,98,36.1
30038880,3,knee pain,5,73,107,71,18,91,37.7
30038881,3,shortness of breath,7,98,107,83,22,90,38.3
30038882,2,shortness of breath,10,82,110,74,26,99,36.5
30038883,3,headache,5,105,165,60,15,100,36.6
30038884,4,shortness of breath,5,75,153,56,20,100,36.6
30038885,4,fall,4,80,105,88,16,96,35.0
30038886,3,fall,2,77,151,75,17,96,37.9
30038887,3,knee pain,7,94,123,72,18,100,36.9
30038888,3,back pain,6,77,78,89,14,100,36.9
30038889,4,chest pain,0,78,124,82,19,94,37.2
30038890,2,headache,9,68,123,75,14,100,35.3
30038891,2,headache,6,84,138,71,15,94,36.0
30038892,3,laceration,0,77,129,77,21,100,36.6
30038893,3,laceration,0,102,141,101,16,96,37.7
30038894,2,chest pain,7,85,125,74,18,97,37.6
30038895,3,laceration,3,97,127,100,22,100,36.8
30038896,3,laceration,0,71,156,71,20,100,37.3
30038897,2,shortness of breath,9,92,125,68,17,97,36.6
30038898,3,back pain,7,76,166,84,21,100,35.9
30038899,2,abdominal pain,6,106,134,70,19,93,36.4
30038900,2,shortness of breath,9,83,114,80,15,98,37.6
30038901,3,shortness of breath,5,89,140,75,20,98,36.6
30038902,1,headache,9,87,143,76,17,98,36.7
30038903,4,fall,1,97,89,68,21,97,37.5
30038904,3,fall,6,108,130,63,11,94,37.1
30038905,2,knee pain,6,106,120,85,17,100,37.9
30038906,5,anxiety,2,71,129,97,17,97,36.7
30038907,4,back pain,7,79,134,52,6,99,37.3
30038908,4,headache,0,99,141,71,20,96,36.7
30038909,4,chest pain,7,86,106,70,14,100,37.0
30038910,3,back pain,6,50,145,79,18,98,37.3
30038911,3,chest pain,6,75,126,45,17,97,37.1
30038912,4,fall,0,78,105,75,18,93,36.5
30038913,4,shortness of breath,0,93,157,86,16,99,36.6
30038914,3,headache,5,75,96,70,4,93,37.9
30038915,3,knee pain,0,106,125,81,17,94,37.8
30038916,3,headache,3,67,154,88,17,96,38.6
30038917,3,back pain,1,80,129,68,11,98,36.4
30038918,2,abdominal pain,6,104,127,75,16,99,37.7
30038919,2,laceration,7,73,118,105,18,95,38.1
30038920,3,headache,2,78,126,80,25,95,36.9
30038921,4,fall,2,68,155,47,24,100,37.8
30038922,1,headache,10,84,136,77,20,100,38.0
30038923,3,abdominal pain,0,115,106,70,15,97,39.1
30038924,4,laceration,2,87,141,93,21,93,36.2
30038925,3,fall,2,77,129,74,14,93,37.3
30038926,3,back pain,3,93,133,58,18,96,37.9
30038927,2,fever,9,83,147,86,17,91,37.0
30038928,3,shortness of breath,7,107,125,53,15,93,35.7
30038929,2,chest pain,7,99,118,50,18,99,35.7
30038930,3,anxiety,6,91,124,82,16,92,35.8
30038931,2,laceration,8,89,114,81,18,100,36.9
30038932,2,chest pain,7,63,154,90,16,96,37.1
30038933,3,shortness of breath,2,116,152,82,22,99,36.8
30038934,2,knee pain,9,88,92,101,18,100,37.1
30038935,3,headache,7,83,120,69,14,97,37.6
30038936,3,knee pain,4,61,112,113,17,97,37.3
30038937,3,fever,3,95,175,87,13,97,37.3
30038938,3,chest pain,7,93,88,46,20,100,37.0
30038939,3,laceration,0,64,137,66,15,96,38.0
30038940,5,laceration,4,87,115,110,20,98,38.0
30038941,4,fever,5,102,121,81,13,95,37.8
30038942,3,back pain,4,87,128,66,20,94,36.8
30038943,3,fever,1,95,93,51,16,98,37.6
30038944,2,fever,7,72,134,55,17,100,36.8
30038945,1,fever,6,101,114,93,15,94,36.7
30038946,2,shortness of breath,8,83,143,78,18,90,36.9
30038947,2,shortness of breath,10,97,127,104,26,90,36.2
30038948,3,anxiety,0,79,129,78,18,100,37.3
30038949,3,back pain,2,63,121,79,19,94,36.6
30038950,5,chest pain,7,90,140,66,17,96,36.7
30038951,2,laceration,9,88,112,78,18,99,37.9
30038952,3,chest pain,2,97,151,68,18,99,37.3
30038953,3,laceration,1,62,139,64,16,100,36.4
30038954,3,back pain,1,70,141,80,21,88,37.0
30038955,3,fall,2,98,124,80,16,97,36.8
30038956,5,shortness of breath,0,92,150,69,15,96,36.9
30038957,4,abdominal pain,7,67,151,100,5,96,37.0
30038958,2,anxiety,8,105,103,74,15,89,36.9
30038959,3,back pain,6,89,117,95,20,94,37.4
30038960,4,shortness of breath,7,77,124,69,21,100,37.4
30038961,4,fever,0,70,121,67,16,93,36.2
30038962,2,shortness of breath,7,113,109,85,11,100,38.2
30038963,2,laceration,8,59,109,100,12,93,37.4
30038964,3,headache,0,74,154,69,20,93,36.5
30038965,3,headache,1,68,122,68,18,99,37.7
30038966,3,laceration,7,74,141,83,21,97,37.1
30038967,4,fever,2,77,102,77,12,96,36.4
30038968,3,knee pain,7,72,103,67,25,99,38.9
30038969,4,knee pain,4,75,119,52,23,94,36.8
30038970,3,headache,4,91,115,61,14,99,36.9
30038971,3,anxiety,0,74,128,97,22,97,37.9
30038972,2,fall,10,100,112,76,14,100,37.7
30038973,2,chest pain,9,91,136,67,27,96,36.0
30038974,1,fever,7,109,122,84,13,97,37.8
30038975,3,headache,2,89,123,106,20,99,37.4
30038976,4,laceration,1,78,106,83,18,100,36.9
30038977,2,shortness of breath,10,90,130,65,16,96,36.3
30038978,4,anxiety,1,72,109,101,21,98,38.1
30038979,5,anxiety,6,92,144,96,20,97,35.8
30038980,3,chest pain,4,72,129,77,17,98,36.0
30038981,4,back pain,6,86,101,60,22,100,37.7
30038982,3,anxiety,5,104,97,106,21,89,35.7
30038983,3,chest pain,7,100,129,103,21,100,36.4
30038984,1,anxiety,9,93,130,103,22,96,36.1
30038985,2,fever,8,104,130,91,19,99,36.9
30038986,4,headache,2,91,118,99,15,98,36.6
30038987,3,chest pain,1,94,141,87,7,99,37.0
30038988,3,fever,2,73,116,80,15,98,38.9
30038989,3,knee pain,5,85,136,99,18,100,37.5
30038990,2,chest pain,6,74,161,77,20,98,37.6
30038991,5,anxiety,6,81,133,107,19,98,35.3
30038992,2,fever,10,88,145,76,25,97,37.8
30038993,3,laceration,4,76,114,89,21,99,36.9
30038994,1,abdominal pain,7,101,123,99,21,94,36.6
30038995,3,abdominal pain,6,69,94,92,21,96,35.9
30038996,4,laceration,2,111,135,88,16,100,37.2
30038997,4,back pain,7,87,120,83,21,92,36.8
30038998,3,back pain,4,71,108,55,20,94,37.9
30038999,4,anxiety,6,85,152,82,22,96,36.3
30039000,2,chest pain,8,90,114,65,13,100,36.1
30039001,4,anxiety,3,87,122,87,11,100,36.5
30039002,3,fall,5,77,146,87,18,100,37.7
30039003,2,anxiety,10,79,149,68,18,98,37.8
30039004,2,laceration,10,57,135,84,17,97,35.9
30039005,3,knee pain,7,76,134,79,21,100,37.0
30039006,2,fall,8,87,133,123,20,100,37.4
30039007,3,chest pain,6,84,152,88,18,91,37.1
30039008,3,back pain,4,76,169,59,20,96,37.4
30039009,4,back pain,4,100,113,72,24,96,35.7
30039010,3,back pain,0,54,135,105,19,100,35.5
30039011,1,shortness of breath,10,69,152,77,14,100,36.8
30039012,3,headache,4,94,89,93,23,99,37.1
30039013,3,fall,0,91,139,46,8,95,37.3
30039014,4,abdominal pain,2,100,92,84,16,100,38.0
30039015,4,chest pain,1,84,128,131,26,99,36.6
30039016,2,fever,6,91,157,78,16,99,36.9
30039017,2,laceration,9,94,96,65,16,100,36.5
30039018,3,knee pain,1,111,113,72,17,100,37.0
30039019,4,anxiety,1,78,122,86,15,100,36.9
30039020,5,fever,2,109,136,63,21,96,37.1
30039021,4,fever,5,118,131,100,16,93,37.0
30039022,2,headache,6,78,105,75,19,95,36.6
30039023,3,headache,6,86,123,80,15,96,37.9
30039024,3,fall,6,91,125,90,22,99,36.7
30039025,3,fever,4,102,110,90,15,95,35.7
30039026,4,abdominal pain,2,73,136,87,16,98,36.9
30039027,4,knee pain,2,66,124,70,16,97,36.2
30039028,3,shortness of breath,0,62,150,61,19,92,37.3
30039029,1,anxiety,7,78,169,87,18,96,35.1
30039030,3,laceration,4,96,130,88,19,98,36.7
30039031,3,anxiety,5,90,100,88,12,98,38.0
30039032,3,fall,1,94,106,74,15,92,38.2
30039033,3,fever,3,92,101,97,14,99,36.3
30039034,3,back pain,2,91,146,96,3,90,36.3
30039035,3,headache,3,47,154,77,22,94,37.5
30039036,3,chest pain,4,85,117,93,14,100,36.3
30039037,2,back pain,7,84,109,117,16,96,37.4
30039038,3,fever,7,99,118,85,18,99,36.5
30039039,4,shortness of breath,0,91,116,69,14,88,37.0
30039040,2,back pain,8,99,137,83,8,99,35.3
30039041,2,chest pain,6,84,120,84,23,98,35.5
30039042,3,shortness of breath,3,86,136,80,18,100,37.2
30039043,4,headache,7,90,136,71,15,96,36.1
30039044,5,knee pain,1,81,81,62,14,95,36.5
30039045,5,back pain,2,108,117,63,17,100,38.3
30039046,3,shortness of breath,0,87,151,87,20,91,38.5
30039047,3,fever,6,83,97,60,19,96,36.8
30039048,3,fever,1,92,144,69,19,100,37.0
30039049,5,shortness of breath,1,77,127,77,13,97,38.0
30039050,3,anxiety,7,77,89,94,17,94,38.3
30039051,2,fever,9,81,123,80,18,99,36.2
30039052,3,anxiety,0,66,91,55,18,94,39.3
30039053,2,fever,10,85,118,92,17,100,38.2
30039054,2,abdominal pain,8,99,110,89,19,94,37.9
30039055,2,headache,8,90,134,95,12,92,38.5
30039056,3,chest pain,6,85,112,42,16,100,38.0
30039057,3,laceration,6,98,93,87,14,100,36.8
30039058,3,fall,6,80,119,80,19,100,36.8
30039059,3,chest pain,5,99,123,85,19,93,36.3
30039060,3,laceration,1,96,90,71,15,99,38.5
30039061,5,headache,4,89,113,79,12,98,38.1
30039062,4,anxiety,2,96,96,72,14,98,36.4
30039063,3,shortness of breath,3,90,151,84,19,95,36.6
30039064,3,headache,1,86,139,74,17,100,37.3
30039065,3,back pain,0,112,127,58,19,96,38.1
30039066,3,shortness of breath,0,67,109,89,17,100,36.0
30039067,3,fever,7,80,140,119,16,92,37.5
30039068,4,headache,6,110,136,70,17,100,37.5
30039069,3,shortness of breath,2,97,128,70,17,100,38.5
30039070,3,fall,1,69,99,61,17,97,37.1
30039071,2,fever,9,112,125,72,26,99,36.7
30039072,3,back pain,1,61,99,75,13,97,37.5
30039073,2,headache,9,89,125,87,14,100,37.2
30039074,3,fall,3,87,103,95,11,100,37.7
30039075,3,headache,2,76,130,41,15,97,36.8
30039076,3,back pain,4,87,106,81,18,99,37.1
30039077,3,chest pain,5,71,101,73,14,97,35.4
30039078,2,headache,6,85,123,98,17,98,37.7
30039079,4,fall,1,105,131,88,21,96,37.3
30039080,3,shortness of breath,4,94,121,76,20,100,36.2
30039081,3,back pain,6,102,115,74,16,92,37.1
30039082,2,back pain,7,72,119,78,17,97,37.2
30039083,3,shortness of breath,3,100,115,95,20,100,39.0
30039084,3,fever,3,103,136,73,21,100,35.6
30039085,4,fever,2,82,116,85,21,97,37.3
30039086,3,abdominal pain,3,75,121,62,16,98,37.5
30039087,3,laceration,7,68,101,85,15,99,35.6
30039088,3,shortness of breath,5,102,130,83,13,97,36.9
30039089,5,headache,4,100,90,45,17,96,36.0
30039090,3,shortness of breath,7,69,150,87,20,97,37.3
30039091,2,chest pain,9,119,120,86,17,91,38.1
30039092,3,knee pain,6,73,107,77,9,96,38.1
30039093,5,shortness of breath,7,89,114,82,14,96,36.9
30039094,2,shortness of breath,10,109,127,65,17,98,37.1
30039095,3,fall,3,90,122,48,22,96,36.5
30039096,3,abdominal pain,1,94,125,77,20,96,35.4
30039097,4,fever,0,107,112,87,22,93,37.7
30039098,3,shortness of breath,6,74,122,57,24,93,36.9
30039099,3,anxiety,0,90,114,98,16,99,35.3
30039100,3,knee pain,5,73,120,87,20,98,37.4
30039101,4,anxiety,3,101,132,66,23,100,36.9
30039102,3,abdominal pain,1,96,120,88,27,100,38.5
30039103,1,back pain,7,81,74,86,13,98,36.2
30039104,5,knee pain,7,127,139,66,17,100,37.9
30039105,2,back pain,10,85,101,100,20,96,36.6
30039106,4,anxiety,1,73,114,92,15,97,34.9
30039107,1,anxiety,6,87,120,111,14,95,36.8
30039108,4,knee pain,6,94,105,84,18,98,36.6
30039109,4,back pain,5,84,154,76,21,95,38.2
30039110,3,headache,2,115,117,102,20,97,37.1
30039111,3,headache,0,98,116,71,18,100,36.7
30039112,4,abdominal pain,0,90,94,82,21,95,37.4
30039113,3,back pain,1,62,99,63,15,100,37.8
30039114,4,shortness of breath,2,84,137,83,9,100,36.0
30039115,3,headache,2,90,106,103,22,97,37.0
30039116,3,chest pain,1,58,121,91,19,98,37.0
30039117,1,laceration,7,76,133,86,17,96,37.3
30039118,4,anxiety,4,106,152,96,17,100,37.4
30039119,3,fall,5,82,115,109,13,96,35.3
30039120,3,fall,1,105,153,78,12,96,36.6
30039121,3,headache,2,64,129,75,14,100,37.6
30039122,2,laceration,9,70,118,83,10,99,36.5
30039123,3,knee pain,7,102,101,67,15,97,36.3
30039124,3,laceration,0,104,105,74,12,96,37.3
30039125,3,laceration,2,90,127,48,23,100,36.9
30039126,5,headache,3,64,163,80,18,94,37.1
30039127,5,fall,3,87,88,99,16,95,37.7
30039128,3,fever,6,75,135,69,16,98,38.0
30039129,3,shortness of breath,5,61,132,92,16,98,37.0
30039130,3,fall,3,100,112,99,12,98,37.7
30039131,3,anxiety,1,87,119,80,18,97,37.3
30039132,2,shortness of breath,6,100,153,102,20,99,37.3
30039133,2,fall,10,106,123,52,21,98,36.9
30039134,2,back pain,10,74,118,69,13,98,36.1
30039135,3,abdominal pain,2,93,132,85,18,100,36.6
30039136,3,knee pain,7,95,105,87,14,94,37.3
30039137,2,shortness of breath,9,64,97,80,13,100,36.7
30039138,4,back pain,5,61,109,60,13,95,37.1
30039139,3,headache,5,86,126,57,22,96,36.8
30039140,2,chest pain,9,98,66,60,20,94,37.6
30039141,2,fever,8,92,121,63,18,93,37.1
30039142,4,shortness of breath,3,76,112,65,25,98,37.0
30039143,4,knee pain,1,99,121,97,24,100,36.0
30039144,3,anxiety,0,97,117,92,23,90,37.1
30039145,3,abdominal pain,0,100,119,94,18,100,36.5
30039146,2,fall,6,103,114,86,23,100,37.2
30039147,4,anxiety,5,101,119,79,21,97,38.9
30039148,3,chest pain,3,62,152,103,19,98,36.5
30039149,2,fall,10,89,151,76,16,98,37.0
30039150,3,back pain,4,106,139,67,18,97,38.9
30039151,3,knee pain,6,98,115,77,14,100,37.6
30039152,3,back pain,0,83,137,70,20,99,37.2
30039153,3,headache,4,83,108,70,23,95,37.3
30039154,4,headache,1,109,126,66,14,100,36.0
30039155,2,knee pain,7,90,109,50,24,99,36.0
30039156,5,headache,4,90,105,90,18,94,37.2
30039157,2,headache,9,92,134,90,17,97,37.0
30039158,2,laceration,10,83,162,70,19,100,38.6
30039159,5,laceration,3,93,128,87,21,98,36.0
30039160,3,abdominal pain,3,108,135,68,18,97,36.9
30039161,4,headache,1,95,139,84,16,100,37.2
30039162,1,back pain,8,99,124,42,16,98,37.5
30039163,3,fall,1,54,125,105,13,98,36.8
30039164,4,abdominal pain,5,101,134,70,15,95,36.4
30039165,3,fall,5,62,92,106,23,98,36.3
30039166,5,shortness of breath,0,133,135,108,12,95,37.5
30039167,3,headache,7,95,95,92,13,100,37.6
30039168,5,knee pain,4,96,136,72,15,100,36.8
30039169,3,chest pain,4,102,141,60,25,98,38.1
30039170,3,anxiety,7,108,116,102,13,96,37.6
30039171,3,fall,3,65,129,77,16,99,37.9
30039172,5,chest pain,4,104,112,91,18,95,35.6
30039173,3,chest pain,4,83,157,84,23,100,37.5
30039174,3,fall,7,77,139,93,12,99,37.0
30039175,3,abdominal pain,7,70,104,98,18,97,36.0
30039176,2,shortness of breath,6,99,99,83,15,99,36.9
30039177,3,knee pain,4,69,114,50,22,97,36.9
30039178,4,headache,1,73,113,95,14,92,37.5
30039179,3,fall,1,71,140,72,13,100,36.6
30039180,3,abdominal pain,3,102,144,82,23,100,36.7
30039181,4,knee pain,0,82,111,75,9,100,37.8
30039182,3,fall,0,77,89,66,22,98,36.9
30039183,3,shortness of breath,3,101,109,105,14,96,37.9
30039184,1,back pain,8,79,144,81,23,98,37.2
30039185,3,knee pain,1,90,124,95,17,97,38.0
30039186,3,headache,5,87,139,83,23,100,35.9
30039187,3,shortness of breath,7,93,126,72,20,94,36.7
30039188,4,chest pain,6,90,129,91,24,94,36.6
30039189,3,headache,1,88,116,76,18,99,37.2
30039190,1,anxiety,10,111,120,57,20,96,38.5
30039191,3,fall,2,80,121,82,18,91,38.0
30039192,4,fall,3,95,137,81,17,96,36.5
30039193,3,headache,0,116,134,90,13,100,36.5
30039194,4,back pain,3,77,153,97,20,96,36.6
30039195,2,anxiety,7,66,178,79,17,92,36.2
30039196,3,abdominal pain,5,79,156,71,16,100,35.2
30039197,3,anxiety,1,109,132,79,22,94,38.3
30039198,3,headache,7,67,139,75,16,100,36.5
30039199,1,chest pain,7,85,141,92,15,100,37.0
30039200,3,headache,5,35,147,79,17,93,36.7
30039201,3,chest pain,0,98,143,60,12,97,37.5
30039202,2,knee pain,7,97,125,77,15,98,36.8
30039203,4,anxiety,1,118,135,93,20,96,36.2
30039204,3,shortness of breath,4,69,111,63,21,100,38.4
30039205,3,knee pain,0,72,96,91,20,91,36.9
30039206,3,laceration,1,73,127,52,18,95,37.5
30039207,3,fall,0,82,125,67,21,94,36.7
30039208,3,knee pain,7,79,133,68,12,100,35.8
30039209,1,knee pain,9,85,129,85,16,99,36.8
30039210,2,abdominal pain,9,85,150,70,27,97,36.7
30039211,2,fever,6,106,125,84,17,98,38.7
30039212,3,chest pain,2,73,121,88,17,95,37.5
30039213,3,fever,7,70,136,77,22,98,36.1
30039214,4,chest pain,6,91,145,100,15,98,37.3
30039215,3,anxiety,3,98,101,92,18,96,37.4
30039216,2,chest pain,8,88,109,110,21,98,36.1
30039217,3,fever,0,107,109,95,15,100,35.5
30039218,3,laceration,3,127,158,94,14,95,35.4
30039219,3,headache,6,68,116,87,22,94,37.0
30039220,3,fall,3,81,121,83,18,96,36.9
30039221,3,headache,4,70,113,81,20,96,36.3
30039222,3,chest pain,0,51,118,76,16,97,36.5
30039223,3,fever,2,114,119,103,16,100,36.2
30039224,4,abdominal pain,7,110,139,76,18,97,37.3
30039225,4,back pain,2,99,102,98,19,94,36.7
30039226,3,fall,6,80,119,105,16,99,36.9
30039227,3,fall,7,80,126,76,10,96,37.2
30039228,4,back pain,2,82,144,66,16,100,36.7
30039229,3,headache,7,85,114,70,15,95,36.9
30039230,3,knee pain,2,92,148,60,15,97,36.1
30039231,3,anxiety,2,90,151,89,20,98,37.2
30039232,1,chest pain,7,78,113,81,19,95,35.4
30039233,5,chest pain,3,96,110,82,12,95,36.1
30039234,5,shortness of breath,1,89,111,79,16,100,36.7
30039235,4,headache,1,86,109,71,12,94,36.6
30039236,4,fever,7,72,105,95,20,99,36.0
30039237,3,laceration,5,97,119,96,19,94,35.7
30039238,4,chest pain,7,78,132,73,14,99,37.8
30039239,5,headache,4,69,125,79,26,98,36.7
30039240,4,headache,1,87,125,77,21,99,36.8
30039241,2,chest pain,10,91,127,78,10,94,36.5
30039242,3,shortness of breath,5,88,132,89,17,98,37.4
30039243,4,headache,3,110,134,97,28,97,36.3
30039244,3,headache,7,115,141,91,13,97,36.1
30039245,3,knee pain,0,64,128,100,15,98,36.1
30039246,3,shortness of breath,6,88,144,61,23,94,37.0
30039247,3,chest pain,0,87,135,90,16,97,36.7
30039248,4,fever,0,123,110,78,21,94,36.9
30039249,2,anxiety,8,71,113,60,24,93,37.6
30039250,3,anxiety,4,60,114,82,14,96,36.0
30039251,3,anxiety,3,63,138,103,20,100,35.9
30039252,3,abdominal pain,7,88,110,90,24,100,36.3
30039253,3,abdominal pain,7,87,112,89,26,94,36.7
30039254,3,fall,3,79,131,65,20,99,36.9
30039255,3,abdominal pain,0,96,146,69,15,98,37.4
30039256,2,headache,8,60,142,85,15,97,36.7
30039257,3,abdominal pain,6,101,133,87,19,100,38.1
30039258,2,back pain,10,96,127,85,15,91,37.4
30039259,3,fall,1,51,134,58,17,95,37.6
30039260,3,abdominal pain,4,92,130,83,17,96,36.1
30039261,3,laceration,3,85,112,58,17,97,38.6
30039262,3,headache,4,95,135,93,25,100,36.4
30039263,3,back pain,1,98,135,53,17,97,36.6
30039264,3,shortness of breath,7,67,119,63,28,98,36.9
30039265,3,knee pain,6,85,126,83,19,95,37.5
30039266,2,shortness of breath,10,67,114,91,22,100,37.0
30039267,3,anxiety,4,75,156,74,23,98,35.8
30039268,2,fall,6,90,130,97,17,99,37.9
30039269,3,back pain,4,113,134,93,13,94,38.2
30039270,5,back pain,7,82,132,91,22,100,37.0
30039271,3,laceration,2,66,125,80,23,97,36.9
30039272,3,shortness of breath,7,66,115,75,19,99,36.3
30039273,3,knee pain,7,60,130,56,18,98,38.6
30039274,3,abdominal pain,6,85,139,86,23,97,38.0
30039275,3,fall,4,59,126,99,15,100,35.7
30039276,3,headache,2,84,122,88,17,95,36.9
30039277,3,knee pain,4,63,115,91,16,98,37.2
30039278,3,abdominal pain,1,83,144,55,21,94,36.7
30039279,3,chest pain,6,75,134,79,17,94,35.5
30039280,1,fall,8,71,97,92,19,98,36.5
30039281,4,anxiety,0,89,103,105,24,92,36.6
30039282,4,laceration,4,69,129,82,15,94,37.0
30039283,2,knee pain,8,77,107,72,16,94,38.1
30039284,4,shortness of breath,4,97,135,60,14,100,36.4
30039285,3,abdominal pain,1,76,98,61,20,97,36.0
30039286,3,shortness of breath,6,72,125,69,15,98,37.4
30039287,3,headache,0,90,124,92,16,92,38.6
30039288,3,shortness of breath,4,100,151,70,21,99,37.5
30039289,4,shortness of breath,3,99,138,67,16,99,37.3
30039290,3,fall,5,81,155,93,21,99,35.9
30039291,3,abdominal pain,1,81,114,63,18,100,36.4
30039292,3,abdominal pain,4,64,121,62,19,100,38.2
30039293,3,headache,0,85,127,73,25,100,37.8
30039294,5,fall,2,67,96,102,31,100,37.4
30039295,4,fall,3,82,135,51,13,93,36.3
30039296,2,laceration,8,91,108,92,21,97,36.7
30039297,4,fever,7,94,124,79,16,94,36.3
30039298,4,abdominal pain,1,71,87,68,24,96,37.2
30039299,3,laceration,4,73,83,93,22,95,37.3
30039300,2,shortness of breath,8,96,132,93,17,99,38.0
30039301,3,knee pain,5,92,104,83,13,99,36.9
30039302,3,anxiety,0,85,129,54,12,98,37.6
30039303,3,anxiety,1,99,127,67,16,96,36.1
30039304,3,back pain,5,124,116,65,13,98,36.4
30039305,4,laceration,4,74,121,81,21,99,37.3
30039306,1,fall,8,93,92,88,21,97,37.5
30039307,3,laceration,2,88,110,101,21,99,38.0
30039308,3,back pain,5,72,119,86,18,100,37.3
30039309,3,shortness of breath,0,76,132,82,24,95,35.0
30039310,3,knee pain,1,98,115,66,15,100,35.5
30039311,3,abdominal pain,7,103,101,105,17,100,36.8
30039312,3,shortness of breath,5,75,95,68,19,93,38.2
30039313,3,laceration,4,70,127,83,17,100,36.6
30039314,3,fall,4,57,113,72,12,98,37.2
30039315,4,headache,7,80,114,85,21,97,36.3
30039316,3,fever,3,95,136,68,18,100,38.2
30039317,3,fall,2,94,104,115,13,100,36.9
30039318,3,knee pain,7,118,164,87,22,95,37.5
30039319,4,back pain,3,87,140,91,21,98,35.7
30039320,3,back pain,1,79,107,62,23,98,37.9
30039321,2,fever,7,91,123,75,20,95,37.1
30039322,3,headache,0,86,117,86,14,98,37.5
30039323,3,fall,3,82,127,93,14,100,37.2
30039324,1,headache,8,81,132,68,17,97,36.9
30039325,3,headache,5,81,135,56,19,95,38.0
30039326,4,abdominal pain,5,92,137,93,22,95,36.6
30039327,2,knee pain,10,95,92,80,16,98,37.9
30039328,3,headache,1,103,116,55,21,100,36.9
30039329,3,laceration,0,95,106,87,23,100,38.1
30039330,3,chest pain,7,91,122,79,19,96,37.6
30039331,3,knee pain,3,70,135,72,21,94,36.3
30039332,3,shortness of breath,1,59,142,75,12,98,36.2
30039333,3,back pain,7,85,120,71,15,99,36.5
30039334,3,back pain,2,94,106,94,21,95,36.1
30039335,3,fever,2,99,139,81,13,99,37.0
30039336,2,shortness of breath,6,112,116,74,18,95,37.1
30039337,3,chest pain,7,117,119,58,19,88,39.3
30039338,3,fever,2,66,136,73,18,89,36.1
30039339,3,fall,4,82,97,80,19,93,38.4
30039340,3,laceration,3,72,165,55,23,98,35.8
30039341,2,shortness of breath,8,54,117,74,16,100,35.7
30039342,4,abdominal pain,6,66,160,106,22,96,38.6
30039343,2,shortness of breath,7,86,134,115,20,99,37.1
30039344,3,anxiety,4,77,116,90,20,99,36.3
30039345,3,shortness of breath,7,77,118,69,15,95,35.6
30039346,3,headache,1,40,130,80,12,98,37.5
30039347,4,shortness of breath,0,83,120,68,12,100,37.1
30039348,4,anxiety,3,105,159,85,22,100,36.7
30039349,3,headache,4,60,121,68,23,100,38.0
30039350,3,fever,2,102,140,103,16,99,38.3
30039351,3,shortness of breath,3,89,126,87,5,100,36.2
30039352,2,headache,10,99,116,85,17,95,36.3
30039353,3,chest pain,0,63,107,82,16,100,37.2
30039354,2,anxiety,9,77,131,83,14,97,36.4
30039355,3,fever,3,113,114,65,21,96,37.4
30039356,4,anxiety,3,81,103,60,20,94,37.0
30039357,3,abdominal pain,6,82,154,79,14,96,36.1
30039358,2,abdominal pain,9,71,127,101,14,94,37.5
30039359,4,fever,5,91,128,107,19,97,37.9
30039360,3,fever,6,107,113,93,17,97,36.6
30039361,3,headache,1,100,123,85,24,96,36.4
30039362,4,knee pain,2,83,91,76,18,99,36.1
30039363,3,knee pain,6,66,135,86,16,95,37.6
30039364,3,anxiety,5,117,111,60,19,98,35.8
30039365,2,headache,9,70,139,93,12,99,36.4
30039366,3,headache,3,111,111,112,14,95,36.9
30039367,3,back pain,4,103,109,93,20,98,36.7
30039368,4,abdominal pain,6,97,116,86,22,96,37.9
30039369,3,shortness of breath,2,74,164,86,20,95,38.3
30039370,3,chest pain,1,94,126,93,21,99,38.3
30039371,3,shortness of breath,1,85,119,79,12,99,34.9
30039372,3,abdominal pain,6,103,156,86,23,96,38.5
30039373,3,knee pain,2,88,115,94,15,97,38.8
30039374,3,anxiety,5,99,144,96,21,98,38.2
30039375,3,fever,7,87,113,72,22,99,38.1
30039376,3,shortness of breath,6,103,128,79,16,95,37.1
30039377,2,anxiety,8,76,108,49,19,100,36.5
30039378,3,knee pain,7,70,92,86,14,100,36.9
30039379,3,chest pain,2,104,157,69,21,94,36.3
30039380,3,back pain,3,84,149,65,25,97,37.9
30039381,1,shortness of breath,7,90,122,82,18,94,38.2
30039382,3,abdominal pain,5,88,91,80,20,100,36.7
30039383,2,fall,8,72,90,100,24,93,36.6
30039384,4,back pain,5,73,108,108,9,97,35.8
30039385,2,shortness of breath,7,99,120,89,24,98,36.2
30039386,3,knee pain,0,65,132,79,19,95,36.4
30039387,4,laceration,6,88,101,79,19,98,37.1
30039388,2,abdominal pain,7,72,118,79,13,99,37.5
30039389,3,chest pain,1,106,109,92,17,94,36.5
30039390,3,knee pain,6,81,133,99,20,97,35.3
30039391,3,fall,1,77,131,57,20,93,37.4
30039392,3,headache,3,95,112,71,16,96,36.9
30039393,3,fall,3,97,117,77,24,98,36.7
30039394,4,fever,6,93,114,77,20,96,36.4
30039395,4,anxiety,7,68,108,88,20,98,37.6
30039396,3,laceration,2,94,129,88,21,94,37.6
30039397,2,back pain,10,69,148,75,15,97,35.8
30039398,1,chest pain,6,79,127,100,14,100,35.5
30039399,3,headache,5,114,155,70,26,95,36.5
30039400,3,anxiety,7,103,105,48,21,99,38.1
30039401,3,headache,2,94,137,92,16,95,37.6
30039402,3,fever,0,103,116,70,20,98,36.4
30039403,3,laceration,5,85,109,88,21,95,37.2
30039404,3,knee pain,1,95,116,34,17,93,36.9
30039405,4,fever,4,73,122,70,15,98,36.9
30039406,3,anxiety,0,98,110,56,22,100,36.1
30039407,2,laceration,6,58,122,72,18,100,36.7
30039408,4,fever,0,89,95,72,16,98,38.0
30039409,4,headache,2,70,146,105,15,98,35.9
30039410,5,anxiety,5,87,132,86,13,100,37.1
30039411,3,laceration,7,83,125,74,8,100,37.5
30039412,2,abdominal pain,6,85,128,74,15,97,35.9
30039413,1,shortness of breath,10,80,104,77,14,95,37.1
30039414,3,chest pain,1,84,110,63,19,95,37.0
30039415,4,fever,2,73,131,79,22,97,38.1
30039416,3,anxiety,4,85,149,88,24,94,38.1
30039417,3,shortness of breath,2,65,117,76,19,100,36.3
30039418,3,anxiety,4,79,129,77,16,93,36.1
30039419,3,anxiety,6,78,158,52,19,94,36.9
30039420,2,fever,7,56,119,68,16,95,37.2
30039421,4,fever,1,120,94,51,14,99,37.9
30039422,3,shortness of breath,1,97,141,87,10,91,37.6
30039423,3,laceration,6,87,133,90,19,97,37.5
30039424,3,headache,6,109,114,75,20,98,37.5
30039425,3,knee pain,3,103,133,98,22,100,38.1
30039426,4,abdominal pain,5,73,157,87,19,100,36.3
30039427,4,abdominal pain,0,83,118,109,20,100,37.3
30039428,4,fever,4,84,138,82,19,97,36.8
30039429,1,headache,8,81,129,68,16,96,39.1
30039430,4,chest pain,0,88,125,74,19,92,36.4
30039431,3,fall,2,98,136,78,20,96,37.7
30039432,4,chest pain,1,74,116,96,18,93,37.4
30039433,3,chest pain,1,74,116,72,16,93,36.4
30039434,2,headache,9,83,156,78,12,100,37.5
30039435,4,headache,3,100,114,52,9,95,37.0
30039436,3,shortness of breath,6,100,143,58,15,94,36.3
30039437,3,knee pain,6,80,102,76,18,96,37.1
30039438,3,laceration,2,107,160,118,22,98,38.1
30039439,5,fall,3,85,124,110,15,100,37.0
30039440,4,fall,5,80,120,81,24,94,36.2
30039441,3,shortness of breath,3,103,132,103,11,98,36.4
30039442,3,fever,5,80,99,82,21,96,37.0
30039443,3,back pain,0,65,128,83,14,97,35.9
30039444,2,fever,8,119,116,114,16,99,37.4
30039445,4,shortness of breath,2,41,78,82,14,97,36.7
30039446,3,abdominal pain,0,85,161,75,25,92,37.5
30039447,3,back pain,4,88,66,79,16,97,37.3
30039448,3,knee pain,4,77,130,62,8,96,37.6
30039449,4,chest pain,5,66,126,103,16,97,37.0
30039450,3,laceration,0,77,137,93,18,98,36.6
30039451,4,back pain,3,83,80,60,23,95,35.6
30039452,3,anxiety,7,89,120,49,15,97,36.2
30039453,3,shortness of breath,3,93,107,93,17,97,37.1
30039454,3,shortness of breath,7,66,134,81,22,97,37.1
30039455,3,headache,7,91,103,88,24,100,36.3
30039456,2,back pain,8,101,115,86,16,96,36.2
30039457,3,anxiety,7,80,136,82,15,97,37.7
30039458,3,anxiety,5,97,112,83,23,98,37.5
30039459,3,shortness of breath,7,70,104,102,11,95,37.1
30039460,2,chest pain,6,114,126,77,17,95,37.5
30039461,3,abdominal pain,3,96,128,65,15,99,36.4
30039462,3,fall,4,77,157,56,12,100,37.7
30039463,2,headache,8,64,162,74,17,95,37.7
30039464,3,headache,0,86,180,58,14,99,35.9
30039465,5,headache,4,85,120,49,17,99,36.8
30039466,3,shortness of breath,2,88,110,80,20,96,38.4
30039467,4,abdominal pain,5,63,137,109,15,100,36.5
30039468,4,fever,3,76,177,80,17,100,38.8
30039469,4,knee pain,2,103,147,81,15,99,37.5
30039470,4,headache,7,97,87,57,14,100,38.0
30039471,3,back pain,4,111,132,75,24,98,35.9
30039472,5,fever,0,112,130,115,20,95,36.7
30039473,2,headache,10,76,96,93,18,92,37.0
30039474,3,laceration,6,97,149,84,17,100,35.8
30039475,3,fall,6,111,119,92,18,97,36.5
30039476,4,fever,7,83,102,49,20,96,37.0
30039477,3,knee pain,5,73,142,75,19,96,37.3
30039478,3,shortness of breath,5,77,113,71,20,92,36.8
30039479,2,chest pain,7,101,122,81,15,100,37.3
30039480,5,chest pain,6,78,124,73,12,100,37.6
30039481,2,anxiety,8,68,122,64,21,95,36.1
30039482,4,anxiety,4,88,114,93,12,91,36.9
30039483,4,shortness of breath,2,69,114,70,9,98,37.2
30039484,3,shortness of breath,2,92,125,92,20,98,36.5
30039485,5,back pain,0,103,126,90,17,94,37.4
30039486,3,fever,7,50,131,91,22,99,37.9
30039487,4,knee pain,0,114,115,50,19,94,37.2
30039488,4,fever,6,83,124,83,19,96,35.7
30039489,3,fever,1,70,109,112,25,96,37.3
30039490,3,anxiety,2,83,114,75,10,99,37.4
30039491,3,anxiety,2,96,113,79,16,97,36.1
30039492,2,anxiety,9,87,148,90,23,95,35.8
30039493,1,headache,7,79,92,85,24,95,35.7
30039494,4,back pain,5,89,151,80,13,89,36.3
30039495,5,back pain,5,116,113,87,12,98,36.7
30039496,3,fall,3,82,135,62,18,95,37.7
30039497,2,abdominal pain,9,75,137,67,9,100,36.8
30039498,4,abdominal pain,1,69,158,96,10,100,37.8
30039499,2,chest pain,8,98,113,96,16,97,38.0
30039500,2,shortness of breath,10,84,106,78,15,95,37.3
30039501,3,abdominal pain,3,131,146,79,21,100,36.6
30039502,2,shortness of breath,10,93,153,86,14,97,37.7
30039503,3,fall,1,74,111,54,16,90,35.6
30039504,2,headache,9,81,84,90,15,97,37.3
30039505,3,knee pain,3,101,82,72,14,99,37.2
30039506,4,fall,3,58,101,91,25,99,38.0
30039507,4,laceration,1,73,116,84,22,99,37.2
30039508,3,shortness of breath,1,79,161,56,20,98,38.2
30039509,4,chest pain,6,83,147,70,26,97,35.5
30039510,3,abdominal pain,2,84,156,82,16,98,35.6
30039511,3,abdominal pain,2,89,132,67,19,99,36.6
30039512,2,shortness of breath,10,78,126,90,15,100,37.5
30039513,1,fall,9,76,153,72,15,96,37.1
30039514,3,shortness of breath,1,108,122,94,9,98,36.9
30039515,3,shortness of breath,3,102,98,73,20,96,36.7
30039516,2,shortness of breath,10,81,150,67,16,100,37.7
30039517,2,chest pain,10,91,129,86,20,100,36.2
30039518,3,chest pain,3,79,153,73,25,97,37.5
30039519,4,back pain,6,68,82,93,26,96,35.3
30039520,3,fever,0,37,124,83,24,98,35.2
30039521,3,fever,3,109,113,89,22,95,36.1
30039522,3,anxiety,1,81,145,110,16,100,37.0
30039523,4,abdominal pain,7,100,103,56,19,98,36.7
30039524,2,back pain,9,74,134,97,21,99,38.5
30039525,3,laceration,6,78,119,92,18,98,37.2
30039526,5,anxiety,6,87,152,79,24,93,37.3
30039527,3,fever,4,72,131,108,17,93,35.6
30039528,3,shortness of breath,6,102,144,73,15,96,36.4
30039529,5,abdominal pain,4,75,131,69,12,100,37.3
30039530,2,headache,6,90,144,79,15,96,36.4
30039531,1,fall,10,74,108,68,20,98,36.9
30039532,2,laceration,9,80,113,97,20,96,36.9
30039533,3,headache,4,99,99,70,17,98,36.7
30039534,2,anxiety,8,70,122,81,21,96,36.4
30039535,3,back pain,5,100,97,46,14,93,36.3
30039536,2,shortness of breath,9,83,133,71,18,98,36.7
30039537,3,fever,0,97,119,95,13,98,38.2
30039538,3,shortness of breath,2,74,101,91,11,98,36.5
30039539,4,fall,5,48,79,63,17,97,38.5
30039540,2,knee pain,9,107,124,89,25,100,37.3
30039541,4,shortness of breath,2,116,143,88,14,95,37.5
30039542,2,fall,9,70,102,79,20,95,37.4
30039543,4,chest pain,3,96,128,83,16,97,37.3
30039544,3,anxiety,2,76,126,105,22,100,37.7
30039545,1,fall,6,79,104,69,16,97,37.4
30039546,5,fall,2,79,102,90,22,96,36.6
30039547,3,anxiety,6,96,121,60,13,96,37.1
30039548,3,anxiety,3,115,124,90,16,88,38.0
30039549,3,chest pain,5,105,138,81,21,100,36.8
30039550,3,headache,3,92,129,90,24,92,37.6
30039551,2,knee pain,6,72,136,84,17,95,38.1
30039552,3,anxiety,7,64,115,73,20,96,38.4
30039553,2,shortness of breath,6,122,86,76,11,100,36.8
30039554,2,back pain,10,59,106,68,19,93,36.4
30039555,1,fall,9,97,134,87,19,100,38.7
30039556,2,chest pain,6,81,132,97,17,90,37.7
30039557,3,shortness of breath,0,60,100,73,20,100,35.8
30039558,3,shortness of breath,1,92,150,77,17,94,37.7
30039559,4,laceration,3,79,107,95,12,98,35.8
30039560,2,chest pain,10,90,129,81,15,90,34.3
30039561,2,fever,8,98,121,79,20,93,37.8
30039562,3,shortness of breath,7,102,126,81,21,100,38.0
30039563,4,knee pain,7,94,125,78,18,98,37.8
30039564,3,abdominal pain,5,56,123,92,19,97,36.4
30039565,4,knee pain,4,73,119,78,20,98,37.8
30039566,3,abdominal pain,3,81,131,77,20,97,36.8
30039567,4,chest pain,1,103,97,86,17,98,35.7
30039568,3,knee pain,6,88,153,89,17,97,37.5
30039569,5,shortness of breath,2,96,120,89,16,98,37.6
30039570,2,fever,7,102,121,56,16,100,37.1
30039571,3,fever,1,93,84,73,18,99,35.5
30039572,3,fever,6,86,163,80,12,96,36.7
30039573,3,abdominal pain,1,101,119,76,19,95,36.8
30039574,4,headache,5,68,128,94,18,98,36.6
30039575,3,fall,7,74,89,91,20,98,37.0
30039576,4,back pain,6,103,113,92,15,99,35.4
30039577,3,fever,6,77,148,102,18,99,38.1
30039578,3,fall,6,89,127,73,16,97,38.6
30039579,3,headache,3,64,116,81,25,96,37.2
30039580,3,headache,4,78,121,84,21,96,36.4
30039581,4,shortness of breath,1,119,142,69,24,94,37.2
30039582,4,fall,5,75,132,78,21,100,36.1
30039583,2,headache,7,78,130,69,18,95,36.6
30039584,2,knee pain,7,107,109,61,25,99,38.2
30039585,5,fall,4,78,131,83,17,100,37.3
30039586,3,fever,3,110,125,61,26,100,36.5
30039587,3,headache,1,99,119,87,20,93,36.7
30039588,3,anxiety,2,89,124,66,18,94,35.8
30039589,1,back pain,9,108,172,73,23,96,37.7
30039590,2,fever,10,71,120,104,22,93,37.7
30039591,3,knee pain,6,88,113,92,16,94,36.9
30039592,1,abdominal pain,6,86,113,75,16,100,37.2
30039593,3,back pain,4,86,142,88,14,98,36.8
30039594,2,anxiety,7,60,164,66,18,100,37.5
30039595,3,fever,6,78,114,61,10,93,38.1
30039596,3,abdominal pain,6,75,122,63,13,97,35.8
30039597,2,headache,6,100,103,88,16,94,35.5
30039598,3,shortness of breath,2,81,109,97,21,95,37.4
30039599,3,laceration,0,83,99,74,14,97,35.7
30039600,3,anxiety,0,103,162,66,19,99,37.7
30039601,4,laceration,3,82,113,84,15,97,36.8
30039602,4,chest pain,1,92,94,98,21,98,37.1
30039603,3,fever,1,70,66,82,18,93,37.7
30039604,3,fall,3,63,129,75,19,99,37.5
30039605,3,shortness of breath,7,77,61,85,19,94,35.6
30039606,3,anxiety,3,82,128,63,21,99,36.7
30039607,3,anxiety,2,109,88,74,14,100,36.8
30039608,2,chest pain,7,84,91,71,20,96,37.4
30039609,3,fever,1,111,114,91,25,96,36.8
30039610,3,headache,0,115,98,58,18,97,37.5
30039611,1,shortness of breath,8,92,112,81,14,99,36.1
30039612,3,shortness of breath,5,111,110,72,26,98,37.7
30039613,3,anxiety,4,72,108,69,21,98,35.8
30039614,5,laceration,5,76,132,96,23,98,35.9
30039615,2,fall,7,86,113,108,14,97,37.4
30039616,4,knee pain,6,128,118,68,18,97,37.6
30039617,3,fall,6,89,144,48,11,96,37.2
30039618,2,fall,6,108,122,128,18,98,35.9
30039619,3,fever,0,79,114,73,13,96,35.9
30039620,4,anxiety,1,66,148,73,21,96,36.2
30039621,3,fever,0,95,74,62,21,100,37.6
30039622,3,fever,0,90,132,113,11,100,37.0
30039623,3,abdominal pain,2,76,132,79,20,100,37.6
30039624,3,back pain,3,115,148,86,21,100,37.9
30039625,2,laceration,10,83,115,72,21,95,37.8
30039626,3,chest pain,1,101,131,86,20,98,36.1
30039627,5,shortness of breath,2,75,144,90,20,98,36.7
30039628,3,shortness of breath,4,76,95,85,21,98,36.6
30039629,3,shortness of breath,4,102,143,82,17,98,37.4
30039630,3,anxiety,6,116,158,97,19,97,35.8
30039631,3,fall,1,73,115,73,11,95,39.1
30039632,4,abdominal pain,7,86,141,73,14,93,37.3
30039633,3,knee pain,7,116,121,100,16,100,36.9
30039634,3,laceration,0,73,156,83,18,94,37.9
30039635,2,knee pain,10,71,116,92,16,93,35.6
30039636,2,fall,9,94,147,89,22,98,37.0
30039637,3,fever,0,114,105,76,20,100,36.9
30039638,3,laceration,7,121,95,72,16,98,37.5
30039639,3,abdominal pain,6,96,190,81,20,95,37.4
30039640,4,laceration,6,97,102,87,23,99,36.8
30039641,2,fall,9,86,112,81,22,97,37.8
30039642,2,abdominal pain,8,108,154,89,20,97,35.9
30039643,3,laceration,6,74,128,105,11,100,37.3
30039644,3,shortness of breath,6,87,127,81,10,96,37.6
30039645,2,fever,9,90,113,86,16,94,37.0
30039646,4,back pain,4,75,112,69,16,98,36.1
30039647,3,fall,7,94,126,88,19,97,37.3
30039648,3,shortness of breath,6,95,158,87,19,100,38.5
30039649,3,knee pain,6,104,92,94,22,97,36.8
30039650,3,knee pain,5,121,145,53,17,97,37.3
30039651,3,chest pain,0,110,141,84,24,100,38.2
30039652,4,laceration,6,91,154,80,15,93,36.4
30039653,1,laceration,10,106,113,99,21,99,36.1
30039654,4,shortness of breath,5,83,101,87,15,96,36.6
30039655,4,knee pain,5,55,125,76,13,97,38.2
30039656,3,knee pain,0,74,147,77,21,96,37.3
30039657,3,fall,2,75,123,59,19,100,37.7
30039658,3,back pain,1,83,154,93,27,98,35.8
30039659,3,shortness of breath,7,72,102,101,17,98,35.8
30039660,3,abdominal pain,0,70,166,69,15,94,37.5
30039661,3,back pain,2,79,129,63,19,94,37.3
30039662,3,chest pain,5,80,122,68,21,94,37.1
30039663,2,shortness of breath,6,67,125,93,13,98,37.8
30039664,3,chest pain,0,71,126,84,20,96,36.3
30039665,4,fall,7,84,110,74,14,95,37.1
30039666,2,shortness of breath,9,77,97,86,19,100,37.3
30039667,3,fall,6,96,115,82,14,94,37.5
30039668,3,back pain,7,102,125,77,26,98,37.3
30039669,3,chest pain,2,62,102,67,22,96,37.6
30039670,3,back pain,6,91,116,73,10,100,36.6
30039671,4,fall,0,85,137,73,14,96,35.1
30039672,1,laceration,9,98,129,77,21,94,38.6
30039673,4,fever,3,102,113,84,14,97,35.9
30039674,3,abdominal pain,5,78,134,72,14,99,37.6
30039675,2,back pain,6,80,139,85,16,93,36.2
30039676,5,knee pain,0,102,146,93,18,90,37.8
30039677,3,headache,0,48,97,92,18,96,37.6
30039678,4,back pain,3,84,116,87,16,98,35.6
30039679,2,fall,6,88,108,66,12,95,39.1
30039680,4,laceration,2,58,96,91,21,99,37.8
30039681,3,chest pain,1,72,123,76,17,93,37.0
30039682,3,abdominal pain,5,64,139,99,19,100,36.3
30039683,3,fever,3,84,132,96,20,100,38.4
30039684,1,laceration,7,103,122,60,17,100,38.0
30039685,3,fall,0,84,181,54,19,100,36.4
30039686,3,anxiety,3,83,96,61,20,96,36.7
30039687,3,anxiety,7,100,124,86,24,93,37.5
30039688,3,knee pain,2,66,104,103,19,97,36.7
30039689,3,shortness of breath,0,106,126,74,12,100,37.5
30039690,3,back pain,2,79,141,74,13,99,37.2
30039691,3,back pain,1,88,119,84,17,93,36.1
30039692,4,headache,2,114,131,60,21,97,36.5
30039693,4,anxiety,1,113,126,73,18,95,35.4
30039694,3,abdominal pain,6,91,135,77,12,94,36.9
30039695,4,fever,0,51,131,73,19,98,37.2
30039696,3,fever,6,95,100,91,22,99,36.8
30039697,3,chest pain,5,92,116,100,14,96,35.7
30039698,3,fall,0,90,128,104,27,95,37.3
30039699,3,fall,2,92,135,95,21,99,36.5
30039700,3,shortness of breath,4,93,160,81,18,100,36.7
30039701,3,laceration,5,51,129,80,19,94,37.3
30039702,4,laceration,6,85,83,64,28,98,36.5
30039703,3,shortness of breath,1,97,132,95,16,97,37.2
30039704,3,fever,7,94,135,81,16,100,37.6
30039705,3,laceration,1,86,154,89,13,98,36.2
30039706,2,fall,9,96,161,79,15,97,37.0
30039707,4,chest pain,1,69,122,67,17,97,37.8
30039708,4,headache,4,106,102,102,16,95,35.8
30039709,3,anxiety,6,71,148,92,18,96,36.9
30039710,4,knee pain,1,88,117,63,16,98,37.3
30039711,4,knee pain,1,94,138,62,16,95,38.2
30039712,3,anxiety,7,66,129,58,20,100,38.1
30039713,3,chest pain,0,85,114,80,19,99,37.0
30039714,2,fever,6,80,86,95,14,97,36.3
30039715,3,laceration,3,47,115,73,20,99,35.8
30039716,3,fever,6,102,81,81,18,99,36.5
30039717,3,laceration,0,86,106,76,18,100,35.9
30039718,3,shortness of breath,1,70,125,89,18,100,36.3
30039719,3,chest pain,1,104,134,86,20,100,36.3
30039720,3,anxiety,4,90,118,68,19,95,37.9
30039721,3,shortness of breath,7,100,126,78,29,99,37.6
30039722,1,fall,9,81,134,70,15,100,36.8
30039723,1,back pain,9,40,103,91,13,100,38.6
30039724,3,shortness of breath,1,49,130,106,9,94,36.1
30039725,4,shortness of breath,1,56,116,73,23,99,36.8
30039726,3,knee pain,4,98,127,80,12,89,36.9
30039727,3,back pain,4,80,130,92,24,95,36.9
30039728,2,fever,6,80,150,68,17,95,37.8
30039729,3,chest pain,4,104,122,73,19,95,37.5
30039730,3,back pain,3,106,132,78,21,91,37.2
30039731,3,anxiety,1,90,104,72,13,96,37.4
30039732,3,abdominal pain,3,95,147,73,16,92,37.5
30039733,4,headache,3,78,141,82,21,99,36.9
30039734,3,fever,5,70,139,90,17,93,36.5
30039735,4,headache,5,100,97,92,24,98,36.6
30039736,3,fall,5,88,126,103,16,100,37.8
30039737,4,chest pain,1,108,120,79,22,93,36.8
30039738,2,abdominal pain,6,66,112,91,21,96,36.7
30039739,3,headache,5,121,118,39,18,94,35.8
30039740,3,laceration,3,85,138,62,18,90,35.8
30039741,2,knee pain,10,90,104,88,20,97,36.0
30039742,1,back pain,6,83,150,60,19,94,37.2
30039743,3,fall,6,84,137,90,22,100,37.4
30039744,3,shortness of breath,5,89,126,115,18,89,37.7
30039745,3,back pain,5,85,146,89,26,99,37.7
30039746,2,fall,6,109,134,84,18,98,35.4
30039747,5,knee pain,7,81,123,62,20,97,37.1
30039748,3,back pain,1,73,123,111,19,92,36.6
30039749,2,chest pain,9,78,128,89,20,99,36.7
30039750,3,laceration,2,68,134,80,15,95,35.6
30039751,3,anxiety,5,108,159,112,27,96,38.7
30039752,3,headache,5,80,185,61,17,99,37.1
30039753,1,headache,8,81,129,72,17,100,37.0
30039754,1,fall,6,64,142,72,17,97,38.0
30039755,3,laceration,1,91,146,82,12,100,37.6
30039756,4,anxiety,5,102,100,92,19,100,38.2
30039757,3,abdominal pain,2,74,103,82,20,94,37.7
30039758,3,headache,5,90,120,77,14,96,35.3
30039759,3,fall,3,86,86,65,16,95,37.9
30039760,3,abdominal pain,4,97,121,65,17,98,38.2
30039761,3,laceration,7,100,118,81,17,96,36.9
30039762,3,fever,7,86,144,81,15,100,36.7
30039763,3,knee pain,3,90,120,78,24,97,37.4
30039764,3,knee pain,0,97,115,63,11,98,38.5
30039765,3,fall,7,85,133,94,21,98,37.4
30039766,3,back pain,7,89,149,74,14,95,36.3
30039767,3,anxiety,2,116,146,93,19,95,37.1
30039768,3,laceration,1,93,147,85,19,93,37.7
30039769,4,shortness of breath,1,90,132,73,20,99,36.7
30039770,4,shortness of breath,3,86,108,68,22,100,37.1
30039771,3,headache,3,73,118,90,17,98,37.2
30039772,4,back pain,5,64,123,73,17,96,36.8
30039773,2,knee pain,9,78,158,89,19,93,36.7
30039774,3,knee pain,7,87,81,64,21,100,37.5
30039775,3,fall,1,84,108,71,19,99,37.8
30039776,4,anxiety,6,81,117,78,23,98,38.0
30039777,2,laceration,7,104,115,79,13,95,36.2
30039778,3,fall,6,93,142,88,21,98,37.7
30039779,4,fall,4,64,119,88,22,99,37.2
30039780,3,abdominal pain,1,62,132,82,16,100,37.1
30039781,3,laceration,3,79,120,65,17,97,38.2
30039782,3,chest pain,7,95,113,83,15,100,37.7
30039783,2,back pain,8,105,137,80,20,99,34.5
30039784,4,back pain,1,100,149,91,22,98,38.5
30039785,4,shortness of breath,7,105,123,78,16,94,37.8
30039786,3,headache,2,88,144,87,25,92,37.0
30039787,3,abdominal pain,7,84,135,64,12,99,35.2
30039788,2,knee pain,7,76,123,86,10,93,37.4
30039789,3,back pain,2,76,131,103,21,99,36.0
30039790,3,anxiety,3,71,139,80,15,98,37.4
30039791,3,shortness of breath,4,85,108,62,13,93,36.8
30039792,3,fever,0,71,137,84,20,100,37.7
30039793,3,knee pain,3,92,136,61,19,97,36.9
30039794,3,anxiety,2,93,122,108,17,100,38.0
30039795,3,headache,2,92,134,85,20,92,35.9
30039796,3,shortness of breath,1,92,155,59,16,97,36.8
30039797,3,shortness of breath,1,88,126,71,24,94,36.7
30039798,3,headache,0,107,124,74,21,97,35.4
30039799,3,back pain,6,87,106,89,17,96,38.3
30039800,4,fever,5,88,141,63,16,100,37.1
30039801,3,anxiety,6,66,118,90,16,99,37.4
30039802,3,abdominal pain,5,102,107,68,22,99,37.0
30039803,2,laceration,10,76,133,105,16,97,37.4
30039804,2,back pain,7,89,149,72,22,93,36.0
30039805,3,shortness of breath,5,82,139,95,25,93,37.7
30039806,1,fever,10,94,156,64,21,99,37.1
30039807,3,chest pain,1,99,163,70,23,92,36.0
30039808,5,fall,4,130,116,77,22,95,38.7
30039809,4,shortness of breath,1,56,131,99,17,96,37.5
30039810,3,laceration,2,69,114,89,20,100,36.9
30039811,3,chest pain,1,78,142,57,18,100,36.5
30039812,1,knee pain,9,95,131,65,16,97,37.0
30039813,3,fever,1,74,88,75,16,98,37.1
30039814,2,back pain,10,67,103,82,17,99,37.4
30039815,1,chest pain,10,70,126,87,14,95,36.9
30039816,5,anxiety,5,96,129,60,27,100,36.6
30039817,4,laceration,1,89,107,79,15,97,37.4
30039818,4,abdominal pain,3,114,147,91,26,92,36.3
30039819,4,laceration,0,76,163,50,25,93,37.9
30039820,2,fever,9,99,151,96,14,95,37.5
30039821,2,fever,10,81,141,79,21,98,37.4
30039822,3,headache,4,101,116,71,19,100,37.5
30039823,5,anxiety,1,97,147,66,21,99,38.2
30039824,3,back pain,5,45,122,103,17,98,38.3
30039825,1,fall,6,116,88,79,17,95,37.2
30039826,4,back pain,5,107,97,69,20,100,36.4
30039827,2,headache,7,56,144,87,24,94,37.9
30039828,3,fall,5,119,113,68,14,99,35.1
30039829,5,fever,4,100,108,88,15,95,38.4
30039830,3,abdominal pain,5,101,126,52,19,95,37.5
30039831,3,fall,7,57,77,65,13,94,36.0
30039832,5,chest pain,3,97,100,78,17,97,37.1
30039833,4,back pain,3,51,113,60,24,92,36.8
30039834,1,headache,8,93,111,85,18,98,36.5
30039835,3,abdominal pain,6,83,99,39,23,94,36.3
30039836,2,anxiety,10,64,120,82,10,99,36.2
30039837,3,chest pain,7,89,153,65,24,99,37.5
30039838,3,chest pain,3,82,83,66,18,99,36.2
30039839,4,knee pain,1,100,134,81,21,91,35.5
30039840,3,fever,6,90,111,87,15,96,37.3
30039841,3,knee pain,5,64,66,73,15,97,36.1
30039842,3,shortness of breath,5,81,136,69,20,96,37.5
30039843,4,abdominal pain,0,94,133,93,19,100,38.0
30039844,3,knee pain,2,99,116,89,19,95,37.2
30039845,4,chest pain,7,70,163,90,17,97,35.4
30039846,2,headache,7,90,177,83,21,93,36.5
30039847,2,shortness of breath,9,114,111,109,22,94,36.3
30039848,3,shortness of breath,2,82,104,56,17,100,37.3
30039849,2,back pain,9,86,146,79,24,100,37.4
30039850,5,fever,3,83,165,87,13,96,37.3
30039851,2,fever,8,80,129,74,12,93,36.9
30039852,4,back pain,3,87,136,98,15,97,37.1
30039853,4,laceration,6,77,132,81,17,95,37.0
30039854,3,back pain,4,88,150,102,15,100,37.3
30039855,3,fever,5,101,128,87,13,100,36.7
30039856,3,knee pain,0,74,133,66,22,94,38.3
30039857,2,back pain,8,45,114,67,11,97,36.4
30039858,3,shortness of breath,4,102,106,106,22,99,37.4
30039859,4,fever,6,73,88,66,25,97,37.4
30039860,3,abdominal pain,7,103,148,94,24,91,37.8
30039861,3,abdominal pain,2,96,125,91,19,95,37.3
30039862,3,knee pain,2,73,128,83,22,97,37.7
30039863,3,anxiety,3,72,123,72,12,100,36.4
30039864,2,fall,7,104,124,62,26,99,37.2
30039865,2,anxiety,6,99,149,88,16,94,37.0
30039866,4,shortness of breath,4,87,119,99,14,93,38.0
30039867,3,anxiety,6,72,105,91,9,91,35.7
30039868,3,shortness of breath,4,99,124,104,23,100,36.9
30039869,3,fever,1,77,158,107,18,95,36.9
30039870,4,anxiety,4,91,142,88,14,100,35.3
30039871,3,fall,7,85,71,81,23,98,38.5
30039872,3,shortness of breath,1,100,97,71,16,92,37.4
30039873,2,back pain,10,70,106,90,22,100,37.1
30039874,2,headache,6,80,146,83,22,99,37.6
30039875,4,laceration,0,60,119,66,14,95,36.5
30039876,2,knee pain,7,119,95,76,21,98,35.4
30039877,2,shortness of breath,10,102,150,66,19,97,36.7
30039878,2,headache,10,91,94,86,17,97,34.7
30039879,3,knee pain,6,79,140,76,17,93,39.2
30039880,2,knee pain,10,103,169,72,15,100,37.4
30039881,3,back pain,1,104,139,75,11,96,36.9
30039882,2,headache,8,81,102,81,13,94,37.0
30039883,4,shortness of breath,0,65,108,95,10,98,37.1
30039884,5,knee pain,7,109,136,67,23,90,36.5
30039885,3,back pain,2,80,116,63,14,96,37.8
30039886,3,chest pain,1,61,135,75,18,100,35.2
30039887,4,shortness of breath,0,83,72,112,16,96,36.3
30039888,3,abdominal pain,0,116,101,107,18,98,37.1
30039889,4,anxiety,5,88,110,65,16,95,36.3
30039890,3,headache,7,62,138,71,18,94,37.3
30039891,2,shortness of breath,6,92,158,82,16,98,36.8
30039892,3,knee pain,0,82,85,103,19,96,37.1
30039893,3,chest pain,3,88,123,84,11,97,36.7
30039894,1,fever,7,73,107,80,13,99,37.9
30039895,4,chest pain,2,120,122,102,19,98,36.2
30039896,1,headache,8,74,159,84,13,95,38.6
30039897,3,fall,6,102,118,58,13,99,37.4
30039898,3,back pain,5,84,142,95,19,100,36.2
30039899,2,shortness of breath,8,97,115,75,16,93,37.0
30039900,4,shortness of breath,0,72,130,98,22,94,36.1
30039901,3,back pain,7,71,160,110,25,94,35.9
30039902,4,shortness of breath,0,88,135,92,17,97,37.2
30039903,2,chest pain,10,59,151,74,16,97,36.7
30039904,2,knee pain,6,91,141,70,16,99,35.7
30039905,3,chest pain,0,65,123,75,22,100,37.8
30039906,4,fall,2,62,107,83,20,94,35.7
30039907,3,anxiety,2,69,115,100,15,98,36.9
30039908,3,shortness of breath,0,90,118,86,20,100,37.5
30039909,3,anxiety,4,61,109,84,27,98,37.4
30039910,2,abdominal pain,9,86,106,85,20,94,38.3
30039911,2,shortness of breath,6,73,114,75,15,96,37.9
30039912,3,laceration,3,96,113,116,15,100,37.2
30039913,2,knee pain,7,79,132,86,13,100,37.4
30039914,4,chest pain,5,115,150,45,19,96,36.3
30039915,3,laceration,6,87,111,87,25,95,37.6
30039916,3,knee pain,6,111,91,80,14,96,34.6
30039917,3,back pain,3,80,108,81,23,95,38.5
30039918,2,chest pain,8,90,151,71,18,100,37.2
30039919,3,back pain,1,53,112,95,22,97,36.1
30039920,4,shortness of breath,1,81,103,88,22,94,37.1
30039921,3,headache,0,87,130,102,18,95,38.1
30039922,3,knee pain,2,83,106,58,8,96,36.0
30039923,2,laceration,9,86,147,60,14,100,35.9
30039924,3,anxiety,3,97,116,64,20,92,37.1
30039925,3,chest pain,1,104,109,70,16,100,36.7
30039926,3,fall,5,89,114,80,18,94,36.3
30039927,1,chest pain,7,75,115,76,21,99,37.0
30039928,4,shortness of breath,7,91,136,112,19,100,37.1
30039929,3,knee pain,5,73,111,83,20,97,37.4
30039930,3,fall,6,105,117,75,25,94,36.8
30039931,4,knee pain,1,113,108,46,20,93,36.1
30039932,1,knee pain,7,95,112,64,21,97,36.1
30039933,3,chest pain,4,117,117,74,13,91,37.8
30039934,3,back pain,3,81,149,82,21,96,34.9
30039935,3,chest pain,1,90,106,72,16,99,36.0
30039936,3,knee pain,3,87,135,67,14,97,36.0
30039937,3,laceration,3,98,122,111,21,99,36.4
30039938,3,headache,1,89,114,103,20,96,37.2
30039939,4,knee pain,6,98,101,96,19,92,37.2
30039940,2,fever,10,95,137,62,16,97,36.1
30039941,3,abdominal pain,3,105,101,97,18,94,36.4
30039942,3,chest pain,4,93,134,91,13,99,36.8
30039943,3,headache,4,93,115,86,15,96,38.2
30039944,2,laceration,6,97,87,91,18,97,35.7
30039945,2,fever,6,80,123,90,21,94,36.6
30039946,2,anxiety,6,95,135,95,22,100,37.2
30039947,4,fall,0,88,156,75,21,95,35.9
30039948,3,laceration,4,59,114,93,15,95,36.7
30039949,2,knee pain,6,96,103,63,26,97,38.1
30039950,1,anxiety,6,85,119,88,15,93,37.9
30039951,4,laceration,0,76,120,54,17,100,36.1
30039952,5,shortness of breath,0,91,140,78,21,98,36.1
30039953,3,laceration,2,84,138,88,13,99,36.4
30039954,4,headache,3,71,144,88,20,100,37.5
30039955,2,laceration,6,69,126,67,16,93,38.6
30039956,4,knee pain,4,81,127,100,20,100,36.6
30039957,3,back pain,3,97,132,68,19,100,38.5
30039958,4,abdominal pain,3,85,130,54,24,100,37.6
30039959,2,abdominal pain,6,66,136,69,15,98,36.5
30039960,4,headache,4,99,162,95,15,98,37.1
30039961,3,anxiety,3,104,94,81,21,95,37.2
30039962,2,knee pain,10,54,164,64,18,98,38.1
30039963,3,shortness of breath,4,72,144,82,20,94,38.2
30039964,5,fall,0,75,106,58,22,99,38.1
30039965,2,fever,6,86,115,67,20,95,36.4
30039966,2,knee pain,9,74,120,76,18,95,37.5
30039967,3,headache,2,102,110,64,19,94,37.4
30039968,2,shortness of breath,6,91,129,64,19,95,37.6
30039969,3,headache,0,71,117,100,15,93,36.3
30039970,3,laceration,2,106,118,84,18,93,37.6
30039971,4,headache,6,91,127,80,15,100,35.4
30039972,1,laceration,7,89,98,67,20,93,36.2
30039973,3,chest pain,3,116,110,58,30,98,37.7
30039974,3,laceration,6,74,135,60,15,99,38.4
30039975,5,back pain,2,79,157,88,15,93,37.3
30039976,4,knee pain,0,61,118,89,19,100,36.9
30039977,2,knee pain,9,90,71,61,21,100,36.6
30039978,3,fever,5,82,148,91,21,87,36.4
30039979,3,chest pain,6,72,115,75,22,97,35.8
30039980,3,back pain,0,85,157,62,23,91,37.5
30039981,3,fall,0,75,98,69,25,96,37.3
30039982,2,abdominal pain,6,77,128,93,22,98,36.5
30039983,4,shortness of breath,0,106,138,86,30,97,36.8
30039984,3,laceration,5,69,139,34,12,100,36.9
30039985,3,shortness of breath,3,102,134,101,14,100,36.4
30039986,4,knee pain,3,81,124,81,23,98,36.5
30039987,4,fever,7,104,127,76,21,94,36.6
30039988,3,shortness of breath,2,70,101,101,19,98,38.0
30039989,1,anxiety,9,108,101,77,24,97,35.9
30039990,3,abdominal pain,3,79,144,53,20,99,37.9
30039991,3,laceration,4,92,122,67,9,100,37.8
30039992,3,abdominal pain,2,68,155,73,21,100,36.7
30039993,4,fall,4,72,126,66,15,100,37.4
30039994,3,back pain,3,78,119,59,8,98,37.3
30039995,3,shortness of breath,1,81,118,83,23,94,37.8
30039996,4,back pain,4,71,147,59,17,98,37.0
30039997,3,anxiety,7,95,139,45,14,100,36.0
30039998,3,headache,2,65,130,65,15,96,37.0
30039999,3,shortness of breath,0,77,135,83,15,97,37.6
30040000,2,knee pain,6,93,134,63,17,98,36.8
30040001,1,knee pain,8,76,118,86,11,97,36.6
30040002,3,fever,4,84,141,75,18,100,36.8
30040003,3,anxiety,2,65,108,49,21,94,38.6
30040004,3,shortness of breath,7,55,124,93,20,100,37.2
30040005,2,chest pain,9,103,125,93,17,100,37.0
30040006,1,chest pain,8,121,112,74,22,96,38.5
30040007,5,knee pain,0,68,109,94,20,96,37.3
30040008,4,laceration,1,65,110,93,18,95,37.4
30040009,4,chest pain,6,86,134,102,14,98,37.5
30040010,2,fever,8,88,163,92,17,99,36.0
30040011,3,fall,4,95,135,76,15,93,36.8
30040012,3,back pain,4,77,127,78,20,96,37.0
30040013,4,shortness of breath,3,101,146,72,19,99,38.5
30040014,3,headache,3,105,163,90,23,100,36.4
30040015,3,abdominal pain,6,96,160,107,15,100,36.7
30040016,3,anxiety,5,74,106,53,18,97,37.7
30040017,3,back pain,5,74,140,80,21,96,37.4
30040018,3,headache,7,90,98,104,27,90,36.4
30040019,3,back pain,0,72,119,87,21,95,35.8
30040020,2,fever,6,93,138,86,18,93,35.4
30040021,2,knee pain,6,78,129,100,18,96,35.7
30040022,3,abdominal pain,2,64,113,77,21,94,36.0
30040023,5,headache,3,73,141,103,19,95,37.2
30040024,4,headache,2,57,112,107,22,94,38.1
30040025,4,shortness of breath,7,71,123,66,20,98,36.3
30040026,3,fever,1,89,146,93,15,92,35.9
30040027,3,fever,1,95,122,91,21,100,35.3
30040028,2,fall,10,86,117,87,19,100,36.9
30040029,4,fever,0,61,120,64,18,94,36.4
30040030,3,shortness of breath,3,80,135,115,12,94,36.5
30040031,3,back pain,6,76,134,79,16,94,36.9
30040032,2,fall,6,110,143,80,26,100,37.4
30040033,2,fever,8,99,95,74,23,98,37.0
30040034,4,shortness of breath,0,53,155,77,18,94,37.1
30040035,4,laceration,2,83,120,80,16,99,36.2
30040036,5,laceration,4,79,129,90,13,95,37.2
30040037,3,back pain,1,81,128,86,19,95,39.3
30040038,2,headache,8,88,78,70,14,96,36.9
30040039,3,abdominal pain,2,96,116,72,14,98,37.8
30040040,3,anxiety,3,83,140,71,13,95,36.2
30040041,2,back pain,8,86,117,83,20,94,38.0
30040042,4,laceration,0,77,103,74,20,100,36.8
30040043,2,knee pain,6,84,121,86,20,88,36.1
30040044,3,fever,1,59,132,93,17,97,37.4
30040045,3,fever,3,101,141,76,17,94,38.9
30040046,3,back pain,1,74,160,51,29,100,37.4
30040047,4,laceration,5,75,159,78,12,99,37.8
30040048,2,fall,7,84,126,58,19,93,37.0
30040049,3,shortness of breath,2,69,127,95,17,94,36.4
30040050,3,back pain,4,95,129,101,27,92,37.6
30040051,2,back pain,7,104,157,89,24,99,38.3
30040052,3,chest pain,0,69,144,99,20,95,37.3
30040053,2,shortness of breath,8,52,82,98,17,95,37.3
30040054,4,shortness of breath,2,51,103,89,15,93,36.2
30040055,3,fall,4,95,114,73,24,95,37.1
30040056,1,back pain,8,57,118,78,19,100,36.6
30040057,5,abdominal pain,7,94,139,115,19,98,36.5
30040058,3,shortness of breath,2,92,106,74,25,96,37.6
30040059,4,abdominal pain,6,85,121,61,22,98,37.1
30040060,3,knee pain,5,79,137,85,18,98,36.5
30040061,2,fever,6,64,117,71,21,95,36.9
30040062,3,chest pain,2,84,146,80,15,94,36.5
30040063,3,fever,6,87,137,75,21,96,35.8
30040064,3,fever,6,77,85,98,19,95,36.7
30040065,3,anxiety,6,86,101,64,21,96,37.0
30040066,3,back pain,3,78,119,116,21,100,37.5
30040067,2,headache,6,84,156,73,22,98,38.2
30040068,3,anxiety,6,81,145,80,20,100,37.3
30040069,3,shortness of breath,6,81,139,82,23,98,36.3
30040070,3,shortness of breath,5,81,133,90,12,96,37.6
30040071,3,fever,4,107,135,94,19,95,36.6
30040072,3,laceration,0,50,107,70,13,95,36.3
30040073,2,laceration,10,79,127,57,14,95,36.6
30040074,3,abdominal pain,3,82,98,99,19,97,35.3
30040075,3,laceration,0,75,149,84,22,97,37.5
30040076,3,laceration,0,89,130,81,18,96,36.9
30040077,2,laceration,8,70,132,73,28,96,37.8
30040078,3,knee pain,4,78,103,92,14,96,36.5
30040079,3,headache,6,104,116,77,19,97,36.2
30040080,3,headache,3,105,111,64,20,98,37.7
30040081,4,knee pain,6,84,125,75,18,95,38.2
30040082,3,fall,0,109,159,77,15,95,37.1
30040083,3,shortness of breath,0,114,102,96,12,93,37.7
30040084,3,knee pain,6,106,127,85,12,98,37.5
30040085,3,fever,5,83,117,99,15,96,37.8
30040086,2,fall,9,70,116,78,22,98,37.0
30040087,3,abdominal pain,6,91,120,50,17,100,37.6
30040088,3,headache,4,71,117,62,15,93,38.3
30040089,1,chest pain,6,61,146,82,21,99,36.6
30040090,2,laceration,6,88,110,83,11,100,37.4
30040091,3,knee pain,4,57,100,76,12,100,37.0
30040092,3,laceration,1,108,158,83,19,95,37.3
30040093,3,back pain,5,91,147,59,22,95,37.4
30040094,5,chest pain,1,74,116,75,18,96,36.7
30040095,3,abdominal pain,0,60,136,96,20,100,36.0
30040096,3,back pain,7,86,130,85,18,93,36.9
30040097,1,anxiety,9,79,125,69,15,97,37.6
30040098,4,fever,7,72,154,89,14,96,36.0
30040099,2,chest pain,10,100,138,53,24,94,37.2
30040100,2,anxiety,9,87,113,80,25,100,36.9
30040101,3,headache,7,77,99,87,19,99,36.2
30040102,3,chest pain,5,94,141,101,14,98,37.0
30040103,3,shortness of breath,4,91,112,78,21,96,37.4
30040104,4,fall,3,74,121,50,24,98,37.3
30040105,3,headache,0,99,132,88,20,96,36.4
30040106,3,headache,6,74,67,76,24,97,37.5
30040107,3,fever,2,77,124,79,21,95,37.4
30040108,3,abdominal pain,4,86,118,84,16,99,37.5
30040109,4,chest pain,6,100,146,86,21,98,36.6
30040110,3,back pain,3,68,119,54,12,96,35.6
30040111,2,laceration,8,99,140,59,18,100,37.4
30040112,4,knee pain,5,100,109,110,19,96,37.0
30040113,3,chest pain,2,78,140,71,9,97,37.6
30040114,3,knee pain,7,97,113,99,18,99,37.0
30040115,3,fall,4,91,117,75,13,98,37.7
30040116,2,headache,10,79,115,59,20,96,36.6
30040117,3,chest pain,7,99,110,63,17,94,36.5
30040118,2,headache,10,64,144,71,21,95,35.6
30040119,3,fever,1,102,142,79,13,100,36.3
30040120,4,back pain,6,92,146,91,20,95,37.0
30040121,1,headache,6,100,118,99,18,95,35.9
30040122,3,laceration,5,53,67,77,17,95,35.9
30040123,3,headache,4,70,140,64,10,99,36.0
30040124,2,chest pain,8,104,132,81,20,92,36.2
30040125,4,headache,0,80,98,76,15,98,35.7
30040126,5,back pain,0,88,126,76,22,92,37.7
30040127,4,fever,1,81,99,65,16,99,37.8
30040128,2,fever,9,105,101,64,19,90,36.1
30040129,2,shortness of breath,9,90,150,82,15,96,36.9
30040130,3,knee pain,2,103,107,77,21,100,38.1
30040131,3,back pain,6,118,144,56,23,96,37.7
30040132,3,knee pain,0,93,120,75,13,95,36.8
30040133,2,fever,8,63,121,79,22,100,37.6
30040134,4,headache,6,100,147,74,17,96,38.0
30040135,3,fever,2,102,167,80,23,99,36.8
30040136,1,shortness of breath,9,81,88,98,19,99,36.1
30040137,2,anxiety,9,94,111,104,20,98,36.6
30040138,5,shortness of breath,3,90,109,72,19,88,37.4
30040139,3,laceration,4,87,99,78,11,100,36.6
30040140,3,shortness of breath,1,61,110,69,24,98,37.4
30040141,3,back pain,4,52,126,67,26,100,37.4
30040142,2,knee pain,8,67,134,108,14,94,36.4
30040143,5,laceration,0,106,148,86,25,97,36.8
30040144,4,shortness of breath,1,70,123,76,17,96,35.9
30040145,3,anxiety,2,74,161,75,15,94,37.6
30040146,2,back pain,10,75,168,89,22,100,37.0
30040147,5,fever,1,76,109,86,21,95,36.9
30040148,3,chest pain,3,68,134,87,17,100,36.6
30040149,3,chest pain,1,79,120,67,18,94,38.3
30040150,2,headache,9,67,136,86,21,95,36.6
30040151,3,fever,4,88,144,74,19,97,36.0
30040152,3,shortness of breath,2,70,91,77,23,94,37.6
30040153,3,fall,6,107,98,80,23,92,37.8
30040154,3,knee pain,7,81,121,87,16,98,38.1
30040155,3,abdominal pain,0,89,127,80,18,94,37.5
30040156,4,headache,2,118,149,94,18,99,36.9
30040157,2,fever,7,67,127,62,16,96,36.6
30040158,2,chest pain,6,110,136,57,17,93,37.2
30040159,2,back pain,6,84,120,88,12,97,36.2
30040160,3,anxiety,0,81,127,76,19,98,38.5
30040161,2,headache,6,99,130,85,16,99,37.6
30040162,3,anxiety,6,88,166,92,11,95,37.0
30040163,1,fall,6,93,136,69,17,97,37.1
30040164,3,fall,2,78,118,63,15,94,37.4
30040165,4,headache,5,88,150,73,23,92,37.3
30040166,3,abdominal pain,1,100,104,94,11,100,36.1
30040167,3,headache,5,114,118,77,13,95,36.9
30040168,3,fever,0,100,149,73,19,100,36.7
30040169,4,fall,5,63,125,74,17,89,35.8
30040170,4,shortness of breath,1,77,150,103,29,99,36.8
30040171,3,laceration,6,86,159,74,15,100,36.5
30040172,3,chest pain,6,88,120,72,24,95,37.4
30040173,4,knee pain,6,98,139,68,23,100,35.8
30040174,2,fever,7,68,115,48,24,99,38.2
30040175,4,fever,5,67,136,56,20,97,36.6
30040176,3,anxiety,0,66,135,81,16,100,36.2
30040177,4,abdominal pain,7,71,110,81,23,100,37.6
30040178,3,knee pain,3,71,125,81,18,96,36.2
30040179,3,abdominal pain,2,87,131,103,19,96,36.1
30040180,3,fall,0,77,146,83,20,100,37.4
30040181,3,headache,3,80,105,83,17,95,37.1
30040182,4,laceration,3,98,129,106,14,100,37.2
30040183,3,chest pain,5,76,142,61,14,100,37.3
30040184,3,knee pain,0,105,124,86,17,89,37.0
30040185,1,knee pain,8,87,126,74,17,98,37.4
30040186,3,fever,5,87,130,62,19,99,37.1
30040187,2,anxiety,10,89,134,97,12,98,35.5
30040188,2,fall,10,78,123,95,16,100,39.1
30040189,4,laceration,0,90,105,78,23,91,36.0
30040190,3,chest pain,1,83,117,95,18,100,38.4
30040191,5,anxiety,1,78,108,57,20,97,35.9
30040192,3,knee pain,1,88,86,84,22,100,37.1
30040193,4,knee pain,1,79,131,92,17,100,35.7
30040194,4,back pain,6,76,152,50,22,96,37.8
30040195,2,knee pain,10,116,119,101,10,93,37.6
30040196,3,fall,6,109,108,102,18,100,36.2
30040197,1,back pain,7,72,133,57,18,96,36.7
30040198,3,anxiety,6,74,119,76,16,99,38.4
30040199,3,fall,4,103,84,70,17,100,38.7
30040200,1,back pain,6,81,116,87,17,100,39.1
30040201,3,shortness of breath,2,100,132,94,22,90,37.4
30040202,2,laceration,8,66,146,90,23,94,36.7
30040203,5,knee pain,7,101,151,81,17,95,36.9
30040204,4,shortness of breath,2,86,152,84,29,95,36.7
30040205,2,fall,9,118,105,73,16,95,38.3
30040206,3,shortness of breath,3,67,152,62,25,99,35.9
30040207,2,back pain,10,93,107,83,23,98,36.0
30040208,3,shortness of breath,5,77,131,71,18,100,37.6
30040209,4,headache,1,98,136,82,23,95,35.7
30040210,3,fall,7,85,124,76,22,96,38.3
30040211,4,chest pain,2,101,153,111,23,100,37.5
30040212,3,chest pain,1,74,94,90,22,100,36.7
30040213,3,fever,5,109,107,82,15,100,38.7
30040214,3,knee pain,5,95,153,75,17,98,36.5
30040215,2,back pain,10,76,138,87,19,98,37.3
30040216,1,shortness of breath,9,61,130,82,19,95,36.1
30040217,5,headache,5,94,124,81,17,96,36.4
30040218,4,fever,3,86,147,89,22,98,36.2
30040219,3,laceration,3,86,126,102,20,97,36.6
30040220,3,headache,1,73,98,86,18,96,36.7
30040221,3,chest pain,5,87,144,80,10,95,37.5
30040222,2,anxiety,6,70,110,79,19,96,37.1
30040223,3,chest pain,6,63,124,84,23,99,37.0
30040224,3,anxiety,3,94,98,81,22,100,36.5
30040225,4,fall,4,83,132,76,17,93,36.6
30040226,4,chest pain,2,109,120,50,19,97,36.8
30040227,2,headache,7,81,111,99,16,97,36.5
30040228,3,chest pain,7,81,129,71,17,100,36.1
30040229,1,fall,10,94,108,83,17,96,36.9
30040230,5,back pain,3,71,143,97,19,95,36.5
30040231,2,back pain,6,87,85,91,21,98,37.3
30040232,5,abdominal pain,1,88,113,68,22,94,38.1
30040233,3,shortness of breath,5,87,133,86,17,100,36.3
30040234,3,fall,1,84,121,73,19,98,36.4
30040235,3,chest pain,4,116,136,75,22,95,37.1
30040236,2,back pain,7,67,151,85,16,98,37.7
30040237,4,fever,0,77,123,83,19,96,38.4
30040238,4,laceration,4,89,119,108,24,98,37.0
30040239,3,laceration,7,75,116,77,17,99,37.2
30040240,2,anxiety,7,122,125,100,21,95,35.8
30040241,3,chest pain,7,70,77,59,21,100,37.1
30040242,3,back pain,1,99,138,94,22,100,36.8
30040243,3,knee pain,1,98,103,59,25,98,37.9
30040244,3,abdominal pain,1,102,102,85,10,96,36.7
30040245,4,knee pain,6,85,128,48,22,95,36.8
30040246,4,shortness of breath,1,71,135,73,19,100,37.1
30040247,3,abdominal pain,2,100,148,71,15,100,37.1
30040248,2,anxiety,10,67,122,76,15,97,37.7
30040249,5,laceration,0,67,132,95,17,93,36.9
30040250,2,fall,7,94,94,89,13,95,37.0
30040251,3,fall,4,64,134,71,21,99,36.8
30040252,3,abdominal pain,7,91,113,87,10,93,37.0
30040253,4,fall,4,61,133,74,14,100,38.4
30040254,4,back pain,1,92,138,81,16,100,37.5
30040255,4,back pain,1,70,158,86,18,100,37.5
30040256,3,headache,4,86,137,79,12,96,38.2
30040257,2,fever,8,73,125,70,20,100,36.6
30040258,3,chest pain,4,104,123,83,18,95,38.8
30040259,4,chest pain,1,79,114,79,22,99,37.7
30040260,3,headache,5,59,103,83,18,100,36.8
30040261,4,back pain,6,80,164,96,25,98,37.2
30040262,2,fever,9,88,124,80,9,97,37.6
30040263,3,fall,2,61,118,72,11,99,36.4
30040264,4,fall,0,68,103,80,18,95,36.6
30040265,4,abdominal pain,1,83,124,102,15,94,36.9
30040266,3,knee pain,2,68,133,59,14,95,36.7
30040267,3,headache,5,77,129,52,19,99,36.5
30040268,2,fever,10,85,104,94,17,100,36.7
30040269,3,shortness of breath,4,108,116,84,19,92,37.2
30040270,4,shortness of breath,5,95,122,65,18,99,35.8
30040271,3,headache,5,75,120,98,10,100,36.4
30040272,3,back pain,4,92,89,90,16,100,37.1
30040273,3,back pain,2,110,134,100,18,98,37.2
30040274,3,back pain,1,88,121,98,9,90,38.6
30040275,5,abdominal pain,1,76,103,56,14,100,37.4
30040276,3,chest pain,5,76,141,100,22,98,37.2
30040277,3,chest pain,1,93,122,37,11,99,36.9
30040278,3,back pain,7,73,141,63,19,100,37.4
30040279,4,chest pain,5,81,121,103,24,100,37.8
30040280,3,anxiety,6,85,131,72,14,96,37.5
30040281,5,shortness of breath,7,93,138,90,21,100,37.3
30040282,2,knee pain,8,86,131,78,26,95,36.3
30040283,4,anxiety,1,80,105,97,21,97,36.1
30040284,2,shortness of breath,6,70,114,96,27,96,36.7
30040285,4,headache,7,97,150,74,16,96,36.4
30040286,2,knee pain,8,69,138,71,15,94,37.0
30040287,4,fall,7,64,135,79,20,100,36.7
30040288,3,headache,4,95,83,96,24,98,37.5
30040289,3,laceration,1,89,136,76,20,94,36.8
30040290,3,laceration,5,78,81,70,13,100,37.8
30040291,3,anxiety,7,95,128,53,22,96,38.1
30040292,3,shortness of breath,3,77,136,60,16,95,37.3
30040293,4,back pain,7,93,152,85,14,100,37.5
30040294,4,fever,6,79,131,95,11,100,37.6
30040295,3,chest pain,5,63,134,74,22,98,36.6
30040296,3,back pain,4,70,136,63,15,95,36.9
30040297,1,knee pain,7,97,106,102,23,100,36.5
30040298,3,headache,2,103,103,71,21,93,36.5
30040299,4,knee pain,6,69,139,71,14,97,36.0
30040300,4,abdominal pain,0,105,140,106,21,96,37.4
30040301,2,laceration,8,78,125,45,16,97,37.2
30040302,3,abdominal pain,0,85,129,98,22,100,36.6
30040303,2,chest pain,10,105,133,101,16,98,37.5
30040304,3,shortness of breath,3,85,127,91,10,96,36.5
30040305,4,abdominal pain,4,76,96,49,22,94,36.4
30040306,3,knee pain,1,107,132,96,12,100,35.9
30040307,3,fever,6,79,110,81,15,91,38.0
30040308,3,knee pain,1,83,166,71,19,95,37.5
30040309,3,fever,7,94,136,103,19,99,38.2
30040310,3,anxiety,1,92,121,84,18,94,38.2
30040311,3,chest pain,0,105,127,61,22,95,37.4
30040312,1,headache,7,82,140,96,18,94,38.6
30040313,3,anxiety,7,99,136,89,13,95,36.8
30040314,3,chest pain,3,90,132,87,19,91,37.0
30040315,2,fever,8,67,114,88,21,97,35.3
30040316,4,abdominal pain,5,61,92,70,29,94,37.5
30040317,3,fever,5,112,135,79,16,100,36.9
30040318,4,shortness of breath,3,70,125,75,13,95,36.9
30040319,3,abdominal pain,5,97,125,96,27,100,36.2
30040320,1,chest pain,8,102,111,92,15,96,38.7
30040321,4,laceration,5,86,171,84,14,97,36.7
30040322,3,fall,1,58,98,83,18,98,37.2
30040323,3,shortness of breath,0,75,109,72,15,98,36.1
30040324,3,anxiety,2,109,134,67,5,98,37.6
30040325,4,laceration,1,83,145,75,21,95,37.9
30040326,3,fever,1,91,101,103,21,92,38.1
30040327,2,knee pain,9,78,149,60,18,96,36.6
30040328,3,laceration,7,74,128,75,15,98,37.9
30040329,3,headache,1,91,160,67,26,92,36.0
30040330,2,headache,7,85,142,85,26,97,36.4
30040331,3,fever,5,93,139,67,25,99,38.6
30040332,4,knee pain,0,95,80,60,17,94,37.3
30040333,3,knee pain,3,64,151,88,22,100,38.4
30040334,2,laceration,10,77,111,67,21,94,36.6
30040335,2,back pain,10,92,144,68,18,88,37.2
30040336,4,back pain,2,92,172,80,15,96,37.7
30040337,2,fever,10,109,127,91,22,93,37.4
30040338,3,fall,6,84,94,76,18,97,37.5
30040339,3,back pain,2,79,123,103,19,100,36.4
30040340,3,knee pain,6,85,94,93,18,98,37.0
30040341,2,headache,8,104,133,71,13,95,35.3
30040342,3,abdominal pain,3,54,113,105,16,100,37.5
30040343,3,laceration,6,95,183,64,19,96,36.7
30040344,3,fever,6,100,144,66,14,96,36.6
30040345,4,laceration,3,81,169,92,18,94,36.6
30040346,4,chest pain,1,103,163,74,20,96,36.1
30040347,3,back pain,2,69,146,80,21,100,37.6
30040348,2,fever,10,84,131,57,18,92,36.6
30040349,3,headache,4,75,153,61,20,96,37.6
30040350,3,laceration,1,71,138,56,17,97,37.2
30040351,3,chest pain,7,98,151,93,19,100,36.5
30040352,3,laceration,5,60,171,83,18,90,36.9
30040353,4,chest pain,4,96,111,111,11,95,36.7
30040354,3,anxiety,4,102,93,72,23,99,35.9
30040355,3,fever,7,71,138,77,17,95,36.4
30040356,4,laceration,3,75,104,65,18,100,36.8
30040357,1,fever,6,86,97,89,19,99,36.0
30040358,4,fever,1,96,133,77,22,95,36.4
30040359,3,fall,3,73,129,82,27,100,36.6
30040360,5,headache,7,83,97,63,20,97,36.8
30040361,2,shortness of breath,7,95,111,101,16,97,37.6
30040362,4,abdominal pain,0,81,134,72,14,99,37.0
30040363,3,anxiety,6,91,145,93,22,100,37.3
30040364,4,chest pain,7,68,129,71,22,100,38.1
30040365,4,back pain,3,77,117,59,19,93,37.3
30040366,3,chest pain,7,71,152,83,14,91,36.4
30040367,3,fever,5,62,158,114,20,98,37.1
30040368,3,knee pain,3,104,133,80,18,94,37.7
30040369,4,abdominal pain,1,93,104,93,23,100,37.0
30040370,1,fever,7,97,123,62,16,98,37.1
30040371,4,shortness of breath,7,107,171,96,18,96,37.9
30040372,4,shortness of breath,6,97,119,65,13,95,36.2
30040373,2,fever,6,68,119,91,23,96,38.0
30040374,3,chest pain,4,86,74,68,19,99,37.4
30040375,3,shortness of breath,6,88,126,61,14,95,37.4
30040376,5,chest pain,5,100,80,123,17,95,36.7
30040377,3,fever,1,53,133,84,20,95,36.2
30040378,3,back pain,7,86,126,77,20,93,37.0
30040379,2,fall,10,99,119,82,14,96,37.1
30040380,3,fever,2,89,114,58,23,100,36.3
30040381,3,laceration,1,88,115,86,19,96,36.4
30040382,4,knee pain,6,75,100,72,25,93,36.3
30040383,3,laceration,2,69,121,94,20,95,36.7
30040384,2,abdominal pain,8,58,100,99,26,97,36.3
30040385,2,abdominal pain,6,81,155,83,18,96,36.8
30040386,2,anxiety,6,108,153,77,19,95,36.9
30040387,2,fever,10,76,100,105,18,95,38.0
30040388,3,abdominal pain,1,67,135,116,25,99,35.9
30040389,3,laceration,3,95,159,84,20,97,37.7
30040390,4,fall,3,68,129,93,6,99,37.7
30040391,3,anxiety,7,104,104,91,19,96,38.0
30040392,1,fall,7,74,142,65,20,97,37.1
30040393,3,abdominal pain,7,106,109,81,13,99,36.4
30040394,3,chest pain,2,81,159,97,13,98,38.1
30040395,3,anxiety,6,69,147,66,22,98,37.5
30040396,3,shortness of breath,5,57,91,104,18,97,35.9
30040397,3,headache,5,102,128,77,18,91,35.9
30040398,3,headache,5,83,127,98,24,98,36.7
30040399,2,abdominal pain,8,89,126,76,27,96,37.1
30040400,3,abdominal pain,4,88,119,104,21,100,37.1
30040401,2,shortness of breath,7,91,103,62,23,100,36.2
30040402,2,abdominal pain,7,69,143,94,22,97,36.4
30040403,3,abdominal pain,0,84,133,75,22,100,36.7
30040404,4,headache,7,100,139,78,26,97,37.9
30040405,5,anxiety,3,68,104,106,16,99,35.9
30040406,2,headache,10,77,107,52,15,96,38.4
30040407,3,anxiety,1,96,156,60,18,98,37.3
30040408,5,headache,2,94,136,94,20,92,36.5
30040409,3,knee pain,1,82,117,63,12,99,37.7
30040410,2,fall,7,89,131,88,18,93,37.0
30040411,3,headache,3,74,90,76,17,97,36.9
30040412,2,back pain,6,77,134,51,18,100,37.4
30040413,4,fever,1,75,109,113,16,100,38.2
30040414,5,laceration,0,80,145,76,17,97,38.5
30040415,3,fever,0,86,109,81,31,100,37.1
30040416,2,anxiety,8,86,97,88,19,96,37.8
30040417,3,laceration,3,72,137,86,16,88,37.7
30040418,3,knee pain,6,81,99,91,14,99,37.4
30040419,3,abdominal pain,5,88,103,86,20,96,35.6
30040420,2,back pain,9,58,157,98,20,100,37.8
30040421,3,back pain,2,87,157,112,29,93,37.1
30040422,5,abdominal pain,4,94,136,72,18,94,35.7
30040423,3,laceration,1,77,102,123,20,96,36.5
30040424,3,abdominal pain,7,59,88,62,21,97,35.9
30040425,2,laceration,8,92,166,75,16,98,38.2
30040426,3,headache,7,63,138,95,20,95,37.9
30040427,4,knee pain,3,94,121,57,17,95,37.0
30040428,3,headache,5,58,138,62,20,99,34.2
30040429,3,shortness of breath,6,73,142,43,16,93,37.0
30040430,3,chest pain,6,74,134,82,16,94,37.4
30040431,3,shortness of breath,3,57,127,59,19,96,37.3
30040432,3,back pain,3,83,114,82,21,94,35.9
30040433,3,back pain,2,88,148,74,23,91,36.0
30040434,3,anxiety,1,70,136,69,20,93,38.1
30040435,3,abdominal pain,5,72,157,97,20,99,38.8
30040436,3,fall,5,96,86,72,16,97,36.8
30040437,4,laceration,7,77,114,85,16,100,36.9
30040438,3,anxiety,1,108,143,112,20,99,37.1
30040439,4,headache,5,81,112,95,26,100,35.9
30040440,3,fall,4,71,122,78,17,99,37.1
30040441,3,abdominal pain,3,61,108,84,16,94,36.6
30040442,4,fever,2,93,125,69,17,97,36.3
30040443,3,abdominal pain,6,90,127,94,19,94,37.1
30040444,3,headache,4,100,119,97,25,94,36.5
30040445,4,shortness of breath,6,90,129,63,13,100,36.8
30040446,5,shortness of breath,0,93,109,86,22,94,37.2
30040447,2,back pain,7,77,114,112,23,97,37.9
30040448,3,shortness of breath,4,89,153,75,20,100,36.3
30040449,3,anxiety,0,86,106,63,15,91,36.6
30040450,3,abdominal pain,7,85,144,42,12,100,38.7
30040451,3,chest pain,4,85,85,104,16,95,35.0
30040452,1,abdominal pain,8,82,158,75,25,97,38.2
30040453,4,abdominal pain,1,89,63,88,17,97,38.3
30040454,2,headache,9,85,112,68,20,100,37.5
30040455,2,anxiety,10,76,127,87,16,96,37.8
30040456,1,abdominal pain,9,76,107,56,18,87,37.1
30040457,4,knee pain,2,82,99,80,8,97,35.8
30040458,4,knee pain,1,69,130,85,13,100,38.1
30040459,4,anxiety,4,95,124,74,20,97,36.2
30040460,2,headache,8,65,106,85,15,100,38.0
30040461,3,knee pain,2,98,140,99,23,94,37.0
30040462,4,back pain,4,91,113,91,19,99,35.8
30040463,3,fall,3,104,130,90,16,100,38.2
30040464,5,back pain,0,86,124,92,11,97,37.6
30040465,4,anxiety,1,75,121,86,23,96,38.5
30040466,4,chest pain,4,101,118,57,21,100,37.8
30040467,3,fever,5,72,140,66,14,100,37.3
30040468,3,back pain,0,112,117,82,18,95,36.5
30040469,3,anxiety,6,95,116,99,21,98,37.3
30040470,4,abdominal pain,1,93,131,68,16,100,36.6
30040471,3,chest pain,0,79,113,64,19,97,36.6
30040472,2,back pain,6,74,136,113,13,100,37.2
30040473,4,anxiety,4,70,124,83,9,99,36.6
30040474,3,knee pain,5,71,135,78,17,100,37.3
30040475,3,laceration,2,83,142,83,14,94,36.8
30040476,3,knee pain,1,73,126,67,18,100,36.2
30040477,4,chest pain,6,71,142,95,25,97,36.6
30040478,3,fever,4,96,132,74,17,100,36.4
30040479,3,fever,0,96,136,86,14,90,36.6
30040480,5,knee pain,7,91,141,90,11,94,36.4
30040481,2,headache,10,118,105,58,22,94,37.0
30040482,4,fever,5,101,107,64,18,97,35.8
30040483,3,fall,4,99,100,91,17,100,36.4
30040484,4,headache,0,68,161,63,23,93,38.1
30040485,5,abdominal pain,1,78,126,83,11,93,37.1
30040486,2,abdominal pain,8,77,135,92,18,100,35.7
30040487,3,back pain,3,78,116,81,14,97,37.6
30040488,3,fall,0,81,85,64,18,100,36.3
30040489,3,fever,0,70,128,72,17,97,37.2
30040490,2,laceration,6,93,146,44,20,100,38.0
30040491,3,knee pain,7,90,152,73,17,97,37.0
30040492,3,headache,0,100,176,82,24,93,37.6
30040493,3,shortness of breath,3,71,94,85,17,97,37.8
30040494,2,back pain,6,73,134,85,8,95,37.5
30040495,2,fever,8,85,109,76,19,97,38.6
30040496,5,knee pain,0,77,151,74,18,98,36.1
30040497,3,fall,3,106,105,91,13,95,36.8
30040498,3,shortness of breath,2,104,135,70,21,97,38.0
30040499,2,knee pain,10,78,139,101,19,100,37.7
30040500,4,shortness of breath,6,109,143,85,16,97,36.8
30040501,4,abdominal pain,0,102,132,86,15,95,37.6
30040502,3,laceration,5,60,123,80,15,95,36.7
30040503,2,shortness of breath,8,90,109,70,22,99,37.8
30040504,2,fever,9,66,132,73,19,95,36.8
30040505,4,headache,6,84,127,106,18,98,36.4
30040506,4,shortness of breath,5,84,114,63,21,95,36.2
30040507,4,fever,6,60,110,83,25,100,36.7
30040508,3,anxiety,7,81,96,76,22,100,36.9
30040509,3,shortness of breath,1,66,111,87,19,98,38.0
30040510,3,chest pain,6,91,156,94,21,99,37.7
30040511,3,chest pain,1,69,130,53,12,99,36.6
30040512,2,laceration,9,72,136,71,18,100,37.4
30040513,5,laceration,4,88,122,86,18,97,38.3
30040514,4,fall,6,78,96,79,15,96,37.4
30040515,4,headache,4,75,143,85,22,97,36.2
30040516,3,fever,6,75,131,87,18,92,36.2
30040517,2,fever,7,70,121,89,21,97,36.8
30040518,2,back pain,8,82,126,71,12,95,36.1
30040519,4,abdominal pain,1,99,141,66,16,98,38.3
30040520,3,knee pain,4,83,118,66,18,99,36.4
30040521,4,chest pain,2,92,140,84,25,90,36.7
30040522,4,chest pain,7,94,164,59,12,100,37.5
30040523,4,fall,1,100,111,89,10,97,34.4
30040524,1,fever,9,109,124,70,25,94,37.5
30040525,4,chest pain,5,92,104,54,18,97,35.2
30040526,4,laceration,2,98,187,80,16,99,35.4
30040527,3,chest pain,0,102,116,58,20,97,37.7
30040528,3,shortness of breath,4,92,158,80,16,94,37.0
30040529,3,headache,6,118,115,100,24,99,37.0
30040530,3,laceration,3,70,140,91,14,95,37.5
30040531,5,shortness of breath,1,84,145,57,25,97,37.1
30040532,3,shortness of breath,7,52,130,82,21,94,38.8
30040533,3,knee pain,2,88,118,70,22,98,37.0
30040534,4,laceration,7,58,115,92,17,92,38.3
30040535,4,headache,1,80,110,69,18,100,35.9
30040536,3,back pain,5,102,96,69,19,97,37.5
30040537,3,fall,1,100,78,70,15,98,36.5
30040538,5,anxiety,6,58,122,62,16,97,37.5
30040539,3,abdominal pain,0,85,108,74,18,97,36.0
30040540,3,fall,2,89,102,79,14,99,36.3
30040541,3,shortness of breath,5,81,133,65,18,100,35.4
30040542,3,knee pain,5,57,129,78,21,98,37.5
30040543,3,shortness of breath,2,101,121,87,14,100,35.6
30040544,4,headache,0,113,130,70,15,97,36.4
30040545,2,anxiety,6,75,116,66,14,100,37.4
30040546,3,chest pain,1,108,118,58,23,100,36.2
30040547,3,fall,1,85,163,51,14,96,36.6
30040548,3,back pain,5,54,120,53,18,99,36.1
30040549,3,fever,5,70,84,75,15,99,38.7
30040550,4,knee pain,0,100,160,70,16,92,36.9
30040551,3,fever,3,106,148,87,17,100,37.4
30040552,2,shortness of breath,10,74,142,96,18,96,36.8
30040553,2,headache,6,94,114,91,20,99,38.8
30040554,3,knee pain,6,67,138,73,16,96,36.6
30040555,4,knee pain,6,82,117,92,16,100,37.0
30040556,3,anxiety,1,85,154,107,19,100,36.0
30040557,4,chest pain,3,98,116,64,12,96,36.0
30040558,3,fever,3,101,187,80,19,97,37.2
30040559,3,headache,3,72,161,101,23,95,37.8
30040560,3,knee pain,1,94,130,66,25,100,36.8
30040561,4,chest pain,5,96,133,61,18,100,34.9
30040562,1,back pain,10,105,102,92,23,92,37.4
30040563,5,fever,7,96,116,79,19,93,39.2
30040564,3,abdominal pain,2,65,123,66,17,95,37.0
30040565,3,fall,3,84,128,68,15,97,36.6
30040566,3,abdominal pain,5,97,146,115,8,100,37.3
30040567,2,headache,8,82,110,83,7,100,37.4
30040568,3,chest pain,3,59,125,111,20,99,37.1
30040569,2,shortness of breath,10,84,160,74,20,98,37.3
30040570,3,knee pain,0,85,160,53,13,92,37.6
30040571,2,laceration,9,89,105,66,12,92,37.4
30040572,1,anxiety,6,104,129,96,25,100,37.1
30040573,3,shortness of breath,6,93,123,70,16,98,36.6
30040574,3,chest pain,3,129,139,67,24,96,36.8
30040575,4,chest pain,7,71,150,92,18,97,37.1
30040576,3,laceration,0,74,101,74,13,100,37.4
30040577,5,knee pain,1,106,123,74,21,99,38.3
30040578,3,chest pain,5,84,117,69,22,96,37.6
30040579,3,fever,5,66,137,83,22,100,37.4
30040580,2,knee pain,7,68,141,102,22,97,38.1
30040581,3,laceration,4,69,112,77,25,100,37.2
30040582,3,anxiety,2,87,154,79,21,95,35.5
30040583,4,laceration,4,73,158,90,20,96,37.8
30040584,2,back pain,8,79,128,78,16,99,37.8
30040585,4,chest pain,4,93,125,78,17,99,36.1
30040586,4,abdominal pain,5,81,116,95,13,91,36.8
30040587,1,shortness of breath,8,96,162,96,17,98,37.7
30040588,3,shortness of breath,0,103,162,62,16,98,36.2
30040589,4,headache,0,76,112,59,21,96,37.4
30040590,4,fever,4,81,119,105,21,100,37.4
30040591,3,abdominal pain,5,65,142,96,20,96,37.7
30040592,4,chest pain,2,89,131,101,14,96,35.6
30040593,3,knee pain,5,80,136,69,19,99,36.6
30040594,3,fall,0,86,139,31,16,94,37.0
30040595,4,knee pain,6,69,138,94,9,100,36.8
30040596,2,knee pain,8,103,124,67,19,97,35.7
30040597,4,anxiety,7,77,151,94,26,100,38.4
30040598,3,chest pain,1,102,99,82,27,98,36.7
30040599,3,fall,7,87,110,99,24,93,37.0
30040600,3,fever,1,54,107,88,16,96,35.4
30040601,5,fever,0,76,146,106,17,94,36.0
30040602,4,anxiety,4,90,149,87,16,92,36.7
30040603,3,back pain,6,94,111,98,18,95,36.8
30040604,3,back pain,0,78,126,54,18,97,36.2
30040605,3,chest pain,5,106,111,52,19,98,35.1
30040606,3,fall,6,81,110,77,15,96,36.4
30040607,3,anxiety,1,65,128,80,12,93,37.5
30040608,4,laceration,4,91,106,86,23,97,37.2
30040609,3,back pain,4,98,115,73,20,99,37.6
30040610,2,abdominal pain,8,75,130,71,23,97,36.5
30040611,3,shortness of breath,4,98,111,55,23,94,35.9
30040612,1,back pain,8,115,136,64,16,100,36.4
30040613,2,fall,8,102,131,82,17,100,37.3
30040614,3,knee pain,1,73,85,97,23,94,38.0
30040615,4,fall,1,100,118,76,20,88,37.2
30040616,2,headache,10,80,124,106,20,90,36.2
30040617,2,back pain,9,85,124,103,14,98,36.4
30040618,2,fever,8,80,124,81,15,95,37.7
30040619,3,headache,5,83,130,97,16,97,36.6
30040620,3,abdominal pain,3,97,68,100,23,100,38.3
30040621,3,knee pain,2,88,196,82,18,100,36.0
30040622,3,back pain,3,54,148,54,14,98,37.8
30040623,4,abdominal pain,6,73,117,74,12,94,37.3
30040624,3,back pain,1,82,99,86,13,98,37.7
30040625,3,shortness of breath,7,84,110,79,12,97,36.5
30040626,3,chest pain,6,83,97,74,25,95,37.2
30040627,3,back pain,0,73,120,93,16,94,38.5
30040628,3,back pain,1,61,137,81,19,94,37.3
30040629,3,fall,4,96,133,99,16,99,38.9
30040630,3,headache,7,94,116,98,25,96,36.6
30040631,4,back pain,5,86,107,63,12,97,36.2
30040632,4,laceration,4,114,152,46,14,98,38.4
30040633,3,fever,2,81,166,71,23,95,38.5
30040634,3,anxiety,4,114,132,62,16,98,36.5
30040635,3,fall,1,115,122,70,19,95,37.1
30040636,2,chest pain,10,93,106,92,21,92,36.9
30040637,3,knee pain,5,85,102,81,14,96,38.6
30040638,3,chest pain,4,90,119,93,16,99,38.2
30040639,2,laceration,10,81,129,95,22,100,38.3
30040640,3,abdominal pain,7,78,102,80,16,98,37.0
30040641,2,fall,10,101,144,96,17,100,37.8
30040642,2,knee pain,7,76,97,69,16,100,37.8
30040643,3,fall,5,60,145,87,17,100,37.9
30040644,2,back pain,8,85,124,80,21,96,37.0
30040645,1,chest pain,7,98,101,75,18,93,37.9
30040646,3,fever,6,97,110,75,14,95,37.5
30040647,3,fever,4,85,96,65,11,99,38.2
30040648,3,shortness of breath,3,67,131,83,22,94,38.1
30040649,4,chest pain,0,92,104,92,13,91,37.0
30040650,4,fever,0,92,116,77,15,98,37.6
30040651,4,knee pain,6,68,98,88,21,96,37.0
30040652,2,abdominal pain,10,63,127,105,20,98,37.6
30040653,3,laceration,1,71,118,72,16,98,35.5
30040654,2,fall,7,61,121,111,18,98,36.1
30040655,4,back pain,4,85,127,58,15,96,36.1
30040656,3,laceration,6,94,111,56,26,96,37.7
30040657,3,abdominal pain,1,80,145,78,17,97,37.3
30040658,3,back pain,6,89,116,68,20,96,36.5
30040659,2,fever,7,100,121,36,21,98,37.0
30040660,3,chest pain,3,110,138,99,22,97,36.8
30040661,2,fall,8,85,165,78,17,95,36.3
30040662,3,chest pain,0,111,106,99,19,95,36.6
30040663,3,chest pain,0,90,132,74,19,97,36.5
30040664,3,back pain,5,74,147,76,3,94,37.9
30040665,3,anxiety,3,100,133,81,21,96,37.7
30040666,3,laceration,3,100,115,67,16,100,36.5
30040667,4,knee pain,3,105,128,74,22,97,37.6
30040668,3,anxiety,4,55,86,94,20,100,39.1
30040669,4,headache,1,86,90,69,20,95,36.9
30040670,3,fall,0,68,138,72,35,98,36.0
30040671,3,back pain,0,72,125,78,15,99,37.4
30040672,3,laceration,1,90,163,66,19,100,37.5
30040673,2,headache,6,76,130,91,22,98,36.5
30040674,4,laceration,3,77,111,66,18,92,36.6
30040675,3,anxiety,4,91,102,66,18,98,37.9
30040676,2,fever,9,62,114,74,17,96,36.7
30040677,1,chest pain,6,78,124,88,22,100,36.4
30040678,3,anxiety,2,103,99,102,9,99,37.5
30040679,2,abdominal pain,6,68,114,90,17,93,35.4
30040680,3,knee pain,3,93,101,79,12,97,36.8
30040681,4,chest pain,1,80,117,76,25,89,34.1
30040682,4,knee pain,0,84,142,105,19,95,36.4
30040683,3,back pain,6,76,138,65,19,95,37.5
30040684,3,fall,7,67,107,83,16,94,36.7
30040685,3,knee pain,6,89,104,74,25,99,36.3
30040686,4,headache,6,81,93,52,12,100,36.5
30040687,2,fall,10,114,133,78,22,96,37.2
30040688,3,fall,3,95,146,112,27,100,37.9
30040689,3,fall,0,108,123,85,17,100,34.4
30040690,4,back pain,1,78,115,69,16,96,37.1
30040691,3,fever,4,91,71,93,22,98,38.8
30040692,5,fever,2,107,138,84,26,95,35.2
30040693,3,abdominal pain,0,71,99,45,18,96,36.4
30040694,3,anxiety,0,84,124,59,18,100,36.6
30040695,3,fall,1,87,120,77,19,95,36.3
30040696,4,abdominal pain,4,82,151,94,21,100,37.5
30040697,3,back pain,1,94,151,77,20,95,37.5
30040698,4,chest pain,2,88,163,85,14,98,37.3
30040699,3,anxiety,1,94,125,81,14,98,36.7
30040700,2,abdominal pain,9,64,125,78,15,99,37.4
30040701,4,chest pain,0,70,138,101,15,100,36.7
30040702,2,fever,8,93,160,98,18,95,35.5
30040703,4,fall,3,97,124,91,28,90,36.9
30040704,4,fall,1,84,117,97,15,99,38.1
30040705,3,knee pain,7,63,142,77,20,100,39.0
30040706,3,back pain,4,81,115,82,23,96,38.0
30040707,5,chest pain,5,78,133,104,22,99,37.9
30040708,4,fever,1,77,131,86,14,95,35.3
30040709,1,abdominal pain,10,86,138,93,22,95,37.4
30040710,3,shortness of breath,4,104,126,76,20,96,35.9
30040711,4,abdominal pain,2,84,127,48,17,97,36.9
30040712,1,abdominal pain,9,97,133,83,15,95,35.8
30040713,3,laceration,0,66,128,77,16,98,37.8
30040714,4,knee pain,6,76,95,105,16,99,36.0
30040715,3,headache,2,87,124,56,24,96,36.2
30040716,3,anxiety,4,97,151,77,16,99,35.9
30040717,2,back pain,7,92,90,65,24,99,37.4
30040718,3,knee pain,1,94,153,78,23,95,38.2
30040719,4,headache,6,100,122,53,16,100,37.0
30040720,3,back pain,0,79,123,75,6,96,37.0
30040721,4,back pain,6,101,160,92,15,95,35.8
30040722,3,shortness of breath,1,88,143,93,18,98,36.0
30040723,5,chest pain,5,71,147,71,17,98,36.8
30040724,4,shortness of breath,1,79,90,84,21,98,37.3
30040725,4,knee pain,2,70,141,72,12,94,37.5
30040726,1,knee pain,6,82,146,78,21,91,37.0
30040727,3,chest pain,0,102,145,57,13,96,36.4
30040728,1,headache,6,74,95,68,13,94,37.1
30040729,3,chest pain,2,93,132,95,19,97,37.4
30040730,4,abdominal pain,6,64,97,87,25,99,37.2
30040731,2,shortness of breath,9,106,88,96,19,96,37.1
30040732,4,back pain,7,91,130,73,17,94,37.0
30040733,4,headache,2,95,116,76,13,99,36.7
30040734,4,laceration,5,83,120,42,15,94,37.6
30040735,2,abdominal pain,9,75,141,87,17,93,36.4
30040736,2,headache,10,61,109,79,18,97,35.9
30040737,2,anxiety,6,74,108,117,18,93,36.7
30040738,2,chest pain,6,106,136,87,4,96,37.9
30040739,1,anxiety,9,101,152,94,15,94,37.5
30040740,2,laceration,8,58,113,82,16,100,36.4
30040741,3,knee pain,2,109,96,81,18,100,37.4
30040742,3,laceration,7,69,132,90,16,99,35.5
30040743,3,laceration,3,78,149,88,21,100,37.4
30040744,4,anxiety,3,89,164,100,17,97,37.5
30040745,3,abdominal pain,1,68,112,54,19,95,37.0
30040746,4,anxiety,3,87,93,78,15,100,35.6
30040747,3,laceration,2,72,135,55,17,98,36.8
30040748,4,knee pain,0,64,137,86,11,96,37.2
30040749,4,laceration,7,76,140,75,22,98,37.9
30040750,4,fever,2,80,173,69,14,98,37.2
30040751,3,back pain,2,81,142,82,19,95,38.0
30040752,3,abdominal pain,7,96,110,77,16,95,36.9
30040753,1,headache,7,70,154,74,22,100,37.8
30040754,3,chest pain,7,85,111,81,20,95,37.5
30040755,4,headache,3,91,121,68,22,98,36.2
30040756,1,shortness of breath,7,54,131,82,16,99,37.7
30040757,3,abdominal pain,0,69,121,98,17,96,36.8
30040758,3,fall,6,78,139,67,19,100,37.4
30040759,2,fever,10,80,83,67,20,92,37.6
30040760,3,abdominal pain,4,75,155,74,17,100,36.2
30040761,5,knee pain,1,100,127,90,16,96,37.3
30040762,3,back pain,2,79,136,89,23,95,36.4
30040763,3,anxiety,0,78,147,74,19,98,37.1
30040764,3,fever,1,86,137,56,22,97,37.2
30040765,3,abdominal pain,5,61,118,76,22,98,37.4
30040766,4,chest pain,0,88,125,73,15,100,39.3
30040767,5,abdominal pain,3,118,150,84,17,92,36.9
30040768,3,abdominal pain,1,106,127,83,21,94,37.5
30040769,2,laceration,8,87,123,93,20,97,37.3
30040770,2,fall,8,72,140,114,20,97,36.3
30040771,2,abdominal pain,10,90,118,79,14,98,37.6
30040772,2,laceration,6,106,157,77,20,97,37.3
30040773,4,shortness of breath,0,90,117,83,17,96,37.2
30040774,3,back pain,5,96,94,90,16,99,37.8
30040775,2,shortness of breath,8,93,149,99,22,98,36.2
30040776,2,laceration,8,103,156,53,18,92,36.9
30040777,5,laceration,7,64,125,83,16,96,36.7
30040778,4,fall,3,95,129,76,16,100,37.4
30040779,3,headache,5,80,125,68,19,95,37.1
30040780,3,knee pain,1,108,122,78,15,98,38.0
30040781,3,fall,3,121,105,73,15,99,38.2
30040782,4,knee pain,6,80,165,78,18,97,36.6
30040783,4,knee pain,6,67,69,88,20,96,37.2
30040784,5,fever,2,66,114,94,19,95,37.7
30040785,5,headache,0,78,105,76,19,100,36.0
30040786,3,fever,1,89,126,85,20,95,36.6
30040787,5,headache,2,86,126,68,19,94,37.7
30040788,3,headache,3,82,89,86,17,100,37.5
30040789,4,back pain,7,83,123,69,19,98,37.9
30040790,2,anxiety,6,108,160,77,10,99,37.6
30040791,3,shortness of breath,3,54,128,81,13,94,37.8
30040792,2,back pain,8,83,122,98,22,100,36.2
30040793,4,chest pain,2,85,130,89,16,90,37.1
30040794,1,headache,10,83,141,92,18,96,37.5
30040795,3,abdominal pain,1,87,134,67,20,98,37.6
30040796,3,fever,6,82,112,66,18,96,37.9
30040797,3,headache,1,89,109,82,15,97,38.0
30040798,4,back pain,6,95,111,103,12,94,35.7
30040799,3,anxiety,1,102,120,60,18,100,37.7
30040800,3,laceration,0,77,95,106,16,100,36.4
30040801,4,knee pain,2,78,107,61,14,96,37.0
30040802,2,laceration,8,83,158,87,22,96,36.0
30040803,3,anxiety,4,79,130,94,26,97,36.6
30040804,3,fall,0,88,117,66,21,100,37.0
30040805,3,headache,2,79,137,99,22,100,38.5
30040806,2,headache,10,83,103,62,16,96,37.2
30040807,3,fall,4,95,101,70,24,100,35.8
30040808,2,knee pain,6,86,154,58,21,94,37.5
30040809,4,abdominal pain,0,72,121,90,20,97,37.7
30040810,2,fever,8,73,114,91,25,99,36.6
30040811,3,shortness of breath,5,88,104,100,14,100,37.5
30040812,4,fall,7,96,185,75,15,95,36.6
30040813,3,knee pain,0,118,122,64,19,99,38.5
30040814,4,laceration,0,77,138,92,14,100,35.9
30040815,4,laceration,0,83,99,93,17,96,36.3
30040816,3,abdominal pain,1,75,157,94,22,94,37.9
30040817,4,abdominal pain,4,68,95,80,16,98,36.8
30040818,4,laceration,0,103,131,89,25,99,36.8
30040819,2,fall,10,114,140,75,19,93,36.4
30040820,3,laceration,6,96,134,110,19,100,36.4
30040821,4,knee pain,4,96,135,68,11,96,37.0
30040822,3,shortness of breath,1,99,131,95,18,94,37.1
30040823,3,headache,0,103,132,91,15,97,35.9
30040824,3,abdominal pain,5,95,140,98,17,99,35.9
30040825,3,headache,0,87,124,73,22,91,36.2
30040826,2,fever,9,80,129,67,14,100,36.8
30040827,3,knee pain,4,83,115,97,14,97,34.6
30040828,2,back pain,7,87,129,69,16,96,36.2
30040829,3,fall,5,106,146,68,19,96,37.8
30040830,3,headache,1,75,120,65,14,90,37.5
30040831,3,headache,1,93,102,82,16,92,36.1
30040832,3,knee pain,7,84,97,65,23,98,36.9
30040833,2,abdominal pain,9,91,129,88,16,98,37.8
30040834,5,headache,2,57,145,75,27,100,37.0
30040835,4,chest pain,4,88,156,95,22,91,38.1
30040836,2,anxiety,9,77,132,82,15,100,38.0
30040837,2,headache,8,88,130,114,20,99,37.2
30040838,3,shortness of breath,6,67,142,84,16,100,37.4
30040839,3,anxiety,1,90,110,95,16,98,37.2
30040840,3,chest pain,3,113,110,85,12,99,37.1
30040841,3,headache,6,72,131,88,11,100,36.5
30040842,3,fall,6,95,94,79,13,98,38.6
30040843,3,laceration,2,94,92,92,14,97,35.1
30040844,4,knee pain,1,94,179,78,16,97,36.1
30040845,4,anxiety,4,74,157,89,16,100,37.6
30040846,5,knee pain,2,98,119,67,25,100,37.4
30040847,4,headache,6,97,155,86,20,98,36.5
30040848,5,headache,1,104,144,92,17,95,37.4
30040849,3,abdominal pain,0,84,100,83,15,94,38.0
30040850,3,chest pain,2,64,138,57,22,98,37.0
30040851,3,anxiety,4,81,137,41,14,97,36.9
30040852,2,headache,6,99,146,44,22,94,37.4
30040853,3,shortness of breath,4,92,122,99,14,98,37.4
30040854,2,laceration,10,69,116,85,23,95,36.0
30040855,3,shortness of breath,6,96,129,65,18,96,36.8
30040856,3,headache,2,107,123,46,16,96,38.2
30040857,3,abdominal pain,5,87,89,71,15,95,36.5
30040858,2,shortness of breath,10,71,121,87,17,95,37.7
30040859,4,abdominal pain,3,48,162,76,17,95,37.6
30040860,1,knee pain,6,94,114,107,12,98,37.9
30040861,3,chest pain,3,76,114,106,23,97,36.6
30040862,5,chest pain,5,94,91,112,17,100,37.0
30040863,3,anxiety,1,63,113,78,18,98,38.2
30040864,1,fever,8,65,160,86,15,91,36.5
30040865,3,fall,7,81,161,61,19,96,35.9
30040866,1,fall,8,82,141,80,12,98,37.3
30040867,3,headache,7,72,144,123,20,100,36.1
30040868,3,abdominal pain,2,65,102,99,15,93,36.5
30040869,4,fall,7,109,87,61,14,95,36.8
30040870,3,knee pain,7,68,121,63,16,100,37.2
30040871,3,fall,1,87,167,67,19,100,36.7
30040872,5,anxiety,0,79,122,87,17,100,37.5
30040873,4,headache,3,109,134,72,16,100,37.4
30040874,3,fever,4,107,151,102,19,97,37.4
30040875,2,laceration,8,77,123,80,15,95,36.4
30040876,4,headache,3,66,113,72,10,100,36.3
30040877,4,fever,4,90,87,77,20,96,37.3
30040878,3,anxiety,5,107,146,68,18,98,36.5
30040879,1,knee pain,8,71,121,86,23,97,37.8
30040880,3,headache,1,112,131,78,23,98,36.9
30040881,3,fever,0,78,109,91,21,100,36.3
30040882,3,fall,5,89,117,90,9,95,36.9
30040883,4,back pain,3,98,123,82,16,100,37.1
30040884,2,back pain,10,100,89,78,25,100,37.4
30040885,2,knee pain,8,73,137,82,20,100,38.8
30040886,2,knee pain,9,64,124,73,16,97,37.5
30040887,3,chest pain,7,98,155,69,16,100,34.8
30040888,2,anxiety,9,86,117,109,15,95,36.9
30040889,3,chest pain,6,88,117,74,21,96,38.8
30040890,5,abdominal pain,5,76,95,66,18,96,36.3
30040891,3,headache,4,99,110,57,23,95,36.7
30040892,3,back pain,6,71,105,66,19,98,38.1
30040893,3,fever,2,85,161,80,17,98,36.3
30040894,4,chest pain,3,63,137,79,23,96,36.4
30040895,2,fall,6,74,132,90,21,96,37.1
30040896,4,shortness of breath,6,104,133,83,17,95,36.6
30040897,4,fall,5,70,113,63,17,95,39.0
30040898,2,back pain,6,59,96,71,13,100,36.2
30040899,2,headache,6,97,95,80,13,99,35.9
30040900,4,laceration,6,83,113,109,17,98,36.3
30040901,3,laceration,1,100,125,100,21,95,37.9
30040902,4,laceration,2,82,89,93,21,100,36.3
30040903,3,fever,5,93,125,68,18,94,37.9
30040904,3,fall,0,98,107,97,11,99,37.7
30040905,1,abdominal pain,6,73,111,70,17,100,36.6
30040906,3,abdominal pain,6,103,123,53,21,100,37.1
30040907,3,headache,2,69,157,85,9,94,36.6
30040908,3,back pain,2,66,124,57,19,98,36.9
30040909,3,knee pain,5,82,140,101,22,94,36.9
30040910,2,fever,8,90,102,74,13,98,37.0
30040911,3,fever,3,81,132,93,14,100,37.1
30040912,3,abdominal pain,5,73,130,63,17,93,37.4
30040913,3,anxiety,6,65,147,86,22,88,37.7
30040914,3,chest pain,6,87,141,64,24,99,37.0
30040915,3,fever,0,108,107,58,21,100,36.6
30040916,4,shortness of breath,4,84,128,87,17,99,36.6
30040917,3,back pain,1,73,124,61,11,98,37.8
30040918,5,anxiety,4,97,131,70,21,95,37.7
30040919,3,chest pain,5,91,101,95,19,98,37.3
30040920,4,back pain,0,72,107,72,13,96,37.1
30040921,3,shortness of breath,7,89,126,64,17,97,37.7
30040922,3,laceration,4,74,104,89,17,95,37.8
30040923,4,shortness of breath,4,80,133,75,15,96,35.8
30040924,3,chest pain,3,86,105,82,22,92,36.3
30040925,5,abdominal pain,3,89,117,50,16,97,36.3
30040926,2,headache,10,80,117,76,16,98,36.9
30040927,3,fall,3,72,156,114,18,99,36.7
30040928,3,anxiety,0,60,96,103,19,97,36.3
30040929,2,anxiety,6,73,133,69,18,95,35.9
30040930,4,chest pain,4,63,121,66,20,100,37.0
30040931,3,fever,4,87,121,75,20,100,36.7
30040932,3,fall,3,91,112,53,19,100,36.4
30040933,3,shortness of breath,1,86,133,81,19,97,36.5
30040934,4,fever,1,72,132,98,22,98,36.6
30040935,3,fall,4,73,115,90,14,93,37.1
30040936,2,anxiety,10,75,108,71,24,92,36.1
30040937,2,laceration,10,75,110,102,11,96,36.0
30040938,5,shortness of breath,1,68,127,82,19,100,38.1
30040939,3,back pain,4,67,141,58,19,100,35.5
30040940,2,headache,10,96,127,101,19,100,36.6
30040941,3,fever,3,82,150,69,15,100,37.0
30040942,2,chest pain,7,106,116,69,27,100,36.5
30040943,2,headache,9,95,129,51,18,94,37.1
30040944,3,shortness of breath,1,77,173,69,10,96,37.4
30040945,3,fall,2,91,111,99,19,99,36.7
30040946,1,knee pain,8,89,111,76,22,92,37.7
30040947,3,anxiety,1,75,130,72,20,99,38.9
30040948,3,fever,2,119,129,78,16,96,37.9
30040949,3,shortness of breath,3,95,125,84,17,97,36.5
30040950,4,headache,4,83,118,99,16,100,38.0
30040951,3,headache,3,55,132,73,18,96,38.5
30040952,4,anxiety,0,81,107,65,23,95,36.5
30040953,3,anxiety,4,74,142,92,22,100,38.5
30040954,2,knee pain,6,75,148,94,21,100,37.4
30040955,5,shortness of breath,3,70,150,70,9,100,37.2
30040956,3,anxiety,2,82,147,77,15,100,36.6
30040957,4,knee pain,3,80,118,87,14,96,37.5
30040958,3,anxiety,4,65,97,54,18,97,36.1
30040959,3,back pain,1,69,108,89,19,94,36.4
30040960,3,headache,7,98,115,65,14,91,38.0
30040961,3,chest pain,7,94,116,75,24,96,36.4
30040962,3,laceration,6,93,120,89,13,96,36.2
30040963,4,chest pain,5,100,121,69,23,96,36.6
30040964,4,fall,1,106,123,99,21,98,37.7
30040965,3,shortness of breath,4,66,109,89,20,98,36.1
30040966,4,abdominal pain,7,62,122,105,19,94,37.8
30040967,4,back pain,4,81,184,76,16,93,36.6
30040968,3,anxiety,1,104,174,33,17,100,38.1
30040969,2,fall,9,99,121,66,19,95,37.6
30040970,4,abdominal pain,4,102,134,85,17,94,37.3
30040971,4,abdominal pain,5,97,139,79,12,97,36.2
30040972,3,fever,6,75,141,84,14,92,37.9
30040973,3,fall,0,83,126,72,22,90,37.9
30040974,2,abdominal pain,7,77,124,84,15,98,37.9
30040975,4,abdominal pain,4,103,158,98,13,95,37.7
30040976,3,fever,2,81,100,59,16,95,36.8
30040977,3,laceration,0,56,97,97,18,100,36.9
30040978,2,back pain,6,86,151,71,21,100,36.3
30040979,4,chest pain,0,57,141,84,15,98,36.7
30040980,3,laceration,0,64,119,109,20,100,37.1
30040981,4,chest pain,6,62,151,78,13,95,35.9
30040982,3,back pain,3,81,169,79,18,95,36.7
30040983,2,laceration,8,93,117,75,17,93,36.9
30040984,3,abdominal pain,5,86,145,59,17,90,37.4
30040985,3,back pain,1,97,130,77,20,97,37.5
30040986,1,back pain,8,64,104,82,16,100,36.8
30040987,3,knee pain,2,94,107,76,17,95,36.4
30040988,4,fall,4,97,120,85,21,96,37.6
30040989,2,anxiety,6,77,128,93,15,96,36.6
30040990,3,back pain,2,81,118,105,17,95,36.6
30040991,3,knee pain,5,106,101,94,18,100,37.2
30040992,3,anxiety,6,68,138,73,10,98,37.3
30040993,3,chest pain,4,85,161,92,19,100,36.5
30040994,2,fall,7,88,113,57,14,93,37.4
30040995,5,headache,7,80,118,65,23,97,35.5
30040996,2,back pain,6,70,129,79,17,98,35.1
30040997,3,chest pain,4,63,117,80,17,94,37.7
30040998,1,abdominal pain,7,85,71,80,20,99,37.5
30040999,4,knee pain,2,92,132,68,20,96,37.4
30041000,4,laceration,4,101,183,90,21,100,36.9
30041001,4,laceration,2,94,131,87,10,100,37.6
30041002,1,abdominal pain,10,51,106,69,17,98,37.0
30041003,3,fever,7,68,117,129,12,96,36.1
30041004,2,headache,6,79,97,95,22,98,36.6
30041005,3,knee pain,1,90,115,89,19,100,37.0
30041006,2,anxiety,10,70,152,82,19,94,36.3
30041007,3,back pain,0,85,181,86,12,100,37.7
30041008,3,headache,0,81,122,66,20,97,35.7
30041009,3,fever,3,65,127,91,7,96,38.0
30041010,3,abdominal pain,4,92,126,77,20,96,37.8
30041011,3,fever,1,88,110,74,20,100,36.9
30041012,4,fall,2,101,154,78,11,100,37.9
30041013,2,shortness of breath,6,89,105,82,13,95,37.1
30041014,3,chest pain,5,92,121,72,17,100,37.8
30041015,2,back pain,10,68,128,76,22,99,35.8
30041016,5,anxiety,2,83,147,72,12,97,36.7
30041017,2,fever,8,56,146,58,23,93,36.9
30041018,1,fall,8,77,101,77,17,93,36.1
30041019,4,headache,3,92,134,75,21,100,35.8
30041020,3,fever,4,81,137,83,23,100,36.3
30041021,4,chest pain,0,56,83,77,13,100,37.4
30041022,3,anxiety,3,76,103,58,19,100,36.6
30041023,5,fall,4,89,107,72,16,100,37.1
30041024,3,abdominal pain,5,82,138,82,12,99,36.4
30041025,3,laceration,2,61,102,98,15,100,38.0
30041026,2,knee pain,7,103,78,75,14,93,36.2
30041027,3,anxiety,7,88,144,54,22,96,37.3
30041028,2,knee pain,8,96,102,62,20,96,37.1
30041029,3,fall,0,91,108,63,18,99,37.1
30041030,3,fever,1,74,108,86,22,99,36.1
30041031,3,anxiety,4,88,134,100,25,99,36.9
30041032,1,back pain,8,92,107,79,18,97,36.2
30041033,2,knee pain,8,70,134,62,17,93,36.9
30041034,5,fever,4,85,140,83,16,98,37.0
30041035,2,anxiety,6,44,125,72,16,95,36.6
30041036,3,back pain,6,92,107,66,16,95,38.2
30041037,4,chest pain,7,88,135,65,16,99,36.7
30041038,4,anxiety,0,84,128,42,21,98,36.2
30041039,3,fever,5,66,130,75,19,100,37.1
30041040,3,headache,7,65,116,104,17,91,35.9
30041041,3,laceration,6,95,81,85,12,95,36.4
30041042,4,abdominal pain,0,84,113,83,12,93,37.0
30041043,3,anxiety,2,97,94,55,14,97,37.3
30041044,3,back pain,4,81,125,78,13,96,36.3
30041045,3,laceration,1,60,158,88,19,98,38.2
30041046,3,headache,3,101,119,57,16,93,36.9
30041047,1,knee pain,7,84,124,85,16,97,35.7
30041048,4,abdominal pain,1,92,127,104,11,93,37.4
30041049,4,chest pain,1,68,94,74,18,95,36.6
30041050,3,back pain,4,76,78,94,15,95,37.8
30041051,1,fever,8,96,141,91,18,100,35.3
30041052,3,headache,7,67,143,95,19,97,35.8
30041053,3,anxiety,2,78,158,77,20,98,36.7
30041054,3,shortness of breath,0,75,152,89,12,98,36.1
30041055,5,chest pain,6,83,109,92,15,97,35.6
30041056,1,knee pain,7,70,113,76,18,98,36.3
30041057,1,anxiety,10,82,135,88,16,98,37.1
30041058,2,anxiety,7,112,153,89,18,95,35.8
30041059,3,headache,0,61,104,59,19,95,36.6
30041060,2,back pain,8,116,95,84,20,97,35.3
30041061,3,chest pain,1,98,150,88,22,96,36.6
30041062,3,chest pain,2,119,153,77,22,97,38.5
30041063,4,back pain,0,71,93,61,12,100,36.3
30041064,3,knee pain,3,66,142,63,22,100,35.4
30041065,3,anxiety,1,79,142,107,19,94,37.8
30041066,4,fever,4,87,139,69,11,95,35.9
30041067,3,anxiety,6,70,153,88,20,95,37.5
30041068,1,shortness of breath,8,70,153,74,14,96,36.9
30041069,3,headache,5,74,130,60,14,94,37.5
30041070,3,fever,7,75,107,64,21,97,36.0
30041071,3,knee pain,4,78,125,79,18,96,39.1
30041072,4,shortness of breath,7,73,120,70,18,92,36.7
30041073,3,shortness of breath,4,72,139,89,29,93,36.5
30041074,3,abdominal pain,2,90,176,72,24,94,36.9
30041075,3,back pain,2,72,88,86,18,98,37.6
30041076,3,fever,3,72,168,74,14,98,37.8
30041077,1,fever,7,70,160,79,17,100,37.3
30041078,5,headache,6,80,136,75,25,97,37.9
30041079,1,laceration,10,95,110,81,21,97,38.3
30041080,4,knee pain,1,83,104,75,19,100,36.3
30041081,3,fever,6,90,148,82,19,95,36.4
30041082,2,headache,10,98,79,83,19,97,37.3
30041083,3,back pain,1,75,115,72,14,94,36.9
30041084,3,abdominal pain,7,100,120,93,17,90,37.6
30041085,4,back pain,1,80,144,82,19,92,35.7
30041086,3,fall,5,71,108,108,14,95,36.8
30041087,1,headache,9,87,105,86,27,93,36.9
30041088,3,headache,1,78,134,66,25,100,36.2
30041089,3,fall,1,60,119,87,17,98,37.1
30041090,3,back pain,1,87,136,101,14,97,35.8
30041091,3,fall,3,92,144,40,10,100,36.3
30041092,3,anxiety,2,90,84,75,21,97,37.5
30041093,3,back pain,5,76,114,69,13,93,35.6
30041094,5,knee pain,6,74,135,87,24,96,35.8
30041095,3,chest pain,3,82,97,88,12,100,38.1
30041096,3,headache,0,92,83,62,22,95,36.6
30041097,1,headache,6,60,122,92,13,91,37.2
30041098,3,back pain,3,75,104,80,22,95,36.2
30041099,1,knee pain,6,76,141,51,19,93,36.6
30041100,3,headache,7,89,132,101,17,91,37.5
30041101,4,chest pain,4,99,126,81,28,97,38.2
30041102,3,headache,1,81,97,86,16,93,37.7
30041103,3,shortness of breath,4,100,135,91,18,94,35.6
30041104,3,headache,0,93,143,69,19,100,37.6
30041105,3,shortness of breath,0,92,125,81,17,99,38.7
30041106,4,shortness of breath,3,117,92,77,21,100,37.4
30041107,3,knee pain,2,70,116,66,20,98,36.7
30041108,2,back pain,9,98,137,80,11,93,38.2
30041109,2,laceration,6,72,143,83,12,98,36.6
30041110,5,laceration,6,96,105,83,17,94,37.4
30041111,2,knee pain,6,73,107,68,20,97,38.2
30041112,1,headache,8,72,149,65,21,93,36.5
30041113,3,back pain,3,103,115,80,19,98,37.4
30041114,2,fever,7,65,118,87,19,98,37.3
30041115,4,chest pain,1,90,114,90,18,98,36.3
30041116,3,knee pain,0,91,146,90,19,99,38.4
30041117,3,fall,2,109,141,81,14,98,37.2
30041118,2,fever,9,87,144,96,23,100,35.9
30041119,3,shortness of breath,5,112,120,98,15,98,36.8
30041120,3,shortness of breath,5,87,132,100,18,92,37.8
30041121,2,anxiety,6,114,101,68,19,96,37.7
30041122,2,fever,8,82,141,74,13,97,36.4
30041123,4,chest pain,0,87,134,96,14,99,35.6
30041124,4,shortness of breath,6,73,94,88,13,97,38.5
30041125,3,laceration,5,75,141,60,12,94,36.0
30041126,4,abdominal pain,1,77,119,57,14,100,38.2
30041127,1,fever,6,75,107,80,19,97,38.5
30041128,4,headache,3,70,118,75,19,96,36.4
30041129,2,fever,9,77,130,78,15,98,36.1
30041130,3,headache,1,98,96,78,14,89,38.2
30041131,3,abdominal pain,3,75,96,94,22,100,36.5
30041132,4,abdominal pain,7,70,127,56,27,95,36.1
30041133,3,headache,6,50,108,50,13,100,37.5
30041134,3,back pain,6,96,98,55,22,98,37.7
30041135,4,shortness of breath,3,68,140,94,20,94,37.9
30041136,3,chest pain,4,91,131,94,20,100,37.5
30041137,3,shortness of breath,5,87,113,84,27,93,37.7
30041138,3,anxiety,0,73,83,64,16,99,38.1
30041139,3,abdominal pain,5,110,118,84,19,98,37.9
30041140,2,laceration,7,89,117,74,17,100,36.9
30041141,1,anxiety,8,111,114,69,14,100,37.9
30041142,3,knee pain,1,104,133,91,23,94,36.9
30041143,3,shortness of breath,7,92,133,67,20,91,37.7
30041144,4,anxiety,2,86,110,76,16,97,37.3
30041145,3,knee pain,0,92,122,85,21,100,36.5
30041146,3,laceration,6,76,148,83,20,97,36.9
30041147,4,back pain,1,77,112,105,16,98,36.9
30041148,3,anxiety,6,97,117,54,12,96,35.8
30041149,3,chest pain,2,79,142,73,20,100,35.8
30041150,4,headache,4,59,105,88,16,93,35.9
30041151,4,abdominal pain,0,84,112,64,15,98,36.8
30041152,4,back pain,5,60,110,88,16,98,35.9
30041153,3,chest pain,4,108,126,92,19,100,37.4
30041154,3,fever,5,66,114,67,19,93,36.3
30041155,3,knee pain,6,103,131,54,18,96,36.6
30041156,4,fever,4,84,144,70,21,95,37.0
30041157,2,laceration,9,91,139,50,15,99,36.9
30041158,2,back pain,7,99,133,86,21,98,37.3
30041159,3,fall,0,59,133,67,18,96,37.1
30041160,4,shortness of breath,2,109,117,81,17,100,37.4
30041161,3,laceration,6,86,112,81,27,100,37.9
30041162,2,back pain,9,72,111,82,17,90,38.6
30041163,4,knee pain,1,92,130,93,19,100,36.9
30041164,5,abdominal pain,5,62,156,79,11,94,37.8
30041165,2,anxiety,9,78,103,85,20,96,37.3
30041166,2,abdominal pain,8,93,129,104,11,95,36.2
30041167,4,laceration,2,81,106,82,12,98,36.8
30041168,5,headache,7,78,119,99,18,98,37.2
30041169,3,headache,2,84,143,75,19,98,37.2
30041170,5,chest pain,6,81,115,78,18,93,37.4
30041171,4,knee pain,6,100,151,90,15,96,37.4
30041172,3,back pain,4,108,146,99,19,100,38.7
30041173,2,fall,7,105,112,55,22,93,36.6
30041174,3,headache,6,91,147,33,15,99,36.8
30041175,2,shortness of breath,6,84,118,87,19,99,36.0
30041176,4,anxiety,3,94,143,102,12,99,37.5
30041177,3,headache,7,63,115,67,17,95,36.7
30041178,3,chest pain,2,98,134,111,16,100,37.5
30041179,3,fever,6,74,114,75,18,94,37.6
30041180,2,anxiety,7,51,113,43,23,95,38.3
30041181,3,fever,5,89,105,94,15,93,37.4
30041182,2,back pain,10,84,169,55,14,97,36.2
30041183,3,chest pain,0,91,141,88,18,93,36.9
30041184,3,fall,3,92,101,106,17,93,35.3
30041185,2,chest pain,8,77,117,91,19,97,37.1
30041186,2,knee pain,9,88,77,58,13,98,36.7
30041187,3,anxiety,0,83,164,69,15,92,37.7
30041188,4,headache,0,92,159,92,14,99,38.4
30041189,3,headache,1,77,152,78,27,94,37.2
30041190,2,abdominal pain,9,105,185,59,13,96,37.1
30041191,3,anxiety,2,102,129,95,19,100,37.6
30041192,4,laceration,1,62,91,59,21,96,37.3
30041193,3,chest pain,3,63,106,81,22,96,38.3
30041194,2,abdominal pain,9,116,136,81,23,97,38.0
30041195,3,headache,2,77,104,69,18,93,36.7
30041196,2,headache,8,69,124,91,22,97,35.8
30041197,3,back pain,4,77,109,81,23,93,37.5
30041198,3,laceration,3,74,102,86,20,92,37.2
30041199,3,fever,3,84,107,95,26,100,36.0
30041200,3,anxiety,6,85,108,83,20,94,36.6
30041201,3,headache,1,101,128,66,17,94,37.6
30041202,4,fever,3,79,106,87,14,100,38.4
30041203,3,fever,0,84,114,103,18,98,38.0
30041204,2,fall,8,61,104,84,11,98,36.2
30041205,3,laceration,1,98,121,54,19,99,38.1
30041206,3,fever,1,97,108,80,18,98,36.7
30041207,3,laceration,6,100,94,65,18,98,35.9
30041208,3,knee pain,6,91,137,66,18,99,37.1
30041209,1,chest pain,6,87,151,75,18,97,36.8
30041210,4,headache,3,86,95,109,19,96,36.8
30041211,2,fall,8,87,127,72,18,97,37.4
30041212,2,chest pain,9,86,92,71,7,99,37.6
30041213,3,headache,5,84,116,72,14,95,37.1
30041214,4,headache,5,77,126,94,14,100,36.7
30041215,3,anxiety,7,101,92,84,22,98,36.8
30041216,2,chest pain,8,81,117,91,20,98,37.0
30041217,3,back pain,5,105,139,88,21,100,36.2
30041218,1,knee pain,9,58,162,103,18,99,37.2
30041219,4,chest pain,2,86,121,54,18,95,37.2
30041220,3,fall,0,90,124,85,26,95,36.8
30041221,3,laceration,6,78,99,91,7,100,36.3
30041222,3,fever,1,99,104,100,22,95,38.8
30041223,5,anxiety,0,88,128,67,29,99,37.6
30041224,3,fall,4,104,85,73,9,95,36.3
30041225,3,headache,5,102,118,76,18,99,36.3
30041226,4,fever,0,84,97,77,19,100,36.7
30041227,3,anxiety,1,91,87,70,18,95,36.5
30041228,4,chest pain,4,79,142,42,19,96,35.9
30041229,3,fall,1,65,112,61,13,94,37.1
30041230,2,chest pain,10,72,122,86,15,100,38.1
30041231,1,abdominal pain,10,76,125,60,16,100,39.2
30041232,3,headache,6,108,136,92,20,98,36.3
30041233,2,fall,7,84,120,102,20,99,38.0
30041234,3,headache,6,91,130,88,18,100,35.7
30041235,4,back pain,5,71,146,107,17,92,36.8
30041236,2,shortness of breath,8,93,140,76,18,100,37.3
30041237,3,shortness of breath,2,105,77,67,19,96,35.6
30041238,3,anxiety,6,78,118,79,19,91,37.7
30041239,3,abdominal pain,1,56,147,99,16,93,36.4
30041240,2,laceration,9,79,142,96,18,99,36.8
30041241,3,laceration,4,87,89,70,15,97,37.3
30041242,3,knee pain,4,79,157,86,14,96,36.2
30041243,1,fever,9,73,138,63,14,97,37.1
30041244,3,back pain,3,92,171,60,15,100,37.8
30041245,2,chest pain,9,84,131,87,16,96,36.5
30041246,2,shortness of breath,7,105,124,89,11,98,37.9
30041247,1,shortness of breath,7,78,143,111,21,97,37.0
30041248,3,headache,6,106,124,69,17,96,38.2
30041249,2,anxiety,6,90,113,96,19,96,36.1
30041250,3,back pain,6,105,116,48,13,100,36.2
30041251,2,anxiety,10,96,118,90,13,100,36.6
30041252,4,chest pain,6,88,109,84,14,97,37.3
30041253,4,laceration,6,77,77,78,20,95,38.1
30041254,4,abdominal pain,0,99,136,81,15,99,38.6
30041255,3,fall,7,78,87,78,21,96,36.8
30041256,3,headache,0,79,150,77,18,91,36.2
30041257,1,fall,10,63,154,53,13,96,35.6
30041258,3,back pain,6,84,87,76,16,99,37.6
30041259,2,laceration,6,97,123,66,14,98,36.1
30041260,3,shortness of breath,3,93,130,101,17,99,38.5
30041261,5,shortness of breath,2,107,128,87,24,99,37.6
30041262,2,fall,7,58,152,95,13,95,38.0
30041263,3,fall,2,86,141,89,20,99,36.9
30041264,3,fall,2,77,103,80,13,97,38.0
30041265,2,headache,8,61,123,73,16,95,36.3
30041266,4,fall,3,96,112,80,15,100,37.4
30041267,2,laceration,6,70,114,66,21,100,36.1
30041268,4,shortness of breath,6,75,127,75,15,99,37.1
30041269,3,fever,6,69,156,61,21,100,37.7
30041270,3,fever,0,83,121,85,27,96,36.8
30041271,4,chest pain,1,83,127,93,27,97,36.1
30041272,3,fall,7,78,137,98,14,95,36.4
30041273,3,chest pain,5,74,128,123,20,90,37.7
30041274,3,fall,6,84,151,56,14,100,38.0
30041275,2,laceration,8,96,126,80,15,98,37.4
30041276,2,fall,8,64,106,63,22,99,38.1
30041277,3,chest pain,2,77,119,83,18,100,36.2
30041278,3,shortness of breath,3,70,89,62,17,97,37.9
30041279,4,fall,7,81,145,64,16,91,37.4
30041280,3,shortness of breath,6,82,112,94,17,98,36.3
30041281,3,chest pain,0,100,138,58,21,93,36.8
30041282,3,back pain,5,69,152,84,20,96,37.4
30041283,3,knee pain,0,92,125,68,21,94,37.6
30041284,3,chest pain,4,56,128,110,16,100,37.6
30041285,3,chest pain,0,94,104,107,13,100,36.8
30041286,2,laceration,6,92,120,101,20,97,38.6
30041287,4,fall,6,96,152,85,20,100,37.2
30041288,3,fall,6,78,152,87,19,98,36.8
30041289,4,headache,2,114,92,77,11,99,37.8
30041290,2,shortness of breath,9,94,130,76,21,100,36.5
30041291,2,chest pain,8,89,141,95,17,98,36.6
30041292,2,back pain,8,81,167,81,25,96,37.7
30041293,4,fever,0,92,122,75,17,93,37.5
30041294,4,fever,3,99,124,65,17,97,36.7
30041295,3,fever,2,85,123,97,19,95,38.1
30041296,3,laceration,0,94,87,94,21,94,35.7
30041297,3,shortness of breath,4,65,103,72,19,100,37.9
30041298,4,laceration,2,93,114,111,18,87,37.8
30041299,5,knee pain,6,82,130,62,20,94,35.8
30041300,2,anxiety,10,91,115,68,22,97,36.9
30041301,2,headache,6,90,157,81,24,100,38.2
30041302,3,abdominal pain,5,73,102,125,11,95,36.2
30041303,3,back pain,3,72,130,70,23,96,36.0
30041304,3,abdominal pain,7,81,118,82,26,95,37.8
30041305,3,shortness of breath,2,101,107,70,17,96,37.1
30041306,3,fever,4,117,134,79,16,100,35.9
30041307,1,laceration,9,89,145,81,19,99,38.0
30041308,3,laceration,4,98,152,96,16,100,36.4
30041309,2,back pain,9,83,126,81,23,96,36.2
30041310,3,knee pain,0,108,116,87,17,99,36.4
30041311,3,knee pain,0,90,112,62,17,97,36.4
30041312,2,back pain,10,72,114,64,18,93,37.3
30041313,2,abdominal pain,8,121,135,70,20,93,37.3
30041314,3,fall,3,84,125,70,24,92,36.8
30041315,3,fall,7,72,125,83,20,95,38.0
30041316,3,chest pain,1,76,156,104,19,100,35.8
30041317,2,back pain,10,80,105,84,15,97,36.3
30041318,3,shortness of breath,2,90,108,101,26,97,38.3
30041319,3,abdominal pain,2,111,122,74,23,99,37.5
30041320,4,laceration,1,68,114,80,20,100,36.5
30041321,3,back pain,1,99,114,108,14,94,37.8
30041322,3,fever,2,98,127,99,24,100,37.0
30041323,2,fall,7,82,165,44,14,100,37.0
30041324,2,shortness of breath,10,83,131,103,25,92,36.3
30041325,2,headache,9,81,161,91,17,93,36.6
30041326,5,knee pain,4,101,114,74,20,100,37.0
30041327,3,fall,4,83,135,59,24,97,36.6
30041328,3,fall,6,84,107,44,13,96,36.7
30041329,3,laceration,0,92,113,66,10,99,37.3
30041330,3,chest pain,6,101,139,57,11,100,36.8
30041331,3,abdominal pain,4,89,125,99,17,97,36.6
30041332,5,anxiety,5,75,159,43,24,98,36.6
30041333,4,headache,4,77,96,61,21,98,36.1
30041334,2,anxiety,7,93,115,107,19,96,38.7
30041335,3,laceration,0,108,135,64,18,96,37.2
30041336,5,back pain,1,74,137,78,18,96,38.1
30041337,3,headache,1,75,122,54,25,98,36.0
30041338,3,back pain,3,87,106,75,19,95,37.3
30041339,3,abdominal pain,4,89,133,89,15,96,37.8
30041340,3,headache,7,85,85,70,13,90,36.1
30041341,4,fever,5,95,163,57,15,94,37.7
30041342,4,abdominal pain,3,95,107,73,16,94,36.7
30041343,3,fall,0,82,108,84,20,95,36.3
30041344,3,laceration,1,107,136,75,18,100,36.2
30041345,3,fever,0,90,138,62,25,97,37.8
30041346,3,fever,0,79,125,76,17,93,37.7
30041347,3,shortness of breath,6,73,134,105,13,100,37.1
30041348,4,abdominal pain,0,82,108,77,26,97,37.3
30041349,3,headache,6,110,123,104,20,100,36.3
30041350,2,headache,10,88,131,76,21,96,36.3
30041351,2,shortness of breath,7,103,135,107,15,98,36.9
30041352,3,fever,6,99,125,77,17,91,37.1
30041353,3,shortness of breath,4,86,139,52,25,100,37.0
30041354,5,abdominal pain,5,89,137,77,12,96,36.7
30041355,3,shortness of breath,1,96,101,65,21,99,35.7
30041356,4,headache,6,65,86,67,18,95,36.3
30041357,2,back pain,9,81,102,107,19,98,36.7
30041358,3,knee pain,0,66,132,89,23,100,36.4
30041359,2,headache,10,85,102,78,19,92,38.3
30041360,2,anxiety,6,105,119,90,22,95,36.0
30041361,3,abdominal pain,4,104,128,77,19,100,37.2
30041362,3,anxiety,0,79,97,73,23,98,36.0
30041363,3,knee pain,3,58,143,103,17,97,36.0
30041364,3,abdominal pain,1,65,122,53,16,95,37.7
30041365,3,laceration,3,85,136,68,18,99,37.7
30041366,2,knee pain,7,100,146,107,16,100,38.0
30041367,3,headache,7,89,102,94,13,98,36.8
30041368,2,headache,7,82,155,89,15,100,36.4
30041369,3,fever,7,100,136,67,17,98,37.2
30041370,3,fall,1,82,131,99,16,97,36.4
30041371,3,chest pain,0,69,154,60,19,100,38.6
30041372,3,anxiety,6,111,166,47,15,97,37.7
30041373,5,laceration,7,77,139,66,16,97,37.2
30041374,3,back pain,6,62,159,64,17,99,38.5
30041375,3,anxiety,1,82,152,98,25,93,36.5
30041376,3,headache,4,91,103,70,19,99,38.8
30041377,3,headache,7,88,165,87,19,100,37.5
30041378,4,abdominal pain,7,97,134,95,17,94,36.8
30041379,2,anxiety,6,94,124,86,22,100,37.3
30041380,5,headache,5,86,129,68,15,94,36.5
30041381,5,fall,6,105,132,60,15,95,37.0
30041382,3,anxiety,5,91,112,85,19,95,36.9
30041383,4,shortness of breath,1,82,136,75,9,96,36.5
30041384,3,chest pain,1,99,146,87,18,94,37.5
30041385,2,chest pain,6,102,161,79,16,97,36.5
30041386,3,anxiety,3,100,105,82,25,100,37.9
30041387,3,knee pain,2,107,135,88,17,96,37.2
30041388,2,shortness of breath,9,96,127,87,26,100,36.6
30041389,2,knee pain,7,64,117,84,17,93,36.5
30041390,3,laceration,4,87,123,82,24,96,36.4
30041391,4,back pain,5,59,101,67,11,100,36.2
30041392,3,abdominal pain,3,80,104,88,20,95,36.9
30041393,2,shortness of breath,6,80,124,86,21,97,37.2
30041394,3,abdominal pain,4,83,140,63,17,97,37.7
30041395,3,headache,1,83,130,80,22,98,36.7
30041396,4,anxiety,4,73,120,77,14,93,38.2
30041397,3,fever,4,91,111,61,18,96,36.5
30041398,2,knee pain,8,70,114,50,15,99,37.0
30041399,2,fever,10,94,146,83,16,94,36.3
30041400,3,laceration,4,107,98,68,21,99,37.6
30041401,3,chest pain,2,65,128,72,17,100,35.5
30041402,3,fever,0,73,112,86,23,99,37.4
30041403,2,back pain,8,90,135,75,20,93,35.7
30041404,2,anxiety,8,123,154,76,13,98,35.9
30041405,3,shortness of breath,1,87,143,87,23,98,36.9
30041406,3,laceration,1,86,145,77,12,99,37.0
30041407,3,chest pain,7,92,101,82,17,95,36.9
30041408,5,chest pain,3,65,120,71,21,94,37.3
30041409,3,knee pain,5,53,117,86,18,94,37.3
30041410,3,abdominal pain,6,86,95,85,26,98,36.2
30041411,3,fall,0,75,93,101,16,98,36.8
30041412,5,chest pain,0,88,116,101,17,96,37.6
30041413,3,anxiety,6,83,145,50,18,96,37.5
30041414,2,laceration,7,75,149,59,21,97,37.5
30041415,4,anxiety,1,68,134,82,16,97,37.7
30041416,2,headache,7,95,87,88,17,100,37.4
30041417,3,fever,6,62,156,77,23,100,36.0
30041418,4,knee pain,6,79,106,76,21,100,36.1
30041419,3,knee pain,6,126,115,104,23,95,37.0
30041420,4,fever,3,88,160,82,23,100,37.4
30041421,1,back pain,10,68,113,98,23,100,35.4
30041422,2,laceration,9,75,90,93,23,100,36.5
30041423,4,laceration,0,101,155,68,19,93,37.4
30041424,3,abdominal pain,7,80,107,83,23,99,37.4
30041425,4,fever,0,78,118,82,15,98,37.1
30041426,3,abdominal pain,6,70,88,69,16,96,36.7
30041427,4,fever,0,98,101,99,20,96,37.1
30041428,2,back pain,6,76,104,81,22,98,38.0
30041429,3,chest pain,2,104,133,92,15,94,37.2
30041430,3,fever,2,76,98,86,18,100,36.6
30041431,3,shortness of breath,6,75,120,40,13,92,37.3
30041432,2,knee pain,6,89,128,85,14,100,37.3
30041433,4,shortness of breath,7,88,149,112,17,100,37.9
30041434,3,abdominal pain,2,76,138,92,20,100,38.0
30041435,4,knee pain,3,91,100,61,13,94,35.8
30041436,2,fall,8,98,104,71,18,92,37.1
30041437,3,back pain,1,77,102,62,16,97,37.3
30041438,3,laceration,5,95,83,78,20,100,36.5
30041439,3,anxiety,4,87,99,86,21,100,37.9
30041440,4,abdominal pain,5,97,118,73,13,95,36.4
30041441,3,back pain,3,110,136,89,18,96,38.5
30041442,5,anxiety,1,70,174,80,16,100,37.7
30041443,3,headache,7,86,125,40,21,94,36.7
30041444,4,abdominal pain,6,73,142,100,16,95,36.0
30041445,3,fall,0,85,119,96,17,95,36.6
30041446,3,anxiety,4,71,115,71,21,98,36.9
30041447,5,fall,2,96,135,104,17,99,36.0
30041448,4,headache,2,77,125,76,21,100,37.1
30041449,3,chest pain,3,94,117,72,15,90,37.4
30041450,3,knee pain,0,75,160,71,25,99,37.3
30041451,3,fever,4,78,138,75,19,97,36.9
30041452,3,chest pain,0,79,145,79,21,97,36.8
30041453,4,knee pain,0,89,124,97,15,95,36.7
30041454,3,knee pain,5,90,121,89,12,92,38.9
30041455,3,fever,3,84,121,52,21,94,37.7
30041456,2,laceration,10,92,126,45,28,96,36.5
30041457,2,fall,10,83,125,73,13,97,36.6
30041458,5,fever,0,108,179,92,24,95,35.7
30041459,3,fever,3,60,137,104,14,99,37.4
30041460,2,fall,8,62,126,76,16,100,36.8
30041461,3,chest pain,1,74,143,72,12,100,37.7
30041462,2,back pain,10,93,139,77,15,100,37.6
30041463,4,headache,5,55,122,88,19,96,37.2
30041464,5,fever,6,83,127,107,18,96,37.3
30041465,2,knee pain,7,90,105,82,16,100,36.7
30041466,3,knee pain,7,92,149,62,21,98,37.7
30041467,3,fall,1,94,122,79,16,99,36.3
30041468,3,headache,3,83,112,75,20,95,36.2
30041469,3,laceration,6,101,99,96,13,98,36.9
30041470,3,back pain,7,95,119,84,20,96,37.7
30041471,4,anxiety,6,83,126,74,13,100,38.4
30041472,4,abdominal pain,2,111,89,82,25,99,37.1
30041473,4,anxiety,4,59,115,57,31,98,36.5
30041474,2,abdominal pain,10,93,131,108,16,93,37.5
30041475,2,knee pain,10,83,136,86,15,94,37.4
30041476,2,back pain,7,100,135,60,9,100,35.6
30041477,4,abdominal pain,1,79,135,88,22,94,36.9
30041478,3,back pain,4,117,80,114,17,97,35.6
30041479,5,chest pain,0,108,107,77,23,97,38.2
30041480,3,headache,7,84,87,74,26,99,37.6
30041481,1,chest pain,7,61,111,83,15,95,35.8
30041482,3,chest pain,6,76,114,75,20,98,36.8
30041483,4,knee pain,3,82,126,80,20,98,37.0
30041484,4,fever,1,108,151,66,19,100,36.6
30041485,3,anxiety,4,84,133,64,13,99,35.7
30041486,4,fever,1,78,121,87,13,92,37.4
30041487,3,shortness of breath,2,103,131,84,22,95,37.9
30041488,3,anxiety,3,53,133,58,20,96,36.7
30041489,3,knee pain,4,64,127,75,19,99,37.6
30041490,1,laceration,9,86,115,97,14,100,36.1
30041491,3,chest pain,1,82,114,79,16,99,35.3
30041492,3,fever,6,100,92,69,12,100,36.9
30041493,3,back pain,0,65,150,65,16,95,37.9
30041494,3,back pain,4,86,136,113,20,100,36.9
30041495,3,headache,0,106,135,88,20,100,38.3
30041496,2,back pain,8,85,125,73,18,93,34.7
30041497,4,chest pain,5,52,99,90,14,98,37.0
30041498,2,chest pain,9,90,120,41,12,98,36.3
30041499,3,anxiety,4,114,72,84,22,96,38.2
30041500,4,abdominal pain,7,103,140,76,20,100,35.9
30041501,2,knee pain,7,65,130,100,21,97,37.7
30041502,3,abdominal pain,0,101,99,98,21,100,37.2
30041503,3,abdominal pain,1,93,162,78,11,97,36.9
30041504,3,abdominal pain,6,80,129,77,13,100,37.7
30041505,3,fever,0,60,130,96,21,97,36.7
30041506,4,fall,2,64,161,73,18,97,36.7
30041507,4,laceration,6,80,113,75,19,94,37.8
30041508,3,knee pain,0,67,126,83,22,96,36.7
30041509,4,back pain,3,81,134,75,16,96,37.7
30041510,2,anxiety,9,100,95,65,20,97,37.0
30041511,2,headache,8,75,131,79,9,96,37.2
30041512,2,back pain,9,92,87,64,23,94,36.4
30041513,4,knee pain,7,78,154,78,22,100,37.2
30041514,2,anxiety,8,85,141,63,11,100,37.4
30041515,2,anxiety,9,85,127,86,16,96,36.9
30041516,4,fall,6,110,145,89,16,100,37.5
30041517,4,fall,5,58,87,109,14,100,35.7
30041518,3,abdominal pain,1,69,133,101,17,94,36.8
30041519,3,fall,6,82,95,74,25,96,37.7
30041520,3,knee pain,2,70,125,73,18,100,37.3
30041521,1,laceration,9,97,138,74,22,98,37.1
30041522,3,anxiety,2,98,94,80,25,96,37.1
30041523,1,anxiety,7,89,146,79,24,94,37.0
30041524,3,fever,7,104,118,77,15,98,36.6
30041525,3,knee pain,7,85,108,88,20,99,35.8
30041526,4,laceration,5,87,103,82,22,99,38.0
30041527,2,anxiety,10,88,110,81,17,96,36.4
30041528,2,abdominal pain,9,73,133,80,24,100,36.6
30041529,3,back pain,2,88,119,75,14,100,38.0
30041530,3,laceration,6,86,127,90,21,95,38.0
30041531,2,chest pain,9,107,113,88,14,91,37.9
30041532,3,abdominal pain,6,68,107,77,21,99,36.0
30041533,3,headache,7,70,127,78,17,100,36.8
30041534,2,laceration,8,71,122,68,20,94,36.3
30041535,3,fever,1,71,128,70,11,96,36.6
30041536,3,headache,7,107,92,70,16,98,37.7
30041537,3,abdominal pain,1,108,111,75,16,95,35.7
30041538,3,back pain,1,96,114,62,19,96,36.7
30041539,1,fall,7,74,119,60,15,100,36.1
30041540,3,fever,1,78,131,81,22,95,35.0
30041541,5,abdominal pain,5,108,96,76,13,97,37.0
30041542,3,abdominal pain,7,88,119,103,24,96,35.7
30041543,3,back pain,3,91,120,69,25,96,37.7
30041544,3,fall,1,63,125,97,14,94,37.0
30041545,4,abdominal pain,5,89,108,63,15,98,37.7
30041546,2,abdominal pain,9,77,134,99,14,96,37.0
30041547,4,back pain,5,99,141,67,19,97,36.0
30041548,3,knee pain,4,73,118,77,17,100,36.5
30041549,4,shortness of breath,3,87,102,78,20,100,37.0
30041550,3,back pain,0,91,118,72,12,97,36.2
30041551,4,back pain,7,78,109,58,18,95,37.6
30041552,3,fever,4,92,154,65,19,95,38.2
30041553,3,shortness of breath,3,94,101,83,25,100,35.2
30041554,3,laceration,7,98,136,107,15,100,36.8
30041555,1,fall,6,102,110,52,17,98,37.4
30041556,4,chest pain,5,104,144,83,16,100,36.0
30041557,4,fever,1,112,123,59,18,94,37.9
30041558,4,back pain,6,82,136,70,18,100,36.6
30041559,2,shortness of breath,9,99,131,77,12,95,37.6
30041560,3,shortness of breath,5,87,112,65,14,95,38.6
30041561,2,abdominal pain,6,100,99,106,18,100,36.0
30041562,2,fever,6,96,143,94,17,95,36.9
30041563,4,headache,6,84,154,69,21,95,38.9
30041564,4,anxiety,2,107,124,60,18,96,35.6
30041565,4,laceration,5,102,86,124,17,95,37.1
30041566,3,shortness of breath,3,78,144,96,9,100,35.5
30041567,4,fever,5,71,105,65,17,94,37.6
30041568,3,shortness of breath,1,88,144,84,13,93,36.9
30041569,3,fever,1,96,113,55,18,95,36.3
30041570,3,headache,2,106,111,91,17,99,37.9
30041571,4,anxiety,5,70,97,78,17,100,38.4
30041572,2,headache,6,95,118,71,22,93,36.7
30041573,3,fever,4,72,153,95,18,99,35.6
30041574,5,anxiety,0,98,127,59,14,97,37.5
30041575,2,shortness of breath,9,78,112,76,14,95,37.3
30041576,3,knee pain,5,100,96,70,20,100,35.0
30041577,3,fall,1,87,104,102,24,99,38.0
30041578,3,fall,0,55,146,74,19,95,37.5
30041579,3,fall,3,69,151,100,17,99,37.9
30041580,3,knee pain,7,93,130,77,18,97,37.1
30041581,3,abdominal pain,5,69,119,113,17,93,36.2
30041582,2,laceration,9,87,129,94,17,97,37.0
30041583,3,shortness of breath,0,92,134,64,19,98,36.4
30041584,2,fever,10,80,104,94,15,98,35.2
30041585,5,fall,1,115,128,101,24,96,36.8
30041586,4,abdominal pain,7,90,124,71,19,97,34.6
30041587,3,abdominal pain,6,65,118,75,23,91,36.6
30041588,3,shortness of breath,6,73,128,87,21,98,37.5
30041589,3,fever,1,83,126,44,15,97,37.0
30041590,4,knee pain,6,72,102,62,19,95,36.4
30041591,3,abdominal pain,3,82,135,82,19,100,37.9
30041592,3,fever,3,61,132,67,16,99,37.9
30041593,4,fever,1,85,107,67,17,99,36.3
30041594,3,back pain,0,88,142,78,20,91,36.8
30041595,3,fall,0,67,93,104,15,100,37.6
30041596,2,back pain,6,84,112,96,16,100,36.7
30041597,1,fever,6,94,140,61,16,91,37.7
30041598,3,chest pain,0,80,142,51,18,95,38.0
30041599,2,back pain,7,95,137,85,23,90,37.2
30041600,3,anxiety,3,82,113,102,17,100,36.4
30041601,3,knee pain,3,85,133,100,19,96,36.1
30041602,2,abdominal pain,10,56,139,54,15,96,38.2
30041603,4,chest pain,6,104,95,83,17,97,35.5
30041604,2,knee pain,9,88,116,88,14,100,36.4
30041605,3,back pain,4,93,129,92,16,97,35.9
30041606,3,laceration,2,95,131,74,21,92,36.2
30041607,4,fall,0,91,129,64,12,99,38.6
30041608,3,laceration,4,79,114,55,18,96,38.4
30041609,3,fever,3,108,109,72,21,97,38.3
30041610,1,abdominal pain,8,59,138,92,21,93,35.9
30041611,2,fall,9,104,138,67,20,91,35.7
30041612,3,laceration,6,101,133,91,12,92,36.8
30041613,5,fever,3,78,137,86,26,98,36.3
30041614,3,anxiety,7,83,116,76,15,100,36.4
30041615,3,knee pain,6,61,127,105,8,95,38.0
30041616,3,laceration,1,99,129,72,24,100,37.2
30041617,4,headache,0,122,124,70,15,100,38.2
30041618,4,knee pain,0,115,102,73,17,97,36.2
30041619,3,chest pain,0,98,145,64,22,96,35.8
30041620,4,chest pain,5,72,132,73,23,99,37.6
30041621,3,fall,6,82,99,91,14,100,38.1
30041622,1,laceration,8,103,117,82,16,98,36.8
30041623,3,shortness of breath,7,81,154,67,17,96,37.0
30041624,5,abdominal pain,3,118,148,79,24,95,38.2
30041625,3,abdominal pain,1,76,117,96,18,96,37.9
30041626,3,chest pain,6,73,107,86,20,91,37.4
30041627,2,headache,10,72,143,84,13,98,36.7
30041628,1,anxiety,10,75,150,68,21,99,38.1
30041629,4,laceration,6,102,102,83,18,99,35.2
30041630,1,shortness of breath,7,93,127,65,17,95,37.1
30041631,4,abdominal pain,2,114,90,104,23,99,36.9
30041632,2,anxiety,9,116,142,95,22,98,38.9
30041633,4,anxiety,7,97,135,85,13,94,36.3
30041634,4,laceration,6,66,110,72,10,99,35.5
30041635,3,headache,7,87,103,108,13,98,36.7
30041636,3,headache,4,89,150,81,15,94,36.5
30041637,5,fever,4,91,102,47,20,97,37.6
30041638,3,fever,6,80,129,59,20,100,36.5
30041639,2,abdominal pain,6,105,137,79,17,92,37.7
30041640,3,shortness of breath,5,69,124,81,22,94,36.1
30041641,2,fall,7,74,116,68,22,96,37.7
30041642,2,shortness of breath,8,80,89,60,20,99,36.4
30041643,1,chest pain,7,92,151,69,13,99,37.7
30041644,2,fall,7,98,113,72,15,98,37.4
30041645,3,anxiety,5,54,138,88,13,94,36.5
30041646,3,shortness of breath,1,75,140,87,13,91,36.7
30041647,2,shortness of breath,6,87,134,106,14,99,37.7
30041648,4,knee pain,6,94,174,77,18,99,37.7
30041649,3,shortness of breath,2,64,129,72,17,98,37.0
30041650,4,fall,4,91,112,73,15,93,37.8
30041651,3,fall,0,92,146,81,23,95,36.8
30041652,3,laceration,5,104,164,99,21,100,37.6
30041653,3,knee pain,3,82,132,67,18,95,36.7
30041654,2,anxiety,6,63,130,91,19,96,37.5
30041655,4,shortness of breath,2,79,144,70,17,95,36.8
30041656,4,chest pain,4,67,97,48,17,93,36.6
30041657,4,abdominal pain,5,73,126,73,22,100,37.9
30041658,3,knee pain,6,90,150,113,15,100,36.4
30041659,3,laceration,6,86,97,88,20,92,37.8
30041660,3,anxiety,3,91,118,89,22,99,37.2
30041661,3,chest pain,0,69,116,74,24,96,38.5
30041662,3,headache,5,122,147,67,20,100,37.6
30041663,3,knee pain,6,68,107,102,20,99,36.8
30041664,3,anxiety,0,64,135,76,18,97,36.6
30041665,5,fever,6,79,140,79,14,95,35.5
30041666,2,laceration,7,93,125,88,22,98,38.2
30041667,3,knee pain,4,82,140,86,19,99,37.0
30041668,4,laceration,0,70,135,86,19,100,38.1
30041669,3,fever,7,93,145,84,23,98,37.4
30041670,2,knee pain,7,99,138,82,21,99,37.8
30041671,4,chest pain,4,81,134,100,16,96,38.5
30041672,5,fever,6,91,105,69,19,95,37.2
30041673,3,headache,6,87,108,63,17,98,37.2
30041674,4,back pain,7,76,126,50,19,98,37.1
30041675,3,anxiety,2,104,117,65,26,97,38.4
30041676,3,abdominal pain,5,61,120,84,11,91,37.6
30041677,1,shortness of breath,10,97,109,70,18,95,36.4
30041678,4,laceration,0,90,98,91,20,97,35.8
30041679,5,anxiety,5,111,76,75,17,100,37.1
30041680,4,back pain,1,93,131,89,9,98,36.3
30041681,2,laceration,10,85,157,89,20,96,36.8
30041682,2,headache,9,84,112,60,12,95,37.3
30041683,3,chest pain,2,98,138,87,23,97,36.3
30041684,5,knee pain,6,97,125,45,21,97,36.5
30041685,1,fall,9,83,158,62,17,100,36.9
30041686,4,headache,1,65,127,50,17,97,36.8
30041687,2,shortness of breath,10,104,109,73,9,98,37.2
30041688,5,fever,3,94,107,90,15,98,37.0
30041689,2,fever,10,95,137,104,20,95,36.7
30041690,3,chest pain,5,114,136,59,22,98,37.7
30041691,3,fever,6,84,156,111,17,96,36.7
30041692,3,abdominal pain,0,97,106,78,19,96,36.6
30041693,1,fever,9,77,179,113,22,95,35.9
30041694,5,fever,7,90,124,78,18,100,37.1
30041695,2,fall,8,71,112,111,15,94,36.3
30041696,3,fall,6,115,129,57,22,94,36.6
30041697,4,headache,0,83,112,115,17,95,37.0
30041698,2,anxiety,7,67,100,101,17,100,37.7
30041699,3,shortness of breath,0,98,114,84,19,97,38.4
30041700,5,shortness of breath,4,102,183,92,19,100,38.2
30041701,2,headache,10,95,136,97,18,100,36.6
30041702,3,back pain,4,79,146,59,20,100,37.5
30041703,5,laceration,5,84,121,78,18,96,36.1
30041704,3,fever,5,70,105,94,19,99,36.6
30041705,2,laceration,6,96,118,84,16,100,36.9
30041706,4,shortness of breath,2,86,93,82,17,91,36.0
30041707,4,shortness of breath,7,83,131,76,20,98,36.6
30041708,3,abdominal pain,7,64,145,76,23,100,36.8
30041709,3,knee pain,5,70,88,85,21,100,37.8
30041710,3,chest pain,3,101,141,70,11,91,37.3
30041711,2,back pain,6,46,133,87,18,93,37.4
30041712,2,headache,10,65,124,90,17,97,37.2
30041713,3,chest pain,1,69,111,57,18,100,37.2
30041714,3,abdominal pain,0,74,116,76,9,98,37.3
30041715,2,laceration,9,100,129,77,14,97,38.1
30041716,3,fever,3,70,146,67,17,93,37.4
30041717,3,fever,0,80,133,81,16,98,37.7
30041718,4,headache,4,83,138,83,15,99,37.1
30041719,4,shortness of breath,5,75,140,64,16,100,36.1
30041720,3,anxiety,4,81,106,70,19,100,36.1
30041721,3,anxiety,6,107,118,81,17,94,37.9
30041722,3,back pain,1,62,110,72,18,94,38.3
30041723,3,anxiety,6,66,133,91,17,96,37.3
30041724,2,anxiety,10,80,119,98,16,96,36.8
30041725,3,headache,6,77,139,90,14,94,37.5
30041726,5,fall,7,83,136,77,15,95,36.5
30041727,3,headache,0,83,97,97,25,100,38.5
30041728,3,abdominal pain,3,77,146,66,15,100,36.7
30041729,2,chest pain,9,79,124,85,21,95,36.6
30041730,3,chest pain,7,60,108,97,18,100,35.2
30041731,3,back pain,3,105,119,85,23,99,37.0
30041732,4,headache,7,55,81,67,16,97,37.1
30041733,3,fall,3,97,154,99,27,96,37.5
30041734,3,fever,6,115,130,59,16,95,36.5
30041735,3,fall,0,61,89,68,18,97,38.8
30041736,3,headache,7,62,106,90,24,100,35.8
30041737,4,headache,2,68,143,100,22,99,37.5
30041738,3,shortness of breath,5,101,120,65,8,94,37.2
30041739,2,fall,9,86,110,82,25,99,37.9
30041740,3,headache,0,71,139,41,23,96,36.2
30041741,3,fever,1,80,147,107,9,97,37.4
30041742,5,abdominal pain,6,49,90,74,21,96,38.1
30041743,3,knee pain,2,43,82,74,17,98,37.1
30041744,4,headache,7,103,123,62,21,100,37.3
30041745,3,fall,7,61,115,81,16,94,37.3
30041746,3,fall,6,79,129,52,20,95,36.7
30041747,3,chest pain,2,100,86,95,20,95,36.2
30041748,4,shortness of breath,6,94,132,72,13,94,34.8
30041749,3,abdominal pain,0,70,154,72,11,100,38.2
30041750,3,laceration,2,71,125,94,22,96,36.5
30041751,3,shortness of breath,5,94,142,87,14,98,38.0
30041752,3,anxiety,4,81,150,87,17,96,38.1
30041753,3,chest pain,0,89,150,115,14,98,36.1
30041754,3,knee pain,1,92,119,95,17,89,37.1
30041755,3,back pain,3,105,112,94,13,99,37.5
30041756,2,back pain,7,77,149,74,15,94,38.0
30041757,3,fall,1,105,156,67,18,95,36.8
30041758,3,headache,0,104,148,80,11,91,37.5
30041759,3,laceration,1,89,133,65,14,100,37.7
30041760,2,abdominal pain,7,91,112,79,11,99,35.8
30041761,3,fever,4,113,100,112,16,97,36.6
30041762,3,laceration,1,68,132,76,24,96,38.3
30041763,3,back pain,0,83,155,105,16,98,36.9
30041764,2,knee pain,8,78,169,79,18,98,37.2
30041765,2,back pain,10,108,122,45,21,98,35.7
30041766,2,headache,6,79,143,89,22,98,36.7
30041767,4,fall,3,96,115,41,21,99,37.4
30041768,2,laceration,8,83,142,78,20,99,37.2
30041769,3,chest pain,4,68,121,90,19,100,37.2
30041770,3,fall,6,102,117,98,22,97,37.4
30041771,5,fall,5,85,124,99,10,97,36.7
30041772,3,abdominal pain,1,95,118,80,14,94,37.0
30041773,4,back pain,4,110,137,82,20,99,36.7
30041774,3,knee pain,6,89,103,70,11,95,37.1
30041775,4,anxiety,4,105,122,77,16,97,36.9
30041776,2,anxiety,10,113,64,77,26,93,37.2
30041777,3,shortness of breath,5,80,123,78,14,99,37.8
30041778,2,headache,10,90,136,95,12,97,38.0
30041779,3,shortness of breath,4,76,84,64,18,95,36.2
30041780,5,shortness of breath,4,88,122,87,19,99,37.1
30041781,3,chest pain,2,62,126,97,12,96,36.7
30041782,4,fall,4,85,134,87,15,99,36.7
30041783,3,chest pain,4,99,160,107,16,96,35.7
30041784,3,headache,3,117,119,112,18,94,37.1
30041785,4,abdominal pain,5,59,131,90,16,99,38.2
30041786,3,knee pain,4,89,122,63,21,94,37.4
30041787,3,back pain,3,103,120,94,22,97,37.3
30041788,3,headache,7,91,90,90,9,100,37.2
30041789,3,fever,1,94,120,59,21,100,38.4
30041790,5,knee pain,2,76,96,65,6,96,36.7
30041791,3,laceration,0,96,117,90,24,100,37.3
30041792,2,headache,9,91,136,74,23,100,36.5
30041793,3,headache,5,96,137,60,21,100,36.8
30041794,2,laceration,7,71,134,87,18,93,36.2
30041795,3,laceration,4,83,112,71,23,98,36.4
30041796,4,knee pain,5,64,96,75,14,94,37.1
30041797,4,back pain,5,107,157,84,16,99,37.7
30041798,3,back pain,1,115,110,92,14,94,36.6
30041799,2,abdominal pain,8,117,178,88,21,100,35.7
30041800,3,fever,1,101,105,99,15,99,39.1
30041801,3,fever,2,78,142,83,14,96,37.4
30041802,2,abdominal pain,7,62,130,84,21,100,36.9
30041803,5,fever,1,104,145,82,15,94,37.2
30041804,3,knee pain,5,81,126,71,23,98,37.2
30041805,2,fever,6,75,112,69,18,95,36.4
30041806,3,knee pain,4,97,153,86,22,97,37.9
30041807,4,headache,6,108,189,88,23,99,38.0
30041808,4,laceration,1,92,114,90,17,98,36.3
30041809,2,fever,9,77,145,72,21,98,36.5
30041810,3,back pain,2,90,125,90,18,100,35.4
30041811,4,headache,1,78,119,100,16,100,37.4
30041812,3,knee pain,3,90,125,74,21,94,36.2
30041813,3,abdominal pain,3,109,125,87,22,91,36.6
30041814,3,fall,2,71,127,81,13,98,38.2
30041815,3,knee pain,3,100,125,87,17,100,37.1
30041816,2,headache,6,86,143,64,21,96,36.4
30041817,3,fall,6,71,149,80,16,96,35.9
30041818,3,shortness of breath,1,100,152,70,17,100,37.1
30041819,3,fall,2,107,145,39,21,97,35.5
30041820,5,back pain,3,72,130,88,12,95,36.2
30041821,4,knee pain,5,92,123,92,4,99,38.0
30041822,4,shortness of breath,0,89,170,78,21,99,38.0
30041823,3,abdominal pain,1,98,168,69,26,94,35.2
30041824,2,knee pain,8,70,116,88,14,98,37.0
30041825,5,laceration,1,87,124,88,20,100,36.9
30041826,3,back pain,7,49,140,97,23,93,35.8
30041827,2,fall,8,74,130,94,17,100,38.2
30041828,2,laceration,8,95,117,94,19,99,37.9
30041829,2,knee pain,8,80,124,90,16,90,37.0
30041830,5,abdominal pain,2,88,135,99,23,100,37.6
30041831,3,anxiety,3,83,131,48,24,98,37.3
30041832,3,headache,1,73,97,57,16,96,36.0
30041833,3,back pain,7,87,123,99,20,97,36.1
30041834,3,fall,3,88,137,86,20,100,37.8
30041835,3,laceration,0,84,100,97,18,94,37.4
30041836,3,back pain,1,98,128,76,21,98,36.5
30041837,4,abdominal pain,1,82,104,72,21,99,36.0
30041838,3,back pain,1,82,131,52,25,100,37.4
30041839,3,knee pain,0,85,138,78,19,99,37.4
30041840,3,anxiety,3,57,114,82,17,94,36.8
30041841,2,fall,7,87,147,71,16,98,36.7
30041842,3,abdominal pain,3,98,112,76,12,100,38.1
30041843,3,laceration,1,106,153,85,22,93,37.1
30041844,3,abdominal pain,4,88,124,69,9,100,37.2
30041845,4,abdominal pain,7,94,163,78,17,96,38.3
30041846,3,fall,0,100,110,84,23,91,37.1
30041847,3,shortness of breath,1,68,137,95,22,100,36.9
30041848,3,laceration,1,71,113,81,14,97,37.7
30041849,4,abdominal pain,0,93,131,67,14,98,36.7
30041850,4,back pain,1,59,112,83,15,96,36.9
30041851,3,back pain,3,93,152,73,17,100,37.6
30041852,5,fall,5,104,159,75,12,96,36.8
30041853,1,fever,8,78,137,66,21,95,36.5
30041854,3,laceration,7,66,84,71,27,98,36.3
30041855,4,knee pain,3,94,161,73,15,90,37.6
30041856,3,laceration,0,90,134,89,19,100,36.9
30041857,3,back pain,3,95,102,85,16,95,37.1
30041858,4,chest pain,1,108,106,91,24,96,38.6
30041859,5,abdominal pain,2,100,120,87,21,97,36.0
30041860,4,anxiety,1,105,121,97,21,99,36.9
30041861,3,knee pain,0,96,148,80,18,93,37.8
30041862,3,shortness of breath,0,69,129,71,18,100,37.9
30041863,2,abdominal pain,9,49,112,59,17,94,38.1
30041864,2,shortness of breath,8,81,129,53,12,96,35.1
30041865,2,abdominal pain,9,104,90,70,21,88,36.5
30041866,2,headache,6,86,86,90,25,100,37.0
30041867,3,fever,4,84,131,70,26,99,36.0
30041868,2,fever,7,78,136,86,25,97,37.3
30041869,4,abdominal pain,6,58,144,53,11,100,37.4
30041870,3,abdominal pain,1,83,165,99,15,98,36.3
30041871,3,shortness of breath,3,89,135,65,27,97,37.6
30041872,4,chest pain,6,92,154,81,15,98,36.5
30041873,4,anxiety,4,107,114,89,5,99,36.2
30041874,3,fever,2,87,133,72,24,100,35.9
30041875,3,headache,7,74,127,67,18,93,36.9
30041876,3,knee pain,0,90,118,85,18,97,37.0
30041877,4,chest pain,6,73,151,88,12,94,37.3
30041878,5,back pain,2,110,98,86,20,95,37.0
30041879,3,abdominal pain,1,67,137,100,19,93,36.6
30041880,3,abdominal pain,5,97,160,96,9,95,37.4
30041881,4,chest pain,6,80,114,90,19,96,37.2
30041882,4,fever,2,75,108,67,17,91,38.9
30041883,3,abdominal pain,7,98,138,57,26,97,35.5
30041884,3,headache,2,84,161,67,15,95,36.6
30041885,3,chest pain,5,91,109,76,19,98,35.5
30041886,3,shortness of breath,6,95,144,57,20,95,36.4
30041887,3,laceration,6,90,162,82,15,97,36.1
30041888,2,shortness of breath,8,75,129,92,15,95,36.5
30041889,3,fever,6,83,128,83,19,96,37.9
30041890,1,shortness of breath,8,86,103,95,14,98,37.1
30041891,3,abdominal pain,2,107,131,80,19,96,36.5
30041892,2,chest pain,7,72,132,84,21,95,37.3
30041893,4,chest pain,2,121,133,86,26,92,37.5
30041894,3,knee pain,1,90,144,91,19,97,37.4
30041895,1,anxiety,6,86,144,68,17,100,37.6
30041896,2,fever,9,91,107,91,16,99,36.1
30041897,3,fall,5,108,142,97,16,100,37.2
30041898,2,fall,10,83,130,86,21,95,37.7
30041899,3,abdominal pain,4,68,104,72,19,98,35.6
30041900,4,fever,3,75,165,87,28,96,36.0
30041901,3,shortness of breath,1,68,132,89,20,96,36.9
30041902,3,fall,4,65,115,97,17,94,36.5
30041903,3,shortness of breath,4,82,99,65,27,93,37.2
30041904,4,fever,5,45,102,99,22,97,36.6
30041905,4,knee pain,0,92,129,77,22,96,35.9
30041906,2,abdominal pain,9,95,132,108,19,96,36.2
30041907,3,shortness of breath,0,77,155,58,18,100,35.6
30041908,5,abdominal pain,4,63,116,64,16,100,37.9
30041909,4,fever,7,73,135,68,7,97,36.2
30041910,4,chest pain,1,70,122,79,24,91,37.3
30041911,4,laceration,5,82,147,90,21,95,36.4
30041912,2,knee pain,9,114,128,67,13,98,37.8
30041913,5,fall,7,103,112,50,19,100,37.7
30041914,3,chest pain,7,76,97,65,19,96,36.3
30041915,3,headache,1,87,147,72,22,100,36.5
30041916,3,abdominal pain,7,113,151,74,20,97,37.3
30041917,3,headache,6,92,139,80,11,96,36.1
30041918,2,fever,10,93,129,78,14,100,37.9
30041919,3,knee pain,2,60,135,67,10,96,36.7
30041920,5,back pain,1,80,114,97,24,100,37.5
30041921,3,shortness of breath,7,86,141,61,14,97,36.4
30041922,3,abdominal pain,0,57,137,78,15,99,36.6
30041923,4,laceration,6,74,152,54,19,99,37.1
30041924,2,chest pain,9,75,118,57,17,100,38.1
30041925,3,fall,5,102,129,74,15,100,38.0
30041926,3,anxiety,7,81,114,89,15,96,38.6
30041927,3,laceration,4,84,126,72,23,98,36.9
30041928,1,abdominal pain,9,91,155,100,16,93,37.3
30041929,2,fall,10,98,121,91,15,94,37.7
30041930,4,fever,4,88,98,60,21,97,38.0
30041931,2,shortness of breath,8,87,134,90,20,100,37.3
30041932,3,chest pain,2,96,109,96,14,100,36.4
30041933,3,fall,3,98,137,97,22,100,36.1
30041934,3,fever,2,84,112,73,21,99,36.0
30041935,3,headache,4,72,140,64,18,97,38.1
30041936,4,shortness of breath,5,100,148,72,20,96,37.0
30041937,3,back pain,1,89,110,96,12,100,36.7
30041938,2,headache,8,89,134,71,18,95,36.7
30041939,4,fall,7,107,102,73,19,97,36.8
30041940,3,laceration,6,109,129,95,18,99,36.1
30041941,2,back pain,8,82,156,89,18,95,37.2
30041942,5,fever,4,81,134,84,18,96,37.2
30041943,1,abdominal pain,7,70,196,72,9,97,35.8
30041944,1,back pain,6,106,94,84,16,100,37.5
30041945,2,headache,6,88,96,84,14,100,37.1
30041946,3,laceration,4,67,180,76,17,100,36.5
30041947,3,fever,5,93,136,70,20,98,38.4
30041948,4,abdominal pain,6,71,70,46,18,97,37.8
30041949,2,anxiety,7,55,146,56,18,97,37.3
30041950,2,fall,9,105,142,59,17,100,36.9
30041951,3,knee pain,1,80,94,59,23,99,37.9
30041952,3,back pain,7,95,140,94,15,94,36.4
30041953,3,knee pain,6,103,114,70,17,99,37.6
30041954,3,headache,7,95,158,84,12,94,36.9
30041955,3,fall,0,102,117,76,21,99,37.5
30041956,3,anxiety,2,90,134,71,21,95,36.9
30041957,4,knee pain,1,88,130,73,23,98,36.8
30041958,2,shortness of breath,7,99,77,66,12,96,37.4
30041959,3,abdominal pain,5,85,119,95,15,97,37.4
30041960,3,laceration,7,79,105,78,19,97,36.9
30041961,3,anxiety,4,74,132,57,17,91,38.1
30041962,3,headache,5,92,97,93,11,94,36.1
30041963,3,anxiety,1,101,143,75,19,95,39.1
30041964,1,fever,10,105,136,111,19,100,37.3
30041965,3,back pain,3,71,116,116,16,98,37.6
30041966,3,anxiety,4,108,129,76,22,97,36.3
30041967,3,laceration,6,102,97,68,26,93,36.6
30041968,3,laceration,7,97,109,105,26,100,36.3
30041969,1,fall,8,76,128,91,19,91,36.9
30041970,3,laceration,1,71,100,90,20,97,38.1
30041971,3,fall,5,73,108,74,15,91,36.0
30041972,2,laceration,6,99,148,105,18,97,37.1
30041973,1,headache,9,66,141,88,22,100,37.5
30041974,3,abdominal pain,0,121,138,88,15,98,36.2
30041975,2,knee pain,8,66,140,91,16,95,36.7
30041976,3,laceration,3,101,142,46,30,97,37.9
30041977,4,anxiety,7,111,104,86,19,92,37.1
30041978,1,abdominal pain,7,76,120,82,20,100,37.9
30041979,2,anxiety,8,106,146,82,16,100,37.2
30041980,3,fall,6,60,138,103,21,99,37.0
30041981,3,chest pain,1,77,92,66,16,99,36.9
30041982,4,back pain,3,75,115,65,22,100,38.6
30041983,3,back pain,5,58,142,59,16,97,36.4
30041984,4,anxiety,1,111,104,65,19,99,36.2
30041985,3,anxiety,1,99,122,73,18,100,35.9
30041986,3,anxiety,1,102,119,135,15,92,36.5
30041987,4,abdominal pain,6,81,107,60,27,92,37.4
30041988,3,knee pain,1,65,128,66,24,100,36.4
30041989,3,laceration,0,85,105,65,19,98,37.3
30041990,3,fall,7,77,102,117,19,98,35.9
30041991,3,back pain,5,88,118,74,19,94,36.9
30041992,4,fever,7,105,120,96,16,96,37.3
30041993,4,chest pain,6,104,129,50,21,97,36.7
30041994,4,shortness of breath,2,78,130,79,23,92,35.9
30041995,4,fall,2,90,125,127,20,98,37.4
30041996,3,fall,4,96,102,47,18,94,37.0
30041997,3,headache,2,81,123,82,18,93,37.6
30041998,4,laceration,1,72,104,94,9,95,36.6
30041999,3,knee pain,6,97,108,108,17,94,37.5
30042000,3,laceration,7,84,157,65,15,100,36.7
30042001,3,laceration,7,86,122,77,20,89,36.2
30042002,3,chest pain,1,90,154,67,22,100,36.4
30042003,4,headache,4,94,132,61,20,96,37.9
30042004,2,fall,9,80,127,106,22,100,37.2
30042005,3,shortness of breath,6,49,97,81,19,100,36.1
30042006,2,fall,6,112,112,132,12,99,35.8
30042007,4,abdominal pain,5,98,113,70,18,97,36.7
30042008,4,chest pain,7,99,132,65,11,91,36.6
30042009,3,headache,5,81,104,93,14,99,37.9
30042010,3,chest pain,3,97,72,101,21,94,36.9
30042011,4,chest pain,5,75,130,74,16,100,35.7
30042012,1,abdominal pain,8,68,118,106,15,96,38.6
30042013,3,back pain,2,76,133,96,11,98,36.5
30042014,4,laceration,7,93,122,79,22,97,36.2
30042015,4,headache,3,88,110,116,18,97,37.0
30042016,2,shortness of breath,6,115,120,72,15,97,37.2
30042017,3,anxiety,2,91,152,105,19,99,37.8
30042018,4,abdominal pain,2,84,124,64,9,98,38.7
30042019,3,fall,0,107,101,73,19,100,37.3
30042020,3,abdominal pain,4,94,123,61,20,99,38.3
30042021,2,back pain,9,89,91,67,15,93,37.4
30042022,3,headache,4,72,119,60,13,98,37.2
30042023,2,shortness of breath,9,87,117,65,15,95,36.5
30042024,2,fall,8,84,98,97,17,99,36.3
30042025,3,shortness of breath,0,95,121,51,14,100,36.1
30042026,4,headache,6,86,186,105,18,98,37.3
30042027,2,fever,9,81,97,51,17,98,36.9
30042028,4,fever,5,73,151,88,15,99,37.3
30042029,4,anxiety,0,93,136,85,13,97,37.5
30042030,2,fever,9,66,150,58,23,96,36.7
30042031,5,back pain,7,86,140,67,16,97,35.9
30042032,3,fall,5,78,120,71,10,92,36.9
30042033,3,fever,1,91,129,74,25,91,37.6
30042034,4,fall,0,90,106,86,20,94,36.1
30042035,3,laceration,2,78,105,85,19,97,37.4
30042036,4,headache,1,88,126,85,11,100,35.8
30042037,2,back pain,10,110,126,101,17,97,35.9
30042038,3,fall,3,85,113,66,21,99,36.9
30042039,3,knee pain,5,89,134,69,16,97,37.2
30042040,2,chest pain,7,83,115,73,16,100,36.6
30042041,2,fall,6,108,129,88,14,99,35.8
30042042,3,laceration,7,98,109,81,25,95,35.8
30042043,4,knee pain,6,69,132,59,22,98,35.4
30042044,4,laceration,7,93,146,74,10,100,37.1
30042045,5,laceration,3,74,123,82,20,100,37.4
30042046,1,knee pain,10,79,158,87,9,91,37.8
30042047,3,chest pain,3,69,100,68,17,100,37.1
30042048,4,anxiety,3,83,126,74,17,100,36.5
30042049,3,anxiety,4,106,132,111,17,96,36.4
30042050,3,fever,1,70,126,67,21,92,37.1
30042051,2,knee pain,9,82,128,84,14,93,37.2
30042052,3,anxiety,4,66,135,43,15,99,38.2
30042053,3,back pain,0,84,136,96,17,99,37.4
30042054,4,knee pain,7,92,109,89,13,97,37.5
30042055,4,back pain,1,79,124,82,17,96,37.2
30042056,4,fever,2,85,94,100,18,93,36.8
30042057,3,knee pain,2,96,100,67,16,96,35.1
30042058,2,fever,10,85,138,80,17,97,38.0
30042059,4,headache,5,82,128,59,18,97,37.0
30042060,4,abdominal pain,0,89,128,68,20,95,36.3
30042061,4,chest pain,1,66,134,80,21,93,36.1
30042062,3,knee pain,3,108,106,58,22,94,36.5
30042063,5,laceration,3,88,117,86,23,90,36.8
30042064,4,shortness of breath,7,89,185,73,17,96,37.9
30042065,4,fall,3,71,132,93,22,96,35.9
30042066,1,fall,6,97,157,85,26,100,37.6
30042067,4,knee pain,4,112,115,82,18,96,37.4
30042068,4,fever,6,86,162,84,22,98,36.7
30042069,3,headache,7,78,113,74,14,96,36.7
30042070,3,anxiety,3,114,94,71,15,94,37.4
30042071,4,anxiety,4,117,129,62,15,94,36.9
30042072,3,abdominal pain,3,69,146,79,15,100,36.6
30042073,4,headache,2,101,104,64,16,100,35.8
30042074,1,fall,8,99,132,85,10,95,37.0
30042075,3,back pain,4,66,119,80,13,93,37.7
30042076,2,anxiety,7,84,145,70,27,95,37.1
30042077,2,headache,10,102,135,98,18,92,36.0
30042078,3,headache,7,98,154,86,18,97,37.2
30042079,3,anxiety,0,93,140,79,15,91,37.9
30042080,3,abdominal pain,5,62,76,92,10,99,37.9
30042081,3,headache,0,120,128,115,19,97,36.4
30042082,1,chest pain,8,81,127,57,20,97,36.8
30042083,3,anxiety,3,71,127,66,14,97,37.6
30042084,2,headache,8,94,112,49,22,95,37.6
30042085,4,laceration,3,62,151,72,18,99,37.7
30042086,3,fall,2,91,137,94,17,97,36.4
30042087,3,anxiety,1,63,87,73,17,97,37.4
30042088,2,fall,6,78,136,60,19,100,35.4
30042089,2,chest pain,7,79,161,91,22,94,36.9
30042090,3,chest pain,4,87,119,80,18,96,36.2
30042091,3,headache,4,84,162,90,13,93,37.5
30042092,3,back pain,5,79,133,85,19,92,38.0
30042093,3,shortness of breath,0,84,108,60,27,98,37.1
30042094,3,shortness of breath,2,78,101,94,20,96,36.2
30042095,4,anxiety,3,68,123,118,11,100,35.6
30042096,4,anxiety,7,66,140,54,15,100,37.7
30042097,4,chest pain,2,76,123,85,25,100,36.3
30042098,4,abdominal pain,3,98,127,64,19,97,37.2
30042099,3,knee pain,7,102,147,94,11,99,36.7
30042100,2,laceration,10,93,134,78,18,97,37.1
30042101,4,headache,6,69,101,47,25,97,37.8
30042102,2,anxiety,8,77,125,91,17,94,37.2
30042103,3,fall,7,92,140,107,18,98,38.8
30042104,1,headache,6,77,98,72,22,92,36.6
30042105,2,abdominal pain,10,105,135,99,15,97,36.9
30042106,2,abdominal pain,7,81,114,83,17,97,37.3
30042107,4,headache,5,97,108,83,25,95,37.0
30042108,1,headache,7,70,115,81,18,100,36.5
30042109,3,shortness of breath,7,80,101,73,19,94,36.8
30042110,4,chest pain,6,93,109,66,19,95,36.9
30042111,3,chest pain,3,94,101,89,22,99,36.9
30042112,4,fever,4,76,136,91,21,98,37.2
30042113,3,fever,3,60,116,70,14,98,37.5
30042114,4,headache,3,88,151,92,27,99,36.0
30042115,4,shortness of breath,4,94,71,76,21,100,36.8
30042116,3,back pain,2,84,142,54,11,92,36.9
30042117,3,fall,7,70,124,60,12,94,37.0
30042118,5,anxiety,0,77,124,93,18,100,37.7
30042119,3,laceration,5,91,103,90,13,95,36.1
30042120,3,headache,3,70,114,85,8,99,37.7
30042121,2,knee pain,6,90,122,78,15,96,36.6
30042122,3,fall,6,84,100,91,24,100,37.4
30042123,3,knee pain,4,90,150,102,13,99,36.8
30042124,3,fall,1,90,103,81,11,100,36.2
30042125,3,back pain,7,98,107,44,11,100,36.8
30042126,3,headache,1,113,140,91,15,100,37.2
30042127,4,fall,6,86,151,69,20,100,35.3
30042128,2,laceration,8,100,142,77,17,97,37.7
30042129,3,back pain,0,84,148,109,19,98,36.6
30042130,3,chest pain,0,76,159,82,15,93,37.2
30042131,4,abdominal pain,5,98,106,77,22,98,36.2
30042132,3,fever,0,83,118,105,15,99,38.0
30042133,3,anxiety,1,63,119,80,18,99,36.1
30042134,4,knee pain,1,76,145,93,21,100,36.5
30042135,2,chest pain,10,98,146,95,19,96,37.1
30042136,3,shortness of breath,7,88,120,113,17,95,38.0
30042137,2,laceration,8,65,116,64,9,100,37.1
30042138,3,back pain,3,80,114,95,22,98,37.0
30042139,3,abdominal pain,1,79,133,94,15,94,35.2
30042140,3,laceration,3,88,142,78,18,97,38.9
30042141,3,shortness of breath,5,55,144,83,21,97,37.2
30042142,2,knee pain,7,76,113,74,16,100,36.8
30042143,4,fall,0,99,139,94,21,93,36.7
30042144,5,chest pain,1,89,122,99,17,95,36.9
30042145,3,headache,6,93,110,103,24,95,37.7
30042146,4,abdominal pain,6,92,114,78,16,96,37.6
30042147,4,fever,1,69,120,74,17,93,36.4
30042148,3,back pain,2,110,109,70,13,100,36.5
30042149,3,knee pain,2,93,122,71,18,98,36.2
30042150,3,headache,1,92,109,93,17,97,37.8
30042151,3,headache,2,114,117,66,21,96,38.0
30042152,4,chest pain,6,51,119,83,15,99,36.9
30042153,5,shortness of breath,1,86,110,106,23,98,37.5
30042154,4,knee pain,7,78,114,99,14,100,36.1
30042155,3,shortness of breath,7,83,162,86,24,95,37.0
30042156,3,abdominal pain,7,78,110,110,17,94,35.9
30042157,3,laceration,2,76,138,81,22,98,37.5
30042158,3,knee pain,1,87,156,67,23,100,37.3
30042159,3,back pain,1,101,133,80,16,99,35.7
30042160,2,headache,10,83,82,95,18,94,36.9
30042161,4,headache,0,112,139,69,23,96,38.1
30042162,3,chest pain,7,98,90,85,12,96,35.9
30042163,5,anxiety,2,75,123,95,25,92,36.3
30042164,2,shortness of breath,10,95,138,82,18,95,38.6
30042165,2,headache,10,115,111,79,16,100,36.2
30042166,3,fall,5,67,121,72,16,97,36.9
30042167,4,chest pain,7,76,157,83,18,94,38.5
30042168,3,laceration,1,103,107,93,18,100,37.4
30042169,4,headache,6,68,144,75,11,99,38.1
30042170,3,laceration,3,82,124,85,20,97,36.5
30042171,5,anxiety,2,72,126,70,23,100,37.7
30042172,4,knee pain,2,104,123,61,21,91,38.2
30042173,3,anxiety,7,67,147,87,18,99,39.0
30042174,4,shortness of breath,5,94,115,67,18,92,36.6
30042175,3,anxiety,0,97,109,89,20,100,37.0
30042176,3,anxiety,1,73,97,105,26,94,36.3
30042177,4,shortness of breath,3,79,124,88,12,99,36.0
30042178,2,knee pain,9,105,131,74,18,97,35.3
30042179,4,anxiety,1,70,78,115,19,97,36.8
30042180,2,back pain,8,63,102,89,13,95,38.8
30042181,3,fever,3,105,127,108,17,98,36.6
30042182,3,laceration,2,91,112,80,19,94,36.9
30042183,4,knee pain,3,79,103,88,22,97,37.1
30042184,4,headache,4,73,114,113,19,99,36.2
30042185,3,fall,2,102,134,43,22,95,38.0
30042186,3,laceration,0,58,100,73,21,100,38.6
30042187,5,headache,4,98,104,81,15,94,35.1
30042188,4,abdominal pain,7,83,131,102,25,96,36.8
30042189,3,fever,5,97,146,79,19,100,35.1
30042190,3,laceration,4,87,139,72,16,98,36.6
30042191,3,laceration,3,69,121,76,15,96,37.2
30042192,4,knee pain,3,56,155,79,17,99,37.3
30042193,3,shortness of breath,5,85,120,101,17,95,38.0
30042194,2,shortness of breath,6,88,166,85,19,97,35.8
30042195,2,back pain,6,58,104,87,16,95,36.4
30042196,4,shortness of breath,0,62,120,66,20,95,36.1
30042197,4,fever,5,93,114,88,22,99,35.7
30042198,2,chest pain,7,92,139,66,19,100,37.4
30042199,3,fall,6,104,130,80,13,96,35.5
30042200,4,fever,4,98,112,104,14,96,38.0
30042201,3,knee pain,3,84,135,76,17,98,36.8
30042202,3,fall,2,112,125,88,22,99,36.8
30042203,3,chest pain,4,67,134,71,18,95,37.0
30042204,4,back pain,7,68,166,96,21,97,36.3
30042205,3,chest pain,7,99,123,66,20,96,36.9
30042206,2,chest pain,7,56,147,72,16,98,38.0
30042207,4,laceration,4,95,98,82,21,93,37.6
30042208,2,chest pain,8,70,131,77,18,98,37.0
30042209,4,abdominal pain,5,92,131,93,15,98,36.6
30042210,3,shortness of breath,7,95,143,62,13,95,38.3
30042211,3,shortness of breath,6,68,105,98,17,94,36.5
30042212,3,anxiety,4,80,123,95,18,100,37.6
30042213,3,laceration,7,86,128,65,21,98,38.0
30042214,3,knee pain,3,83,164,93,23,98,36.3
30042215,2,shortness of breath,10,95,100,62,18,98,37.7
30042216,3,anxiety,0,97,83,70,20,100,38.5
30042217,4,fall,4,84,127,68,21,99,37.5
30042218,3,abdominal pain,6,69,107,83,15,93,35.6
30042219,3,shortness of breath,3,102,138,103,17,96,37.8
30042220,3,fall,6,114,111,89,21,94,37.2
30042221,3,abdominal pain,3,102,110,105,20,100,37.8
30042222,3,back pain,7,97,124,80,20,100,36.6
30042223,3,fever,3,60,148,76,22,92,38.0
30042224,3,fall,6,108,146,111,17,100,37.7
30042225,3,shortness of breath,3,63,152,91,13,95,35.5
30042226,4,knee pain,6,64,142,73,16,99,37.0
30042227,3,fever,2,104,106,96,24,99,38.6
30042228,1,shortness of breath,7,91,104,73,14,100,38.3
30042229,3,laceration,3,104,146,78,25,100,37.0
30042230,4,chest pain,7,83,147,81,18,95,36.9
30042231,2,shortness of breath,10,91,111,77,16,94,36.3
30042232,4,shortness of breath,6,87,95,70,18,93,36.7
30042233,3,abdominal pain,1,101,108,64,15,100,36.5
30042234,4,abdominal pain,0,95,101,55,22,95,36.9
30042235,5,anxiety,1,96,112,72,16,96,37.6
30042236,4,headache,2,67,126,79,18,95,36.3
30042237,5,knee pain,2,68,140,75,20,93,37.2
30042238,4,laceration,6,105,83,105,20,98,37.6
30042239,3,anxiety,3,55,138,67,16,100,37.3
30042240,5,anxiety,0,69,122,82,19,97,37.9
30042241,4,abdominal pain,2,101,107,99,19,92,37.6
30042242,3,headache,7,57,135,98,16,99,36.1
30042243,3,abdominal pain,6,106,145,83,19,96,37.7
30042244,4,chest pain,6,71,99,112,16,92,35.6
30042245,2,abdominal pain,9,112,138,80,21,100,37.5
30042246,4,anxiety,2,86,137,74,26,97,37.8
30042247,3,abdominal pain,4,82,105,81,23,91,36.7
30042248,3,fall,6,79,96,62,14,98,36.7
30042249,3,abdominal pain,6,100,130,78,21,93,35.5
30042250,4,fall,3,92,93,83,16,97,37.0
30042251,3,chest pain,3,73,139,75,15,100,37.2
30042252,4,fever,1,99,156,52,20,100,37.0
30042253,4,knee pain,6,104,136,58,24,100,37.9
30042254,3,fall,7,86,120,58,19,100,37.2
30042255,5,abdominal pain,4,78,139,59,15,97,36.8
30042256,3,fever,6,115,118,87,15,97,36.5
30042257,4,shortness of breath,3,78,133,83,15,96,36.2
30042258,1,laceration,7,79,88,83,29,100,36.4
30042259,3,anxiety,5,109,113,91,22,98,38.1
30042260,5,knee pain,2,75,123,82,14,90,37.1
30042261,5,anxiety,4,85,108,112,16,92,37.2
30042262,4,anxiety,5,82,132,82,13,98,35.8
30042263,3,shortness of breath,4,79,152,100,20,95,38.0
30042264,3,knee pain,7,90,111,86,25,95,37.0
30042265,4,fall,5,86,140,98,25,97,37.7
30042266,4,fever,2,86,102,88,21,100,37.4
30042267,3,anxiety,1,93,129,49,15,90,36.4
30042268,3,laceration,0,86,132,112,20,95,37.1
30042269,3,back pain,2,73,134,84,24,100,36.9
30042270,4,fever,7,105,125,70,26,98,38.2
30042271,5,chest pain,0,77,164,38,12,100,36.5
30042272,5,shortness of breath,1,121,105,71,18,94,37.1
30042273,3,knee pain,3,87,146,104,14,100,37.4
30042274,3,headache,0,94,104,73,15,94,38.2
30042275,3,anxiety,1,115,140,62,13,99,38.2
30042276,3,back pain,0,64,108,104,28,100,37.0
30042277,3,knee pain,4,87,123,71,20,100,37.7
30042278,3,chest pain,6,89,123,60,16,99,37.0
30042279,3,anxiety,6,84,124,73,16,99,35.3
30042280,3,fever,5,97,126,77,15,99,35.8
30042281,4,headache,5,61,135,62,17,99,37.6
30042282,4,fall,7,70,135,55,22,99,38.1
30042283,3,fever,5,81,139,80,19,100,39.0
30042284,1,fall,10,95,98,59,23,98,37.1
30042285,2,headache,9,110,123,71,18,97,36.7
30042286,2,abdominal pain,8,80,135,78,14,95,36.9
30042287,2,fever,7,64,95,71,15,99,36.9
30042288,3,fever,5,66,102,72,18,100,36.8
30042289,3,headache,5,96,118,91,12,100,38.1
30042290,3,shortness of breath,3,67,132,80,21,97,39.2
30042291,3,chest pain,2,66,117,77,19,92,37.5
30042292,2,anxiety,8,79,112,55,20,94,36.9
30042293,5,abdominal pain,0,99,109,62,16,96,36.1
30042294,3,shortness of breath,5,113,86,79,16,96,37.4
30042295,3,shortness of breath,2,89,114,119,26,100,37.3
30042296,2,back pain,10,81,104,78,18,99,38.0
30042297,3,laceration,3,82,134,81,20,94,34.7
30042298,3,shortness of breath,5,81,126,59,22,100,36.7
30042299,3,chest pain,0,74,119,83,20,98,37.8
30042300,3,laceration,2,79,121,69,21,96,36.6
30042301,4,headache,3,112,104,86,15,96,37.3
30042302,4,laceration,2,77,128,59,21,97,36.2
30042303,3,anxiety,6,76,148,98,24,96,38.2
30042304,3,knee pain,7,85,149,64,24,94,37.0
30042305,4,knee pain,0,69,101,58,16,94,37.6
30042306,4,shortness of breath,4,105,101,79,21,91,35.3
30042307,4,back pain,6,102,130,74,19,96,37.1
30042308,5,abdominal pain,7,79,140,95,17,92,37.7
30042309,4,chest pain,7,74,127,72,15,100,36.0
30042310,3,back pain,3,96,123,72,21,94,36.4
30042311,3,laceration,5,73,144,89,19,97,37.5
30042312,3,fever,2,89,142,87,15,91,37.2
30042313,2,back pain,9,95,146,68,22,97,37.7
30042314,3,abdominal pain,0,93,142,131,13,97,37.2
30042315,3,anxiety,0,71,137,68,18,98,36.2
30042316,2,chest pain,7,80,147,84,20,98,36.9
30042317,5,shortness of breath,0,58,110,66,16,98,36.1
30042318,2,back pain,8,102,127,91,14,99,36.9
30042319,1,abdominal pain,7,82,120,71,15,96,37.0
30042320,3,headache,1,84,81,87,16,99,37.4
30042321,1,laceration,10,73,144,50,17,94,36.7
30042322,4,chest pain,2,74,111,103,11,97,36.5
30042323,3,anxiety,5,100,151,75,12,94,37.1
30042324,1,headache,10,65,102,83,16,100,35.3
30042325,3,anxiety,4,98,82,50,15,96,36.9
30042326,3,laceration,3,109,99,82,17,96,37.3
30042327,1,fever,9,102,151,91,10,100,37.6
30042328,2,fall,8,94,117,89,16,97,36.5
30042329,3,shortness of breath,4,97,134,76,22,95,35.7
30042330,4,fever,4,79,140,62,20,94,36.0
30042331,3,fall,1,98,107,111,21,100,36.2
30042332,3,back pain,2,87,166,116,15,100,37.3
30042333,1,fever,9,68,102,82,20,97,36.7
30042334,3,shortness of breath,1,73,129,74,17,100,36.4
30042335,2,headache,9,78,135,106,17,97,36.5
30042336,2,fall,7,75,127,86,21,100,37.5
30042337,4,back pain,5,80,118,89,13,97,36.9
30042338,4,laceration,4,116,125,67,18,99,36.6
30042339,1,chest pain,6,72,133,104,14,95,37.0
30042340,4,chest pain,1,82,148,98,14,95,35.7
30042341,3,knee pain,4,30,114,57,21,95,36.3
30042342,4,laceration,4,88,139,67,15,96,36.5
30042343,4,fever,7,62,88,86,13,100,36.9
30042344,3,chest pain,2,79,125,103,18,96,35.2
30042345,3,laceration,1,108,108,65,19,100,36.7
30042346,4,shortness of breath,2,79,133,91,14,96,36.6
30042347,3,shortness of breath,5,81,90,69,13,96,35.2
30042348,3,fever,6,91,110,75,14,100,37.2
30042349,2,laceration,8,80,136,81,14,97,38.3
30042350,4,abdominal pain,6,77,91,73,17,98,37.1
30042351,3,knee pain,4,86,123,79,19,93,35.3
30042352,4,back pain,7,45,96,77,14,98,37.0
30042353,2,headache,8,85,160,59,14,99,37.0
30042354,2,anxiety,6,95,138,80,17,95,35.6
30042355,2,knee pain,8,74,131,70,17,97,38.2
30042356,3,chest pain,3,78,113,95,20,94,35.9
30042357,3,back pain,6,94,156,62,16,96,37.4
30042358,3,anxiety,3,102,93,69,14,91,37.0
30042359,2,anxiety,10,59,90,61,16,98,35.6
30042360,1,chest pain,8,54,110,89,24,100,36.4
30042361,4,fall,3,98,138,54,14,96,36.2
30042362,1,headache,7,124,111,66,21,99,37.2
30042363,4,anxiety,1,68,148,109,16,100,39.1
30042364,3,shortness of breath,6,56,124,107,12,97,38.1
30042365,3,fever,5,92,119,72,17,94,36.0
30042366,3,headache,0,99,151,87,13,100,35.0
30042367,4,knee pain,2,87,160,99,17,97,36.8
30042368,4,abdominal pain,6,85,111,42,16,100,37.9
30042369,4,abdominal pain,4,107,135,79,21,94,38.7
30042370,4,headache,5,70,186,90,18,98,37.0
30042371,4,knee pain,5,86,148,101,15,93,38.5
30042372,4,back pain,7,72,148,58,12,98,36.3
30042373,3,abdominal pain,0,100,126,70,17,99,37.5
30042374,4,anxiety,1,60,126,82,25,91,36.7
30042375,4,back pain,6,95,112,80,20,98,37.0
30042376,3,abdominal pain,5,92,119,74,18,95,37.3
30042377,3,back pain,0,85,120,86,21,98,37.1
30042378,2,back pain,6,87,112,75,20,95,37.1
30042379,3,fall,1,94,144,69,20,95,37.3
30042380,3,laceration,7,103,156,84,11,90,36.5
30042381,3,fall,7,76,141,90,15,94,37.5
30042382,3,headache,5,69,139,85,16,97,36.7
30042383,3,knee pain,0,60,169,115,13,94,37.1
30042384,2,fall,8,94,146,73,22,100,36.5
30042385,2,anxiety,9,94,113,86,18,94,37.0
30042386,3,anxiety,4,79,115,77,16,98,38.1
30042387,3,fever,0,96,131,97,19,95,36.1
30042388,3,anxiety,7,57,140,94,20,95,38.0
30042389,1,shortness of breath,9,80,135,106,12,95,36.6
30042390,1,headache,10,97,130,87,21,97,36.5
30042391,4,back pain,6,70,147,92,14,95,38.0
30042392,3,abdominal pain,4,90,66,72,22,100,38.1
30042393,4,chest pain,0,105,118,106,22,94,36.7
30042394,3,headache,1,72,111,88,22,100,37.2
30042395,3,headache,6,97,112,72,20,93,37.8
30042396,4,fall,7,74,120,68,15,98,37.5
30042397,3,chest pain,1,51,120,100,27,98,36.5
30042398,2,fever,9,91,145,106,25,96,36.4
30042399,3,headache,1,75,113,55,24,99,36.4
30042400,4,headache,2,95,121,82,23,96,37.7
30042401,3,back pain,0,94,113,80,22,100,35.2
30042402,3,abdominal pain,7,69,135,92,10,96,36.6
30042403,1,headache,9,96,99,66,22,100,37.5
30042404,3,abdominal pain,0,92,70,77,19,93,38.2
30042405,4,anxiety,0,82,92,51,15,98,39.1
30042406,3,headache,5,90,112,56,13,95,38.0
30042407,3,knee pain,2,72,112,103,22,98,37.7
30042408,3,fever,0,103,174,78,18,96,37.9
30042409,2,fever,10,79,115,74,19,98,37.3
30042410,2,back pain,9,62,120,80,15,97,36.6
30042411,2,knee pain,8,94,135,91,14,100,38.0
30042412,3,laceration,2,89,105,97,18,96,37.9
30042413,3,shortness of breath,0,87,144,76,26,99,37.2
30042414,3,headache,0,70,123,105,20,99,38.0
30042415,3,fall,2,91,157,80,12,96,35.8
30042416,3,fever,6,85,109,85,13,98,35.4
30042417,4,back pain,5,99,125,80,19,99,35.9
30042418,3,fall,7,100,130,79,11,93,36.4
30042419,3,chest pain,5,77,95,73,17,99,36.3
30042420,4,abdominal pain,6,62,137,79,26,96,35.2
30042421,2,shortness of breath,8,90,108,67,19,97,37.2
30042422,5,knee pain,1,86,125,111,20,97,37.6
30042423,3,laceration,6,79,132,86,16,97,38.6
30042424,3,shortness of breath,4,82,135,73,20,98,37.2
30042425,4,anxiety,2,82,107,66,19,99,37.6
30042426,3,chest pain,5,99,134,98,30,96,36.4
30042427,3,shortness of breath,2,98,113,109,12,98,36.0
30042428,3,fall,7,78,125,41,17,92,35.9
30042429,3,anxiety,7,66,162,80,16,97,38.7
30042430,3,headache,7,78,145,75,19,100,36.0
30042431,3,laceration,7,69,151,84,17,95,35.8
30042432,3,anxiety,4,79,129,70,20,99,36.8
30042433,3,fall,3,95,124,77,23,91,36.0
30042434,3,laceration,2,65,100,104,17,93,37.5
30042435,3,fever,7,62,131,123,13,92,36.8
30042436,3,fever,5,93,81,66,14,99,36.9
30042437,2,anxiety,7,96,87,77,19,100,36.3
30042438,2,chest pain,10,78,108,77,21,96,37.9
30042439,3,fever,6,119,138,70,21,99,35.3
30042440,2,chest pain,10,74,110,86,22,96,36.4
30042441,4,back pain,7,78,149,60,19,100,35.9
30042442,4,abdominal pain,4,74,106,62,14,97,37.1
30042443,2,back pain,10,97,157,74,9,100,38.3
30042444,2,fall,8,86,97,69,18,97,38.1
30042445,4,laceration,6,118,103,63,18,97,36.9
30042446,4,chest pain,6,75,144,47,20,96,37.2
30042447,3,headache,1,100,149,78,17,92,37.4
30042448,3,fever,1,89,142,75,18,100,36.3
30042449,4,anxiety,4,74,127,73,28,91,35.2
30042450,4,shortness of breath,0,79,93,75,23,100,36.6
30042451,1,shortness of breath,10,102,140,78,16,97,37.3
30042452,4,fall,1,85,126,75,19,95,37.7
30042453,3,laceration,0,73,130,88,22,94,37.0
30042454,3,shortness of breath,6,80,162,77,20,96,36.4
30042455,4,anxiety,2,97,95,92,20,96,37.5
30042456,2,fever,8,69,132,90,15,100,38.0
30042457,2,shortness of breath,6,71,130,90,22,98,36.8
30042458,4,laceration,1,62,114,80,14,94,37.6
30042459,1,knee pain,9,89,124,71,17,98,38.3
30042460,4,shortness of breath,1,73,147,94,18,95,37.5
30042461,3,fever,5,76,114,96,13,97,36.8
30042462,3,headache,3,115,115,102,17,94,36.8
30042463,3,back pain,4,72,118,88,26,98,37.9
30042464,3,chest pain,7,77,97,93,19,100,37.3
30042465,3,anxiety,4,101,102,64,16,100,37.1
30042466,3,chest pain,0,57,84,77,25,93,36.8
30042467,3,knee pain,6,99,103,69,24,100,36.8
30042468,4,laceration,2,119,143,99,16,95,35.9
30042469,2,knee pain,8,85,93,84,16,96,38.1
30042470,4,laceration,0,112,144,97,10,96,37.3
30042471,2,laceration,6,88,97,76,15,100,36.4
30042472,3,laceration,4,85,165,95,21,98,36.1
30042473,4,chest pain,5,94,122,87,17,96,36.3
30042474,2,fever,6,98,120,87,17,97,38.0
30042475,3,back pain,5,91,109,72,19,100,38.1
30042476,3,knee pain,1,83,102,83,11,97,35.6
30042477,1,laceration,10,74,121,78,15,100,38.6
30042478,4,fever,0,107,109,85,21,94,37.1
30042479,2,abdominal pain,10,82,111,93,23,99,37.3
30042480,3,fever,6,87,101,75,11,100,36.4
30042481,1,fever,6,78,121,41,21,95,36.3
30042482,3,headache,4,74,140,72,16,96,36.0
30042483,3,laceration,2,86,128,101,25,94,36.2
30042484,3,abdominal pain,5,89,115,98,18,100,37.5
30042485,3,fever,2,102,73,93,24,94,35.4
30042486,3,fall,4,80,124,72,22,97,35.7
30042487,3,back pain,0,79,126,110,18,100,37.6
30042488,2,abdominal pain,7,94,115,90,16,96,36.1
30042489,3,headache,0,45,131,63,20,95,37.5
30042490,3,headache,3,87,82,100,19,100,35.9
30042491,2,shortness of breath,7,99,92,80,13,100,37.6
30042492,3,anxiety,0,86,111,78,18,96,37.3
30042493,4,headache,5,92,148,71,18,100,37.5
30042494,3,knee pain,1,56,107,62,18,96,36.6
30042495,2,shortness of breath,6,71,150,100,15,98,36.8
30042496,4,shortness of breath,2,92,116,106,19,94,38.0
30042497,3,laceration,4,99,103,74,8,97,36.5
30042498,3,back pain,3,79,126,73,26,92,36.5
30042499,1,anxiety,7,70,122,82,23,100,35.3
30042500,2,shortness of breath,6,74,131,99,22,96,36.3
30042501,2,knee pain,9,96,98,95,18,92,38.0
30042502,2,fall,7,74,128,81,21,97,36.4
30042503,5,knee pain,0,99,106,84,20,94,36.6
30042504,4,shortness of breath,6,76,126,87,7,98,38.7
30042505,2,fever,9,81,103,75,16,95,36.8
30042506,4,chest pain,0,65,117,101,18,97,35.7
30042507,3,back pain,0,106,130,76,12,95,35.5
30042508,3,knee pain,4,75,101,61,16,94,36.6
30042509,2,anxiety,10,70,136,72,13,100,37.4
30042510,3,laceration,2,83,106,85,15,99,36.8
30042511,4,fall,1,112,151,79,22,95,36.2
30042512,3,headache,6,76,83,95,18,97,35.4
30042513,3,anxiety,4,96,106,77,18,97,37.5
30042514,3,fall,0,82,145,88,15,97,37.1
30042515,3,back pain,4,82,131,85,14,94,37.4
30042516,3,laceration,1,110,121,89,19,95,36.9
30042517,4,back pain,7,84,128,97,22,96,36.5
30042518,3,knee pain,2,72,136,75,15,99,38.4
30042519,3,back pain,4,107,130,107,19,94,35.9
30042520,3,fever,2,83,122,80,18,98,37.8
30042521,5,shortness of breath,5,67,102,47,13,92,37.6
30042522,3,abdominal pain,3,62,164,82,23,98,36.3
30042523,2,fall,7,78,113,69,21,97,37.3
30042524,3,fall,6,92,65,93,20,98,38.2
30042525,3,knee pain,6,103,85,81,19,100,38.2
30042526,4,abdominal pain,4,83,110,99,21,98,36.3
30042527,4,chest pain,3,108,113,110,19,95,37.1
30042528,4,fall,3,81,121,110,17,100,37.2
30042529,3,chest pain,5,70,116,51,13,98,37.7
30042530,3,laceration,5,70,88,84,23,94,37.3
30042531,3,fever,1,76,119,57,24,96,37.8
30042532,2,anxiety,6,72,112,75,13,100,38.0
30042533,2,anxiety,6,73,126,57,17,100,37.4
30042534,3,fever,4,77,153,48,26,94,36.8
30042535,2,anxiety,6,90,86,78,16,96,37.9
30042536,1,abdominal pain,6,75,143,70,13,99,38.3
30042537,4,laceration,3,95,88,117,13,95,36.3
30042538,2,knee pain,9,84,100,63,19,96,34.8
30042539,3,headache,5,64,101,93,20,100,36.1
30042540,5,laceration,4,80,135,90,25,99,36.7
30042541,3,shortness of breath,7,82,86,93,15,95,38.3
30042542,4,fall,1,72,112,83,23,94,38.0
30042543,4,shortness of breath,7,90,141,92,20,97,37.9
30042544,3,back pain,6,85,136,58,12,100,36.7
30042545,4,laceration,2,108,79,79,11,95,35.5
30042546,5,anxiety,1,113,129,74,20,100,37.9
30042547,2,chest pain,9,77,140,78,17,92,35.7
30042548,3,laceration,2,86,124,79,12,97,35.5
30042549,2,laceration,7,81,114,105,19,98,36.3
30042550,4,fever,7,87,93,91,16,95,37.7
30042551,4,headache,7,88,122,69,15,96,36.3
30042552,1,abdominal pain,10,61,147,63,14,93,37.4
30042553,1,fever,10,82,93,95,16,95,37.0
30042554,3,fall,6,68,146,89,16,96,36.9
30042555,2,shortness of breath,6,60,130,94,24,92,37.0
30042556,2,anxiety,7,84,134,84,22,96,35.5
30042557,4,fever,5,85,128,93,16,100,37.7
30042558,2,knee pain,6,57,103,62,17,97,38.4
30042559,3,back pain,6,86,106,72,22,98,36.4
30042560,3,back pain,4,112,85,64,17,100,37.6
30042561,3,knee pain,4,93,130,106,14,95,36.5
30042562,2,abdominal pain,7,60,155,80,20,97,36.3
30042563,4,knee pain,0,90,141,53,15,100,38.3
30042564,2,fall,9,83,169,86,15,100,36.7
30042565,3,fall,3,83,127,69,12,96,36.9
30042566,3,abdominal pain,3,85,122,59,17,88,36.5
30042567,3,laceration,2,69,131,64,20,95,37.0
30042568,3,chest pain,1,71,98,121,21,96,37.3
30042569,4,headache,0,83,136,54,23,91,36.4
30042570,2,fever,7,93,116,80,15,100,36.5
30042571,3,abdominal pain,1,68,117,90,21,92,35.6
30042572,4,abdominal pain,0,71,140,81,16,91,35.8
30042573,2,chest pain,9,97,149,86,20,93,37.8
30042574,1,abdominal pain,9,94,104,80,18,100,36.5
30042575,3,laceration,6,109,111,76,19,100,36.2
30042576,4,chest pain,7,86,167,66,17,95,36.1
30042577,3,chest pain,4,116,129,70,20,95,37.0
30042578,3,fall,5,98,105,60,21,97,37.7
30042579,3,fall,0,78,135,71,20,96,36.7
30042580,1,headache,9,78,114,91,15,100,38.1
30042581,2,anxiety,6,70,153,82,19,98,37.6
30042582,3,chest pain,3,96,126,74,22,98,36.0
30042583,4,chest pain,7,71,141,63,17,96,36.8
30042584,4,abdominal pain,4,107,139,72,19,100,36.7
30042585,3,anxiety,2,81,129,90,17,100,36.8
30042586,3,knee pain,6,78,121,52,15,95,37.8
30042587,4,headache,4,85,134,112,18,95,38.4
30042588,3,chest pain,1,71,130,51,27,100,36.9
30042589,2,fever,8,101,158,87,20,100,36.8
30042590,3,headache,3,99,130,80,20,99,36.0
30042591,2,laceration,9,101,109,71,18,100,37.2
30042592,3,chest pain,0,78,145,99,15,94,37.8
30042593,3,headache,6,97,126,71,17,98,36.6
30042594,2,fever,10,80,119,110,19,98,37.4
30042595,3,headache,2,91,144,95,17,97,36.0
30042596,5,anxiety,2,101,118,59,25,100,36.7
30042597,3,laceration,3,82,131,72,15,97,37.0
30042598,4,knee pain,5,105,96,85,17,94,36.5
30042599,3,laceration,0,85,122,78,19,98,36.3
30042600,3,anxiety,5,78,127,62,22,99,38.8
30042601,3,laceration,4,108,107,78,23,99,37.4
30042602,3,knee pain,4,85,124,83,16,95,36.9
30042603,4,fever,6,74,99,109,20,100,37.5
30042604,5,laceration,0,79,131,73,18,96,37.3
30042605,3,fall,7,82,91,105,7,98,35.6
30042606,2,headache,10,84,163,72,22,97,36.5
30042607,4,abdominal pain,1,88,124,93,14,94,35.7
30042608,3,knee pain,5,86,116,67,21,95,37.9
30042609,3,fall,0,85,147,72,20,98,37.3
30042610,2,shortness of breath,7,91,125,84,18,96,37.7
30042611,3,fever,5,97,121,87,11,100,37.2
30042612,3,laceration,4,101,88,73,24,97,36.7
30042613,2,chest pain,10,103,157,89,23,95,35.9
30042614,4,anxiety,6,97,107,89,20,97,38.1
30042615,3,headache,0,93,123,75,19,99,38.1
30042616,4,back pain,3,99,131,85,15,95,37.2
30042617,3,anxiety,4,61,96,56,28,94,37.8
30042618,3,anxiety,6,96,113,74,12,95,36.2
30042619,3,fall,2,81,109,72,15,98,37.7
30042620,4,knee pain,7,79,104,100,20,96,36.5
30042621,3,back pain,6,68,142,85,21,97,35.2
30042622,3,knee pain,4,74,115,108,18,100,37.0
30042623,3,abdominal pain,6,77,189,58,18,96,36.6
30042624,3,fall,0,60,134,75,10,99,37.2
30042625,3,fall,0,57,133,54,17,98,37.1
30042626,2,abdominal pain,10,109,135,72,22,100,37.4
30042627,4,knee pain,5,59,141,81,20,98,35.2
30042628,3,abdominal pain,0,88,99,92,18,99,36.4
30042629,4,abdominal pain,6,85,107,104,17,98,38.4
30042630,2,chest pain,8,66,92,92,22,98,36.4
30042631,2,abdominal pain,7,96,98,72,12,95,38.2
30042632,3,shortness of breath,3,78,91,86,20,96,37.1
30042633,3,back pain,6,96,134,50,15,94,38.0
30042634,2,headache,10,69,146,65,16,90,37.5
30042635,4,abdominal pain,2,62,120,57,23,93,36.6
30042636,5,fall,5,89,108,79,17,99,35.3
30042637,4,laceration,2,67,136,70,19,96,37.2
30042638,3,chest pain,0,92,117,93,20,100,36.4
30042639,3,shortness of breath,6,92,129,95,22,97,36.2
30042640,2,headache,8,62,84,71,13,100,37.3
30042641,3,shortness of breath,2,78,115,72,20,95,36.6
30042642,2,headache,9,63,106,87,21,97,36.9
30042643,3,back pain,2,93,122,94,17,100,38.2
30042644,4,laceration,5,98,120,76,22,96,37.4
30042645,3,fever,1,63,164,74,15,100,36.9
30042646,2,anxiety,7,78,139,77,23,98,38.7
30042647,4,laceration,2,86,119,58,32,96,36.2
30042648,3,headache,6,74,130,84,18,97,39.0
30042649,3,knee pain,1,79,105,68,16,98,36.1
30042650,2,back pain,7,68,132,74,15,95,37.5
30042651,2,headache,10,94,103,68,18,93,36.8
30042652,4,knee pain,7,112,131,67,22,100,36.8
30042653,3,fever,5,75,138,73,16,94,37.5
30042654,3,knee pain,2,107,100,75,22,96,35.5
30042655,3,back pain,7,74,128,93,15,96,36.2
30042656,2,anxiety,10,88,115,83,21,94,36.1
30042657,4,abdominal pain,3,89,136,69,18,96,36.2
30042658,4,knee pain,6,122,130,80,14,99,37.0
30042659,3,anxiety,0,67,117,63,17,100,36.7
30042660,2,shortness of breath,7,95,141,73,18,98,36.4
30042661,3,anxiety,2,96,131,52,23,100,38.2
30042662,3,fever,2,94,156,78,15,98,37.5
30042663,4,knee pain,5,92,86,83,16,96,36.7
30042664,3,headache,2,80,141,78,19,92,37.5
30042665,2,abdominal pain,10,101,91,72,23,100,37.2
30042666,3,chest pain,0,57,119,90,23,98,36.4
30042667,3,anxiety,1,105,114,85,19,94,37.6
30042668,3,fever,5,74,112,63,20,93,37.0
30042669,5,headache,1,92,145,64,16,95,38.2
30042670,2,shortness of breath,6,77,136,79,18,92,35.6
30042671,2,abdominal pain,10,57,109,91,17,98,36.8
30042672,4,headache,3,93,112,71,17,94,36.3
30042673,3,knee pain,1,102,108,60,17,99,38.3
30042674,2,knee pain,7,62,104,81,22,96,36.6
30042675,4,headache,0,103,132,71,16,98,39.0
30042676,2,abdominal pain,6,91,113,82,18,100,37.4
30042677,3,anxiety,0,88,107,90,22,97,37.1
30042678,3,chest pain,4,86,121,50,14,96,36.4
30042679,3,fever,1,111,141,70,15,96,38.1
30042680,3,abdominal pain,4,64,126,76,22,97,37.5
30042681,2,abdominal pain,9,83,123,103,16,96,35.4
30042682,2,headache,10,100,124,68,16,100,37.0
30042683,3,anxiety,5,72,160,67,14,100,37.0
30042684,2,fever,9,108,118,114,28,95,36.0
30042685,3,abdominal pain,3,63,133,50,15,93,37.2
30042686,3,knee pain,7,75,142,79,24,93,36.9
30042687,3,knee pain,3,81,135,87,16,94,38.8
30042688,3,headache,2,81,142,66,20,96,37.8
30042689,3,headache,1,71,104,52,18,99,36.8
30042690,3,chest pain,6,89,132,89,23,95,37.1
30042691,4,shortness of breath,5,103,126,71,19,98,36.6
30042692,4,anxiety,1,79,148,74,20,97,35.6
30042693,2,headache,10,58,138,93,17,98,37.5
30042694,3,abdominal pain,5,89,114,101,14,95,37.0
30042695,4,chest pain,7,99,140,80,16,100,36.9
30042696,3,abdominal pain,4,73,130,83,14,97,36.5
30042697,3,laceration,4,79,97,77,22,95,36.4
30042698,3,anxiety,2,80,145,83,19,98,37.0
30042699,3,headache,7,74,120,87,16,100,37.2
30042700,3,fever,2,105,91,80,14,100,36.9
30042701,1,back pain,10,99,118,65,15,100,37.5
30042702,2,chest pain,6,79,116,72,23,100,37.9
30042703,2,knee pain,10,85,120,114,15,98,37.3
30042704,2,fever,9,97,139,56,19,96,36.8
30042705,4,back pain,1,85,129,89,20,100,36.1
30042706,3,abdominal pain,4,87,135,91,15,96,36.8
30042707,3,abdominal pain,0,81,124,112,20,100,39.6
30042708,4,chest pain,7,97,140,82,17,97,37.3
30042709,3,abdominal pain,0,87,108,96,24,100,37.2
30042710,3,knee pain,7,90,140,56,18,98,37.5
30042711,5,chest pain,5,83,146,53,15,100,37.9
30042712,4,abdominal pain,5,73,99,84,26,99,37.4
30042713,3,shortness of breath,2,87,104,84,19,93,37.5
30042714,1,shortness of breath,9,80,140,85,16,95,37.2
30042715,4,knee pain,6,104,151,85,16,99,36.4
30042716,2,anxiety,7,68,134,75,24,93,36.7
30042717,3,fall,4,97,141,68,20,100,36.1
30042718,2,chest pain,10,67,153,79,21,100,36.2
30042719,3,back pain,6,93,138,97,19,97,37.2
30042720,3,fever,3,68,139,71,22,99,36.0
30042721,1,knee pain,7,90,112,67,22,91,37.3
30042722,1,fever,9,67,144,87,23,95,36.3
30042723,3,shortness of breath,3,73,109,60,13,95,38.0
30042724,2,abdominal pain,6,71,158,104,16,98,37.3
30042725,4,fall,3,103,139,66,21,97,37.3
30042726,3,back pain,7,75,102,73,19,100,36.4
30042727,2,back pain,6,67,123,88,18,98,38.3
30042728,3,laceration,0,56,101,69,11,100,37.0
30042729,3,knee pain,6,101,132,74,18,98,36.2
30042730,2,anxiety,9,70,151,83,20,95,36.5
30042731,4,fever,0,94,142,86,10,89,36.6
30042732,4,abdominal pain,7,68,127,83,17,99,38.1
30042733,4,fever,2,111,120,57,13,96,37.5
30042734,1,fall,10,84,149,83,19,99,37.8
30042735,3,fever,3,79,120,80,11,100,37.4
30042736,2,abdominal pain,8,99,121,86,19,93,36.9
30042737,1,abdominal pain,8,66,120,85,21,91,36.8
30042738,2,knee pain,9,80,120,91,15,100,38.0
30042739,4,fever,6,84,101,63,12,97,37.7
30042740,3,laceration,1,78,125,95,16,100,37.1
30042741,3,anxiety,1,66,160,69,16,100,36.9
30042742,3,chest pain,7,107,94,66,12,94,35.6
30042743,3,anxiety,1,63,112,89,20,96,38.8
30042744,4,headache,1,82,110,63,13,100,36.8
30042745,3,abdominal pain,3,60,111,83,12,100,35.8
30042746,5,fall,0,103,126,86,10,94,35.9
30042747,2,shortness of breath,10,84,143,82,22,98,36.3
30042748,3,shortness of breath,6,95,135,85,23,97,36.7
30042749,4,anxiety,4,99,128,83,13,94,36.9
30042750,3,abdominal pain,4,85,135,63,17,100,37.0
30042751,3,knee pain,7,69,92,84,21,96,38.6
30042752,5,fall,3,81,136,116,24,100,37.2
30042753,3,shortness of breath,2,95,116,72,23,98,36.3
30042754,3,laceration,3,79,85,61,15,98,37.8
30042755,5,anxiety,0,64,99,62,23,97,36.4
30042756,1,shortness of breath,8,73,150,77,24,99,38.5
30042757,2,chest pain,10,89,134,90,10,96,37.4
30042758,3,chest pain,7,87,110,76,23,95,38.2
30042759,3,chest pain,7,88,109,73,15,93,37.6
30042760,2,laceration,9,86,93,53,20,92,38.5
30042761,4,abdominal pain,7,103,125,79,17,95,36.7
30042762,3,back pain,6,84,143,98,17,100,37.4
30042763,3,fever,6,63,121,87,24,99,35.1
30042764,3,abdominal pain,7,96,147,62,18,94,37.5
30042765,2,fever,9,75,111,90,23,94,36.4
30042766,2,back pain,6,95,96,74,21,96,36.8
30042767,3,back pain,2,56,104,107,18,97,36.9
30042768,3,abdominal pain,7,90,129,59,21,98,37.6
30042769,3,laceration,2,69,150,92,15,90,36.5
30042770,3,fall,0,88,139,66,21,98,36.5
30042771,2,knee pain,9,81,130,74,21,96,36.9
30042772,3,anxiety,3,66,114,93,15,100,36.9
30042773,2,abdominal pain,10,97,156,102,24,100,36.7
30042774,3,back pain,3,73,110,85,24,98,36.2
30042775,3,back pain,5,62,134,99,13,98,36.4
30042776,4,laceration,6,78,106,75,16,100,38.1
30042777,4,fever,4,93,140,78,15,97,37.2
30042778,3,shortness of breath,3,66,134,98,20,96,37.7
30042779,4,knee pain,1,66,106,77,17,92,36.4
30042780,3,headache,5,78,129,71,15,91,35.7
30042781,4,shortness of breath,2,92,113,63,18,97,37.3
30042782,3,back pain,0,115,114,60,9,94,36.7
30042783,3,shortness of breath,4,65,164,78,19,94,36.9
30042784,3,knee pain,1,98,121,92,27,94,36.9
30042785,4,fall,6,72,87,92,16,95,37.1
30042786,4,fall,7,93,135,95,20,98,36.0
30042787,3,knee pain,4,82,131,80,15,100,36.1
30042788,3,knee pain,2,85,147,88,13,91,37.6
30042789,2,chest pain,10,96,131,81,23,94,36.6
30042790,3,laceration,6,92,120,64,15,96,37.9
30042791,2,fever,6,80,121,72,18,100,37.3
30042792,4,headache,7,89,166,65,16,100,35.8
30042793,2,shortness of breath,10,67,137,103,17,100,37.3
30042794,2,fall,8,86,117,88,18,96,36.6
30042795,3,knee pain,7,85,161,69,17,100,37.0
30042796,3,back pain,5,63,118,67,16,95,37.5
30042797,2,abdominal pain,10,91,129,76,22,99,36.8
30042798,3,headache,4,100,153,57,19,100,37.8
30042799,2,knee pain,6,89,97,72,23,95,35.6
30042800,4,abdominal pain,7,92,156,79,17,90,37.0
30042801,3,back pain,3,87,152,52,18,100,36.6
30042802,5,shortness of breath,0,94,166,86,19,100,37.2
30042803,4,shortness of breath,5,87,132,87,17,95,36.8
30042804,3,fever,1,85,101,66,19,97,35.5
30042805,3,abdominal pain,2,94,100,100,11,100,36.3
30042806,2,headache,8,79,136,91,19,96,37.1
30042807,3,abdominal pain,3,90,152,88,18,92,36.4
30042808,1,back pain,7,83,134,78,22,99,36.4
30042809,3,fall,0,92,123,92,14,94,36.9
30042810,3,fever,5,92,125,78,13,94,37.1
30042811,3,laceration,3,56,129,68,17,93,36.2
30042812,3,shortness of breath,1,72,136,67,14,100,37.7
30042813,3,fall,3,49,88,69,23,99,36.4
30042814,4,fever,5,56,116,70,21,93,37.4
30042815,2,chest pain,9,69,105,65,13,92,38.1
30042816,2,chest pain,9,72,157,99,20,99,37.6
30042817,3,chest pain,7,73,102,71,17,100,35.7
30042818,2,headache,9,77,121,74,16,91,35.4
30042819,2,knee pain,9,53,128,77,14,100,37.1
30042820,3,chest pain,0,94,138,86,16,95,39.3
30042821,3,fever,0,84,120,83,18,97,36.2
30042822,2,fever,7,80,111,61,16,93,37.3
30042823,4,chest pain,7,65,121,89,11,95,37.6
30042824,5,anxiety,3,81,111,100,14,96,37.2
30042825,4,knee pain,7,77,99,73,21,98,36.1
30042826,5,back pain,6,63,154,60,17,89,36.8
30042827,2,fall,7,52,115,70,16,98,37.4
30042828,2,abdominal pain,8,69,136,62,18,99,35.6
30042829,2,fever,8,102,143,86,19,92,37.3
30042830,3,knee pain,5,113,150,82,24,96,37.7
30042831,3,back pain,6,94,140,62,15,99,36.2
30042832,1,knee pain,7,73,157,59,20,96,37.6
30042833,3,knee pain,6,86,114,69,16,96,37.5
30042834,3,abdominal pain,2,69,130,74,25,93,37.3
30042835,3,fever,7,79,120,77,24,99,38.2
30042836,4,fall,5,73,100,84,17,98,36.7
30042837,3,headache,5,97,107,94,21,93,37.8
30042838,4,laceration,4,78,99,111,17,97,36.4
30042839,3,fever,4,63,125,84,17,96,36.3
30042840,3,headache,0,97,120,101,19,93,36.0
30042841,3,back pain,7,65,125,47,15,100,36.0
30042842,2,shortness of breath,7,101,143,62,14,96,36.7
30042843,1,fever,9,87,171,91,15,97,37.4
30042844,3,anxiety,3,97,98,93,12,97,36.5
30042845,3,abdominal pain,0,97,110,83,22,99,36.1
30042846,3,abdominal pain,6,82,138,59,23,97,37.0
30042847,4,laceration,3,102,133,87,20,99,36.4
30042848,3,abdominal pain,1,67,126,79,18,97,37.4
30042849,1,chest pain,7,82,138,94,25,97,37.5
30042850,2,laceration,10,72,161,92,13,98,34.6
30042851,2,laceration,8,76,124,93,22,99,37.4
30042852,4,back pain,0,82,117,75,14,95,37.0
30042853,3,headache,3,64,130,86,19,95,38.0
30042854,3,chest pain,5,105,154,93,21,95,36.4
30042855,3,knee pain,2,77,117,49,22,94,37.2
30042856,5,back pain,1,71,98,92,20,100,36.1
30042857,2,chest pain,8,90,146,103,15,94,36.7
30042858,3,abdominal pain,6,81,126,73,21,98,37.1
30042859,3,headache,7,87,87,79,15,99,37.1
30042860,1,fall,6,61,142,90,10,94,37.9
30042861,4,laceration,0,115,93,114,16,96,37.1
30042862,3,fever,0,119,148,52,19,98,35.9
30042863,5,fever,0,97,123,78,15,97,37.5
30042864,5,abdominal pain,4,84,122,96,17,97,35.6
30042865,4,chest pain,2,83,147,68,16,100,36.4
30042866,2,headache,7,79,107,90,20,95,37.5
30042867,3,back pain,4,89,114,61,8,100,36.8
30042868,3,fever,2,109,115,71,20,96,37.4
30042869,5,knee pain,0,111,122,71,21,98,36.3
30042870,3,fever,2,57,140,88,19,96,36.0
30042871,3,laceration,3,85,125,53,17,96,36.8
30042872,3,fall,6,98,150,102,16,99,37.7
30042873,1,fall,10,71,106,83,19,100,37.4
30042874,5,chest pain,3,103,131,88,13,97,36.3
30042875,1,chest pain,10,104,140,64,20,94,37.5
30042876,4,fever,0,88,121,82,19,95,38.3
30042877,3,back pain,2,80,108,89,21,100,37.6
30042878,3,fall,3,113,98,57,19,100,35.5
30042879,4,knee pain,1,52,90,57,15,99,37.4
30042880,3,chest pain,1,86,115,82,12,93,35.2
30042881,1,laceration,9,106,131,83,19,92,37.5
30042882,4,laceration,7,79,103,102,16,97,36.2
30042883,2,chest pain,7,94,125,70,25,89,37.9
30042884,3,back pain,7,111,118,63,20,93,37.8
30042885,1,chest pain,7,96,104,46,14,100,36.6
30042886,3,laceration,4,106,117,104,24,96,36.7
30042887,5,knee pain,5,79,153,93,20,97,37.9
30042888,2,anxiety,10,79,127,94,20,98,36.9
30042889,2,anxiety,6,116,119,96,13,98,36.6
30042890,5,chest pain,6,91,82,84,19,97,37.5
30042891,2,back pain,7,99,152,102,21,95,36.8
30042892,5,laceration,1,87,109,53,20,98,37.5
30042893,1,anxiety,8,96,151,99,17,100,37.5
30042894,3,fall,6,84,151,78,25,100,37.1
30042895,4,fall,2,101,120,72,17,100,37.8
30042896,3,headache,1,75,143,74,14,96,36.3
30042897,3,knee pain,1,94,143,91,14,100,37.1
30042898,3,fall,0,106,114,82,26,99,36.8
30042899,4,fever,4,95,113,92,18,94,36.4
30042900,3,fall,4,77,142,51,14,93,37.8
30042901,2,headache,6,87,122,66,11,93,38.0
30042902,3,laceration,3,98,124,45,18,96,37.0
30042903,3,fall,6,75,140,105,12,99,37.6
30042904,5,fall,0,92,131,76,16,94,37.4
30042905,3,knee pain,4,89,164,82,15,98,37.0
30042906,3,back pain,5,87,101,82,25,92,37.4
30042907,2,shortness of breath,8,65,124,81,22,90,38.3
30042908,3,fever,4,59,132,74,17,100,35.5
30042909,2,back pain,6,56,138,67,11,98,36.6
30042910,2,knee pain,8,98,121,85,21,93,36.6
30042911,3,abdominal pain,2,76,97,100,17,99,37.2
30042912,3,anxiety,1,83,147,109,17,100,37.3
30042913,4,abdominal pain,1,101,119,99,19,95,37.5
30042914,5,back pain,1,99,138,104,17,99,36.4
30042915,3,abdominal pain,0,118,99,67,21,100,37.0
30042916,3,headache,6,87,137,79,19,94,38.2
30042917,4,abdominal pain,6,102,185,72,20,100,37.9
30042918,3,chest pain,7,70,150,83,21,100,37.4
30042919,4,fever,6,104,137,64,14,94,37.2
30042920,3,fall,5,93,156,69,14,100,37.7
30042921,3,chest pain,7,50,97,62,11,96,37.7
30042922,3,laceration,2,83,101,96,18,97,36.3
30042923,2,shortness of breath,7,102,114,68,17,97,37.4
30042924,4,laceration,1,73,125,93,24,98,36.1
30042925,3,fall,5,63,116,64,16,99,36.5
30042926,3,back pain,3,79,145,67,18,100,36.4
30042927,4,headache,4,91,144,76,17,100,35.7
30042928,3,headache,2,81,100,62,14,100,36.9
30042929,3,headache,5,93,163,98,18,100,37.2
30042930,1,fever,8,79,108,71,22,96,37.2
30042931,3,back pain,3,82,141,73,18,99,36.3
30042932,4,anxiety,7,89,124,83,23,99,36.9
30042933,3,headache,4,65,130,60,29,100,37.6
30042934,4,headache,4,63,105,93,13,98,38.5
30042935,3,back pain,1,104,165,108,16,100,36.5
30042936,3,chest pain,2,97,138,81,24,95,36.8
30042937,2,back pain,10,91,152,70,14,100,38.3
30042938,3,knee pain,0,92,136,92,17,96,36.8
30042939,3,headache,1,78,166,106,26,100,37.7
30042940,2,fever,10,99,132,83,23,95,36.2
30042941,4,abdominal pain,5,76,124,83,13,91,38.1
30042942,3,back pain,7,72,100,78,29,95,37.3
30042943,5,chest pain,7,102,126,97,21,90,36.3
30042944,3,anxiety,3,99,92,61,13,100,38.3
30042945,1,fall,10,95,113,86,18,99,36.0
30042946,2,headache,6,135,152,73,13,100,35.4
30042947,3,knee pain,0,74,118,107,16,100,36.4
30042948,2,anxiety,7,89,137,65,18,96,36.6
30042949,3,fever,5,77,128,81,21,100,36.8
30042950,2,laceration,8,81,137,90,17,95,37.0
30042951,2,chest pain,7,70,133,59,16,94,36.1
30042952,3,knee pain,5,72,111,97,16,95,36.4
30042953,4,fever,4,108,137,59,21,97,36.9
30042954,5,back pain,3,107,107,84,12,95,36.7
30042955,2,abdominal pain,6,97,133,89,18,92,34.6
30042956,4,chest pain,7,71,110,84,13,95,37.0
30042957,3,fever,5,94,165,94,17,87,37.4
30042958,3,fever,6,100,140,62,18,97,37.4
30042959,3,headache,0,89,102,85,20,96,36.8
30042960,3,laceration,0,82,149,80,17,92,35.8
30042961,3,shortness of breath,3,67,163,57,11,99,37.0
30042962,3,laceration,0,100,115,83,12,100,37.0
30042963,3,fall,5,71,112,90,22,96,36.6
30042964,3,abdominal pain,6,64,133,105,28,92,36.4
30042965,3,headache,2,99,98,79,13,99,36.8
30042966,2,fall,6,91,126,86,13,97,37.5
30042967,2,fall,7,92,108,70,19,94,35.9
30042968,2,fever,8,106,131,99,20,95,36.9
30042969,3,fever,4,58,97,85,19,97,37.1
30042970,3,laceration,0,67,109,83,15,95,37.1
30042971,3,fever,2,85,92,75,16,98,37.0
30042972,3,shortness of breath,2,110,153,71,21,99,36.2
30042973,4,shortness of breath,1,85,126,60,10,98,37.5
30042974,3,knee pain,1,55,91,54,10,95,38.2
30042975,3,shortness of breath,4,89,126,78,22,94,36.1
30042976,3,shortness of breath,2,71,121,82,20,100,37.9
30042977,4,knee pain,4,93,99,81,15,91,37.2
30042978,3,back pain,3,82,119,44,22,94,37.0
30042979,2,fever,6,81,131,81,11,93,37.6
30042980,4,anxiety,3,76,137,57,25,100,36.5
30042981,4,back pain,7,70,118,107,16,96,36.6
30042982,3,headache,5,80,110,91,22,98,36.4
30042983,2,back pain,10,100,138,84,17,98,38.2
30042984,3,abdominal pain,5,64,110,77,17,90,36.2
30042985,3,chest pain,1,91,130,70,17,100,37.4
30042986,3,fall,2,43,152,96,17,95,38.1
30042987,3,fall,4,99,109,64,15,100,38.7
30042988,1,shortness of breath,8,73,74,67,18,92,36.7
30042989,3,back pain,2,94,109,94,18,96,36.2
30042990,3,knee pain,7,80,124,101,16,100,37.9
30042991,3,back pain,2,81,147,101,22,98,37.2
30042992,2,laceration,6,77,108,64,16,98,37.0
30042993,3,fever,1,75,120,85,11,97,37.4
30042994,3,headache,6,98,138,42,17,93,38.3
30042995,3,anxiety,7,48,111,68,20,95,36.7
30042996,3,knee pain,0,82,140,94,14,96,37.3
30042997,3,fever,2,90,136,84,22,92,36.0
30042998,4,shortness of breath,6,73,141,63,21,95,37.9
30042999,3,knee pain,1,87,119,93,16,97,36.7
30043000,3,back pain,2,84,125,87,18,92,37.2
30043001,3,chest pain,0,77,128,108,17,97,37.0
30043002,3,abdominal pain,3,71,132,95,12,89,36.7
30043003,3,fall,6,110,147,53,11,96,37.4
30043004,3,fall,5,72,107,76,15,96,36.1
30043005,4,headache,2,92,114,91,16,100,37.3
30043006,3,back pain,3,56,114,111,16,100,36.4
30043007,5,knee pain,4,76,80,82,20,98,37.7
30043008,4,chest pain,3,44,136,96,14,97,37.5
30043009,3,knee pain,6,85,102,63,12,99,37.3
30043010,4,back pain,6,96,134,102,18,98,37.7
30043011,3,fall,0,60,134,69,11,98,37.8
30043012,4,fall,2,114,95,90,14,91,35.6
30043013,3,anxiety,5,100,72,72,17,99,36.3
30043014,3,anxiety,4,89,143,115,24,99,35.7
30043015,2,laceration,10,76,96,81,15,97,38.4
30043016,3,headache,6,99,97,70,15,96,37.8
30043017,3,chest pain,3,91,118,95,15,96,36.8
30043018,3,chest pain,4,77,130,85,22,100,36.4
30043019,3,knee pain,3,96,115,93,17,97,38.2
30043020,4,headache,2,76,145,66,19,92,36.7
30043021,4,anxiety,7,102,177,61,19,97,34.9
30043022,3,chest pain,3,88,163,76,10,95,35.5
30043023,3,headache,5,67,104,87,20,100,36.1
30043024,4,fall,4,101,125,93,17,95,36.2
30043025,2,chest pain,7,83,105,80,21,94,35.7
30043026,4,back pain,3,89,132,92,22,97,36.6
30043027,5,laceration,6,107,90,95,15,98,38.1
30043028,3,headache,7,57,116,85,16,99,37.7
30043029,4,shortness of breath,1,71,92,96,21,95,38.6
30043030,4,fever,3,99,116,86,19,95,36.8
30043031,5,fall,2,103,131,62,18,99,37.7
30043032,3,knee pain,7,88,150,67,21,100,36.7
30043033,1,fever,10,105,132,92,19,96,36.5
30043034,2,chest pain,7,76,136,87,19,96,36.6
30043035,3,anxiety,6,87,111,71,16,95,37.6
30043036,2,fall,9,87,129,78,20,100,38.3
30043037,4,laceration,0,107,124,83,15,98,37.2
30043038,2,laceration,6,92,106,92,21,100,36.5
30043039,4,knee pain,5,81,95,93,19,99,37.2
30043040,3,laceration,7,69,91,69,21,96,38.2
30043041,2,abdominal pain,7,74,116,83,17,98,36.2
30043042,4,fever,5,68,74,73,23,97,36.4
30043043,4,shortness of breath,0,103,111,66,24,97,36.9
30043044,3,laceration,7,48,145,52,14,97,36.9
30043045,2,laceration,8,72,131,47,14,91,36.6
30043046,2,laceration,8,74,159,82,16,92,36.6
30043047,3,laceration,2,53,130,77,24,95,37.7
30043048,2,chest pain,7,101,108,86,13,95,38.2
30043049,3,knee pain,5,84,135,107,16,94,37.2
30043050,4,abdominal pain,5,96,153,69,14,95,36.5
30043051,5,chest pain,3,91,123,58,23,97,37.9
30043052,3,fever,0,63,164,82,21,99,38.4
30043053,3,fever,0,104,120,75,18,97,36.9
30043054,2,back pain,7,70,123,95,17,97,37.5
30043055,3,shortness of breath,6,98,102,78,20,96,36.0
30043056,3,laceration,7,92,110,77,21,97,36.7
30043057,3,laceration,2,85,131,87,21,99,36.5
30043058,4,abdominal pain,7,72,115,69,9,100,36.8
30043059,4,knee pain,5,77,57,86,12,98,37.8
30043060,3,headache,6,91,133,63,23,93,36.6
30043061,3,back pain,0,77,123,62,20,93,38.4
30043062,3,fever,6,71,135,65,7,98,36.8
30043063,3,shortness of breath,0,84,99,87,19,97,38.2
30043064,3,anxiety,3,129,78,112,22,98,36.2
30043065,1,anxiety,6,79,132,77,15,94,37.1
30043066,4,chest pain,2,86,88,85,21,96,37.9
30043067,1,abdominal pain,6,67,146,62,16,98,37.9
30043068,4,anxiety,3,105,157,59,20,91,36.5
30043069,3,fever,0,89,122,102,19,97,37.4
30043070,3,knee pain,7,82,125,80,12,99,37.2
30043071,3,chest pain,6,53,111,113,20,94,37.5
30043072,5,anxiety,7,92,123,65,17,99,36.0
30043073,3,shortness of breath,1,78,117,47,14,94,36.4
30043074,4,laceration,2,97,132,136,23,98,36.0
30043075,3,fall,1,98,118,94,21,94,37.7
30043076,3,fever,4,96,121,71,17,99,37.2
30043077,3,shortness of breath,4,106,130,60,20,97,36.7
30043078,3,back pain,2,82,121,89,16,96,37.1
30043079,5,fever,0,92,119,64,12,98,38.4
30043080,3,fever,6,104,134,94,13,93,37.4
30043081,4,fall,1,99,98,72,20,90,37.5
30043082,3,abdominal pain,4,76,117,97,14,92,36.1
30043083,4,chest pain,1,64,149,83,21,100,37.5
30043084,3,anxiety,7,96,82,66,16,98,36.9
30043085,3,anxiety,7,84,131,85,16,98,37.6
30043086,1,back pain,8,97,150,83,24,97,36.9
30043087,3,abdominal pain,7,107,122,97,19,98,36.5
30043088,2,laceration,7,95,125,80,16,100,35.9
30043089,3,fever,4,100,130,80,21,98,37.1
30043090,4,laceration,6,88,149,71,12,98,37.7
30043091,3,laceration,0,96,130,73,16,96,37.0
30043092,3,fever,6,71,146,91,21,99,36.7
30043093,4,fever,0,102,132,84,15,98,36.5
30043094,1,abdominal pain,9,75,135,97,19,100,36.7
30043095,1,headache,7,87,129,46,23,100,36.0
30043096,3,chest pain,0,67,136,65,16,100,37.7
30043097,3,knee pain,6,72,145,89,16,97,37.4
30043098,2,headache,8,99,118,97,16,99,36.8
30043099,2,chest pain,9,108,140,79,17,100,36.5
30043100,3,knee pain,6,75,133,77,17,100,35.2
30043101,3,anxiety,1,55,107,74,14,100,37.0
30043102,4,back pain,0,93,102,57,27,100,37.1
30043103,2,fever,9,99,110,99,14,99,37.1
30043104,3,shortness of breath,7,89,109,57,21,100,38.3
30043105,3,anxiety,3,108,132,71,21,98,37.3
30043106,3,abdominal pain,0,100,111,93,18,94,35.7
30043107,4,back pain,4,86,138,58,14,100,36.6
30043108,2,abdominal pain,10,94,117,74,11,98,37.6
30043109,1,headache,10,83,131,78,17,100,37.7
30043110,3,abdominal pain,1,77,130,66,16,97,37.1
30043111,3,fever,6,76,120,75,18,95,37.6
30043112,3,laceration,0,101,100,101,15,96,37.0
30043113,3,knee pain,0,94,153,95,16,98,37.6
30043114,3,knee pain,4,58,103,99,19,99,37.9
30043115,3,laceration,2,72,123,70,17,94,36.0
30043116,3,knee pain,5,102,113,92,14,90,36.9
30043117,3,anxiety,7,86,108,71,14,100,35.9
30043118,2,knee pain,10,85,110,94,14,93,37.1
30043119,3,abdominal pain,5,78,125,70,14,98,37.2
30043120,2,laceration,9,93,72,90,15,94,36.6
30043121,3,headache,5,83,141,87,17,96,38.6
30043122,3,headache,3,80,136,75,19,96,36.5
30043123,3,chest pain,1,80,152,73,20,100,36.5
30043124,3,headache,7,79,143,77,26,93,35.8
30043125,2,abdominal pain,7,84,127,122,17,95,36.5
30043126,3,knee pain,2,74,113,56,16,99,37.1
30043127,3,fever,5,100,155,98,15,100,36.2
30043128,3,anxiety,5,72,126,70,15,95,36.8
30043129,4,knee pain,0,60,118,58,18,93,36.8
30043130,4,fall,7,100,94,79,15,100,38.0
30043131,3,chest pain,6,91,152,98,17,98,37.8
30043132,3,headache,7,86,137,59,25,96,37.4
30043133,3,headache,4,102,88,100,19,99,37.1
30043134,4,knee pain,0,78,163,113,21,99,36.3
30043135,3,shortness of breath,6,86,125,97,20,98,37.0
30043136,3,anxiety,1,88,140,89,17,98,36.9
30043137,4,back pain,0,103,106,73,20,100,37.1
30043138,2,laceration,9,58,155,87,21,93,36.5
30043139,3,knee pain,3,70,104,64,23,96,35.7
30043140,3,shortness of breath,3,76,112,88,17,94,38.1
30043141,3,laceration,6,79,119,80,27,100,36.6
30043142,4,laceration,5,77,139,72,12,100,36.2
30043143,3,abdominal pain,3,87,141,48,21,94,37.6
30043144,3,chest pain,7,79,118,79,14,92,36.4
30043145,3,chest pain,6,67,75,84,24,97,35.7
30043146,3,back pain,5,121,135,70,26,96,36.5
30043147,3,back pain,2,65,117,71,17,98,37.5
30043148,3,fall,1,97,131,109,15,100,36.2
30043149,3,headache,3,60,144,79,18,97,37.6
30043150,3,chest pain,4,60,118,89,16,99,36.1
30043151,2,chest pain,9,87,106,84,13,100,36.5
30043152,3,anxiety,1,76,114,96,17,96,36.3
30043153,3,abdominal pain,4,76,156,78,20,98,36.9
30043154,3,anxiety,0,86,128,65,16,97,37.0
30043155,3,fever,2,119,96,97,18,99,37.4
30043156,3,anxiety,1,83,135,89,23,98,37.7
30043157,3,shortness of breath,4,93,106,103,14,98,36.4
30043158,4,knee pain,1,65,108,80,20,88,38.0
30043159,5,chest pain,4,87,131,89,16,100,36.9
30043160,4,back pain,4,68,141,89,15,93,36.9
30043161,3,anxiety,1,76,145,84,19,96,35.6
30043162,3,shortness of breath,5,88,80,103,28,91,38.4
30043163,3,fever,1,98,168,62,18,95,38.0
30043164,2,back pain,9,87,140,86,24,100,36.5
30043165,3,fall,0,88,165,63,19,90,37.4
30043166,4,headache,1,44,126,68,18,98,36.5
30043167,2,fall,10,86,137,66,19,98,37.2
30043168,4,headache,4,116,149,83,21,97,36.9
30043169,3,headache,6,97,140,82,14,92,37.2
30043170,3,anxiety,7,93,108,83,16,98,36.8
30043171,3,headache,6,77,72,83,8,93,35.8
30043172,3,fall,0,69,149,100,15,97,36.5
30043173,2,chest pain,7,82,167,97,21,99,36.1
30043174,3,back pain,0,85,121,89,15,100,37.5
30043175,2,knee pain,6,74,114,88,17,100,36.7
30043176,3,abdominal pain,6,70,119,63,19,97,36.1
30043177,2,fever,7,75,138,102,12,98,36.6
30043178,4,anxiety,2,67,146,43,12,93,38.6
30043179,3,fall,5,87,130,81,21,92,38.2
30043180,5,back pain,4,60,129,81,16,93,37.1
30043181,4,fall,1,86,155,84,21,94,37.8
30043182,4,knee pain,5,91,149,95,21,94,38.7
30043183,5,anxiety,7,62,92,99,19,95,36.7
30043184,4,shortness of breath,1,82,155,84,14,100,35.9
30043185,3,headache,0,115,164,102,16,96,36.1
30043186,3,fever,5,72,112,89,10,99,37.8
30043187,3,headache,0,80,109,74,17,97,36.9
30043188,3,laceration,0,101,139,64,14,95,36.6
30043189,3,chest pain,4,75,141,71,17,97,37.5
30043190,4,fever,3,63,121,63,21,98,36.8
30043191,2,chest pain,7,95,129,69,14,94,38.8
30043192,3,shortness of breath,7,104,141,96,16,97,37.0
30043193,3,back pain,1,50,100,90,29,99,38.0
30043194,3,laceration,7,65,119,80,14,91,37.3
30043195,3,anxiety,7,89,109,88,17,96,37.0
30043196,1,fall,7,95,104,82,21,99,36.5
30043197,3,anxiety,7,56,116,78,14,99,36.6
30043198,3,headache,7,79,141,87,24,97,36.9
30043199,3,anxiety,0,98,133,82,24,100,38.2
30043200,2,headache,10,82,142,59,21,93,36.5
30043201,1,abdominal pain,7,55,119,78,20,99,36.3
30043202,2,headache,9,82,110,72,14,91,36.5
30043203,3,shortness of breath,3,97,117,92,22,100,37.2
30043204,4,fall,4,80,121,50,21,100,37.4
30043205,2,knee pain,8,95,139,77,13,99,37.4
30043206,3,headache,1,107,128,84,16,100,37.5
30043207,2,knee pain,10,93,141,80,20,100,36.0
30043208,4,fever,7,92,114,90,18,100,37.4
30043209,3,fall,0,79,132,105,13,98,37.6
30043210,3,abdominal pain,6,91,123,77,22,99,36.0
30043211,3,laceration,6,77,101,83,16,100,38.2
30043212,3,back pain,4,78,121,79,23,99,35.8
30043213,3,headache,1,90,80,72,19,98,35.8
30043214,3,shortness of breath,6,83,128,68,21,96,36.8
30043215,3,shortness of breath,5,86,137,93,12,99,37.0
30043216,2,shortness of breath,8,79,96,81,19,94,37.2
30043217,3,knee pain,7,73,89,105,8,99,37.7
30043218,3,fever,6,102,106,66,16,98,38.7
30043219,2,laceration,6,53,104,67,18,100,37.8
30043220,3,shortness of breath,2,71,98,60,20,99,36.0
30043221,2,fall,9,106,131,71,14,96,38.2
30043222,3,fall,7,91,101,79,18,95,38.0
30043223,2,laceration,9,81,97,63,8,100,37.2
30043224,3,shortness of breath,2,76,110,88,18,99,38.4
30043225,3,abdominal pain,5,94,155,63,19,94,36.1
30043226,2,knee pain,9,93,169,74,13,96,36.2
30043227,4,anxiety,3,86,118,72,24,100,37.1
30043228,2,chest pain,9,104,108,69,20,94,37.3
30043229,3,chest pain,1,82,105,56,16,99,36.9
30043230,3,fall,4,123,90,94,9,94,37.3
30043231,2,shortness of breath,6,62,132,81,20,97,38.0
30043232,3,back pain,2,68,121,85,23,98,37.1
30043233,3,chest pain,5,98,141,91,17,96,36.9
30043234,5,back pain,2,52,118,74,17,100,37.3
30043235,2,headache,8,81,91,67,16,96,36.9
30043236,3,abdominal pain,6,63,98,79,13,96,36.2
30043237,3,laceration,5,62,132,73,17,100,36.9
30043238,3,shortness of breath,6,80,140,77,18,98,35.8
30043239,4,back pain,5,75,106,65,17,97,37.8
30043240,3,chest pain,3,84,104,72,19,100,37.4
30043241,4,shortness of breath,4,96,143,72,13,93,36.1
30043242,4,chest pain,0,88,176,63,16,98,36.7
30043243,2,fall,6,112,161,76,22,94,36.5
30043244,3,anxiety,3,113,170,110,19,100,37.6
30043245,2,knee pain,8,71,146,100,15,92,38.0
30043246,3,knee pain,6,76,101,90,7,95,35.9
30043247,3,abdominal pain,5,97,139,89,18,99,37.6
30043248,3,laceration,6,90,136,60,15,90,36.6
30043249,3,headache,1,91,137,72,15,100,36.1
30043250,3,chest pain,2,79,141,111,10,96,37.1
30043251,4,fall,2,89,151,62,20,99,36.6
30043252,3,laceration,6,109,108,100,14,95,38.0
30043253,3,back pain,0,105,147,81,22,94,37.3
30043254,3,headache,4,99,112,96,15,99,36.7
30043255,3,fever,3,101,100,93,20,97,35.9
30043256,4,abdominal pain,0,99,103,96,21,100,37.0
30043257,3,abdominal pain,2,65,107,89,12,96,37.4
30043258,3,fall,0,75,132,75,23,95,37.6
30043259,2,fall,8,69,122,65,15,98,36.1
30043260,5,knee pain,4,71,106,70,18,100,36.6
30043261,4,abdominal pain,0,96,138,26,24,97,37.2
30043262,4,laceration,7,77,132,62,21,100,37.4
30043263,3,fever,3,100,144,69,15,96,36.9
30043264,4,headache,1,98,97,53,19,97,36.6
30043265,3,back pain,3,88,109,67,26,98,39.0
30043266,2,knee pain,9,93,110,73,11,94,37.7
30043267,1,fall,8,79,127,79,17,100,36.3
30043268,3,headache,6,94,142,98,21,96,37.1
30043269,3,chest pain,0,94,90,91,19,95,36.6
30043270,2,abdominal pain,6,68,137,114,17,100,36.4
30043271,3,knee pain,5,105,117,76,24,98,37.0
30043272,3,anxiety,2,71,121,102,22,98,38.5
30043273,5,knee pain,1,79,154,81,16,95,37.9
30043274,4,knee pain,0,82,150,50,16,96,38.8
30043275,3,fever,4,68,133,89,13,99,35.3
30043276,3,laceration,6,95,133,78,13,96,38.3
30043277,3,shortness of breath,7,79,158,50,23,96,36.6
30043278,3,laceration,6,103,144,74,18,100,36.7
30043279,3,back pain,6,91,149,77,22,95,35.7
30043280,4,back pain,3,104,97,79,23,98,37.9
30043281,4,abdominal pain,5,69,111,80,18,95,36.1
30043282,3,anxiety,4,88,145,72,23,94,37.4
30043283,3,back pain,1,76,144,82,16,100,37.6
30043284,3,fever,4,87,110,76,15,97,38.6
30043285,3,back pain,7,93,146,73,9,96,37.1
30043286,3,fall,1,69,163,80,14,88,37.2
30043287,2,laceration,6,72,92,78,20,96,35.9
30043288,5,shortness of breath,2,88,120,75,17,100,37.0
30043289,4,fever,2,110,105,96,19,97,36.8
30043290,3,anxiety,3,74,138,81,20,100,36.1
30043291,1,knee pain,10,84,92,86,15,99,37.6
30043292,3,back pain,1,74,101,96,15,96,35.4
30043293,3,headache,4,70,121,61,22,99,37.0
30043294,2,anxiety,8,52,112,59,17,98,37.4
30043295,5,anxiety,7,76,122,89,13,100,37.2
30043296,3,anxiety,0,79,76,88,25,98,37.5
30043297,2,abdominal pain,8,91,107,78,14,100,38.5
30043298,5,laceration,2,82,120,95,18,100,36.0
30043299,4,fever,0,91,123,65,20,95,37.4
30043300,2,back pain,8,82,116,73,5,97,37.0
30043301,2,laceration,6,55,99,101,18,99,35.7
30043302,5,shortness of breath,0,97,110,71,19,98,36.9
30043303,4,fever,3,69,145,83,14,93,36.5
30043304,2,fever,7,75,134,79,14,94,37.3
30043305,3,laceration,1,85,115,74,21,98,36.2
30043306,3,fever,3,101,141,96,13,97,36.7
30043307,3,anxiety,1,86,107,67,20,98,37.6
30043308,3,fall,6,79,112,88,21,99,36.3
30043309,4,back pain,2,95,125,64,15,96,37.8
30043310,4,fever,3,87,106,78,23,100,36.6
30043311,4,fall,0,106,126,99,26,94,37.7
30043312,3,back pain,6,89,150,77,18,98,36.1
30043313,3,laceration,5,68,114,68,15,97,36.6
30043314,5,shortness of breath,2,80,132,98,22,100,37.2
30043315,3,fever,4,89,94,70,20,96,37.5
30043316,3,headache,7,94,164,74,18,94,37.9
30043317,2,headache,9,127,106,99,17,94,37.4
30043318,5,laceration,0,76,124,105,14,97,36.2
30043319,2,headache,6,106,161,67,8,94,36.4
30043320,3,laceration,1,96,104,79,27,89,37.2
30043321,5,fall,2,100,160,57,15,98,38.0
30043322,3,fever,3,91,147,83,15,100,36.4
30043323,2,laceration,6,93,133,77,28,95,37.9
30043324,3,chest pain,3,83,108,88,5,96,37.0
30043325,2,back pain,10,62,129,102,8,98,37.5
30043326,2,laceration,7,105,101,97,16,100,37.5
30043327,3,fall,5,93,99,84,15,100,36.7
30043328,3,chest pain,4,86,123,75,15,95,37.2
30043329,3,back pain,0,76,133,79,23,93,36.0
30043330,3,headache,4,109,136,109,20,98,36.1
30043331,3,chest pain,0,87,93,57,20,93,36.3
30043332,3,headache,1,94,150,60,24,100,36.8
30043333,3,chest pain,4,79,149,64,21,100,37.0
30043334,1,shortness of breath,9,80,131,90,17,100,34.5
30043335,2,chest pain,9,97,136,77,16,98,37.9
30043336,3,knee pain,4,96,120,55,25,94,36.7
30043337,3,headache,5,87,102,67,15,94,36.7
30043338,4,abdominal pain,2,58,158,87,19,100,37.0
30043339,3,abdominal pain,6,110,129,57,15,100,37.5
30043340,3,shortness of breath,7,68,109,62,17,99,36.4
30043341,4,fever,4,82,107,80,13,96,36.8
30043342,4,chest pain,2,80,121,83,21,95,36.8
30043343,5,chest pain,4,97,116,79,15,98,36.5
30043344,3,anxiety,2,85,144,72,17,100,37.7
30043345,3,knee pain,7,71,135,72,17,100,36.0
30043346,3,back pain,1,85,109,89,13,90,36.9
30043347,3,knee pain,5,100,126,80,19,99,38.5
30043348,3,shortness of breath,1,88,143,67,16,91,37.2
30043349,2,knee pain,9,88,115,78,16,95,35.5
30043350,3,laceration,3,89,165,66,12,95,36.6
30043351,4,back pain,2,89,133,91,15,98,37.3
30043352,3,laceration,3,74,100,86,23,97,38.2
30043353,3,headache,5,105,141,72,23,100,37.5
30043354,3,fall,3,78,84,87,13,99,38.0
30043355,3,abdominal pain,3,109,121,67,16,92,38.1
30043356,3,fall,6,99,130,70,13,96,36.8
30043357,2,shortness of breath,7,90,144,57,14,92,37.8
30043358,3,abdominal pain,6,89,120,75,18,91,37.5
30043359,3,abdominal pain,3,71,123,71,17,100,36.7
30043360,3,knee pain,5,85,108,76,16,93,36.4
30043361,3,fever,5,62,106,93,20,100,36.9
30043362,5,laceration,1,96,116,98,16,95,38.1
30043363,3,shortness of breath,7,88,140,91,14,98,36.9
30043364,3,laceration,5,79,116,87,21,91,38.6
30043365,4,shortness of breath,2,101,93,69,10,98,36.9
30043366,3,back pain,2,106,130,84,20,98,37.5
30043367,4,anxiety,5,84,117,42,20,91,38.2
30043368,4,knee pain,4,83,132,112,18,97,35.9
30043369,5,chest pain,4,73,99,66,24,99,37.7
30043370,2,fall,6,92,130,97,18,92,35.5
30043371,2,anxiety,7,93,121,97,17,95,36.9
30043372,2,shortness of breath,10,67,123,33,19,100,37.3
30043373,3,anxiety,1,84,129,100,22,96,36.7
30043374,3,abdominal pain,5,99,111,96,24,100,36.0
30043375,3,knee pain,3,118,140,84,15,93,38.4
30043376,4,headache,3,95,143,92,14,98,36.4
30043377,3,fever,4,80,139,67,15,100,37.4
30043378,2,chest pain,9,75,134,86,19,99,37.2
30043379,5,fever,3,96,114,96,18,97,37.7
30043380,2,fever,10,81,116,101,10,97,38.0
30043381,4,knee pain,6,90,105,66,21,95,35.7
30043382,3,headache,7,87,135,72,20,100,37.0
30043383,3,chest pain,4,82,139,72,19,96,36.2
30043384,1,chest pain,6,80,139,90,22,97,37.0
30043385,4,fever,3,98,146,55,18,100,38.2
30043386,3,shortness of breath,2,60,155,103,19,95,36.8
30043387,3,abdominal pain,6,75,133,92,18,100,36.8
30043388,4,laceration,0,96,119,120,17,99,38.0
30043389,4,fall,6,84,143,72,18,98,36.4
30043390,4,shortness of breath,5,94,150,78,14,98,36.8
30043391,3,fall,1,90,117,67,8,100,38.0
30043392,5,laceration,3,46,93,102,16,100,37.3
30043393,3,back pain,0,100,138,85,21,94,36.6
30043394,1,fever,8,89,117,105,12,100,37.3
30043395,4,fever,1,87,132,73,23,90,36.5
30043396,3,back pain,5,93,146,94,24,98,37.9
30043397,2,laceration,7,104,103,98,14,94,37.2
30043398,4,headache,1,63,115,78,16,98,36.4
30043399,3,fever,0,80,102,84,24,94,37.8
30043400,4,fever,4,78,147,97,25,100,37.3
30043401,4,anxiety,2,81,86,73,20,100,35.7
30043402,1,back pain,6,105,132,92,17,92,37.9
30043403,3,anxiety,2,86,128,93,16,100,36.6
30043404,3,abdominal pain,4,99,112,81,15,93,36.8
30043405,1,fever,10,88,114,67,17,98,36.9
30043406,3,headache,5,83,126,86,18,96,38.0
30043407,2,abdominal pain,10,52,102,89,19,100,36.9
30043408,4,anxiety,5,74,116,93,24,100,37.4
30043409,3,knee pain,5,68,142,81,14,96,37.8
30043410,3,fever,3,82,117,96,27,97,38.3
30043411,4,chest pain,3,101,141,116,19,98,38.0
30043412,3,fall,7,82,113,78,16,97,37.2
30043413,2,chest pain,10,61,93,71,18,99,35.8
30043414,4,fall,7,67,145,44,15,96,37.4
30043415,4,knee pain,7,77,123,59,22,97,36.9
30043416,3,abdominal pain,1,110,139,61,17,97,36.3
30043417,3,knee pain,1,64,150,90,18,91,37.2
30043418,2,anxiety,10,95,147,90,20,96,36.5
30043419,4,fall,1,98,106,68,21,94,37.9
30043420,2,anxiety,8,97,177,71,17,96,37.2
30043421,3,chest pain,5,79,103,82,11,99,37.3
30043422,3,shortness of breath,7,83,156,91,13,97,37.4
30043423,4,chest pain,4,93,126,91,13,93,36.8
30043424,3,back pain,4,83,116,71,21,100,35.8
30043425,3,knee pain,0,104,114,75,24,99,36.7
30043426,3,shortness of breath,3,92,132,95,15,95,37.5
30043427,3,chest pain,0,110,106,91,15,98,37.1
30043428,2,chest pain,9,95,120,83,22,97,36.7
30043429,2,laceration,8,77,143,63,20,99,35.5
30043430,3,back pain,5,68,106,61,16,97,35.9
30043431,2,knee pain,10,83,120,79,16,92,36.8
30043432,2,abdominal pain,6,100,125,93,25,95,36.4
30043433,2,back pain,7,99,94,89,17,93,35.8
30043434,3,fall,6,67,111,94,15,97,37.9
30043435,4,anxiety,3,76,122,82,18,98,35.6
30043436,4,abdominal pain,4,98,108,67,15,98,36.6
30043437,3,knee pain,2,57,158,70,12,100,37.2
30043438,2,laceration,6,88,98,61,16,96,37.5
30043439,3,anxiety,0,71,75,81,17,98,36.6
30043440,3,back pain,3,69,110,68,12,100,36.1
30043441,4,back pain,2,101,123,78,18,94,37.8
30043442,3,chest pain,6,87,103,90,23,97,36.5
30043443,3,fever,0,96,90,73,21,97,37.3
30043444,2,shortness of breath,10,82,114,83,14,96,35.9
30043445,3,chest pain,4,73,189,69,25,93,38.5
30043446,5,shortness of breath,0,99,128,97,21,95,36.4
30043447,3,anxiety,5,71,129,118,26,100,36.9
30043448,2,back pain,8,93,87,94,24,100,36.3
30043449,2,anxiety,6,79,136,75,22,100,38.7
30043450,3,chest pain,2,88,157,51,18,94,37.3
30043451,3,chest pain,3,97,116,97,15,100,38.3
30043452,3,headache,6,82,107,78,22,100,36.7
30043453,5,laceration,6,99,125,92,19,98,37.2
30043454,3,chest pain,1,93,142,81,16,94,36.9
30043455,5,abdominal pain,2,88,114,100,20,100,36.9
30043456,4,abdominal pain,2,95,130,77,20,100,37.9
30043457,3,anxiety,4,111,155,71,23,97,37.3
30043458,3,headache,3,97,128,44,16,100,37.4
30043459,3,knee pain,3,83,97,72,17,95,36.1
30043460,3,fall,5,50,158,96,16,90,35.7
30043461,3,knee pain,7,72,100,78,20,97,36.8
30043462,3,knee pain,1,76,118,99,19,96,36.7
30043463,3,fever,2,88,113,83,26,96,36.8
30043464,3,fall,6,57,113,50,20,95,35.5
30043465,2,fall,9,71,150,54,20,100,37.1
30043466,4,fever,6,79,113,38,13,97,37.0
30043467,5,fall,6,111,123,73,16,96,37.5
30043468,4,anxiety,1,54,145,73,21,94,38.0
30043469,3,knee pain,5,100,104,87,19,94,37.2
30043470,3,headache,2,100,130,103,15,96,35.2
30043471,2,abdominal pain,6,70,124,72,12,94,35.4
30043472,3,back pain,1,67,118,86,11,88,36.8
30043473,3,laceration,5,73,101,81,19,100,36.9
30043474,3,knee pain,7,90,123,62,20,100,35.5
30043475,3,shortness of breath,0,77,99,78,17,94,37.3
30043476,3,fall,6,78,137,58,17,96,38.3
30043477,3,shortness of breath,0,92,103,75,20,99,37.7
30043478,4,headache,7,88,143,89,21,96,36.7
30043479,3,fever,1,78,91,91,21,94,37.5
30043480,1,shortness of breath,7,85,144,91,20,97,37.3
30043481,2,back pain,6,71,120,88,22,95,37.9
30043482,3,knee pain,2,74,120,87,23,95,36.7
30043483,4,abdominal pain,1,88,112,90,8,100,38.0
30043484,3,fall,6,82,162,94,21,97,37.4
30043485,3,fall,3,99,119,69,18,98,38.9
30043486,3,back pain,4,64,114,65,19,99,37.6
30043487,3,shortness of breath,5,86,87,88,17,97,37.0
30043488,5,shortness of breath,6,88,135,75,27,100,36.7
30043489,3,anxiety,3,99,136,54,19,96,37.3
30043490,4,fall,5,83,130,41,14,97,37.0
30043491,3,fall,0,67,121,86,15,96,36.0
30043492,3,headache,0,74,116,85,18,96,37.1
30043493,2,headache,7,68,140,79,17,99,37.6
30043494,3,fever,2,116,121,75,16,98,36.4
30043495,3,fever,4,96,100,65,16,98,37.5
30043496,3,fever,2,84,138,96,24,98,36.5
30043497,4,fever,0,76,128,77,12,98,36.9
30043498,2,headache,8,67,77,97,23,93,35.8
30043499,4,abdominal pain,0,78,153,84,19,99,38.8
30043500,4,abdominal pain,1,112,140,76,12,97,37.8
30043501,3,shortness of breath,5,71,113,60,13,94,37.5
30043502,3,fever,6,95,135,83,20,99,36.5
30043503,1,knee pain,9,72,158,76,17,99,36.1
30043504,4,knee pain,4,85,149,94,12,99,37.9
30043505,5,shortness of breath,7,63,117,64,21,99,36.3
30043506,3,shortness of breath,2,70,109,74,18,100,37.1
30043507,3,shortness of breath,0,67,115,81,22,98,36.3
30043508,2,back pain,6,74,160,87,19,98,37.2
30043509,3,fever,0,101,117,94,17,100,37.6
30043510,1,shortness of breath,8,55,124,88,18,100,36.4
30043511,4,shortness of breath,1,89,82,41,16,96,36.8
30043512,3,knee pain,0,105,112,80,20,100,37.3
30043513,3,back pain,0,84,121,79,21,97,36.2
30043514,2,chest pain,7,51,114,77,15,97,38.1
30043515,4,laceration,2,85,119,72,18,96,37.5
30043516,4,back pain,1,88,141,71,19,95,35.7
30043517,3,laceration,3,91,123,89,20,96,37.3
30043518,3,knee pain,2,80,94,97,21,97,36.0
30043519,3,fall,0,84,134,87,18,97,37.3
30043520,4,fall,5,108,131,88,18,100,37.8
30043521,3,fall,0,75,153,111,15,95,36.9
30043522,3,laceration,5,114,136,71,23,97,35.2
30043523,3,shortness of breath,4,77,143,77,24,96,37.7
30043524,3,laceration,7,83,165,93,16,100,35.9
30043525,1,laceration,6,64,107,68,16,97,38.0
30043526,2,back pain,9,91,98,90,10,96,37.1
30043527,3,shortness of breath,5,106,128,77,27,100,38.2
30043528,3,chest pain,1,84,107,95,11,100,38.1
30043529,4,laceration,6,86,116,90,13,100,38.5
30043530,2,chest pain,7,94,172,75,21,96,36.3
30043531,3,back pain,0,84,153,67,16,97,37.4
30043532,3,anxiety,3,90,131,84,22,94,35.8
30043533,3,fever,7,75,128,84,18,100,36.9
30043534,1,fever,6,86,131,72,20,99,38.6
30043535,4,fever,4,85,156,44,17,95,36.9
30043536,3,fever,2,84,131,65,30,97,37.7
30043537,4,laceration,5,91,192,105,24,89,35.6
30043538,3,laceration,6,94,83,74,8,89,38.0
30043539,3,anxiety,6,79,132,96,21,99,37.6
30043540,3,fever,7,93,124,65,20,100,37.1
30043541,4,anxiety,3,79,153,80,22,95,36.5
30043542,3,anxiety,7,83,107,67,6,100,38.6
30043543,3,back pain,3,96,166,78,23,97,37.4
30043544,4,shortness of breath,3,71,139,80,20,100,36.9
30043545,3,fever,3,75,120,91,11,97,36.4
30043546,3,shortness of breath,3,84,92,87,20,96,37.0
30043547,3,anxiety,4,111,124,64,19,93,36.7
30043548,2,fall,8,89,97,63,23,97,37.8
30043549,3,chest pain,7,71,80,74,15,96,36.6
30043550,3,abdominal pain,1,74,150,69,16,96,37.3
30043551,3,anxiety,5,84,105,79,21,98,36.9
30043552,3,chest pain,7,76,139,44,15,91,36.5
30043553,4,fever,7,97,152,67,16,99,35.9
30043554,2,fall,9,58,121,78,20,95,36.9
30043555,5,abdominal pain,4,93,126,103,10,95,37.6
30043556,2,abdominal pain,7,83,146,97,11,98,36.6
30043557,2,chest pain,7,85,102,77,20,94,37.3
30043558,3,fall,0,89,134,88,16,99,37.2
30043559,5,fever,6,87,100,93,14,96,35.5
30043560,3,laceration,3,91,112,73,9,93,36.4
30043561,3,abdominal pain,7,90,146,69,20,97,38.2
30043562,3,shortness of breath,6,79,133,86,15,92,35.9
30043563,5,chest pain,3,77,151,81,16,94,37.6
30043564,4,headache,7,86,119,103,18,96,36.8
30043565,2,fall,9,89,118,90,20,98,37.2
30043566,3,laceration,1,84,144,97,21,98,36.9
30043567,5,shortness of breath,3,60,138,93,16,97,39.0
30043568,3,back pain,1,113,113,69,11,100,35.4
30043569,4,abdominal pain,2,88,128,103,18,100,37.3
30043570,2,back pain,6,85,135,85,16,100,37.3
30043571,1,knee pain,8,90,138,75,19,94,36.4
30043572,3,shortness of breath,2,97,121,74,17,97,36.6
30043573,4,anxiety,5,76,140,93,19,95,37.7
30043574,3,chest pain,3,103,116,95,10,96,35.6
30043575,2,knee pain,9,82,110,93,19,97,37.0
30043576,3,shortness of breath,1,92,127,73,15,96,37.6
30043577,3,headache,5,66,128,81,17,99,37.4
30043578,5,anxiety,4,96,130,66,10,100,36.4
30043579,3,headache,4,97,101,77,15,98,36.1
30043580,4,back pain,1,103,102,69,20,95,36.6
30043581,5,shortness of breath,7,84,96,91,17,98,37.1
30043582,4,abdominal pain,7,92,158,78,20,99,36.8
30043583,3,anxiety,1,74,137,68,23,91,36.9
30043584,3,laceration,3,46,139,103,18,98,37.5
30043585,3,laceration,7,75,150,94,16,100,37.3
30043586,1,fever,7,90,100,78,15,98,37.4
30043587,3,abdominal pain,4,103,154,85,18,100,36.7
30043588,3,fall,1,95,128,92,22,97,36.8
30043589,2,laceration,8,122,101,60,14,98,38.2
30043590,4,chest pain,4,57,99,90,18,100,36.7
30043591,3,fall,6,107,131,68,24,95,35.6
30043592,3,headache,7,86,134,88,20,98,37.5
30043593,5,headache,2,95,126,84,9,99,34.7
30043594,3,shortness of breath,1,92,133,105,15,92,37.9
30043595,3,anxiety,4,87,82,64,9,93,37.2
30043596,4,chest pain,2,83,129,76,20,100,38.1
30043597,3,chest pain,5,92,121,73,15,97,36.3
30043598,1,fever,6,98,81,79,19,100,37.1
30043599,4,abdominal pain,1,104,119,66,17,96,36.5
30043600,4,shortness of breath,7,95,115,68,20,98,37.1
30043601,4,fever,0,89,114,82,16,98,36.5
30043602,4,fever,1,79,140,89,16,98,36.8
30043603,2,laceration,9,97,143,61,22,99,36.3
30043604,3,knee pain,2,66,128,71,20,94,36.9
30043605,3,abdominal pain,6,93,96,64,19,95,37.5
30043606,1,fall,6,100,109,91,19,98,37.1
30043607,3,anxiety,1,78,175,79,16,100,37.8
30043608,3,abdominal pain,2,77,110,95,22,92,37.2
30043609,3,abdominal pain,3,98,138,61,17,100,37.4
30043610,4,fever,5,69,120,83,22,94,36.4
30043611,3,fall,2,105,110,74,23,94,37.8
30043612,3,anxiety,5,94,134,71,18,99,36.3
30043613,3,fever,6,87,128,80,16,95,35.3
30043614,3,anxiety,0,93,120,67,14,97,37.4
30043615,3,back pain,6,93,141,51,17,98,37.6
30043616,4,chest pain,3,58,116,65,15,98,36.2
30043617,3,laceration,5,73,127,80,16,100,37.4
30043618,3,fall,7,75,139,87,20,100,37.1
30043619,3,laceration,7,70,137,85,18,95,36.9
30043620,2,headache,9,114,133,51,0,99,35.3
30043621,4,shortness of breath,6,74,131,90,18,95,37.2
30043622,4,fever,5,80,129,66,21,98,36.5
30043623,3,headache,7,88,139,102,21,100,39.4
30043624,3,back pain,0,87,143,69,17,100,36.8
30043625,4,laceration,3,99,137,89,13,100,37.5
30043626,3,headache,2,89,123,68,19,93,37.2
30043627,2,headache,7,69,137,92,20,97,36.6
30043628,3,laceration,4,85,131,76,23,95,35.8
30043629,4,headache,0,79,136,91,24,98,36.8
30043630,1,fever,9,89,88,90,15,100,36.1
30043631,2,laceration,10,65,106,84,18,94,36.7
30043632,3,knee pain,5,97,95,95,18,100,35.6
30043633,3,headache,3,87,150,69,22,97,37.4
30043634,3,anxiety,0,118,104,65,22,96,36.2
30043635,3,headache,7,83,105,69,18,96,38.1
30043636,3,fever,5,120,121,62,10,97,37.3
30043637,2,fall,10,67,154,97,26,97,37.2
30043638,3,chest pain,3,82,128,86,18,100,36.7
30043639,2,laceration,9,84,122,53,13,100,37.8
30043640,3,chest pain,5,112,111,71,23,94,35.8
30043641,1,shortness of breath,10,92,133,68,23,94,37.7
30043642,4,shortness of breath,4,62,104,71,18,97,35.9
30043643,5,laceration,0,113,101,101,15,97,36.9
30043644,3,knee pain,7,86,149,82,22,97,36.9
30043645,3,fever,6,49,118,101,22,98,37.1
30043646,3,knee pain,4,111,128,72,17,100,36.1
30043647,3,headache,0,87,124,100,13,100,35.3
30043648,3,fever,3,74,111,78,21,93,38.8
30043649,4,chest pain,6,55,127,73,19,93,36.9
30043650,3,chest pain,1,80,122,91,11,97,37.2
30043651,3,fall,4,79,110,102,16,95,36.6
30043652,3,fever,5,71,158,88,21,96,36.3
30043653,5,chest pain,3,79,162,98,18,100,36.5
30043654,2,laceration,8,84,124,66,16,97,37.9
30043655,3,headache,3,88,142,74,22,97,37.4
30043656,3,fall,1,119,158,75,16,91,36.5
30043657,2,shortness of breath,7,113,100,79,16,100,36.7
30043658,4,fever,0,97,154,119,23,99,37.1
30043659,4,fall,2,94,142,71,18,99,37.0
30043660,5,fall,5,86,120,84,18,98,36.2
30043661,5,shortness of breath,3,78,128,71,27,97,37.5
30043662,1,headache,10,80,135,74,19,92,37.4
30043663,3,fever,6,59,124,87,21,94,35.9
30043664,3,abdominal pain,4,75,146,68,17,95,37.5
30043665,5,headache,2,99,149,69,22,90,36.9
30043666,3,knee pain,3,112,130,62,21,98,37.2
30043667,1,laceration,10,76,180,93,23,91,38.1
30043668,3,shortness of breath,7,88,135,63,19,96,36.1
30043669,3,laceration,4,110,155,85,21,97,38.2
30043670,4,headache,0,85,104,110,25,97,38.6
30043671,3,abdominal pain,3,80,174,87,16,94,37.4
30043672,3,knee pain,0,73,128,88,23,98,38.0
30043673,5,shortness of breath,0,81,128,65,13,97,36.3
30043674,4,knee pain,4,52,103,72,18,92,35.6
30043675,4,knee pain,0,66,151,100,17,100,36.1
30043676,3,fever,3,93,127,90,17,94,36.0
30043677,2,anxiety,10,88,137,62,22,96,36.0
30043678,3,back pain,6,76,158,70,16,98,36.3
30043679,2,back pain,9,96,126,89,13,96,36.8
30043680,2,laceration,7,85,141,57,18,100,36.6
30043681,2,shortness of breath,9,94,132,99,17,97,36.4
30043682,3,fall,6,85,145,103,24,94,38.6
30043683,3,anxiety,3,85,136,95,20,95,37.0
30043684,3,abdominal pain,1,85,109,54,16,100,38.1
30043685,3,shortness of breath,4,76,126,98,19,94,36.6
30043686,5,headache,4,79,101,108,15,100,38.1
30043687,2,fall,6,74,124,64,23,100,36.6
30043688,3,fall,3,88,101,91,21,99,37.8
30043689,3,laceration,6,95,149,88,21,98,37.9
30043690,5,back pain,5,116,135,82,18,100,36.1
30043691,3,back pain,3,80,131,91,16,100,37.0
30043692,3,fall,7,75,100,79,18,95,36.9
30043693,3,abdominal pain,4,90,109,61,19,94,37.6
30043694,5,headache,1,76,135,82,14,96,37.2
30043695,3,abdominal pain,5,106,99,84,19,93,36.5
30043696,2,chest pain,6,83,97,41,28,99,36.8
30043697,3,shortness of breath,1,86,135,72,20,96,37.4
30043698,3,chest pain,3,88,143,95,19,93,37.2
30043699,4,abdominal pain,7,101,109,81,18,100,37.6
30043700,2,laceration,6,111,130,93,16,97,36.2
30043701,3,chest pain,3,90,139,80,14,95,37.1
30043702,2,back pain,8,64,137,94,7,92,36.6
30043703,2,fever,10,83,117,92,11,92,37.5
30043704,4,anxiety,7,76,125,75,18,94,36.1
30043705,4,back pain,3,79,119,44,9,100,36.4
30043706,3,shortness of breath,0,76,96,105,16,100,37.1
30043707,2,laceration,9,85,117,92,13,96,36.8
30043708,3,laceration,4,72,114,90,10,96,36.8
30043709,3,anxiety,6,107,148,78,12,95,36.0
30043710,2,laceration,6,65,150,87,25,97,36.6
30043711,3,back pain,6,98,123,51,18,94,35.9
30043712,4,anxiety,5,85,125,81,20,98,35.5
30043713,3,abdominal pain,4,88,114,52,20,93,36.3
30043714,3,anxiety,0,86,141,72,18,100,37.1
30043715,3,back pain,2,77,146,66,22,95,38.8
30043716,3,chest pain,6,80,140,80,18,95,36.5
30043717,4,anxiety,1,64,104,69,15,92,36.8
30043718,2,anxiety,10,78,102,70,17,100,38.0
30043719,2,back pain,9,84,132,78,20,96,36.3
30043720,3,chest pain,4,90,93,101,13,99,37.5
30043721,5,headache,2,94,113,76,23,92,37.0
30043722,2,knee pain,10,88,117,101,25,93,36.9
30043723,3,anxiety,3,72,164,80,22,97,37.4
30043724,2,abdominal pain,7,84,113,90,19,97,37.5
30043725,4,anxiety,2,99,128,84,23,97,38.3
30043726,3,fever,0,73,105,105,19,100,36.6
30043727,5,knee pain,5,90,111,105,22,96,36.0
30043728,4,chest pain,6,96,125,59,31,90,37.8
30043729,3,shortness of breath,1,84,98,90,17,99,38.5
30043730,5,anxiety,6,83,160,79,22,92,36.1
30043731,4,back pain,0,84,129,93,13,99,36.5
30043732,4,shortness of breath,0,87,122,97,18,96,37.2
30043733,4,laceration,1,108,119,64,15,91,37.6
30043734,3,chest pain,3,85,164,81,14,100,35.8
30043735,4,headache,4,83,139,74,22,100,38.2
30043736,3,shortness of breath,0,84,114,61,12,98,37.8
30043737,2,anxiety,7,73,151,89,21,93,37.2
30043738,5,headache,4,79,124,98,18,100,36.6
30043739,4,chest pain,5,94,118,96,22,98,36.5
30043740,3,knee pain,7,78,120,70,18,100,36.3
30043741,3,knee pain,5,54,118,90,24,93,37.4
30043742,3,knee pain,3,87,118,81,17,100,38.5
30043743,2,headache,10,88,83,78,21,95,37.4
30043744,2,fever,9,86,85,124,14,92,38.8
30043745,3,abdominal pain,4,88,105,97,19,95,37.8
30043746,3,abdominal pain,6,101,127,46,13,91,37.5
30043747,2,laceration,6,80,134,70,24,100,37.6
30043748,5,anxiety,3,81,76,59,16,95,37.1
30043749,2,abdominal pain,6,86,155,85,25,96,36.7
30043750,3,abdominal pain,3,61,113,69,14,96,37.8
30043751,3,headache,4,85,150,87,18,95,37.0
30043752,3,abdominal pain,1,94,141,75,18,100,37.6
30043753,4,chest pain,0,71,153,74,24,95,36.6
30043754,1,fall,10,63,124,55,15,95,36.3
30043755,2,abdominal pain,9,92,119,75,11,98,36.9
30043756,3,chest pain,7,95,125,68,10,97,37.0
30043757,3,anxiety,0,79,117,72,18,96,36.7
30043758,2,abdominal pain,6,92,141,98,17,95,37.3
30043759,3,back pain,2,100,122,89,15,98,37.2
30043760,4,back pain,1,73,96,82,22,98,37.3
30043761,1,shortness of breath,9,59,67,81,26,97,37.2
30043762,2,anxiety,10,79,150,77,18,100,37.4
30043763,2,laceration,10,76,137,95,23,100,37.1
30043764,2,fever,8,84,115,84,19,98,36.9
30043765,3,chest pain,6,75,130,92,14,100,36.7
30043766,3,knee pain,1,92,121,85,21,100,36.1
30043767,3,shortness of breath,6,87,112,51,9,98,36.9
30043768,4,fall,1,88,169,96,17,99,37.2
30043769,4,chest pain,4,105,101,112,17,95,36.7
30043770,3,abdominal pain,5,116,72,100,7,98,37.8
30043771,3,knee pain,4,72,97,99,21,94,36.3
30043772,4,abdominal pain,3,88,102,71,15,96,37.5
30043773,2,abdominal pain,10,79,95,75,20,100,37.4
30043774,3,fever,6,108,146,87,17,98,36.6
30043775,5,back pain,5,79,94,92,16,95,37.6
30043776,4,fever,4,90,141,101,21,97,36.8
30043777,5,fall,5,103,122,104,18,99,37.6
30043778,3,headache,3,78,112,73,16,97,37.6
30043779,1,fall,7,78,132,93,19,98,36.7
30043780,2,laceration,8,99,134,76,14,97,37.4
30043781,3,fever,4,83,94,67,20,99,37.0
30043782,4,fever,1,92,131,92,18,97,36.0
30043783,4,chest pain,0,49,142,82,25,99,36.8
30043784,3,knee pain,7,106,116,71,23,100,37.0
30043785,4,abdominal pain,6,111,121,95,20,99,37.3
30043786,4,knee pain,4,66,138,57,21,96,35.9
30043787,2,anxiety,10,89,105,84,17,96,36.5
30043788,3,abdominal pain,0,52,120,61,14,100,35.7
30043789,3,fall,3,76,119,52,10,96,37.7
30043790,3,laceration,7,68,67,73,19,98,37.8
30043791,3,headache,7,97,120,108,22,98,36.6
30043792,1,anxiety,6,71,130,84,14,91,37.4
30043793,3,knee pain,1,62,144,70,16,93,37.7
30043794,4,headache,1,78,74,96,23,100,37.4
30043795,4,knee pain,3,86,155,47,20,93,37.3
30043796,4,anxiety,2,78,138,86,14,98,38.7
30043797,4,fever,5,110,137,75,10,95,37.4
30043798,3,chest pain,3,66,139,65,18,98,38.4
30043799,4,abdominal pain,7,61,83,78,14,99,38.3
30043800,3,fever,4,103,146,44,11,99,35.9
30043801,3,knee pain,4,84,115,63,19,97,37.7
30043802,4,laceration,0,71,122,94,19,98,36.1
30043803,5,fall,1,83,152,71,11,98,37.4
30043804,3,chest pain,5,79,108,79,23,100,37.7
30043805,4,laceration,7,75,142,70,23,100,37.4
30043806,2,fever,6,112,129,76,17,92,36.9
30043807,4,fever,4,84,124,78,14,97,37.5
30043808,3,abdominal pain,5,74,127,77,11,100,37.7
30043809,4,laceration,3,95,134,69,17,98,37.6
30043810,3,back pain,0,79,140,87,17,100,38.3
30043811,3,shortness of breath,0,70,153,85,24,100,36.9
30043812,4,back pain,4,71,90,58,17,100,37.4
30043813,3,laceration,6,113,118,81,9,100,36.2
30043814,3,laceration,5,76,133,73,10,92,36.5
30043815,4,fever,5,69,115,83,12,95,36.5
30043816,4,shortness of breath,7,102,129,98,21,100,37.1
30043817,3,fall,2,77,99,97,17,97,35.8
30043818,3,laceration,0,96,96,61,18,98,36.5
30043819,3,abdominal pain,4,98,119,72,14,94,36.7
30043820,3,fever,7,86,94,88,19,94,37.5
30043821,4,chest pain,1,93,146,97,21,100,36.3
30043822,5,anxiety,1,93,125,96,17,100,37.9
30043823,3,laceration,3,98,107,89,23,100,36.5
30043824,5,shortness of breath,7,85,133,103,24,100,37.7
30043825,2,shortness of breath,8,92,142,73,10,97,36.6
30043826,3,chest pain,7,87,123,98,18,99,36.7
30043827,2,abdominal pain,7,111,134,86,20,94,37.5
30043828,2,anxiety,10,81,82,91,16,96,37.4
30043829,5,back pain,7,109,135,107,23,93,37.8
30043830,1,back pain,10,92,103,85,22,97,36.7
30043831,1,laceration,6,74,127,84,13,100,37.9
30043832,4,headache,4,89,137,68,21,94,37.3
30043833,4,fever,0,79,130,69,20,100,37.0
30043834,3,shortness of breath,0,71,139,98,17,100,38.5
30043835,3,chest pain,2,78,132,55,17,97,37.6
30043836,3,anxiety,2,82,123,71,16,99,37.8
30043837,3,laceration,7,81,114,62,18,98,36.8
30043838,4,shortness of breath,3,105,128,96,20,100,35.7
30043839,3,laceration,6,62,135,41,24,100,38.3
30043840,3,anxiety,7,102,150,97,12,100,38.0
30043841,3,fever,2,86,117,68,14,98,37.2
30043842,3,fall,4,92,95,93,20,98,37.4
30043843,3,shortness of breath,7,74,94,85,13,95,38.3
30043844,4,fever,2,96,130,86,12,97,37.0
30043845,3,knee pain,3,97,132,78,19,95,37.4
30043846,3,shortness of breath,0,93,93,97,15,100,36.4
30043847,4,shortness of breath,1,76,128,86,14,92,37.3
30043848,3,anxiety,5,87,119,71,17,98,36.8
30043849,2,laceration,9,95,106,57,14,98,35.4
30043850,4,shortness of breath,4,97,160,98,16,97,36.7
30043851,2,chest pain,9,85,116,70,17,94,35.9
30043852,4,chest pain,3,76,124,80,9,94,35.8
30043853,2,headache,6,80,104,85,17,95,36.5
30043854,4,chest pain,6,86,176,79,21,93,35.3
30043855,4,fever,3,86,176,92,15,98,36.8
30043856,3,anxiety,1,98,127,88,12,98,36.5
30043857,3,headache,0,61,125,67,22,100,37.4
30043858,2,back pain,8,97,126,75,21,94,36.9
30043859,1,headache,8,85,82,90,15,100,36.9
30043860,3,shortness of breath,6,89,121,63,23,93,37.5
30043861,4,back pain,6,110,146,83,21,99,36.0
30043862,4,shortness of breath,5,76,119,49,16,98,37.0
30043863,3,abdominal pain,2,85,124,65,18,96,37.1
30043864,2,headache,7,86,101,73,20,94,36.0
30043865,4,fever,6,67,131,89,22,94,36.6
30043866,1,chest pain,7,68,98,87,15,97,36.7
30043867,3,shortness of breath,2,84,116,84,19,99,37.3
30043868,2,knee pain,10,96,133,81,22,95,37.6
30043869,4,laceration,7,69,146,78,21,98,37.1
30043870,5,abdominal pain,2,64,167,74,13,95,36.8
30043871,3,headache,5,84,124,86,13,96,37.1
30043872,2,abdominal pain,10,73,133,69,24,97,36.1
30043873,3,fever,7,93,108,75,14,100,37.0
30043874,3,fever,0,93,99,70,17,89,38.1
30043875,3,fall,6,79,127,84,13,100,35.4
30043876,5,fall,0,102,121,95,14,93,37.8
30043877,3,fever,3,77,161,96,23,99,35.7
30043878,4,chest pain,5,90,173,72,18,97,37.5
30043879,1,laceration,6,103,117,87,12,94,36.3
30043880,3,fall,6,116,150,97,21,95,38.0
30043881,3,knee pain,1,81,131,79,17,100,38.3
30043882,4,anxiety,7,78,127,57,17,100,36.1
30043883,3,fever,7,67,115,60,14,99,36.6
30043884,3,chest pain,4,61,124,88,16,100,38.1
30043885,1,headache,8,83,101,98,19,99,37.8
30043886,2,headache,6,72,146,76,13,94,36.8
30043887,2,knee pain,10,65,135,80,13,100,38.3
30043888,3,fever,5,66,136,102,16,97,36.9
30043889,3,headache,3,102,126,62,17,97,37.8
30043890,2,headache,7,60,103,93,14,92,37.5
30043891,3,shortness of breath,1,81,158,70,15,93,38.0
30043892,2,headache,8,79,97,72,16,98,37.8
30043893,4,abdominal pain,5,88,126,86,14,100,37.6
30043894,3,fever,6,76,106,83,20,98,37.2
30043895,3,shortness of breath,5,96,131,85,14,98,37.3
30043896,5,back pain,5,106,131,66,18,94,37.3
30043897,3,knee pain,7,57,121,81,15,96,36.8
30043898,2,back pain,7,83,146,83,20,98,36.6
30043899,3,anxiety,2,91,109,80,14,95,37.4
30043900,2,laceration,10,71,137,109,21,96,36.2
30043901,3,anxiety,1,80,93,92,16,98,37.5
30043902,3,back pain,7,73,122,62,17,96,37.0
30043903,3,back pain,2,97,130,60,18,98,36.2
30043904,3,back pain,1,53,139,103,17,96,36.2
30043905,4,shortness of breath,3,83,143,75,21,93,36.4
30043906,1,knee pain,7,74,143,102,21,97,36.0
30043907,3,chest pain,2,71,125,75,17,95,36.2
30043908,3,back pain,0,93,115,98,13,94,36.5
30043909,1,laceration,10,88,122,111,16,97,36.9
30043910,4,fever,2,90,146,74,18,100,36.4
30043911,4,chest pain,0,84,98,87,19,90,36.5
30043912,4,fall,1,46,111,45,20,97,37.3
30043913,3,fall,1,93,118,70,23,96,36.7
30043914,3,fever,4,91,113,101,21,97,37.1
30043915,2,anxiety,9,111,140,90,15,100,37.4
30043916,4,laceration,4,81,161,91,19,98,36.2
30043917,4,shortness of breath,4,80,117,100,14,95,36.2
30043918,4,fall,7,81,147,109,16,95,35.3
30043919,4,abdominal pain,7,86,144,89,20,97,38.3
30043920,2,fall,8,86,173,80,20,95,36.5
30043921,3,chest pain,1,76,119,83,19,100,38.3
30043922,3,back pain,6,98,148,89,20,92,36.5
30043923,3,chest pain,5,77,132,106,19,98,37.6
30043924,3,laceration,3,128,111,72,22,96,36.3
30043925,3,anxiety,2,106,142,82,20,98,36.1
30043926,2,back pain,6,100,98,99,15,97,37.1
30043927,3,laceration,1,81,125,55,17,100,36.9
30043928,2,headache,9,65,146,70,13,95,36.9
30043929,3,anxiety,7,111,136,86,17,97,36.9
30043930,2,shortness of breath,10,78,141,72,14,99,37.1
30043931,3,knee pain,2,61,111,94,14,92,36.5
30043932,3,chest pain,1,87,133,61,21,94,37.7
30043933,2,fever,9,96,118,75,19,96,36.5
30043934,1,headache,7,84,98,56,14,99,37.0
30043935,2,laceration,6,80,98,78,20,100,36.5
30043936,3,laceration,5,87,120,61,18,96,36.0
30043937,4,fever,3,84,150,82,17,98,36.7
30043938,2,fall,10,78,153,74,15,99,36.4
30043939,2,headache,9,84,119,86,16,95,36.5
30043940,3,chest pain,0,63,103,58,15,100,37.8
30043941,3,knee pain,1,100,152,75,17,97,36.5
30043942,3,back pain,5,100,93,60,17,98,37.1
30043943,3,anxiety,7,119,171,77,16,98,37.0
30043944,4,chest pain,3,86,113,85,22,94,36.8
30043945,3,shortness of breath,6,105,107,90,15,96,37.0
30043946,3,fever,5,98,82,108,17,100,37.0
30043947,3,headache,6,90,122,82,15,100,36.0
30043948,3,laceration,1,84,71,82,15,100,38.1
30043949,3,abdominal pain,7,79,125,81,19,98,36.2
30043950,3,chest pain,1,74,109,103,18,99,36.6
30043951,3,anxiety,2,66,144,48,12,94,37.6
30043952,3,chest pain,7,83,141,81,15,95,37.0
30043953,3,anxiety,7,89,122,77,28,97,36.6
30043954,3,knee pain,7,61,101,71,13,97,37.6
30043955,4,abdominal pain,1,83,95,54,21,100,37.5
30043956,4,headache,1,65,134,89,26,95,37.5
30043957,3,laceration,2,77,100,80,19,100,37.0
30043958,2,anxiety,10,80,135,114,16,96,36.2
30043959,4,headache,2,103,95,63,21,100,37.3
30043960,4,shortness of breath,4,48,136,54,19,100,37.8
30043961,3,laceration,1,82,131,47,15,100,36.7
30043962,3,fall,5,96,129,82,23,92,35.9
30043963,1,fever,8,76,107,79,24,100,36.9
30043964,3,abdominal pain,2,95,104,95,15,98,36.6
30043965,3,headache,0,78,161,54,22,100,37.2
30043966,3,laceration,7,94,147,72,24,96,36.0
30043967,3,laceration,2,96,133,58,16,100,37.6
30043968,3,shortness of breath,4,53,90,97,22,95,38.6
30043969,2,knee pain,7,70,134,90,22,100,38.0
30043970,4,headache,7,64,138,82,18,95,36.1
30043971,2,back pain,8,94,99,72,21,100,37.0
30043972,3,headache,1,92,122,73,18,93,36.4
30043973,3,abdominal pain,2,91,123,66,28,92,35.8
30043974,3,knee pain,6,99,129,45,26,92,36.1
30043975,4,anxiety,3,86,122,72,20,97,35.5
30043976,3,shortness of breath,2,54,141,89,20,93,37.3
30043977,4,chest pain,6,102,128,82,15,97,38.1
30043978,4,back pain,0,104,143,102,20,100,36.1
30043979,3,laceration,6,37,127,43,20,97,35.6
30043980,2,back pain,10,82,128,76,19,100,35.4
30043981,2,laceration,6,65,126,52,17,100,37.3
30043982,2,knee pain,9,82,133,67,17,93,36.9
30043983,2,laceration,7,108,104,76,14,98,37.0
30043984,3,shortness of breath,5,89,148,81,18,100,37.6
30043985,3,back pain,0,95,112,90,11,100,35.3
30043986,3,abdominal pain,5,103,115,79,16,100,37.8
30043987,4,abdominal pain,6,82,119,88,17,93,37.1
30043988,4,abdominal pain,2,71,158,64,16,97,36.4
30043989,3,shortness of breath,6,80,151,106,20,96,37.4
30043990,3,fever,5,82,147,55,15,97,37.6
30043991,4,anxiety,4,106,112,93,20,98,35.7
30043992,2,abdominal pain,6,70,157,96,25,96,37.0
30043993,3,headache,1,89,163,68,18,99,37.0
30043994,3,headache,3,89,121,66,21,100,37.7
30043995,3,abdominal pain,4,97,129,80,15,93,36.4
30043996,4,fall,1,80,115,72,20,97,37.1
30043997,3,chest pain,3,76,142,82,21,97,36.9
30043998,4,back pain,7,108,140,114,13,97,37.2
30043999,5,shortness of breath,6,91,106,90,23,96,35.2
30044000,3,headache,3,101,137,68,16,100,37.1
30044001,2,chest pain,6,110,137,45,19,97,35.0
30044002,2,back pain,7,89,95,55,9,98,36.4
30044003,3,fever,3,97,135,69,16,100,37.6
30044004,3,shortness of breath,4,103,147,75,16,94,36.4
30044005,3,shortness of breath,2,66,138,51,19,94,36.6
30044006,2,headache,10,82,120,78,27,97,35.7
30044007,2,back pain,7,60,143,84,16,96,37.0
30044008,3,abdominal pain,6,112,118,97,15,94,37.8
30044009,2,laceration,6,80,122,64,16,95,36.3
30044010,3,abdominal pain,6,95,104,97,20,98,36.7
30044011,3,knee pain,5,98,110,103,21,95,37.4
30044012,4,headache,1,79,140,66,23,93,38.8
30044013,3,fall,5,100,113,74,14,100,37.6
30044014,4,shortness of breath,7,75,136,85,13,97,37.5
30044015,1,laceration,6,78,125,107,15,98,35.2
30044016,2,fever,8,68,86,108,23,97,37.3
30044017,3,fever,1,106,104,63,19,97,35.7
30044018,5,fall,4,106,103,42,16,99,36.2
30044019,2,back pain,9,114,87,84,13,97,36.3
30044020,3,fever,4,36,105,80,22,98,36.9
30044021,3,knee pain,7,90,123,53,17,94,35.7
30044022,3,shortness of breath,4,84,141,63,16,98,36.3
30044023,3,back pain,3,41,133,90,16,98,39.0
30044024,3,anxiety,4,65,147,83,20,95,37.9
30044025,4,fall,4,80,106,73,26,93,37.2
30044026,3,laceration,2,50,139,104,15,99,38.0
30044027,4,fall,7,95,136,118,21,94,37.0
30044028,5,shortness of breath,5,79,139,83,16,100,37.2
30044029,3,headache,4,81,95,70,11,92,37.2
30044030,4,shortness of breath,3,71,119,103,18,99,37.5
30044031,4,anxiety,0,98,144,109,18,98,38.0
30044032,5,abdominal pain,3,83,126,77,15,98,39.5
30044033,4,chest pain,6,73,137,82,19,93,35.7
30044034,3,laceration,4,91,131,67,16,96,35.6
30044035,3,back pain,7,83,117,51,20,95,36.6
30044036,3,laceration,7,62,129,135,25,97,37.7
30044037,3,laceration,5,111,100,85,19,99,35.4
30044038,2,abdominal pain,9,74,130,103,12,95,36.2
30044039,3,abdominal pain,0,77,133,71,19,97,36.2
30044040,3,knee pain,0,85,134,74,15,94,38.2
30044041,3,abdominal pain,0,96,139,69,17,93,36.9
30044042,3,fall,6,61,149,98,15,98,36.5
30044043,3,fall,3,77,136,78,25,100,37.5
30044044,1,chest pain,10,65,98,57,16,100,36.6
30044045,3,fever,2,97,106,85,19,95,37.3
30044046,3,headache,2,88,124,92,18,96,37.4
30044047,4,anxiety,4,84,94,83,15,98,36.8
30044048,3,fall,0,54,115,68,13,99,36.8
30044049,4,back pain,3,104,131,63,20,90,36.7
30044050,3,fever,4,100,139,52,19,98,35.9
30044051,3,shortness of breath,4,78,145,77,21,100,36.3
30044052,3,chest pain,2,73,115,104,23,96,36.3
30044053,2,laceration,9,74,130,93,15,95,36.8
30044054,4,back pain,6,98,114,71,15,96,37.3
30044055,3,anxiety,5,103,126,60,22,95,38.3
30044056,3,anxiety,0,120,119,85,14,100,36.2
30044057,1,headache,6,56,143,91,10,97,35.5
30044058,2,fever,9,83,126,68,19,98,37.2
30044059,1,back pain,10,92,112,73,24,98,35.6
30044060,3,chest pain,3,105,116,54,20,94,36.6
30044061,5,fever,6,53,116,84,21,100,37.9
30044062,3,headache,5,66,102,77,19,97,37.6
30044063,1,knee pain,8,82,131,57,16,93,36.7
30044064,2,back pain,9,92,104,100,14,95,37.6
30044065,3,headache,3,75,128,86,21,96,36.8
30044066,3,knee pain,5,116,165,67,18,92,36.8
30044067,3,chest pain,2,73,96,79,26,96,37.4
30044068,3,laceration,5,81,117,56,18,99,36.8
30044069,3,abdominal pain,4,87,107,82,15,96,37.7
30044070,2,laceration,9,92,76,83,26,99,35.5
30044071,3,fall,0,99,116,67,21,98,37.3
30044072,3,fall,5,87,120,108,18,96,36.8
30044073,3,back pain,3,55,128,68,12,96,37.6
30044074,5,back pain,2,101,132,85,12,96,37.2
30044075,4,fever,4,103,132,92,14,100,36.0
30044076,3,fall,5,87,142,75,16,96,35.8
30044077,3,fall,0,86,110,78,17,97,37.1
30044078,3,laceration,2,77,100,93,17,92,36.5
30044079,4,knee pain,5,78,136,104,23,93,36.8
30044080,1,fall,10,94,109,95,18,100,37.6
30044081,2,laceration,7,91,100,78,15,97,35.9
30044082,4,fever,3,82,103,82,17,97,35.9
30044083,3,headache,7,58,108,90,19,99,36.7
30044084,3,fall,7,98,115,99,10,93,37.4
30044085,3,laceration,7,97,143,81,17,96,37.7
30044086,3,anxiety,5,88,131,68,17,100,37.1
30044087,3,chest pain,2,57,146,70,14,100,37.2
30044088,2,knee pain,9,80,142,101,20,100,36.5
30044089,2,shortness of breath,10,82,110,53,16,93,36.6
30044090,3,chest pain,5,111,149,82,24,95,36.6
30044091,3,back pain,4,102,155,81,23,93,38.5
30044092,3,abdominal pain,1,56,156,67,20,100,36.6
30044093,3,anxiety,5,100,107,49,18,98,37.0
30044094,3,fever,2,74,136,70,11,97,37.7
30044095,3,chest pain,2,87,93,101,21,100,35.9
30044096,1,knee pain,7,75,128,98,18,99,37.8
30044097,4,laceration,0,98,176,87,17,95,37.9
30044098,4,shortness of breath,1,97,122,83,18,100,37.6
30044099,4,knee pain,6,121,139,86,20,96,38.0
30044100,3,chest pain,1,73,94,93,14,100,37.4
30044101,3,knee pain,2,108,117,91,19,96,38.2
30044102,3,back pain,7,98,161,65,26,92,37.2
30044103,3,laceration,2,76,139,62,19,99,37.3
30044104,3,shortness of breath,1,72,99,94,16,98,37.4
30044105,4,laceration,0,90,135,79,20,100,36.3
30044106,4,abdominal pain,1,109,152,90,18,95,37.9
30044107,3,back pain,1,84,128,60,18,100,38.0
30044108,3,chest pain,7,58,146,91,24,100,38.2
30044109,4,knee pain,4,96,139,81,16,98,39.0
30044110,5,headache,4,75,106,76,21,95,36.6
30044111,3,anxiety,1,85,123,79,21,92,38.0
30044112,3,abdominal pain,0,81,132,79,14,92,36.3
30044113,1,abdominal pain,7,71,105,64,17,100,36.5
30044114,1,chest pain,8,88,91,92,23,99,37.3
30044115,3,back pain,1,108,119,90,17,98,37.9
30044116,4,fever,4,76,156,73,18,91,37.8
30044117,4,anxiety,7,71,149,59,14,97,37.4
30044118,3,shortness of breath,3,71,130,62,16,100,37.2
30044119,2,back pain,8,94,172,75,13,94,36.4
30044120,3,headache,6,88,123,92,16,95,37.6
30044121,2,back pain,8,88,149,49,20,98,35.6
30044122,2,knee pain,8,95,146,84,19,96,35.5
30044123,4,back pain,5,84,119,88,19,97,37.3
30044124,5,back pain,3,82,127,97,9,100,38.7
30044125,3,fever,4,72,108,51,18,98,36.6
30044126,3,laceration,5,83,109,71,17,92,37.4
30044127,3,shortness of breath,5,75,116,52,14,94,34.6
30044128,3,shortness of breath,2,69,133,68,26,92,37.6
30044129,4,chest pain,2,80,96,79,12,95,38.5
30044130,4,anxiety,7,89,98,85,15,96,36.3
30044131,3,shortness of breath,5,93,134,77,16,98,37.8
30044132,2,knee pain,9,71,114,79,18,96,36.5
30044133,3,back pain,3,79,87,67,20,96,37.5
30044134,4,abdominal pain,3,92,131,77,19,92,37.3
30044135,5,chest pain,4,111,133,98,18,91,37.6
30044136,3,chest pain,6,87,154,81,25,94,36.1
30044137,3,headache,4,62,126,76,19,100,37.6
30044138,2,abdominal pain,8,57,152,102,19,97,37.5
30044139,2,anxiety,10,87,134,93,17,98,37.3
30044140,3,back pain,1,91,142,89,26,97,37.1
30044141,3,chest pain,4,69,122,71,16,97,37.2
30044142,2,chest pain,9,92,100,76,20,99,37.7
30044143,2,fever,9,91,136,103,21,95,37.5
30044144,4,abdominal pain,6,85,135,70,17,95,36.5
30044145,5,shortness of breath,3,79,151,101,18,97,37.0
30044146,3,back pain,5,75,137,97,22,99,37.7
30044147,3,headache,6,91,147,90,14,96,36.4
30044148,2,back pain,9,80,128,69,22,98,36.4
30044149,3,fever,5,98,127,98,18,95,36.6
30044150,4,fall,1,78,112,61,24,100,37.5
30044151,2,fall,10,112,117,61,18,100,36.2
30044152,3,knee pain,0,80,112,90,18,93,36.2
30044153,3,chest pain,1,82,107,76,22,97,36.1
30044154,2,anxiety,7,90,160,95,16,96,36.6
30044155,3,fall,0,95,123,86,13,98,37.8
30044156,4,fall,3,85,123,48,22,90,37.1
30044157,3,fall,5,72,118,92,23,96,36.2
30044158,3,back pain,7,80,116,84,20,100,36.9
30044159,3,anxiety,4,78,117,60,22,99,37.3
30044160,3,headache,2,101,110,84,16,96,38.4
30044161,3,anxiety,7,91,115,108,14,98,36.3
30044162,3,back pain,7,97,167,113,18,93,36.1
30044163,2,laceration,8,94,162,92,20,89,37.2
30044164,3,back pain,1,74,111,73,16,97,37.0
30044165,2,shortness of breath,10,91,114,77,15,96,37.6
30044166,3,fever,6,59,136,68,24,100,36.8
30044167,2,abdominal pain,6,91,133,92,21,96,36.4
30044168,3,knee pain,4,85,123,91,21,100,37.0
30044169,1,abdominal pain,8,95,109,63,16,96,36.8
30044170,3,anxiety,0,56,85,77,19,98,36.1
30044171,3,knee pain,0,95,101,84,15,96,37.1
30044172,2,chest pain,8,55,64,76,19,97,37.4
30044173,3,fever,3,65,119,92,11,95,37.5
30044174,1,shortness of breath,7,120,142,87,18,97,35.7
30044175,3,fever,0,80,98,90,26,97,37.4
30044176,3,fall,5,65,96,81,16,97,35.2
30044177,2,knee pain,10,98,111,98,20,100,37.6
30044178,3,chest pain,6,78,157,83,21,98,38.1
30044179,4,laceration,6,93,119,72,14,96,37.2
30044180,4,shortness of breath,2,65,95,69,16,97,37.6
30044181,1,shortness of breath,7,97,124,71,22,95,37.1
30044182,3,shortness of breath,7,92,131,44,17,97,37.8
30044183,3,shortness of breath,6,93,99,65,17,95,36.4
30044184,3,anxiety,0,79,158,69,16,94,36.1
30044185,3,fall,5,96,141,61,11,92,37.7
30044186,3,shortness of breath,7,65,131,73,16,98,36.3
30044187,2,chest pain,6,82,147,65,17,93,36.7
30044188,3,headache,0,93,117,86,22,95,37.9
30044189,2,fever,9,99,132,58,18,99,37.5
30044190,3,fever,1,67,136,77,21,96,37.1
30044191,4,chest pain,7,104,105,83,21,97,35.3
30044192,3,laceration,6,64,112,92,19,99,37.4
30044193,3,shortness of breath,4,104,165,64,15,100,37.5
30044194,3,fall,3,79,114,73,15,99,37.2
30044195,2,fall,6,92,77,121,14,97,36.7
30044196,5,headache,2,115,83,75,16,96,36.0
30044197,4,headache,3,76,121,72,18,99,36.3
30044198,4,back pain,5,60,117,81,9,95,36.4
30044199,4,headache,2,97,126,97,25,97,36.5
30044200,4,back pain,5,78,125,87,10,96,37.7
30044201,2,headache,10,63,120,88,20,96,37.6
30044202,2,headache,7,76,102,71,18,96,37.8
30044203,4,chest pain,6,88,117,60,18,96,37.5
30044204,2,back pain,10,117,131,68,20,96,35.7
30044205,3,shortness of breath,1,71,126,75,24,91,37.9
30044206,3,chest pain,1,87,142,88,21,99,36.2
30044207,3,fall,2,85,168,36,18,97,37.7
30044208,3,abdominal pain,1,103,125,89,27,94,36.8
30044209,3,fever,5,78,98,72,20,87,37.1
30044210,5,laceration,4,98,123,82,25,94,36.8
30044211,2,headache,7,99,120,44,20,96,36.9
30044212,3,laceration,2,97,123,82,13,100,37.2
30044213,3,abdominal pain,3,103,140,62,13,100,38.1
30044214,3,knee pain,2,111,127,76,18,99,36.3
30044215,3,back pain,5,65,101,56,12,96,37.0
30044216,4,back pain,1,79,151,88,21,94,36.1
30044217,2,chest pain,8,96,125,83,23,100,37.3
30044218,3,knee pain,6,105,123,85,13,100,36.1
30044219,3,fever,0,108,128,104,20,98,36.9
30044220,3,back pain,7,110,95,81,17,94,37.5
30044221,2,abdominal pain,6,80,124,63,17,94,37.0
30044222,3,shortness of breath,3,53,110,99,20,92,36.9
30044223,4,chest pain,2,86,140,90,20,98,36.9
30044224,4,anxiety,2,69,113,67,18,94,36.4
30044225,3,shortness of breath,2,72,165,71,16,94,37.7
30044226,2,laceration,8,85,162,91,20,100,36.7
30044227,5,chest pain,1,85,107,92,12,99,37.0
30044228,2,back pain,8,65,90,80,23,97,36.4
30044229,3,shortness of breath,0,83,121,68,23,97,36.5
30044230,2,fall,8,105,119,69,17,100,36.5
30044231,2,abdominal pain,8,52,135,97,18,97,37.1
30044232,3,back pain,3,96,118,108,12,92,36.5
30044233,3,abdominal pain,2,105,136,94,22,99,35.9
30044234,4,knee pain,5,81,108,70,17,91,37.7
30044235,3,knee pain,2,86,147,64,16,98,38.0
30044236,4,laceration,1,89,163,84,17,96,36.1
30044237,3,fever,2,97,160,105,17,99,38.0
30044238,3,fall,2,60,161,82,18,97,36.7
30044239,3,anxiety,2,112,174,67,20,95,37.3
30044240,4,headache,2,103,111,66,20,94,38.5
30044241,3,anxiety,5,76,95,81,17,100,38.2
30044242,3,fever,3,60,116,89,13,100,37.4
30044243,2,fall,8,54,100,69,12,94,37.0
30044244,5,back pain,0,98,117,91,14,93,37.4
30044245,2,anxiety,9,101,110,68,22,94,36.8
30044246,3,knee pain,4,97,106,86,17,100,37.6
30044247,3,laceration,4,84,129,54,19,95,35.8
30044248,2,knee pain,7,79,130,116,17,99,37.0
30044249,4,knee pain,6,87,145,60,18,95,35.7
30044250,4,headache,2,104,142,71,15,96,37.5
30044251,3,chest pain,7,85,114,78,22,100,36.3
30044252,2,back pain,7,79,110,119,22,94,36.5
30044253,2,laceration,7,103,142,81,24,97,36.6
30044254,1,fall,8,74,99,58,11,95,36.3
30044255,3,shortness of breath,1,79,159,93,16,100,37.8
30044256,4,fall,7,69,102,105,26,100,37.4
30044257,3,laceration,7,90,96,81,19,96,36.7
30044258,3,fever,3,100,139,81,20,99,36.9
30044259,2,anxiety,9,86,94,63,17,97,36.1
30044260,3,headache,4,80,124,71,16,92,38.4
30044261,3,knee pain,5,102,128,72,21,99,35.6
30044262,2,shortness of breath,8,106,85,64,17,99,37.1
30044263,3,laceration,5,62,91,90,14,99,35.7
30044264,1,fever,9,100,132,118,11,91,35.8
30044265,3,shortness of breath,4,86,106,105,12,100,36.5
30044266,4,knee pain,5,59,147,78,16,97,37.3
30044267,4,laceration,5,99,123,77,21,96,37.7
30044268,5,fall,3,85,132,86,22,95,38.5
30044269,3,headache,3,86,98,93,18,98,36.7
30044270,3,abdominal pain,6,101,102,109,17,100,38.2
30044271,3,back pain,4,55,113,60,21,97,38.0
30044272,2,headache,10,75,138,59,17,98,36.8
30044273,3,laceration,1,82,144,60,17,99,36.8
30044274,3,back pain,0,74,142,71,19,97,37.3
30044275,3,anxiety,1,74,84,60,15,100,37.5
30044276,5,headache,5,79,123,61,17,92,37.0
30044277,5,back pain,2,109,106,110,19,95,38.5
30044278,1,fall,10,87,92,61,19,95,36.8
30044279,5,laceration,5,76,135,78,19,95,38.1
30044280,4,shortness of breath,7,74,109,63,19,97,37.4
30044281,1,headache,6,72,111,71,18,95,37.9
30044282,3,anxiety,5,59,116,58,19,98,37.8
30044283,3,shortness of breath,4,69,120,40,16,97,37.1
30044284,3,fall,4,101,133,75,16,100,36.9
30044285,4,knee pain,3,78,124,80,18,99,37.6
30044286,4,anxiety,0,79,104,86,19,100,36.8
30044287,3,chest pain,2,75,112,76,19,100,36.4
30044288,5,back pain,6,83,129,62,18,94,37.0
30044289,3,back pain,7,77,152,67,25,96,38.0
30044290,4,headache,7,85,124,58,20,95,36.8
30044291,5,fall,2,88,80,89,22,100,37.5
30044292,3,chest pain,5,67,111,79,19,99,37.7
30044293,2,fall,6,77,108,95,16,97,36.0
30044294,3,headache,3,99,98,66,18,96,37.5
30044295,4,back pain,0,71,128,56,20,94,37.7
30044296,5,back pain,3,86,136,103,25,93,35.5
30044297,3,back pain,0,102,132,48,14,94,36.0
30044298,4,shortness of breath,6,74,88,61,15,90,36.8
30044299,2,knee pain,7,89,102,88,17,95,36.8
30044300,3,fall,2,78,141,61,14,95,35.9
30044301,4,knee pain,6,83,127,66,26,98,35.5
30044302,3,abdominal pain,1,79,88,108,18,98,37.6
30044303,3,anxiety,2,89,118,91,24,94,36.7
30044304,3,chest pain,1,87,163,70,22,100,38.8
30044305,5,knee pain,5,73,136,62,19,97,36.1
30044306,3,headache,1,66,127,81,20,100,37.0
30044307,3,fall,2,117,154,103,23,97,38.2
30044308,2,headache,7,69,136,85,16,94,36.5
30044309,3,anxiety,7,72,118,104,18,100,37.4
30044310,3,headache,2,86,151,98,24,96,36.6
30044311,4,shortness of breath,7,81,154,81,22,96,35.9
30044312,3,anxiety,7,105,116,74,14,97,37.6
30044313,3,shortness of breath,0,84,128,73,18,95,37.8
30044314,3,fall,3,104,113,90,19,98,37.4
30044315,3,abdominal pain,3,94,149,65,15,94,37.5
30044316,3,fever,0,81,128,66,25,96,38.2
30044317,1,anxiety,9,100,116,80,20,92,36.8
30044318,3,abdominal pain,1,107,100,111,22,92,36.9
30044319,4,abdominal pain,3,79,106,71,21,99,37.0
30044320,4,back pain,4,100,98,108,13,93,36.8
30044321,2,abdominal pain,10,78,126,62,16,99,36.9
30044322,2,abdominal pain,7,72,131,59,19,100,37.6
30044323,2,knee pain,7,80,119,72,20,93,37.2
30044324,3,back pain,3,93,124,82,18,97,36.9
30044325,2,fall,8,84,112,63,19,95,37.8
30044326,3,fall,0,83,137,103,21,100,36.4
30044327,3,laceration,7,81,141,86,21,97,36.9
30044328,3,chest pain,2,111,140,57,10,96,37.4
30044329,3,fall,4,84,114,85,16,94,37.4
30044330,2,knee pain,9,69,117,56,18,97,36.6
30044331,2,abdominal pain,6,72,107,83,18,93,36.9
30044332,3,anxiety,3,69,142,81,19,96,36.7
30044333,4,fever,1,91,116,75,19,97,37.1
30044334,2,fall,7,76,136,71,14,95,36.6
30044335,1,chest pain,10,65,127,113,19,96,36.1
30044336,3,fever,5,56,118,81,17,92,37.6
30044337,3,laceration,6,125,119,65,23,96,37.4
30044338,3,shortness of breath,6,64,85,86,17,95,37.2
30044339,1,chest pain,8,93,184,86,13,97,37.4
30044340,3,anxiety,3,97,140,81,18,94,37.4
30044341,4,fever,7,96,148,103,16,96,38.1
30044342,3,laceration,6,87,160,74,15,100,37.4
30044343,4,abdominal pain,5,75,153,62,19,96,37.3
30044344,5,anxiety,2,79,150,79,24,99,36.9
30044345,4,headache,6,87,87,75,13,98,37.1
30044346,4,knee pain,4,87,102,79,19,96,36.6
30044347,3,abdominal pain,7,112,151,87,14,99,37.0
30044348,2,fall,10,76,139,63,16,94,37.1
30044349,3,fever,0,107,152,97,13,96,37.4
30044350,3,laceration,3,86,99,97,21,97,37.4
30044351,5,fever,2,83,115,101,21,97,38.3
30044352,2,anxiety,6,100,152,84,25,100,35.6
30044353,3,anxiety,2,82,148,84,17,96,37.4
30044354,3,headache,1,77,113,65,21,96,36.7
30044355,3,back pain,4,115,132,49,16,94,36.4
30044356,1,anxiety,8,71,140,59,18,90,36.0
30044357,3,knee pain,7,86,96,73,19,94,36.4
30044358,3,knee pain,3,103,108,80,22,96,38.0
30044359,4,fall,2,89,93,104,13,96,37.7
30044360,5,abdominal pain,2,64,103,90,22,93,37.8
30044361,3,headache,6,83,124,98,13,94,36.2
30044362,3,fever,3,67,148,91,15,95,37.2
30044363,5,fever,1,69,82,73,17,97,37.6
30044364,1,headache,7,120,126,68,10,92,36.1
30044365,5,anxiety,2,109,133,99,22,96,37.0
30044366,2,shortness of breath,10,52,122,75,25,98,38.0
30044367,1,back pain,9,76,120,45,25,94,38.4
30044368,3,chest pain,6,81,164,96,22,98,37.7
30044369,3,back pain,1,80,144,100,21,98,37.3
30044370,2,fall,9,67,116,94,22,92,37.1
30044371,3,laceration,2,101,107,70,22,97,37.2
30044372,3,anxiety,1,95,102,94,12,97,37.0
30044373,2,laceration,8,92,130,52,19,95,37.0
30044374,3,laceration,7,78,121,81,16,96,37.4
30044375,3,abdominal pain,7,77,128,70,21,100,37.4
30044376,4,chest pain,6,66,145,86,23,98,36.5
30044377,3,fever,4,105,143,73,18,96,37.2
30044378,2,laceration,7,71,103,85,11,99,38.0
30044379,1,fall,10,92,152,71,17,99,36.5
30044380,3,abdominal pain,4,84,131,82,16,100,36.3
30044381,3,fever,7,110,133,81,19,96,38.0
30044382,4,fever,1,99,150,101,17,92,37.3
30044383,4,fever,5,77,71,102,22,94,37.1
30044384,3,shortness of breath,0,98,132,57,26,95,36.7
30044385,3,back pain,5,97,115,76,22,98,37.0
30044386,5,shortness of breath,0,69,133,60,18,100,36.0
30044387,3,headache,0,71,148,62,20,94,36.3
30044388,4,headache,4,77,126,85,23,100,35.9
30044389,2,shortness of breath,8,80,118,59,23,100,38.2
30044390,3,fall,7,73,126,58,18,97,37.8
30044391,4,back pain,0,71,112,42,20,99,36.1
30044392,4,anxiety,3,61,133,71,13,100,37.0
30044393,4,chest pain,5,100,144,118,14,98,35.6
30044394,3,fever,0,84,139,76,11,98,37.0
30044395,1,anxiety,9,128,103,100,22,100,37.0
30044396,4,fever,2,64,137,80,21,100,38.1
30044397,3,fever,3,78,107,78,12,96,35.5
30044398,5,chest pain,3,59,124,49,22,98,35.9
30044399,3,back pain,2,71,128,80,12,96,38.1
30044400,4,laceration,2,61,130,79,24,100,36.8
30044401,3,laceration,3,99,97,109,13,96,36.6
30044402,5,knee pain,6,76,138,88,17,100,36.5
30044403,3,anxiety,0,116,123,83,21,96,37.2
30044404,3,chest pain,6,81,121,96,9,100,36.8
30044405,3,shortness of breath,6,85,139,101,22,100,37.0
30044406,3,headache,5,99,130,95,19,99,35.8
30044407,3,laceration,3,85,125,68,14,98,37.9
30044408,4,anxiety,0,93,120,69,16,99,35.7
30044409,4,back pain,6,102,98,57,23,95,36.5
30044410,4,knee pain,6,66,108,65,16,96,38.3
30044411,4,abdominal pain,3,96,119,63,19,99,36.0
30044412,3,shortness of breath,0,88,108,46,19,97,36.6
30044413,3,shortness of breath,7,94,132,83,23,95,35.4
30044414,3,chest pain,7,81,148,60,13,99,38.3
30044415,4,laceration,2,93,147,53,7,97,36.9
30044416,3,fall,1,59,118,54,15,94,37.9
30044417,3,back pain,6,96,129,104,18,94,36.8
30044418,3,anxiety,6,68,90,70,18,97,37.6
30044419,4,anxiety,6,78,133,87,10,94,37.4
30044420,5,chest pain,7,77,109,78,12,93,37.2
30044421,2,back pain,10,91,114,82,19,98,37.5
30044422,2,chest pain,8,96,118,108,21,92,36.5
30044423,5,chest pain,0,57,119,62,21,97,37.3
30044424,3,chest pain,3,113,106,86,24,93,36.2
30044425,1,anxiety,8,68,109,99,11,95,37.8
30044426,3,anxiety,6,72,156,66,12,97,36.2
30044427,4,knee pain,6,97,125,80,24,97,36.8
30044428,2,laceration,9,78,136,66,12,94,35.9
30044429,3,fall,0,84,142,84,22,95,38.3
30044430,2,anxiety,7,77,152,65,25,95,36.7
30044431,3,fever,7,68,132,60,11,100,37.5
30044432,3,fall,0,74,119,96,19,95,37.0
30044433,3,anxiety,1,74,136,68,25,94,36.3
30044434,1,back pain,8,73,108,86,19,99,36.6
30044435,3,laceration,0,78,141,75,19,99,36.1
30044436,4,fall,1,89,125,75,16,100,36.7
30044437,4,laceration,5,78,95,61,16,98,37.5
30044438,3,chest pain,6,71,108,83,19,94,36.9
30044439,4,laceration,7,69,128,71,21,99,36.5
30044440,2,shortness of breath,6,95,128,97,21,96,36.8
30044441,3,fall,7,120,124,64,15,100,36.2
30044442,4,chest pain,4,76,103,64,6,95,38.3
30044443,4,headache,3,56,130,85,22,100,37.6
30044444,3,abdominal pain,4,58,105,67,22,97,37.6
30044445,3,anxiety,6,109,103,86,25,95,35.9
30044446,5,knee pain,1,80,146,79,17,100,37.1
30044447,2,headache,9,75,113,103,22,100,36.5
30044448,3,anxiety,0,102,115,94,20,99,37.2
30044449,2,headache,8,87,117,76,12,100,35.8
30044450,4,laceration,5,89,125,96,21,96,36.8
30044451,3,shortness of breath,3,64,126,75,10,97,37.2
30044452,2,abdominal pain,9,73,130,71,8,93,36.4
30044453,2,knee pain,9,71,105,80,20,96,36.8
30044454,2,laceration,9,80,95,99,20,100,37.2
30044455,2,chest pain,6,76,114,97,25,96,37.5
30044456,3,abdominal pain,5,98,130,82,14,97,37.7
30044457,2,anxiety,6,85,177,69,16,99,37.7
30044458,4,shortness of breath,5,50,144,86,21,97,38.4
30044459,1,headache,7,81,143,93,22,94,37.2
30044460,3,shortness of breath,6,63,141,79,17,100,38.2
30044461,3,fall,7,91,112,83,15,96,36.4
30044462,5,knee pain,7,80,122,81,19,96,39.3
30044463,3,anxiety,0,96,120,96,15,100,36.3
30044464,2,anxiety,7,64,116,83,19,98,35.9
30044465,3,back pain,7,85,125,80,15,95,36.0
30044466,2,headache,8,62,99,66,20,99,37.1
30044467,3,fall,4,75,130,105,19,97,36.8
30044468,4,abdominal pain,7,87,144,84,15,98,37.2
30044469,3,fever,0,89,132,71,14,97,36.2
30044470,4,knee pain,7,86,96,61,17,96,36.6
30044471,3,knee pain,2,100,138,79,12,96,37.3
30044472,3,shortness of breath,2,109,149,93,18,98,37.2
30044473,3,shortness of breath,4,66,105,77,20,96,36.2
30044474,3,shortness of breath,3,98,93,83,21,100,35.9
30044475,3,knee pain,6,63,109,63,15,100,37.1
30044476,2,shortness of breath,6,83,112,70,24,100,37.3
30044477,3,chest pain,2,81,124,54,18,95,36.8
30044478,4,back pain,7,95,146,74,21,99,35.9
30044479,3,fever,5,87,101,57,13,96,36.5
30044480,1,headache,7,81,113,83,19,100,36.8
30044481,3,chest pain,4,111,147,97,16,96,37.0
30044482,3,fall,5,52,133,65,16,99,37.5
30044483,3,shortness of breath,0,88,109,95,14,96,37.4
30044484,4,headache,2,103,134,93,16,96,36.8
30044485,3,anxiety,1,106,106,79,16,96,37.9
30044486,4,fall,4,77,106,82,26,94,36.9
30044487,2,shortness of breath,10,72,96,63,20,100,37.2
30044488,3,fever,7,85,123,67,16,99,36.1
30044489,3,laceration,3,98,147,92,15,94,35.7
30044490,3,fever,2,87,125,92,23,92,37.5
30044491,3,knee pain,2,72,89,79,17,94,37.6
30044492,2,shortness of breath,9,95,105,91,21,98,37.0
30044493,3,abdominal pain,2,94,139,53,19,95,36.7
30044494,1,back pain,10,92,118,88,19,94,37.3
30044495,2,shortness of breath,8,121,119,98,12,99,35.6
30044496,3,fall,1,87,131,100,21,93,37.2
30044497,4,anxiety,6,88,147,84,26,91,36.8
30044498,3,knee pain,3,98,137,116,17,95,36.4
30044499,3,fall,6,64,178,49,13,97,37.1
30044500,1,abdominal pain,8,88,154,86,16,98,35.6
30044501,3,knee pain,2,85,118,76,16,99,38.1
30044502,4,fever,7,89,133,86,21,100,36.1
30044503,4,anxiety,3,64,119,65,17,92,36.4
30044504,3,knee pain,7,97,115,61,17,95,37.5
30044505,4,knee pain,6,83,138,81,18,100,37.4
30044506,4,anxiety,4,85,105,53,25,98,36.1
30044507,2,abdominal pain,6,73,120,94,17,100,36.8
30044508,3,headache,5,95,99,90,19,99,37.3
30044509,2,chest pain,10,97,117,70,20,100,37.0
30044510,2,fall,6,64,127,77,22,97,37.3
30044511,2,fever,6,86,125,81,16,99,36.1
30044512,3,anxiety,7,99,124,96,20,100,36.4
30044513,3,laceration,4,79,150,49,26,91,38.9
30044514,3,shortness of breath,6,92,118,104,21,97,36.5
30044515,2,knee pain,6,55,129,73,21,96,38.8
30044516,3,knee pain,6,83,119,104,18,100,36.9
30044517,2,anxiety,7,108,130,64,15,99,37.1
30044518,3,anxiety,2,70,160,71,12,95,37.5
30044519,3,fever,0,95,139,55,19,95,37.2
30044520,3,laceration,2,78,112,83,26,97,37.8
30044521,3,fever,4,83,137,106,24,100,37.0
30044522,3,shortness of breath,3,80,125,86,16,93,36.9
30044523,3,fever,5,66,127,64,18,98,37.3
30044524,2,back pain,10,96,129,91,19,97,37.2
30044525,3,anxiety,5,82,124,111,21,95,38.3
30044526,2,laceration,6,70,118,76,11,100,36.4
30044527,2,fall,7,82,147,70,15,100,38.2
30044528,2,fall,8,74,113,86,17,97,38.3
30044529,4,abdominal pain,6,83,112,69,15,100,37.6
30044530,4,knee pain,3,84,142,65,17,99,37.0
30044531,4,shortness of breath,1,84,116,109,16,100,38.0
30044532,3,headache,4,100,135,71,16,94,36.6
30044533,3,knee pain,4,111,109,66,17,97,36.8
30044534,3,chest pain,1,94,135,113,18,94,38.1
30044535,4,headache,7,91,105,40,24,100,36.4
30044536,4,abdominal pain,4,103,131,77,21,100,36.9
30044537,3,knee pain,7,99,139,77,20,98,36.5
30044538,3,fever,2,66,123,98,24,98,37.2
30044539,2,shortness of breath,6,68,91,73,19,100,36.3
30044540,4,chest pain,0,92,131,97,26,98,37.5
30044541,5,chest pain,1,89,131,75,14,97,37.0
30044542,3,back pain,3,66,128,79,14,96,37.4
30044543,2,chest pain,9,95,127,68,15,97,38.0
30044544,3,anxiety,7,106,118,63,17,96,38.3
30044545,2,shortness of breath,8,69,158,72,24,99,37.5
30044546,2,chest pain,9,73,168,90,16,97,35.6
30044547,2,shortness of breath,9,90,128,89,24,96,36.4
30044548,4,fall,4,62,138,88,21,97,38.1
30044549,3,fall,5,80,134,90,13,99,38.6
30044550,3,fall,3,90,147,60,15,95,37.3
30044551,3,fever,0,78,116,102,21,97,37.6
30044552,4,knee pain,5,104,113,72,24,97,36.4
30044553,5,fall,7,83,123,64,15,98,37.1
30044554,3,knee pain,3,93,109,95,19,97,35.4
30044555,4,anxiety,1,112,133,75,30,100,37.6
30044556,4,laceration,4,117,127,88,21,99,37.7
30044557,3,chest pain,5,109,125,83,16,98,37.7
30044558,4,shortness of breath,2,108,131,85,28,96,37.1
30044559,3,fever,0,75,138,71,25,99,36.3
30044560,3,chest pain,7,85,101,89,13,97,36.8
30044561,5,fall,1,97,152,66,19,95,38.2
30044562,3,back pain,0,115,148,105,9,100,36.1
30044563,3,knee pain,3,76,134,97,15,93,36.0
30044564,3,fever,0,88,130,107,13,98,36.6
30044565,2,abdominal pain,6,99,130,78,12,97,36.0
30044566,3,chest pain,2,86,139,107,17,99,36.3
30044567,3,back pain,2,51,87,73,17,92,37.3
30044568,4,chest pain,7,94,134,93,12,100,35.5
30044569,4,abdominal pain,0,90,128,88,19,98,37.9
30044570,2,chest pain,7,96,82,72,26,97,36.6
30044571,2,back pain,10,87,119,104,14,95,35.7
30044572,3,shortness of breath,1,78,124,72,26,95,36.9
30044573,3,knee pain,4,98,130,90,14,96,36.3
30044574,3,abdominal pain,2,98,120,53,15,95,38.5
30044575,2,shortness of breath,6,89,130,82,18,95,37.2
30044576,5,back pain,7,73,91,82,17,92,36.9
30044577,2,back pain,10,94,131,109,19,99,37.4
30044578,2,laceration,7,87,143,90,14,99,35.9
30044579,3,fall,3,71,112,92,22,96,37.2
30044580,3,anxiety,6,98,101,92,17,97,38.3
30044581,5,abdominal pain,1,103,166,81,15,95,35.9
30044582,3,knee pain,0,79,116,61,15,100,36.8
30044583,3,knee pain,0,86,119,86,18,97,36.6
30044584,4,chest pain,6,111,119,68,21,94,37.6
30044585,3,laceration,6,94,110,59,20,96,36.7
30044586,3,fall,5,100,143,65,10,97,37.7
30044587,4,abdominal pain,4,68,149,89,17,96,35.8
30044588,3,back pain,7,97,117,76,23,100,36.7
30044589,3,laceration,1,83,113,75,18,100,36.9
30044590,3,back pain,7,106,148,91,12,100,35.9
30044591,4,back pain,4,91,128,58,19,100,37.1
30044592,1,back pain,9,71,120,105,19,97,37.8
30044593,3,abdominal pain,4,73,154,66,11,98,37.8
30044594,3,fever,2,88,138,72,16,88,35.9
30044595,4,laceration,2,73,137,69,21,93,36.7
30044596,3,knee pain,7,108,135,85,18,96,37.0
30044597,3,headache,5,58,122,54,14,99,37.2
30044598,2,fall,7,89,124,66,13,91,35.3
30044599,3,fall,0,91,117,61,23,99,36.0
30044600,3,fall,6,80,103,71,21,98,36.3
30044601,2,shortness of breath,7,77,115,69,23,100,36.7
30044602,3,abdominal pain,1,70,145,85,16,98,36.8
30044603,3,laceration,1,88,93,89,20,93,37.6
30044604,3,anxiety,5,68,84,67,21,98,35.9
30044605,3,fall,1,73,96,95,7,96,37.7
30044606,3,headache,6,91,129,82,21,96,36.5
30044607,3,anxiety,1,103,117,47,27,99,37.7
30044608,2,back pain,7,79,134,73,19,98,37.8
30044609,2,back pain,10,87,145,90,21,95,36.7
30044610,4,knee pain,1,96,124,79,16,98,37.0
30044611,4,back pain,3,69,124,51,11,95,36.6
30044612,1,knee pain,6,80,104,76,23,100,37.6
30044613,2,chest pain,10,87,120,85,22,94,36.8
30044614,4,shortness of breath,2,108,128,68,21,96,36.4
30044615,3,knee pain,6,116,144,82,15,93,36.7
30044616,3,fall,0,70,143,89,20,97,36.9
30044617,3,headache,4,92,113,37,11,95,37.5
30044618,3,knee pain,2,97,143,48,20,97,37.0
30044619,2,headache,9,89,107,90,17,91,36.0
30044620,3,laceration,6,65,130,81,19,95,37.3
30044621,3,knee pain,1,109,85,78,16,96,37.7
30044622,3,fall,5,104,119,46,27,95,36.6
30044623,3,fall,7,62,134,79,13,94,36.8
30044624,3,knee pain,5,66,129,58,24,96,36.4
30044625,3,knee pain,7,98,130,72,18,100,36.5
30044626,3,anxiety,4,100,136,69,22,94,37.5
30044627,3,chest pain,2,68,119,72,15,95,37.1
30044628,3,anxiety,5,83,118,83,21,100,36.3
30044629,3,fall,5,63,134,114,23,96,37.2
30044630,3,back pain,1,77,150,60,20,99,37.1
30044631,3,headache,2,102,152,89,11,100,36.5
30044632,3,back pain,6,93,90,82,16,94,35.8
30044633,3,fall,2,106,149,73,18,98,36.4
30044634,3,abdominal pain,5,40,106,76,25,100,37.8
30044635,3,chest pain,2,115,136,83,18,96,36.4
30044636,2,laceration,8,84,120,63,25,97,35.8
30044637,3,back pain,0,90,66,67,23,95,37.3
30044638,3,headache,2,96,116,87,19,100,37.7
30044639,3,chest pain,6,98,124,88,24,96,36.1
30044640,3,laceration,7,75,135,83,16,98,36.7
30044641,3,anxiety,0,85,115,88,15,98,38.8
30044642,4,headache,0,102,141,81,16,95,36.6
30044643,4,knee pain,3,84,101,96,16,97,37.3
30044644,4,fever,1,83,146,76,14,96,37.0
30044645,3,knee pain,1,88,115,101,15,94,37.0
30044646,4,headache,7,92,83,81,15,97,37.1
30044647,1,knee pain,10,94,114,81,17,98,36.8
30044648,2,abdominal pain,8,84,131,99,10,96,36.8
30044649,4,chest pain,1,69,118,58,15,100,37.4
30044650,5,laceration,1,62,106,105,20,92,38.2
30044651,3,anxiety,3,99,140,90,12,100,35.7
30044652,3,abdominal pain,2,62,104,54,18,92,36.7
30044653,2,abdominal pain,6,81,95,94,19,97,37.1
30044654,3,abdominal pain,4,98,119,101,17,94,37.1
30044655,3,abdominal pain,7,100,169,93,17,95,37.3
30044656,3,knee pain,1,115,142,73,20,97,36.5
30044657,4,chest pain,6,86,145,56,17,99,37.7
30044658,3,abdominal pain,5,100,116,78,16,95,36.0
30044659,1,abdominal pain,7,85,122,104,22,97,39.2
30044660,3,abdominal pain,2,108,143,40,16,98,36.7
30044661,3,headache,3,89,136,63,15,96,38.5
30044662,4,fall,5,113,133,70,20,97,37.6
30044663,2,shortness of breath,9,74,130,84,16,96,37.1
30044664,3,fever,1,83,145,70,14,99,36.0
30044665,2,knee pain,10,115,144,82,9,99,38.1
30044666,4,abdominal pain,5,117,151,92,24,95,37.1
30044667,3,shortness of breath,7,93,112,94,20,100,37.8
30044668,3,fall,4,112,107,72,14,91,37.1
30044669,3,fall,1,101,116,84,16,96,38.3
30044670,4,fall,1,97,74,83,11,94,37.0
30044671,3,chest pain,5,90,129,99,23,97,36.6
30044672,2,laceration,8,89,125,87,23,96,36.9
30044673,4,knee pain,5,79,131,84,24,99,36.6
30044674,3,abdominal pain,2,72,147,82,17,100,37.3
30044675,2,fever,6,93,93,67,20,94,36.7
30044676,2,knee pain,10,53,120,97,17,89,38.6
30044677,3,chest pain,5,95,96,73,19,97,34.3
30044678,1,back pain,6,121,123,100,16,94,36.9
30044679,2,fever,9,74,167,72,25,93,37.1
30044680,2,fever,7,70,143,99,22,97,36.3
30044681,3,headache,5,68,129,58,21,100,37.6
30044682,3,headache,4,87,143,73,19,95,36.5
30044683,3,shortness of breath,6,60,121,80,17,100,36.9
30044684,3,abdominal pain,1,101,129,53,24,100,37.3
30044685,2,knee pain,8,110,163,79,24,100,37.7
30044686,3,anxiety,5,90,105,87,24,95,38.1
30044687,3,anxiety,5,95,108,76,13,97,37.6
30044688,4,knee pain,1,80,112,86,18,96,36.6
30044689,2,back pain,7,83,111,75,25,96,36.3
30044690,3,headache,5,94,133,46,18,97,37.3
30044691,3,fall,5,88,118,66,21,95,36.4
30044692,3,knee pain,4,80,143,60,11,94,38.4
30044693,3,chest pain,2,87,118,90,17,97,38.4
30044694,2,chest pain,7,56,131,82,22,98,37.9
30044695,3,chest pain,4,88,126,80,18,96,36.6
30044696,2,back pain,10,107,91,65,20,98,36.6
30044697,3,headache,6,95,100,96,21,98,37.5
30044698,3,chest pain,6,75,115,81,18,100,36.6
30044699,3,fever,2,81,122,91,6,97,35.7
30044700,4,knee pain,0,57,149,66,24,94,36.6
30044701,3,laceration,0,97,120,67,21,96,36.5
30044702,3,chest pain,4,97,119,99,14,97,37.4
30044703,1,fall,9,70,140,91,22,98,36.9
30044704,5,fever,7,98,108,67,17,99,36.1
30044705,2,abdominal pain,7,131,130,83,14,100,36.5
30044706,3,laceration,1,90,141,76,18,96,35.9
30044707,3,knee pain,3,72,136,76,22,95,35.5
30044708,3,headache,0,47,132,52,17,95,37.2
30044709,2,shortness of breath,10,98,84,73,14,97,36.7
30044710,1,knee pain,8,85,132,75,9,99,35.9
30044711,2,laceration,10,102,165,86,15,99,35.8
30044712,3,shortness of breath,6,75,138,96,23,92,36.9
30044713,3,abdominal pain,4,94,89,77,20,100,36.3
30044714,3,chest pain,5,95,170,77,20,91,37.2
30044715,3,chest pain,3,64,170,98,19,95,35.7
30044716,1,fall,6,104,124,85,20,97,37.6
30044717,3,anxiety,7,69,170,64,19,96,37.4
30044718,4,fever,1,101,111,88,24,100,37.5
30044719,4,headache,4,68,116,84,15,97,36.2
30044720,3,fever,1,74,140,62,23,99,36.3
30044721,1,fever,6,67,111,83,16,94,37.2
30044722,3,laceration,2,72,157,75,16,98,36.3
30044723,4,laceration,2,88,124,82,11,95,38.7
30044724,3,back pain,5,91,87,98,17,96,37.4
30044725,2,laceration,6,94,130,72,19,100,36.9
30044726,1,chest pain,7,43,111,76,11,100,37.7
30044727,1,laceration,9,94,121,62,18,100,36.4
30044728,3,shortness of breath,5,62,144,62,20,95,36.4
30044729,3,headache,5,124,76,84,26,96,37.9
30044730,4,anxiety,7,123,141,112,21,100,37.1
30044731,3,chest pain,6,108,100,100,23,94,37.6
30044732,3,back pain,3,115,125,65,17,95,35.7
30044733,3,shortness of breath,5,66,116,79,19,100,36.8
30044734,3,fall,5,98,136,88,16,98,36.8
30044735,3,headache,6,96,130,83,15,98,38.2
30044736,2,anxiety,7,68,115,95,22,99,37.0
30044737,4,chest pain,4,101,130,90,22,100,37.7
30044738,2,fever,6,93,101,87,23,100,36.6
30044739,2,chest pain,9,109,142,88,15,99,37.3
30044740,3,knee pain,1,65,123,94,16,100,36.8
30044741,3,anxiety,6,75,92,66,19,96,36.1
30044742,4,laceration,1,77,131,78,18,99,37.9
30044743,3,headache,1,81,128,50,21,96,37.1
30044744,1,fall,10,90,93,55,22,99,37.3
30044745,5,anxiety,2,75,150,69,24,95,37.7
30044746,3,shortness of breath,3,102,120,72,18,99,37.5
30044747,2,fever,7,89,148,91,17,97,37.5
30044748,3,laceration,6,77,133,80,23,93,37.7
30044749,2,chest pain,6,82,121,71,20,93,36.8
30044750,4,fever,3,94,97,56,18,97,36.3
30044751,3,fever,7,92,97,79,21,98,36.9
30044752,3,fever,3,101,142,32,18,93,36.6
30044753,3,anxiety,5,93,137,54,22,97,37.5
30044754,3,fever,1,111,142,80,17,100,37.9
30044755,2,fall,10,93,125,57,13,95,35.5
30044756,3,back pain,7,73,128,87,17,91,36.7
30044757,3,shortness of breath,0,71,152,93,22,96,38.4
30044758,3,chest pain,4,57,133,93,9,97,36.8
30044759,2,knee pain,7,59,114,85,12,96,37.1
30044760,2,knee pain,7,112,121,74,18,95,36.7
30044761,4,abdominal pain,2,74,136,84,16,92,36.4
30044762,1,anxiety,8,63,100,86,17,99,37.2
30044763,2,fever,7,115,117,54,22,93,36.3
30044764,3,abdominal pain,2,66,130,98,15,99,37.7
30044765,4,headache,3,82,131,68,14,96,38.1
30044766,4,knee pain,5,78,76,101,25,99,37.0
30044767,4,fall,4,67,118,83,17,95,37.6
30044768,2,fever,10,98,146,57,18,97,37.5
30044769,3,headache,5,81,118,85,15,96,37.1
30044770,4,headache,5,102,124,69,12,99,38.6
30044771,3,headache,7,100,125,72,19,100,37.6
30044772,4,fall,2,81,142,80,17,96,38.1
30044773,1,fall,10,75,125,87,15,97,36.9
30044774,3,shortness of breath,5,62,131,110,17,93,37.8
30044775,3,chest pain,7,87,117,77,16,97,37.3
30044776,4,anxiety,2,64,122,76,21,98,37.4
30044777,3,abdominal pain,5,102,117,77,26,94,36.4
30044778,3,chest pain,6,87,121,94,15,95,37.4
30044779,3,anxiety,0,52,145,50,21,99,37.0
30044780,2,knee pain,10,95,141,68,14,95,35.2
30044781,3,fever,4,74,82,82,21,96,36.9
30044782,2,back pain,10,70,126,87,22,93,37.9
30044783,3,abdominal pain,1,62,142,62,18,100,37.5
30044784,5,chest pain,6,81,177,98,23,98,35.6
30044785,3,headache,3,98,141,86,13,100,36.7
30044786,4,headache,6,96,152,103,18,95,35.6
30044787,4,knee pain,3,78,113,83,21,100,37.0
30044788,3,headache,1,104,126,63,22,99,36.0
30044789,3,back pain,1,106,119,109,20,99,37.2
30044790,4,laceration,6,76,88,72,19,98,37.6
30044791,3,abdominal pain,6,68,133,65,13,97,37.7
30044792,3,abdominal pain,4,71,103,101,13,96,37.1
30044793,3,knee pain,3,85,150,87,14,93,36.7
30044794,2,chest pain,6,69,108,71,19,100,36.7
30044795,3,fever,6,86,124,66,21,91,38.6
30044796,2,laceration,10,74,114,80,13,98,37.5
30044797,4,anxiety,6,74,140,83,21,91,37.0
30044798,3,laceration,4,104,137,68,19,93,37.4
30044799,3,headache,6,106,122,79,16,99,36.5
30044800,3,knee pain,2,58,141,60,20,93,37.1
30044801,2,anxiety,9,82,160,96,15,97,37.3
30044802,4,anxiety,0,103,97,88,26,99,36.3
30044803,3,anxiety,3,89,155,103,18,98,37.4
30044804,4,abdominal pain,3,76,120,101,23,97,37.9
30044805,3,fall,5,77,134,65,10,100,36.7
30044806,2,headache,10,110,118,66,19,97,35.5
30044807,3,chest pain,7,85,83,84,16,93,37.6
30044808,3,fever,6,76,118,87,19,100,37.0
30044809,3,knee pain,0,85,104,98,23,92,35.6
30044810,3,headache,1,82,106,79,8,97,36.6
30044811,3,headache,5,64,125,107,24,95,37.2
30044812,4,headache,2,94,122,58,20,100,37.1
30044813,2,abdominal pain,9,77,111,87,23,95,37.9
30044814,2,back pain,7,106,105,101,15,100,36.1
30044815,3,abdominal pain,6,83,167,80,20,100,35.3
30044816,2,fever,10,110,117,93,19,100,36.0
30044817,4,chest pain,2,86,139,81,11,97,37.2
30044818,3,fever,5,73,165,93,21,95,37.2
30044819,3,headache,2,97,75,80,20,94,36.7
30044820,3,anxiety,0,90,96,82,16,99,37.3
30044821,5,anxiety,4,81,100,84,18,100,38.5
30044822,3,shortness of breath,6,92,137,89,27,100,37.2
30044823,3,laceration,2,58,151,77,19,95,37.3
30044824,3,shortness of breath,4,86,129,62,21,99,36.9
30044825,4,headache,2,78,128,66,13,98,36.4
30044826,1,fever,7,80,127,47,16,97,36.8
30044827,3,shortness of breath,1,92,133,81,18,96,36.7
30044828,3,knee pain,1,97,129,72,10,97,37.2
30044829,5,fall,4,100,161,74,16,99,37.3
30044830,3,chest pain,3,109,132,92,21,99,37.1
30044831,4,laceration,3,85,138,98,9,98,36.0
30044832,3,anxiety,0,83,134,58,20,95,37.5
30044833,3,laceration,0,91,99,82,15,95,37.6
30044834,3,abdominal pain,1,109,164,77,20,96,38.6
30044835,3,headache,0,85,98,86,15,100,37.8
30044836,3,fever,3,100,95,99,13,98,36.8
30044837,4,fall,6,70,127,66,17,96,37.3
30044838,2,headache,10,102,128,79,15,99,37.3
30044839,3,anxiety,0,92,114,82,19,97,37.2
30044840,2,headache,8,128,88,73,20,98,37.3
30044841,2,abdominal pain,10,121,83,79,16,97,37.2
30044842,3,laceration,2,82,106,75,24,99,37.3
30044843,4,back pain,0,81,141,88,14,96,35.7
30044844,5,chest pain,4,63,88,64,21,92,37.5
30044845,3,knee pain,3,69,112,71,25,93,36.0
30044846,3,chest pain,2,73,124,69,18,90,36.6
30044847,3,headache,0,67,128,61,16,100,36.9
30044848,3,knee pain,2,72,122,48,18,100,37.1
30044849,4,shortness of breath,0,85,139,89,18,98,35.8
30044850,5,headache,3,91,148,86,16,93,36.5
30044851,4,knee pain,0,78,137,63,18,98,38.8
30044852,2,headache,6,98,120,102,16,97,36.6
30044853,3,fever,3,64,113,56,21,99,37.5
30044854,4,headache,5,77,131,77,19,99,37.2
30044855,4,headache,5,78,104,66,10,97,37.2
30044856,3,knee pain,1,80,149,32,22,96,37.0
30044857,3,headache,4,64,133,93,20,99,37.2
30044858,2,back pain,10,79,98,74,22,96,37.9
30044859,3,fall,3,73,84,81,12,99,36.1
30044860,3,chest pain,4,112,138,89,29,94,37.7
30044861,3,laceration,3,77,85,101,14,99,37.2
30044862,2,laceration,10,66,135,62,14,99,36.4
30044863,4,abdominal pain,1,87,110,66,22,97,37.0
30044864,3,anxiety,5,80,129,74,23,97,37.2
30044865,4,knee pain,7,92,125,75,19,100,38.2
30044866,3,fever,0,81,159,83,20,100,38.4
30044867,3,knee pain,3,89,128,92,12,100,36.1
30044868,4,back pain,5,59,126,90,18,98,36.5
30044869,3,anxiety,5,87,106,81,26,98,36.4
30044870,2,knee pain,8,80,119,79,16,99,39.4
30044871,4,abdominal pain,7,93,117,74,22,91,37.4
30044872,4,chest pain,3,83,116,71,18,96,37.1
30044873,3,back pain,4,55,135,82,21,100,36.5
30044874,3,fall,3,78,103,79,15,100,36.0
30044875,4,abdominal pain,4,84,117,57,18,100,38.6
30044876,3,anxiety,7,101,126,70,20,96,36.9
30044877,5,fall,4,88,99,90,15,100,36.3
30044878,3,fall,7,112,107,87,25,98,36.9
30044879,4,headache,7,72,107,66,13,93,37.3
30044880,3,fall,4,105,115,88,21,94,35.6
30044881,3,knee pain,7,66,117,65,14,97,36.9
30044882,4,fever,4,77,125,77,24,95,35.5
30044883,1,abdominal pain,7,75,99,81,21,97,36.4
30044884,5,fever,5,84,91,84,14,98,35.8
30044885,4,fall,3,76,96,81,21,95,37.3
30044886,3,shortness of breath,1,97,84,50,15,100,36.3
30044887,3,knee pain,0,102,127,83,21,97,36.9
30044888,3,knee pain,1,90,151,91,15,97,36.3
30044889,4,abdominal pain,5,67,170,60,24,96,36.4
30044890,3,fall,0,77,124,68,18,98,36.2
30044891,4,laceration,3,62,116,81,22,98,36.4
30044892,1,shortness of breath,10,71,124,81,14,94,37.8
30044893,3,headache,5,108,136,89,19,97,37.8
30044894,3,laceration,4,85,137,90,18,99,37.4
30044895,3,shortness of breath,1,83,112,73,13,96,38.2
30044896,5,chest pain,4,53,156,72,14,99,37.1
30044897,1,shortness of breath,6,45,148,57,22,98,37.5
30044898,4,back pain,6,123,123,82,18,99,36.7
30044899,3,fever,2,70,141,119,15,93,37.4
30044900,5,fever,4,81,109,124,14,97,36.6
30044901,3,laceration,0,98,117,80,25,100,36.1
30044902,5,fall,7,67,110,79,12,96,36.5
30044903,4,fever,7,82,147,80,23,98,37.7
30044904,2,chest pain,6,107,129,67,16,100,37.7
30044905,2,chest pain,9,119,140,82,21,97,35.9
30044906,3,shortness of breath,0,79,156,86,17,97,36.6
30044907,3,abdominal pain,2,83,138,71,17,99,36.3
30044908,4,headache,1,83,119,101,20,99,36.8
30044909,4,fall,6,125,125,97,18,100,37.7
30044910,3,abdominal pain,4,98,121,97,16,94,35.9
30044911,2,back pain,9,79,117,55,12,96,37.3
30044912,3,abdominal pain,7,89,111,63,10,97,35.5
30044913,3,knee pain,2,83,126,78,17,95,36.3
30044914,2,back pain,9,77,95,75,18,99,36.6
30044915,3,abdominal pain,0,92,141,79,17,91,37.1
30044916,4,knee pain,3,92,141,109,24,98,38.2
30044917,3,fever,7,78,150,64,19,98,37.3
30044918,3,abdominal pain,7,112,125,60,20,100,37.8
30044919,2,chest pain,6,72,139,89,21,97,37.1
30044920,3,fever,4,80,147,72,21,94,38.0
30044921,2,anxiety,9,59,124,67,20,94,36.9
30044922,1,fever,7,90,124,73,18,92,38.1
30044923,4,fall,1,87,119,63,12,92,38.0
30044924,3,laceration,5,82,124,79,27,98,37.7
30044925,3,fall,6,84,124,86,26,97,36.5
30044926,3,headache,0,111,131,102,18,100,36.9
30044927,3,abdominal pain,0,77,170,92,21,94,37.4
30044928,3,chest pain,3,92,134,82,20,95,36.2
30044929,4,anxiety,7,65,98,66,10,99,36.8
30044930,4,fall,4,65,113,80,12,98,35.1
30044931,2,fall,10,95,113,54,18,97,36.5
30044932,3,shortness of breath,4,90,98,71,22,96,37.1
30044933,4,laceration,5,92,158,51,15,97,37.4
30044934,2,fever,10,74,139,79,22,99,36.8
30044935,3,fall,4,62,158,83,20,96,37.2
30044936,3,knee pain,7,87,126,93,18,100,36.7
30044937,4,knee pain,1,70,134,76,26,100,37.6
30044938,2,shortness of breath,9,59,110,94,17,100,35.6
30044939,4,headache,5,82,120,95,21,92,35.5
30044940,2,knee pain,8,98,103,71,16,97,37.2
30044941,1,headache,10,99,95,84,18,98,37.4
30044942,2,laceration,10,90,87,61,21,92,36.5
30044943,3,anxiety,5,107,145,73,21,97,37.1
30044944,3,laceration,4,52,129,105,17,99,36.8
30044945,3,headache,6,93,112,85,13,89,39.0
30044946,3,laceration,7,112,113,65,20,98,37.1
30044947,4,fall,4,79,114,81,12,100,37.0
30044948,2,shortness of breath,8,86,154,85,14,96,36.4
30044949,3,shortness of breath,3,91,123,71,12,100,35.7
30044950,2,headache,6,82,124,85,18,96,35.8
30044951,3,laceration,2,109,102,96,22,94,37.7
30044952,4,headache,0,111,121,71,19,99,37.6
30044953,3,back pain,4,97,131,69,20,98,37.5
30044954,2,laceration,10,59,127,86,24,91,36.7
30044955,2,shortness of breath,9,86,136,76,13,96,36.7
30044956,2,fall,9,77,113,64,21,95,36.8
30044957,3,shortness of breath,3,84,132,75,23,96,37.8
30044958,2,anxiety,7,61,119,90,18,100,36.6
30044959,4,headache,1,89,118,100,18,95,37.3
30044960,4,fever,7,88,88,73,20,94,37.9
30044961,3,headache,2,63,159,95,11,100,37.4
30044962,3,laceration,4,97,154,110,13,95,37.8
30044963,3,chest pain,6,107,116,62,20,93,36.2
30044964,3,back pain,2,83,146,88,24,96,37.2
30044965,3,laceration,6,87,125,89,16,99,37.8
30044966,3,fever,1,81,123,72,20,97,37.9
30044967,3,headache,3,75,120,83,21,97,36.5
30044968,4,laceration,2,119,134,81,21,97,37.3
30044969,4,fall,5,74,131,75,14,99,37.1
30044970,3,fever,1,80,119,71,22,95,38.2
30044971,3,fall,4,89,112,94,10,94,37.8
30044972,2,abdominal pain,8,61,117,84,18,100,36.9
30044973,5,chest pain,1,80,159,114,24,95,37.5
30044974,3,back pain,5,88,180,105,17,97,38.2
30044975,3,fall,5,111,146,92,15,100,36.4
30044976,4,fall,5,104,124,85,22,97,36.9
30044977,3,chest pain,4,80,112,63,16,94,37.1
30044978,3,back pain,4,88,154,67,15,98,36.9
30044979,3,back pain,5,110,164,87,19,96,38.0
30044980,2,chest pain,8,63,151,73,14,93,36.0
30044981,5,fall,4,96,157,52,21,98,36.8
30044982,4,abdominal pain,5,89,147,107,10,95,37.9
30044983,2,shortness of breath,6,92,150,65,19,94,36.8
30044984,2,headache,6,50,136,91,19,95,35.8
30044985,4,abdominal pain,1,91,98,96,16,99,37.8
30044986,3,anxiety,2,87,131,78,23,95,36.3
30044987,3,back pain,3,84,136,84,20,96,36.2
30044988,3,shortness of breath,0,88,131,94,16,92,36.3
30044989,3,anxiety,3,76,125,97,19,94,38.2
30044990,2,shortness of breath,9,77,141,74,11,97,37.0
30044991,2,shortness of breath,6,108,127,84,15,98,37.1
30044992,3,knee pain,1,64,123,108,19,92,37.1
30044993,1,abdominal pain,9,87,96,69,14,97,37.5
30044994,1,laceration,7,95,117,87,20,93,37.0
30044995,2,fall,9,74,92,95,22,99,36.0
30044996,3,chest pain,0,79,99,85,15,99,36.9
30044997,3,shortness of breath,7,81,138,72,17,100,37.7
30044998,4,shortness of breath,6,97,91,82,22,98,37.3
30044999,3,laceration,7,92,123,97,14,100,37.6
30045000,3,shortness of breath,4,118,118,89,9,96,37.9
30045001,3,fever,6,95,140,56,20,99,36.2
30045002,4,headache,6,80,109,88,21,92,37.4
30045003,2,fall,8,104,114,78,14,97,36.5
30045004,3,abdominal pain,5,97,122,58,24,95,36.8
30045005,3,abdominal pain,6,114,93,61,10,93,38.4
30045006,4,headache,7,81,127,97,19,98,37.6
30045007,3,back pain,4,71,105,88,17,100,37.4
30045008,3,anxiety,1,86,92,95,23,97,37.5
30045009,3,chest pain,5,86,95,65,18,99,36.8
30045010,3,abdominal pain,3,102,144,89,18,100,37.0
30045011,4,abdominal pain,6,100,133,89,10,100,36.5
30045012,3,knee pain,3,94,102,85,17,94,36.1
30045013,2,abdominal pain,8,67,113,84,19,96,36.3
30045014,3,knee pain,3,76,153,72,24,100,37.1
30045015,4,back pain,2,102,105,84,13,98,37.6
30045016,3,chest pain,1,86,131,97,17,98,35.5
30045017,4,chest pain,1,87,138,77,15,97,37.9
30045018,4,fever,5,96,126,69,24,94,36.9
30045019,2,anxiety,7,60,122,79,19,95,37.4
30045020,4,abdominal pain,7,96,119,109,18,97,36.4
30045021,4,back pain,7,78,93,72,13,99,37.7
30045022,3,fever,1,68,125,85,20,98,36.7
30045023,3,chest pain,4,106,158,84,21,94,37.1
30045024,3,shortness of breath,7,68,147,78,15,100,35.2
30045025,3,laceration,5,82,122,77,20,98,37.1
30045026,3,chest pain,0,91,133,91,19,97,36.9
30045027,5,fall,0,75,126,59,13,96,37.8
30045028,3,abdominal pain,5,98,102,73,17,98,36.5
30045029,1,anxiety,7,91,138,78,21,95,38.4
30045030,4,laceration,5,76,107,74,22,97,35.9
30045031,3,headache,6,100,116,93,19,98,37.6
30045032,3,back pain,1,106,110,65,25,98,37.4
30045033,3,fall,4,80,115,90,15,93,36.2
30045034,4,knee pain,4,112,121,71,18,99,37.4
30045035,5,knee pain,1,96,131,90,19,90,37.9
30045036,3,abdominal pain,2,82,134,85,11,99,35.9
30045037,3,headache,1,73,120,51,18,95,36.9
30045038,4,shortness of breath,0,79,108,69,23,100,36.1
30045039,3,headache,4,90,94,77,12,97,37.7
30045040,4,chest pain,4,69,108,90,8,99,35.9
30045041,3,knee pain,7,55,126,104,18,95,36.4
30045042,1,fall,8,92,120,69,23,100,36.7
30045043,3,laceration,2,77,96,86,19,100,36.7
30045044,2,laceration,7,81,141,55,21,96,37.1
30045045,3,abdominal pain,0,112,116,68,16,95,37.0
30045046,3,knee pain,6,57,127,84,16,100,37.7
30045047,2,knee pain,9,68,126,79,17,96,37.1
30045048,3,laceration,6,92,112,70,17,100,36.9
30045049,3,fall,3,119,131,80,18,97,37.4
30045050,3,headache,0,84,130,87,11,99,35.8
30045051,3,anxiety,6,88,118,88,20,98,36.9
30045052,4,anxiety,1,70,132,85,29,97,37.2
30045053,1,knee pain,8,111,127,113,19,100,36.9
30045054,3,back pain,6,82,96,89,20,99,36.3
30045055,3,headache,4,98,142,77,14,100,34.4
30045056,3,fall,6,79,113,90,16,96,36.0
30045057,2,fall,6,102,108,79,20,100,36.6
30045058,4,knee pain,7,93,116,55,22,96,37.6
30045059,4,abdominal pain,3,100,116,89,17,96,38.1
30045060,3,abdominal pain,3,92,120,60,21,94,38.0
30045061,3,abdominal pain,2,106,130,74,21,96,37.1
30045062,1,fall,10,77,117,63,16,98,38.1
30045063,4,back pain,1,72,121,71,24,94,36.7
30045064,3,knee pain,5,55,109,89,10,97,38.3
30045065,3,anxiety,2,90,148,109,22,100,35.0
30045066,3,anxiety,4,78,111,73,23,99,36.6
30045067,3,anxiety,2,68,102,59,15,95,37.9
30045068,4,fever,1,83,160,88,19,100,36.6
30045069,4,anxiety,4,118,105,71,15,96,37.5
30045070,2,fall,8,84,145,91,19,93,37.4
30045071,3,knee pain,0,92,123,108,16,99,36.0
30045072,3,headache,1,73,129,70,24,97,36.6
30045073,2,knee pain,6,64,160,100,18,95,37.4
30045074,3,fever,4,91,147,68,23,98,37.3
30045075,2,laceration,9,62,112,77,16,96,36.7
30045076,3,anxiety,5,91,101,86,16,92,35.9
30045077,2,shortness of breath,10,71,110,76,24,97,36.8
30045078,2,fever,9,94,100,83,20,96,37.7
30045079,3,laceration,1,98,133,99,23,93,37.5
30045080,3,headache,5,55,123,93,16,100,36.2
30045081,3,chest pain,5,76,127,80,21,98,37.5
30045082,3,fall,6,61,150,59,14,95,36.1
30045083,3,anxiety,7,92,142,74,17,95,37.2
30045084,3,abdominal pain,4,92,111,73,22,100,36.7
30045085,3,anxiety,2,72,122,85,8,94,37.3
30045086,3,knee pain,0,84,118,59,22,92,36.7
30045087,5,knee pain,5,60,109,111,22,99,38.4
30045088,3,abdominal pain,1,87,143,91,11,93,37.5
30045089,5,back pain,0,79,115,98,24,98,35.9
30045090,3,abdominal pain,6,54,103,57,20,97,37.2
30045091,1,laceration,9,97,93,76,17,94,36.1
30045092,4,abdominal pain,2,80,122,81,14,92,37.0
30045093,5,anxiety,3,75,114,101,14,96,37.3
30045094,3,knee pain,2,80,112,73,17,99,35.7
30045095,5,abdominal pain,7,116,123,82,11,99,38.1
30045096,4,back pain,2,68,125,51,18,100,35.8
30045097,3,chest pain,6,90,139,96,11,95,38.3
30045098,3,chest pain,6,102,144,88,25,95,36.4
30045099,2,fever,9,83,143,64,21,93,35.3
30045100,3,chest pain,1,106,140,70,19,97,36.1
30045101,3,laceration,3,97,131,91,23,99,37.8
30045102,2,headache,9,93,107,70,16,99,37.3
30045103,3,knee pain,3,92,115,68,11,100,37.9
30045104,3,headache,7,93,152,55,13,99,35.7
30045105,1,chest pain,7,97,113,84,20,99,35.8
30045106,2,back pain,9,67,150,81,18,96,36.4
30045107,3,fever,1,65,119,72,15,100,37.0
30045108,5,fever,1,102,172,75,12,99,38.8
30045109,3,abdominal pain,2,50,96,77,21,100,36.4
30045110,3,chest pain,2,93,120,72,13,98,36.8
30045111,3,anxiety,1,109,144,73,17,100,37.2
30045112,3,fever,3,99,140,69,16,100,37.8
30045113,4,fall,0,82,89,91,17,99,36.6
30045114,4,fever,0,97,140,88,16,96,38.2
30045115,3,headache,2,103,158,81,18,97,37.4
30045116,4,anxiety,3,90,95,84,15,100,37.3
30045117,3,abdominal pain,7,79,116,76,20,99,38.7
30045118,4,back pain,7,70,133,89,21,94,37.3
30045119,4,headache,0,101,107,50,19,95,37.4
30045120,4,chest pain,2,71,111,97,14,100,38.5
30045121,3,knee pain,5,97,115,74,15,99,36.3
30045122,2,laceration,9,102,155,49,23,91,37.6
30045123,2,laceration,8,92,122,98,9,98,36.2
30045124,4,fall,5,68,115,79,15,97,37.3
30045125,3,chest pain,1,82,133,93,19,98,36.9
30045126,3,laceration,1,55,127,79,20,92,37.2
30045127,3,chest pain,4,85,122,86,25,96,36.3
30045128,3,headache,5,103,143,74,22,100,37.1
30045129,2,abdominal pain,10,94,86,92,16,100,37.0
30045130,3,fall,0,67,128,88,21,98,36.3
30045131,3,fever,1,86,144,76,17,100,36.3
30045132,1,fall,9,80,145,80,12,96,37.8
30045133,2,laceration,9,80,160,80,18,94,36.7
30045134,3,shortness of breath,0,93,99,65,25,96,36.5
30045135,3,shortness of breath,6,66,112,56,20,99,37.0
30045136,5,laceration,1,95,126,72,19,97,37.2
30045137,4,anxiety,2,114,110,77,13,100,37.7
30045138,4,headache,0,65,113,59,15,98,37.3
30045139,3,headache,4,96,124,77,19,100,36.7
30045140,2,knee pain,8,81,122,56,18,93,36.5
30045141,3,fever,1,69,114,76,17,98,36.3
30045142,3,headache,2,89,122,82,19,100,37.7
30045143,1,back pain,7,113,137,80,22,100,36.5
30045144,3,chest pain,0,104,115,91,24,95,38.0
30045145,3,knee pain,4,105,123,59,16,95,35.0
30045146,2,abdominal pain,9,100,155,103,14,100,37.5
30045147,3,fever,7,73,145,100,19,95,38.7
30045148,2,knee pain,6,87,131,66,23,98,37.3
30045149,4,laceration,7,92,154,59,19,99,37.9
30045150,3,abdominal pain,6,116,129,62,16,99,37.6
30045151,3,laceration,2,106,106,72,20,99,35.3
30045152,3,chest pain,2,40,101,85,15,99,36.9
30045153,2,anxiety,9,73,139,87,21,97,37.0
30045154,1,chest pain,6,108,152,100,22,98,37.7
30045155,4,anxiety,3,70,112,88,19,94,38.3
30045156,3,abdominal pain,5,90,129,102,18,89,36.3
30045157,4,fever,6,60,127,71,23,98,37.2
30045158,3,chest pain,3,63,136,103,24,100,37.8
30045159,2,fever,9,108,107,83,19,99,37.9
30045160,4,fever,5,68,129,101,14,90,36.7
30045161,4,back pain,6,78,127,93,10,100,36.4
30045162,3,knee pain,1,88,158,78,16,92,36.9
30045163,3,fall,5,75,125,90,27,96,37.0
30045164,2,knee pain,10,83,139,85,21,98,36.7
30045165,3,anxiety,0,83,149,96,21,96,36.3
30045166,3,back pain,6,92,75,71,19,98,36.8
30045167,4,anxiety,7,62,139,110,17,96,38.9
30045168,3,knee pain,4,73,107,64,18,100,36.6
30045169,2,abdominal pain,10,64,119,93,7,98,37.1
30045170,3,chest pain,6,96,98,78,14,100,37.7
30045171,3,laceration,5,76,99,83,30,100,36.9
30045172,3,chest pain,5,97,117,92,17,96,37.1
30045173,3,fall,5,75,109,66,14,97,37.2
30045174,2,shortness of breath,6,72,141,86,18,95,36.1
30045175,4,knee pain,0,84,128,70,20,99,37.5
30045176,2,knee pain,7,104,171,93,18,93,38.0
30045177,4,fever,4,113,112,76,20,100,36.9
30045178,2,laceration,9,78,109,70,17,97,38.1
30045179,2,laceration,6,103,123,92,18,100,37.5
30045180,3,back pain,2,75,135,95,13,99,36.8
30045181,2,headache,6,82,107,97,17,99,37.5
30045182,4,fall,1,68,166,72,17,100,36.2
30045183,3,laceration,7,88,128,121,16,98,36.2
30045184,2,fever,10,57,100,82,26,92,37.3
30045185,2,laceration,10,87,100,42,23,96,37.3
30045186,3,laceration,0,72,144,82,21,100,36.8
30045187,3,headache,7,98,138,70,18,100,36.9
30045188,3,chest pain,5,88,141,93,16,93,38.6
30045189,2,headache,9,89,121,82,27,95,36.5
30045190,3,chest pain,0,114,136,79,14,96,37.9
30045191,3,headache,5,99,101,73,19,96,37.1
30045192,3,anxiety,0,94,110,62,13,100,36.9
30045193,1,abdominal pain,6,79,154,72,15,95,36.5
30045194,4,fall,5,63,148,53,13,94,35.8
30045195,1,fever,9,93,151,78,21,98,35.9
30045196,2,back pain,6,70,128,86,9,92,37.6
30045197,3,back pain,0,110,141,53,16,96,37.1
30045198,1,anxiety,6,104,126,88,21,100,36.9
30045199,3,back pain,1,105,104,79,14,96,37.5
30045200,3,chest pain,4,94,151,55,18,100,36.9
30045201,3,back pain,5,79,150,68,14,96,36.4
30045202,3,chest pain,3,93,129,72,19,97,37.3
30045203,5,anxiety,2,90,159,67,20,98,38.1
30045204,2,knee pain,9,84,124,66,18,92,37.1
30045205,3,knee pain,0,120,123,78,16,97,36.8
30045206,3,anxiety,2,92,138,85,17,98,36.6
30045207,3,abdominal pain,1,64,159,90,22,98,36.7
30045208,3,abdominal pain,5,98,113,61,17,94,35.9
30045209,3,abdominal pain,4,79,139,63,12,100,36.8
30045210,4,anxiety,4,91,158,61,27,93,36.9
30045211,2,back pain,10,109,86,99,23,93,38.1
30045212,3,anxiety,6,76,92,97,14,97,36.0
30045213,2,fall,10,76,114,76,19,98,37.2
30045214,3,knee pain,0,81,89,91,15,100,37.0
30045215,2,anxiety,6,80,154,64,13,100,38.3
30045216,4,abdominal pain,6,107,125,77,13,100,37.5
30045217,3,laceration,6,79,107,62,19,100,38.0
30045218,4,fall,3,91,128,105,14,96,37.8
30045219,2,back pain,6,88,133,105,17,95,36.4
30045220,3,chest pain,0,109,127,79,16,94,35.6
30045221,3,back pain,4,118,95,66,18,93,36.4
30045222,2,laceration,10,83,116,72,15,92,38.4
30045223,2,headache,9,60,117,79,22,95,37.6
30045224,2,chest pain,7,81,149,81,19,99,39.0
30045225,3,abdominal pain,0,83,77,73,18,100,37.4
30045226,3,headache,7,75,161,91,19,100,37.4
30045227,3,fall,0,78,165,105,8,97,37.1
30045228,4,shortness of breath,6,82,101,57,24,100,36.3
30045229,3,shortness of breath,0,77,118,98,19,98,37.1
30045230,3,fever,7,120,127,74,20,96,36.6
30045231,5,fall,4,76,123,76,24,100,35.6
30045232,2,shortness of breath,8,105,86,56,9,97,38.0
30045233,2,fever,9,74,140,73,13,95,36.9
30045234,2,back pain,8,96,112,75,16,93,36.9
30045235,4,back pain,4,81,107,73,16,93,36.8
30045236,3,back pain,6,94,156,78,13,100,37.3
30045237,2,headache,7,96,106,91,25,100,37.9
30045238,2,chest pain,8,90,119,76,20,98,37.9
30045239,3,abdominal pain,5,76,130,77,18,97,36.5
30045240,4,anxiety,5,67,102,90,19,100,38.7
30045241,3,headache,4,90,142,70,20,100,37.7
30045242,4,shortness of breath,2,77,154,79,18,98,36.8
30045243,2,fever,8,101,130,59,15,100,37.0
30045244,3,knee pain,7,88,109,72,27,95,36.1
30045245,3,fever,6,89,162,78,13,98,37.6
30045246,2,abdominal pain,9,76,79,84,17,98,37.2
30045247,2,laceration,7,86,131,102,18,93,37.7
30045248,3,chest pain,4,70,122,80,8,100,37.2
30045249,3,headache,1,76,143,58,17,96,36.4
30045250,3,shortness of breath,7,64,123,94,22,95,38.8
30045251,3,knee pain,3,88,137,70,24,95,36.3
30045252,3,abdominal pain,5,72,122,107,13,98,38.3
30045253,3,back pain,3,99,105,89,19,95,36.0
30045254,3,back pain,2,102,120,79,22,97,38.0
30045255,4,back pain,6,84,144,96,23,94,36.9
30045256,3,abdominal pain,4,67,109,89,20,93,36.5
30045257,3,laceration,1,66,112,97,16,91,35.6
30045258,2,shortness of breath,7,123,131,76,21,99,37.8
30045259,3,fever,0,101,125,86,22,88,36.2
30045260,3,laceration,5,81,131,77,19,96,35.4
30045261,1,knee pain,6,80,127,82,21,97,34.5
30045262,2,laceration,9,89,137,77,18,99,37.3
30045263,3,chest pain,4,68,118,77,15,99,36.4
30045264,3,fall,6,103,130,76,15,95,36.8
30045265,3,abdominal pain,3,78,113,64,20,91,37.3
30045266,4,anxiety,2,97,99,111,21,95,36.8
30045267,3,shortness of breath,3,77,170,97,18,99,37.9
30045268,3,headache,7,67,124,67,15,99,37.7
30045269,2,chest pain,6,79,146,68,19,99,37.1
30045270,4,fever,7,109,107,76,14,97,36.1
30045271,3,chest pain,7,98,148,71,20,97,35.4
30045272,4,fever,2,89,67,96,17,98,36.6
30045273,2,anxiety,9,82,136,71,20,100,37.8
30045274,1,fall,9,110,110,78,17,96,36.8
30045275,3,abdominal pain,1,116,168,99,15,99,36.6
30045276,3,abdominal pain,4,94,128,96,20,96,36.1
30045277,2,abdominal pain,9,81,123,60,22,94,36.8
30045278,2,fall,8,88,115,113,17,97,37.7
30045279,3,back pain,4,86,126,90,11,94,36.6
30045280,2,headache,9,79,126,97,12,98,36.8
30045281,2,shortness of breath,6,90,136,114,15,96,37.9
30045282,3,shortness of breath,5,99,137,83,9,98,37.1
30045283,3,headache,3,86,141,78,18,98,37.4
30045284,1,chest pain,8,85,132,77,16,95,37.3
30045285,3,laceration,2,95,106,86,24,92,38.5
30045286,3,anxiety,3,88,125,98,23,100,37.1
30045287,2,back pain,8,67,127,96,19,100,37.3
30045288,3,shortness of breath,0,98,152,73,19,100,36.4
30045289,2,anxiety,9,96,117,66,20,98,36.5
30045290,3,back pain,1,101,114,74,11,97,36.9
30045291,3,laceration,7,107,112,101,15,91,36.3
30045292,3,chest pain,4,62,119,95,18,100,36.7
30045293,3,fever,3,93,128,82,18,100,37.0
30045294,3,abdominal pain,0,71,129,65,18,100,36.6
30045295,4,fall,5,70,115,78,11,95,37.5
30045296,3,headache,3,72,150,85,24,92,36.2
30045297,3,fever,1,83,143,79,15,98,37.0
30045298,3,knee pain,3,90,157,83,24,97,37.8
30045299,3,anxiety,0,66,113,86,10,97,36.5
30045300,3,shortness of breath,2,68,142,73,18,100,37.2
30045301,4,headache,4,88,144,105,9,93,37.2
30045302,3,back pain,3,78,108,75,20,97,36.8
30045303,2,laceration,8,82,139,92,21,98,37.5
30045304,3,abdominal pain,3,96,98,69,15,98,36.8
30045305,4,shortness of breath,5,85,152,78,16,96,37.2
30045306,4,knee pain,0,67,124,90,22,97,36.3
30045307,4,abdominal pain,3,108,152,80,24,96,35.9
30045308,4,headache,0,75,113,84,17,95,36.1
30045309,3,shortness of breath,5,106,131,71,11,98,37.6
30045310,4,back pain,1,89,108,83,27,93,36.5
30045311,3,knee pain,1,83,151,57,9,100,37.0
30045312,5,abdominal pain,3,91,125,72,22,100,36.0
30045313,3,abdominal pain,3,55,156,100,21,100,37.7
30045314,3,headache,6,103,137,78,26,95,39.2
30045315,4,anxiety,6,103,154,48,16,100,35.2
30045316,4,fall,3,105,103,57,20,97,37.6
30045317,3,shortness of breath,5,99,127,76,20,100,36.8
30045318,4,fever,7,91,121,83,21,88,37.1
30045319,5,anxiety,5,102,131,63,19,98,36.7
30045320,4,fall,4,84,121,79,14,98,37.2
30045321,3,knee pain,4,81,122,77,16,95,36.6
30045322,3,fever,2,87,179,77,22,94,36.3
30045323,1,anxiety,10,92,137,54,21,97,36.3
30045324,5,back pain,4,83,152,68,10,98,37.6
30045325,3,headache,2,69,133,72,22,90,38.0
30045326,2,anxiety,8,69,141,90,13,100,37.1
30045327,5,chest pain,1,96,113,86,19,91,36.9
30045328,2,headache,6,132,121,94,21,100,36.8
30045329,3,anxiety,1,80,147,102,16,95,38.3
30045330,4,headache,3,79,114,54,15,96,36.3
30045331,2,abdominal pain,10,79,159,98,15,97,37.3
30045332,3,knee pain,7,85,146,83,22,97,37.9
30045333,3,shortness of breath,6,105,122,98,11,96,35.9
30045334,3,fall,2,88,118,108,14,98,36.4
30045335,1,fall,10,81,122,113,19,97,37.3
30045336,2,headache,8,102,110,70,17,98,35.5
30045337,5,back pain,5,102,146,81,24,97,37.0
30045338,5,abdominal pain,7,72,144,66,20,98,37.7
30045339,4,back pain,5,122,124,110,12,96,37.5
30045340,3,knee pain,2,107,136,82,21,93,37.2
30045341,3,knee pain,4,91,116,88,21,93,36.6
30045342,3,back pain,5,80,115,79,17,94,37.1
30045343,1,anxiety,7,78,132,88,16,99,35.3
30045344,3,shortness of breath,7,99,135,94,20,96,36.4
30045345,3,fever,2,106,105,58,15,96,35.7
30045346,3,knee pain,3,98,116,58,14,96,34.8
30045347,5,back pain,3,83,139,77,19,100,38.0
30045348,1,knee pain,6,98,135,71,14,96,36.4
30045349,4,headache,4,116,137,112,17,100,37.0
30045350,3,knee pain,5,90,85,68,23,94,36.0
30045351,4,headache,5,99,138,81,18,92,36.1
30045352,3,chest pain,5,106,103,94,16,97,38.1
30045353,4,fever,5,109,112,104,14,99,37.6
30045354,3,fall,0,92,114,104,17,92,35.8
30045355,3,headache,5,99,102,111,23,93,37.8
30045356,2,chest pain,8,84,132,105,16,94,36.9
30045357,2,abdominal pain,10,73,124,73,12,98,38.1
30045358,4,shortness of breath,6,97,101,105,18,95,37.7
30045359,4,shortness of breath,3,128,133,62,13,95,38.2
30045360,4,laceration,6,75,134,62,20,96,37.7
30045361,3,laceration,6,78,129,79,24,96,38.3
30045362,3,abdominal pain,7,93,119,58,17,93,37.2
30045363,2,chest pain,9,108,150,89,18,100,36.6
30045364,3,laceration,7,79,112,60,23,93,37.5
30045365,3,fever,1,63,103,79,22,96,38.2
30045366,3,fever,4,86,111,77,19,92,37.6
30045367,3,anxiety,3,85,132,60,12,95,37.0
30045368,3,laceration,4,78,129,70,22,97,35.9
30045369,3,headache,5,114,134,71,18,99,36.5
30045370,2,abdominal pain,9,82,128,93,17,96,37.8
30045371,4,chest pain,2,76,109,87,20,93,35.8
30045372,3,fever,7,88,105,80,25,98,37.6
30045373,3,fever,5,100,112,85,19,94,35.4
30045374,4,abdominal pain,5,93,134,74,17,97,37.2
30045375,3,abdominal pain,6,83,175,74,18,100,35.5
30045376,3,back pain,2,83,105,84,23,97,37.6
30045377,3,chest pain,7,100,128,76,29,94,37.3
30045378,4,shortness of breath,1,78,104,79,15,89,37.0
30045379,2,fever,6,93,121,87,19,97,37.8
30045380,3,headache,4,94,116,65,22,95,36.9
30045381,3,back pain,3,88,110,92,16,95,37.0
30045382,4,fever,7,91,143,85,17,95,37.1
30045383,3,knee pain,0,91,119,112,19,94,37.7
30045384,4,chest pain,6,91,145,101,16,98,37.5
30045385,4,chest pain,4,84,104,90,19,96,37.2
30045386,3,fever,3,75,94,72,16,95,35.7
30045387,4,back pain,6,93,133,67,12,100,37.0
30045388,3,back pain,0,61,89,76,19,98,36.2
30045389,3,fall,4,58,89,90,16,98,37.0
30045390,3,laceration,4,87,107,72,19,100,36.1
30045391,3,knee pain,0,90,124,71,18,96,36.8
30045392,3,abdominal pain,0,53,125,103,18,97,36.1
30045393,3,fall,6,67,100,85,23,97,37.7
30045394,3,fall,2,96,98,61,12,99,37.2
30045395,3,knee pain,6,83,136,87,17,96,38.3
30045396,3,fever,3,77,118,87,15,98,38.2
30045397,2,fever,10,95,139,77,18,98,37.4
30045398,2,laceration,7,107,131,54,17,97,36.5
30045399,4,fall,0,88,132,103,5,100,37.5
30045400,3,back pain,5,94,71,57,14,94,36.4
30045401,4,knee pain,0,73,162,75,23,94,37.6
30045402,3,abdominal pain,3,70,163,81,20,100,37.5
30045403,4,fever,7,80,124,105,9,98,36.9
30045404,3,abdominal pain,6,103,98,101,15,100,37.0
30045405,3,chest pain,2,79,118,90,24,97,35.6
30045406,3,knee pain,3,113,125,82,6,99,37.3
30045407,3,abdominal pain,5,89,133,85,13,92,37.1
30045408,3,back pain,0,92,103,68,18,100,36.7
30045409,3,laceration,7,107,137,104,12,99,35.9
30045410,4,shortness of breath,2,78,107,88,17,99,37.3
30045411,3,knee pain,4,65,119,83,17,97,37.5
30045412,3,anxiety,2,94,131,63,19,100,38.0
30045413,3,chest pain,7,93,117,84,23,99,36.4
30045414,4,headache,0,68,133,79,22,95,36.7
30045415,3,fever,0,117,116,94,15,100,38.8
30045416,3,chest pain,4,80,86,62,15,95,35.9
30045417,2,chest pain,6,98,135,99,17,100,36.5
30045418,3,fever,1,103,142,80,19,98,37.4
30045419,3,headache,1,106,105,73,21,94,36.6
30045420,4,laceration,4,79,159,102,23,100,36.4
30045421,3,back pain,7,88,171,93,27,97,36.2
30045422,2,fall,6,72,103,81,18,100,36.7
30045423,3,shortness of breath,6,99,138,97,14,98,36.0
30045424,2,knee pain,7,90,106,64,17,96,37.3
30045425,3,back pain,6,71,123,62,21,100,35.6
30045426,3,anxiety,6,90,114,66,12,97,37.0
30045427,3,laceration,4,80,137,67,17,93,38.0
30045428,2,knee pain,10,82,121,84,19,98,36.6
30045429,4,fall,4,111,98,112,12,94,36.3
30045430,2,shortness of breath,8,97,115,103,16,97,37.1
30045431,2,fall,7,68,145,56,17,98,37.6
30045432,4,fever,2,87,127,99,20,94,36.2
30045433,2,knee pain,6,96,117,76,22,93,37.2
30045434,4,headache,3,86,149,89,24,98,37.1
30045435,2,headache,10,70,125,66,14,93,36.6
30045436,4,fever,2,88,105,72,16,96,37.5
30045437,2,laceration,9,84,104,64,16,98,34.6
30045438,3,abdominal pain,4,75,122,67,18,92,37.1
30045439,3,anxiety,0,78,116,91,17,92,37.2
30045440,3,fall,7,82,103,103,10,96,35.8
30045441,3,laceration,7,73,113,60,17,90,37.4
30045442,3,headache,2,98,122,72,21,96,35.9
30045443,4,chest pain,4,67,118,73,20,98,35.9
30045444,3,chest pain,5,93,133,74,22,100,37.2
30045445,4,back pain,4,100,127,81,16,98,37.3
30045446,3,fall,2,104,117,96,18,99,37.1
30045447,3,headache,1,86,135,60,22,94,37.5
30045448,3,headache,1,91,126,119,16,93,37.5
30045449,4,abdominal pain,6,102,170,59,18,95,38.4
30045450,4,headache,6,88,120,68,11,100,37.0
30045451,4,headache,7,76,119,38,18,100,37.1
30045452,2,shortness of breath,10,59,114,92,20,94,37.1
30045453,4,back pain,3,61,89,80,16,93,36.4
30045454,3,laceration,1,104,161,99,22,99,37.0
30045455,3,laceration,5,83,134,62,6,95,35.7
30045456,3,chest pain,3,68,80,89,18,92,36.9
30045457,3,shortness of breath,7,85,149,108,24,93,37.0
30045458,3,back pain,4,76,124,106,22,97,36.7
30045459,2,shortness of breath,8,77,93,82,17,92,37.1
30045460,2,shortness of breath,10,89,90,87,17,97,36.4
30045461,3,anxiety,5,95,123,76,19,94,37.1
30045462,1,headache,6,86,118,99,17,100,37.9
30045463,1,headache,10,88,147,96,18,100,37.8
30045464,4,chest pain,5,86,100,98,15,95,37.1
30045465,3,shortness of breath,1,84,161,94,20,97,37.2
30045466,1,back pain,6,84,124,92,16,94,36.8
30045467,4,back pain,4,100,128,55,16,97,37.5
30045468,2,chest pain,7,103,113,87,18,100,37.7
30045469,2,laceration,9,73,105,77,23,99,36.2
30045470,3,fall,0,88,124,74,18,93,37.6
30045471,3,chest pain,5,76,111,93,16,98,37.3
30045472,3,fall,2,88,109,93,23,96,37.1
30045473,5,fever,4,89,135,88,14,95,37.6
30045474,2,fever,9,67,117,75,25,99,38.8
30045475,3,shortness of breath,6,79,147,84,12,95,35.5
30045476,2,laceration,8,108,87,69,22,100,37.6
30045477,4,fall,4,75,149,83,25,98,37.4
30045478,3,shortness of breath,7,77,171,59,12,92,36.8
30045479,4,shortness of breath,5,73,150,69,19,100,36.6
30045480,2,shortness of breath,6,73,155,78,21,96,38.4
30045481,5,abdominal pain,7,77,125,80,15,98,35.9
30045482,2,laceration,6,76,125,92,13,99,36.7
30045483,3,abdominal pain,2,74,132,65,24,98,37.8
30045484,3,chest pain,6,92,125,90,16,97,36.3
30045485,2,anxiety,10,91,162,61,18,100,36.7
30045486,3,fever,4,80,139,98,22,92,37.1
30045487,3,knee pain,7,94,139,102,18,95,36.5
30045488,3,fall,4,83,125,69,15,97,37.7
30045489,2,headache,8,82,133,73,23,97,36.7
30045490,3,anxiety,1,72,129,87,22,98,37.7
30045491,3,chest pain,6,65,122,85,23,96,38.0
30045492,4,chest pain,6,100,129,94,24,100,36.6
30045493,3,fall,6,66,97,84,10,100,36.7
30045494,3,chest pain,3,94,143,77,21,98,37.0
30045495,5,knee pain,0,78,139,63,19,99,37.1
30045496,3,headache,7,72,125,95,26,93,38.3
30045497,4,abdominal pain,3,98,96,75,16,97,37.3
30045498,2,headache,7,60,138,65,17,98,37.5
30045499,3,headache,5,71,137,95,17,98,37.6
30045500,2,back pain,6,75,162,87,11,100,37.8
30045501,3,knee pain,3,82,146,100,19,94,35.3
30045502,3,fever,7,93,87,76,12,100,37.6
30045503,3,laceration,2,92,134,97,18,97,35.8
30045504,5,fever,4,72,145,82,16,91,36.8
30045505,3,fever,7,71,162,75,21,94,37.5
30045506,2,laceration,9,68,110,75,28,98,35.6
30045507,3,fall,5,101,126,73,27,97,36.7
30045508,4,fall,3,85,137,76,17,98,37.0
30045509,3,laceration,0,102,121,66,17,100,36.7
30045510,4,knee pain,7,89,117,116,15,99,37.6
30045511,4,back pain,5,88,110,65,14,98,36.4
30045512,1,knee pain,8,83,102,75,35,94,35.9
30045513,1,fever,6,91,121,95,20,98,38.1
30045514,3,fever,6,83,149,44,20,97,37.1
30045515,3,chest pain,5,77,144,73,14,99,37.6
30045516,3,laceration,4,95,140,82,25,97,36.1
30045517,4,headache,0,108,169,70,19,95,37.7
30045518,1,knee pain,9,66,136,60,22,99,37.5
30045519,2,shortness of breath,9,81,93,95,15,100,36.7
30045520,3,back pain,7,71,99,74,13,100,36.9
30045521,3,anxiety,4,62,122,72,18,100,37.1
30045522,4,chest pain,7,103,130,90,16,94,37.0
30045523,4,anxiety,4,107,103,72,18,96,37.9
30045524,3,shortness of breath,6,75,98,57,18,95,37.7
30045525,3,shortness of breath,2,105,133,83,17,95,37.4
30045526,4,fever,7,60,119,94,14,94,36.7
30045527,4,fever,6,68,167,83,22,98,37.1
30045528,4,anxiety,1,79,108,72,20,96,36.2
30045529,4,chest pain,1,64,119,64,26,97,37.5
30045530,4,abdominal pain,3,90,90,75,15,96,37.2
30045531,3,anxiety,3,121,139,67,16,97,37.7
30045532,3,headache,5,97,84,57,16,94,37.6
30045533,3,anxiety,3,35,107,82,22,99,37.2
30045534,2,headache,6,86,124,71,17,99,37.0
30045535,3,knee pain,1,104,104,82,14,98,36.7
30045536,3,abdominal pain,4,89,107,91,17,95,36.3
30045537,3,shortness of breath,0,79,143,74,14,93,37.6
30045538,4,knee pain,1,104,145,86,15,96,37.9
30045539,1,fever,9,46,121,83,14,100,37.0
30045540,3,fever,2,91,147,46,23,92,36.3
30045541,3,laceration,2,71,141,60,19,92,36.7
30045542,2,anxiety,9,105,168,42,17,97,37.6
30045543,3,knee pain,6,101,138,79,12,90,36.8
30045544,3,abdominal pain,1,89,125,80,19,98,36.7
30045545,1,back pain,7,94,138,73,15,95,37.4
30045546,3,laceration,6,84,138,74,10,94,37.6
30045547,3,fever,2,95,100,88,27,100,36.7
30045548,3,fever,5,94,74,66,16,99,37.9
30045549,3,fall,1,95,112,83,20,98,36.0
30045550,3,fall,4,91,106,68,21,98,36.9
30045551,2,fall,7,91,122,115,17,100,36.7
30045552,3,laceration,0,84,135,78,17,95,36.7
30045553,3,headache,0,109,114,75,19,93,37.9
30045554,3,anxiety,7,93,137,74,19,97,37.7
30045555,2,abdominal pain,6,93,127,85,18,93,36.4
30045556,3,anxiety,7,99,99,94,22,100,36.2
30045557,5,abdominal pain,2,89,147,56,16,98,36.3
30045558,3,fever,0,84,113,83,16,92,36.9
30045559,3,shortness of breath,6,88,149,49,17,97,38.3
30045560,3,fever,6,112,155,91,12,95,36.0
30045561,1,abdominal pain,8,74,144,55,16,95,38.8
30045562,4,headache,6,72,124,90,16,100,37.8
30045563,3,shortness of breath,0,89,150,80,18,94,37.2
30045564,3,back pain,2,82,128,63,21,100,37.2
30045565,2,fever,6,74,160,111,22,94,35.1
30045566,4,headache,5,70,112,66,19,95,37.7
30045567,2,laceration,6,110,123,114,16,98,36.6
30045568,4,fever,3,102,122,77,10,93,37.2
30045569,3,knee pain,3,55,130,64,21,96,36.9
30045570,1,fall,8,70,92,73,18,99,37.1
30045571,4,knee pain,4,58,134,76,23,92,35.9
30045572,4,chest pain,7,99,51,102,16,94,36.7
30045573,3,knee pain,3,72,128,83,18,100,36.6
30045574,4,headache,1,80,117,53,18,99,38.0
30045575,4,fever,3,92,129,85,22,100,36.1
30045576,2,headache,10,95,147,88,10,93,35.3
30045577,3,laceration,6,73,142,89,19,100,37.3
30045578,4,chest pain,3,77,80,95,18,97,36.7
30045579,4,shortness of breath,4,73,117,91,19,98,36.7
30045580,3,fever,5,105,126,92,17,97,37.0
30045581,3,fall,6,120,121,98,17,98,37.8
30045582,4,headache,1,91,123,106,21,93,37.1
30045583,1,chest pain,8,108,134,80,13,100,36.8
30045584,4,headache,6,116,106,102,13,94,36.0
30045585,3,abdominal pain,5,98,144,88,13,96,37.0
30045586,3,abdominal pain,5,94,130,89,22,94,38.3
30045587,3,fall,0,73,129,103,19,95,37.4
30045588,2,abdominal pain,8,72,117,51,20,100,37.9
30045589,3,knee pain,3,76,118,83,23,88,38.0
30045590,3,fever,2,94,137,73,18,93,36.9
30045591,4,abdominal pain,7,63,143,56,10,97,35.3
30045592,2,back pain,10,66,143,90,18,93,36.3
30045593,3,back pain,4,92,110,111,18,94,36.6
30045594,2,anxiety,8,98,122,76,15,97,35.4
30045595,3,fall,2,94,120,58,14,96,37.3
30045596,4,knee pain,1,105,163,110,19,97,37.0
30045597,3,headache,7,90,135,98,15,96,36.9
30045598,3,back pain,3,82,134,98,11,99,37.6
30045599,4,knee pain,3,73,129,69,13,99,37.8
30045600,3,fall,4,66,140,88,16,100,37.5
30045601,4,knee pain,1,83,144,93,8,98,36.9
30045602,2,laceration,6,77,137,54,27,97,39.1
30045603,2,chest pain,7,97,122,78,22,100,36.8
30045604,3,back pain,4,75,103,96,20,96,35.3
30045605,3,fall,5,85,89,71,18,98,36.7
30045606,4,headache,6,65,132,61,15,93,38.4
30045607,3,abdominal pain,6,105,115,73,9,99,37.1
30045608,3,laceration,6,106,104,99,24,100,37.0
30045609,3,laceration,5,79,159,85,16,100,37.1
30045610,3,fall,1,100,117,88,15,99,37.2
30045611,2,chest pain,10,56,100,104,16,93,37.4
30045612,1,headache,6,73,124,77,20,95,38.8
30045613,2,knee pain,6,75,140,58,16,99,36.7
30045614,3,chest pain,5,85,126,59,15,97,36.8
30045615,4,shortness of breath,1,98,95,96,15,93,37.2
30045616,3,anxiety,2,73,91,75,16,95,37.8
30045617,2,knee pain,7,80,128,91,19,97,36.6
30045618,3,headache,3,87,150,89,17,96,37.8
30045619,3,shortness of breath,2,66,97,95,13,92,35.8
30045620,5,anxiety,6,107,144,114,26,96,38.0
30045621,3,anxiety,7,48,151,67,28,95,37.4
30045622,2,shortness of breath,8,89,94,83,14,94,36.5
30045623,2,shortness of breath,8,65,127,99,19,94,36.9
30045624,3,chest pain,6,100,102,89,17,95,36.2
30045625,4,abdominal pain,5,77,104,85,13,97,37.4
30045626,4,fever,3,103,189,97,17,92,36.3
30045627,3,abdominal pain,2,95,101,82,18,100,36.9
30045628,4,fall,7,89,125,90,17,98,36.0
30045629,1,fever,9,92,121,86,15,98,37.7
30045630,3,shortness of breath,0,106,149,57,14,99,36.5
30045631,3,back pain,7,65,118,59,23,93,37.2
30045632,3,fall,2,85,94,87,19,98,36.3
30045633,3,abdominal pain,0,82,102,88,21,99,37.3
30045634,3,chest pain,4,92,134,55,22,98,36.1
30045635,3,fall,3,71,111,94,19,99,37.4
30045636,3,abdominal pain,1,88,115,75,17,100,37.5
30045637,3,chest pain,4,120,113,80,20,98,37.6
30045638,3,knee pain,7,119,150,95,18,96,36.6
30045639,1,anxiety,7,64,129,95,18,98,37.5
30045640,2,back pain,6,80,136,109,20,97,37.3
30045641,2,chest pain,9,85,136,87,21,95,35.4
30045642,3,fall,2,96,135,75,21,97,36.0
30045643,4,headache,1,107,145,107,15,95,37.2
30045644,1,shortness of breath,6,83,122,82,11,96,38.0
30045645,3,chest pain,1,98,128,86,12,95,37.1
30045646,3,shortness of breath,4,89,144,114,20,97,37.5
30045647,3,laceration,1,102,133,70,15,99,36.2
30045648,3,knee pain,3,72,130,73,21,94,37.5
30045649,3,back pain,1,95,158,78,19,99,36.9
30045650,4,shortness of breath,6,80,164,117,17,90,36.5
30045651,2,fever,6,103,95,25,20,100,37.1
30045652,5,back pain,7,98,119,73,13,96,37.4
30045653,4,abdominal pain,5,83,153,95,18,95,36.6
30045654,2,headache,9,119,99,77,23,98,37.4
30045655,4,laceration,6,93,61,89,22,93,37.0
30045656,4,anxiety,7,87,130,91,14,93,36.6
30045657,3,laceration,3,86,113,93,24,96,37.5
30045658,4,headache,5,73,141,74,15,99,38.9
30045659,3,chest pain,0,91,129,101,6,99,36.9
30045660,3,anxiety,4,87,113,62,17,91,38.1
30045661,2,back pain,9,60,159,105,17,92,37.6
30045662,3,fever,4,93,143,66,22,96,37.1
30045663,3,headache,2,82,146,86,16,95,36.1
30045664,2,anxiety,9,111,127,98,14,93,37.4
30045665,3,laceration,1,88,81,42,11,91,38.3
30045666,4,anxiety,5,75,111,98,22,100,36.4
30045667,3,fall,0,78,142,97,6,98,36.5
30045668,2,fever,8,99,178,86,20,100,37.1
30045669,3,chest pain,6,73,125,92,22,97,38.4
30045670,5,back pain,0,93,128,56,25,97,37.3
30045671,2,laceration,8,64,88,70,20,92,35.9
30045672,3,back pain,2,93,113,87,16,100,36.7
30045673,3,abdominal pain,0,82,136,80,20,99,37.4
30045674,3,shortness of breath,5,80,118,74,13,99,35.3
30045675,3,chest pain,2,76,95,75,15,98,37.2
30045676,3,back pain,6,102,145,82,14,95,35.6
30045677,4,fever,2,77,107,76,15,97,37.6
30045678,5,back pain,5,81,154,59,13,95,36.5
30045679,3,fever,1,62,122,88,15,93,37.0
30045680,3,back pain,5,61,114,64,19,96,37.5
30045681,1,shortness of breath,9,79,143,77,25,98,36.0
30045682,2,fall,10,94,90,87,21,93,36.1
30045683,3,anxiety,0,84,133,82,23,100,36.0
30045684,3,shortness of breath,5,88,76,80,18,100,36.5
30045685,3,shortness of breath,7,79,110,79,15,99,36.1
30045686,3,fall,2,99,127,71,18,98,37.0
30045687,3,laceration,7,89,130,94,15,96,37.6
30045688,3,fever,2,60,151,85,20,100,36.4
30045689,3,chest pain,1,66,126,86,23,97,36.4
30045690,4,shortness of breath,0,103,138,67,18,97,36.8
30045691,4,laceration,3,113,151,86,16,100,37.3
30045692,3,chest pain,7,67,94,48,15,100,37.4
30045693,3,knee pain,0,109,176,106,22,99,34.8
30045694,2,laceration,7,76,137,108,19,95,36.1
30045695,2,anxiety,7,89,114,81,18,94,37.2
30045696,5,shortness of breath,2,73,126,75,15,95,37.3
30045697,4,laceration,4,85,101,69,23,100,37.2
30045698,3,knee pain,7,78,111,78,21,97,36.2
30045699,4,laceration,5,92,118,62,14,98,37.2
30045700,1,shortness of breath,7,48,133,74,15,98,37.3
30045701,2,knee pain,7,89,126,81,12,100,38.3
30045702,4,fall,7,71,101,82,30,100,35.7
30045703,3,abdominal pain,5,81,140,47,19,98,36.5
30045704,3,shortness of breath,6,90,105,46,20,95,37.1
30045705,2,knee pain,10,100,123,67,12,99,36.6
30045706,5,anxiety,7,81,107,81,22,96,37.7
30045707,3,shortness of breath,1,79,117,82,17,100,37.5
30045708,3,anxiety,6,96,132,67,13,94,36.3
30045709,4,back pain,3,122,126,105,20,95,39.1
30045710,5,headache,6,112,114,87,21,96,37.2
30045711,3,shortness of breath,1,82,132,99,25,100,35.3
30045712,3,fall,4,102,139,75,22,98,36.9
30045713,2,laceration,10,78,168,106,22,93,37.3
30045714,2,headache,10,95,129,74,15,98,38.2
30045715,5,chest pain,5,70,164,71,16,100,35.8
30045716,3,abdominal pain,3,105,106,79,18,100,37.3
30045717,2,knee pain,8,81,96,69,12,99,36.9
30045718,3,fever,4,118,100,64,22,100,37.0
30045719,2,anxiety,6,100,87,87,16,100,37.2
30045720,4,knee pain,6,98,154,108,24,98,36.0
30045721,2,knee pain,7,77,145,69,20,96,38.6
30045722,3,laceration,2,72,125,68,25,99,36.7
30045723,2,back pain,6,85,148,106,19,97,37.6
30045724,4,fall,5,81,191,62,12,98,36.2
30045725,3,abdominal pain,0,113,103,81,16,92,36.9
30045726,3,back pain,5,90,101,86,11,96,36.8
30045727,3,shortness of breath,7,71,117,94,19,98,37.5
30045728,2,anxiety,10,78,131,101,19,94,36.3
30045729,2,back pain,8,107,151,86,15,94,36.3
30045730,3,laceration,2,94,110,78,14,95,37.1
30045731,3,back pain,3,78,117,78,19,97,36.9
30045732,2,laceration,10,74,146,80,18,96,37.3
30045733,3,fever,4,90,134,81,17,99,37.4
30045734,3,laceration,5,102,106,60,22,97,38.0
30045735,3,fever,1,92,136,72,12,99,37.3
30045736,3,back pain,5,77,144,86,23,100,38.3
30045737,3,shortness of breath,6,50,98,103,29,96,36.9
30045738,3,fall,7,95,144,94,21,95,38.6
30045739,3,back pain,2,70,110,99,14,100,38.1
30045740,3,abdominal pain,5,110,135,68,11,100,38.6
30045741,3,anxiety,5,94,136,79,15,96,36.2
30045742,3,fever,4,74,118,84,15,99,37.9
30045743,4,knee pain,0,92,94,86,18,98,37.8
30045744,3,abdominal pain,4,81,95,65,16,93,36.9
30045745,4,knee pain,1,76,118,93,22,97,37.1
30045746,3,fall,0,68,145,83,11,100,37.4
30045747,3,abdominal pain,7,72,155,62,24,93,37.4
30045748,4,headache,1,83,150,83,15,98,38.1
30045749,3,laceration,3,100,128,69,17,94,36.5
30045750,2,shortness of breath,8,91,166,53,19,94,36.2
30045751,3,back pain,0,86,114,57,16,94,38.4
30045752,2,knee pain,10,76,95,95,22,100,36.7
30045753,4,back pain,1,92,126,66,13,100,37.7
30045754,4,back pain,1,108,102,106,17,99,36.8
30045755,4,anxiety,1,70,97,84,20,98,37.1
30045756,2,abdominal pain,10,75,135,53,21,97,36.6
30045757,2,fall,7,89,135,82,17,98,37.0
30045758,4,anxiety,5,86,114,91,24,100,37.2
30045759,3,chest pain,0,109,136,82,15,97,37.3
30045760,4,abdominal pain,4,102,157,83,14,96,35.5
30045761,2,headache,9,85,105,79,15,99,36.8
30045762,3,abdominal pain,5,70,140,105,21,100,37.5
30045763,3,fever,4,76,103,92,10,99,38.3
30045764,4,knee pain,5,75,151,83,24,93,35.9
30045765,3,chest pain,7,95,140,55,22,98,37.4
30045766,1,fever,7,101,161,95,19,96,35.7
30045767,4,back pain,5,105,130,59,20,97,35.4
30045768,4,chest pain,7,78,145,82,20,94,37.2
30045769,2,abdominal pain,9,94,132,90,17,100,36.9
30045770,3,shortness of breath,2,100,96,86,21,96,37.6
30045771,4,knee pain,4,78,150,75,19,95,37.3
30045772,3,shortness of breath,6,61,145,84,21,94,38.0
30045773,2,knee pain,6,72,93,71,15,100,36.9
30045774,3,abdominal pain,7,101,123,90,18,95,37.1
30045775,3,knee pain,6,74,135,65,22,98,37.5
30045776,2,anxiety,10,106,132,68,17,98,38.4
30045777,2,abdominal pain,8,56,152,58,23,99,37.1
30045778,2,knee pain,10,87,117,46,13,100,37.5
30045779,3,headache,3,85,107,105,16,96,37.3
30045780,3,laceration,0,94,81,62,15,92,37.7
30045781,3,laceration,3,81,119,84,24,95,38.4
30045782,4,fall,7,133,113,97,21,100,38.2
30045783,3,anxiety,3,121,160,123,21,99,37.5
30045784,3,abdominal pain,4,72,113,84,13,95,37.9
30045785,3,laceration,7,107,121,84,30,100,35.6
30045786,2,fall,8,52,132,72,21,98,36.4
30045787,2,knee pain,10,90,109,102,14,97,35.3
30045788,3,back pain,1,73,121,76,18,100,36.3
30045789,2,back pain,7,75,166,68,20,94,35.8
30045790,5,fall,3,80,84,80,23,99,36.5
30045791,3,abdominal pain,1,94,96,77,23,93,36.3
30045792,3,laceration,1,109,146,100,16,100,36.7
30045793,3,back pain,5,86,127,59,14,99,37.9
30045794,5,shortness of breath,0,86,104,87,24,93,37.6
30045795,5,abdominal pain,4,63,148,74,24,98,37.2
30045796,3,headache,3,107,103,97,16,97,36.4
30045797,4,laceration,1,68,90,130,15,96,37.0
30045798,4,abdominal pain,7,73,131,64,17,97,36.8
30045799,2,laceration,8,64,88,68,20,94,37.5
30045800,3,fall,4,90,97,88,25,95,36.6
30045801,3,shortness of breath,4,98,104,97,16,96,37.0
30045802,4,fall,2,75,115,55,15,98,38.0
30045803,4,back pain,5,71,114,63,11,90,37.2
30045804,2,headache,10,58,122,81,20,99,37.2
30045805,3,laceration,3,113,149,95,19,91,37.3
30045806,3,chest pain,6,84,129,72,20,100,36.8
30045807,2,headache,6,71,167,68,14,94,36.2
30045808,1,fever,6,92,127,75,20,93,35.9
30045809,1,laceration,6,104,146,92,19,98,37.6
30045810,2,shortness of breath,7,99,138,105,12,100,36.3
30045811,2,chest pain,7,88,123,77,28,99,38.4
30045812,3,back pain,6,78,154,89,14,96,38.5
30045813,3,headache,0,93,120,83,18,94,38.3
30045814,3,anxiety,4,91,109,81,17,95,37.3
30045815,3,back pain,1,81,112,104,18,98,36.5
30045816,2,chest pain,8,56,119,54,17,93,36.5
30045817,4,fever,0,108,126,99,19,93,36.8
30045818,3,fever,7,84,102,64,13,95,36.9
30045819,3,chest pain,2,106,158,80,22,99,36.4
30045820,5,shortness of breath,5,93,125,83,27,100,36.6
30045821,1,chest pain,8,79,101,73,17,93,36.2
30045822,3,knee pain,2,79,107,81,17,98,36.9
30045823,1,shortness of breath,7,87,115,89,16,99,36.6
30045824,3,knee pain,3,86,130,44,25,99,38.0
30045825,3,fall,6,101,126,50,21,91,38.4
30045826,2,fall,8,83,148,69,24,99,37.5
30045827,4,shortness of breath,3,89,140,65,19,100,37.1
30045828,3,shortness of breath,7,83,142,78,21,95,36.9
30045829,3,back pain,3,89,131,71,14,98,37.4
30045830,5,back pain,4,107,112,98,18,98,37.9
30045831,4,fever,0,87,116,112,15,99,36.7
30045832,4,fever,7,73,145,71,16,100,36.9
30045833,1,fever,8,63,97,75,16,100,36.9
30045834,3,chest pain,4,87,122,90,9,95,37.5
30045835,2,knee pain,7,84,131,99,17,98,37.3
30045836,3,chest pain,5,98,118,93,19,96,37.1
30045837,4,fever,0,120,111,70,22,96,37.7
30045838,3,knee pain,1,114,98,65,14,95,36.9
30045839,3,knee pain,1,106,167,64,13,97,37.7
30045840,3,fall,6,101,138,98,18,100,37.8
30045841,3,shortness of breath,0,99,138,78,22,95,36.9
30045842,3,laceration,5,91,144,83,12,92,35.2
30045843,3,fall,6,76,156,67,17,99,37.0
30045844,5,anxiety,5,82,124,52,20,96,38.1
30045845,3,chest pain,1,84,123,105,20,97,37.5
30045846,3,headache,5,86,145,65,21,96,36.4
30045847,3,abdominal pain,7,61,127,82,19,95,36.6
30045848,2,fall,8,90,121,63,13,98,36.1
30045849,3,anxiety,1,71,97,76,20,99,38.3
30045850,2,back pain,8,80,112,74,16,98,36.7
30045851,3,chest pain,2,89,152,84,17,93,35.5
30045852,2,laceration,7,90,150,90,19,99,36.9
30045853,4,knee pain,4,88,123,80,21,100,36.8
30045854,4,shortness of breath,0,83,110,83,19,96,38.0
30045855,3,headache,7,84,94,76,16,98,38.7
30045856,3,back pain,7,71,159,75,19,100,36.5
30045857,3,chest pain,5,114,163,70,18,96,36.7
30045858,4,knee pain,4,100,159,99,20,92,37.0
30045859,4,fever,7,84,120,89,19,100,37.1
30045860,4,knee pain,5,84,126,72,12,95,36.0
30045861,2,chest pain,6,86,136,79,20,97,36.2
30045862,4,knee pain,3,70,133,63,21,95,38.3
30045863,4,abdominal pain,2,68,97,71,24,96,37.3
30045864,2,knee pain,8,88,134,83,21,100,37.7
30045865,1,abdominal pain,10,54,132,66,17,96,37.4
30045866,3,abdominal pain,3,59,114,85,29,98,37.0
30045867,2,anxiety,10,76,181,77,18,100,36.9
30045868,3,back pain,1,71,120,84,16,100,35.0
30045869,2,fall,7,93,129,92,22,97,37.2
30045870,4,back pain,6,82,163,76,24,95,37.7
30045871,3,laceration,3,72,107,65,19,94,36.5
30045872,2,laceration,7,80,107,77,25,93,37.4
30045873,3,shortness of breath,1,77,157,94,31,95,37.9
30045874,5,back pain,2,97,165,74,16,96,37.6
30045875,4,back pain,4,111,114,57,23,89,37.4
30045876,3,shortness of breath,5,107,121,83,13,100,37.5
30045877,4,shortness of breath,7,75,143,96,11,96,37.1
30045878,3,anxiety,3,103,153,38,23,96,37.1
30045879,4,back pain,3,101,144,101,16,98,37.3
30045880,4,chest pain,6,62,118,97,20,94,35.9
30045881,3,fever,5,96,147,58,24,95,38.2
30045882,3,back pain,6,105,133,67,20,100,35.1
30045883,3,back pain,2,64,125,77,25,97,36.6
30045884,4,abdominal pain,7,102,157,57,18,90,36.4
30045885,3,shortness of breath,1,74,153,88,14,95,37.4
30045886,2,headache,7,96,158,82,19,100,36.3
30045887,3,abdominal pain,5,77,135,56,22,100,38.9
30045888,4,shortness of breath,5,67,144,81,19,97,36.9
30045889,1,headache,10,90,118,90,25,93,39.2
30045890,3,fever,1,128,136,72,16,95,36.9
30045891,3,abdominal pain,7,104,127,66,11,94,37.0
30045892,3,fever,3,64,134,90,14,92,36.4
30045893,2,fever,7,74,94,110,26,97,36.7
30045894,3,chest pain,6,69,120,63,21,94,38.1
30045895,2,fever,7,99,93,99,25,91,36.8
30045896,4,shortness of breath,6,78,112,61,16,95,38.3
30045897,3,abdominal pain,6,100,126,75,15,100,35.5
30045898,4,shortness of breath,7,63,122,99,14,95,37.0
30045899,2,shortness of breath,7,86,112,76,19,97,38.8
30045900,3,headache,0,85,114,65,19,95,37.1
30045901,1,anxiety,10,77,101,42,21,95,37.3
30045902,2,fever,6,75,135,92,19,100,36.5
30045903,3,chest pain,5,75,114,94,16,99,38.2
30045904,3,shortness of breath,0,68,107,114,17,99,37.3
30045905,5,laceration,6,75,112,91,14,90,37.5
30045906,4,fall,3,73,97,74,18,95,37.3
30045907,1,anxiety,10,115,127,90,14,91,35.0
30045908,2,shortness of breath,6,88,117,60,18,93,36.4
30045909,1,anxiety,7,61,143,121,13,98,36.8
30045910,2,back pain,9,93,160,82,20,93,35.9
30045911,4,shortness of breath,7,78,140,70,10,96,36.8
30045912,4,anxiety,6,91,146,60,20,100,37.6
30045913,4,chest pain,5,75,117,64,15,95,36.8
30045914,3,laceration,6,72,125,95,20,93,37.8
30045915,3,back pain,2,56,85,78,18,97,38.0
30045916,3,headache,0,89,102,92,14,98,36.1
30045917,2,fever,10,100,139,72,18,95,36.8
30045918,3,laceration,0,107,114,71,15,98,36.6
30045919,4,anxiety,4,76,127,99,11,95,38.3
30045920,1,anxiety,6,56,113,96,15,93,37.2
30045921,3,anxiety,0,78,114,72,23,98,37.7
30045922,2,headache,7,95,142,81,21,98,36.8
30045923,5,abdominal pain,2,50,110,78,13,96,38.2
30045924,3,fever,5,79,141,75,20,94,36.1
30045925,4,back pain,1,87,124,61,10,98,38.6
30045926,3,anxiety,1,87,108,82,18,89,37.7
30045927,4,fall,2,84,99,55,21,97,37.2
30045928,3,shortness of breath,6,74,170,68,24,90,35.2
30045929,3,abdominal pain,2,81,147,44,14,98,36.3
30045930,3,fever,0,99,125,90,16,97,37.1
30045931,3,headache,0,72,121,69,15,100,36.2
30045932,3,shortness of breath,7,82,157,80,15,94,38.2
30045933,3,back pain,2,79,140,61,21,100,37.2
30045934,4,laceration,7,86,156,81,13,98,36.5
30045935,3,headache,2,84,120,75,20,95,37.0
30045936,3,back pain,3,71,127,57,14,95,38.0
30045937,2,shortness of breath,6,92,156,81,18,97,35.5
30045938,1,chest pain,8,75,126,80,14,96,37.5
30045939,2,knee pain,6,48,116,72,20,100,36.2
30045940,4,chest pain,7,97,150,106,13,96,37.7
30045941,3,knee pain,5,93,111,63,17,99,37.0
30045942,2,chest pain,7,110,133,94,22,96,37.5
30045943,3,laceration,0,84,116,75,16,100,37.9
30045944,3,headache,6,109,127,81,21,96,38.6
30045945,3,laceration,3,55,137,71,20,97,36.8
30045946,3,headache,0,93,113,71,20,100,35.4
30045947,3,fever,2,105,156,80,10,100,34.6
30045948,4,abdominal pain,7,64,146,70,10,99,37.1
30045949,3,headache,1,100,108,89,21,95,36.7
30045950,3,back pain,4,89,115,97,21,90,37.6
30045951,3,back pain,2,83,121,99,22,91,37.2
30045952,2,abdominal pain,6,77,123,56,15,98,40.0
30045953,3,laceration,6,88,131,91,17,98,35.5
30045954,3,back pain,6,110,129,81,17,92,37.2
30045955,3,abdominal pain,7,94,81,77,19,100,35.8
30045956,3,knee pain,7,83,109,75,18,98,36.8
30045957,3,shortness of breath,4,52,153,86,20,100,38.0
30045958,4,abdominal pain,1,71,146,69,17,93,37.0
30045959,4,laceration,5,105,106,84,17,93,37.3
30045960,2,chest pain,10,89,114,61,13,100,37.1
30045961,2,fall,9,79,138,106,12,98,37.3
30045962,3,fall,5,99,135,58,20,100,35.7
30045963,3,chest pain,1,88,102,76,19,96,36.7
30045964,3,laceration,6,53,115,71,16,99,36.9
30045965,3,knee pain,2,110,103,96,16,90,36.2
30045966,3,anxiety,2,105,139,56,18,100,36.8
30045967,3,anxiety,2,100,114,84,19,96,37.6
30045968,3,anxiety,6,64,109,74,19,97,36.9
30045969,3,chest pain,6,91,120,75,18,94,38.8
30045970,2,abdominal pain,6,78,99,62,21,99,35.5
30045971,4,headache,1,68,112,84,10,96,36.3
30045972,3,headache,2,109,121,112,19,96,37.7
30045973,5,fall,4,78,81,88,17,99,37.6
30045974,3,abdominal pain,7,75,88,56,21,96,36.6
30045975,3,shortness of breath,7,96,157,69,13,96,39.6
30045976,3,chest pain,6,95,119,71,10,97,36.4
30045977,5,abdominal pain,5,99,130,76,21,100,37.0
30045978,3,knee pain,5,81,148,116,12,100,37.3
30045979,1,fever,10,98,116,85,22,95,37.4
30045980,2,abdominal pain,9,98,109,85,15,93,38.7
30045981,3,laceration,5,78,137,74,18,96,37.4
30045982,4,shortness of breath,4,96,128,110,19,93,37.0
30045983,3,fall,3,93,113,85,27,94,36.6
30045984,3,fever,1,64,139,103,14,97,36.1
30045985,4,anxiety,0,68,119,87,23,97,36.8
30045986,5,anxiety,5,92,116,48,24,94,38.3
30045987,3,chest pain,7,100,111,111,23,93,37.4
30045988,2,laceration,9,86,111,85,18,95,36.9
30045989,3,fall,2,103,151,102,14,97,36.7
30045990,3,chest pain,0,88,116,68,14,99,36.3
30045991,3,knee pain,7,94,147,68,14,100,37.1
30045992,2,chest pain,8,96,114,105,22,93,35.8
30045993,3,shortness of breath,4,96,96,88,19,98,38.2
30045994,2,shortness of breath,6,84,119,79,16,91,36.9
30045995,4,knee pain,3,71,137,83,15,100,37.6
30045996,3,abdominal pain,6,103,123,73,18,98,36.2
30045997,4,back pain,2,96,99,87,16,99,36.3
30045998,2,anxiety,7,86,135,75,22,99,37.1
30045999,3,fever,0,94,131,92,23,94,38.2
30046000,3,fever,1,91,156,80,16,95,36.1
30046001,3,fever,4,82,122,103,19,94,37.6
30046002,3,headache,3,105,130,104,16,95,37.6
30046003,3,anxiety,3,91,103,68,24,99,35.3
30046004,5,fever,1,80,145,49,20,93,34.7
30046005,3,fall,1,85,147,64,21,96,36.7
30046006,3,back pain,4,80,54,54,12,95,37.5
30046007,3,shortness of breath,6,110,149,66,14,97,36.3
30046008,2,abdominal pain,6,83,97,62,25,97,36.0
30046009,1,abdominal pain,7,89,135,61,20,96,36.0
30046010,3,back pain,4,82,137,76,14,94,38.8
30046011,3,abdominal pain,7,80,104,103,23,100,37.6
30046012,3,abdominal pain,0,84,101,64,17,100,37.6
30046013,4,fever,4,66,148,54,14,91,36.3
30046014,2,abdominal pain,6,97,141,69,22,98,37.0
30046015,4,laceration,0,93,94,73,19,97,37.8
30046016,3,back pain,6,62,166,75,8,93,37.4
30046017,3,chest pain,0,88,109,63,20,100,37.2
30046018,3,chest pain,6,86,106,83,21,96,37.8
30046019,4,chest pain,0,53,107,89,20,100,36.6
30046020,4,knee pain,4,59,151,73,19,93,36.0
30046021,2,abdominal pain,9,63,84,80,22,98,36.8
30046022,4,anxiety,5,80,122,85,16,93,37.1
30046023,4,chest pain,1,83,117,82,20,99,36.9
30046024,3,chest pain,1,81,155,83,20,98,37.0
30046025,4,headache,7,71,116,71,15,98,37.8
30046026,3,knee pain,0,100,170,84,13,100,36.6
30046027,4,chest pain,5,85,137,80,17,100,36.2
30046028,4,headache,6,70,111,97,12,94,37.4
30046029,2,shortness of breath,8,77,98,77,19,96,37.1
30046030,2,laceration,10,75,154,72,10,93,36.4
30046031,3,fever,2,58,130,92,16,97,36.2
30046032,4,knee pain,2,70,126,51,24,100,36.3
30046033,4,laceration,3,95,119,66,13,90,37.2
30046034,3,fever,1,81,118,87,18,98,36.0
30046035,4,chest pain,1,81,134,71,21,95,37.1
30046036,4,fever,2,120,128,88,23,97,37.4
30046037,3,chest pain,2,70,105,69,17,99,36.0
30046038,4,anxiety,3,73,111,81,20,99,39.2
30046039,3,knee pain,7,81,146,72,18,93,36.8
30046040,3,fever,0,91,142,56,21,95,36.1
30046041,3,fall,4,55,137,77,21,98,37.3
30046042,2,shortness of breath,9,80,147,61,20,93,36.3
30046043,3,fever,5,79,155,100,16,95,37.2
30046044,3,laceration,7,87,154,64,17,93,37.6
30046045,5,fever,7,90,109,105,25,92,36.2
30046046,3,anxiety,5,79,114,101,16,91,35.1
30046047,3,fever,0,96,113,97,18,97,36.6
30046048,3,laceration,7,82,160,77,16,100,37.0
30046049,3,fall,6,87,158,101,24,100,36.3
30046050,1,abdominal pain,10,96,120,92,21,94,35.8
30046051,4,abdominal pain,6,73,142,86,19,100,34.3
30046052,1,fall,6,70,136,104,17,97,37.8
30046053,3,fall,4,73,142,79,19,92,36.9
30046054,3,fever,4,83,148,95,19,100,36.6
30046055,2,fever,6,111,109,69,22,98,38.1
30046056,3,anxiety,5,97,110,56,14,100,37.1
30046057,3,fever,5,78,130,92,16,98,36.7
30046058,5,anxiety,0,99,114,79,21,95,36.9
30046059,3,anxiety,1,80,124,71,18,97,37.9
30046060,4,laceration,3,89,119,79,19,96,36.6
30046061,2,anxiety,8,92,106,88,17,99,36.3
30046062,3,anxiety,1,58,123,55,11,100,37.3
30046063,5,anxiety,0,83,132,93,21,100,36.0
30046064,2,laceration,6,102,143,67,14,97,36.3
30046065,5,knee pain,2,97,121,46,13,98,37.5
30046066,2,abdominal pain,6,79,122,88,24,100,36.5
30046067,4,back pain,1,93,180,92,14,90,37.4
30046068,3,shortness of breath,7,92,140,82,13,92,39.0
30046069,2,headache,7,82,153,75,23,98,36.3
30046070,3,fever,6,50,122,78,22,100,38.3
30046071,3,knee pain,5,96,130,106,27,95,36.3
30046072,3,shortness of breath,7,89,154,50,21,100,36.6
30046073,3,headache,1,73,106,87,20,94,37.0
30046074,1,shortness of breath,10,79,107,78,16,94,36.4
30046075,3,shortness of breath,2,104,103,62,24,97,36.2
30046076,4,shortness of breath,0,90,155,75,17,97,36.4
30046077,3,abdominal pain,7,84,102,89,14,96,37.5
30046078,2,back pain,9,99,109,75,21,95,35.9
30046079,5,shortness of breath,2,102,134,87,13,96,36.6
30046080,4,back pain,4,75,125,80,22,96,37.7
30046081,3,laceration,4,88,109,73,18,96,36.7
30046082,2,knee pain,9,95,109,91,14,96,37.3
30046083,4,knee pain,3,85,124,100,12,95,37.5
30046084,3,anxiety,5,89,128,81,15,94,37.7
30046085,3,back pain,4,76,120,74,15,92,38.1
30046086,4,chest pain,3,101,109,97,19,93,37.0
30046087,2,fever,6,80,140,58,17,95,36.2
30046088,3,shortness of breath,6,73,119,80,12,100,37.4
30046089,4,headache,6,116,127,70,13,96,37.1
30046090,3,abdominal pain,2,76,136,57,16,96,37.5
30046091,2,fall,6,105,131,96,16,97,37.2
30046092,2,headache,7,78,129,88,16,98,36.6
30046093,3,back pain,4,89,90,53,13,96,37.0
30046094,2,headache,8,67,129,76,16,100,37.2
30046095,3,shortness of breath,3,72,140,81,20,94,37.1
30046096,2,headache,8,112,72,72,16,98,37.6
30046097,3,headache,2,67,110,59,19,99,37.0
30046098,2,abdominal pain,9,77,116,39,16,100,37.0
30046099,1,back pain,8,78,136,85,25,96,37.5
30046100,3,anxiety,6,94,100,83,21,98,37.8
30046101,2,chest pain,8,113,139,85,10,96,37.1
30046102,3,headache,6,75,143,53,23,92,35.7
30046103,1,fever,9,100,126,70,15,93,37.7
30046104,3,fall,1,96,136,89,17,99,37.1
30046105,3,anxiety,4,107,124,74,20,94,36.0
30046106,1,chest pain,9,80,139,91,22,100,37.0
30046107,3,back pain,7,86,148,105,22,94,36.8
30046108,3,headache,4,54,142,107,23,98,36.6
30046109,2,headache,8,101,107,100,14,100,39.6
30046110,4,fall,5,83,149,77,20,96,35.3
30046111,3,chest pain,3,92,127,60,20,92,36.6
30046112,5,fall,3,62,114,97,14,100,37.3
30046113,3,headache,3,88,126,73,22,99,36.5
30046114,4,laceration,1,122,154,67,19,91,37.5
30046115,3,knee pain,3,64,140,87,16,97,38.0
30046116,3,shortness of breath,3,81,124,100,20,100,36.5
30046117,3,headache,4,78,126,66,21,100,37.7
30046118,4,knee pain,0,94,152,84,19,95,36.7
30046119,3,abdominal pain,5,86,112,85,21,100,38.0
30046120,3,chest pain,1,95,115,53,19,98,36.0
30046121,4,fall,4,83,106,75,19,100,37.4
30046122,3,abdominal pain,7,85,132,104,15,93,38.5
30046123,4,fever,0,95,124,61,18,100,36.7
30046124,5,headache,5,89,120,69,14,96,36.4
30046125,3,anxiety,7,66,109,61,22,94,37.8
30046126,3,fever,3,84,132,71,15,94,38.2
30046127,2,chest pain,9,100,134,91,12,99,37.2
30046128,4,chest pain,7,53,118,94,19,96,38.2
30046129,3,headache,1,82,99,94,15,92,38.3
30046130,3,shortness of breath,6,70,148,58,17,96,37.2
30046131,4,shortness of breath,4,92,86,107,18,100,37.0
30046132,1,chest pain,7,68,120,85,28,100,37.6
30046133,2,shortness of breath,8,59,164,47,20,100,37.6
30046134,3,laceration,6,95,139,81,7,99,37.0
30046135,3,chest pain,1,67,96,99,17,99,36.3
30046136,2,headache,9,72,103,106,17,99,36.4
30046137,4,anxiety,5,104,104,40,20,97,37.3
30046138,2,anxiety,7,70,147,71,19,99,37.7
30046139,3,fall,6,72,158,95,19,98,38.0
30046140,3,knee pain,7,105,113,93,14,96,37.7
30046141,3,fall,5,79,102,91,18,98,36.8
30046142,3,abdominal pain,7,92,162,92,14,100,37.7
30046143,3,chest pain,6,75,144,74,23,97,37.3
30046144,3,laceration,2,99,123,73,24,95,38.2
30046145,3,back pain,7,114,135,65,18,96,38.0
30046146,3,chest pain,3,84,104,87,15,96,36.6
30046147,1,headache,9,78,99,78,15,97,35.1
30046148,2,shortness of breath,7,84,110,74,13,92,38.3
30046149,1,shortness of breath,9,87,143,75,20,100,36.6
30046150,3,knee pain,2,63,122,92,18,97,37.4
30046151,2,chest pain,7,97,138,86,21,99,37.1
30046152,3,chest pain,7,79,138,69,16,92,36.7
30046153,3,chest pain,6,104,136,67,19,92,36.0
30046154,5,back pain,2,70,148,66,19,97,36.1
30046155,4,fall,4,78,105,76,24,97,38.7
30046156,4,shortness of breath,5,79,119,67,19,93,36.8
30046157,3,fever,1,71,143,83,14,100,37.1
30046158,3,headache,6,99,104,93,17,100,37.0
30046159,3,laceration,0,93,110,97,20,99,36.5
30046160,3,shortness of breath,5,94,131,102,23,97,37.6
30046161,3,back pain,6,71,120,56,16,99,37.5
30046162,3,shortness of breath,5,79,142,112,22,92,36.2
30046163,2,shortness of breath,8,110,129,103,18,100,37.4
30046164,3,chest pain,1,94,121,91,15,97,38.0
30046165,3,knee pain,1,91,135,59,15,100,38.2
30046166,2,anxiety,8,79,134,88,17,92,37.5
30046167,3,headache,6,83,73,78,21,95,39.1
30046168,3,fever,4,90,134,71,20,98,37.9
30046169,3,back pain,3,68,116,92,20,92,36.5
30046170,4,shortness of breath,1,94,139,82,24,98,37.1
30046171,3,laceration,4,75,128,75,14,100,36.7
30046172,3,knee pain,1,97,149,75,17,96,36.7
30046173,5,fever,5,89,141,78,11,93,36.1
30046174,3,anxiety,6,107,118,85,22,94,36.3
30046175,4,laceration,5,86,114,88,23,100,38.5
30046176,2,back pain,6,98,122,74,18,100,37.1
30046177,2,headache,10,81,170,98,27,92,35.7
30046178,3,knee pain,2,107,115,100,24,97,37.0
30046179,4,back pain,6,79,140,73,23,96,38.1
30046180,4,laceration,4,107,132,100,23,94,36.6
30046181,4,shortness of breath,7,96,118,102,19,95,35.8
30046182,3,shortness of breath,4,67,126,83,14,99,37.0
30046183,1,abdominal pain,6,85,130,102,20,97,36.8
30046184,3,laceration,7,86,145,83,17,92,36.2
30046185,2,fever,7,98,123,72,22,99,37.1
30046186,3,laceration,3,106,115,85,10,97,37.8
30046187,2,fall,7,100,116,95,16,100,36.4
30046188,3,fever,7,87,139,80,24,96,37.9
30046189,2,fall,10,68,102,73,18,96,37.4
30046190,3,anxiety,0,79,140,60,25,98,36.4
30046191,5,fall,5,84,144,69,20,100,37.9
30046192,3,shortness of breath,7,76,111,73,24,99,35.6
30046193,2,knee pain,7,69,137,71,16,94,37.5
30046194,3,laceration,3,70,103,79,23,95,36.2
30046195,1,anxiety,9,76,128,104,19,97,37.4
30046196,3,fall,3,87,120,87,17,95,37.7
30046197,3,fall,6,84,147,85,20,100,37.0
30046198,3,fever,4,74,133,95,23,98,37.9
30046199,3,anxiety,7,66,119,86,14,99,36.9
30046200,3,back pain,3,82,111,74,17,96,37.3
30046201,2,headache,8,96,130,44,17,98,37.2
30046202,2,shortness of breath,8,86,123,60,19,97,36.2
30046203,4,shortness of breath,1,71,144,93,16,94,35.1
30046204,3,shortness of breath,5,68,104,98,19,98,38.1
30046205,3,shortness of breath,2,79,123,53,20,96,37.3
30046206,3,laceration,4,77,167,79,21,95,37.4
30046207,3,fall,1,64,127,76,24,97,37.5
30046208,3,fever,1,76,84,91,24,98,36.3
30046209,3,headache,0,97,153,86,20,97,37.4
30046210,3,laceration,7,70,134,75,14,100,37.4
30046211,3,headache,1,94,90,66,18,95,37.7
30046212,2,knee pain,7,74,118,67,23,95,36.0
30046213,3,abdominal pain,3,92,143,90,15,94,37.4
30046214,3,fall,0,87,97,93,17,88,36.4
30046215,2,knee pain,10,73,124,55,16,92,37.7
30046216,3,headache,3,101,162,95,16,93,37.1
30046217,3,abdominal pain,0,92,105,98,24,98,36.9
30046218,3,laceration,2,97,152,82,15,100,36.5
30046219,4,laceration,7,70,139,97,12,95,38.1
30046220,3,fall,3,91,123,69,20,97,37.8
30046221,2,laceration,6,83,141,92,21,98,37.5
30046222,4,fever,1,100,128,70,18,92,36.9
30046223,3,laceration,2,89,128,90,17,92,37.1
30046224,3,shortness of breath,3,96,104,46,15,100,36.9
30046225,3,shortness of breath,7,91,128,70,19,100,36.4
30046226,3,abdominal pain,5,100,103,79,15,98,36.4
30046227,2,fall,6,81,124,80,15,96,37.9
30046228,1,fever,10,66,136,99,23,96,36.8
30046229,2,chest pain,8,81,115,64,14,93,37.8
30046230,4,fall,3,67,122,75,15,95,37.4
30046231,3,headache,1,108,143,63,23,98,38.1
30046232,3,anxiety,5,76,120,67,14,96,36.6
30046233,5,laceration,6,75,156,45,18,100,36.8
30046234,3,fall,7,76,119,112,19,94,34.7
30046235,4,knee pain,3,72,132,64,23,97,37.4
30046236,3,fall,6,102,123,81,20,94,37.3
30046237,1,fever,9,75,122,77,21,96,37.2
30046238,3,laceration,5,78,120,91,21,95,36.6
30046239,2,fall,7,91,118,79,15,93,36.6
30046240,3,back pain,5,91,119,92,14,100,37.3
30046241,1,fall,7,71,109,118,17,97,36.8
30046242,3,shortness of breath,2,70,113,68,22,100,37.1
30046243,4,back pain,3,101,118,125,22,100,36.4
30046244,3,abdominal pain,6,68,104,83,20,94,37.6
30046245,3,fall,1,88,118,108,21,95,37.5
30046246,1,back pain,10,70,129,63,17,97,37.6
30046247,2,anxiety,8,81,107,62,12,96,36.6
30046248,2,laceration,7,94,137,82,13,95,37.5
30046249,5,headache,7,51,118,101,19,98,38.1
30046250,3,headache,4,112,130,105,21,100,38.8
30046251,4,knee pain,6,102,147,52,12,95,37.5
30046252,3,laceration,5,81,129,88,13,99,37.9
30046253,3,anxiety,6,98,150,78,12,95,37.1
30046254,3,abdominal pain,3,81,95,68,24,97,35.8
30046255,2,abdominal pain,10,83,127,66,18,95,36.8
30046256,3,laceration,6,78,101,84,19,93,36.5
30046257,3,laceration,7,84,118,81,15,100,37.1
30046258,4,anxiety,4,103,137,85,22,95,37.7
30046259,3,shortness of breath,5,88,138,78,22,95,37.4
30046260,3,back pain,6,71,58,73,23,100,36.5
30046261,4,fall,2,105,87,87,16,95,37.5
30046262,3,abdominal pain,5,80,116,77,13,98,39.0
30046263,4,back pain,1,81,107,101,19,93,36.4
30046264,3,knee pain,4,80,115,72,14,97,37.1
30046265,2,headache,6,91,146,79,16,96,37.0
30046266,4,fever,7,72,106,81,12,94,36.0
30046267,3,knee pain,4,112,114,65,14,99,36.8
30046268,3,laceration,2,115,92,74,17,98,37.1
30046269,1,abdominal pain,7,83,133,70,15,91,37.4
30046270,2,shortness of breath,7,79,106,69,17,96,37.5
30046271,3,abdominal pain,6,106,141,65,21,98,37.1
30046272,2,fall,10,90,153,94,18,96,35.5
30046273,3,fever,7,89,130,84,20,96,37.0
30046274,3,fall,3,60,81,85,18,97,36.2
30046275,2,abdominal pain,10,80,95,96,13,98,37.4
30046276,4,laceration,2,85,127,87,24,94,35.7
30046277,3,headache,6,107,112,89,16,96,36.4
30046278,3,headache,2,81,141,90,16,100,38.0
30046279,3,fever,1,91,116,98,18,96,36.7
30046280,4,laceration,3,74,133,77,16,96,37.3
30046281,3,anxiety,4,82,112,92,14,97,36.0
30046282,3,anxiety,1,99,128,63,20,94,36.7
30046283,2,laceration,8,89,128,58,19,96,37.0
30046284,2,back pain,9,66,126,83,15,100,35.3
30046285,4,shortness of breath,0,93,151,93,16,98,36.8
30046286,3,knee pain,2,122,118,82,17,91,38.5
30046287,3,fall,1,78,131,94,22,98,36.2
30046288,3,fall,1,92,115,82,25,96,38.6
30046289,3,abdominal pain,1,85,121,79,15,98,37.5
30046290,2,chest pain,10,51,126,71,18,97,37.0
30046291,3,abdominal pain,5,59,132,83,23,99,37.0
30046292,3,abdominal pain,6,82,132,54,11,95,36.5
30046293,3,fever,2,86,81,85,24,97,37.3
30046294,3,shortness of breath,0,79,79,51,14,94,36.6
30046295,3,back pain,3,110,150,111,18,100,36.3
30046296,3,headache,1,73,91,76,16,97,38.7
30046297,4,knee pain,1,102,162,46,11,97,37.1
30046298,3,chest pain,6,60,134,83,19,99,36.4
30046299,2,knee pain,8,87,108,59,18,98,37.3
30046300,3,chest pain,6,80,106,71,26,93,36.8
30046301,3,back pain,6,80,105,47,14,95,36.0
30046302,3,chest pain,4,73,79,90,18,98,37.2
30046303,3,abdominal pain,4,70,135,81,21,99,37.4
30046304,3,chest pain,3,92,148,105,19,99,35.5
30046305,3,abdominal pain,5,68,120,94,16,97,36.3
30046306,3,abdominal pain,7,93,95,79,24,96,37.9
30046307,3,headache,6,96,103,74,12,97,36.2
30046308,3,laceration,7,47,112,81,13,93,37.0
30046309,1,anxiety,6,75,131,73,26,100,37.8
30046310,3,headache,6,93,144,83,27,93,36.1
30046311,3,anxiety,0,61,107,87,18,96,38.6
30046312,3,abdominal pain,0,97,106,80,19,97,37.7
30046313,3,fever,6,63,105,67,27,97,36.3
30046314,5,back pain,4,89,117,85,20,97,38.1
30046315,2,anxiety,9,109,127,80,17,96,38.0
30046316,3,back pain,6,72,110,99,23,100,37.2
30046317,3,back pain,7,91,116,94,15,94,36.3
30046318,4,chest pain,6,90,124,81,12,97,37.3
30046319,2,fever,7,95,137,65,11,97,37.8
30046320,4,fall,1,98,113,87,15,100,36.7
30046321,3,abdominal pain,4,76,144,86,26,98,36.8
30046322,2,anxiety,6,76,112,66,14,95,36.9
30046323,3,back pain,6,72,148,81,11,94,37.2
30046324,3,shortness of breath,0,98,126,70,19,92,36.2
30046325,3,shortness of breath,6,104,111,53,24,97,35.9
30046326,4,anxiety,6,109,127,79,19,98,37.7
30046327,2,shortness of breath,8,98,157,58,16,99,36.4
30046328,2,abdominal pain,7,73,133,84,18,93,36.0
30046329,4,shortness of breath,4,77,112,88,20,91,36.3
30046330,2,headache,8,69,119,66,17,99,36.6
30046331,2,abdominal pain,7,89,128,52,22,99,36.9
30046332,3,chest pain,1,96,136,65,23,92,35.8
30046333,3,knee pain,7,93,131,60,25,98,36.1
30046334,3,chest pain,2,105,134,44,24,98,37.2
30046335,4,laceration,4,64,106,80,21,97,37.6
30046336,2,headache,10,62,119,90,22,96,36.6
30046337,4,fall,1,81,132,66,17,94,36.0
30046338,4,anxiety,7,78,125,112,18,95,37.0
30046339,3,back pain,1,56,129,86,21,99,36.3
30046340,2,headache,7,95,103,72,24,99,36.8
30046341,3,fall,5,95,131,98,17,97,36.6
30046342,3,laceration,7,113,142,60,19,95,35.5
30046343,1,shortness of breath,9,109,107,43,10,99,37.5
30046344,2,chest pain,7,78,115,93,23,96,37.0
30046345,3,shortness of breath,0,62,104,78,17,98,38.2
30046346,4,back pain,6,101,101,79,13,96,37.5
30046347,5,back pain,0,66,127,108,16,94,36.4
30046348,2,back pain,10,91,109,69,14,95,36.7
30046349,3,anxiety,4,88,132,75,21,96,38.1
30046350,3,headache,0,50,156,82,20,99,37.1
30046351,3,anxiety,3,103,115,97,23,100,36.7
30046352,4,chest pain,7,104,152,60,20,97,37.8
30046353,4,fever,1,98,141,86,21,98,36.2
30046354,3,chest pain,3,93,156,90,15,95,36.4
30046355,3,headache,0,83,162,80,21,98,37.5
30046356,3,knee pain,6,89,128,80,18,100,37.4
30046357,3,chest pain,5,92,138,80,20,94,36.6
30046358,3,back pain,5,98,110,65,21,95,37.5
30046359,2,laceration,8,82,151,58,21,100,38.2
30046360,1,shortness of breath,7,59,106,82,23,100,36.8
30046361,2,knee pain,10,99,131,96,18,93,36.3
30046362,3,knee pain,7,75,122,42,17,95,38.3
30046363,2,anxiety,9,102,89,108,17,98,37.9
30046364,3,chest pain,2,84,127,77,18,90,36.1
30046365,3,shortness of breath,1,67,120,78,24,97,38.4
30046366,5,shortness of breath,2,77,119,79,23,100,37.0
30046367,4,anxiety,4,87,124,87,14,95,38.0
30046368,3,anxiety,1,58,132,71,14,92,35.4
30046369,4,fever,5,78,108,71,24,100,36.5
30046370,5,abdominal pain,6,81,126,76,17,99,36.0
30046371,3,fall,4,101,108,68,24,99,37.3
30046372,1,shortness of breath,6,81,153,64,17,100,37.7
30046373,3,abdominal pain,6,113,139,91,21,92,38.5
30046374,4,chest pain,5,63,162,97,21,98,37.5
30046375,3,anxiety,5,69,141,93,16,97,34.8
30046376,1,knee pain,6,51,132,80,17,96,38.1
30046377,2,abdominal pain,6,103,95,88,18,94,37.1
30046378,3,laceration,6,102,137,37,23,99,37.4
30046379,2,shortness of breath,7,117,106,110,10,99,37.1
30046380,3,shortness of breath,1,83,149,105,17,96,37.2
30046381,4,chest pain,7,109,157,54,17,95,37.7
30046382,3,laceration,5,99,140,72,20,96,37.6
30046383,3,fever,0,71,93,79,20,93,36.8
30046384,3,fever,1,94,119,86,23,99,36.1
30046385,3,fever,2,62,128,96,18,100,36.0
30046386,4,headache,1,100,120,122,14,97,37.4
30046387,2,fall,6,90,136,78,14,98,36.8
30046388,3,laceration,3,56,77,72,14,98,36.1
30046389,3,headache,2,110,131,80,21,96,36.0
30046390,4,abdominal pain,0,94,135,88,25,100,37.6
30046391,4,shortness of breath,0,110,115,98,20,98,37.4
30046392,3,fall,6,64,86,93,24,100,36.5
30046393,4,headache,1,94,115,63,19,96,37.3
30046394,2,abdominal pain,9,86,160,88,25,94,37.5
30046395,3,laceration,4,107,120,59,20,100,37.5
30046396,3,fall,6,88,103,98,17,94,38.6
30046397,3,shortness of breath,3,112,126,95,15,100,37.3
30046398,4,abdominal pain,2,93,135,73,15,97,36.7
30046399,4,fall,3,53,118,74,18,96,37.5
30046400,3,abdominal pain,7,91,129,77,21,99,36.5
30046401,3,fever,0,84,97,80,25,95,36.6
30046402,3,anxiety,7,108,122,67,18,98,34.7
30046403,3,fall,7,55,110,60,12,99,36.2
30046404,4,chest pain,2,69,133,83,15,97,36.5
30046405,3,back pain,5,91,131,71,20,95,36.3
30046406,3,fall,2,81,134,73,24,97,37.5
30046407,3,chest pain,2,60,152,104,18,98,37.6
30046408,2,shortness of breath,8,101,136,68,16,91,36.0
30046409,4,anxiety,6,102,141,58,14,100,36.6
30046410,3,knee pain,6,82,135,83,17,95,37.6
30046411,2,knee pain,8,49,110,96,19,98,36.5
30046412,1,anxiety,10,86,151,68,19,95,37.6
30046413,5,shortness of breath,4,91,166,103,21,100,37.0
30046414,3,fall,7,78,150,65,16,99,37.0
30046415,5,headache,1,59,128,87,19,100,36.6
30046416,4,fever,5,94,123,83,18,100,37.1
30046417,2,abdominal pain,10,89,111,97,22,97,36.6
30046418,2,chest pain,6,79,145,77,24,100,36.4
30046419,3,chest pain,7,64,140,70,22,94,37.0
30046420,3,shortness of breath,5,93,100,97,29,91,37.1
30046421,3,laceration,2,56,105,53,15,95,38.6
30046422,3,chest pain,4,123,147,79,16,96,37.1
30046423,3,anxiety,1,82,149,82,21,92,36.3
30046424,3,chest pain,6,86,116,60,11,100,37.1
30046425,4,abdominal pain,4,90,142,91,17,96,38.7
30046426,4,knee pain,1,83,160,65,21,100,35.9
30046427,4,fever,7,90,136,86,12,93,37.9
30046428,2,chest pain,7,85,89,68,13,94,36.6
30046429,5,abdominal pain,1,73,101,82,16,98,37.3
30046430,4,fall,1,83,123,84,13,97,37.3
30046431,2,shortness of breath,9,79,97,53,19,98,38.0
30046432,3,fever,1,86,123,84,17,98,36.5
30046433,4,shortness of breath,0,56,106,77,25,100,37.4
30046434,2,shortness of breath,9,82,115,80,16,95,36.1
30046435,2,headache,10,100,126,114,14,96,38.1
30046436,3,chest pain,1,91,136,105,20,94,36.5
30046437,2,fall,8,71,149,78,18,90,36.9
30046438,3,fall,2,75,113,83,20,97,37.5
30046439,2,abdominal pain,10,72,143,85,21,93,35.9
30046440,3,laceration,3,95,135,96,19,95,37.3
30046441,2,headache,9,100,118,42,16,95,35.6
30046442,3,abdominal pain,4,90,102,80,21,95,37.9
30046443,3,chest pain,6,72,149,63,14,98,35.8
30046444,4,fever,5,110,138,81,13,96,38.2
30046445,3,anxiety,5,91,122,59,14,100,36.6
30046446,1,fever,10,66,130,95,14,97,37.7
30046447,2,headache,8,73,83,88,22,93,35.7
30046448,2,laceration,7,84,165,76,14,93,38.5
30046449,3,headache,1,75,103,78,18,97,38.0
30046450,3,abdominal pain,0,71,96,71,13,98,36.3
30046451,4,chest pain,1,76,126,84,23,97,37.2
30046452,1,fall,6,76,143,102,11,100,37.3
30046453,4,fever,3,108,101,86,13,94,36.9
30046454,4,headache,0,70,161,86,29,97,37.0
30046455,3,chest pain,7,98,112,117,16,94,37.4
30046456,3,shortness of breath,4,100,121,88,16,97,36.7
30046457,4,chest pain,0,76,119,93,20,98,36.3
30046458,3,fall,4,125,108,86,14,100,37.0
30046459,2,back pain,7,98,158,85,16,100,35.9
30046460,4,fall,6,98,139,76,14,97,35.2
30046461,1,fever,10,78,132,100,21,99,36.6
30046462,1,back pain,7,61,153,83,23,100,36.7
30046463,3,fall,1,106,98,58,18,97,35.5
30046464,4,anxiety,4,75,118,92,20,97,37.9
30046465,3,knee pain,0,60,138,84,17,90,37.8
30046466,4,anxiety,3,93,150,70,14,94,37.0
30046467,2,back pain,9,95,110,92,14,100,37.1
30046468,3,back pain,6,104,142,96,13,95,37.0
30046469,5,shortness of breath,3,74,133,86,29,97,36.1
30046470,4,fever,6,89,152,73,20,96,37.1
30046471,4,shortness of breath,3,75,131,88,20,96,36.3
30046472,3,laceration,3,106,117,75,27,100,37.0
30046473,3,shortness of breath,0,93,98,111,18,93,35.9
30046474,3,back pain,1,91,103,63,15,100,37.1
30046475,3,shortness of breath,2,92,108,101,22,95,36.5
30046476,1,headache,10,87,99,63,24,97,37.7
30046477,1,chest pain,10,78,118,52,10,97,36.9
30046478,3,headache,7,91,132,68,21,100,34.7
30046479,3,headache,5,81,126,63,19,94,35.7
30046480,5,back pain,4,59,122,66,25,97,36.1
30046481,3,anxiety,2,83,116,63,23,95,36.7
30046482,2,laceration,8,92,124,67,21,100,37.6
30046483,2,fever,8,86,143,62,13,96,37.0
30046484,4,shortness of breath,5,107,126,63,18,93,37.2
30046485,2,abdominal pain,10,105,96,84,10,96,36.8
30046486,2,shortness of breath,6,86,134,64,22,95,37.4
30046487,3,back pain,4,63,100,72,12,100,36.5
30046488,3,laceration,7,92,134,92,20,100,36.3
30046489,3,knee pain,4,76,99,83,29,100,36.2
30046490,3,headache,4,80,160,74,18,94,36.6
30046491,4,chest pain,6,64,120,81,23,99,37.8
30046492,3,abdominal pain,1,86,147,84,21,97,38.1
30046493,3,chest pain,5,99,138,43,12,94,36.0
30046494,2,back pain,8,109,124,78,15,100,36.3
30046495,3,shortness of breath,5,106,144,56,23,96,37.3
30046496,5,anxiety,4,83,119,88,17,95,36.8
30046497,4,chest pain,4,98,123,68,21,100,37.7
30046498,3,chest pain,4,40,123,90,20,96,36.2
30046499,3,chest pain,3,82,120,72,14,97,36.1
30046500,3,knee pain,4,99,101,85,15,100,37.6
30046501,2,back pain,9,91,138,95,22,99,36.8
30046502,3,chest pain,6,75,112,48,15,100,37.7
30046503,2,abdominal pain,9,85,85,87,23,97,36.8
30046504,3,knee pain,0,70,106,92,21,97,37.3
30046505,1,chest pain,6,96,143,75,20,97,37.0
30046506,3,anxiety,7,93,109,84,22,100,37.7
30046507,3,fall,6,63,116,75,23,99,37.7
30046508,4,chest pain,6,63,135,78,17,95,36.9
30046509,2,abdominal pain,6,90,107,92,22,96,36.7
30046510,3,fall,4,82,109,85,16,99,37.3
30046511,3,fever,1,110,120,64,12,99,36.2
30046512,4,back pain,4,87,137,84,24,99,36.6
30046513,5,headache,5,59,186,55,15,100,38.2
30046514,2,laceration,8,82,59,74,11,94,37.0
30046515,4,knee pain,6,96,128,66,19,98,35.6
30046516,2,headache,6,106,113,69,17,100,38.7
30046517,3,chest pain,1,105,107,55,20,96,37.2
30046518,4,chest pain,0,88,133,77,21,99,36.9
30046519,3,knee pain,5,93,105,54,22,96,37.8
30046520,3,knee pain,2,68,136,110,14,96,36.4
30046521,3,knee pain,5,74,111,81,17,96,37.1
30046522,4,chest pain,5,82,146,107,19,94,38.3
30046523,3,laceration,0,69,115,67,18,100,36.8
30046524,3,anxiety,0,66,124,66,19,100,37.5
30046525,2,abdominal pain,6,113,120,82,18,100,37.7
30046526,3,laceration,7,84,149,77,27,94,35.9
30046527,3,fever,3,103,143,64,15,93,37.6
30046528,4,headache,0,83,154,52,20,98,37.2
30046529,3,back pain,2,71,154,116,17,98,36.6
30046530,4,back pain,1,97,127,94,17,97,38.3
30046531,3,knee pain,4,76,143,77,19,98,36.3
30046532,4,knee pain,6,80,108,62,16,100,37.6
30046533,3,fever,1,80,113,70,21,97,37.0
30046534,3,fall,1,87,122,93,14,100,37.2
30046535,2,headache,9,96,134,68,20,96,36.6
30046536,2,knee pain,6,106,127,90,19,99,36.1
30046537,3,back pain,6,81,108,92,17,96,37.4
30046538,3,fall,2,57,121,86,17,99,38.8
30046539,3,fall,1,51,109,79,20,100,37.7
30046540,3,laceration,4,82,127,85,20,98,37.2
30046541,3,chest pain,6,108,123,65,14,97,36.6
30046542,2,anxiety,7,106,170,79,11,98,36.5
30046543,5,abdominal pain,5,89,102,83,24,97,36.7
30046544,3,anxiety,5,79,94,90,14,93,37.9
30046545,2,fever,8,115,136,89,29,95,36.6
30046546,5,knee pain,1,90,104,92,20,99,35.4
30046547,3,laceration,7,100,115,71,21,96,36.3
30046548,3,abdominal pain,7,70,127,80,14,100,36.3
30046549,5,fever,4,75,96,85,19,97,37.9
30046550,4,fever,4,89,108,71,14,100,37.4
30046551,3,fall,0,67,120,97,21,100,38.0
30046552,3,chest pain,6,53,137,62,20,92,37.2
30046553,3,laceration,2,92,106,53,19,100,35.8
30046554,3,shortness of breath,7,52,112,73,18,98,37.2
30046555,3,knee pain,7,64,139,80,18,100,38.2
30046556,3,anxiety,1,88,146,69,14,98,36.7
30046557,2,anxiety,8,89,102,63,24,97,37.3
30046558,5,back pain,3,74,143,68,15,96,38.2
30046559,4,shortness of breath,6,61,139,92,19,100,36.7
30046560,4,abdominal pain,7,78,107,100,16,97,36.3
30046561,2,headache,8,90,110,78,14,98,37.8
30046562,3,fever,3,48,100,70,26,95,38.3
30046563,2,laceration,10,64,104,55,14,97,36.2
30046564,3,knee pain,0,90,142,83,19,94,38.0
30046565,4,fever,6,98,108,64,14,94,39.9
30046566,3,abdominal pain,2,63,152,77,16,94,35.9
30046567,4,abdominal pain,3,96,137,75,19,93,36.8
30046568,3,shortness of breath,6,70,80,86,17,90,36.0
30046569,3,headache,0,112,143,105,25,92,36.7
30046570,3,anxiety,6,65,132,95,15,100,36.8
30046571,3,chest pain,3,99,113,81,24,100,38.4
30046572,2,abdominal pain,9,73,143,76,17,95,37.3
30046573,4,fever,2,86,149,95,18,95,36.4
30046574,4,anxiety,3,102,118,81,24,93,37.8
30046575,3,back pain,6,86,134,73,14,98,37.8
30046576,4,anxiety,2,107,144,74,20,96,38.0
30046577,2,abdominal pain,7,76,154,103,18,100,37.7
30046578,2,anxiety,7,80,145,74,22,95,37.5
30046579,4,shortness of breath,3,94,81,80,15,100,37.7
30046580,2,laceration,8,92,146,68,14,96,37.5
30046581,3,fever,7,68,138,67,15,97,37.4
30046582,4,shortness of breath,5,86,115,82,23,98,36.7
30046583,1,abdominal pain,6,120,106,68,17,94,35.6
30046584,3,fall,5,104,128,69,15,96,36.6
30046585,3,fever,0,105,125,73,19,98,37.2
30046586,3,fever,4,108,117,77,11,99,37.5
30046587,3,anxiety,6,98,134,124,16,93,35.0
30046588,3,anxiety,7,77,111,82,21,96,37.5
30046589,4,chest pain,5,83,118,61,26,94,36.8
30046590,2,chest pain,8,102,145,82,19,97,37.4
30046591,5,chest pain,1,79,98,53,18,99,37.4
30046592,3,shortness of breath,0,87,142,71,18,97,37.3
30046593,5,abdominal pain,0,75,106,74,19,95,35.7
30046594,5,knee pain,4,100,126,76,19,99,36.5
30046595,1,abdominal pain,6,102,118,77,13,100,36.5
30046596,3,abdominal pain,1,83,154,77,19,100,35.6
30046597,5,abdominal pain,5,66,126,49,22,95,37.1
30046598,3,abdominal pain,1,52,147,73,17,99,35.4
30046599,3,fall,2,95,160,85,20,96,36.4
30046600,3,laceration,7,101,117,65,27,98,37.4
30046601,3,fall,1,89,115,95,19,95,37.0
30046602,2,fever,9,97,101,76,15,96,38.5
30046603,2,fever,9,91,128,77,16,98,36.0
30046604,2,shortness of breath,8,78,105,83,18,95,36.4
30046605,3,back pain,7,78,140,86,25,93,37.3
30046606,4,shortness of breath,1,85,142,99,22,97,35.5
30046607,5,headache,6,92,116,53,13,97,37.5
30046608,3,shortness of breath,5,98,129,71,18,93,37.2
30046609,3,shortness of breath,4,86,146,94,20,95,38.2
30046610,3,knee pain,5,85,161,83,4,100,36.8
30046611,4,abdominal pain,2,76,146,88,20,96,37.1
30046612,2,fall,9,102,112,119,17,97,36.9
30046613,3,knee pain,2,85,97,45,21,94,36.9
30046614,3,fall,4,60,97,111,16,98,35.8
30046615,4,abdominal pain,4,85,130,71,17,98,36.0
30046616,3,shortness of breath,0,88,103,75,21,97,36.7
30046617,2,fever,7,75,169,59,19,96,37.9
30046618,4,shortness of breath,4,56,138,88,23,92,36.8
30046619,3,laceration,0,83,132,97,16,98,37.0
30046620,4,back pain,6,71,190,53,17,100,36.1
30046621,4,anxiety,6,96,120,69,23,93,36.5
30046622,4,fever,5,90,138,72,17,94,36.7
30046623,3,chest pain,2,110,114,67,20,100,35.9
30046624,2,anxiety,8,102,110,104,21,95,37.1
30046625,4,headache,6,73,147,78,11,95,36.1
30046626,3,chest pain,4,97,118,92,23,95,37.4
30046627,3,shortness of breath,4,78,179,69,20,95,36.5
30046628,4,shortness of breath,6,98,113,83,14,96,37.3
30046629,2,fever,9,82,107,81,22,98,35.5
30046630,4,abdominal pain,5,79,160,82,29,98,36.2
30046631,3,abdominal pain,3,91,102,61,15,93,35.8
30046632,4,abdominal pain,3,62,125,87,14,99,37.4
30046633,3,anxiety,5,82,114,89,25,96,37.4
30046634,3,abdominal pain,3,107,167,80,17,93,36.8
30046635,3,anxiety,4,69,147,97,18,97,36.9
30046636,3,chest pain,5,88,130,77,17,96,37.6
30046637,3,fall,1,83,129,73,15,92,36.8
30046638,3,abdominal pain,3,98,124,92,17,100,36.8
30046639,4,fever,4,73,127,89,22,95,36.0
30046640,3,fever,7,80,135,84,19,97,37.3
30046641,2,abdominal pain,6,78,153,74,19,97,35.8
30046642,3,chest pain,4,105,111,81,19,98,37.2
30046643,2,abdominal pain,8,103,95,84,18,96,36.1
30046644,3,shortness of breath,1,94,123,90,19,98,36.7
30046645,3,fever,4,80,99,72,18,97,36.9
30046646,4,back pain,6,87,117,62,19,98,37.1
30046647,2,fall,10,95,99,58,21,98,37.9
30046648,2,laceration,8,102,179,68,18,95,36.8
30046649,3,anxiety,0,73,110,99,17,98,35.9
30046650,2,fall,8,119,129,85,17,100,37.1
30046651,1,fever,10,68,93,98,14,96,35.8
30046652,3,laceration,0,78,100,71,12,95,35.9
30046653,2,headache,9,88,133,70,11,91,36.5
30046654,4,fever,2,82,148,76,17,100,37.5
30046655,2,anxiety,10,104,121,81,19,100,37.1
30046656,4,shortness of breath,0,62,99,124,25,90,35.8
30046657,3,headache,7,73,87,101,16,97,36.1
30046658,3,fall,4,85,134,73,12,98,37.3
30046659,3,abdominal pain,4,74,105,89,18,94,36.8
30046660,4,headache,0,107,112,107,22,100,37.9
30046661,4,abdominal pain,1,111,122,85,22,97,37.9
30046662,3,anxiety,5,86,119,88,20,97,35.6
30046663,4,abdominal pain,7,85,132,87,23,92,37.0
30046664,3,headache,2,81,104,104,20,100,37.6
30046665,3,headache,1,103,128,69,19,94,36.8
30046666,3,knee pain,7,103,136,73,19,98,36.9
30046667,4,chest pain,4,70,122,83,21,94,36.0
30046668,4,fall,7,81,122,69,17,99,36.6
30046669,2,abdominal pain,6,95,122,84,24,92,36.2
30046670,3,chest pain,3,95,143,55,15,99,38.3
30046671,5,shortness of breath,2,74,98,86,17,99,36.0
30046672,2,back pain,9,88,103,90,24,97,37.0
30046673,3,laceration,1,57,96,52,18,95,37.3
30046674,1,chest pain,7,79,154,88,14,99,36.8
30046675,4,chest pain,0,78,124,61,17,98,36.3
30046676,3,back pain,1,75,140,94,10,95,37.2
30046677,3,laceration,2,93,125,88,17,100,37.4
30046678,5,fall,3,90,108,85,18,97,37.7
30046679,4,fall,5,76,122,50,24,100,37.3
30046680,4,chest pain,3,91,132,87,15,97,37.5
30046681,3,fever,2,80,114,97,19,98,36.9
30046682,2,shortness of breath,9,90,152,80,21,97,36.1
30046683,3,laceration,5,84,125,70,20,100,37.0
30046684,1,fall,10,87,154,89,21,93,36.7
30046685,3,knee pain,0,49,127,90,21,99,36.3
30046686,3,shortness of breath,2,87,115,90,20,93,36.6
30046687,3,chest pain,6,80,120,58,17,94,37.8
30046688,3,abdominal pain,2,92,147,74,24,100,35.3
30046689,1,anxiety,9,93,125,84,16,96,37.5
30046690,1,fever,6,79,120,87,22,91,37.4
30046691,3,anxiety,6,83,73,92,18,97,39.1
30046692,1,shortness of breath,9,88,139,57,25,100,37.7
30046693,4,fall,6,72,99,76,20,97,36.8
30046694,3,fall,4,78,117,80,18,100,36.7
30046695,3,chest pain,6,90,149,83,16,95,36.8
30046696,3,shortness of breath,2,41,118,57,20,99,36.6
30046697,4,fall,1,76,99,64,22,100,38.1
30046698,3,abdominal pain,0,107,129,85,13,100,37.1
30046699,3,shortness of breath,2,70,115,66,7,95,36.9
30046700,2,laceration,6,69,136,72,23,100,37.8
30046701,3,headache,1,84,149,50,17,98,34.7
30046702,3,headache,5,48,98,94,19,100,37.0
30046703,3,fever,5,94,164,65,15,99,37.9
30046704,2,abdominal pain,8,79,140,72,22,95,37.9
30046705,3,back pain,3,90,120,71,22,100,39.1
30046706,1,shortness of breath,9,99,152,71,18,96,36.6
30046707,3,fall,0,96,121,105,20,97,37.2
30046708,3,fever,4,75,84,77,16,99,37.5
30046709,1,back pain,6,100,109,69,23,100,38.4
30046710,3,anxiety,4,56,128,104,21,94,36.3
30046711,1,chest pain,6,83,119,85,20,94,36.1
30046712,2,back pain,6,94,133,75,14,94,37.7
30046713,3,knee pain,2,105,129,95,20,95,36.5
30046714,3,anxiety,3,107,126,96,23,99,37.1
30046715,3,abdominal pain,7,82,161,81,14,96,37.6
30046716,3,shortness of breath,0,85,136,55,21,100,36.9
30046717,3,knee pain,1,75,89,65,17,98,37.0
30046718,3,headache,5,101,134,81,23,98,36.9
30046719,3,shortness of breath,3,94,136,60,23,96,37.7
30046720,2,back pain,6,73,124,77,9,99,36.3
30046721,3,chest pain,6,73,137,77,17,93,37.8
30046722,3,knee pain,0,75,142,87,21,100,38.1
30046723,3,anxiety,0,92,128,84,23,100,37.0
30046724,4,chest pain,4,91,120,71,15,96,37.2
30046725,5,laceration,2,101,125,88,15,94,37.6
30046726,3,back pain,0,92,122,57,16,94,36.2
30046727,2,abdominal pain,9,103,134,80,26,96,37.4
30046728,3,laceration,6,96,156,70,19,92,36.5
30046729,2,anxiety,7,73,161,76,15,99,36.4
30046730,4,anxiety,4,75,104,69,15,97,38.3
30046731,2,laceration,6,73,114,74,17,95,36.2
30046732,4,back pain,7,95,125,91,19,96,36.7
30046733,3,shortness of breath,6,74,100,74,12,99,37.3
30046734,4,fall,6,89,110,109,19,95,37.6
30046735,2,laceration,6,94,111,82,15,96,35.8
30046736,3,abdominal pain,3,77,135,88,20,96,36.1
30046737,3,headache,0,91,109,87,16,100,36.4
30046738,4,fall,1,96,138,93,14,97,37.0
30046739,3,laceration,5,90,153,85,14,96,37.4
30046740,3,abdominal pain,7,93,159,88,12,94,36.9
30046741,2,anxiety,9,67,153,87,14,97,37.2
30046742,3,fever,5,88,113,88,22,97,36.9
30046743,3,shortness of breath,4,100,97,84,16,100,35.9
30046744,2,headache,8,73,176,93,22,91,36.4
30046745,4,fever,3,88,115,72,22,96,36.8
30046746,4,abdominal pain,4,88,121,83,17,96,36.5
30046747,3,headache,6,83,130,88,20,97,38.0
30046748,3,fall,5,64,113,79,13,93,38.0
30046749,3,shortness of breath,3,85,145,63,16,98,36.5
30046750,3,back pain,5,90,157,113,17,96,37.8
30046751,4,abdominal pain,4,83,130,46,20,95,37.4
30046752,4,abdominal pain,5,111,140,92,15,99,37.8
30046753,3,laceration,2,106,102,77,10,98,38.5
30046754,3,shortness of breath,5,104,103,81,16,96,35.5
30046755,3,knee pain,0,86,153,86,13,95,38.8
30046756,3,anxiety,1,93,108,84,17,95,36.7
30046757,4,knee pain,5,72,85,101,6,98,36.6
30046758,3,shortness of breath,2,96,135,77,13,97,37.0
30046759,1,headache,6,69,116,74,17,91,35.4
30046760,1,shortness of breath,10,73,137,66,19,93,37.2
30046761,2,anxiety,9,96,96,73,22,96,36.8
30046762,3,headache,4,80,129,87,16,100,37.6
30046763,3,abdominal pain,4,71,110,72,8,97,37.5
30046764,5,fall,5,68,153,89,17,97,35.9
30046765,3,fall,1,100,140,99,18,98,36.8
30046766,5,knee pain,1,96,129,100,9,100,37.5
30046767,4,chest pain,4,95,131,76,22,99,37.3
30046768,4,fall,2,46,113,70,20,96,36.7
30046769,4,knee pain,0,93,138,96,16,100,37.2
30046770,1,fall,6,87,100,74,20,99,37.9
30046771,3,abdominal pain,4,89,118,77,14,98,36.4
30046772,3,abdominal pain,1,90,123,75,16,100,36.9
30046773,3,back pain,2,95,138,83,17,97,38.2
30046774,3,shortness of breath,3,71,122,97,17,87,36.6
30046775,2,shortness of breath,8,93,145,68,16,96,36.6
30046776,2,back pain,6,93,101,98,18,94,36.9
30046777,3,fall,0,67,119,95,22,100,37.3
30046778,3,fall,1,109,124,92,21,100,37.8
30046779,2,knee pain,9,94,143,94,17,98,35.5
30046780,2,fall,9,92,114,62,21,96,37.3
30046781,4,back pain,5,79,118,80,19,100,37.8
30046782,2,fall,7,122,129,99,15,96,37.8
30046783,3,anxiety,5,82,109,72,17,99,39.5
30046784,4,fall,3,58,133,79,11,100,37.3
30046785,3,shortness of breath,7,96,153,60,14,100,37.5
30046786,1,abdominal pain,8,107,106,67,19,92,36.8
30046787,3,headache,2,84,93,74,13,100,36.9
30046788,3,fall,6,96,109,63,20,92,38.0
30046789,2,anxiety,8,101,94,74,19,100,36.6
30046790,3,chest pain,6,94,125,103,17,100,37.0
30046791,4,fever,0,97,161,83,16,99,37.5
30046792,3,shortness of breath,1,62,116,81,19,96,35.7
30046793,3,fall,5,89,90,93,17,96,37.9
30046794,4,abdominal pain,3,70,86,56,14,99,36.3
30046795,3,fever,1,96,121,83,21,91,38.7
30046796,3,shortness of breath,2,57,127,70,15,94,37.5
30046797,4,abdominal pain,4,84,129,83,19,95,37.8
30046798,3,chest pain,5,91,101,83,14,91,36.3
30046799,3,knee pain,3,81,128,88,13,99,36.7
30046800,4,fall,5,98,147,99,11,99,36.3
30046801,3,laceration,7,80,98,57,16,98,37.5
30046802,4,headache,3,86,120,101,9,95,37.7
30046803,3,chest pain,3,82,127,102,10,100,37.0
30046804,3,laceration,1,87,110,93,22,96,38.2
30046805,4,fall,2,90,118,91,19,99,38.3
30046806,3,shortness of breath,1,76,84,66,8,88,36.6
30046807,4,chest pain,6,85,131,80,15,93,36.9
30046808,5,chest pain,3,67,121,69,20,93,38.1
30046809,2,fall,8,70,131,81,17,95,36.5
30046810,1,laceration,10,92,99,99,16,94,37.1
30046811,2,laceration,7,71,110,93,17,94,37.6
30046812,4,chest pain,0,95,140,47,21,93,35.8
30046813,3,back pain,5,84,117,84,18,97,36.1
30046814,4,chest pain,2,84,133,73,18,100,37.2
30046815,2,fall,7,101,124,64,11,97,36.8
30046816,3,anxiety,3,86,102,77,20,93,36.2
30046817,4,chest pain,5,96,92,87,14,96,38.1
30046818,3,shortness of breath,4,89,142,88,18,99,36.9
30046819,3,abdominal pain,7,92,163,102,16,98,36.2
30046820,3,back pain,0,87,134,74,17,98,37.1
30046821,3,anxiety,0,78,105,91,16,100,36.9
30046822,1,chest pain,6,78,162,77,15,99,36.4
30046823,2,fever,7,71,113,85,27,94,36.9
30046824,3,chest pain,5,90,126,85,14,96,36.8
30046825,3,headache,7,93,126,64,17,97,37.1
30046826,5,fall,0,67,117,70,24,99,37.0
30046827,2,shortness of breath,7,57,145,98,13,97,37.1
30046828,1,fall,10,110,157,108,19,98,37.6
30046829,2,abdominal pain,8,94,139,90,17,95,37.1
30046830,4,back pain,4,47,97,80,11,100,37.1
30046831,2,laceration,6,94,111,70,22,96,37.6
30046832,2,abdominal pain,6,102,136,89,21,99,37.3
30046833,1,laceration,6,89,121,59,20,100,36.9
30046834,3,headache,5,84,99,62,16,95,36.9
30046835,3,chest pain,3,60,129,71,14,97,36.0
30046836,1,fever,8,102,121,70,14,99,37.6
30046837,2,chest pain,7,86,138,97,13,95,36.1
30046838,3,laceration,1,98,119,98,13,97,36.5
30046839,4,fall,2,91,154,84,21,98,37.8
30046840,4,abdominal pain,4,73,123,69,10,97,36.2
30046841,3,back pain,3,75,112,96,22,94,37.6
30046842,3,laceration,0,80,96,92,18,100,36.5
30046843,3,abdominal pain,1,104,115,83,19,92,36.5
30046844,3,fever,5,58,125,98,19,100,38.4
30046845,2,knee pain,6,95,138,97,19,95,37.2
30046846,3,headache,6,102,134,69,22,94,36.3
30046847,3,fall,2,103,122,63,22,96,36.8
30046848,3,knee pain,1,77,103,75,16,99,37.2
30046849,3,fever,7,92,119,76,15,95,35.4
30046850,4,chest pain,1,37,136,55,15,93,37.9
30046851,3,fall,2,75,148,49,17,96,37.7
30046852,4,back pain,7,95,137,98,26,91,36.7
30046853,4,anxiety,5,70,109,71,13,100,35.0
30046854,3,anxiety,4,88,130,98,22,98,38.6
30046855,2,knee pain,10,82,136,85,19,98,37.2
30046856,3,anxiety,4,60,122,105,19,96,36.1
30046857,3,headache,4,78,124,89,24,93,37.3
30046858,1,knee pain,7,67,109,87,17,100,36.1
30046859,3,shortness of breath,0,73,91,91,17,96,37.2
30046860,4,abdominal pain,6,99,138,105,22,98,38.2
30046861,3,chest pain,2,71,118,97,18,97,36.4
30046862,3,anxiety,3,92,106,61,19,97,37.3
30046863,4,laceration,3,91,109,98,19,100,37.3
30046864,2,headache,7,105,136,65,28,94,37.1
30046865,4,laceration,5,46,97,68,18,90,36.9
30046866,4,anxiety,2,78,100,43,22,89,36.1
30046867,3,fever,5,86,135,127,18,98,36.7
30046868,3,chest pain,3,84,137,69,14,98,36.9
30046869,3,anxiety,3,47,123,101,15,100,36.8
30046870,1,back pain,8,94,113,76,21,96,35.2
30046871,3,knee pain,6,80,180,96,13,95,36.9
30046872,5,fall,7,68,106,90,16,93,37.3
30046873,4,fever,0,77,109,96,18,93,36.2
30046874,4,shortness of breath,5,93,119,44,20,98,36.3
30046875,2,headache,8,89,118,79,18,95,38.1
30046876,3,knee pain,2,85,136,57,19,97,35.9
30046877,3,headache,1,98,124,82,18,97,36.2
30046878,3,knee pain,6,113,176,85,19,98,35.7
30046879,3,abdominal pain,6,117,133,93,16,100,37.5
30046880,3,anxiety,2,78,108,102,16,98,35.9
30046881,2,anxiety,10,66,125,65,19,98,36.3
30046882,4,headache,2,68,129,74,21,97,36.8
30046883,2,fever,6,82,89,90,18,99,39.0
30046884,1,shortness of breath,6,114,137,88,19,97,37.2
30046885,1,chest pain,10,66,135,88,22,99,38.5
30046886,3,laceration,7,76,115,95,18,100,37.0
30046887,4,knee pain,7,95,157,104,18,95,36.9
30046888,3,knee pain,1,99,122,76,22,95,37.5
30046889,3,shortness of breath,5,72,112,72,21,97,37.1
30046890,3,back pain,2,74,159,104,12,97,37.1
30046891,3,anxiety,1,72,92,101,18,98,37.0
30046892,2,abdominal pain,6,91,130,47,9,98,37.3
30046893,4,back pain,0,64,85,108,20,93,36.4
30046894,4,fever,4,96,112,84,20,100,36.5
30046895,2,back pain,9,87,114,98,22,97,37.2
30046896,3,fever,1,77,128,75,21,91,38.1
30046897,4,knee pain,1,65,140,68,16,95,37.5
30046898,2,shortness of breath,8,78,126,92,20,96,36.9
30046899,3,headache,6,98,84,86,17,97,37.2
30046900,2,knee pain,7,90,151,94,22,100,37.2
30046901,3,knee pain,6,58,137,83,15,99,37.0
30046902,3,fall,1,97,125,82,18,96,36.2
30046903,3,headache,1,92,152,84,23,100,38.1
30046904,2,anxiety,6,103,146,74,17,100,36.9
30046905,4,fall,1,97,137,76,18,98,37.8
30046906,3,chest pain,3,80,124,90,28,99,36.6
30046907,3,knee pain,4,81,79,100,18,96,37.6
30046908,2,chest pain,8,69,126,82,22,94,36.8
30046909,3,shortness of breath,2,82,112,73,19,100,37.0
30046910,3,knee pain,0,72,141,97,16,96,37.8
30046911,3,headache,5,69,104,69,14,97,35.5
30046912,4,knee pain,3,89,109,68,18,98,38.4
30046913,3,knee pain,2,112,147,93,12,96,38.7
30046914,3,back pain,0,69,115,58,22,100,36.4
30046915,3,anxiety,0,88,126,81,15,94,38.2
30046916,3,abdominal pain,1,103,147,93,16,100,35.9
30046917,3,shortness of breath,7,100,104,86,17,100,38.9
30046918,2,abdominal pain,8,71,139,82,11,99,36.8
30046919,3,laceration,1,84,153,68,16,96,35.5
30046920,2,abdominal pain,6,116,119,74,22,97,37.1
30046921,3,headache,4,101,101,93,16,95,38.3
30046922,3,chest pain,5,88,118,70,18,97,37.3
30046923,4,fall,0,86,135,81,19,99,36.7
30046924,1,headache,10,86,133,48,19,100,38.5
30046925,5,anxiety,0,109,96,74,19,100,35.2
30046926,5,fall,4,65,135,78,19,93,36.9
30046927,3,back pain,0,69,145,71,23,100,36.7
30046928,3,chest pain,6,92,106,81,20,95,36.2
30046929,3,knee pain,0,88,120,102,24,98,37.9
30046930,2,chest pain,6,80,140,111,13,97,38.1
30046931,3,chest pain,0,73,90,70,22,97,37.0
30046932,3,knee pain,4,100,122,71,21,98,35.6
30046933,4,chest pain,5,75,124,74,17,93,37.2
30046934,2,fever,9,89,160,88,10,97,38.2
30046935,3,anxiety,2,75,143,77,19,100,36.9
30046936,3,headache,5,101,132,76,31,97,36.2
30046937,2,laceration,6,116,135,62,14,96,36.4
30046938,2,shortness of breath,6,92,127,68,20,97,36.1
30046939,2,knee pain,8,63,133,87,20,98,38.3
30046940,3,laceration,7,82,128,66,21,96,38.8
30046941,1,shortness of breath,9,94,161,59,20,97,37.1
30046942,3,anxiety,1,54,112,102,21,99,37.7
30046943,5,laceration,0,105,139,73,21,94,35.5
30046944,3,abdominal pain,0,83,132,82,15,94,36.8
30046945,3,laceration,3,98,110,61,11,100,35.7
30046946,3,abdominal pain,5,61,111,72,14,96,36.8
30046947,3,abdominal pain,0,85,126,74,16,98,38.3
30046948,3,fever,3,114,143,73,20,98,36.8
30046949,3,anxiety,2,62,136,82,10,95,37.6
30046950,2,laceration,9,78,128,74,19,94,36.2
30046951,1,anxiety,6,104,106,75,17,98,36.0
30046952,4,fever,2,60,140,58,13,97,36.4
30046953,1,knee pain,9,95,132,92,14,93,36.5
30046954,3,shortness of breath,3,93,92,96,25,99,36.3
30046955,2,laceration,7,118,174,94,12,100,37.1
30046956,3,shortness of breath,0,96,109,76,20,92,37.0
30046957,4,chest pain,2,92,104,72,19,95,36.8
30046958,5,anxiety,1,67,132,81,15,96,37.0
30046959,3,back pain,5,102,91,87,21,98,36.1
30046960,3,shortness of breath,5,86,125,83,13,96,36.4
30046961,2,knee pain,10,81,133,64,21,94,38.2
30046962,3,fever,6,91,152,97,24,93,38.6
30046963,3,back pain,7,78,133,88,20,98,37.7
30046964,3,abdominal pain,6,55,149,76,23,96,37.4
30046965,3,fever,1,98,107,77,18,94,34.7
30046966,3,fall,2,91,124,74,22,93,34.7
30046967,2,fall,7,55,150,73,19,94,37.2
30046968,2,shortness of breath,7,60,133,73,14,98,36.1
30046969,3,fever,0,69,116,97,17,95,39.2
30046970,3,fall,3,94,93,95,16,100,37.4
30046971,2,laceration,8,81,117,80,20,100,36.9
30046972,3,abdominal pain,0,81,165,79,13,96,36.9
30046973,3,back pain,5,71,111,72,23,93,36.4
30046974,4,anxiety,3,83,129,68,17,96,35.3
30046975,5,abdominal pain,7,78,87,79,18,95,36.3
30046976,3,shortness of breath,7,75,131,80,20,96,37.4
30046977,2,shortness of breath,8,87,168,73,22,90,37.4
30046978,4,anxiety,7,81,129,77,16,97,38.4
30046979,1,shortness of breath,10,44,126,93,18,97,36.5
30046980,3,knee pain,4,72,97,100,19,99,35.9
30046981,2,back pain,7,79,102,96,16,99,38.1
30046982,4,headache,1,90,159,92,22,96,36.7
30046983,5,chest pain,4,120,98,81,14,95,35.5
30046984,4,headache,5,107,111,63,18,94,36.8
30046985,3,headache,7,68,172,93,16,95,37.0
30046986,3,headache,3,79,96,77,17,94,37.2
30046987,2,abdominal pain,6,94,128,80,19,97,38.0
30046988,3,abdominal pain,6,83,135,68,25,99,36.4
30046989,4,laceration,3,102,160,92,21,99,36.9
30046990,3,fever,2,117,149,109,24,97,37.6
30046991,4,fever,2,59,138,86,18,94,38.1
30046992,3,fall,0,84,94,81,18,97,37.5
30046993,3,anxiety,4,86,135,78,14,97,36.3
30046994,3,abdominal pain,1,85,136,78,14,90,36.8
30046995,3,fever,3,97,117,77,17,91,38.1
30046996,3,fever,6,75,160,75,17,100,35.3
30046997,4,laceration,0,77,145,74,13,99,37.2
30046998,5,fever,0,76,114,77,19,95,37.2
30046999,3,back pain,4,84,114,71,22,94,37.2
30047000,3,laceration,7,100,114,98,10,97,38.4
30047001,3,fall,6,115,148,88,17,99,36.4
30047002,1,back pain,7,109,103,77,21,100,37.1
30047003,4,back pain,5,82,93,87,22,95,37.3
30047004,2,laceration,6,94,106,99,20,96,37.2
30047005,4,anxiety,3,88,152,55,21,100,37.6
30047006,1,shortness of breath,8,95,155,82,19,96,37.2
30047007,3,chest pain,0,98,126,76,25,96,36.1
30047008,2,fever,10,84,127,84,21,97,37.1
30047009,3,fever,7,79,132,99,21,92,37.5
30047010,3,laceration,4,89,163,99,17,94,37.0
30047011,2,chest pain,10,115,136,96,27,92,37.2
30047012,4,headache,3,89,140,77,17,98,37.7
30047013,2,back pain,9,104,143,59,22,96,35.6
30047014,4,back pain,0,104,153,108,22,92,36.3
30047015,2,knee pain,9,83,116,91,23,93,37.3
30047016,3,back pain,2,85,75,55,8,100,36.7
30047017,3,fall,3,85,123,102,17,93,35.7
30047018,2,shortness of breath,7,78,73,83,18,96,36.3
30047019,1,fall,9,97,143,83,19,92,36.0
30047020,3,chest pain,1,94,93,75,26,96,36.3
30047021,2,anxiety,8,94,123,84,14,96,36.4
30047022,4,chest pain,3,69,128,65,12,96,37.8
30047023,3,headache,4,97,124,67,17,99,36.2
30047024,3,anxiety,7,66,143,84,20,96,37.3
30047025,2,back pain,10,75,133,46,19,94,37.7
30047026,4,laceration,1,87,149,78,17,94,36.9
30047027,3,back pain,1,53,141,78,14,95,36.6
30047028,4,back pain,5,104,120,79,17,97,36.1
30047029,2,headache,8,79,109,99,18,94,37.8
30047030,3,headache,4,61,107,105,26,97,36.9
30047031,3,knee pain,1,90,134,89,18,95,36.8
30047032,4,knee pain,2,110,130,97,19,97,35.9
30047033,3,knee pain,4,66,87,83,16,94,37.5
30047034,3,back pain,3,68,119,84,24,100,36.4
30047035,4,laceration,2,91,142,90,23,97,37.7
30047036,2,fall,8,119,102,86,13,93,37.3
30047037,3,chest pain,2,76,152,70,17,100,36.4
30047038,4,chest pain,5,55,131,92,19,99,37.3
30047039,3,chest pain,2,84,120,93,16,95,38.8
30047040,3,headache,4,67,176,97,20,100,36.9
30047041,3,laceration,4,97,99,68,17,92,36.1
30047042,4,laceration,3,66,144,106,15,97,36.3
30047043,4,fever,6,92,117,66,17,96,37.6
30047044,5,fall,7,88,164,78,16,97,36.8
30047045,3,anxiety,0,78,124,88,16,96,37.7
30047046,4,chest pain,6,77,126,96,15,98,36.4
30047047,2,back pain,7,84,162,87,17,99,36.0
30047048,4,headache,1,86,103,58,18,100,36.3
30047049,2,laceration,9,114,112,83,12,98,35.7
30047050,2,shortness of breath,6,96,126,81,18,96,36.3
30047051,2,laceration,9,81,90,50,23,97,36.8
30047052,3,knee pain,4,74,131,68,23,96,36.3
30047053,2,fall,10,105,124,72,24,100,36.0
30047054,1,knee pain,7,84,136,88,24,98,38.5
30047055,3,abdominal pain,2,110,124,97,11,97,37.2
30047056,3,fall,6,102,140,71,17,98,36.7
30047057,2,fever,7,86,141,76,22,93,35.9
30047058,2,anxiety,7,95,124,77,13,98,37.3
30047059,4,fall,7,91,131,66,18,99,36.0
30047060,2,anxiety,10,70,104,86,22,100,38.0
30047061,3,laceration,4,116,102,56,16,98,36.6
30047062,3,back pain,2,122,123,64,18,93,38.1
30047063,4,shortness of breath,4,68,113,91,15,97,35.6
30047064,3,back pain,4,61,125,77,20,99,36.5
30047065,3,abdominal pain,7,96,114,90,11,95,37.2
30047066,5,back pain,6,80,110,57,20,96,37.2
30047067,2,chest pain,8,76,109,69,16,94,36.3
30047068,3,fall,0,97,171,79,21,96,37.0
30047069,2,fall,7,78,130,97,13,97,38.1
30047070,2,knee pain,9,78,140,95,20,96,36.3
30047071,4,knee pain,7,60,146,64,23,95,36.5
30047072,2,anxiety,9,83,104,69,12,95,38.6
30047073,3,headache,5,95,150,50,15,97,36.9
30047074,3,fall,2,64,147,97,23,97,36.5
30047075,5,chest pain,7,94,105,94,23,96,37.2
30047076,3,fever,6,100,139,65,17,96,38.3
30047077,4,anxiety,5,102,130,87,17,93,37.3
30047078,4,fall,1,89,96,89,18,100,37.0
30047079,3,chest pain,7,113,148,105,23,97,38.9
30047080,4,laceration,1,70,108,67,12,100,36.9
30047081,3,back pain,5,52,124,82,22,100,35.4
30047082,5,abdominal pain,1,75,139,81,20,96,36.3
30047083,3,shortness of breath,1,83,123,96,17,98,37.2
30047084,2,headache,8,75,141,93,19,95,39.6
30047085,3,fever,2,96,115,74,18,100,38.0
30047086,3,shortness of breath,1,102,132,87,14,93,37.4
30047087,3,abdominal pain,2,79,137,77,22,93,37.2
30047088,5,fall,3,80,138,58,18,99,38.5
30047089,3,headache,6,67,103,67,19,99,36.3
30047090,3,laceration,3,100,134,90,20,93,35.4
30047091,2,laceration,8,60,126,83,23,96,36.3
30047092,5,headache,7,89,141,92,21,98,36.7
30047093,2,fall,8,92,138,64,23,95,37.8
30047094,3,fall,7,63,127,72,15,100,37.4
30047095,3,fall,4,98,127,86,17,94,37.5
30047096,3,anxiety,6,92,137,78,20,99,37.2
30047097,3,headache,5,100,130,92,16,97,37.0
30047098,2,back pain,10,93,131,77,25,92,37.2
30047099,2,shortness of breath,10,106,96,94,27,96,37.4
30047100,2,anxiety,8,90,177,101,19,91,37.8
30047101,2,fall,6,78,137,65,16,100,38.1
30047102,3,headache,7,81,125,90,16,96,36.2
30047103,4,anxiety,2,94,109,83,18,93,36.4
30047104,2,abdominal pain,7,76,132,83,19,91,37.6
30047105,5,laceration,7,85,150,72,18,95,36.6
30047106,3,knee pain,1,75,97,98,22,100,36.8
30047107,3,headache,0,76,151,96,13,91,34.8
30047108,4,back pain,5,75,103,68,21,97,36.2
30047109,3,back pain,2,84,126,84,20,97,37.2
30047110,2,knee pain,9,74,147,95,17,92,37.1
30047111,3,abdominal pain,2,80,166,125,23,92,37.4
30047112,5,headache,2,72,92,71,18,100,38.3
30047113,4,laceration,7,95,138,105,19,96,37.8
30047114,3,chest pain,5,84,119,87,23,98,36.7
30047115,2,chest pain,8,66,128,53,21,97,35.3
30047116,3,abdominal pain,6,95,106,65,19,100,37.6
30047117,3,back pain,3,85,121,87,22,92,37.0
30047118,2,back pain,7,100,168,93,20,97,37.7
30047119,2,anxiety,8,68,109,72,21,97,35.7
30047120,2,fever,10,100,134,111,17,99,36.3
30047121,2,headache,10,69,147,79,13,96,36.2
30047122,4,anxiety,5,87,167,88,19,94,38.2
30047123,3,back pain,2,99,147,108,17,100,36.9
30047124,3,headache,1,80,127,78,18,99,38.7
30047125,3,anxiety,4,50,148,70,18,100,37.4
30047126,3,laceration,5,87,103,106,12,96,36.5
30047127,4,anxiety,5,80,111,82,19,98,36.4
30047128,2,laceration,8,103,150,101,19,95,36.1
30047129,2,fall,10,77,115,98,14,100,35.8
30047130,3,back pain,2,96,126,86,14,94,37.2
30047131,5,back pain,7,77,141,92,19,97,36.5
30047132,3,fever,0,97,168,116,17,93,36.3
30047133,3,laceration,7,66,117,75,14,93,35.8
30047134,2,abdominal pain,7,74,104,70,10,96,36.4
30047135,3,chest pain,7,81,127,80,18,97,34.7
30047136,5,back pain,6,69,126,57,20,94,35.5
30047137,3,knee pain,7,99,84,98,16,97,37.0
30047138,3,abdominal pain,2,79,124,65,13,100,37.6
30047139,4,abdominal pain,3,92,98,82,23,96,37.6
30047140,3,knee pain,2,70,157,79,20,94,35.8
30047141,3,knee pain,4,81,134,66,12,96,36.9
30047142,2,abdominal pain,7,77,119,92,19,92,37.2
30047143,2,headache,6,95,106,78,15,96,37.5
30047144,2,fever,8,80,116,49,19,97,36.8
30047145,3,abdominal pain,7,94,136,88,22,98,38.1
30047146,4,laceration,3,78,113,85,22,97,37.8
30047147,3,anxiety,4,89,143,85,21,97,36.5
30047148,4,back pain,1,90,122,83,19,98,36.9
30047149,2,knee pain,6,84,96,76,11,92,36.8
30047150,1,knee pain,6,56,150,87,20,95,35.6
30047151,3,headache,5,89,182,86,19,98,37.2
30047152,3,back pain,5,113,140,103,17,100,36.4
30047153,4,abdominal pain,0,89,115,71,15,97,36.5
30047154,3,headache,5,86,128,68,21,100,37.7
30047155,3,laceration,5,103,135,93,18,97,36.3
30047156,5,fall,2,92,106,82,15,96,36.9
30047157,5,laceration,6,76,140,75,16,92,36.6
30047158,2,anxiety,9,90,106,56,20,100,35.6
30047159,3,headache,5,92,136,58,16,97,37.2
30047160,1,fall,8,75,124,68,18,98,36.3
30047161,4,fall,1,67,131,80,15,98,36.3
30047162,3,abdominal pain,7,69,114,77,21,100,35.6
30047163,3,back pain,7,65,139,84,15,94,36.5
30047164,3,anxiety,7,75,144,53,12,100,36.8
30047165,3,abdominal pain,6,92,158,62,16,95,37.5
30047166,1,fever,9,92,120,70,22,100,37.9
30047167,3,back pain,3,92,112,79,16,90,37.2
30047168,2,fall,10,66,123,89,9,99,36.3
30047169,3,chest pain,2,74,139,76,16,95,38.4
30047170,5,laceration,2,60,124,82,16,97,37.9
30047171,1,chest pain,8,78,145,90,21,97,37.8
30047172,4,fall,7,109,142,86,7,93,36.7
30047173,4,knee pain,7,79,128,93,20,97,38.3
30047174,3,chest pain,6,56,100,85,18,96,37.3
30047175,3,laceration,1,73,116,83,17,95,37.1
30047176,2,laceration,9,65,131,62,16,100,37.2
30047177,4,chest pain,0,99,128,71,18,96,36.9
30047178,4,anxiety,7,90,103,84,15,100,36.4
30047179,4,back pain,3,76,125,65,22,100,37.6
30047180,2,abdominal pain,7,95,157,110,16,100,36.9
30047181,3,chest pain,2,107,125,70,19,99,38.4
30047182,4,fever,2,94,86,81,16,96,35.6
30047183,3,anxiety,0,87,108,74,18,93,36.7
30047184,3,laceration,7,93,131,95,19,94,37.6
30047185,3,back pain,6,118,134,68,25,98,36.6
30047186,3,headache,6,98,98,74,19,97,36.0
30047187,3,laceration,0,54,148,69,13,97,36.9
30047188,4,chest pain,1,103,123,71,13,97,37.8
30047189,4,anxiety,3,64,156,71,24,98,38.4
30047190,2,shortness of breath,8,103,113,96,24,95,36.4
30047191,2,headache,10,58,143,64,21,100,37.0
30047192,4,laceration,5,64,135,50,21,97,36.5
30047193,3,headache,1,111,93,67,16,97,36.3
30047194,5,chest pain,6,54,139,67,22,95,37.7
30047195,5,knee pain,6,61,131,81,17,96,38.1
30047196,3,back pain,5,106,104,63,16,95,36.6
30047197,1,fever,9,97,120,64,11,100,35.5
30047198,3,fall,0,76,125,63,10,95,36.2
30047199,2,chest pain,10,104,108,90,17,99,36.5
30047200,3,knee pain,7,61,122,70,19,96,36.2
30047201,3,anxiety,5,71,134,101,20,99,36.8
30047202,3,abdominal pain,1,74,85,75,17,100,37.3
30047203,4,headache,5,88,135,75,25,94,38.5
30047204,3,chest pain,1,60,108,55,13,96,35.9
30047205,2,abdominal pain,7,64,150,87,17,96,37.2
30047206,4,back pain,6,74,153,64,14,100,37.3
30047207,3,fever,6,57,109,75,21,97,36.8
30047208,4,fall,3,97,107,104,23,98,36.9
30047209,3,shortness of breath,6,90,152,85,15,96,36.4
30047210,3,abdominal pain,5,98,109,81,16,97,37.2
30047211,5,abdominal pain,1,68,167,96,18,94,37.7
30047212,2,back pain,9,72,103,72,23,100,36.8
30047213,2,fall,6,85,114,51,13,94,36.8
30047214,3,shortness of breath,6,108,144,74,24,96,35.8
30047215,3,fall,0,100,105,63,13,91,37.4
30047216,4,back pain,0,82,107,73,20,100,37.3
30047217,3,shortness of breath,0,60,144,76,19,95,36.0
30047218,3,anxiety,3,78,111,60,16,97,36.3
30047219,4,fever,0,98,123,81,23,100,36.8
30047220,3,shortness of breath,6,69,123,99,19,99,37.0
30047221,3,knee pain,1,92,157,88,21,98,37.6
30047222,3,fall,6,51,111,93,11,99,37.5
30047223,5,anxiety,5,82,137,92,20,98,36.8
30047224,4,laceration,2,97,112,78,19,100,36.2
30047225,3,laceration,3,67,121,78,26,100,36.9
30047226,3,knee pain,4,88,145,77,22,96,36.4
30047227,2,chest pain,8,102,94,66,9,99,36.2
30047228,3,fall,1,28,111,50,17,96,35.9
30047229,3,chest pain,7,54,123,101,22,100,38.2
30047230,3,chest pain,7,47,133,78,15,95,37.5
30047231,3,laceration,3,70,131,91,11,100,36.7
30047232,3,fever,6,91,126,69,23,97,37.9
30047233,3,chest pain,7,48,105,61,29,96,35.9
30047234,2,shortness of breath,8,107,133,71,16,98,37.8
30047235,4,headache,6,69,163,73,14,93,36.6
30047236,4,fever,4,89,134,95,15,100,36.7
30047237,1,anxiety,7,72,124,64,23,93,36.9
30047238,4,anxiety,3,82,126,83,18,95,36.7
30047239,3,fever,7,114,84,51,16,93,37.2
30047240,3,knee pain,6,96,125,74,24,100,38.3
30047241,3,shortness of breath,0,63,132,86,16,100,37.2
30047242,2,anxiety,10,110,125,86,18,93,36.7
30047243,3,shortness of breath,0,72,166,91,20,99,37.3
30047244,2,fever,6,100,139,96,20,100,36.8
30047245,3,fever,5,78,132,79,18,95,36.5
30047246,3,anxiety,7,88,107,65,16,100,39.0
30047247,2,fever,6,91,122,76,17,100,38.7
30047248,3,knee pain,4,99,147,85,15,99,36.6
30047249,2,shortness of breath,7,111,116,65,19,98,37.2
30047250,3,shortness of breath,3,84,107,78,16,96,36.3
30047251,3,abdominal pain,5,78,158,77,17,98,37.3
30047252,3,back pain,4,68,133,83,14,100,37.5
30047253,4,fall,1,68,113,97,15,95,35.9
30047254,4,fever,0,69,115,111,16,97,38.7
30047255,3,knee pain,3,106,126,109,16,94,37.6
30047256,4,fall,7,83,99,76,27,95,37.7
30047257,3,headache,0,104,144,59,23,99,36.7
30047258,1,laceration,8,67,122,66,20,98,38.0
30047259,4,anxiety,3,83,122,80,21,96,36.6
30047260,3,laceration,2,81,79,64,18,100,36.4
30047261,4,back pain,7,91,168,89,16,100,35.8
30047262,2,chest pain,10,95,127,82,17,100,37.1
30047263,2,fever,10,71,153,88,13,98,36.5
30047264,3,shortness of breath,1,104,125,94,20,100,36.6
30047265,3,back pain,7,48,140,76,22,99,36.1
30047266,3,headache,3,67,130,88,24,99,35.9
30047267,3,fall,4,96,113,75,19,95,37.0
30047268,3,back pain,0,87,134,53,17,94,36.6
30047269,4,fever,0,108,98,57,15,95,36.1
30047270,2,shortness of breath,7,70,86,82,20,100,37.6
30047271,3,anxiety,0,77,102,63,19,94,36.9
30047272,3,abdominal pain,4,114,100,80,16,100,36.7
30047273,3,back pain,4,91,95,68,18,96,38.3
30047274,3,back pain,6,92,129,92,13,92,35.3
30047275,3,abdominal pain,3,93,156,74,22,95,36.9
30047276,5,shortness of breath,0,110,135,60,20,95,37.7
30047277,3,chest pain,4,65,95,74,22,97,36.8
30047278,3,fall,0,90,98,87,21,96,38.1
30047279,4,abdominal pain,5,90,82,72,17,93,36.8
30047280,4,abdominal pain,0,89,118,82,25,95,37.8
30047281,2,laceration,9,103,86,73,20,95,35.9
30047282,3,fall,4,82,139,80,12,94,37.6
30047283,3,chest pain,6,115,99,82,19,99,37.6
30047284,3,fever,6,100,90,88,19,97,38.0
30047285,2,knee pain,9,91,108,68,14,96,35.8
30047286,4,laceration,0,64,112,93,25,100,37.9
30047287,4,abdominal pain,3,63,134,85,11,98,38.3
30047288,4,chest pain,4,87,111,83,16,96,37.9
30047289,3,knee pain,3,103,116,83,16,98,35.7
30047290,4,knee pain,2,97,145,102,19,96,36.4
30047291,2,abdominal pain,10,99,110,73,20,99,36.8
30047292,3,anxiety,2,109,136,66,19,94,37.0
30047293,3,headache,7,76,127,43,16,94,37.4
30047294,3,fever,4,89,120,66,16,96,37.0
30047295,5,chest pain,7,76,121,111,15,96,38.1
30047296,4,knee pain,2,88,110,81,18,99,37.3
30047297,2,laceration,8,89,148,70,11,99,37.6
30047298,3,shortness of breath,0,82,148,83,19,98,37.5
30047299,3,fall,7,82,129,91,23,98,37.5
30047300,3,anxiety,6,100,105,86,17,96,36.8
30047301,2,fall,8,77,122,87,23,100,35.7
30047302,4,headache,4,98,116,82,18,97,37.7
30047303,3,chest pain,7,71,110,83,23,95,37.1
30047304,1,fall,6,92,114,68,21,100,38.8
30047305,3,fall,5,99,135,69,14,99,36.9
30047306,3,chest pain,7,100,162,78,12,97,36.5
30047307,3,headache,1,98,103,55,15,93,34.1
30047308,3,shortness of breath,3,112,139,88,19,99,36.7
30047309,4,anxiety,2,87,134,66,17,100,38.0
30047310,3,headache,2,78,147,84,24,97,36.8
30047311,3,chest pain,6,55,132,48,10,97,36.7
30047312,2,chest pain,7,83,139,63,22,96,37.8
30047313,3,anxiety,5,90,145,65,17,96,38.5
30047314,2,headache,10,106,146,63,18,98,37.0
30047315,3,shortness of breath,4,81,162,52,24,99,37.3
30047316,3,knee pain,4,67,137,99,23,94,35.8
30047317,5,knee pain,2,62,131,90,16,100,37.1
30047318,3,knee pain,5,96,139,68,22,97,37.6
30047319,3,abdominal pain,3,77,140,89,19,93,38.1
30047320,5,chest pain,2,92,83,78,20,97,36.5
30047321,3,fall,2,81,151,89,17,100,36.8
30047322,5,knee pain,1,60,118,84,16,92,36.5
30047323,3,knee pain,6,89,124,81,16,92,37.1
30047324,4,headache,7,51,174,90,18,100,36.6
30047325,3,chest pain,7,75,118,89,14,98,37.9
30047326,3,back pain,4,79,93,59,22,92,37.8
30047327,3,shortness of breath,7,77,96,88,15,96,38.3
30047328,3,fever,3,52,130,66,20,93,36.8
30047329,3,back pain,1,71,121,99,20,98,38.0
30047330,3,anxiety,1,84,132,110,17,92,37.9
30047331,3,back pain,0,89,146,93,20,96,36.5
30047332,5,back pain,2,93,108,89,15,97,35.2
30047333,2,fall,7,74,116,95,23,92,37.6
30047334,3,chest pain,0,84,131,99,19,97,35.5
30047335,4,abdominal pain,2,81,162,59,22,99,35.4
30047336,3,back pain,1,75,127,65,24,100,37.6
30047337,2,abdominal pain,8,81,110,79,18,92,35.5
30047338,3,fever,3,86,131,76,17,100,37.0
30047339,3,back pain,1,67,156,49,22,97,37.4
30047340,3,fever,7,82,152,65,14,94,37.3
30047341,3,back pain,7,88,117,122,24,95,37.5
30047342,3,headache,3,90,100,110,18,98,36.4
30047343,3,headache,3,77,92,78,19,100,37.6
30047344,5,shortness of breath,0,85,109,85,20,96,36.1
30047345,3,anxiety,5,88,142,84,18,98,38.6
30047346,3,chest pain,6,70,161,85,20,99,37.1
30047347,3,fever,1,91,135,82,19,100,36.8
30047348,3,laceration,1,94,154,67,18,95,37.2
30047349,2,chest pain,9,91,117,112,21,94,37.0
30047350,2,anxiety,8,74,137,77,19,100,35.9
30047351,4,anxiety,7,108,114,74,17,99,35.7
30047352,2,fall,6,71,121,97,14,99,37.2
30047353,5,knee pain,0,81,99,64,16,97,36.9
30047354,4,chest pain,4,62,143,76,23,96,36.2
30047355,1,headache,8,92,100,85,14,94,36.4
30047356,2,back pain,6,115,114,75,17,97,37.5
30047357,3,shortness of breath,4,83,118,80,21,97,36.1
30047358,3,shortness of breath,6,75,139,113,13,100,36.8
30047359,4,shortness of breath,4,88,128,68,18,98,36.4
30047360,5,fall,1,85,119,92,12,100,37.0
30047361,1,headache,8,64,119,73,23,100,36.6
30047362,3,anxiety,7,101,117,57,18,94,36.6
30047363,3,fever,7,79,131,104,23,98,37.2
30047364,4,abdominal pain,3,53,127,79,19,99,36.6
30047365,3,headache,0,66,145,76,17,98,37.3
30047366,4,abdominal pain,1,77,141,72,17,97,36.9
30047367,1,shortness of breath,7,73,142,83,22,99,36.9
30047368,3,shortness of breath,2,67,124,71,19,95,37.8
30047369,3,fall,5,95,128,68,24,98,38.2
30047370,4,headache,7,82,87,59,16,100,36.6
30047371,3,chest pain,3,42,131,103,18,100,36.2
30047372,4,laceration,1,99,129,74,24,95,37.9
30047373,3,headache,1,108,119,86,25,97,38.5
30047374,2,chest pain,10,80,101,107,19,94,36.1
30047375,3,fall,4,105,93,72,14,100,36.9
30047376,5,shortness of breath,3,57,128,65,17,91,35.8
30047377,3,chest pain,5,87,134,89,9,99,36.9
30047378,3,abdominal pain,0,78,133,85,24,95,37.1
30047379,4,laceration,2,103,124,84,13,97,36.6
30047380,4,shortness of breath,4,66,126,79,15,96,37.7
30047381,1,knee pain,9,89,139,71,19,99,37.1
30047382,4,abdominal pain,6,82,134,100,24,99,36.1
30047383,4,anxiety,2,100,143,71,15,99,37.2
30047384,3,headache,2,73,59,93,17,98,37.0
30047385,3,headache,7,97,128,79,20,95,37.6
30047386,1,shortness of breath,8,73,139,74,18,100,36.3
30047387,3,shortness of breath,5,69,159,82,20,100,36.2
30047388,5,knee pain,0,82,120,106,18,93,36.5
30047389,5,chest pain,4,88,130,67,14,100,36.6
30047390,3,fall,6,94,140,77,18,92,38.4
30047391,4,anxiety,6,57,105,77,26,100,36.4
30047392,3,back pain,2,80,125,107,21,100,36.7
30047393,2,fever,10,105,129,107,15,98,35.2
30047394,3,shortness of breath,4,83,129,103,16,97,36.2
30047395,3,shortness of breath,2,77,97,60,19,95,37.5
30047396,5,fever,4,98,109,82,16,94,37.6
30047397,5,headache,6,96,108,69,14,97,38.5
30047398,3,anxiety,2,99,96,96,19,95,36.7
30047399,4,anxiety,4,82,114,85,19,96,36.8
30047400,2,headache,10,93,104,75,20,96,37.8
30047401,3,shortness of breath,6,67,119,70,17,97,37.1
30047402,4,abdominal pain,0,117,119,90,16,95,35.7
30047403,3,laceration,6,78,136,71,19,99,38.8
30047404,3,headache,1,113,107,76,22,91,39.8
30047405,3,knee pain,6,84,141,56,21,98,36.7
30047406,3,headache,6,110,144,84,17,97,35.8
30047407,3,back pain,6,82,117,95,10,96,36.1
30047408,3,knee pain,0,81,110,86,17,100,36.5
30047409,3,knee pain,4,75,104,44,19,100,35.9
30047410,3,anxiety,6,92,133,82,20,96,36.8
30047411,4,laceration,3,98,124,67,14,96,38.1
30047412,3,chest pain,3,109,142,88,23,98,37.6
30047413,2,fever,10,76,159,66,19,100,37.2
30047414,3,shortness of breath,6,59,114,86,15,100,36.0
30047415,3,chest pain,4,77,123,75,18,100,37.0
30047416,3,back pain,6,105,133,68,19,96,37.7
30047417,2,chest pain,6,95,116,80,15,92,37.7
30047418,3,abdominal pain,4,95,147,86,17,100,36.5
30047419,2,anxiety,8,70,136,75,21,96,37.3
30047420,4,shortness of breath,4,79,145,75,17,100,37.1
30047421,3,laceration,3,101,111,87,14,97,37.1
30047422,3,headache,6,75,133,80,20,100,37.0
30047423,4,fever,1,95,135,64,21,95,36.8
30047424,2,shortness of breath,9,96,105,58,20,98,36.1
30047425,2,anxiety,7,101,100,91,16,100,37.4
30047426,3,headache,1,63,103,84,20,99,36.8
30047427,4,fall,5,66,119,69,16,97,38.1
30047428,3,fall,3,85,117,70,19,95,36.2
30047429,4,headache,6,82,106,64,22,93,37.4
30047430,3,abdominal pain,2,122,143,85,15,100,37.0
30047431,4,abdominal pain,2,78,129,85,18,95,36.6
30047432,2,knee pain,7,56,139,86,25,99,36.6
30047433,5,knee pain,5,71,156,89,16,97,35.9
30047434,3,fever,7,78,138,74,12,95,36.8
30047435,3,knee pain,7,84,134,71,22,100,37.1
30047436,2,abdominal pain,8,91,123,75,21,96,37.6
30047437,3,abdominal pain,2,95,145,58,16,95,37.4
30047438,5,fever,4,89,174,98,26,96,37.6
30047439,3,fever,7,72,148,69,24,94,37.0
30047440,5,fever,0,98,149,70,16,96,38.3
30047441,3,abdominal pain,5,79,120,65,19,95,38.1
30047442,3,anxiety,4,108,104,105,25,100,36.6
30047443,3,fall,4,95,86,80,20,94,36.0
30047444,2,back pain,8,87,140,84,18,100,38.7
30047445,3,shortness of breath,4,69,122,97,16,100,36.2
30047446,4,anxiety,3,101,126,78,12,92,36.9
30047447,3,shortness of breath,0,99,119,66,25,88,37.3
30047448,2,fall,10,52,113,43,26,100,35.1
30047449,4,back pain,5,58,121,71,21,91,36.8
30047450,4,abdominal pain,4,76,109,67,17,92,36.9
30047451,3,knee pain,6,88,85,76,15,99,37.7
30047452,3,knee pain,1,98,140,89,17,98,36.7
30047453,4,fever,6,73,143,83,19,100,36.1
30047454,3,shortness of breath,2,93,128,62,17,92,37.6
30047455,3,shortness of breath,6,85,120,63,13,94,37.4
30047456,3,shortness of breath,7,84,101,86,16,95,37.1
30047457,4,back pain,1,97,118,72,14,96,36.1
30047458,3,headache,7,68,96,54,17,96,34.9
30047459,3,fever,2,48,143,93,27,98,37.9
30047460,2,abdominal pain,6,62,88,88,12,97,36.6
30047461,5,knee pain,2,91,126,92,17,100,37.6
30047462,4,knee pain,4,99,134,95,19,99,37.0
30047463,4,abdominal pain,3,111,154,79,23,96,37.5
30047464,2,laceration,6,67,135,54,20,100,37.0
30047465,4,headache,6,94,89,90,11,93,37.8
30047466,3,shortness of breath,0,82,163,75,22,94,37.2
30047467,3,fever,5,99,106,83,21,98,36.0
30047468,3,anxiety,2,62,146,64,22,89,37.1
30047469,4,abdominal pain,1,89,122,73,17,100,37.3
30047470,1,fever,8,88,101,66,21,99,36.8
30047471,2,fall,7,92,148,83,27,96,37.4
30047472,3,fever,4,88,139,90,18,97,38.8
30047473,4,shortness of breath,5,72,136,79,18,99,36.7
30047474,3,chest pain,1,70,122,79,13,97,37.2
30047475,4,shortness of breath,4,88,141,54,21,96,37.6
30047476,3,back pain,1,95,155,92,25,96,36.3
30047477,2,headache,8,77,119,73,17,95,37.5
30047478,3,anxiety,4,85,139,75,20,97,37.0
30047479,2,shortness of breath,7,104,121,77,15,98,36.5
30047480,3,abdominal pain,2,89,127,65,17,98,37.1
30047481,5,headache,6,101,151,87,19,96,37.8
30047482,2,shortness of breath,6,93,155,65,22,94,37.3
30047483,3,chest pain,3,96,138,82,18,96,37.5
30047484,1,knee pain,6,76,130,92,22,99,37.2
30047485,3,chest pain,7,103,153,80,28,99,35.8
30047486,1,fever,10,87,142,89,19,95,36.3
30047487,4,laceration,2,66,146,103,16,96,36.8
30047488,3,chest pain,4,96,121,93,9,97,36.7
30047489,2,laceration,7,96,102,76,15,94,38.3
30047490,5,headache,5,55,131,52,17,100,37.2
30047491,3,headache,7,102,98,86,19,97,37.5
30047492,2,anxiety,10,92,118,69,16,92,37.1
30047493,3,laceration,6,82,137,76,17,97,37.7
30047494,4,back pain,0,100,164,79,18,99,35.7
30047495,4,knee pain,7,61,134,100,20,97,36.4
30047496,3,laceration,3,61,155,94,19,95,36.3
30047497,2,back pain,7,71,138,107,15,93,35.8
30047498,3,anxiety,7,99,87,91,11,95,36.4
30047499,2,headache,7,85,127,74,12,97,36.2
30047500,4,headache,6,115,122,91,12,100,38.6
30047501,4,laceration,7,90,127,81,13,96,36.5
30047502,4,fever,2,80,133,93,16,92,37.3
30047503,3,knee pain,0,94,132,73,6,89,36.7
30047504,2,laceration,10,88,136,80,23,96,36.8
30047505,3,knee pain,0,70,165,79,16,94,37.2
30047506,5,knee pain,6,85,136,85,13,100,37.2
30047507,4,fever,7,74,112,78,16,91,37.1
30047508,3,fall,3,97,140,95,21,96,38.3
30047509,2,fall,7,78,131,90,19,100,37.0
30047510,3,abdominal pain,2,75,160,94,23,95,37.0
30047511,4,headache,7,64,106,77,21,94,37.5
30047512,3,fever,0,98,128,85,15,98,38.8
30047513,2,back pain,8,105,121,88,19,98,37.4
30047514,3,chest pain,0,70,109,69,17,98,38.0
30047515,3,back pain,7,68,142,83,24,100,36.4
30047516,3,headache,3,83,98,46,19,97,38.3
30047517,4,shortness of breath,1,89,83,94,18,94,36.5
30047518,4,chest pain,6,100,114,71,18,91,37.9
30047519,4,back pain,5,83,139,71,11,100,37.3
30047520,3,fall,0,105,100,102,19,100,37.5
30047521,2,anxiety,7,119,115,77,13,100,36.2
30047522,4,anxiety,7,101,137,96,16,92,37.2
30047523,1,anxiety,9,84,110,72,24,96,36.9
30047524,2,knee pain,9,65,128,90,19,95,37.9
30047525,3,knee pain,0,96,114,49,21,99,36.3
30047526,3,shortness of breath,6,94,150,86,18,97,36.7
30047527,1,back pain,6,70,144,73,14,98,36.8
30047528,3,fever,4,80,148,85,26,98,37.8
30047529,4,chest pain,3,83,118,73,16,99,37.2
30047530,3,fever,6,63,134,60,17,100,34.7
30047531,4,shortness of breath,3,76,144,68,18,100,36.1
30047532,3,anxiety,4,91,135,86,16,96,36.6
30047533,2,headache,6,81,121,67,18,95,36.8
30047534,5,laceration,4,91,134,86,19,96,36.7
30047535,2,laceration,9,92,115,48,19,95,37.5
30047536,2,chest pain,6,92,118,81,13,97,35.7
30047537,3,shortness of breath,2,91,130,91,17,99,37.3
30047538,3,headache,6,103,102,59,18,93,36.6
30047539,3,headache,0,93,121,107,24,97,38.2
30047540,3,abdominal pain,3,102,121,68,17,98,37.7
30047541,2,headache,10,71,133,80,19,99,36.5
30047542,2,back pain,8,77,116,39,21,100,36.7
30047543,3,anxiety,7,97,121,91,11,94,37.6
30047544,4,anxiety,7,83,123,90,19,97,37.1
30047545,3,chest pain,5,76,131,110,28,100,37.4
30047546,3,knee pain,5,56,137,91,17,94,37.4
30047547,3,back pain,7,99,132,88,21,99,36.5
30047548,3,headache,1,92,125,66,20,93,38.0
30047549,5,headache,2,106,132,65,25,94,37.3
30047550,3,laceration,4,84,113,77,22,97,38.0
30047551,3,fever,7,77,132,89,18,96,38.0
30047552,3,laceration,2,97,157,74,17,94,37.4
30047553,3,headache,7,91,116,72,20,99,38.1
30047554,3,fever,3,60,89,87,20,95,36.8
30047555,3,fall,6,58,137,102,20,95,35.8
30047556,5,chest pain,2,103,139,73,16,100,36.7
30047557,2,abdominal pain,7,85,100,94,11,100,36.9
30047558,3,fever,5,97,116,89,13,100,37.1
30047559,3,back pain,1,90,83,94,21,96,36.5
30047560,3,headache,1,71,106,81,18,96,37.0
30047561,1,headache,9,89,139,68,16,96,36.9
30047562,5,back pain,6,81,106,61,15,94,37.3
30047563,3,anxiety,7,75,125,75,14,98,36.7
30047564,2,back pain,9,89,117,64,17,97,35.8
30047565,4,laceration,7,86,106,71,21,97,38.2
30047566,4,fall,0,93,121,57,13,99,37.5
30047567,4,headache,6,62,108,83,25,99,36.6
30047568,3,shortness of breath,6,102,145,70,13,97,37.0
30047569,3,fall,7,92,123,73,14,100,36.4
30047570,4,anxiety,4,99,114,76,25,100,37.3
30047571,4,shortness of breath,5,80,127,72,19,92,36.9
30047572,3,anxiety,5,104,119,73,19,95,37.0
30047573,4,shortness of breath,3,86,133,87,19,95,38.0
30047574,2,back pain,9,71,135,39,14,97,37.0
30047575,3,headache,2,85,158,75,17,95,36.8
30047576,3,laceration,2,67,116,75,16,95,36.3
30047577,3,abdominal pain,2,80,115,95,23,100,35.3
30047578,3,abdominal pain,4,85,110,87,14,95,36.5
30047579,2,laceration,6,125,108,74,14,98,37.3
30047580,3,shortness of breath,4,81,125,81,15,92,36.9
30047581,3,back pain,1,64,110,109,22,99,37.6
30047582,3,knee pain,2,71,121,84,17,96,37.5
30047583,2,knee pain,9,108,117,103,21,97,35.9
30047584,3,headache,4,82,124,71,18,100,36.4
30047585,2,back pain,9,113,113,94,16,95,37.8
30047586,3,fever,4,116,118,74,8,96,37.6
30047587,2,shortness of breath,9,76,101,96,12,100,38.5
30047588,4,abdominal pain,4,74,99,97,21,95,35.8
30047589,3,shortness of breath,3,106,124,85,15,94,36.7
30047590,2,chest pain,9,67,122,96,20,98,38.1
30047591,3,chest pain,7,79,151,60,14,98,36.3
30047592,4,fever,5,78,126,70,24,95,36.6
30047593,1,headache,10,104,116,67,21,100,37.0
30047594,2,shortness of breath,8,76,144,96,25,99,37.5
30047595,2,abdominal pain,8,108,124,77,18,99,37.7
30047596,3,knee pain,5,83,154,63,11,100,35.5
30047597,2,fall,8,87,90,70,19,95,37.3
30047598,4,knee pain,3,98,130,90,19,98,35.7
30047599,1,fall,10,70,117,72,18,92,36.6
30047600,3,chest pain,3,96,107,92,12,97,37.0
30047601,3,shortness of breath,7,62,130,93,21,97,36.4
30047602,2,back pain,6,39,115,116,17,97,36.6
30047603,3,abdominal pain,1,62,112,64,20,96,37.3
30047604,3,back pain,5,83,106,79,23,91,36.5
30047605,4,abdominal pain,5,87,121,86,18,95,38.1
30047606,3,back pain,4,93,121,72,14,96,36.9
30047607,2,chest pain,9,75,146,98,20,99,37.4
30047608,4,headache,5,81,82,105,20,97,36.8
30047609,4,laceration,4,84,151,71,22,97,36.4
30047610,2,knee pain,8,66,139,94,13,99,37.0
30047611,5,back pain,6,92,139,58,19,97,36.3
30047612,5,anxiety,3,102,117,83,15,96,37.8
30047613,3,knee pain,6,91,114,104,20,98,36.3
30047614,2,abdominal pain,10,92,155,102,24,91,37.1
30047615,4,fall,1,94,144,112,14,98,37.7
30047616,5,knee pain,7,88,86,104,16,96,37.4
30047617,2,back pain,10,81,124,71,24,99,38.4
30047618,4,shortness of breath,2,69,103,86,19,94,36.8
30047619,3,chest pain,3,85,106,73,19,97,37.4
30047620,3,back pain,0,91,140,102,15,100,37.5
30047621,3,abdominal pain,1,91,116,99,12,98,37.4
30047622,3,laceration,1,82,126,75,23,94,37.9
30047623,4,fever,0,83,140,66,25,94,37.2
30047624,3,abdominal pain,7,86,125,92,16,97,37.7
30047625,5,chest pain,7,72,133,77,21,98,37.8
30047626,3,abdominal pain,4,96,88,89,10,97,36.3
30047627,3,back pain,1,75,116,93,8,95,37.7
30047628,3,laceration,4,99,136,58,24,95,37.5
30047629,3,laceration,3,78,132,67,21,92,39.2
30047630,4,anxiety,0,96,123,69,28,89,36.2
30047631,5,chest pain,7,79,115,66,18,92,37.2
30047632,3,anxiety,3,85,137,84,17,93,37.1
30047633,3,anxiety,1,58,119,76,15,100,36.1
30047634,3,fall,6,105,154,77,20,100,36.3
30047635,4,knee pain,1,93,163,93,8,93,37.8
30047636,3,fall,6,98,116,94,14,98,36.7
30047637,3,knee pain,5,92,93,90,12,95,36.2
30047638,3,abdominal pain,7,70,132,69,22,99,36.2
30047639,2,back pain,10,83,88,82,16,97,35.8
30047640,2,anxiety,7,68,121,88,21,96,36.5
30047641,1,chest pain,9,95,124,74,20,99,37.7
30047642,4,shortness of breath,2,73,135,73,15,100,38.7
30047643,3,headache,2,91,129,88,21,93,36.5
30047644,4,back pain,0,80,136,104,20,95,37.5
30047645,4,chest pain,0,71,96,82,20,96,36.0
30047646,4,knee pain,6,60,166,95,23,93,37.0
30047647,3,knee pain,6,50,149,98,17,97,34.6
30047648,3,headache,0,95,128,95,12,99,37.7
30047649,3,headache,1,90,93,73,12,100,36.1
30047650,2,laceration,8,84,106,62,18,90,36.7
30047651,3,chest pain,0,65,133,82,19,96,35.8
30047652,4,back pain,0,89,111,92,22,94,38.7
30047653,2,anxiety,9,68,114,103,17,94,36.8
30047654,3,fall,7,87,141,62,16,100,37.1
30047655,3,abdominal pain,2,86,110,88,16,99,37.4
30047656,3,back pain,6,88,83,81,13,95,37.8
30047657,4,fever,6,87,130,85,18,95,36.9
30047658,3,fever,2,86,96,58,19,100,36.1
30047659,3,fall,4,79,135,84,21,100,38.3
30047660,3,shortness of breath,7,85,161,81,18,96,35.9
30047661,3,back pain,1,67,93,83,12,96,37.1
30047662,5,headache,4,72,138,90,18,94,38.9
30047663,3,shortness of breath,0,100,86,99,16,96,36.4
30047664,2,chest pain,10,39,131,85,22,96,36.8
30047665,3,headache,7,120,128,82,17,97,36.7
30047666,2,knee pain,10,86,122,65,16,97,35.4
30047667,3,fever,6,74,109,84,16,100,38.1
30047668,4,chest pain,4,107,148,86,17,99,36.6
30047669,2,back pain,9,91,105,65,21,96,38.1
30047670,3,headache,0,93,118,82,20,97,37.4
30047671,3,back pain,5,62,142,65,19,95,36.1
30047672,3,fever,3,96,148,88,14,97,37.3
30047673,3,knee pain,5,75,93,64,20,96,36.8
30047674,5,knee pain,2,102,117,70,14,98,36.1
30047675,4,laceration,2,97,130,100,17,96,35.3
30047676,5,fall,5,76,94,86,16,99,36.9
30047677,3,headache,2,85,119,75,21,91,36.9
30047678,4,laceration,7,81,135,65,11,97,36.5
30047679,3,fever,2,70,105,75,19,94,37.0
30047680,5,fall,2,66,104,72,18,96,38.6
30047681,4,shortness of breath,7,69,134,95,13,94,36.7
30047682,2,fall,8,136,111,78,16,92,37.5
30047683,5,knee pain,6,80,121,86,20,100,36.4
30047684,5,fall,6,74,101,78,24,96,37.5
30047685,5,chest pain,6,87,122,64,22,98,36.8
30047686,2,knee pain,9,106,96,75,22,97,35.6
30047687,2,laceration,10,66,140,75,21,100,37.3
30047688,3,fever,7,102,115,84,20,97,36.3
30047689,3,headache,1,118,98,60,14,97,36.6
30047690,3,knee pain,0,129,152,87,22,100,36.9
30047691,3,laceration,5,103,117,83,21,93,35.2
30047692,4,chest pain,3,114,130,90,21,88,36.6
30047693,3,anxiety,2,76,113,93,22,98,36.8
30047694,2,anxiety,10,76,121,96,13,100,37.9
30047695,3,abdominal pain,4,77,133,64,21,95,37.0
30047696,3,laceration,0,40,145,110,14,99,37.7
30047697,3,fever,6,103,136,105,23,99,36.1
30047698,3,shortness of breath,7,69,129,73,17,99,38.3
30047699,2,anxiety,10,98,84,84,19,99,36.0
30047700,3,laceration,0,91,127,68,22,95,37.3
30047701,3,headache,1,102,135,91,15,95,36.3
30047702,3,chest pain,2,108,132,123,19,99,36.4
30047703,4,shortness of breath,6,84,108,73,17,94,35.5
30047704,1,headache,10,89,125,59,11,93,37.5
30047705,3,back pain,0,76,97,66,17,95,37.1
30047706,5,chest pain,4,88,107,72,20,98,36.6
30047707,3,abdominal pain,3,87,117,64,20,95,37.0
30047708,4,laceration,6,101,87,81,19,95,36.3
30047709,2,fall,10,102,126,65,16,97,37.1
30047710,3,anxiety,3,75,128,75,21,100,35.8
30047711,3,chest pain,7,93,128,97,19,94,36.7
30047712,3,anxiety,3,108,107,67,11,100,36.9
30047713,3,fall,7,98,134,86,20,91,39.0
30047714,1,laceration,8,76,93,76,20,98,37.3
30047715,3,laceration,5,87,104,73,15,98,36.4
30047716,1,shortness of breath,10,83,162,62,21,98,36.4
30047717,3,anxiety,0,62,120,90,17,100,35.5
30047718,3,fall,5,100,130,85,20,95,36.5
30047719,3,shortness of breath,4,102,108,77,16,96,35.8
30047720,3,fall,1,84,136,92,20,98,37.4
30047721,1,knee pain,9,78,125,67,10,92,36.9
30047722,4,fall,6,69,130,79,18,99,37.3
30047723,2,chest pain,9,88,124,63,20,96,36.5
30047724,3,shortness of breath,5,94,127,88,21,97,37.7
30047725,5,chest pain,4,96,101,105,18,94,37.3
30047726,3,fever,7,79,129,62,12,98,36.7
30047727,4,fall,1,80,149,75,13,98,36.9
30047728,4,shortness of breath,4,94,123,69,10,100,37.3
30047729,1,laceration,6,90,130,101,17,96,35.9
30047730,2,shortness of breath,7,80,133,93,23,100,37.6
30047731,2,shortness of breath,6,85,116,70,21,93,36.8
30047732,3,abdominal pain,5,78,115,94,17,96,37.0
30047733,2,anxiety,6,70,126,77,17,97,37.5
30047734,4,fever,2,80,121,72,11,94,36.3
30047735,4,anxiety,0,65,139,76,15,98,36.2
30047736,3,chest pain,1,60,117,77,19,92,37.2
30047737,4,laceration,6,76,115,102,23,95,37.3
30047738,5,fever,0,101,142,78,15,100,35.6
30047739,3,fever,3,92,119,114,20,98,35.1
30047740,3,anxiety,3,76,121,66,15,93,38.2
30047741,4,knee pain,5,97,126,91,27,97,38.1
30047742,4,knee pain,3,86,116,75,15,100,37.3
30047743,1,fall,9,73,103,68,21,100,37.3
30047744,3,chest pain,7,106,104,69,12,96,37.8
30047745,3,headache,6,74,135,62,21,95,36.6
30047746,3,shortness of breath,6,111,104,90,20,95,37.6
30047747,3,fever,3,88,122,92,12,96,36.6
30047748,3,anxiety,3,70,127,120,22,97,38.1
30047749,3,headache,0,84,125,84,20,96,35.9
30047750,1,back pain,6,110,161,51,15,96,37.9
30047751,3,fever,4,100,89,77,7,100,36.5
30047752,3,fall,5,75,135,75,18,95,37.2
30047753,4,fall,2,76,105,78,20,97,37.0
30047754,3,knee pain,6,114,147,77,16,99,36.7
30047755,2,headache,8,87,116,72,11,89,37.1
30047756,2,headache,7,96,108,112,12,95,38.0
30047757,3,fall,0,112,122,101,20,95,36.0
30047758,4,abdominal pain,7,110,133,87,28,98,37.2
30047759,2,abdominal pain,7,68,79,65,19,94,35.8
30047760,3,shortness of breath,1,75,139,91,23,98,36.7
30047761,1,shortness of breath,7,105,107,89,15,94,37.2
30047762,2,back pain,9,63,85,91,20,96,36.4
30047763,3,fever,0,103,146,80,25,99,39.0
30047764,3,headache,7,105,116,89,19,97,36.6
30047765,3,fall,3,71,115,109,20,98,36.7
30047766,4,anxiety,7,75,122,83,16,98,36.8
30047767,2,chest pain,8,97,135,69,11,98,36.9
30047768,3,abdominal pain,4,81,112,73,17,94,37.9
30047769,4,knee pain,6,76,118,82,18,94,36.9
30047770,3,back pain,6,82,123,96,18,98,37.6
30047771,3,fall,6,85,145,92,23,100,37.5
30047772,3,chest pain,2,79,128,78,20,97,36.3
30047773,3,shortness of breath,5,66,144,97,20,99,36.9
30047774,3,knee pain,1,70,130,72,23,95,36.9
30047775,3,back pain,0,69,138,75,15,95,36.9
30047776,2,laceration,6,100,137,77,22,99,37.4
30047777,1,fever,9,62,106,75,29,99,35.9
30047778,5,anxiety,1,100,144,56,23,97,37.5
30047779,3,fever,6,96,105,88,17,97,36.3
30047780,3,chest pain,0,90,139,80,21,100,37.5
30047781,3,fever,3,78,144,70,20,94,36.7
30047782,3,headache,6,79,166,94,16,95,37.6
30047783,2,fall,9,98,100,100,22,100,36.8
30047784,4,laceration,7,93,117,63,18,99,36.8
30047785,1,back pain,8,112,137,83,11,94,36.1
30047786,3,knee pain,3,76,127,69,16,100,38.0
30047787,2,anxiety,8,103,127,63,24,95,36.4
30047788,3,abdominal pain,0,64,119,91,27,97,38.0
30047789,4,shortness of breath,0,84,115,81,17,96,36.8
30047790,3,fall,3,76,100,88,20,100,36.6
30047791,4,knee pain,4,93,137,70,19,99,36.2
30047792,3,knee pain,4,75,109,69,17,98,38.1
30047793,3,laceration,5,71,108,83,19,100,37.3
30047794,3,chest pain,6,91,127,72,21,95,36.5
30047795,4,headache,6,72,160,82,18,98,37.2
30047796,3,laceration,7,105,99,95,17,94,36.2
30047797,3,fever,3,77,123,65,22,92,37.5
30047798,5,shortness of breath,1,97,141,89,17,97,36.6
30047799,4,fever,7,58,126,97,18,98,36.6
30047800,3,anxiety,1,112,132,102,12,100,35.4
30047801,2,fever,7,92,132,71,17,98,37.8
30047802,3,headache,7,72,132,94,18,98,35.8
30047803,3,fever,2,56,109,87,18,100,37.3
30047804,3,fall,6,79,146,54,17,100,37.6
30047805,4,fever,4,68,129,98,21,93,36.7
30047806,3,abdominal pain,2,81,164,86,18,98,36.8
30047807,3,anxiety,0,98,124,73,10,93,36.1
30047808,3,headache,6,94,69,106,23,95,36.8
30047809,2,knee pain,10,84,126,64,12,95,36.6
30047810,4,fall,6,61,93,91,17,96,37.0
30047811,4,chest pain,1,82,124,65,16,94,36.7
30047812,1,abdominal pain,6,79,131,119,19,99,36.6
30047813,4,anxiety,6,84,107,93,15,100,37.1
30047814,3,chest pain,1,104,118,91,15,98,36.0
30047815,1,abdominal pain,8,100,123,99,20,98,37.0
30047816,1,laceration,6,84,112,68,20,96,37.9
30047817,3,fall,3,76,123,93,24,98,36.2
30047818,3,fall,1,96,126,91,17,92,37.2
30047819,3,back pain,0,101,120,84,20,99,37.3
30047820,3,shortness of breath,0,78,130,67,17,97,38.4
30047821,1,knee pain,6,83,116,93,20,98,38.4
30047822,2,fever,8,105,109,107,18,94,35.7
30047823,2,fall,8,76,90,56,20,100,36.0
30047824,2,shortness of breath,10,82,109,75,18,94,36.6
30047825,4,abdominal pain,2,60,96,84,24,98,37.6
30047826,4,back pain,0,121,133,78,17,99,36.5
30047827,3,fever,3,89,102,87,15,100,37.1
30047828,3,chest pain,1,100,101,79,21,98,37.4
30047829,2,anxiety,8,92,92,103,9,100,38.2
30047830,3,fever,3,98,103,82,23,93,39.0
30047831,3,knee pain,7,77,126,83,21,100,36.7
30047832,3,laceration,4,99,126,115,9,97,35.7
30047833,4,fever,4,90,134,94,23,97,39.6
30047834,1,laceration,9,83,127,71,14,100,37.9
30047835,3,headache,6,89,103,93,18,98,37.5
30047836,4,back pain,6,90,145,96,20,96,38.4
30047837,2,chest pain,7,96,146,62,18,100,36.0
30047838,4,shortness of breath,1,99,121,79,18,95,37.5
30047839,5,fever,6,100,107,93,13,97,36.2
30047840,5,anxiety,4,78,141,87,19,100,36.9
30047841,5,fall,2,56,139,101,21,98,38.4
30047842,3,back pain,4,85,130,58,17,96,37.1
30047843,3,chest pain,2,98,97,108,17,99,38.8
30047844,3,shortness of breath,3,74,90,117,16,97,37.2
30047845,3,anxiety,0,84,122,93,19,96,38.2
30047846,2,back pain,9,72,106,74,22,100,37.0
30047847,4,fever,5,86,113,89,18,100,37.4
30047848,3,shortness of breath,1,92,121,112,17,96,36.9
30047849,2,chest pain,10,97,146,64,13,95,36.1
30047850,3,headache,2,84,132,78,17,98,35.9
30047851,2,headache,9,92,116,64,24,99,36.7
30047852,3,anxiety,3,54,160,87,17,97,36.9
30047853,3,fall,5,84,117,83,20,100,37.6
30047854,4,headache,4,75,109,76,20,98,36.1
30047855,3,headache,1,90,133,88,12,96,37.8
30047856,3,knee pain,5,89,96,75,22,95,38.1
30047857,4,headache,3,86,111,82,15,98,36.9
30047858,4,knee pain,0,71,112,89,14,99,37.2
30047859,2,laceration,8,105,97,78,16,97,35.3
30047860,3,back pain,0,110,116,96,12,99,36.4
30047861,4,chest pain,0,68,98,61,21,98,38.2
30047862,3,abdominal pain,7,53,139,87,17,100,37.2
30047863,3,headache,4,69,112,79,15,96,36.5
30047864,3,chest pain,5,93,158,98,20,98,37.6
30047865,3,shortness of breath,7,81,123,79,15,100,36.9
30047866,2,headache,6,70,125,85,11,94,38.3
30047867,4,chest pain,7,67,141,73,24,99,36.2
30047868,3,fall,4,80,150,76,19,100,36.7
30047869,4,abdominal pain,3,50,82,72,7,95,37.0
30047870,4,abdominal pain,1,79,131,90,12,96,38.3
30047871,4,fever,6,76,95,63,19,98,37.4
30047872,3,laceration,4,89,139,80,18,89,38.9
30047873,3,shortness of breath,3,91,148,92,18,100,37.7
30047874,3,back pain,1,100,113,80,21,96,38.9
30047875,4,chest pain,7,72,143,66,26,100,38.3
30047876,3,knee pain,1,75,147,87,17,97,38.2
30047877,4,shortness of breath,0,62,108,64,24,98,36.8
30047878,4,shortness of breath,2,47,118,79,28,95,37.5
30047879,4,headache,5,68,113,70,21,93,36.4
30047880,4,fall,0,78,96,89,18,97,38.3
30047881,4,fever,5,71,133,65,16,97,38.6
30047882,3,abdominal pain,7,100,137,64,18,94,35.9
30047883,4,shortness of breath,6,98,120,116,27,100,37.2
30047884,4,shortness of breath,3,78,151,82,18,93,35.8
30047885,4,knee pain,6,83,98,90,19,100,36.6
30047886,4,shortness of breath,0,90,112,68,26,96,37.2
30047887,2,headache,9,65,162,71,12,99,36.5
30047888,3,chest pain,4,111,114,85,16,97,37.3
30047889,2,fall,8,86,113,75,19,93,37.1
30047890,2,headache,6,101,124,66,24,93,37.3
30047891,3,anxiety,2,84,122,79,18,99,37.6
30047892,2,back pain,10,101,140,100,23,96,36.9
30047893,3,back pain,7,93,119,92,19,98,37.5
30047894,2,laceration,8,79,118,102,20,100,37.2
30047895,4,abdominal pain,4,83,132,71,19,100,37.3
30047896,3,fall,3,79,131,101,19,94,38.6
30047897,4,chest pain,1,103,108,118,19,97,36.9
30047898,3,anxiety,1,92,128,89,19,97,36.8
30047899,1,back pain,9,106,119,93,11,92,36.5
30047900,4,laceration,6,102,109,46,24,94,37.1
30047901,3,anxiety,6,76,155,59,21,96,37.7
30047902,3,anxiety,3,120,117,78,20,99,35.5
30047903,2,anxiety,9,71,153,83,13,99,35.6
30047904,4,fall,4,88,116,121,24,96,37.1
30047905,4,fever,4,94,116,96,16,95,36.2
30047906,4,headache,6,88,98,59,13,100,37.1
30047907,5,abdominal pain,2,85,145,94,20,97,36.6
30047908,4,chest pain,3,112,126,95,18,95,37.5
30047909,3,abdominal pain,6,84,154,95,14,95,35.4
30047910,3,back pain,3,96,121,94,21,92,38.2
30047911,3,chest pain,5,84,154,67,18,94,37.3
30047912,2,chest pain,6,106,146,99,14,98,36.8
30047913,4,shortness of breath,7,96,126,92,23,99,36.1
30047914,3,chest pain,5,74,158,95,22,92,37.5
30047915,3,fall,0,95,118,111,19,100,37.5
30047916,3,fall,7,78,145,67,19,100,37.2
30047917,3,chest pain,7,81,114,59,20,95,35.5
30047918,3,laceration,4,83,132,92,16,92,37.0
30047919,4,fever,7,78,115,49,16,96,37.0
30047920,4,knee pain,7,74,85,82,19,95,35.9
30047921,5,abdominal pain,2,77,113,83,24,96,38.0
30047922,3,chest pain,0,71,159,49,23,94,36.8
30047923,2,abdominal pain,8,89,131,78,23,95,36.3
30047924,3,back pain,2,72,115,101,27,100,37.1
30047925,4,headache,2,63,126,93,16,99,37.8
30047926,3,anxiety,7,91,161,113,21,100,38.5
30047927,3,back pain,0,117,129,76,17,99,37.8
30047928,3,anxiety,4,78,138,82,20,96,37.5
30047929,3,back pain,0,63,106,73,24,95,37.4
30047930,3,headache,6,70,114,71,19,93,37.2
30047931,4,fever,1,83,102,92,26,97,37.7
30047932,3,abdominal pain,0,92,125,74,12,95,36.5
30047933,2,abdominal pain,10,101,146,79,16,97,37.2
30047934,3,back pain,7,101,132,74,18,96,37.7
30047935,2,chest pain,6,63,141,83,21,100,35.3
30047936,2,chest pain,8,82,114,85,15,97,36.7
30047937,2,fall,8,77,70,80,15,97,37.4
30047938,3,laceration,3,57,119,85,20,100,36.0
30047939,4,chest pain,2,84,117,86,19,95,36.8
30047940,5,abdominal pain,1,92,159,97,24,96,37.8
30047941,2,fall,9,101,151,86,15,92,38.0
30047942,3,fever,1,89,123,75,16,100,36.5
30047943,3,abdominal pain,7,58,110,88,18,98,38.0
30047944,3,shortness of breath,3,98,113,91,22,93,36.8
30047945,1,anxiety,10,116,151,91,22,98,36.3
30047946,4,chest pain,0,81,124,94,22,100,37.0
30047947,3,fever,4,86,140,108,18,98,37.5
30047948,2,shortness of breath,10,98,118,92,15,97,37.1
30047949,3,back pain,5,82,147,118,15,96,37.3
30047950,4,fever,6,78,120,55,25,99,36.6
30047951,2,back pain,8,113,123,59,18,99,38.1
30047952,4,back pain,1,107,125,103,12,94,37.2
30047953,4,shortness of breath,7,91,116,43,18,99,35.8
30047954,4,abdominal pain,7,84,146,93,15,96,37.1
30047955,4,fever,3,76,149,75,19,97,36.5
30047956,3,abdominal pain,0,89,147,42,14,95,37.0
30047957,4,laceration,6,105,128,73,17,98,36.8
30047958,3,knee pain,0,83,119,78,14,99,38.9
30047959,1,fall,6,89,132,105,19,99,36.2
30047960,2,shortness of breath,7,84,115,72,17,97,37.0
30047961,1,chest pain,6,75,111,71,20,100,36.9
30047962,2,laceration,6,64,159,72,25,95,35.4
30047963,2,fall,7,94,105,51,21,92,37.2
30047964,2,laceration,6,88,118,73,20,94,37.9
30047965,3,anxiety,1,109,177,107,27,93,36.2
30047966,3,anxiety,4,57,163,85,12,97,38.6
30047967,3,headache,1,73,126,77,15,100,36.8
30047968,1,fall,10,90,132,70,28,98,35.5
30047969,4,laceration,0,70,125,98,20,93,37.2
30047970,3,headache,2,77,88,63,24,100,37.3
30047971,3,abdominal pain,4,90,137,79,21,92,37.9
30047972,3,headache,6,84,151,94,22,94,36.2
30047973,2,shortness of breath,7,93,163,91,16,97,37.1
30047974,3,laceration,2,60,139,103,18,97,38.1
30047975,3,knee pain,6,69,92,105,22,93,37.6
30047976,4,fever,4,67,138,90,17,94,37.3
30047977,3,back pain,1,81,133,79,19,96,38.6
30047978,2,laceration,6,99,111,75,11,97,36.7
30047979,3,knee pain,2,123,131,90,21,98,36.2
30047980,3,back pain,1,67,92,86,23,97,38.0
30047981,4,anxiety,4,61,131,82,18,99,36.6
30047982,3,back pain,2,100,129,78,17,98,37.1
30047983,3,back pain,1,73,177,92,18,99,37.3
30047984,3,anxiety,1,86,112,98,13,100,37.1
30047985,4,abdominal pain,3,90,142,64,24,100,37.7
30047986,3,chest pain,7,87,120,63,19,96,36.7
30047987,3,knee pain,0,88,127,70,18,100,37.0
30047988,2,headache,6,109,126,64,18,91,36.1
30047989,4,fall,1,88,142,83,19,89,36.9
30047990,3,laceration,6,110,175,87,21,98,36.3
30047991,3,fall,2,91,146,74,15,96,36.8
30047992,3,fall,2,68,154,87,13,94,38.1
30047993,4,abdominal pain,5,78,104,94,21,98,37.4
30047994,3,fever,6,103,122,66,14,94,36.4
30047995,1,fever,8,59,125,77,15,98,39.2
30047996,4,laceration,3,109,140,84,27,96,37.0
30047997,3,back pain,0,107,125,76,19,95,36.9
30047998,1,fall,10,104,105,97,20,94,37.6
30047999,4,fall,2,86,177,90,17,96,35.9
30048000,3,shortness of breath,5,88,98,94,20,95,36.3
30048001,3,chest pain,3,70,131,65,19,98,38.2
30048002,4,back pain,4,79,122,101,17,100,37.9
30048003,3,fever,2,101,134,57,16,99,37.6
30048004,5,abdominal pain,6,115,117,91,20,90,35.6
30048005,3,shortness of breath,0,101,111,89,19,96,37.8
30048006,3,anxiety,6,74,104,58,17,96,37.6
30048007,3,headache,7,73,102,67,20,98,36.4
30048008,5,laceration,0,84,143,69,15,93,38.2
30048009,4,fall,5,118,125,76,11,97,38.3
30048010,2,back pain,6,109,143,72,19,100,36.8
30048011,2,anxiety,8,99,147,94,16,97,36.1
30048012,3,laceration,5,69,163,96,25,98,37.5
30048013,3,chest pain,7,45,107,55,22,98,36.2
30048014,2,fall,6,105,115,70,9,98,36.3
30048015,4,chest pain,3,120,143,105,14,99,36.6
30048016,3,laceration,6,75,118,68,32,100,37.0
30048017,3,headache,2,95,123,63,14,98,38.3
30048018,3,abdominal pain,3,89,129,92,24,94,36.6
30048019,4,chest pain,4,50,85,92,21,99,36.0
30048020,3,fever,2,90,119,83,12,99,37.7
30048021,3,laceration,3,79,97,71,15,100,36.5
30048022,2,chest pain,9,83,104,91,17,100,37.2
30048023,4,abdominal pain,4,68,103,96,22,99,37.2
30048024,3,fall,5,71,126,84,24,100,35.1
30048025,4,laceration,2,80,115,80,15,93,36.4
30048026,2,fever,8,76,125,74,14,100,35.2
30048027,1,knee pain,6,77,137,62,17,100,38.3
30048028,4,knee pain,0,105,107,87,19,98,37.8
30048029,3,headache,4,87,127,72,10,95,36.7
30048030,3,fall,5,71,151,89,21,97,35.2
30048031,4,shortness of breath,3,81,129,98,19,100,36.3
30048032,3,fever,1,100,99,82,16,100,36.8
30048033,3,shortness of breath,2,79,125,91,20,95,37.9
30048034,3,fever,6,87,130,95,18,95,37.5
30048035,5,fall,3,88,134,64,23,96,36.6
30048036,4,laceration,2,81,118,83,18,93,37.2
30048037,3,anxiety,6,102,106,78,14,97,35.7
30048038,4,fall,5,85,153,89,17,96,37.2
30048039,4,chest pain,5,71,122,82,18,97,38.6
30048040,3,knee pain,1,53,148,67,15,100,36.7
30048041,3,knee pain,3,77,144,74,22,94,36.6
30048042,1,back pain,8,111,155,73,21,98,36.8
30048043,2,abdominal pain,7,62,106,74,17,100,37.8
30048044,3,shortness of breath,2,60,95,64,13,98,37.0
30048045,3,fall,4,113,154,78,21,99,36.3
30048046,3,headache,0,69,116,79,15,96,36.0
30048047,4,back pain,4,64,127,97,9,100,37.2
30048048,3,headache,6,67,115,81,10,95,37.1
30048049,3,headache,2,74,150,79,21,98,36.0
30048050,2,fall,6,75,162,63,21,100,37.0
30048051,3,headache,2,67,137,102,16,97,38.3
30048052,3,fall,4,76,125,53,21,100,37.1
30048053,1,abdominal pain,9,39,104,102,15,98,36.4
30048054,3,back pain,3,105,142,65,15,99,36.9
30048055,4,headache,5,70,135,74,21,96,36.8
30048056,3,knee pain,2,75,121,108,14,97,38.2
30048057,5,fall,6,101,142,90,20,94,35.9
30048058,3,shortness of breath,1,100,123,67,15,95,37.0
30048059,2,abdominal pain,7,112,118,80,24,92,37.0
30048060,3,fever,4,97,108,68,21,94,37.5
30048061,2,headache,7,80,128,96,20,96,37.3
30048062,3,knee pain,2,76,128,84,26,96,36.7
30048063,3,abdominal pain,2,49,99,78,16,95,36.6
30048064,1,laceration,9,62,103,73,21,96,38.7
30048065,3,fever,3,87,145,109,17,97,38.9
30048066,3,shortness of breath,3,73,132,92,16,99,36.5
30048067,5,back pain,0,85,149,73,16,100,37.4
30048068,3,knee pain,4,79,123,123,18,100,36.2
30048069,5,laceration,2,65,124,74,15,100,38.8
30048070,2,chest pain,7,101,136,74,22,93,35.9
30048071,1,abdominal pain,9,98,125,76,23,96,37.7
30048072,3,laceration,1,74,122,91,16,92,36.8
30048073,2,chest pain,9,90,145,112,24,97,36.5
30048074,4,back pain,1,75,111,62,23,100,38.0
30048075,3,back pain,6,86,167,40,13,95,36.1
30048076,3,knee pain,3,85,144,84,21,95,36.0
30048077,3,shortness of breath,1,90,104,68,23,98,37.5
30048078,3,headache,5,110,139,89,12,96,36.9
30048079,3,chest pain,6,93,131,71,16,100,37.0
30048080,3,anxiety,7,86,130,86,17,96,36.7
30048081,2,shortness of breath,7,82,120,85,23,96,36.3
30048082,3,headache,1,105,114,68,16,99,36.6
30048083,3,chest pain,2,71,99,66,17,100,37.5
30048084,3,anxiety,7,85,109,85,23,100,37.9
30048085,1,shortness of breath,9,88,117,99,16,98,36.8
30048086,3,fall,0,116,142,82,16,97,37.2
30048087,2,laceration,6,96,132,79,18,97,35.9
30048088,3,shortness of breath,4,81,141,78,21,93,37.5
30048089,5,shortness of breath,2,71,117,71,20,96,37.1
30048090,3,fever,0,96,92,82,19,91,36.6
30048091,5,back pain,2,66,133,62,22,96,37.5
30048092,3,abdominal pain,7,103,154,75,20,97,36.6
30048093,3,back pain,4,93,158,91,24,97,38.0
30048094,4,shortness of breath,0,72,130,81,14,98,36.2
30048095,1,anxiety,7,88,168,51,13,96,36.8
30048096,3,headache,6,88,128,93,20,100,36.8
30048097,3,knee pain,4,107,88,68,17,95,36.3
30048098,3,headache,1,83,132,67,18,100,37.0
30048099,2,fever,7,94,111,82,20,88,36.5
30048100,4,fall,2,95,91,93,20,95,36.6
30048101,4,shortness of breath,0,97,124,73,18,100,37.4
30048102,3,abdominal pain,1,71,140,104,16,95,37.0
30048103,3,shortness of breath,1,103,154,82,19,96,37.7
30048104,3,fever,3,68,138,104,19,100,36.9
30048105,3,abdominal pain,0,62,118,61,18,96,37.5
30048106,3,chest pain,4,79,131,82,17,99,36.0
30048107,2,fever,8,89,120,65,21,98,37.0
30048108,3,fever,6,93,142,72,22,98,37.1
30048109,3,fall,6,80,141,93,20,97,36.8
30048110,3,abdominal pain,3,75,72,63,27,99,37.7
30048111,3,fall,4,71,161,62,23,93,36.8
30048112,4,anxiety,0,88,112,81,16,96,36.4
30048113,3,anxiety,5,82,120,109,18,100,37.7
30048114,3,back pain,0,58,148,52,19,97,35.1
30048115,3,knee pain,3,68,90,90,13,95,37.3
30048116,3,shortness of breath,7,98,81,61,12,96,35.7
30048117,3,anxiety,4,92,137,102,21,98,36.1
30048118,3,laceration,5,97,147,76,15,97,35.4
30048119,3,chest pain,2,103,109,96,22,100,38.1
30048120,3,knee pain,6,69,131,103,14,100,36.3
30048121,4,headache,0,65,115,98,15,96,37.1
30048122,3,knee pain,0,77,135,84,18,100,36.9
30048123,3,laceration,3,89,116,58,13,96,36.7
30048124,3,laceration,3,85,160,86,15,96,36.7
30048125,2,knee pain,6,77,97,93,13,96,37.5
30048126,3,fall,1,81,107,109,23,97,37.1
30048127,3,headache,2,78,129,93,21,98,36.9
30048128,4,back pain,6,69,144,71,21,95,37.4
30048129,4,knee pain,6,63,107,84,14,93,36.4
30048130,3,abdominal pain,7,84,138,50,13,95,38.2
30048131,3,knee pain,0,95,131,78,19,96,35.8
30048132,5,anxiety,3,89,126,54,21,94,36.3
30048133,2,laceration,10,91,123,108,23,100,37.0
30048134,3,shortness of breath,1,79,153,88,21,96,36.5
30048135,4,fall,2,77,152,40,15,93,35.9
30048136,1,fall,6,75,131,51,18,94,36.8
30048137,3,chest pain,3,90,132,54,19,97,37.0
30048138,2,knee pain,6,86,114,82,13,100,37.6
30048139,5,back pain,6,104,104,80,17,100,36.7
30048140,3,knee pain,2,102,97,68,14,100,37.3
30048141,4,fever,6,92,96,99,20,99,36.6
30048142,1,abdominal pain,8,62,123,90,16,96,37.2
30048143,5,headache,6,79,95,98,19,94,36.6
30048144,4,knee pain,7,100,127,75,14,97,38.5
30048145,3,back pain,6,88,144,61,21,100,35.5
30048146,4,fall,5,89,107,70,21,96,36.1
30048147,3,knee pain,7,80,136,95,9,100,36.5
30048148,4,anxiety,4,89,154,91,19,100,36.4
30048149,1,chest pain,9,93,127,113,16,95,37.3
30048150,1,back pain,6,105,111,89,21,99,37.3
30048151,2,fall,6,75,156,73,18,99,36.8
30048152,4,fall,4,103,107,65,13,96,37.8
30048153,3,fall,4,95,137,84,19,96,37.0
30048154,4,fall,0,90,140,66,13,96,37.4
30048155,4,fall,0,86,147,98,16,99,37.1
30048156,3,abdominal pain,7,77,93,76,12,97,37.5
30048157,2,headache,7,112,94,81,21,91,36.5
30048158,1,headache,9,90,110,93,11,95,36.7
30048159,3,shortness of breath,5,91,105,85,26,100,36.8
30048160,2,chest pain,7,100,123,87,16,100,37.8
30048161,4,chest pain,4,75,113,66,16,98,36.6
30048162,3,fever,3,72,109,102,16,100,35.9
30048163,3,laceration,7,69,141,89,14,94,38.2
30048164,3,abdominal pain,3,82,129,82,15,95,36.6
30048165,3,abdominal pain,7,85,134,58,13,98,35.6
30048166,5,knee pain,3,88,114,78,16,100,37.3
30048167,3,fever,4,85,118,118,25,100,34.8
30048168,3,fever,5,84,117,91,21,92,37.7
30048169,4,chest pain,0,100,120,75,13,100,38.1
30048170,3,fall,4,79,122,95,22,97,38.0
30048171,3,shortness of breath,4,98,135,65,20,100,39.1
30048172,4,chest pain,5,73,121,83,20,98,38.1
30048173,3,fall,0,102,136,80,19,99,38.0
30048174,3,fever,0,43,105,104,22,98,37.9
30048175,3,abdominal pain,4,106,118,75,17,97,37.5
30048176,2,anxiety,10,113,141,66,16,100,36.4
30048177,3,abdominal pain,5,65,143,89,23,97,38.8
30048178,2,abdominal pain,8,73,138,79,20,96,37.7
30048179,3,anxiety,4,67,142,60,15,94,36.0
30048180,3,shortness of breath,5,78,140,77,18,100,36.6
30048181,2,anxiety,6,85,140,94,18,94,35.3
30048182,4,laceration,7,89,139,62,23,95,36.5
30048183,4,fever,6,66,117,74,11,100,37.0
30048184,2,laceration,8,80,137,42,17,93,37.0
30048185,3,fall,1,100,132,84,16,91,37.2
30048186,4,fever,6,132,122,87,22,96,36.2
30048187,3,headache,0,113,118,70,14,100,37.5
30048188,3,headache,0,91,133,74,26,98,35.9
30048189,3,fever,1,62,126,71,20,95,38.6
30048190,3,abdominal pain,0,90,74,57,15,97,37.3
30048191,3,abdominal pain,0,70,123,92,26,97,36.8
30048192,3,abdominal pain,0,95,137,76,17,95,36.1
30048193,2,back pain,6,92,137,80,20,98,37.9
30048194,5,anxiety,5,75,144,78,21,98,37.6
30048195,3,laceration,5,99,121,64,24,97,36.8
30048196,3,shortness of breath,1,87,145,82,8,96,36.7
30048197,2,fall,6,95,132,76,14,92,35.3
30048198,4,chest pain,4,78,112,69,18,95,36.6
30048199,2,chest pain,6,82,136,82,27,96,37.3
30048200,1,anxiety,10,95,137,73,21,95,37.5
30048201,3,anxiety,1,89,139,71,21,96,37.7
30048202,3,back pain,7,88,112,84,20,97,37.7
30048203,4,abdominal pain,2,79,129,59,20,98,37.4
30048204,3,chest pain,4,93,114,67,11,95,38.4
30048205,3,fever,1,117,109,83,17,91,36.4
30048206,3,fever,1,89,135,85,17,97,36.5
30048207,1,laceration,8,95,150,63,17,93,38.6
30048208,1,fever,7,98,132,60,17,100,36.3
30048209,3,fall,1,95,154,80,26,98,36.4
30048210,4,shortness of breath,3,93,95,79,14,98,37.4
30048211,4,headache,2,108,123,76,22,97,36.5
30048212,4,fall,7,65,113,93,20,96,38.6
30048213,4,headache,4,86,86,88,11,96,37.2
30048214,2,back pain,8,109,160,92,13,100,36.8
30048215,3,laceration,6,82,110,64,20,97,38.2
30048216,3,chest pain,7,81,101,83,24,98,36.9
30048217,2,laceration,8,60,127,44,14,92,37.9
30048218,2,fall,10,90,135,92,19,100,36.9
30048219,1,fever,9,114,142,82,18,100,36.1
30048220,3,knee pain,3,61,119,109,15,96,38.7
30048221,3,fever,0,103,79,78,23,96,35.9
30048222,4,headache,6,86,125,118,20,93,38.0
30048223,3,back pain,5,100,145,77,24,97,37.6
30048224,2,fall,7,95,116,72,9,99,35.7
30048225,3,chest pain,0,66,133,77,16,94,37.6
30048226,3,back pain,5,91,120,88,16,96,36.7
30048227,4,headache,7,92,114,88,12,97,38.7
30048228,3,knee pain,2,91,115,65,17,97,38.1
30048229,5,laceration,3,95,121,69,17,95,37.6
30048230,3,laceration,4,91,114,62,20,99,36.2
30048231,3,fall,3,87,99,104,16,97,36.7
30048232,3,abdominal pain,0,85,138,98,19,96,37.6
30048233,5,laceration,1,83,116,83,24,100,36.7
30048234,3,headache,2,97,129,62,17,99,37.3
30048235,4,headache,1,89,141,82,14,96,37.7
30048236,4,fall,6,116,157,97,14,100,37.5
30048237,3,abdominal pain,4,113,115,72,11,94,36.4
30048238,2,headache,8,70,156,53,20,95,35.4
30048239,3,anxiety,5,87,123,71,20,97,37.2
30048240,4,fever,2,73,122,85,14,100,37.1
30048241,5,headache,6,91,113,83,18,95,37.4
30048242,4,fall,0,88,125,63,15,93,37.1
30048243,4,anxiety,1,85,118,99,22,93,38.2
30048244,3,abdominal pain,7,86,109,91,14,99,38.3
30048245,3,laceration,5,93,129,60,15,93,36.2
30048246,3,back pain,6,84,120,52,16,98,36.0
30048247,2,fever,10,72,133,83,20,97,36.6
30048248,4,laceration,6,89,121,48,16,94,36.6
30048249,5,fall,2,104,135,60,18,97,36.3
30048250,4,knee pain,3,46,150,78,17,94,36.9
30048251,3,chest pain,1,82,123,59,23,91,38.3
30048252,4,headache,6,84,142,80,26,97,36.8
30048253,4,fall,1,78,145,95,22,100,38.1
30048254,3,abdominal pain,3,89,99,75,17,95,37.9
30048255,4,laceration,5,107,142,82,9,94,36.5
30048256,3,abdominal pain,5,100,132,72,20,100,36.7
30048257,4,chest pain,1,101,160,106,17,99,36.4
30048258,3,headache,6,96,113,80,17,97,36.9
30048259,1,laceration,7,70,103,45,11,96,37.5
30048260,3,shortness of breath,5,83,98,73,14,94,37.0
30048261,3,knee pain,0,104,134,94,12,99,36.9
30048262,3,abdominal pain,5,68,152,88,20,95,36.9
30048263,2,anxiety,6,105,148,90,8,98,38.1
30048264,3,knee pain,2,74,96,81,18,96,37.8
30048265,2,back pain,9,89,99,85,17,94,37.8
30048266,2,shortness of breath,9,92,123,54,13,100,36.5
30048267,4,laceration,6,77,101,59,22,97,36.5
30048268,4,headache,1,75,150,98,18,97,37.4
30048269,1,chest pain,7,82,106,87,21,92,35.7
30048270,3,shortness of breath,7,100,132,75,22,96,37.7
30048271,3,fever,1,79,113,74,24,99,36.7
30048272,3,laceration,6,38,146,70,17,97,37.8
30048273,1,laceration,9,97,135,61,18,98,36.8
30048274,2,headache,6,87,104,96,18,96,38.1
30048275,4,chest pain,3,116,131,94,15,99,38.0
30048276,4,chest pain,4,91,119,90,14,96,36.1
30048277,3,laceration,1,79,127,74,16,99,37.2
30048278,1,knee pain,9,75,148,85,21,94,35.9
30048279,2,abdominal pain,7,107,93,50,16,97,37.2
30048280,3,laceration,2,88,117,82,12,94,36.5
30048281,3,headache,1,87,133,57,17,93,34.8
30048282,3,headache,3,71,127,72,19,97,36.3
30048283,3,shortness of breath,1,93,133,85,12,100,35.6
30048284,4,fall,0,95,138,111,18,94,37.6
30048285,3,anxiety,7,73,127,88,19,96,37.3
30048286,2,chest pain,10,84,112,78,16,100,37.4
30048287,4,anxiety,1,94,116,86,23,95,37.7
30048288,3,knee pain,2,87,133,90,15,100,37.3
30048289,2,headache,10,76,86,68,19,98,37.4
30048290,2,chest pain,7,78,143,72,14,96,36.7
30048291,3,knee pain,2,88,148,113,19,96,36.9
30048292,2,fever,9,90,148,76,23,100,34.8
30048293,5,shortness of breath,1,87,110,85,22,95,37.0
30048294,3,laceration,1,78,141,56,18,97,36.6
30048295,4,back pain,5,56,89,102,11,100,36.4
30048296,2,anxiety,7,90,113,95,21,100,37.0
30048297,4,shortness of breath,0,96,99,87,18,100,37.6
30048298,4,anxiety,1,75,142,85,17,96,36.6
30048299,2,shortness of breath,6,92,110,47,18,98,36.4
30048300,3,headache,3,77,140,65,19,99,35.2
30048301,3,knee pain,5,90,115,85,16,95,37.5
30048302,3,fever,7,107,162,105,27,96,36.2
30048303,3,chest pain,6,72,139,88,25,98,36.9
30048304,5,shortness of breath,6,83,131,93,21,99,36.5
30048305,3,abdominal pain,5,81,147,75,20,100,37.0
30048306,3,back pain,0,86,114,81,15,91,37.0
30048307,3,fall,7,87,137,71,19,100,36.4
30048308,2,abdominal pain,8,54,147,98,19,96,37.2
30048309,4,anxiety,0,52,138,82,19,100,35.9
30048310,3,fall,2,88,103,43,19,96,37.4
30048311,3,back pain,2,84,127,77,17,91,38.0
30048312,3,abdominal pain,7,80,114,124,25,99,37.5
30048313,5,headache,4,93,130,61,28,94,37.9
30048314,4,headache,0,104,153,71,12,100,36.0
30048315,2,back pain,6,82,135,69,22,95,36.8
30048316,3,headache,6,100,103,72,17,99,37.0
30048317,3,fever,1,82,95,66,11,100,36.8
30048318,3,abdominal pain,0,76,128,86,18,95,36.9
30048319,5,headache,1,79,155,101,25,95,38.7
30048320,4,knee pain,4,90,158,101,18,97,37.2
30048321,3,back pain,0,86,116,67,12,100,37.8
30048322,4,chest pain,5,95,129,82,20,94,37.7
30048323,3,knee pain,3,67,138,100,18,93,37.1
30048324,3,back pain,5,82,113,71,12,97,36.4
30048325,4,laceration,1,86,112,79,17,96,36.3
30048326,3,back pain,2,59,99,71,15,100,36.5
30048327,2,abdominal pain,10,52,126,95,25,99,37.0
30048328,3,laceration,4,89,143,53,13,94,37.3
30048329,3,fever,0,86,124,93,19,95,36.3
30048330,3,fall,2,85,134,82,24,100,37.3
30048331,4,anxiety,4,65,119,75,22,100,36.1
30048332,3,back pain,2,54,152,96,25,96,37.6
30048333,2,anxiety,9,100,118,93,18,99,36.0
30048334,4,knee pain,5,74,124,72,19,95,37.9
30048335,3,chest pain,0,104,86,75,16,92,35.9
30048336,1,laceration,8,81,99,74,18,100,37.0
30048337,3,back pain,5,83,117,68,9,93,38.0
30048338,2,shortness of breath,6,77,148,82,21,98,36.3
30048339,1,headache,9,105,125,59,16,99,37.7
30048340,3,anxiety,4,95,136,89,21,97,37.7
30048341,3,fever,7,85,142,81,20,95,35.8
30048342,1,knee pain,8,94,133,59,18,100,37.6
30048343,3,abdominal pain,2,81,115,77,22,95,37.3
30048344,3,fall,5,83,130,101,17,98,37.6
30048345,4,fall,7,97,128,52,15,97,37.2
30048346,3,chest pain,6,85,105,95,19,99,36.8
30048347,3,shortness of breath,0,108,125,69,19,95,36.0
30048348,2,abdominal pain,9,74,128,92,21,100,37.5
30048349,3,abdominal pain,6,108,147,91,13,98,37.1
30048350,3,back pain,3,74,136,90,25,95,35.9
30048351,3,headache,0,74,148,72,19,98,36.7
30048352,4,knee pain,6,77,127,77,21,95,36.0
30048353,3,fall,4,79,112,76,13,96,35.6
30048354,4,headache,6,90,147,75,20,100,37.1
30048355,4,fall,0,79,106,71,21,99,38.3
30048356,4,knee pain,2,107,155,85,20,91,37.1
30048357,2,laceration,7,72,117,55,15,100,38.8
30048358,4,knee pain,4,118,124,87,10,100,36.9
30048359,4,fever,2,80,133,97,18,97,36.8
30048360,2,knee pain,7,71,118,80,18,100,37.3
30048361,3,abdominal pain,4,78,113,72,16,91,36.5
30048362,4,back pain,4,77,126,98,12,95,38.2
30048363,3,back pain,0,83,108,83,23,95,36.7
30048364,3,headache,2,102,130,92,21,100,36.3
30048365,4,chest pain,3,112,159,101,18,97,35.4
30048366,4,abdominal pain,5,85,143,86,14,100,35.7
30048367,3,chest pain,6,103,152,59,28,99,36.1
30048368,3,fall,5,78,121,82,14,96,36.8
30048369,4,laceration,7,74,114,84,23,97,37.5
30048370,4,fall,0,93,148,77,17,99,37.4
30048371,3,fall,0,90,156,90,24,96,37.5
30048372,3,fall,7,98,126,63,22,93,37.1
30048373,2,fall,9,97,155,87,16,97,38.7
30048374,3,fever,3,54,117,117,19,95,37.0
30048375,3,knee pain,7,86,135,77,21,91,37.1
30048376,5,chest pain,3,92,124,81,19,95,37.8
30048377,3,fall,3,91,128,44,23,93,35.9
30048378,1,fever,7,101,104,95,19,96,36.7
30048379,5,fever,3,73,155,84,14,99,36.6
30048380,3,anxiety,6,88,109,69,19,97,37.3
30048381,3,laceration,5,85,121,74,19,96,36.3
30048382,3,shortness of breath,0,67,114,69,18,97,37.2
30048383,2,back pain,7,72,124,85,26,100,37.3
30048384,2,laceration,10,96,135,82,18,92,36.5
30048385,2,fever,6,85,110,77,22,92,36.3
30048386,5,back pain,5,100,106,72,19,100,35.7
30048387,3,shortness of breath,2,82,109,104,19,95,37.6
30048388,4,anxiety,7,113,143,62,13,100,38.2
30048389,4,shortness of breath,5,71,106,77,17,100,37.5
30048390,3,back pain,0,74,101,93,17,100,36.3
30048391,3,fall,5,88,112,65,22,99,38.3
30048392,3,laceration,4,104,119,73,18,98,37.2
30048393,3,shortness of breath,6,63,151,66,20,99,36.5
30048394,3,fever,5,116,116,64,14,99,37.6
30048395,3,fall,2,89,121,76,19,90,37.6
30048396,2,headache,6,106,68,92,27,99,36.7
30048397,1,fall,9,101,129,102,24,100,37.6
30048398,3,back pain,6,116,129,79,26,94,35.6
30048399,4,laceration,3,80,127,88,26,95,36.6
30048400,2,abdominal pain,8,109,120,86,12,100,37.9
30048401,2,chest pain,8,68,93,99,17,99,37.1
30048402,1,fall,8,85,146,59,21,95,37.7
30048403,3,anxiety,2,85,100,76,14,95,36.6
30048404,3,chest pain,0,68,128,102,18,100,36.7
30048405,3,abdominal pain,6,105,135,92,23,100,37.9
30048406,2,laceration,8,85,96,91,18,99,36.9
30048407,4,fall,0,92,120,107,18,100,36.1
30048408,4,shortness of breath,2,88,104,65,18,94,37.8
30048409,4,fever,2,84,117,77,19,97,37.2
30048410,2,headache,10,81,151,91,20,99,38.3
30048411,2,knee pain,7,95,145,47,20,92,37.5
30048412,4,laceration,7,102,123,60,11,98,35.4
30048413,2,abdominal pain,8,83,99,70,24,99,37.2
30048414,5,back pain,7,114,88,81,16,97,35.5
30048415,3,headache,0,71,106,69,19,97,36.5
30048416,3,abdominal pain,0,99,118,91,21,100,38.5
30048417,3,shortness of breath,7,89,130,96,18,97,37.2
30048418,4,fall,2,106,107,95,19,99,37.9
30048419,4,fall,4,56,145,59,11,95,37.8
30048420,3,headache,2,86,76,88,17,100,37.2
30048421,3,anxiety,5,75,128,74,18,92,36.0
30048422,3,shortness of breath,4,76,99,80,16,100,37.6
30048423,4,shortness of breath,7,85,134,100,14,99,37.0
30048424,1,headache,7,57,114,104,23,99,37.2
30048425,3,fever,7,103,125,93,16,99,37.1
30048426,2,knee pain,9,87,118,66,20,90,37.6
30048427,3,laceration,1,101,91,93,15,95,36.8
30048428,3,back pain,1,105,118,70,17,97,35.0
30048429,1,laceration,7,103,133,74,16,92,37.6
30048430,3,knee pain,1,92,109,63,15,100,36.1
30048431,3,back pain,5,93,100,76,16,96,36.7
30048432,2,abdominal pain,6,115,140,80,19,99,37.0
30048433,3,back pain,2,97,137,62,10,100,37.8
30048434,2,headache,9,83,119,102,20,96,37.7
30048435,4,chest pain,0,108,110,73,17,98,37.3
30048436,2,laceration,9,79,138,68,17,98,36.1
30048437,4,fall,7,106,132,81,19,98,35.9
30048438,1,back pain,9,69,127,62,20,98,36.0
30048439,3,anxiety,7,101,147,81,28,95,36.9
30048440,2,back pain,6,72,154,55,17,91,36.1
30048441,5,knee pain,3,106,114,60,17,98,36.5
30048442,3,back pain,4,75,141,68,17,100,36.5
30048443,3,fever,0,76,113,82,20,98,37.4
30048444,3,anxiety,1,64,111,97,15,96,36.7
30048445,2,fall,8,105,166,85,14,99,36.9
30048446,2,anxiety,8,81,153,61,17,95,35.9
30048447,3,laceration,2,106,146,78,12,94,37.3
30048448,2,fever,9,101,153,74,18,95,37.1
30048449,5,abdominal pain,4,97,157,89,21,94,36.0
30048450,2,chest pain,9,83,120,68,22,97,36.6
30048451,3,knee pain,5,98,133,49,21,98,36.2
30048452,3,knee pain,3,79,121,70,12,90,37.2
30048453,3,chest pain,6,75,145,79,12,96,36.0
30048454,3,knee pain,0,102,130,70,19,95,36.8
30048455,3,laceration,6,87,95,85,14,96,37.2
30048456,3,fall,1,93,96,48,13,96,37.0
30048457,3,fever,2,87,115,93,18,99,36.0
30048458,2,shortness of breath,6,85,148,73,21,94,37.2
30048459,4,anxiety,4,81,143,101,12,95,35.9
30048460,3,back pain,7,69,164,62,17,97,37.7
30048461,3,abdominal pain,2,72,119,74,18,98,36.0
30048462,1,knee pain,8,76,99,93,20,92,36.4
30048463,3,back pain,5,77,155,95,16,92,37.4
30048464,3,knee pain,6,104,157,94,23,95,36.8
30048465,4,shortness of breath,5,92,105,61,20,97,36.8
30048466,4,anxiety,4,93,96,77,18,96,37.1
30048467,4,anxiety,6,99,125,90,22,93,37.5
30048468,2,anxiety,9,90,172,96,19,99,37.5
30048469,3,shortness of breath,5,70,137,109,14,97,35.3
30048470,3,back pain,4,86,94,83,27,96,37.1
30048471,2,back pain,10,84,119,80,10,94,34.9
30048472,3,headache,0,97,141,100,21,100,37.4
30048473,3,laceration,2,112,129,84,12,100,38.0
30048474,2,back pain,10,125,92,74,19,98,38.0
30048475,2,headache,10,89,87,88,19,94,37.5
30048476,4,fever,5,84,150,81,21,100,37.8
30048477,4,shortness of breath,0,93,85,60,21,89,38.9
30048478,3,abdominal pain,6,96,156,96,20,99,38.1
30048479,3,back pain,2,89,123,71,14,97,37.9
30048480,2,chest pain,10,83,110,97,24,96,37.6
30048481,3,headache,0,91,102,75,15,99,37.0
30048482,3,anxiety,2,79,126,69,20,100,38.1
30048483,2,fall,10,90,123,101,15,99,36.7
30048484,3,fall,7,80,123,58,15,98,37.7
30048485,3,laceration,1,108,150,91,19,94,37.7
30048486,5,back pain,7,85,80,82,22,98,38.1
30048487,5,abdominal pain,4,95,145,112,16,99,36.5
30048488,3,abdominal pain,5,106,111,81,15,99,36.5
30048489,3,laceration,4,77,106,96,27,95,37.1
30048490,3,laceration,1,79,151,90,19,96,36.3
30048491,4,laceration,6,96,94,63,19,100,37.6
30048492,3,fever,6,63,100,100,13,95,37.7
30048493,3,fall,3,82,139,77,19,96,36.2
30048494,5,fever,0,97,152,87,13,98,39.4
30048495,2,anxiety,9,48,125,79,24,98,38.6
30048496,2,back pain,6,57,76,81,21,99,37.8
30048497,3,fall,4,73,108,113,22,96,36.4
30048498,4,anxiety,4,101,120,55,21,96,36.2
30048499,3,anxiety,3,85,120,83,18,99,37.9
30048500,3,abdominal pain,0,92,98,91,20,100,36.2
30048501,2,anxiety,6,85,94,69,15,93,37.1
30048502,4,anxiety,4,98,103,69,17,98,35.7
30048503,3,fall,3,120,144,85,21,98,37.5
30048504,3,headache,0,107,120,75,12,98,36.5
30048505,5,shortness of breath,2,103,133,97,16,100,36.7
30048506,3,headache,4,87,140,96,21,93,37.5
30048507,3,knee pain,5,95,99,79,12,93,37.7
30048508,4,abdominal pain,2,80,134,92,17,97,35.2
30048509,3,anxiety,3,84,106,82,22,98,37.1
30048510,5,laceration,1,106,159,106,20,90,36.8
30048511,4,laceration,4,81,137,76,10,98,36.7
30048512,2,chest pain,8,81,123,64,17,94,37.1
30048513,4,knee pain,6,79,119,43,24,93,37.3
30048514,2,shortness of breath,9,98,141,56,19,95,37.8
30048515,2,fall,10,91,126,73,20,100,36.1
30048516,3,knee pain,3,87,117,73,17,100,36.4
30048517,3,abdominal pain,2,81,116,83,20,99,36.7
30048518,2,abdominal pain,6,102,123,64,19,98,37.7
30048519,4,abdominal pain,1,77,116,53,14,95,36.7
30048520,3,laceration,7,82,147,80,33,100,37.7
30048521,3,anxiety,1,50,126,70,15,99,36.5
30048522,3,back pain,5,84,102,91,16,91,38.2
30048523,4,abdominal pain,6,72,87,85,15,94,37.5
30048524,3,anxiety,6,68,108,97,25,100,37.7
30048525,1,fever,9,95,143,73,20,95,38.5
30048526,3,abdominal pain,1,62,117,98,14,98,36.7
30048527,1,abdominal pain,7,96,128,91,21,92,38.2
30048528,2,knee pain,9,85,129,77,20,100,37.5
30048529,4,anxiety,6,80,120,80,20,100,37.6
30048530,1,back pain,8,73,148,89,17,99,36.5
30048531,4,anxiety,0,64,143,104,18,98,36.8
30048532,2,fall,6,54,123,107,17,98,36.2
30048533,3,headache,3,62,105,99,18,100,37.5
30048534,3,chest pain,4,73,150,98,16,99,36.5
30048535,5,laceration,1,94,150,106,24,96,35.8
30048536,2,fall,6,66,124,83,18,96,36.6
30048537,4,chest pain,3,84,103,60,19,100,36.3
30048538,3,abdominal pain,2,87,128,107,17,93,36.7
30048539,3,anxiety,4,96,127,93,21,93,37.6
30048540,3,shortness of breath,3,60,145,102,25,99,37.1
30048541,2,fall,7,66,128,92,25,99,35.5
30048542,4,back pain,1,71,78,87,12,97,36.2
30048543,3,laceration,6,96,131,64,22,100,37.9
30048544,5,abdominal pain,5,99,81,87,24,94,38.0
30048545,3,fever,4,87,131,105,11,95,37.0
30048546,3,abdominal pain,4,64,131,19,22,99,36.8
30048547,2,shortness of breath,9,114,134,49,21,96,37.7
30048548,4,fall,7,81,115,92,21,94,35.7
30048549,3,anxiety,0,108,117,69,21,100,37.2
30048550,3,fever,3,78,119,75,26,90,38.3
30048551,3,fall,1,78,132,83,12,100,36.6
30048552,2,back pain,9,70,144,74,30,94,36.1
30048553,4,headache,5,89,87,64,19,97,37.4
30048554,3,back pain,1,82,127,92,25,96,37.1
30048555,3,shortness of breath,6,82,135,67,22,100,36.8
30048556,5,shortness of breath,6,91,110,72,18,95,36.6
30048557,3,chest pain,5,105,102,81,23,95,37.5
30048558,1,laceration,10,108,72,67,20,96,37.6
30048559,2,knee pain,10,99,96,55,21,100,37.1
30048560,3,headache,5,85,131,92,23,96,37.3
30048561,3,fever,3,82,136,70,14,99,36.6
30048562,3,back pain,7,79,129,74,14,100,37.9
30048563,2,headache,10,86,105,59,17,97,38.5
30048564,4,anxiety,0,69,123,71,20,90,36.4
30048565,4,headache,7,55,138,93,25,100,37.1
30048566,3,headache,6,93,137,72,31,98,37.8
30048567,2,chest pain,6,84,168,66,25,91,37.4
30048568,2,shortness of breath,8,68,145,82,19,99,37.0
30048569,2,headache,9,73,72,86,28,95,36.8
30048570,3,headache,4,70,138,72,15,98,38.7
30048571,3,headache,4,81,82,65,21,98,35.9
30048572,2,laceration,10,65,124,75,18,98,36.2
30048573,1,knee pain,7,76,91,104,16,100,37.6
30048574,3,abdominal pain,7,87,155,82,18,97,37.2
30048575,4,fever,5,87,172,64,14,97,37.2
30048576,3,chest pain,4,87,117,90,17,99,36.8
30048577,3,knee pain,5,74,105,72,17,95,36.2
30048578,3,headache,5,115,126,68,17,99,36.5
30048579,4,headache,5,84,145,70,19,99,37.3
30048580,3,chest pain,6,86,166,106,14,97,36.1
30048581,3,laceration,5,66,127,84,10,100,37.7
30048582,3,abdominal pain,6,127,119,86,16,95,37.2
30048583,1,chest pain,8,99,128,71,18,97,36.7
30048584,5,laceration,4,77,95,71,19,99,37.0
30048585,3,knee pain,3,88,116,52,17,92,36.2
30048586,2,back pain,6,85,133,86,14,96,37.4
30048587,2,chest pain,9,111,130,64,11,95,36.9
30048588,3,headache,7,60,141,75,19,94,36.6
30048589,3,back pain,3,96,102,89,15,93,38.3
30048590,3,chest pain,6,96,111,64,23,97,36.1
30048591,3,knee pain,3,79,131,79,17,100,37.8
30048592,3,anxiety,6,100,127,87,14,100,38.6
30048593,2,fall,9,94,143,114,20,95,35.6
30048594,5,laceration,4,87,136,96,20,97,37.4
30048595,4,laceration,0,89,141,74,21,97,36.6
30048596,3,anxiety,4,93,135,114,22,96,37.2
30048597,3,shortness of breath,4,87,105,87,16,99,36.8
30048598,3,knee pain,0,88,127,60,18,96,36.3
30048599,3,abdominal pain,3,86,133,97,23,98,36.5
30048600,3,fall,7,97,119,69,20,96,37.6
30048601,2,fever,9,103,94,81,21,99,36.6
30048602,5,shortness of breath,6,100,103,66,16,100,37.5
30048603,5,anxiety,2,78,141,79,19,94,36.1
30048604,4,anxiety,2,99,122,93,19,99,37.7
30048605,3,fever,2,68,139,90,16,100,36.2
30048606,1,back pain,6,74,162,92,16,90,35.8
30048607,3,fall,0,77,133,71,14,95,36.6
30048608,2,fall,6,92,146,82,20,100,36.6
30048609,3,chest pain,4,95,131,73,18,94,37.2
30048610,2,chest pain,7,92,128,94,15,97,37.2
30048611,1,anxiety,9,81,117,108,18,96,35.5
30048612,2,anxiety,6,97,132,53,20,95,37.5
30048613,3,anxiety,1,82,129,77,22,100,36.0
30048614,3,anxiety,5,97,142,73,16,100,36.3
30048615,5,chest pain,7,97,131,93,21,97,38.0
30048616,2,fever,8,91,103,89,17,100,38.2
30048617,1,chest pain,8,76,97,95,15,95,37.5
30048618,4,abdominal pain,2,53,115,79,20,98,38.4
30048619,2,abdominal pain,10,88,116,87,14,100,36.8
30048620,2,knee pain,9,63,99,70,17,100,36.6
30048621,2,anxiety,10,84,120,68,16,98,35.6
30048622,4,chest pain,6,114,117,47,17,100,37.4
30048623,3,abdominal pain,6,87,125,88,18,95,36.4
30048624,2,chest pain,10,67,146,53,21,95,35.2
30048625,3,laceration,7,78,127,71,18,100,36.3
30048626,2,fall,9,89,131,76,25,100,36.6
30048627,3,chest pain,3,94,135,112,22,100,34.9
30048628,3,knee pain,2,73,93,97,17,100,37.9
30048629,4,laceration,6,97,98,72,20,96,38.9
30048630,2,anxiety,10,127,96,67,19,97,35.6
30048631,4,shortness of breath,5,87,137,85,11,96,36.8
30048632,1,fall,9,82,135,49,24,97,35.8
30048633,3,laceration,3,70,92,70,18,95,38.0
30048634,2,headache,6,88,109,79,19,99,36.5
30048635,3,anxiety,5,95,135,93,14,100,37.3
30048636,4,chest pain,3,86,139,65,9,96,36.3
30048637,5,shortness of breath,0,79,91,97,19,100,37.0
30048638,3,fall,6,90,112,71,13,93,37.6
30048639,3,back pain,0,79,140,67,18,96,38.1
30048640,3,knee pain,6,70,89,106,18,100,37.9
30048641,3,fever,3,70,135,71,20,98,38.4
30048642,5,knee pain,6,91,130,102,19,100,37.9
30048643,3,abdominal pain,6,104,114,97,17,95,36.5
30048644,4,shortness of breath,1,87,96,118,20,95,35.3
30048645,1,chest pain,6,94,145,89,15,90,37.4
30048646,3,headache,6,101,130,55,20,96,38.0
30048647,3,anxiety,5,99,123,119,20,95,36.4
30048648,3,abdominal pain,5,125,100,84,22,96,38.1
30048649,4,laceration,3,66,115,78,16,95,37.4
30048650,2,fall,6,86,152,92,19,95,37.0
30048651,4,shortness of breath,0,88,117,76,17,93,36.6
30048652,5,chest pain,1,78,129,95,19,92,35.9
30048653,2,fall,8,99,153,72,18,97,37.7
30048654,3,anxiety,1,65,135,64,23,95,37.2
30048655,4,back pain,2,69,130,110,14,100,36.2
30048656,3,abdominal pain,1,87,104,82,14,98,36.3
30048657,3,laceration,0,113,110,79,9,98,37.5
30048658,2,fall,7,64,139,71,16,97,39.5
30048659,1,laceration,8,126,151,85,16,94,38.4
30048660,3,headache,3,72,131,52,21,98,37.3
30048661,2,shortness of breath,6,63,117,62,15,94,37.7
30048662,4,knee pain,6,70,140,115,25,94,36.8
30048663,2,knee pain,9,90,131,74,16,95,35.9
30048664,2,fever,10,73,103,88,14,95,37.2
30048665,3,headache,3,71,157,51,15,96,37.2
30048666,3,fall,1,107,122,84,13,100,36.4
30048667,2,laceration,9,82,151,81,22,100,37.2
30048668,2,laceration,7,85,114,95,22,98,36.4
30048669,3,fall,3,74,121,95,24,94,36.5
30048670,1,headache,10,78,163,65,16,99,36.4
30048671,1,shortness of breath,7,100,115,88,20,96,37.1
30048672,3,laceration,4,75,132,77,14,95,36.5
30048673,3,chest pain,0,93,142,36,20,94,37.1
30048674,3,abdominal pain,5,104,126,39,17,97,37.0
30048675,4,shortness of breath,1,80,92,84,14,98,35.5
30048676,2,shortness of breath,7,72,113,69,18,97,36.3
30048677,3,fever,5,93,150,50,24,97,37.2
30048678,3,back pain,4,70,155,72,24,95,37.2
30048679,2,fall,10,88,132,89,19,95,37.1
30048680,3,shortness of breath,1,97,120,117,15,95,38.6
30048681,1,back pain,10,96,129,57,20,97,37.0
30048682,3,headache,2,91,96,63,19,97,36.4
30048683,3,abdominal pain,4,87,122,60,11,95,38.7
30048684,4,anxiety,6,99,104,68,27,97,36.7
30048685,2,knee pain,8,90,105,75,24,99,38.2
30048686,2,back pain,7,71,140,119,27,100,37.2
30048687,4,fall,4,67,141,103,17,98,36.4
30048688,4,knee pain,2,91,113,46,20,97,36.4
30048689,3,back pain,7,75,143,91,14,98,36.7
30048690,4,anxiety,5,89,70,99,18,95,36.5
30048691,3,abdominal pain,1,94,127,77,20,95,36.3
30048692,2,headache,10,70,113,58,16,100,36.8
30048693,3,fall,1,65,125,114,23,100,36.6
30048694,3,chest pain,5,69,116,74,17,100,36.3
30048695,3,knee pain,5,108,130,86,21,98,36.9
30048696,3,shortness of breath,2,69,85,75,16,97,37.0
30048697,3,laceration,3,82,129,78,13,96,39.2
30048698,3,laceration,7,70,180,95,23,98,37.7
30048699,2,knee pain,8,102,151,97,18,98,37.2
30048700,2,anxiety,9,77,118,97,20,94,37.0
30048701,3,abdominal pain,2,85,63,114,22,100,37.0
30048702,4,headache,7,74,110,86,16,97,36.9
30048703,4,abdominal pain,3,99,147,88,22,95,36.4
30048704,1,fever,6,82,102,78,19,96,37.7
30048705,5,fever,7,105,109,103,25,93,35.9
30048706,4,anxiety,3,80,169,82,25,98,36.9
30048707,3,anxiety,1,97,140,90,28,97,37.0
30048708,4,fever,3,85,146,90,25,100,35.6
30048709,1,back pain,7,55,130,50,20,97,37.4
30048710,4,fall,1,79,112,58,17,95,36.9
30048711,3,knee pain,7,86,80,81,15,100,37.4
30048712,3,back pain,1,77,134,61,20,94,37.2
30048713,4,chest pain,6,64,122,78,18,100,36.2
30048714,3,abdominal pain,2,86,123,82,18,99,35.2
30048715,3,headache,3,96,136,103,16,96,37.5
30048716,5,shortness of breath,6,86,125,79,25,95,37.9
30048717,4,fall,4,84,119,88,21,97,36.7
30048718,3,fall,4,104,84,79,15,97,36.0
30048719,1,shortness of breath,8,79,171,79,28,100,37.3
30048720,3,chest pain,2,113,85,100,13,100,36.7
30048721,4,fall,2,69,129,80,24,95,35.9
30048722,4,fever,7,107,119,95,12,93,37.2
30048723,3,back pain,1,91,143,67,17,95,36.6
30048724,4,abdominal pain,4,77,139,90,18,100,37.0
30048725,3,headache,7,89,130,80,26,92,36.7
30048726,3,shortness of breath,7,81,122,76,23,99,38.3
30048727,3,knee pain,5,76,154,98,12,98,37.2
30048728,3,back pain,4,75,109,66,17,92,36.0
30048729,3,fall,6,73,122,106,17,96,37.0
30048730,2,anxiety,9,80,121,52,15,100,35.6
30048731,1,headache,10,74,116,68,20,100,36.7
30048732,3,anxiety,0,95,111,68,19,100,36.6
30048733,3,back pain,6,68,138,68,22,95,39.0
30048734,3,fever,7,69,109,84,15,93,38.2
30048735,2,knee pain,9,69,113,72,7,94,38.1
30048736,3,laceration,4,92,101,74,13,93,36.4
30048737,2,knee pain,7,91,140,71,21,97,37.3
30048738,4,headache,6,76,137,62,17,98,36.2
30048739,1,fever,9,62,145,63,16,98,38.2
30048740,3,chest pain,5,69,134,60,17,95,38.6
30048741,4,back pain,4,96,72,96,14,94,37.1
30048742,5,back pain,5,69,124,62,18,95,37.4
30048743,3,abdominal pain,5,92,129,92,19,98,36.7
30048744,3,chest pain,3,83,129,46,17,99,36.6
30048745,4,shortness of breath,4,62,121,91,20,97,38.4
30048746,3,anxiety,5,89,122,75,17,98,37.4
30048747,5,fall,7,97,103,84,22,100,35.5
30048748,3,laceration,4,76,123,82,14,100,37.6
30048749,3,abdominal pain,6,90,118,89,23,98,37.2
30048750,3,headache,0,66,107,74,10,98,37.3
30048751,3,fall,6,81,128,74,22,97,37.2
30048752,4,back pain,4,96,59,76,23,97,36.4
30048753,3,abdominal pain,3,110,120,93,18,98,35.1
30048754,3,shortness of breath,7,76,118,95,13,98,36.1
30048755,3,anxiety,1,82,116,92,20,96,38.4
30048756,3,abdominal pain,1,85,136,88,20,100,37.2
30048757,5,knee pain,0,96,128,87,16,97,37.2
30048758,3,chest pain,0,94,132,99,17,98,38.6
30048759,3,knee pain,7,85,159,61,15,96,38.3
30048760,2,laceration,7,72,123,89,21,97,35.6
30048761,2,shortness of breath,10,42,152,76,19,96,38.0
30048762,2,abdominal pain,7,98,128,100,16,96,37.6
30048763,3,fever,3,110,91,87,25,99,37.6
30048764,3,fever,0,88,118,68,23,98,37.6
30048765,4,back pain,1,93,158,68,19,100,35.2
30048766,3,shortness of breath,0,97,132,101,16,91,37.0
30048767,4,chest pain,1,88,91,99,14,91,36.6
30048768,4,anxiety,2,62,160,60,18,98,37.1
30048769,3,laceration,5,93,123,71,17,98,37.7
30048770,3,abdominal pain,0,79,130,71,18,100,36.2
30048771,3,fall,6,95,155,93,8,92,37.0
30048772,2,shortness of breath,8,80,109,81,22,98,37.5
30048773,3,laceration,1,66,122,57,16,100,36.4
30048774,4,shortness of breath,5,88,129,108,11,99,36.9
30048775,3,abdominal pain,4,59,164,59,21,98,36.3
30048776,2,headache,7,81,119,100,22,100,37.2
30048777,3,anxiety,7,81,133,93,7,92,37.8
30048778,4,knee pain,5,102,104,57,8,98,37.2
30048779,2,knee pain,10,87,136,60,21,96,36.0
30048780,1,abdominal pain,10,92,132,52,19,95,36.8
30048781,4,laceration,5,83,134,84,19,100,36.9
30048782,3,chest pain,2,73,144,75,17,95,36.5
30048783,3,abdominal pain,1,98,126,70,21,96,35.5
30048784,3,shortness of breath,7,87,124,90,24,96,36.5
30048785,3,laceration,4,91,111,95,19,100,37.3
30048786,2,chest pain,6,84,141,111,16,95,38.0
30048787,3,anxiety,7,82,127,62,20,96,36.3
30048788,3,headache,0,105,96,66,19,96,36.7
30048789,3,shortness of breath,0,78,123,87,11,89,36.2
30048790,4,laceration,4,91,134,71,18,97,38.5
30048791,4,fever,6,79,130,86,12,97,35.9
30048792,3,fever,7,72,127,85,17,94,35.2
30048793,3,fall,1,50,124,92,13,95,37.0
30048794,3,fall,3,95,143,55,14,97,37.4
30048795,2,fall,6,106,137,52,19,98,37.2
30048796,3,knee pain,4,74,120,73,12,96,36.9
30048797,1,anxiety,9,96,118,67,18,100,35.7
30048798,3,knee pain,7,46,129,80,16,97,36.2
30048799,3,knee pain,7,93,139,95,15,99,35.9
30048800,2,chest pain,9,114,131,78,18,95,36.8
30048801,4,knee pain,6,88,121,69,20,93,36.9
30048802,2,laceration,6,80,161,95,16,94,36.3
30048803,3,fever,4,108,128,73,19,100,36.3
30048804,3,headache,0,75,103,72,18,93,36.2
30048805,3,headache,7,82,113,80,8,97,37.6
30048806,3,back pain,2,71,102,75,24,93,36.7
30048807,2,anxiety,10,110,145,86,22,92,36.9
30048808,5,anxiety,3,91,142,67,21,97,36.7
30048809,4,back pain,4,86,121,80,17,96,36.6
30048810,3,fever,6,67,123,71,11,96,37.6
30048811,3,chest pain,4,97,154,68,21,97,37.0
30048812,2,fever,10,95,117,71,14,97,38.0
30048813,3,back pain,3,112,126,74,18,99,36.7
30048814,2,headache,10,98,169,70,19,99,36.9
30048815,5,chest pain,7,86,91,77,17,94,38.1
30048816,4,knee pain,7,72,118,60,19,100,37.3
30048817,2,fall,8,110,125,89,16,96,36.3
30048818,3,shortness of breath,0,82,98,102,20,100,36.2
30048819,2,knee pain,8,92,118,71,15,95,36.9
30048820,3,fall,5,81,108,66,25,94,37.2
30048821,4,chest pain,2,69,114,90,20,96,38.1
30048822,3,shortness of breath,5,97,132,105,18,96,37.6
30048823,4,headache,2,109,100,61,19,96,37.4
30048824,3,fall,5,69,175,64,24,96,36.8
30048825,3,anxiety,2,82,146,65,18,98,37.5
30048826,3,knee pain,4,107,117,76,21,100,36.1
30048827,2,abdominal pain,9,81,109,73,21,93,38.4
30048828,4,fever,0,80,134,109,17,99,38.0
30048829,2,shortness of breath,8,91,102,67,19,100,36.5
30048830,2,fever,10,75,150,89,18,100,37.9
30048831,3,fall,3,116,106,103,14,99,37.7
30048832,3,fall,4,87,142,77,20,97,36.7
30048833,3,fall,2,93,147,90,14,95,37.9
30048834,4,fall,2,77,73,72,21,96,37.6
30048835,3,fever,1,76,152,90,12,92,37.5
30048836,4,shortness of breath,4,102,147,54,20,98,37.2
30048837,1,back pain,9,91,135,95,20,100,36.3
30048838,4,fall,0,101,85,90,14,96,37.2
30048839,4,abdominal pain,3,91,168,96,24,100,36.3
30048840,4,laceration,7,74,108,60,19,93,36.6
30048841,4,knee pain,6,72,110,73,9,99,37.9
30048842,3,headache,6,90,108,83,24,97,37.3
30048843,2,laceration,7,100,72,69,22,99,36.7
30048844,2,laceration,7,74,111,85,18,90,37.4
30048845,2,headache,9,79,112,81,19,97,36.9
30048846,4,knee pain,4,87,104,89,21,97,36.6
30048847,4,chest pain,2,87,128,62,21,100,36.2
30048848,4,abdominal pain,5,103,94,90,13,100,37.6
30048849,4,headache,7,84,128,74,24,99,36.7
30048850,4,knee pain,5,87,140,100,26,95,37.8
30048851,3,shortness of breath,3,73,127,94,15,100,36.1
30048852,2,chest pain,6,60,113,75,14,96,37.1
30048853,3,fever,1,104,141,80,12,89,36.3
30048854,4,fall,3,69,128,87,17,97,36.6
30048855,3,chest pain,3,64,152,58,17,95,35.8
30048856,3,anxiety,6,60,124,56,12,97,38.2
30048857,4,back pain,2,112,124,76,21,97,35.5
30048858,2,headache,9,96,132,71,17,96,37.5
30048859,3,laceration,2,75,123,104,20,98,37.0
30048860,2,shortness of breath,8,103,160,69,17,91,37.6
30048861,3,shortness of breath,3,73,107,89,13,97,38.8
30048862,3,back pain,7,87,104,83,15,95,35.6
30048863,2,abdominal pain,6,87,102,57,18,94,36.4
30048864,2,abdominal pain,10,82,140,75,14,96,36.0
30048865,3,fever,0,101,106,81,21,97,38.3
30048866,1,knee pain,10,90,109,84,14,96,35.7
30048867,2,shortness of breath,6,92,118,94,10,94,38.7
30048868,3,shortness of breath,5,56,101,73,23,95,36.2
30048869,3,chest pain,3,58,136,106,18,93,36.8
30048870,4,chest pain,2,93,150,73,22,96,37.2
30048871,3,laceration,5,87,67,94,11,99,37.2
30048872,3,shortness of breath,0,94,165,103,16,100,37.3
30048873,3,chest pain,1,86,154,62,18,99,37.6
30048874,2,abdominal pain,9,82,132,90,21,100,35.0
30048875,3,abdominal pain,0,89,102,80,18,99,37.6
30048876,3,headache,4,100,126,80,21,100,37.3
30048877,4,laceration,3,76,123,104,18,99,37.8
30048878,3,knee pain,2,76,104,77,17,94,36.6
30048879,3,fever,7,81,128,74,10,92,35.8
30048880,1,shortness of breath,9,96,99,88,18,99,37.2
30048881,2,chest pain,8,117,111,83,19,96,36.2
30048882,1,fall,7,60,136,75,21,98,37.0
30048883,3,fever,1,79,112,94,16,100,35.4
30048884,3,abdominal pain,3,72,139,103,22,97,36.6
30048885,3,fever,4,97,135,97,20,96,36.4
30048886,3,knee pain,2,74,143,102,19,97,36.9
30048887,3,fever,2,51,151,91,23,93,36.6
30048888,3,headache,0,65,133,86,22,99,36.4
30048889,3,knee pain,2,87,104,82,24,100,38.5
30048890,4,fall,2,81,126,68,16,98,36.5
30048891,3,anxiety,6,98,76,54,17,100,36.8
30048892,3,headache,0,98,114,71,15,96,37.5
30048893,3,fever,3,67,126,66,22,98,37.1
30048894,3,anxiety,5,69,105,105,21,94,37.0
30048895,1,chest pain,8,107,129,65,16,100,37.5
30048896,2,back pain,7,108,133,84,19,100,36.5
30048897,3,shortness of breath,2,81,146,83,12,97,36.6
30048898,4,abdominal pain,0,93,107,68,16,93,36.8
30048899,5,laceration,6,87,142,93,17,100,38.2
30048900,4,knee pain,3,96,131,91,20,96,37.9
30048901,3,shortness of breath,4,76,125,83,18,98,38.9
30048902,2,abdominal pain,10,113,123,102,18,99,37.2
30048903,4,headache,3,104,107,74,22,98,37.0
30048904,1,back pain,8,95,136,58,26,94,39.1
30048905,3,laceration,1,98,105,81,16,95,37.0
30048906,2,fall,7,99,113,77,14,100,35.9
30048907,4,fever,5,116,100,96,22,97,37.8
30048908,3,laceration,4,76,164,80,22,97,36.5
30048909,3,back pain,0,58,178,75,25,100,37.1
30048910,3,back pain,6,98,158,91,18,95,36.8
30048911,3,shortness of breath,2,80,120,54,18,98,35.7
30048912,2,laceration,8,74,93,81,19,96,36.8
30048913,4,knee pain,2,73,126,79,22,96,36.7
30048914,2,laceration,8,86,118,77,10,94,36.6
30048915,3,abdominal pain,0,102,110,62,19,98,36.8
30048916,4,back pain,3,64,102,113,19,100,35.9
30048917,3,back pain,7,85,124,93,19,96,38.0
30048918,3,abdominal pain,5,84,134,73,19,97,36.5
30048919,4,fall,6,112,99,47,21,91,37.1
30048920,4,abdominal pain,4,93,109,93,21,96,37.1
30048921,2,shortness of breath,10,92,142,106,21,100,36.8
30048922,5,anxiety,4,79,152,73,17,96,37.6
30048923,3,chest pain,2,93,142,67,14,100,37.9
30048924,4,anxiety,6,74,147,78,20,93,36.3
30048925,3,fall,6,100,118,84,16,95,36.4
30048926,2,anxiety,7,92,103,90,14,96,38.0
30048927,3,anxiety,2,64,116,98,15,93,36.5
30048928,3,shortness of breath,1,96,123,101,18,96,36.9
30048929,3,fever,3,95,167,76,19,100,36.9
30048930,3,fever,5,77,104,86,13,100,37.5
30048931,3,chest pain,7,91,145,94,12,91,37.2
30048932,3,chest pain,7,69,126,92,17,95,37.6
30048933,3,fall,1,89,146,59,20,95,37.3
30048934,2,headache,9,70,140,54,18,100,36.7
30048935,3,chest pain,6,72,159,55,18,94,37.7
30048936,3,abdominal pain,7,116,127,75,11,93,36.4
30048937,4,abdominal pain,2,76,100,85,16,94,38.2
30048938,3,laceration,3,73,153,86,12,96,36.6
30048939,5,abdominal pain,6,119,150,75,18,100,34.7
30048940,4,fever,2,90,154,108,25,97,37.2
30048941,4,knee pain,3,90,109,94,14,91,37.0
30048942,2,fall,6,94,123,92,17,100,37.2
30048943,3,abdominal pain,1,107,88,72,14,92,36.6
30048944,4,fever,6,64,123,60,18,99,36.4
30048945,4,fever,4,80,139,83,15,100,36.4
30048946,3,fever,5,108,118,70,21,98,36.6
30048947,4,shortness of breath,0,104,103,65,20,97,37.0
30048948,4,abdominal pain,5,109,139,92,18,98,35.4
30048949,4,headache,5,112,131,97,15,98,35.9
30048950,3,headache,0,81,101,84,15,98,37.2
30048951,2,fall,6,110,125,108,18,100,37.2
30048952,3,headache,1,88,130,87,13,98,36.6
30048953,4,anxiety,6,83,121,90,24,100,38.4
30048954,3,abdominal pain,0,86,112,61,19,94,36.5
30048955,5,headache,6,65,93,69,16,98,37.6
30048956,3,headache,6,91,89,78,24,100,36.5
30048957,3,shortness of breath,2,76,118,92,18,100,36.7
30048958,3,fever,2,118,113,75,19,100,35.7
30048959,2,headache,9,97,112,68,18,94,35.9
30048960,3,chest pain,1,91,123,95,19,94,37.5
30048961,3,abdominal pain,5,38,141,58,13,95,36.7
30048962,2,knee pain,9,87,156,52,23,97,37.9
30048963,3,fever,5,108,124,76,13,98,37.2
30048964,3,anxiety,2,76,114,95,22,99,37.6
30048965,2,shortness of breath,8,86,153,53,19,94,36.5
30048966,3,fall,4,82,142,82,14,93,37.7
30048967,3,back pain,2,87,145,104,20,99,37.6
30048968,3,shortness of breath,5,93,122,87,15,97,37.4
30048969,3,fever,6,101,106,65,16,100,37.4
30048970,3,shortness of breath,2,60,121,82,16,91,36.8
30048971,4,knee pain,6,83,138,69,17,95,37.4
30048972,2,shortness of breath,7,96,75,78,22,95,36.5
30048973,3,back pain,4,68,127,78,20,94,37.1
30048974,4,back pain,7,75,138,55,19,100,36.3
30048975,3,fever,6,100,133,90,19,92,36.8
30048976,5,abdominal pain,1,85,159,104,17,95,36.8
30048977,3,shortness of breath,6,112,107,68,17,98,39.2
30048978,5,laceration,6,92,94,79,26,95,37.7
30048979,3,laceration,0,72,108,92,19,98,37.9
30048980,3,knee pain,3,70,132,85,18,93,35.9
30048981,4,knee pain,0,89,115,72,13,94,36.8
30048982,3,back pain,1,89,122,91,19,98,37.4
30048983,4,laceration,3,71,120,85,24,93,37.6
30048984,4,shortness of breath,6,78,106,88,17,100,37.6
30048985,4,fall,0,80,157,80,24,98,37.5
30048986,3,laceration,6,90,120,80,18,95,37.5
30048987,2,laceration,6,86,157,70,15,96,36.5
30048988,2,shortness of breath,9,85,131,61,14,100,36.0
30048989,4,abdominal pain,5,96,114,83,12,92,37.8
30048990,3,shortness of breath,1,72,124,91,16,96,35.8
30048991,3,shortness of breath,1,106,157,82,18,100,37.2
30048992,1,fall,8,98,99,104,21,90,37.4
30048993,3,shortness of breath,7,67,132,91,17,95,36.6
30048994,3,abdominal pain,0,89,127,49,21,98,36.1
30048995,3,headache,2,71,93,56,15,99,37.5
30048996,3,fall,4,77,65,89,21,95,37.8
30048997,2,fall,7,97,118,73,20,95,36.1
30048998,3,abdominal pain,4,88,116,83,19,100,36.4
30048999,4,headache,1,87,89,80,23,93,36.7
30049000,4,anxiety,6,91,144,82,22,93,38.5
30049001,3,anxiety,3,90,146,73,9,99,36.3
30049002,3,fall,7,101,106,87,19,97,37.0
30049003,3,headache,7,107,110,63,19,100,38.4
30049004,1,laceration,10,96,126,82,12,94,37.5
30049005,3,laceration,2,93,126,70,23,99,38.4
30049006,3,knee pain,0,76,142,79,15,100,38.8
30049007,4,back pain,7,128,129,72,20,98,36.8
30049008,3,fever,5,74,120,75,17,97,36.8
30049009,3,back pain,3,72,117,85,18,95,37.8
30049010,4,abdominal pain,7,87,120,78,15,100,37.0
30049011,3,headache,2,113,154,53,17,96,36.4
30049012,2,shortness of breath,7,97,126,62,12,95,36.3
30049013,3,anxiety,3,55,133,87,10,96,36.7
30049014,3,headache,3,97,153,92,16,98,37.1
30049015,4,fall,7,88,164,71,17,96,38.4
30049016,3,shortness of breath,2,67,143,44,25,97,36.7
30049017,4,laceration,7,65,126,79,22,96,36.7
30049018,3,shortness of breath,2,90,138,61,14,97,35.1
30049019,3,anxiety,2,84,83,53,15,98,36.9
30049020,3,laceration,7,85,124,104,15,98,36.3
30049021,3,knee pain,0,71,111,75,16,98,36.6
30049022,5,fever,5,73,131,59,11,99,37.8
30049023,1,fall,8,95,106,91,15,96,36.9
30049024,3,laceration,1,87,111,94,22,99,36.1
30049025,4,knee pain,0,75,141,91,18,100,36.6
30049026,5,knee pain,5,77,118,80,14,88,36.0
30049027,4,anxiety,3,49,130,105,18,100,37.3
30049028,2,back pain,6,92,120,70,21,99,37.3
30049029,4,knee pain,4,88,161,86,15,96,37.0
30049030,3,anxiety,6,91,129,68,19,96,36.2
30049031,3,chest pain,4,81,143,83,11,97,36.4
30049032,4,anxiety,6,102,78,86,11,98,36.9
30049033,3,laceration,3,99,108,101,18,95,37.1
30049034,3,back pain,7,80,134,87,11,94,38.5
30049035,5,headache,1,79,118,72,21,93,37.9
30049036,3,laceration,4,65,123,82,24,100,35.7
30049037,4,back pain,3,76,134,74,17,96,36.3
30049038,2,fall,9,89,125,59,19,97,36.2
30049039,3,shortness of breath,0,90,125,107,19,95,36.2
30049040,3,shortness of breath,7,70,137,93,20,95,36.8
30049041,2,abdominal pain,8,72,139,77,16,99,36.9
30049042,3,shortness of breath,2,83,145,78,19,95,36.6
30049043,4,knee pain,3,80,124,90,18,98,37.9
30049044,3,fall,3,88,131,97,24,100,36.6
30049045,4,shortness of breath,7,98,106,71,15,94,36.7
30049046,4,fever,4,83,131,51,17,93,37.7
30049047,3,fall,0,85,120,78,12,99,37.5
30049048,3,shortness of breath,1,77,128,88,13,99,37.7
30049049,5,knee pain,0,107,129,66,17,95,36.8
30049050,2,fever,8,100,133,80,20,96,37.4
30049051,3,abdominal pain,1,74,134,81,17,100,37.9
30049052,3,shortness of breath,1,70,136,62,23,100,36.4
30049053,1,knee pain,8,82,123,94,20,100,37.7
30049054,3,fever,2,58,130,77,12,100,36.0
30049055,2,knee pain,6,89,122,57,24,98,37.6
30049056,3,headache,6,104,117,78,20,94,38.9
30049057,2,chest pain,8,96,121,73,20,97,36.0
30049058,3,anxiety,7,91,118,46,18,96,37.7
30049059,3,fall,4,65,136,92,20,96,37.0
30049060,4,knee pain,7,101,139,71,16,95,38.1
30049061,2,laceration,7,76,132,49,17,95,36.4
30049062,3,anxiety,6,114,126,75,24,97,37.5
30049063,2,chest pain,6,89,129,76,14,100,36.2
30049064,3,anxiety,4,100,122,110,17,93,38.0
30049065,4,headache,2,84,122,65,18,95,37.4
30049066,3,fall,2,74,187,92,16,95,36.0
30049067,1,back pain,6,82,90,56,17,97,36.6
30049068,4,chest pain,0,113,89,103,18,100,37.1
30049069,3,headache,2,61,134,84,14,98,35.6
30049070,3,knee pain,3,92,133,68,12,98,36.7
30049071,3,laceration,4,95,153,71,26,97,36.8
30049072,3,anxiety,5,82,154,99,14,98,38.2
30049073,3,chest pain,0,96,109,76,15,96,37.8
30049074,3,abdominal pain,6,61,143,90,19,97,37.2
30049075,3,laceration,3,100,104,75,24,97,38.2
30049076,3,chest pain,2,52,112,62,17,96,36.5
30049077,4,shortness of breath,0,72,122,82,11,96,37.3
30049078,3,laceration,2,100,131,118,8,92,36.5
30049079,3,fall,2,71,130,72,19,93,36.4
30049080,2,shortness of breath,10,103,102,74,16,92,37.4
30049081,3,fall,3,96,100,82,17,96,37.8
30049082,4,anxiety,5,104,143,97,19,96,37.4
30049083,2,anxiety,8,102,115,93,24,94,38.0
30049084,3,back pain,1,103,125,80,15,95,37.2
30049085,3,fever,6,60,179,68,17,93,35.5
30049086,3,chest pain,4,85,142,71,18,93,36.6
30049087,3,shortness of breath,2,93,123,79,21,98,38.3
30049088,4,laceration,4,106,113,93,11,98,37.2
30049089,3,chest pain,0,110,125,103,13,97,36.3
30049090,3,fall,6,92,147,97,21,100,37.1
30049091,3,abdominal pain,4,60,146,63,22,98,37.0
30049092,2,chest pain,10,89,153,72,8,93,36.1
30049093,3,chest pain,6,117,114,52,19,98,39.2
30049094,2,chest pain,9,93,140,94,19,97,36.2
30049095,3,knee pain,7,105,149,104,25,94,37.0
30049096,3,abdominal pain,2,96,125,84,16,94,37.4
30049097,3,fever,1,81,72,79,18,100,36.2
30049098,1,back pain,10,97,143,90,20,100,35.8
30049099,3,laceration,3,70,107,64,21,98,35.9
30049100,3,shortness of breath,4,83,144,70,21,96,36.7
30049101,3,laceration,2,97,73,76,18,97,37.0
30049102,2,fall,8,90,154,67,18,95,36.0
30049103,2,shortness of breath,10,101,124,78,19,99,37.6
30049104,3,shortness of breath,1,46,138,93,17,97,37.0
30049105,3,abdominal pain,6,60,115,74,29,94,34.8
30049106,5,knee pain,0,103,153,68,14,99,37.6
30049107,3,abdominal pain,7,106,110,73,20,93,37.6
30049108,2,headache,9,105,127,59,13,100,36.9
30049109,3,knee pain,2,65,141,81,16,98,36.5
30049110,2,headache,7,68,97,86,15,98,36.5
30049111,3,back pain,6,90,142,73,21,100,37.6
30049112,4,fever,6,75,125,76,20,99,35.4
30049113,4,fever,4,99,121,108,20,91,36.7
30049114,3,back pain,3,81,122,57,27,97,36.3
30049115,2,headache,10,53,109,85,18,97,36.8
30049116,3,abdominal pain,5,90,136,73,16,100,37.2
30049117,3,back pain,1,74,100,65,19,97,36.9
30049118,2,anxiety,10,96,106,69,25,93,35.9
30049119,3,knee pain,2,80,160,95,21,99,37.6
30049120,2,laceration,8,93,136,75,23,100,36.9
30049121,3,fall,6,93,111,62,18,94,37.1
30049122,2,anxiety,7,108,137,85,18,100,36.5
30049123,3,chest pain,2,101,136,81,13,94,37.2
30049124,2,back pain,6,88,129,90,14,96,37.2
30049125,4,fever,7,100,143,91,17,100,37.5
30049126,3,fall,6,98,115,90,16,98,38.0
30049127,4,fall,6,81,130,67,27,94,36.6
30049128,2,fever,7,50,117,94,12,96,37.9
30049129,3,knee pain,6,111,123,91,21,97,35.9
30049130,3,shortness of breath,3,82,89,112,16,95,37.0
30049131,2,anxiety,8,79,101,101,18,92,36.6
30049132,3,fall,2,108,105,74,18,98,35.5
30049133,3,fever,7,79,109,103,15,100,38.9
30049134,4,headache,3,93,129,99,13,100,37.2
30049135,3,fever,2,90,122,87,16,92,37.3
30049136,2,abdominal pain,8,95,118,70,19,100,36.7
30049137,3,knee pain,7,96,157,60,16,90,37.3
30049138,2,headache,7,107,108,76,13,94,38.0
30049139,3,fever,7,82,110,78,14,97,36.5
30049140,2,anxiety,9,89,128,99,15,98,36.3
30049141,2,chest pain,9,69,130,87,14,99,36.6
30049142,2,abdominal pain,8,81,102,71,7,100,36.7
30049143,3,headache,4,90,143,70,20,96,38.2
30049144,4,headache,7,72,166,82,19,93,37.7
30049145,5,laceration,3,102,112,77,23,93,37.3
30049146,1,chest pain,8,78,141,80,12,100,37.1
30049147,5,back pain,2,72,127,92,20,96,36.7
30049148,2,chest pain,9,90,113,63,24,97,36.6
30049149,3,knee pain,3,71,99,69,15,100,37.4
30049150,4,back pain,0,112,122,65,18,98,36.7
30049151,4,abdominal pain,3,94,132,77,19,92,36.8
30049152,2,shortness of breath,8,108,136,102,13,95,35.5
30049153,3,chest pain,3,79,133,78,19,99,37.1
30049154,4,knee pain,3,86,124,94,24,100,37.4
30049155,3,abdominal pain,4,107,127,85,17,96,36.3
30049156,1,laceration,6,81,145,109,18,98,37.7
30049157,1,laceration,10,94,168,93,22,95,37.1
30049158,4,laceration,4,118,111,48,8,95,37.2
30049159,3,laceration,1,55,105,57,21,93,36.5
30049160,4,fall,1,78,145,84,20,95,38.7
30049161,4,chest pain,6,92,107,53,13,97,36.5
30049162,2,anxiety,6,84,141,76,15,95,37.6
30049163,1,headache,6,89,102,96,23,95,38.6
30049164,3,abdominal pain,3,85,100,59,12,96,36.7
30049165,4,anxiety,7,94,106,65,24,100,38.1
30049166,2,back pain,6,93,103,100,20,95,36.8
30049167,4,shortness of breath,4,65,117,88,15,96,38.1
30049168,2,anxiety,9,68,176,82,29,100,36.4
30049169,3,shortness of breath,5,75,143,98,17,100,36.1
30049170,3,fever,2,78,118,87,18,100,36.7
30049171,4,chest pain,6,102,101,94,21,97,37.2
30049172,3,fall,2,73,99,85,15,96,38.8
30049173,3,chest pain,7,77,134,80,20,97,37.8
30049174,3,chest pain,7,89,123,67,19,100,36.5
30049175,3,headache,5,88,130,72,16,91,37.7
30049176,3,fall,5,89,104,76,26,97,36.5
30049177,3,laceration,4,98,122,74,24,98,37.7
30049178,3,fall,1,102,152,86,25,94,37.0
30049179,2,fever,10,81,132,81,14,100,35.3
30049180,2,fall,8,84,129,73,21,100,37.6
30049181,3,anxiety,1,95,86,73,14,98,37.6
30049182,2,laceration,9,93,135,107,18,96,35.9
30049183,3,knee pain,2,113,115,80,20,98,37.9
30049184,1,anxiety,10,91,141,63,15,99,36.1
30049185,2,back pain,6,65,122,105,23,94,37.2
30049186,3,laceration,6,87,115,99,17,99,36.6
30049187,3,fever,7,97,142,108,21,99,37.1
30049188,3,fall,2,99,126,68,11,94,36.4
30049189,2,fever,9,56,119,96,15,98,38.9
30049190,4,knee pain,4,106,119,70,20,91,36.4
30049191,2,fever,10,96,139,71,20,97,37.5
30049192,2,back pain,9,66,137,84,17,100,38.3
30049193,1,knee pain,8,99,102,81,19,100,37.0
30049194,4,laceration,3,81,113,76,14,94,36.5
30049195,3,laceration,3,50,172,97,22,98,38.2
30049196,3,shortness of breath,7,73,115,81,24,99,36.8
30049197,4,back pain,1,49,109,120,23,99,36.9
30049198,4,fall,3,89,103,96,21,100,37.5
30049199,2,fall,7,83,158,64,13,89,37.3
30049200,3,knee pain,6,74,112,81,18,100,37.1
30049201,5,abdominal pain,7,90,110,53,23,94,36.6
30049202,3,back pain,6,81,115,82,14,100,37.2
30049203,4,fall,6,77,141,76,18,96,37.4
30049204,3,anxiety,2,80,87,81,16,98,37.7
30049205,3,fall,7,86,128,66,19,97,38.1
30049206,2,headache,6,52,117,102,20,91,36.2
30049207,3,knee pain,5,69,142,89,13,100,35.5
30049208,1,shortness of breath,8,110,147,73,21,91,38.0
30049209,5,anxiety,6,96,127,77,20,94,38.1
30049210,2,fever,9,86,102,71,24,97,37.7
30049211,4,anxiety,4,79,148,81,10,99,37.5
30049212,2,knee pain,8,78,107,96,19,99,37.0
30049213,3,knee pain,7,107,111,86,19,96,36.3
30049214,5,laceration,1,91,83,94,23,100,37.8
30049215,2,knee pain,7,89,131,67,12,100,36.0
30049216,4,fall,0,80,130,94,19,100,36.7
30049217,3,fever,7,88,171,90,16,98,37.6
30049218,4,fever,4,89,140,67,21,96,36.1
30049219,2,shortness of breath,10,62,101,39,17,94,37.4
30049220,3,shortness of breath,7,99,140,77,23,98,37.5
30049221,4,abdominal pain,1,98,130,56,14,95,37.1
30049222,4,fever,7,113,137,86,19,94,36.9
30049223,4,fall,1,99,112,61,26,97,37.5
30049224,3,anxiety,5,82,167,61,18,94,37.8
30049225,3,anxiety,0,62,140,112,23,99,37.8
30049226,3,back pain,2,60,167,73,22,97,37.3
30049227,4,fall,6,105,114,53,25,96,37.6
30049228,3,knee pain,0,85,149,94,19,95,37.3
30049229,1,fall,6,63,129,86,19,96,37.1
30049230,3,headache,3,65,137,107,23,96,36.9
30049231,3,headache,6,71,113,98,19,96,38.3
30049232,2,laceration,9,76,128,92,25,99,35.3
30049233,1,anxiety,10,114,144,71,16,97,37.2
30049234,3,back pain,5,88,128,78,11,99,37.5
30049235,3,shortness of breath,6,73,117,84,17,100,36.9
30049236,2,anxiety,10,83,126,93,19,94,38.2
30049237,3,laceration,3,106,104,81,20,100,37.6
30049238,3,shortness of breath,2,111,126,86,20,91,36.9
30049239,3,fall,5,94,181,78,26,99,36.8
30049240,3,laceration,4,95,102,110,17,99,37.5
30049241,3,fall,4,82,144,94,14,94,36.1
30049242,3,fall,3,84,138,84,7,96,38.4
30049243,2,abdominal pain,8,81,160,72,17,94,38.4
30049244,2,fever,9,78,121,51,25,99,36.9
30049245,3,chest pain,1,107,159,78,20,99,38.3
30049246,4,shortness of breath,1,122,121,90,23,96,37.9
30049247,3,back pain,6,93,126,78,10,98,37.9
30049248,3,back pain,3,99,97,60,9,94,36.9
30049249,3,fall,3,65,171,77,13,87,37.5
30049250,1,back pain,10,65,143,84,22,97,36.8
30049251,3,fall,1,96,91,69,14,95,37.4
30049252,3,chest pain,0,85,100,70,17,98,37.4
30049253,4,abdominal pain,7,78,134,102,16,96,36.1
30049254,3,chest pain,6,105,131,60,19,97,37.1
30049255,3,headache,0,113,106,76,21,99,36.9
30049256,3,shortness of breath,3,83,126,112,18,93,36.7
30049257,3,fever,2,106,120,69,12,100,37.2
30049258,2,anxiety,9,86,142,85,18,96,35.8
30049259,2,shortness of breath,7,97,116,66,16,95,35.6
30049260,5,laceration,4,119,133,78,17,94,37.8
30049261,3,back pain,1,121,134,83,14,100,36.2
30049262,3,headache,4,89,117,80,17,98,36.3
30049263,3,abdominal pain,5,77,82,82,15,100,36.2
30049264,2,back pain,7,89,138,75,23,98,35.3
30049265,2,fall,7,87,112,76,15,98,37.7
30049266,3,fever,5,82,158,70,18,97,35.5
30049267,3,chest pain,7,82,137,78,24,93,35.6
30049268,3,headache,6,57,104,66,18,95,37.1
30049269,3,back pain,4,75,135,72,24,92,36.4
30049270,3,abdominal pain,7,52,148,60,23,96,36.3
30049271,4,abdominal pain,6,93,100,67,19,95,37.3
30049272,3,shortness of breath,3,79,104,75,21,96,37.9
30049273,3,anxiety,2,95,152,101,18,100,36.7
30049274,3,fall,5,100,154,115,14,96,36.8
30049275,3,back pain,7,108,154,55,19,95,36.7
30049276,3,knee pain,7,68,98,78,16,92,38.1
30049277,4,fall,5,86,175,71,15,93,36.0
30049278,3,shortness of breath,6,71,121,93,18,94,37.2
30049279,3,back pain,4,74,103,82,19,96,37.7
30049280,1,laceration,6,49,121,81,12,100,37.8
30049281,2,headache,10,90,131,99,15,95,37.8
30049282,3,headache,3,104,142,94,15,96,36.8
30049283,3,fever,7,88,168,97,16,92,35.9
30049284,4,laceration,0,102,116,80,18,98,35.9
30049285,3,knee pain,6,84,132,58,8,99,38.2
30049286,4,chest pain,7,98,127,86,13,93,36.0
30049287,5,fall,4,62,92,100,16,98,36.4
30049288,1,knee pain,6,71,136,78,19,99,36.8
30049289,3,fever,7,95,104,77,21,97,37.1
30049290,3,anxiety,7,62,136,88,14,98,37.7
30049291,4,headache,2,68,147,100,23,92,37.0
30049292,3,knee pain,0,83,138,127,17,100,37.5
30049293,3,headache,6,74,125,77,19,97,35.5
30049294,3,shortness of breath,1,86,130,72,20,98,37.0
30049295,3,shortness of breath,7,89,151,96,22,100,36.6
30049296,4,anxiety,5,82,127,75,20,97,37.5
30049297,5,headache,0,82,130,80,10,93,35.8
30049298,2,back pain,8,76,156,106,20,94,36.6
30049299,2,laceration,6,110,121,89,19,100,37.4
30049300,3,fever,6,103,148,57,17,94,36.0
30049301,2,anxiety,10,99,152,81,14,94,37.1
30049302,3,shortness of breath,0,88,100,56,19,96,37.2
30049303,3,chest pain,1,65,148,95,23,99,37.4
30049304,3,back pain,4,81,130,86,20,100,37.4
30049305,3,shortness of breath,3,81,121,68,8,100,38.3
30049306,3,anxiety,7,84,139,86,21,100,35.9
30049307,5,back pain,5,73,115,64,16,98,37.5
30049308,3,knee pain,0,80,101,94,21,92,37.3
30049309,3,chest pain,7,100,111,79,19,99,37.1
30049310,4,laceration,0,109,144,76,20,100,36.8
30049311,2,fever,10,77,127,80,25,96,36.6
30049312,3,anxiety,7,59,137,79,16,93,36.0
30049313,3,fall,7,93,186,89,12,98,37.3
30049314,3,headache,2,76,138,83,20,93,38.5
30049315,2,anxiety,6,99,109,57,24,93,37.8
30049316,3,abdominal pain,3,82,131,96,21,98,36.2
30049317,5,laceration,7,78,137,67,12,100,36.8
30049318,4,knee pain,3,67,106,32,21,98,37.9
30049319,3,back pain,5,85,119,85,21,97,37.3
30049320,2,shortness of breath,8,76,132,91,14,99,37.6
30049321,3,knee pain,4,81,111,86,17,100,36.7
30049322,3,fall,7,109,104,94,13,96,37.1
30049323,4,back pain,4,102,133,98,22,96,35.9
30049324,4,laceration,7,86,123,93,25,98,37.9
30049325,3,back pain,1,86,116,93,21,92,36.9
30049326,3,chest pain,5,85,110,86,19,96,37.7
30049327,3,knee pain,6,82,118,65,19,96,36.8
30049328,3,laceration,7,106,108,80,26,90,36.8
30049329,3,abdominal pain,7,63,131,76,21,97,36.3
30049330,3,shortness of breath,2,92,112,74,20,100,37.4
30049331,2,headache,8,86,113,96,17,100,37.0
30049332,3,knee pain,0,100,144,82,19,97,37.3
30049333,1,fall,10,67,137,63,24,97,38.1
30049334,3,back pain,3,76,74,92,12,99,37.3
30049335,2,abdominal pain,6,85,102,49,23,96,37.7
30049336,3,fall,1,95,90,98,11,92,37.1
30049337,4,anxiety,0,93,111,110,13,99,37.2
30049338,3,knee pain,3,60,116,105,22,99,38.1
30049339,3,anxiety,4,102,137,96,16,100,36.7
30049340,3,laceration,0,64,118,65,18,96,38.3
30049341,2,abdominal pain,7,86,87,81,19,96,37.2
30049342,2,back pain,8,67,139,76,22,100,38.3
30049343,3,fever,1,77,129,55,19,95,36.8
30049344,3,chest pain,7,76,127,111,26,99,37.0
30049345,3,abdominal pain,0,77,148,93,21,100,37.4
30049346,4,shortness of breath,1,88,129,86,13,99,37.2
30049347,3,knee pain,1,94,143,62,16,98,37.1
30049348,3,abdominal pain,3,86,134,93,17,96,36.6
30049349,4,fever,3,90,109,90,15,93,35.9
30049350,2,fall,7,100,140,83,15,94,36.7
30049351,2,headache,9,85,128,86,19,95,37.3
30049352,4,laceration,2,98,141,75,17,99,36.6
30049353,1,anxiety,8,93,87,91,25,97,37.2
30049354,4,back pain,5,83,92,61,22,100,37.7
30049355,2,headache,7,93,110,87,18,98,36.9
30049356,3,anxiety,4,103,157,59,15,93,38.2
30049357,3,shortness of breath,6,122,100,84,21,96,36.7
30049358,3,back pain,0,84,162,76,15,98,36.1
30049359,3,laceration,6,60,117,81,16,98,36.6
30049360,3,anxiety,3,76,121,54,13,92,36.9
30049361,4,knee pain,5,75,145,70,12,96,36.4
30049362,3,abdominal pain,2,75,130,104,20,100,37.3
30049363,2,anxiety,10,116,110,63,7,98,36.7
30049364,4,laceration,4,68,133,70,20,98,36.2
30049365,4,knee pain,6,66,101,86,18,99,38.6
30049366,3,shortness of breath,6,68,159,83,23,95,37.5
30049367,4,laceration,6,90,121,82,22,91,37.3
30049368,3,anxiety,1,86,125,92,17,97,37.8
30049369,3,abdominal pain,2,97,138,89,24,97,37.8
30049370,3,chest pain,0,88,89,85,15,100,37.7
30049371,4,laceration,3,73,123,72,15,96,38.1
30049372,4,abdominal pain,3,101,124,80,13,92,37.0
30049373,3,anxiety,3,99,164,94,14,99,36.7
30049374,4,laceration,6,92,130,80,19,96,37.6
30049375,3,chest pain,3,100,107,84,11,98,35.2
30049376,3,fever,4,77,130,91,22,96,36.1
30049377,2,back pain,10,75,116,68,17,100,36.0
30049378,4,fall,1,68,126,44,20,96,37.4
30049379,4,chest pain,7,105,122,72,17,100,36.2
30049380,3,headache,1,87,109,77,14,100,34.6
30049381,3,knee pain,0,86,154,70,15,96,35.6
30049382,3,abdominal pain,5,79,76,96,18,100,36.3
30049383,2,knee pain,9,95,124,93,19,97,37.4
30049384,3,chest pain,2,70,94,76,14,95,36.6
30049385,3,anxiety,7,113,120,83,14,100,37.3
30049386,4,chest pain,2,99,117,51,18,91,36.9
30049387,3,back pain,2,76,156,69,19,99,37.1
30049388,3,anxiety,4,60,130,72,15,95,36.6
30049389,2,laceration,9,90,112,67,16,97,37.3
30049390,2,chest pain,7,87,148,114,15,100,38.1
30049391,3,fall,5,61,101,79,20,100,37.1
30049392,3,chest pain,0,105,122,75,26,95,37.1
30049393,3,fever,4,73,111,63,19,95,36.6
30049394,4,anxiety,0,75,120,75,20,100,36.2
30049395,2,headache,7,91,123,79,20,95,37.3
30049396,3,laceration,2,101,113,69,21,100,36.7
30049397,3,fall,7,86,129,74,17,96,37.0
30049398,3,shortness of breath,3,88,110,80,15,91,36.4
30049399,3,anxiety,5,70,101,78,21,97,37.9
30049400,3,headache,1,90,174,85,16,91,36.1
30049401,2,chest pain,6,83,149,73,21,100,36.5
30049402,5,laceration,7,60,133,69,21,100,34.6
30049403,3,chest pain,6,74,89,92,13,99,36.3
30049404,2,knee pain,10,77,68,88,15,100,36.7
30049405,3,chest pain,7,94,116,107,18,100,35.3
30049406,2,knee pain,8,87,111,97,24,96,36.9
30049407,2,knee pain,9,94,128,57,14,96,35.3
30049408,3,laceration,3,86,162,98,8,100,37.9
30049409,3,shortness of breath,0,88,155,89,21,100,36.0
30049410,1,chest pain,6,62,102,80,16,95,35.9
30049411,1,headache,9,90,180,53,21,93,36.9
30049412,3,headache,0,85,149,77,16,95,38.0
30049413,4,shortness of breath,5,81,103,91,27,98,36.9
30049414,3,headache,3,80,108,75,28,100,37.4
30049415,1,abdominal pain,10,80,106,102,9,99,35.6
30049416,3,headache,1,48,95,72,18,93,36.9
30049417,4,fever,0,91,106,83,19,100,36.3
30049418,3,knee pain,4,59,160,102,18,90,36.6
30049419,3,shortness of breath,5,59,139,66,27,98,37.6
30049420,3,fever,7,67,107,68,18,99,38.6
30049421,3,shortness of breath,7,65,122,83,23,98,37.9
30049422,2,back pain,6,78,128,86,22,100,37.3
30049423,3,fever,7,112,135,105,19,95,38.4
30049424,2,anxiety,10,71,135,85,17,97,36.2
30049425,4,laceration,0,85,125,78,18,94,36.3
30049426,3,shortness of breath,2,107,134,80,21,98,35.3
30049427,3,knee pain,1,99,113,86,20,100,37.0
30049428,3,fall,5,89,85,99,14,97,36.7
30049429,4,fall,4,78,96,85,13,100,37.5
30049430,3,back pain,1,93,125,55,22,99,34.8
30049431,3,laceration,5,97,118,84,15,97,37.6
30049432,2,anxiety,10,101,110,83,22,94,38.8
30049433,3,laceration,4,79,167,73,21,95,36.1
30049434,4,knee pain,4,60,95,97,25,98,36.6
30049435,3,anxiety,1,76,103,66,23,92,37.3
30049436,2,headache,6,81,143,60,22,93,38.4
30049437,4,abdominal pain,6,77,100,80,15,97,36.6
30049438,3,anxiety,3,96,153,79,24,100,36.3
30049439,3,back pain,2,78,130,99,17,97,36.3
30049440,3,chest pain,5,86,92,78,17,93,36.6
30049441,1,knee pain,7,95,145,92,17,92,36.3
30049442,2,chest pain,6,83,141,69,20,96,36.5
30049443,2,laceration,7,81,110,88,19,99,37.6
30049444,3,laceration,6,94,131,78,23,98,36.5
30049445,3,abdominal pain,2,82,131,101,15,98,36.2
30049446,3,headache,2,86,157,94,13,97,38.0
30049447,4,abdominal pain,4,87,151,68,21,97,37.0
30049448,3,fall,3,112,157,89,25,96,36.5
30049449,1,back pain,8,83,105,95,21,100,37.8
30049450,3,headache,2,86,135,59,13,99,38.5
30049451,3,shortness of breath,4,82,128,90,18,97,38.0
30049452,4,laceration,5,86,128,55,24,97,37.0
30049453,5,fall,5,100,138,83,20,98,37.6
30049454,3,abdominal pain,6,59,129,76,11,96,37.0
30049455,3,shortness of breath,6,72,149,73,18,100,37.6
30049456,3,shortness of breath,4,79,135,62,14,94,36.1
30049457,3,laceration,3,85,164,105,17,98,36.9
30049458,5,fall,2,40,105,93,13,97,35.9
30049459,5,anxiety,1,72,140,73,18,100,36.9
30049460,2,anxiety,8,70,88,85,22,100,36.5
30049461,3,shortness of breath,5,70,140,104,13,94,37.2
30049462,3,shortness of breath,2,88,143,123,20,92,37.2
30049463,3,abdominal pain,2,91,143,104,20,99,35.9
30049464,3,headache,2,81,148,79,17,100,37.3
30049465,4,shortness of breath,2,76,114,68,23,98,36.7
30049466,2,headache,9,77,151,123,22,95,35.9
30049467,2,fever,10,75,102,72,20,98,38.2
30049468,3,knee pain,2,93,112,90,22,94,36.0
30049469,4,anxiety,2,100,107,65,19,93,36.5
30049470,3,headache,1,78,142,85,26,100,38.7
30049471,2,fall,7,90,128,118,22,92,36.8
30049472,4,anxiety,4,103,155,44,16,96,37.2
30049473,4,shortness of breath,3,91,156,101,20,98,37.4
30049474,2,knee pain,10,42,108,77,7,100,35.3
30049475,3,knee pain,6,89,98,86,25,97,36.6
30049476,4,fever,5,75,109,93,20,96,37.8
30049477,2,fever,7,98,107,75,24,99,36.7
30049478,2,headache,6,119,100,90,15,95,36.1
30049479,2,fall,7,105,122,97,21,89,36.3
30049480,2,knee pain,10,77,144,80,19,100,37.5
30049481,5,anxiety,3,113,119,89,18,100,37.0
30049482,3,knee pain,1,107,131,89,18,99,37.4
30049483,4,knee pain,5,72,126,87,17,98,36.5
30049484,2,laceration,8,57,115,55,16,94,36.3
30049485,2,headache,8,70,134,99,14,100,36.6
30049486,3,chest pain,5,81,116,24,19,98,37.3
30049487,3,abdominal pain,3,53,132,54,16,96,37.0
30049488,3,abdominal pain,1,73,109,90,19,100,37.6
30049489,2,chest pain,7,85,162,62,24,97,35.5
30049490,4,anxiety,4,86,120,97,20,100,38.1
30049491,2,laceration,9,61,123,93,16,99,37.0
30049492,3,knee pain,1,72,162,82,24,97,37.2
30049493,3,fall,7,50,127,88,15,100,35.9
30049494,4,laceration,2,86,132,87,15,100,36.8
30049495,3,abdominal pain,0,99,109,81,16,100,36.5
30049496,4,fall,4,73,164,70,25,100,36.8
30049497,3,headache,3,74,142,74,17,100,38.2
30049498,3,chest pain,3,84,177,59,20,96,36.4
30049499,3,headache,3,94,112,68,14,93,37.8
30049500,3,back pain,1,112,153,56,20,94,37.4
30049501,3,knee pain,5,92,84,109,26,100,38.0
30049502,4,knee pain,1,86,146,80,31,97,36.1
30049503,3,headache,6,90,127,94,21,93,37.6
30049504,3,knee pain,3,97,109,79,15,96,36.3
30049505,2,back pain,7,54,114,79,19,100,37.5
30049506,3,back pain,2,89,159,69,19,95,38.8
30049507,4,laceration,4,81,120,60,22,100,37.8
30049508,4,laceration,4,73,145,96,16,98,37.3
30049509,4,abdominal pain,0,77,140,86,13,97,36.8
30049510,2,anxiety,7,96,142,75,17,94,35.9
30049511,2,anxiety,6,110,121,82,12,98,36.5
30049512,4,headache,4,70,143,75,19,99,37.0
30049513,2,shortness of breath,10,107,148,94,14,95,38.4
30049514,4,fever,0,104,125,69,21,100,37.6
30049515,3,fever,2,72,136,75,14,96,35.9
30049516,3,fever,4,100,150,86,18,99,37.0
30049517,3,chest pain,2,89,127,64,18,96,36.8
30049518,4,back pain,7,58,116,89,19,92,38.2
30049519,3,headache,4,72,136,68,16,98,37.0
30049520,3,back pain,2,72,120,71,15,91,35.4
30049521,5,anxiety,6,102,117,73,11,100,35.5
30049522,2,knee pain,10,67,138,76,15,100,38.2
30049523,3,anxiety,6,97,110,63,15,95,37.9
30049524,2,fever,10,72,145,79,15,97,38.6
30049525,2,headache,9,84,108,82,21,93,37.3
30049526,5,headache,4,102,104,78,17,100,36.7
30049527,4,fall,0,92,101,85,17,97,37.4
30049528,3,back pain,3,69,127,71,22,97,36.0
30049529,4,abdominal pain,7,89,103,71,19,94,35.5
30049530,2,chest pain,8,84,127,102,22,100,38.0
30049531,3,shortness of breath,6,73,90,78,21,95,36.9
30049532,4,fall,6,78,94,72,14,93,34.8
30049533,3,shortness of breath,0,92,116,56,28,98,37.4
30049534,3,shortness of breath,5,79,142,82,19,91,38.3
30049535,3,shortness of breath,7,85,125,145,25,92,36.6
30049536,3,laceration,0,110,116,71,15,100,38.0
30049537,2,chest pain,7,56,148,68,16,99,35.5
30049538,3,knee pain,3,77,136,96,20,95,37.0
30049539,5,anxiety,4,100,103,95,21,100,36.8
30049540,3,anxiety,1,80,130,62,15,93,37.5
30049541,4,laceration,4,66,94,85,13,98,37.3
30049542,5,headache,4,65,150,76,10,93,35.9
30049543,3,headache,6,88,122,94,17,97,35.6
30049544,3,back pain,4,102,154,60,16,100,37.4
30049545,3,headache,5,104,107,68,21,98,37.7
30049546,4,anxiety,0,62,105,68,23,99,38.1
30049547,2,laceration,6,94,137,77,17,99,37.5
30049548,3,knee pain,4,87,134,70,17,97,37.4
30049549,1,fall,7,81,130,80,23,97,37.9
30049550,5,fever,5,86,113,71,22,99,37.6
30049551,3,anxiety,6,83,117,76,28,100,36.5
30049552,3,anxiety,2,89,143,80,15,97,37.4
30049553,3,chest pain,7,79,96,81,17,100,34.9
30049554,3,shortness of breath,3,84,96,81,16,97,37.4
30049555,3,chest pain,6,90,84,88,14,97,36.7
30049556,3,laceration,2,61,111,93,15,96,36.7
30049557,3,back pain,1,99,136,80,14,96,36.0
30049558,3,abdominal pain,4,75,118,58,21,95,37.8
30049559,4,knee pain,6,80,157,97,15,96,37.6
30049560,3,shortness of breath,3,71,118,66,17,96,36.7
30049561,5,headache,7,89,100,81,15,96,37.4
30049562,3,abdominal pain,6,76,128,94,18,92,36.3
30049563,3,fever,7,110,136,98,19,92,37.0
30049564,4,chest pain,6,97,120,61,19,97,37.9
30049565,3,fall,3,60,131,92,18,97,36.5
30049566,4,chest pain,6,87,107,93,10,97,36.1
30049567,4,laceration,3,81,113,81,18,95,36.9
30049568,3,shortness of breath,6,92,117,74,17,92,35.7
30049569,2,abdominal pain,9,70,132,67,10,95,37.6
30049570,2,back pain,8,95,114,96,17,95,37.1
30049571,3,laceration,1,83,128,104,14,99,38.5
30049572,3,abdominal pain,0,86,150,79,19,100,36.8
30049573,2,shortness of breath,9,87,99,81,21,95,36.6
30049574,3,laceration,2,97,103,92,15,98,37.4
30049575,2,anxiety,8,107,138,92,16,100,36.6
30049576,1,headache,8,85,136,94,11,100,36.7
30049577,1,laceration,7,95,144,77,21,100,36.6
30049578,3,shortness of breath,7,78,147,86,18,94,36.6
30049579,4,abdominal pain,0,61,112,107,20,97,38.0
30049580,4,abdominal pain,3,69,109,110,13,96,37.5
30049581,1,fever,9,73,132,71,14,97,37.7
30049582,3,abdominal pain,1,78,129,65,18,99,37.7
30049583,3,anxiety,1,82,117,94,21,96,37.4
30049584,2,back pain,6,102,110,72,21,96,36.6
30049585,4,anxiety,6,91,112,85,15,98,37.3
30049586,3,headache,1,90,102,86,18,99,36.5
30049587,3,back pain,2,63,146,59,20,94,36.4
30049588,4,fever,1,104,143,92,14,97,35.9
30049589,3,shortness of breath,7,75,146,91,20,99,37.4
30049590,4,laceration,4,74,89,86,18,95,35.6
30049591,3,shortness of breath,2,69,106,72,20,99,37.2
30049592,3,fever,0,58,169,64,16,100,38.3
30049593,4,back pain,2,64,128,65,15,98,36.1
30049594,2,shortness of breath,9,110,110,74,22,97,37.4
30049595,3,abdominal pain,6,105,110,71,15,100,36.2
30049596,1,shortness of breath,8,76,120,76,13,96,37.6
30049597,3,fever,3,68,104,73,17,100,37.1
30049598,2,fever,8,70,106,61,18,94,37.3
30049599,2,shortness of breath,6,81,127,96,15,96,37.9
30049600,3,fever,6,106,82,80,13,99,36.2
30049601,1,knee pain,7,86,156,75,14,98,37.6
30049602,3,abdominal pain,2,100,130,90,15,95,38.9
30049603,2,knee pain,7,89,113,93,17,100,37.1
30049604,4,abdominal pain,2,81,129,71,12,97,36.6
30049605,4,back pain,3,70,144,90,26,100,38.0
30049606,2,knee pain,8,101,136,66,23,96,37.0
30049607,3,shortness of breath,1,85,100,59,21,95,36.5
30049608,3,laceration,6,85,139,58,21,98,36.8
30049609,2,abdominal pain,8,95,109,84,17,96,37.5
30049610,3,anxiety,1,107,104,73,21,100,38.0
30049611,4,laceration,0,102,115,64,21,96,36.5
30049612,3,shortness of breath,1,83,102,37,20,90,36.8
30049613,4,fever,0,84,135,67,14,100,36.6
30049614,3,knee pain,0,81,131,84,14,99,37.7
30049615,3,headache,7,77,113,97,20,97,37.9
30049616,3,abdominal pain,7,65,126,53,19,95,36.3
30049617,4,shortness of breath,3,74,147,53,14,99,37.3
30049618,3,abdominal pain,7,74,135,104,20,98,37.9
30049619,1,abdominal pain,7,86,111,80,17,95,36.6
30049620,3,abdominal pain,5,107,108,97,20,100,37.2
30049621,3,knee pain,0,83,139,40,26,96,37.1
30049622,1,laceration,7,102,103,82,15,99,39.0
30049623,3,shortness of breath,5,92,84,79,18,100,36.4
30049624,5,fall,7,107,119,81,14,95,36.7
30049625,3,anxiety,5,63,133,100,15,100,37.0
30049626,4,laceration,1,87,127,83,13,96,36.8
30049627,2,shortness of breath,7,105,113,63,19,99,37.2
30049628,4,knee pain,6,100,145,64,22,95,37.4
30049629,1,back pain,7,67,146,103,17,100,37.0
30049630,2,headache,7,114,112,79,16,96,36.5
30049631,4,abdominal pain,0,72,127,95,18,99,36.3
30049632,3,anxiety,4,99,148,73,18,92,36.6
30049633,3,headache,5,61,116,82,16,92,37.0
30049634,3,chest pain,0,85,129,57,25,100,36.5
30049635,3,fever,6,89,102,61,16,97,36.9
30049636,3,knee pain,3,84,93,96,17,100,37.2
30049637,1,fall,9,92,123,80,16,100,35.6
30049638,3,fall,2,76,93,68,18,97,37.2
30049639,1,shortness of breath,9,74,108,87,16,97,36.9
30049640,3,headache,6,81,102,78,19,95,37.6
30049641,3,laceration,1,86,156,101,14,93,38.3
30049642,3,laceration,1,76,143,99,23,98,36.6
30049643,1,knee pain,7,84,89,91,20,90,36.5
30049644,2,back pain,7,74,109,91,23,93,36.1
30049645,3,anxiety,1,89,137,68,17,88,36.7
30049646,4,knee pain,1,78,131,76,18,98,36.7
30049647,5,laceration,4,113,151,104,18,94,35.5
30049648,3,headache,1,100,147,66,22,97,36.5
30049649,3,fever,3,78,162,68,13,98,38.2
30049650,2,fall,7,98,129,94,23,95,37.1
30049651,3,abdominal pain,6,79,137,79,20,96,36.3
30049652,3,abdominal pain,3,100,127,74,18,89,36.1
30049653,3,fever,2,74,106,69,9,99,36.0
30049654,2,abdominal pain,10,92,125,68,13,98,38.1
30049655,3,back pain,3,82,125,79,19,95,38.8
30049656,3,laceration,2,85,131,63,18,99,37.5
30049657,3,fever,2,93,158,65,17,95,36.9
30049658,2,back pain,8,85,119,77,15,95,38.2
30049659,3,shortness of breath,5,97,83,109,18,97,38.7
30049660,3,shortness of breath,7,87,127,83,22,98,36.7
30049661,3,anxiety,1,102,105,79,17,93,36.5
30049662,3,abdominal pain,6,82,149,50,24,100,37.0
30049663,3,knee pain,3,64,155,61,14,96,38.3
30049664,3,abdominal pain,3,69,134,80,17,97,36.8
30049665,2,abdominal pain,6,79,137,110,20,95,36.8
30049666,3,shortness of breath,5,83,129,106,21,95,35.8
30049667,4,laceration,6,96,147,69,18,97,37.4
30049668,3,knee pain,1,90,102,49,21,95,38.4
30049669,3,abdominal pain,1,68,109,96,12,100,35.5
30049670,5,back pain,4,80,130,83,21,97,36.2
30049671,3,fever,7,104,107,56,13,97,37.3
30049672,3,abdominal pain,2,87,137,65,26,98,37.3
30049673,3,abdominal pain,5,84,155,78,21,99,36.2
30049674,3,anxiety,0,107,130,79,17,98,36.2
30049675,3,chest pain,3,93,141,95,19,98,36.0
30049676,2,fever,7,96,128,76,19,97,36.8
30049677,5,anxiety,1,86,117,81,22,97,36.8
30049678,3,abdominal pain,1,93,71,68,16,95,37.0
30049679,4,chest pain,7,67,129,69,14,100,38.1
30049680,3,fall,5,77,155,99,24,99,37.5
30049681,2,laceration,8,79,105,62,18,99,37.2
30049682,2,back pain,10,95,86,69,17,98,35.8
30049683,3,laceration,0,79,110,84,17,99,37.3
30049684,2,anxiety,10,89,117,85,18,97,38.9
30049685,4,knee pain,3,71,116,105,25,99,36.2
30049686,4,laceration,6,66,128,90,21,99,37.0
30049687,3,shortness of breath,1,67,135,93,15,97,38.0
30049688,4,laceration,4,76,134,92,19,95,36.7
30049689,3,knee pain,0,94,125,80,24,95,36.4
30049690,3,anxiety,1,93,105,68,18,99,37.6
30049691,1,laceration,7,53,74,65,13,98,36.4
30049692,3,chest pain,1,80,118,84,22,97,37.7
30049693,2,laceration,8,83,104,79,17,95,37.0
30049694,2,fever,10,93,124,57,15,96,36.6
30049695,3,knee pain,2,98,135,83,21,97,38.5
30049696,4,fever,4,75,154,73,23,99,36.1
30049697,2,headache,8,96,127,54,12,94,36.5
30049698,2,knee pain,8,55,126,65,21,99,36.1
30049699,3,back pain,4,84,128,60,15,99,36.1
30049700,3,chest pain,4,74,130,72,21,99,37.5
30049701,4,anxiety,4,87,94,72,20,100,37.0
30049702,1,fever,9,74,120,58,22,100,36.6
30049703,2,laceration,7,107,118,97,16,97,36.9
30049704,3,fever,6,60,123,92,17,97,37.3
30049705,3,anxiety,1,82,107,88,17,98,37.3
30049706,3,shortness of breath,7,94,109,94,16,99,36.7
30049707,5,shortness of breath,4,104,116,75,15,99,37.4
30049708,3,fever,5,111,117,92,9,100,36.9
30049709,3,laceration,4,102,148,84,16,95,35.8
30049710,2,chest pain,6,96,127,90,21,97,38.2
30049711,4,anxiety,7,69,97,86,15,100,37.2
30049712,3,anxiety,0,58,120,72,13,98,36.2
30049713,3,anxiety,6,81,161,69,21,100,37.5
30049714,2,fever,8,98,137,91,15,95,39.0
30049715,3,chest pain,4,87,77,82,17,95,38.0
30049716,3,anxiety,1,69,130,66,17,94,37.1
30049717,3,shortness of breath,4,88,103,85,14,98,36.4
30049718,4,knee pain,5,67,81,82,20,94,37.9
30049719,3,fall,3,84,127,78,20,100,36.7
30049720,2,back pain,6,91,138,62,17,100,36.3
30049721,3,anxiety,4,70,124,90,19,96,37.2
30049722,3,back pain,7,84,127,88,22,100,36.7
30049723,4,abdominal pain,7,91,156,101,23,96,36.6
30049724,3,headache,6,71,138,83,27,100,37.2
30049725,3,anxiety,2,70,113,103,14,100,36.7
30049726,2,knee pain,8,95,153,97,19,95,37.1
30049727,4,abdominal pain,1,92,103,72,21,97,36.6
30049728,2,knee pain,7,53,122,85,15,95,37.0
30049729,3,fall,2,103,132,75,15,98,37.1
30049730,2,abdominal pain,6,80,118,87,19,95,36.5
30049731,4,chest pain,7,85,91,100,22,100,35.2
30049732,3,knee pain,2,101,140,70,17,99,37.2
30049733,4,anxiety,6,47,124,55,20,99,37.6
30049734,3,abdominal pain,0,78,96,47,22,96,37.5
30049735,3,chest pain,7,84,110,76,16,98,38.1
30049736,5,knee pain,0,103,145,89,23,91,36.5
30049737,3,knee pain,4,85,136,74,14,98,36.8
30049738,3,abdominal pain,4,92,79,59,17,100,36.9
30049739,3,back pain,0,92,101,59,25,96,37.2
30049740,3,chest pain,5,92,114,63,9,92,37.2
30049741,3,anxiety,1,105,141,76,15,100,37.6
30049742,3,headache,3,81,130,46,15,96,36.0
30049743,3,knee pain,1,77,114,65,16,100,36.7
30049744,3,fall,4,97,130,112,13,95,37.1
30049745,2,knee pain,6,95,126,60,21,98,36.5
30049746,3,fall,6,100,96,98,20,91,38.3
30049747,4,anxiety,2,86,146,83,23,95,37.2
30049748,4,laceration,3,79,117,79,14,97,37.5
30049749,3,back pain,0,71,122,98,17,93,35.8
30049750,3,anxiety,7,69,92,64,20,96,36.4
30049751,3,fever,6,80,111,77,19,100,36.9
30049752,4,back pain,3,75,136,68,22,92,36.3
30049753,5,chest pain,5,91,137,102,20,95,37.8
30049754,3,back pain,3,71,158,77,25,95,38.3
30049755,3,headache,3,40,96,72,19,94,35.9
30049756,2,back pain,9,71,91,68,27,99,36.6
30049757,1,headache,8,76,134,104,24,98,36.5
30049758,3,chest pain,0,89,125,87,21,96,36.9
30049759,2,headache,7,89,122,56,22,96,37.9
30049760,2,laceration,9,92,120,82,17,100,37.5
30049761,3,laceration,4,63,114,96,23,100,37.3
30049762,3,abdominal pain,7,91,139,74,15,92,37.2
30049763,3,shortness of breath,0,83,120,87,26,94,36.6
30049764,3,headache,3,71,144,82,11,93,36.4
30049765,3,laceration,0,80,99,85,20,91,38.0
30049766,3,knee pain,2,87,114,81,12,100,37.4
30049767,3,anxiety,3,59,111,60,22,95,38.2
30049768,2,knee pain,9,72,88,92,23,96,37.6
30049769,3,fall,6,89,129,71,16,94,37.0
30049770,3,back pain,7,84,118,77,16,96,36.1
30049771,1,fall,10,65,74,78,17,94,37.0
30049772,4,back pain,4,103,110,82,14,98,37.6
30049773,3,chest pain,5,75,125,84,21,98,36.6
30049774,3,knee pain,3,98,148,96,19,100,36.9
30049775,4,fall,1,70,103,90,17,100,37.6
30049776,2,chest pain,9,102,103,85,14,98,37.4
30049777,4,chest pain,0,89,128,69,20,100,36.9
30049778,3,anxiety,4,77,138,66,19,100,37.3
30049779,3,anxiety,3,76,128,69,19,96,36.5
30049780,3,back pain,5,98,144,69,18,97,36.6
30049781,2,back pain,9,87,95,68,16,92,38.0
30049782,3,headache,1,71,128,88,12,97,37.9
30049783,4,laceration,4,81,105,74,17,100,38.3
30049784,3,knee pain,2,93,118,85,21,98,37.3
30049785,3,chest pain,3,77,123,86,28,96,36.5
30049786,2,fever,6,66,110,73,18,98,37.1
30049787,2,laceration,8,140,116,63,20,91,36.4
30049788,1,headache,8,87,104,107,13,98,35.8
30049789,2,chest pain,6,77,121,91,17,94,37.7
30049790,3,laceration,7,90,150,82,9,98,36.8
30049791,3,back pain,6,90,131,105,24,100,36.7
30049792,2,knee pain,10,103,150,71,14,100,36.2
30049793,3,abdominal pain,1,78,116,87,18,99,37.1
30049794,4,fever,7,90,152,61,21,96,37.6
30049795,4,anxiety,2,88,106,84,19,94,36.2
30049796,3,headache,1,119,119,103,15,96,36.0
30049797,4,back pain,0,106,129,69,26,93,37.4
30049798,4,knee pain,7,61,129,84,19,96,37.2
30049799,2,headache,6,83,90,84,15,94,36.7
30049800,3,abdominal pain,1,82,124,79,21,93,35.3
30049801,3,anxiety,0,55,151,70,19,98,37.3
30049802,3,fall,6,89,91,92,14,100,35.8
30049803,2,back pain,7,94,117,63,17,95,37.4
30049804,4,anxiety,3,101,127,59,19,95,36.0
30049805,3,laceration,7,84,131,71,15,99,36.8
30049806,5,shortness of breath,3,81,159,108,23,100,36.8
30049807,2,abdominal pain,8,67,96,48,17,96,37.0
30049808,3,shortness of breath,3,66,111,78,14,100,37.4
30049809,2,fall,10,61,96,39,12,92,37.8
30049810,4,shortness of breath,3,76,133,88,8,99,36.5
30049811,5,anxiety,6,94,128,80,19,100,37.0
30049812,3,back pain,4,112,124,66,16,100,37.7
30049813,4,anxiety,3,98,110,70,23,93,36.5
30049814,4,abdominal pain,2,96,104,87,16,95,37.6
30049815,3,fall,6,65,78,57,22,94,36.6
30049816,3,abdominal pain,1,87,99,48,17,91,36.9
30049817,2,back pain,6,92,132,82,20,97,36.7
30049818,3,anxiety,6,98,117,83,16,100,35.7
30049819,4,anxiety,0,105,145,96,22,94,38.2
30049820,4,fall,3,54,122,61,21,97,36.8
30049821,3,abdominal pain,7,77,122,64,19,100,36.2
30049822,3,knee pain,6,92,133,97,22,99,38.3
30049823,3,fever,3,89,127,68,19,97,37.1
30049824,2,abdominal pain,10,72,139,83,21,99,36.5
30049825,4,headache,0,79,110,69,19,100,37.3
30049826,4,back pain,2,118,159,74,20,97,37.6
30049827,4,anxiety,1,87,158,48,15,100,36.6
30049828,4,shortness of breath,6,83,156,72,18,94,37.1
30049829,3,knee pain,2,116,102,77,17,100,35.8
30049830,3,knee pain,5,54,119,67,16,97,36.6
30049831,3,anxiety,0,92,99,77,21,96,37.8
30049832,5,chest pain,6,80,102,49,17,93,36.9
30049833,3,shortness of breath,0,69,140,84,29,95,36.7
30049834,5,laceration,1,109,106,60,11,92,37.2
30049835,3,laceration,6,68,146,72,16,97,36.4
30049836,3,abdominal pain,5,104,112,65,19,94,36.1
30049837,2,fever,6,94,164,100,10,99,35.5
30049838,3,fall,1,114,138,89,18,96,37.7
30049839,2,abdominal pain,10,102,158,66,15,92,37.2
30049840,4,back pain,4,70,116,94,17,96,37.9
30049841,3,abdominal pain,5,93,147,93,21,92,37.0
30049842,3,shortness of breath,3,108,148,102,18,99,35.0
30049843,3,fall,5,68,141,73,24,97,37.9
30049844,2,fever,9,95,121,93,11,98,36.5
30049845,3,back pain,0,66,135,79,17,95,37.0
30049846,1,knee pain,10,93,117,79,15,94,37.7
30049847,5,abdominal pain,7,61,99,93,15,96,36.8
30049848,3,chest pain,3,99,176,84,17,93,38.0
30049849,3,anxiety,0,116,117,68,20,95,38.3
30049850,2,abdominal pain,6,70,94,84,18,97,38.5
30049851,3,fever,2,93,115,95,13,100,36.4
30049852,3,shortness of breath,4,68,135,48,19,100,37.0
30049853,3,fall,6,93,108,71,21,99,34.6
30049854,3,headache,6,83,146,82,23,99,37.5
30049855,3,fall,3,99,126,100,24,100,36.2
30049856,3,back pain,3,74,134,121,20,99,37.4
30049857,2,abdominal pain,6,71,105,69,21,96,38.3
30049858,3,back pain,5,67,97,78,8,97,37.4
30049859,3,knee pain,1,52,119,94,9,100,37.0
30049860,3,shortness of breath,2,69,133,112,15,99,37.1
30049861,3,shortness of breath,1,114,134,82,19,99,35.7
30049862,3,back pain,1,66,103,88,19,100,37.8
30049863,2,fall,8,92,96,98,20,96,37.9
30049864,1,headache,6,109,108,74,17,96,36.4
30049865,2,back pain,10,90,130,59,13,97,37.6
30049866,2,abdominal pain,7,42,114,54,21,99,36.1
30049867,3,fall,0,81,123,79,29,97,38.6
30049868,3,headache,6,90,158,73,18,95,37.4
30049869,3,fever,0,94,67,62,13,98,37.0
30049870,1,anxiety,9,84,131,76,20,95,38.0
30049871,3,laceration,6,82,130,74,17,94,38.3
30049872,4,back pain,6,87,113,81,18,98,38.3
30049873,3,fall,5,78,144,83,11,97,36.0
30049874,4,abdominal pain,6,80,76,105,18,96,36.7
30049875,3,abdominal pain,6,96,129,87,21,98,38.2
30049876,3,anxiety,3,61,97,74,11,92,35.8
30049877,3,anxiety,6,82,122,96,12,94,36.3
30049878,5,chest pain,5,64,138,104,21,100,35.9
30049879,4,abdominal pain,1,71,127,88,16,99,36.2
30049880,3,fall,4,92,105,58,24,99,37.1
30049881,3,laceration,0,94,103,86,20,90,36.9
30049882,5,knee pain,1,83,128,72,19,95,35.3
30049883,3,chest pain,1,84,142,90,13,93,38.0
30049884,3,chest pain,2,86,121,81,24,99,36.3
30049885,3,headache,2,83,128,102,14,97,37.8
30049886,4,fever,3,82,160,114,20,95,37.7
30049887,1,headache,10,92,124,84,19,96,36.1
30049888,3,fever,7,82,105,77,17,100,35.6
30049889,3,chest pain,5,53,119,94,18,97,36.0
30049890,3,knee pain,2,76,99,89,23,97,36.3
30049891,4,knee pain,3,79,109,69,21,100,36.5
30049892,3,shortness of breath,3,95,124,84,19,99,37.1
30049893,4,chest pain,7,98,154,74,11,99,37.0
30049894,1,shortness of breath,10,73,150,90,15,98,35.4
30049895,2,knee pain,8,90,140,61,16,98,36.5
30049896,2,chest pain,9,92,114,71,18,100,36.9
30049897,3,fall,5,87,115,97,12,98,37.1
30049898,1,shortness of breath,10,101,133,75,11,100,36.7
30049899,2,headache,9,74,94,79,20,99,35.8
30049900,3,chest pain,3,54,116,49,15,91,37.1
30049901,3,fall,2,65,123,78,27,97,37.4
30049902,4,headache,5,81,117,77,19,95,35.6
30049903,3,knee pain,3,64,147,96,20,100,37.6
30049904,3,abdominal pain,0,73,107,87,19,96,36.8
30049905,4,anxiety,3,100,133,68,16,93,37.8
30049906,2,fall,7,78,104,84,23,100,37.3
30049907,1,abdominal pain,10,70,77,68,18,96,37.8
30049908,2,knee pain,10,85,102,82,24,98,37.6
30049909,3,fever,3,84,134,65,6,100,37.4
30049910,3,back pain,2,93,130,82,17,95,36.7
30049911,3,shortness of breath,6,80,115,82,16,97,36.6
30049912,3,knee pain,0,76,113,56,24,96,37.1
30049913,3,anxiety,6,80,169,67,16,96,35.7
30049914,3,headache,4,77,147,68,17,94,36.9
30049915,1,chest pain,8,65,128,67,19,98,36.4
30049916,3,back pain,1,61,104,99,16,96,37.1
30049917,3,chest pain,4,84,111,74,13,100,36.9
30049918,3,knee pain,1,64,123,59,19,98,37.2
30049919,3,abdominal pain,5,102,124,82,24,100,38.0
30049920,3,anxiety,0,85,163,126,20,93,36.2
30049921,4,abdominal pain,4,115,117,82,12,96,38.9
30049922,4,chest pain,2,95,108,72,14,93,37.7
30049923,1,headache,7,60,119,50,19,95,36.8
30049924,4,laceration,6,88,105,119,17,100,35.8
30049925,3,headache,2,89,131,58,13,100,35.9
30049926,3,chest pain,5,67,150,60,22,91,37.0
30049927,3,fall,6,124,139,83,15,100,36.0
30049928,4,headache,2,93,123,94,16,97,37.2
30049929,3,shortness of breath,3,99,142,101,19,95,38.4
30049930,2,chest pain,8,71,130,89,15,92,36.4
30049931,5,abdominal pain,6,101,133,73,16,97,36.9
30049932,2,shortness of breath,8,84,136,96,11,96,36.0
30049933,4,fever,1,59,140,70,14,98,35.5
30049934,3,headache,5,99,147,65,17,97,37.1
30049935,3,back pain,7,65,108,97,18,97,36.5
30049936,4,fever,4,62,154,59,18,96,36.4
30049937,3,fall,2,76,137,67,23,100,36.0
30049938,3,fall,1,75,118,95,12,96,37.2
30049939,3,headache,7,92,140,82,26,97,34.8
30049940,4,abdominal pain,0,63,143,82,14,91,36.9
30049941,3,back pain,1,80,108,70,18,100,38.1
30049942,3,back pain,3,75,140,69,22,94,37.1
30049943,4,headache,7,116,124,75,12,94,36.7
30049944,5,fever,0,92,100,105,25,97,36.4
30049945,5,anxiety,0,55,123,68,22,94,35.8
30049946,2,shortness of breath,9,73,120,83,15,98,37.6
30049947,3,knee pain,4,113,158,64,18,99,37.1
30049948,3,headache,7,71,126,101,18,93,37.8
30049949,4,fall,4,89,138,73,20,99,36.8
30049950,3,back pain,3,50,141,76,22,97,35.3
30049951,3,back pain,0,79,139,105,22,96,37.3
30049952,4,laceration,6,94,150,91,13,97,37.6
30049953,3,anxiety,2,86,92,67,19,94,37.1
30049954,3,anxiety,4,72,163,69,20,96,37.5
30049955,3,fall,1,95,141,87,26,95,36.9
30049956,2,fever,10,95,134,81,27,100,35.4
30049957,2,anxiety,7,76,115,62,24,95,38.3
30049958,2,abdominal pain,6,82,161,78,14,99,37.0
30049959,3,knee pain,5,103,141,95,17,100,36.5
30049960,3,knee pain,1,86,172,44,19,100,38.2
30049961,3,shortness of breath,5,99,107,69,24,95,38.3
30049962,2,back pain,10,83,113,70,20,94,36.9
30049963,3,chest pain,5,75,117,63,17,100,36.2
30049964,3,fall,6,86,134,102,11,99,36.5
30049965,3,back pain,7,89,155,51,15,95,37.4
30049966,4,anxiety,1,77,109,79,21,93,36.2
30049967,2,knee pain,10,93,176,94,17,100,35.7
30049968,2,fall,9,90,136,93,24,96,36.7
30049969,4,anxiety,4,112,104,63,16,98,38.0
30049970,3,shortness of breath,2,96,103,87,21,97,36.7
30049971,3,fever,6,98,136,77,17,96,37.9
30049972,3,fever,6,65,157,103,14,98,37.0
30049973,3,laceration,7,99,123,58,17,99,36.2
30049974,4,fall,5,103,129,97,15,100,38.5
30049975,2,chest pain,8,97,114,49,19,99,37.1
30049976,3,back pain,5,64,156,88,22,99,35.5
30049977,4,abdominal pain,2,92,158,102,18,95,37.3
30049978,3,headache,4,76,155,84,19,98,38.0
30049979,3,abdominal pain,5,97,103,84,12,100,35.9
30049980,2,anxiety,8,101,151,51,24,92,36.9
30049981,4,laceration,6,90,145,77,17,100,36.5
30049982,4,knee pain,7,70,162,89,19,98,36.9
30049983,4,shortness of breath,5,71,153,74,23,93,36.4
30049984,1,knee pain,6,90,110,67,21,98,37.0
30049985,2,anxiety,6,69,149,79,19,100,35.6
30049986,4,headache,4,72,141,96,20,96,36.6
30049987,1,shortness of breath,7,75,132,60,16,99,37.7
30049988,3,fever,0,102,128,108,16,99,36.6
30049989,2,headache,10,88,115,65,23,98,36.6
30049990,3,fall,7,90,144,96,20,100,36.6
30049991,3,chest pain,3,93,104,63,22,97,37.1
30049992,3,shortness of breath,6,108,117,122,13,97,36.7
30049993,4,laceration,5,81,141,64,26,100,37.7
30049994,3,abdominal pain,1,108,96,86,16,93,36.5
30049995,3,fever,0,67,91,69,12,97,36.3
30049996,3,back pain,1,81,115,69,21,100,37.9
30049997,3,laceration,7,61,130,67,21,89,37.4
30049998,3,abdominal pain,2,94,69,64,20,96,36.4
30049999,3,chest pain,5,104,116,39,13,96,35.6
30050000,4,knee pain,4,109,94,53,13,93,36.8
30050001,4,knee pain,4,65,103,96,17,95,37.3
30050002,3,shortness of breath,1,61,121,78,13,97,37.4
30050003,3,shortness of breath,0,65,108,78,19,94,37.3
30050004,2,headache,10,95,82,67,18,96,35.3
30050005,3,shortness of breath,6,95,82,90,14,98,36.3
30050006,3,back pain,5,67,123,79,16,94,37.1
30050007,3,chest pain,3,96,123,86,19,94,37.7
30050008,2,knee pain,6,71,115,81,13,93,37.5
30050009,3,headache,7,112,133,92,18,100,37.5
30050010,4,anxiety,5,88,129,68,26,99,37.4
30050011,3,headache,6,86,125,102,15,97,35.9
30050012,3,headache,0,65,111,84,15,100,35.3
30050013,4,anxiety,4,68,124,91,19,98,35.1
30050014,3,anxiety,4,74,157,53,12,97,37.0
30050015,3,fever,3,102,123,64,19,97,37.0
30050016,3,back pain,1,95,109,92,20,99,38.3
30050017,4,headache,3,59,111,74,22,93,37.1
30050018,2,fall,6,77,130,77,20,100,39.4
30050019,4,chest pain,0,70,118,85,19,95,37.4
30050020,4,abdominal pain,3,75,140,58,20,92,36.2
30050021,3,laceration,5,74,165,60,24,100,37.8
30050022,3,headache,3,79,114,80,16,100,37.8
30050023,1,fall,7,91,111,78,15,98,38.0
30050024,3,laceration,3,89,156,80,22,91,37.5
30050025,1,fever,7,47,105,77,13,99,37.0
30050026,3,fever,5,56,130,95,17,100,37.1
30050027,4,back pain,6,96,120,70,19,100,36.5
30050028,3,headache,4,80,108,79,31,97,36.8
30050029,4,fever,3,64,150,79,15,97,37.1
30050030,3,headache,1,79,114,89,22,95,37.5
30050031,4,anxiety,0,89,122,96,21,97,36.7
30050032,2,back pain,8,92,146,81,13,96,37.7
30050033,3,back pain,6,76,141,99,21,100,37.4
30050034,2,fall,10,105,87,70,12,94,37.7
30050035,3,headache,4,95,179,54,13,99,38.4
30050036,4,headache,6,98,162,101,17,100,37.2
30050037,3,headache,7,109,131,51,20,95,36.2
30050038,3,chest pain,1,57,128,72,20,91,38.0
30050039,4,back pain,1,81,106,99,16,94,37.6
30050040,1,fall,6,113,119,93,20,96,36.5
30050041,3,chest pain,1,83,131,41,21,91,38.0
30050042,3,laceration,0,69,126,92,13,97,37.6
30050043,3,laceration,3,74,110,87,16,92,36.7
30050044,3,laceration,7,70,153,99,26,92,37.8
30050045,3,anxiety,4,57,121,72,19,92,37.2
30050046,3,laceration,6,65,107,78,18,95,36.5
30050047,3,headache,1,118,157,82,17,96,36.8
30050048,2,back pain,10,80,113,75,11,99,36.9
30050049,3,abdominal pain,5,89,102,97,23,98,36.7
30050050,4,back pain,3,77,139,44,19,96,35.9
30050051,3,laceration,1,81,92,87,20,96,36.4
30050052,5,headache,4,102,140,109,19,93,37.0
30050053,4,abdominal pain,0,82,92,85,15,99,36.1
30050054,4,fall,4,97,124,81,14,94,36.8
30050055,3,back pain,1,72,139,77,23,93,37.7
30050056,2,anxiety,7,76,98,79,18,92,37.7
30050057,3,fall,3,102,98,99,15,99,38.4
30050058,2,knee pain,7,106,119,88,23,95,37.4
30050059,2,fall,8,88,139,86,23,100,37.2
30050060,4,back pain,2,72,104,78,20,97,37.2
30050061,3,back pain,2,73,114,78,20,100,36.9
30050062,3,anxiety,7,53,113,56,19,98,36.2
30050063,1,chest pain,7,87,128,61,16,98,38.2
30050064,3,abdominal pain,7,79,109,87,21,100,36.4
30050065,4,abdominal pain,6,117,125,86,17,92,37.0
30050066,3,fall,3,115,105,77,23,100,36.7
30050067,3,back pain,1,102,130,81,22,95,37.1
30050068,3,back pain,5,75,123,100,20,97,37.5
30050069,3,anxiety,1,74,85,86,19,94,36.8
30050070,2,knee pain,9,73,137,110,18,94,37.6
30050071,4,headache,4,88,117,91,17,99,37.7
30050072,2,fever,7,54,113,71,19,98,36.8
30050073,3,back pain,2,81,105,77,20,95,37.3
30050074,3,shortness of breath,5,80,99,52,13,95,37.0
30050075,4,fever,4,94,145,94,18,98,37.4
30050076,3,fever,3,83,122,78,19,99,36.3
30050077,4,knee pain,6,95,136,70,14,98,37.0
30050078,3,fall,6,74,159,93,12,100,36.6
30050079,3,back pain,6,106,135,59,26,97,36.8
30050080,3,back pain,2,90,115,81,17,94,36.5
30050081,4,abdominal pain,7,87,116,80,18,97,37.0
30050082,3,fall,2,89,141,70,19,100,38.0
30050083,2,fall,9,65,151,93,20,93,38.7
30050084,5,chest pain,7,110,156,90,18,97,36.5
30050085,3,knee pain,0,76,99,67,24,97,37.2
30050086,4,fall,0,107,89,98,14,97,36.0
30050087,5,fall,7,83,127,62,9,94,37.2
30050088,3,headache,1,94,124,73,16,96,37.7
30050089,2,headache,8,75,108,85,19,96,37.0
30050090,2,headache,6,91,118,76,20,96,37.9
30050091,3,abdominal pain,2,83,132,71,16,100,36.6
30050092,3,knee pain,3,85,141,52,16,92,36.3
30050093,2,fever,7,98,82,65,15,100,38.4
30050094,3,fall,2,82,111,82,23,99,37.9
30050095,4,anxiety,1,96,102,63,20,100,35.9
30050096,3,fall,2,106,127,70,15,95,36.5
30050097,3,fever,6,108,93,73,17,99,36.5
30050098,4,fever,1,67,125,86,22,95,37.4
30050099,2,fall,9,93,143,103,23,100,37.8
30050100,2,fever,10,89,124,86,22,96,36.5
30050101,5,headache,1,78,104,103,21,96,38.0
30050102,3,shortness of breath,7,88,134,80,16,97,39.0
30050103,2,chest pain,10,83,127,75,23,100,37.7
30050104,3,abdominal pain,5,111,112,60,18,95,36.7
30050105,3,shortness of breath,0,74,135,71,17,100,37.5
30050106,3,fall,0,78,128,104,23,98,37.5
30050107,3,fall,0,92,121,87,14,97,36.9
30050108,5,anxiety,6,88,123,97,27,100,37.0
30050109,4,anxiety,0,109,103,68,18,93,36.8
30050110,3,anxiety,2,109,147,84,14,99,37.0
30050111,4,anxiety,3,76,108,77,20,97,36.4
30050112,4,fall,6,79,155,95,17,100,37.0
30050113,3,fever,0,88,160,110,17,91,37.4
30050114,3,headache,7,97,117,73,19,95,35.6
30050115,4,headache,1,86,159,72,18,96,36.8
30050116,3,back pain,5,96,135,69,22,95,37.6
30050117,4,fever,3,93,129,83,18,100,37.7
30050118,3,anxiety,2,92,96,58,17,100,37.2
30050119,3,shortness of breath,0,87,123,85,18,99,35.3
30050120,3,knee pain,7,89,128,82,24,96,37.5
30050121,4,chest pain,2,82,123,63,22,100,37.9
30050122,4,shortness of breath,7,86,104,55,12,93,36.0
30050123,2,back pain,7,73,149,83,16,99,37.1
30050124,2,fall,9,70,115,69,23,97,36.9
30050125,3,knee pain,4,92,126,46,14,97,36.8
30050126,4,abdominal pain,6,73,119,86,20,99,37.1
30050127,3,shortness of breath,0,80,138,109,23,99,37.4
30050128,4,shortness of breath,2,95,148,67,19,96,37.7
30050129,3,chest pain,7,58,118,88,23,98,38.3
30050130,2,fall,8,106,145,85,16,100,37.8
30050131,4,knee pain,5,76,149,62,17,91,37.1
30050132,3,headache,4,92,156,80,22,100,35.8
30050133,3,back pain,1,60,111,52,11,96,36.7
30050134,2,chest pain,9,93,120,60,29,100,37.8
30050135,1,laceration,8,99,105,78,21,98,36.4
30050136,4,back pain,6,81,109,90,21,91,37.3
30050137,2,laceration,7,95,96,120,14,96,38.2
30050138,4,headache,1,74,103,80,18,100,37.9
30050139,2,chest pain,7,83,127,97,19,100,36.0
30050140,5,headache,1,113,133,93,22,98,37.7
30050141,3,shortness of breath,5,83,103,66,19,92,36.0
30050142,1,fall,9,57,108,65,21,98,36.7
30050143,4,shortness of breath,6,101,166,74,14,96,37.4
30050144,2,anxiety,6,96,114,77,18,98,36.8
30050145,3,fever,6,88,137,52,19,92,35.5
30050146,2,shortness of breath,6,53,106,61,24,98,36.4
30050147,3,abdominal pain,7,83,146,62,21,99,37.3
30050148,3,abdominal pain,3,75,109,80,19,97,36.4
30050149,4,fever,0,85,126,103,12,100,37.8
30050150,4,back pain,4,88,127,77,14,91,37.5
30050151,3,anxiety,5,80,115,76,22,89,36.5
30050152,3,fever,6,81,97,97,20,95,38.8
30050153,3,back pain,0,78,99,110,16,95,38.0
30050154,4,chest pain,6,66,122,81,24,95,37.1
30050155,3,fall,4,69,152,95,16,94,37.0
30050156,3,shortness of breath,7,90,123,111,18,99,35.9
30050157,4,knee pain,1,103,128,86,15,99,38.8
30050158,3,anxiety,3,80,87,59,23,99,37.6
30050159,3,abdominal pain,3,88,117,72,20,99,38.4
30050160,3,shortness of breath,7,99,131,62,20,97,37.8
30050161,3,knee pain,7,87,155,68,14,92,36.6
30050162,3,fall,2,72,147,62,15,98,35.8
30050163,3,chest pain,6,79,104,86,14,93,37.8
30050164,4,fever,3,73,142,46,14,96,36.2
30050165,2,laceration,9,91,149,87,14,94,36.6
30050166,3,laceration,4,75,147,57,20,97,36.9
30050167,3,shortness of breath,1,91,151,83,22,97,36.6
30050168,3,laceration,6,65,148,71,22,98,37.9
30050169,3,abdominal pain,5,72,148,70,16,93,36.9
30050170,5,knee pain,2,84,145,67,20,100,37.1
30050171,4,headache,7,96,97,68,16,100,38.1
30050172,4,back pain,2,114,110,69,13,99,36.0
30050173,3,back pain,7,84,141,62,18,100,37.2
30050174,3,abdominal pain,6,52,127,66,16,100,38.0
30050175,3,headache,2,92,121,82,15,99,37.1
30050176,1,headache,10,76,104,93,15,100,36.7
30050177,2,headache,10,87,137,89,20,96,37.3
30050178,5,anxiety,6,77,130,66,20,98,35.8
30050179,3,fever,2,75,102,78,24,98,36.2
30050180,3,fever,2,92,96,86,24,100,37.7
30050181,4,fall,6,116,116,91,12,100,36.7
30050182,2,anxiety,8,88,140,91,21,94,36.3
30050183,3,fever,7,82,156,97,22,91,37.6
30050184,4,shortness of breath,3,68,103,62,20,95,36.8
30050185,3,knee pain,0,78,93,55,15,97,36.3
30050186,3,laceration,0,75,113,93,24,95,38.1
30050187,3,shortness of breath,7,77,105,83,20,93,37.5
30050188,3,abdominal pain,7,75,133,93,18,97,37.7
30050189,3,fall,3,82,100,90,17,96,37.3
30050190,3,chest pain,0,61,132,94,17,96,37.1
30050191,5,laceration,5,90,109,75,17,100,37.4
30050192,3,laceration,3,69,103,94,21,100,37.1
30050193,1,fever,7,89,125,79,19,94,38.1
30050194,5,chest pain,6,48,133,69,17,93,36.5
30050195,3,chest pain,3,74,153,81,18,97,36.3
30050196,2,laceration,10,73,112,96,18,97,37.1
30050197,3,chest pain,2,85,120,67,17,98,36.4
30050198,3,back pain,7,70,162,87,20,96,37.2
30050199,3,anxiety,4,83,91,54,10,94,37.4
30050200,3,anxiety,2,57,123,80,19,96,37.6
30050201,3,shortness of breath,1,77,144,51,15,98,38.2
30050202,4,laceration,3,84,150,101,20,91,36.4
30050203,3,fall,7,71,130,82,14,99,37.2
30050204,3,shortness of breath,4,89,134,104,21,99,36.5
30050205,3,abdominal pain,4,91,114,85,22,100,35.5
30050206,3,abdominal pain,5,69,112,70,20,93,36.6
30050207,4,headache,7,71,123,88,23,100,36.9
30050208,3,headache,6,82,127,89,15,99,36.9
30050209,5,chest pain,3,73,105,45,11,99,35.2
30050210,5,anxiety,5,52,105,93,14,97,38.0
30050211,3,chest pain,0,72,110,93,21,97,35.3
30050212,3,headache,4,68,130,51,20,92,36.2
30050213,2,shortness of breath,10,70,152,93,18,99,37.6
30050214,1,headache,10,77,130,64,20,90,36.5
30050215,3,fall,7,59,117,72,18,93,38.1
30050216,4,fall,5,83,129,92,14,98,35.2
30050217,2,chest pain,6,64,143,84,13,98,37.4
30050218,4,fall,7,97,100,88,24,100,36.7
30050219,3,chest pain,0,98,137,61,20,97,36.2
30050220,3,abdominal pain,1,87,116,88,28,100,37.3
30050221,3,anxiety,1,96,160,92,14,97,36.5
30050222,3,headache,3,97,127,71,20,98,36.6
30050223,3,fall,5,88,103,72,17,97,36.6
30050224,3,laceration,2,119,129,85,19,97,37.2
30050225,3,laceration,4,88,112,109,16,95,36.1
30050226,3,fall,2,72,102,82,25,96,36.5
30050227,3,abdominal pain,0,65,137,49,18,98,37.6
30050228,3,anxiety,7,96,126,74,20,97,37.5
30050229,3,headache,2,105,106,83,17,93,35.7
30050230,3,anxiety,0,80,119,86,9,100,36.5
30050231,4,headache,6,94,138,78,10,94,38.5
30050232,3,headache,7,72,150,79,13,100,37.4
30050233,4,back pain,4,83,138,85,17,100,36.9
30050234,3,fever,2,88,129,99,12,99,37.8
30050235,3,abdominal pain,7,78,156,71,18,91,35.8
30050236,3,fall,7,75,127,84,21,99,37.3
30050237,1,back pain,10,63,130,77,10,93,38.1
30050238,3,headache,4,87,128,42,14,99,37.9
30050239,3,shortness of breath,1,103,157,88,16,96,37.0
30050240,2,headache,6,75,125,69,18,97,36.9
30050241,4,shortness of breath,5,77,122,113,17,100,36.6
30050242,3,laceration,0,112,97,86,15,97,37.3
30050243,4,chest pain,6,85,129,53,15,95,37.6
30050244,3,headache,5,90,129,37,20,100,36.8
30050245,5,back pain,0,58,149,66,17,89,36.4
30050246,5,chest pain,5,99,150,56,20,94,37.1
30050247,3,fall,3,73,125,89,12,96,36.6
30050248,2,anxiety,8,80,117,103,15,99,36.2
30050249,5,abdominal pain,6,68,137,51,19,98,36.9
30050250,3,fever,2,88,106,69,18,96,37.8
30050251,3,chest pain,1,102,149,86,14,91,36.6
30050252,4,anxiety,7,80,129,85,12,97,38.3
30050253,2,chest pain,10,72,99,99,14,96,35.8
30050254,3,laceration,7,81,142,76,15,97,38.1
30050255,3,laceration,2,67,128,87,10,98,37.5
30050256,3,back pain,7,89,119,80,25,95,36.7
30050257,3,fever,6,82,124,71,14,96,34.7
30050258,5,laceration,0,98,123,105,12,96,37.9
30050259,3,chest pain,1,110,108,98,15,94,35.0
30050260,3,fever,0,97,116,58,20,100,38.5
30050261,3,anxiety,1,114,143,66,16,100,37.0
30050262,3,fever,4,70,121,89,25,97,37.5
30050263,3,anxiety,2,93,123,81,24,93,37.5
30050264,4,knee pain,7,76,90,102,14,100,37.4
30050265,5,anxiety,7,120,142,100,23,100,37.2
30050266,3,chest pain,0,77,108,89,21,97,36.3
30050267,3,knee pain,4,92,134,81,24,98,36.8
30050268,3,headache,5,95,108,92,20,97,35.7
30050269,2,knee pain,6,80,151,95,19,96,38.4
30050270,3,headache,1,81,138,93,15,95,36.4
30050271,4,shortness of breath,2,98,113,96,20,98,37.6
30050272,4,shortness of breath,0,62,120,77,16,99,37.5
30050273,3,laceration,1,109,130,72,17,92,38.3
30050274,2,back pain,9,79,130,55,18,99,36.8
30050275,3,headache,3,108,141,70,24,96,35.8
30050276,2,back pain,6,73,127,83,19,99,37.8
30050277,3,fall,5,108,96,63,17,96,38.3
30050278,3,anxiety,7,86,100,62,12,92,36.4
30050279,2,chest pain,7,74,137,71,15,98,35.5
30050280,5,anxiety,6,98,113,83,20,93,37.1
30050281,4,abdominal pain,4,83,133,72,21,98,37.5
30050282,2,fall,6,79,106,63,12,98,38.2
30050283,3,back pain,3,99,108,65,18,98,37.2
30050284,3,fall,5,84,96,67,15,91,36.9
30050285,3,back pain,7,65,122,88,17,98,38.7
30050286,4,back pain,5,69,113,59,16,100,37.0
30050287,2,shortness of breath,6,76,125,72,22,89,37.9
30050288,2,shortness of breath,8,85,116,85,17,93,37.1
30050289,5,chest pain,5,76,84,72,19,100,36.9
30050290,4,headache,7,90,149,76,21,95,38.0
30050291,3,anxiety,5,104,128,93,14,96,36.2
30050292,2,headache,10,79,112,97,14,98,37.1
30050293,2,shortness of breath,10,119,142,75,24,98,36.3
30050294,4,abdominal pain,3,83,128,41,12,97,36.4
30050295,3,headache,5,102,91,90,27,100,37.3
30050296,3,abdominal pain,4,96,120,62,25,97,35.5
30050297,3,headache,2,74,133,58,17,96,36.7
30050298,3,laceration,2,110,126,69,25,93,37.1
30050299,2,abdominal pain,9,85,82,84,17,95,36.7
30050300,4,anxiety,5,73,100,91,23,99,36.2
30050301,3,chest pain,3,93,110,97,16,97,35.7
30050302,2,shortness of breath,7,82,116,71,16,99,38.4
30050303,3,fever,0,86,114,98,11,97,37.8
30050304,4,back pain,7,72,167,54,14,96,37.5
30050305,2,anxiety,8,68,150,81,19,100,36.4
30050306,2,shortness of breath,6,72,120,91,19,98,36.7
30050307,5,abdominal pain,5,68,132,87,20,94,35.1
30050308,3,fall,4,80,127,75,17,97,36.2
30050309,3,abdominal pain,1,65,127,41,20,95,36.7
30050310,3,laceration,3,101,103,90,15,98,36.0
30050311,3,headache,5,91,110,91,13,96,38.3
30050312,4,fall,6,101,101,91,19,97,37.7
30050313,3,fall,5,93,97,62,24,94,36.5
30050314,3,back pain,4,87,153,84,15,98,36.4
30050315,3,chest pain,5,94,102,100,20,100,37.3
30050316,3,shortness of breath,6,77,93,94,16,97,37.5
30050317,3,laceration,1,83,149,93,12,96,36.1
30050318,3,knee pain,7,78,140,95,17,100,37.2
30050319,5,fever,1,95,151,94,19,97,37.3
30050320,3,anxiety,4,82,114,82,27,98,37.4
30050321,3,fever,5,80,116,80,15,98,37.6
30050322,3,fever,4,92,116,56,12,97,35.9
30050323,2,abdominal pain,6,103,154,102,14,99,37.0
30050324,3,fever,0,109,95,85,17,95,38.5
30050325,4,back pain,0,69,119,81,20,100,37.5
30050326,1,back pain,9,85,132,81,19,98,37.2
30050327,3,abdominal pain,5,77,128,98,16,93,38.0
30050328,2,back pain,7,84,167,100,20,90,36.7
30050329,3,shortness of breath,3,57,164,99,21,95,36.7
30050330,2,fall,9,76,126,68,17,100,36.8
30050331,3,knee pain,7,70,130,102,18,98,36.1
30050332,2,fall,6,90,126,77,17,99,37.4
30050333,3,headache,3,75,126,46,24,100,36.5
30050334,3,fall,1,81,136,62,17,94,37.7
30050335,3,anxiety,4,91,133,75,15,97,36.3
30050336,3,back pain,6,102,110,47,17,92,38.3
30050337,3,chest pain,1,80,99,71,23,100,36.3
30050338,3,laceration,3,74,136,50,25,93,35.8
30050339,4,fever,2,73,132,90,17,96,38.1
30050340,3,abdominal pain,0,76,113,95,24,93,38.3
30050341,3,fall,4,89,114,93,23,100,37.5
30050342,3,shortness of breath,4,81,142,88,22,95,38.0
30050343,3,back pain,3,66,123,68,16,100,37.6
30050344,3,chest pain,7,98,132,89,16,98,36.8
30050345,2,knee pain,9,84,121,98,14,97,36.3
30050346,3,chest pain,6,83,98,68,9,98,36.9
30050347,3,fall,0,80,116,73,24,98,35.7
30050348,3,laceration,7,109,123,91,22,97,37.4
30050349,2,knee pain,8,72,110,84,21,93,37.4
30050350,3,chest pain,6,105,151,93,16,96,36.9
30050351,4,fever,4,91,147,87,19,97,38.2
30050352,3,fever,1,78,126,80,17,95,38.2
30050353,3,abdominal pain,4,73,132,73,17,96,36.3
30050354,3,fall,7,83,144,61,17,98,36.9
30050355,2,fever,6,70,119,96,13,93,37.1
30050356,2,fever,8,78,111,85,14,95,35.8
30050357,4,fall,6,85,95,89,16,92,38.0
30050358,3,knee pain,1,92,143,64,18,100,37.7
30050359,3,shortness of breath,3,82,96,73,17,100,37.9
30050360,4,knee pain,5,88,125,107,18,95,37.8
30050361,3,fall,1,75,82,108,18,97,36.8
30050362,3,headache,4,92,135,98,20,94,36.6
30050363,3,laceration,5,84,122,75,21,100,35.9
30050364,3,headache,3,72,129,63,15,100,37.3
30050365,3,headache,4,64,119,83,18,100,37.3
30050366,3,laceration,3,82,99,89,18,96,37.1
30050367,3,anxiety,3,75,119,93,16,100,37.3
30050368,3,fall,7,72,66,68,13,94,36.5
30050369,4,anxiety,7,72,141,71,12,98,36.5
30050370,3,fall,2,83,119,65,13,99,36.5
30050371,3,laceration,3,90,127,75,20,99,37.2
30050372,5,back pain,4,99,96,88,13,97,38.8
30050373,3,knee pain,5,86,134,79,10,99,34.2
30050374,4,shortness of breath,4,108,151,90,19,96,38.2
30050375,2,shortness of breath,6,75,106,84,21,100,37.3
30050376,3,knee pain,1,55,123,69,15,100,36.2
30050377,4,fall,7,88,87,65,21,97,36.1
30050378,5,anxiety,1,71,129,71,23,95,36.2
30050379,3,chest pain,7,91,127,87,11,95,36.2
30050380,2,chest pain,9,115,131,99,19,100,37.0
30050381,3,fever,3,99,128,68,20,94,38.2
30050382,3,headache,1,77,112,55,22,100,37.7
30050383,3,abdominal pain,6,63,177,104,16,93,36.5
30050384,3,back pain,7,96,120,106,18,97,37.1
30050385,3,knee pain,6,49,86,91,27,97,35.9
30050386,3,knee pain,5,69,121,90,17,99,35.9
30050387,3,anxiety,6,102,122,84,19,100,37.6
30050388,3,chest pain,6,69,131,81,17,95,37.6
30050389,4,laceration,1,112,118,58,19,95,36.8
30050390,3,fever,6,102,97,94,21,96,37.4
30050391,3,headache,3,99,89,61,16,98,37.7
30050392,1,shortness of breath,10,113,110,75,24,99,37.2
30050393,2,back pain,7,86,136,85,25,97,37.0
30050394,3,chest pain,2,88,139,86,21,93,37.6
30050395,3,shortness of breath,3,89,118,47,22,99,36.3
30050396,3,shortness of breath,7,71,118,71,15,98,36.7
30050397,3,fever,7,92,118,82,16,100,38.0
30050398,2,back pain,8,123,195,63,19,100,37.2
30050399,3,chest pain,7,68,123,85,12,99,38.6
30050400,3,abdominal pain,0,94,129,94,21,98,37.5
30050401,3,abdominal pain,4,96,114,80,27,93,37.2
30050402,3,shortness of breath,7,94,136,92,17,96,37.1
30050403,3,laceration,0,73,95,83,12,98,37.5
30050404,3,laceration,5,76,98,98,19,95,37.5
30050405,3,chest pain,6,55,148,64,23,95,38.2
30050406,2,fall,6,65,153,71,26,97,37.9
30050407,2,fever,7,107,104,68,11,100,35.5
30050408,3,fall,6,78,124,82,16,97,36.5
30050409,3,back pain,3,82,158,57,25,95,37.9
30050410,3,knee pain,7,69,122,82,16,94,36.4
30050411,2,headache,7,68,136,84,18,94,36.2
30050412,3,knee pain,3,101,121,82,22,99,37.7
30050413,3,headache,2,75,106,78,19,97,37.5
30050414,3,fever,5,82,122,58,21,91,35.8
30050415,4,abdominal pain,6,72,106,82,13,97,36.8
30050416,2,chest pain,9,63,132,66,16,98,36.3
30050417,3,abdominal pain,7,104,120,66,22,96,37.1
30050418,2,chest pain,10,71,131,66,21,100,37.6
30050419,2,fall,10,76,118,74,19,95,37.5
30050420,3,abdominal pain,0,110,111,49,12,97,36.3
30050421,2,abdominal pain,7,66,121,53,16,98,37.7
30050422,4,laceration,2,75,136,78,20,100,38.5
30050423,1,headache,8,110,103,102,23,97,37.5
30050424,2,chest pain,9,101,134,75,19,91,36.7
30050425,1,laceration,6,87,137,100,23,97,38.3
30050426,2,chest pain,8,66,101,68,18,97,37.1
30050427,3,abdominal pain,0,72,84,103,16,97,36.9
30050428,3,laceration,3,68,116,104,21,92,37.6
30050429,4,back pain,5,99,121,80,14,95,37.2
30050430,4,knee pain,2,105,134,56,15,100,37.1
30050431,2,knee pain,9,87,117,85,17,98,37.0
30050432,5,back pain,1,90,88,91,19,98,36.3
30050433,3,laceration,3,102,99,59,18,96,36.8
30050434,3,laceration,6,93,91,86,14,100,36.7
30050435,5,fever,3,99,131,85,13,94,37.4
30050436,2,fever,6,69,116,62,10,100,38.3
30050437,3,abdominal pain,7,107,86,42,13,97,36.0
30050438,2,shortness of breath,9,82,129,55,24,96,38.3
30050439,3,chest pain,0,98,128,77,20,96,36.9
30050440,2,knee pain,6,80,108,73,16,95,38.0
30050441,2,shortness of breath,7,70,147,86,23,100,36.9
30050442,3,fall,7,99,150,87,23,96,36.0
30050443,3,fall,6,95,94,93,18,95,36.6
30050444,3,headache,6,78,135,99,24,100,36.9
30050445,2,fever,10,53,114,77,17,98,36.5
30050446,2,anxiety,10,81,93,74,20,100,37.9
30050447,2,headache,6,60,138,80,20,97,37.6
30050448,2,anxiety,10,78,118,71,20,93,36.8
30050449,3,back pain,3,69,141,83,23,92,37.3
30050450,4,abdominal pain,7,88,152,90,21,95,35.2
30050451,4,laceration,0,90,121,86,13,100,35.4
30050452,1,abdominal pain,6,79,139,96,23,95,36.8
30050453,4,laceration,5,67,112,94,21,99,36.8
30050454,4,knee pain,6,99,102,92,22,94,35.5
30050455,3,shortness of breath,5,73,152,78,25,96,36.7
30050456,5,chest pain,1,68,125,99,20,94,36.5
30050457,5,knee pain,1,78,108,90,21,94,36.7
30050458,3,chest pain,7,89,121,91,15,93,38.1
30050459,3,knee pain,5,86,133,79,13,97,37.7
30050460,3,knee pain,2,93,111,60,21,97,38.1
30050461,3,anxiety,2,95,116,85,13,97,36.0
30050462,3,anxiety,6,95,119,79,19,96,36.9
30050463,3,abdominal pain,2,86,152,69,17,99,36.5
30050464,3,anxiety,1,107,120,87,16,97,36.3
30050465,3,knee pain,6,59,145,85,12,100,35.7
30050466,3,knee pain,1,87,140,77,22,100,35.9
30050467,3,chest pain,3,74,145,70,23,94,36.1
30050468,3,fall,5,86,108,74,14,99,38.3
30050469,4,fall,5,78,107,93,20,95,38.0
30050470,1,knee pain,9,74,131,77,19,98,36.8
30050471,3,fever,2,71,142,86,22,99,35.9
30050472,3,anxiety,0,88,152,85,19,98,36.6
30050473,3,shortness of breath,4,81,97,71,18,98,37.1
30050474,5,anxiety,3,119,104,59,18,100,36.7
30050475,5,headache,5,96,150,58,19,94,35.8
30050476,3,anxiety,0,70,88,88,25,97,38.5
30050477,1,abdominal pain,6,88,146,81,12,100,37.2
30050478,3,fall,0,113,93,77,23,95,36.7
30050479,2,back pain,6,74,131,58,18,98,36.3
30050480,3,knee pain,7,83,160,88,17,99,37.5
30050481,5,abdominal pain,7,91,136,57,10,94,36.9
30050482,3,knee pain,4,79,130,102,20,100,36.5
30050483,2,knee pain,6,71,95,97,15,99,37.0
30050484,3,anxiety,0,69,82,79,17,99,37.2
30050485,3,knee pain,3,77,163,97,14,99,38.4
30050486,3,back pain,1,86,71,51,15,97,37.4
30050487,3,anxiety,4,111,86,69,17,98,37.3
30050488,2,fever,10,94,137,72,17,100,36.6
30050489,2,chest pain,10,104,141,96,17,92,37.6
30050490,3,chest pain,0,104,140,41,19,98,34.8
30050491,2,headache,9,65,119,107,16,98,36.4
30050492,3,shortness of breath,4,73,116,100,19,100,37.4
30050493,3,fever,3,59,120,53,15,94,36.4
30050494,5,back pain,7,72,106,101,24,93,37.4
30050495,5,back pain,0,65,110,68,13,92,36.5
30050496,4,abdominal pain,2,73,111,89,18,94,35.5
30050497,3,knee pain,4,76,117,70,13,94,38.3
30050498,4,fall,4,104,122,74,16,97,37.4
30050499,5,anxiety,4,71,87,82,19,98,37.5
30050500,1,shortness of breath,10,101,122,75,22,100,38.4
30050501,3,back pain,5,82,90,91,12,99,36.6
30050502,3,abdominal pain,1,93,137,84,17,100,37.7
30050503,3,chest pain,0,62,106,66,10,97,37.3
30050504,3,back pain,2,77,159,73,20,94,38.1
30050505,4,abdominal pain,0,97,104,70,10,100,35.0
30050506,4,knee pain,6,72,146,87,17,98,37.7
30050507,3,fever,0,70,107,102,16,94,36.7
30050508,4,headache,5,91,111,70,10,100,37.2
30050509,3,abdominal pain,5,91,141,113,22,99,36.5
30050510,3,abdominal pain,0,93,125,73,15,96,36.7
30050511,4,chest pain,4,70,113,86,24,92,38.0
30050512,2,chest pain,7,96,156,65,10,98,38.3
30050513,5,laceration,5,73,102,89,6,100,37.7
30050514,4,shortness of breath,1,91,123,70,17,97,37.3
30050515,3,shortness of breath,2,82,133,94,22,99,36.9
30050516,4,shortness of breath,7,119,136,100,12,95,38.1
30050517,2,shortness of breath,6,91,128,99,12,99,35.4
30050518,1,anxiety,7,97,119,70,17,100,36.7
30050519,3,laceration,0,81,120,110,13,98,35.9
30050520,4,headache,5,81,82,55,24,98,36.5
30050521,4,chest pain,0,82,123,61,17,98,37.3
30050522,3,headache,3,106,92,75,17,96,38.3
30050523,4,shortness of breath,7,58,105,47,18,93,36.3
30050524,3,fall,1,92,110,76,20,98,37.8
30050525,4,abdominal pain,1,64,135,51,20,95,36.3
30050526,3,shortness of breath,6,80,119,81,19,100,37.2
30050527,3,fall,6,79,98,83,20,99,37.4
30050528,2,knee pain,9,87,112,97,18,97,36.4
30050529,1,fever,7,97,114,94,11,93,37.3
30050530,3,headache,7,67,118,77,9,96,36.1
30050531,2,fever,9,64,136,70,16,97,36.8
30050532,4,shortness of breath,0,96,132,88,30,100,36.9
30050533,4,knee pain,5,94,133,74,17,99,37.3
30050534,3,knee pain,7,93,149,61,20,98,37.5
30050535,3,laceration,7,86,137,55,16,97,37.0
30050536,2,back pain,10,76,105,96,21,100,36.7
30050537,2,chest pain,8,110,157,81,16,91,37.2
30050538,3,anxiety,5,82,123,66,16,96,37.2
30050539,4,abdominal pain,3,114,119,53,17,98,36.4
30050540,3,back pain,0,84,142,87,13,94,35.8
30050541,1,abdominal pain,8,91,128,59,19,99,37.0
30050542,3,anxiety,3,83,109,88,16,92,38.1
30050543,3,abdominal pain,7,74,131,84,22,97,36.3
30050544,3,anxiety,0,93,97,94,20,98,38.1
30050545,5,knee pain,3,92,139,79,22,100,37.0
30050546,3,shortness of breath,5,60,169,105,24,87,35.6
30050547,4,chest pain,1,63,71,84,19,97,36.5
30050548,4,shortness of breath,5,68,159,66,15,100,37.5
30050549,3,abdominal pain,0,80,126,78,14,99,38.4
30050550,3,laceration,2,99,139,71,14,99,37.2
30050551,1,abdominal pain,9,95,128,80,21,95,36.4
30050552,3,anxiety,0,104,80,83,18,95,36.1
30050553,2,fall,8,83,105,59,17,93,36.9
30050554,3,abdominal pain,2,81,182,74,13,99,35.8
30050555,3,abdominal pain,5,71,123,77,21,100,37.6
30050556,3,chest pain,4,80,120,74,20,98,37.8
30050557,4,back pain,7,94,120,79,19,96,35.8
30050558,3,anxiety,0,93,133,102,18,100,36.3
30050559,4,shortness of breath,4,94,108,69,18,99,37.3
30050560,3,fall,4,95,107,94,19,96,38.1
30050561,2,anxiety,10,102,106,87,19,97,37.5
30050562,3,knee pain,0,79,115,90,16,93,37.6
30050563,2,laceration,9,77,109,57,11,98,36.3
30050564,3,abdominal pain,0,94,125,78,17,100,36.5
30050565,3,abdominal pain,7,98,115,101,10,97,37.0
30050566,3,chest pain,3,118,113,87,16,95,36.7
30050567,2,fever,9,75,121,56,24,95,37.0
30050568,1,shortness of breath,8,104,85,104,10,95,36.6
30050569,4,laceration,0,88,108,101,17,97,36.6
30050570,3,headache,4,118,113,50,14,96,36.8
30050571,3,abdominal pain,0,81,120,93,23,96,36.9
30050572,2,fever,10,57,143,70,13,98,37.7
30050573,1,headache,6,43,107,90,20,98,37.5
30050574,5,laceration,7,90,136,78,18,100,37.8
30050575,4,fever,1,99,157,84,18,94,38.5
30050576,2,chest pain,6,82,119,80,11,100,36.5
30050577,3,chest pain,5,77,137,89,17,98,37.3
30050578,3,chest pain,6,88,110,96,14,97,37.2
30050579,3,abdominal pain,5,88,151,82,22,97,37.2
30050580,3,abdominal pain,3,94,113,79,19,93,37.3
30050581,4,fever,7,86,124,70,16,94,37.3
30050582,3,shortness of breath,0,82,95,78,15,97,37.9
30050583,2,headache,10,100,133,83,7,98,35.9
30050584,3,fall,1,86,120,69,18,100,37.8
30050585,3,abdominal pain,1,72,128,84,26,99,37.3
30050586,3,back pain,5,88,88,77,13,100,36.5
30050587,3,knee pain,2,72,137,112,11,99,38.2
30050588,4,knee pain,1,82,112,96,14,97,36.2
30050589,3,fall,5,72,104,73,23,99,37.1
30050590,5,knee pain,0,82,119,86,19,93,37.7
30050591,3,shortness of breath,3,96,140,100,22,95,36.0
30050592,2,fever,8,80,129,97,14,96,35.4
30050593,3,fall,5,90,94,78,18,99,36.9
30050594,3,chest pain,2,104,118,76,17,99,37.0
30050595,3,abdominal pain,4,83,115,87,20,99,36.9
30050596,4,shortness of breath,4,62,101,112,20,95,38.7
30050597,3,headache,0,113,132,80,20,94,36.5
30050598,3,chest pain,5,73,116,61,15,93,36.9
30050599,2,shortness of breath,8,64,130,81,15,100,37.7
30050600,3,knee pain,5,90,151,65,13,97,37.2
30050601,2,abdominal pain,6,63,106,65,20,95,35.9
30050602,3,abdominal pain,4,116,112,91,15,98,36.8
30050603,3,fall,2,54,108,86,25,100,36.3
30050604,2,back pain,6,71,114,69,13,91,36.2
30050605,4,laceration,6,115,104,81,21,93,38.0
30050606,3,back pain,0,81,149,76,22,94,35.8
30050607,3,laceration,0,80,104,62,18,96,37.8
30050608,3,knee pain,5,84,115,120,19,96,35.7
30050609,3,chest pain,2,81,146,99,17,97,37.4
30050610,2,knee pain,6,80,130,59,18,98,36.9
30050611,3,anxiety,6,74,113,94,23,100,36.9
30050612,4,chest pain,0,101,169,73,17,96,36.6
30050613,4,chest pain,4,101,121,31,27,99,37.6
30050614,1,laceration,9,61,160,79,21,99,36.5
30050615,3,abdominal pain,4,92,103,86,21,96,36.3
30050616,3,laceration,3,78,132,85,10,98,37.7
30050617,3,knee pain,0,62,91,74,24,94,36.1
30050618,3,shortness of breath,5,89,154,86,17,95,37.1
30050619,4,shortness of breath,2,107,135,89,13,94,35.8
30050620,4,chest pain,5,70,107,85,15,99,38.2
30050621,2,abdominal pain,9,99,97,89,11,100,37.3
30050622,1,shortness of breath,7,75,130,94,19,99,36.4
30050623,2,headache,8,91,139,105,11,91,37.0
30050624,4,chest pain,4,61,84,75,21,94,36.6
30050625,2,anxiety,7,83,153,61,28,100,37.8
30050626,4,back pain,7,85,155,84,14,94,37.4
30050627,5,headache,0,86,120,68,23,96,36.5
30050628,3,shortness of breath,1,94,140,77,12,99,38.3
30050629,3,headache,6,58,145,91,19,100,36.6
30050630,2,fever,10,80,125,66,15,98,37.4
30050631,5,abdominal pain,4,108,112,96,17,96,36.7
30050632,2,knee pain,10,67,136,88,15,98,36.2
30050633,3,shortness of breath,7,93,129,100,15,100,36.6
30050634,3,shortness of breath,7,86,107,75,18,96,37.2
30050635,2,back pain,10,85,102,92,12,96,36.3
30050636,5,back pain,5,85,121,105,21,96,35.4
30050637,2,back pain,7,92,98,73,20,94,39.1
30050638,3,chest pain,7,83,138,79,20,100,37.7
30050639,4,chest pain,5,94,107,81,17,96,35.9
30050640,4,back pain,4,82,132,61,20,95,37.1
30050641,3,abdominal pain,6,73,102,78,17,95,38.6
30050642,3,laceration,5,77,112,71,13,97,35.5
30050643,2,back pain,9,80,86,70,22,98,37.4
30050644,3,laceration,1,53,137,81,16,97,36.4
30050645,2,shortness of breath,10,62,88,97,18,99,37.1
30050646,3,laceration,5,88,118,107,12,99,35.8
30050647,3,headache,1,103,116,78,17,97,37.3
30050648,3,chest pain,1,104,164,54,19,100,37.7
30050649,4,knee pain,3,86,129,60,20,94,36.6
30050650,4,chest pain,7,108,100,106,18,100,36.7
30050651,3,anxiety,5,115,133,89,20,99,37.5
30050652,1,headache,9,94,144,83,12,100,35.8
30050653,2,abdominal pain,7,66,127,76,19,96,37.6
30050654,2,laceration,8,106,103,74,22,98,36.6
30050655,3,anxiety,1,81,133,79,20,97,35.8
30050656,3,knee pain,2,85,144,87,18,95,36.9
30050657,3,knee pain,1,55,122,66,9,96,35.2
30050658,3,fall,2,84,140,68,22,97,37.1
30050659,2,abdominal pain,8,69,145,59,19,100,37.0
30050660,2,fever,9,59,119,79,19,100,37.1
30050661,3,headache,3,84,110,90,14,99,37.0
30050662,3,anxiety,5,91,134,64,15,95,37.5
30050663,4,back pain,2,92,109,84,15,94,37.3
30050664,1,knee pain,6,117,140,75,20,100,36.2
30050665,4,shortness of breath,3,80,123,78,21,97,36.9
30050666,4,headache,5,48,155,81,18,94,37.7
30050667,3,shortness of breath,6,81,112,58,18,97,36.3
30050668,4,anxiety,3,105,130,90,27,100,35.2
30050669,3,laceration,0,99,106,102,26,91,37.7
30050670,4,shortness of breath,7,96,142,114,21,96,35.8
30050671,3,knee pain,2,87,104,63,24,93,38.2
30050672,3,abdominal pain,0,61,99,53,11,93,36.6
30050673,1,abdominal pain,9,88,128,70,25,99,37.3
30050674,3,knee pain,3,106,187,76,16,99,35.7
30050675,2,laceration,6,62,129,70,11,99,37.8
30050676,2,fall,10,80,123,110,19,100,37.3
30050677,3,fall,4,69,143,67,22,93,36.5
30050678,2,shortness of breath,9,97,130,72,20,99,37.1
30050679,3,knee pain,6,92,119,72,18,92,36.3
30050680,3,headache,2,86,111,91,20,100,37.6
30050681,3,fall,6,70,100,55,15,95,36.7
30050682,3,fall,3,71,128,92,16,99,36.6
30050683,3,fever,4,77,128,83,19,99,38.3
30050684,4,knee pain,0,63,111,59,16,96,36.4
30050685,3,anxiety,3,116,171,62,13,99,36.4
30050686,2,anxiety,7,88,124,88,25,97,38.0
30050687,4,anxiety,2,96,95,82,19,96,37.0
30050688,3,fall,3,76,98,62,14,99,38.2
30050689,2,fall,10,93,139,88,21,96,35.7
30050690,3,chest pain,6,86,101,78,18,98,36.0
30050691,3,knee pain,5,94,124,53,19,96,36.3
30050692,3,knee pain,1,76,133,73,19,96,37.4
30050693,1,headache,7,102,110,77,14,93,36.9
30050694,4,fall,6,105,150,55,15,100,37.9
30050695,3,abdominal pain,4,98,77,87,26,97,37.4
30050696,3,headache,4,126,107,88,12,100,36.7
30050697,3,shortness of breath,3,67,120,63,21,94,36.9
30050698,4,chest pain,1,99,160,59,17,92,36.6
30050699,2,chest pain,8,88,94,75,22,96,37.5
30050700,3,knee pain,6,104,148,76,13,94,37.6
30050701,3,fall,4,98,169,86,13,97,37.6
30050702,2,fever,8,93,154,67,17,95,37.0
30050703,5,abdominal pain,2,102,117,78,17,95,36.9
30050704,3,knee pain,0,75,88,87,24,93,36.2
30050705,1,knee pain,6,105,148,110,21,100,36.4
30050706,3,headache,2,128,121,71,22,95,37.1
30050707,3,shortness of breath,5,106,114,79,24,97,36.5
30050708,4,anxiety,5,73,106,85,19,100,36.9
30050709,2,fall,7,68,106,49,15,100,37.2
30050710,4,fever,3,101,126,101,19,90,36.4
30050711,1,laceration,7,102,97,72,13,95,36.2
30050712,4,fever,4,85,131,74,20,100,37.8
30050713,5,knee pain,2,85,160,87,12,97,35.5
30050714,3,fall,5,119,116,81,24,99,36.9
30050715,4,fever,1,80,162,97,21,99,37.9
30050716,4,fever,1,94,117,80,22,99,35.6
30050717,4,fall,3,83,121,54,21,92,37.0
30050718,3,fall,5,68,94,53,12,90,37.3
30050719,5,knee pain,2,66,120,57,27,95,37.8
30050720,4,laceration,2,76,107,95,15,94,38.4
30050721,3,chest pain,2,81,128,86,14,98,36.8
30050722,2,chest pain,9,107,98,93,13,96,37.1
30050723,2,fever,7,72,127,76,16,100,37.2
30050724,4,chest pain,7,96,116,67,15,96,36.4
30050725,4,knee pain,1,72,107,101,17,94,35.8
30050726,3,shortness of breath,6,103,82,64,16,95,36.0
30050727,3,shortness of breath,7,71,117,77,13,96,35.9
30050728,3,headache,7,71,116,107,21,93,36.4
30050729,2,fever,8,77,120,54,18,100,37.0
30050730,3,shortness of breath,6,101,137,74,16,95,35.6
30050731,3,abdominal pain,3,77,133,101,18,100,35.6
30050732,3,fall,7,91,132,66,17,98,37.4
30050733,3,back pain,4,73,133,74,20,100,36.8
30050734,4,knee pain,7,80,111,84,19,98,35.6
30050735,4,shortness of breath,5,78,143,101,14,96,36.6
30050736,2,fever,9,71,125,79,13,96,37.9
30050737,4,anxiety,4,94,104,55,21,96,37.5
30050738,4,abdominal pain,0,86,110,70,23,100,37.1
30050739,3,fever,5,91,106,70,22,97,37.9
30050740,2,laceration,9,76,135,85,28,97,36.8
30050741,3,fall,3,93,110,94,16,98,36.2
30050742,2,back pain,7,86,117,105,19,91,37.7
30050743,2,fall,10,75,114,56,13,97,38.0
30050744,3,back pain,2,90,137,107,17,96,36.6
30050745,3,chest pain,6,75,166,88,18,93,36.3
30050746,4,chest pain,0,58,123,89,14,96,36.6
30050747,2,fever,6,78,98,75,23,99,37.7
30050748,3,back pain,4,97,102,83,20,91,36.6
30050749,4,abdominal pain,6,80,128,79,17,99,36.5
30050750,3,abdominal pain,6,78,98,85,26,98,37.9
30050751,3,anxiety,5,86,131,93,18,97,35.8
30050752,4,back pain,6,67,124,67,19,100,36.4
30050753,1,fall,8,84,109,94,20,98,38.5
30050754,4,laceration,3,90,124,64,19,98,36.8
30050755,3,anxiety,5,46,132,93,15,97,37.4
30050756,4,chest pain,7,86,142,84,20,95,36.0
30050757,4,knee pain,5,102,113,87,14,96,37.3
30050758,2,back pain,6,58,95,68,21,97,36.8
30050759,3,laceration,4,98,168,74,7,100,37.2
30050760,3,chest pain,0,64,138,48,24,97,36.7
30050761,3,fall,7,67,126,94,19,100,37.7
30050762,3,shortness of breath,2,62,119,89,15,96,36.1
30050763,5,shortness of breath,2,70,135,79,19,99,36.3
30050764,2,headache,7,75,138,78,21,97,37.9
30050765,4,chest pain,3,56,127,77,18,99,36.8
30050766,3,fall,3,97,118,89,24,94,36.7
30050767,2,back pain,10,89,119,93,16,93,37.1
30050768,3,shortness of breath,6,77,133,53,19,97,36.7
30050769,2,abdominal pain,10,99,118,74,14,94,36.4
30050770,4,chest pain,6,83,102,103,20,95,37.2
30050771,5,shortness of breath,6,84,114,74,12,100,35.8
30050772,2,knee pain,10,110,124,92,21,96,37.1
30050773,3,fever,5,91,115,70,19,91,36.7
30050774,3,fall,0,82,124,77,20,100,36.7
30050775,3,shortness of breath,2,93,135,68,19,94,37.2
30050776,2,fever,10,67,109,84,22,89,36.5
30050777,3,chest pain,5,91,132,63,15,95,38.0
30050778,4,anxiety,2,78,145,96,19,100,36.9
30050779,4,fall,4,72,106,70,17,96,37.4
30050780,3,back pain,3,88,113,91,17,96,37.5
30050781,3,back pain,2,70,119,67,16,100,36.6
30050782,3,back pain,7,87,114,66,21,92,36.8
30050783,4,fever,0,101,157,89,19,90,37.3
30050784,2,fever,8,129,112,89,21,96,36.8
30050785,3,fever,6,99,124,96,15,99,34.5
30050786,3,chest pain,0,84,107,75,21,97,37.9
30050787,3,headache,7,85,81,84,18,100,36.8
30050788,2,chest pain,9,93,113,66,14,97,36.5
30050789,3,headache,0,120,121,61,17,93,37.4
30050790,2,knee pain,9,74,117,85,26,95,36.7
30050791,3,anxiety,0,58,135,84,24,98,37.0
30050792,3,fever,6,74,154,87,14,97,36.9
30050793,3,headache,0,91,136,69,17,100,36.5
30050794,3,fall,1,90,154,79,12,95,36.8
30050795,3,fever,0,73,142,64,19,96,38.0
30050796,3,anxiety,2,73,126,85,19,98,37.2
30050797,3,shortness of breath,2,90,117,87,17,98,36.7
30050798,4,laceration,6,76,91,83,23,98,35.5
30050799,4,laceration,6,76,135,91,16,95,37.2
30050800,4,knee pain,3,85,121,79,14,94,37.7
30050801,4,abdominal pain,5,78,94,84,24,98,36.4
30050802,3,fever,0,53,134,103,20,99,37.3
30050803,4,back pain,2,77,131,82,17,98,37.8
30050804,3,chest pain,4,71,138,98,12,98,37.0
30050805,4,fever,7,64,111,100,16,95,37.3
30050806,3,shortness of breath,0,84,105,83,19,100,37.0
30050807,3,abdominal pain,7,87,128,85,18,97,35.6
30050808,3,chest pain,2,71,138,75,17,100,37.3
30050809,4,fever,2,94,81,78,18,97,37.3
30050810,2,anxiety,10,100,107,75,17,92,36.0
30050811,2,shortness of breath,6,56,111,81,13,99,36.2
30050812,3,back pain,2,98,95,104,17,96,35.0
30050813,2,fever,7,78,120,82,11,99,36.8
30050814,1,fall,9,72,126,83,26,98,36.5
30050815,2,fever,8,98,143,61,15,100,37.6
30050816,2,anxiety,10,68,125,108,15,99,37.1
30050817,2,headache,8,89,141,62,19,99,38.2
30050818,3,knee pain,1,88,124,61,15,100,36.6
30050819,4,headache,5,73,158,69,21,96,38.0
30050820,4,laceration,5,62,126,71,19,100,35.6
30050821,4,fever,4,95,117,77,19,98,38.0
30050822,3,knee pain,4,96,122,77,23,100,37.7
30050823,4,back pain,5,100,136,89,15,97,36.7
30050824,2,abdominal pain,8,101,145,66,16,93,36.4
30050825,3,fever,5,77,92,108,16,94,38.5
30050826,3,knee pain,4,98,129,93,21,97,37.0
30050827,3,abdominal pain,4,67,144,73,12,93,35.8
30050828,2,back pain,8,76,136,112,23,100,37.5
30050829,3,abdominal pain,0,68,131,78,16,93,38.0
30050830,3,abdominal pain,6,65,143,95,21,94,35.9
30050831,3,headache,1,108,125,89,16,98,37.2
30050832,4,fever,4,91,132,89,23,97,36.4
30050833,3,chest pain,2,83,144,60,15,100,35.5
30050834,3,chest pain,0,107,98,69,20,100,37.0
30050835,4,laceration,7,57,140,76,20,98,35.9
30050836,1,laceration,9,79,129,82,9,100,38.0
30050837,5,shortness of breath,7,94,129,100,21,100,36.9
30050838,3,knee pain,7,121,110,51,16,94,36.2
30050839,5,abdominal pain,0,92,94,68,26,97,37.5
30050840,4,back pain,6,94,134,73,20,100,37.4
30050841,3,chest pain,6,81,128,97,18,97,36.9
30050842,4,anxiety,4,102,105,52,21,92,36.7
30050843,3,laceration,3,75,131,69,18,94,35.9
30050844,4,abdominal pain,6,71,100,49,18,99,38.1
30050845,3,laceration,2,98,110,42,18,95,37.3
30050846,3,knee pain,7,96,108,84,19,99,36.6
30050847,3,abdominal pain,3,88,113,93,18,97,37.9
30050848,3,knee pain,1,95,127,94,16,96,37.5
30050849,4,fever,4,73,121,82,18,99,37.1
30050850,3,chest pain,5,79,120,75,20,99,37.5
30050851,2,fever,6,69,100,79,14,96,35.9
30050852,2,back pain,6,101,146,60,13,97,38.4
30050853,3,fall,7,126,114,82,14,100,35.7
30050854,3,laceration,7,90,140,92,17,100,37.0
30050855,3,chest pain,2,65,96,95,10,97,37.8
30050856,3,anxiety,3,96,83,79,19,94,38.1
30050857,3,fall,3,82,145,72,17,97,37.8
30050858,4,chest pain,1,69,122,70,23,99,36.4
30050859,4,chest pain,7,94,145,68,16,96,36.7
30050860,3,fall,6,91,135,92,20,96,37.0
30050861,2,back pain,8,90,127,68,15,99,37.4
30050862,4,fever,4,90,117,85,12,98,37.4
30050863,3,abdominal pain,2,84,120,97,21,90,36.4
30050864,4,shortness of breath,1,84,145,59,16,100,36.3
30050865,2,laceration,10,78,125,88,17,100,36.3
30050866,1,back pain,10,75,146,82,17,90,37.1
30050867,2,abdominal pain,8,97,118,84,19,97,36.9
30050868,3,laceration,1,97,126,90,17,95,36.1
30050869,3,anxiety,1,97,80,74,14,98,36.4
30050870,4,back pain,3,74,126,96,20,100,37.6
30050871,3,laceration,6,72,138,82,12,94,35.8
30050872,3,shortness of breath,5,74,125,81,21,98,36.3
30050873,4,shortness of breath,7,75,126,80,15,97,36.1
30050874,3,back pain,7,84,89,80,12,96,36.6
30050875,3,chest pain,4,45,149,92,22,98,37.2
30050876,4,back pain,7,79,147,53,14,98,37.5
30050877,3,back pain,2,60,103,61,17,93,37.6
30050878,2,laceration,6,78,123,76,13,94,37.0
30050879,3,laceration,5,100,144,105,21,100,36.7
30050880,3,fall,1,82,123,53,15,90,37.3
30050881,2,fall,8,71,81,90,20,98,36.1
30050882,3,fever,7,91,103,80,18,94,35.4
30050883,3,anxiety,3,82,132,91,12,99,35.9
30050884,1,chest pain,6,62,99,106,15,98,36.6
30050885,1,fever,8,93,86,88,16,96,37.3
30050886,4,shortness of breath,7,93,142,97,26,95,36.8
30050887,2,headache,8,61,156,88,18,100,37.4
30050888,3,abdominal pain,0,74,141,78,16,100,37.4
30050889,3,anxiety,3,79,118,69,14,99,36.9
30050890,4,headache,0,65,129,66,20,96,36.8
30050891,3,laceration,2,101,135,67,13,98,36.3
30050892,2,abdominal pain,8,68,130,58,17,100,38.3
30050893,4,laceration,2,49,161,101,17,97,36.3
30050894,4,chest pain,0,116,141,57,15,97,36.6
30050895,5,abdominal pain,3,97,149,92,15,94,37.0
30050896,4,anxiety,2,102,103,87,22,92,36.1
30050897,3,abdominal pain,1,89,137,61,13,95,36.8
30050898,2,shortness of breath,6,83,133,61,17,98,36.4
30050899,3,laceration,5,97,140,86,16,97,38.4
30050900,2,fever,9,95,149,76,17,94,36.7
30050901,3,laceration,6,66,187,100,22,100,37.2
30050902,2,back pain,8,92,139,76,14,90,35.7
30050903,4,laceration,4,81,114,88,19,100,37.6
30050904,4,laceration,4,99,129,78,19,100,36.9
30050905,3,shortness of breath,6,83,139,93,20,100,38.2
30050906,3,shortness of breath,7,93,152,72,17,100,37.8
30050907,3,fall,6,87,112,91,19,97,37.1
30050908,2,anxiety,8,83,127,78,21,99,37.4
30050909,3,fall,4,65,111,58,14,96,35.2
30050910,3,abdominal pain,1,100,102,75,25,100,37.7
30050911,3,knee pain,0,104,139,66,20,95,35.9
30050912,3,chest pain,5,78,114,92,17,100,38.6
30050913,5,fever,3,98,135,97,12,95,37.8
30050914,3,abdominal pain,7,119,125,74,13,100,36.0
30050915,2,fall,10,110,101,79,22,94,37.7
30050916,3,anxiety,7,62,106,48,23,98,36.9
30050917,3,chest pain,4,88,115,81,11,96,36.7
30050918,3,abdominal pain,1,78,141,77,21,100,36.8
30050919,3,laceration,6,65,110,87,11,100,36.1
30050920,3,laceration,0,76,151,91,12,94,37.0
30050921,3,anxiety,5,53,95,91,22,93,37.3
30050922,1,fever,8,86,120,54,12,99,36.0
30050923,3,back pain,1,86,137,77,21,94,36.6
30050924,2,laceration,6,90,115,75,24,96,38.6
30050925,1,fall,8,76,141,83,10,95,37.5
30050926,3,fall,3,71,132,81,21,95,35.8
30050927,2,headache,8,40,127,73,19,95,36.1
30050928,3,anxiety,2,87,90,62,16,96,37.3
30050929,3,fever,1,76,131,97,14,96,36.4
30050930,1,shortness of breath,6,77,128,94,11,95,36.4
30050931,4,laceration,0,78,118,91,18,95,35.5
30050932,3,back pain,3,63,138,80,18,95,37.0
30050933,3,back pain,4,109,130,65,19,100,36.4
30050934,3,knee pain,7,86,112,64,16,96,36.7
30050935,4,chest pain,2,109,122,61,16,100,35.9
30050936,1,shortness of breath,6,96,138,62,12,93,37.4
30050937,4,laceration,6,87,140,92,22,95,36.0
30050938,3,abdominal pain,1,69,111,63,17,96,37.6
30050939,1,shortness of breath,10,84,161,109,18,99,36.8
30050940,3,fever,3,84,120,101,19,100,36.4
30050941,4,abdominal pain,0,91,95,75,24,97,37.1
30050942,3,fever,6,84,145,84,14,86,36.1
30050943,2,headache,6,96,112,82,24,92,37.6
30050944,2,shortness of breath,8,52,110,83,22,98,37.9
30050945,4,headache,0,94,130,75,18,90,36.4
30050946,3,anxiety,4,80,98,96,16,98,37.0
30050947,3,anxiety,7,79,136,78,16,100,39.0
30050948,3,headache,2,60,164,79,22,100,36.8
30050949,2,back pain,7,91,130,75,27,96,36.0
30050950,2,chest pain,9,105,99,79,17,91,37.4
30050951,3,anxiety,7,104,129,98,18,93,38.4
30050952,3,anxiety,2,87,146,68,18,97,35.1
30050953,3,fever,5,89,115,74,22,93,35.9
30050954,3,anxiety,0,81,128,76,19,99,37.1
30050955,4,chest pain,3,86,125,73,13,96,36.9
30050956,3,back pain,7,67,132,70,18,100,37.4
30050957,4,shortness of breath,2,92,108,67,16,93,36.7
30050958,2,chest pain,9,63,51,105,17,92,36.8
30050959,3,abdominal pain,1,92,148,80,22,95,36.2
30050960,2,laceration,6,108,117,81,22,94,35.6
30050961,2,shortness of breath,9,80,152,53,21,94,37.0
30050962,2,chest pain,9,84,158,82,13,99,37.4
30050963,2,fall,10,86,136,40,20,94,37.6
30050964,4,shortness of breath,7,87,111,77,18,94,34.9
30050965,5,chest pain,3,91,106,73,18,100,38.6
30050966,2,chest pain,6,86,103,79,18,94,38.1
30050967,3,chest pain,4,112,108,76,11,97,37.7
30050968,3,fall,3,83,125,76,19,100,35.4
30050969,1,shortness of breath,7,98,48,82,16,95,36.9
30050970,3,laceration,2,62,107,70,17,99,36.8
30050971,4,chest pain,5,103,99,78,24,90,36.3
30050972,3,headache,7,60,147,124,15,100,38.0
30050973,3,chest pain,5,90,110,97,12,96,37.7
30050974,2,abdominal pain,8,75,122,83,17,95,36.5
30050975,3,laceration,2,103,101,90,22,96,36.2
30050976,4,knee pain,4,84,117,67,16,100,36.5
30050977,3,back pain,5,85,100,97,8,96,36.7
30050978,2,headache,7,112,104,87,20,100,37.0
30050979,3,knee pain,6,78,148,63,18,94,36.4
30050980,3,fall,2,71,109,79,18,97,37.9
30050981,3,fever,6,88,129,72,25,98,36.0
30050982,5,fever,0,120,132,72,15,100,37.8
30050983,3,knee pain,6,103,97,102,24,95,37.8
30050984,3,abdominal pain,4,97,122,78,20,95,36.1
30050985,3,anxiety,7,95,94,88,21,95,37.9
30050986,4,back pain,1,89,138,97,17,94,36.4
30050987,3,knee pain,1,90,127,102,15,93,37.0
30050988,3,laceration,0,109,135,61,19,95,38.3
30050989,3,laceration,2,91,131,85,20,97,36.8
30050990,1,abdominal pain,6,116,141,61,19,99,36.4
30050991,3,knee pain,3,80,124,85,9,99,37.4
30050992,3,knee pain,5,73,125,111,22,92,36.6
30050993,1,fall,7,80,130,75,9,94,36.5
30050994,3,fever,6,102,96,103,15,95,37.4
30050995,3,headache,5,80,145,72,20,93,38.0
30050996,4,back pain,3,54,99,93,20,100,38.1
30050997,2,abdominal pain,7,68,126,95,14,100,38.3
30050998,3,laceration,1,71,159,88,16,96,36.1
30050999,1,abdominal pain,10,77,120,76,27,92,36.3
30051000,3,knee pain,6,53,122,83,19,94,36.6
30051001,4,back pain,3,89,119,72,18,98,37.8
30051002,4,chest pain,0,82,100,71,18,94,38.1
30051003,1,headache,9,70,112,47,14,97,37.1
30051004,3,anxiety,6,87,108,87,9,100,37.0
30051005,1,back pain,9,70,158,72,27,96,37.5
30051006,2,headache,7,78,150,81,18,99,36.1
30051007,3,shortness of breath,2,91,143,72,19,100,37.7
30051008,4,anxiety,5,79,112,87,17,91,38.8
30051009,3,headache,0,72,92,95,14,99,36.9
30051010,3,chest pain,4,104,132,58,21,95,35.3
30051011,3,anxiety,2,80,106,64,16,100,37.3
30051012,3,back pain,2,100,130,70,19,92,37.0
30051013,3,abdominal pain,0,68,121,92,17,97,37.5
30051014,5,fever,3,93,129,72,16,93,36.8
30051015,3,headache,2,64,139,86,16,94,36.9
30051016,4,laceration,0,79,105,103,20,100,38.8
30051017,3,shortness of breath,3,85,154,71,22,95,36.7
30051018,3,back pain,0,96,140,71,16,95,35.1
30051019,3,chest pain,1,107,142,72,17,95,37.0
30051020,3,chest pain,7,68,120,86,20,86,37.2
30051021,4,knee pain,6,119,146,53,10,95,37.7
30051022,2,laceration,6,60,131,62,12,99,36.3
30051023,3,back pain,4,118,137,66,15,94,37.4
30051024,4,back pain,3,107,138,77,21,100,36.0
30051025,3,headache,0,97,81,89,8,97,37.3
30051026,3,laceration,4,105,114,89,17,97,35.7
30051027,3,chest pain,5,86,122,94,17,98,37.6
30051028,3,anxiety,1,65,85,68,12,93,37.1
30051029,3,abdominal pain,7,93,146,84,15,97,38.7
30051030,4,abdominal pain,3,65,126,90,16,100,36.3
30051031,3,back pain,1,92,110,93,20,99,35.9
30051032,2,knee pain,8,59,136,83,15,97,37.5
30051033,4,back pain,1,106,119,87,18,94,36.0
30051034,3,abdominal pain,0,86,125,82,15,95,37.0
30051035,1,fall,9,106,148,75,28,96,36.2
30051036,4,abdominal pain,3,92,91,98,19,96,36.2
30051037,4,chest pain,4,62,126,63,23,97,37.8
30051038,3,fall,3,85,137,91,14,100,38.1
30051039,2,laceration,9,80,120,87,9,98,36.7
30051040,3,abdominal pain,6,96,129,85,11,100,38.0
30051041,3,laceration,7,97,126,76,24,96,37.0
30051042,2,anxiety,9,71,122,47,25,100,37.1
30051043,3,fever,1,98,130,85,21,100,36.7
30051044,3,headache,3,94,150,96,17,99,37.7
30051045,4,fall,0,85,113,89,17,97,37.1
30051046,2,fall,9,102,115,68,13,100,38.8
30051047,3,knee pain,4,84,160,73,13,100,36.4
30051048,4,chest pain,3,92,130,80,17,97,37.6
30051049,3,back pain,5,79,151,92,20,100,37.0
30051050,3,shortness of breath,4,86,133,68,23,99,37.2
30051051,2,shortness of breath,6,90,125,72,19,96,36.1
30051052,3,headache,3,94,130,84,18,97,37.6
30051053,2,chest pain,6,64,138,97,15,93,36.6
30051054,1,fall,10,99,146,77,15,93,36.3
30051055,2,back pain,8,103,122,97,16,95,37.2
30051056,3,shortness of breath,1,86,113,76,24,97,37.0
30051057,3,back pain,0,65,130,57,8,98,36.8
30051058,4,shortness of breath,0,86,146,70,17,95,36.2
30051059,3,headache,5,56,111,61,21,99,37.1
30051060,3,fall,7,100,103,113,27,96,36.2
30051061,3,anxiety,2,96,120,85,14,99,36.2
30051062,3,fall,4,90,119,87,23,100,37.4
30051063,3,back pain,5,104,100,78,16,100,37.9
30051064,3,headache,7,83,102,82,17,100,35.9
30051065,4,headache,1,75,147,102,17,93,36.7
30051066,3,fever,5,76,134,55,13,100,36.7
30051067,4,headache,4,103,110,80,16,96,35.1
30051068,3,headache,2,90,143,76,21,98,37.2
30051069,4,headache,2,72,113,90,20,96,38.5
30051070,3,laceration,5,85,142,84,18,91,36.9
30051071,1,shortness of breath,7,61,104,105,17,95,38.6
30051072,3,back pain,1,51,140,69,20,98,37.3
30051073,3,knee pain,0,72,112,63,19,96,36.4
30051074,4,fever,5,77,159,77,14,97,37.5
30051075,3,shortness of breath,0,87,111,99,17,94,36.2
30051076,2,knee pain,8,59,153,70,11,92,37.8
30051077,4,shortness of breath,7,95,98,66,15,100,36.3
30051078,3,headache,1,88,142,88,26,95,36.7
30051079,2,laceration,10,64,114,71,23,99,36.3
30051080,1,headache,6,89,125,96,18,100,36.6
30051081,5,laceration,5,82,109,61,17,95,36.5
30051082,3,anxiety,0,85,132,85,13,99,36.2
30051083,3,laceration,0,91,97,65,19,98,38.3
30051084,1,shortness of breath,7,105,129,99,23,100,36.4
30051085,3,headache,1,105,145,35,22,94,37.3
30051086,3,knee pain,1,85,139,79,13,96,37.2
30051087,4,back pain,1,81,120,74,22,99,37.9
30051088,3,knee pain,5,85,125,55,16,96,35.5
30051089,3,anxiety,4,97,144,86,14,96,36.3
30051090,2,fall,9,120,149,77,15,100,37.2
30051091,3,chest pain,4,112,154,55,16,98,37.0
30051092,3,anxiety,4,84,108,96,15,99,37.2
30051093,3,back pain,5,63,128,68,18,100,37.4
30051094,3,headache,6,84,144,81,20,93,37.1
30051095,3,abdominal pain,4,84,102,83,12,99,36.0
30051096,4,laceration,2,45,108,96,18,98,37.3
30051097,4,headache,2,96,122,68,19,100,37.3
30051098,4,knee pain,2,105,131,64,21,98,38.1
30051099,3,knee pain,7,78,98,102,19,100,37.3
30051100,3,abdominal pain,5,93,115,102,15,97,37.8
30051101,4,shortness of breath,7,65,123,62,14,94,38.1
30051102,1,laceration,8,97,147,71,18,96,35.2
30051103,3,back pain,4,78,148,103,26,98,38.1
30051104,1,fall,8,99,140,74,17,97,37.5
30051105,1,fall,7,76,131,71,12,100,37.2
30051106,4,shortness of breath,4,91,131,64,17,97,36.5
30051107,3,fever,6,73,131,74,19,94,38.2
30051108,3,knee pain,0,82,145,89,16,95,37.0
30051109,3,anxiety,0,67,110,68,20,93,38.5
30051110,5,fall,1,108,121,72,17,97,35.7
30051111,2,abdominal pain,8,91,104,69,20,98,38.6
30051112,3,anxiety,0,77,89,113,24,97,37.4
30051113,3,headache,7,71,134,84,16,100,36.6
30051114,3,anxiety,3,113,157,102,19,100,36.6
30051115,2,chest pain,10,75,142,104,18,98,36.6
30051116,2,headache,7,92,123,68,16,97,36.3
30051117,2,knee pain,6,69,141,72,20,93,37.4
30051118,4,fall,0,89,148,79,23,97,37.4
30051119,4,fall,5,83,111,66,19,98,37.7
30051120,3,abdominal pain,4,102,113,78,14,93,37.6
30051121,4,fever,4,83,135,90,22,96,37.2
30051122,4,anxiety,2,57,84,39,18,100,38.6
30051123,3,abdominal pain,7,83,133,82,20,98,36.5
30051124,4,laceration,7,98,123,60,15,99,36.8
30051125,5,laceration,5,65,116,86,14,100,36.9
30051126,3,shortness of breath,7,98,124,92,19,93,36.2
30051127,3,chest pain,6,89,107,87,16,93,37.8
30051128,3,anxiety,4,78,171,84,15,96,37.1
30051129,3,chest pain,4,58,101,105,15,91,37.8
30051130,3,fall,6,94,113,62,18,100,36.7
30051131,3,laceration,6,76,158,83,17,99,36.6
30051132,3,shortness of breath,2,87,98,102,14,96,37.2
30051133,4,laceration,3,71,108,66,27,97,36.4
30051134,4,fever,3,79,140,82,18,100,35.6
30051135,4,chest pain,2,95,128,68,15,95,37.3
30051136,3,laceration,3,63,138,67,24,96,36.9
30051137,3,anxiety,7,78,111,58,20,99,37.1
30051138,1,headache,6,95,118,87,17,94,37.0
30051139,3,headache,5,63,119,85,27,95,36.8
30051140,4,shortness of breath,6,62,103,64,17,95,37.6
30051141,5,shortness of breath,0,113,91,91,19,100,37.2
30051142,3,headache,5,107,131,96,16,100,36.5
30051143,2,chest pain,6,62,144,84,16,100,38.7
30051144,3,fall,1,103,152,90,15,94,37.9
30051145,3,knee pain,2,93,134,62,11,97,37.8
30051146,3,knee pain,1,103,100,57,21,100,37.1
30051147,4,fall,5,96,115,64,11,100,37.4
30051148,2,shortness of breath,8,75,87,81,19,99,37.9
30051149,3,headache,4,71,153,84,18,99,37.5
30051150,4,headache,6,126,130,68,20,92,38.4
30051151,5,knee pain,2,60,120,71,14,95,36.2
30051152,3,fall,6,88,114,84,14,98,37.1
30051153,3,shortness of breath,3,85,125,81,13,100,36.5
30051154,2,headache,9,115,130,57,21,94,38.3
30051155,3,chest pain,6,118,118,99,18,95,37.4
30051156,3,anxiety,5,73,58,103,27,93,37.8
30051157,3,fall,1,98,145,82,21,98,35.1
30051158,4,abdominal pain,3,67,144,90,17,94,37.0
30051159,2,fever,6,82,122,62,19,99,37.2
30051160,2,anxiety,8,50,137,82,23,94,37.0
30051161,3,knee pain,7,92,131,92,15,97,37.7
30051162,4,headache,5,78,133,94,24,94,36.9
30051163,2,fall,8,84,117,68,20,98,37.2
30051164,2,back pain,10,70,100,80,15,100,36.4
30051165,2,shortness of breath,9,67,135,75,19,100,36.1
30051166,3,shortness of breath,5,74,134,67,19,97,37.7
30051167,3,fall,6,97,97,69,13,95,38.1
30051168,3,fall,5,101,157,91,17,94,37.0
30051169,3,back pain,4,92,137,94,16,100,37.5
30051170,2,headache,6,72,143,87,20,94,35.6
30051171,3,chest pain,5,98,181,53,19,95,38.2
30051172,3,abdominal pain,6,87,109,80,21,100,36.8
30051173,3,fall,6,84,121,92,17,95,38.8
30051174,3,abdominal pain,1,83,121,80,16,95,38.1
30051175,4,fever,4,88,147,53,13,92,38.1
30051176,3,laceration,7,84,100,72,22,96,35.5
30051177,3,back pain,3,68,111,48,20,100,36.6
30051178,3,shortness of breath,5,81,135,80,19,97,36.8
30051179,4,abdominal pain,5,102,147,80,13,96,37.4
30051180,3,laceration,4,76,80,80,7,94,36.3
30051181,4,anxiety,4,116,132,85,19,93,36.0
30051182,4,back pain,0,76,112,91,14,95,36.8
30051183,2,headache,6,87,156,106,14,94,36.6
30051184,4,chest pain,5,78,143,85,23,96,37.0
30051185,2,shortness of breath,9,102,94,89,21,95,37.2
30051186,3,back pain,4,90,120,83,18,100,35.3
30051187,4,fall,7,59,161,90,20,100,36.2
30051188,4,back pain,5,81,92,63,19,99,38.3
30051189,3,shortness of breath,1,103,132,62,20,90,37.8
30051190,3,back pain,3,109,110,67,15,99,36.8
30051191,4,abdominal pain,3,99,123,94,18,97,37.4
30051192,2,knee pain,10,57,103,77,17,93,37.5
30051193,3,shortness of breath,1,64,121,83,28,100,36.7
30051194,2,fall,6,76,119,87,26,97,35.5
30051195,4,back pain,0,74,118,87,16,94,37.5
30051196,3,headache,6,83,113,74,19,98,36.8
30051197,3,laceration,3,80,165,88,18,100,36.7
30051198,3,fall,0,78,110,63,17,100,37.7
30051199,3,shortness of breath,3,89,112,80,22,95,36.8
30051200,3,fever,7,109,160,73,21,100,36.1
30051201,3,fever,0,80,153,93,19,95,36.9
30051202,1,fall,8,83,141,74,13,96,37.0
30051203,4,fever,7,98,138,82,15,95,36.7
30051204,4,shortness of breath,7,93,120,93,22,100,36.8
30051205,1,back pain,8,84,137,83,12,91,38.1
30051206,3,laceration,3,80,165,87,16,96,37.5
30051207,3,back pain,0,75,88,84,25,98,36.1
30051208,2,headache,10,69,126,105,22,100,37.4
30051209,4,fall,0,77,137,77,23,90,37.4
30051210,3,fever,4,90,135,90,21,100,37.1
30051211,3,chest pain,6,104,123,80,17,95,36.5
30051212,5,chest pain,2,74,101,94,23,92,37.6
30051213,4,laceration,1,95,124,81,13,97,37.2
30051214,3,back pain,4,105,125,66,14,93,37.0
30051215,3,chest pain,1,78,151,95,12,96,36.3
30051216,3,laceration,2,80,116,83,21,99,36.2
30051217,3,back pain,1,76,99,72,20,94,37.6
30051218,3,fall,2,94,133,58,21,97,37.8
30051219,4,shortness of breath,5,65,142,67,19,96,37.2
30051220,3,shortness of breath,7,102,126,82,23,100,37.0
30051221,3,shortness of breath,4,65,137,70,24,97,38.1
30051222,3,abdominal pain,2,62,108,91,16,100,36.9
30051223,2,fall,8,124,155,76,14,93,36.4
30051224,2,shortness of breath,6,97,180,86,17,95,35.5
30051225,2,abdominal pain,10,63,90,65,18,91,39.2
30051226,4,fall,1,102,113,60,11,96,36.9
30051227,1,laceration,8,82,146,81,16,98,37.2
30051228,3,back pain,7,104,132,80,19,93,36.8
30051229,4,headache,4,69,96,77,15,100,38.1
30051230,2,headache,8,74,128,92,25,93,36.7
30051231,3,fall,0,63,97,97,25,92,36.8
30051232,4,fall,6,85,92,60,14,100,34.8
30051233,3,abdominal pain,2,88,168,75,17,96,38.3
30051234,4,fever,4,118,138,103,15,93,36.3
30051235,1,anxiety,9,104,127,104,19,97,36.6
30051236,4,chest pain,7,106,158,89,22,92,37.5
30051237,3,headache,4,94,143,68,15,97,39.0
30051238,3,headache,1,71,164,51,25,90,36.6
30051239,3,shortness of breath,7,100,164,86,21,98,37.0
30051240,4,chest pain,1,114,122,67,14,92,37.5
30051241,4,back pain,5,81,77,80,19,96,36.2
30051242,2,fall,7,78,166,83,24,95,37.1
30051243,2,laceration,8,66,102,85,19,95,36.6
30051244,3,anxiety,0,74,138,84,17,99,35.8
30051245,2,laceration,8,91,167,86,17,95,37.3
30051246,3,knee pain,3,89,124,62,15,98,37.4
30051247,3,knee pain,1,51,152,88,26,95,38.4
30051248,3,fever,0,98,109,90,21,99,37.9
30051249,2,fall,8,96,147,75,22,95,37.0
30051250,5,abdominal pain,3,93,126,92,20,95,36.2
30051251,3,abdominal pain,0,82,119,62,16,93,36.9
30051252,1,fall,9,79,122,72,17,98,37.6
30051253,4,headache,5,87,133,83,23,97,37.0
30051254,3,headache,3,92,109,85,24,96,37.5
30051255,4,fever,7,82,113,69,15,91,37.2
30051256,4,anxiety,0,60,126,97,16,95,38.5
30051257,3,knee pain,0,88,113,81,21,98,36.9
30051258,4,laceration,3,76,116,83,15,91,37.2
30051259,3,chest pain,1,87,158,97,21,94,37.4
30051260,1,fever,6,92,111,74,26,98,37.7
30051261,3,shortness of breath,1,65,128,105,22,98,36.8
30051262,3,fall,6,72,154,81,22,96,37.1
30051263,3,anxiety,4,105,154,85,21,93,37.0
30051264,3,fever,7,94,139,82,18,100,35.7
30051265,3,shortness of breath,1,88,135,75,17,91,36.5
30051266,4,chest pain,2,99,104,82,19,96,37.5
30051267,4,chest pain,1,80,107,79,16,100,35.8
30051268,4,headache,5,93,118,90,14,92,37.1
30051269,2,knee pain,6,88,114,67,20,100,37.9
30051270,3,abdominal pain,1,73,174,79,18,94,36.7
30051271,4,abdominal pain,6,67,129,104,18,99,37.0
30051272,2,knee pain,8,112,124,66,11,99,37.1
30051273,4,fever,5,103,132,60,20,97,36.8
30051274,1,back pain,6,90,149,88,16,93,37.0
30051275,3,fever,0,96,127,77,6,96,36.0
30051276,3,laceration,0,68,111,80,19,99,36.5
30051277,1,laceration,10,62,166,63,25,89,37.1
30051278,3,headache,3,75,127,81,14,98,37.3
30051279,3,laceration,7,42,82,99,19,96,37.4
30051280,3,back pain,4,75,121,71,16,99,37.1
30051281,4,fall,2,83,116,75,14,98,37.8
30051282,1,knee pain,9,64,121,78,16,98,37.2
30051283,3,fall,6,91,126,81,20,100,37.9
30051284,3,shortness of breath,2,80,121,75,21,94,38.1
30051285,3,chest pain,0,100,157,79,26,95,37.8
30051286,2,fever,8,43,123,72,24,97,37.9
30051287,3,chest pain,6,101,100,61,23,97,37.0
30051288,4,fever,7,66,112,55,13,98,37.4
30051289,3,fall,5,87,134,62,18,100,36.7
30051290,3,fall,7,84,138,73,8,98,37.1
30051291,4,knee pain,3,83,133,77,23,97,36.8
30051292,4,anxiety,4,63,136,77,13,98,37.0
30051293,2,back pain,7,57,154,57,14,97,36.5
30051294,3,knee pain,0,120,114,66,16,97,35.3
30051295,4,headache,7,70,100,73,19,95,37.1
30051296,3,anxiety,5,78,129,87,29,94,36.6
30051297,3,chest pain,7,103,119,83,21,97,36.7
30051298,3,back pain,4,67,126,64,12,99,35.7
30051299,3,fever,4,59,122,92,23,91,35.1
30051300,3,knee pain,4,112,114,83,11,98,36.6
30051301,3,knee pain,0,80,143,57,20,100,38.1
30051302,3,fever,5,75,125,92,15,95,36.4
30051303,4,laceration,6,83,157,92,17,97,36.8
30051304,5,anxiety,6,64,156,86,26,97,37.3
30051305,3,fall,7,88,136,55,21,96,37.0
30051306,3,shortness of breath,5,104,140,97,16,100,36.9
30051307,1,knee pain,9,104,133,104,21,99,36.4
30051308,3,fall,6,111,124,78,21,99,36.7
30051309,3,back pain,5,99,125,84,19,96,36.5
30051310,2,laceration,9,96,133,78,17,97,36.3
30051311,3,fall,4,77,114,112,17,97,38.0
30051312,2,anxiety,10,62,96,66,20,100,37.7
30051313,4,anxiety,4,81,113,68,15,98,36.3
30051314,2,back pain,8,78,127,48,23,98,38.2
30051315,3,anxiety,4,83,126,90,20,92,37.3
30051316,4,headache,3,73,94,43,17,100,36.5
30051317,1,headache,6,60,107,74,21,95,37.9
30051318,2,chest pain,10,102,159,105,11,99,37.7
30051319,5,back pain,6,98,153,74,13,99,37.1
30051320,3,knee pain,4,91,142,89,16,96,36.8
30051321,3,fever,4,57,99,93,17,99,37.3
30051322,3,back pain,6,73,127,89,21,100,35.5
30051323,3,knee pain,3,78,133,72,21,100,37.0
30051324,3,fall,6,111,120,93,12,94,35.8
30051325,2,shortness of breath,10,85,146,70,14,95,38.7
30051326,3,anxiety,3,85,118,101,18,97,36.2
30051327,3,chest pain,7,88,148,71,8,99,37.1
30051328,1,fever,9,90,117,79,27,96,36.3
30051329,2,knee pain,9,96,139,87,15,94,36.5
30051330,2,knee pain,9,98,141,87,16,94,35.9
30051331,3,back pain,0,91,131,90,12,99,36.6
30051332,4,fever,7,110,129,102,19,95,37.9
30051333,3,headache,6,86,123,75,22,96,38.0
30051334,1,abdominal pain,8,67,151,87,21,100,37.0
30051335,2,knee pain,9,107,108,76,20,99,36.2
30051336,2,laceration,7,96,144,79,18,95,35.4
30051337,4,fever,5,65,148,76,18,92,36.2
30051338,2,headache,7,73,126,104,15,97,37.1
30051339,3,chest pain,6,87,137,92,16,96,37.2
30051340,3,laceration,5,106,135,69,19,94,37.9
30051341,2,headache,8,77,106,75,22,100,36.9
30051342,3,fever,4,62,138,87,13,100,36.5
30051343,3,fall,2,82,138,70,14,94,36.2
30051344,1,back pain,7,86,126,53,17,100,37.9
30051345,3,knee pain,2,107,139,72,17,95,37.1
30051346,3,shortness of breath,1,78,125,86,11,94,36.4
30051347,3,chest pain,1,105,153,76,23,100,37.1
30051348,5,fall,7,82,131,69,19,99,35.3
30051349,3,knee pain,4,89,112,71,17,94,37.1
30051350,3,anxiety,3,99,156,54,19,92,36.4
30051351,2,laceration,7,98,94,100,22,88,37.5
30051352,3,fever,1,101,118,98,18,99,35.9
30051353,3,knee pain,5,104,124,70,13,96,36.4
30051354,3,shortness of breath,0,85,125,91,21,97,38.1
30051355,1,laceration,10,99,104,62,20,95,36.2
30051356,2,shortness of breath,6,112,181,68,17,94,36.1
30051357,3,fall,4,82,132,80,14,95,39.1
30051358,4,abdominal pain,7,74,134,100,8,100,35.9
30051359,3,chest pain,2,86,142,61,19,94,35.4
30051360,3,fever,0,102,134,97,16,97,36.2
30051361,4,back pain,7,74,96,44,14,100,37.6
30051362,4,anxiety,3,99,139,65,20,97,37.6
30051363,3,headache,6,77,137,84,24,96,36.9
30051364,3,headache,1,85,142,86,18,98,35.7
30051365,5,chest pain,7,65,115,92,22,95,37.1
30051366,3,back pain,6,114,103,74,22,93,36.3
30051367,3,knee pain,4,78,124,63,17,99,37.4
30051368,2,back pain,7,73,94,87,20,98,36.1
30051369,2,shortness of breath,7,88,97,94,17,97,37.4
30051370,2,abdominal pain,10,66,123,54,24,93,37.1
30051371,3,laceration,4,81,136,93,19,98,37.4
30051372,2,abdominal pain,9,83,118,73,19,92,37.0
30051373,2,fever,8,66,107,80,21,93,36.5
30051374,2,headache,10,64,110,76,14,92,36.4
30051375,5,knee pain,2,80,119,74,11,95,37.2
30051376,3,chest pain,6,110,150,61,12,97,36.2
30051377,3,fever,1,101,153,108,28,97,37.8
30051378,2,laceration,6,95,136,69,24,98,37.1
30051379,2,anxiety,7,95,132,43,10,93,36.9
30051380,4,chest pain,6,99,153,56,19,95,36.5
30051381,2,knee pain,7,117,116,72,15,98,38.7
30051382,3,knee pain,0,75,155,58,20,98,37.4
30051383,4,chest pain,2,85,150,71,10,97,35.9
30051384,2,knee pain,9,93,144,68,22,94,37.1
30051385,3,fever,0,85,148,61,10,98,37.1
30051386,3,fever,1,105,129,68,15,97,37.7
30051387,3,shortness of breath,3,91,148,95,16,89,35.9
30051388,3,laceration,6,89,110,81,18,97,37.1
30051389,2,laceration,9,95,112,84,15,98,37.0
30051390,2,abdominal pain,6,95,95,77,21,100,37.0
30051391,4,laceration,0,100,124,71,20,95,36.8
30051392,2,abdominal pain,10,89,123,61,17,96,36.3
30051393,3,abdominal pain,4,72,128,84,15,100,37.9
30051394,3,back pain,7,105,112,96,18,94,37.1
30051395,3,shortness of breath,4,89,151,70,19,100,37.6
30051396,4,fever,1,102,145,76,25,100,37.9
30051397,3,knee pain,4,84,129,101,22,99,38.0
30051398,3,back pain,5,98,152,80,12,100,39.0
30051399,4,fall,3,82,160,77,22,99,37.2
30051400,5,fever,5,92,136,74,15,100,37.7
30051401,3,knee pain,1,85,105,84,14,100,37.7
30051402,3,abdominal pain,1,87,154,88,16,95,37.8
30051403,2,abdominal pain,6,104,140,84,19,96,37.2
30051404,3,anxiety,4,92,130,77,13,95,36.7
30051405,3,fever,4,75,163,100,23,100,38.1
30051406,3,abdominal pain,7,83,126,91,16,92,36.8
30051407,3,back pain,2,86,118,106,20,96,36.2
30051408,3,shortness of breath,4,74,179,75,20,100,38.1
30051409,3,fall,3,81,139,80,22,99,38.1
30051410,3,headache,3,80,112,59,14,100,37.4
30051411,4,abdominal pain,2,86,108,84,26,100,35.7
30051412,4,knee pain,2,108,128,49,16,93,37.6
30051413,3,laceration,1,89,145,95,22,100,37.9
30051414,4,knee pain,1,85,109,76,28,99,37.3
30051415,3,fall,3,92,102,57,25,100,36.8
30051416,4,fall,1,65,140,89,20,95,37.4
30051417,3,abdominal pain,4,85,138,102,23,97,38.4
30051418,3,laceration,6,96,148,93,15,95,38.1
30051419,3,chest pain,7,66,113,51,16,97,37.1
30051420,2,knee pain,9,98,93,83,26,97,38.6
30051421,2,chest pain,6,108,137,47,17,99,36.9
30051422,3,shortness of breath,6,110,95,69,23,94,37.2
30051423,4,shortness of breath,6,92,135,79,15,98,36.7
30051424,2,anxiety,9,100,142,83,21,100,36.5
30051425,4,back pain,2,99,149,101,16,98,35.8
30051426,2,abdominal pain,9,81,139,99,18,96,37.4
30051427,2,chest pain,7,82,160,62,14,100,37.5
30051428,3,abdominal pain,0,86,128,77,22,95,37.3
30051429,2,fever,6,79,133,57,20,96,35.9
30051430,3,knee pain,6,80,120,77,20,99,37.2
30051431,3,back pain,0,53,150,100,23,100,37.2
30051432,4,knee pain,6,95,140,90,19,98,38.9
30051433,3,anxiety,6,81,115,74,15,95,34.9
30051434,3,anxiety,7,78,122,75,23,93,35.8
30051435,3,back pain,6,102,107,90,25,97,36.3
30051436,3,laceration,6,86,123,86,22,94,36.2
30051437,2,laceration,10,90,161,84,12,100,37.7
30051438,3,chest pain,2,77,130,89,16,99,37.7
30051439,4,shortness of breath,5,73,163,89,19,100,37.1
30051440,4,laceration,0,59,143,81,24,99,38.1
30051441,2,back pain,9,112,99,84,19,95,38.5
30051442,3,fever,3,101,102,74,13,96,37.0
30051443,3,knee pain,3,85,137,92,14,95,36.9
30051444,4,abdominal pain,5,90,72,97,19,95,35.1
30051445,3,chest pain,1,106,124,67,24,97,37.2
30051446,3,abdominal pain,1,92,120,62,17,92,37.0
30051447,1,chest pain,7,106,130,106,17,100,36.4
30051448,2,fever,7,82,138,81,19,98,37.6
30051449,3,anxiety,0,80,100,93,19,98,37.3
30051450,4,laceration,1,100,130,83,19,100,36.4
30051451,5,laceration,2,80,110,79,25,98,38.0
30051452,3,laceration,4,92,131,71,20,100,37.1
30051453,2,chest pain,8,79,112,85,23,94,37.1
30051454,3,fever,2,90,128,79,15,96,36.4
30051455,3,fever,2,103,138,95,21,92,36.6
30051456,2,shortness of breath,10,85,126,74,16,100,37.2
30051457,3,fever,6,86,139,87,21,99,37.6
30051458,2,chest pain,10,76,140,46,22,95,37.3
30051459,3,abdominal pain,4,81,94,76,22,96,35.9
30051460,4,chest pain,5,56,138,96,18,100,36.2
30051461,2,back pain,6,78,133,71,11,98,37.2
30051462,3,shortness of breath,5,88,111,103,15,94,38.3
30051463,3,abdominal pain,4,68,121,66,18,98,36.8
30051464,3,fall,0,87,154,93,11,98,37.2
30051465,3,fall,1,91,109,96,15,93,36.1
30051466,4,abdominal pain,5,106,128,63,22,99,37.5
30051467,3,knee pain,5,94,132,102,22,100,36.5
30051468,3,fever,1,108,112,89,15,94,37.6
30051469,3,anxiety,2,90,118,82,14,95,38.1
30051470,3,abdominal pain,0,85,92,84,26,96,37.7
30051471,2,anxiety,9,90,94,103,20,96,37.2
30051472,1,knee pain,9,76,178,83,15,96,37.6
30051473,2,shortness of breath,7,108,118,97,19,96,37.2
30051474,4,back pain,3,70,95,81,15,99,36.2
30051475,2,shortness of breath,9,95,123,101,17,100,38.9
30051476,3,headache,6,110,126,81,12,89,36.8
30051477,1,abdominal pain,9,120,121,84,23,96,36.8
30051478,3,fever,3,48,114,49,15,98,36.8
30051479,3,headache,6,100,169,103,20,100,36.1
30051480,4,knee pain,6,76,161,70,16,90,37.7
30051481,2,knee pain,7,92,121,76,16,93,36.3
30051482,3,fall,3,73,102,81,14,100,37.3
30051483,3,headache,1,101,125,75,13,96,37.0
30051484,2,laceration,8,84,136,66,24,96,35.7
30051485,3,headache,6,78,128,105,26,99,36.3
30051486,3,headache,3,103,101,97,19,92,37.6
30051487,4,anxiety,1,103,103,93,20,100,37.6
30051488,1,fall,9,107,111,63,26,100,38.5
30051489,3,knee pain,7,99,123,66,20,95,37.3
30051490,3,laceration,4,118,131,61,18,97,37.8
30051491,3,laceration,6,96,136,62,15,94,37.7
30051492,2,shortness of breath,9,71,119,115,17,96,37.5
30051493,3,anxiety,5,88,85,110,20,93,37.1
30051494,4,laceration,5,95,124,79,20,93,36.9
30051495,5,shortness of breath,6,89,146,89,15,98,36.3
30051496,2,headache,8,80,149,96,17,98,35.7
30051497,3,fall,1,92,127,77,17,95,35.8
30051498,3,headache,0,81,131,102,16,92,37.0
30051499,3,abdominal pain,1,98,139,80,15,100,36.5
30051500,3,fever,2,91,150,69,20,95,35.9
30051501,3,abdominal pain,6,85,97,69,14,94,38.6
30051502,3,shortness of breath,6,83,126,74,18,95,36.4
30051503,3,anxiety,2,89,97,101,19,96,37.8
30051504,3,chest pain,0,84,129,71,16,99,36.4
30051505,3,anxiety,7,72,126,71,18,100,37.5
30051506,5,knee pain,0,97,104,95,20,92,36.9
30051507,3,knee pain,5,82,159,108,15,100,37.0
30051508,3,fall,7,85,136,82,23,100,36.7
30051509,4,headache,0,98,145,56,16,97,36.2
30051510,3,headache,5,83,116,89,22,96,35.6
30051511,3,shortness of breath,6,98,155,80,17,93,36.7
30051512,2,anxiety,6,90,116,88,19,98,36.4
30051513,3,back pain,7,37,158,74,16,97,37.0
30051514,3,fall,5,65,127,75,19,98,37.8
30051515,2,shortness of breath,7,90,130,60,10,96,36.7
30051516,3,anxiety,4,104,124,84,25,95,36.8
30051517,3,back pain,2,97,137,105,17,99,36.9
30051518,4,fall,2,93,116,82,17,93,35.8
30051519,3,headache,3,57,113,87,17,99,36.7
30051520,4,fall,5,63,158,74,23,96,37.7
30051521,3,laceration,1,95,91,71,19,95,37.3
30051522,1,anxiety,9,75,102,99,17,98,36.1
30051523,2,headache,9,68,127,60,23,97,35.1
30051524,3,back pain,1,111,141,81,22,100,37.5
30051525,3,anxiety,4,88,139,100,16,96,37.6
30051526,3,chest pain,6,98,126,72,17,97,38.0
30051527,2,fall,9,61,93,65,18,96,37.6
30051528,4,shortness of breath,5,89,144,108,15,98,36.7
30051529,4,laceration,0,105,114,95,15,95,35.8
30051530,2,shortness of breath,9,74,111,79,10,99,35.7
30051531,2,headache,8,103,123,72,14,98,38.7
30051532,4,fall,0,70,133,102,16,97,36.6
30051533,1,knee pain,6,63,143,104,20,100,36.5
30051534,2,abdominal pain,6,86,101,80,20,96,37.1
30051535,4,laceration,2,85,106,75,15,98,37.1
30051536,3,back pain,7,72,146,70,18,100,37.9
30051537,4,fall,3,64,120,76,20,100,37.5
30051538,3,laceration,5,102,116,63,24,92,36.9
30051539,5,fall,0,63,132,83,17,96,37.3
30051540,3,abdominal pain,4,69,131,61,19,93,38.0
30051541,2,abdominal pain,7,62,138,72,19,100,38.6
30051542,4,shortness of breath,5,69,174,63,16,99,37.4
30051543,3,laceration,0,97,124,98,26,96,37.4
30051544,2,fever,6,79,129,67,18,98,37.1
30051545,3,shortness of breath,1,101,113,109,13,96,37.4
30051546,3,back pain,2,99,98,97,22,93,36.1
30051547,3,abdominal pain,4,89,130,85,17,97,35.9
30051548,5,headache,1,100,113,82,21,100,36.9
30051549,3,chest pain,1,49,113,78,21,99,37.5
30051550,4,shortness of breath,4,104,108,80,16,92,37.6
30051551,4,chest pain,1,85,129,72,21,98,35.8
30051552,5,anxiety,6,100,139,79,16,98,37.2
30051553,4,knee pain,3,110,140,57,17,100,36.8
30051554,4,fever,7,97,78,92,19,98,37.9
30051555,3,abdominal pain,2,103,108,85,18,97,36.4
30051556,2,headache,6,83,146,90,19,100,37.2
30051557,3,laceration,7,71,112,75,25,94,36.2
30051558,2,knee pain,9,55,132,99,20,100,36.9
30051559,3,shortness of breath,3,86,136,112,22,99,36.5
30051560,3,back pain,0,80,121,53,14,97,36.9
30051561,2,chest pain,7,90,107,84,19,97,37.5
30051562,1,laceration,7,71,121,92,22,100,37.9
30051563,4,laceration,3,110,116,109,13,93,37.2
30051564,2,fever,10,92,130,58,13,94,36.2
30051565,3,headache,4,61,160,114,20,97,37.0
30051566,3,laceration,6,64,109,96,18,95,39.5
30051567,4,shortness of breath,3,108,136,74,17,92,37.2
30051568,3,shortness of breath,4,100,114,85,16,97,38.2
30051569,2,abdominal pain,10,80,131,69,20,93,38.2
30051570,4,abdominal pain,3,59,113,62,16,96,39.0
30051571,3,headache,1,99,143,84,18,100,37.5
30051572,3,knee pain,7,72,83,59,22,100,37.4
30051573,2,fall,10,89,163,65,20,96,37.4
30051574,3,chest pain,3,65,91,94,15,96,35.5
30051575,1,abdominal pain,6,68,133,72,18,94,37.5
30051576,3,chest pain,5,91,111,90,21,93,37.8
30051577,3,laceration,4,91,100,94,16,95,36.5
30051578,3,shortness of breath,7,79,146,60,16,98,36.6
30051579,3,knee pain,6,92,118,65,25,95,36.9
30051580,2,abdominal pain,6,94,115,90,22,100,36.6
30051581,3,fever,4,68,120,76,22,94,36.8
30051582,1,back pain,8,88,135,90,14,98,35.7
30051583,3,fever,2,81,149,88,20,92,37.4
30051584,3,knee pain,4,85,144,83,22,96,37.0
30051585,3,chest pain,4,78,104,81,19,94,35.2
30051586,4,anxiety,1,96,116,58,19,96,36.2
30051587,3,fever,5,66,108,78,24,97,37.2
30051588,2,fever,9,68,155,59,14,98,36.9
30051589,3,anxiety,4,115,106,74,12,100,37.7
30051590,4,anxiety,2,86,120,66,13,97,36.8
30051591,3,shortness of breath,4,74,111,106,24,95,37.5
30051592,3,back pain,1,69,120,90,15,93,36.0
30051593,2,shortness of breath,9,93,147,91,14,100,38.2
30051594,3,chest pain,0,37,143,107,15,98,37.8
30051595,3,anxiety,7,84,140,105,23,96,37.1
30051596,5,back pain,2,79,139,70,20,90,37.0
30051597,5,fall,5,60,122,82,19,97,37.6
30051598,4,back pain,3,85,143,59,16,94,38.3
30051599,5,knee pain,0,99,108,103,16,98,36.9
30051600,4,anxiety,0,74,135,78,15,97,36.4
30051601,3,laceration,7,81,101,72,20,100,37.1
30051602,2,laceration,9,86,135,55,21,95,36.5
30051603,2,shortness of breath,6,89,123,78,17,99,37.0
30051604,2,anxiety,9,107,126,61,21,97,36.1
30051605,4,fall,2,88,127,94,24,97,37.5
30051606,3,abdominal pain,2,104,126,68,20,92,37.4
30051607,2,headache,7,104,112,67,18,99,37.2
30051608,5,chest pain,1,100,129,83,24,96,37.8
30051609,5,abdominal pain,2,106,113,61,8,100,36.7
30051610,3,knee pain,7,66,148,74,18,100,36.9
30051611,3,abdominal pain,7,75,121,66,18,99,36.5
30051612,3,fall,5,67,118,85,17,99,37.2
30051613,3,fall,7,100,155,88,15,96,37.0
30051614,3,anxiety,6,67,125,111,16,100,38.0
30051615,4,headache,4,76,139,60,12,96,38.3
30051616,2,shortness of breath,7,91,140,112,15,95,38.3
30051617,4,knee pain,0,88,111,86,19,98,36.9
30051618,1,knee pain,8,86,122,97,20,98,37.5
30051619,3,fall,1,105,117,77,19,98,36.4
30051620,4,fall,1,88,123,75,22,100,37.8
30051621,3,fever,5,81,147,77,18,99,36.7
30051622,3,laceration,1,114,100,99,18,94,37.0
30051623,2,fever,10,67,149,79,14,96,36.6
30051624,2,fever,7,93,134,84,7,100,38.1
30051625,3,anxiety,7,73,104,92,24,95,34.9
30051626,3,fever,0,58,108,110,17,94,38.3
30051627,5,abdominal pain,1,78,109,103,18,98,36.8
30051628,1,chest pain,7,101,116,91,28,98,36.8
30051629,4,fall,1,80,141,83,25,100,37.2
30051630,4,shortness of breath,5,87,131,86,14,99,36.8
30051631,4,fall,0,81,118,72,18,95,37.4
30051632,3,fever,5,68,129,83,15,97,35.9
30051633,1,fall,10,71,129,85,19,100,36.9
30051634,3,back pain,1,83,144,93,20,97,36.1
30051635,1,chest pain,8,61,152,63,14,99,36.7
30051636,4,knee pain,3,90,85,72,21,93,36.7
30051637,3,anxiety,4,88,125,86,30,98,36.6
30051638,5,fall,6,81,98,68,18,99,36.6
30051639,3,headache,0,54,159,109,19,100,38.4
30051640,3,knee pain,0,54,128,107,23,96,36.4
30051641,1,abdominal pain,10,94,129,102,21,100,35.5
30051642,2,back pain,7,103,143,95,19,91,36.8
30051643,3,abdominal pain,1,104,113,51,22,93,36.3
30051644,3,laceration,3,93,125,75,11,98,37.2
30051645,3,shortness of breath,1,66,123,103,12,95,37.6
30051646,2,fall,10,93,123,80,15,92,36.9
30051647,3,abdominal pain,7,60,144,103,19,98,38.3
30051648,4,laceration,6,84,166,93,21,95,38.2
30051649,4,headache,6,90,135,78,25,95,35.1
30051650,3,fall,4,65,101,60,24,100,36.0
30051651,2,abdominal pain,9,98,145,101,16,96,36.7
30051652,2,chest pain,10,56,113,101,27,100,38.4
30051653,4,chest pain,4,71,145,93,22,96,38.1
30051654,3,fever,0,85,111,95,19,98,36.1
30051655,3,fall,7,97,84,94,20,100,37.0
30051656,3,headache,0,97,111,102,20,95,36.3
30051657,2,chest pain,8,88,110,100,15,94,36.4
30051658,3,knee pain,4,66,87,74,19,100,36.3
30051659,4,anxiety,4,59,121,87,16,100,36.7
30051660,4,anxiety,5,80,102,57,26,97,36.8
30051661,4,fall,0,106,102,84,11,99,37.4
30051662,3,back pain,4,87,139,91,14,100,37.7
30051663,4,laceration,5,93,130,75,19,95,37.0
30051664,4,laceration,7,86,127,93,16,99,37.1
30051665,4,fall,2,92,146,83,16,99,37.4
30051666,3,knee pain,1,96,139,85,17,98,37.0
30051667,3,laceration,7,93,140,91,20,99,36.6
30051668,3,fever,7,84,123,57,19,99,36.0
30051669,3,headache,6,90,168,57,13,95,36.3
30051670,4,laceration,5,92,150,97,23,97,38.3
30051671,3,fall,6,96,107,69,31,93,37.2
30051672,2,anxiety,6,105,148,78,19,99,38.0
30051673,2,fever,9,88,108,99,16,100,38.2
30051674,3,headache,6,92,116,74,15,100,38.7
30051675,2,shortness of breath,9,90,125,71,10,100,36.9
30051676,3,fall,1,98,115,92,26,97,36.6
30051677,3,abdominal pain,2,76,154,84,16,94,36.6
30051678,4,chest pain,7,85,84,73,20,100,36.8
30051679,4,laceration,3,113,142,60,23,97,36.6
30051680,4,fever,0,116,140,64,19,93,37.7
30051681,3,fever,2,67,155,85,21,99,38.6
30051682,5,laceration,5,76,75,83,9,99,36.6
30051683,2,chest pain,8,106,135,93,18,100,36.7
30051684,3,anxiety,6,92,131,75,9,100,36.9
30051685,4,laceration,7,80,117,101,16,100,37.3
30051686,3,chest pain,7,55,134,67,16,96,37.6
30051687,2,fever,10,88,109,93,15,98,38.3
30051688,1,fever,6,76,98,81,20,96,37.4
30051689,3,knee pain,7,92,120,83,20,100,36.8
30051690,3,headache,2,45,77,57,16,91,37.7
30051691,3,fall,1,83,133,78,16,98,37.6
30051692,2,headache,8,86,132,118,18,99,36.9
30051693,3,back pain,2,73,134,80,19,96,36.0
30051694,3,laceration,3,59,101,93,17,99,37.6
30051695,3,fever,4,86,79,91,16,97,37.2
30051696,4,knee pain,4,101,123,77,21,98,37.1
30051697,3,chest pain,0,66,136,74,26,90,36.8
30051698,4,abdominal pain,3,101,128,84,8,99,38.7
30051699,2,back pain,9,84,133,77,19,99,36.7
30051700,1,knee pain,6,66,151,90,18,94,35.7
30051701,3,laceration,0,74,151,62,22,94,36.3
30051702,3,fever,3,79,127,86,17,100,36.4
30051703,3,knee pain,4,87,137,62,17,94,37.6
30051704,2,laceration,8,65,123,73,19,98,35.8
30051705,3,shortness of breath,7,113,105,39,23,100,36.6
30051706,4,anxiety,7,125,133,103,25,93,36.8
30051707,5,back pain,0,80,119,67,15,97,38.4
30051708,1,abdominal pain,6,99,122,96,21,94,36.8
30051709,2,abdominal pain,8,103,107,48,18,97,36.8
30051710,3,abdominal pain,1,95,128,79,19,97,37.7
30051711,3,headache,0,77,118,65,20,99,36.3
30051712,2,anxiety,9,69,93,54,12,100,37.0
30051713,3,knee pain,4,105,113,103,20,92,39.0
30051714,2,shortness of breath,9,89,128,74,12,100,36.7
30051715,3,shortness of breath,0,74,96,80,18,91,35.8
30051716,1,headache,9,77,145,81,15,96,34.6
30051717,3,fall,3,64,115,71,17,95,36.5
30051718,3,headache,2,54,113,112,26,96,38.9
30051719,1,anxiety,9,89,137,92,22,97,37.9
30051720,3,fall,6,104,143,66,21,99,37.0
30051721,1,shortness of breath,8,92,149,53,21,89,36.3
30051722,3,fever,0,87,72,77,16,96,37.3
30051723,3,fall,3,98,138,77,16,96,36.8
30051724,3,headache,6,103,121,80,18,98,38.1
30051725,3,knee pain,3,82,146,85,13,99,37.4
30051726,3,anxiety,7,84,98,83,12,97,36.8
30051727,2,anxiety,8,69,134,79,16,97,36.9
30051728,2,knee pain,9,78,156,103,19,99,37.0
30051729,1,headache,9,67,129,61,24,94,37.7
30051730,3,fever,6,81,114,94,21,100,36.4
30051731,2,abdominal pain,10,110,96,81,17,96,37.3
30051732,3,back pain,7,99,126,103,11,97,35.5
30051733,3,headache,3,74,137,97,23,95,37.7
30051734,3,abdominal pain,4,69,137,108,12,97,37.0
30051735,5,chest pain,1,74,176,77,24,100,37.3
30051736,3,headache,1,65,108,85,23,92,35.6
30051737,4,abdominal pain,5,66,144,83,18,97,37.0
30051738,4,back pain,2,70,132,87,20,95,36.4
30051739,4,knee pain,5,92,164,87,17,100,37.4
30051740,3,fever,1,93,143,85,18,100,37.9
30051741,3,back pain,7,78,105,89,22,96,37.6
30051742,3,shortness of breath,4,74,141,122,20,98,35.7
30051743,3,chest pain,4,87,111,72,10,98,37.5
30051744,3,fever,1,70,130,97,21,94,37.3
30051745,1,back pain,7,89,133,72,15,100,36.9
30051746,3,fever,0,87,129,106,16,98,36.1
30051747,3,shortness of breath,2,79,122,101,21,94,35.7
30051748,4,anxiety,4,84,118,59,18,100,36.4
30051749,4,fever,5,67,128,87,14,98,35.7
30051750,3,anxiety,7,74,123,100,17,95,35.4
30051751,3,fever,6,66,123,83,13,98,37.6
30051752,3,back pain,0,68,135,85,12,92,36.8
30051753,3,back pain,3,98,125,86,23,98,35.5
30051754,2,chest pain,7,77,131,60,17,96,37.7
30051755,3,anxiety,7,56,78,80,25,96,38.3
30051756,2,anxiety,6,94,134,87,17,100,37.7
30051757,3,shortness of breath,1,98,117,76,25,93,37.0
30051758,2,headache,10,80,182,80,19,95,36.7
30051759,3,shortness of breath,7,88,114,65,18,97,36.3
30051760,5,laceration,2,89,97,82,21,93,35.3
30051761,3,knee pain,7,102,131,61,11,100,36.6
30051762,3,fever,0,60,89,81,20,98,37.7
30051763,3,fever,3,80,137,79,17,100,38.0
30051764,3,shortness of breath,4,63,104,110,18,94,35.8
30051765,3,fall,4,47,135,80,26,100,38.3
30051766,3,laceration,0,60,142,94,17,96,36.9
30051767,5,knee pain,5,82,106,74,21,98,36.0
30051768,3,chest pain,7,98,137,59,16,97,37.8
30051769,2,back pain,8,105,127,70,22,99,36.4
30051770,3,shortness of breath,4,87,124,91,16,97,35.4
30051771,3,shortness of breath,5,92,150,94,18,99,36.0
30051772,4,fever,2,86,114,92,19,98,35.7
30051773,3,laceration,1,68,132,75,20,98,37.6
30051774,4,shortness of breath,1,82,134,109,13,97,37.3
30051775,2,knee pain,8,54,107,83,17,97,36.9
30051776,2,headache,9,95,86,95,12,100,37.8
30051777,2,back pain,10,90,162,67,17,96,36.5
30051778,4,shortness of breath,5,103,101,98,14,98,38.5
30051779,5,chest pain,2,72,97,77,20,96,37.9
30051780,3,fever,1,112,138,58,20,92,36.4
30051781,2,fever,9,97,114,103,22,96,36.5
30051782,2,knee pain,10,108,114,59,21,97,37.5
30051783,3,knee pain,0,65,121,75,19,99,37.3
30051784,2,headache,8,75,126,83,24,98,37.2
30051785,3,back pain,2,92,134,88,17,97,36.7
30051786,4,abdominal pain,5,92,125,63,13,95,37.3
30051787,3,chest pain,7,90,135,71,9,100,37.6
30051788,2,anxiety,9,74,135,96,17,99,37.0
30051789,3,anxiety,1,99,104,66,17,96,36.5
30051790,4,fall,6,98,150,74,17,97,36.6
30051791,3,abdominal pain,4,76,123,101,14,100,36.7
30051792,3,fall,5,89,97,71,16,99,37.2
30051793,1,shortness of breath,7,79,111,68,24,98,37.9
30051794,2,back pain,8,90,127,68,12,100,36.3
30051795,3,chest pain,5,105,111,95,15,96,37.0
30051796,3,back pain,7,87,144,83,18,97,38.1
30051797,2,chest pain,7,81,161,88,17,95,38.0
30051798,3,back pain,1,96,151,78,21,97,36.5
30051799,2,headache,6,95,134,59,23,94,35.4
30051800,2,abdominal pain,8,95,119,75,19,100,37.6
30051801,3,knee pain,2,104,131,72,19,100,37.0
30051802,3,laceration,6,73,124,62,16,96,37.5
30051803,4,knee pain,7,86,95,70,18,96,38.3
30051804,3,back pain,5,67,116,89,16,94,36.7
30051805,4,laceration,7,78,56,58,14,100,37.9
30051806,2,abdominal pain,10,87,118,82,14,97,37.6
30051807,2,shortness of breath,9,81,108,64,16,99,37.6
30051808,3,knee pain,0,82,147,92,12,100,35.8
30051809,2,anxiety,7,61,100,88,11,100,38.2
30051810,1,laceration,8,66,134,69,20,93,38.0
30051811,5,fall,3,102,119,82,27,98,36.5
30051812,3,abdominal pain,6,96,136,83,17,95,37.6
30051813,4,shortness of breath,5,85,116,88,26,96,37.7
30051814,2,headache,10,86,87,91,19,96,36.8
30051815,3,fever,0,87,137,85,17,94,37.3
30051816,3,anxiety,2,69,121,76,16,98,37.8
30051817,2,laceration,9,78,131,101,16,100,37.8
30051818,2,abdominal pain,10,71,148,97,24,97,37.5
30051819,3,shortness of breath,7,81,119,75,20,99,37.2
30051820,2,abdominal pain,10,112,90,107,18,97,36.5
30051821,4,chest pain,7,81,108,53,14,100,36.7
30051822,3,shortness of breath,5,58,129,99,19,99,37.3
30051823,2,abdominal pain,9,77,153,45,19,100,36.6
30051824,3,headache,2,102,132,28,15,94,37.7
30051825,3,back pain,1,75,146,85,16,98,36.8
30051826,3,laceration,0,100,129,77,24,100,36.5
30051827,4,laceration,6,88,157,95,17,100,38.3
30051828,4,chest pain,6,77,124,93,12,95,38.2
30051829,3,fever,7,75,89,86,18,88,37.2
30051830,3,abdominal pain,7,74,118,72,18,96,36.0
30051831,3,headache,0,93,114,88,15,98,36.4
30051832,3,knee pain,7,105,118,72,21,98,36.7
30051833,2,fever,6,90,108,96,25,97,36.2
30051834,3,headache,7,97,122,67,22,100,36.5
30051835,4,knee pain,7,88,130,62,28,99,36.3
30051836,1,abdominal pain,9,89,115,100,8,99,38.0
30051837,3,fall,1,78,102,65,22,95,37.6
30051838,5,knee pain,1,92,107,61,21,100,35.9
30051839,3,fall,6,94,110,73,20,100,36.3
30051840,4,fall,2,94,123,88,22,96,36.4
30051841,3,anxiety,1,86,113,77,20,95,37.3
30051842,1,headache,7,99,106,74,14,99,38.0
30051843,4,shortness of breath,5,64,145,102,23,98,36.5
30051844,3,laceration,5,82,124,37,15,97,37.7
30051845,4,fall,6,98,169,97,6,100,36.8
30051846,3,headache,5,57,129,76,17,89,36.7
30051847,3,chest pain,4,109,156,64,17,100,36.5
30051848,4,chest pain,6,93,151,84,16,97,38.3
30051849,2,fall,10,99,155,88,28,98,37.9
30051850,5,headache,2,88,135,81,10,99,35.6
30051851,3,laceration,5,91,136,68,21,94,38.0
30051852,3,headache,7,100,113,109,22,93,37.9
30051853,4,headache,0,72,147,77,14,94,36.6
30051854,4,fall,2,110,132,100,24,100,37.3
30051855,4,shortness of breath,3,91,153,83,22,92,36.9
30051856,3,shortness of breath,0,89,84,93,22,93,36.1
30051857,1,anxiety,8,58,106,78,24,98,37.8
30051858,3,headache,5,115,106,85,19,100,36.3
30051859,4,laceration,1,87,127,83,21,100,37.2
30051860,2,laceration,9,99,109,80,21,100,36.5
30051861,3,knee pain,6,107,111,77,13,98,37.1
30051862,2,laceration,9,107,130,82,18,92,35.6
30051863,4,headache,6,65,87,61,16,95,36.9
30051864,3,headache,3,81,142,87,21,98,38.2
30051865,2,back pain,8,101,109,96,16,97,37.1
30051866,2,chest pain,6,97,152,47,26,98,35.9
30051867,3,shortness of breath,2,73,113,85,19,100,38.3
30051868,3,fever,1,73,125,69,13,97,36.6
30051869,2,abdominal pain,8,81,150,83,14,95,36.5
30051870,3,shortness of breath,3,56,114,90,17,98,36.9
30051871,3,laceration,1,100,124,80,18,97,35.6
30051872,1,fall,10,82,118,86,15,97,36.3
30051873,2,laceration,8,84,168,86,16,95,38.0
30051874,2,chest pain,8,91,156,103,17,99,36.8
30051875,3,laceration,2,73,121,90,15,93,39.2
30051876,3,headache,3,92,122,116,11,100,36.8
30051877,3,shortness of breath,3,76,125,75,17,94,36.4
30051878,1,laceration,9,98,123,93,22,95,37.1
30051879,4,back pain,0,72,137,72,16,99,35.6
30051880,2,chest pain,10,95,87,85,15,96,37.7
30051881,4,back pain,6,78,123,75,20,100,37.3
30051882,2,knee pain,6,80,89,86,21,95,37.0
30051883,3,laceration,5,57,85,70,12,100,37.2
30051884,3,knee pain,7,111,153,68,25,97,36.4
30051885,3,anxiety,0,99,133,96,21,98,37.2
30051886,3,anxiety,0,86,151,73,22,98,37.3
30051887,4,anxiety,4,94,147,79,16,95,37.3
30051888,4,knee pain,3,103,105,87,17,98,36.8
30051889,2,abdominal pain,8,75,130,74,16,93,36.4
30051890,4,chest pain,5,76,113,89,11,98,37.6
30051891,2,abdominal pain,9,72,113,95,22,92,37.7
30051892,4,abdominal pain,5,99,129,69,22,93,37.5
30051893,3,chest pain,5,93,145,67,16,96,38.4
30051894,5,anxiety,5,82,135,90,18,96,36.5
30051895,3,headache,4,82,133,68,18,98,38.3
30051896,2,knee pain,9,107,112,78,16,92,36.3
30051897,3,fall,6,72,108,86,25,98,36.6
30051898,3,abdominal pain,2,86,118,104,20,98,37.0
30051899,5,back pain,1,109,138,76,22,99,36.6
30051900,4,shortness of breath,0,108,130,101,18,100,36.7
30051901,2,chest pain,6,85,114,91,20,98,37.5
30051902,2,abdominal pain,9,65,103,80,15,98,35.9
30051903,2,fever,6,95,127,87,17,97,37.2
30051904,3,back pain,6,104,159,100,11,94,37.7
30051905,1,fever,9,81,96,66,20,93,37.0
30051906,5,laceration,6,72,137,92,14,98,36.7
30051907,1,fever,6,96,119,78,24,95,36.4
30051908,3,anxiety,4,101,120,76,17,94,36.3
30051909,3,fever,5,96,117,70,17,99,37.7
30051910,3,laceration,3,85,178,56,26,95,37.7
30051911,3,anxiety,2,106,130,82,15,95,37.4
30051912,2,shortness of breath,8,83,130,133,17,97,38.0
30051913,4,anxiety,0,128,104,54,17,98,37.6
30051914,2,back pain,10,72,143,79,21,98,35.5
30051915,4,fall,1,83,152,60,19,98,36.7
30051916,3,knee pain,3,89,136,68,27,93,36.5
30051917,3,abdominal pain,2,90,145,85,25,92,36.1
30051918,3,back pain,6,73,103,103,16,97,37.5
30051919,3,fever,3,59,126,82,15,98,36.5
30051920,4,laceration,6,69,142,86,20,94,36.6
30051921,4,abdominal pain,7,107,85,68,22,96,37.5
30051922,4,abdominal pain,2,65,130,72,19,96,35.1
30051923,3,chest pain,0,94,115,87,21,100,36.8
30051924,3,knee pain,0,100,148,99,17,97,36.5
30051925,2,anxiety,9,73,124,82,24,100,37.1
30051926,3,headache,6,91,123,74,17,97,35.7
30051927,4,fall,0,80,132,80,17,100,35.2
30051928,3,abdominal pain,3,101,87,90,19,97,37.0
30051929,3,shortness of breath,1,77,150,89,12,98,36.3
30051930,3,headache,0,89,148,88,19,95,37.5
30051931,2,shortness of breath,7,76,106,88,14,100,37.2
30051932,3,fever,2,88,127,72,17,98,37.8
30051933,3,back pain,7,80,88,76,18,94,38.1
30051934,4,headache,4,89,112,65,15,94,37.8
30051935,4,knee pain,3,68,114,65,22,99,37.8
30051936,3,fever,7,68,131,113,26,98,37.8
30051937,3,shortness of breath,7,89,113,83,17,92,37.3
30051938,4,abdominal pain,2,55,79,94,23,96,36.5
30051939,3,knee pain,0,69,141,97,14,100,37.3
30051940,5,headache,6,69,140,83,19,99,36.4
30051941,3,abdominal pain,4,73,135,79,19,94,38.2
30051942,3,laceration,5,69,120,47,12,97,37.2
30051943,4,laceration,1,60,115,73,18,97,36.7
30051944,4,headache,4,94,125,70,21,100,37.8
30051945,3,knee pain,5,85,130,74,20,96,37.0
30051946,2,back pain,7,89,139,93,15,96,36.9
30051947,4,laceration,3,59,111,89,17,97,36.5
30051948,3,abdominal pain,1,56,130,76,19,99,37.8
30051949,3,anxiety,7,85,137,52,20,97,37.5
30051950,2,shortness of breath,8,101,115,56,15,95,37.8
30051951,3,shortness of breath,6,80,95,72,21,96,36.4
30051952,3,fever,2,99,111,66,25,100,36.0
30051953,4,back pain,6,77,140,67,15,97,37.4
30051954,3,back pain,1,78,130,76,19,100,36.7
30051955,3,anxiety,1,66,148,88,25,100,36.8
30051956,4,back pain,5,77,88,65,22,93,36.5
30051957,3,laceration,7,88,97,69,14,99,37.8
30051958,3,anxiety,6,52,136,74,19,98,36.5
30051959,5,chest pain,7,95,146,78,18,95,38.2
30051960,3,abdominal pain,5,106,103,88,19,100,36.1
30051961,3,back pain,7,81,145,116,20,96,37.5
30051962,4,fever,7,99,124,58,19,100,37.8
30051963,3,fever,1,36,130,88,19,97,36.7
30051964,2,headache,7,97,104,60,20,95,37.1
30051965,2,anxiety,7,52,140,86,16,96,36.2
30051966,4,anxiety,2,68,132,101,26,96,35.5
30051967,3,fall,2,98,159,93,10,96,37.9
30051968,3,anxiety,7,65,128,85,15,95,36.7
30051969,3,shortness of breath,1,99,134,101,20,97,36.4
30051970,3,chest pain,6,70,131,113,17,100,36.8
30051971,2,fall,10,68,104,58,29,97,36.9
30051972,1,headache,8,71,129,101,12,95,37.6
30051973,3,back pain,7,98,140,93,22,100,37.2
30051974,2,shortness of breath,10,82,130,64,17,100,36.1
30051975,3,fall,3,70,110,64,25,95,36.5
30051976,3,anxiety,6,71,164,73,20,97,36.9
30051977,4,anxiety,3,56,128,93,15,93,37.2
30051978,3,shortness of breath,5,89,124,90,20,92,38.2
30051979,2,abdominal pain,8,100,139,91,21,94,37.0
30051980,2,laceration,6,70,98,86,17,99,37.6
30051981,3,knee pain,3,102,88,90,18,96,36.3
30051982,3,fever,4,96,125,94,16,98,37.4
30051983,3,laceration,1,89,123,97,18,100,36.7
30051984,3,abdominal pain,1,79,124,74,19,98,37.5
30051985,5,laceration,1,70,133,84,12,95,36.5
30051986,3,laceration,3,89,137,82,19,100,36.6
30051987,3,anxiety,0,87,98,64,14,96,36.5
30051988,2,back pain,9,70,115,77,17,97,36.4
30051989,2,back pain,10,90,125,75,22,99,36.9
30051990,3,headache,0,69,113,83,12,97,37.9
30051991,1,shortness of breath,10,84,103,101,16,97,37.0
30051992,3,laceration,0,108,128,99,13,100,36.1
30051993,3,fall,4,107,112,49,23,100,37.5
30051994,1,back pain,10,80,120,89,13,92,36.6
30051995,4,anxiety,2,68,143,82,20,100,37.6
30051996,3,abdominal pain,0,80,122,72,19,96,37.6
30051997,1,headache,9,100,119,89,29,94,36.5
30051998,3,knee pain,2,82,123,101,12,96,37.8
30051999,4,anxiety,6,120,111,73,20,99,37.9
30052000,3,fall,4,118,99,81,17,99,37.2
30052001,3,chest pain,2,74,144,71,16,96,37.3
30052002,2,fall,8,59,95,72,14,95,37.5
30052003,3,laceration,2,96,138,66,17,95,37.8
30052004,3,fall,2,60,130,88,19,96,36.1
30052005,3,abdominal pain,6,83,146,75,16,91,36.5
30052006,3,chest pain,2,87,146,87,18,96,38.1
30052007,1,knee pain,7,80,126,56,20,96,37.3
30052008,4,back pain,5,86,148,53,17,96,37.4
30052009,3,back pain,3,121,130,88,19,100,37.0
30052010,1,anxiety,10,88,158,102,12,100,35.7
30052011,3,laceration,6,73,113,78,22,99,37.1
30052012,3,laceration,6,104,146,86,22,99,37.2
30052013,3,chest pain,1,114,131,90,24,100,36.7
30052014,4,fever,2,90,109,94,16,98,37.1
30052015,3,chest pain,5,64,141,90,18,100,37.8
30052016,4,fall,5,101,125,50,21,93,36.4
30052017,3,chest pain,5,66,124,89,17,99,37.1
30052018,3,fever,1,92,128,80,19,91,36.0
30052019,1,laceration,8,66,135,93,16,100,36.4
30052020,5,anxiety,7,77,108,101,23,95,36.3
30052021,3,fall,7,107,154,75,23,96,37.1
30052022,5,anxiety,3,69,126,95,21,98,37.0
30052023,3,headache,0,81,137,111,17,93,37.0
30052024,3,chest pain,2,88,115,97,23,99,36.2
30052025,3,chest pain,1,69,138,58,18,100,36.3
30052026,3,abdominal pain,5,85,118,88,15,98,36.4
30052027,2,anxiety,8,47,150,106,13,91,36.7
30052028,3,chest pain,3,89,169,81,16,96,36.1
30052029,3,knee pain,6,96,153,70,18,99,36.2
30052030,3,anxiety,1,99,107,75,15,97,38.5
30052031,5,shortness of breath,1,110,135,80,23,99,36.5
30052032,3,knee pain,0,92,144,75,25,100,37.3
30052033,3,knee pain,6,113,117,93,22,98,37.3
30052034,3,chest pain,7,46,110,68,8,96,39.7
30052035,2,anxiety,7,78,108,59,14,98,36.0
30052036,3,chest pain,5,72,145,103,22,100,37.9
30052037,4,knee pain,2,77,122,56,23,100,38.2
30052038,3,laceration,3,37,113,72,18,99,36.5
30052039,3,anxiety,4,88,126,79,16,98,36.5
30052040,3,laceration,2,81,130,92,25,97,36.7
30052041,5,abdominal pain,7,90,101,95,19,96,38.1
30052042,3,headache,6,86,116,93,16,99,37.6
30052043,3,anxiety,6,74,137,78,25,95,37.4
30052044,3,headache,1,85,125,74,16,89,37.5
30052045,3,abdominal pain,5,91,104,72,17,99,35.2
30052046,4,shortness of breath,0,83,143,86,20,98,36.8
30052047,3,fever,2,78,117,85,23,94,36.6
30052048,4,anxiety,5,80,162,85,16,98,38.0
30052049,3,back pain,1,107,115,79,18,100,36.8
30052050,3,fall,6,80,109,88,22,97,35.9
30052051,3,knee pain,3,96,126,102,19,100,36.4
30052052,3,laceration,1,83,102,104,21,100,37.2
30052053,2,headache,10,119,129,94,24,96,36.9
30052054,4,fall,2,80,134,67,25,95,37.2
30052055,3,fever,0,100,154,68,19,100,38.6
30052056,3,abdominal pain,2,88,95,102,21,97,37.8
30052057,2,shortness of breath,8,108,135,87,27,96,36.7
30052058,3,abdominal pain,2,93,140,93,16,90,35.3
30052059,3,chest pain,2,65,143,81,25,92,35.7
30052060,1,knee pain,10,92,124,94,8,100,36.0
30052061,3,fall,2,88,138,59,21,93,37.8
30052062,2,shortness of breath,8,94,108,60,17,100,37.3
30052063,4,laceration,3,87,86,103,20,100,37.1
30052064,3,fall,5,100,115,97,17,94,35.6
30052065,3,fall,5,75,132,65,13,93,38.0
30052066,3,headache,6,98,143,103,15,92,35.7
30052067,2,back pain,10,73,131,94,14,97,37.5
30052068,3,laceration,1,56,119,73,11,100,36.2
30052069,5,anxiety,6,81,97,88,16,99,38.3
30052070,4,knee pain,6,71,119,93,9,96,36.5
30052071,4,fever,5,88,145,107,10,99,37.3
30052072,3,knee pain,4,98,139,78,13,98,38.1
30052073,3,chest pain,4,81,132,90,17,97,37.8
30052074,4,fever,3,116,129,90,23,93,38.0
30052075,1,anxiety,6,73,113,73,17,89,37.0
30052076,3,back pain,0,105,118,55,17,98,37.4
30052077,3,chest pain,6,106,115,79,19,96,36.7
30052078,3,knee pain,4,74,120,54,13,99,35.1
30052079,3,headache,0,62,75,78,14,98,36.8
30052080,3,shortness of breath,1,78,107,81,9,100,37.3
30052081,3,headache,2,54,133,99,24,99,36.8
30052082,3,anxiety,0,67,98,70,13,98,38.0
30052083,3,fever,7,75,86,66,17,99,36.1
30052084,3,laceration,6,83,91,76,18,96,36.9
30052085,4,anxiety,5,66,159,80,14,99,38.7
30052086,4,headache,5,75,176,76,21,94,36.6
30052087,2,chest pain,6,99,140,82,15,99,36.1
30052088,4,fall,1,96,80,65,26,95,36.5
30052089,3,chest pain,2,89,114,70,17,94,37.9
30052090,2,headache,8,73,118,84,18,95,36.4
30052091,4,headache,3,98,144,99,15,90,38.2
30052092,3,abdominal pain,1,104,138,67,18,92,36.5
30052093,2,knee pain,9,89,138,74,27,99,36.5
30052094,3,knee pain,3,90,140,66,10,95,37.6
30052095,1,chest pain,10,68,128,93,13,100,36.3
30052096,3,shortness of breath,0,92,124,79,21,95,36.9
30052097,2,shortness of breath,7,88,108,95,18,91,35.8
30052098,4,fall,5,83,101,60,15,98,36.3
30052099,3,back pain,4,87,131,76,20,96,36.8
30052100,5,anxiety,4,67,125,86,16,95,36.8
30052101,3,chest pain,4,74,117,83,20,99,37.2
30052102,4,fall,7,88,147,116,26,99,36.0
30052103,2,fall,6,61,131,71,20,94,35.8
30052104,3,headache,6,100,159,81,18,97,37.3
30052105,3,anxiety,3,75,132,71,15,94,37.8
30052106,2,fall,10,116,113,34,13,100,36.3
30052107,3,fever,1,93,121,70,17,98,35.7
30052108,2,back pain,7,82,95,79,16,99,36.6
30052109,4,abdominal pain,3,54,130,86,17,98,36.5
30052110,5,fall,2,86,119,83,11,100,35.9
30052111,3,fall,2,44,146,63,15,97,37.9
30052112,3,headache,5,70,127,91,22,94,37.8
30052113,3,abdominal pain,0,61,95,72,16,99,37.6
30052114,3,abdominal pain,6,69,129,71,18,97,36.7
30052115,3,anxiety,0,90,106,95,22,97,37.3
30052116,3,abdominal pain,7,68,134,79,20,96,36.9
30052117,3,laceration,2,78,138,81,23,100,36.9
30052118,4,back pain,6,88,172,35,15,100,37.3
30052119,2,anxiety,7,114,137,82,13,95,37.2
30052120,3,fever,3,111,160,87,13,100,37.0
30052121,3,shortness of breath,3,95,98,75,14,94,37.0
30052122,3,chest pain,7,104,134,80,24,96,37.2
30052123,3,knee pain,2,75,117,70,21,100,36.3
30052124,2,anxiety,6,71,108,97,17,99,37.0
30052125,4,chest pain,7,89,117,98,18,97,38.4
30052126,4,anxiety,5,80,129,78,10,97,36.7
30052127,4,laceration,1,101,102,126,20,96,38.9
30052128,4,laceration,1,76,119,83,18,93,37.7
30052129,2,shortness of breath,9,78,96,104,18,97,37.6
30052130,4,anxiety,5,86,113,95,16,93,36.8
30052131,4,laceration,7,96,113,81,14,99,35.6
30052132,1,anxiety,6,85,123,90,17,99,35.3
30052133,3,abdominal pain,6,102,101,66,25,99,37.4
30052134,3,laceration,3,84,123,60,18,100,37.2
30052135,3,shortness of breath,2,91,128,108,21,99,36.1
30052136,3,shortness of breath,4,98,81,77,13,95,38.1
30052137,4,fever,2,104,108,75,21,99,36.3
30052138,5,chest pain,3,77,147,92,11,99,36.8
30052139,4,shortness of breath,2,95,132,82,17,98,37.2
30052140,2,shortness of breath,6,107,150,82,16,95,36.5
30052141,3,laceration,2,46,145,64,15,98,37.7
30052142,3,fever,7,89,138,57,26,90,37.3
30052143,4,abdominal pain,3,96,132,106,16,98,37.0
30052144,3,headache,4,73,130,51,21,98,38.1
30052145,2,fall,10,69,102,100,15,96,36.6
30052146,3,headache,2,82,124,85,16,93,38.1
30052147,3,headache,5,86,128,66,18,94,35.0
30052148,4,anxiety,5,75,119,86,18,95,36.7
30052149,3,anxiety,4,71,89,61,16,100,37.5
30052150,3,abdominal pain,1,46,125,89,20,89,37.0
30052151,3,headache,3,107,120,72,11,96,36.1
30052152,4,knee pain,3,90,141,97,17,97,36.4
30052153,4,back pain,6,105,147,91,13,96,37.2
30052154,2,chest pain,10,91,103,65,22,91,37.2
30052155,3,knee pain,3,62,111,86,21,100,37.4
30052156,3,shortness of breath,0,76,104,61,16,100,37.3
30052157,2,chest pain,6,59,106,81,18,100,38.4
30052158,3,headache,0,88,89,78,21,99,38.0
30052159,3,knee pain,2,88,95,64,18,93,38.3
30052160,3,abdominal pain,6,71,122,77,22,98,35.9
30052161,3,headache,5,88,125,84,19,96,36.8
30052162,3,anxiety,4,56,149,61,25,95,37.4
30052163,4,shortness of breath,5,80,113,96,13,97,36.4
30052164,3,shortness of breath,1,84,96,65,14,95,37.2
30052165,2,shortness of breath,8,107,110,94,20,97,36.4
30052166,3,chest pain,5,79,169,60,13,97,38.2
30052167,2,abdominal pain,6,74,119,71,25,99,36.9
30052168,2,knee pain,7,75,124,73,18,96,37.2
30052169,2,knee pain,9,89,172,87,14,99,37.2
30052170,4,abdominal pain,6,92,107,75,21,100,37.4
30052171,2,laceration,7,110,115,84,17,98,36.8
30052172,3,chest pain,2,103,117,74,17,95,37.1
30052173,3,fall,4,73,112,69,18,99,37.3
30052174,3,fall,1,100,111,54,16,98,36.5
30052175,3,back pain,0,87,121,64,22,98,36.7
30052176,4,headache,6,79,117,61,27,98,36.4
30052177,5,shortness of breath,1,65,106,96,12,100,37.4
30052178,2,anxiety,9,100,147,67,18,100,37.4
30052179,3,headache,7,118,128,76,19,96,36.8
30052180,3,back pain,7,87,101,54,24,95,37.2
30052181,3,abdominal pain,1,95,131,86,24,93,36.1
30052182,5,shortness of breath,3,40,119,89,18,95,36.0
30052183,5,anxiety,7,72,114,67,18,96,36.2
30052184,4,knee pain,6,83,135,68,19,96,36.4
30052185,2,abdominal pain,9,76,118,83,17,94,36.6
30052186,2,chest pain,6,98,116,87,24,98,36.9
30052187,2,chest pain,6,68,110,80,19,97,36.0
30052188,5,chest pain,2,87,122,78,16,97,38.6
30052189,4,shortness of breath,0,108,149,77,22,96,36.1
30052190,5,anxiety,6,96,142,91,19,98,37.5
30052191,4,knee pain,2,96,93,88,22,96,36.4
30052192,3,fall,0,93,123,81,17,100,37.4
30052193,3,abdominal pain,0,76,82,59,19,98,38.8
30052194,4,headache,2,90,145,75,25,94,36.5
30052195,3,abdominal pain,2,92,179,90,17,97,38.0
30052196,2,chest pain,8,57,103,86,22,100,37.8
30052197,4,anxiety,4,66,142,96,9,99,36.7
30052198,3,chest pain,2,101,123,88,16,95,38.0
30052199,3,shortness of breath,5,78,151,64,16,95,37.4
30052200,3,back pain,0,88,129,77,19,100,37.2
30052201,4,back pain,1,110,176,74,19,94,38.4
30052202,3,knee pain,6,101,129,84,18,97,35.4
30052203,3,back pain,1,104,156,76,17,99,36.3
30052204,3,fall,1,102,127,91,19,100,38.3
30052205,3,back pain,5,97,135,77,17,97,35.7
30052206,3,laceration,3,89,124,105,18,92,37.3
30052207,4,shortness of breath,5,78,100,70,18,94,37.5
30052208,4,shortness of breath,6,60,131,89,12,100,36.1
30052209,3,abdominal pain,0,74,101,66,21,100,38.6
30052210,3,headache,2,100,134,98,18,99,38.1
30052211,3,fall,5,103,127,58,12,97,36.7
30052212,3,headache,1,71,150,71,22,97,37.4
30052213,3,laceration,6,82,123,92,18,95,37.7
30052214,1,anxiety,8,85,95,103,16,99,38.2
30052215,4,fever,1,92,162,64,19,100,37.7
30052216,2,chest pain,6,101,126,76,16,100,37.8
30052217,3,headache,4,89,119,83,17,99,37.1
30052218,4,chest pain,7,103,139,77,12,98,36.6
30052219,2,laceration,8,71,119,105,20,96,35.7
30052220,2,fall,8,58,135,91,11,92,37.7
30052221,3,abdominal pain,2,73,122,89,25,97,37.1
30052222,4,back pain,4,96,131,95,20,99,36.4
30052223,3,knee pain,5,89,119,71,17,100,36.9
30052224,4,laceration,4,56,141,85,17,96,36.9
30052225,4,shortness of breath,4,89,100,79,13,94,36.7
30052226,4,fall,6,90,130,105,18,96,37.4
30052227,4,abdominal pain,5,119,137,71,20,94,35.9
30052228,3,fever,4,94,100,82,16,94,36.5
30052229,3,fall,6,78,141,75,21,100,37.0
30052230,2,back pain,8,99,114,85,16,96,38.1
30052231,3,shortness of breath,3,90,144,81,17,96,35.7
30052232,2,fever,10,108,107,93,19,99,35.7
30052233,3,shortness of breath,1,63,127,76,16,95,37.5
30052234,4,fall,3,88,100,90,16,91,36.4
30052235,2,laceration,6,101,103,106,17,91,38.3
30052236,3,laceration,7,78,127,98,19,96,36.9
30052237,4,fall,5,109,131,69,19,96,37.2
30052238,5,fever,6,79,111,69,22,88,36.0
30052239,3,shortness of breath,3,81,95,83,24,100,36.7
30052240,3,fever,7,103,120,76,22,96,37.1
30052241,3,fever,1,64,120,74,17,94,37.4
30052242,3,back pain,4,114,135,58,19,93,36.9
30052243,2,back pain,9,92,158,79,12,99,36.8
30052244,1,fever,7,117,72,105,16,99,37.3
30052245,2,anxiety,6,56,147,68,17,98,36.9
30052246,3,shortness of breath,1,57,123,72,20,100,36.5
30052247,3,abdominal pain,4,83,105,87,21,92,36.2
30052248,2,knee pain,9,94,101,85,20,99,37.8
30052249,2,headache,6,90,129,51,19,97,37.2
30052250,3,back pain,2,107,113,65,19,99,36.7
30052251,3,headache,6,100,106,78,21,98,37.4
30052252,3,back pain,7,83,125,99,17,100,37.8
30052253,3,anxiety,6,78,121,69,26,95,37.0
30052254,5,anxiety,6,95,141,85,10,97,35.3
30052255,3,back pain,6,100,154,81,22,100,37.5
30052256,4,knee pain,3,59,139,95,14,99,37.2
30052257,1,fever,6,86,144,51,23,96,37.6
30052258,1,anxiety,9,70,119,67,22,99,36.2
30052259,3,abdominal pain,0,65,114,80,13,96,37.0
30052260,4,back pain,1,109,158,75,16,100,36.8
30052261,3,fall,6,68,119,77,19,100,37.3
30052262,2,fever,9,74,87,74,14,93,36.0
30052263,4,back pain,2,110,113,76,18,98,37.1
30052264,3,laceration,4,93,121,96,14,93,36.8
30052265,3,fall,7,81,147,73,18,96,36.9
30052266,4,knee pain,3,100,170,80,15,92,38.5
30052267,3,back pain,1,82,168,81,24,99,36.3
30052268,3,fever,4,49,95,79,24,98,36.6
30052269,3,laceration,6,59,128,88,18,96,36.9
30052270,3,anxiety,4,62,162,78,19,99,36.7
30052271,2,abdominal pain,9,79,96,87,11,98,35.6
30052272,3,headache,4,97,98,86,16,100,37.1
30052273,3,knee pain,3,107,124,79,21,94,36.8
30052274,5,abdominal pain,2,77,117,93,17,95,36.6
30052275,2,knee pain,10,86,136,98,18,96,36.5
30052276,4,shortness of breath,6,72,147,65,30,96,35.8
30052277,2,fall,7,62,95,96,25,99,36.0
30052278,3,headache,4,116,134,75,19,100,37.3
30052279,3,laceration,7,81,155,104,17,98,36.9
30052280,4,fall,0,77,98,76,13,100,37.7
30052281,4,fever,3,84,150,63,18,100,37.2
30052282,2,knee pain,6,112,146,84,19,97,37.2
30052283,2,fall,9,58,132,77,22,96,38.8
30052284,3,fever,3,70,136,71,23,98,36.7
30052285,1,chest pain,6,64,141,66,20,94,35.7
30052286,5,abdominal pain,1,95,143,89,22,96,37.0
30052287,3,back pain,7,81,104,68,18,86,36.0
30052288,3,fall,0,98,110,86,15,96,37.3
30052289,2,back pain,9,79,133,81,16,94,37.1
30052290,3,fall,5,91,151,79,17,100,36.0
30052291,3,laceration,1,97,151,71,17,95,37.7
30052292,3,abdominal pain,7,66,130,72,15,92,36.3
30052293,2,shortness of breath,9,75,90,103,19,96,37.4
30052294,3,shortness of breath,1,81,138,85,9,88,35.9
30052295,5,abdominal pain,3,95,100,77,18,100,36.0
30052296,4,fall,2,108,108,89,20,100,36.4
30052297,1,abdominal pain,9,76,95,88,23,95,35.3
30052298,3,fever,2,91,147,86,14,93,37.2
30052299,3,laceration,5,96,135,68,17,99,37.6
30052300,3,fall,3,69,132,69,16,100,35.2
30052301,4,headache,4,101,113,87,14,100,36.6
30052302,3,abdominal pain,1,119,121,39,11,98,37.0
30052303,2,chest pain,9,99,107,94,24,99,36.6
30052304,3,anxiety,4,80,129,68,17,99,35.8
30052305,3,abdominal pain,1,104,138,102,20,98,37.3
30052306,3,shortness of breath,1,73,99,64,14,96,35.4
30052307,2,knee pain,6,62,101,95,14,100,37.9
30052308,4,fever,4,101,125,98,11,99,37.3
30052309,4,laceration,3,75,108,104,15,96,37.5
30052310,3,knee pain,6,104,128,84,28,93,36.0
30052311,2,fall,9,86,137,89,17,97,36.6
30052312,3,headache,0,107,129,113,14,98,38.2
30052313,3,fever,4,128,114,94,18,100,36.7
30052314,5,back pain,4,58,123,81,17,98,37.2
30052315,4,headache,5,81,104,92,22,95,37.3
30052316,1,shortness of breath,10,61,152,71,14,91,36.9
30052317,2,fever,10,74,133,73,17,96,38.0
30052318,4,shortness of breath,2,81,151,88,18,100,36.3
30052319,5,fall,5,82,131,93,23,100,36.0
30052320,4,chest pain,6,77,127,62,10,100,35.8
30052321,4,knee pain,7,96,111,87,24,99,37.5
30052322,3,anxiety,7,79,108,69,21,99,35.4
30052323,4,anxiety,3,58,109,83,16,95,37.0
30052324,3,knee pain,3,83,144,76,15,99,36.0
30052325,3,laceration,7,92,114,69,15,99,37.2
30052326,3,shortness of breath,7,91,102,54,8,97,39.0
30052327,2,back pain,6,80,139,71,11,100,37.6
30052328,3,abdominal pain,2,84,112,71,14,100,37.0
30052329,4,back pain,4,56,111,52,13,98,36.8
30052330,2,knee pain,7,115,116,82,10,95,37.8
30052331,2,knee pain,9,67,137,60,18,94,35.7
30052332,3,headache,7,98,101,54,19,94,37.2
30052333,2,back pain,8,80,143,89,17,100,36.6
30052334,3,headache,0,70,129,53,17,97,35.7
30052335,3,shortness of breath,4,86,118,72,22,97,36.0
30052336,3,abdominal pain,7,92,128,75,21,99,38.8
30052337,4,shortness of breath,6,90,123,77,14,93,35.0
30052338,3,chest pain,7,88,152,67,20,95,36.6
30052339,4,fever,0,99,137,91,18,96,36.8
30052340,4,anxiety,7,77,115,58,23,96,37.0
30052341,1,headache,6,94,137,76,12,100,35.8
30052342,3,abdominal pain,7,62,108,89,9,98,38.7
30052343,2,chest pain,6,103,136,76,14,99,38.1
30052344,3,anxiety,7,91,151,57,23,91,37.8
30052345,3,chest pain,3,85,158,93,22,96,36.1
30052346,2,abdominal pain,6,96,106,82,20,100,36.4
30052347,3,abdominal pain,3,72,120,89,23,99,37.9
30052348,4,chest pain,7,73,111,61,14,98,37.5
30052349,3,abdominal pain,6,64,133,86,8,95,36.2
30052350,3,shortness of breath,0,109,117,91,15,100,37.7
30052351,1,chest pain,7,89,133,71,16,95,37.0
30052352,3,fever,0,86,133,81,22,97,37.4
30052353,3,back pain,6,91,157,98,17,100,38.2
30052354,3,laceration,7,76,114,75,21,100,38.2
30052355,2,shortness of breath,10,76,145,91,16,100,37.8
30052356,3,anxiety,2,58,139,94,22,94,37.4
30052357,3,headache,3,81,104,75,31,92,35.6
30052358,3,knee pain,1,77,137,81,20,97,36.3
30052359,3,fall,2,87,161,77,19,100,35.8
30052360,3,headache,6,90,152,79,19,100,36.4
30052361,1,back pain,7,95,109,88,22,100,38.0
30052362,3,fever,4,78,148,88,21,94,36.4
30052363,1,shortness of breath,6,79,121,68,18,98,37.5
30052364,2,chest pain,6,78,146,77,21,97,37.6
30052365,3,back pain,5,83,107,82,11,97,36.1
30052366,4,chest pain,7,100,96,93,14,98,36.3
30052367,4,fall,2,90,92,62,19,96,36.7
30052368,3,abdominal pain,3,83,171,75,16,96,37.1
30052369,3,abdominal pain,1,77,130,112,11,93,36.6
30052370,3,back pain,6,86,135,108,18,97,37.8
30052371,4,back pain,3,77,149,94,21,93,36.8
30052372,2,headache,8,92,101,95,22,97,36.5
30052373,1,shortness of breath,10,110,114,61,19,99,36.8
30052374,2,abdominal pain,6,75,109,83,23,100,37.4
30052375,3,knee pain,3,83,130,77,18,96,37.4
30052376,3,shortness of breath,1,85,116,79,21,99,36.7
30052377,3,laceration,3,96,122,67,10,100,37.0
30052378,3,fall,2,83,157,67,16,92,36.0
30052379,2,fall,6,99,134,75,25,97,36.6
30052380,3,fall,1,79,159,65,22,99,39.4
30052381,2,anxiety,6,64,140,75,17,98,37.0
30052382,3,back pain,3,80,155,62,20,96,37.3
30052383,3,headache,4,77,151,69,20,95,38.4
30052384,3,fever,0,118,100,64,14,98,36.5
30052385,2,chest pain,10,85,127,56,27,100,36.9
30052386,2,chest pain,8,58,160,69,21,98,37.7
30052387,4,back pain,2,73,125,89,8,100,37.4
30052388,3,back pain,5,84,133,80,21,96,38.3
30052389,4,knee pain,0,94,120,73,23,90,36.7
30052390,3,shortness of breath,3,73,138,72,17,94,37.5
30052391,3,chest pain,6,102,120,83,18,100,38.5
30052392,3,shortness of breath,2,88,109,91,21,96,37.2
30052393,3,back pain,0,100,118,103,15,100,36.3
30052394,3,fall,7,82,131,82,25,100,37.8
30052395,3,laceration,4,104,89,91,23,97,37.4
30052396,3,knee pain,0,107,108,77,17,97,37.1
30052397,2,shortness of breath,8,70,130,81,15,100,36.2
30052398,2,fever,9,81,109,91,19,100,37.4
30052399,3,abdominal pain,2,90,119,99,21,99,39.0
30052400,4,headache,5,73,98,47,21,97,37.9
30052401,5,abdominal pain,0,72,135,56,20,99,37.5
30052402,2,shortness of breath,8,102,88,75,18,94,37.0
30052403,4,anxiety,7,70,139,88,18,99,37.5
30052404,4,fever,1,79,105,53,17,98,35.8
30052405,3,knee pain,2,99,102,73,16,96,35.9
30052406,4,knee pain,5,74,120,62,14,95,36.6
30052407,3,chest pain,4,101,134,75,16,93,36.6
30052408,3,abdominal pain,2,98,110,76,21,97,37.2
30052409,3,knee pain,5,112,164,69,11,93,37.0
30052410,3,back pain,0,66,96,101,23,98,36.7
30052411,2,knee pain,6,104,135,90,13,96,36.6
30052412,2,back pain,6,79,113,31,9,94,37.1
30052413,2,knee pain,10,71,121,90,23,93,37.0
30052414,5,abdominal pain,6,40,145,90,9,95,37.1
30052415,3,laceration,4,74,119,71,15,95,36.1
30052416,4,laceration,5,77,129,80,23,100,37.0
30052417,3,chest pain,1,98,122,74,21,100,36.2
30052418,4,fever,2,90,113,60,20,89,37.1
30052419,3,fever,3,74,121,92,15,98,37.7
30052420,2,shortness of breath,9,67,133,96,19,98,35.6
30052421,4,headache,5,85,112,75,19,93,37.5
30052422,3,knee pain,3,97,101,38,21,100,38.5
30052423,3,abdominal pain,1,69,135,80,19,98,37.3
30052424,3,laceration,0,98,124,83,19,93,38.3
30052425,3,headache,2,68,115,61,17,95,36.8
30052426,5,anxiety,3,97,144,79,20,99,37.8
30052427,3,abdominal pain,3,80,119,70,20,89,37.3
30052428,4,laceration,1,97,111,99,16,97,37.4
30052429,3,anxiety,5,88,114,70,16,97,37.1
30052430,2,chest pain,7,98,128,90,21,99,35.6
30052431,4,abdominal pain,2,108,129,109,21,96,36.6
30052432,3,abdominal pain,3,74,180,73,11,98,37.5
30052433,3,shortness of breath,2,82,110,103,14,95,36.8
30052434,3,abdominal pain,0,87,154,74,10,96,36.5
30052435,2,shortness of breath,6,94,139,84,17,97,36.3
30052436,2,abdominal pain,7,79,100,63,17,100,36.2
30052437,4,back pain,2,64,119,45,17,94,36.2
30052438,4,anxiety,1,77,147,106,16,97,38.1
30052439,3,anxiety,4,81,166,57,11,99,35.6
30052440,1,laceration,8,70,144,94,17,100,36.4
30052441,4,headache,3,93,89,65,22,96,37.5
30052442,2,headache,8,82,156,87,22,97,36.5
30052443,3,chest pain,1,82,165,97,22,94,37.4
30052444,3,laceration,1,77,120,87,19,100,36.3
30052445,4,knee pain,3,67,105,79,12,100,35.0
30052446,1,fall,9,109,130,99,18,99,36.4
30052447,3,headache,7,66,119,72,13,95,37.1
30052448,3,fever,0,77,119,110,20,93,38.2
30052449,3,abdominal pain,3,74,82,80,19,99,36.3
30052450,2,fever,6,100,136,46,21,100,36.4
30052451,2,knee pain,6,100,183,58,18,98,35.0
30052452,2,abdominal pain,6,79,132,74,13,94,36.6
30052453,3,headache,6,91,116,82,17,90,36.2
30052454,2,knee pain,7,103,113,64,14,100,36.9
30052455,3,abdominal pain,1,95,112,66,15,95,36.0
30052456,3,chest pain,2,117,134,97,14,95,36.8
30052457,3,back pain,5,98,101,66,17,98,38.4
30052458,4,headache,6,68,124,59,18,98,38.2
30052459,2,chest pain,9,67,148,65,18,93,36.4
30052460,4,chest pain,5,72,138,96,18,93,37.0
30052461,2,abdominal pain,10,83,118,80,9,100,36.4
30052462,4,fever,2,93,148,84,17,100,35.9
30052463,4,abdominal pain,7,104,138,62,20,96,35.9
30052464,5,fever,4,83,129,57,17,100,36.5
30052465,2,back pain,10,85,88,80,26,96,36.4
30052466,2,anxiety,9,70,99,103,15,99,38.1
30052467,2,laceration,7,71,121,74,17,99,36.1
30052468,4,headache,5,66,113,77,21,96,37.8
30052469,4,anxiety,2,87,140,22,16,98,37.5
30052470,4,fall,3,71,109,85,13,96,38.0
30052471,3,shortness of breath,0,110,161,82,18,98,36.8
30052472,3,shortness of breath,4,74,129,47,14,97,37.9
30052473,3,anxiety,4,102,123,70,28,96,36.4
30052474,3,shortness of breath,2,85,94,71,11,100,36.7
30052475,3,back pain,5,90,110,84,13,96,35.8
30052476,2,fever,8,113,131,97,23,97,38.4
30052477,1,fall,8,96,138,69,20,95,36.6
30052478,3,abdominal pain,3,115,133,69,19,97,37.3
30052479,3,abdominal pain,3,86,123,85,18,98,36.9
30052480,2,fall,6,78,151,104,19,99,36.8
30052481,3,headache,7,101,116,83,20,96,37.4
30052482,4,shortness of breath,3,90,140,57,14,93,36.7
30052483,4,anxiety,7,95,125,50,18,97,36.8
30052484,4,chest pain,1,78,99,79,23,100,36.7
30052485,4,knee pain,3,108,115,76,18,96,37.2
30052486,4,abdominal pain,6,85,112,95,18,98,35.7
30052487,1,fall,7,67,127,89,17,96,36.4
30052488,3,fall,7,79,148,73,10,100,37.3
30052489,3,headache,1,90,139,84,20,96,37.8
30052490,5,chest pain,0,100,93,88,18,91,37.4
30052491,3,fever,7,72,106,86,23,98,37.8
30052492,3,chest pain,7,81,106,70,20,96,37.0
30052493,4,knee pain,2,74,132,57,20,97,37.1
30052494,2,shortness of breath,10,71,131,84,15,94,36.8
30052495,1,chest pain,7,75,96,89,16,95,36.5
30052496,4,fever,6,90,131,74,21,99,37.9
30052497,3,abdominal pain,5,73,149,77,17,95,35.6
30052498,3,fever,0,88,120,77,28,100,38.3
30052499,3,fall,4,63,156,63,12,91,38.4
30052500,1,chest pain,7,84,140,59,26,100,36.5
30052501,3,back pain,4,97,118,98,16,96,37.5
30052502,2,chest pain,8,87,144,66,10,95,36.2
30052503,3,shortness of breath,6,93,101,59,11,95,36.6
30052504,2,abdominal pain,7,103,131,87,22,99,38.6
30052505,4,shortness of breath,5,91,142,76,13,95,36.0
30052506,2,laceration,7,101,134,69,27,97,35.5
30052507,4,headache,0,92,144,75,18,100,37.7
30052508,3,chest pain,2,112,124,100,20,100,35.3
30052509,3,knee pain,5,87,122,75,19,93,37.3
30052510,2,anxiety,10,59,90,98,14,100,35.7
30052511,4,abdominal pain,2,91,134,69,18,96,37.4
30052512,2,chest pain,7,78,115,69,21,96,37.5
30052513,3,fall,6,70,133,88,25,100,37.7
30052514,4,laceration,5,77,129,58,17,98,36.3
30052515,3,laceration,7,75,101,79,16,96,36.2
30052516,3,anxiety,2,66,126,73,12,100,37.6
30052517,2,shortness of breath,7,113,107,57,21,97,35.7
30052518,3,fever,7,95,140,88,19,97,36.0
30052519,4,back pain,3,70,155,95,20,95,36.3
30052520,3,anxiety,5,104,133,90,11,98,35.7
30052521,4,back pain,2,79,118,48,20,96,34.3
30052522,3,laceration,7,94,167,94,21,100,37.2
30052523,3,headache,5,71,78,104,18,95,37.3
30052524,5,anxiety,7,68,119,65,25,92,37.0
30052525,3,fever,1,102,146,94,23,97,37.8
30052526,4,headache,3,89,108,57,20,100,37.4
30052527,4,knee pain,2,94,140,93,25,100,36.2
30052528,1,chest pain,9,89,148,77,16,93,35.5
30052529,4,anxiety,1,88,133,101,21,99,38.2
30052530,3,anxiety,3,95,103,55,20,99,36.9
30052531,3,fever,3,89,162,103,15,96,35.8
30052532,3,abdominal pain,5,77,111,104,13,94,36.3
30052533,5,fall,4,76,138,69,20,97,37.3
30052534,4,knee pain,2,93,114,79,21,98,35.9
30052535,3,anxiety,6,79,119,81,17,100,38.8
30052536,4,shortness of breath,4,93,171,84,17,99,36.1
30052537,4,knee pain,1,90,145,81,16,98,36.2
30052538,3,fever,6,81,92,65,25,96,37.1
30052539,3,headache,2,67,93,61,17,94,36.8
30052540,3,anxiety,7,73,94,77,22,93,38.2
30052541,3,headache,5,67,106,65,15,92,37.2
30052542,3,abdominal pain,2,74,104,78,15,100,35.3
30052543,3,shortness of breath,1,97,112,70,23,100,39.1
30052544,4,chest pain,3,98,136,89,17,93,37.4
30052545,3,anxiety,6,117,118,76,14,97,36.2
30052546,3,abdominal pain,5,89,82,78,18,100,36.4
30052547,3,laceration,2,80,143,68,22,100,37.1
30052548,1,fall,9,74,120,88,17,97,36.1
30052549,2,anxiety,6,81,116,87,16,96,35.3
30052550,3,laceration,7,106,117,78,21,97,36.8
30052551,3,laceration,7,86,136,79,19,91,36.3
30052552,2,abdominal pain,6,75,111,52,17,98,35.5
30052553,3,back pain,5,90,125,70,22,100,36.9
30052554,4,headache,6,75,141,65,15,99,36.9
30052555,2,chest pain,7,103,115,90,19,100,35.4
30052556,3,shortness of breath,2,86,160,116,24,97,38.4
30052557,3,abdominal pain,6,73,112,87,27,95,36.6
30052558,5,fall,1,91,100,64,17,93,37.6
30052559,3,chest pain,5,62,110,51,22,97,37.6
30052560,2,knee pain,8,84,101,71,21,97,35.4
30052561,5,abdominal pain,7,93,124,82,22,100,35.8
30052562,2,fever,10,80,83,85,17,98,36.8
30052563,4,fever,3,124,133,105,18,96,37.2
30052564,2,shortness of breath,6,75,151,69,17,95,37.0
30052565,3,headache,0,95,123,77,23,99,36.7
30052566,3,fall,5,98,99,103,18,94,38.3
30052567,4,anxiety,7,68,144,82,20,96,37.2
30052568,4,abdominal pain,5,102,104,73,19,100,37.3
30052569,3,headache,3,98,133,77,16,91,36.7
30052570,2,anxiety,8,80,178,81,15,100,38.0
30052571,4,fever,5,72,104,60,17,96,37.7
30052572,4,anxiety,2,64,110,80,22,95,36.7
30052573,4,shortness of breath,5,77,172,99,23,100,37.1
30052574,3,back pain,5,84,116,99,20,94,39.1
30052575,3,chest pain,7,96,99,97,17,100,35.8
30052576,3,anxiety,2,84,147,82,17,97,38.2
30052577,3,anxiety,4,71,85,67,23,92,37.7
30052578,4,anxiety,2,84,128,85,18,97,35.9
30052579,3,fall,0,79,95,93,19,99,36.1
30052580,3,chest pain,4,119,116,62,16,96,36.3
30052581,3,laceration,5,78,149,87,23,94,38.4
30052582,2,laceration,7,67,123,68,22,96,36.8
30052583,3,laceration,4,65,103,84,15,96,36.6
30052584,2,fall,8,71,101,81,19,93,37.5
30052585,3,back pain,2,85,137,77,24,99,36.9
30052586,3,knee pain,4,113,131,72,19,96,38.1
30052587,2,anxiety,9,71,118,90,14,98,37.8
30052588,4,knee pain,6,72,145,85,23,100,35.6
30052589,3,back pain,2,129,124,68,18,100,37.6
30052590,4,back pain,6,75,89,58,9,100,37.4
30052591,3,fever,5,50,116,67,22,98,36.3
30052592,4,headache,0,85,118,67,19,93,36.0
30052593,3,knee pain,3,103,164,74,20,96,37.6
30052594,4,fever,4,99,100,91,12,100,37.1
30052595,2,shortness of breath,8,79,122,77,13,94,37.7
30052596,3,fever,2,83,103,90,27,93,38.3
30052597,3,laceration,5,88,128,98,16,100,37.4
30052598,3,knee pain,7,62,96,46,12,96,36.7
30052599,3,back pain,2,76,141,63,24,96,38.0
30052600,5,headache,6,88,90,66,18,95,35.7
30052601,3,abdominal pain,7,82,116,114,21,90,37.1
30052602,2,laceration,7,54,125,89,21,92,38.5
30052603,4,headache,0,68,150,101,16,95,38.9
30052604,4,chest pain,1,85,119,75,27,95,37.1
30052605,1,headache,9,102,140,56,16,99,37.8
30052606,3,chest pain,7,91,120,93,21,93,36.8
30052607,4,chest pain,6,89,129,64,21,100,36.8
30052608,4,anxiety,2,85,130,79,23,100,37.2
30052609,3,abdominal pain,5,89,97,61,12,96,36.5
30052610,3,shortness of breath,6,70,128,96,13,96,36.1
30052611,3,shortness of breath,2,69,128,105,17,100,36.5
30052612,3,back pain,4,74,169,80,27,97,38.4
30052613,5,abdominal pain,7,87,151,87,21,95,38.0
30052614,3,fall,6,108,93,84,23,100,37.4
30052615,2,abdominal pain,9,88,116,72,13,96,37.3
30052616,1,knee pain,8,89,189,93,13,100,36.3
30052617,3,chest pain,0,85,101,84,27,97,37.1
30052618,3,knee pain,5,57,138,58,20,96,36.7
30052619,5,knee pain,6,70,140,56,16,92,37.1
30052620,3,abdominal pain,6,112,122,69,16,100,38.0
30052621,3,shortness of breath,5,74,121,66,18,100,35.4
30052622,3,fall,5,78,117,85,11,98,36.3
30052623,3,anxiety,5,92,108,78,20,91,37.1
30052624,3,chest pain,7,76,153,92,16,96,37.2
30052625,3,fever,0,85,98,46,19,100,37.1
30052626,3,shortness of breath,4,91,109,96,19,99,36.8
30052627,3,shortness of breath,6,68,103,63,19,97,37.6
30052628,3,shortness of breath,7,72,117,95,12,98,36.8
30052629,3,headache,1,77,163,79,28,100,37.2
30052630,4,laceration,5,81,134,92,17,94,36.3
30052631,5,chest pain,5,65,168,80,15,96,36.8
30052632,2,back pain,6,89,137,60,21,99,38.5
30052633,4,fever,6,87,129,80,21,98,37.1
30052634,3,laceration,7,61,119,85,14,95,36.6
30052635,3,knee pain,7,91,152,51,22,95,38.1
30052636,3,knee pain,7,78,145,103,18,94,36.3
30052637,3,headache,1,91,173,97,21,97,38.5
30052638,3,fever,1,77,134,87,18,98,37.2
30052639,5,fever,3,82,140,75,17,92,37.4
30052640,4,chest pain,7,58,112,106,15,98,35.8
30052641,2,chest pain,10,109,142,77,10,96,37.8
30052642,3,fall,6,94,132,71,18,100,35.9
30052643,5,back pain,0,90,124,85,22,100,35.3
30052644,3,laceration,3,45,124,64,21,93,35.3
30052645,1,knee pain,8,96,126,67,18,97,35.6
30052646,3,back pain,2,58,119,63,14,98,36.4
30052647,5,laceration,4,71,143,79,20,94,37.3
30052648,3,shortness of breath,4,83,88,69,22,100,34.9
30052649,3,anxiety,5,106,96,84,8,92,36.4
30052650,4,fall,5,88,124,95,12,99,37.1
30052651,3,fever,1,90,118,69,20,96,38.1
30052652,4,anxiety,2,36,161,89,25,100,37.1
30052653,4,anxiety,3,115,125,66,13,100,36.7
30052654,1,fall,7,52,109,77,12,100,36.0
30052655,3,laceration,0,65,131,97,18,99,36.6
30052656,3,laceration,1,97,117,87,20,94,34.1
30052657,2,chest pain,10,77,131,82,15,96,37.6
30052658,3,fever,7,82,150,72,15,100,38.9
30052659,1,headache,7,70,159,84,19,100,36.7
30052660,1,anxiety,10,91,99,78,23,96,37.1
30052661,2,anxiety,6,72,108,49,22,96,35.9
30052662,5,back pain,0,72,90,82,18,91,36.8
30052663,3,fever,2,66,128,80,21,100,35.9
30052664,3,anxiety,6,74,147,75,16,97,36.7
30052665,3,fall,3,86,129,81,16,96,37.3
30052666,4,fall,7,83,113,81,23,100,37.8
30052667,4,fever,2,97,94,89,24,98,36.3
30052668,2,knee pain,7,86,134,83,13,97,37.3
30052669,5,abdominal pain,1,100,112,77,17,98,36.9
30052670,4,headache,5,88,145,80,18,100,36.4
30052671,3,fall,7,79,133,83,16,100,38.1
30052672,2,fall,8,84,124,105,25,93,37.7
30052673,2,chest pain,9,97,169,84,16,96,37.6
30052674,4,knee pain,5,79,116,92,18,99,36.5
30052675,3,anxiety,0,95,121,96,17,98,36.8
30052676,5,fall,7,84,147,80,21,100,37.4
30052677,3,abdominal pain,4,103,146,81,20,100,36.6
30052678,4,knee pain,7,86,115,76,18,100,36.3
30052679,3,chest pain,7,109,138,77,23,95,36.8
30052680,3,back pain,6,91,132,70,17,95,36.9
30052681,3,fall,7,55,126,102,27,95,38.4
30052682,3,laceration,7,95,90,78,24,100,35.0
30052683,3,headache,6,68,151,72,11,99,37.4
30052684,2,fall,10,106,150,83,17,97,38.3
30052685,2,chest pain,6,86,97,47,24,100,36.5
30052686,3,headache,0,117,93,118,12,100,37.7
30052687,3,fall,7,65,137,73,21,94,36.8
30052688,4,fall,6,90,133,84,25,96,36.5
30052689,2,knee pain,8,104,131,79,17,95,36.7
30052690,1,fever,8,94,121,95,19,95,37.6
30052691,3,abdominal pain,1,113,129,70,16,95,38.5
30052692,4,knee pain,7,77,127,90,21,92,36.2
30052693,3,knee pain,5,121,131,75,23,96,37.5
30052694,3,fall,7,89,144,105,13,90,35.7
30052695,5,knee pain,0,72,133,87,20,92,36.8
30052696,2,back pain,7,61,132,99,23,99,37.0
30052697,5,back pain,4,86,146,67,16,100,37.1
30052698,3,back pain,5,87,109,72,23,100,37.2
30052699,4,fever,1,61,137,85,17,100,37.9
30052700,3,back pain,5,65,91,73,17,98,37.9
30052701,2,back pain,9,102,113,69,21,97,38.5
30052702,5,laceration,1,89,115,75,22,96,37.8
30052703,3,laceration,5,87,134,66,25,98,36.1
30052704,3,knee pain,5,94,171,97,21,100,38.1
30052705,3,chest pain,0,82,115,103,19,94,36.1
30052706,4,fever,2,86,119,86,17,95,38.5
30052707,2,fever,10,98,137,83,24,96,37.5
30052708,3,knee pain,0,107,126,69,13,100,36.8
30052709,4,knee pain,2,87,130,86,18,100,38.2
30052710,3,laceration,1,77,118,64,16,95,36.5
30052711,3,back pain,5,104,114,60,19,98,36.5
30052712,4,chest pain,7,88,103,85,20,100,36.2
30052713,3,fever,2,85,111,84,18,94,36.1
30052714,3,headache,6,79,111,76,20,99,36.7
30052715,3,knee pain,6,62,138,84,19,100,35.7
30052716,1,laceration,9,69,97,102,14,97,36.4
30052717,4,laceration,4,94,105,107,23,94,38.7
30052718,2,chest pain,9,95,144,102,19,94,36.4
30052719,3,fall,6,70,90,90,20,93,36.3
30052720,3,anxiety,6,106,129,82,24,97,37.2
30052721,3,laceration,5,96,94,66,22,97,36.7
30052722,3,laceration,1,107,115,71,16,96,38.8
30052723,3,shortness of breath,4,94,153,86,26,96,35.6
30052724,2,knee pain,8,100,101,89,12,100,36.0
30052725,3,fever,4,116,137,95,21,97,36.4
30052726,4,laceration,7,98,121,74,18,92,38.3
30052727,3,fever,2,100,90,72,14,100,38.1
30052728,3,anxiety,2,84,109,82,20,95,37.7
30052729,3,abdominal pain,6,75,127,94,23,98,36.8
30052730,2,abdominal pain,9,75,117,80,18,97,36.8
30052731,2,shortness of breath,10,110,96,71,24,100,36.5
30052732,3,anxiety,0,100,151,78,30,96,37.6
30052733,3,chest pain,1,91,151,101,17,100,37.4
30052734,2,fever,9,82,94,71,19,99,35.6
30052735,3,chest pain,0,71,97,57,14,94,35.6
30052736,3,back pain,5,72,128,85,16,94,38.4
30052737,3,fall,6,78,152,81,22,95,37.5
30052738,3,chest pain,5,80,147,68,17,100,37.1
30052739,3,abdominal pain,2,88,116,78,20,94,36.2
30052740,3,laceration,6,84,91,75,13,98,37.0
30052741,4,headache,5,71,125,73,22,93,37.3
30052742,4,laceration,2,62,167,87,19,94,36.5
30052743,3,fall,6,96,134,115,19,98,35.9
30052744,3,chest pain,3,78,143,49,20,94,38.2
30052745,4,shortness of breath,3,102,142,54,18,100,37.0
30052746,3,abdominal pain,7,105,92,98,17,93,37.1
30052747,3,headache,1,65,120,98,18,95,36.9
30052748,3,shortness of breath,0,84,144,86,20,100,36.8
30052749,2,fever,8,112,149,71,16,94,36.9
30052750,3,fever,6,110,110,76,24,100,36.7
30052751,3,chest pain,6,94,112,92,12,100,37.4
30052752,3,knee pain,2,96,120,78,27,98,37.9
30052753,4,abdominal pain,6,70,98,83,17,97,37.1
30052754,3,fever,5,46,134,78,20,98,37.3
30052755,4,fever,4,111,140,75,16,100,37.0
30052756,4,knee pain,5,69,127,66,12,93,35.9
30052757,3,back pain,5,84,102,80,17,94,36.6
30052758,2,fall,6,76,121,114,20,99,35.8
30052759,4,laceration,5,81,132,49,15,92,37.6
30052760,2,abdominal pain,8,92,172,63,19,91,37.1
30052761,3,laceration,7,107,111,93,14,98,37.2
30052762,2,abdominal pain,6,78,131,82,23,99,36.9
30052763,4,knee pain,4,93,136,73,29,100,35.3
30052764,3,laceration,3,95,150,99,16,99,37.4
30052765,4,shortness of breath,6,78,105,58,22,100,36.6
30052766,3,abdominal pain,7,88,127,92,15,95,37.1
30052767,3,chest pain,2,74,121,66,11,95,37.3
30052768,4,back pain,7,94,135,87,20,95,36.2
30052769,3,knee pain,5,67,160,66,14,96,37.1
30052770,3,fever,3,94,148,95,15,95,37.0
30052771,3,shortness of breath,4,82,118,71,21,99,36.2
30052772,4,knee pain,3,67,94,69,14,100,37.7
30052773,3,chest pain,0,87,172,76,14,100,37.1
30052774,2,back pain,6,82,101,85,13,92,37.8
30052775,4,fall,6,81,148,88,20,96,37.4
30052776,1,fall,10,69,159,73,18,100,36.6
30052777,4,headache,5,74,105,89,16,95,38.0
30052778,4,shortness of breath,7,74,141,111,22,96,37.4
30052779,3,shortness of breath,0,98,135,73,18,92,37.8
30052780,2,shortness of breath,10,113,104,89,22,97,37.6
30052781,3,shortness of breath,0,63,136,82,20,93,37.9
30052782,3,back pain,6,81,118,54,20,100,37.4
30052783,2,anxiety,7,71,102,60,17,92,37.0
30052784,4,laceration,2,98,92,113,25,99,36.9
30052785,5,headache,2,64,117,74,14,95,37.5
30052786,3,shortness of breath,0,81,142,82,17,93,37.8
30052787,4,fever,1,60,104,105,15,97,36.9
30052788,2,fever,8,77,147,93,15,94,37.3
30052789,1,abdominal pain,8,36,124,87,12,94,37.9
30052790,5,fall,6,75,112,91,12,95,37.6
30052791,3,fall,4,90,115,66,14,100,36.5
30052792,3,fever,0,50,124,74,15,99,37.2
30052793,4,knee pain,3,72,147,76,16,93,37.0
30052794,3,abdominal pain,7,101,135,78,18,96,37.0
30052795,3,fall,5,84,134,86,15,95,37.7
30052796,5,headache,6,87,125,68,21,93,37.6
30052797,3,fever,4,92,90,61,9,95,35.8
30052798,4,fever,5,63,81,114,20,100,36.1
30052799,2,fever,10,100,143,101,19,97,37.2
30052800,2,headache,8,75,109,73,15,96,37.0
30052801,2,shortness of breath,10,103,98,90,19,100,36.0
30052802,2,fever,7,81,132,67,17,100,36.2
30052803,3,shortness of breath,4,66,162,97,15,96,36.1
30052804,2,chest pain,6,103,87,66,22,94,37.9
30052805,2,knee pain,9,98,110,76,17,94,37.8
30052806,3,fever,1,86,101,66,19,100,37.5
30052807,3,anxiety,0,77,104,62,23,100,36.4
30052808,1,chest pain,8,89,95,80,17,95,37.2
30052809,2,back pain,8,101,126,104,25,93,38.2
30052810,3,anxiety,3,96,127,100,22,89,36.3
30052811,2,headache,6,79,166,94,15,96,37.4
30052812,3,fever,6,75,140,95,14,100,38.0
30052813,3,anxiety,3,81,130,79,15,100,37.3
30052814,2,anxiety,6,83,127,59,13,91,36.5
30052815,4,knee pain,3,87,128,71,18,95,36.7
30052816,2,abdominal pain,9,82,92,78,12,99,36.9
30052817,3,fever,6,123,144,87,15,97,36.9
30052818,2,fever,9,80,174,68,21,95,35.8
30052819,3,anxiety,7,96,135,80,16,93,35.9
30052820,4,fall,1,104,105,101,11,100,37.1
30052821,5,shortness of breath,2,85,118,60,15,94,37.0
30052822,2,fall,10,117,144,99,18,99,36.4
30052823,3,fever,4,104,129,100,18,96,35.3
30052824,4,headache,1,77,93,81,10,93,36.6
30052825,3,fever,6,70,141,92,14,90,37.2
30052826,3,chest pain,1,82,126,60,22,98,36.2
30052827,3,anxiety,5,99,168,66,12,92,36.4
30052828,5,chest pain,4,85,137,83,17,99,36.6
30052829,3,fever,2,87,126,57,13,95,37.8
30052830,3,fever,6,93,114,83,20,98,37.5
30052831,1,headache,6,99,105,83,21,97,39.7
30052832,4,laceration,1,78,140,64,15,94,37.7
30052833,3,shortness of breath,4,101,121,85,12,95,37.8
30052834,3,fever,7,85,110,55,21,100,36.8
30052835,5,knee pain,1,90,167,63,22,98,36.5
30052836,3,knee pain,6,85,152,81,18,95,35.6
30052837,3,abdominal pain,3,57,124,67,13,99,37.0
30052838,3,chest pain,6,83,130,97,13,88,37.6
30052839,3,anxiety,4,99,163,95,17,95,37.2
30052840,5,abdominal pain,1,93,104,63,13,100,34.9
30052841,3,shortness of breath,4,100,119,69,16,100,38.0
30052842,2,chest pain,10,117,128,75,17,99,38.2
30052843,3,knee pain,0,105,163,53,18,92,37.3
30052844,3,fall,4,55,136,93,11,98,36.0
30052845,2,fever,7,71,117,78,14,100,36.1
30052846,4,fever,3,76,120,77,21,100,37.7
30052847,3,anxiety,5,89,142,93,24,94,37.5
30052848,4,fall,2,71,101,87,12,96,36.9
30052849,2,anxiety,8,59,154,102,21,99,36.2
30052850,2,abdominal pain,10,70,126,69,10,92,36.7
30052851,3,abdominal pain,3,85,103,54,16,97,36.5
30052852,3,abdominal pain,0,90,156,77,19,94,36.0
30052853,3,back pain,6,78,106,77,20,99,37.1
30052854,3,knee pain,2,115,146,95,24,100,36.8
30052855,1,shortness of breath,9,77,111,83,17,96,37.5
30052856,4,abdominal pain,0,84,130,90,16,100,37.3
30052857,1,headache,6,94,108,82,18,96,36.2
30052858,2,back pain,7,90,107,75,19,95,37.1
30052859,3,back pain,3,76,136,77,13,95,37.6
30052860,5,fever,0,82,136,73,10,93,36.7
30052861,3,abdominal pain,6,99,148,67,18,95,35.9
30052862,1,knee pain,8,68,137,89,24,98,35.6
30052863,3,back pain,2,62,107,92,15,99,37.3
30052864,2,shortness of breath,10,90,128,87,21,99,38.0
30052865,3,laceration,7,99,124,82,14,93,37.0
30052866,5,back pain,0,86,97,57,15,95,34.9
30052867,3,knee pain,1,73,101,89,12,98,37.1
30052868,3,knee pain,6,62,116,69,20,91,37.5
30052869,3,shortness of breath,6,59,124,75,13,100,36.9
30052870,3,headache,1,97,122,91,16,97,37.1
30052871,3,back pain,3,92,134,57,28,100,37.1
30052872,3,abdominal pain,3,71,119,68,18,93,37.3
30052873,5,back pain,0,96,134,102,14,99,37.0
30052874,2,anxiety,6,89,102,67,16,97,37.4
30052875,1,chest pain,8,93,117,84,20,100,35.8
30052876,3,chest pain,6,68,116,86,18,99,35.9
30052877,3,fever,6,112,135,84,21,98,36.2
30052878,2,anxiety,9,132,124,58,12,100,37.1
30052879,3,knee pain,0,78,97,102,10,99,37.1
30052880,5,fever,2,101,99,30,23,98,36.2
30052881,3,fever,2,77,115,76,17,94,37.5
30052882,3,laceration,2,88,93,96,15,91,38.1
30052883,1,abdominal pain,10,67,129,95,20,98,36.7
30052884,3,laceration,7,85,110,89,18,91,36.9
30052885,2,chest pain,7,82,98,81,19,94,37.0
30052886,2,headache,8,56,97,82,9,95,35.8
30052887,4,shortness of breath,2,71,143,72,17,98,37.1
30052888,2,headache,6,71,139,70,11,97,36.6
30052889,3,knee pain,5,72,97,50,19,100,37.2
30052890,3,shortness of breath,5,60,130,45,17,97,35.4
30052891,3,back pain,4,87,128,75,14,99,35.9
30052892,2,chest pain,6,132,81,86,14,97,35.8
30052893,3,fall,3,94,159,65,17,98,38.3
30052894,2,abdominal pain,8,113,110,69,15,98,36.6
30052895,4,knee pain,5,110,127,92,18,97,36.7
30052896,3,fall,5,72,129,71,20,96,36.8
30052897,3,back pain,2,80,136,57,13,99,37.6
30052898,2,shortness of breath,8,93,127,87,19,93,37.4
30052899,1,anxiety,7,108,138,79,17,95,37.6
30052900,2,knee pain,10,97,128,61,15,94,37.0
30052901,4,laceration,0,107,105,62,16,96,36.4
30052902,3,shortness of breath,0,114,148,92,9,96,36.8
30052903,4,knee pain,1,84,139,82,26,96,37.2
30052904,4,fall,7,74,106,62,16,93,37.2
30052905,2,fever,7,120,133,85,17,97,37.1
30052906,3,shortness of breath,4,100,102,73,19,94,38.6
30052907,3,knee pain,6,104,143,79,18,93,37.0
30052908,3,laceration,1,66,68,77,19,92,37.5
30052909,2,laceration,10,71,91,101,11,94,37.6
30052910,3,fever,3,65,113,73,21,98,37.1
30052911,1,anxiety,10,106,126,92,15,94,36.6
30052912,3,knee pain,1,128,129,69,17,100,37.1
30052913,3,headache,1,79,150,49,14,98,36.6
30052914,4,fever,4,60,121,121,16,100,36.8
30052915,3,shortness of breath,6,87,142,79,13,99,38.4
30052916,2,chest pain,7,92,138,84,18,99,37.4
30052917,4,knee pain,7,98,141,70,12,93,37.6
30052918,4,anxiety,6,99,161,77,15,100,36.8
30052919,1,knee pain,6,104,143,73,18,95,36.1
30052920,4,laceration,3,103,141,70,14,100,36.2
30052921,3,anxiety,5,83,119,87,16,98,37.4
30052922,4,shortness of breath,3,92,143,95,26,99,36.1
30052923,5,abdominal pain,2,83,171,93,12,96,37.8
30052924,4,fever,1,101,130,83,14,97,35.8
30052925,2,back pain,7,90,95,88,16,91,37.8
30052926,3,shortness of breath,0,104,139,55,26,100,36.0
30052927,5,headache,4,54,176,70,18,97,35.3
30052928,3,abdominal pain,1,112,105,93,16,100,36.9
30052929,3,anxiety,7,81,131,97,24,100,37.7
30052930,3,laceration,1,100,120,48,22,98,36.5
30052931,4,chest pain,5,83,113,77,21,98,37.5
30052932,3,headache,6,70,130,103,24,100,38.1
30052933,4,anxiety,5,121,91,55,18,91,38.3
30052934,3,knee pain,4,66,127,76,17,94,36.5
30052935,2,shortness of breath,8,76,131,57,23,93,38.6
30052936,3,abdominal pain,6,98,103,68,15,96,37.4
30052937,3,fever,7,85,100,93,23,98,37.7
30052938,3,laceration,4,90,134,93,22,100,38.3
30052939,4,anxiety,7,77,105,85,13,98,37.2
30052940,3,fever,1,84,98,85,14,97,37.1
30052941,1,knee pain,6,75,98,62,20,88,36.4
30052942,3,laceration,1,75,125,50,14,99,35.3
30052943,3,laceration,6,89,132,76,14,92,37.8
30052944,1,shortness of breath,9,92,126,75,14,100,37.6
30052945,4,knee pain,2,85,137,94,17,98,36.1
30052946,3,laceration,4,66,115,64,17,95,36.2
30052947,3,headache,5,78,134,89,13,96,36.0
30052948,3,shortness of breath,5,87,133,78,18,95,36.4
30052949,5,shortness of breath,7,82,117,70,25,98,37.9
30052950,3,knee pain,5,92,78,79,20,98,36.2
30052951,3,headache,6,103,103,73,21,100,35.9
30052952,3,anxiety,7,94,127,86,14,94,37.6
30052953,4,chest pain,5,69,125,67,16,100,37.3
30052954,5,headache,6,77,124,83,20,99,36.9
30052955,3,fall,7,88,118,91,20,98,37.8
30052956,4,abdominal pain,3,87,121,98,20,96,36.4
30052957,4,chest pain,7,81,103,74,20,100,37.2
30052958,3,fever,4,76,112,100,18,100,36.1
30052959,3,chest pain,0,67,139,66,24,95,36.3
30052960,2,headache,7,70,142,75,15,97,35.8
30052961,3,knee pain,1,93,100,80,23,97,36.3
30052962,4,back pain,3,101,138,78,20,98,36.4
30052963,3,abdominal pain,0,130,171,82,24,93,38.4
30052964,2,chest pain,9,84,106,73,25,96,38.1
30052965,2,headache,6,86,72,45,19,96,35.4
30052966,5,fall,1,87,115,81,18,93,37.5
30052967,3,fever,3,85,128,71,19,97,38.0
30052968,4,abdominal pain,7,82,122,76,16,97,38.1
30052969,4,shortness of breath,2,84,112,57,17,98,37.5
30052970,3,laceration,0,70,136,90,22,98,36.4
30052971,4,fall,0,101,122,69,19,99,37.2
30052972,3,fall,3,83,119,64,15,97,35.4
30052973,2,fall,10,83,81,71,22,93,37.1
30052974,5,laceration,1,83,145,72,20,100,36.6
30052975,3,fever,1,83,129,77,17,97,35.7
30052976,3,headache,0,98,110,84,21,95,36.8
30052977,2,headache,6,83,114,81,19,96,36.9
30052978,2,fall,7,70,115,75,13,97,36.1
30052979,3,abdominal pain,0,56,115,108,23,97,37.8
30052980,3,anxiety,2,90,111,99,22,98,37.1
30052981,2,chest pain,7,72,104,89,16,94,37.5
30052982,2,anxiety,7,86,145,86,13,97,36.7
30052983,4,headache,6,92,133,65,20,94,36.7
30052984,4,shortness of breath,1,62,177,103,11,96,37.5
30052985,3,shortness of breath,7,67,127,92,17,97,36.7
30052986,5,fever,5,99,130,102,14,92,37.6
30052987,1,shortness of breath,10,77,126,87,17,99,36.5
30052988,3,headache,1,80,153,93,11,99,37.1
30052989,4,abdominal pain,0,87,134,86,23,97,35.6
30052990,3,fever,0,106,126,51,16,97,38.0
30052991,3,anxiety,2,92,128,72,20,94,36.6
30052992,3,chest pain,1,80,152,66,21,99,35.9
30052993,3,headache,0,72,142,85,16,95,37.3
30052994,4,chest pain,3,88,147,49,20,95,36.6
30052995,2,fall,10,60,100,72,22,99,35.7
30052996,2,shortness of breath,6,71,138,66,17,96,37.6
30052997,4,chest pain,2,62,139,77,19,100,36.5
30052998,3,knee pain,3,93,141,80,20,98,37.0
30052999,1,fall,9,92,129,63,16,93,36.6
30053000,3,shortness of breath,1,106,143,67,21,100,36.8
30053001,3,knee pain,6,86,88,52,14,95,36.3
30053002,3,shortness of breath,7,67,137,85,23,97,37.3
30053003,2,knee pain,6,55,111,74,27,97,36.8
30053004,3,abdominal pain,2,68,166,93,15,93,36.9
30053005,3,back pain,2,89,119,79,13,97,36.4
30053006,5,laceration,3,58,137,94,20,95,36.4
30053007,4,headache,7,95,67,67,20,96,38.1
30053008,3,laceration,5,96,130,80,10,99,36.9
30053009,4,fall,7,84,133,94,18,99,35.8
30053010,4,fever,4,105,142,88,16,98,36.3
30053011,2,fall,9,105,119,74,20,92,36.7
30053012,3,fever,0,50,156,72,24,100,37.1
30053013,5,headache,5,61,94,71,13,95,37.3
30053014,2,headache,8,108,147,73,14,93,37.1
30053015,3,fall,5,106,131,77,12,94,37.3
30053016,4,shortness of breath,4,85,118,59,12,100,36.4
30053017,1,laceration,7,76,112,64,24,96,35.7
30053018,3,anxiety,0,90,120,92,19,98,37.1
30053019,1,anxiety,7,48,137,85,19,96,38.2
30053020,2,fever,6,98,143,95,24,95,38.0
30053021,2,fever,7,74,121,94,13,99,36.4
30053022,4,laceration,5,69,102,84,14,94,36.8
30053023,3,back pain,4,75,142,74,16,100,37.7
30053024,3,laceration,0,70,134,92,12,96,39.3
30053025,2,abdominal pain,10,73,107,87,18,99,35.9
30053026,3,abdominal pain,0,87,127,99,24,89,36.4
30053027,4,fever,1,88,128,80,14,92,35.2
30053028,1,chest pain,8,72,116,67,14,98,36.5
30053029,4,headache,4,80,125,100,13,96,35.7
30053030,4,laceration,0,61,98,76,17,99,36.9
30053031,3,knee pain,6,76,132,93,19,95,37.5
30053032,3,abdominal pain,6,113,122,79,23,100,37.1
30053033,3,anxiety,3,84,100,58,24,98,36.3
30053034,4,shortness of breath,7,107,140,72,21,95,36.9
30053035,3,anxiety,0,104,100,74,14,93,37.1
30053036,3,fever,2,72,88,74,16,94,37.0
30053037,3,chest pain,6,87,101,75,22,94,37.5
30053038,3,abdominal pain,0,93,102,114,16,96,37.2
30053039,4,anxiety,0,84,103,61,18,99,37.5
30053040,2,fall,7,98,163,78,22,100,37.1
30053041,3,fever,6,73,128,99,20,96,37.7
30053042,4,laceration,5,109,123,106,15,96,37.1
30053043,3,abdominal pain,3,138,76,101,24,96,37.9
30053044,3,fever,4,104,124,53,22,96,36.9
30053045,3,laceration,0,59,162,80,23,100,38.0
30053046,3,fall,7,102,123,74,12,100,36.8
30053047,4,headache,6,91,127,72,21,100,37.8
30053048,3,back pain,7,86,132,82,19,96,37.1
30053049,4,headache,1,107,127,71,10,99,37.5
30053050,4,anxiety,6,97,127,63,24,100,36.8
30053051,3,shortness of breath,5,78,97,76,13,94,35.3
30053052,3,shortness of breath,3,86,121,73,17,95,38.0
30053053,3,headache,2,83,96,97,18,99,36.4
30053054,4,laceration,5,104,134,79,16,95,37.8
30053055,4,fall,1,95,127,67,17,96,37.3
30053056,3,fall,3,74,118,85,14,97,37.3
30053057,3,fall,7,83,136,80,20,97,37.1
30053058,4,fall,6,84,125,79,20,94,36.1
30053059,4,knee pain,6,82,104,85,16,96,37.1
30053060,3,knee pain,2,98,107,89,21,97,37.0
30053061,3,chest pain,4,81,126,99,23,100,36.8
30053062,3,back pain,0,65,124,86,14,89,36.1
30053063,1,headache,10,99,126,58,17,98,36.5
30053064,3,abdominal pain,1,85,116,81,17,96,37.2
30053065,4,fever,7,100,100,86,15,97,37.9
30053066,2,anxiety,7,73,128,82,21,96,36.0
30053067,3,fever,3,78,133,78,23,94,36.3
30053068,3,chest pain,4,84,138,77,13,100,37.7
30053069,3,laceration,4,69,124,98,11,100,36.4
30053070,3,knee pain,0,96,132,66,16,97,37.5
30053071,4,abdominal pain,1,57,146,92,21,96,37.2
30053072,3,headache,0,98,147,80,20,94,37.4
30053073,3,laceration,4,107,120,87,15,97,36.8
30053074,4,chest pain,3,52,97,90,17,100,36.2
30053075,3,knee pain,6,84,124,88,16,97,37.5
30053076,4,back pain,2,122,118,62,12,100,35.8
30053077,3,knee pain,7,63,109,82,19,96,36.8
30053078,2,knee pain,6,66,103,65,21,92,38.3
30053079,3,knee pain,4,75,111,81,16,98,37.4
30053080,3,fever,3,88,91,75,22,93,36.8
30053081,3,abdominal pain,4,87,116,63,13,97,37.6
30053082,4,fever,2,99,129,64,18,100,36.6
30053083,3,knee pain,0,106,119,78,15,97,37.5
30053084,3,fall,6,79,161,90,18,100,35.8
30053085,3,back pain,5,100,131,50,21,99,37.5
30053086,4,knee pain,7,77,123,83,16,99,37.8
30053087,2,chest pain,9,77,115,64,19,100,36.6
30053088,4,laceration,1,83,114,90,17,94,37.5
30053089,3,abdominal pain,7,64,154,73,17,93,37.4
30053090,2,chest pain,10,95,109,75,14,100,37.6
30053091,3,anxiety,4,76,132,63,17,97,37.1
30053092,2,anxiety,8,77,132,74,20,90,35.8
30053093,4,chest pain,4,95,122,77,18,96,38.1
30053094,3,shortness of breath,0,108,145,68,15,100,36.3
30053095,4,anxiety,2,73,134,53,14,96,37.0
30053096,4,laceration,3,93,123,68,12,98,35.2
30053097,3,fever,0,63,125,75,19,99,36.2
30053098,4,anxiety,1,55,145,102,12,97,37.0
30053099,3,headache,2,97,122,101,17,98,37.2
30053100,2,knee pain,8,97,123,80,23,99,37.1
30053101,4,shortness of breath,6,111,137,82,21,99,37.4
30053102,4,headache,4,116,137,90,20,100,36.1
30053103,3,knee pain,1,90,132,90,24,97,36.5
30053104,3,shortness of breath,7,82,116,45,24,99,37.4
30053105,3,shortness of breath,7,82,163,64,17,100,36.8
30053106,5,back pain,4,89,166,87,17,99,38.0
30053107,3,fall,3,79,137,58,18,91,37.5
30053108,3,chest pain,6,95,125,90,14,99,37.7
30053109,3,knee pain,6,82,134,81,15,97,37.6
30053110,3,laceration,1,78,121,99,15,93,37.4
30053111,4,fever,2,99,110,70,13,97,37.7
30053112,4,laceration,5,65,80,103,19,100,39.3
30053113,3,laceration,6,54,130,94,22,99,36.3
30053114,2,chest pain,9,115,133,80,21,95,36.4
30053115,3,laceration,7,71,106,93,21,88,36.8
30053116,4,shortness of breath,5,101,138,89,17,98,37.3
30053117,3,fever,4,91,142,72,19,100,36.9
30053118,2,back pain,8,92,129,55,17,98,37.2
30053119,3,back pain,6,89,120,67,19,100,37.6
30053120,2,anxiety,6,76,125,75,19,100,36.3
30053121,2,knee pain,7,80,119,87,20,99,36.8
30053122,3,back pain,0,106,108,74,15,97,36.5
30053123,3,knee pain,5,92,93,84,17,94,36.2
30053124,5,abdominal pain,1,77,131,91,24,96,36.5
30053125,2,fever,8,83,103,64,17,92,35.7
30053126,5,fall,1,112,98,87,21,99,37.1
30053127,4,headache,7,93,113,77,22,100,37.6
30053128,3,anxiety,3,66,103,92,22,96,37.6
30053129,2,back pain,10,79,109,99,17,93,35.1
30053130,4,laceration,4,82,138,73,24,95,35.5
30053131,4,anxiety,5,96,132,60,22,99,36.7
30053132,3,chest pain,2,87,110,90,19,95,37.5
30053133,4,back pain,4,81,104,73,16,95,38.5
30053134,3,back pain,3,65,129,96,20,100,36.0
30053135,2,anxiety,9,99,134,85,20,96,37.3
30053136,3,back pain,1,77,148,88,15,91,36.6
30053137,3,laceration,3,72,126,91,15,94,37.1
30053138,1,chest pain,7,96,129,74,16,99,37.1
30053139,2,chest pain,7,81,139,78,27,95,36.8
30053140,3,fall,7,68,117,75,15,97,36.3
30053141,4,back pain,3,72,140,66,11,96,38.1
30053142,2,knee pain,6,70,102,71,23,96,37.2
30053143,1,fever,6,108,161,96,15,98,36.2
30053144,3,chest pain,1,93,126,61,13,97,36.7
30053145,3,laceration,6,87,114,102,17,98,36.3
30053146,2,laceration,6,75,127,94,21,100,37.6
30053147,4,anxiety,4,91,122,68,20,96,36.1
30053148,2,fall,10,91,126,83,20,94,37.3
30053149,4,headache,2,72,113,98,13,97,36.7
30053150,2,knee pain,6,78,103,66,15,94,37.1
30053151,3,laceration,0,101,159,100,28,95,36.8
30053152,4,abdominal pain,5,79,118,98,20,98,36.5
30053153,4,abdominal pain,0,89,118,117,25,96,37.1
30053154,5,abdominal pain,0,78,124,63,15,97,37.5
30053155,4,knee pain,5,93,113,67,16,95,37.1
30053156,3,headache,4,82,130,109,22,97,37.2
30053157,3,shortness of breath,2,76,149,75,20,99,37.6
30053158,1,fever,7,90,123,80,19,100,36.0
30053159,3,back pain,1,98,127,77,10,99,37.2
30053160,4,laceration,7,73,103,69,18,96,36.4
30053161,2,laceration,6,85,128,80,15,100,37.8
30053162,3,fever,1,84,131,83,22,100,37.1
30053163,4,chest pain,7,75,99,76,20,95,36.7
30053164,4,laceration,5,96,112,66,15,94,36.6
30053165,4,knee pain,4,72,109,93,24,93,37.5
30053166,5,chest pain,0,105,132,86,10,100,35.9
30053167,3,abdominal pain,1,92,125,88,15,97,36.9
30053168,3,fever,1,78,103,57,25,98,36.7
30053169,1,headache,10,91,77,82,20,97,37.3
30053170,1,abdominal pain,6,76,139,60,24,100,37.3
30053171,4,headache,2,68,116,95,21,93,37.3
30053172,4,abdominal pain,2,67,144,81,22,95,37.3
30053173,3,abdominal pain,6,57,120,70,14,98,36.7
30053174,3,headache,3,103,127,105,23,95,36.1
30053175,4,anxiety,4,73,119,114,18,96,37.6
30053176,1,laceration,10,108,133,78,25,95,37.3
30053177,2,back pain,9,95,124,62,17,94,37.3
30053178,3,back pain,4,107,119,75,18,92,37.8
30053179,2,headache,8,89,143,104,18,100,36.2
30053180,3,knee pain,2,58,116,67,16,99,37.4
30053181,3,chest pain,2,83,126,80,12,96,36.4
30053182,3,laceration,3,90,92,82,22,97,38.0
30053183,3,laceration,3,83,148,100,21,99,37.6
30053184,3,fall,1,111,111,82,21,95,37.6
30053185,4,abdominal pain,3,102,89,103,14,97,36.3
30053186,3,fall,5,108,106,77,14,100,37.3
30053187,1,knee pain,6,115,137,58,13,100,35.7
30053188,5,chest pain,2,79,101,81,26,95,36.1
30053189,3,abdominal pain,1,86,147,114,15,100,37.9
30053190,5,headache,3,102,155,56,20,93,36.1
30053191,2,shortness of breath,9,61,111,87,15,96,37.0
30053192,3,headache,1,70,99,108,16,100,36.2
30053193,2,anxiety,7,85,95,76,22,100,37.3
30053194,3,chest pain,7,61,103,91,32,98,37.5
30053195,3,chest pain,1,78,112,94,12,96,36.5
30053196,3,chest pain,7,86,171,69,18,97,36.1
30053197,2,knee pain,10,97,130,93,21,97,38.3
30053198,3,shortness of breath,4,88,106,69,11,91,36.7
30053199,4,anxiety,3,85,133,77,22,97,37.7
30053200,3,back pain,2,83,116,95,19,97,37.1
30053201,4,anxiety,7,79,148,79,25,97,38.6
30053202,3,headache,4,51,120,63,17,95,36.9
30053203,3,laceration,2,100,136,78,24,92,37.1
30053204,2,laceration,8,52,114,68,17,100,37.6
30053205,3,chest pain,0,62,117,76,17,100,35.0
30053206,4,fall,5,74,130,50,9,96,37.5
30053207,3,chest pain,3,94,131,76,17,96,36.4
30053208,2,fever,10,88,145,69,24,96,35.6
30053209,3,fever,4,96,147,56,19,96,37.8
30053210,3,headache,5,75,125,91,16,100,37.5
30053211,3,chest pain,2,99,148,66,20,99,36.0
30053212,3,fever,1,49,106,61,17,97,37.6
30053213,2,back pain,7,66,130,60,19,100,36.1
30053214,4,shortness of breath,6,93,163,94,22,100,36.8
30053215,3,knee pain,2,82,124,108,20,91,36.7
30053216,3,fever,1,110,155,88,21,100,36.7
30053217,2,anxiety,7,84,97,69,18,100,38.1
30053218,3,shortness of breath,1,100,138,68,17,94,36.9
30053219,3,back pain,1,84,164,84,25,93,37.8
30053220,3,fever,4,100,135,85,17,99,36.3
30053221,1,chest pain,9,49,137,81,19,98,36.6
30053222,4,shortness of breath,3,82,116,77,17,100,36.0
30053223,2,anxiety,6,65,143,86,22,99,36.7
30053224,4,abdominal pain,6,67,134,69,10,92,37.1
30053225,1,abdominal pain,9,94,102,83,22,99,37.7
30053226,3,fever,7,102,109,87,18,98,36.0
30053227,3,laceration,3,81,139,71,13,99,36.1
30053228,3,fall,3,75,137,57,18,96,35.6
30053229,5,fall,3,78,151,61,22,96,37.3
30053230,3,chest pain,0,109,135,94,20,100,36.1
30053231,3,shortness of breath,4,81,109,64,15,96,36.8
30053232,4,fall,0,51,137,61,23,98,37.0
30053233,3,anxiety,7,101,131,99,15,100,37.5
30053234,3,anxiety,1,79,130,63,22,93,37.5
30053235,5,fall,4,80,115,95,18,97,36.3
30053236,2,shortness of breath,9,67,146,80,10,96,36.7
30053237,2,anxiety,7,85,156,95,22,94,37.3
30053238,5,headache,4,82,130,50,19,91,38.3
30053239,3,fever,7,96,91,57,19,95,37.4
30053240,4,headache,7,111,114,87,16,98,36.5
30053241,3,back pain,2,102,130,66,15,100,37.3
30053242,3,anxiety,1,90,118,76,15,97,37.8
30053243,4,laceration,4,83,133,106,19,97,37.7
30053244,3,chest pain,3,72,89,62,20,96,36.8
30053245,2,shortness of breath,10,90,125,84,20,93,37.1
30053246,5,fever,6,77,131,73,12,100,35.8
30053247,3,abdominal pain,7,80,107,85,21,99,38.7
30053248,3,chest pain,5,108,141,85,16,99,38.3
30053249,3,laceration,4,98,111,92,19,100,37.6
30053250,4,laceration,6,79,144,82,13,99,36.6
30053251,3,abdominal pain,3,68,111,62,14,98,37.6
30053252,3,knee pain,3,82,141,88,23,100,36.6
30053253,3,knee pain,1,111,114,100,19,100,37.4
30053254,2,fall,8,89,131,58,16,99,37.8
30053255,3,anxiety,4,85,117,84,18,97,35.5
30053256,4,back pain,1,95,143,88,17,95,37.5
30053257,5,laceration,5,98,102,90,21,93,37.7
30053258,3,shortness of breath,3,84,103,54,10,98,37.0
30053259,3,knee pain,3,69,115,108,21,99,38.0
30053260,2,fever,7,88,125,73,16,98,37.6
30053261,3,abdominal pain,5,88,154,67,21,99,36.0
30053262,4,chest pain,1,81,125,65,14,99,35.8
30053263,5,headache,4,77,144,69,18,96,37.3
30053264,1,knee pain,6,77,130,129,19,99,35.9
30053265,3,knee pain,4,73,123,75,20,100,37.4
30053266,3,laceration,0,81,94,85,16,96,37.3
30053267,3,knee pain,2,113,124,71,21,95,37.7
30053268,3,headache,3,80,99,76,14,98,37.0
30053269,3,fall,6,57,129,91,20,93,37.2
30053270,3,fall,4,94,73,60,19,95,36.3
30053271,3,headache,3,86,118,83,21,95,36.3
30053272,3,laceration,0,77,101,78,17,100,37.7
30053273,3,anxiety,6,76,121,58,21,99,38.0
30053274,3,fall,4,100,88,85,21,99,36.5
30053275,1,fever,7,101,126,66,20,94,37.1
30053276,2,chest pain,10,79,143,57,22,100,36.5
30053277,3,shortness of breath,6,83,113,84,22,97,35.8
30053278,3,fever,6,87,137,62,16,100,38.1
30053279,4,fall,3,79,124,106,14,96,36.4
30053280,4,chest pain,2,69,99,60,18,99,35.3
30053281,3,anxiety,6,94,157,80,22,97,37.1
30053282,3,fever,2,101,103,66,21,100,36.3
30053283,3,abdominal pain,3,112,93,94,21,93,37.1
30053284,4,laceration,5,90,135,77,16,100,37.9
30053285,5,abdominal pain,3,72,122,81,19,100,36.8
30053286,3,headache,6,70,161,104,7,95,36.4
30053287,4,back pain,1,101,145,53,22,99,36.9
30053288,4,abdominal pain,1,86,129,90,18,100,37.7
30053289,4,fever,1,56,151,106,16,98,36.7
30053290,2,headache,7,66,125,79,8,94,37.7
30053291,3,chest pain,2,92,86,92,17,96,37.7
30053292,4,back pain,3,68,134,91,19,93,36.9
30053293,1,fall,7,98,144,90,21,100,37.1
30053294,1,knee pain,6,82,100,72,15,93,36.2
30053295,3,abdominal pain,4,88,117,76,18,99,36.6
30053296,4,back pain,4,84,123,72,18,98,36.4
30053297,3,shortness of breath,1,96,109,66,17,93,37.0
30053298,3,shortness of breath,4,79,128,78,21,100,36.4
30053299,4,fall,0,73,134,70,19,93,38.1
30053300,2,fall,9,73,123,85,21,98,37.2
30053301,2,fever,7,50,134,95,22,97,38.6
30053302,1,chest pain,6,78,142,114,17,97,37.1
30053303,3,fever,5,99,148,77,22,96,37.3
30053304,3,shortness of breath,1,80,124,68,21,95,35.8
30053305,3,anxiety,3,63,111,84,17,100,37.4
30053306,4,headache,6,83,155,74,17,96,37.1
30053307,4,back pain,6,77,155,70,15,95,35.6
30053308,2,back pain,8,83,142,63,11,96,37.1
30053309,4,fall,1,85,135,70,21,97,36.6
30053310,3,chest pain,5,76,117,66,27,96,36.4
30053311,2,fall,9,55,160,72,19,95,36.7
30053312,3,fever,6,91,161,58,18,99,36.4
30053313,4,shortness of breath,2,69,128,79,17,92,36.9
30053314,3,laceration,3,93,87,74,13,92,36.5
30053315,4,abdominal pain,2,63,119,68,24,90,37.3
30053316,3,headache,3,89,136,90,27,96,36.2
30053317,3,shortness of breath,3,73,126,80,22,96,37.3
30053318,4,anxiety,0,66,107,71,15,97,37.1
30053319,4,laceration,1,85,130,87,13,100,37.1
30053320,3,shortness of breath,5,74,152,85,21,100,37.1
30053321,4,fever,6,82,90,89,15,94,36.2
30053322,3,knee pain,4,91,107,90,16,98,37.3
30053323,2,laceration,6,80,62,71,23,97,36.7
30053324,3,chest pain,7,87,132,69,19,95,38.2
30053325,2,knee pain,9,54,117,45,16,99,36.8
30053326,3,shortness of breath,2,89,122,76,15,94,38.3
30053327,2,knee pain,8,63,159,88,21,98,37.7
30053328,4,abdominal pain,3,94,134,91,14,100,37.7
30053329,3,fever,1,70,97,82,23,100,37.0
30053330,3,back pain,5,78,121,71,24,94,38.0
30053331,3,headache,3,81,140,80,21,93,37.6
30053332,4,anxiety,1,72,111,98,19,99,36.3
30053333,3,laceration,2,77,103,89,13,96,37.8
30053334,2,shortness of breath,7,89,127,90,23,98,36.4
30053335,5,anxiety,3,85,154,62,18,98,36.5
30053336,3,anxiety,3,83,136,94,18,91,36.2
30053337,2,back pain,6,99,140,61,16,100,38.5
30053338,5,anxiety,2,73,139,77,15,100,36.0
30053339,3,chest pain,1,82,116,95,23,100,38.3
30053340,2,laceration,7,99,131,77,22,94,38.5
30053341,2,abdominal pain,10,65,104,84,12,98,36.7
30053342,3,back pain,6,85,122,113,21,96,37.0
30053343,2,laceration,8,95,145,54,14,100,36.1
30053344,2,chest pain,10,87,172,74,27,91,38.4
30053345,2,fever,8,97,161,70,27,88,35.8
30053346,3,fever,5,71,92,107,29,93,36.7
30053347,4,fall,5,104,118,54,19,92,35.9
30053348,5,laceration,5,102,117,83,13,94,37.5
30053349,4,chest pain,6,112,101,98,16,100,36.4
30053350,3,back pain,7,79,126,103,20,100,38.0
30053351,4,shortness of breath,1,86,129,74,15,94,37.4
30053352,3,knee pain,5,107,130,94,14,96,36.7
30053353,3,fever,7,68,114,80,14,95,36.2
30053354,2,knee pain,10,86,146,88,15,100,37.7
30053355,2,fall,7,53,170,91,15,92,37.2
30053356,3,abdominal pain,1,70,141,70,21,94,35.9
30053357,4,fall,2,75,132,62,22,95,36.7
30053358,4,laceration,5,103,124,71,21,95,37.1
30053359,3,back pain,7,105,124,87,16,96,37.4
30053360,3,back pain,4,93,72,92,21,100,37.2
30053361,3,fever,6,102,114,71,19,95,35.9
30053362,4,knee pain,2,74,153,68,15,98,37.8
30053363,3,fall,7,91,96,62,16,94,36.4
30053364,3,anxiety,7,96,108,83,17,95,35.8
30053365,3,headache,4,72,97,97,23,94,37.5
30053366,3,back pain,4,94,134,83,17,97,36.2
30053367,3,laceration,5,90,145,82,13,97,38.5
30053368,3,fever,5,78,156,78,19,100,36.3
30053369,4,chest pain,1,76,142,73,20,100,36.8
30053370,3,abdominal pain,3,71,123,61,15,95,37.4
30053371,3,shortness of breath,6,104,121,50,26,97,36.6
30053372,3,laceration,2,107,83,84,16,99,35.3
30053373,3,back pain,2,92,89,120,22,92,37.8
30053374,4,fall,1,29,137,72,15,96,36.3
30053375,3,headache,5,76,120,95,15,98,36.5
30053376,3,fever,1,51,148,82,10,100,37.7
30053377,3,chest pain,3,65,113,82,25,94,38.0
30053378,3,abdominal pain,6,70,114,75,18,94,38.5
30053379,2,chest pain,7,93,153,87,21,94,36.3
30053380,2,laceration,7,75,138,103,11,99,36.5
30053381,3,knee pain,4,92,131,93,18,88,35.1
30053382,2,chest pain,7,64,141,77,14,99,37.2
30053383,4,headache,5,98,115,93,15,99,37.3
30053384,3,abdominal pain,6,68,124,60,16,95,36.2
30053385,2,back pain,6,58,84,99,16,95,37.1
30053386,2,knee pain,7,102,133,80,12,98,36.7
30053387,3,chest pain,3,70,83,90,22,100,36.7
30053388,3,laceration,3,94,111,61,24,96,36.6
30053389,3,abdominal pain,0,81,131,85,22,99,37.3
30053390,3,headache,7,89,116,90,15,99,38.6
30053391,3,anxiety,3,94,124,71,11,96,36.5
30053392,5,headache,2,79,135,87,19,98,37.4
30053393,3,back pain,3,75,119,84,18,97,37.8
30053394,3,fall,6,85,114,79,21,97,37.6
30053395,4,abdominal pain,1,93,136,102,21,95,35.7
30053396,1,fever,7,76,136,87,22,98,39.1
30053397,3,chest pain,6,28,127,77,23,94,36.3
30053398,3,anxiety,0,91,138,86,16,94,36.5
30053399,5,anxiety,5,112,140,85,17,95,36.6
30053400,1,fall,10,61,101,89,14,97,36.0
30053401,4,back pain,6,87,120,79,10,98,36.4
30053402,4,chest pain,1,110,133,104,13,96,37.8
30053403,3,chest pain,0,79,76,84,15,92,36.1
30053404,3,fall,7,75,124,95,15,98,37.4
30053405,3,shortness of breath,5,88,144,82,17,99,37.8
30053406,2,anxiety,10,109,116,70,18,96,36.1
30053407,3,shortness of breath,1,85,158,79,21,99,37.0
30053408,2,chest pain,9,62,97,88,18,96,36.4
30053409,4,laceration,6,97,105,79,21,91,36.6
30053410,4,laceration,3,78,102,67,19,97,35.8
30053411,5,fall,4,101,131,92,15,97,37.2
30053412,4,fever,0,73,107,102,19,100,39.1
30053413,4,chest pain,0,118,122,78,24,99,37.2
30053414,2,headache,6,81,130,93,21,100,36.7
30053415,3,shortness of breath,3,89,126,92,20,98,37.1
30053416,2,anxiety,9,102,173,76,15,95,36.7
30053417,4,chest pain,4,79,114,66,13,98,36.1
30053418,4,knee pain,2,97,140,84,19,95,36.0
30053419,2,fall,8,75,120,61,18,93,36.3
30053420,3,laceration,4,71,95,58,13,99,36.8
30053421,2,chest pain,7,104,170,76,18,97,36.9
30053422,3,laceration,3,70,106,93,20,96,37.1
30053423,3,laceration,0,103,92,69,15,98,37.7
30053424,3,shortness of breath,7,86,148,75,12,100,37.1
30053425,3,shortness of breath,4,93,104,72,11,97,37.2
30053426,3,shortness of breath,6,101,108,59,21,99,37.3
30053427,5,laceration,4,73,99,81,22,98,36.4
30053428,3,knee pain,5,76,149,98,19,94,35.9
30053429,3,anxiety,5,86,130,93,20,93,36.6
30053430,3,abdominal pain,0,95,139,79,21,90,37.9
30053431,4,knee pain,5,64,157,110,15,96,37.8
30053432,1,fever,6,98,129,40,10,100,36.2
30053433,3,fall,2,94,133,78,12,97,37.3
30053434,5,fever,0,87,112,92,13,100,37.4
30053435,3,knee pain,3,64,110,71,17,95,38.1
30053436,3,abdominal pain,4,98,112,70,13,100,37.6
30053437,3,fall,5,81,121,83,23,97,36.2
30053438,4,headache,5,79,90,68,19,97,36.5
30053439,3,fever,7,89,130,66,16,95,38.7
30053440,3,back pain,2,77,145,93,16,95,36.4
30053441,3,shortness of breath,5,97,138,114,17,99,37.2
30053442,3,back pain,0,76,135,83,18,99,37.4
30053443,4,headache,2,76,120,75,18,100,37.6
30053444,2,anxiety,8,81,99,71,21,95,35.9
30053445,3,anxiety,2,59,89,76,18,100,37.8
30053446,3,knee pain,2,105,133,69,17,100,36.9
30053447,3,back pain,1,85,167,88,20,99,37.5
30053448,3,laceration,2,90,86,67,22,98,37.6
30053449,2,laceration,9,95,103,85,12,96,37.6
30053450,3,shortness of breath,2,60,140,74,20,94,38.2
30053451,2,fall,7,89,153,83,17,98,36.5
30053452,3,shortness of breath,4,70,121,94,25,100,36.9
30053453,3,fall,2,73,129,97,10,94,35.9
30053454,3,anxiety,3,84,118,65,12,98,37.5
30053455,3,back pain,1,83,135,101,19,100,37.1
30053456,3,fall,4,67,146,76,25,95,36.4
30053457,3,fever,0,100,162,93,16,94,36.7
30053458,4,fall,0,96,87,88,18,100,35.6
30053459,4,laceration,6,87,116,69,12,100,37.1
30053460,3,back pain,3,98,134,57,14,98,36.6
30053461,3,headache,3,70,133,93,18,97,37.4
30053462,3,chest pain,1,88,112,73,20,97,35.8
30053463,2,fever,7,98,110,84,18,92,34.7
30053464,3,abdominal pain,1,91,133,49,19,97,37.1
30053465,3,abdominal pain,6,87,72,103,18,96,36.1
30053466,3,back pain,1,74,117,91,18,97,36.4
30053467,4,back pain,0,109,135,97,20,100,36.5
30053468,3,fever,0,87,148,75,12,96,37.2
30053469,4,anxiety,0,68,94,80,15,97,37.2
30053470,3,fall,2,62,136,67,24,98,36.9
30053471,4,shortness of breath,6,106,155,91,17,100,36.9
30053472,4,laceration,0,82,128,82,15,98,38.2
30053473,3,chest pain,5,83,139,74,14,100,37.7
30053474,3,headache,7,79,135,67,16,99,37.2
30053475,4,back pain,2,59,105,95,15,95,36.4
30053476,3,knee pain,0,85,100,90,21,96,36.7
30053477,4,headache,6,107,125,52,15,91,37.1
30053478,2,fall,10,82,136,75,10,97,36.1
30053479,3,abdominal pain,7,109,165,105,14,94,36.6
30053480,2,fall,6,91,122,80,22,93,37.8
30053481,4,fever,3,87,88,73,18,97,37.1
30053482,2,fever,10,96,148,80,18,95,37.6
30053483,1,anxiety,10,112,121,82,14,97,37.4
30053484,3,knee pain,0,79,145,75,15,100,36.9
30053485,2,shortness of breath,9,107,81,65,23,91,37.6
30053486,3,abdominal pain,2,99,141,59,27,99,37.0
30053487,3,anxiety,0,91,115,77,23,91,36.1
30053488,3,abdominal pain,3,95,120,104,15,100,37.6
30053489,2,knee pain,10,109,121,85,17,98,36.9
30053490,2,laceration,9,74,150,73,17,100,36.6
30053491,3,shortness of breath,1,57,128,104,21,98,36.2
30053492,3,shortness of breath,0,82,132,86,20,98,38.6
30053493,4,abdominal pain,6,75,120,65,14,97,36.9
30053494,5,laceration,3,81,125,59,24,89,36.3
30053495,3,back pain,2,81,107,67,29,95,36.5
30053496,2,laceration,7,102,80,83,19,96,36.6
30053497,2,knee pain,8,109,140,103,27,96,37.2
30053498,4,shortness of breath,5,93,106,87,12,92,37.1
30053499,2,abdominal pain,7,70,119,27,19,94,37.6
30053500,3,anxiety,5,106,140,74,19,96,35.3
30053501,2,knee pain,7,88,98,90,23,100,37.9
30053502,2,laceration,10,90,97,72,17,99,36.3
30053503,4,knee pain,2,71,164,84,15,94,38.1
30053504,3,anxiety,2,73,119,92,17,100,36.7
30053505,3,shortness of breath,6,84,137,89,20,100,39.3
30053506,3,knee pain,7,68,159,112,20,92,36.7
30053507,4,shortness of breath,1,90,108,84,24,98,36.8
30053508,2,headache,8,94,116,75,20,99,37.8
30053509,3,headache,5,97,157,64,18,99,37.9
30053510,3,abdominal pain,0,83,139,70,14,97,37.7
30053511,4,abdominal pain,6,101,99,83,15,100,36.8
30053512,3,knee pain,0,105,115,59,18,100,36.9
30053513,3,headache,0,98,114,62,9,96,37.7
30053514,2,abdominal pain,6,73,140,84,15,98,35.1
30053515,3,abdominal pain,6,56,119,85,19,97,36.9
30053516,4,chest pain,5,87,148,96,19,95,37.3
30053517,3,back pain,4,85,86,74,20,97,36.5
30053518,4,anxiety,4,72,118,73,15,93,36.4
30053519,3,anxiety,3,56,128,84,23,96,37.2
30053520,3,shortness of breath,1,66,126,88,17,100,37.7
30053521,2,shortness of breath,6,46,127,78,24,100,37.6
30053522,2,shortness of breath,8,88,144,113,13,94,36.9
30053523,5,fever,4,85,122,102,25,99,37.5
30053524,3,anxiety,3,72,119,81,16,98,36.2
30053525,2,chest pain,8,86,109,93,19,99,37.5
30053526,4,fever,3,79,119,86,17,100,36.3
30053527,4,knee pain,6,71,114,66,13,98,37.8
30053528,5,back pain,2,77,125,98,22,95,36.2
30053529,5,abdominal pain,1,86,124,74,11,96,37.8
30053530,3,shortness of breath,3,75,107,63,21,100,37.7
30053531,3,shortness of breath,2,73,155,73,20,95,35.5
30053532,4,knee pain,7,64,138,108,15,100,36.8
30053533,3,anxiety,7,111,110,79,16,100,37.3
30053534,2,chest pain,10,93,123,73,25,100,36.1
30053535,4,fall,5,86,159,106,20,95,35.0
30053536,3,chest pain,4,97,139,92,15,94,37.2
30053537,3,abdominal pain,1,97,128,106,17,93,35.0
30053538,3,laceration,2,66,123,86,22,100,37.3
30053539,5,fall,2,63,138,90,17,99,37.4
30053540,3,shortness of breath,6,107,134,80,20,95,35.8
30053541,2,headache,6,79,112,79,13,96,38.4
30053542,3,fall,4,71,170,57,19,99,36.0
30053543,3,headache,6,80,122,75,11,100,35.7
30053544,2,chest pain,7,83,113,68,17,94,36.7
30053545,3,shortness of breath,1,68,123,85,21,97,37.2
30053546,3,knee pain,0,79,173,97,17,100,36.2
30053547,3,shortness of breath,2,78,127,58,14,94,37.6
30053548,3,abdominal pain,4,102,151,108,23,97,37.0
30053549,3,knee pain,3,100,128,88,21,98,37.2
30053550,4,knee pain,6,78,137,43,23,94,36.1
30053551,3,anxiety,3,70,121,61,14,97,36.2
30053552,3,headache,4,65,128,92,25,95,37.8
30053553,3,chest pain,0,78,105,74,19,95,36.0
30053554,2,headache,7,71,124,95,18,93,36.9
30053555,4,fever,0,116,117,82,17,97,38.4
30053556,3,knee pain,4,81,98,90,8,99,36.6
30053557,3,fall,5,102,133,77,17,90,37.1
30053558,1,anxiety,9,85,124,70,15,94,36.0
30053559,3,back pain,5,81,144,72,25,100,36.9
30053560,4,back pain,1,62,140,88,18,100,36.9
30053561,3,anxiety,2,84,91,86,13,91,36.3
30053562,3,fever,3,71,96,88,23,96,38.7
30053563,3,laceration,5,96,100,69,19,100,35.0
30053564,4,back pain,2,88,105,77,18,100,36.6
30053565,4,laceration,7,69,156,98,17,96,36.2
30053566,3,abdominal pain,2,91,141,100,14,96,36.8
30053567,2,chest pain,6,85,122,59,20,98,37.3
30053568,3,back pain,4,76,101,85,20,94,38.4
30053569,3,fever,1,81,154,74,19,99,38.1
30053570,2,fall,10,79,99,113,20,100,36.5
30053571,2,abdominal pain,8,91,154,82,14,93,36.5
30053572,4,abdominal pain,1,58,140,95,19,94,38.0
30053573,1,fever,7,69,111,92,19,100,37.1
30053574,3,fever,7,87,104,71,18,94,37.5
30053575,3,chest pain,7,81,158,78,14,95,36.8
30053576,3,fall,4,95,115,106,22,97,38.2
30053577,4,knee pain,0,67,114,90,9,97,36.0
30053578,3,knee pain,4,75,156,65,23,98,36.3
30053579,3,anxiety,4,63,154,60,17,93,36.7
30053580,3,knee pain,1,93,110,74,19,97,38.0
30053581,3,headache,4,90,113,28,14,91,37.5
30053582,3,chest pain,6,73,93,94,25,96,36.8
30053583,2,knee pain,7,92,121,64,12,96,36.2
30053584,4,back pain,4,96,141,54,15,99,37.8
30053585,2,abdominal pain,9,73,125,74,14,89,37.2
30053586,4,laceration,3,99,125,58,17,96,37.5
30053587,3,knee pain,0,90,124,63,24,99,38.6
30053588,3,back pain,1,86,160,98,23,97,36.3
30053589,3,headache,4,59,134,72,16,95,36.0
30053590,3,abdominal pain,1,80,100,102,12,90,37.3
30053591,3,headache,1,56,142,80,14,93,35.6
30053592,3,shortness of breath,1,56,83,77,23,100,35.8
30053593,2,headache,8,90,151,74,17,98,37.2
30053594,5,shortness of breath,1,79,122,80,19,90,38.5
30053595,4,laceration,3,89,76,87,19,97,38.3
30053596,4,abdominal pain,2,51,137,70,18,98,37.9
30053597,3,shortness of breath,7,79,149,87,16,91,37.4
30053598,5,abdominal pain,4,86,117,102,18,98,37.2
30053599,5,abdominal pain,4,104,116,64,22,90,37.7
30053600,4,headache,7,58,137,88,17,98,38.2
30053601,4,fall,1,91,130,51,18,92,36.7
30053602,3,back pain,0,69,101,85,12,99,36.1
30053603,3,shortness of breath,3,73,101,59,12,100,37.4
30053604,3,headache,0,86,94,56,22,96,35.3
30053605,3,fall,5,115,116,90,18,98,37.8
30053606,2,anxiety,9,89,141,76,24,97,36.5
30053607,3,chest pain,0,78,85,86,21,95,37.3
30053608,3,fever,6,85,117,66,24,98,34.3
30053609,1,headache,6,113,109,57,20,100,37.2
30053610,2,headache,10,90,142,97,12,100,38.2
30053611,1,chest pain,7,99,106,90,18,99,37.9
30053612,3,abdominal pain,7,79,158,92,24,99,37.1
30053613,5,fever,5,69,128,61,19,100,37.8
30053614,3,back pain,4,44,135,83,14,96,35.7
30053615,4,headache,2,94,112,98,10,98,37.1
30053616,3,fever,6,86,119,86,12,97,36.9
30053617,2,shortness of breath,8,116,114,100,20,94,36.8
30053618,4,laceration,1,69,119,92,18,98,36.5
30053619,5,chest pain,0,76,136,86,13,92,35.6
30053620,2,headache,8,88,100,101,16,97,37.1
30053621,4,anxiety,1,97,104,94,20,98,36.7
30053622,2,back pain,10,96,97,86,9,97,38.1
30053623,4,anxiety,7,91,119,83,18,91,36.3
30053624,4,abdominal pain,0,94,123,69,30,96,36.6
30053625,4,fever,4,74,128,86,18,94,35.3
30053626,2,laceration,9,112,123,63,18,100,36.5
30053627,3,fall,2,85,125,93,22,92,36.8
30053628,4,headache,2,61,112,102,15,96,37.1
30053629,4,fall,2,79,140,65,19,95,35.9
30053630,3,abdominal pain,2,92,118,48,18,100,36.6
30053631,4,fever,4,95,124,98,19,88,37.9
30053632,3,back pain,1,95,144,73,23,98,36.0
30053633,4,shortness of breath,7,93,154,66,22,95,36.2
30053634,3,anxiety,6,80,140,101,18,99,35.8
30053635,3,fever,3,108,146,84,16,97,37.1
30053636,2,fever,10,79,74,84,16,98,36.1
30053637,4,chest pain,7,62,148,80,11,98,37.9
30053638,2,headache,10,92,142,94,24,97,37.6
30053639,3,fever,7,103,165,78,20,95,36.2
30053640,2,chest pain,10,104,130,71,22,95,37.6
30053641,3,chest pain,3,118,115,78,22,100,37.7
30053642,4,laceration,4,96,143,84,14,95,37.9
30053643,3,chest pain,5,79,127,68,18,98,37.3
30053644,3,back pain,7,112,111,60,16,97,36.6
30053645,3,laceration,1,81,122,83,22,97,36.8
30053646,2,knee pain,7,109,101,104,17,94,37.8
30053647,3,fever,2,105,100,96,11,96,36.4
30053648,3,fever,6,86,129,72,23,94,36.1
30053649,4,knee pain,3,81,138,83,21,98,37.3
30053650,3,chest pain,4,76,99,86,16,98,37.6
30053651,3,fever,5,90,165,68,24,100,36.5
30053652,3,back pain,2,88,127,89,19,98,36.7
30053653,3,fall,3,102,155,63,21,100,37.8
30053654,3,fall,3,70,152,84,24,97,37.8
30053655,2,anxiety,8,78,163,105,16,98,36.9
30053656,3,knee pain,6,93,96,85,18,98,37.0
30053657,5,abdominal pain,6,114,118,109,20,97,37.7
30053658,4,shortness of breath,4,90,139,106,22,97,37.7
30053659,3,fall,0,99,119,52,23,99,36.1
30053660,3,headache,1,91,111,56,20,95,38.2
30053661,4,shortness of breath,3,63,122,68,17,97,37.2
30053662,3,chest pain,5,77,151,70,7,93,35.4
30053663,4,knee pain,1,86,138,81,22,98,37.4
30053664,3,back pain,0,121,140,81,17,96,37.3
30053665,3,shortness of breath,0,91,140,70,21,96,35.8
30053666,3,fever,7,76,130,93,20,97,37.2
30053667,2,anxiety,8,66,80,61,22,100,37.9
30053668,3,knee pain,7,80,124,78,15,95,37.0
30053669,2,back pain,7,102,130,100,18,100,37.7
30053670,5,shortness of breath,4,82,127,77,12,95,38.4
30053671,1,fever,7,86,113,79,16,97,37.0
30053672,3,shortness of breath,1,44,130,75,13,90,36.6
30053673,3,anxiety,7,88,93,75,18,100,36.5
30053674,2,chest pain,8,76,155,74,14,96,37.1
30053675,1,shortness of breath,7,98,120,100,21,100,36.6
30053676,2,chest pain,7,94,114,65,13,96,37.7
30053677,3,anxiety,4,94,95,79,21,91,36.8
30053678,3,back pain,0,74,90,70,15,100,36.5
30053679,4,headache,2,80,111,79,23,100,36.0
30053680,4,headache,2,95,98,79,23,97,37.2
30053681,3,shortness of breath,6,83,120,78,18,93,36.8
30053682,3,fever,0,42,126,101,18,95,37.1
30053683,3,chest pain,6,115,145,62,23,99,37.1
30053684,3,abdominal pain,3,96,121,107,20,100,38.0
30053685,3,fever,4,106,135,77,19,97,37.6
30053686,2,laceration,6,79,145,79,16,98,36.7
30053687,3,anxiety,4,94,144,79,20,100,39.2
30053688,3,shortness of breath,6,103,127,75,18,97,37.6
30053689,3,fall,0,87,136,92,13,89,38.2
30053690,3,laceration,5,132,54,87,25,97,37.0
30053691,2,chest pain,8,62,137,93,22,95,37.1
30053692,3,laceration,2,84,134,86,28,97,36.9
30053693,2,laceration,8,113,132,73,15,96,37.6
30053694,5,shortness of breath,7,82,103,73,18,99,36.6
30053695,2,fall,7,88,130,74,16,99,37.4
30053696,3,laceration,1,85,173,81,10,96,37.8
30053697,3,fall,7,80,125,75,19,96,36.5
30053698,3,shortness of breath,3,78,100,103,18,95,38.1
30053699,3,back pain,5,79,132,73,19,99,37.2
30053700,3,laceration,0,69,106,96,19,99,37.8
30053701,3,headache,6,54,135,66,15,93,36.4
30053702,2,shortness of breath,6,42,116,69,26,99,37.2
30053703,1,abdominal pain,8,109,144,85,20,92,36.8
30053704,3,fever,5,76,107,56,20,100,36.9
30053705,3,abdominal pain,1,106,142,78,22,100,36.8
30053706,3,anxiety,1,83,149,76,10,97,36.0
30053707,3,chest pain,1,79,145,90,19,98,37.5
30053708,2,laceration,10,79,141,84,12,98,37.9
30053709,3,fever,2,77,142,70,20,91,36.5
30053710,2,headache,7,72,83,83,11,98,36.5
30053711,3,headache,1,68,142,77,21,100,37.3
30053712,3,shortness of breath,0,87,133,100,17,93,37.0
30053713,4,chest pain,2,103,133,61,22,98,37.0
30053714,1,chest pain,10,76,115,87,18,97,36.5
30053715,3,anxiety,4,84,140,76,24,93,36.8
30053716,3,abdominal pain,6,91,86,78,11,96,37.8
30053717,3,chest pain,2,84,138,112,5,94,37.4
30053718,4,fever,4,98,118,79,15,96,37.2
30053719,3,anxiety,2,92,141,105,19,92,37.0
30053720,5,chest pain,5,78,109,85,21,94,37.3
30053721,1,headache,7,100,103,92,29,100,36.5
30053722,1,back pain,6,102,120,62,15,90,37.7
30053723,4,abdominal pain,1,86,112,103,24,92,37.7
30053724,4,abdominal pain,0,118,139,80,14,98,35.9
30053725,4,anxiety,2,80,102,83,14,100,37.2
30053726,4,shortness of breath,3,71,128,88,14,98,37.6
30053727,2,knee pain,6,96,125,77,15,96,35.2
30053728,4,headache,6,68,139,79,18,96,36.4
30053729,5,knee pain,7,49,126,81,23,94,37.2
30053730,3,back pain,5,79,94,72,12,98,36.2
30053731,3,shortness of breath,2,83,156,70,16,97,36.9
30053732,3,knee pain,6,96,124,67,21,96,38.3
30053733,3,abdominal pain,2,77,105,82,9,94,36.8
30053734,3,fall,6,73,114,53,26,97,36.3
30053735,3,chest pain,0,91,119,117,24,96,37.3
30053736,1,shortness of breath,8,76,126,115,18,93,36.5
30053737,4,fever,7,69,144,91,17,94,36.2
30053738,5,shortness of breath,0,99,154,69,17,92,36.0
30053739,4,back pain,5,107,116,86,17,99,35.7
30053740,4,back pain,3,72,115,71,12,96,36.5
30053741,3,knee pain,7,57,141,62,17,98,36.2
30053742,5,abdominal pain,6,76,133,86,18,97,37.8
30053743,2,abdominal pain,10,94,157,106,16,97,36.6
30053744,3,fever,0,107,140,68,15,100,35.7
30053745,4,back pain,7,81,122,75,16,95,37.0
30053746,2,fever,9,87,124,104,18,96,36.1
30053747,2,laceration,8,73,133,98,25,97,36.4
30053748,3,anxiety,7,96,113,72,19,97,37.4
30053749,2,anxiety,7,91,119,75,20,98,37.0
30053750,3,fall,0,86,107,60,18,95,36.5
30053751,3,fever,4,77,120,94,17,93,36.3
30053752,2,headache,8,77,122,66,23,96,37.6
30053753,3,anxiety,1,99,144,108,15,96,38.1
30053754,3,anxiety,2,99,161,71,21,100,36.6
30053755,2,fever,6,64,136,82,22,95,36.0
30053756,3,anxiety,2,97,162,71,19,100,38.0
30053757,3,headache,3,106,130,50,17,96,36.7
30053758,4,headache,4,82,123,84,20,100,37.1
30053759,4,headache,2,91,128,84,19,97,37.2
30053760,3,knee pain,1,54,153,72,13,92,36.5
30053761,3,back pain,2,79,79,74,23,94,37.4
30053762,3,laceration,7,82,141,52,13,96,36.1
30053763,3,laceration,3,109,135,74,15,99,38.2
30053764,4,chest pain,4,93,142,92,18,94,38.8
30053765,5,knee pain,6,68,99,62,13,95,36.9
30053766,3,anxiety,0,105,120,85,21,97,36.6
30053767,2,back pain,10,90,119,68,21,97,37.4
30053768,3,fever,2,70,94,93,23,94,35.3
30053769,3,abdominal pain,3,93,102,85,17,94,35.6
30053770,1,chest pain,10,47,138,85,20,96,37.9
30053771,3,abdominal pain,7,98,132,67,28,100,37.8
30053772,3,laceration,0,75,154,90,18,95,37.7
30053773,3,laceration,2,63,112,111,24,97,36.8
30053774,4,fever,4,75,139,91,14,99,37.9
30053775,3,knee pain,4,74,136,80,23,98,38.7
30053776,2,shortness of breath,10,104,99,86,11,96,35.6
30053777,2,fall,7,69,132,89,18,93,38.6
30053778,4,abdominal pain,4,81,107,98,23,96,36.6
30053779,3,chest pain,3,97,154,76,18,100,37.4
30053780,3,fever,5,82,102,73,12,93,38.0
30053781,4,anxiety,7,67,158,72,9,96,37.1
30053782,3,abdominal pain,3,59,155,72,22,96,35.5
30053783,4,headache,3,78,132,87,10,96,35.7
30053784,1,shortness of breath,9,83,113,103,19,98,36.5
30053785,3,fever,1,77,108,93,23,91,36.6
30053786,3,back pain,7,62,87,63,11,96,36.3
30053787,3,knee pain,3,86,156,116,13,100,36.7
30053788,4,anxiety,7,134,128,92,26,94,37.1
30053789,3,fever,7,72,141,66,18,99,38.3
30053790,3,shortness of breath,2,42,123,76,15,100,37.4
30053791,3,knee pain,1,88,98,102,16,100,37.6
30053792,3,anxiety,7,79,107,68,20,100,36.5
30053793,3,knee pain,7,81,117,85,13,96,37.9
30053794,4,knee pain,1,90,162,64,25,89,36.4
30053795,3,fall,2,106,114,60,20,100,36.6
30053796,3,fever,2,79,152,87,22,99,36.6
30053797,3,fall,7,65,116,78,19,99,37.9
30053798,2,anxiety,8,76,138,76,20,93,37.0
30053799,3,back pain,5,72,124,52,19,95,35.8
30053800,3,shortness of breath,3,87,115,84,18,95,36.9
30053801,4,anxiety,5,106,115,75,16,96,37.1
30053802,3,abdominal pain,0,85,120,97,17,95,36.7
30053803,1,fever,9,88,111,64,17,98,36.8
30053804,3,fever,7,58,127,80,11,93,35.7
30053805,3,fever,7,86,128,77,25,100,36.9
30053806,3,headache,6,86,105,63,17,98,36.7
30053807,3,fall,3,96,123,113,11,100,37.8
30053808,5,anxiety,6,79,144,67,17,100,36.8
30053809,1,back pain,9,74,126,73,28,99,36.4
30053810,3,fall,2,61,124,65,24,96,37.0
30053811,3,fever,3,97,144,81,18,96,36.1
30053812,3,headache,2,98,137,99,10,100,37.4
30053813,4,headache,3,98,111,81,19,96,37.6
30053814,4,laceration,5,60,126,74,14,95,35.7
30053815,3,back pain,2,84,118,68,19,95,36.5
30053816,3,fall,2,88,114,75,23,100,38.1
30053817,2,shortness of breath,7,97,129,62,17,97,36.8
30053818,1,shortness of breath,8,109,108,98,22,92,37.0
30053819,4,chest pain,7,93,81,93,15,100,37.6
30053820,3,fall,7,74,122,73,20,99,38.9
30053821,3,chest pain,4,113,149,77,20,100,36.5
30053822,4,back pain,5,92,125,66,18,96,37.6
30053823,3,headache,4,71,165,86,12,100,37.9
30053824,3,laceration,7,60,117,90,17,97,36.7
30053825,3,headache,1,74,114,72,24,94,36.1
30053826,3,fall,3,64,134,101,22,97,37.8
30053827,3,laceration,4,101,146,97,10,92,36.6
30053828,1,fever,9,97,109,71,21,97,36.6
30053829,4,chest pain,0,81,119,70,17,95,37.4
30053830,4,laceration,5,100,91,112,26,100,37.8
30053831,3,abdominal pain,4,109,117,77,11,99,35.3
30053832,3,back pain,2,92,118,80,22,92,37.5
30053833,3,fever,3,85,151,105,18,99,35.6
30053834,3,fever,5,78,125,59,10,100,35.9
30053835,3,fever,6,96,114,94,21,94,36.8
30053836,1,fever,10,96,112,101,17,100,35.2
30053837,3,chest pain,0,77,125,79,20,100,37.1
30053838,4,abdominal pain,2,106,136,72,16,93,37.5
30053839,2,headache,8,92,117,56,13,96,37.4
30053840,3,chest pain,4,80,117,74,21,98,37.7
30053841,3,anxiety,1,77,138,75,18,95,37.9
30053842,2,fall,9,79,112,85,23,96,37.1
30053843,2,anxiety,9,74,97,89,16,97,35.9
30053844,3,knee pain,7,81,131,41,17,97,36.8
30053845,3,fever,6,76,121,56,15,93,37.4
30053846,3,laceration,2,94,147,71,19,100,37.9
30053847,1,chest pain,6,65,139,69,18,100,36.7
30053848,4,headache,4,68,119,79,24,96,36.8
30053849,2,anxiety,9,72,120,69,19,94,36.5
30053850,3,anxiety,4,67,93,100,10,97,36.4
30053851,4,shortness of breath,7,77,132,97,15,100,37.4
30053852,4,headache,4,67,156,65,18,94,38.6
30053853,4,knee pain,7,109,125,97,15,100,37.0
30053854,3,fall,7,87,110,88,23,95,37.0
30053855,4,back pain,6,85,108,85,14,98,38.4
30053856,3,knee pain,0,57,108,90,12,98,36.3
30053857,4,fever,4,71,133,62,22,97,37.8
30053858,3,headache,0,113,131,88,21,94,38.0
30053859,2,shortness of breath,7,52,136,83,20,99,37.6
30053860,3,fever,5,56,133,101,17,98,35.9
30053861,2,fall,6,87,122,76,24,97,37.5
30053862,2,chest pain,10,72,131,111,15,98,36.6
30053863,3,knee pain,7,78,131,67,14,96,37.5
30053864,3,shortness of breath,0,74,143,103,13,94,36.7
30053865,2,anxiety,10,94,108,130,23,95,36.5
30053866,3,knee pain,0,69,115,86,16,100,36.9
30053867,3,anxiety,2,119,98,72,13,91,36.5
30053868,3,fall,4,87,129,81,23,100,36.7
30053869,4,fever,1,88,113,92,18,97,36.4
30053870,3,shortness of breath,3,87,132,81,17,98,38.5
30053871,4,anxiety,6,71,132,100,15,97,36.9
30053872,2,abdominal pain,9,114,120,54,18,95,37.1
30053873,2,laceration,8,83,117,80,23,98,36.8
30053874,3,fall,5,75,115,70,25,93,35.0
30053875,3,abdominal pain,1,81,116,95,20,96,36.2
30053876,3,headache,0,65,91,57,20,94,38.6
30053877,1,headache,8,65,115,68,16,100,37.6
30053878,3,laceration,3,76,113,90,19,95,35.6
30053879,3,knee pain,4,82,115,77,20,97,37.7
30053880,3,chest pain,3,100,136,93,27,100,37.7
30053881,3,headache,7,92,126,88,20,99,36.2
30053882,3,laceration,3,97,110,100,23,100,36.4
30053883,3,knee pain,3,73,158,95,10,94,37.6
30053884,3,chest pain,0,94,159,91,15,100,38.4
30053885,3,abdominal pain,3,115,146,66,19,95,35.6
30053886,1,fall,6,105,149,52,19,94,36.8
30053887,3,knee pain,0,88,134,94,11,92,38.1
30053888,3,abdominal pain,1,83,135,90,21,97,37.3
30053889,5,back pain,2,85,143,76,17,93,37.2
30053890,3,abdominal pain,7,104,123,63,18,100,37.3
30053891,4,knee pain,0,56,90,92,17,96,36.4
30053892,3,knee pain,0,80,83,79,19,98,36.8
30053893,3,fever,3,91,141,111,20,91,37.0
30053894,3,fever,2,73,151,75,19,100,38.0
30053895,3,fall,1,97,134,66,19,96,37.0
30053896,4,laceration,6,85,140,69,21,99,37.4
30053897,3,fall,6,86,141,68,18,96,36.8
30053898,4,back pain,2,74,138,83,20,96,37.6
30053899,3,chest pain,3,133,104,96,17,100,36.5
30053900,2,laceration,9,100,91,85,13,95,37.8
30053901,3,laceration,6,82,146,60,7,98,36.1
30053902,2,chest pain,7,89,136,60,18,100,37.0
30053903,1,chest pain,6,41,131,57,17,94,36.3
30053904,3,fall,5,87,113,77,26,94,37.1
30053905,3,knee pain,2,81,130,102,20,96,37.3
30053906,3,fall,2,66,116,61,17,95,36.3
30053907,3,abdominal pain,3,76,153,94,17,98,34.5
30053908,2,anxiety,9,53,131,67,18,98,36.6
30053909,3,shortness of breath,0,82,119,104,19,92,37.3
30053910,3,shortness of breath,7,72,131,83,26,100,38.5
30053911,3,shortness of breath,4,80,105,75,16,100,37.6
30053912,4,shortness of breath,3,87,106,88,23,92,36.9
30053913,3,laceration,1,92,105,65,21,99,37.4
30053914,3,headache,0,61,131,79,16,100,38.1
30053915,3,anxiety,2,91,139,68,17,98,38.4
30053916,2,headache,10,83,110,111,20,92,37.2
30053917,3,headache,7,102,105,86,18,94,36.3
30053918,1,abdominal pain,10,93,105,69,17,97,37.9
30053919,1,fever,6,92,167,103,20,98,36.7
30053920,4,abdominal pain,2,103,101,87,20,95,37.3
30053921,4,knee pain,0,91,147,68,11,100,37.1
30053922,2,laceration,7,77,97,70,17,95,36.8
30053923,5,fall,6,94,147,111,15,97,36.4
30053924,5,fall,4,68,128,109,18,92,36.9
30053925,4,headache,7,84,124,74,17,97,36.5
30053926,3,fall,4,106,127,64,13,93,36.9
30053927,2,laceration,8,64,106,84,12,96,36.9
30053928,4,laceration,6,95,124,82,15,100,37.5
30053929,3,shortness of breath,2,85,110,75,22,95,38.1
30053930,3,chest pain,3,77,107,80,17,98,38.9
30053931,2,knee pain,9,85,146,64,25,100,36.5
30053932,3,shortness of breath,2,80,112,103,18,97,36.7
30053933,5,laceration,6,83,126,88,21,100,38.0
30053934,3,back pain,4,70,103,82,16,97,38.3
30053935,4,fever,2,57,82,71,24,100,37.7
30053936,3,knee pain,3,45,128,73,27,94,36.5
30053937,2,laceration,10,86,136,98,25,98,36.8
30053938,3,laceration,4,96,110,85,20,95,37.3
30053939,1,chest pain,8,81,111,93,20,98,36.5
30053940,3,abdominal pain,7,101,141,84,23,95,36.2
30053941,4,anxiety,1,95,178,89,22,99,37.6
30053942,3,anxiety,3,102,129,92,22,92,37.4
30053943,5,laceration,4,89,111,75,17,97,36.6
30053944,3,fever,2,82,119,90,21,95,38.2
30053945,2,back pain,9,97,96,80,17,95,35.7
30053946,2,laceration,9,65,143,76,24,97,37.6
30053947,3,headache,3,76,151,97,14,97,37.1
30053948,4,back pain,5,87,127,68,24,98,36.0
30053949,3,knee pain,0,88,158,107,20,94,37.0
30053950,5,knee pain,7,99,112,69,16,96,36.8
30053951,3,abdominal pain,1,94,122,83,17,100,37.1
30053952,3,abdominal pain,7,98,118,84,18,95,36.4
30053953,4,laceration,3,93,121,60,24,95,36.6
30053954,4,headache,5,74,113,69,13,98,38.0
30053955,1,chest pain,10,61,122,77,14,100,37.0
30053956,2,knee pain,8,94,131,82,17,100,36.8
30053957,3,shortness of breath,4,84,128,72,20,95,36.4
30053958,3,back pain,0,69,114,77,19,100,37.9
30053959,3,shortness of breath,7,88,87,78,22,100,36.9
30053960,2,laceration,7,99,130,77,24,93,36.8
30053961,3,abdominal pain,5,84,80,93,15,95,37.5
30053962,3,headache,0,75,133,55,19,100,37.1
30053963,5,back pain,5,77,97,97,12,93,35.8
30053964,2,fall,6,123,122,66,16,97,36.5
30053965,3,anxiety,4,86,128,98,16,98,37.4
30053966,3,back pain,3,74,93,86,16,100,37.4
30053967,3,chest pain,7,102,126,79,15,100,37.3
30053968,4,abdominal pain,3,91,120,84,24,96,37.4
30053969,3,fever,2,95,100,99,16,96,36.2
30053970,3,knee pain,7,69,137,80,21,95,38.2
30053971,3,anxiety,4,76,114,87,15,96,38.2
30053972,3,laceration,2,89,119,90,14,93,36.8
30053973,3,knee pain,0,94,141,82,16,100,36.2
30053974,2,anxiety,8,98,150,93,13,95,37.4
30053975,4,anxiety,2,82,107,73,14,94,38.1
30053976,3,fall,4,94,154,105,15,94,37.8
30053977,3,laceration,3,124,87,67,19,94,36.6
30053978,3,chest pain,5,99,124,72,14,91,37.7
30053979,2,abdominal pain,8,89,126,87,20,97,37.2
30053980,1,anxiety,8,74,164,91,15,98,37.4
30053981,3,anxiety,0,90,143,70,16,94,36.1
30053982,1,headache,8,54,119,59,22,93,37.3
30053983,1,headache,8,84,123,77,14,100,37.5
30053984,2,fever,7,62,122,65,21,99,35.8
30053985,3,laceration,1,100,160,89,19,95,37.7
30053986,5,back pain,4,71,111,92,19,97,36.7
30053987,5,laceration,1,93,155,72,23,100,35.8
30053988,2,abdominal pain,8,58,149,114,15,95,35.9
30053989,2,fever,7,92,114,73,22,99,35.4
30053990,3,fall,7,96,117,81,15,94,37.3
30053991,4,headache,0,83,162,101,14,100,36.5
30053992,3,fall,7,95,76,85,18,93,37.0
30053993,4,fall,6,65,130,82,20,100,37.5
30053994,2,fall,6,68,115,73,18,100,37.1
30053995,1,abdominal pain,6,98,144,68,23,98,38.5
30053996,3,shortness of breath,7,97,160,98,23,95,36.1
30053997,2,chest pain,6,72,138,94,22,98,37.1
30053998,3,shortness of breath,2,95,119,106,14,98,38.3
30053999,4,abdominal pain,3,85,150,76,22,96,36.7
30054000,3,laceration,1,82,152,99,17,97,37.3
30054001,2,abdominal pain,6,81,83,60,18,96,39.0
30054002,5,chest pain,1,110,101,68,19,100,37.2
30054003,1,chest pain,6,97,117,85,14,95,37.5
30054004,3,laceration,7,106,123,77,20,92,38.1
30054005,4,laceration,3,104,119,86,17,95,35.9
30054006,2,knee pain,7,69,165,85,17,95,36.3
30054007,3,abdominal pain,0,69,150,106,18,94,36.8
30054008,3,chest pain,3,72,121,85,19,93,36.9
30054009,4,laceration,4,74,133,101,18,93,37.9
30054010,4,abdominal pain,0,81,97,89,24,96,35.3
30054011,3,shortness of breath,4,114,158,80,12,95,37.0
30054012,3,abdominal pain,2,88,102,88,14,97,37.3
30054013,3,headache,2,93,137,90,26,98,37.6
30054014,5,anxiety,5,91,127,90,28,95,36.4
30054015,3,knee pain,6,67,109,81,15,96,36.7
30054016,4,fall,5,88,115,74,12,100,37.7
30054017,3,anxiety,1,90,106,84,19,96,37.1
30054018,2,back pain,6,103,111,88,21,97,36.2
30054019,1,chest pain,7,79,132,90,15,100,37.5
30054020,3,fall,4,99,141,53,20,94,36.6
30054021,4,fall,2,77,115,98,20,94,37.5
30054022,3,shortness of breath,0,84,129,88,19,100,36.7
30054023,5,back pain,5,86,91,97,19,95,37.3
30054024,2,back pain,7,110,82,76,15,96,36.2
30054025,1,back pain,7,86,144,82,16,98,36.4
30054026,3,headache,0,76,96,64,16,98,37.1
30054027,2,fever,9,54,105,89,19,98,37.0
30054028,1,chest pain,10,90,121,64,25,98,35.9
30054029,5,fall,7,84,90,97,11,97,37.3
30054030,3,fall,1,108,107,88,16,98,35.5
30054031,3,shortness of breath,0,54,150,83,15,100,35.6
30054032,2,fever,10,74,126,75,21,99,36.7
30054033,2,shortness of breath,7,76,131,76,22,94,35.9
30054034,2,shortness of breath,10,75,71,79,15,99,36.2
30054035,3,anxiety,3,93,112,100,12,94,36.5
30054036,4,back pain,3,87,99,56,12,97,37.4
30054037,3,knee pain,3,88,104,81,21,94,37.4
30054038,3,back pain,3,90,133,67,23,100,37.4
30054039,1,abdominal pain,7,72,103,87,15,95,35.3
30054040,3,knee pain,1,111,102,82,11,98,36.5
30054041,2,fall,8,85,114,70,19,100,36.6
30054042,3,knee pain,5,51,119,87,19,98,35.7
30054043,3,back pain,5,72,124,86,24,94,37.8
30054044,3,shortness of breath,2,90,124,63,21,97,35.6
30054045,2,fall,6,67,147,72,19,96,36.7
30054046,3,headache,0,81,129,102,15,98,37.3
30054047,4,abdominal pain,1,87,117,83,19,100,36.8
30054048,3,headache,1,103,121,83,19,98,36.7
30054049,5,anxiety,5,90,155,101,18,97,34.8
30054050,3,chest pain,2,68,138,80,14,95,36.0
30054051,3,headache,0,82,109,82,18,95,36.6
30054052,3,abdominal pain,0,90,143,98,17,96,35.9
30054053,2,back pain,7,86,135,78,21,96,37.5
30054054,1,knee pain,6,83,133,83,18,97,37.8
30054055,4,back pain,1,98,132,97,21,99,38.0
30054056,2,fever,6,90,132,47,15,94,37.3
30054057,3,headache,7,73,136,61,21,100,36.5
30054058,3,fall,2,101,100,91,19,94,36.9
30054059,1,headache,7,104,131,51,12,99,38.4
30054060,3,headache,4,85,98,81,10,98,37.0
30054061,4,headache,4,73,140,62,17,95,36.2
30054062,4,headache,6,80,106,58,21,95,38.0
30054063,3,abdominal pain,4,101,123,60,15,100,37.9
30054064,3,knee pain,6,67,132,57,20,94,37.2
30054065,3,fall,4,77,118,87,28,98,37.6
30054066,3,back pain,5,103,134,120,19,100,37.7
30054067,2,anxiety,10,85,123,71,20,100,36.8
30054068,3,shortness of breath,4,52,161,87,16,96,36.7
30054069,3,knee pain,6,68,149,106,21,99,36.6
30054070,4,anxiety,7,64,116,89,19,96,39.1
30054071,4,fever,2,100,102,76,21,100,36.9
30054072,3,abdominal pain,1,109,98,83,21,100,37.3
30054073,3,chest pain,0,81,101,76,19,98,37.4
30054074,5,chest pain,5,89,117,106,20,100,37.7
30054075,3,laceration,1,84,147,45,15,97,38.0
30054076,4,fever,0,80,139,91,25,94,36.8
30054077,3,anxiety,0,68,114,70,19,100,37.2
30054078,5,laceration,5,72,98,69,14,95,36.7
30054079,4,shortness of breath,5,67,149,72,19,96,36.8
30054080,2,fall,8,97,86,90,15,93,37.3
30054081,3,headache,6,55,119,85,11,96,38.8
30054082,3,shortness of breath,4,58,95,69,18,98,37.7
30054083,4,chest pain,3,67,124,64,19,99,37.4
30054084,3,anxiety,4,102,128,72,26,100,37.4
30054085,3,headache,3,81,131,55,12,99,36.1
30054086,3,knee pain,5,120,150,87,18,95,35.8
30054087,2,knee pain,7,71,120,91,11,98,37.3
30054088,4,chest pain,6,91,129,75,25,97,36.2
30054089,2,laceration,8,79,120,93,21,99,37.4
30054090,3,shortness of breath,1,81,136,71,23,94,36.9
30054091,2,headache,6,92,131,93,20,89,36.5
30054092,5,knee pain,4,75,135,69,19,96,36.8
30054093,3,abdominal pain,6,70,133,68,14,97,36.3
30054094,3,anxiety,4,105,155,101,16,98,37.8
30054095,3,chest pain,7,99,155,73,9,95,37.4
30054096,3,headache,5,101,97,62,20,100,37.1
30054097,3,laceration,2,90,149,76,24,95,36.4
30054098,3,back pain,7,80,144,78,18,97,36.8
30054099,3,back pain,1,95,113,86,21,98,38.3
30054100,5,anxiety,0,108,125,76,21,97,38.0
30054101,2,knee pain,10,104,142,91,14,98,37.2
30054102,3,fever,0,79,133,53,18,97,37.9
30054103,2,anxiety,7,95,120,78,20,98,36.8
30054104,1,abdominal pain,10,93,154,94,14,98,38.9
30054105,3,chest pain,5,86,96,57,12,94,37.5
30054106,4,laceration,0,46,143,59,20,94,37.6
30054107,3,fall,7,71,126,104,27,97,36.3
30054108,3,abdominal pain,5,89,120,66,14,95,37.7
30054109,4,chest pain,6,90,143,90,17,96,37.8
30054110,3,anxiety,1,92,128,85,12,95,37.0
30054111,3,abdominal pain,1,101,103,90,21,97,37.2
30054112,2,fall,8,72,125,79,18,97,36.8
30054113,4,chest pain,1,82,133,76,9,97,36.6
30054114,2,fall,10,76,119,94,16,94,37.8
30054115,3,abdominal pain,2,112,107,107,17,98,36.4
30054116,3,chest pain,4,66,125,81,23,93,36.5
30054117,4,fall,4,76,119,61,17,97,36.7
30054118,5,fever,2,69,136,81,15,99,37.4
30054119,1,laceration,8,92,97,95,16,97,37.3
30054120,4,anxiety,7,101,141,89,11,98,38.4
30054121,3,back pain,0,86,126,88,24,100,38.0
30054122,3,abdominal pain,2,76,81,64,12,92,36.6
30054123,3,knee pain,7,87,89,110,29,97,36.5
30054124,4,laceration,2,74,83,78,14,100,37.0
30054125,3,laceration,4,100,74,73,15,97,37.1
30054126,3,anxiety,0,108,91,47,15,97,38.4
30054127,2,shortness of breath,6,62,147,51,13,100,35.7
30054128,2,fever,8,111,110,71,19,98,37.1
30054129,3,anxiety,7,89,110,70,18,98,36.5
30054130,3,anxiety,7,90,146,74,25,92,37.6
30054131,3,shortness of breath,1,85,133,92,19,99,36.3
30054132,3,laceration,4,94,140,54,21,99,38.5
30054133,3,back pain,3,98,117,51,21,94,36.4
30054134,3,headache,1,102,114,53,16,94,37.2
30054135,4,anxiety,1,55,150,61,22,96,37.1
30054136,3,anxiety,1,82,91,93,16,100,35.2
30054137,2,anxiety,9,82,152,94,23,92,37.8
30054138,3,fall,3,92,136,71,10,100,36.5
30054139,2,chest pain,8,95,117,69,21,95,37.2
30054140,3,shortness of breath,6,75,81,87,16,97,37.9
30054141,2,headache,10,89,112,77,18,99,37.1
30054142,3,anxiety,3,88,127,51,14,90,36.7
30054143,4,chest pain,3,92,91,68,17,97,38.2
30054144,4,chest pain,4,63,138,52,24,97,37.2
30054145,2,headache,9,86,127,87,21,96,36.7
30054146,4,abdominal pain,7,69,73,52,20,96,36.9
30054147,4,knee pain,0,85,138,62,19,99,37.7
30054148,3,anxiety,1,92,121,42,7,100,38.6
30054149,4,knee pain,1,83,93,84,20,93,37.3
30054150,3,abdominal pain,6,87,149,92,15,94,36.6
30054151,3,fever,7,86,98,95,13,96,37.1
30054152,3,abdominal pain,5,89,117,109,15,93,36.6
30054153,2,chest pain,8,86,138,77,22,100,36.8
30054154,3,laceration,2,78,113,57,24,95,36.9
30054155,3,anxiety,5,71,158,80,17,98,37.9
30054156,3,chest pain,7,81,122,54,21,92,37.6
30054157,2,abdominal pain,9,88,167,91,14,97,37.4
30054158,3,knee pain,1,86,107,107,24,99,36.3
30054159,3,fever,2,89,131,57,25,96,36.6
30054160,4,headache,1,69,105,79,18,92,36.4
30054161,3,shortness of breath,5,70,116,84,32,97,36.4
30054162,3,fall,0,76,121,70,18,99,37.5
30054163,4,abdominal pain,1,74,137,78,19,96,36.3
30054164,3,back pain,4,77,130,96,7,94,36.7
30054165,3,chest pain,3,95,120,93,20,100,38.3
30054166,3,back pain,6,63,116,60,20,96,35.5
30054167,2,shortness of breath,6,81,147,66,16,100,38.8
30054168,2,fever,7,67,141,74,23,93,36.4
30054169,4,chest pain,7,100,161,69,13,96,37.3
30054170,2,back pain,9,96,140,86,19,100,36.6
30054171,5,fall,6,76,109,56,20,95,37.9
30054172,3,anxiety,7,55,139,94,15,96,36.1
30054173,3,shortness of breath,6,81,85,93,18,97,37.5
30054174,2,chest pain,10,111,155,99,14,96,36.0
30054175,3,headache,2,108,147,88,19,99,37.8
30054176,5,knee pain,5,97,102,68,18,100,36.0
30054177,2,chest pain,10,83,119,86,17,87,37.8
30054178,3,knee pain,7,103,139,75,12,93,37.5
30054179,3,headache,6,84,144,37,19,97,35.8
30054180,3,fall,6,91,112,96,21,99,36.9
30054181,2,back pain,8,61,100,79,11,98,37.7
30054182,1,fall,7,84,147,72,23,94,36.3
30054183,1,abdominal pain,10,73,121,63,16,97,37.9
30054184,3,headache,3,87,123,87,18,100,37.5
30054185,2,laceration,6,87,116,87,17,96,38.0
30054186,2,fever,8,92,117,84,19,96,37.6
30054187,4,knee pain,3,100,143,100,25,98,37.3
30054188,4,fall,5,75,122,94,19,99,37.4
30054189,3,headache,1,84,104,90,21,100,36.4
30054190,3,abdominal pain,5,91,90,80,20,100,37.2
30054191,3,chest pain,3,81,127,87,18,95,38.3
30054192,1,laceration,10,90,109,86,14,97,35.4
30054193,2,fever,6,85,125,95,19,97,37.3
30054194,3,fall,0,81,123,102,23,98,35.7
30054195,2,abdominal pain,6,72,135,86,24,93,37.5
30054196,3,headache,0,88,141,64,18,93,35.5
30054197,4,laceration,6,96,112,73,16,98,38.0
30054198,2,headache,6,69,129,104,17,100,36.6
30054199,2,fever,9,110,139,93,18,98,36.7
30054200,2,back pain,9,79,121,96,20,100,37.5
30054201,3,laceration,7,95,122,51,14,95,36.8
30054202,1,headache,6,73,114,65,11,93,35.7
30054203,4,laceration,1,70,109,83,18,98,37.3
30054204,4,anxiety,0,95,150,74,20,96,36.4
30054205,3,laceration,4,128,133,98,19,98,38.2
30054206,2,knee pain,9,89,111,83,22,97,36.5
30054207,3,shortness of breath,7,90,161,54,19,98,37.4
30054208,3,fever,5,77,117,72,11,95,35.6
30054209,4,back pain,1,79,156,75,18,100,38.7
30054210,4,fall,4,74,162,97,14,97,35.7
30054211,3,anxiety,0,110,118,94,20,93,37.2
30054212,2,fall,9,104,140,78,19,97,37.6
30054213,2,back pain,6,99,117,74,12,99,36.0
30054214,3,fever,6,74,145,81,16,97,35.9
30054215,3,knee pain,7,89,124,127,9,99,37.4
30054216,3,chest pain,0,134,133,63,23,93,36.1
30054217,3,headache,1,109,142,53,14,99,36.1
30054218,3,fever,7,80,131,84,27,98,37.1
30054219,3,shortness of breath,5,82,143,86,20,96,37.1
30054220,2,shortness of breath,7,91,112,86,22,97,37.5
30054221,3,shortness of breath,3,98,122,93,6,98,37.2
30054222,3,headache,4,92,162,94,16,95,36.6
30054223,3,anxiety,7,82,157,71,14,96,37.0
30054224,1,laceration,6,93,88,89,18,94,37.1
30054225,2,fall,7,75,121,94,17,94,37.5
30054226,3,abdominal pain,0,94,145,93,17,95,38.3
30054227,3,fever,1,79,116,91,20,98,37.2
30054228,3,back pain,1,74,111,81,11,100,36.7
30054229,3,anxiety,5,100,135,65,23,88,37.3
30054230,3,laceration,3,92,139,52,18,100,37.4
30054231,4,abdominal pain,4,100,96,113,23,97,36.4
30054232,3,fever,5,97,105,107,21,98,36.4
30054233,5,knee pain,2,85,154,87,16,96,37.1
30054234,2,laceration,6,85,98,75,13,98,37.3
30054235,4,anxiety,0,94,117,78,16,100,38.2
30054236,4,fall,6,75,173,75,11,98,37.6
30054237,2,headache,9,83,145,81,21,100,36.1
30054238,3,laceration,3,70,103,91,16,89,37.0
30054239,3,headache,2,83,125,113,18,96,37.0
30054240,3,back pain,4,68,88,98,17,97,38.0
30054241,3,back pain,2,109,90,61,16,93,38.1
30054242,4,anxiety,5,73,127,68,11,100,37.1
30054243,4,chest pain,3,97,100,79,18,100,37.1
30054244,2,knee pain,7,86,153,76,16,97,36.2
30054245,1,laceration,10,72,94,57,17,95,37.7
30054246,4,anxiety,0,103,115,103,19,96,37.6
30054247,3,chest pain,2,104,137,96,23,98,37.2
30054248,3,fever,2,96,125,113,18,97,36.2
30054249,4,shortness of breath,3,66,141,92,10,99,36.8
30054250,2,chest pain,6,45,125,90,22,93,37.5
30054251,2,anxiety,9,88,124,109,25,99,37.8
30054252,3,abdominal pain,3,103,128,81,23,93,38.2
30054253,3,chest pain,2,68,123,99,20,97,36.8
30054254,3,fall,6,111,136,84,18,92,37.0
30054255,2,shortness of breath,8,77,77,78,19,100,37.3
30054256,2,headache,8,88,158,94,18,94,37.0
30054257,5,laceration,6,88,107,92,12,93,37.0
30054258,2,laceration,8,82,171,80,18,91,36.9
30054259,3,chest pain,1,101,132,78,16,94,36.7
30054260,3,back pain,1,91,114,64,21,99,36.8
30054261,3,fever,6,100,116,66,17,98,37.2
30054262,2,back pain,10,69,97,99,23,93,37.7
30054263,2,knee pain,7,76,129,64,15,100,37.3
30054264,3,fall,2,92,142,83,13,95,37.4
30054265,3,fever,6,77,131,63,13,93,37.4
30054266,2,fall,10,86,131,90,15,98,37.4
30054267,5,laceration,6,113,117,113,10,96,36.7
30054268,3,fall,4,81,123,99,24,98,36.9
30054269,3,fever,3,95,128,62,16,97,37.3
30054270,3,fall,4,94,111,83,25,99,37.2
30054271,3,anxiety,1,49,93,76,18,100,38.0
30054272,4,abdominal pain,1,62,109,88,22,98,36.6
30054273,4,headache,1,70,120,85,23,95,36.5
30054274,4,shortness of breath,0,74,112,68,21,100,36.8
30054275,1,abdominal pain,10,84,153,67,21,99,37.7
30054276,4,anxiety,2,78,142,76,16,100,36.4
30054277,5,fever,3,93,103,111,15,97,37.5
30054278,3,fever,6,100,135,67,13,100,36.2
30054279,2,back pain,10,79,148,92,19,96,36.4
30054280,3,shortness of breath,6,83,127,86,22,96,35.5
30054281,2,abdominal pain,9,95,111,73,22,99,36.3
30054282,2,anxiety,8,104,131,78,13,99,35.6
30054283,3,fever,6,78,145,81,24,93,38.1
30054284,4,headache,7,104,136,67,14,96,36.7
30054285,3,laceration,3,85,124,70,20,100,35.8
30054286,4,chest pain,4,91,129,95,23,94,36.1
30054287,4,shortness of breath,4,105,87,70,9,97,38.2
30054288,3,laceration,6,82,116,48,20,94,36.9
30054289,3,shortness of breath,1,84,124,53,11,100,37.1
30054290,5,fever,5,93,134,69,20,100,36.4
30054291,4,abdominal pain,2,85,150,85,15,95,37.0
30054292,4,shortness of breath,7,91,145,83,18,95,38.1
30054293,3,fall,2,119,177,70,27,96,37.1
30054294,4,fall,6,85,136,95,20,92,35.7
30054295,4,back pain,0,83,116,62,8,96,37.3
30054296,1,abdominal pain,8,101,157,95,23,96,36.6
30054297,3,chest pain,0,79,140,88,19,90,38.3
30054298,4,knee pain,5,68,135,101,25,100,35.8
30054299,3,fall,3,76,97,65,23,97,36.1
30054300,4,fall,6,116,103,67,26,97,37.2
30054301,3,fever,1,81,113,105,20,97,35.5
30054302,1,headache,6,100,155,99,17,100,37.0
30054303,3,fall,0,96,122,71,16,95,35.4
30054304,2,shortness of breath,8,114,119,86,13,98,36.6
30054305,3,fever,2,78,131,71,27,98,36.4
30054306,1,headache,8,87,138,100,16,95,38.6
30054307,3,chest pain,5,80,140,82,22,96,36.4
30054308,3,chest pain,6,66,102,99,18,94,37.1
30054309,5,back pain,5,91,138,90,16,100,36.9
30054310,1,shortness of breath,10,84,136,91,10,94,37.3
30054311,4,fall,4,80,158,90,25,99,37.1
30054312,3,chest pain,1,90,126,74,13,97,37.4
30054313,3,anxiety,6,75,89,84,18,99,37.0
30054314,4,fall,5,95,85,44,21,94,37.8
30054315,4,anxiety,5,83,123,88,14,99,36.8
30054316,2,chest pain,7,77,132,95,16,99,37.5
30054317,2,laceration,6,81,120,62,19,97,37.4
30054318,3,fever,3,84,135,84,17,96,36.0
30054319,3,chest pain,3,93,115,77,17,98,37.9
30054320,3,chest pain,4,89,135,101,18,100,36.4
30054321,3,abdominal pain,3,112,131,69,19,100,35.5
30054322,3,headache,7,80,129,92,22,100,35.4
30054323,2,back pain,6,62,125,74,21,99,37.8
30054324,2,laceration,7,88,169,94,22,94,37.7
30054325,3,laceration,5,79,97,73,20,99,38.5
30054326,2,laceration,10,83,108,92,27,93,37.9
30054327,3,knee pain,7,98,75,68,20,99,37.5
30054328,3,shortness of breath,4,69,148,111,19,100,36.8
30054329,3,chest pain,5,80,93,107,19,99,37.4
30054330,5,fall,1,79,89,84,22,96,35.4
30054331,2,laceration,7,96,102,71,11,100,36.2
30054332,4,headache,7,69,110,85,19,99,37.4
30054333,3,headache,2,103,98,76,20,99,36.2
30054334,2,chest pain,8,69,117,68,15,93,37.7
30054335,3,laceration,7,68,172,73,22,97,37.3
30054336,2,anxiety,7,59,130,84,24,96,38.1
30054337,3,shortness of breath,5,89,104,87,23,99,36.2
30054338,3,back pain,3,107,121,81,24,95,37.0
30054339,4,back pain,6,68,137,89,9,98,37.0
30054340,5,back pain,6,95,133,81,21,96,37.2
30054341,2,fever,9,84,135,102,17,96,36.9
30054342,3,abdominal pain,1,84,150,79,23,99,35.9
30054343,2,abdominal pain,10,85,112,91,19,95,37.1
30054344,3,knee pain,7,63,93,90,15,100,39.2
30054345,3,fever,5,78,136,70,22,100,38.0
30054346,2,fall,10,88,105,61,15,95,35.7
30054347,2,laceration,9,76,133,91,20,100,36.3
30054348,3,laceration,2,96,92,65,19,95,37.1
30054349,3,fall,0,81,91,102,20,93,36.4
30054350,2,chest pain,9,85,111,69,14,100,36.9
30054351,3,fever,2,96,107,80,22,97,36.2
30054352,3,headache,4,92,113,75,18,100,36.6
30054353,3,fall,3,81,171,102,19,96,36.6
30054354,3,back pain,0,111,99,84,21,99,36.4
30054355,3,headache,5,72,136,64,18,99,38.2
30054356,4,abdominal pain,6,71,139,75,23,97,36.4
30054357,3,chest pain,5,99,157,99,24,98,37.1
30054358,3,chest pain,1,79,123,66,15,100,36.5
30054359,4,laceration,4,72,104,54,23,100,37.4
30054360,3,knee pain,0,86,114,69,9,100,36.6
30054361,3,knee pain,0,97,128,68,18,100,37.3
30054362,4,knee pain,5,78,135,105,18,98,36.4
30054363,3,shortness of breath,3,79,122,90,11,98,36.6
30054364,1,fever,8,107,102,56,20,94,36.6
30054365,3,back pain,0,93,129,91,18,95,36.3
30054366,3,fever,6,92,136,78,22,100,37.0
30054367,3,chest pain,0,94,156,64,18,100,35.6
30054368,2,shortness of breath,10,103,118,69,15,97,37.0
30054369,4,abdominal pain,7,89,147,76,15,100,38.0
30054370,2,fall,9,69,99,105,18,98,37.5
30054371,4,chest pain,2,98,144,67,24,93,36.1
30054372,5,shortness of breath,0,83,109,73,15,95,36.8
30054373,3,laceration,6,81,141,86,16,96,37.2
30054374,3,headache,1,88,121,64,18,99,37.3
30054375,3,headache,6,118,125,73,11,100,36.8
30054376,4,knee pain,2,88,133,75,19,94,38.6
30054377,3,chest pain,6,74,145,80,22,97,36.3
30054378,2,fall,8,68,141,51,16,100,36.8
30054379,3,anxiety,1,80,116,82,16,97,36.9
30054380,4,laceration,3,88,120,92,16,93,38.4
30054381,3,fall,3,90,104,83,14,100,37.3
30054382,3,abdominal pain,5,90,120,86,15,96,37.7
30054383,3,back pain,6,82,131,62,18,96,37.2
30054384,5,anxiety,3,84,77,85,19,100,37.8
30054385,4,fall,7,66,125,94,12,97,35.9
30054386,3,laceration,1,103,105,78,23,92,35.8
30054387,3,knee pain,3,106,118,71,16,100,35.7
30054388,4,fall,7,88,134,78,20,97,36.5
30054389,3,back pain,6,102,110,80,24,95,36.5
30054390,4,fever,0,75,162,60,22,94,37.4
30054391,3,fever,1,94,170,63,18,100,37.0
30054392,3,fever,2,77,126,55,17,99,34.4
30054393,1,knee pain,10,69,163,64,18,100,38.3
30054394,2,headache,7,72,100,76,15,98,35.3
30054395,1,back pain,8,104,91,79,15,95,36.2
30054396,3,headache,6,74,120,44,20,100,38.2
30054397,5,back pain,3,68,124,84,12,100,37.6
30054398,4,anxiety,6,76,93,91,28,100,37.6
30054399,3,headache,4,95,112,108,12,94,37.1
30054400,3,fever,7,99,114,78,14,99,38.3
30054401,3,abdominal pain,2,91,95,97,17,95,37.0
30054402,3,fall,2,86,116,87,15,93,36.8
30054403,2,anxiety,9,92,168,89,20,97,36.0
30054404,4,chest pain,1,89,105,85,18,100,38.8
30054405,3,back pain,1,83,140,54,17,95,38.5
30054406,3,shortness of breath,5,80,137,68,20,95,38.5
30054407,1,fever,8,86,123,95,9,95,37.7
30054408,4,back pain,5,78,127,84,20,98,36.4
30054409,3,shortness of breath,4,95,100,60,24,93,37.4
30054410,3,headache,3,90,130,87,16,97,36.8
30054411,2,shortness of breath,7,85,71,78,18,97,35.9
30054412,2,chest pain,9,87,110,63,23,91,37.0
30054413,2,anxiety,9,72,148,68,21,100,37.2
30054414,3,fall,4,99,97,84,21,98,37.0
30054415,4,laceration,3,75,141,65,23,97,38.1
30054416,3,knee pain,5,92,116,79,21,93,37.1
30054417,4,headache,3,99,111,64,21,91,37.7
30054418,4,fever,3,94,104,71,20,95,36.7
30054419,2,fever,7,56,136,66,13,97,38.2
30054420,3,headache,7,62,101,94,18,97,37.2
30054421,3,fall,0,85,143,70,17,95,37.7
30054422,3,fall,7,78,146,111,22,96,36.9
30054423,4,headache,1,104,83,63,10,100,36.6
30054424,4,headache,1,100,120,77,13,100,36.8
30054425,3,chest pain,3,73,130,92,14,95,37.6
30054426,2,headache,10,69,119,56,15,93,38.5
30054427,1,chest pain,6,71,130,64,24,100,37.9
30054428,3,fall,7,101,168,91,23,100,36.1
30054429,3,back pain,4,74,149,53,20,100,36.9
30054430,3,anxiety,2,61,77,85,18,94,36.1
30054431,4,anxiety,4,84,125,63,19,94,36.0
30054432,3,back pain,1,77,137,78,13,99,35.9
30054433,3,fall,3,74,79,122,16,90,36.9
30054434,2,knee pain,10,75,107,80,19,96,36.8
30054435,3,anxiety,1,74,138,95,16,97,37.3
30054436,1,knee pain,6,97,123,77,17,100,37.0
30054437,3,knee pain,0,89,107,93,22,100,36.5
30054438,4,fever,3,113,116,76,22,98,37.1
30054439,4,fall,2,60,155,76,15,96,37.2
30054440,2,anxiety,7,81,153,70,16,100,37.1
30054441,3,back pain,6,81,150,80,17,95,36.3
30054442,2,fever,10,69,120,86,14,94,37.4
30054443,3,fever,5,62,129,72,16,98,36.7
30054444,2,abdominal pain,8,50,141,85,19,100,36.1
30054445,4,shortness of breath,3,89,133,83,21,96,36.2
30054446,3,fall,0,82,147,73,14,99,36.7
30054447,3,back pain,5,83,104,73,17,100,35.9
30054448,5,chest pain,2,58,101,75,27,94,36.3
30054449,3,laceration,7,82,134,91,8,100,37.6
30054450,1,anxiety,7,74,113,72,14,99,36.8
30054451,4,laceration,7,80,148,87,16,96,38.0
30054452,3,back pain,4,67,82,85,14,93,38.0
30054453,3,chest pain,5,64,137,94,20,98,37.0
30054454,3,abdominal pain,3,91,104,93,25,98,36.5
30054455,3,knee pain,3,106,124,67,19,97,37.5
30054456,1,fever,9,79,115,91,10,99,35.7
30054457,1,chest pain,7,95,126,70,16,97,37.3
30054458,3,fall,7,85,150,81,25,95,36.6
30054459,4,back pain,3,93,154,70,25,100,37.4
30054460,5,knee pain,7,109,130,74,16,92,38.4
30054461,3,knee pain,0,104,104,75,24,100,36.8
30054462,3,fever,2,81,97,94,12,99,35.1
30054463,2,anxiety,6,95,90,103,20,97,38.3
30054464,2,fever,6,87,144,57,21,98,37.5
30054465,3,back pain,5,75,93,96,13,99,37.0
30054466,4,shortness of breath,4,18,130,118,24,96,37.9
30054467,3,knee pain,0,74,118,93,22,99,38.5
30054468,3,abdominal pain,4,88,97,90,18,93,35.6
30054469,3,fall,1,96,105,88,12,96,37.3
30054470,4,anxiety,0,76,170,100,15,100,37.5
30054471,4,headache,7,72,100,83,19,100,37.7
30054472,4,knee pain,7,93,93,102,17,96,36.2
30054473,4,knee pain,1,91,183,100,14,96,35.9
30054474,3,knee pain,1,51,141,78,16,95,37.8
30054475,3,fever,2,73,144,104,17,97,37.4
30054476,2,headache,7,58,146,92,16,95,36.9
30054477,3,chest pain,5,102,146,101,17,96,37.8
30054478,2,shortness of breath,6,102,136,102,15,91,36.4
30054479,3,fall,6,81,110,96,23,99,37.5
30054480,3,fall,1,90,140,73,16,92,37.4
30054481,3,fever,7,87,151,92,16,98,37.4
30054482,5,back pain,7,69,133,94,15,91,36.4
30054483,1,fever,6,86,97,94,18,91,36.3
30054484,4,back pain,7,86,138,56,19,100,37.5
30054485,3,abdominal pain,3,92,121,67,15,100,37.1
30054486,3,back pain,5,81,175,88,19,94,36.7
30054487,3,fall,6,103,126,87,19,94,38.4
30054488,3,knee pain,5,67,131,72,17,100,37.5
30054489,2,headache,6,92,134,81,19,95,37.5
30054490,4,headache,4,73,98,94,15,95,37.2
30054491,3,headache,1,75,108,74,22,99,37.7
30054492,4,abdominal pain,3,76,161,73,17,93,36.5
30054493,4,chest pain,7,71,121,95,20,97,36.1
30054494,3,shortness of breath,3,75,153,73,13,100,37.8
30054495,2,chest pain,7,66,154,58,9,99,36.1
30054496,5,anxiety,0,99,98,96,12,98,37.4
30054497,3,anxiety,2,62,172,74,21,98,37.3
30054498,3,fever,4,74,99,90,14,97,38.1
30054499,3,fever,3,60,124,82,13,100,38.2
30054500,3,fall,4,75,129,87,19,100,38.0
30054501,3,knee pain,1,66,107,85,13,98,38.5
30054502,3,back pain,1,102,119,108,21,100,37.6
30054503,4,laceration,7,81,115,49,18,98,37.6
30054504,3,anxiety,6,105,130,101,16,99,36.4
30054505,3,shortness of breath,4,70,123,75,16,96,36.4
30054506,4,back pain,6,80,90,82,11,96,36.7
30054507,3,anxiety,5,93,112,81,17,100,37.5
30054508,4,back pain,4,79,91,91,26,99,36.9
30054509,2,back pain,8,69,122,110,20,99,36.8
30054510,2,fall,7,64,141,103,20,93,35.5
30054511,2,laceration,9,103,125,82,16,95,38.1
30054512,3,anxiety,5,76,126,108,14,99,36.3
30054513,3,anxiety,0,68,114,66,14,94,36.4
30054514,2,laceration,8,70,145,79,14,93,37.2
30054515,4,chest pain,1,104,114,86,17,97,38.6
30054516,3,anxiety,2,93,127,66,19,100,37.7
30054517,3,headache,0,91,121,86,14,94,37.0
30054518,4,chest pain,3,80,141,68,26,93,36.4
30054519,4,headache,2,95,92,72,21,93,37.3
30054520,2,anxiety,6,83,163,91,15,98,35.7
30054521,5,chest pain,5,96,167,93,19,100,36.7
30054522,2,shortness of breath,8,74,126,73,18,100,36.5
30054523,2,knee pain,9,82,119,68,15,98,37.4
30054524,3,headache,6,89,146,77,18,98,37.1
30054525,4,knee pain,3,64,115,108,15,91,37.1
30054526,2,back pain,8,80,124,83,17,92,35.7
30054527,4,chest pain,5,101,100,72,24,97,37.2
30054528,4,chest pain,2,96,89,83,10,96,38.4
30054529,1,abdominal pain,7,74,144,98,20,100,37.8
30054530,3,back pain,0,66,173,65,22,100,35.6
30054531,2,anxiety,10,85,109,94,21,97,36.7
30054532,4,knee pain,2,87,121,90,18,97,36.7
30054533,1,back pain,10,78,127,84,23,96,37.4
30054534,3,fever,5,80,138,76,18,96,38.4
30054535,4,shortness of breath,4,93,109,112,15,99,39.1
30054536,2,fall,6,51,116,85,23,94,37.1
30054537,2,abdominal pain,9,74,149,77,17,93,38.3
30054538,4,anxiety,1,76,131,97,17,95,36.8
30054539,5,anxiety,5,89,118,91,17,97,37.2
30054540,3,headache,3,85,130,110,18,95,38.4
30054541,3,shortness of breath,2,102,152,55,15,98,35.6
30054542,3,anxiety,4,88,148,62,17,94,36.3
30054543,3,laceration,5,78,71,100,17,96,37.5
30054544,4,headache,6,91,148,95,17,92,35.5
30054545,3,back pain,1,99,104,87,13,99,36.8
30054546,3,knee pain,2,93,108,79,22,91,36.5
30054547,4,laceration,7,106,116,69,23,95,37.4
30054548,3,fall,7,90,128,69,13,95,37.1
30054549,2,fever,10,102,120,86,21,100,37.2
30054550,4,fall,6,75,98,71,22,99,38.6
30054551,3,anxiety,4,90,134,70,19,99,35.2
30054552,3,fall,2,67,117,107,25,95,35.8
30054553,5,fever,7,80,147,80,25,100,37.5
30054554,3,laceration,4,90,120,94,21,97,37.4
30054555,2,fall,6,73,137,86,21,100,35.5
30054556,2,headache,7,105,125,55,19,95,36.2
30054557,4,anxiety,1,79,113,74,26,96,36.4
30054558,3,anxiety,1,70,133,58,12,98,37.2
30054559,3,headache,1,106,136,59,19,96,36.5
30054560,3,fever,4,70,176,90,21,98,37.4
30054561,4,chest pain,7,92,160,102,24,99,38.1
30054562,3,abdominal pain,3,85,121,76,16,94,37.6
30054563,2,chest pain,9,88,133,75,18,96,37.2
30054564,3,anxiety,1,103,134,98,22,100,37.0
30054565,2,fever,10,89,112,57,12,99,37.6
30054566,3,headache,3,109,148,55,11,92,36.7
30054567,4,fall,5,86,122,91,26,97,37.8
30054568,2,headache,10,61,161,103,17,100,37.4
30054569,1,shortness of breath,9,89,128,97,12,99,36.4
30054570,4,back pain,6,60,115,83,22,97,37.4
30054571,3,headache,0,67,120,92,19,97,35.3
30054572,5,laceration,7,85,137,93,21,90,36.8
30054573,3,fall,2,81,121,66,13,100,36.3
30054574,1,laceration,10,112,133,100,18,100,35.6
30054575,3,chest pain,7,72,81,80,23,100,36.9
30054576,3,shortness of breath,7,94,140,111,22,96,37.5
30054577,4,back pain,3,75,106,84,10,88,35.1
30054578,1,knee pain,9,85,137,76,14,92,38.4
30054579,4,fever,1,46,151,104,18,98,37.2
30054580,1,knee pain,9,102,106,88,24,96,36.8
30054581,3,headache,3,98,105,79,18,99,35.8
30054582,3,headache,4,99,163,85,21,96,36.3
30054583,3,anxiety,5,77,129,79,13,94,37.8
30054584,3,fever,7,89,139,78,19,94,37.6
30054585,3,shortness of breath,4,94,123,75,19,91,36.6
30054586,3,abdominal pain,4,85,133,97,10,93,38.7
30054587,4,chest pain,0,81,129,73,20,99,35.2
30054588,3,anxiety,3,78,141,80,23,100,36.2
30054589,3,headache,6,81,113,76,13,100,36.8
30054590,4,shortness of breath,4,64,120,53,21,89,36.1
30054591,3,abdominal pain,2,59,130,86,16,100,36.2
30054592,3,knee pain,0,56,122,68,18,96,37.0
30054593,2,abdominal pain,7,71,156,74,17,97,37.8
30054594,3,headache,3,74,144,71,23,94,36.5
30054595,3,chest pain,2,79,138,75,14,95,36.0
30054596,3,fever,7,68,131,84,25,96,37.4
30054597,2,headache,10,90,127,88,24,96,36.9
30054598,3,fall,2,104,133,90,8,97,38.3
30054599,3,back pain,4,92,129,91,17,97,38.3
30054600,4,abdominal pain,3,78,107,80,20,95,37.5
30054601,3,fall,6,105,135,94,20,97,36.1
30054602,2,abdominal pain,8,106,159,54,14,99,36.0
30054603,3,shortness of breath,7,63,86,71,18,99,38.0
30054604,3,back pain,5,77,163,93,13,94,37.5
30054605,3,chest pain,4,94,137,93,27,100,36.2
30054606,1,fever,10,95,137,76,17,99,37.1
30054607,4,chest pain,3,101,127,88,26,99,36.9
30054608,3,chest pain,0,81,103,74,15,94,36.3
30054609,3,knee pain,0,78,100,80,18,99,37.6
30054610,4,laceration,5,58,136,80,16,97,35.5
30054611,3,back pain,2,96,103,88,15,100,37.1
30054612,4,abdominal pain,1,94,120,67,15,90,36.3
30054613,2,fever,8,66,96,94,21,95,36.4
30054614,3,back pain,1,87,107,90,18,98,36.6
30054615,3,shortness of breath,2,75,146,79,19,94,35.6
30054616,5,shortness of breath,6,55,167,92,13,95,37.0
30054617,3,chest pain,1,65,102,108,22,93,37.6
30054618,1,fall,10,94,142,89,17,99,36.4
30054619,3,fall,0,80,156,95,19,100,37.0
30054620,3,fever,3,60,128,59,21,100,37.7
30054621,3,back pain,2,71,122,71,20,97,37.5
30054622,3,abdominal pain,5,95,108,82,19,97,36.8
30054623,3,laceration,2,71,122,76,25,94,37.5
30054624,3,chest pain,0,63,134,90,20,96,37.1
30054625,3,knee pain,5,85,137,69,14,100,36.8
30054626,3,fever,2,95,109,92,11,97,36.8
30054627,3,shortness of breath,4,110,125,62,16,97,37.6
30054628,3,abdominal pain,4,96,154,87,17,89,36.7
30054629,3,chest pain,7,85,158,80,18,100,37.0
30054630,3,anxiety,3,76,150,94,9,96,37.2
30054631,3,anxiety,5,93,112,87,7,95,36.7
30054632,4,fever,3,89,132,73,14,99,37.2
30054633,2,back pain,10,32,120,63,9,100,36.7
30054634,3,abdominal pain,2,86,129,70,16,96,37.4
30054635,4,abdominal pain,4,110,116,75,21,95,39.0
30054636,3,back pain,0,116,137,73,15,97,36.6
30054637,3,anxiety,7,56,123,58,18,95,37.6
30054638,3,anxiety,3,87,112,67,13,95,37.8
30054639,1,fall,9,88,132,75,14,100,38.5
30054640,2,anxiety,6,75,102,76,20,97,36.5
30054641,3,laceration,5,77,138,78,14,99,35.8
30054642,2,back pain,8,59,133,89,16,98,37.8
30054643,4,abdominal pain,3,64,133,81,17,96,36.9
30054644,3,anxiety,6,60,121,89,15,96,36.6
30054645,3,fever,7,114,102,105,18,99,36.3
30054646,3,fever,2,76,88,101,20,97,37.5
30054647,4,shortness of breath,0,66,142,85,13,95,37.4
30054648,3,fall,7,64,119,93,12,99,37.6
30054649,3,back pain,0,99,118,59,15,100,35.9
30054650,4,fever,6,81,146,88,20,97,36.9
30054651,2,shortness of breath,9,96,102,92,18,92,37.3
30054652,3,headache,6,89,124,74,19,97,37.1
30054653,2,abdominal pain,8,113,116,69,21,100,38.7
30054654,3,headache,2,86,132,95,20,94,37.6
30054655,5,fever,3,79,107,84,20,92,38.2
30054656,2,back pain,10,115,121,85,12,96,36.4
30054657,3,fall,1,94,141,105,20,100,37.5
30054658,3,headache,0,100,121,107,13,95,36.4
30054659,3,anxiety,6,98,111,67,14,99,36.5
30054660,2,chest pain,6,90,110,82,18,94,36.5
30054661,5,fall,6,104,133,80,18,95,36.1
30054662,3,knee pain,3,100,85,95,16,100,36.4
30054663,3,fall,2,72,121,65,19,97,35.0
30054664,3,anxiety,1,82,120,96,12,100,36.6
30054665,1,chest pain,6,85,99,58,11,95,37.2
30054666,4,back pain,7,81,95,57,23,100,35.9
30054667,2,back pain,6,104,130,70,15,99,37.6
30054668,3,abdominal pain,0,87,145,74,20,93,37.8
30054669,3,abdominal pain,6,71,135,55,21,97,36.2
30054670,2,fever,6,78,139,98,16,94,36.4
30054671,4,abdominal pain,2,99,137,95,13,98,36.6
30054672,2,fever,9,79,135,97,26,94,38.6
30054673,3,shortness of breath,4,79,81,89,22,100,37.6
30054674,4,headache,3,109,103,87,12,99,36.8
30054675,3,anxiety,1,78,138,77,20,92,36.9
30054676,3,laceration,5,81,117,92,18,100,37.1
30054677,3,chest pain,1,94,118,101,8,99,36.7
30054678,4,back pain,5,68,116,100,13,94,36.5
30054679,3,laceration,4,100,108,82,15,94,38.0
30054680,1,anxiety,8,77,173,74,17,94,37.8
30054681,2,fall,9,95,129,75,21,99,37.6
30054682,2,anxiety,8,98,137,84,17,98,36.9
30054683,2,back pain,8,74,54,84,24,100,37.7
30054684,1,abdominal pain,7,74,123,93,22,95,37.5
30054685,3,anxiety,4,99,94,101,22,99,36.8
30054686,3,anxiety,1,99,96,44,24,94,37.2
30054687,3,laceration,4,71,108,70,13,92,37.1
30054688,1,laceration,8,95,105,37,18,100,36.8
30054689,3,shortness of breath,2,104,134,69,20,98,37.4
30054690,3,fall,0,58,126,69,13,96,36.6
30054691,3,back pain,3,57,110,100,16,97,37.3
30054692,3,back pain,1,72,149,102,14,96,37.2
30054693,4,anxiety,0,85,134,84,23,95,37.3
30054694,2,fall,9,57,104,84,22,97,36.6
30054695,3,back pain,2,75,121,83,15,94,36.1
30054696,3,knee pain,1,73,125,58,23,90,36.0
30054697,4,laceration,2,92,116,80,21,94,36.6
30054698,3,anxiety,0,82,99,82,23,96,36.0
30054699,3,headache,4,62,110,87,17,95,37.3
30054700,3,fall,2,76,106,83,17,99,37.4
30054701,4,abdominal pain,5,81,122,97,22,100,37.8
30054702,2,headache,7,108,104,90,17,97,37.2
30054703,4,back pain,4,118,120,78,19,95,38.5
30054704,3,abdominal pain,1,72,130,76,18,97,37.0
30054705,2,anxiety,9,86,150,74,18,95,38.1
30054706,3,abdominal pain,1,97,126,63,21,95,37.3
30054707,2,anxiety,9,60,123,76,13,99,37.9
30054708,4,chest pain,5,81,101,76,20,97,36.2
30054709,3,fall,6,76,76,93,28,97,36.8
30054710,4,fall,0,102,177,81,18,98,38.0
30054711,3,anxiety,3,109,126,114,18,97,37.3
30054712,2,knee pain,7,95,133,84,25,100,37.9
30054713,3,fall,6,73,108,75,17,100,38.4
30054714,3,fall,2,85,118,65,15,95,35.6
30054715,3,fever,7,59,138,91,15,97,37.6
30054716,3,fall,0,89,124,78,14,96,36.7
30054717,1,back pain,10,95,133,109,18,97,37.6
30054718,3,chest pain,6,91,131,82,22,96,37.8
30054719,3,fall,4,96,158,82,20,90,37.4
30054720,3,knee pain,1,69,99,76,15,94,36.5
30054721,2,laceration,10,101,151,90,18,97,37.6
30054722,3,back pain,0,67,144,93,20,98,37.2
30054723,4,knee pain,1,103,136,61,15,97,37.1
30054724,3,shortness of breath,0,31,121,102,22,94,35.9
30054725,3,knee pain,4,81,102,83,14,99,37.2
30054726,4,fall,6,79,78,94,23,100,36.2
30054727,3,laceration,5,84,135,56,29,100,37.2
30054728,3,laceration,6,81,90,100,21,100,37.3
30054729,4,headache,6,85,145,75,10,94,38.1
30054730,1,shortness of breath,7,84,123,86,18,97,37.1
30054731,3,abdominal pain,3,111,114,81,24,96,35.4
30054732,3,chest pain,2,86,141,103,18,97,38.3
30054733,3,laceration,1,64,100,73,19,98,36.2
30054734,4,abdominal pain,1,81,137,86,22,93,36.5
30054735,5,laceration,7,67,87,113,14,100,36.1
30054736,3,abdominal pain,6,81,100,104,23,93,36.6
30054737,5,chest pain,4,71,144,78,19,100,37.1
30054738,3,laceration,3,97,114,104,20,97,38.2
30054739,3,anxiety,0,99,117,75,15,99,38.0
30054740,2,anxiety,9,107,114,44,16,98,36.0
30054741,3,anxiety,2,81,103,73,22,97,36.4
30054742,3,shortness of breath,7,93,119,95,6,95,36.7
30054743,3,shortness of breath,5,103,129,65,17,97,38.3
30054744,3,chest pain,4,88,138,45,26,94,37.0
30054745,3,abdominal pain,3,99,142,68,15,96,37.7
30054746,2,laceration,8,92,143,64,18,99,37.9
30054747,5,fever,3,72,129,69,22,96,37.8
30054748,3,fever,0,96,165,65,13,91,36.9
30054749,1,shortness of breath,6,107,107,84,23,100,36.1
30054750,3,knee pain,6,87,121,84,24,97,37.0
30054751,3,abdominal pain,1,93,121,115,21,100,36.6
30054752,3,abdominal pain,5,73,111,54,21,94,37.1
30054753,3,fever,1,77,111,74,22,96,37.5
30054754,5,headache,2,98,118,86,17,100,38.1
30054755,4,shortness of breath,1,89,119,91,21,100,36.3
30054756,3,chest pain,0,75,96,100,15,93,36.2
30054757,3,headache,6,78,125,104,21,94,36.2
30054758,3,shortness of breath,0,83,151,92,18,95,38.6
30054759,3,fall,0,62,116,72,20,100,37.8
30054760,4,shortness of breath,4,85,93,73,17,97,37.3
30054761,3,back pain,0,76,99,93,17,99,36.9
30054762,3,knee pain,3,42,138,76,23,95,38.3
30054763,2,laceration,10,102,127,88,15,99,36.1
30054764,3,anxiety,6,98,130,115,14,100,37.9
30054765,2,headache,9,84,98,77,21,98,36.4
30054766,3,shortness of breath,5,84,122,80,19,92,37.1
30054767,3,headache,7,70,98,70,19,96,36.2
30054768,3,abdominal pain,7,96,136,74,15,94,36.6
30054769,3,fever,7,95,118,82,22,100,37.2
30054770,3,headache,6,78,128,66,20,95,37.0
30054771,4,anxiety,4,88,79,90,18,100,37.3
30054772,3,laceration,0,69,110,103,10,100,38.8
30054773,3,chest pain,3,77,129,65,26,95,36.5
30054774,3,shortness of breath,3,80,96,70,16,99,35.6
30054775,4,headache,0,81,139,81,13,96,37.1
30054776,3,laceration,1,75,109,84,16,96,36.8
30054777,2,shortness of breath,9,78,93,83,15,93,37.3
30054778,2,headache,7,76,118,93,16,100,35.8
30054779,4,laceration,7,68,158,97,23,100,36.3
30054780,4,chest pain,5,97,103,86,26,93,37.4
30054781,3,shortness of breath,2,70,120,72,14,95,37.9
30054782,3,laceration,1,80,123,73,16,97,37.9
30054783,3,laceration,5,89,123,83,21,97,35.8
30054784,3,fall,2,82,126,59,21,99,36.0
30054785,4,fever,3,100,105,72,15,97,37.2
30054786,4,fever,3,81,122,67,10,100,38.0
30054787,3,anxiety,7,84,137,80,14,89,36.1
30054788,3,anxiety,1,60,111,91,18,91,36.1
30054789,2,chest pain,8,87,143,90,18,100,38.2
30054790,4,laceration,6,85,134,64,16,98,37.2
30054791,3,laceration,4,64,113,88,17,99,36.9
30054792,4,abdominal pain,4,96,158,89,16,94,37.6
30054793,5,fever,1,96,144,104,12,97,37.5
30054794,4,headache,5,93,141,86,16,95,37.4
30054795,4,laceration,4,91,110,88,17,98,37.3
30054796,2,headache,6,90,124,97,20,97,37.6
30054797,3,abdominal pain,1,75,122,65,23,93,36.8
30054798,4,fall,0,98,142,89,29,97,36.2
30054799,5,headache,4,69,132,104,16,93,38.7
30054800,3,knee pain,4,77,136,73,19,93,37.8
30054801,4,chest pain,6,116,146,56,23,100,37.5
30054802,3,back pain,1,91,125,72,12,98,37.6
30054803,3,abdominal pain,1,90,95,121,20,97,37.4
30054804,2,fall,9,71,106,72,20,95,36.3
30054805,3,chest pain,4,86,116,88,25,97,36.5
30054806,5,headache,6,76,110,75,23,98,36.4
30054807,2,back pain,7,69,158,64,22,98,36.8
30054808,3,abdominal pain,1,91,150,104,21,98,36.8
30054809,3,chest pain,7,99,165,72,13,99,37.4
30054810,3,fall,1,112,131,112,14,95,37.1
30054811,3,fall,6,112,119,60,18,93,37.3
30054812,4,anxiety,7,88,139,68,23,96,37.3
30054813,2,chest pain,6,76,144,48,18,94,38.1
30054814,4,laceration,3,85,123,56,19,99,37.5
30054815,1,headache,7,92,114,82,10,100,38.1
30054816,3,fall,3,70,128,79,17,96,36.2
30054817,2,abdominal pain,10,82,108,92,17,96,37.4
30054818,3,chest pain,4,42,121,58,13,95,37.1
30054819,2,anxiety,9,86,142,100,8,100,36.0
30054820,4,shortness of breath,1,78,147,69,23,92,37.6
30054821,2,chest pain,8,55,126,66,21,95,36.9
30054822,3,anxiety,4,51,127,75,11,100,36.2
30054823,3,knee pain,2,87,153,92,21,95,36.0
30054824,3,anxiety,7,95,131,98,18,94,36.4
30054825,3,laceration,4,92,137,60,18,100,38.7
30054826,3,laceration,7,66,129,66,18,97,35.4
30054827,3,knee pain,2,78,123,77,20,100,35.9
30054828,2,laceration,6,79,108,74,19,100,37.9
30054829,3,fever,5,84,88,48,32,100,37.5
30054830,4,headache,5,91,98,59,20,96,36.8
30054831,2,back pain,8,101,139,82,15,98,37.2
30054832,2,laceration,9,81,145,82,16,93,37.4
30054833,3,shortness of breath,1,92,109,84,20,95,36.7
30054834,2,abdominal pain,7,66,107,84,13,100,35.7
30054835,3,headache,7,80,104,82,20,98,37.3
30054836,5,fall,0,91,77,83,16,98,38.5
30054837,4,fever,4,102,137,83,18,95,36.6
30054838,3,anxiety,3,76,127,71,18,94,37.3
30054839,5,anxiety,6,67,139,97,11,100,36.6
30054840,5,chest pain,6,85,110,81,15,100,35.8
30054841,3,abdominal pain,4,71,91,92,21,96,37.7
30054842,1,shortness of breath,9,99,81,64,21,98,37.2
30054843,3,chest pain,2,74,124,63,19,99,36.6
30054844,1,fall,9,88,148,85,19,100,37.7
30054845,5,shortness of breath,4,84,174,83,9,99,36.3
30054846,3,fall,5,67,132,90,17,96,36.7
30054847,3,fever,7,72,141,110,23,99,37.5
30054848,3,knee pain,0,70,124,58,19,100,37.4
30054849,3,headache,0,86,143,78,23,96,38.0
30054850,3,shortness of breath,3,90,130,113,12,94,36.9
30054851,1,fever,10,90,110,87,23,99,37.2
30054852,4,fall,4,101,136,80,14,98,37.8
30054853,3,shortness of breath,6,55,123,64,23,99,36.6
30054854,5,chest pain,3,83,130,74,20,94,37.5
30054855,2,abdominal pain,8,96,144,85,18,100,36.6
30054856,3,chest pain,5,88,121,92,15,99,36.9
30054857,3,shortness of breath,2,64,137,90,17,97,36.2
30054858,5,headache,6,78,150,65,11,94,35.9
30054859,3,back pain,4,78,141,62,15,100,36.2
30054860,3,shortness of breath,6,105,148,67,19,94,36.8
30054861,4,headache,0,79,130,62,25,98,35.8
30054862,3,laceration,7,57,101,65,13,100,37.5
30054863,4,shortness of breath,1,93,147,80,17,99,38.4
30054864,4,fall,0,81,109,67,17,96,36.4
30054865,4,fall,3,84,107,83,18,93,37.7
30054866,5,fall,6,75,152,50,21,96,37.5
30054867,4,anxiety,2,64,142,86,18,100,34.6
30054868,3,laceration,5,56,104,84,16,93,37.3
30054869,3,shortness of breath,4,98,141,78,26,95,37.0
30054870,4,chest pain,1,89,129,83,15,100,37.6
30054871,3,back pain,1,110,128,37,23,99,35.0
30054872,3,chest pain,5,84,84,83,17,100,36.7
30054873,3,headache,1,95,134,80,20,96,37.5
30054874,2,fever,10,65,113,46,20,96,37.4
30054875,4,knee pain,4,94,128,95,18,94,37.3
30054876,5,knee pain,6,77,112,114,18,97,36.8
30054877,4,shortness of breath,5,72,111,89,23,92,36.7
30054878,3,headache,5,117,142,52,17,97,37.0
30054879,2,abdominal pain,7,87,94,94,14,91,36.4
30054880,2,fall,8,83,124,76,24,98,36.4
30054881,3,anxiety,1,101,126,56,24,93,37.8
30054882,3,chest pain,5,83,123,102,20,100,35.9
30054883,3,chest pain,4,78,127,77,27,96,37.0
30054884,3,knee pain,6,87,112,95,18,97,36.8
30054885,3,shortness of breath,4,64,113,68,15,95,37.1
30054886,4,chest pain,3,71,142,81,19,100,36.8
30054887,3,abdominal pain,4,102,143,96,14,90,37.0
30054888,3,chest pain,4,45,102,89,17,100,36.4
30054889,3,knee pain,6,69,116,73,16,95,37.4
30054890,1,fall,8,89,145,84,21,93,35.2
30054891,3,anxiety,6,78,116,91,13,94,36.5
30054892,3,fall,1,80,131,79,17,96,36.2
30054893,3,abdominal pain,7,90,112,52,15,94,36.8
30054894,4,anxiety,3,74,121,95,17,95,37.3
30054895,3,fever,0,79,104,60,22,94,36.7
30054896,4,abdominal pain,0,105,110,74,19,95,36.3
30054897,2,anxiety,6,87,124,84,20,92,36.8
30054898,1,knee pain,6,96,110,99,18,95,38.6
30054899,3,knee pain,2,64,120,90,11,94,37.6
30054900,2,abdominal pain,9,74,129,78,17,100,35.9
30054901,3,back pain,2,86,111,91,21,98,35.8
30054902,3,chest pain,1,44,143,57,13,94,36.5
30054903,4,chest pain,5,80,145,102,20,100,37.2
30054904,5,chest pain,6,76,136,84,15,100,38.0
30054905,1,chest pain,7,91,126,91,15,100,38.3
30054906,2,anxiety,8,114,96,84,22,99,35.4
30054907,3,back pain,4,39,109,86,12,98,39.0
30054908,4,laceration,2,47,140,84,19,100,37.4
30054909,4,knee pain,5,85,122,78,20,95,36.0
30054910,4,fever,2,108,135,83,19,98,36.1
30054911,3,abdominal pain,6,92,128,59,16,91,36.6
30054912,3,headache,7,112,103,56,15,94,35.7
30054913,2,fall,8,71,125,56,16,89,36.8
30054914,3,headache,3,76,117,75,19,95,36.0
30054915,3,shortness of breath,2,79,131,80,15,100,36.8
30054916,3,laceration,2,81,111,95,13,96,37.4
30054917,3,laceration,1,75,97,89,16,98,36.6
30054918,3,knee pain,7,82,147,94,12,96,36.1
30054919,2,headache,6,92,110,77,23,97,37.3
30054920,4,abdominal pain,0,73,151,82,23,98,36.2
30054921,5,fall,5,88,129,56,20,98,36.3
30054922,5,fever,0,103,133,41,13,94,37.0
30054923,2,abdominal pain,8,70,157,88,14,95,36.0
30054924,2,anxiety,10,87,134,71,18,97,38.1
30054925,3,laceration,3,98,128,94,19,99,37.8
30054926,1,fall,6,85,114,96,6,97,35.1
30054927,3,headache,2,77,127,78,17,99,36.2
30054928,3,chest pain,3,103,116,98,21,100,36.5
30054929,3,laceration,6,123,123,74,21,98,36.7
30054930,3,laceration,3,79,151,82,21,92,37.5
30054931,3,headache,3,72,118,63,21,97,36.4
30054932,2,chest pain,7,98,108,75,20,94,36.1
30054933,1,headache,7,102,97,66,21,98,37.4
30054934,2,shortness of breath,9,119,137,83,18,98,36.8
30054935,3,back pain,0,75,117,87,12,95,37.8
30054936,2,laceration,8,108,118,76,16,97,36.6
30054937,3,fall,7,101,143,72,14,100,37.6
30054938,1,headache,10,76,123,55,25,99,37.1
30054939,4,chest pain,6,84,124,78,13,97,36.7
30054940,3,fall,5,89,127,56,18,94,36.6
30054941,3,laceration,5,79,131,95,15,97,37.1
30054942,2,back pain,6,84,135,86,18,96,37.6
30054943,3,fever,4,79,133,90,21,92,37.4
30054944,4,fall,4,71,135,89,20,95,38.1
30054945,3,knee pain,2,89,95,91,20,100,35.8
30054946,4,back pain,3,96,135,89,23,100,35.9
30054947,5,fall,6,79,129,70,22,94,37.2
30054948,3,abdominal pain,4,88,133,91,14,98,38.0
30054949,2,laceration,6,89,130,86,16,99,37.8
30054950,3,chest pain,6,65,111,97,12,97,36.4
30054951,4,anxiety,4,93,145,77,16,100,37.7
30054952,5,anxiety,6,91,110,75,21,96,37.1
30054953,3,fever,2,71,155,66,20,94,36.6
30054954,2,knee pain,8,69,111,72,20,96,37.7
30054955,3,laceration,2,82,135,73,20,99,37.1
30054956,3,chest pain,5,52,134,63,14,95,35.0
30054957,3,abdominal pain,1,75,131,62,18,100,37.4
30054958,3,fall,7,74,108,65,15,96,36.0
30054959,3,abdominal pain,7,89,138,112,12,97,38.0
30054960,4,shortness of breath,2,79,97,66,15,100,38.8
30054961,3,back pain,2,62,128,69,17,93,36.4
30054962,4,headache,0,77,124,51,20,97,38.4
30054963,2,back pain,7,86,145,78,20,97,38.6
30054964,4,chest pain,1,88,114,74,21,98,37.5
30054965,4,back pain,0,91,123,87,19,90,36.2
30054966,3,fever,6,70,91,80,15,98,36.7
30054967,3,knee pain,4,87,122,93,18,95,37.4
30054968,3,fever,0,66,111,86,18,100,36.4
30054969,3,knee pain,1,83,128,68,20,95,37.8
30054970,3,fall,5,87,141,66,20,99,37.0
30054971,3,chest pain,2,87,130,86,17,92,37.0
30054972,4,abdominal pain,4,57,141,71,16,94,37.6
30054973,3,back pain,0,80,95,80,19,96,37.0
30054974,4,chest pain,7,57,117,96,20,97,36.7
30054975,3,back pain,0,62,137,99,21,96,38.4
30054976,4,abdominal pain,1,91,124,66,20,97,38.4
30054977,3,fall,3,94,134,62,17,94,36.6
30054978,3,laceration,5,79,136,96,15,94,37.3
30054979,5,abdominal pain,7,57,104,106,17,98,36.8
30054980,4,anxiety,6,68,113,75,15,100,37.3
30054981,2,abdominal pain,10,82,130,76,14,96,38.0
30054982,4,back pain,4,90,162,92,19,99,35.7
30054983,3,anxiety,4,74,115,75,21,100,36.5
30054984,3,anxiety,4,76,162,74,17,95,38.4
30054985,5,back pain,1,78,145,67,18,95,36.8
30054986,3,abdominal pain,6,50,124,73,21,92,37.1
30054987,3,chest pain,3,73,139,76,15,97,37.0
30054988,2,chest pain,6,90,136,53,22,98,36.9
30054989,3,back pain,4,68,143,110,21,92,35.9
30054990,3,headache,7,95,98,74,24,91,36.2
30054991,3,headache,6,72,68,64,25,96,35.1
30054992,3,fall,7,96,122,96,18,98,36.8
30054993,3,fall,1,93,140,88,16,96,36.1
30054994,1,laceration,10,82,123,59,14,92,37.1
30054995,3,abdominal pain,6,67,82,84,19,94,36.8
30054996,5,abdominal pain,7,96,119,97,23,94,36.9
30054997,2,back pain,6,101,136,79,13,97,37.1
30054998,3,chest pain,1,65,117,111,15,99,38.7
30054999,3,anxiety,7,98,98,75,16,92,36.7
30055000,4,headache,1,86,138,94,11,92,36.3
30055001,3,fever,1,63,147,99,9,97,36.1
30055002,5,abdominal pain,2,79,132,75,21,98,37.5
30055003,4,shortness of breath,4,91,122,83,19,100,36.8
30055004,4,knee pain,4,90,121,49,28,99,36.1
30055005,2,shortness of breath,8,71,91,81,23,96,37.2
30055006,3,fall,7,100,146,58,18,96,39.2
30055007,3,fever,5,81,135,96,12,95,37.6
30055008,3,knee pain,3,38,87,73,16,100,37.7
30055009,3,anxiety,2,88,115,61,22,94,38.0
30055010,4,knee pain,0,82,119,100,12,95,36.5
30055011,2,laceration,7,68,133,81,19,100,36.7
30055012,3,laceration,6,53,96,84,20,97,36.8
30055013,2,fall,7,89,102,95,18,91,35.6
30055014,3,fall,4,82,131,97,10,99,37.0
30055015,4,abdominal pain,3,72,116,82,22,99,36.9
30055016,2,chest pain,8,81,117,95,19,92,36.8
30055017,3,anxiety,0,91,121,76,12,98,36.3
30055018,3,abdominal pain,6,87,123,90,25,91,37.0
30055019,3,abdominal pain,1,39,120,89,19,100,37.3
30055020,4,fall,4,96,148,82,22,93,36.1
30055021,3,anxiety,5,97,143,65,17,100,36.6
30055022,4,knee pain,7,92,130,72,16,100,36.2
30055023,3,abdominal pain,3,70,130,67,24,99,36.1
30055024,3,abdominal pain,2,102,123,79,22,98,36.2
30055025,5,fever,7,66,118,94,21,96,37.9
30055026,3,anxiety,3,98,121,109,26,92,36.8
30055027,3,shortness of breath,3,84,135,113,18,100,36.0
30055028,1,laceration,6,92,158,96,17,96,38.3
30055029,3,anxiety,4,68,184,67,19,98,36.5
30055030,4,headache,4,104,139,95,14,97,36.1
30055031,4,anxiety,4,88,128,111,16,100,37.1
30055032,3,back pain,3,91,139,54,23,96,36.6
30055033,2,fall,7,82,116,70,18,97,36.9
30055034,3,anxiety,5,61,121,99,12,100,37.4
30055035,2,anxiety,9,93,89,79,19,99,36.2
30055036,2,anxiety,8,89,97,116,14,95,37.9
30055037,5,laceration,3,84,129,101,19,93,35.7
30055038,3,back pain,7,78,146,66,12,97,35.7
30055039,3,back pain,2,114,134,71,13,97,36.0
30055040,4,fever,1,78,133,68,27,90,35.8
30055041,3,anxiety,6,86,133,70,21,94,38.5
30055042,3,abdominal pain,5,90,119,75,22,92,37.5
30055043,4,chest pain,5,99,110,79,20,100,37.9
30055044,3,abdominal pain,0,67,144,92,18,94,37.6
30055045,4,anxiety,0,85,120,75,10,100,36.5
30055046,2,anxiety,7,62,140,95,17,100,37.6
30055047,3,back pain,4,79,133,90,18,94,37.1
30055048,3,fall,6,102,111,58,19,99,38.0
30055049,3,abdominal pain,6,82,137,78,13,97,37.1
30055050,3,laceration,1,124,161,87,19,99,36.6
30055051,2,chest pain,7,85,150,64,21,99,37.4
30055052,3,abdominal pain,5,80,141,86,15,100,36.0
30055053,3,chest pain,6,73,113,90,23,94,35.6
30055054,4,abdominal pain,4,107,129,98,13,99,35.9
30055055,3,shortness of breath,3,85,120,88,17,92,38.7
30055056,3,knee pain,3,79,139,98,18,98,37.3
30055057,3,anxiety,1,91,131,82,15,95,36.6
30055058,3,laceration,4,69,106,101,19,97,36.2
30055059,3,fever,2,70,99,99,16,94,38.1
30055060,3,fever,0,94,150,77,22,96,35.5
30055061,2,shortness of breath,7,77,146,57,15,99,38.0
30055062,2,anxiety,7,76,118,77,14,96,35.4
30055063,4,shortness of breath,3,84,103,82,26,93,37.5
30055064,3,knee pain,0,80,134,56,19,99,37.4
30055065,3,chest pain,4,89,140,91,16,99,37.1
30055066,3,chest pain,0,83,103,57,17,96,37.2
30055067,3,shortness of breath,0,30,111,72,16,97,36.2
30055068,1,laceration,8,99,158,108,15,96,35.8
30055069,3,laceration,4,75,144,73,25,100,36.9
30055070,4,shortness of breath,0,84,124,97,18,94,36.1
30055071,2,laceration,10,111,158,76,25,96,36.9
30055072,5,headache,3,75,90,55,17,97,36.8
30055073,4,headache,7,79,132,75,21,97,37.6
30055074,3,shortness of breath,3,87,117,84,15,97,36.4
30055075,3,headache,5,71,180,80,15,95,36.2
30055076,3,fever,7,66,92,52,20,99,38.6
30055077,4,shortness of breath,2,76,150,96,16,100,36.4
30055078,1,fever,8,110,149,92,20,100,37.8
30055079,3,abdominal pain,2,87,133,64,21,97,37.4
30055080,3,laceration,5,54,125,70,24,95,37.4
30055081,4,back pain,7,91,164,80,20,94,37.7
30055082,4,headache,3,88,162,76,14,88,37.8
30055083,3,shortness of breath,2,100,108,80,14,100,37.6
30055084,3,laceration,5,95,133,65,20,95,37.4
30055085,1,laceration,7,101,115,75,22,93,37.4
30055086,3,fall,6,106,135,75,24,98,37.0
30055087,3,abdominal pain,4,77,141,78,24,97,35.6
30055088,3,abdominal pain,1,83,118,74,21,93,37.5
30055089,1,shortness of breath,10,84,176,98,19,96,36.5
30055090,4,back pain,5,97,105,63,22,97,37.7
30055091,4,abdominal pain,4,74,100,102,13,97,37.4
30055092,4,abdominal pain,2,86,102,85,24,99,37.3
30055093,4,anxiety,2,89,116,103,12,97,37.5
30055094,2,shortness of breath,10,87,120,77,24,98,38.0
30055095,4,fever,6,73,134,89,19,97,37.0
30055096,3,shortness of breath,7,125,119,100,21,100,35.9
30055097,4,anxiety,3,51,155,80,23,94,36.8
30055098,3,headache,5,72,122,68,18,97,36.1
30055099,2,knee pain,9,82,152,91,21,93,36.1
30055100,3,chest pain,7,108,104,87,10,97,35.6
30055101,2,fall,10,77,111,46,20,94,38.4
30055102,3,fall,5,109,128,68,23,98,36.4
30055103,4,headache,1,109,137,69,22,93,36.5
30055104,4,back pain,5,62,141,97,22,96,36.8
30055105,3,back pain,4,78,105,98,20,100,37.2
30055106,1,headache,10,110,103,84,16,100,36.6
30055107,3,fall,4,104,116,89,18,97,37.3
30055108,2,back pain,7,100,131,66,21,94,37.1
30055109,3,fall,4,85,100,92,13,98,36.1
30055110,4,headache,2,85,126,68,22,98,37.7
30055111,3,fever,6,65,139,97,19,93,34.5
30055112,3,anxiety,6,80,111,71,16,96,35.2
30055113,4,laceration,3,82,120,92,22,95,37.2
30055114,3,chest pain,6,93,145,75,16,95,35.1
30055115,2,anxiety,9,106,138,75,14,99,36.2
30055116,3,chest pain,5,118,157,109,26,100,37.3
30055117,2,abdominal pain,8,60,137,76,17,100,36.8
30055118,3,shortness of breath,7,73,122,100,15,98,36.4
30055119,4,headache,3,116,132,85,18,100,37.0
30055120,2,fall,8,76,128,99,24,100,38.4
30055121,3,headache,7,103,125,83,19,99,37.9
30055122,2,fall,7,71,105,105,22,93,37.3
30055123,4,chest pain,3,74,137,82,22,100,37.8
30055124,2,knee pain,7,87,114,80,18,98,38.1
30055125,3,fever,7,81,107,92,17,100,36.0
30055126,4,fall,1,65,78,67,18,95,36.9
30055127,4,chest pain,2,91,104,82,15,98,37.5
30055128,3,back pain,5,87,141,97,9,100,37.5
30055129,3,anxiety,2,101,97,102,15,97,38.4
30055130,4,headache,7,87,113,61,26,100,37.6
30055131,4,fever,1,89,95,85,17,97,37.3
30055132,2,laceration,9,88,159,72,21,97,37.4
30055133,4,fever,3,58,110,79,16,97,36.6
30055134,3,shortness of breath,1,94,141,88,17,94,36.6
30055135,3,laceration,0,106,134,77,20,94,35.9
30055136,1,fall,6,66,143,87,11,98,36.7
30055137,4,shortness of breath,3,89,163,118,16,97,37.1
30055138,3,fever,7,87,125,65,14,95,37.7
30055139,3,abdominal pain,0,72,111,91,14,96,36.7
30055140,3,fever,4,83,134,96,21,99,36.4
30055141,3,fall,7,103,115,97,22,98,36.1
30055142,3,fall,6,83,78,96,10,98,37.1
30055143,3,chest pain,0,53,115,70,19,96,36.2
30055144,3,shortness of breath,2,93,114,55,13,100,37.0
30055145,3,laceration,4,60,130,75,15,95,37.2
30055146,3,laceration,6,85,160,84,21,94,36.2
30055147,3,fall,6,94,156,95,18,91,37.0
30055148,4,fall,6,58,99,62,18,96,36.6
30055149,5,laceration,0,83,144,42,17,100,37.5
30055150,2,chest pain,6,96,110,96,13,93,39.7
30055151,3,shortness of breath,2,94,103,74,25,94,36.5
30055152,4,laceration,3,85,169,54,14,100,36.1
30055153,2,abdominal pain,7,108,117,86,18,95,36.7
30055154,3,headache,1,84,147,113,13,97,35.6
30055155,3,anxiety,0,65,117,90,17,91,37.2
30055156,3,knee pain,5,91,126,68,20,95,36.4
30055157,3,fever,0,68,130,93,15,99,36.2
30055158,3,abdominal pain,1,75,123,76,20,96,36.8
30055159,3,anxiety,6,86,105,70,22,96,39.0
30055160,2,chest pain,8,66,115,76,17,97,37.2
30055161,3,knee pain,2,89,127,89,18,94,35.7
30055162,3,anxiety,5,96,134,66,22,94,37.7
30055163,1,fall,7,75,101,68,20,100,37.6
30055164,3,headache,1,73,131,74,17,96,37.6
30055165,3,fever,6,79,104,85,13,99,37.6
30055166,3,headache,3,97,111,66,18,92,36.8
30055167,4,anxiety,0,92,150,107,18,94,36.9
30055168,4,fever,0,119,140,71,19,97,37.2
30055169,3,abdominal pain,4,69,127,102,14,97,36.5
30055170,3,shortness of breath,1,90,152,85,16,94,37.4
30055171,1,anxiety,10,91,145,82,21,96,38.4
30055172,1,chest pain,6,84,142,104,14,97,35.7
30055173,3,anxiety,6,111,139,54,10,97,37.9
30055174,3,back pain,7,110,115,62,27,99,36.8
30055175,3,chest pain,1,98,130,77,18,94,37.2
30055176,2,anxiety,8,90,112,108,17,96,37.3
30055177,3,anxiety,0,64,136,58,18,99,35.3
30055178,4,laceration,7,91,160,88,18,98,36.8
30055179,3,shortness of breath,0,98,131,77,15,93,37.9
30055180,3,fall,2,112,120,87,22,96,36.2
30055181,3,abdominal pain,2,83,167,82,12,93,38.0
30055182,2,headache,7,93,105,99,28,96,36.5
30055183,3,fever,2,84,146,87,20,96,35.7
30055184,3,knee pain,1,98,137,67,24,95,36.9
30055185,2,fall,6,75,113,67,20,100,37.4
30055186,3,chest pain,3,86,105,79,15,100,38.3
30055187,4,knee pain,6,57,129,92,15,99,37.0
30055188,3,back pain,1,80,139,95,13,97,36.5
30055189,4,fall,6,59,122,86,18,93,38.2
30055190,5,fall,2,72,129,85,16,99,37.0
30055191,3,shortness of breath,4,95,119,65,19,100,37.8
30055192,4,headache,1,71,127,67,12,96,37.0
30055193,2,anxiety,10,85,135,110,20,96,37.5
30055194,3,knee pain,0,75,111,82,18,91,36.8
30055195,3,laceration,4,92,115,56,21,94,36.3
30055196,1,back pain,9,64,110,86,17,100,36.5
30055197,4,anxiety,7,110,116,78,22,93,37.4
30055198,3,headache,7,84,131,108,20,96,37.2
30055199,3,fever,2,85,129,68,15,97,36.3
30055200,3,knee pain,0,87,117,72,14,97,37.6
30055201,3,knee pain,5,55,135,69,23,97,37.0
30055202,3,headache,4,67,129,95,18,99,36.9
30055203,3,anxiety,2,88,106,101,22,92,36.4
30055204,3,knee pain,3,101,121,66,18,97,37.9
30055205,4,fall,5,76,116,76,16,94,36.6
30055206,2,anxiety,6,78,126,88,18,95,37.6
30055207,5,abdominal pain,6,102,99,82,19,100,35.7
30055208,2,headache,10,98,128,107,16,92,37.3
30055209,5,chest pain,1,107,113,86,14,95,38.1
30055210,3,headache,2,89,126,75,11,95,37.0
30055211,3,chest pain,2,108,129,82,23,93,38.4
30055212,2,knee pain,10,63,119,77,20,99,37.6
30055213,3,laceration,4,93,146,75,21,95,36.6
30055214,4,fall,6,49,143,75,22,93,37.8
30055215,4,fall,3,76,131,73,15,94,37.8
30055216,2,headache,6,84,133,61,20,99,37.9
30055217,3,chest pain,4,113,134,93,19,100,36.2
30055218,3,headache,0,116,136,77,22,97,35.8
30055219,3,fever,3,83,112,86,20,97,38.4
30055220,2,knee pain,7,96,129,78,15,96,36.6
30055221,3,back pain,6,62,111,79,15,95,37.0
30055222,4,back pain,0,100,123,91,20,100,37.0
30055223,1,abdominal pain,9,78,146,77,12,96,36.7
30055224,2,abdominal pain,7,76,119,82,23,98,36.9
30055225,4,shortness of breath,0,116,134,60,16,100,36.5
30055226,3,fall,4,85,150,84,18,98,37.5
30055227,3,chest pain,7,59,112,82,16,95,38.2
30055228,3,back pain,4,82,152,61,15,100,37.2
30055229,3,chest pain,6,88,98,83,17,99,36.4
30055230,1,chest pain,10,88,144,102,18,100,36.6
30055231,3,back pain,2,92,100,68,15,100,38.2
30055232,2,fall,10,86,122,83,19,100,37.1
30055233,3,fall,0,66,130,112,19,100,35.7
30055234,2,fever,6,79,132,66,18,93,38.1
30055235,3,back pain,4,95,102,78,17,96,36.6
30055236,2,shortness of breath,10,106,132,113,17,99,37.7
30055237,3,back pain,6,97,107,76,17,95,36.8
30055238,3,headache,0,50,97,79,21,100,35.7
30055239,3,fever,4,88,127,94,19,98,36.7
30055240,4,anxiety,2,61,111,86,16,95,36.8
30055241,3,knee pain,2,59,147,96,17,98,37.4
30055242,3,back pain,0,102,149,51,21,100,35.6
30055243,3,shortness of breath,3,95,123,90,21,99,36.2
30055244,3,abdominal pain,4,91,70,61,16,100,37.7
30055245,4,back pain,0,71,109,99,18,100,37.6
30055246,3,knee pain,5,93,104,74,12,92,36.5
30055247,2,headache,8,88,89,53,20,93,37.3
30055248,5,knee pain,5,84,134,79,19,99,37.1
30055249,3,laceration,5,87,120,61,16,96,36.4
30055250,3,knee pain,7,87,161,74,20,100,36.3
30055251,2,knee pain,9,83,99,73,11,100,36.4
30055252,3,anxiety,5,90,164,90,15,93,36.1
30055253,2,fall,8,93,105,89,18,96,36.7
30055254,1,knee pain,8,80,100,79,18,99,38.3
30055255,3,back pain,2,89,116,84,21,100,37.6
30055256,2,fever,8,73,133,59,19,96,37.4
30055257,3,chest pain,6,107,125,61,15,97,37.4
30055258,3,fever,1,78,102,104,18,96,38.3
30055259,3,fall,2,74,133,85,13,96,37.2
30055260,2,shortness of breath,10,86,136,88,13,100,37.7
30055261,5,fall,0,81,96,87,15,95,37.9
30055262,4,shortness of breath,6,67,135,86,18,98,37.9
30055263,3,back pain,4,77,110,60,17,99,36.3
30055264,3,anxiety,7,102,144,72,22,95,36.7
30055265,3,fall,1,94,167,59,23,97,37.4
30055266,3,abdominal pain,0,86,127,88,21,99,36.5
30055267,1,anxiety,7,85,129,98,14,98,38.3
30055268,3,abdominal pain,3,104,115,85,20,100,36.6
30055269,3,knee pain,3,55,125,78,13,91,37.9
30055270,4,back pain,6,100,93,81,11,100,37.2
30055271,3,back pain,0,71,127,86,15,97,36.6
30055272,2,headache,10,95,117,78,23,96,37.1
30055273,3,laceration,6,93,112,92,12,100,36.3
30055274,2,fever,7,91,81,75,16,97,36.9
30055275,2,laceration,6,95,90,68,19,95,37.1
30055276,1,back pain,8,93,117,66,19,95,36.9
30055277,3,fever,2,60,127,87,19,100,37.7
30055278,3,shortness of breath,2,83,122,99,21,95,36.7
30055279,4,laceration,0,68,106,70,12,94,37.1
30055280,3,fever,2,88,119,110,15,100,36.6
30055281,4,shortness of breath,6,79,85,79,10,99,37.1
30055282,3,fall,6,95,165,71,15,98,35.3
30055283,2,laceration,8,87,120,105,18,94,35.8
30055284,4,chest pain,6,87,124,87,16,95,37.2
30055285,5,fever,4,93,140,59,23,97,36.9
30055286,1,back pain,7,97,109,77,20,98,37.5
30055287,3,abdominal pain,5,71,104,84,19,100,37.4
30055288,3,headache,2,101,96,65,23,93,37.1
30055289,5,shortness of breath,6,96,113,89,18,97,37.2
30055290,4,anxiety,1,75,142,72,17,98,37.3
30055291,4,shortness of breath,1,104,84,62,18,96,37.0
30055292,3,fever,1,83,152,87,20,98,36.4
30055293,3,shortness of breath,0,56,120,67,15,99,36.7
30055294,3,headache,6,80,127,62,19,95,37.6
30055295,4,shortness of breath,4,97,115,92,20,100,37.2
30055296,3,laceration,7,67,133,114,19,93,37.7
30055297,4,laceration,2,90,93,54,16,100,37.9
30055298,3,back pain,2,85,137,89,13,98,37.6
30055299,3,knee pain,5,45,109,63,24,99,37.3
30055300,3,shortness of breath,5,89,115,63,16,95,37.1
30055301,3,anxiety,3,93,120,38,14,94,37.6
30055302,4,abdominal pain,6,87,149,77,18,100,37.4
30055303,3,anxiety,5,98,90,92,18,100,36.7
30055304,3,anxiety,4,111,118,103,20,94,38.1
30055305,1,laceration,7,96,111,89,23,100,37.0
30055306,2,back pain,6,93,131,78,16,94,36.9
30055307,3,anxiety,5,95,139,84,21,100,36.7
30055308,3,laceration,4,90,118,75,13,100,37.6
30055309,4,chest pain,3,77,115,62,21,94,36.6
30055310,4,anxiety,6,90,131,72,20,97,35.9
30055311,3,chest pain,4,80,124,86,14,94,37.6
30055312,4,fever,2,70,131,76,20,93,38.1
30055313,3,headache,7,87,123,71,19,98,37.9
30055314,2,shortness of breath,6,88,128,87,14,93,37.1
30055315,3,headache,7,85,104,70,21,99,38.0
30055316,2,abdominal pain,6,112,139,76,11,95,35.6
30055317,1,fall,7,68,117,77,24,99,38.2
30055318,4,anxiety,5,115,148,66,22,97,36.4
30055319,2,chest pain,8,68,124,83,24,96,36.7
30055320,4,shortness of breath,2,90,135,95,20,100,36.8
30055321,3,abdominal pain,5,64,134,60,16,99,36.4
30055322,2,chest pain,8,67,150,57,8,98,35.9
30055323,4,laceration,7,65,116,67,20,100,36.8
30055324,3,back pain,4,103,134,98,18,97,38.2
30055325,4,back pain,0,96,105,92,21,99,36.0
30055326,4,fever,7,85,120,89,19,98,36.8
30055327,2,fever,7,114,137,102,20,94,36.2
30055328,4,back pain,0,116,125,77,20,100,38.4
30055329,2,knee pain,9,96,129,71,14,99,38.4
30055330,3,shortness of breath,6,104,155,81,24,100,35.8
30055331,4,fall,2,85,106,50,19,100,36.3
30055332,3,abdominal pain,2,61,108,53,10,97,37.1
30055333,4,fever,6,89,100,51,16,93,37.9
30055334,4,abdominal pain,2,72,130,57,20,96,38.2
30055335,1,abdominal pain,8,93,124,78,19,95,36.6
30055336,3,laceration,7,77,165,98,26,94,36.8
30055337,1,chest pain,10,84,107,75,28,96,37.4
30055338,3,laceration,7,107,137,73,19,95,36.0
30055339,5,shortness of breath,7,78,120,84,22,98,36.3
30055340,2,fall,7,98,163,81,17,100,37.1
30055341,3,shortness of breath,6,94,95,72,16,91,37.0
30055342,2,anxiety,7,106,111,84,18,94,37.7
30055343,4,back pain,7,74,127,78,19,92,38.4
30055344,3,chest pain,2,68,146,105,20,99,36.6
30055345,4,shortness of breath,5,81,127,94,20,97,37.3
30055346,1,chest pain,9,87,77,97,14,94,35.9
30055347,2,anxiety,10,79,134,72,26,100,36.6
30055348,2,fall,9,88,122,70,20,94,36.5
30055349,3,fall,7,71,111,87,20,98,36.4
30055350,1,knee pain,9,115,123,100,14,97,36.4
30055351,3,fever,0,104,151,65,18,98,36.9
30055352,1,laceration,9,83,154,65,19,96,38.9
30055353,3,fever,1,101,122,73,17,100,36.5
30055354,2,shortness of breath,9,93,115,103,11,92,36.0
30055355,4,anxiety,0,78,148,85,19,97,37.9
30055356,2,fever,9,94,110,101,20,95,37.7
30055357,3,back pain,5,88,158,80,19,98,36.3
30055358,2,fever,7,94,120,71,19,91,35.8
30055359,3,shortness of breath,0,107,112,90,11,99,37.4
30055360,3,fever,1,87,115,86,19,94,35.3
30055361,3,headache,1,108,107,98,19,96,36.4
30055362,4,fever,3,60,115,99,24,100,37.2
30055363,1,back pain,6,84,115,52,13,97,36.3
30055364,3,anxiety,6,73,145,81,12,97,37.7
30055365,4,laceration,7,89,105,93,19,99,36.3
30055366,3,laceration,6,57,117,85,19,96,36.7
30055367,2,laceration,6,78,110,80,18,94,36.4
30055368,1,headache,8,118,162,86,19,100,36.6
30055369,2,back pain,9,82,106,78,17,96,35.4
30055370,2,headache,8,121,137,95,12,99,36.4
30055371,3,chest pain,2,79,135,68,16,99,36.6
30055372,4,anxiety,6,64,148,90,22,100,36.0
30055373,4,anxiety,3,74,143,50,20,90,36.5
30055374,3,back pain,0,81,127,75,12,97,36.2
30055375,3,back pain,7,92,127,72,19,100,38.4
30055376,3,knee pain,6,74,139,73,18,99,36.6
30055377,2,back pain,9,93,153,90,18,94,36.5
30055378,3,shortness of breath,4,100,134,77,20,99,37.2
30055379,3,shortness of breath,0,97,145,75,21,94,37.8
30055380,3,fever,2,78,143,52,18,99,36.4
30055381,3,anxiety,1,87,163,75,21,100,36.8
30055382,4,knee pain,4,94,132,78,12,98,36.1
30055383,3,laceration,5,100,120,84,16,95,37.1
30055384,2,back pain,8,68,150,86,18,92,37.2
30055385,3,headache,3,72,155,99,9,98,36.5
30055386,3,laceration,2,70,129,67,25,97,36.5
30055387,5,abdominal pain,3,61,107,87,18,97,36.6
30055388,4,anxiety,2,80,137,86,24,96,36.3
30055389,3,shortness of breath,5,84,136,79,18,100,37.7
30055390,1,knee pain,6,102,162,76,23,100,37.4
30055391,1,headache,8,92,103,103,19,99,35.9
30055392,4,chest pain,1,109,134,74,15,95,36.6
30055393,3,fever,3,90,138,96,15,97,36.6
30055394,3,headache,7,55,142,71,16,94,36.8
30055395,3,laceration,5,52,103,65,19,99,36.9
30055396,3,shortness of breath,6,78,152,74,9,96,36.3
30055397,3,shortness of breath,1,72,116,80,14,93,37.5
30055398,3,headache,3,91,164,59,21,97,35.3
30055399,4,fever,5,101,136,103,26,93,36.8
30055400,2,laceration,6,78,138,78,24,96,36.8
30055401,3,back pain,3,93,108,68,13,98,37.3
30055402,2,fever,9,84,99,105,20,96,36.8
30055403,2,fall,6,102,125,61,12,93,36.4
30055404,3,abdominal pain,1,97,113,74,18,94,37.1
30055405,2,fever,10,54,126,107,19,98,36.8
30055406,3,anxiety,4,72,148,80,19,99,37.5
30055407,4,fever,6,114,109,89,23,96,35.8
30055408,3,fever,1,90,103,62,20,99,36.1
30055409,1,abdominal pain,8,93,106,103,18,97,36.6
30055410,4,chest pain,5,65,113,75,15,98,36.9
30055411,3,chest pain,0,88,139,94,15,91,35.9
30055412,3,abdominal pain,2,80,110,87,15,97,37.8
30055413,3,anxiety,3,64,112,84,30,93,36.5
30055414,3,knee pain,4,75,148,85,17,98,37.2
30055415,2,laceration,7,88,115,92,15,96,38.2
30055416,4,back pain,6,73,124,52,21,95,37.6
30055417,4,laceration,2,74,127,90,17,96,37.7
30055418,3,fall,3,91,124,70,15,97,35.7
30055419,3,fall,5,87,133,82,17,100,37.9
30055420,4,laceration,0,72,124,41,17,92,36.9
30055421,1,abdominal pain,7,82,125,117,19,96,37.0
30055422,5,abdominal pain,5,89,107,54,17,100,37.1
30055423,4,abdominal pain,4,74,132,71,15,97,36.5
30055424,3,knee pain,4,82,137,69,24,97,36.9
30055425,3,laceration,7,97,135,62,18,97,36.5
30055426,3,laceration,0,92,102,59,16,93,36.7
30055427,3,chest pain,0,61,123,81,15,94,37.1
30055428,3,chest pain,6,95,114,82,13,99,37.6
30055429,3,abdominal pain,0,86,135,86,23,99,37.9
30055430,3,back pain,5,91,109,74,18,93,36.4
30055431,2,abdominal pain,9,68,118,57,15,96,38.0
30055432,1,headache,8,93,107,52,20,94,35.4
30055433,3,back pain,7,71,124,70,22,98,37.6
30055434,5,knee pain,1,87,149,89,16,97,37.3
30055435,3,fever,7,80,108,55,15,100,36.7
30055436,3,chest pain,7,101,107,67,18,96,36.7
30055437,4,headache,4,95,130,106,16,98,36.6
30055438,3,laceration,2,81,110,58,15,96,36.7
30055439,2,shortness of breath,6,119,144,75,15,92,36.6
30055440,4,fall,7,64,135,67,26,91,37.6
30055441,3,shortness of breath,2,75,134,88,22,100,36.4
30055442,2,laceration,8,83,115,89,20,93,36.6
30055443,3,headache,6,73,120,97,16,96,35.6
30055444,3,abdominal pain,0,87,173,83,21,98,36.8
30055445,3,shortness of breath,3,69,112,77,20,100,36.6
30055446,3,anxiety,2,109,133,94,17,94,36.1
30055447,3,fever,5,105,76,70,11,100,38.1
30055448,1,chest pain,9,119,116,92,20,91,35.9
30055449,2,fall,10,97,115,91,13,98,36.9
30055450,2,anxiety,9,86,75,97,12,98,37.8
30055451,5,fever,6,82,108,116,15,100,38.6
30055452,3,fever,7,80,140,75,22,94,36.5
30055453,4,anxiety,3,62,122,104,13,100,37.4
30055454,3,chest pain,7,83,115,110,27,99,35.6
30055455,1,anxiety,10,58,94,87,16,100,36.0
30055456,4,shortness of breath,5,96,89,72,24,100,36.4
30055457,4,back pain,2,83,170,91,21,100,37.1
30055458,5,shortness of breath,1,69,124,66,17,95,36.8
30055459,3,back pain,2,115,142,69,23,100,38.9
30055460,4,abdominal pain,4,75,131,85,21,98,37.2
30055461,3,fall,6,66,81,102,24,97,37.4
30055462,3,fever,7,60,116,83,17,96,36.4
30055463,2,fall,10,76,169,82,11,99,37.0
30055464,4,headache,6,113,140,61,19,94,38.4
30055465,3,laceration,7,83,93,64,23,99,35.3
30055466,3,abdominal pain,4,50,115,79,14,95,37.4
30055467,1,anxiety,9,83,94,93,10,95,36.3
30055468,3,shortness of breath,1,69,121,57,14,95,38.1
30055469,3,shortness of breath,5,80,112,79,19,91,36.7
30055470,3,fever,2,88,112,72,19,98,36.2
30055471,3,headache,0,69,122,52,13,98,37.3
30055472,3,fall,4,86,90,43,18,94,36.1
30055473,4,abdominal pain,6,108,124,89,20,98,37.6
30055474,3,laceration,3,96,103,88,19,100,37.7
30055475,3,fall,5,87,113,88,26,100,35.8
30055476,3,anxiety,1,74,109,63,20,96,38.1
30055477,1,chest pain,8,60,136,98,13,98,36.7
30055478,3,abdominal pain,5,94,138,60,19,96,36.0
30055479,3,headache,4,83,128,90,16,97,38.3
30055480,3,fever,2,66,100,91,24,94,38.5
30055481,3,abdominal pain,0,80,130,87,14,93,37.8
30055482,3,fever,2,64,138,88,17,100,37.1
30055483,2,headache,10,71,147,82,19,100,37.3
30055484,4,knee pain,5,58,73,69,17,100,37.5
30055485,2,shortness of breath,10,74,118,52,18,98,36.1
30055486,3,abdominal pain,0,78,111,72,14,99,35.9
30055487,4,back pain,5,72,139,104,25,95,36.7
30055488,5,laceration,2,90,138,85,19,89,36.9
30055489,3,abdominal pain,0,89,57,87,14,96,37.4
30055490,3,shortness of breath,6,78,126,75,12,100,37.0
30055491,4,abdominal pain,6,92,93,112,16,100,36.7
30055492,3,abdominal pain,4,76,146,73,20,97,36.0
30055493,4,fall,5,99,157,90,25,96,36.4
30055494,1,fever,8,89,139,102,19,95,36.6
30055495,2,shortness of breath,7,115,152,54,18,99,36.8
30055496,2,back pain,7,99,111,87,20,95,36.1
30055497,2,knee pain,6,63,142,71,17,94,37.8
30055498,5,fever,4,112,121,92,21,96,37.5
30055499,2,headache,10,110,147,82,16,99,37.1
30055500,3,shortness of breath,3,99,111,77,18,99,37.0
30055501,2,anxiety,9,101,155,95,21,90,37.0
30055502,3,headache,4,92,172,65,17,100,37.3
30055503,2,chest pain,6,101,143,62,23,95,37.8
30055504,3,fever,2,103,145,94,17,97,36.8
30055505,2,fever,9,68,100,116,15,99,36.1
30055506,1,laceration,7,60,96,64,18,100,37.3
30055507,3,knee pain,3,43,93,106,9,100,37.0
30055508,3,back pain,5,109,83,93,17,97,38.1
30055509,3,chest pain,3,87,90,87,22,94,36.9
30055510,2,fall,8,71,136,100,13,100,38.1
30055511,3,laceration,0,73,114,88,25,100,37.3
30055512,5,back pain,6,83,126,61,17,98,37.9
30055513,3,laceration,0,92,119,73,22,100,37.3
30055514,3,headache,0,79,141,77,19,99,36.5
30055515,1,fall,10,74,101,64,23,96,37.4
30055516,4,headache,2,87,108,98,23,95,38.3
30055517,3,knee pain,0,84,161,65,8,99,38.8
30055518,4,back pain,1,60,83,90,23,100,37.6
30055519,3,laceration,0,85,120,83,19,99,38.4
30055520,4,back pain,2,60,107,92,20,95,38.0
30055521,2,abdominal pain,6,78,107,59,10,97,37.4
30055522,4,fall,1,75,158,84,14,94,37.8
30055523,3,laceration,3,57,127,80,23,90,37.3
30055524,4,knee pain,2,63,125,74,17,99,37.1
30055525,3,headache,4,67,100,67,29,100,38.1
30055526,2,abdominal pain,10,94,96,73,17,100,37.3
30055527,3,knee pain,5,79,133,77,19,98,36.6
30055528,3,abdominal pain,2,113,127,74,17,95,36.6
30055529,3,knee pain,0,111,122,91,20,90,37.8
30055530,3,fever,2,93,106,70,26,96,37.8
30055531,4,knee pain,2,89,145,66,16,96,38.6
30055532,3,back pain,3,76,93,79,25,95,38.9
30055533,4,back pain,2,97,105,69,18,95,36.5
30055534,2,fever,10,91,158,83,18,97,36.4
30055535,4,laceration,3,80,108,88,20,98,37.5
30055536,3,anxiety,0,86,118,54,23,94,37.6
30055537,2,abdominal pain,9,63,139,73,16,100,37.7
30055538,3,laceration,6,75,109,104,24,96,36.7
30055539,3,chest pain,4,75,121,73,20,98,36.2
30055540,3,fall,1,82,113,95,16,100,37.0
30055541,4,fall,0,57,115,91,19,99,37.0
30055542,2,laceration,6,108,113,93,18,99,36.5
30055543,4,back pain,5,87,130,71,17,98,36.6
30055544,3,anxiety,5,83,144,73,17,100,36.7
30055545,3,abdominal pain,3,103,96,78,18,94,37.0
30055546,3,fever,7,88,124,83,18,98,37.2
30055547,5,knee pain,7,100,139,73,18,98,36.6
30055548,3,laceration,5,79,112,76,15,100,36.8
30055549,1,chest pain,9,92,133,95,23,88,36.5
30055550,2,knee pain,10,96,97,77,20,98,37.3
30055551,3,fall,2,80,119,68,21,94,36.4
30055552,2,knee pain,10,68,126,94,17,99,38.3
30055553,3,fever,3,95,136,73,17,99,35.6
30055554,4,abdominal pain,1,73,125,85,17,93,36.1
30055555,4,chest pain,5,86,153,65,18,95,36.9
30055556,3,shortness of breath,7,91,101,84,20,96,36.5
30055557,3,shortness of breath,0,85,150,64,18,91,38.9
30055558,3,shortness of breath,1,69,105,75,13,95,36.0
30055559,2,abdominal pain,8,89,112,90,21,98,36.3
30055560,3,knee pain,7,131,78,72,19,100,36.1
30055561,3,headache,7,63,87,92,22,94,37.1
30055562,5,chest pain,1,65,130,76,16,98,37.6
30055563,4,abdominal pain,7,95,91,91,26,97,35.1
30055564,3,fever,6,77,135,98,16,98,36.5
30055565,3,chest pain,0,66,143,75,15,99,37.3
30055566,4,shortness of breath,0,73,125,75,9,100,37.5
30055567,3,knee pain,0,73,115,70,17,94,36.3
30055568,2,fever,10,101,132,78,20,100,36.9
30055569,2,anxiety,8,75,130,86,15,94,36.2
30055570,3,headache,4,91,129,110,12,100,37.0
30055571,3,headache,5,66,142,80,16,95,36.8
30055572,4,anxiety,4,48,151,59,24,95,37.6
30055573,4,chest pain,6,72,108,71,24,100,36.8
30055574,3,fall,4,67,158,78,16,100,36.8
30055575,3,fall,7,79,88,75,19,96,37.5
30055576,3,abdominal pain,4,83,112,71,18,91,36.4
30055577,4,chest pain,6,80,117,79,18,91,37.0
30055578,3,laceration,3,76,100,72,26,100,34.5
30055579,4,headache,1,97,125,92,17,97,37.2
30055580,4,headache,6,82,159,68,19,95,37.0
30055581,2,headache,9,102,129,72,15,97,37.5
30055582,5,anxiety,7,68,127,82,22,100,38.8
30055583,2,knee pain,8,87,118,58,17,98,37.5
30055584,2,chest pain,9,102,146,106,22,98,35.5
30055585,3,back pain,4,96,106,97,16,98,37.0
30055586,4,laceration,3,83,145,75,15,95,37.6
30055587,2,laceration,8,85,121,83,13,96,35.1
30055588,3,fall,2,94,118,82,21,98,36.4
30055589,3,fever,3,68,117,71,13,96,37.3
30055590,3,fever,7,55,136,75,19,97,37.6
30055591,3,knee pain,2,78,119,53,12,95,37.3
30055592,3,shortness of breath,1,80,112,91,13,95,36.8
30055593,3,laceration,3,82,110,54,16,98,37.8
30055594,1,headache,7,82,202,70,16,97,37.1
30055595,3,abdominal pain,2,48,130,62,15,94,37.4
30055596,3,laceration,0,50,116,62,22,95,37.9
30055597,4,knee pain,6,77,72,59,22,95,37.4
30055598,3,laceration,3,78,133,76,15,99,35.8
30055599,2,abdominal pain,6,85,136,53,20,97,37.0
30055600,4,laceration,4,89,143,86,17,95,36.4
30055601,4,back pain,7,99,108,77,26,98,36.2
30055602,4,headache,4,67,101,74,18,89,36.3
30055603,3,shortness of breath,0,57,112,59,16,96,38.3
30055604,3,knee pain,4,88,134,80,20,100,37.6
30055605,3,laceration,0,69,155,65,17,99,38.1
30055606,4,shortness of breath,2,93,137,93,17,95,35.1
30055607,2,back pain,10,68,158,98,23,93,37.9
30055608,3,shortness of breath,2,89,134,73,19,99,35.9
30055609,3,knee pain,1,50,99,87,20,100,36.8
30055610,3,laceration,5,100,141,93,24,94,37.1
30055611,3,knee pain,1,72,107,91,15,100,36.2
30055612,3,abdominal pain,7,84,145,66,18,100,37.4
30055613,3,knee pain,6,92,97,92,16,96,36.8
30055614,1,knee pain,7,81,120,71,16,98,36.8
30055615,2,knee pain,8,86,127,85,23,100,37.0
30055616,3,fever,3,91,114,71,27,95,37.8
30055617,3,abdominal pain,1,99,124,70,23,96,36.4
30055618,5,knee pain,5,79,116,93,18,98,36.2
30055619,2,fall,9,125,118,87,16,100,38.4
30055620,4,knee pain,5,66,140,47,19,99,37.1
30055621,1,shortness of breath,8,86,120,120,18,100,38.3
30055622,3,anxiety,2,86,146,85,18,97,37.6
30055623,3,chest pain,2,87,141,82,19,98,36.6
30055624,2,back pain,9,101,131,86,18,96,35.8
30055625,3,anxiety,7,88,148,67,13,97,36.2
30055626,2,laceration,8,85,131,80,23,99,36.0
30055627,3,back pain,5,92,120,88,15,99,37.7
30055628,3,shortness of breath,7,84,135,88,20,100,38.3
30055629,3,shortness of breath,6,75,154,107,16,95,38.6
30055630,2,chest pain,6,78,99,81,12,92,35.4
30055631,3,headache,7,84,150,75,12,100,38.7
30055632,3,laceration,1,99,148,90,17,91,39.1
30055633,4,chest pain,0,77,90,54,16,94,36.9
30055634,3,shortness of breath,3,96,107,66,18,91,37.6
30055635,2,abdominal pain,10,74,123,62,15,97,35.5
30055636,3,fall,2,86,133,61,22,95,37.9
30055637,2,shortness of breath,10,113,124,76,17,100,38.8
30055638,3,fall,1,95,118,90,20,89,36.6
30055639,3,laceration,6,116,150,91,19,100,35.1
30055640,2,fall,7,82,94,92,20,96,35.7
30055641,4,shortness of breath,1,91,113,80,17,100,37.9
30055642,3,shortness of breath,5,94,102,83,17,100,37.2
30055643,3,shortness of breath,5,88,146,115,17,98,36.1
30055644,3,abdominal pain,0,84,117,82,17,97,36.5
30055645,3,abdominal pain,4,84,139,70,11,92,36.6
30055646,4,anxiety,5,75,153,71,25,96,37.2
30055647,3,back pain,7,77,138,90,25,100,37.7
30055648,3,chest pain,3,95,149,89,26,89,36.3
30055649,4,abdominal pain,3,45,116,100,25,98,36.7
30055650,3,abdominal pain,2,62,100,78,12,91,37.1
30055651,3,knee pain,6,78,117,72,14,97,36.9
30055652,5,fever,0,71,116,101,14,98,35.5
30055653,3,shortness of breath,7,45,91,99,17,98,37.0
30055654,1,headache,6,86,135,74,12,100,37.5
30055655,3,back pain,0,98,126,71,13,94,36.6
30055656,3,laceration,7,93,88,78,17,97,38.7
30055657,3,fever,3,85,118,87,19,99,37.1
30055658,3,fever,4,82,117,89,16,92,36.8
30055659,3,fall,3,85,120,78,13,96,34.9
30055660,3,anxiety,1,75,110,78,21,97,37.1
30055661,3,knee pain,2,89,99,104,13,95,37.3
30055662,3,chest pain,6,87,155,76,22,93,36.2
30055663,3,shortness of breath,7,88,146,95,21,95,35.6
30055664,3,knee pain,7,78,127,61,27,100,38.3
30055665,3,chest pain,0,85,122,65,21,97,37.1
30055666,5,shortness of breath,3,92,135,105,18,96,35.3
30055667,3,headache,2,123,87,110,18,95,36.5
30055668,3,back pain,5,74,97,78,21,95,38.9
30055669,4,chest pain,3,83,121,65,17,100,36.7
30055670,2,headache,6,96,121,88,18,98,36.9
30055671,1,headache,10,52,102,98,20,98,35.7
30055672,3,chest pain,4,97,117,79,14,91,35.4
30055673,3,abdominal pain,0,76,140,48,15,96,37.1
30055674,4,chest pain,1,109,103,80,21,98,38.6
30055675,4,fall,1,66,109,92,22,94,37.9
30055676,4,back pain,0,111,95,75,24,98,37.8
30055677,3,chest pain,4,80,146,89,21,98,37.7
30055678,3,laceration,6,103,62,93,22,93,36.1
30055679,3,knee pain,6,62,85,62,19,100,34.7
30055680,1,fall,10,90,126,88,18,100,37.3
30055681,2,chest pain,10,89,109,98,22,96,37.9
30055682,3,chest pain,3,65,77,78,18,97,36.7
30055683,2,chest pain,7,97,141,76,16,98,36.1
30055684,3,anxiety,6,91,94,69,11,92,37.8
30055685,5,fever,4,91,152,69,18,96,37.7
30055686,1,headache,7,77,107,78,14,98,36.4
30055687,3,abdominal pain,5,86,108,90,18,100,37.7
30055688,4,shortness of breath,3,85,149,100,22,98,37.5
30055689,3,abdominal pain,5,92,148,77,17,100,36.2
30055690,3,headache,4,63,148,86,13,97,37.9
30055691,2,chest pain,10,107,128,49,12,94,38.9
30055692,3,chest pain,1,87,109,71,11,95,36.8
30055693,3,shortness of breath,0,108,115,101,12,95,37.0
30055694,3,anxiety,6,92,122,81,13,89,36.7
30055695,3,shortness of breath,6,97,100,83,18,97,37.8
30055696,3,fall,5,83,99,89,9,99,36.5
30055697,4,shortness of breath,0,36,107,79,18,99,36.6
30055698,4,headache,6,110,147,82,16,96,35.4
30055699,2,knee pain,8,85,109,75,6,93,37.6
30055700,4,knee pain,6,104,96,88,23,100,35.8
30055701,4,chest pain,6,78,101,73,12,100,36.5
30055702,3,abdominal pain,7,103,96,78,19,96,36.7
30055703,5,knee pain,5,107,146,88,20,95,36.6
30055704,3,fall,3,123,117,82,19,97,36.5
30055705,3,knee pain,4,94,131,82,17,98,37.8
30055706,3,shortness of breath,6,64,135,83,18,97,36.2
30055707,2,back pain,7,79,125,90,17,100,37.0
30055708,1,headache,8,109,103,55,21,98,37.5
30055709,3,back pain,0,61,148,89,30,100,36.2
30055710,3,shortness of breath,5,98,128,83,15,100,37.2
30055711,4,back pain,6,84,104,82,22,95,36.8
30055712,3,fever,4,64,92,74,19,100,36.9
30055713,2,chest pain,9,75,137,62,19,98,37.5
30055714,3,knee pain,3,77,108,100,20,96,36.0
30055715,3,fall,4,79,125,96,22,97,37.7
30055716,4,laceration,2,105,131,92,19,98,37.8
30055717,3,fall,1,68,137,121,24,95,38.1
30055718,3,shortness of breath,4,83,141,88,11,96,36.6
30055719,3,anxiety,5,64,130,103,16,96,35.8
30055720,3,shortness of breath,1,103,139,90,14,98,35.9
30055721,3,anxiety,7,77,117,79,23,94,37.3
30055722,4,chest pain,2,75,147,108,16,98,35.6
30055723,3,shortness of breath,4,69,112,88,11,98,36.0
30055724,2,abdominal pain,8,116,124,122,16,97,37.2
30055725,3,laceration,5,78,107,86,18,95,38.1
30055726,3,abdominal pain,7,76,140,72,11,94,36.9
30055727,3,abdominal pain,4,84,100,59,24,95,36.2
30055728,3,back pain,3,90,142,87,22,96,37.1
30055729,3,chest pain,3,86,114,98,16,96,38.0
30055730,3,headache,0,77,127,76,18,90,36.9
30055731,3,headache,4,95,125,64,19,96,38.7
30055732,2,headache,6,106,110,107,18,94,37.0
30055733,3,laceration,7,77,139,77,22,100,38.2
30055734,3,fever,4,83,132,53,15,100,38.1
30055735,3,abdominal pain,0,95,127,98,15,96,36.6
30055736,2,laceration,8,106,125,67,18,98,37.1
30055737,2,chest pain,8,79,103,73,14,93,35.0
30055738,3,headache,5,85,150,85,22,99,38.4
30055739,3,abdominal pain,0,79,124,91,19,93,38.1
30055740,3,fever,2,93,105,103,12,97,37.2
30055741,4,back pain,1,82,114,85,16,97,36.4
30055742,5,fall,4,86,128,80,28,96,36.5
30055743,3,headache,0,94,157,94,19,99,36.9
30055744,3,headache,0,91,146,79,16,100,36.6
30055745,3,laceration,6,106,93,68,20,95,37.2
30055746,3,shortness of breath,5,63,138,71,21,93,37.0
30055747,5,chest pain,4,94,116,99,19,97,36.7
30055748,4,back pain,5,99,129,89,15,94,37.3
30055749,3,headache,6,70,127,89,17,99,37.0
30055750,2,fever,7,124,139,103,17,100,38.7
30055751,3,anxiety,2,73,129,81,18,97,37.5
30055752,5,fever,0,83,129,87,21,100,37.4
30055753,3,fall,3,103,127,72,14,98,36.5
30055754,1,knee pain,8,91,139,68,15,95,35.8
30055755,3,laceration,7,85,122,71,27,94,38.1
30055756,3,laceration,1,62,149,79,13,98,36.5
30055757,4,anxiety,3,97,137,59,15,95,37.5
30055758,5,knee pain,4,89,139,75,19,100,37.2
30055759,2,laceration,8,77,121,84,20,94,38.0
30055760,3,back pain,6,79,148,98,14,98,36.7
30055761,3,anxiety,2,82,115,49,19,92,36.4
30055762,5,fever,4,83,137,96,18,100,37.0
30055763,3,chest pain,0,67,130,68,19,92,35.9
30055764,3,chest pain,7,79,126,95,16,98,37.1
30055765,4,laceration,7,91,91,66,20,95,36.4
30055766,5,anxiety,2,45,139,54,18,100,37.5
30055767,4,chest pain,4,92,114,85,18,99,37.5
30055768,2,fever,7,72,119,95,25,100,36.9
30055769,3,fever,2,50,113,78,8,98,35.3
30055770,3,abdominal pain,6,87,100,69,25,94,38.9
30055771,4,headache,5,70,98,83,18,100,36.5
30055772,3,knee pain,7,77,112,59,14,96,37.1
30055773,3,abdominal pain,2,78,124,66,20,97,36.3
30055774,4,fever,2,94,120,78,14,95,36.9
30055775,3,fall,2,111,133,88,18,95,36.6
30055776,2,shortness of breath,6,80,132,77,19,96,35.9
30055777,4,back pain,0,92,114,66,9,96,38.0
30055778,3,fever,4,94,166,44,22,99,35.9
30055779,3,fever,0,93,128,103,17,93,36.4
30055780,1,fever,6,87,100,89,22,99,36.4
30055781,3,chest pain,4,79,136,75,15,100,37.4
30055782,3,fall,3,97,105,79,24,91,36.9
30055783,3,knee pain,5,97,112,62,13,99,36.0
30055784,3,fall,2,92,160,90,16,96,37.6
30055785,3,chest pain,1,93,144,66,17,100,36.6
30055786,2,shortness of breath,7,88,163,70,15,98,34.6
30055787,2,chest pain,10,112,67,86,11,98,37.3
30055788,3,fever,7,74,135,89,15,100,37.1
30055789,1,laceration,8,68,129,87,13,94,38.4
30055790,3,headache,4,80,157,90,19,97,36.1
30055791,1,laceration,10,85,112,81,17,95,37.8
30055792,3,laceration,1,96,101,107,19,96,36.6
30055793,2,fall,8,81,128,100,17,100,37.1
30055794,3,knee pain,6,68,132,112,21,95,37.6
30055795,1,chest pain,7,88,137,68,20,99,36.6
30055796,3,back pain,3,78,111,69,15,99,38.1
30055797,2,anxiety,7,85,147,74,20,96,37.0
30055798,3,knee pain,5,85,142,68,20,100,37.2
30055799,5,fever,2,87,147,94,8,97,35.8
30055800,4,fall,2,75,135,50,19,100,37.4
30055801,3,headache,0,66,114,70,19,93,37.2
30055802,5,shortness of breath,7,102,116,78,17,100,38.6
30055803,3,anxiety,3,61,113,56,19,91,36.1
30055804,2,fall,8,101,96,81,6,96,36.7
30055805,2,back pain,7,79,106,88,18,99,36.6
30055806,3,back pain,7,93,132,98,14,98,37.0
30055807,3,shortness of breath,6,100,104,98,18,91,35.2
30055808,3,fever,1,101,140,99,17,99,37.7
30055809,3,back pain,2,66,118,77,19,97,37.4
30055810,3,chest pain,0,44,140,90,15,96,37.4
30055811,3,back pain,2,99,145,76,19,97,38.5
30055812,1,fall,7,92,111,80,15,92,36.7
30055813,3,laceration,3,80,107,93,18,97,36.7
30055814,4,shortness of breath,4,80,127,50,14,97,36.6
30055815,4,knee pain,5,86,141,61,20,97,36.7
30055816,4,fall,1,69,146,97,18,98,39.0
30055817,2,knee pain,9,105,137,70,11,98,37.2
30055818,3,fever,0,100,116,84,20,100,36.8
30055819,4,shortness of breath,3,88,102,84,21,97,37.0
30055820,3,shortness of breath,4,80,121,87,20,100,37.7
30055821,4,anxiety,6,83,84,95,22,98,36.2
30055822,2,back pain,10,78,131,59,19,93,36.9
30055823,3,fall,4,77,121,89,18,100,37.4
30055824,3,back pain,6,81,137,62,16,98,37.4
30055825,5,knee pain,0,81,133,79,18,99,37.6
30055826,3,back pain,1,97,130,84,10,96,37.9
30055827,3,back pain,0,95,149,102,13,92,36.3
30055828,2,chest pain,10,89,125,96,29,94,37.3
30055829,3,chest pain,3,104,159,87,15,100,38.3
30055830,3,fever,3,86,100,86,25,97,37.6
30055831,3,anxiety,7,59,107,90,8,97,37.5
30055832,3,back pain,5,69,95,70,24,95,36.5
30055833,3,knee pain,3,84,106,50,19,99,36.1
30055834,3,laceration,5,78,121,92,17,98,37.3
30055835,3,knee pain,5,78,134,64,22,100,36.4
30055836,3,knee pain,3,85,160,98,16,100,36.7
30055837,3,back pain,2,109,129,53,15,100,37.9
30055838,4,back pain,6,100,82,94,21,94,37.5
30055839,4,knee pain,1,71,123,87,19,95,36.9
30055840,2,anxiety,7,101,107,50,21,94,36.0
30055841,3,abdominal pain,5,109,112,47,16,92,37.3
30055842,2,chest pain,9,90,116,52,22,98,37.0
30055843,4,abdominal pain,3,97,116,89,19,96,36.8
30055844,1,laceration,10,98,101,100,20,96,36.9
30055845,3,knee pain,7,67,106,85,19,96,37.6
30055846,4,laceration,4,121,97,70,19,98,35.5
30055847,3,fever,7,79,140,75,16,92,36.7
30055848,3,fall,1,67,150,112,16,97,35.9
30055849,3,headache,3,98,111,58,13,99,35.2
30055850,2,chest pain,7,89,128,72,18,95,36.4
30055851,4,chest pain,2,114,133,69,14,95,35.9
30055852,3,laceration,3,72,115,43,18,96,38.9
30055853,3,fever,1,63,121,75,16,97,37.8
30055854,4,abdominal pain,7,72,165,73,19,100,36.9
30055855,3,anxiety,0,106,136,71,16,97,37.3
30055856,2,abdominal pain,10,91,149,71,13,94,36.9
30055857,3,headache,5,107,144,86,16,100,38.2
30055858,3,back pain,3,105,103,52,17,99,37.3
30055859,3,abdominal pain,1,101,162,79,20,96,38.1
30055860,5,laceration,1,87,131,72,22,96,36.4
30055861,5,back pain,4,108,134,70,26,99,37.6
30055862,3,laceration,2,84,124,61,20,97,37.5
30055863,3,back pain,3,77,115,94,11,99,38.1
30055864,2,knee pain,8,85,152,60,12,100,37.8
30055865,4,knee pain,1,65,152,84,12,100,37.2
30055866,4,knee pain,2,100,112,101,17,91,38.1
30055867,3,laceration,5,84,116,84,13,94,36.7
30055868,1,back pain,6,121,122,83,16,98,37.7
30055869,2,headache,6,90,130,82,22,94,38.0
30055870,3,knee pain,0,55,131,89,20,98,37.6
30055871,2,laceration,7,85,126,65,7,98,36.2
30055872,3,anxiety,6,82,132,87,21,99,37.0
30055873,3,abdominal pain,2,102,128,78,19,100,36.6
30055874,4,fall,7,103,130,46,19,97,37.8
30055875,3,back pain,4,81,85,109,6,93,36.3
30055876,4,abdominal pain,6,109,98,92,20,90,37.2
30055877,1,laceration,10,78,130,94,9,99,37.8
30055878,2,fall,9,66,111,87,19,93,34.3
30055879,3,laceration,5,109,139,80,15,99,37.3
30055880,3,laceration,3,84,101,72,21,95,36.2
30055881,3,abdominal pain,5,87,129,119,18,99,36.0
30055882,3,shortness of breath,7,83,102,80,12,92,38.0
30055883,3,anxiety,6,79,139,65,19,94,35.9
30055884,4,fever,5,73,100,77,19,91,36.8
30055885,2,shortness of breath,8,70,121,64,21,100,37.1
30055886,2,abdominal pain,9,100,128,57,17,98,37.3
30055887,3,abdominal pain,5,81,130,84,19,100,38.8
30055888,3,shortness of breath,5,58,99,69,14,97,37.9
30055889,4,anxiety,7,65,119,68,15,97,36.0
30055890,2,laceration,6,96,108,77,22,93,36.1
30055891,1,back pain,8,71,149,78,17,95,36.9
30055892,2,shortness of breath,8,84,138,83,20,98,37.4
30055893,3,knee pain,6,44,124,74,14,95,37.4
30055894,2,anxiety,8,93,151,94,16,96,37.3
30055895,4,anxiety,2,102,98,92,19,100,36.4
30055896,3,anxiety,2,97,138,78,17,100,35.9
30055897,2,laceration,7,76,121,67,22,98,37.5
30055898,4,shortness of breath,6,67,150,98,17,93,38.0
30055899,3,shortness of breath,2,71,131,93,15,97,36.7
30055900,4,fall,0,96,120,92,25,98,37.2
30055901,5,headache,2,97,104,80,15,96,37.8
30055902,3,shortness of breath,0,89,136,85,14,100,37.1
30055903,2,headache,8,78,105,107,15,92,37.6
30055904,2,fall,6,66,159,74,22,96,37.5
30055905,3,shortness of breath,3,100,125,89,15,94,35.5
30055906,3,laceration,2,64,149,85,11,96,37.2
30055907,4,shortness of breath,7,74,106,68,21,96,36.5
30055908,3,fall,3,100,97,75,23,100,36.7
30055909,3,anxiety,5,68,115,62,17,98,37.0
30055910,4,laceration,5,98,143,99,13,100,38.0
30055911,4,headache,4,93,147,103,20,98,36.8
30055912,4,abdominal pain,0,64,148,91,28,95,38.3
30055913,3,chest pain,4,79,139,55,14,96,37.0
30055914,3,knee pain,7,75,136,101,14,100,37.7
30055915,3,fever,6,64,132,67,23,92,37.1
30055916,3,anxiety,2,96,128,86,20,95,37.2
30055917,4,knee pain,2,97,110,57,13,99,37.5
30055918,3,back pain,6,77,164,85,18,95,37.4
30055919,3,laceration,4,88,110,81,17,100,35.9
30055920,3,chest pain,3,121,115,87,12,91,35.4
30055921,4,fall,1,80,107,90,15,98,37.2
30055922,3,abdominal pain,0,94,116,72,10,94,36.4
30055923,3,shortness of breath,0,96,135,72,16,100,38.3
30055924,2,abdominal pain,10,106,141,84,14,95,37.3
30055925,2,headache,6,77,161,90,17,97,37.7
30055926,3,headache,1,67,125,94,20,100,37.5
30055927,5,fall,6,83,82,90,17,94,36.6
30055928,3,headache,5,97,152,68,18,95,37.6
30055929,4,knee pain,2,92,124,76,18,99,38.2
30055930,3,fever,3,90,146,80,24,100,35.8
30055931,3,abdominal pain,1,96,123,78,18,100,36.6
30055932,3,knee pain,5,77,172,77,21,97,35.7
30055933,3,anxiety,0,68,127,68,18,94,37.3
30055934,3,headache,4,84,122,74,19,92,36.8
30055935,3,chest pain,2,92,125,73,25,100,36.3
30055936,3,anxiety,0,82,128,87,21,99,37.3
30055937,4,headache,6,87,148,87,27,98,37.4
30055938,4,chest pain,7,92,141,79,20,94,37.6
30055939,3,fall,1,109,110,93,17,100,38.8
30055940,2,anxiety,8,88,112,80,17,97,37.2
30055941,5,anxiety,2,81,103,79,26,94,37.6
30055942,3,chest pain,4,79,152,67,21,96,36.4
30055943,3,back pain,5,76,124,102,18,95,36.9
30055944,3,anxiety,5,96,95,70,19,100,39.0
30055945,4,knee pain,1,84,121,84,8,98,37.3
30055946,3,anxiety,4,93,115,82,20,96,35.3
30055947,3,shortness of breath,0,80,135,80,16,96,38.0
30055948,3,knee pain,3,69,134,80,12,95,37.6
30055949,1,chest pain,6,65,102,92,14,98,37.8
30055950,3,fever,7,90,107,103,20,95,35.9
30055951,3,back pain,6,59,156,82,14,100,38.2
30055952,5,fall,1,68,95,75,26,100,37.9
30055953,3,abdominal pain,2,102,149,79,20,100,37.0
30055954,3,knee pain,1,79,141,79,27,96,37.9
30055955,3,laceration,1,75,130,91,20,94,34.8
30055956,3,shortness of breath,5,69,111,96,23,99,37.7
30055957,1,abdominal pain,9,89,152,64,10,99,37.0
30055958,3,knee pain,3,79,96,70,20,100,37.4
30055959,1,knee pain,9,73,98,91,21,95,37.1
30055960,3,fever,4,96,153,81,17,93,36.2
30055961,3,abdominal pain,6,74,123,107,18,95,35.9
30055962,3,shortness of breath,5,103,126,95,11,100,38.0
30055963,3,fever,5,94,97,42,18,92,36.9
30055964,3,knee pain,3,89,135,94,23,95,35.2
30055965,2,fall,7,107,144,78,26,96,37.1
30055966,3,headache,0,82,145,59,21,100,36.0
30055967,3,laceration,1,97,115,67,17,100,37.9
30055968,3,fever,7,94,126,60,25,96,37.7
30055969,4,back pain,5,64,118,61,15,99,36.9
30055970,4,shortness of breath,1,92,134,84,18,96,38.1
30055971,3,back pain,2,87,102,95,16,99,37.2
30055972,4,laceration,2,93,148,94,19,97,37.3
30055973,2,laceration,8,85,100,72,13,100,37.1
30055974,1,fever,7,78,105,102,18,97,35.0
30055975,4,fever,4,93,128,73,14,96,36.2
30055976,4,laceration,6,116,142,72,18,94,38.0
30055977,3,headache,0,89,141,93,22,100,36.5
30055978,3,knee pain,6,87,127,78,22,97,36.5
30055979,4,knee pain,6,75,131,70,21,98,37.4
30055980,4,knee pain,1,69,135,74,11,99,37.1
30055981,2,back pain,6,97,118,68,21,95,37.8
30055982,3,fever,6,83,82,71,15,96,37.5
30055983,3,anxiety,2,78,126,70,15,100,37.9
30055984,3,back pain,6,72,114,102,17,100,36.5
30055985,4,fall,6,105,112,45,23,98,36.5
30055986,4,fever,0,80,118,92,11,95,36.4
30055987,3,headache,3,102,113,59,13,100,36.9
30055988,3,back pain,1,114,130,83,16,94,38.8
30055989,4,headache,1,89,152,79,21,99,36.5
30055990,4,fall,0,82,97,87,22,98,36.2
30055991,4,back pain,2,73,154,76,19,99,37.4
30055992,3,headache,0,96,138,74,22,98,38.0
30055993,3,knee pain,1,90,185,96,14,90,37.0
30055994,2,abdominal pain,7,82,123,99,20,96,37.8
30055995,2,fever,9,65,170,60,26,96,37.5
30055996,5,laceration,3,100,113,64,13,95,37.0
30055997,2,chest pain,8,118,139,70,25,91,35.8
30055998,3,abdominal pain,2,104,123,76,13,100,36.3
30055999,3,headache,0,84,109,83,18,95,37.5
30056000,5,back pain,2,74,119,98,18,94,38.0
30056001,3,abdominal pain,2,74,129,84,15,97,35.3
30056002,3,fever,4,84,137,76,19,96,36.4
30056003,3,fever,2,69,101,90,16,95,38.0
30056004,2,abdominal pain,9,71,120,62,22,93,36.4
30056005,4,fever,5,102,104,68,19,100,37.5
30056006,4,laceration,6,104,121,76,17,98,37.8
30056007,1,laceration,6,88,91,90,22,98,37.0
30056008,2,abdominal pain,7,72,120,59,19,92,37.6
30056009,3,anxiety,7,96,125,62,16,96,37.6
30056010,3,headache,0,88,125,112,19,97,37.0
30056011,3,back pain,2,94,128,82,26,97,38.7
30056012,5,fall,4,74,135,42,22,99,37.2
30056013,2,laceration,8,88,144,96,21,89,37.4
30056014,2,knee pain,8,117,126,105,21,99,35.8
30056015,2,back pain,8,67,112,103,22,93,36.4
30056016,3,fall,5,72,148,90,20,93,37.2
30056017,1,shortness of breath,9,71,150,61,23,96,37.1
30056018,2,back pain,10,77,130,97,18,98,38.5
30056019,5,knee pain,7,80,109,64,21,94,36.0
30056020,2,chest pain,6,67,123,69,18,97,38.0
30056021,3,headache,7,84,166,92,17,93,36.9
30056022,3,headache,5,90,120,63,21,100,37.2
30056023,3,fever,2,92,158,105,24,99,37.6
30056024,2,headache,7,60,143,98,26,89,36.9
30056025,3,knee pain,5,82,106,103,22,99,38.0
30056026,4,back pain,4,73,125,98,19,98,38.2
30056027,3,knee pain,5,93,111,84,15,94,36.2
30056028,4,abdominal pain,7,105,109,57,25,94,35.7
30056029,3,fever,2,76,120,67,13,97,36.8
30056030,4,fall,4,84,120,71,18,98,36.7
30056031,3,chest pain,3,71,137,71,23,96,37.5
30056032,4,abdominal pain,5,96,115,63,15,99,36.6
30056033,1,back pain,10,60,150,87,11,100,36.1
30056034,3,abdominal pain,6,84,134,112,18,100,37.7
30056035,3,laceration,7,75,125,92,13,98,37.5
30056036,3,abdominal pain,1,54,124,42,16,98,37.5
30056037,4,chest pain,1,85,108,73,13,94,37.5
30056038,5,fall,2,69,120,77,15,100,37.0
30056039,2,chest pain,8,62,139,82,15,94,36.3
30056040,4,shortness of breath,0,92,110,76,19,87,36.9
30056041,2,headache,9,70,105,88,21,98,37.5
30056042,1,back pain,9,82,124,89,9,95,36.2
30056043,2,fever,7,54,138,95,17,98,37.8
30056044,3,chest pain,7,56,166,90,25,95,38.2
30056045,3,abdominal pain,7,87,144,78,15,100,36.9
30056046,4,shortness of breath,7,83,136,71,22,99,36.6
30056047,4,back pain,5,88,111,83,15,95,36.5
30056048,4,abdominal pain,2,88,115,76,16,100,37.0
30056049,2,back pain,8,91,117,101,19,93,36.9
30056050,4,knee pain,3,95,141,106,16,99,37.3
30056051,2,anxiety,8,107,102,51,15,95,36.4
30056052,3,anxiety,6,97,161,86,26,95,37.2
30056053,4,chest pain,6,77,91,81,17,100,37.0
30056054,2,abdominal pain,8,60,127,64,19,96,37.7
30056055,4,anxiety,4,93,150,70,21,99,37.4
30056056,3,headache,1,79,142,78,19,95,37.8
30056057,3,chest pain,1,91,131,63,18,99,37.2
30056058,3,fever,3,95,124,84,10,98,36.0
30056059,3,fall,6,91,103,79,21,97,36.9
30056060,3,abdominal pain,4,83,124,77,17,94,38.1
30056061,1,knee pain,10,92,147,66,20,96,36.0
30056062,2,knee pain,9,80,170,125,14,95,37.4
30056063,3,fever,6,88,170,89,21,97,37.7
30056064,3,headache,6,95,136,56,22,98,36.5
30056065,3,knee pain,6,87,120,56,22,97,36.5
30056066,2,fall,7,85,131,63,17,100,37.7
30056067,3,anxiety,4,75,131,111,19,97,35.5
30056068,3,abdominal pain,7,69,96,83,15,95,36.9
30056069,2,abdominal pain,9,93,122,75,17,97,37.3
30056070,3,fever,2,75,130,110,17,100,38.2
30056071,2,headache,8,47,147,63,19,99,36.4
30056072,2,anxiety,7,110,149,87,20,100,35.9
30056073,3,laceration,6,90,95,95,12,97,37.1
30056074,4,shortness of breath,4,81,140,95,22,97,38.7
30056075,3,chest pain,6,89,157,64,21,95,36.4
30056076,3,headache,4,68,158,72,11,95,37.4
30056077,3,laceration,2,67,141,79,14,97,38.0
30056078,4,anxiety,0,99,143,86,18,100,36.6
30056079,2,laceration,6,96,108,81,19,98,37.5
30056080,3,fever,6,82,121,80,21,99,37.1
30056081,5,fall,5,102,140,74,22,100,36.1
30056082,3,back pain,1,84,125,71,16,94,36.4
30056083,2,headache,7,99,111,85,13,96,36.2
30056084,4,abdominal pain,4,54,120,75,19,100,36.3
30056085,2,chest pain,8,82,143,102,16,95,37.1
30056086,3,back pain,1,85,125,87,15,100,37.0
30056087,4,shortness of breath,5,77,133,79,16,100,37.3
30056088,3,fever,7,85,92,88,15,93,36.1
30056089,4,shortness of breath,3,81,166,81,18,99,36.5
30056090,4,anxiety,6,114,115,82,21,96,37.1
30056091,3,knee pain,6,78,106,36,16,100,37.0
30056092,3,fall,5,97,153,95,16,95,37.8
30056093,3,headache,7,79,151,80,19,97,35.7
30056094,3,back pain,6,74,154,72,18,97,38.3
30056095,4,shortness of breath,2,89,127,81,21,92,37.5
30056096,4,shortness of breath,1,90,135,56,18,95,37.2
30056097,3,fever,2,78,145,58,21,97,37.7
30056098,3,laceration,3,104,147,59,22,99,38.5
30056099,2,fever,8,100,130,75,11,100,36.6
30056100,3,headache,1,102,117,74,26,97,36.7
30056101,3,fever,5,94,103,80,30,95,37.3
30056102,2,fever,7,101,122,75,20,92,37.8
30056103,1,shortness of breath,6,110,147,74,19,92,38.5
30056104,3,back pain,2,79,103,76,16,95,37.8
30056105,3,shortness of breath,1,56,121,88,19,98,38.7
30056106,3,fall,6,77,135,68,10,96,36.3
30056107,5,fall,7,76,122,60,17,100,37.2
30056108,2,knee pain,9,89,88,55,14,98,38.0
30056109,3,back pain,1,97,120,48,20,95,36.7
30056110,3,back pain,1,111,110,74,12,98,38.8
30056111,4,shortness of breath,7,57,161,77,14,96,36.7
30056112,3,laceration,5,101,133,71,18,100,38.1
30056113,3,abdominal pain,7,83,97,76,15,98,36.9
30056114,3,knee pain,7,122,128,85,13,90,37.7
30056115,4,anxiety,3,64,92,92,19,96,37.9
30056116,4,fever,0,86,110,68,18,98,36.9
30056117,4,fall,1,79,118,99,18,98,35.9
30056118,3,abdominal pain,7,58,162,107,16,100,37.2
30056119,2,abdominal pain,7,96,117,68,25,97,36.8
30056120,5,laceration,1,78,110,64,12,98,37.2
30056121,5,back pain,3,108,112,87,16,98,37.5
30056122,4,anxiety,7,68,146,95,9,90,37.3
30056123,3,anxiety,6,93,136,78,23,96,37.5
30056124,2,headache,10,93,145,76,17,98,38.4
30056125,1,laceration,6,90,142,87,25,96,36.3
30056126,3,knee pain,2,107,102,91,13,100,37.5
30056127,3,chest pain,3,83,111,98,19,93,36.7
30056128,4,abdominal pain,1,90,145,93,16,98,35.7
30056129,4,shortness of breath,6,68,123,74,24,100,36.3
30056130,3,abdominal pain,6,62,101,71,18,99,36.9
30056131,3,laceration,1,64,127,79,19,90,38.1
30056132,3,knee pain,3,93,121,74,20,94,36.7
30056133,3,anxiety,0,95,154,77,23,100,38.4
30056134,3,anxiety,3,89,122,92,16,95,37.4
30056135,2,laceration,8,80,116,91,18,98,37.3
30056136,3,abdominal pain,7,66,140,88,16,93,36.7
30056137,2,fever,6,90,98,56,18,95,37.6
30056138,4,laceration,5,71,102,96,23,100,36.0
30056139,4,laceration,1,110,119,88,20,94,38.1
30056140,3,shortness of breath,6,63,127,91,22,91,35.4
30056141,4,shortness of breath,2,102,126,68,13,98,37.4
30056142,3,laceration,1,79,126,70,6,98,35.8
30056143,3,fall,4,74,125,82,17,95,36.5
30056144,4,shortness of breath,4,63,134,37,14,95,36.4
30056145,5,fever,0,103,140,83,9,91,35.9
30056146,3,fall,6,61,133,60,22,100,36.6
30056147,3,knee pain,2,75,101,77,18,100,38.7
30056148,3,shortness of breath,2,89,119,57,15,95,37.1
30056149,4,abdominal pain,6,119,125,95,14,98,37.7
30056150,2,headache,8,84,89,82,17,93,38.5
30056151,2,anxiety,10,78,113,105,16,99,36.0
30056152,4,laceration,4,81,131,91,17,96,37.1
30056153,3,shortness of breath,3,119,106,85,17,94,36.1
30056154,2,chest pain,7,95,108,91,17,94,37.2
30056155,3,anxiety,4,106,143,71,9,93,37.4
30056156,3,anxiety,6,100,116,81,18,91,37.2
30056157,2,laceration,7,127,127,97,15,94,35.1
30056158,2,laceration,9,71,123,78,20,99,37.2
30056159,4,shortness of breath,4,95,94,70,22,97,36.3
30056160,4,back pain,6,73,115,56,17,98,35.1
30056161,3,back pain,5,78,125,54,19,94,36.1
30056162,3,back pain,6,84,149,105,19,96,39.7
30056163,4,laceration,5,68,118,52,17,98,36.9
30056164,3,abdominal pain,6,91,81,56,3,100,38.6
30056165,5,headache,0,72,106,78,19,93,35.1
30056166,4,chest pain,1,82,118,95,16,97,36.7
30056167,4,laceration,7,86,145,82,12,95,37.3
30056168,2,laceration,6,77,74,87,15,100,36.5
30056169,3,anxiety,4,71,100,101,9,100,35.2
30056170,3,fall,5,90,136,72,17,98,36.8
30056171,4,fever,3,65,139,74,21,95,37.4
30056172,3,shortness of breath,6,79,107,71,24,97,36.8
30056173,4,headache,1,70,130,73,17,100,36.8
30056174,3,shortness of breath,6,82,147,85,14,100,36.7
30056175,3,fever,3,94,123,79,16,99,36.4
30056176,1,back pain,6,85,111,93,14,96,36.9
30056177,3,back pain,5,92,151,73,17,99,36.2
30056178,4,fall,7,97,126,100,12,99,37.3
30056179,3,anxiety,0,89,134,71,15,96,38.3
30056180,3,anxiety,1,84,133,86,17,88,37.0
30056181,4,knee pain,5,89,113,89,27,99,37.2
30056182,2,fever,8,103,134,97,11,100,36.8
30056183,4,fall,4,88,106,81,12,91,38.1
30056184,3,headache,5,94,111,76,18,97,35.9
30056185,4,fall,1,82,132,82,18,95,36.3
30056186,1,knee pain,8,82,130,65,13,99,37.8
30056187,2,headache,7,100,138,99,28,95,36.7
30056188,3,chest pain,3,78,164,102,20,94,38.6
30056189,3,fever,6,80,111,98,22,98,36.6
30056190,3,abdominal pain,3,95,111,93,26,97,36.3
30056191,3,fever,6,92,147,110,16,96,36.4
30056192,3,headache,4,84,132,86,10,95,37.4
30056193,3,anxiety,3,79,126,90,14,99,35.8
30056194,3,anxiety,3,94,133,78,22,99,37.0
30056195,3,fever,1,87,125,75,18,97,35.7
30056196,4,headache,5,84,70,96,18,99,38.0
30056197,3,laceration,6,95,123,79,15,96,37.1
30056198,3,back pain,3,78,91,89,18,92,36.2
30056199,3,chest pain,4,91,130,70,19,98,36.4
30056200,3,fall,7,103,135,80,13,95,37.6
30056201,4,chest pain,5,77,128,65,15,97,36.8
30056202,4,anxiety,5,84,155,55,17,99,36.5
30056203,3,headache,5,85,110,70,17,98,37.2
30056204,3,fever,1,67,148,77,23,94,36.0
30056205,4,headache,2,83,129,81,14,95,37.6
30056206,3,knee pain,6,91,131,89,18,100,36.3
30056207,3,laceration,6,123,112,71,16,98,36.4
30056208,2,fall,6,85,107,68,24,100,37.1
30056209,2,back pain,9,80,100,89,14,93,37.7
30056210,3,chest pain,0,77,115,85,23,94,37.2
30056211,4,headache,5,85,116,61,23,97,35.3
30056212,2,back pain,9,56,94,85,13,99,37.1
30056213,3,fever,1,97,143,77,19,100,37.7
30056214,3,chest pain,3,100,93,86,22,100,37.0
30056215,3,laceration,7,100,136,83,19,99,37.0
30056216,3,back pain,3,67,122,81,19,94,38.4
30056217,2,laceration,9,87,88,92,16,98,37.0
30056218,3,chest pain,6,87,117,82,17,97,37.6
30056219,3,fever,2,86,160,89,18,100,37.2
30056220,3,laceration,4,107,111,97,23,93,38.3
30056221,4,headache,2,100,110,81,18,100,36.2
30056222,2,knee pain,9,100,133,86,19,100,36.1
30056223,3,fever,1,103,138,69,21,98,38.3
30056224,3,fever,0,66,133,96,18,96,37.8
30056225,2,chest pain,6,80,105,81,18,95,36.3
30056226,2,fall,7,81,159,82,14,97,37.0
30056227,4,headache,7,86,142,98,24,99,36.3
30056228,4,fever,3,94,110,80,18,100,36.8
30056229,1,headache,10,107,138,83,25,98,35.8
30056230,3,abdominal pain,1,95,95,89,15,96,36.2
30056231,3,fever,5,90,148,68,21,97,37.6
30056232,1,knee pain,9,83,92,63,15,99,36.8
30056233,4,headache,3,85,106,75,14,96,37.0
30056234,3,abdominal pain,4,86,129,79,13,99,36.3
30056235,3,chest pain,3,90,97,88,11,100,38.9
30056236,3,abdominal pain,7,64,101,88,16,97,37.2
30056237,1,abdominal pain,6,94,123,87,12,97,35.8
30056238,4,chest pain,5,76,122,94,17,97,36.7
30056239,3,fall,2,60,150,83,19,93,38.3
30056240,3,knee pain,4,92,151,71,13,99,36.9
30056241,2,back pain,8,92,131,89,13,92,37.3
30056242,3,abdominal pain,7,94,123,100,22,89,37.3
30056243,5,knee pain,3,85,113,81,16,92,37.3
30056244,3,fall,0,75,144,84,12,96,37.3
30056245,3,knee pain,6,101,113,81,19,99,37.6
30056246,3,laceration,7,85,99,76,24,97,37.9
30056247,4,fall,4,107,120,80,21,97,37.9
30056248,3,fall,6,81,154,78,17,98,36.6
30056249,1,fall,9,85,163,100,21,94,37.6
30056250,4,knee pain,2,109,150,106,16,100,37.4
30056251,4,anxiety,7,74,133,75,20,95,36.6
30056252,2,back pain,7,88,115,55,14,91,36.5
30056253,2,laceration,10,87,105,97,25,94,36.5
30056254,4,anxiety,3,89,144,84,12,93,38.7
30056255,2,fever,9,77,119,93,23,100,36.8
30056256,4,laceration,3,78,128,65,20,100,36.2
30056257,3,knee pain,6,95,124,75,16,90,37.0
30056258,1,shortness of breath,10,79,154,67,17,95,35.4
30056259,3,abdominal pain,3,88,144,100,14,92,37.7
30056260,2,shortness of breath,6,81,145,68,23,95,36.8
30056261,4,anxiety,6,80,159,76,18,94,36.6
30056262,3,fall,7,100,127,96,4,99,37.3
30056263,3,knee pain,4,97,98,53,16,93,37.6
30056264,3,fever,0,120,138,56,16,98,36.7
30056265,1,anxiety,7,89,85,85,16,98,36.0
30056266,3,chest pain,4,85,131,45,11,91,36.5
30056267,2,back pain,10,79,126,99,17,100,35.6
30056268,3,knee pain,3,92,131,91,15,100,37.1
30056269,4,knee pain,1,64,150,82,16,96,35.9
30056270,4,shortness of breath,1,75,103,66,20,98,36.8
30056271,3,chest pain,1,85,88,67,26,99,36.8
30056272,2,abdominal pain,9,102,91,82,18,97,36.8
30056273,3,anxiety,2,85,91,103,19,95,37.3
30056274,3,chest pain,2,98,107,83,20,100,38.5
30056275,3,knee pain,7,75,133,88,15,92,37.6
30056276,3,back pain,3,94,90,115,11,99,36.2
30056277,4,back pain,1,92,98,66,22,98,35.0
30056278,3,headache,7,73,108,71,16,97,37.1
30056279,2,headache,6,108,115,85,13,95,37.4
30056280,3,back pain,4,79,110,84,12,100,37.6
30056281,3,headache,5,89,110,81,21,96,36.5
30056282,4,shortness of breath,5,88,133,79,13,100,37.0
30056283,4,anxiety,5,84,99,83,13,95,37.2
30056284,2,abdominal pain,8,74,141,82,14,98,36.9
30056285,1,abdominal pain,10,79,135,104,11,99,36.2
30056286,3,anxiety,3,79,142,94,18,97,36.6
30056287,3,knee pain,0,74,130,83,17,97,36.1
30056288,2,anxiety,6,80,143,66,18,98,36.3
30056289,3,laceration,1,62,148,84,30,98,37.4
30056290,1,fall,6,45,125,106,17,98,37.4
30056291,3,headache,3,85,144,83,22,98,37.9
30056292,3,knee pain,3,112,109,110,17,99,38.6
30056293,4,fever,7,86,150,69,22,93,37.7
30056294,3,laceration,1,83,108,72,14,95,36.5
30056295,3,knee pain,6,95,134,80,11,92,36.7
30056296,3,shortness of breath,0,95,108,87,24,100,36.0
30056297,3,laceration,6,123,125,81,19,94,38.0
30056298,3,headache,0,89,127,65,20,100,37.8
30056299,3,headache,6,89,122,81,16,95,37.4
30056300,4,laceration,3,104,167,94,19,97,36.8
30056301,3,chest pain,2,113,100,84,16,97,37.3
30056302,4,anxiety,0,89,125,81,20,90,36.3
30056303,3,knee pain,0,58,142,72,16,93,37.3
30056304,2,back pain,9,68,113,75,19,96,37.8
30056305,2,back pain,10,67,123,78,17,99,36.3
30056306,3,headache,3,82,132,90,15,98,37.7
30056307,3,laceration,6,69,135,87,14,100,36.8
30056308,3,shortness of breath,6,88,104,76,20,94,38.3
30056309,5,knee pain,7,84,84,75,16,93,36.7
30056310,3,abdominal pain,0,87,104,94,22,100,34.6
30056311,3,knee pain,0,80,128,92,6,98,37.1
30056312,3,abdominal pain,6,104,144,78,26,100,36.5
30056313,2,shortness of breath,9,60,134,72,20,96,37.9
30056314,3,back pain,5,85,134,64,17,94,36.5
30056315,3,chest pain,7,89,89,57,19,99,37.6
30056316,3,fever,6,79,126,78,21,100,36.7
30056317,3,chest pain,4,83,113,119,22,100,37.2
30056318,1,back pain,6,66,106,108,18,96,37.3
30056319,2,chest pain,6,63,170,77,18,96,38.4
30056320,3,fever,2,99,138,122,14,97,37.3
30056321,3,laceration,3,74,88,83,14,97,36.3
30056322,5,chest pain,2,110,163,111,8,100,36.4
30056323,3,anxiety,7,81,116,108,23,98,37.6
30056324,4,chest pain,5,99,145,100,14,100,37.7
30056325,4,anxiety,0,78,99,111,22,96,36.5
30056326,4,anxiety,0,74,140,103,17,98,36.9
30056327,3,laceration,4,90,131,89,18,92,37.0
30056328,2,headache,8,65,141,72,18,95,35.4
30056329,4,headache,4,83,139,82,14,99,37.2
30056330,2,fever,7,95,110,103,16,95,36.4
30056331,5,fever,1,100,141,101,14,98,37.6
30056332,3,fever,6,121,130,90,14,98,37.2
30056333,3,abdominal pain,5,90,128,58,14,100,37.6
30056334,2,anxiety,7,87,107,83,27,97,38.3
30056335,4,back pain,7,116,142,84,27,98,35.9
30056336,4,chest pain,4,71,168,85,15,100,37.8
30056337,3,chest pain,7,86,117,70,17,96,36.5
30056338,3,abdominal pain,6,73,94,76,12,98,37.7
30056339,2,abdominal pain,8,93,104,69,20,94,36.7
30056340,2,back pain,8,104,137,83,21,96,38.4
30056341,3,anxiety,0,118,136,67,15,97,37.3
30056342,3,abdominal pain,4,64,147,89,16,98,36.9
30056343,3,chest pain,7,93,100,61,16,95,38.0
30056344,5,anxiety,6,106,102,73,15,99,37.1
30056345,3,shortness of breath,1,60,143,93,17,100,36.7
30056346,3,abdominal pain,2,88,123,86,18,100,36.0
30056347,4,anxiety,4,74,114,77,18,100,36.7
30056348,4,laceration,2,74,115,68,19,97,36.5
30056349,3,fever,2,91,132,73,16,92,37.8
30056350,2,fall,10,92,128,83,23,100,37.2
30056351,4,shortness of breath,5,80,104,85,19,96,36.7
30056352,3,chest pain,6,78,140,91,22,90,36.2
30056353,4,knee pain,1,63,141,95,19,95,36.2
30056354,3,laceration,4,90,124,94,13,99,38.0
30056355,3,headache,4,70,121,94,18,94,36.1
30056356,3,knee pain,7,77,89,71,23,95,38.5
30056357,1,fall,6,100,135,121,23,100,36.8
30056358,3,shortness of breath,1,104,145,86,11,94,36.0
30056359,4,shortness of breath,2,86,127,52,14,97,37.2
30056360,3,anxiety,3,101,104,93,27,92,37.4
30056361,1,headache,10,103,151,68,19,99,38.0
30056362,5,fever,0,102,113,63,15,99,37.4
30056363,1,anxiety,7,90,150,73,19,98,37.3
30056364,2,fall,8,62,135,93,16,100,37.2
30056365,3,back pain,1,68,103,78,21,100,38.4
30056366,3,fall,4,73,104,70,23,100,36.8
30056367,3,fever,4,83,118,86,16,96,37.8
30056368,3,fever,1,90,155,86,19,94,37.3
30056369,3,headache,6,60,143,63,15,94,36.0
30056370,3,fever,1,73,100,71,19,96,37.4
30056371,4,fall,3,82,92,54,18,97,38.2
30056372,3,headache,5,109,120,79,16,100,38.1
30056373,3,fever,5,72,171,100,19,97,36.2
30056374,3,anxiety,6,96,116,104,16,93,37.2
30056375,2,headache,7,110,112,65,14,97,36.3
30056376,5,fever,7,66,93,74,12,100,37.7
30056377,1,fever,10,82,91,74,17,99,38.1
30056378,3,chest pain,0,118,157,97,16,97,37.9
30056379,2,chest pain,7,74,138,98,20,94,37.2
30056380,3,fall,7,79,88,54,18,93,37.6
30056381,1,back pain,9,86,190,81,19,94,36.4
30056382,3,laceration,4,91,111,57,20,99,36.4
30056383,3,fever,7,89,130,75,16,100,39.1
30056384,2,abdominal pain,6,84,111,69,19,100,36.5
30056385,4,shortness of breath,6,70,150,90,23,92,36.1
30056386,4,back pain,1,77,127,47,17,100,36.6
30056387,2,fall,9,85,117,85,26,100,36.6
30056388,3,chest pain,6,72,126,93,17,100,36.7
30056389,2,laceration,8,54,164,104,21,99,36.3
30056390,3,chest pain,1,83,105,91,25,100,37.1
30056391,3,chest pain,0,83,99,66,19,98,36.5
30056392,2,fall,9,102,117,81,22,100,37.1
30056393,4,knee pain,4,76,116,97,24,97,37.3
30056394,3,headache,7,72,92,73,10,97,36.7
30056395,3,headache,5,88,130,77,19,98,36.7
30056396,3,back pain,6,72,132,84,19,92,36.4
30056397,4,knee pain,4,61,132,100,18,91,35.4
30056398,4,knee pain,0,102,128,74,18,100,38.2
30056399,5,fever,6,72,140,70,22,100,36.8
30056400,3,fall,4,98,176,64,22,99,36.6
30056401,3,anxiety,2,64,103,62,14,100,37.2
30056402,3,fall,6,78,110,89,18,96,36.1
30056403,4,abdominal pain,0,99,126,69,14,97,37.1
30056404,3,back pain,6,85,93,60,18,93,37.5
30056405,4,shortness of breath,4,105,138,79,16,97,36.6
30056406,4,shortness of breath,6,95,133,57,14,92,36.9
30056407,3,shortness of breath,0,96,116,75,19,96,37.5
30056408,3,chest pain,3,87,133,93,16,99,36.2
30056409,3,laceration,1,102,165,78,7,97,36.5
30056410,2,shortness of breath,9,83,126,82,15,99,36.9
30056411,4,laceration,7,94,130,73,18,95,36.7
30056412,3,knee pain,0,96,159,104,19,100,36.8
30056413,4,shortness of breath,5,81,101,81,21,100,35.0
30056414,2,knee pain,8,98,115,70,20,99,36.0
30056415,3,back pain,4,86,170,55,14,95,35.5
30056416,4,laceration,4,70,156,102,20,98,38.3
30056417,3,back pain,5,89,133,93,15,92,36.9
30056418,3,fall,2,61,152,112,21,100,36.7
30056419,3,fall,7,71,132,69,24,100,37.9
30056420,3,chest pain,2,109,97,85,10,98,36.1
30056421,3,fall,3,82,124,81,15,99,35.5
30056422,2,abdominal pain,8,78,124,90,13,92,35.7
30056423,2,shortness of breath,6,84,165,63,19,99,37.3
30056424,4,shortness of breath,2,69,139,63,26,100,38.1
30056425,2,chest pain,7,87,116,99,20,99,37.5
30056426,3,abdominal pain,4,90,145,92,19,96,36.1
30056427,2,abdominal pain,6,71,133,111,22,100,36.6
30056428,2,headache,6,80,131,104,17,96,37.0
30056429,3,fall,2,97,108,83,12,100,37.3
30056430,3,fall,7,74,116,55,16,100,36.5
30056431,5,laceration,4,77,134,83,17,100,35.9
30056432,3,abdominal pain,6,72,149,53,16,100,36.4
30056433,3,shortness of breath,1,93,165,76,19,100,37.0
30056434,3,shortness of breath,7,74,124,80,10,99,36.5
30056435,3,abdominal pain,0,81,155,73,18,100,37.2
30056436,4,fall,6,81,106,81,19,96,38.6
30056437,3,laceration,1,83,99,68,18,96,36.1
30056438,3,fever,7,77,147,81,15,100,37.8
30056439,3,abdominal pain,1,79,142,80,21,91,38.4
30056440,3,back pain,0,80,119,88,19,97,36.0
30056441,3,chest pain,7,80,137,60,19,100,35.9
30056442,5,headache,6,82,140,62,23,95,35.9
30056443,3,chest pain,5,85,137,77,18,99,37.0
30056444,3,fall,3,74,123,90,9,100,36.9
30056445,3,fever,4,91,151,68,15,99,37.4
30056446,3,headache,2,88,121,64,8,93,37.1
30056447,3,chest pain,6,74,142,87,17,96,37.2
30056448,4,back pain,1,117,111,95,20,97,36.2
30056449,2,shortness of breath,9,84,100,95,22,95,36.6
30056450,3,laceration,6,91,167,73,13,97,36.8
30056451,3,anxiety,1,61,115,85,18,98,37.3
30056452,3,headache,6,99,101,88,13,97,37.7
30056453,2,back pain,9,83,106,95,18,97,37.9
30056454,4,abdominal pain,0,109,139,69,14,98,37.3
30056455,3,anxiety,0,66,117,70,20,98,37.8
30056456,4,anxiety,4,71,131,57,23,100,38.4
30056457,3,back pain,7,134,151,92,17,100,37.6
30056458,5,headache,2,85,103,52,24,100,36.3
30056459,3,knee pain,5,79,109,79,16,98,38.6
30056460,2,shortness of breath,10,88,126,70,16,99,37.1
30056461,4,headache,2,93,109,80,15,100,36.6
30056462,3,fall,7,102,127,103,21,98,36.7
30056463,3,back pain,5,77,134,109,17,96,35.6
30056464,3,laceration,2,70,72,92,9,100,37.4
30056465,4,fall,4,85,144,59,17,97,36.8
30056466,3,abdominal pain,0,81,118,67,9,96,36.3
30056467,3,knee pain,0,91,160,86,18,99,36.7
30056468,3,back pain,0,86,135,86,21,99,35.9
30056469,1,shortness of breath,6,79,155,83,22,100,36.8
30056470,3,back pain,5,93,104,96,19,96,36.5
30056471,3,anxiety,4,81,106,88,19,99,37.5
30056472,3,headache,2,87,140,43,17,100,36.9
30056473,4,fever,0,93,156,90,21,91,37.9
30056474,3,back pain,3,80,125,73,15,94,36.1
30056475,5,fever,4,89,123,75,16,100,35.6
30056476,4,abdominal pain,7,92,124,103,21,96,37.1
30056477,1,abdominal pain,6,99,152,79,14,96,36.5
30056478,4,fever,6,87,136,92,20,100,36.5
30056479,3,headache,3,99,129,95,22,96,37.6
30056480,2,headache,10,108,127,89,22,98,36.7
30056481,3,chest pain,3,69,129,92,24,96,37.1
30056482,4,fever,3,77,105,78,13,99,36.1
30056483,4,chest pain,1,83,111,77,16,93,37.7
30056484,5,anxiety,1,73,123,87,23,95,36.7
30056485,3,anxiety,6,88,116,88,14,99,37.8
30056486,3,fall,4,65,112,79,24,99,37.1
30056487,3,headache,1,100,150,97,26,94,37.9
30056488,2,anxiety,6,85,89,61,23,93,36.8
30056489,4,headache,0,96,147,57,23,98,37.0
30056490,4,fever,4,81,126,69,17,99,36.6
30056491,4,shortness of breath,6,82,94,63,19,99,37.6
30056492,3,back pain,6,108,109,83,16,96,35.9
30056493,1,laceration,9,90,145,109,18,97,37.3
30056494,3,anxiety,7,94,137,96,11,99,37.2
30056495,3,laceration,3,84,139,81,22,98,36.9
30056496,3,laceration,7,98,117,76,20,90,36.4
30056497,3,abdominal pain,4,79,129,94,15,98,36.2
30056498,3,back pain,7,78,110,65,20,95,37.4
30056499,4,anxiety,3,86,118,81,23,99,36.7
30056500,3,laceration,6,71,116,94,25,100,35.7
30056501,2,anxiety,10,77,154,87,19,98,38.4
30056502,1,abdominal pain,7,81,157,92,12,95,36.6
30056503,4,fever,3,77,116,73,20,100,37.4
30056504,3,fever,3,113,163,75,26,97,38.2
30056505,3,knee pain,0,100,135,84,11,96,36.0
30056506,3,knee pain,7,109,124,90,15,97,35.2
30056507,2,headache,9,84,143,84,23,95,38.0
30056508,2,abdominal pain,9,80,137,61,25,97,37.4
30056509,4,headache,1,88,159,91,21,96,38.2
30056510,2,headache,10,66,148,66,19,94,37.5
30056511,2,knee pain,7,65,118,92,19,100,36.3
30056512,3,headache,3,77,151,55,20,98,37.6
30056513,3,shortness of breath,6,91,127,91,19,97,37.2
30056514,3,fever,0,80,125,104,14,100,37.0
30056515,3,headache,7,101,131,101,22,99,36.2
30056516,3,chest pain,4,94,138,74,17,94,37.1
30056517,2,anxiety,6,80,168,85,14,97,37.7
30056518,3,chest pain,2,78,92,62,14,93,36.5
30056519,4,laceration,5,101,128,73,14,100,36.1
30056520,4,headache,2,77,131,80,19,100,38.0
30056521,3,knee pain,7,64,165,60,15,98,36.3
30056522,3,back pain,2,66,127,70,22,98,37.2
30056523,3,headache,1,99,109,74,19,95,36.8
30056524,3,laceration,3,78,150,58,20,98,36.9
30056525,3,fever,1,92,108,88,15,98,36.8
30056526,1,headache,10,86,123,80,20,99,37.8
30056527,3,fever,7,91,93,85,23,96,36.4
30056528,2,knee pain,9,95,162,89,15,97,37.8
30056529,1,back pain,10,80,127,55,15,98,37.7
30056530,4,knee pain,6,89,132,97,17,95,37.3
30056531,3,fever,7,52,117,70,17,100,36.5
30056532,4,shortness of breath,7,110,114,115,19,97,36.1
30056533,4,shortness of breath,0,78,127,79,23,99,37.5
30056534,3,abdominal pain,2,83,112,69,26,96,36.7
30056535,4,back pain,3,73,91,79,17,98,38.8
30056536,3,abdominal pain,0,95,82,68,22,100,38.1
30056537,3,headache,1,59,127,67,23,99,37.3
30056538,5,fall,3,105,127,73,19,95,35.8
30056539,3,headache,7,82,119,79,23,94,37.6
30056540,4,laceration,4,85,130,67,12,96,37.3
30056541,4,back pain,0,84,105,74,8,95,36.4
30056542,3,laceration,3,92,115,78,15,96,36.5
30056543,4,knee pain,3,81,93,104,17,100,36.7
30056544,3,abdominal pain,4,62,126,83,12,98,37.4
30056545,3,chest pain,4,97,138,81,17,98,36.9
30056546,2,abdominal pain,8,90,111,69,18,96,39.1
30056547,4,abdominal pain,7,83,132,95,13,97,36.5
30056548,3,fall,7,88,128,89,19,96,39.0
30056549,5,shortness of breath,0,73,141,83,17,98,36.8
30056550,2,headache,7,99,116,85,15,95,36.5
30056551,3,fall,2,98,119,81,19,97,36.7
30056552,4,abdominal pain,5,78,168,61,13,95,36.6
30056553,4,headache,3,79,144,90,23,99,37.6
30056554,4,fall,3,82,144,107,24,95,36.6
30056555,3,knee pain,4,80,148,82,15,100,38.2
30056556,4,abdominal pain,5,139,100,135,14,100,37.1
30056557,4,back pain,1,103,108,101,23,98,37.3
30056558,2,fall,6,80,150,70,23,100,36.5
30056559,5,anxiety,1,62,130,75,18,97,36.7
30056560,3,chest pain,6,64,126,101,25,98,37.9
30056561,2,headache,9,70,114,68,19,96,37.6
30056562,1,chest pain,7,83,155,80,14,100,37.1
30056563,4,fever,5,81,150,74,27,93,37.1
30056564,1,shortness of breath,6,82,133,69,22,100,36.5
30056565,4,anxiety,7,91,106,75,20,99,36.8
30056566,2,shortness of breath,9,100,138,72,19,92,38.0
30056567,3,headache,1,71,89,65,17,94,36.1
30056568,3,anxiety,3,115,142,89,15,97,37.6
30056569,3,headache,4,90,138,91,11,96,36.9
30056570,3,shortness of breath,0,105,140,74,17,96,36.6
30056571,3,shortness of breath,7,73,122,63,13,97,37.1
30056572,2,back pain,6,96,130,66,20,98,36.1
30056573,3,fall,2,82,152,75,26,97,37.2
30056574,3,back pain,1,99,127,82,18,93,35.6
30056575,1,headache,7,82,122,100,25,96,37.3
30056576,3,back pain,6,81,99,77,17,100,37.2
30056577,1,shortness of breath,10,86,112,81,20,94,35.7
30056578,3,anxiety,0,48,151,91,22,99,36.9
30056579,3,knee pain,0,97,130,71,13,99,36.3
30056580,3,abdominal pain,0,69,121,89,19,97,37.3
30056581,3,shortness of breath,2,78,119,73,21,97,37.2
30056582,3,back pain,1,66,154,101,21,96,36.8
30056583,3,laceration,4,88,109,90,20,97,38.2
30056584,2,laceration,9,80,129,73,15,95,36.5
30056585,2,laceration,8,105,119,87,20,100,36.3
30056586,2,chest pain,6,86,142,93,16,95,36.6
30056587,5,fever,6,73,131,79,14,96,36.3
30056588,4,shortness of breath,0,121,158,83,18,100,37.1
30056589,3,chest pain,4,53,130,98,17,100,37.3
30056590,1,anxiety,6,82,137,70,14,98,36.8
30056591,3,headache,1,94,136,97,15,96,37.0
30056592,3,chest pain,3,114,129,96,21,95,37.6
30056593,3,fall,0,113,131,73,18,90,36.7
30056594,3,headache,2,116,115,77,16,95,35.7
30056595,3,headache,7,86,116,71,16,100,36.5
30056596,2,knee pain,7,66,145,68,16,100,37.4
30056597,3,fever,1,102,97,94,18,94,37.3
30056598,1,knee pain,7,95,95,62,19,97,38.0
30056599,3,back pain,3,99,132,80,18,94,36.0
30056600,3,fall,0,72,113,60,25,93,36.5
30056601,2,laceration,9,93,136,93,19,95,38.8
30056602,3,fever,4,80,151,51,11,96,36.1
30056603,3,shortness of breath,7,90,143,105,14,94,36.8
30056604,4,fever,7,81,115,75,16,99,35.5
30056605,2,back pain,6,102,122,86,25,98,36.8
30056606,3,chest pain,5,79,108,85,29,91,38.3
30056607,3,abdominal pain,2,81,139,90,12,99,36.8
30056608,2,laceration,9,100,86,79,20,100,35.3
30056609,3,fever,4,88,129,105,16,99,36.1
30056610,3,fever,7,93,126,81,20,99,36.1
30056611,5,laceration,7,72,149,56,18,96,37.2
30056612,3,laceration,4,84,125,68,22,96,36.2
30056613,4,fall,0,91,133,59,18,100,36.7
30056614,3,knee pain,7,108,148,60,18,97,36.3
30056615,1,abdominal pain,6,68,125,69,18,93,37.1
30056616,4,headache,5,67,124,74,16,97,38.0
30056617,3,headache,6,109,154,68,12,95,35.6
30056618,2,fall,9,63,87,99,19,97,36.6
30056619,3,shortness of breath,3,93,99,88,23,97,38.0
30056620,4,fall,6,90,136,82,13,93,37.9
30056621,4,abdominal pain,6,85,190,68,17,93,36.5
30056622,3,back pain,7,93,76,72,21,99,36.9
30056623,4,fall,7,76,134,79,19,93,37.8
30056624,3,knee pain,0,101,140,88,19,99,36.2
30056625,2,abdominal pain,10,89,95,81,24,94,36.3
30056626,4,abdominal pain,7,107,127,76,21,93,37.6
30056627,3,shortness of breath,7,68,133,109,19,93,38.5
30056628,3,fall,5,68,129,101,13,96,37.2
30056629,3,fever,7,99,125,68,20,92,36.7
30056630,4,headache,6,72,102,75,15,97,36.6
30056631,4,fall,7,108,106,77,11,100,36.7
30056632,5,shortness of breath,4,85,114,97,14,99,37.2
30056633,3,anxiety,5,56,95,72,15,97,37.5
30056634,1,anxiety,6,74,104,84,13,100,37.0
30056635,2,fall,7,102,92,65,16,96,37.3
30056636,3,back pain,5,63,111,106,10,97,38.7
30056637,3,shortness of breath,6,71,121,98,19,98,36.1
30056638,3,shortness of breath,6,88,124,65,21,96,35.6
30056639,2,headache,10,77,130,76,17,97,37.2
30056640,2,fall,6,84,168,62,16,98,37.6
30056641,3,laceration,5,92,117,88,15,98,37.2
30056642,2,anxiety,9,85,142,111,19,100,37.0
30056643,3,fever,3,78,131,72,19,100,37.4
30056644,3,laceration,3,98,95,98,20,96,37.0
30056645,3,laceration,6,90,105,66,22,99,36.1
30056646,3,laceration,2,87,104,73,13,94,36.3
30056647,5,abdominal pain,2,66,105,86,13,96,36.0
30056648,4,abdominal pain,0,77,117,70,14,97,36.2
30056649,5,shortness of breath,2,98,81,78,19,93,38.6
30056650,3,anxiety,4,90,81,70,21,93,36.1
30056651,3,chest pain,2,96,147,87,14,93,37.7
30056652,4,fall,0,89,164,87,13,97,36.6
30056653,4,abdominal pain,5,79,141,84,16,98,37.8
30056654,3,fall,2,90,132,61,15,99,36.8
30056655,4,shortness of breath,2,101,108,80,19,88,37.1
30056656,3,fever,7,77,128,72,20,98,36.2
30056657,2,knee pain,10,79,135,78,17,100,35.7
30056658,1,back pain,10,87,117,101,16,91,35.6
30056659,2,chest pain,6,102,112,96,17,94,37.9
30056660,3,headache,5,68,163,76,12,95,37.9
30056661,3,abdominal pain,7,109,107,62,20,97,37.3
30056662,2,fever,8,67,74,69,18,99,37.5
30056663,3,fever,1,132,120,67,19,98,37.6
30056664,3,laceration,5,60,161,64,14,93,35.6
30056665,3,back pain,3,102,119,84,18,98,35.3
30056666,4,back pain,5,84,153,76,17,100,36.5
30056667,4,knee pain,5,91,153,59,19,100,36.8
30056668,2,fever,7,94,131,82,20,99,36.8
30056669,1,shortness of breath,9,82,171,63,21,95,37.0
30056670,3,headache,7,74,125,90,22,95,36.6
30056671,4,fever,0,73,143,89,14,98,37.8
30056672,2,back pain,10,84,155,69,15,100,37.1
30056673,3,shortness of breath,2,83,117,78,24,97,36.4
30056674,3,chest pain,4,83,112,78,19,98,37.6
30056675,3,anxiety,7,83,130,58,11,97,37.3
30056676,3,anxiety,3,92,121,81,20,100,37.7
30056677,2,abdominal pain,10,61,129,49,19,96,37.6
30056678,3,abdominal pain,7,74,147,88,12,94,36.9
30056679,4,abdominal pain,4,101,125,72,21,98,36.6
30056680,4,fall,2,75,146,85,16,96,35.6
30056681,3,anxiety,3,85,135,81,20,99,36.6
30056682,3,laceration,3,90,127,112,17,94,36.8
30056683,3,fever,3,97,124,58,13,99,37.0
30056684,3,abdominal pain,3,89,140,88,16,98,38.2
30056685,3,abdominal pain,1,84,149,66,16,100,38.7
30056686,2,back pain,8,91,130,91,19,92,36.4
30056687,3,back pain,3,87,129,85,18,97,34.7
30056688,4,fever,7,95,161,91,13,96,36.4
30056689,3,headache,2,103,101,92,17,100,36.3
30056690,3,shortness of breath,3,101,104,81,15,94,38.4
30056691,3,headache,5,84,121,107,20,100,37.0
30056692,3,abdominal pain,0,85,105,103,13,98,37.2
30056693,3,anxiety,0,70,121,88,13,89,36.5
30056694,4,headache,0,76,140,53,9,95,36.5
30056695,3,back pain,6,98,150,68,14,98,37.4
30056696,2,back pain,9,77,139,89,18,93,36.2
30056697,2,abdominal pain,7,95,159,73,22,99,36.5
30056698,5,fall,5,79,151,87,28,96,36.5
30056699,3,abdominal pain,0,86,134,83,22,98,37.1
30056700,4,shortness of breath,5,87,144,91,18,98,37.2
30056701,3,anxiety,5,65,80,50,14,95,36.6
30056702,4,chest pain,7,89,105,112,15,100,38.1
30056703,2,laceration,6,87,117,86,21,99,37.2
30056704,3,abdominal pain,3,67,114,77,20,96,36.2
30056705,5,fever,3,118,123,51,15,96,36.9
30056706,3,chest pain,0,79,122,37,21,96,36.9
30056707,2,fall,9,92,127,79,18,98,37.9
30056708,3,chest pain,7,83,113,79,17,100,37.8
30056709,2,abdominal pain,7,80,100,87,17,95,36.9
30056710,3,fever,1,76,78,70,14,96,36.5
30056711,4,back pain,5,84,125,58,17,97,36.7
30056712,3,fever,7,98,142,91,11,98,36.9
30056713,1,fall,10,72,146,66,17,94,37.7
30056714,3,laceration,2,92,118,70,20,96,36.4
30056715,4,anxiety,6,53,116,104,8,95,35.9
30056716,3,fever,1,109,126,98,18,98,35.3
30056717,3,laceration,4,85,118,75,11,95,37.5
30056718,3,headache,0,89,103,90,19,95,38.1
30056719,2,chest pain,10,91,105,77,19,100,37.0
30056720,5,abdominal pain,3,60,104,84,21,94,37.0
30056721,4,back pain,3,81,111,62,12,99,37.1
30056722,3,abdominal pain,5,86,160,64,17,95,37.0
30056723,4,shortness of breath,4,74,131,78,14,100,37.4
30056724,3,headache,1,82,130,83,27,99,37.0
30056725,3,headache,7,68,162,78,16,96,37.8
30056726,3,fever,1,112,108,65,22,97,36.1
30056727,3,fall,5,67,151,102,20,96,37.0
30056728,3,headache,3,85,148,95,18,95,37.0
30056729,3,back pain,6,89,158,106,21,98,37.4
30056730,3,chest pain,7,88,62,91,20,94,38.3
30056731,1,fever,10,103,106,64,29,95,37.5
30056732,3,knee pain,3,97,121,49,20,95,37.5
30056733,3,chest pain,3,80,118,98,13,96,36.6
30056734,2,anxiety,10,120,121,105,19,94,36.1
30056735,3,chest pain,3,76,143,83,17,100,37.3
30056736,3,anxiety,5,120,142,51,13,96,36.3
30056737,3,fever,0,85,130,83,14,98,37.1
30056738,3,fall,6,92,102,90,13,99,37.2
30056739,3,abdominal pain,5,85,163,71,16,99,36.6
30056740,3,abdominal pain,2,68,149,76,16,98,36.8
30056741,3,abdominal pain,0,106,129,84,12,90,37.3
30056742,2,chest pain,8,93,117,70,19,97,37.6
30056743,4,fall,4,82,133,83,13,99,37.1
30056744,3,shortness of breath,3,98,127,59,18,93,37.5
30056745,3,knee pain,7,106,128,103,21,93,34.0
30056746,5,laceration,1,84,163,62,20,96,37.5
30056747,3,fever,3,90,103,64,15,99,37.5
30056748,2,chest pain,10,93,138,84,22,100,36.8
30056749,2,chest pain,10,113,149,52,21,99,37.0
30056750,3,chest pain,4,91,100,70,15,96,36.9
30056751,3,chest pain,5,83,100,60,14,93,38.2
30056752,3,shortness of breath,1,72,110,87,21,99,37.4
30056753,2,anxiety,6,87,119,83,14,91,37.4
30056754,3,laceration,7,106,145,98,26,97,35.8
30056755,4,fall,3,71,116,66,19,100,35.5
30056756,4,laceration,1,91,118,91,19,98,38.5
30056757,3,fall,3,63,155,79,14,99,36.4
30056758,4,laceration,0,73,136,71,17,98,36.7
30056759,4,back pain,5,72,137,58,22,97,36.6
30056760,4,back pain,1,87,147,102,21,100,38.3
30056761,4,back pain,3,84,118,76,18,97,37.5
30056762,2,fall,8,64,119,71,21,94,38.6
30056763,3,headache,6,103,125,64,14,100,36.9
30056764,2,shortness of breath,9,90,110,72,13,96,36.4
30056765,3,chest pain,4,92,125,58,25,95,36.5
30056766,3,back pain,6,97,143,66,27,97,38.3
30056767,3,anxiety,3,64,91,94,26,96,37.1
30056768,4,fever,3,115,144,66,19,95,36.9
30056769,3,laceration,0,73,139,89,22,97,36.7
30056770,2,shortness of breath,10,84,176,84,20,100,36.9
30056771,5,fever,1,106,172,47,16,99,37.0
30056772,2,laceration,7,99,125,84,19,99,35.9
30056773,3,knee pain,0,90,127,104,15,97,38.4
30056774,4,chest pain,4,85,136,66,20,100,36.5
30056775,4,anxiety,6,90,138,79,22,95,37.6
30056776,2,laceration,10,70,117,75,19,97,37.2
30056777,2,chest pain,7,92,125,90,18,92,36.6
30056778,3,fall,2,99,91,84,19,100,36.7
30056779,3,laceration,4,71,99,80,20,97,36.5
30056780,3,fall,3,98,132,87,16,93,35.7
30056781,3,headache,1,71,127,72,18,93,37.6
30056782,1,anxiety,6,73,141,73,17,98,36.9
30056783,1,abdominal pain,8,59,138,91,19,98,36.0
30056784,3,abdominal pain,5,72,126,70,21,93,37.5
30056785,2,abdominal pain,9,95,113,92,21,95,36.7
30056786,3,chest pain,7,112,143,79,12,92,37.5
30056787,3,laceration,2,83,114,107,17,98,38.5
30056788,4,abdominal pain,4,54,143,71,18,98,35.8
30056789,3,chest pain,3,96,138,106,14,93,39.3
30056790,2,fever,8,70,129,83,8,100,35.3
30056791,2,laceration,8,72,145,68,18,98,35.8
30056792,4,abdominal pain,5,101,129,126,19,100,37.6
30056793,3,shortness of breath,4,88,146,98,14,100,37.0
30056794,5,laceration,2,81,111,84,16,100,36.5
30056795,4,back pain,5,76,124,56,18,99,36.5
30056796,3,laceration,2,81,109,62,16,100,36.9
30056797,3,back pain,4,92,145,61,11,93,35.8
30056798,3,chest pain,2,75,136,85,20,93,38.5
30056799,3,back pain,1,82,99,64,9,99,37.0
30056800,3,headache,6,90,138,84,19,98,37.4
30056801,3,anxiety,6,78,109,70,18,96,37.3
30056802,1,anxiety,10,106,98,67,13,97,37.3
30056803,4,back pain,2,117,185,95,13,95,37.3
30056804,3,knee pain,6,89,88,85,21,96,37.4
30056805,3,laceration,4,83,107,88,19,96,37.4
30056806,3,laceration,0,104,129,71,19,94,37.4
30056807,3,knee pain,5,67,74,75,22,96,38.9
30056808,3,laceration,0,99,128,57,17,96,37.7
30056809,3,shortness of breath,4,75,141,90,21,96,36.7
30056810,4,headache,6,67,101,60,19,97,38.0
30056811,1,headache,10,58,121,105,15,100,37.5
30056812,5,laceration,3,77,120,85,18,99,38.6
30056813,3,abdominal pain,7,100,122,85,15,100,38.0
30056814,3,chest pain,3,89,114,73,16,98,35.5
30056815,2,headache,7,80,133,89,18,100,37.8
30056816,2,fever,8,83,94,62,22,98,35.9
30056817,3,headache,1,80,100,68,18,91,35.8
30056818,3,headache,2,93,128,61,22,98,35.9
30056819,2,laceration,10,104,155,95,20,99,37.8
30056820,3,back pain,0,104,126,76,17,94,37.9
30056821,3,fall,5,93,158,95,18,100,38.1
30056822,3,laceration,5,65,143,102,16,100,36.2
30056823,4,abdominal pain,5,98,118,87,23,98,35.7
30056824,4,anxiety,4,57,118,70,18,93,38.0
30056825,3,shortness of breath,6,104,115,81,19,96,37.4
30056826,2,back pain,7,96,126,65,18,99,36.9
30056827,1,knee pain,9,69,153,68,17,99,36.6
30056828,2,shortness of breath,6,102,131,65,15,95,36.9
30056829,5,fall,5,97,125,82,23,90,37.6
30056830,2,headache,8,66,143,68,15,97,36.3
30056831,4,headache,0,67,119,53,17,96,37.8
30056832,4,anxiety,4,82,140,73,13,95,38.2
30056833,3,fall,0,93,119,89,17,95,37.7
30056834,3,back pain,1,82,108,111,18,95,37.0
30056835,3,knee pain,5,87,112,92,18,97,37.3
30056836,3,headache,1,81,144,107,16,96,37.1
30056837,3,chest pain,7,106,117,79,13,98,37.0
30056838,2,fever,7,98,113,72,15,100,37.2
30056839,2,anxiety,10,101,57,107,21,100,36.2
30056840,4,fever,3,95,158,73,13,94,37.9
30056841,3,shortness of breath,1,81,123,72,19,100,36.0
30056842,3,knee pain,2,59,148,60,13,97,38.2
30056843,3,chest pain,6,59,118,74,13,92,37.4
30056844,3,anxiety,7,111,168,88,20,96,37.6
30056845,3,shortness of breath,1,96,107,62,17,94,37.4
30056846,3,back pain,6,89,149,72,16,97,36.9
30056847,3,back pain,4,65,143,74,17,98,37.4
30056848,4,anxiety,3,95,146,75,19,94,38.4
30056849,3,chest pain,5,95,107,102,16,92,37.6
30056850,3,knee pain,2,85,81,82,16,94,36.4
30056851,2,back pain,9,117,177,52,20,99,37.0
30056852,4,headache,5,94,112,79,25,94,37.4
30056853,3,shortness of breath,5,91,158,73,22,100,36.8
30056854,3,knee pain,6,78,114,65,18,99,37.2
30056855,3,knee pain,3,74,111,63,22,95,38.6
30056856,4,anxiety,3,60,140,75,20,98,37.2
30056857,1,laceration,8,91,121,96,18,94,36.3
30056858,2,knee pain,8,61,130,50,22,96,37.1
30056859,3,fall,1,86,142,82,10,97,36.0
30056860,3,back pain,6,76,148,65,19,99,36.8
30056861,3,laceration,3,76,144,86,22,93,37.3
30056862,3,fever,0,66,121,74,23,100,37.3
30056863,4,abdominal pain,3,75,100,97,18,100,36.6
30056864,2,laceration,6,60,119,62,10,98,35.8
30056865,5,knee pain,1,84,123,68,21,99,37.9
30056866,1,shortness of breath,6,100,119,83,15,100,37.8
30056867,3,laceration,3,85,128,78,23,97,36.8
30056868,4,chest pain,0,66,120,82,23,94,36.4
30056869,3,anxiety,7,74,105,97,19,92,36.1
30056870,3,headache,3,107,150,109,19,99,36.9
30056871,4,fever,3,84,148,88,12,94,36.2
30056872,3,shortness of breath,2,102,116,67,22,96,38.3
30056873,5,shortness of breath,3,84,131,76,21,94,38.6
30056874,2,fever,7,86,126,104,9,97,36.3
30056875,3,shortness of breath,1,78,124,72,18,94,37.7
30056876,3,fever,7,89,97,77,12,100,37.4
30056877,2,back pain,9,80,124,100,19,97,36.0
30056878,2,laceration,10,93,146,69,21,97,37.0
30056879,3,knee pain,1,101,88,87,14,99,37.5
30056880,2,laceration,6,81,136,41,19,96,35.4
30056881,4,headache,5,76,130,90,13,97,36.8
30056882,3,laceration,2,102,121,93,24,97,37.4
30056883,4,abdominal pain,7,78,114,66,15,94,38.9
30056884,4,shortness of breath,4,59,131,89,14,98,38.4
30056885,5,shortness of breath,6,89,118,100,20,96,37.7
30056886,3,fever,5,81,152,62,13,94,36.7
30056887,3,back pain,6,89,123,65,19,99,36.8
30056888,4,abdominal pain,6,86,149,76,27,99,37.9
30056889,2,fever,8,116,117,77,14,96,36.6
30056890,4,laceration,2,97,130,57,16,93,37.5
30056891,2,chest pain,9,76,124,57,19,100,37.2
30056892,2,fever,7,85,124,109,18,100,37.0
30056893,3,anxiety,4,70,140,85,20,93,37.8
30056894,2,fall,6,107,96,69,14,94,36.4
30056895,3,abdominal pain,0,44,110,104,21,96,37.1
30056896,4,back pain,3,69,125,66,14,96,37.8
30056897,3,abdominal pain,5,91,137,108,23,95,37.2
30056898,4,anxiety,6,80,109,62,18,97,37.3
30056899,3,fever,5,77,129,69,18,93,37.1
30056900,2,chest pain,8,77,144,95,16,100,38.4
30056901,2,chest pain,6,96,86,91,14,95,36.3
30056902,4,back pain,0,112,125,58,7,93,37.0
30056903,3,anxiety,7,98,144,66,20,99,37.6
30056904,3,laceration,2,95,146,69,21,94,36.1
30056905,3,headache,6,82,82,75,20,97,38.1
30056906,3,fever,5,92,144,79,22,93,36.6
30056907,3,anxiety,4,71,94,107,17,98,36.3
30056908,2,chest pain,8,77,130,72,20,96,37.1
30056909,4,fever,4,103,111,84,15,93,36.8
30056910,4,abdominal pain,4,82,98,64,12,100,36.5
30056911,1,abdominal pain,6,102,122,81,17,96,35.5
30056912,4,headache,4,82,121,69,18,100,37.5
30056913,2,anxiety,9,96,136,56,22,97,36.8
30056914,2,fever,6,119,114,91,17,98,37.1
30056915,3,abdominal pain,7,106,115,67,23,97,37.0
30056916,3,headache,4,64,139,83,17,98,37.7
30056917,3,back pain,5,86,115,70,11,98,36.3
30056918,5,fever,3,86,125,70,21,100,36.6
30056919,3,knee pain,3,73,105,69,20,97,35.7
30056920,3,shortness of breath,0,73,120,70,22,100,37.8
30056921,3,anxiety,0,62,120,66,22,97,37.4
30056922,3,abdominal pain,0,110,145,109,21,98,36.1
30056923,2,abdominal pain,10,64,118,77,19,100,36.6
30056924,2,chest pain,10,101,117,61,19,94,36.9
30056925,3,back pain,3,76,154,78,16,95,37.5
30056926,2,laceration,6,100,136,80,16,96,37.7
30056927,2,shortness of breath,6,72,102,80,15,96,35.6
30056928,5,shortness of breath,1,90,134,40,17,100,37.5
30056929,4,anxiety,0,80,124,88,18,94,36.9
30056930,3,shortness of breath,1,64,121,83,19,98,37.5
30056931,3,anxiety,5,98,99,111,19,93,37.9
30056932,5,fever,6,94,124,68,21,93,37.8
30056933,3,fall,5,92,139,99,19,100,38.2
30056934,2,chest pain,9,76,118,104,28,98,37.8
30056935,3,laceration,3,72,103,93,18,100,36.9
30056936,2,chest pain,7,90,127,96,24,97,37.7
30056937,3,laceration,1,70,120,68,12,93,37.3
30056938,1,anxiety,9,88,126,103,23,96,36.3
30056939,2,anxiety,10,74,114,81,19,99,37.9
30056940,3,abdominal pain,3,79,111,107,22,100,37.2
30056941,4,fever,5,70,107,70,18,92,37.9
30056942,4,abdominal pain,2,64,148,80,19,100,35.3
30056943,2,fall,7,86,86,88,17,95,36.5
30056944,4,fall,4,93,155,98,13,94,36.9
30056945,4,fall,4,94,101,90,14,99,38.5
30056946,1,abdominal pain,8,56,131,65,21,95,36.5
30056947,3,anxiety,4,98,108,95,17,99,36.6
30056948,5,anxiety,2,98,104,106,24,95,37.8
30056949,3,headache,7,92,108,82,10,93,37.8
30056950,1,fever,9,76,150,84,21,99,36.2
30056951,3,back pain,6,58,148,87,17,98,38.3
30056952,4,anxiety,4,92,107,88,16,98,37.9
30056953,3,fall,1,86,109,53,21,96,36.0
30056954,3,shortness of breath,1,79,111,87,20,95,37.5
30056955,2,laceration,9,82,148,78,9,94,36.4
30056956,2,headache,6,96,120,73,15,95,36.8
30056957,3,fall,6,111,115,87,12,99,36.6
30056958,2,chest pain,6,92,101,90,13,95,37.8
30056959,2,chest pain,6,103,130,72,21,94,36.4
30056960,3,shortness of breath,7,59,114,81,20,96,36.7
30056961,1,back pain,7,85,128,81,17,96,35.2
30056962,3,back pain,7,87,141,62,18,96,37.2
30056963,3,headache,4,53,94,77,20,95,36.5
30056964,3,headache,7,104,110,67,9,93,38.2
30056965,2,fever,7,99,142,91,15,99,37.0
30056966,5,headache,1,97,107,67,17,100,37.2
30056967,3,shortness of breath,4,95,105,81,20,100,37.0
30056968,3,abdominal pain,6,61,152,77,13,98,35.5
30056969,3,knee pain,6,84,118,98,21,97,37.9
30056970,3,laceration,2,90,139,105,14,97,36.1
30056971,3,shortness of breath,1,112,144,83,18,96,37.6
30056972,2,abdominal pain,10,109,142,80,16,94,37.0
30056973,3,back pain,3,55,115,50,16,98,37.4
30056974,3,shortness of breath,1,81,123,57,19,100,35.9
30056975,3,abdominal pain,3,102,144,100,19,96,37.0
30056976,3,fall,5,73,77,80,20,95,36.3
30056977,3,laceration,5,69,128,96,15,99,35.8
30056978,1,abdominal pain,6,73,101,87,18,94,37.0
30056979,3,anxiety,7,92,138,77,13,98,37.3
30056980,3,fever,6,74,143,108,8,94,38.8
30056981,3,laceration,3,77,104,101,20,96,37.3
30056982,3,knee pain,0,52,100,92,20,94,37.5
30056983,2,laceration,9,69,162,69,17,93,37.2
30056984,3,back pain,3,60,99,105,13,99,35.6
30056985,3,shortness of breath,2,88,99,82,21,100,35.5
30056986,1,anxiety,7,88,122,84,19,96,37.5
30056987,1,abdominal pain,9,98,126,71,18,97,36.2
30056988,3,back pain,0,78,99,83,18,92,35.6
30056989,5,fever,1,93,134,92,9,95,36.4
30056990,4,laceration,0,76,134,77,13,92,37.9
30056991,2,back pain,7,60,137,82,17,94,37.1
30056992,3,abdominal pain,2,96,127,89,21,99,36.3
30056993,3,anxiety,1,96,160,51,20,100,37.5
30056994,3,fall,1,102,89,45,16,97,36.3
30056995,4,abdominal pain,3,70,150,85,19,100,38.6
30056996,4,fall,7,83,98,99,9,92,36.8
30056997,3,shortness of breath,6,103,137,71,19,100,35.7
30056998,3,fever,3,97,123,95,24,98,35.1
30056999,3,shortness of breath,7,87,146,52,21,98,36.4
30057000,3,knee pain,1,86,157,79,25,96,37.7
30057001,3,back pain,3,136,115,81,16,94,36.9
30057002,3,fall,1,92,135,77,19,95,37.2
30057003,4,knee pain,1,90,120,90,17,93,36.5
30057004,4,knee pain,2,58,151,79,13,96,37.3
30057005,4,fall,1,100,161,80,28,95,36.9
30057006,3,abdominal pain,7,98,93,86,14,93,38.1
30057007,2,abdominal pain,9,79,149,77,15,97,36.7
30057008,3,anxiety,7,95,127,81,14,98,38.0
30057009,3,fall,1,82,174,89,11,97,34.6
30057010,3,abdominal pain,7,66,113,78,12,95,35.8
30057011,5,chest pain,3,68,134,96,20,94,37.0
30057012,3,shortness of breath,2,93,106,101,22,95,37.2
30057013,4,knee pain,0,81,75,62,25,92,37.4
30057014,1,shortness of breath,10,94,136,69,15,95,35.9
30057015,3,headache,7,91,111,88,17,98,37.8
30057016,3,chest pain,3,104,124,55,25,98,37.5
30057017,4,knee pain,5,53,122,86,19,97,37.0
30057018,2,shortness of breath,7,103,123,87,18,97,36.3
30057019,3,headache,1,54,112,114,13,95,38.8
30057020,4,chest pain,6,79,132,88,20,99,37.1
30057021,4,abdominal pain,5,101,132,87,14,97,37.1
30057022,3,knee pain,3,96,114,58,17,98,37.6
30057023,2,fall,9,77,143,94,26,100,37.3
30057024,3,anxiety,1,86,163,60,16,95,37.5
30057025,4,chest pain,0,74,96,69,12,100,37.9
30057026,4,laceration,2,75,89,86,12,96,36.1
30057027,3,knee pain,2,86,122,108,18,96,37.3
30057028,3,headache,7,86,100,62,14,98,37.6
30057029,4,abdominal pain,5,123,141,59,22,91,35.8
30057030,5,back pain,0,73,138,84,16,94,37.2
30057031,3,back pain,3,106,131,75,17,98,37.4
30057032,3,knee pain,7,103,136,118,16,97,38.6
30057033,4,fever,3,55,147,67,13,100,37.6
30057034,3,shortness of breath,6,70,115,88,15,100,37.0
30057035,3,abdominal pain,4,75,123,60,15,97,36.8
30057036,3,shortness of breath,5,55,177,90,15,100,36.5
30057037,3,fever,2,89,108,82,15,100,35.4
30057038,3,knee pain,1,83,135,79,14,99,37.5
30057039,5,fever,1,99,125,100,24,94,37.2
30057040,5,back pain,6,82,121,95,16,97,36.8
30057041,3,back pain,2,78,132,53,10,100,36.0
30057042,1,abdominal pain,6,90,137,56,14,100,37.2
30057043,2,fall,10,55,120,87,15,99,37.8
30057044,2,shortness of breath,8,64,114,72,19,96,37.3
30057045,4,fall,0,82,147,100,16,99,38.5
30057046,4,chest pain,6,57,101,87,19,94,37.8
30057047,2,laceration,6,80,113,77,19,91,36.6
30057048,2,chest pain,10,96,106,93,15,100,36.1
30057049,2,shortness of breath,9,71,125,60,18,99,37.8
30057050,4,knee pain,2,119,154,85,18,98,35.0
30057051,3,headache,7,98,152,89,12,96,37.2
30057052,3,abdominal pain,0,76,121,77,20,97,35.1
30057053,4,knee pain,0,72,134,79,12,99,37.7
30057054,4,chest pain,3,73,117,80,17,97,35.0
30057055,3,back pain,7,118,75,62,21,99,37.5
30057056,3,headache,6,79,99,77,19,96,36.5
30057057,3,fever,7,100,97,64,17,99,37.3
30057058,1,back pain,6,100,115,78,13,93,36.3
30057059,3,back pain,4,106,134,78,16,95,35.4
30057060,3,anxiety,1,73,173,79,20,97,36.0
30057061,4,abdominal pain,0,83,117,63,12,96,36.9
30057062,3,laceration,1,63,106,74,21,92,36.1
30057063,3,laceration,3,63,109,81,20,100,39.8
30057064,3,fall,7,86,141,80,14,93,36.2
30057065,3,knee pain,6,77,119,74,14,91,36.5
30057066,2,back pain,10,87,100,97,13,100,37.3
30057067,3,anxiety,5,102,112,93,21,94,37.7
30057068,4,fever,0,64,132,67,13,97,37.5
30057069,3,knee pain,1,69,132,85,12,97,37.0
30057070,4,shortness of breath,2,88,121,81,16,97,37.1
30057071,4,knee pain,6,96,89,78,19,99,36.9
30057072,3,laceration,5,85,155,68,15,94,36.1
30057073,4,fall,3,93,108,105,20,100,37.6
30057074,3,headache,7,59,94,100,20,97,36.7
30057075,2,shortness of breath,9,66,129,100,18,99,36.5
30057076,2,shortness of breath,6,84,141,88,18,91,35.7
30057077,1,back pain,10,67,111,89,22,93,37.7
30057078,4,anxiety,1,47,111,90,17,100,36.8
30057079,3,abdominal pain,7,89,135,87,22,99,37.0
30057080,3,anxiety,7,83,152,72,17,90,36.9
30057081,3,chest pain,6,73,103,112,18,98,36.8
30057082,3,knee pain,6,117,107,102,15,94,35.7
30057083,2,fall,9,75,128,73,19,98,37.0
30057084,3,headache,3,66,150,55,18,94,36.3
30057085,5,back pain,7,81,146,80,21,96,38.0
30057086,3,abdominal pain,2,88,111,73,17,94,36.5
30057087,3,anxiety,1,79,105,77,21,98,36.1
30057088,1,abdominal pain,7,52,97,57,19,95,37.4
30057089,3,fall,3,105,150,89,17,90,36.7
30057090,3,chest pain,7,102,117,73,14,94,36.6
30057091,3,headache,2,64,107,55,15,100,37.5
30057092,4,back pain,4,81,113,91,19,97,36.8
30057093,2,headache,7,90,133,66,14,95,37.0
30057094,4,headache,2,90,121,29,12,100,37.0
30057095,4,back pain,3,107,114,79,16,96,36.8
30057096,2,headache,9,80,123,72,16,95,37.9
30057097,4,fall,6,112,119,62,25,97,38.6
30057098,3,laceration,2,103,95,85,16,98,36.4
30057099,4,fever,2,46,114,79,19,94,36.9
30057100,3,chest pain,4,80,136,89,18,100,35.7
30057101,1,fever,7,93,104,86,17,95,37.7
30057102,4,chest pain,4,52,89,89,18,94,37.3
30057103,3,laceration,4,106,105,89,23,96,36.2
30057104,3,laceration,1,93,145,82,12,96,37.7
30057105,3,back pain,3,87,94,84,14,97,37.1
30057106,4,back pain,2,79,101,78,22,98,36.5
30057107,3,chest pain,6,79,152,84,17,93,37.2
30057108,3,shortness of breath,2,90,125,66,20,99,35.9
30057109,5,shortness of breath,3,42,116,91,13,97,36.6
30057110,3,knee pain,6,74,97,103,14,95,35.7
30057111,4,anxiety,6,82,75,75,19,92,36.3
30057112,2,abdominal pain,7,86,144,101,16,100,37.5
30057113,1,shortness of breath,10,95,127,70,15,100,36.7
30057114,3,anxiety,1,82,98,80,20,93,37.1
30057115,2,fall,9,77,118,80,23,98,37.9
30057116,4,fever,5,86,122,84,14,93,37.1
30057117,3,anxiety,7,91,138,86,22,100,35.7
30057118,3,anxiety,4,93,148,87,23,97,37.2
30057119,1,headache,9,78,107,56,19,97,36.5
30057120,2,knee pain,6,95,94,96,21,98,38.1
30057121,2,anxiety,9,88,116,79,13,100,37.4
30057122,2,abdominal pain,8,92,149,94,17,99,38.5
30057123,3,headache,6,98,77,68,21,93,37.7
30057124,4,knee pain,6,66,130,88,20,98,37.5
30057125,1,back pain,7,105,102,79,26,95,36.7
30057126,2,anxiety,9,82,101,91,13,96,38.0
30057127,3,abdominal pain,4,90,155,81,12,90,35.2
30057128,4,fall,1,56,138,69,21,96,36.9
30057129,4,abdominal pain,4,88,131,70,22,99,37.0
30057130,3,fall,1,77,100,92,13,94,36.9
30057131,3,headache,6,83,110,74,12,99,35.8
30057132,2,laceration,10,74,145,74,17,93,37.1
30057133,4,fever,5,55,142,64,21,97,35.7
30057134,3,fever,5,100,137,78,22,94,36.3
30057135,3,fever,6,44,166,73,26,100,37.6
30057136,5,headache,6,87,150,102,20,97,37.3
30057137,3,chest pain,7,95,105,54,27,100,38.4
30057138,4,back pain,1,78,164,80,18,97,37.6
30057139,2,knee pain,7,73,117,83,15,92,37.0
30057140,4,headache,5,83,119,67,17,100,35.7
30057141,4,abdominal pain,1,97,139,84,10,100,36.2
30057142,3,fall,4,83,160,74,20,100,36.9
30057143,2,fever,7,76,136,97,13,94,36.7
30057144,2,chest pain,10,91,92,98,24,100,36.5
30057145,1,anxiety,8,111,123,74,18,100,36.5
30057146,3,anxiety,3,82,93,79,14,100,36.4
30057147,3,shortness of breath,5,95,122,79,12,99,37.9
30057148,3,anxiety,1,84,139,72,12,98,35.5
30057149,3,fever,6,90,127,94,20,100,36.2
30057150,4,fall,6,104,151,68,19,95,38.5
30057151,3,headache,0,101,133,96,18,100,36.4
30057152,3,knee pain,5,45,129,102,16,95,38.0
30057153,3,shortness of breath,1,87,102,76,20,100,36.3
30057154,3,shortness of breath,3,90,131,79,17,97,36.5
30057155,2,abdominal pain,7,104,95,99,20,100,38.8
30057156,3,knee pain,4,103,127,82,19,98,37.2
30057157,2,fall,8,76,133,84,15,96,37.1
30057158,3,back pain,1,74,173,89,22,92,37.6
30057159,4,anxiety,4,71,90,68,24,97,36.5
30057160,4,anxiety,4,85,133,112,24,98,36.9
30057161,3,headache,7,77,121,96,23,100,36.9
30057162,3,knee pain,0,76,138,89,19,91,36.4
30057163,2,chest pain,7,78,142,87,10,97,38.2
30057164,3,fall,4,75,132,57,21,95,36.9
30057165,4,shortness of breath,6,96,128,88,21,95,36.6
30057166,5,fever,5,64,141,86,23,95,37.0
30057167,2,laceration,9,62,131,89,16,96,37.9
30057168,3,headache,4,69,114,88,13,98,36.7
30057169,4,fever,6,108,112,66,17,95,36.9
30057170,5,knee pain,2,53,100,62,14,97,36.4
30057171,3,fall,1,80,141,72,7,97,37.7
30057172,3,headache,1,86,121,71,14,92,36.9
30057173,3,fever,2,96,116,80,18,97,37.1
30057174,3,abdominal pain,1,73,137,86,17,96,36.5
30057175,4,laceration,4,60,124,47,17,95,39.3
30057176,5,headache,5,99,102,84,17,98,36.0
30057177,1,fever,10,77,116,108,19,97,37.2
30057178,4,headache,4,86,126,71,13,95,35.8
30057179,3,back pain,1,68,128,94,24,100,35.5
30057180,4,knee pain,2,62,155,81,17,94,37.2
30057181,1,fever,9,48,112,78,23,95,36.6
30057182,3,fever,4,94,124,83,15,97,38.0
30057183,2,knee pain,6,81,113,99,18,93,37.3
30057184,3,abdominal pain,4,66,139,78,21,94,38.0
30057185,1,fever,8,95,153,95,25,93,37.5
30057186,5,abdominal pain,0,114,128,71,29,98,37.5
30057187,4,knee pain,2,95,144,95,11,99,37.4
30057188,3,laceration,3,96,119,119,15,100,35.8
30057189,4,anxiety,1,58,154,72,12,93,36.6
30057190,4,back pain,4,100,129,90,21,100,36.2
30057191,3,knee pain,6,59,166,96,19,97,37.1
30057192,2,laceration,10,63,161,63,19,97,36.9
30057193,3,laceration,2,71,92,82,19,100,37.3
30057194,3,laceration,7,96,113,60,16,95,38.1
30057195,3,shortness of breath,7,60,138,104,11,93,37.6
30057196,3,abdominal pain,1,92,150,93,22,95,36.9
30057197,4,anxiety,1,83,119,77,17,98,37.9
30057198,3,anxiety,2,76,136,84,16,96,36.7
30057199,3,headache,3,64,138,74,16,100,36.1
30057200,4,abdominal pain,6,71,106,104,21,100,35.7
30057201,3,fall,1,76,149,74,24,96,37.9
30057202,3,shortness of breath,3,99,154,81,22,97,37.6
30057203,2,knee pain,10,120,122,77,17,92,37.0
30057204,4,laceration,3,57,146,75,14,100,37.1
30057205,2,back pain,8,71,125,93,16,92,37.1
30057206,1,back pain,8,88,127,90,10,100,37.1
30057207,3,headache,4,87,107,86,22,98,36.4
30057208,3,back pain,5,69,129,87,17,94,35.8
30057209,3,abdominal pain,2,90,122,76,21,95,36.8
30057210,3,fever,0,87,123,89,23,97,36.4
30057211,2,shortness of breath,6,97,157,65,15,93,36.3
30057212,2,knee pain,6,95,139,63,17,96,36.6
30057213,3,chest pain,7,78,114,90,14,94,36.7
30057214,5,shortness of breath,1,107,110,58,19,97,36.6
30057215,3,abdominal pain,6,84,159,69,16,99,35.7
30057216,4,fall,2,90,128,97,16,99,38.0
30057217,3,fever,5,77,146,62,23,92,38.4
30057218,2,back pain,7,96,142,64,23,98,36.4
30057219,3,laceration,3,95,122,63,18,99,36.4
30057220,2,fever,10,103,116,79,17,97,36.7
30057221,3,fever,3,97,117,90,20,94,37.0
30057222,3,anxiety,0,109,148,96,18,100,37.6
30057223,3,abdominal pain,4,96,139,93,20,99,36.2
30057224,2,back pain,7,83,99,60,16,94,36.8
30057225,2,shortness of breath,9,73,96,93,15,97,36.4
30057226,4,abdominal pain,2,75,120,93,19,100,37.6
30057227,3,abdominal pain,4,71,125,94,13,96,36.0
30057228,2,laceration,7,105,113,80,23,100,36.3
30057229,4,knee pain,1,105,145,103,22,100,37.5
30057230,3,headache,1,81,140,79,21,98,36.4
30057231,3,laceration,6,102,143,81,26,99,37.6
30057232,4,abdominal pain,7,66,109,84,15,98,38.0
30057233,4,headache,5,76,117,90,27,97,36.2
30057234,3,headache,1,78,101,94,21,100,36.2
30057235,2,laceration,6,78,93,77,16,92,37.0
30057236,3,fever,1,93,122,106,14,93,36.7
30057237,3,back pain,6,124,95,71,20,96,37.1
30057238,1,fall,7,84,135,60,15,100,37.4
30057239,4,knee pain,7,93,115,89,20,99,35.6
30057240,4,fall,0,87,128,101,14,96,37.4
30057241,3,headache,3,101,154,66,19,97,36.9
30057242,3,knee pain,3,102,151,90,26,91,38.2
30057243,3,laceration,7,99,125,105,16,96,37.2
30057244,4,chest pain,0,92,134,93,16,95,37.9
30057245,4,fever,3,89,134,74,19,97,36.4
30057246,3,anxiety,4,90,99,93,13,96,37.3
30057247,2,anxiety,9,101,134,75,19,100,36.6
30057248,4,knee pain,3,76,127,76,20,98,35.9
30057249,4,fall,1,74,137,80,14,96,35.6
30057250,4,shortness of breath,1,96,97,94,22,90,36.7
30057251,3,fall,6,63,139,71,13,96,37.6
30057252,3,chest pain,2,77,122,95,25,98,36.8
30057253,4,abdominal pain,4,79,134,85,21,94,36.6
30057254,3,abdominal pain,6,87,131,79,22,95,37.8
30057255,3,fall,3,96,135,73,24,99,37.6
30057256,5,shortness of breath,7,87,125,75,21,95,36.1
30057257,4,anxiety,4,79,138,81,22,98,37.5
30057258,3,back pain,3,90,103,84,13,93,37.4
30057259,3,anxiety,6,103,104,109,19,95,37.2
30057260,3,fever,2,90,125,72,10,97,36.2
30057261,3,laceration,4,93,126,71,20,96,37.8
30057262,2,shortness of breath,6,84,130,62,19,99,36.3
30057263,3,headache,0,103,114,111,19,99,37.4
30057264,3,anxiety,7,94,136,51,9,98,37.5
30057265,4,knee pain,5,76,148,81,15,100,37.1
30057266,3,headache,3,111,154,87,13,96,36.2
30057267,2,fever,8,79,136,89,21,100,37.7
30057268,3,laceration,5,96,107,90,19,100,37.5
30057269,5,back pain,3,78,152,80,18,99,37.1
30057270,4,knee pain,6,89,138,101,29,96,36.7
30057271,3,headache,1,86,114,114,17,97,36.3
30057272,3,shortness of breath,1,78,144,55,15,99,36.3
30057273,1,anxiety,9,83,125,49,23,99,38.9
30057274,3,chest pain,6,82,124,53,20,91,35.6
30057275,2,headache,7,93,135,87,23,97,36.1
30057276,4,chest pain,1,66,158,107,15,99,35.6
30057277,4,anxiety,6,82,122,68,18,96,36.8
30057278,4,knee pain,3,95,87,77,13,95,36.9
30057279,3,fever,1,105,148,85,19,96,36.0
30057280,3,fever,5,94,138,65,16,96,37.3
30057281,3,headache,5,88,138,82,14,97,37.0
30057282,4,shortness of breath,0,90,113,72,20,97,37.4
30057283,3,fever,1,88,123,80,24,100,36.6
30057284,2,shortness of breath,7,97,144,74,19,100,36.2
30057285,3,headache,6,121,147,80,13,100,37.5
30057286,4,laceration,2,84,149,69,17,96,36.6
30057287,2,shortness of breath,10,91,82,93,17,93,38.0
30057288,3,laceration,0,71,111,101,13,100,38.0
30057289,2,chest pain,7,83,103,76,24,98,37.1
30057290,3,fever,3,100,89,78,18,93,37.5
30057291,2,knee pain,9,82,150,59,17,100,36.4
30057292,4,laceration,6,115,125,90,24,97,36.6
30057293,3,abdominal pain,4,87,139,84,17,98,36.3
30057294,1,fever,10,77,142,95,20,99,37.7
30057295,2,anxiety,6,90,127,97,17,94,36.9
30057296,3,back pain,5,87,122,106,10,100,38.0
30057297,3,chest pain,7,83,141,100,20,98,37.3
30057298,3,chest pain,0,86,117,70,17,100,36.2
30057299,4,fever,6,100,143,55,15,97,37.1
30057300,3,fever,1,87,153,70,13,97,35.3
30057301,3,headache,4,79,182,93,18,96,35.7
30057302,3,laceration,3,104,95,113,20,97,37.5
30057303,3,fall,1,89,83,95,25,98,37.5
30057304,5,knee pain,4,84,132,75,21,94,37.0
30057305,4,fall,7,91,123,76,16,96,36.4
30057306,3,fever,2,66,94,81,18,100,37.4
30057307,3,back pain,2,61,132,98,23,100,38.1
30057308,4,chest pain,4,98,170,65,11,97,36.6
30057309,4,fall,5,85,128,95,22,98,36.1
30057310,3,fall,3,71,94,61,20,97,36.8
30057311,4,abdominal pain,4,93,129,64,15,96,36.5
30057312,3,anxiety,3,74,132,63,22,95,36.9
30057313,3,anxiety,5,85,99,50,16,93,38.0
30057314,3,anxiety,5,79,125,102,22,97,37.3
30057315,4,abdominal pain,7,63,140,77,23,100,36.5
30057316,3,shortness of breath,6,98,163,97,17,100,36.3
30057317,3,laceration,6,92,140,63,22,94,38.5
30057318,3,headache,7,45,115,73,20,100,37.8
30057319,3,headache,4,70,107,94,16,94,38.2
30057320,3,knee pain,5,79,133,58,12,94,36.5
30057321,3,abdominal pain,4,73,147,73,20,96,35.4
30057322,3,chest pain,4,79,155,82,18,91,36.8
30057323,2,back pain,8,92,123,65,20,91,37.2
30057324,3,laceration,5,100,127,83,21,99,36.9
30057325,2,fall,8,78,110,76,9,100,36.6
30057326,3,chest pain,5,91,124,96,16,94,36.7
30057327,3,back pain,0,98,104,85,25,97,39.0
30057328,3,laceration,7,72,130,84,28,97,37.4
30057329,3,knee pain,2,74,139,63,23,99,38.5
30057330,2,chest pain,9,52,171,99,25,96,37.5
30057331,3,fever,2,93,114,80,22,95,36.7
30057332,3,back pain,3,81,172,113,19,100,37.0
30057333,3,headache,4,103,142,73,9,94,36.7
30057334,4,fever,0,87,145,92,14,99,37.8
30057335,3,laceration,2,111,153,72,16,95,37.4
30057336,3,chest pain,3,73,135,99,19,95,35.8
30057337,3,knee pain,2,92,133,64,20,98,38.8
30057338,2,chest pain,7,86,126,90,19,94,37.9
30057339,3,fall,2,104,100,96,20,99,37.0
30057340,3,abdominal pain,7,93,83,70,19,97,37.3
30057341,3,back pain,3,68,155,60,10,95,37.9
30057342,3,abdominal pain,1,92,97,80,16,98,36.8
30057343,3,back pain,0,87,104,79,12,98,36.0
30057344,2,fall,9,115,132,42,16,99,36.1
30057345,2,fall,6,101,110,70,17,100,38.0
30057346,3,headache,7,53,123,58,26,95,38.6
30057347,3,laceration,7,94,119,72,21,98,38.4
30057348,3,chest pain,7,85,111,82,25,100,36.6
30057349,4,anxiety,0,109,129,62,16,98,37.0
30057350,4,fever,7,90,86,63,17,96,36.4
30057351,3,shortness of breath,5,106,159,87,16,97,39.4
30057352,3,fall,1,101,133,83,22,96,37.7
30057353,3,back pain,7,89,145,94,17,99,37.9
30057354,3,shortness of breath,6,61,142,46,24,93,37.8
30057355,2,fall,10,68,127,68,18,95,37.0
30057356,3,back pain,7,71,146,72,17,95,37.6
30057357,5,chest pain,1,87,112,84,17,98,36.2
30057358,3,knee pain,7,84,118,81,12,100,37.5
30057359,2,knee pain,7,106,109,105,12,100,36.3
30057360,3,chest pain,0,83,94,83,22,95,38.2
30057361,3,laceration,1,71,99,79,17,97,36.5
30057362,3,anxiety,6,67,114,75,16,96,37.6
30057363,3,headache,7,87,104,87,21,99,36.2
30057364,3,headache,3,84,111,67,19,99,37.4
30057365,3,fever,4,52,108,89,20,96,38.3
30057366,4,back pain,0,90,140,84,17,99,36.5
30057367,2,chest pain,10,78,115,71,16,99,36.0
30057368,3,chest pain,0,72,80,85,14,97,37.4
30057369,3,chest pain,1,76,101,101,15,100,37.7
30057370,3,anxiety,6,66,151,103,14,100,37.6
30057371,3,abdominal pain,6,108,112,110,12,94,37.3
30057372,4,laceration,4,111,152,79,22,93,38.4
30057373,3,fever,7,99,132,88,16,93,36.5
30057374,3,headache,2,79,112,88,13,100,37.1
30057375,3,back pain,3,87,127,99,17,94,39.4
30057376,2,shortness of breath,10,102,133,84,15,99,36.8
30057377,4,shortness of breath,4,73,135,88,13,95,36.3
30057378,3,chest pain,2,93,137,94,15,96,37.2
30057379,3,fever,0,87,115,79,14,100,37.7
30057380,5,anxiety,7,81,142,79,10,98,36.2
30057381,4,back pain,1,77,128,94,21,100,37.0
30057382,5,knee pain,4,62,143,70,19,94,37.8
30057383,4,back pain,6,58,129,61,21,100,35.6
30057384,3,anxiety,6,86,96,83,11,98,36.9
30057385,2,anxiety,7,74,119,95,18,98,37.5
30057386,2,shortness of breath,10,59,140,75,19,94,36.7
30057387,3,abdominal pain,0,97,106,81,17,99,38.0
30057388,4,fever,6,82,134,94,23,95,35.7
30057389,3,back pain,5,90,144,86,21,97,37.0
30057390,4,fever,3,96,134,72,16,99,37.2
30057391,3,fall,5,84,158,101,20,100,37.0
30057392,3,laceration,1,100,157,83,12,96,36.0
30057393,3,back pain,2,81,141,62,19,99,37.5
30057394,3,fall,3,68,105,58,21,97,37.1
30057395,4,knee pain,0,116,117,51,16,95,35.9
30057396,1,anxiety,9,78,113,70,18,95,36.5
30057397,3,headache,6,77,103,79,23,98,37.7
30057398,5,anxiety,3,59,111,91,21,94,36.2
30057399,4,abdominal pain,2,90,129,94,19,100,37.8
30057400,3,laceration,6,88,85,80,21,99,36.7
30057401,3,anxiety,1,90,117,65,26,96,36.6
30057402,2,fall,10,117,130,58,22,99,38.2
30057403,3,laceration,1,106,79,93,10,96,38.7
30057404,1,shortness of breath,8,87,118,43,22,100,38.1
30057405,4,headache,2,83,148,74,21,96,38.5
30057406,4,fall,3,78,120,45,16,97,37.2
30057407,3,knee pain,3,62,160,78,15,99,37.5
30057408,3,anxiety,5,97,107,88,17,95,36.0
30057409,3,headache,5,112,94,93,19,91,37.0
30057410,4,knee pain,4,82,140,95,15,100,37.5
30057411,4,laceration,2,79,102,72,10,98,34.7
30057412,2,knee pain,7,58,110,70,25,96,36.4
30057413,3,abdominal pain,6,95,99,88,14,100,37.2
30057414,4,back pain,5,76,113,54,19,97,38.0
30057415,4,knee pain,6,102,164,59,17,92,36.6
30057416,3,shortness of breath,2,82,80,81,23,94,39.2
30057417,3,abdominal pain,0,73,164,84,21,96,37.7
30057418,4,fall,2,85,110,79,17,100,37.1
30057419,3,fall,3,77,126,76,16,97,36.2
30057420,3,shortness of breath,3,75,121,57,19,95,36.9
30057421,3,back pain,3,77,103,83,15,93,37.2
30057422,4,shortness of breath,1,96,159,82,22,94,37.7
30057423,3,headache,7,78,147,92,23,96,36.5
30057424,2,abdominal pain,8,109,110,73,8,95,39.4
30057425,2,anxiety,10,77,122,55,19,93,36.5
30057426,2,laceration,10,53,109,77,15,94,37.5
30057427,4,shortness of breath,2,57,131,85,14,96,36.4
30057428,4,shortness of breath,1,104,147,91,22,97,37.3
30057429,2,back pain,6,93,148,87,20,91,37.2
30057430,3,anxiety,7,79,120,70,19,98,38.2
30057431,2,headache,8,60,138,66,24,99,37.0
30057432,3,back pain,6,53,124,90,13,96,37.5
30057433,4,abdominal pain,0,98,191,71,12,97,36.0
30057434,3,headache,6,79,165,62,23,97,38.2
30057435,3,shortness of breath,2,84,117,90,22,96,37.8
30057436,5,fever,7,80,139,84,19,100,36.8
30057437,3,laceration,3,60,141,96,12,93,35.5
30057438,3,knee pain,4,52,121,82,24,95,36.5
30057439,3,abdominal pain,3,83,130,77,24,95,35.9
30057440,3,fever,0,88,104,87,16,99,36.9
30057441,4,headache,3,104,137,97,11,95,37.7
30057442,3,anxiety,7,76,115,75,22,95,35.7
30057443,3,back pain,3,64,139,77,20,97,36.7
30057444,3,fever,4,89,103,48,20,95,36.7
30057445,3,chest pain,3,89,101,92,16,97,36.6
30057446,2,fall,9,84,152,68,20,95,36.2
30057447,3,laceration,2,51,102,54,18,96,38.5
30057448,3,laceration,5,84,101,71,20,97,37.6
30057449,3,chest pain,0,85,131,66,17,94,37.6
30057450,3,knee pain,1,93,115,62,11,100,38.0
30057451,3,abdominal pain,3,86,137,91,12,96,36.4
30057452,4,headache,2,82,135,76,20,96,38.2
30057453,3,knee pain,5,69,169,86,17,95,37.9
30057454,3,shortness of breath,4,58,117,63,17,99,36.7
30057455,3,laceration,0,104,130,78,24,100,37.2
30057456,3,headache,3,63,112,56,16,97,35.5
30057457,4,headache,5,96,116,72,19,97,36.3
30057458,4,shortness of breath,5,115,129,98,13,91,35.9
30057459,3,chest pain,0,80,123,50,13,100,37.3
30057460,2,chest pain,6,101,117,69,18,100,35.9
30057461,4,back pain,2,96,142,65,22,100,35.9
30057462,3,fall,0,85,149,71,24,98,37.1
30057463,3,fall,7,111,137,86,20,96,37.7
30057464,3,shortness of breath,0,76,106,83,18,98,36.5
30057465,1,knee pain,10,99,99,74,23,92,37.1
30057466,3,anxiety,0,87,122,84,12,98,36.5
30057467,4,fever,7,88,137,73,15,96,38.6
30057468,5,knee pain,7,81,124,63,23,99,37.5
30057469,3,headache,0,88,116,103,23,98,35.7
30057470,3,laceration,1,54,167,73,23,97,36.7
30057471,3,back pain,2,87,160,119,15,94,37.8
30057472,3,shortness of breath,5,75,93,91,19,95,35.8
30057473,4,fever,7,91,96,90,21,99,36.7
30057474,3,back pain,5,93,126,92,16,99,37.4
30057475,3,abdominal pain,6,92,131,40,18,95,37.8
30057476,2,headache,6,81,95,113,17,95,37.8
30057477,3,shortness of breath,1,82,162,46,20,91,38.2
30057478,3,laceration,2,114,127,73,18,95,36.7
30057479,2,fall,7,79,134,80,14,97,38.0
30057480,4,abdominal pain,2,73,134,69,19,98,36.9
30057481,3,chest pain,4,75,113,100,23,97,37.4
30057482,1,abdominal pain,6,82,134,48,19,98,37.3
30057483,5,back pain,5,82,105,89,14,99,38.0
30057484,1,abdominal pain,9,72,115,66,21,94,35.7
30057485,3,headache,0,52,141,105,10,94,36.2
30057486,3,headache,7,104,133,91,18,100,35.8
30057487,2,fall,9,101,87,92,19,97,35.8
30057488,3,anxiety,5,71,126,76,22,95,37.2
30057489,3,anxiety,7,93,135,62,17,91,36.3
30057490,3,knee pain,1,82,138,75,20,97,36.1
30057491,3,shortness of breath,1,63,117,100,16,97,36.2
30057492,2,shortness of breath,10,104,121,100,16,93,35.3
30057493,2,fall,7,95,97,70,17,92,37.9
30057494,3,shortness of breath,7,105,130,81,24,96,37.1
30057495,2,chest pain,9,97,89,82,18,94,36.7
30057496,3,abdominal pain,2,72,123,56,18,94,37.2
30057497,3,back pain,3,93,112,71,10,97,37.8
30057498,3,chest pain,1,118,109,103,17,97,38.0
30057499,4,fever,4,113,94,68,21,96,36.9
30057500,3,chest pain,3,107,104,56,14,98,37.9
30057501,4,anxiety,5,101,158,84,20,97,36.8
30057502,3,anxiety,1,75,132,91,15,97,37.6
30057503,3,headache,7,84,126,66,13,97,37.0
30057504,3,headache,5,98,112,94,20,97,36.1
30057505,5,abdominal pain,1,83,125,67,16,99,36.9
30057506,4,headache,7,85,115,52,17,100,37.4
30057507,3,headache,5,100,160,72,22,98,36.8
30057508,3,headache,7,81,154,80,18,94,38.6
30057509,5,shortness of breath,1,90,143,104,18,100,37.6
30057510,3,laceration,2,87,127,73,18,94,36.2
30057511,2,back pain,8,94,86,67,22,100,35.8
30057512,1,back pain,9,70,141,83,23,94,37.0
30057513,4,anxiety,6,95,122,76,22,97,37.0
30057514,4,headache,4,107,107,66,11,99,37.0
30057515,2,fever,6,100,174,91,15,100,36.9
30057516,4,knee pain,6,112,115,59,15,98,38.0
30057517,3,knee pain,2,102,157,86,17,99,36.9
30057518,3,headache,6,60,100,88,15,100,37.3
30057519,4,shortness of breath,3,68,185,98,20,93,37.7
30057520,4,back pain,6,87,98,84,20,100,38.1
30057521,3,back pain,1,92,97,83,8,98,36.3
30057522,3,knee pain,3,108,134,113,14,100,38.0
30057523,1,abdominal pain,7,68,103,61,13,96,36.4
30057524,2,shortness of breath,6,49,85,76,18,96,38.5
30057525,5,anxiety,2,68,172,87,19,98,38.5
30057526,2,fall,8,103,98,70,14,96,36.4
30057527,4,anxiety,2,88,157,77,12,96,37.1
30057528,3,fever,1,120,110,87,16,96,36.6
30057529,4,abdominal pain,7,95,120,88,17,92,38.2
30057530,1,fever,9,74,107,71,19,97,37.2
30057531,2,headache,8,123,113,75,11,92,36.2
30057532,3,abdominal pain,7,76,80,81,15,94,37.1
30057533,3,laceration,3,95,120,62,17,97,36.4
30057534,3,anxiety,6,81,116,86,15,94,36.8
30057535,1,fever,9,91,138,55,23,97,37.7
30057536,4,laceration,3,82,113,74,21,100,36.8
30057537,3,anxiety,4,62,115,87,22,93,37.9
30057538,3,back pain,1,94,148,98,12,93,37.0
30057539,3,laceration,0,74,136,102,20,95,36.9
30057540,3,headache,3,82,139,41,15,96,37.8
30057541,4,abdominal pain,7,78,72,84,16,95,37.3
30057542,3,chest pain,0,102,104,70,12,98,37.0
30057543,3,abdominal pain,1,68,93,109,14,100,38.0
30057544,3,knee pain,5,64,116,81,17,96,36.2
30057545,3,fall,3,96,89,88,18,92,37.6
30057546,3,shortness of breath,7,100,123,67,16,98,37.6
30057547,3,shortness of breath,5,89,135,88,22,99,35.1
30057548,4,anxiety,1,96,126,72,16,97,36.9
30057549,3,back pain,2,75,120,72,12,95,36.4
30057550,2,shortness of breath,10,91,142,93,23,97,37.1
30057551,3,fever,2,87,108,93,10,100,37.1
30057552,3,headache,6,73,126,72,17,97,37.3
30057553,4,headache,4,94,133,85,18,92,35.8
30057554,3,headache,4,106,136,75,17,100,36.6
30057555,3,laceration,0,88,142,79,14,97,37.6
30057556,3,anxiety,5,79,132,85,21,99,36.9
30057557,2,chest pain,9,90,133,76,22,100,37.0
30057558,2,back pain,9,110,145,76,18,96,36.1
30057559,3,back pain,0,80,120,86,23,100,37.0
30057560,3,shortness of breath,5,92,119,93,9,100,37.2
30057561,3,chest pain,2,64,108,77,22,94,37.3
30057562,4,laceration,0,71,121,72,19,94,37.0
30057563,3,knee pain,4,80,126,90,14,100,38.4
30057564,2,anxiety,8,67,135,74,19,97,36.7
30057565,4,laceration,1,85,88,68,21,100,37.1
30057566,3,knee pain,5,118,112,61,11,100,38.4
30057567,4,anxiety,4,79,88,101,20,90,36.5
30057568,2,anxiety,6,76,141,52,15,100,36.5
30057569,2,headache,10,81,89,89,17,100,35.8
30057570,2,chest pain,10,82,140,95,16,100,37.0
30057571,3,anxiety,0,103,157,67,14,96,36.1
30057572,2,abdominal pain,7,91,125,60,16,98,37.2
30057573,3,laceration,0,81,128,75,22,100,36.4
30057574,3,anxiety,4,107,120,106,10,96,37.1
30057575,3,fall,1,101,62,61,19,96,36.2
30057576,4,anxiety,5,66,127,95,18,100,36.0
30057577,3,fever,7,93,132,69,20,98,37.8
30057578,3,anxiety,7,93,120,96,17,100,37.8
30057579,3,abdominal pain,5,69,131,65,18,100,35.9
30057580,3,laceration,4,96,118,77,23,99,36.3
30057581,3,anxiety,3,72,126,90,16,99,36.7
30057582,3,anxiety,6,76,131,84,19,96,37.0
30057583,4,fall,7,85,136,57,21,97,36.8
30057584,3,back pain,0,87,97,78,15,98,36.1
30057585,3,fall,3,69,123,30,22,94,37.6
30057586,3,headache,6,84,108,68,18,91,38.1
30057587,4,fall,3,60,132,70,21,90,37.3
30057588,3,knee pain,4,119,100,93,18,95,37.5
30057589,2,fall,8,92,106,70,21,95,37.3
30057590,3,shortness of breath,1,63,109,83,20,99,37.4
30057591,3,anxiety,1,108,140,33,19,100,36.6
30057592,3,shortness of breath,0,62,137,62,11,97,36.6
30057593,5,back pain,2,65,130,100,14,98,37.0
30057594,3,chest pain,7,58,105,121,22,97,37.6
30057595,3,back pain,0,129,154,85,15,98,37.2
30057596,4,anxiety,5,69,75,106,18,95,37.2
30057597,1,headache,8,82,137,83,18,98,36.6
30057598,4,shortness of breath,4,92,94,87,17,93,35.0
30057599,2,abdominal pain,10,99,136,58,16,100,39.0
30057600,3,fall,7,98,124,106,19,93,37.4
30057601,3,back pain,6,99,129,104,22,100,36.7
30057602,2,abdominal pain,10,77,114,68,18,95,36.8
30057603,3,laceration,6,52,137,65,14,100,37.7
30057604,3,back pain,5,107,158,83,24,94,36.3
30057605,3,fever,0,100,128,75,21,97,36.1
30057606,3,fall,3,71,117,74,22,100,36.7
30057607,3,shortness of breath,2,64,80,107,15,94,36.9
30057608,4,anxiety,3,103,121,75,19,96,37.3
30057609,2,anxiety,9,51,90,68,22,96,36.6
30057610,3,back pain,0,88,154,68,18,95,37.3
30057611,3,chest pain,7,103,123,74,16,93,36.4
30057612,4,shortness of breath,6,55,126,63,12,97,36.2
30057613,2,shortness of breath,9,72,94,59,16,100,37.6
30057614,3,chest pain,3,78,111,60,21,100,36.3
30057615,3,abdominal pain,7,87,144,74,17,95,37.3
30057616,3,back pain,6,94,135,72,21,97,37.0
30057617,4,back pain,0,74,123,83,19,98,37.3
30057618,3,shortness of breath,1,72,128,80,20,96,37.4
30057619,3,knee pain,6,55,119,54,17,96,37.1
30057620,3,laceration,5,81,88,67,21,100,36.9
30057621,2,anxiety,10,71,130,93,21,97,36.8
30057622,2,chest pain,10,97,127,67,15,91,36.6
30057623,4,anxiety,7,95,136,84,12,92,36.2
30057624,5,shortness of breath,1,75,117,84,16,96,37.5
30057625,2,laceration,7,82,127,84,17,99,37.6
30057626,3,fever,7,86,129,54,21,95,35.1
30057627,3,anxiety,5,76,130,98,14,97,36.4
30057628,3,abdominal pain,1,80,98,107,18,95,37.0
30057629,3,headache,2,104,113,91,17,96,35.6
30057630,2,fever,6,107,137,61,21,96,36.0
30057631,3,fall,6,92,150,67,18,95,37.6
30057632,3,shortness of breath,0,50,134,98,18,96,37.2
30057633,3,knee pain,2,62,130,96,14,99,36.5
30057634,3,fever,5,99,109,88,23,97,37.7
30057635,2,headache,8,62,137,68,14,99,37.7
30057636,3,chest pain,6,70,133,95,18,97,36.7
30057637,2,anxiety,10,73,170,81,14,96,36.6
30057638,2,fall,8,110,165,65,14,99,36.8
30057639,3,headache,7,81,140,66,17,96,36.5
30057640,3,shortness of breath,3,68,156,81,15,97,38.1
30057641,2,anxiety,8,72,110,102,19,97,36.8
30057642,3,knee pain,5,81,144,69,16,96,38.2
30057643,2,chest pain,10,98,111,52,13,95,37.3
30057644,5,back pain,1,114,128,80,14,99,36.1
30057645,5,laceration,3,74,143,79,19,98,37.0
30057646,4,laceration,6,108,103,82,12,92,36.2
30057647,3,laceration,6,50,125,76,17,97,36.6
30057648,2,shortness of breath,8,94,133,71,15,97,36.8
30057649,4,fall,2,95,104,64,20,100,35.8
30057650,4,back pain,7,80,135,82,27,99,37.4
30057651,3,fall,4,90,89,84,12,100,36.6
30057652,3,headache,7,88,143,44,14,94,38.2
30057653,3,abdominal pain,2,57,134,85,10,97,37.2
30057654,4,anxiety,3,72,86,66,18,92,36.1
30057655,3,anxiety,7,110,104,93,22,94,37.2
30057656,2,headache,9,102,130,77,19,96,37.9
30057657,3,back pain,1,78,125,47,21,93,37.0
30057658,3,knee pain,1,84,130,95,25,90,37.5
30057659,3,abdominal pain,7,92,93,83,19,96,38.0
30057660,3,abdominal pain,5,97,157,87,22,100,36.5
30057661,2,shortness of breath,6,81,142,98,16,97,37.2
30057662,4,fall,6,87,130,77,26,90,37.3
30057663,4,headache,1,63,128,100,17,99,36.8
30057664,1,knee pain,8,81,148,86,12,89,34.6
30057665,3,shortness of breath,6,93,120,104,19,93,37.2
30057666,4,laceration,3,98,97,73,16,99,36.8
30057667,3,fall,3,94,100,98,19,92,37.3
30057668,3,abdominal pain,0,90,160,86,16,98,38.8
30057669,1,chest pain,8,89,149,102,19,99,37.7
30057670,3,anxiety,0,75,130,100,15,98,38.4
30057671,3,laceration,6,69,145,62,22,99,37.1
30057672,3,back pain,6,101,104,56,23,100,35.0
30057673,3,chest pain,3,115,159,83,12,97,36.0
30057674,3,back pain,4,77,148,101,17,98,37.2
30057675,3,laceration,4,72,147,66,18,96,36.3
30057676,2,laceration,8,73,131,74,16,97,36.9
30057677,4,fall,0,68,152,75,15,99,36.2
30057678,3,abdominal pain,1,83,122,38,13,94,37.3
30057679,4,laceration,7,95,145,88,18,96,37.7
30057680,3,abdominal pain,2,92,136,96,18,94,38.2
30057681,3,shortness of breath,2,91,128,66,22,94,39.1
30057682,2,back pain,10,77,140,110,17,100,37.5
30057683,2,anxiety,9,103,132,77,14,100,36.8
30057684,2,headache,6,93,110,96,20,98,35.5
30057685,3,fever,4,100,132,71,23,97,36.6
30057686,2,fever,7,56,153,78,17,98,38.3
30057687,3,anxiety,3,63,88,95,13,97,37.3
30057688,3,shortness of breath,2,76,88,94,22,90,36.8
30057689,4,abdominal pain,2,88,123,91,14,100,37.5
30057690,3,shortness of breath,5,84,123,75,17,97,37.0
30057691,2,shortness of breath,6,108,124,74,18,98,37.3
30057692,3,laceration,5,55,110,81,19,95,37.1
30057693,1,abdominal pain,8,65,123,64,19,98,37.1
30057694,3,back pain,1,95,94,82,16,96,36.2
30057695,1,knee pain,9,59,121,81,13,100,37.0
30057696,3,anxiety,5,91,120,76,15,100,36.3
30057697,3,laceration,7,107,145,71,21,100,37.7
30057698,2,knee pain,9,70,126,59,15,98,36.9
30057699,4,headache,3,81,121,72,15,96,38.1
30057700,3,back pain,5,61,118,55,15,96,37.4
30057701,3,fever,1,123,116,77,10,94,35.5
30057702,5,back pain,1,91,92,78,13,97,38.2
30057703,2,laceration,7,48,121,102,17,94,36.6
30057704,3,knee pain,2,80,119,55,15,99,37.1
30057705,3,fever,6,72,108,98,15,98,36.9
30057706,4,anxiety,6,43,113,71,19,98,37.8
30057707,4,chest pain,5,98,131,65,20,98,37.0
30057708,4,knee pain,6,64,148,95,21,97,37.1
30057709,5,abdominal pain,0,73,85,67,11,95,38.5
30057710,2,fever,7,92,113,80,21,100,38.2
30057711,4,headache,4,104,118,93,23,92,36.2
30057712,4,laceration,5,72,62,98,18,97,37.4
30057713,3,abdominal pain,5,102,151,68,15,96,36.3
30057714,2,back pain,7,92,95,105,15,97,37.1
30057715,3,headache,5,103,115,62,18,97,36.5
30057716,3,knee pain,5,92,122,83,16,95,36.3
30057717,3,laceration,1,101,142,96,18,100,36.7
30057718,3,headache,3,95,145,81,16,96,36.3
30057719,3,abdominal pain,4,72,117,73,17,99,38.6
30057720,5,abdominal pain,1,100,156,111,16,97,36.2
30057721,2,anxiety,10,106,125,91,18,100,37.8
30057722,3,fall,4,83,156,89,17,97,38.3
30057723,3,headache,3,63,128,60,19,90,36.3
30057724,2,fall,10,68,138,78,19,95,35.8
30057725,4,headache,6,85,103,78,19,98,37.1
30057726,4,laceration,5,95,130,89,25,93,37.1
30057727,3,anxiety,0,77,114,68,13,96,37.4
30057728,3,laceration,2,97,142,108,16,96,36.4
30057729,4,chest pain,5,116,110,79,18,93,36.8
30057730,2,fall,10,98,95,95,16,96,36.8
30057731,4,abdominal pain,3,92,124,87,17,97,37.1
30057732,3,headache,0,82,147,85,23,93,37.5
30057733,3,anxiety,0,90,108,84,24,99,38.4
30057734,3,fall,6,69,82,61,19,97,37.0
30057735,2,fever,6,91,115,79,18,94,36.6
30057736,4,headache,1,77,110,47,18,96,37.0
30057737,3,fall,6,60,168,78,15,96,38.5
30057738,2,shortness of breath,7,110,121,75,21,97,37.3
30057739,5,fall,4,99,143,81,23,96,36.6
30057740,2,fall,6,74,142,102,20,91,37.9
30057741,3,anxiety,5,96,116,116,19,96,36.6
30057742,4,anxiety,2,90,109,76,8,99,37.5
30057743,1,fever,9,111,138,75,18,95,36.4
30057744,2,fever,8,96,129,75,15,94,35.0
30057745,4,fall,4,71,69,73,18,93,37.4
30057746,4,shortness of breath,2,89,127,80,21,95,37.2
30057747,4,back pain,0,86,140,78,21,95,36.2
30057748,3,headache,0,79,126,86,26,98,36.3
30057749,3,headache,7,119,126,100,11,94,36.7
30057750,3,anxiety,6,101,125,72,25,100,37.5
30057751,2,back pain,8,89,155,55,11,97,37.5
30057752,3,fall,7,78,114,85,19,98,38.0
30057753,4,laceration,4,70,139,96,8,94,38.1
30057754,3,knee pain,7,93,128,99,19,100,38.3
30057755,2,abdominal pain,9,90,124,68,18,92,36.5
30057756,3,back pain,4,87,136,66,26,100,36.7
30057757,3,back pain,4,76,137,80,20,99,37.5
30057758,3,back pain,5,83,158,73,25,95,34.8
30057759,3,laceration,7,82,110,67,20,93,35.6
30057760,3,chest pain,6,84,66,70,22,94,37.4
30057761,3,fever,2,94,114,95,18,97,36.1
30057762,3,fall,2,70,122,77,25,100,36.9
30057763,3,fever,6,95,145,64,12,97,37.0
30057764,3,shortness of breath,3,78,141,75,18,98,37.7
30057765,2,back pain,10,84,97,71,14,96,35.9
30057766,3,abdominal pain,5,84,126,88,14,99,36.3
30057767,4,knee pain,1,70,104,70,18,100,35.5
30057768,2,abdominal pain,7,87,130,54,19,94,36.7
30057769,5,fever,2,93,114,97,17,96,36.0
30057770,3,knee pain,2,92,118,76,19,100,36.8
30057771,4,headache,4,83,109,88,17,97,37.3
30057772,2,knee pain,6,104,123,52,19,100,37.7
30057773,3,fall,5,80,129,68,20,95,37.6
30057774,2,laceration,10,75,112,86,21,96,36.2
30057775,3,fall,5,95,116,88,16,94,35.8
30057776,1,back pain,9,92,99,100,20,95,38.7
30057777,4,fever,5,87,135,75,17,99,37.2
30057778,1,shortness of breath,9,73,104,69,17,99,36.6
30057779,5,fall,3,94,134,102,22,100,36.2
30057780,4,back pain,4,65,99,46,18,99,37.9
30057781,4,laceration,4,73,118,63,10,89,38.3
30057782,2,knee pain,6,99,106,64,21,99,37.1
30057783,3,chest pain,6,73,102,80,23,97,38.0
30057784,2,anxiety,8,73,110,110,17,95,36.5
30057785,3,laceration,5,89,108,95,11,99,36.7
30057786,1,laceration,9,67,131,89,15,100,37.4
30057787,2,chest pain,7,82,158,67,16,100,37.7
30057788,2,fever,7,103,118,59,24,100,37.6
30057789,3,abdominal pain,3,96,119,101,18,95,38.2
30057790,3,fever,0,94,127,57,20,94,36.9
30057791,3,back pain,2,82,157,60,24,97,36.3
30057792,3,anxiety,5,57,121,100,13,93,38.1
30057793,4,laceration,7,89,132,79,18,98,38.5
30057794,3,fall,7,72,111,84,23,97,36.3
30057795,4,knee pain,3,90,104,76,14,93,37.0
30057796,1,abdominal pain,7,89,117,98,24,94,36.6
30057797,3,fever,6,71,101,96,20,94,36.8
30057798,3,fever,2,89,128,68,16,99,37.2
30057799,2,back pain,7,71,95,76,15,94,37.9
30057800,3,knee pain,0,71,124,54,14,96,38.1
30057801,4,fever,5,67,125,75,20,98,35.7
30057802,1,back pain,7,77,137,89,14,96,37.5
30057803,2,knee pain,8,69,122,49,19,98,37.8
30057804,3,back pain,4,86,134,93,15,95,37.9
30057805,3,back pain,7,111,138,80,15,96,36.6
30057806,4,fever,7,77,163,76,26,100,37.3
30057807,4,shortness of breath,0,98,111,87,14,100,36.9
30057808,2,headache,10,93,78,73,26,97,37.7
30057809,3,fever,7,78,146,79,18,97,36.4
30057810,4,anxiety,0,95,88,88,22,99,37.6
30057811,3,headache,1,65,147,82,21,93,37.7
30057812,4,anxiety,6,114,126,87,17,94,37.9
30057813,2,knee pain,6,94,90,86,12,95,38.8
30057814,5,abdominal pain,3,58,132,56,21,97,37.2
30057815,3,fall,5,92,106,72,19,96,36.5
30057816,3,shortness of breath,2,57,128,72,20,99,38.0
30057817,3,laceration,3,112,134,79,15,99,37.5
30057818,3,knee pain,0,72,138,114,20,100,37.4
30057819,3,fever,1,80,114,72,21,94,35.9
30057820,3,fall,6,121,124,59,14,93,36.6
30057821,4,anxiety,4,35,139,96,17,96,37.3
30057822,3,abdominal pain,3,77,121,68,12,94,36.9
30057823,3,fever,4,75,147,74,30,100,36.6
30057824,3,knee pain,5,65,93,76,15,100,37.3
30057825,5,headache,2,68,142,104,21,91,37.3
30057826,1,chest pain,7,83,121,82,15,98,37.5
30057827,3,anxiety,3,100,103,101,16,97,37.8
30057828,5,fall,4,79,162,104,15,96,37.2
30057829,1,chest pain,8,84,108,81,22,93,36.0
30057830,3,shortness of breath,1,88,136,90,17,100,36.9
30057831,3,fever,5,89,103,79,22,100,38.0
30057832,3,fever,0,101,159,83,28,90,37.2
30057833,3,back pain,5,80,99,65,24,100,36.7
30057834,4,fever,3,95,141,57,14,96,36.6
30057835,2,fall,6,81,113,89,17,94,35.7
30057836,5,anxiety,2,84,149,92,19,94,37.3
30057837,3,chest pain,7,93,140,83,19,99,36.3
30057838,3,shortness of breath,0,90,131,96,17,100,37.6
30057839,3,back pain,5,88,112,69,20,95,38.2
30057840,2,abdominal pain,8,78,103,107,7,97,37.3
30057841,3,shortness of breath,5,62,134,99,13,100,37.0
30057842,3,shortness of breath,5,92,125,102,19,95,36.5
30057843,3,anxiety,6,73,132,94,25,100,37.6
30057844,3,shortness of breath,0,91,103,67,17,96,37.8
30057845,3,fever,3,104,158,64,21,100,38.1
30057846,2,fever,9,65,67,81,23,98,36.9
30057847,3,anxiety,2,101,138,80,19,94,36.4
30057848,3,abdominal pain,5,95,112,80,21,100,38.8
30057849,4,fall,6,63,147,42,26,98,38.0
30057850,2,anxiety,6,103,132,88,15,99,36.2
30057851,3,back pain,7,35,158,70,21,100,37.9
30057852,3,knee pain,2,100,148,92,9,96,38.1
30057853,4,knee pain,1,71,160,84,18,99,36.6
30057854,5,fall,3,97,86,74,12,94,36.7
30057855,4,laceration,3,87,119,64,17,95,36.3
30057856,2,anxiety,6,92,114,86,19,97,35.9
30057857,2,chest pain,10,80,138,118,19,96,37.3
30057858,4,headache,6,87,173,74,22,90,36.4
30057859,3,laceration,2,102,128,92,15,98,35.5
30057860,5,fever,0,91,145,78,20,100,36.6
30057861,2,fever,10,77,161,69,15,99,37.2
30057862,5,back pain,2,70,143,78,7,97,35.3
30057863,2,fever,10,85,106,47,16,97,37.7
30057864,3,fall,7,75,167,90,13,97,36.9
30057865,3,abdominal pain,7,99,125,49,16,100,37.7
30057866,3,fever,2,66,114,99,25,96,38.4
30057867,4,anxiety,1,99,118,84,16,98,36.1
30057868,4,shortness of breath,1,81,104,86,15,95,36.5
30057869,3,back pain,0,65,137,87,13,94,37.7
30057870,3,fall,4,83,142,60,21,96,36.8
30057871,3,back pain,7,84,105,83,26,99,37.6
30057872,3,abdominal pain,0,87,161,89,23,95,36.4
30057873,4,fall,6,83,132,76,17,100,36.5
30057874,3,back pain,2,79,115,74,19,96,36.1
30057875,3,shortness of breath,7,94,148,87,24,94,37.0
30057876,3,fall,4,87,107,90,12,95,36.4
30057877,2,back pain,6,78,139,93,19,98,36.2
30057878,3,laceration,7,87,145,104,13,91,37.4
30057879,3,back pain,1,98,123,66,15,98,35.2
30057880,5,laceration,6,112,140,77,16,93,38.0
30057881,3,chest pain,6,87,124,62,19,95,35.4
30057882,3,laceration,4,58,112,90,21,100,36.2
30057883,3,anxiety,0,84,127,73,25,100,36.7
30057884,4,fever,1,92,138,76,17,96,37.2
30057885,1,abdominal pain,9,65,127,71,17,97,36.6
30057886,3,headache,2,70,123,97,19,98,36.8
30057887,2,fever,6,45,150,74,23,99,37.1
30057888,4,headache,0,55,96,87,14,99,37.6
30057889,3,laceration,3,103,129,60,13,94,38.5
30057890,3,abdominal pain,1,76,112,50,12,95,38.3
30057891,3,knee pain,1,79,125,61,21,96,35.7
30057892,3,chest pain,6,93,140,118,13,91,37.4
30057893,5,fever,2,84,83,96,22,99,37.4
30057894,3,knee pain,2,79,116,90,17,96,37.0
30057895,3,chest pain,5,71,109,53,17,97,36.7
30057896,3,knee pain,1,126,91,95,13,95,37.2
30057897,5,headache,1,83,147,69,15,95,37.7
30057898,3,shortness of breath,6,77,124,71,13,93,36.8
30057899,3,fall,4,79,145,58,25,99,36.2
30057900,3,headache,3,71,140,105,18,90,36.5
30057901,2,fall,10,80,138,60,12,99,37.4
30057902,4,back pain,3,83,112,75,18,96,36.2
30057903,3,back pain,1,101,143,76,15,95,38.5
30057904,3,fall,6,64,144,80,24,94,37.3
30057905,3,laceration,5,58,149,79,19,100,37.6
30057906,3,chest pain,0,60,126,84,23,94,39.3
30057907,4,fall,7,62,151,85,19,98,37.8
30057908,3,shortness of breath,5,90,107,87,16,100,35.8
30057909,4,knee pain,3,79,134,119,23,95,37.2
30057910,3,back pain,6,85,122,69,25,100,36.4
30057911,2,anxiety,6,98,114,77,14,96,36.4
30057912,3,knee pain,5,69,155,61,22,98,38.2
30057913,3,shortness of breath,3,96,127,85,18,99,37.2
30057914,3,shortness of breath,6,81,118,67,18,99,37.3
30057915,2,laceration,7,82,125,64,16,95,36.7
30057916,2,headache,8,80,130,98,14,92,37.3
30057917,3,chest pain,2,75,134,70,20,98,38.3
30057918,4,fall,0,86,127,111,21,96,36.0
30057919,3,chest pain,1,88,150,66,19,97,37.9
30057920,4,chest pain,3,96,124,109,14,100,37.0
30057921,2,abdominal pain,8,45,126,88,15,93,36.0
30057922,3,anxiety,7,59,97,94,11,93,36.5
30057923,3,knee pain,5,98,131,109,27,92,38.0
30057924,3,anxiety,2,79,139,75,13,94,37.1
30057925,3,fever,1,113,174,68,16,94,36.9
30057926,3,fall,5,64,106,61,23,97,38.9
30057927,3,shortness of breath,5,86,137,79,21,96,36.9
30057928,4,shortness of breath,3,114,122,75,17,95,36.6
30057929,4,shortness of breath,2,88,142,79,21,98,38.1
30057930,1,anxiety,8,82,136,41,21,96,36.4
30057931,2,abdominal pain,10,72,135,84,15,100,36.8
30057932,3,headache,7,94,102,101,16,100,37.2
30057933,4,laceration,7,61,105,88,21,100,36.4
30057934,2,laceration,7,78,138,50,20,98,37.2
30057935,3,headache,3,79,141,71,21,100,37.7
30057936,3,knee pain,5,66,138,88,22,100,36.9
30057937,3,anxiety,4,75,147,76,15,93,37.9
30057938,4,abdominal pain,1,93,130,105,22,99,37.6
30057939,3,chest pain,6,66,134,103,13,99,38.5
30057940,2,headache,9,58,118,69,16,96,38.1
30057941,3,anxiety,1,86,121,83,20,94,37.6
30057942,4,shortness of breath,6,57,109,94,15,95,38.5
30057943,3,chest pain,5,76,137,75,20,97,37.0
30057944,4,shortness of breath,2,63,107,89,15,100,36.8
30057945,4,abdominal pain,0,80,145,96,16,95,37.4
30057946,2,laceration,8,95,132,63,19,95,35.3
30057947,3,headache,3,79,113,56,21,96,37.3
30057948,3,laceration,2,72,119,77,26,92,37.9
30057949,5,knee pain,4,90,111,79,18,95,35.9
30057950,4,shortness of breath,2,94,104,94,19,94,36.7
30057951,3,back pain,0,56,73,67,19,96,37.3
30057952,2,back pain,6,70,116,96,23,98,37.3
30057953,3,knee pain,3,102,146,88,21,96,35.4
30057954,3,back pain,4,66,98,89,18,92,36.7
30057955,3,shortness of breath,5,79,123,71,12,98,35.7
30057956,4,abdominal pain,4,83,145,87,15,100,37.5
30057957,1,headache,6,96,122,83,21,96,38.2
30057958,3,back pain,4,68,128,66,15,96,38.0
30057959,3,chest pain,4,85,127,71,19,94,36.8
30057960,3,shortness of breath,0,84,103,78,13,97,37.9
30057961,4,back pain,4,70,96,108,9,99,37.9
30057962,4,knee pain,5,85,98,75,17,100,37.8
30057963,3,chest pain,2,107,111,74,12,95,37.9
30057964,2,chest pain,9,83,131,59,22,96,36.0
30057965,3,headache,7,88,127,78,22,95,36.0
30057966,4,fever,7,74,117,88,18,100,36.6
30057967,2,chest pain,7,99,157,88,13,95,36.1
30057968,3,laceration,4,98,123,45,15,98,37.9
30057969,2,fall,6,94,116,68,20,96,37.6
30057970,3,fever,2,98,175,66,16,98,36.9
30057971,3,abdominal pain,3,77,111,69,17,98,36.7
30057972,4,headache,7,78,104,79,18,95,38.0
30057973,4,chest pain,0,76,103,79,24,94,35.9
30057974,3,fall,6,66,119,75,17,95,37.7
30057975,2,abdominal pain,7,86,154,68,14,98,37.5
30057976,3,chest pain,6,87,116,77,12,93,36.2
30057977,3,fall,1,97,122,101,14,97,36.1
30057978,4,anxiety,6,106,142,69,24,97,36.2
30057979,3,laceration,1,85,128,92,22,100,37.5
30057980,3,knee pain,6,90,139,83,24,91,35.9
30057981,3,chest pain,2,88,113,85,20,99,36.8
30057982,3,knee pain,3,96,114,86,14,100,36.3
30057983,3,anxiety,5,67,126,87,30,97,37.8
30057984,3,anxiety,1,90,112,73,20,97,36.9
30057985,3,headache,4,98,86,61,18,99,38.4
30057986,3,fever,1,95,117,63,21,91,37.5
30057987,1,abdominal pain,6,108,140,88,32,97,36.3
30057988,2,shortness of breath,9,79,115,66,20,100,38.1
30057989,3,fever,1,76,119,60,19,96,37.8
30057990,3,back pain,5,93,120,94,17,100,37.1
30057991,1,chest pain,10,57,96,76,8,96,37.8
30057992,5,fever,4,92,140,88,21,98,37.7
30057993,2,fever,8,87,97,79,20,97,36.1
30057994,3,headache,4,82,130,100,13,93,38.3
30057995,2,anxiety,8,118,84,79,16,97,36.6
30057996,1,abdominal pain,7,96,122,89,15,100,35.7
30057997,4,fall,0,103,114,66,11,96,36.1
30057998,4,knee pain,3,82,120,84,18,97,34.9
30057999,3,fever,7,102,99,101,18,98,36.7
30058000,3,fall,7,87,105,58,22,100,36.0
30058001,4,headache,5,84,129,73,19,100,34.4
30058002,2,abdominal pain,9,77,127,86,23,95,36.3
30058003,3,chest pain,1,83,149,79,18,99,36.8
30058004,3,back pain,1,70,149,54,14,100,37.8
30058005,4,laceration,1,102,121,76,32,100,38.3
30058006,2,back pain,7,77,143,61,17,95,37.0
30058007,3,abdominal pain,3,89,124,78,18,96,36.2
30058008,3,anxiety,6,92,138,64,18,100,36.2
30058009,3,laceration,5,71,161,83,17,98,36.7
30058010,3,headache,3,83,141,78,16,99,37.5
30058011,2,back pain,6,79,91,96,20,95,35.8
30058012,3,back pain,7,106,155,55,15,94,36.0
30058013,3,headache,5,88,108,68,16,97,36.0
30058014,3,shortness of breath,3,91,107,72,21,100,36.0
30058015,3,fall,3,78,148,77,22,99,35.7
30058016,5,chest pain,6,105,106,97,12,100,36.1
30058017,3,shortness of breath,1,73,125,78,15,100,36.4
30058018,3,laceration,0,110,108,97,14,91,36.7
30058019,4,laceration,2,82,97,83,18,95,37.5
30058020,3,back pain,1,57,129,66,16,97,36.5
30058021,3,laceration,7,100,131,69,16,97,37.9
30058022,3,fever,4,91,126,107,19,92,36.2
30058023,3,headache,7,69,133,96,14,97,37.1
30058024,3,abdominal pain,4,78,111,87,22,97,37.8
30058025,5,abdominal pain,1,91,123,96,12,97,37.5
30058026,3,knee pain,3,90,128,83,17,89,38.2
30058027,4,abdominal pain,6,104,117,88,19,95,35.4
30058028,3,headache,2,82,147,70,18,93,36.5
30058029,3,headache,5,102,84,92,16,95,37.0
30058030,2,shortness of breath,8,77,138,65,23,93,37.1
30058031,4,shortness of breath,6,104,126,91,24,93,36.0
30058032,3,knee pain,1,81,102,79,21,98,36.5
30058033,4,fall,2,97,123,82,12,97,36.8
30058034,3,laceration,4,60,140,67,16,96,36.3
30058035,3,laceration,3,99,140,69,16,95,37.1
30058036,2,shortness of breath,6,90,136,66,15,99,37.6
30058037,1,shortness of breath,6,72,124,89,17,99,36.1
30058038,3,abdominal pain,1,68,121,64,19,98,37.6
30058039,2,back pain,9,86,123,75,18,99,36.8
30058040,3,shortness of breath,7,75,106,55,20,93,37.1
30058041,2,fall,6,85,125,87,24,95,37.4
30058042,3,headache,2,65,133,68,18,99,36.2
30058043,5,back pain,1,73,127,72,19,94,37.2
30058044,3,shortness of breath,0,81,95,90,20,97,36.2
30058045,2,fall,10,84,83,82,11,93,38.9
30058046,4,back pain,5,92,139,103,17,100,37.7
30058047,4,anxiety,7,110,127,82,25,95,37.7
30058048,3,fever,0,72,93,77,12,97,37.7
30058049,4,chest pain,3,86,138,70,17,95,36.5
30058050,3,back pain,2,85,104,70,12,98,36.7
30058051,2,laceration,6,81,139,67,22,98,38.2
30058052,4,laceration,0,78,103,103,14,98,36.7
30058053,2,headache,8,73,130,85,18,95,36.6
30058054,3,anxiety,4,74,129,63,17,95,36.4
30058055,2,shortness of breath,9,135,132,99,17,99,35.3
30058056,2,shortness of breath,10,83,103,76,21,94,38.0
30058057,3,back pain,2,60,131,38,12,100,37.2
30058058,3,chest pain,7,80,135,53,21,100,38.0
30058059,3,chest pain,5,88,130,68,17,98,38.5
30058060,3,fever,7,97,132,98,24,90,36.8
30058061,4,fever,7,109,148,72,16,97,36.2
30058062,3,fever,5,46,139,110,20,100,38.0
30058063,3,knee pain,4,75,106,77,10,93,36.9
30058064,4,fever,3,119,123,66,17,100,36.4
30058065,4,knee pain,5,67,132,72,23,95,36.9
30058066,3,abdominal pain,4,73,113,90,24,97,37.2
30058067,2,knee pain,9,88,112,67,15,95,37.8
30058068,2,laceration,7,92,129,52,24,98,36.7
30058069,4,fever,2,62,108,98,22,96,36.5
30058070,1,abdominal pain,9,77,125,104,16,95,36.7
30058071,2,headache,7,89,94,74,20,95,37.2
30058072,4,abdominal pain,5,86,134,103,23,96,36.1
30058073,3,fever,6,65,151,108,10,93,37.5
30058074,3,laceration,3,91,102,74,20,96,36.3
30058075,3,abdominal pain,7,98,156,97,15,97,37.2
30058076,4,fever,0,74,115,80,22,100,36.6
30058077,3,fall,2,62,143,70,18,98,38.0
30058078,4,anxiety,1,88,129,58,24,98,35.8
30058079,4,anxiety,3,72,141,78,16,97,38.8
30058080,3,laceration,4,91,125,94,21,97,37.2
30058081,3,headache,0,75,131,98,15,96,36.8
30058082,4,fall,0,78,89,78,8,99,36.4
30058083,2,laceration,10,100,160,72,23,96,38.1
30058084,3,shortness of breath,0,87,118,82,22,98,36.7
30058085,2,anxiety,6,64,111,51,20,95,37.5
30058086,2,headache,6,106,124,96,23,96,37.4
30058087,4,knee pain,3,88,132,76,13,96,36.0
30058088,3,shortness of breath,6,61,150,97,20,93,36.4
30058089,3,laceration,7,86,126,77,17,100,36.4
30058090,3,anxiety,5,53,116,99,16,96,36.4
30058091,3,laceration,3,65,149,89,17,100,35.8
30058092,3,fever,5,63,135,98,12,100,36.1
30058093,3,anxiety,1,71,119,83,9,93,38.2
30058094,3,shortness of breath,0,110,147,78,19,94,36.9
30058095,4,laceration,1,90,159,74,20,92,35.9
30058096,4,abdominal pain,6,77,141,96,15,95,36.5
30058097,3,abdominal pain,1,112,157,64,15,100,36.1
30058098,3,fall,2,54,113,64,24,95,37.9
30058099,3,fever,1,101,114,56,19,96,36.8
30058100,3,knee pain,1,69,142,97,30,98,36.7
30058101,3,shortness of breath,5,90,127,78,25,96,37.5
30058102,2,chest pain,9,78,112,75,8,92,36.4
30058103,3,knee pain,2,84,163,85,15,95,36.4
30058104,5,fall,0,81,135,72,17,100,37.3
30058105,1,knee pain,9,78,152,72,13,89,36.8
30058106,2,fall,10,88,133,75,20,94,37.9
30058107,3,headache,2,66,115,74,17,92,37.0
30058108,2,laceration,7,94,155,63,18,93,36.4
30058109,2,laceration,7,75,132,93,21,100,37.9
30058110,4,knee pain,2,79,116,74,18,97,37.6
30058111,2,back pain,8,85,152,111,18,100,36.8
30058112,4,fall,0,85,131,80,17,93,36.7
30058113,2,headache,10,70,130,91,16,92,37.7
30058114,4,abdominal pain,3,69,126,94,16,89,37.8
30058115,3,anxiety,1,79,127,65,20,100,38.3
30058116,2,fever,6,92,136,77,18,100,36.6
30058117,3,laceration,1,102,124,76,22,95,38.9
30058118,3,abdominal pain,6,104,106,95,12,96,35.6
30058119,4,fall,6,111,126,73,20,95,35.6
30058120,3,knee pain,2,81,131,86,17,92,36.4
30058121,2,abdominal pain,8,95,149,97,14,99,38.9
30058122,2,headache,8,100,149,70,19,97,37.9
30058123,3,fever,7,94,133,38,26,97,37.5
30058124,4,laceration,3,97,134,83,20,95,36.5
30058125,3,abdominal pain,1,89,104,74,15,99,35.4
30058126,3,fall,6,109,111,56,20,96,35.5
30058127,2,fall,7,82,139,85,17,96,38.0
30058128,3,shortness of breath,1,91,120,81,9,98,37.7
30058129,3,headache,4,96,125,77,19,99,37.5
30058130,3,fall,0,94,146,66,22,94,36.3
30058131,3,laceration,4,80,138,89,20,97,36.1
30058132,3,headache,3,74,139,71,17,100,37.0
30058133,3,chest pain,6,96,119,99,23,90,36.7
30058134,3,laceration,6,67,143,78,25,94,38.3
30058135,3,headache,3,102,88,79,18,96,37.1
30058136,3,chest pain,6,101,113,108,14,96,36.7
30058137,4,fall,5,63,132,91,13,93,38.1
30058138,3,back pain,5,83,142,88,12,93,37.7
30058139,3,anxiety,4,89,131,72,17,98,36.7
30058140,4,abdominal pain,6,60,123,96,17,99,36.7
30058141,2,anxiety,7,65,150,87,19,98,38.4
30058142,3,knee pain,2,89,100,68,16,97,36.9
30058143,3,abdominal pain,5,101,93,53,22,96,36.8
30058144,4,knee pain,1,94,156,75,15,96,36.5
30058145,4,back pain,6,83,149,59,24,99,38.0
30058146,2,fall,7,104,134,63,28,96,36.9
30058147,3,anxiety,0,84,145,84,22,100,37.4
30058148,2,abdominal pain,9,111,127,81,15,93,36.9
30058149,2,laceration,10,84,145,72,17,100,36.1
30058150,3,back pain,7,81,109,72,13,96,36.9
30058151,2,abdominal pain,8,99,125,87,15,100,37.8
30058152,3,laceration,7,113,139,65,17,96,36.1
30058153,3,anxiety,2,91,133,45,13,96,36.6
30058154,2,knee pain,8,88,104,75,16,98,37.2
30058155,4,chest pain,4,100,101,87,29,97,36.7
30058156,3,knee pain,4,75,160,101,22,96,36.5
30058157,3,shortness of breath,1,121,150,74,14,97,36.1
30058158,2,headache,10,127,141,87,20,96,37.4
30058159,2,fever,10,71,118,76,15,97,35.6
30058160,3,shortness of breath,3,87,120,54,17,95,36.5
30058161,2,shortness of breath,8,82,139,72,13,97,37.6
30058162,4,fever,5,76,112,65,12,99,37.6
30058163,2,anxiety,8,90,133,71,17,100,35.7
30058164,4,shortness of breath,3,104,144,93,25,95,37.5
30058165,2,anxiety,10,69,137,60,21,100,35.7
30058166,3,knee pain,1,66,107,59,16,100,36.7
30058167,2,shortness of breath,6,69,100,70,17,98,37.5
30058168,2,knee pain,6,98,93,86,16,99,36.4
30058169,3,fever,4,118,128,74,20,100,36.1
30058170,5,shortness of breath,1,82,125,66,17,100,36.5
30058171,3,knee pain,0,87,142,88,19,98,37.5
30058172,5,fever,5,46,105,82,20,100,36.5
30058173,3,chest pain,7,83,112,80,16,97,37.3
30058174,1,shortness of breath,7,80,116,80,19,97,36.7
30058175,2,chest pain,7,79,112,102,27,89,37.1
30058176,3,knee pain,5,90,173,86,9,98,36.7
30058177,3,headache,3,66,115,70,20,99,37.0
30058178,3,anxiety,6,71,130,95,25,96,36.3
30058179,3,back pain,0,86,104,95,21,95,37.6
30058180,3,back pain,7,93,149,84,23,94,36.8
30058181,3,chest pain,1,123,127,78,22,94,37.9
30058182,2,knee pain,8,109,157,94,23,100,36.2
30058183,2,shortness of breath,10,79,143,92,22,97,37.2
30058184,5,fall,1,85,105,75,21,96,37.0
30058185,2,chest pain,6,74,159,91,18,100,37.7
30058186,3,knee pain,1,94,115,106,19,97,38.0
30058187,3,back pain,2,91,134,74,17,96,37.7
30058188,3,shortness of breath,3,75,126,57,16,99,37.1
30058189,4,fever,2,84,132,85,14,92,35.0
30058190,3,laceration,6,109,131,107,16,97,36.3
30058191,2,laceration,6,118,100,97,17,92,36.1
30058192,3,headache,6,80,115,55,22,98,38.0
30058193,3,fever,5,62,135,83,14,100,35.8
30058194,5,chest pain,0,74,143,81,18,94,37.2
30058195,3,fall,3,104,144,92,17,98,37.8
30058196,3,anxiety,3,68,144,62,19,96,36.5
30058197,3,abdominal pain,6,70,129,94,21,94,35.6
30058198,4,fever,1,92,129,83,22,100,37.1
30058199,3,abdominal pain,6,100,122,70,23,97,37.8
30058200,3,fall,6,89,148,71,21,93,37.8
30058201,3,fever,1,82,143,101,15,100,34.9
30058202,4,chest pain,3,74,81,85,20,99,37.2
30058203,3,fall,0,89,99,84,14,99,36.6
30058204,3,headache,0,95,118,83,23,97,36.8
30058205,4,fall,2,111,146,63,16,98,37.6
30058206,3,fall,5,60,139,71,27,94,37.1
30058207,3,fever,7,93,138,68,16,99,36.8
30058208,3,abdominal pain,0,88,156,68,20,99,36.8
30058209,3,back pain,3,75,142,92,13,98,37.2
30058210,3,anxiety,3,72,133,73,15,99,37.2
30058211,2,fall,6,67,127,84,14,100,35.9
30058212,4,fever,6,88,134,64,10,99,35.8
30058213,3,fall,6,102,120,69,22,93,36.8
30058214,3,anxiety,2,87,141,100,20,98,37.5
30058215,4,back pain,6,79,119,77,19,98,37.0
30058216,3,knee pain,0,74,114,90,12,100,36.9
30058217,4,fever,1,66,126,77,14,96,36.2
30058218,3,anxiety,6,90,109,80,20,97,36.0
30058219,3,anxiety,5,65,137,98,17,98,35.5
30058220,4,chest pain,4,69,102,72,21,100,35.5
30058221,4,back pain,6,112,130,94,14,100,37.2
30058222,3,shortness of breath,0,83,144,78,21,97,37.4
30058223,3,anxiety,1,66,96,99,19,98,36.5
30058224,3,knee pain,4,72,90,96,11,96,37.7
30058225,2,knee pain,8,95,130,87,17,98,36.3
30058226,4,fall,0,101,110,71,14,96,37.7
30058227,3,headache,7,89,87,54,17,100,35.6
30058228,3,shortness of breath,3,95,103,57,23,100,36.4
30058229,3,headache,3,90,91,54,18,97,36.4
30058230,3,laceration,3,78,91,80,17,96,37.5
30058231,4,knee pain,5,96,111,61,17,90,37.1
30058232,1,anxiety,9,92,135,76,21,96,37.2
30058233,2,back pain,9,72,93,69,16,97,36.0
30058234,4,knee pain,2,102,88,87,20,94,36.3
30058235,3,anxiety,2,102,112,66,23,99,36.7
30058236,3,fall,7,52,151,85,12,92,37.1
30058237,2,chest pain,10,64,148,95,16,99,37.5
30058238,3,headache,3,89,158,75,14,93,37.9
30058239,3,laceration,4,74,123,62,19,100,36.0
30058240,2,laceration,9,56,140,84,19,94,35.1
30058241,2,fall,7,102,127,89,18,100,36.1
30058242,2,chest pain,9,106,147,85,20,99,36.8
30058243,3,knee pain,5,74,126,72,15,91,36.7
30058244,3,headache,6,89,144,42,23,97,37.8
30058245,4,laceration,4,95,183,82,16,93,36.7
30058246,4,fever,4,83,110,54,10,100,37.9
30058247,3,laceration,1,109,107,74,16,100,36.9
30058248,3,anxiety,0,77,128,90,13,98,35.9
30058249,3,chest pain,1,88,106,68,17,99,36.3
30058250,4,shortness of breath,5,104,93,116,23,96,36.4
30058251,4,headache,2,92,115,82,14,97,36.1
30058252,3,laceration,6,111,114,69,21,97,36.0
30058253,3,shortness of breath,1,91,93,96,22,98,37.0
30058254,3,fever,5,90,152,86,20,93,37.7
30058255,2,abdominal pain,6,63,140,75,30,97,37.7
30058256,3,fever,7,84,99,63,15,96,37.0
30058257,3,fever,6,62,125,87,15,96,37.4
30058258,3,anxiety,0,79,117,108,11,93,36.9
30058259,3,chest pain,4,60,124,70,17,96,35.9
30058260,4,fever,7,73,84,83,16,100,36.7
30058261,2,back pain,7,83,134,95,16,98,37.7
30058262,3,fall,7,90,103,49,13,96,37.3
30058263,5,headache,4,109,120,82,16,94,37.6
30058264,2,knee pain,9,85,103,76,17,94,37.4
30058265,4,back pain,7,69,81,84,20,94,36.7
30058266,3,knee pain,5,97,130,64,16,97,37.3
30058267,4,knee pain,0,76,127,45,12,98,37.0
30058268,3,fever,5,89,127,70,21,97,37.9
30058269,4,fever,2,62,111,71,14,99,37.4
30058270,3,chest pain,6,95,130,77,17,93,37.0
30058271,3,anxiety,5,91,138,59,18,95,37.8
30058272,3,headache,0,79,168,85,11,98,35.9
30058273,4,fever,3,95,120,66,12,92,36.7
30058274,3,abdominal pain,2,70,150,92,19,95,37.2
30058275,1,fever,6,69,128,75,22,93,36.8
30058276,3,back pain,3,101,138,92,13,100,36.6
30058277,3,headache,4,85,99,84,14,97,36.9
30058278,3,shortness of breath,0,78,100,55,22,98,37.4
30058279,3,fever,7,64,140,98,16,93,36.2
30058280,3,knee pain,2,107,110,69,18,99,36.8
30058281,2,anxiety,10,88,147,56,18,100,35.3
30058282,3,knee pain,6,108,107,82,13,99,37.7
30058283,3,shortness of breath,1,72,130,70,13,100,37.2
30058284,1,fall,10,86,132,76,18,100,37.4
30058285,3,laceration,3,89,115,89,16,99,37.1
30058286,5,headache,7,74,121,76,21,95,37.3
30058287,3,knee pain,5,67,167,102,13,98,36.2
30058288,3,chest pain,0,113,119,72,17,95,37.1
30058289,3,anxiety,5,71,126,59,16,100,35.4
30058290,2,fever,8,93,117,69,13,100,36.8
30058291,3,back pain,5,90,145,89,21,97,36.2
30058292,2,chest pain,8,72,137,79,20,90,36.3
30058293,3,back pain,2,109,153,67,15,100,37.6
30058294,2,fall,10,76,152,57,20,99,36.6
30058295,3,fall,6,106,105,88,17,91,36.1
30058296,2,knee pain,10,69,138,72,11,100,38.3
30058297,3,abdominal pain,3,59,189,55,17,92,36.3
30058298,3,anxiety,1,98,133,64,22,91,35.4
30058299,4,laceration,2,86,130,84,16,100,37.3
30058300,3,shortness of breath,0,83,103,90,15,99,37.3
30058301,2,laceration,10,81,124,56,21,93,37.7
30058302,4,fever,3,83,109,91,17,95,37.6
30058303,4,fever,2,82,141,81,23,97,37.7
30058304,2,shortness of breath,9,92,97,71,16,100,36.6
30058305,4,knee pain,3,102,89,85,21,100,37.2
30058306,4,anxiety,1,105,100,66,16,94,37.7
30058307,2,fall,9,92,107,98,18,95,36.5
30058308,3,fever,7,76,143,75,19,96,36.5
30058309,2,fall,9,81,135,101,20,95,38.5
30058310,3,chest pain,2,98,119,96,19,97,35.1
30058311,3,fall,7,69,104,66,22,100,36.8
30058312,3,anxiety,5,77,109,77,20,97,36.1
30058313,4,shortness of breath,1,74,127,84,14,99,36.7
30058314,4,laceration,4,92,123,73,19,94,37.6
30058315,5,knee pain,4,76,105,18,21,95,37.5
30058316,4,fall,7,101,122,73,18,99,36.9
30058317,4,chest pain,3,82,140,53,20,96,37.4
30058318,2,abdominal pain,6,77,126,92,13,100,38.2
30058319,3,fall,1,72,91,105,22,96,36.4
30058320,3,laceration,0,79,115,48,14,100,37.3
30058321,3,shortness of breath,2,68,116,93,16,94,36.0
30058322,2,fall,6,109,145,80,20,96,37.1
30058323,3,abdominal pain,1,124,93,61,20,96,37.1
30058324,3,fall,2,68,129,83,19,98,36.0
30058325,3,fall,1,59,128,83,23,100,36.8
30058326,1,fall,7,84,114,104,24,95,37.0
30058327,2,anxiety,6,82,114,73,22,99,38.6
30058328,3,chest pain,0,75,161,84,18,96,37.0
30058329,3,knee pain,2,91,139,88,22,98,38.5
30058330,3,anxiety,5,118,107,44,21,99,38.1
30058331,3,fall,1,88,122,87,9,94,37.4
30058332,3,knee pain,7,79,125,85,15,96,36.3
30058333,3,abdominal pain,0,96,151,110,27,99,37.2
30058334,3,fall,2,77,115,91,10,98,37.5
30058335,2,chest pain,7,80,155,89,16,97,36.0
30058336,3,chest pain,3,56,126,79,18,99,36.6
30058337,4,fever,3,88,128,84,19,97,34.7
30058338,2,chest pain,7,56,124,80,13,98,38.5
30058339,2,knee pain,7,85,137,94,22,95,35.6
30058340,2,fall,7,69,162,81,20,98,38.1
30058341,3,back pain,2,115,99,76,14,95,38.3
30058342,3,anxiety,1,90,72,94,11,98,38.5
30058343,3,back pain,2,84,97,76,14,97,37.2
30058344,3,shortness of breath,3,91,105,80,12,100,37.8
30058345,2,abdominal pain,7,92,139,77,14,100,38.4
30058346,2,fever,6,93,110,71,16,92,37.4
30058347,3,shortness of breath,4,105,107,64,18,97,36.4
30058348,4,laceration,1,114,114,72,23,100,37.6
30058349,3,fall,4,76,129,59,12,98,37.1
30058350,2,back pain,8,87,126,104,17,95,39.2
30058351,3,chest pain,7,80,110,85,20,97,37.3
30058352,5,fall,0,81,113,79,18,96,36.5
30058353,2,fall,8,47,131,78,9,99,35.8
30058354,3,chest pain,1,83,113,63,25,96,37.4
30058355,2,headache,9,76,126,75,23,91,36.7
30058356,1,anxiety,6,93,128,89,25,100,37.1
30058357,3,chest pain,4,60,131,91,18,93,38.7
30058358,3,headache,1,68,133,82,23,100,37.1
30058359,3,chest pain,6,101,125,84,23,100,36.7
30058360,3,laceration,5,99,89,79,20,93,37.8
30058361,3,anxiety,6,80,123,54,11,94,36.9
30058362,3,back pain,7,70,136,103,26,99,38.3
30058363,3,abdominal pain,2,73,112,72,15,100,37.6
30058364,3,fall,3,80,80,80,22,98,36.4
30058365,3,knee pain,7,82,121,93,21,96,36.7
30058366,3,headache,7,60,114,83,17,92,37.3
30058367,3,shortness of breath,1,90,146,74,13,97,37.2
30058368,4,chest pain,5,70,139,35,25,95,37.4
30058369,3,knee pain,0,86,149,84,23,95,36.1
30058370,2,headache,7,73,123,90,22,98,37.4
30058371,3,chest pain,7,97,117,72,14,91,37.4
30058372,3,knee pain,2,112,175,95,18,93,37.3
30058373,3,shortness of breath,4,86,133,61,19,100,36.3
30058374,3,back pain,2,97,138,87,21,100,38.3
30058375,4,laceration,0,73,144,84,20,98,36.6
30058376,3,chest pain,1,85,104,74,14,99,38.9
30058377,3,headache,0,101,127,76,21,96,36.5
30058378,3,chest pain,7,83,138,94,15,99,35.9
30058379,3,headache,0,92,108,74,22,100,36.7
30058380,3,headache,0,94,99,53,17,92,37.9
30058381,3,back pain,0,59,89,79,18,96,36.1
30058382,3,abdominal pain,4,85,112,86,14,93,37.8
30058383,2,back pain,9,88,106,86,19,100,36.3
30058384,2,knee pain,9,59,169,79,15,97,36.2
30058385,3,fever,0,60,117,73,17,97,36.4
30058386,2,fall,7,78,108,68,21,95,38.8
30058387,4,back pain,6,91,147,86,16,93,37.3
30058388,3,knee pain,7,98,126,64,17,100,36.1
30058389,1,knee pain,6,61,134,72,22,100,37.0
30058390,3,fall,4,72,124,113,27,97,36.9
30058391,3,laceration,0,58,146,83,22,96,37.1
30058392,3,fall,7,70,153,93,19,100,36.2
30058393,3,headache,2,76,121,100,22,97,36.3
30058394,4,anxiety,3,116,131,77,18,100,36.4
30058395,3,fall,2,93,133,85,10,97,36.2
30058396,2,shortness of breath,7,76,146,89,18,95,36.7
30058397,4,fall,2,89,124,70,17,100,36.1
30058398,2,knee pain,9,114,144,56,18,96,36.8
30058399,2,headache,10,54,121,78,21,88,35.6
30058400,3,back pain,6,118,132,104,22,100,38.0
30058401,2,abdominal pain,10,84,111,67,15,99,36.6
30058402,4,anxiety,6,121,102,102,12,96,35.3
30058403,3,knee pain,3,83,142,90,21,97,36.6
30058404,2,back pain,10,79,116,90,12,95,38.5
30058405,2,shortness of breath,10,82,127,85,17,97,36.8
30058406,1,laceration,7,97,110,78,22,95,35.9
30058407,3,headache,6,88,110,81,22,96,35.6
30058408,3,headache,7,86,125,94,21,97,36.9
30058409,4,anxiety,5,84,152,90,22,100,37.4
30058410,5,shortness of breath,1,81,124,97,25,92,36.9
30058411,2,chest pain,6,78,90,95,23,100,37.3
30058412,3,laceration,5,114,138,100,12,97,37.7
30058413,3,chest pain,0,72,134,62,16,98,37.0
30058414,2,headache,6,79,109,61,21,97,38.9
30058415,4,fall,2,71,123,80,15,97,36.1
30058416,5,laceration,5,81,125,75,18,100,36.9
30058417,3,fall,0,111,124,92,19,93,36.0
30058418,2,laceration,6,68,102,86,20,98,35.6
30058419,3,back pain,5,80,128,80,20,99,35.6
30058420,5,back pain,4,79,105,98,28,95,37.0
30058421,3,headache,2,78,127,72,17,96,38.2
30058422,3,fever,6,116,165,78,20,98,35.9
30058423,4,shortness of breath,5,87,133,79,21,93,37.3
30058424,3,anxiety,2,78,128,92,18,100,35.7
30058425,2,laceration,9,85,111,47,14,96,37.3
30058426,5,back pain,5,52,118,87,15,96,36.7
30058427,3,laceration,5,86,116,83,24,96,37.7
30058428,3,fall,4,107,162,69,21,99,36.6
30058429,3,shortness of breath,5,68,111,93,16,98,36.7
30058430,4,knee pain,6,81,130,66,21,98,36.3
30058431,3,fever,5,57,143,96,17,96,37.6
30058432,3,anxiety,7,87,123,70,14,98,36.7
30058433,3,knee pain,2,95,100,54,19,95,36.9
30058434,2,knee pain,10,80,146,88,24,91,35.8
30058435,3,fever,5,90,124,80,11,99,35.1
30058436,4,headache,0,85,122,84,17,100,38.3
30058437,2,fever,8,90,157,90,12,98,36.6
30058438,2,laceration,8,116,103,80,16,96,38.0
30058439,2,knee pain,8,80,127,94,11,100,36.6
30058440,3,fever,5,82,163,81,14,97,36.4
30058441,4,fall,7,102,115,98,14,95,36.4
30058442,2,abdominal pain,10,68,146,96,20,95,36.0
30058443,2,chest pain,9,60,139,94,18,99,36.9
30058444,2,anxiety,6,76,128,65,17,100,36.6
30058445,5,back pain,7,60,103,71,23,100,36.2
30058446,3,headache,0,87,125,75,23,98,36.7
30058447,3,back pain,5,88,124,60,16,100,36.9
30058448,3,laceration,6,84,117,77,17,100,36.2
30058449,5,headache,7,109,115,101,19,97,36.4
30058450,3,abdominal pain,2,76,94,61,19,99,37.0
30058451,2,laceration,8,90,93,62,20,100,37.0
30058452,3,back pain,0,90,124,73,17,97,36.8
30058453,3,shortness of breath,2,73,129,96,13,97,37.7
30058454,2,laceration,8,94,149,85,9,98,38.0
30058455,3,shortness of breath,2,93,146,88,18,98,37.1
30058456,3,abdominal pain,6,96,130,54,14,96,35.5
30058457,2,fever,9,110,88,71,16,97,38.1
30058458,3,anxiety,3,86,129,94,17,100,37.7
30058459,2,abdominal pain,9,113,108,76,18,99,36.1
30058460,4,fall,1,88,113,72,15,95,36.7
30058461,4,anxiety,1,100,147,70,20,95,38.0
30058462,3,chest pain,6,89,109,94,25,96,36.4
30058463,1,fever,8,105,162,79,16,100,38.4
30058464,3,fever,2,85,153,97,17,95,36.9
30058465,4,fever,2,81,114,105,19,95,37.6
30058466,3,shortness of breath,3,115,129,88,18,100,36.4
30058467,2,shortness of breath,8,97,118,82,24,100,37.2
30058468,2,chest pain,7,88,99,88,13,94,37.3
30058469,4,laceration,7,80,142,88,16,96,37.1
30058470,3,back pain,2,88,133,79,13,98,36.7
30058471,2,anxiety,9,78,146,68,19,97,37.1
30058472,5,knee pain,5,70,149,54,18,95,38.3
30058473,3,knee pain,1,94,127,101,14,95,36.2
30058474,3,fever,7,69,123,69,18,91,37.8
30058475,3,shortness of breath,0,102,122,94,11,96,37.3
30058476,3,fever,1,78,109,77,18,94,36.5
30058477,3,abdominal pain,7,68,152,83,23,93,39.0
30058478,3,headache,4,76,152,98,15,98,38.2
30058479,3,fall,4,78,125,89,16,99,36.6
30058480,1,knee pain,10,97,132,45,24,95,37.5
30058481,2,abdominal pain,7,99,115,83,23,97,35.1
30058482,3,back pain,6,73,117,93,19,97,37.3
30058483,3,shortness of breath,0,82,140,57,20,96,38.4
30058484,3,anxiety,2,86,131,72,23,90,37.3
30058485,2,shortness of breath,9,81,101,80,21,100,36.5
30058486,4,shortness of breath,2,79,111,51,15,100,36.3
30058487,3,chest pain,0,98,121,85,22,98,37.2
30058488,3,chest pain,0,66,127,60,16,96,36.9
30058489,3,knee pain,3,74,171,79,15,100,36.7
30058490,4,laceration,1,91,137,94,11,98,37.1
30058491,5,fall,2,82,125,53,17,97,39.1
30058492,2,headache,10,109,127,60,26,97,37.6
30058493,2,knee pain,7,105,165,67,19,98,37.3
30058494,3,shortness of breath,1,95,123,74,20,100,37.0
30058495,2,abdominal pain,6,84,130,71,10,100,37.6
30058496,4,shortness of breath,1,107,129,77,16,93,36.6
30058497,3,headache,7,92,109,82,13,95,37.0
30058498,3,anxiety,4,83,107,68,13,93,38.7
30058499,4,fall,6,89,146,82,11,95,36.1
30058500,4,chest pain,0,83,108,97,17,100,37.1
30058501,2,anxiety,9,80,134,80,22,98,35.8
30058502,4,headache,1,85,172,98,20,100,36.8
30058503,4,anxiety,3,83,135,75,17,94,37.3
30058504,3,shortness of breath,1,91,93,89,25,93,36.1
30058505,3,laceration,2,53,105,87,20,97,37.2
30058506,3,abdominal pain,3,89,102,86,23,90,37.2
30058507,3,abdominal pain,7,85,146,85,18,98,36.2
30058508,2,headache,10,83,96,86,18,95,38.2
30058509,2,knee pain,6,82,143,66,17,98,37.2
30058510,3,laceration,1,96,126,78,17,100,36.9
30058511,5,anxiety,6,71,132,96,21,96,37.4
30058512,2,fever,8,103,138,108,15,100,35.1
30058513,3,anxiety,1,89,85,89,17,97,37.1
30058514,3,knee pain,5,105,133,82,14,97,36.4
30058515,5,back pain,0,74,119,69,17,92,37.2
30058516,3,shortness of breath,3,87,97,80,19,94,35.7
30058517,4,fever,3,103,124,82,15,96,37.5
30058518,3,laceration,6,101,126,45,12,97,38.3
30058519,2,shortness of breath,7,102,141,94,20,95,37.6
30058520,4,chest pain,3,85,147,87,29,95,37.1
30058521,3,knee pain,1,102,118,83,21,99,37.1
30058522,3,back pain,7,114,126,51,21,96,37.3
30058523,4,chest pain,7,97,122,77,19,98,37.4
30058524,3,back pain,4,111,94,76,22,94,36.7
30058525,3,back pain,2,104,77,97,10,98,35.7
30058526,2,fall,10,73,122,93,18,99,37.3
30058527,2,shortness of breath,10,60,121,51,17,98,38.4
30058528,3,fever,0,111,179,51,19,97,38.7
30058529,3,shortness of breath,4,66,137,50,14,98,37.1
30058530,3,laceration,4,95,134,73,14,100,35.8
30058531,2,fall,9,102,133,70,17,99,36.2
30058532,2,chest pain,9,94,146,93,18,100,37.1
30058533,4,laceration,1,127,140,84,18,95,36.2
30058534,3,chest pain,7,89,126,84,22,97,39.2
30058535,3,knee pain,0,68,76,65,21,94,37.4
30058536,3,fall,2,101,150,87,26,100,37.2
30058537,3,laceration,2,85,127,96,22,95,38.0
30058538,2,fall,7,92,113,54,22,96,36.5
30058539,3,fall,2,81,100,63,16,94,36.1
30058540,1,abdominal pain,7,55,122,76,14,93,36.5
30058541,4,back pain,5,67,125,97,15,97,38.0
30058542,2,laceration,7,72,155,85,19,99,38.3
30058543,3,headache,6,96,109,98,17,96,36.9
30058544,4,chest pain,1,70,133,80,22,98,36.6
30058545,3,back pain,2,71,138,66,22,100,37.3
30058546,4,shortness of breath,0,120,126,78,14,97,35.2
30058547,3,anxiety,6,105,134,72,15,99,37.1
30058548,4,fall,7,81,96,65,24,99,36.2
30058549,3,fever,6,100,158,97,24,99,36.3
30058550,3,anxiety,3,72,130,94,19,95,36.6
30058551,3,abdominal pain,5,73,163,89,17,99,37.7
30058552,3,headache,7,97,96,90,15,98,37.5
30058553,3,fall,1,68,118,93,8,98,35.8
30058554,3,fever,1,106,127,66,9,95,37.7
30058555,2,shortness of breath,8,69,141,92,22,97,34.7
30058556,3,back pain,0,97,147,60,24,98,36.7
30058557,4,headache,0,96,110,59,12,95,36.0
30058558,4,chest pain,0,90,127,66,15,100,36.8
30058559,4,fall,4,98,134,95,12,94,36.9
30058560,4,anxiety,1,69,113,72,23,100,36.0
30058561,4,fever,7,102,115,77,14,97,37.3
30058562,3,back pain,3,91,103,73,27,100,37.3
30058563,2,anxiety,8,94,118,82,18,91,36.7
30058564,3,headache,7,70,130,102,15,93,36.8
30058565,3,laceration,3,81,173,73,12,95,36.3
30058566,2,back pain,7,73,119,79,25,100,36.5
30058567,1,knee pain,7,97,137,83,19,98,37.5
30058568,3,fever,6,87,114,74,22,98,36.5
30058569,3,anxiety,4,115,84,86,18,93,36.7
30058570,2,knee pain,10,112,115,90,24,97,37.5
30058571,3,headache,3,78,87,85,21,94,36.9
30058572,4,fever,4,100,80,96,25,99,35.9
30058573,4,fever,7,87,137,96,23,99,36.8
30058574,3,fever,7,93,113,56,19,100,37.9
30058575,2,fever,8,102,131,62,16,100,36.3
30058576,2,headache,9,71,157,72,13,92,37.6
30058577,5,knee pain,4,88,154,59,17,97,37.1
30058578,3,anxiety,3,75,130,62,20,100,37.0
30058579,2,headache,8,110,156,76,17,96,37.4
30058580,3,back pain,5,96,106,62,16,96,36.9
30058581,3,knee pain,2,84,139,67,13,99,37.3
30058582,2,back pain,9,97,133,86,14,98,36.9
30058583,3,anxiety,5,69,145,77,10,100,37.2
30058584,3,knee pain,6,89,132,78,16,97,36.4
30058585,3,back pain,6,65,140,79,21,95,37.5
30058586,3,shortness of breath,4,75,119,87,18,95,36.9
30058587,3,knee pain,4,65,131,58,16,92,37.5
30058588,3,anxiety,4,111,117,33,18,99,36.6
30058589,3,back pain,1,113,103,80,23,95,37.6
30058590,2,fall,10,70,143,83,17,95,38.0
30058591,3,chest pain,3,69,148,53,20,96,36.7
30058592,3,chest pain,3,74,130,96,17,100,36.2
30058593,2,headache,8,85,149,81,18,94,36.8
30058594,3,laceration,6,82,80,87,13,100,36.5
30058595,2,headache,9,90,125,70,18,100,35.0
30058596,3,knee pain,2,82,105,109,18,95,37.2
30058597,3,chest pain,2,76,130,53,20,95,37.3
30058598,3,back pain,6,80,138,77,20,99,36.2
30058599,3,shortness of breath,5,65,127,79,23,90,36.7
30058600,3,chest pain,2,118,136,77,21,95,37.4
30058601,3,laceration,4,81,91,72,16,100,36.8
30058602,5,abdominal pain,3,79,130,88,19,94,38.6
30058603,3,laceration,1,76,131,66,15,100,36.1
30058604,3,fall,1,64,149,77,22,99,37.0
30058605,3,chest pain,2,59,109,63,14,100,37.9
30058606,2,fall,7,92,147,84,21,95,35.6
30058607,3,fever,7,87,150,101,18,100,37.7
30058608,1,shortness of breath,9,73,115,81,15,98,37.1
30058609,3,back pain,7,58,138,107,18,95,37.7
30058610,2,fever,9,85,138,96,11,95,36.5
30058611,3,chest pain,5,102,126,88,18,96,37.5
30058612,3,shortness of breath,6,79,143,65,18,98,37.7
30058613,4,shortness of breath,4,100,151,76,17,98,36.5
30058614,3,laceration,1,87,124,99,19,99,37.6
30058615,3,laceration,6,82,70,100,9,97,37.2
30058616,3,fall,1,70,105,86,23,94,36.7
30058617,3,laceration,4,83,111,85,19,100,36.8
30058618,2,headache,9,85,130,85,10,95,36.7
30058619,3,laceration,4,79,107,66,22,98,37.6
30058620,2,fall,7,86,141,83,15,97,37.6
30058621,5,laceration,4,88,132,66,18,92,36.9
30058622,3,back pain,2,64,124,88,18,98,36.6
30058623,3,chest pain,6,72,97,94,13,100,37.2
30058624,3,shortness of breath,6,83,113,89,21,100,37.2
30058625,3,laceration,6,88,123,85,22,92,35.5
30058626,2,abdominal pain,8,84,136,87,13,100,36.7
30058627,5,laceration,6,65,121,86,15,96,35.0
30058628,3,chest pain,5,95,114,89,17,100,37.1
30058629,3,knee pain,5,83,114,68,20,100,37.1
30058630,3,shortness of breath,7,86,139,101,20,100,37.3
30058631,3,fever,4,85,137,68,19,100,36.4
30058632,3,laceration,2,88,112,68,20,94,37.2
30058633,3,abdominal pain,0,97,166,83,25,100,38.2
30058634,5,knee pain,0,59,124,76,16,97,35.8
30058635,3,knee pain,3,85,93,76,20,98,37.5
30058636,3,headache,0,75,179,68,22,97,37.3
30058637,2,headache,8,85,142,66,15,99,36.1
30058638,4,back pain,2,95,123,91,14,94,37.1
30058639,4,abdominal pain,6,106,119,81,16,100,36.8
30058640,3,fever,5,123,121,94,15,96,36.7
30058641,2,fall,7,87,98,93,10,98,37.8
30058642,3,fever,6,87,151,75,17,99,36.3
30058643,3,headache,7,77,122,42,18,99,36.1
30058644,3,anxiety,6,65,128,100,17,100,38.8
30058645,2,fever,10,101,95,86,19,99,37.2
30058646,1,back pain,10,87,122,76,26,95,36.1
30058647,3,back pain,1,77,160,56,17,97,36.3
30058648,2,shortness of breath,8,136,127,74,21,95,36.9
30058649,3,shortness of breath,3,88,115,63,22,93,37.1
30058650,2,knee pain,7,67,130,103,13,94,37.1
30058651,5,abdominal pain,6,71,122,88,20,100,36.3
30058652,4,fever,6,93,139,100,21,96,37.4
30058653,4,chest pain,1,71,135,82,20,95,35.3
30058654,3,fever,0,96,128,97,7,94,37.3
30058655,2,shortness of breath,8,73,123,92,9,100,38.0
30058656,3,fever,3,91,108,88,25,97,35.5
30058657,3,abdominal pain,1,77,101,67,16,99,37.7
30058658,3,fall,5,89,128,80,21,95,36.9
30058659,3,headache,3,71,75,53,24,99,37.1
30058660,3,back pain,2,96,124,89,10,99,38.1
30058661,2,fall,9,89,172,77,16,97,35.5
30058662,3,knee pain,0,76,144,95,20,93,37.7
30058663,3,laceration,1,83,112,83,19,94,38.1
30058664,4,knee pain,1,72,125,59,14,92,37.0
30058665,2,fever,9,77,100,67,22,99,37.9
30058666,3,anxiety,4,77,123,76,17,98,37.8
30058667,2,headache,7,87,157,79,20,100,36.4
30058668,3,knee pain,3,95,121,70,16,99,36.3
30058669,1,laceration,6,93,101,81,20,95,37.6
30058670,3,anxiety,6,112,104,64,15,98,38.1
30058671,3,back pain,0,90,123,82,14,96,37.8
30058672,4,abdominal pain,2,84,138,68,17,100,36.1
30058673,3,fall,2,64,118,59,15,97,36.8
30058674,2,back pain,7,81,76,102,18,100,37.1
30058675,3,fall,5,55,126,88,26,99,38.4
30058676,1,back pain,8,86,120,75,21,98,37.2
30058677,3,anxiety,2,70,131,72,15,98,37.8
30058678,3,back pain,7,85,116,71,17,99,36.5
30058679,4,fall,7,63,108,103,15,97,36.5
30058680,3,fall,0,85,105,69,17,97,36.9
30058681,3,chest pain,0,90,99,65,21,94,36.7
30058682,2,back pain,10,71,171,100,19,98,35.7
30058683,3,fever,5,89,153,84,14,100,36.2
30058684,3,anxiety,4,84,129,97,8,95,36.9
30058685,3,fever,4,88,126,50,17,91,37.1
30058686,3,knee pain,6,92,83,102,15,94,37.1
30058687,3,anxiety,0,75,103,66,19,96,36.7
30058688,3,chest pain,4,105,123,69,18,98,37.0
30058689,3,knee pain,6,64,102,75,19,93,36.7
30058690,3,anxiety,2,74,133,87,26,97,37.5
30058691,4,abdominal pain,4,75,119,76,15,96,36.9
30058692,2,chest pain,10,39,135,67,15,95,36.8
30058693,4,chest pain,6,110,102,81,19,100,36.6
30058694,3,laceration,6,73,95,75,19,97,37.4
30058695,3,laceration,2,75,130,79,17,95,36.4
30058696,2,back pain,8,51,142,77,19,97,35.9
30058697,5,anxiety,3,78,124,85,15,100,36.4
30058698,3,chest pain,1,88,142,73,13,98,36.7
30058699,2,abdominal pain,8,110,119,71,11,98,36.0
30058700,2,chest pain,8,60,102,87,16,93,37.2
30058701,3,headache,0,97,88,70,20,99,36.0
30058702,3,laceration,3,78,96,73,28,100,37.1
30058703,2,anxiety,8,61,110,63,22,100,37.8
30058704,3,headache,3,121,180,86,17,97,37.6
30058705,3,fall,5,97,119,93,18,97,36.5
30058706,3,anxiety,2,111,162,111,17,97,35.9
30058707,4,headache,2,50,128,103,20,98,38.1
30058708,2,knee pain,9,98,109,82,17,93,36.5
30058709,3,back pain,4,56,112,90,14,97,37.2
30058710,2,fall,10,102,141,85,18,94,37.7
30058711,3,shortness of breath,1,60,153,63,21,96,36.1
30058712,5,chest pain,1,82,130,91,20,100,36.8
30058713,2,shortness of breath,8,88,119,74,18,93,37.1
30058714,3,laceration,0,68,147,82,26,99,36.6
30058715,3,headache,2,89,114,86,13,96,37.2
30058716,4,laceration,1,78,105,92,27,96,38.1
30058717,3,chest pain,0,90,129,100,23,96,36.3
30058718,3,abdominal pain,6,75,135,82,12,93,36.2
30058719,3,laceration,0,111,127,72,14,96,36.8
30058720,4,fever,5,63,117,82,20,98,36.6
30058721,1,shortness of breath,8,76,155,90,13,93,37.3
30058722,3,knee pain,1,58,138,80,23,99,36.4
30058723,3,abdominal pain,7,71,127,89,17,97,37.2
30058724,3,fall,2,80,117,71,16,99,37.1
30058725,3,shortness of breath,7,74,137,83,17,97,36.2
30058726,1,headache,6,81,139,82,17,95,36.6
30058727,3,chest pain,6,68,146,84,20,100,37.4
30058728,4,abdominal pain,4,63,110,91,19,98,35.5
30058729,4,fall,0,87,119,80,12,95,36.3
30058730,3,shortness of breath,5,95,151,59,14,95,35.8
30058731,4,abdominal pain,5,106,115,78,20,100,36.2
30058732,2,laceration,7,78,145,81,24,100,37.9
30058733,4,laceration,2,111,134,75,19,100,37.5
30058734,3,anxiety,4,81,88,81,20,96,37.5
30058735,3,laceration,7,65,112,70,24,100,35.7
30058736,4,back pain,1,77,77,63,15,97,36.6
30058737,4,chest pain,2,101,147,74,15,98,36.3
30058738,3,fever,4,70,122,97,19,100,37.6
30058739,3,headache,0,82,137,87,20,99,37.1
30058740,1,headache,8,84,109,96,20,100,37.2
30058741,3,chest pain,5,88,103,64,20,96,35.5
30058742,3,knee pain,2,67,153,81,14,97,36.1
30058743,4,laceration,0,46,118,74,14,98,37.4
30058744,4,headache,5,60,110,82,13,94,37.5
30058745,2,shortness of breath,9,106,110,56,21,100,35.6
30058746,3,abdominal pain,2,75,111,81,27,94,37.4
30058747,3,back pain,6,86,138,95,13,100,37.1
30058748,4,fever,0,95,109,60,18,99,36.3
30058749,3,anxiety,3,84,100,90,17,97,37.0
30058750,3,abdominal pain,3,106,162,52,22,100,36.9
30058751,3,headache,7,73,152,99,17,93,36.8
30058752,2,laceration,6,67,147,69,20,100,37.1
30058753,3,chest pain,2,117,113,64,20,95,35.4
30058754,2,back pain,10,98,96,90,16,96,36.0
30058755,3,fall,7,83,120,98,17,99,36.6
30058756,1,chest pain,10,73,143,88,12,100,36.2
30058757,1,fall,8,78,127,56,14,100,37.8
30058758,4,fall,5,55,125,44,17,100,37.3
30058759,4,anxiety,7,72,111,74,24,96,37.7
30058760,3,chest pain,2,64,146,59,24,100,36.9
30058761,5,back pain,3,96,136,94,14,99,36.7
30058762,3,abdominal pain,1,83,108,99,18,89,38.4
30058763,3,anxiety,7,93,102,77,20,98,36.1
30058764,3,anxiety,4,60,91,94,19,100,37.3
30058765,3,back pain,0,77,122,85,12,98,36.3
30058766,2,abdominal pain,10,103,140,92,15,98,36.7
30058767,3,anxiety,5,91,108,92,22,98,36.0
30058768,2,fever,8,97,160,80,19,100,36.5
30058769,3,fall,0,74,136,80,27,100,36.2
30058770,3,shortness of breath,3,104,112,78,20,95,36.7
30058771,2,chest pain,8,82,107,89,22,100,36.6
30058772,4,laceration,0,87,107,81,14,98,35.8
30058773,1,knee pain,9,116,128,87,14,99,37.5
30058774,4,chest pain,6,113,113,92,18,100,38.4
30058775,3,shortness of breath,4,76,145,60,14,96,37.1
30058776,3,laceration,3,90,127,68,14,99,36.4
30058777,3,fall,2,66,112,45,15,100,37.3
30058778,3,abdominal pain,6,75,104,49,18,96,37.8
30058779,4,chest pain,6,81,127,61,10,94,37.7
30058780,2,laceration,9,54,143,95,20,97,36.7
30058781,3,fall,5,78,159,76,15,97,38.2
30058782,3,fall,3,84,138,90,22,96,35.3
30058783,3,shortness of breath,1,117,121,74,22,97,36.4
30058784,3,back pain,1,72,144,73,19,95,37.3
30058785,3,laceration,2,84,141,84,26,97,37.4
30058786,2,knee pain,10,94,114,88,18,98,37.1
30058787,4,fever,0,78,93,81,13,96,36.0
30058788,3,knee pain,1,95,134,78,22,95,36.9
30058789,3,laceration,4,80,88,109,17,99,39.2
30058790,4,laceration,3,94,115,84,8,95,38.4
30058791,2,back pain,10,72,108,66,20,95,35.7
30058792,2,knee pain,6,74,124,44,19,97,35.8
30058793,3,shortness of breath,7,64,114,78,20,96,37.9
30058794,3,back pain,5,96,99,96,17,93,38.0
30058795,2,anxiety,6,90,146,91,23,93,37.5
30058796,3,laceration,2,72,124,72,24,94,37.9
30058797,4,abdominal pain,4,104,157,89,18,98,37.0
30058798,2,laceration,10,77,161,72,21,100,37.8
30058799,3,laceration,1,66,117,102,21,97,36.3
30058800,3,back pain,4,70,95,88,21,99,35.0
30058801,2,fever,10,82,138,64,23,91,37.0
30058802,3,shortness of breath,0,87,124,94,23,99,36.9
30058803,2,fever,9,50,130,86,14,100,35.9
30058804,3,back pain,3,96,122,58,17,100,36.5
30058805,3,anxiety,1,96,130,68,16,95,35.2
30058806,2,fall,7,68,135,67,17,96,37.7
30058807,3,headache,5,84,151,74,21,93,37.3
30058808,2,chest pain,8,109,124,68,11,94,37.3
30058809,3,shortness of breath,1,87,127,70,13,97,36.5
30058810,3,headache,7,104,143,71,15,99,37.1
30058811,3,knee pain,6,87,126,78,17,96,37.2
30058812,3,abdominal pain,2,87,129,34,25,97,37.6
30058813,5,chest pain,0,95,105,80,17,97,39.7
30058814,3,fever,4,80,93,67,15,100,37.0
30058815,3,anxiety,0,88,141,84,14,90,37.4
30058816,2,back pain,8,96,147,90,18,100,35.8
30058817,3,laceration,1,64,94,93,21,97,37.3
30058818,3,abdominal pain,0,100,119,78,22,100,38.0
30058819,3,chest pain,7,102,129,79,11,98,37.5
30058820,4,chest pain,3,97,120,57,17,100,37.4
30058821,2,back pain,9,64,101,91,19,99,37.2
30058822,4,knee pain,1,83,128,66,19,92,37.4
30058823,2,laceration,8,74,126,97,22,92,37.1
30058824,4,knee pain,0,89,165,113,14,99,38.2
30058825,3,headache,4,77,116,76,22,99,36.5
30058826,3,knee pain,6,67,134,106,15,95,37.7
30058827,3,fall,7,80,153,84,21,93,36.9
30058828,4,fall,5,79,139,83,13,93,36.3
30058829,2,anxiety,8,67,129,103,19,95,36.6
30058830,3,chest pain,4,90,105,74,14,98,36.8
30058831,3,chest pain,4,72,147,68,22,96,37.0
30058832,3,back pain,2,96,139,75,15,99,36.2
30058833,3,chest pain,2,102,121,77,14,100,38.5
30058834,4,knee pain,6,83,132,101,19,95,37.9
30058835,3,anxiety,3,97,116,47,14,99,37.3
30058836,4,shortness of breath,7,80,132,77,18,97,36.7
30058837,2,knee pain,10,85,110,85,21,98,37.7
30058838,4,fall,5,103,129,83,12,99,36.7
30058839,1,shortness of breath,7,86,120,86,16,96,38.4
30058840,3,fall,4,84,110,35,14,94,37.3
30058841,4,fever,3,106,163,81,22,95,37.6
30058842,4,fever,7,93,137,102,18,92,37.7
30058843,3,chest pain,2,85,141,100,12,93,36.3
30058844,3,fall,4,114,105,89,17,96,36.2
30058845,2,laceration,6,85,111,81,20,100,36.2
30058846,4,shortness of breath,1,72,178,65,19,95,37.3
30058847,4,fall,6,72,121,87,15,100,37.0
30058848,3,fall,5,90,98,84,21,99,36.4
30058849,3,fall,0,105,133,72,16,99,37.4
30058850,3,headache,2,58,116,53,27,100,38.3
30058851,3,anxiety,2,82,148,59,23,97,37.6
30058852,3,anxiety,4,84,85,83,13,98,38.2
30058853,3,headache,7,100,126,112,18,95,37.0
30058854,2,anxiety,9,99,151,65,17,100,36.9
30058855,3,abdominal pain,1,86,154,44,15,100,37.2
30058856,4,headache,5,110,95,92,21,97,37.0
30058857,4,back pain,6,126,108,105,22,96,37.9
30058858,3,headache,3,86,107,83,13,93,37.0
30058859,3,anxiety,2,93,120,86,15,99,37.5
30058860,5,abdominal pain,3,66,94,68,10,100,35.8
30058861,3,fever,7,83,122,81,17,98,36.0
30058862,4,headache,7,97,159,86,15,99,37.0
30058863,2,fall,9,87,75,94,17,97,38.1
30058864,4,fever,5,87,99,64,11,95,37.1
30058865,2,knee pain,8,68,132,79,22,95,36.5
30058866,3,laceration,1,87,112,82,17,95,39.2
30058867,3,abdominal pain,7,63,106,87,10,95,37.5
30058868,4,back pain,5,81,122,72,14,99,38.1
30058869,3,back pain,4,96,150,83,14,96,36.7
30058870,3,headache,4,71,117,86,21,99,37.3
30058871,3,headache,5,95,151,94,17,97,37.3
30058872,3,back pain,2,80,115,90,10,100,37.7
30058873,4,headache,7,63,134,71,15,94,37.9
30058874,4,knee pain,3,87,114,78,17,92,37.1
30058875,3,shortness of breath,2,77,128,71,18,100,35.3
30058876,1,fever,6,82,110,75,24,93,35.9
30058877,3,anxiety,4,111,109,76,10,100,38.3
30058878,3,knee pain,3,75,155,54,21,95,36.9
30058879,4,abdominal pain,2,64,136,54,11,100,37.3
30058880,3,chest pain,6,85,151,87,21,95,38.0
30058881,4,fever,4,74,123,83,11,94,36.1
30058882,3,headache,2,62,105,72,21,100,37.3
30058883,4,fall,5,87,126,77,20,99,37.9
30058884,5,chest pain,1,61,110,74,17,98,36.8
30058885,4,laceration,1,95,144,81,20,99,36.5
30058886,3,knee pain,1,94,133,109,13,94,37.4
30058887,4,fever,3,42,107,73,19,92,38.2
30058888,3,back pain,0,96,143,87,18,100,36.9
30058889,3,back pain,3,95,89,80,24,100,37.2
30058890,4,chest pain,1,71,105,85,13,100,37.7
30058891,3,anxiety,6,99,149,84,18,95,37.5
30058892,4,shortness of breath,4,57,103,82,18,96,37.2
30058893,3,abdominal pain,6,71,102,63,18,93,36.6
30058894,3,headache,2,65,119,47,21,95,37.7
30058895,2,knee pain,6,74,126,94,20,98,37.0
30058896,3,shortness of breath,6,90,145,79,23,92,34.6
30058897,4,shortness of breath,1,60,151,85,17,92,37.5
30058898,3,shortness of breath,4,102,110,91,19,98,38.2
30058899,2,headache,7,93,112,106,20,98,38.8
30058900,4,abdominal pain,0,76,116,100,24,94,36.4
30058901,2,knee pain,8,79,113,87,23,97,36.6
30058902,3,back pain,3,75,143,92,21,95,37.7
30058903,3,headache,7,75,109,70,19,100,38.1
30058904,4,back pain,1,103,110,95,18,97,36.4
30058905,3,back pain,7,87,162,65,17,100,38.4
30058906,3,laceration,3,98,134,99,17,95,36.2
30058907,3,headache,5,94,107,90,11,100,38.5
30058908,5,knee pain,6,93,142,76,20,100,36.8
30058909,4,abdominal pain,3,88,156,95,11,100,37.2
30058910,2,chest pain,10,89,89,101,21,100,37.3
30058911,4,headache,5,66,115,70,13,99,36.0
30058912,3,abdominal pain,6,114,128,73,16,96,36.5
30058913,3,back pain,7,99,101,108,27,100,38.1
30058914,3,shortness of breath,5,76,89,71,23,98,36.3
30058915,3,knee pain,2,123,108,117,18,96,36.6
30058916,2,knee pain,9,88,125,75,28,95,37.2
30058917,3,shortness of breath,6,75,121,118,13,97,36.6
30058918,4,laceration,1,92,144,65,21,97,37.7
30058919,2,fall,9,84,106,65,15,100,36.6
30058920,3,anxiety,4,93,145,84,19,100,37.2
30058921,4,fever,3,82,130,59,22,97,37.4
30058922,3,abdominal pain,2,72,157,90,22,98,37.2
30058923,5,abdominal pain,4,103,66,99,21,100,37.5
30058924,3,headache,2,92,104,77,16,100,37.1
30058925,3,laceration,0,72,159,75,22,92,37.8
30058926,4,shortness of breath,5,83,86,84,16,96,37.0
30058927,3,shortness of breath,2,100,104,81,16,91,36.9
30058928,4,knee pain,3,97,126,80,18,97,36.0
30058929,2,knee pain,9,86,134,68,13,96,37.2
30058930,3,shortness of breath,6,85,126,80,22,100,37.5
30058931,3,back pain,6,94,129,86,15,96,35.4
30058932,3,fall,1,93,122,69,17,99,36.9
30058933,2,abdominal pain,6,75,84,72,19,94,37.2
30058934,3,knee pain,0,84,112,97,17,100,36.4
30058935,3,fever,1,90,104,110,17,94,37.7
30058936,3,shortness of breath,0,70,140,66,19,93,37.1
30058937,3,chest pain,7,106,125,83,19,97,36.9
30058938,5,fall,2,81,109,63,17,96,36.6
30058939,3,fever,6,97,85,77,16,98,37.4
30058940,2,laceration,9,85,95,93,12,100,37.3
30058941,3,anxiety,1,92,144,98,17,97,36.8
30058942,3,back pain,5,89,158,76,19,100,36.9
30058943,3,abdominal pain,6,89,126,66,19,93,37.3
30058944,2,shortness of breath,9,92,121,95,25,100,37.3
30058945,3,abdominal pain,7,72,113,92,15,97,37.5
30058946,3,anxiety,4,124,150,65,19,94,37.1
30058947,5,fall,5,99,124,93,21,98,38.1
30058948,1,fever,7,58,126,97,24,96,36.1
30058949,2,fever,7,90,113,107,18,95,36.6
30058950,3,fall,2,68,108,53,15,95,37.4
30058951,2,chest pain,10,90,157,88,16,95,37.3
30058952,3,knee pain,6,78,163,89,14,100,38.2
30058953,4,shortness of breath,7,85,117,110,14,98,37.7
30058954,3,headache,2,79,139,67,17,97,38.3
30058955,3,abdominal pain,1,90,165,88,19,100,37.5
30058956,3,fall,6,87,116,53,20,98,38.0
30058957,3,knee pain,3,115,119,99,19,95,36.5
30058958,3,laceration,4,84,141,43,13,98,36.2
30058959,3,fever,6,81,156,81,21,100,37.6
30058960,3,fall,0,77,156,68,20,100,37.1
30058961,3,abdominal pain,1,103,135,96,12,93,37.3
30058962,4,fall,2,98,142,93,11,97,35.4
30058963,3,chest pain,5,94,129,72,23,99,36.8
30058964,3,anxiety,1,73,94,44,16,95,37.0
30058965,3,shortness of breath,7,72,115,59,25,100,35.7
30058966,3,abdominal pain,4,62,134,69,20,95,37.1
30058967,3,fall,0,73,100,73,17,98,36.9
30058968,3,knee pain,0,77,143,36,18,100,38.2
30058969,4,abdominal pain,2,96,118,85,27,98,36.5
30058970,3,anxiety,4,96,120,106,18,100,38.0
30058971,3,back pain,0,94,104,87,10,98,38.3
30058972,3,anxiety,4,108,116,61,12,100,36.3
30058973,3,chest pain,7,86,129,55,18,97,37.2
30058974,3,anxiety,5,90,126,75,18,100,37.2
30058975,3,knee pain,6,99,139,82,19,98,37.5
30058976,3,shortness of breath,5,105,137,53,16,99,37.6
30058977,5,headache,7,82,129,75,16,95,35.5
30058978,3,laceration,5,112,127,70,17,98,36.7
30058979,3,shortness of breath,0,110,127,100,14,97,37.9
30058980,4,knee pain,1,62,131,60,16,99,36.0
30058981,3,fall,5,116,158,73,19,99,36.4
30058982,2,back pain,9,58,111,74,15,99,36.7
30058983,4,fall,1,72,111,86,14,94,37.7
30058984,4,abdominal pain,2,79,138,81,26,91,37.7
30058985,3,fever,5,93,111,80,17,94,37.4
30058986,1,fever,9,86,131,54,20,96,38.2
30058987,3,abdominal pain,6,75,109,58,22,97,39.0
30058988,4,laceration,2,87,157,87,18,100,37.3
30058989,3,fever,1,68,56,48,19,100,37.2
30058990,4,laceration,1,86,122,60,27,100,36.7
30058991,2,knee pain,7,42,111,94,21,99,37.8
30058992,3,laceration,7,90,124,45,20,100,36.8
30058993,4,fall,3,76,127,86,17,99,36.3
30058994,4,anxiety,2,90,119,120,22,100,36.9
30058995,2,abdominal pain,7,60,150,68,14,98,37.2
30058996,4,abdominal pain,6,83,119,104,20,99,38.6
30058997,3,shortness of breath,4,89,84,96,18,100,37.0
30058998,4,anxiety,0,111,96,95,21,98,37.3
30058999,3,headache,2,70,118,66,28,96,37.4
30059000,3,back pain,6,72,108,89,20,100,36.9
30059001,5,anxiety,2,71,90,95,18,96,36.3
30059002,4,back pain,7,97,125,103,14,96,36.4
30059003,2,shortness of breath,8,58,121,83,6,98,36.3
30059004,3,fall,0,82,148,73,19,94,37.1
30059005,4,fall,6,49,125,76,29,95,36.9
30059006,3,headache,7,78,155,92,23,100,39.0
30059007,3,shortness of breath,4,71,125,73,18,92,35.5
30059008,3,fever,0,71,112,77,8,100,37.4
30059009,2,headache,10,79,118,62,18,93,37.4
30059010,4,anxiety,2,80,143,74,24,95,36.5
30059011,3,abdominal pain,1,67,104,81,13,97,36.1
30059012,3,fever,0,114,96,94,21,99,37.1
30059013,3,fever,1,65,97,85,16,99,39.0
30059014,3,shortness of breath,2,94,119,74,18,96,37.3
30059015,3,fall,5,77,121,74,17,92,37.5
30059016,4,abdominal pain,7,119,127,68,23,97,35.9
30059017,3,fall,4,86,159,95,14,98,37.1
30059018,4,knee pain,4,84,134,95,16,95,37.9
30059019,4,anxiety,1,97,129,98,21,98,37.3
30059020,3,laceration,5,96,110,88,16,95,36.6
30059021,2,headache,7,108,139,90,17,100,35.9
30059022,5,fever,6,82,119,72,18,97,37.5
30059023,2,fall,8,68,126,84,16,98,36.5
30059024,2,knee pain,6,85,99,89,19,100,37.9
30059025,2,chest pain,9,119,96,98,17,99,36.1
30059026,3,knee pain,0,102,112,77,21,100,36.4
30059027,4,headache,3,77,108,80,22,95,37.2
30059028,2,fever,10,72,90,83,26,96,36.0
30059029,4,anxiety,0,85,161,75,14,100,35.8
30059030,3,knee pain,5,91,131,63,21,100,37.0
30059031,4,anxiety,0,86,118,83,18,94,36.7
30059032,3,back pain,0,76,126,81,15,96,37.2
30059033,3,shortness of breath,1,83,134,68,11,100,37.9
30059034,2,abdominal pain,10,72,130,51,13,95,36.9
30059035,3,abdominal pain,2,79,78,96,22,100,36.4
30059036,1,back pain,6,58,108,104,13,94,37.7
30059037,2,abdominal pain,9,92,102,95,16,92,37.8
30059038,3,laceration,3,83,93,66,20,95,36.6
30059039,5,chest pain,4,106,132,99,21,89,37.6
30059040,4,abdominal pain,2,77,137,93,15,96,36.0
30059041,3,fall,7,100,115,84,18,98,38.1
30059042,4,anxiety,3,92,103,72,15,97,38.0
30059043,4,anxiety,5,94,123,90,17,98,38.0
30059044,4,anxiety,6,58,130,55,17,92,37.0
30059045,2,laceration,9,77,145,76,17,96,35.8
30059046,3,fever,2,77,145,93,14,97,37.4
30059047,3,laceration,7,59,120,76,21,98,36.6
30059048,3,laceration,3,98,130,104,17,92,36.7
30059049,1,fall,6,68,106,71,19,97,38.4
30059050,4,knee pain,2,76,115,87,17,96,37.9
30059051,3,knee pain,5,122,86,62,18,93,36.5
30059052,5,chest pain,5,91,146,92,23,90,37.1
30059053,2,anxiety,9,73,142,88,23,99,37.2
30059054,3,headache,0,102,97,69,18,99,35.9
30059055,4,fall,1,101,139,91,29,99,37.6
30059056,4,laceration,3,105,154,102,17,92,36.4
30059057,4,shortness of breath,6,78,106,46,9,97,36.9
30059058,3,knee pain,1,76,122,88,20,95,37.4
30059059,2,fever,7,77,110,93,24,96,37.1
30059060,3,headache,7,108,112,55,9,97,37.4
30059061,4,shortness of breath,2,103,130,74,19,100,37.7
30059062,1,fall,9,62,158,81,13,96,35.8
30059063,4,knee pain,7,81,122,82,18,96,37.4
30059064,3,laceration,6,104,125,80,18,99,35.3
30059065,2,fall,9,114,145,75,20,98,37.9
30059066,2,laceration,7,74,105,71,20,100,36.6
30059067,4,knee pain,3,83,82,80,15,100,37.9
30059068,3,back pain,4,68,111,72,22,100,37.4
30059069,3,shortness of breath,3,82,164,77,13,94,37.0
30059070,5,back pain,0,88,148,89,14,93,38.2
30059071,5,abdominal pain,5,83,80,78,16,93,36.2
30059072,2,back pain,9,88,152,77,14,98,36.8
30059073,2,abdominal pain,9,84,147,66,14,94,37.3
30059074,2,fall,6,89,140,92,26,95,35.7
30059075,4,laceration,0,78,138,71,17,97,37.3
30059076,3,back pain,6,78,148,71,17,94,37.3
30059077,3,chest pain,6,101,129,84,13,97,36.5
30059078,3,laceration,5,58,135,78,14,95,36.8
30059079,3,back pain,3,113,123,98,20,100,36.9
30059080,3,chest pain,6,85,142,88,19,94,36.0
30059081,2,fever,6,87,146,74,21,95,36.8
30059082,3,back pain,1,84,127,98,14,100,36.2
30059083,3,shortness of breath,1,91,112,74,19,100,37.0
30059084,4,shortness of breath,2,92,123,71,20,97,36.5
30059085,5,fever,4,96,129,54,23,95,36.6
30059086,3,shortness of breath,6,75,140,78,25,98,36.8
30059087,3,shortness of breath,7,94,126,82,20,94,38.4
30059088,3,anxiety,6,71,126,76,17,95,38.0
30059089,3,fall,5,102,125,106,18,93,36.9
30059090,1,anxiety,6,59,102,90,14,100,36.7
30059091,3,knee pain,6,93,147,76,8,96,36.0
30059092,2,fever,9,93,126,100,18,100,37.4
30059093,3,abdominal pain,5,76,119,113,18,97,35.3
30059094,3,headache,1,79,105,85,14,96,38.0
30059095,3,chest pain,3,88,147,90,15,97,36.7
30059096,3,back pain,4,119,117,91,16,99,37.6
30059097,4,fall,5,81,125,61,15,95,37.9
30059098,3,fall,2,94,125,83,22,98,38.0
30059099,2,chest pain,7,54,81,85,20,96,38.0
30059100,4,back pain,6,104,125,89,15,93,36.2
30059101,3,fall,2,93,116,88,18,100,37.6
30059102,3,fall,4,96,95,89,22,100,37.6
30059103,3,fall,5,85,158,80,18,93,36.6
30059104,2,knee pain,10,79,144,90,22,100,36.1
30059105,3,headache,6,73,110,82,18,96,36.1
30059106,3,headache,3,61,116,55,15,97,37.1
30059107,2,anxiety,7,92,161,67,13,100,38.1
30059108,4,shortness of breath,3,70,110,92,20,95,38.2
30059109,2,knee pain,9,77,145,91,15,95,37.3
30059110,3,laceration,6,89,146,83,16,90,36.2
30059111,3,fever,0,85,101,87,17,100,36.3
30059112,4,fever,4,107,104,79,20,100,36.0
30059113,2,knee pain,6,104,144,73,15,97,36.5
30059114,3,chest pain,3,105,127,96,17,91,35.2
30059115,4,fall,3,94,114,66,15,97,36.7
30059116,2,abdominal pain,9,69,113,45,27,94,37.4
30059117,3,chest pain,0,73,89,72,14,93,36.6
30059118,3,chest pain,2,108,115,85,13,100,36.2
30059119,3,fever,4,76,102,106,13,100,37.0
30059120,3,laceration,4,98,111,66,16,100,36.2
30059121,3,fall,2,103,128,80,15,93,38.3
30059122,3,abdominal pain,2,98,145,59,27,97,38.0
30059123,2,shortness of breath,7,94,146,86,24,99,37.8
30059124,3,anxiety,7,98,113,79,15,96,36.1
30059125,3,laceration,4,90,130,94,19,98,37.7
30059126,1,headache,6,98,99,77,17,97,37.5
30059127,3,laceration,6,90,100,44,23,100,37.0
30059128,3,fall,4,100,118,85,23,97,36.9
30059129,3,laceration,1,104,92,93,19,100,36.3
30059130,2,fever,6,105,136,85,21,98,37.1
30059131,3,back pain,5,72,126,84,11,97,37.4
30059132,3,abdominal pain,4,74,107,94,26,97,37.1
30059133,4,fever,4,91,136,89,11,96,36.1
30059134,2,knee pain,8,105,117,88,16,100,36.9
30059135,3,abdominal pain,3,93,161,75,19,98,37.4
30059136,3,fall,2,94,109,66,18,90,37.2
30059137,3,fever,6,76,109,84,16,100,37.4
30059138,2,fever,9,104,147,103,26,97,37.8
30059139,2,headache,7,85,140,86,18,93,36.5
30059140,3,anxiety,1,69,142,99,12,97,38.2
30059141,5,chest pain,5,87,98,43,13,92,35.5
30059142,4,abdominal pain,1,99,153,92,12,93,36.4
30059143,2,laceration,9,72,161,77,13,96,37.1
30059144,3,fever,5,89,132,93,16,89,37.1
30059145,4,headache,6,92,141,63,22,92,39.2
30059146,3,laceration,4,95,118,64,13,94,37.4
30059147,1,headache,9,96,100,72,22,100,38.5
30059148,4,anxiety,1,100,121,93,22,100,36.8
30059149,2,chest pain,8,112,173,80,16,100,37.9
30059150,3,shortness of breath,0,76,149,97,20,96,38.3
30059151,4,shortness of breath,1,84,116,78,22,100,37.2
30059152,2,shortness of breath,9,91,103,73,24,96,37.5
30059153,3,fall,5,64,113,115,20,95,37.5
30059154,3,headache,0,78,113,61,22,99,37.0
30059155,4,headache,3,79,114,94,14,96,37.0
30059156,4,shortness of breath,7,86,163,80,14,96,36.3
30059157,2,headache,9,121,154,109,16,100,38.9
30059158,3,anxiety,6,116,142,99,10,95,37.0
30059159,3,abdominal pain,1,63,143,85,13,96,37.1
30059160,5,anxiety,2,83,112,99,20,100,36.8
30059161,2,knee pain,7,87,99,61,18,100,37.8
30059162,3,shortness of breath,5,76,128,91,17,92,37.3
30059163,5,chest pain,5,82,133,75,12,95,37.0
30059164,3,abdominal pain,1,103,110,105,17,95,36.3
30059165,1,back pain,9,96,116,68,21,94,36.6
30059166,3,knee pain,7,79,139,88,12,99,37.5
30059167,3,knee pain,5,83,107,92,19,97,35.3
30059168,3,laceration,0,91,141,74,25,95,36.8
30059169,3,headache,4,110,122,76,16,94,38.5
30059170,3,fall,4,97,123,75,21,100,36.9
30059171,3,anxiety,1,57,133,80,16,96,37.1
30059172,2,back pain,9,56,136,83,24,98,36.8
30059173,5,knee pain,7,52,102,84,21,99,37.0
30059174,3,fall,4,65,110,80,10,98,36.8
30059175,2,back pain,7,96,107,90,19,96,37.4
30059176,5,fever,1,77,117,80,12,96,37.4
30059177,3,fall,0,111,154,74,19,96,36.2
30059178,1,headache,6,91,133,73,20,99,38.4
30059179,1,fever,7,79,123,71,9,98,35.9
30059180,3,headache,1,100,145,85,17,96,38.0
30059181,3,abdominal pain,5,81,147,91,19,100,36.9
30059182,1,abdominal pain,8,77,107,94,14,93,37.1
30059183,3,shortness of breath,5,68,133,61,23,95,37.9
30059184,4,fever,5,87,142,87,16,100,37.6
30059185,3,headache,6,83,151,93,15,94,36.3
30059186,3,laceration,5,72,127,88,17,98,37.6
30059187,3,laceration,4,105,118,76,17,94,37.5
30059188,3,laceration,0,83,152,79,14,97,36.7
30059189,3,laceration,2,73,130,82,7,94,39.1
30059190,1,anxiety,6,80,128,93,17,95,38.0
30059191,3,abdominal pain,1,92,149,62,18,100,36.9
30059192,3,knee pain,2,84,117,103,9,97,36.7
30059193,3,fall,3,66,130,94,21,100,37.4
30059194,3,shortness of breath,1,116,127,95,15,93,35.4
30059195,4,headache,5,62,152,84,12,99,37.4
30059196,4,abdominal pain,1,95,95,82,12,96,36.9
30059197,2,laceration,6,80,121,86,15,93,36.9
30059198,4,shortness of breath,4,58,135,77,21,99,37.6
30059199,3,back pain,3,81,123,92,18,94,37.3
30059200,3,abdominal pain,6,110,130,81,21,95,36.2
30059201,3,headache,2,71,141,53,26,95,38.2
30059202,4,headache,6,87,120,82,14,97,38.0
30059203,1,back pain,9,91,141,52,15,100,37.0
30059204,4,back pain,4,90,133,80,16,93,36.7
30059205,3,shortness of breath,5,82,132,77,22,97,36.8
30059206,4,anxiety,1,84,137,69,14,98,35.4
30059207,4,headache,3,71,140,58,18,93,36.8
30059208,3,laceration,2,99,147,61,17,98,36.6
30059209,3,back pain,2,60,144,61,14,97,37.9
30059210,3,knee pain,1,110,150,98,8,100,37.5
30059211,2,fever,10,96,123,81,12,97,37.7
30059212,3,shortness of breath,6,56,114,86,13,100,37.1
30059213,2,headache,8,52,143,95,21,100,36.6
30059214,3,chest pain,0,87,142,87,20,97,37.5
30059215,1,fever,8,39,125,89,21,98,37.2
30059216,4,anxiety,0,87,140,71,12,99,37.0
30059217,2,fever,8,73,94,78,23,96,36.6
30059218,3,laceration,2,115,112,77,18,95,36.5
30059219,2,anxiety,7,94,128,81,22,98,36.6
30059220,3,shortness of breath,6,81,138,104,12,93,38.7
30059221,4,fever,1,69,135,69,19,93,35.9
30059222,3,headache,4,95,126,96,17,99,36.3
30059223,3,chest pain,5,76,134,64,21,96,37.6
30059224,3,anxiety,6,83,126,96,16,94,37.8
30059225,2,anxiety,10,99,175,83,18,89,36.8
30059226,3,chest pain,0,91,97,82,21,96,37.9
30059227,3,fall,4,99,72,66,14,98,35.6
30059228,2,shortness of breath,10,97,129,94,23,100,36.0
30059229,3,chest pain,5,110,122,97,20,94,37.6
30059230,2,chest pain,10,54,136,71,17,93,36.6
30059231,3,headache,5,107,143,69,14,98,37.3
30059232,4,laceration,2,89,120,95,10,100,37.1
30059233,3,abdominal pain,2,139,122,89,13,100,37.0
30059234,4,laceration,4,100,161,88,25,98,36.1
30059235,3,back pain,6,86,132,119,21,93,36.2
30059236,3,fall,1,69,138,84,23,97,37.7
30059237,3,chest pain,6,74,123,76,17,100,36.6
30059238,3,headache,4,97,145,71,20,97,38.1
30059239,3,headache,5,92,150,72,15,100,35.7
30059240,4,abdominal pain,5,81,114,97,17,100,38.4
30059241,2,shortness of breath,9,94,133,91,17,99,37.5
30059242,3,laceration,2,54,121,86,23,94,37.8
30059243,4,abdominal pain,2,90,127,62,19,98,36.7
30059244,2,headache,7,104,95,94,19,98,36.5
30059245,2,fall,9,74,101,100,20,91,37.5
30059246,3,fall,0,78,107,73,17,91,36.4
30059247,4,knee pain,1,82,127,68,23,95,36.0
30059248,3,fever,2,103,106,67,16,95,36.4
30059249,3,laceration,6,54,169,89,20,97,36.2
30059250,4,back pain,4,83,144,89,29,97,36.9
30059251,3,anxiety,1,68,121,50,14,97,36.5
30059252,5,laceration,0,101,131,100,26,92,37.3
30059253,2,fever,10,109,112,87,23,100,36.8
30059254,2,headache,10,76,132,74,14,98,37.1
30059255,4,fever,4,77,121,101,19,95,37.3
30059256,3,laceration,6,72,146,88,20,100,36.9
30059257,4,back pain,5,69,98,86,25,97,36.5
30059258,3,back pain,0,92,98,76,11,91,36.4
30059259,4,chest pain,1,77,113,73,13,99,38.2
30059260,3,knee pain,0,68,128,93,20,96,35.9
30059261,1,fever,8,125,105,61,17,95,38.0
30059262,3,fever,4,80,173,56,20,94,37.6
30059263,2,laceration,7,67,143,80,16,99,39.2
30059264,2,back pain,6,64,111,48,20,95,37.7
30059265,3,fall,4,75,108,47,17,98,37.1
30059266,3,back pain,4,90,144,68,24,96,38.5
30059267,3,anxiety,0,85,130,111,23,100,36.8
30059268,3,knee pain,2,98,146,78,26,98,36.3
30059269,3,headache,4,75,121,90,23,97,36.9
30059270,4,fever,0,84,144,99,17,96,36.2
30059271,3,abdominal pain,3,114,147,72,21,94,38.0
30059272,3,anxiety,2,71,101,90,21,96,36.8
30059273,3,fever,0,110,94,88,17,91,37.0
30059274,3,back pain,2,70,121,68,19,96,36.7
30059275,4,abdominal pain,6,79,141,70,21,100,36.7
30059276,3,back pain,2,107,104,74,21,96,38.0
30059277,3,fall,7,68,152,63,26,96,36.2
30059278,4,fever,7,44,143,83,19,97,37.2
30059279,4,shortness of breath,0,77,131,79,22,99,35.5
30059280,2,laceration,7,111,113,99,22,99,36.8
30059281,3,fall,6,91,112,82,14,100,35.1
30059282,4,shortness of breath,6,62,147,89,16,99,37.0
30059283,3,fall,1,81,86,70,22,97,36.3
30059284,5,chest pain,3,91,107,84,19,97,37.7
30059285,4,chest pain,3,104,155,101,11,98,36.5
30059286,2,anxiety,9,109,135,68,22,100,36.0
30059287,3,back pain,4,83,127,94,18,90,36.0
30059288,4,back pain,0,109,153,87,20,97,36.9
30059289,3,knee pain,7,86,112,85,12,99,36.9
30059290,3,knee pain,3,79,145,70,16,91,36.7
30059291,4,abdominal pain,2,98,150,79,18,99,37.7
30059292,2,laceration,8,86,138,100,18,92,36.7
30059293,3,headache,2,81,93,89,19,99,38.2
30059294,3,laceration,1,71,109,68,16,97,36.8
30059295,3,knee pain,3,97,118,82,19,97,36.3
30059296,2,chest pain,7,94,117,87,15,96,36.9
30059297,3,anxiety,1,80,153,70,15,97,36.5
30059298,4,shortness of breath,1,95,141,72,21,96,35.6
30059299,4,shortness of breath,1,71,101,75,16,100,36.2
30059300,3,shortness of breath,6,84,97,85,17,98,36.9
30059301,4,laceration,2,71,109,99,16,98,36.4
30059302,3,fever,5,113,167,62,16,100,36.5
30059303,2,anxiety,7,101,131,69,18,96,37.0
30059304,4,headache,3,71,131,52,17,99,37.1
30059305,3,chest pain,2,68,130,91,19,95,37.7
30059306,2,headache,9,90,119,52,22,97,35.0
30059307,3,chest pain,4,73,143,83,18,97,37.1
30059308,4,knee pain,6,69,136,58,10,100,37.7
30059309,1,abdominal pain,6,105,117,88,12,96,36.8
30059310,3,knee pain,0,88,118,90,16,96,35.8
30059311,1,anxiety,8,103,141,73,18,97,36.1
30059312,5,shortness of breath,1,86,135,57,19,96,37.1
30059313,3,headache,5,81,127,90,28,97,36.3
30059314,3,shortness of breath,6,70,129,68,16,92,36.7
30059315,4,shortness of breath,2,87,122,73,22,100,36.3
30059316,1,abdominal pain,8,89,149,73,19,95,37.7
30059317,3,fever,2,84,125,77,13,98,36.0
30059318,1,chest pain,9,104,113,108,20,99,36.9
30059319,2,headache,7,72,133,103,17,98,38.5
30059320,5,shortness of breath,6,82,121,96,19,99,36.6
30059321,2,abdominal pain,9,65,126,83,21,99,38.1
30059322,3,laceration,0,86,148,70,29,96,38.3
30059323,4,shortness of breath,2,93,169,70,17,99,38.2
30059324,4,laceration,7,97,127,90,17,93,37.5
30059325,3,laceration,4,66,109,61,14,96,35.3
30059326,3,chest pain,2,92,99,71,18,93,37.4
30059327,2,fall,10,66,127,42,17,92,37.2
30059328,3,fall,2,117,133,90,16,99,36.9
30059329,4,fall,3,92,127,93,18,94,37.6
30059330,3,fever,6,66,107,76,14,98,36.6
30059331,1,knee pain,7,107,159,108,18,99,36.3
30059332,4,chest pain,0,83,129,78,20,100,35.5
30059333,3,shortness of breath,4,86,157,96,19,97,36.0
30059334,3,knee pain,4,76,117,110,18,93,37.1
30059335,4,fever,6,77,88,101,18,97,36.6
30059336,2,fall,7,93,133,82,16,99,37.7
30059337,3,chest pain,3,113,85,84,14,96,36.0
30059338,3,headache,7,84,122,74,17,97,36.8
30059339,3,fall,2,96,144,61,23,99,37.9
30059340,2,headache,10,56,124,63,22,94,38.1
30059341,3,knee pain,0,80,154,79,16,93,36.7
30059342,3,chest pain,7,93,117,68,16,95,34.3
30059343,3,abdominal pain,3,72,152,91,17,100,36.9
30059344,3,fall,0,104,106,75,19,97,37.1
30059345,4,shortness of breath,2,108,127,101,14,94,36.5
30059346,3,back pain,1,75,136,71,20,96,36.2
30059347,2,knee pain,9,85,140,87,22,96,35.8
30059348,5,anxiety,4,60,118,65,22,95,37.2
30059349,2,laceration,10,75,177,86,18,100,37.1
30059350,2,knee pain,7,67,104,103,16,100,36.8
30059351,1,chest pain,9,79,91,88,17,94,38.4
30059352,4,laceration,7,74,96,78,16,100,38.2
30059353,2,fever,9,95,99,53,18,100,37.6
30059354,3,fall,2,80,76,62,17,95,37.5
30059355,3,abdominal pain,7,90,129,98,14,99,36.5
30059356,3,headache,7,102,106,107,18,99,37.4
30059357,4,anxiety,4,54,133,70,24,97,36.7
30059358,1,back pain,10,71,109,91,14,95,38.1
30059359,4,abdominal pain,0,90,128,82,26,98,36.9
30059360,3,chest pain,3,93,143,58,22,99,37.6
30059361,3,shortness of breath,3,91,96,82,16,100,37.5
30059362,2,anxiety,9,83,121,74,13,99,37.1
30059363,3,fall,0,81,97,66,19,99,37.2
30059364,3,fever,3,106,141,61,12,100,37.0
30059365,3,laceration,5,71,114,90,27,99,38.2
30059366,3,chest pain,7,98,158,86,20,97,37.1
30059367,3,headache,2,91,109,69,22,99,37.1
30059368,4,shortness of breath,7,74,145,91,20,98,36.1
30059369,3,abdominal pain,5,44,109,81,22,97,36.9
30059370,4,knee pain,1,83,131,83,17,100,35.8
30059371,4,shortness of breath,3,78,105,80,23,98,36.7
30059372,3,shortness of breath,1,82,132,85,20,96,35.8
30059373,2,laceration,10,58,126,79,10,96,37.8
30059374,2,back pain,7,93,86,93,18,98,37.5
30059375,3,laceration,6,97,127,79,25,97,36.2
30059376,5,abdominal pain,7,50,123,71,15,97,36.6
30059377,4,fever,2,91,154,116,18,96,36.9
30059378,3,fall,3,80,137,89,22,98,36.8
30059379,5,back pain,2,79,136,86,15,96,37.0
30059380,3,back pain,0,79,119,86,22,100,37.9
30059381,3,fall,1,73,114,65,21,93,37.2
30059382,3,shortness of breath,3,82,129,70,17,99,37.0
30059383,3,fall,6,73,141,67,17,97,37.4
30059384,3,abdominal pain,3,87,126,77,21,100,37.0
30059385,3,fall,3,120,108,78,17,93,35.5
30059386,3,headache,5,84,117,103,21,100,37.4
30059387,3,headache,0,109,110,63,26,96,36.8
30059388,4,anxiety,4,125,128,82,23,95,36.4
30059389,3,fall,2,69,179,77,10,100,37.0
30059390,2,chest pain,8,75,92,100,15,100,36.6
30059391,2,headache,7,85,139,87,16,94,38.1
30059392,4,back pain,0,94,129,83,22,95,36.8
30059393,3,back pain,2,98,156,75,23,99,37.6
30059394,3,abdominal pain,5,93,143,104,11,90,36.5
30059395,3,shortness of breath,3,83,134,97,22,92,38.7
30059396,2,back pain,6,118,160,77,20,91,37.2
30059397,5,headache,4,111,101,87,23,94,38.4
30059398,3,back pain,2,102,104,68,20,94,37.0
30059399,4,laceration,6,87,125,113,19,98,36.8
30059400,4,knee pain,2,105,153,77,12,100,38.2
30059401,4,shortness of breath,0,98,124,96,20,95,36.8
30059402,3,abdominal pain,6,72,86,75,18,99,37.0
30059403,2,back pain,7,81,132,97,15,95,35.8
30059404,2,shortness of breath,6,72,130,109,23,95,37.9
30059405,3,fall,4,75,103,90,31,100,36.6
30059406,5,shortness of breath,0,87,144,83,15,94,37.2
30059407,3,shortness of breath,5,60,106,73,20,98,36.5
30059408,3,headache,4,57,139,94,22,97,36.7
30059409,3,fall,7,97,119,80,13,99,36.9
30059410,3,knee pain,5,81,120,96,14,100,35.5
30059411,1,fever,9,76,126,49,17,99,36.9
30059412,3,knee pain,4,70,93,61,23,96,36.9
30059413,3,back pain,3,84,121,48,19,98,38.0
30059414,3,back pain,5,94,121,59,26,98,39.7
30059415,3,fever,5,89,137,89,15,98,38.4
30059416,4,chest pain,0,76,106,82,9,95,38.0
30059417,4,knee pain,7,89,107,71,16,100,37.3
30059418,3,shortness of breath,0,92,121,74,12,100,37.4
30059419,3,knee pain,3,115,145,75,20,92,36.6
30059420,4,chest pain,6,95,98,65,19,94,37.4
30059421,3,anxiety,2,86,106,87,27,92,37.8
30059422,3,laceration,0,71,81,89,11,92,37.3
30059423,5,laceration,5,73,151,75,16,93,36.8
30059424,2,shortness of breath,7,96,174,72,15,97,35.8
30059425,2,abdominal pain,9,75,122,71,14,100,38.2
30059426,1,chest pain,10,89,98,62,11,100,36.8
30059427,3,back pain,4,55,112,87,19,96,36.5
30059428,3,abdominal pain,0,92,132,87,16,98,36.2
30059429,3,shortness of breath,6,91,96,90,17,100,36.4
30059430,3,knee pain,7,62,133,77,15,95,37.6
30059431,5,fever,4,69,113,61,27,100,37.4
30059432,3,shortness of breath,2,77,123,86,15,98,36.7
30059433,4,back pain,2,84,129,93,14,92,37.1
30059434,3,abdominal pain,5,67,127,70,17,93,37.3
30059435,1,chest pain,6,74,99,92,20,98,35.6
30059436,3,shortness of breath,3,96,151,87,20,100,37.3
30059437,2,back pain,6,66,132,73,18,98,37.2
30059438,3,shortness of breath,5,71,116,102,16,94,38.1
30059439,5,abdominal pain,5,95,153,70,21,93,38.0
30059440,3,chest pain,1,82,112,76,16,96,36.8
30059441,3,chest pain,2,83,130,87,20,97,36.4
30059442,1,fall,8,69,144,93,20,98,36.7
30059443,2,knee pain,7,91,135,50,17,95,37.2
30059444,2,laceration,8,99,126,96,20,96,36.6
30059445,4,fever,2,69,142,96,15,94,36.1
30059446,5,knee pain,4,86,157,63,19,97,37.5
30059447,1,shortness of breath,10,90,159,80,17,98,37.3
30059448,4,headache,4,87,110,74,23,99,37.9
30059449,3,anxiety,7,94,111,86,27,96,37.1
30059450,3,chest pain,6,63,137,65,16,99,37.8
30059451,3,anxiety,2,75,90,93,16,98,38.0
30059452,3,abdominal pain,6,92,121,69,21,99,35.5
30059453,3,abdominal pain,4,90,125,89,23,97,37.5
30059454,3,shortness of breath,3,99,124,88,10,94,37.8
30059455,2,fever,6,100,114,74,21,94,37.2
30059456,3,shortness of breath,3,94,125,77,19,91,37.9
30059457,3,fever,6,100,132,76,24,96,35.8
30059458,3,chest pain,4,90,143,64,16,100,36.5
30059459,4,fall,6,88,152,62,21,96,38.1
30059460,1,headache,6,99,105,92,18,96,36.7
30059461,3,fall,5,72,118,68,12,96,36.7
30059462,3,back pain,2,86,103,63,18,92,38.0
30059463,4,shortness of breath,0,75,105,77,16,92,37.0
30059464,3,fever,2,96,90,91,17,95,37.4
30059465,3,abdominal pain,5,78,138,69,14,99,36.9
30059466,3,knee pain,2,86,141,71,21,97,36.7
30059467,4,fall,2,76,127,92,20,99,37.2
30059468,3,fever,0,78,132,85,21,95,36.8
30059469,2,abdominal pain,9,78,100,67,12,97,37.9
30059470,3,chest pain,0,61,132,85,23,98,37.5
30059471,3,laceration,0,68,126,63,21,100,37.2
30059472,3,abdominal pain,2,116,128,80,20,94,35.1
30059473,5,chest pain,3,76,80,73,16,98,38.2
30059474,3,back pain,2,94,149,94,18,91,37.1
30059475,2,knee pain,8,93,131,86,15,91,37.0
30059476,3,fever,7,92,126,100,19,100,37.6
30059477,3,fall,4,83,140,63,18,100,38.1
30059478,3,headache,1,64,134,81,10,96,35.5
30059479,3,chest pain,7,88,130,72,27,100,37.1
30059480,4,laceration,3,100,141,66,22,96,37.2
30059481,3,back pain,5,89,125,42,27,97,38.1
30059482,3,knee pain,0,105,146,76,22,100,36.5
30059483,3,fall,5,86,123,76,23,98,37.0
30059484,2,fall,9,87,111,48,15,100,36.1
30059485,3,abdominal pain,1,102,160,73,18,95,34.6
30059486,2,headache,6,99,72,99,21,99,36.9
30059487,5,abdominal pain,7,77,133,95,9,94,36.8
30059488,3,chest pain,4,58,136,94,23,95,36.8
30059489,2,headache,9,59,122,53,13,97,36.7
30059490,3,abdominal pain,0,102,153,55,22,94,37.2
30059491,3,back pain,4,70,113,60,20,93,37.2
30059492,3,anxiety,7,92,115,74,14,94,38.0
30059493,3,fever,4,86,101,59,13,96,38.0
30059494,3,chest pain,7,80,118,89,22,97,38.0
30059495,3,anxiety,5,61,122,87,21,94,37.6
30059496,4,fall,0,64,124,82,11,94,37.8
30059497,3,headache,5,81,114,96,24,99,36.6
30059498,3,laceration,6,109,169,99,18,95,37.6
30059499,3,anxiety,7,71,127,88,18,92,36.7
30059500,1,laceration,6,109,139,71,17,100,36.7
30059501,2,abdominal pain,8,61,152,107,15,99,37.1
30059502,3,knee pain,4,91,139,66,19,96,37.1
30059503,3,chest pain,1,80,134,79,21,98,37.4
30059504,3,knee pain,4,93,147,89,22,94,39.1
30059505,3,laceration,4,112,106,90,18,94,38.1
30059506,2,shortness of breath,10,61,99,80,23,96,36.6
30059507,4,fall,6,108,118,61,21,98,37.4
30059508,1,shortness of breath,6,87,134,89,14,96,36.9
30059509,3,back pain,5,68,116,85,18,95,37.0
30059510,2,anxiety,8,72,128,79,17,100,37.7
30059511,3,knee pain,1,81,126,77,15,100,37.3
30059512,4,laceration,2,79,161,65,25,95,37.6
30059513,4,chest pain,7,85,109,92,23,100,36.9
30059514,3,shortness of breath,1,75,136,89,15,89,38.0
30059515,1,anxiety,7,79,139,82,17,95,37.7
30059516,4,fall,2,84,156,89,14,98,36.7
30059517,3,anxiety,1,76,129,90,13,99,35.8
30059518,3,abdominal pain,4,83,91,104,16,100,36.7
30059519,3,fall,7,86,143,80,18,100,37.7
30059520,1,headache,10,62,76,76,13,97,36.9
30059521,2,fall,9,91,156,88,13,100,37.8
30059522,3,abdominal pain,2,98,127,82,22,100,35.9
30059523,2,shortness of breath,10,61,128,71,21,92,37.4
30059524,3,abdominal pain,3,100,123,97,19,99,36.9
30059525,5,anxiety,6,70,117,98,13,100,37.2
30059526,3,abdominal pain,2,65,121,85,17,97,38.2
30059527,1,fall,8,92,150,88,23,98,36.5
30059528,4,headache,2,72,156,89,22,100,37.1
30059529,3,knee pain,0,86,117,98,17,95,37.5
30059530,4,knee pain,0,74,85,85,18,94,38.8
30059531,4,chest pain,7,77,140,110,22,92,38.4
30059532,3,fever,3,94,133,77,23,99,36.4
30059533,3,headache,2,73,99,102,14,98,37.0
30059534,3,anxiety,0,97,100,81,17,92,37.4
30059535,3,shortness of breath,2,97,65,49,20,96,37.5
30059536,4,fall,2,81,118,89,14,97,37.1
30059537,1,fever,10,85,141,94,11,100,37.5
30059538,5,chest pain,7,117,166,76,15,99,38.0
30059539,3,chest pain,1,91,107,89,24,95,37.7
30059540,5,fall,2,97,143,71,25,94,38.0
30059541,4,abdominal pain,7,84,136,74,17,98,37.0
30059542,3,headache,2,80,122,72,19,97,37.1
30059543,2,back pain,6,97,165,101,16,95,38.1
30059544,3,back pain,4,111,113,83,13,96,39.0
30059545,3,chest pain,2,69,92,84,24,99,37.7
30059546,4,back pain,3,88,125,95,21,97,37.2
30059547,1,knee pain,6,80,146,79,20,95,37.7
30059548,2,headache,9,86,136,78,21,99,38.0
30059549,5,abdominal pain,2,63,105,72,26,91,36.2
30059550,3,laceration,6,83,126,78,15,91,36.8
30059551,3,fever,3,99,133,101,22,92,36.7
30059552,3,fall,4,66,123,47,14,97,38.0
30059553,3,shortness of breath,3,70,137,116,16,92,36.8
30059554,1,chest pain,9,92,148,82,14,97,37.6
30059555,2,chest pain,6,81,101,78,22,98,37.9
30059556,1,laceration,8,70,94,78,18,95,37.3
30059557,2,fever,6,102,182,71,27,96,37.3
30059558,2,headache,7,76,148,94,22,94,36.5
30059559,3,headache,3,76,138,83,17,94,36.1
30059560,2,headache,8,99,129,81,21,96,36.6
30059561,4,fall,3,113,122,57,17,97,36.5
30059562,3,fall,7,49,141,87,20,95,36.6
30059563,4,back pain,7,88,108,81,19,99,36.1
30059564,3,laceration,2,92,140,75,16,100,38.9
30059565,3,headache,6,67,124,100,24,95,37.7
30059566,4,laceration,4,70,107,70,15,100,35.0
30059567,2,chest pain,7,72,159,106,18,96,37.6
30059568,3,shortness of breath,1,75,114,76,19,99,36.6
30059569,3,headache,0,71,95,57,21,96,37.3
30059570,4,laceration,2,56,105,93,22,96,37.6
30059571,3,abdominal pain,2,73,123,89,18,100,36.4
30059572,3,shortness of breath,2,98,98,73,19,97,37.0
30059573,3,fever,3,92,136,71,20,99,36.7
30059574,1,shortness of breath,9,101,121,104,19,93,37.9
30059575,3,chest pain,7,76,117,61,12,100,37.1
30059576,2,headache,10,79,138,72,16,94,36.6
30059577,3,chest pain,3,79,118,116,20,97,38.1
30059578,3,laceration,6,72,131,95,14,99,37.7
30059579,2,headache,10,79,126,98,20,98,37.6
30059580,3,fall,5,50,133,79,22,100,36.0
30059581,4,abdominal pain,3,96,143,81,17,94,37.3
30059582,2,knee pain,7,76,137,94,17,95,37.4
30059583,5,headache,1,102,116,92,14,100,39.1
30059584,3,fall,0,74,106,96,18,100,35.2
30059585,3,fever,5,83,133,86,18,95,38.0
30059586,4,fever,6,71,102,99,24,88,36.6
30059587,3,anxiety,4,89,119,56,23,97,37.5
30059588,3,abdominal pain,0,78,97,99,20,99,35.8
30059589,2,abdominal pain,7,95,159,41,21,97,37.0
30059590,2,laceration,8,73,136,99,11,98,35.6
30059591,5,laceration,2,92,106,61,25,97,37.9
30059592,1,fall,6,98,154,82,16,100,36.9
30059593,4,laceration,0,64,124,61,26,100,37.3
30059594,3,back pain,3,67,148,55,15,93,36.4
30059595,3,shortness of breath,0,100,126,70,19,98,37.0
30059596,5,headache,3,59,109,93,17,99,37.4
30059597,2,fever,10,83,161,87,13,98,36.0
30059598,3,chest pain,1,73,100,82,12,95,36.3
30059599,2,anxiety,10,102,88,86,15,100,36.9
30059600,5,laceration,2,83,109,86,23,96,37.3
30059601,3,back pain,0,90,100,73,12,96,36.1
30059602,2,headache,10,101,111,80,19,99,36.7
30059603,3,fever,4,86,104,80,21,100,36.8
30059604,3,fever,4,84,103,79,15,94,35.7
30059605,3,anxiety,2,87,131,81,12,93,37.7
30059606,2,headache,8,81,103,73,19,97,36.0
30059607,1,shortness of breath,8,99,144,75,21,100,36.4
30059608,4,abdominal pain,2,82,125,69,18,98,36.2
30059609,4,back pain,6,87,127,94,19,95,36.9
30059610,4,chest pain,4,93,107,116,11,97,37.6
30059611,3,back pain,4,74,124,82,19,100,36.4
30059612,3,back pain,7,71,124,78,26,100,36.7
30059613,2,knee pain,6,90,119,98,12,97,37.4
30059614,4,laceration,3,96,161,46,17,99,37.2
30059615,5,shortness of breath,6,70,107,87,16,97,38.0
30059616,2,knee pain,9,97,156,88,24,100,37.7
30059617,4,abdominal pain,6,103,157,70,20,97,36.7
30059618,3,chest pain,5,85,117,67,17,100,38.2
30059619,3,chest pain,1,93,119,75,16,100,37.6
30059620,3,fall,1,108,144,80,27,99,37.2
30059621,4,fever,4,89,108,68,17,96,37.1
30059622,2,fever,10,79,106,80,25,95,38.5
30059623,3,chest pain,3,105,118,75,16,94,37.8
30059624,4,fever,2,73,126,69,18,93,37.4
30059625,3,anxiety,7,72,130,67,19,93,36.2
30059626,4,headache,6,50,147,71,21,100,37.6
30059627,4,headache,5,94,133,98,14,100,37.5
30059628,3,abdominal pain,5,83,135,77,17,100,37.0
30059629,3,shortness of breath,6,76,121,90,14,100,35.7
30059630,4,headache,1,73,76,96,22,100,37.8
30059631,3,fever,1,73,108,89,13,99,36.2
30059632,3,back pain,5,114,130,90,18,99,37.1
30059633,3,fall,1,76,151,98,16,98,36.7
30059634,3,anxiety,4,102,138,96,20,95,37.3
30059635,3,knee pain,6,85,157,82,18,94,36.8
30059636,3,headache,4,80,120,96,13,96,36.1
30059637,1,laceration,9,105,164,77,12,100,37.1
30059638,4,knee pain,7,66,141,95,18,91,36.8
30059639,1,fall,6,85,145,94,20,95,36.9
30059640,2,back pain,10,101,156,76,12,95,36.2
30059641,3,chest pain,1,93,111,80,13,95,37.1
30059642,3,shortness of breath,6,111,116,57,22,98,36.2
30059643,4,fever,5,72,121,66,11,100,37.3
30059644,3,fever,3,85,150,77,23,93,35.8
30059645,2,fall,10,71,108,81,17,100,38.3
30059646,3,fever,0,69,153,72,21,93,35.8
30059647,3,abdominal pain,4,62,123,87,19,100,36.2
30059648,3,anxiety,0,84,131,85,17,97,36.9
30059649,2,abdominal pain,7,83,154,79,14,99,37.4
30059650,3,shortness of breath,3,80,121,88,15,100,36.0
30059651,3,back pain,4,88,106,100,21,100,35.2
30059652,3,shortness of breath,4,98,134,92,16,93,36.6
30059653,3,laceration,2,69,130,81,29,100,36.1
30059654,3,shortness of breath,2,83,108,85,19,96,35.8
30059655,3,shortness of breath,7,99,144,47,15,94,35.7
30059656,5,fall,6,75,133,90,18,96,37.8
30059657,1,knee pain,8,83,132,93,22,94,35.7
30059658,3,fall,5,69,123,62,15,94,37.9
30059659,3,abdominal pain,2,67,152,71,23,92,36.7
30059660,3,fever,0,63,121,101,14,98,37.6
30059661,5,knee pain,3,95,122,72,7,99,37.1
30059662,3,chest pain,0,69,156,59,21,95,38.6
30059663,4,headache,2,96,120,61,20,96,37.5
30059664,3,fall,3,96,78,80,18,100,36.0
30059665,4,anxiety,6,107,134,89,18,94,37.3
30059666,3,shortness of breath,3,92,153,82,11,93,35.0
30059667,3,fall,2,91,138,81,16,98,38.9
30059668,3,abdominal pain,3,91,131,90,19,95,35.0
30059669,4,fall,3,76,121,103,22,93,36.5
30059670,3,fall,5,102,119,112,23,100,35.5
30059671,3,anxiety,3,91,130,118,16,98,35.7
30059672,4,anxiety,6,91,161,77,20,97,36.4
30059673,4,shortness of breath,1,108,154,55,23,96,36.5
30059674,3,fever,2,101,116,89,23,94,36.7
30059675,4,chest pain,4,83,90,80,24,98,37.5
30059676,5,knee pain,2,72,118,71,13,96,36.4
30059677,4,knee pain,5,78,104,87,22,92,36.5
30059678,3,chest pain,5,94,132,95,21,98,36.9
30059679,4,fall,5,84,107,70,16,100,36.4
30059680,3,knee pain,3,72,158,84,23,97,36.9
30059681,1,headache,9,99,137,91,24,100,38.7
30059682,4,shortness of breath,0,88,141,86,17,100,36.6
30059683,4,abdominal pain,6,81,141,79,28,99,37.1
30059684,3,laceration,3,98,103,90,11,100,37.9
30059685,2,shortness of breath,6,116,156,82,19,95,36.7
30059686,4,anxiety,7,85,181,78,18,95,37.2
30059687,3,fall,5,95,105,80,22,100,36.8
30059688,3,laceration,4,87,112,96,14,100,37.0
30059689,4,abdominal pain,5,74,160,71,12,98,36.4
30059690,3,shortness of breath,0,94,104,101,19,98,37.3
30059691,3,fever,3,92,134,64,29,94,37.2
30059692,3,laceration,3,105,112,76,18,100,36.2
30059693,3,fall,4,75,141,61,18,97,36.2
30059694,3,chest pain,0,79,127,77,18,100,36.2
30059695,3,anxiety,0,81,140,40,18,99,35.9
30059696,2,shortness of breath,8,93,147,93,21,100,35.9
30059697,5,fall,3,82,128,67,17,94,37.9
30059698,1,abdominal pain,10,93,116,77,18,97,35.8
30059699,3,anxiety,3,103,100,72,23,98,38.1
30059700,1,fever,10,97,123,93,23,100,38.1
30059701,3,abdominal pain,7,70,92,86,14,100,36.8
30059702,1,knee pain,8,81,158,96,18,100,37.7
30059703,2,back pain,10,109,117,85,24,95,38.5
30059704,2,anxiety,10,86,144,68,25,93,35.0
30059705,3,abdominal pain,2,88,132,66,9,100,36.8
30059706,4,headache,5,65,103,66,20,93,38.3
30059707,3,shortness of breath,7,96,153,66,12,92,36.8
30059708,4,back pain,2,74,166,114,16,99,35.4
30059709,1,fever,8,70,106,88,14,98,36.6
30059710,3,laceration,0,83,124,46,7,99,37.4
30059711,3,chest pain,7,95,121,41,23,92,36.4
30059712,4,chest pain,7,107,145,82,14,100,37.4
30059713,3,fever,7,118,119,69,22,100,37.5
30059714,3,fever,0,96,106,50,16,100,37.7
30059715,5,fall,4,110,130,89,17,98,36.3
30059716,4,anxiety,0,87,137,78,13,98,36.7
30059717,3,fever,7,80,124,70,18,100,37.6
30059718,3,chest pain,3,120,123,108,15,99,37.1
30059719,2,laceration,9,93,105,81,17,97,36.2
30059720,4,back pain,2,67,170,85,25,99,36.9
30059721,3,fever,0,98,120,79,17,98,38.3
30059722,3,fall,5,70,96,80,19,97,37.8
30059723,2,laceration,9,75,130,70,21,98,36.5
30059724,4,abdominal pain,5,109,126,100,20,97,35.9
30059725,3,chest pain,6,95,108,84,21,95,38.0
30059726,4,chest pain,1,74,106,70,21,92,36.3
30059727,2,fever,10,85,119,82,19,95,37.1
30059728,3,chest pain,7,74,145,76,16,100,37.1
30059729,2,anxiety,7,81,97,77,17,99,36.3
30059730,2,headache,6,97,114,101,17,98,36.5
30059731,3,fever,6,79,108,107,22,96,36.6
30059732,4,knee pain,6,77,117,71,18,100,37.2
30059733,3,shortness of breath,7,82,109,83,16,94,36.0
30059734,3,headache,1,98,91,99,21,96,37.2
30059735,4,anxiety,5,69,135,67,24,90,37.5
30059736,3,knee pain,7,67,140,78,19,100,36.8
30059737,3,shortness of breath,3,57,135,89,15,96,35.9
30059738,4,back pain,3,94,109,103,19,94,36.3
30059739,1,back pain,6,59,112,75,26,96,35.9
30059740,2,back pain,8,85,138,95,20,100,37.1
30059741,4,laceration,5,66,120,83,15,97,35.7
30059742,3,chest pain,0,101,115,53,17,95,36.7
30059743,4,headache,5,98,126,77,23,92,37.1
30059744,3,abdominal pain,4,92,91,69,20,100,36.8
30059745,4,fever,2,103,154,101,14,98,37.7
30059746,3,anxiety,2,46,138,103,19,96,38.1
30059747,3,knee pain,2,89,96,100,20,99,37.2
30059748,2,anxiety,9,81,108,57,20,84,37.6
30059749,3,laceration,2,82,135,72,18,97,35.9
30059750,2,laceration,10,81,141,71,17,93,36.2
30059751,3,anxiety,3,98,114,70,17,96,36.9
30059752,4,abdominal pain,2,78,102,100,21,95,36.7
30059753,4,knee pain,0,95,78,48,20,100,36.1
30059754,4,chest pain,5,90,102,69,18,92,36.0
30059755,3,chest pain,7,100,104,105,16,95,36.1
30059756,3,fall,5,105,144,74,21,99,37.0
30059757,4,knee pain,4,87,136,67,18,96,36.7
30059758,2,fever,8,110,106,102,22,100,36.8
30059759,3,fever,6,106,117,80,16,100,36.4
30059760,4,fever,5,97,122,80,25,96,37.0
30059761,4,chest pain,1,97,121,103,15,97,36.6
30059762,3,headache,6,119,130,59,19,98,36.8
30059763,3,back pain,5,70,122,93,17,100,37.1
30059764,4,abdominal pain,0,86,123,58,16,96,37.6
30059765,2,headache,7,94,113,61,11,99,36.7
30059766,3,knee pain,6,80,120,100,19,100,36.7
30059767,5,laceration,2,116,106,50,23,94,36.2
30059768,4,headache,3,86,146,76,20,98,37.0
30059769,5,knee pain,6,90,129,71,20,96,36.5
30059770,3,back pain,4,89,113,83,14,96,37.9
30059771,4,fall,6,71,97,80,22,100,36.6
30059772,2,abdominal pain,10,84,105,115,15,96,36.7
30059773,2,shortness of breath,6,90,146,87,18,95,37.0
30059774,2,headache,8,82,118,67,15,98,36.0
30059775,4,chest pain,5,82,91,84,19,98,37.1
30059776,5,back pain,4,75,113,86,20,94,37.8
30059777,4,fever,6,76,127,70,17,95,37.2
30059778,3,chest pain,2,94,105,60,11,98,36.4
30059779,4,chest pain,4,112,156,94,26,99,37.1
30059780,3,abdominal pain,2,94,144,81,11,96,37.3
30059781,2,fever,8,89,98,55,27,97,35.9
30059782,3,abdominal pain,5,80,103,81,17,95,37.6
30059783,3,back pain,1,69,131,80,24,96,36.9
30059784,3,anxiety,4,71,87,84,18,97,36.2
30059785,3,fall,6,109,113,86,19,96,36.9
30059786,4,anxiety,4,81,94,72,18,100,37.6
30059787,2,fever,9,98,121,74,26,94,37.3
30059788,4,fall,5,72,121,69,23,95,37.9
30059789,4,fall,2,93,98,84,18,91,37.0
30059790,3,chest pain,7,82,112,75,14,100,37.8
30059791,3,anxiety,5,82,102,88,14,99,37.8
30059792,4,abdominal pain,5,88,131,103,22,97,37.5
30059793,2,fever,7,86,125,77,16,99,37.1
30059794,5,shortness of breath,1,88,104,81,19,98,37.5
30059795,3,abdominal pain,3,60,100,83,14,96,36.3
30059796,3,laceration,6,91,131,88,24,97,37.8
30059797,5,laceration,2,79,113,87,25,97,36.9
30059798,3,headache,5,88,124,92,23,96,35.9
30059799,3,knee pain,2,76,139,92,21,94,36.6
30059800,3,shortness of breath,0,71,148,56,17,100,36.7
30059801,4,abdominal pain,6,83,105,89,14,98,36.3
30059802,4,laceration,0,104,106,104,17,95,38.2
30059803,1,anxiety,6,83,98,86,20,100,36.2
30059804,3,anxiety,5,61,123,90,18,100,36.3
30059805,4,abdominal pain,3,66,94,82,21,91,36.8
30059806,3,chest pain,3,112,129,84,15,93,37.1
30059807,4,back pain,6,83,134,89,26,96,36.6
30059808,3,back pain,2,63,105,82,19,92,35.9
30059809,4,laceration,1,74,100,62,20,98,36.5
30059810,4,fever,2,91,141,86,24,98,37.8
30059811,4,back pain,5,91,117,99,18,100,36.0
30059812,3,fall,3,97,131,77,21,97,35.5
30059813,1,back pain,7,80,139,85,15,96,37.9
30059814,4,headache,3,92,117,63,16,97,37.5
30059815,3,fall,6,85,131,74,23,98,34.8
30059816,3,abdominal pain,1,65,124,65,13,94,35.8
30059817,3,fever,5,92,101,93,12,100,36.8
30059818,1,abdominal pain,7,60,140,66,23,90,38.1
30059819,2,anxiety,10,84,89,93,15,100,35.9
30059820,3,fall,1,90,96,91,20,96,37.4
30059821,3,back pain,7,80,120,97,21,99,37.7
30059822,2,chest pain,6,95,127,66,18,97,37.9
30059823,1,fever,10,113,122,76,12,95,37.0
30059824,3,fever,4,85,127,79,19,97,37.8
30059825,2,back pain,8,108,137,63,21,98,38.2
30059826,3,anxiety,0,64,137,89,14,100,37.7
30059827,2,anxiety,6,88,131,71,21,95,37.2
30059828,3,fever,4,76,129,67,19,100,36.0
30059829,4,anxiety,7,83,96,80,14,95,36.9
30059830,3,fall,7,93,110,77,12,98,36.7
30059831,3,headache,0,98,198,84,27,100,35.5
30059832,3,shortness of breath,7,89,119,75,13,94,36.6
30059833,3,anxiety,2,82,158,80,18,98,35.9
30059834,3,knee pain,5,65,90,63,9,98,37.2
30059835,3,fever,6,93,122,91,22,93,35.8
30059836,2,back pain,7,87,141,80,15,94,37.0
30059837,4,headache,1,91,114,95,18,100,36.9
30059838,2,abdominal pain,9,57,114,72,14,99,36.4
30059839,2,headache,6,94,143,85,14,100,37.5
30059840,3,abdominal pain,1,78,113,89,22,97,36.9
30059841,2,fall,8,71,119,105,17,95,36.1
30059842,4,back pain,4,83,93,95,24,94,37.5
30059843,3,back pain,4,99,116,90,18,93,37.4
30059844,2,laceration,8,113,138,76,18,97,37.1
30059845,3,abdominal pain,3,60,120,84,13,92,36.2
30059846,3,chest pain,2,83,143,75,22,95,37.7
30059847,3,chest pain,6,99,114,81,20,99,36.0
30059848,3,fall,6,47,99,92,11,98,36.2
30059849,3,fever,1,99,124,43,14,93,36.8
30059850,4,chest pain,2,103,141,74,25,97,37.0
30059851,3,knee pain,3,83,104,70,14,90,36.7
30059852,5,fall,2,74,105,84,21,94,36.9
30059853,4,fall,7,72,82,60,17,92,38.4
30059854,3,abdominal pain,3,80,137,75,20,94,38.4
30059855,3,chest pain,6,103,142,79,13,93,37.2
30059856,2,anxiety,8,90,152,97,17,100,36.7
30059857,3,back pain,0,103,180,71,20,93,38.0
30059858,3,knee pain,2,99,165,105,22,95,37.0
30059859,3,back pain,5,111,147,87,15,93,37.6
30059860,5,laceration,3,79,90,93,26,96,36.8
30059861,3,back pain,7,80,113,109,10,100,38.7
30059862,3,knee pain,3,80,146,60,15,99,38.1
30059863,3,fall,0,90,144,108,14,96,36.2
30059864,2,back pain,7,110,129,101,18,100,35.9
30059865,4,fever,7,77,97,49,14,96,36.1
30059866,4,fever,0,89,95,102,13,98,36.6
30059867,4,headache,4,96,147,68,21,100,37.1
30059868,4,chest pain,4,78,104,68,19,93,37.9
30059869,3,anxiety,7,68,120,77,14,95,35.9
30059870,3,anxiety,3,92,90,90,7,97,38.0
30059871,1,knee pain,10,75,160,99,16,96,37.8
30059872,4,abdominal pain,7,107,129,75,15,100,36.2
30059873,4,anxiety,0,59,113,66,14,95,36.5
30059874,3,laceration,7,69,107,94,15,98,37.7
30059875,5,laceration,4,78,122,65,22,98,37.3
30059876,3,shortness of breath,2,82,91,69,21,100,37.3
30059877,3,chest pain,4,107,119,92,12,96,36.0
30059878,3,headache,7,82,164,80,14,98,37.4
30059879,4,fever,1,80,101,91,22,95,37.5
30059880,3,fall,6,80,128,80,25,95,36.8
30059881,1,knee pain,9,73,114,76,18,99,38.3
30059882,2,shortness of breath,7,88,106,64,15,98,36.3
30059883,3,fall,3,88,103,73,18,97,37.0
30059884,4,headache,6,84,118,93,15,94,37.8
30059885,3,anxiety,0,77,120,67,21,93,37.3
30059886,3,anxiety,1,101,121,72,21,95,37.7
30059887,3,headache,4,84,140,67,12,99,36.3
30059888,3,anxiety,5,85,140,87,19,99,37.3
30059889,3,abdominal pain,4,61,136,74,18,96,37.5
30059890,2,knee pain,7,63,104,113,20,96,36.5
30059891,3,headache,6,86,106,70,19,95,37.0
30059892,1,knee pain,7,102,120,85,13,94,35.7
30059893,3,chest pain,7,84,162,101,13,90,35.6
30059894,2,fall,6,57,133,97,18,94,36.9
30059895,3,headache,4,81,139,75,11,94,35.8
30059896,3,shortness of breath,5,68,115,94,17,100,35.9
30059897,3,headache,7,86,124,69,16,96,35.5
30059898,5,abdominal pain,3,89,143,75,12,92,37.2
30059899,3,anxiety,4,92,125,80,14,94,37.1
30059900,2,abdominal pain,9,78,153,63,11,100,37.3
30059901,3,fall,1,85,164,94,24,97,37.1
30059902,3,anxiety,7,79,141,92,22,93,38.5
30059903,5,back pain,0,92,122,102,21,97,37.1
30059904,2,laceration,8,87,115,88,17,99,37.6
30059905,4,knee pain,1,78,130,73,19,96,38.2
30059906,3,laceration,0,76,127,85,15,98,37.2
30059907,4,back pain,6,52,128,78,15,94,37.3
30059908,2,fever,10,111,107,68,15,95,37.0
30059909,3,knee pain,4,68,120,61,22,100,36.9
30059910,3,shortness of breath,7,105,113,87,12,97,37.1
30059911,4,shortness of breath,1,84,129,66,19,99,36.9
30059912,3,back pain,5,87,136,61,14,98,37.5
30059913,3,fever,2,69,87,87,15,96,37.5
30059914,3,knee pain,5,68,152,68,18,97,37.5
30059915,4,knee pain,6,68,104,79,9,89,37.3
30059916,3,headache,3,45,78,60,17,100,37.9
30059917,4,knee pain,0,76,145,57,18,97,36.1
30059918,2,fever,8,70,123,70,14,97,36.9
30059919,2,knee pain,7,68,135,86,19,95,36.4
30059920,3,knee pain,3,72,110,53,19,100,36.2
30059921,2,abdominal pain,9,68,104,58,17,99,36.3
30059922,1,knee pain,8,104,120,81,14,100,37.6
30059923,4,chest pain,1,71,148,85,22,100,37.5
30059924,3,fever,1,94,108,85,22,97,37.9
30059925,3,abdominal pain,3,89,146,100,17,94,37.2
30059926,1,chest pain,7,96,106,87,11,100,38.1
30059927,3,headache,2,58,135,78,21,97,36.5
30059928,2,laceration,8,96,133,55,12,99,37.0
30059929,2,chest pain,6,95,108,98,13,95,36.4
30059930,3,laceration,2,100,171,83,25,92,37.1
30059931,3,shortness of breath,1,104,136,107,20,93,35.8
30059932,4,anxiety,4,69,134,75,21,97,37.3
30059933,3,knee pain,7,83,131,64,10,94,37.2
30059934,3,abdominal pain,7,72,108,68,20,94,37.8
30059935,3,headache,7,48,127,78,17,99,37.0
30059936,4,shortness of breath,7,96,90,102,25,99,36.7
30059937,2,knee pain,9,81,119,91,25,96,36.7
30059938,3,back pain,6,82,115,74,10,94,36.8
30059939,2,knee pain,10,73,170,81,18,98,38.4
30059940,3,anxiety,7,103,114,80,26,99,37.7
30059941,4,back pain,0,96,108,91,15,97,36.3
30059942,3,headache,7,92,121,77,16,92,36.9
30059943,5,headache,5,56,122,78,17,96,36.5
30059944,2,knee pain,7,77,112,82,21,97,36.3
30059945,2,chest pain,8,92,120,79,22,100,38.3
30059946,3,abdominal pain,6,64,147,74,19,96,37.0
30059947,1,fall,8,107,111,75,13,98,36.9
30059948,3,abdominal pain,0,102,127,60,25,100,37.1
30059949,2,anxiety,8,79,135,57,12,98,38.1
30059950,3,fall,2,113,132,70,18,100,38.0
30059951,3,laceration,5,101,95,92,19,95,36.5
30059952,3,shortness of breath,0,82,139,94,24,99,36.5
30059953,2,fall,6,68,114,33,19,99,36.9
30059954,4,anxiety,0,78,109,84,18,97,38.5
30059955,4,chest pain,2,77,117,83,19,99,36.3
30059956,4,back pain,3,73,120,82,25,97,36.6
30059957,4,anxiety,7,57,130,92,20,99,35.4
30059958,2,shortness of breath,6,82,135,92,20,93,35.6
30059959,3,back pain,7,81,124,57,21,95,38.4
30059960,3,back pain,7,108,142,115,16,100,36.8
30059961,3,back pain,5,83,118,88,16,96,36.8
30059962,3,fever,0,92,144,68,9,100,35.9
30059963,3,headache,5,77,150,92,16,99,35.1
30059964,2,back pain,7,80,112,76,19,96,35.5
30059965,3,fall,3,111,110,68,22,98,36.3
30059966,4,fever,2,73,111,108,13,98,37.4
30059967,3,back pain,2,68,123,48,15,94,37.7
30059968,3,chest pain,7,94,135,100,23,97,39.3
30059969,3,laceration,2,98,148,90,14,98,35.5
30059970,4,shortness of breath,6,80,114,104,21,99,36.4
30059971,3,fever,4,90,138,101,20,100,37.2
30059972,2,fall,8,59,158,72,23,96,37.5
30059973,3,back pain,6,61,132,95,14,96,36.2
30059974,3,knee pain,4,87,111,86,14,93,36.6
30059975,1,headache,10,84,92,90,20,95,36.6
30059976,3,fall,6,88,120,102,12,99,37.5
30059977,4,fever,0,98,150,53,17,97,37.2
30059978,3,chest pain,4,78,150,63,17,97,37.1
30059979,3,laceration,4,78,106,91,20,98,36.4
30059980,3,back pain,6,82,100,90,12,98,37.4
30059981,2,laceration,9,69,127,81,20,99,38.1
30059982,3,laceration,4,87,114,89,23,97,37.3
30059983,3,fever,5,91,131,58,21,97,36.5
30059984,4,abdominal pain,5,86,151,108,16,100,36.7
30059985,2,fever,9,43,111,84,16,100,37.2
30059986,3,abdominal pain,1,111,104,65,15,98,37.5
30059987,2,abdominal pain,6,93,103,82,17,100,37.3
30059988,4,headache,7,91,91,101,20,98,37.0
30059989,3,shortness of breath,0,85,113,100,17,96,36.4
30059990,4,back pain,7,75,132,94,13,99,38.0
30059991,3,laceration,6,74,131,68,14,99,36.1
30059992,4,chest pain,0,99,141,69,15,98,39.1
30059993,4,headache,7,107,153,74,18,96,38.0
30059994,2,chest pain,9,81,105,86,15,94,37.9
30059995,4,laceration,7,107,111,66,15,92,37.5
30059996,4,abdominal pain,4,80,144,74,19,100,38.1
30059997,3,shortness of breath,6,75,104,78,18,95,37.8
30059998,3,fall,7,77,111,73,14,96,37.9
30059999,3,shortness of breath,4,61,145,58,19,98,36.0
30060000,3,shortness of breath,1,97,116,82,20,99,38.3
30060001,3,shortness of breath,7,55,146,64,15,93,37.0
30060002,2,fall,9,62,163,84,19,98,36.5
30060003,3,anxiety,7,91,93,94,19,98,37.0
30060004,1,fever,9,87,116,89,20,92,36.9
30060005,4,fall,7,92,101,72,18,97,37.4
30060006,1,anxiety,10,86,141,54,15,98,36.7
30060007,4,fever,4,81,166,87,14,95,37.8
30060008,3,fall,3,57,140,69,15,97,37.7
30060009,4,abdominal pain,7,91,157,62,21,98,36.5
30060010,2,knee pain,6,85,141,94,21,100,37.0
30060011,4,anxiety,1,63,121,96,17,98,37.1
30060012,4,fall,4,65,109,58,18,100,37.0
30060013,4,laceration,5,93,107,92,19,95,39.0
30060014,4,knee pain,3,74,142,112,22,96,35.7
30060015,2,anxiety,10,65,118,89,22,100,35.8
30060016,2,headache,8,94,126,94,24,89,37.4
30060017,2,anxiety,10,79,147,92,15,97,35.6
30060018,3,laceration,7,85,127,85,13,97,36.9
30060019,3,back pain,7,108,162,86,22,97,38.2
30060020,3,back pain,0,79,124,58,18,99,37.5
30060021,2,chest pain,7,67,173,83,23,100,36.9
30060022,3,knee pain,5,71,133,73,24,93,37.0
30060023,2,laceration,8,117,144,68,13,97,36.5
30060024,2,shortness of breath,7,84,123,71,19,100,37.7
30060025,3,laceration,3,100,117,89,19,96,37.3
30060026,2,chest pain,6,81,119,103,26,98,36.0
30060027,5,chest pain,3,80,134,79,10,99,36.8
30060028,4,headache,3,79,133,91,12,100,38.6
30060029,1,laceration,6,81,128,85,19,95,38.5
30060030,3,headache,5,94,129,102,17,98,35.9
30060031,5,shortness of breath,6,95,109,77,14,98,36.6
30060032,5,back pain,6,76,135,67,18,96,37.2
30060033,4,laceration,3,74,139,93,22,94,35.6
30060034,2,headache,10,85,101,91,23,95,36.8
30060035,1,anxiety,7,97,142,66,14,98,35.7
30060036,5,fever,5,82,145,95,27,99,36.3
30060037,3,fever,4,89,118,80,22,99,37.2
30060038,3,fever,5,72,146,87,20,95,35.3
30060039,3,fall,7,92,151,105,20,95,36.6
30060040,5,shortness of breath,0,89,114,61,22,96,37.5
30060041,3,headache,4,75,148,78,19,95,35.4
30060042,4,knee pain,3,81,129,95,27,99,37.5
30060043,3,fall,2,78,134,68,15,95,37.6
30060044,3,fever,5,79,118,64,14,91,38.1
30060045,3,shortness of breath,2,82,125,96,11,93,38.3
30060046,4,laceration,5,98,111,78,19,97,37.3
30060047,3,shortness of breath,2,83,179,118,21,100,36.8
30060048,3,chest pain,2,87,109,87,19,91,36.2
30060049,3,back pain,2,76,126,85,12,98,36.0
30060050,2,fever,8,66,178,91,19,95,36.4
30060051,3,headache,1,99,139,82,17,100,37.0
30060052,1,chest pain,10,76,137,58,20,99,37.4
30060053,1,fall,10,81,116,79,16,99,36.1
30060054,4,chest pain,4,108,131,60,23,98,35.7
30060055,2,chest pain,9,68,138,94,27,99,36.2
30060056,3,abdominal pain,1,93,99,107,11,100,36.1
30060057,3,chest pain,3,99,130,91,13,100,36.5
30060058,4,fever,1,63,101,90,18,100,36.7
30060059,3,chest pain,0,70,127,79,20,94,35.9
30060060,2,fall,7,76,102,71,15,100,35.1
30060061,1,laceration,7,89,102,66,17,100,36.5
30060062,3,shortness of breath,0,98,95,55,12,97,36.7
30060063,3,laceration,4,66,161,110,14,98,36.8
30060064,3,shortness of breath,0,99,132,55,18,91,36.8
30060065,3,laceration,3,104,127,54,22,95,37.8
30060066,1,anxiety,10,73,130,83,16,95,37.9
30060067,3,laceration,2,77,107,87,17,94,37.2
30060068,3,anxiety,2,75,80,52,13,94,37.0
30060069,3,abdominal pain,0,93,121,89,19,100,36.4
30060070,3,headache,5,85,120,66,21,95,36.9
30060071,2,knee pain,7,79,108,50,18,93,37.9
30060072,3,chest pain,4,94,112,85,18,99,37.4
30060073,4,back pain,3,85,137,78,23,97,37.3
30060074,2,abdominal pain,9,81,125,99,21,100,37.2
30060075,2,fever,7,95,126,82,18,97,36.9
30060076,3,chest pain,6,97,124,65,11,99,36.8
30060077,3,shortness of breath,0,95,155,89,17,99,34.9
30060078,3,back pain,4,91,132,84,17,99,39.4
30060079,1,abdominal pain,10,100,120,106,20,100,38.4
30060080,3,headache,5,103,118,63,19,100,37.7
30060081,2,knee pain,6,102,136,84,14,96,38.1
30060082,4,abdominal pain,0,84,123,70,16,96,36.3
30060083,3,anxiety,5,85,152,49,20,95,37.2
30060084,3,back pain,4,83,144,80,20,97,37.6
30060085,3,anxiety,1,108,116,97,18,96,38.3
30060086,2,anxiety,10,85,123,61,21,96,37.5
30060087,3,chest pain,2,94,131,64,24,92,37.4
30060088,1,shortness of breath,6,85,104,84,14,100,38.3
30060089,3,anxiety,6,76,131,100,17,97,37.2
30060090,2,back pain,6,78,131,68,12,94,36.8
30060091,1,back pain,7,87,100,77,18,95,37.6
30060092,2,fall,8,66,124,95,15,98,35.8
30060093,3,fever,6,78,109,60,20,99,36.9
30060094,4,fever,4,105,125,103,13,100,36.3
30060095,3,abdominal pain,4,90,127,101,18,93,37.3
30060096,3,fall,5,108,109,79,18,96,37.8
30060097,1,abdominal pain,9,62,135,72,16,99,37.3
30060098,4,back pain,3,75,126,104,16,99,38.4
30060099,3,headache,3,80,134,95,20,100,37.0
30060100,3,fall,1,95,119,87,20,97,36.1
30060101,4,laceration,4,79,123,65,10,99,36.9
30060102,2,shortness of breath,10,79,119,82,18,100,36.3
30060103,3,shortness of breath,5,92,121,91,14,93,36.4
30060104,5,anxiety,7,98,150,62,23,94,36.8
30060105,3,headache,5,93,88,69,12,96,38.9
30060106,1,knee pain,8,73,111,58,19,96,37.7
30060107,3,knee pain,2,87,135,77,16,96,36.2
30060108,2,headache,6,78,94,65,21,99,37.6
30060109,3,headache,1,92,118,75,10,98,37.3
30060110,2,headache,10,105,141,96,18,97,36.2
30060111,3,fall,0,111,121,75,20,100,35.9
30060112,3,abdominal pain,5,84,128,81,21,99,37.3
30060113,3,back pain,3,67,114,105,17,99,36.5
30060114,4,shortness of breath,0,84,123,75,24,95,36.7
30060115,2,anxiety,10,75,131,83,13,92,37.3
30060116,5,laceration,3,83,90,97,9,93,36.3
30060117,3,back pain,0,62,108,81,14,93,37.7
30060118,3,laceration,3,88,116,100,19,93,36.1
30060119,3,anxiety,2,103,141,90,17,100,38.2
30060120,3,knee pain,0,102,130,73,16,96,38.5
30060121,2,abdominal pain,7,61,100,91,18,96,36.2
30060122,3,abdominal pain,0,74,116,53,20,99,39.2
30060123,2,shortness of breath,7,90,120,86,19,97,37.5
30060124,1,abdominal pain,7,63,131,89,8,96,38.0
30060125,3,laceration,2,85,158,38,13,99,37.4
30060126,3,headache,3,92,117,93,19,94,37.1
30060127,5,back pain,2,86,103,106,14,95,38.7
30060128,4,chest pain,6,91,128,97,21,92,36.9
30060129,5,fall,4,98,114,70,23,100,35.0
30060130,4,knee pain,3,79,109,42,16,97,36.8
30060131,4,back pain,1,95,170,64,15,90,36.8
30060132,4,fall,1,55,131,77,23,99,37.3
30060133,3,fall,5,111,131,78,15,98,37.3
30060134,4,chest pain,1,84,126,82,18,100,36.2
30060135,2,abdominal pain,10,110,142,87,17,99,37.6
30060136,4,knee pain,3,71,115,59,22,93,35.6
30060137,3,anxiety,1,77,104,74,23,97,37.4
30060138,3,anxiety,6,105,144,103,20,93,38.5
30060139,3,laceration,0,71,132,79,15,100,36.3
30060140,2,fever,6,88,141,85,15,96,37.0
30060141,2,knee pain,7,89,146,74,14,97,36.1
30060142,3,abdominal pain,0,57,138,105,21,100,36.5
30060143,2,fall,7,56,98,69,19,94,36.0
30060144,3,anxiety,4,91,126,78,21,97,37.6
30060145,3,laceration,4,55,143,80,17,96,36.6
30060146,3,chest pain,4,83,112,97,23,96,36.6
30060147,1,anxiety,10,90,134,77,20,98,37.7
30060148,3,fever,7,56,110,57,28,95,36.4
30060149,3,shortness of breath,1,71,100,95,18,99,36.3
30060150,3,abdominal pain,4,73,108,90,15,93,38.3
30060151,4,headache,5,101,157,69,18,98,36.9
30060152,3,fever,7,103,140,105,14,100,36.6
30060153,1,chest pain,6,83,100,98,23,98,36.8
30060154,2,abdominal pain,9,98,134,99,20,98,37.6
30060155,5,headache,5,77,115,70,19,100,38.0
30060156,4,laceration,1,68,102,75,22,100,37.0
30060157,2,fall,6,71,145,87,15,88,35.3
30060158,2,anxiety,9,88,120,92,23,97,36.9
30060159,3,chest pain,0,84,129,80,10,93,36.7
30060160,5,shortness of breath,3,90,141,101,15,100,36.6
30060161,4,back pain,3,89,141,79,25,100,34.4
30060162,1,back pain,6,65,105,81,14,93,37.9
30060163,3,headache,1,98,129,73,11,96,37.7
30060164,5,fever,2,93,163,70,18,97,37.2
30060165,3,fall,1,87,134,76,31,94,37.0
30060166,3,shortness of breath,0,65,122,103,22,96,36.7
30060167,4,shortness of breath,2,96,132,80,18,98,37.4
30060168,3,headache,7,81,148,79,12,93,37.0
30060169,4,laceration,2,80,107,81,23,95,36.3
30060170,2,shortness of breath,6,91,127,90,18,100,38.1
30060171,3,knee pain,1,57,145,89,13,99,37.1
30060172,2,anxiety,8,100,133,91,15,100,37.5
30060173,2,back pain,9,81,140,86,21,100,37.5
30060174,3,headache,0,89,154,44,20,99,37.8
30060175,2,abdominal pain,7,93,102,65,15,97,36.4
30060176,2,fall,9,93,100,67,20,99,38.4
30060177,2,fever,8,85,116,73,22,100,38.3
30060178,2,headache,10,95,144,57,18,93,36.7
30060179,1,anxiety,8,73,145,80,15,96,35.8
30060180,1,chest pain,9,98,117,62,21,98,35.5
30060181,3,fever,5,91,114,82,14,96,36.5
30060182,3,headache,2,82,123,97,17,100,35.6
30060183,5,anxiety,5,112,123,77,22,99,38.0
30060184,2,back pain,6,79,130,48,9,95,36.9
30060185,4,chest pain,6,97,135,80,16,100,36.0
30060186,3,shortness of breath,5,90,95,73,17,97,36.4
30060187,1,laceration,10,85,122,35,13,98,37.0
30060188,3,shortness of breath,4,89,117,91,20,90,36.4
30060189,4,headache,7,100,112,74,10,100,35.8
30060190,4,headache,3,79,149,80,15,93,36.7
30060191,2,headache,7,99,93,54,19,97,36.2
30060192,3,fall,3,87,120,54,21,99,35.8
30060193,3,abdominal pain,7,56,136,75,19,93,36.8
30060194,2,abdominal pain,10,91,116,91,17,93,36.5
30060195,4,knee pain,5,92,106,73,19,98,37.3
30060196,3,laceration,3,88,139,75,15,95,36.6
30060197,2,chest pain,8,83,157,77,24,99,36.8
30060198,3,shortness of breath,0,77,140,59,13,99,38.2
30060199,2,fall,9,100,94,89,25,100,37.2
30060200,3,fall,5,82,120,81,13,100,37.0
30060201,5,fall,1,67,132,83,12,95,36.4
30060202,5,shortness of breath,5,88,137,64,20,95,36.9
30060203,4,fall,4,85,104,87,20,100,36.7
30060204,3,abdominal pain,1,91,100,64,15,98,37.6
30060205,3,headache,1,72,121,97,18,94,36.6
30060206,3,fall,7,123,120,72,12,95,36.9
30060207,2,knee pain,7,96,113,77,16,96,35.4
30060208,3,back pain,7,117,135,79,27,95,37.8
30060209,3,abdominal pain,2,88,167,50,13,96,37.2
30060210,3,back pain,0,74,108,87,13,100,38.1
30060211,1,fever,6,91,138,68,6,97,37.2
30060212,2,knee pain,6,66,100,95,20,97,37.6
30060213,5,abdominal pain,0,97,164,67,19,95,35.1
30060214,4,anxiety,7,66,148,70,20,100,37.2
30060215,3,shortness of breath,5,82,136,77,11,95,37.8
30060216,2,shortness of breath,6,61,142,65,14,93,37.2
30060217,4,chest pain,0,97,109,46,23,95,38.6
30060218,3,headache,4,73,141,85,16,100,38.2
30060219,2,fever,8,92,114,88,17,98,37.1
30060220,2,back pain,6,66,106,124,22,100,36.7
30060221,3,laceration,6,88,126,80,18,94,37.6
30060222,3,anxiety,7,86,113,85,15,95,38.7
30060223,5,anxiety,0,62,112,63,19,100,38.1
30060224,3,chest pain,2,51,111,78,21,100,35.9
30060225,3,chest pain,7,104,149,90,16,100,36.6
30060226,2,back pain,6,110,94,74,21,100,36.9
30060227,3,anxiety,6,81,117,86,19,100,37.5
30060228,3,laceration,1,58,100,79,20,96,37.5
30060229,3,chest pain,5,78,159,55,18,96,37.5
30060230,4,back pain,4,63,118,74,16,90,36.5
30060231,3,shortness of breath,0,81,133,104,21,99,35.3
30060232,3,laceration,5,78,170,85,21,95,37.5
30060233,3,fall,5,87,144,75,26,97,36.9
30060234,4,headache,3,94,93,50,18,100,37.3
30060235,3,back pain,6,65,123,87,12,86,36.9
30060236,3,fall,0,64,130,86,24,98,38.5
30060237,3,back pain,0,71,135,104,25,93,36.8
30060238,2,abdominal pain,8,84,134,39,18,94,36.5
30060239,3,shortness of breath,5,83,148,78,19,92,37.4
30060240,3,anxiety,4,75,99,75,14,96,37.7
30060241,2,shortness of breath,6,97,123,89,19,93,36.6
30060242,2,knee pain,9,79,132,60,15,96,37.7
30060243,3,shortness of breath,7,67,130,115,22,100,37.2
30060244,3,abdominal pain,5,96,106,78,21,100,37.0
30060245,4,abdominal pain,2,86,167,53,26,95,37.5
30060246,3,knee pain,3,57,105,76,9,100,37.6
30060247,3,laceration,2,69,123,61,17,88,37.8
30060248,4,abdominal pain,4,99,122,98,12,98,36.8
30060249,5,shortness of breath,1,98,138,79,13,99,36.7
30060250,4,laceration,7,72,128,73,21,100,36.8
30060251,1,back pain,6,58,113,75,21,94,38.1
30060252,3,fever,2,80,119,70,17,89,36.3
30060253,4,laceration,5,107,147,65,20,99,36.9
30060254,3,anxiety,7,84,102,62,20,93,36.5
30060255,3,shortness of breath,2,93,143,73,12,100,37.9
30060256,3,shortness of breath,7,71,157,46,12,94,35.1
30060257,4,fall,1,85,143,105,18,96,37.0
30060258,3,headache,1,96,112,85,20,94,36.9
30060259,3,shortness of breath,2,91,129,92,17,96,36.9
30060260,3,fever,5,102,99,81,17,100,37.6
30060261,3,shortness of breath,2,81,85,99,19,99,37.4
30060262,3,fall,7,87,134,64,20,100,37.6
30060263,4,anxiety,6,109,120,62,16,97,37.4
30060264,4,headache,5,100,106,65,14,92,36.1
30060265,3,fever,1,71,133,90,18,99,36.9
30060266,4,headache,0,83,184,101,14,100,37.9
30060267,3,laceration,3,81,154,76,21,97,37.4
30060268,2,abdominal pain,7,95,119,51,19,98,36.7
30060269,3,knee pain,6,87,127,88,15,97,36.5
30060270,3,headache,6,112,125,105,14,100,37.5
30060271,3,anxiety,6,78,127,65,25,100,37.9
30060272,3,back pain,4,100,127,78,20,95,38.1
30060273,4,fall,5,71,121,66,21,96,36.7
30060274,3,laceration,3,94,101,57,19,95,36.6
30060275,3,anxiety,5,89,108,64,22,92,37.1
30060276,2,fall,7,77,111,81,13,100,37.5
30060277,3,fall,7,74,145,87,16,99,36.3
30060278,1,fever,10,89,147,74,22,94,39.0
30060279,3,back pain,2,73,133,89,18,97,37.5
30060280,2,back pain,6,69,109,52,22,100,36.2
30060281,3,shortness of breath,1,91,111,69,14,99,37.6
30060282,3,anxiety,1,95,154,69,13,100,35.6
30060283,3,fall,2,82,110,79,15,98,37.8
30060284,4,chest pain,6,106,94,87,20,99,37.0
30060285,2,fever,7,75,122,74,12,96,36.9
30060286,3,fall,3,92,120,81,15,100,37.4
30060287,4,back pain,0,72,130,85,18,95,36.8
30060288,3,knee pain,6,81,118,74,20,93,37.7
30060289,3,chest pain,6,73,170,89,14,100,38.2
30060290,4,chest pain,2,76,126,86,12,100,36.5
30060291,2,anxiety,9,79,117,71,19,95,37.4
30060292,3,abdominal pain,7,73,126,91,13,92,37.4
30060293,3,back pain,2,94,129,80,15,99,38.2
30060294,3,anxiety,1,111,130,79,23,95,36.4
30060295,3,anxiety,7,89,143,67,10,99,38.2
30060296,1,fall,8,85,145,49,20,94,37.5
30060297,3,abdominal pain,4,97,150,103,13,99,36.8
30060298,2,headache,6,88,142,96,18,99,36.7
30060299,3,abdominal pain,0,65,112,53,16,98,37.6
30060300,4,abdominal pain,6,109,153,78,17,94,36.6
30060301,4,laceration,6,83,133,55,17,99,38.2
30060302,3,knee pain,6,72,114,89,14,98,37.5
30060303,3,abdominal pain,7,86,134,51,14,94,36.0
30060304,3,laceration,7,72,144,77,23,98,38.0
30060305,3,anxiety,6,71,139,81,16,95,37.0
30060306,2,headache,9,84,128,104,11,100,36.8
30060307,3,headache,0,77,144,76,18,95,37.0
30060308,1,knee pain,6,74,143,113,16,91,37.1
30060309,2,fever,6,74,159,89,10,93,38.0
30060310,3,back pain,4,79,129,72,22,94,36.4
30060311,4,anxiety,0,66,129,91,22,100,38.7
30060312,3,headache,3,71,167,67,14,99,36.7
30060313,1,back pain,8,84,126,54,19,95,36.7
30060314,3,fever,6,97,159,51,25,94,38.0
30060315,2,headache,9,69,109,91,20,100,38.1
30060316,4,fall,2,82,115,88,18,89,37.7
30060317,4,back pain,6,97,148,90,24,96,37.8
30060318,3,shortness of breath,5,93,72,90,22,100,39.7
30060319,3,headache,4,80,165,77,20,94,37.2
30060320,3,chest pain,0,82,140,54,14,100,36.1
30060321,3,anxiety,2,97,118,66,15,100,36.3
30060322,4,laceration,3,86,139,51,27,97,36.0
30060323,4,knee pain,1,64,115,94,21,96,36.8
30060324,3,chest pain,7,108,114,52,15,99,37.5
30060325,4,chest pain,1,78,86,80,22,88,36.8
30060326,3,fall,6,64,133,94,16,98,36.7
30060327,4,chest pain,1,93,136,103,23,97,36.4
30060328,3,anxiety,4,94,94,89,15,100,36.9
30060329,4,chest pain,3,115,79,63,9,99,34.6
30060330,3,fever,3,63,136,99,12,96,36.7
30060331,3,laceration,1,103,135,101,22,100,37.7
30060332,1,shortness of breath,8,82,99,124,19,98,36.5
30060333,3,back pain,6,87,149,82,13,99,38.2
30060334,3,laceration,5,86,102,60,21,96,35.6
30060335,4,fever,7,95,127,73,9,100,39.0
30060336,5,knee pain,6,77,127,109,17,100,36.0
30060337,1,headache,8,96,108,87,22,97,36.6
30060338,2,knee pain,9,95,127,91,23,91,36.8
30060339,2,headache,8,79,115,49,21,100,36.1
30060340,5,back pain,0,75,141,65,18,92,37.3
30060341,3,headache,3,110,111,73,19,93,38.0
30060342,4,laceration,6,77,92,99,16,96,35.7
30060343,3,headache,5,85,119,88,12,100,36.8
30060344,3,back pain,2,83,108,92,16,95,37.9
30060345,3,fall,2,106,148,88,18,98,37.0
30060346,4,shortness of breath,6,110,97,101,14,93,37.5
30060347,2,shortness of breath,8,89,134,72,15,96,38.1
30060348,3,fever,0,99,161,55,13,97,37.5
30060349,3,abdominal pain,6,56,126,59,14,95,37.4
30060350,3,back pain,6,118,129,66,15,99,36.5
30060351,3,knee pain,0,100,80,59,13,96,37.6
30060352,2,abdominal pain,7,65,155,72,23,100,36.0
30060353,2,chest pain,8,97,160,89,18,93,38.6
30060354,3,laceration,3,86,98,78,15,99,36.5
30060355,2,shortness of breath,8,70,147,71,22,99,38.4
30060356,2,fever,8,87,112,79,19,98,37.5
30060357,3,back pain,1,64,117,77,20,95,37.6
30060358,3,laceration,1,100,124,104,13,93,36.8
30060359,1,knee pain,10,97,129,61,16,96,38.2
30060360,4,chest pain,5,62,121,66,23,100,35.8
30060361,4,abdominal pain,4,105,121,58,20,95,35.7
30060362,3,fall,1,95,129,85,20,93,37.8
30060363,3,anxiety,1,101,136,63,19,91,37.6
30060364,3,laceration,6,83,172,102,18,97,37.2
30060365,3,back pain,5,76,138,65,11,96,37.3
30060366,2,laceration,6,68,122,66,18,98,37.5
30060367,3,fever,7,84,131,75,20,97,36.3
30060368,3,knee pain,6,50,149,78,25,99,36.6
30060369,3,chest pain,7,79,95,76,21,100,36.9
30060370,3,abdominal pain,5,104,129,72,17,95,37.1
30060371,3,fall,7,76,105,64,18,98,37.1
30060372,2,back pain,7,94,130,71,10,89,36.9
30060373,3,anxiety,1,75,117,79,9,98,37.8
30060374,3,abdominal pain,5,87,123,88,22,96,36.0
30060375,2,fall,6,85,97,79,14,100,38.0
30060376,3,abdominal pain,3,63,108,78,21,97,37.4
30060377,5,laceration,6,64,182,86,21,95,37.2
30060378,3,back pain,1,61,173,84,19,99,37.0
30060379,3,chest pain,7,93,98,90,18,97,37.1
30060380,4,knee pain,6,77,129,62,20,100,37.5
30060381,1,shortness of breath,8,75,133,98,21,100,36.5
30060382,3,fever,5,108,138,78,17,100,36.7
30060383,2,shortness of breath,9,47,134,82,7,99,38.6
30060384,3,fever,0,105,108,76,16,98,37.1
30060385,3,laceration,7,91,102,104,18,95,37.4
30060386,4,shortness of breath,0,103,123,62,15,100,36.1
30060387,2,shortness of breath,9,79,129,128,18,96,37.0
30060388,2,back pain,10,89,76,86,19,94,36.9
30060389,4,back pain,3,70,103,79,24,91,36.1
30060390,5,shortness of breath,0,107,127,83,19,98,36.3
30060391,3,knee pain,2,113,122,67,17,99,37.3
30060392,3,chest pain,4,87,150,85,17,95,35.8
30060393,3,fall,0,103,115,88,23,97,36.0
30060394,3,fever,6,106,121,63,18,94,36.4
30060395,2,anxiety,9,72,136,81,24,100,37.9
30060396,3,fever,1,66,123,64,18,96,36.1
30060397,2,chest pain,7,69,142,70,24,96,38.5
30060398,2,fall,6,81,139,89,20,97,35.4
30060399,3,fever,7,103,129,87,20,96,36.6
30060400,2,headache,8,64,94,69,11,93,37.1
30060401,3,laceration,1,66,168,76,19,98,37.4
30060402,4,fall,6,91,100,90,19,97,37.1
30060403,4,knee pain,1,74,128,81,18,96,36.3
30060404,2,laceration,10,91,128,68,23,95,35.4
30060405,3,back pain,5,98,121,94,19,97,37.2
30060406,3,headache,4,64,117,89,21,98,36.8
30060407,4,knee pain,2,73,122,106,17,98,36.1
30060408,3,shortness of breath,5,90,128,75,19,98,37.2
30060409,3,headache,7,101,118,70,11,100,36.0
30060410,3,shortness of breath,7,70,99,88,19,96,36.1
30060411,3,abdominal pain,0,91,124,75,19,97,35.6
30060412,1,knee pain,6,105,130,96,8,98,37.2
30060413,3,chest pain,7,85,153,66,22,95,36.6
30060414,3,back pain,7,100,133,51,23,97,38.1
30060415,3,back pain,5,95,127,72,24,100,37.4
30060416,3,shortness of breath,2,90,164,62,19,96,38.3
30060417,3,headache,0,89,138,61,12,97,37.2
30060418,3,back pain,4,88,112,100,15,95,37.5
30060419,3,anxiety,3,98,142,75,26,92,36.9
30060420,3,anxiety,3,79,123,58,20,98,37.3
30060421,4,headache,1,89,116,40,8,99,37.1
30060422,3,laceration,1,77,122,92,20,98,37.3
30060423,2,abdominal pain,9,82,172,80,16,96,37.5
30060424,4,fever,1,78,110,65,7,100,36.3
30060425,2,laceration,7,70,114,79,15,98,37.2
30060426,4,fever,3,101,86,79,23,94,36.9
30060427,4,anxiety,4,103,81,66,21,97,36.7
30060428,5,headache,0,74,141,70,14,95,35.2
30060429,4,abdominal pain,3,86,136,79,25,90,37.5
30060430,3,knee pain,1,80,115,88,14,99,36.9
30060431,3,fall,6,83,116,83,20,90,36.6
30060432,4,anxiety,2,122,146,97,15,96,36.5
30060433,3,shortness of breath,7,91,126,77,26,99,34.9
30060434,4,shortness of breath,6,81,153,100,10,96,36.3
30060435,4,anxiety,1,78,160,82,14,94,36.3
30060436,1,anxiety,10,78,98,89,20,94,37.5
30060437,4,knee pain,0,79,118,76,17,95,37.1
30060438,5,back pain,6,82,95,82,24,97,37.0
30060439,3,laceration,2,73,83,64,9,100,37.2
30060440,3,back pain,6,71,133,99,14,100,35.7
30060441,4,fever,3,83,99,97,21,91,36.3
30060442,3,knee pain,6,94,105,60,10,94,38.5
30060443,3,abdominal pain,4,75,129,71,24,95,38.1
30060444,4,fall,4,110,113,65,23,98,36.5
30060445,3,anxiety,5,95,117,69,20,100,37.2
30060446,4,fall,2,75,97,42,15,95,37.7
30060447,3,fall,6,67,139,70,20,100,36.0
30060448,3,chest pain,5,83,130,71,16,91,36.6
30060449,2,chest pain,8,70,127,68,20,98,35.6
30060450,3,abdominal pain,5,126,122,91,18,97,36.6
30060451,4,back pain,1,59,138,72,15,95,37.1
30060452,4,fever,4,72,124,70,9,95,36.9
30060453,3,headache,3,70,127,97,27,98,35.6
30060454,3,laceration,3,104,115,105,15,100,36.7
30060455,3,abdominal pain,7,72,139,68,16,100,37.0
30060456,3,fall,0,85,112,99,25,94,37.0
30060457,2,fever,10,87,108,91,16,100,37.4
30060458,3,knee pain,3,55,116,102,21,100,35.7
30060459,3,fever,4,88,139,83,13,96,36.7
30060460,3,headache,0,85,142,77,17,97,36.6
30060461,3,fall,3,83,79,76,22,100,36.9
30060462,2,shortness of breath,9,86,132,95,14,100,36.7
30060463,4,abdominal pain,6,74,122,90,22,100,36.5
30060464,1,headache,7,92,146,76,25,97,36.6
30060465,3,laceration,6,68,109,97,13,98,36.6
30060466,2,fever,9,94,95,65,22,95,37.1
30060467,4,fever,6,87,111,89,11,100,36.0
30060468,3,headache,3,74,133,80,18,100,38.6
30060469,2,chest pain,9,79,106,104,24,98,36.9
30060470,2,knee pain,9,79,108,61,20,92,34.7
30060471,3,anxiety,0,79,122,102,24,97,36.5
30060472,2,laceration,8,95,147,73,16,99,37.7
30060473,2,back pain,7,82,125,68,19,99,37.1
30060474,3,fever,7,107,132,87,18,94,38.0
30060475,4,laceration,3,96,129,68,20,97,38.0
30060476,4,fall,3,66,131,79,21,98,37.9
30060477,2,laceration,6,85,133,74,9,95,35.8
30060478,3,laceration,6,59,124,86,26,100,38.8
30060479,2,chest pain,7,99,144,85,19,100,35.9
30060480,3,shortness of breath,1,85,137,67,28,97,35.9
30060481,3,back pain,4,77,104,74,11,95,36.0
30060482,3,laceration,6,107,136,69,20,92,35.9
30060483,3,anxiety,0,106,115,78,19,99,37.1
30060484,3,fever,2,90,127,51,22,97,37.5
30060485,1,knee pain,8,106,107,63,17,94,37.0
30060486,2,fall,9,100,118,83,18,99,37.4
30060487,2,fall,9,82,107,61,12,99,37.1
30060488,3,fever,1,73,122,100,25,95,36.8
30060489,2,fever,10,110,99,94,20,93,37.9
30060490,3,abdominal pain,1,63,168,69,23,96,36.4
30060491,3,headache,5,97,142,88,23,97,36.2
30060492,3,anxiety,0,75,110,51,19,97,36.5
30060493,3,anxiety,3,91,127,64,16,97,37.4
30060494,4,laceration,0,115,127,98,16,100,36.7
30060495,2,back pain,8,101,133,51,24,97,37.3
30060496,4,headache,1,81,132,67,20,100,36.2
30060497,3,back pain,4,86,99,80,17,99,36.8
30060498,3,fall,4,88,118,89,19,99,37.9
30060499,1,laceration,8,74,115,71,16,100,37.2
30060500,2,knee pain,8,94,121,106,19,100,36.9
30060501,4,shortness of breath,2,85,162,86,16,99,37.3
30060502,3,shortness of breath,7,92,152,80,14,96,36.6
30060503,1,chest pain,7,64,125,90,13,94,36.3
30060504,2,chest pain,7,92,97,82,13,100,36.9
30060505,3,shortness of breath,4,89,138,106,16,100,37.1
30060506,2,fall,10,69,121,95,15,94,37.4
30060507,3,fall,5,84,113,73,27,96,37.8
30060508,1,laceration,10,81,168,115,19,96,38.3
30060509,3,anxiety,0,93,147,88,17,94,36.9
30060510,3,laceration,2,59,111,81,20,96,37.0
30060511,3,anxiety,4,59,128,101,17,94,36.3
30060512,4,fever,7,77,113,66,21,99,37.4
30060513,1,shortness of breath,9,92,120,94,19,100,36.7
30060514,3,anxiety,6,87,134,91,21,100,37.5
30060515,3,headache,7,90,131,78,22,94,36.5
30060516,3,abdominal pain,3,75,125,52,21,100,36.1
30060517,4,chest pain,6,79,123,78,18,100,37.8
30060518,2,fever,9,80,104,99,17,94,35.3
30060519,2,fall,9,109,114,102,17,97,37.4
30060520,3,laceration,0,85,124,46,19,100,37.2
30060521,3,chest pain,0,56,157,91,11,95,36.2
30060522,3,shortness of breath,0,94,114,89,15,92,38.1
30060523,3,fall,7,80,133,68,21,100,35.1
30060524,3,knee pain,7,74,109,80,16,98,38.2
30060525,3,headache,2,102,151,72,19,90,37.1
30060526,4,back pain,1,82,118,102,13,98,37.4
30060527,4,fall,4,110,114,74,13,97,36.5
30060528,3,chest pain,4,65,112,60,15,95,37.2
30060529,3,chest pain,4,73,122,89,17,94,39.0
30060530,3,chest pain,6,61,139,70,16,96,36.9
30060531,5,fall,4,81,132,76,10,97,36.4
30060532,3,shortness of breath,0,70,158,73,21,100,37.6
30060533,3,knee pain,4,71,119,93,24,94,37.2
30060534,4,knee pain,5,101,107,104,13,98,37.1
30060535,4,fall,6,100,78,76,13,100,37.3
30060536,3,chest pain,3,87,129,81,23,98,36.8
30060537,3,abdominal pain,2,101,147,59,19,94,37.1
30060538,3,fall,0,57,118,100,16,95,36.5
30060539,4,laceration,1,69,97,69,20,100,35.6
30060540,3,knee pain,3,101,130,94,24,100,37.8
30060541,3,chest pain,1,78,101,95,21,99,37.6
30060542,3,headache,2,69,126,94,27,96,37.4
30060543,2,abdominal pain,10,78,113,109,15,96,37.3
30060544,3,fall,3,77,121,71,18,95,37.3
30060545,3,knee pain,0,88,140,71,17,99,37.9
30060546,3,knee pain,2,72,127,71,13,100,38.2
30060547,3,fall,0,108,143,88,21,97,37.7
30060548,3,fever,6,85,119,39,13,99,37.1
30060549,4,chest pain,4,77,190,73,13,94,36.9
30060550,5,shortness of breath,3,90,160,87,18,94,37.2
30060551,3,knee pain,0,87,128,93,24,96,38.9
30060552,4,fall,7,68,121,85,16,99,37.6
30060553,3,fall,7,80,110,90,20,97,36.1
30060554,3,fever,7,68,104,90,9,98,37.7
30060555,3,laceration,7,72,138,104,18,97,36.0
30060556,3,headache,2,90,140,70,16,100,38.1
30060557,4,abdominal pain,2,84,177,101,20,93,36.7
30060558,1,knee pain,9,57,106,67,22,98,36.1
30060559,3,knee pain,0,61,150,94,10,91,37.1
30060560,3,fall,2,105,124,77,14,100,37.0
30060561,2,headache,7,75,142,84,13,92,37.5
30060562,3,fall,1,102,131,87,21,100,37.6
30060563,4,anxiety,1,90,89,87,21,97,36.5
30060564,3,laceration,0,101,167,61,18,95,37.1
30060565,4,abdominal pain,1,117,93,99,14,94,35.8
30060566,3,fever,6,72,115,106,19,100,36.5
30060567,2,back pain,7,56,129,77,21,97,37.9
30060568,3,chest pain,1,89,110,93,19,93,37.8
30060569,2,fever,9,75,159,106,13,96,37.3
30060570,2,fall,7,93,117,75,19,96,36.0
30060571,3,knee pain,2,81,131,51,17,97,36.5
30060572,2,chest pain,6,85,106,44,21,97,36.2
30060573,4,knee pain,0,101,130,98,23,99,37.5
30060574,5,chest pain,5,73,124,109,18,97,37.6
30060575,3,knee pain,4,83,131,95,21,98,36.6
30060576,3,anxiety,0,72,84,105,15,99,36.3
30060577,3,fever,1,85,114,72,16,98,37.6
30060578,2,laceration,8,77,121,81,15,98,38.2
30060579,5,knee pain,0,114,127,45,17,98,37.2
30060580,3,fever,6,76,70,87,16,97,37.5
30060581,2,anxiety,10,91,140,98,20,96,35.4
30060582,4,anxiety,5,88,110,78,14,96,36.5
30060583,3,knee pain,5,39,114,113,16,97,37.6
30060584,4,anxiety,5,108,135,86,17,96,37.0
30060585,3,back pain,1,71,143,82,21,96,38.4
30060586,2,knee pain,9,112,117,76,16,96,37.5
30060587,3,knee pain,3,97,151,71,20,97,38.5
30060588,4,shortness of breath,0,101,110,42,17,95,36.2
30060589,3,laceration,4,76,107,82,25,98,36.5
30060590,3,chest pain,3,48,143,78,19,95,36.0
30060591,3,fall,5,65,114,83,17,95,36.9
30060592,3,anxiety,0,67,141,89,14,94,38.0
30060593,2,shortness of breath,9,89,157,82,23,98,37.5
30060594,5,headache,7,104,119,57,21,94,37.7
30060595,3,fall,0,93,130,95,19,94,37.3
30060596,3,laceration,3,95,100,107,20,97,38.0
30060597,3,fall,1,78,119,72,21,99,36.7
30060598,4,back pain,1,96,119,81,14,100,38.1
30060599,3,fall,2,107,129,67,14,97,37.1
30060600,4,shortness of breath,2,79,97,97,14,99,37.7
30060601,4,fever,7,88,123,105,19,99,37.3
30060602,3,fall,4,86,138,64,20,99,38.1
30060603,3,laceration,1,127,71,90,15,98,37.0
30060604,3,chest pain,7,76,86,99,14,96,36.0
30060605,3,laceration,4,80,108,106,24,100,35.1
30060606,3,fever,2,79,116,66,23,99,37.0
30060607,2,shortness of breath,7,94,109,90,17,96,37.8
30060608,4,knee pain,0,80,151,53,21,97,36.4
30060609,3,chest pain,2,57,121,62,21,95,37.7
30060610,4,back pain,0,68,124,61,18,94,37.1
30060611,3,shortness of breath,2,81,129,94,16,98,37.4
30060612,2,laceration,8,96,133,84,20,98,36.7
30060613,3,fever,3,123,111,65,20,100,37.8
30060614,2,knee pain,9,73,113,72,17,92,35.7
30060615,2,abdominal pain,8,96,140,78,18,100,36.7
30060616,2,laceration,8,107,64,91,25,95,36.5
30060617,3,chest pain,2,90,116,94,19,99,36.6
30060618,3,back pain,4,95,105,65,21,100,37.8
30060619,4,back pain,6,75,82,70,13,97,38.0
30060620,3,knee pain,1,83,142,104,10,92,37.9
30060621,1,headache,9,101,121,93,13,91,36.9
30060622,3,back pain,3,76,98,85,19,97,37.5
30060623,4,fever,5,92,118,75,15,94,37.4
30060624,2,headache,8,84,124,73,21,96,36.6
30060625,4,abdominal pain,7,74,113,60,18,99,35.5
30060626,1,fever,10,86,138,63,19,95,36.5
30060627,3,abdominal pain,4,81,154,70,20,93,36.6
30060628,3,headache,0,83,98,66,19,100,37.1
30060629,4,fall,0,97,139,83,21,100,35.9
30060630,3,chest pain,5,86,99,102,21,99,37.8
30060631,3,knee pain,4,79,163,69,17,96,37.4
30060632,3,back pain,4,99,142,92,13,97,36.7
30060633,4,anxiety,6,79,96,56,15,98,38.0
30060634,2,fall,10,63,156,69,27,91,36.7
30060635,4,back pain,0,99,102,66,25,94,38.0
30060636,3,laceration,0,88,132,96,14,100,38.4
30060637,3,back pain,3,76,148,109,21,98,35.1
30060638,4,back pain,2,89,129,83,12,94,36.8
30060639,4,back pain,3,55,154,72,20,97,37.0
30060640,3,back pain,7,100,146,61,21,100,37.3
30060641,4,anxiety,2,70,162,72,23,98,36.4
30060642,4,laceration,3,74,142,74,19,96,37.5
30060643,4,anxiety,3,78,138,94,17,98,35.9
30060644,3,headache,2,67,134,62,22,92,36.9
30060645,3,laceration,2,108,141,46,18,98,37.8
30060646,3,fall,4,84,122,86,14,98,36.9
30060647,3,back pain,0,90,95,55,21,92,36.9
30060648,3,knee pain,3,79,126,72,19,95,35.8
30060649,4,anxiety,7,99,115,93,10,98,37.7
30060650,3,shortness of breath,5,76,121,64,22,92,38.7
30060651,4,laceration,1,100,138,105,18,100,37.0
30060652,3,back pain,4,75,129,95,24,100,35.9
30060653,4,headache,3,85,152,74,12,96,38.1
30060654,2,abdominal pain,7,70,141,76,21,92,36.0
30060655,1,laceration,9,89,119,62,18,93,36.7
30060656,1,fever,8,94,108,100,18,98,36.8
30060657,2,chest pain,8,82,118,104,21,93,36.6
30060658,3,chest pain,5,78,142,64,15,99,37.8
30060659,3,laceration,5,83,146,98,21,96,36.8
30060660,4,knee pain,0,82,126,91,17,99,35.8
30060661,3,abdominal pain,4,72,117,97,22,97,36.0
30060662,4,knee pain,7,87,158,87,16,100,37.1
30060663,4,knee pain,1,82,137,74,21,92,36.0
30060664,3,shortness of breath,4,92,109,81,25,95,36.4
30060665,5,fall,3,83,86,64,13,100,38.4
30060666,3,fever,5,85,141,86,13,96,36.0
30060667,1,fever,9,91,117,115,18,99,36.9
30060668,4,chest pain,0,90,78,75,16,98,38.1
30060669,2,laceration,7,85,122,72,24,96,37.7
30060670,2,back pain,10,112,140,68,16,96,36.9
30060671,3,laceration,4,47,114,90,13,97,36.8
30060672,4,anxiety,0,95,91,73,9,100,37.3
30060673,2,headache,6,70,121,78,18,94,35.9
30060674,5,knee pain,1,51,125,103,16,94,36.3
30060675,5,abdominal pain,3,95,118,64,20,95,36.1
30060676,1,laceration,8,88,112,86,16,97,38.3
30060677,2,chest pain,9,63,148,74,17,94,36.7
30060678,3,anxiety,6,85,128,86,19,96,36.2
30060679,4,laceration,0,100,155,74,18,100,36.7
30060680,3,knee pain,6,78,139,79,17,96,36.7
30060681,1,abdominal pain,6,61,169,89,19,99,36.7
30060682,4,shortness of breath,4,91,147,95,15,99,36.4
30060683,3,chest pain,3,97,124,88,14,99,37.7
30060684,3,knee pain,5,84,122,76,20,89,36.6
30060685,2,knee pain,7,64,132,93,8,98,37.4
30060686,4,fever,1,100,132,54,17,100,37.0
30060687,3,abdominal pain,2,77,139,78,17,97,36.5
30060688,3,knee pain,4,75,118,81,20,95,36.7
30060689,3,chest pain,1,91,142,95,17,96,37.0
30060690,2,headache,10,88,123,78,12,100,38.2
30060691,3,shortness of breath,0,79,145,71,14,100,36.3
30060692,2,knee pain,7,95,94,90,14,96,36.2
30060693,5,laceration,5,109,140,79,15,96,36.2
30060694,3,knee pain,1,110,136,87,11,99,36.1
30060695,3,anxiety,7,78,129,78,16,96,36.7
30060696,2,anxiety,7,94,155,97,22,99,38.5
30060697,3,knee pain,2,71,161,85,14,93,37.4
30060698,2,headache,7,62,129,76,13,100,37.1
30060699,3,fever,1,63,141,78,16,100,37.1
30060700,3,abdominal pain,3,94,131,87,18,97,36.3
30060701,4,fever,5,71,136,75,13,100,36.9
30060702,3,chest pain,7,95,144,72,21,100,36.8
30060703,4,laceration,7,110,119,94,24,100,37.2
30060704,5,anxiety,1,69,137,73,19,95,36.3
30060705,4,fever,5,96,122,91,11,97,38.6
30060706,3,fall,5,57,133,91,21,98,37.6
30060707,4,headache,6,82,139,60,18,100,36.2
30060708,3,fall,7,77,103,68,16,93,36.1
30060709,5,chest pain,3,112,108,78,18,92,37.6
30060710,3,back pain,0,70,111,56,21,97,37.4
30060711,2,knee pain,8,83,123,72,16,99,35.6
30060712,3,anxiety,6,101,123,71,18,95,37.1
30060713,3,shortness of breath,7,69,136,115,23,96,36.1
30060714,4,fever,4,88,134,72,11,94,36.1
30060715,2,chest pain,9,77,119,75,19,98,35.7
30060716,2,fall,7,93,101,98,20,100,37.3
30060717,4,back pain,5,129,161,73,15,100,36.8
30060718,3,shortness of breath,6,107,126,88,17,96,38.1
30060719,3,headache,2,74,103,98,18,98,37.1
30060720,3,anxiety,6,96,107,92,20,93,36.9
30060721,3,shortness of breath,2,110,145,86,23,100,36.4
30060722,2,abdominal pain,10,38,108,103,26,95,38.5
30060723,3,headache,4,79,112,75,15,100,36.1
30060724,3,back pain,1,72,133,56,15,97,37.0
30060725,3,abdominal pain,0,108,106,56,17,97,35.8
30060726,3,shortness of breath,1,100,133,89,22,99,35.6
30060727,2,knee pain,8,65,138,75,19,100,38.6
30060728,3,anxiety,6,111,124,98,19,99,37.0
30060729,4,knee pain,0,83,127,76,20,99,36.8
30060730,2,abdominal pain,9,104,154,130,18,97,37.0
30060731,2,fall,9,88,72,75,11,95,35.6
30060732,3,back pain,4,91,129,68,16,97,36.7
30060733,2,headache,9,61,111,98,14,98,37.6
30060734,3,fever,7,102,144,86,18,93,36.9
30060735,3,laceration,5,82,157,89,19,99,37.4
30060736,3,abdominal pain,5,81,138,86,14,96,36.1
30060737,4,abdominal pain,0,67,142,77,22,96,36.7
30060738,3,anxiety,4,91,132,61,15,100,37.6
30060739,2,shortness of breath,9,69,126,69,17,100,36.9
30060740,4,headache,0,60,83,94,16,98,36.4
30060741,2,abdominal pain,10,77,141,67,21,100,37.1
30060742,2,fall,7,85,148,72,12,94,37.5
30060743,3,knee pain,2,64,110,101,22,100,38.1
30060744,3,fall,2,100,124,72,21,95,37.9
30060745,3,headache,7,84,116,65,22,96,36.0
30060746,3,laceration,7,95,128,77,16,95,36.6
30060747,4,headache,2,86,110,71,10,96,37.4
30060748,2,knee pain,8,55,152,92,23,97,38.6
30060749,4,shortness of breath,0,68,113,72,11,96,37.1
30060750,3,laceration,6,89,120,58,19,93,36.2
30060751,4,fall,4,72,114,115,23,100,38.0
30060752,3,fall,4,83,116,74,18,96,36.3
30060753,3,chest pain,2,89,133,61,20,94,37.2
30060754,2,chest pain,7,97,121,100,21,100,38.1
30060755,3,fall,7,83,134,79,22,97,37.5
30060756,4,abdominal pain,4,87,117,79,21,99,36.6
30060757,4,back pain,7,111,123,94,23,97,37.3
30060758,1,fever,9,62,101,86,23,100,37.5
30060759,4,fever,4,84,88,92,21,93,37.2
30060760,3,chest pain,1,63,126,102,12,97,36.9
30060761,3,shortness of breath,0,78,140,67,18,100,37.0
30060762,5,headache,0,98,109,99,16,96,37.7
30060763,3,laceration,0,101,139,94,16,98,37.0
30060764,3,fever,1,86,139,83,23,96,36.3
30060765,2,shortness of breath,8,101,154,105,16,94,38.2
30060766,2,fall,10,96,111,92,15,98,36.0
30060767,3,fever,6,58,119,89,13,95,37.1
30060768,2,fall,6,93,97,89,23,98,37.4
30060769,4,knee pain,4,85,134,71,16,99,37.0
30060770,4,fall,1,84,137,95,24,99,36.8
30060771,4,laceration,6,85,106,78,21,95,37.7
30060772,3,shortness of breath,6,100,111,79,14,93,38.0
30060773,3,chest pain,2,91,135,43,16,98,38.3
30060774,1,shortness of breath,6,67,118,92,11,98,37.4
30060775,5,knee pain,6,74,116,62,13,99,36.3
30060776,4,headache,1,90,154,77,19,100,38.4
30060777,3,fever,3,98,140,79,12,97,35.3
30060778,2,fall,6,76,190,74,25,95,38.3
30060779,2,back pain,8,102,147,56,18,95,36.8
30060780,3,anxiety,3,97,114,91,17,98,37.4
30060781,2,knee pain,10,83,130,73,17,93,37.6
30060782,3,knee pain,3,96,112,72,25,90,36.9
30060783,3,knee pain,0,66,136,76,19,100,36.6
30060784,3,fever,2,69,120,91,17,92,36.6
30060785,3,fall,5,103,147,107,18,96,36.3
30060786,3,laceration,0,99,98,58,12,98,38.0
30060787,3,fever,6,90,101,97,20,98,37.4
30060788,5,knee pain,0,88,131,93,10,100,38.5
30060789,4,shortness of breath,5,67,157,94,12,93,35.6
30060790,3,shortness of breath,7,88,130,92,24,95,35.4
30060791,3,back pain,1,85,119,86,24,99,36.2
30060792,3,fall,5,64,120,96,14,100,36.4
30060793,3,abdominal pain,1,72,109,96,23,97,34.5
30060794,3,laceration,4,98,114,70,16,100,37.3
30060795,4,knee pain,0,96,100,73,21,94,38.4
30060796,3,fever,4,82,137,83,11,99,36.9
30060797,2,fever,6,122,153,87,23,97,36.7
30060798,4,headache,2,89,135,110,15,95,37.6
30060799,2,abdominal pain,7,104,137,93,19,95,36.4
30060800,2,fall,10,89,145,71,22,94,36.4
30060801,4,fever,6,49,110,70,14,95,36.2
30060802,3,fall,6,94,116,114,19,100,36.4
30060803,2,headache,6,93,105,91,23,99,37.1
30060804,3,knee pain,4,78,110,96,17,97,37.7
30060805,3,fever,4,86,123,80,17,98,36.8
30060806,3,headache,0,81,132,83,16,92,37.5
30060807,3,back pain,4,92,91,60,14,94,36.3
30060808,3,fever,1,105,94,67,23,95,38.1
30060809,1,laceration,9,96,154,109,19,99,36.4
30060810,3,chest pain,0,85,119,83,21,91,36.6
30060811,3,anxiety,5,103,86,73,16,100,37.5
30060812,2,back pain,7,111,142,92,14,100,37.1
30060813,4,back pain,1,99,89,80,16,97,36.8
30060814,4,back pain,6,92,147,101,12,96,37.9
30060815,2,laceration,8,84,138,98,16,99,36.6
30060816,3,headache,5,83,107,98,20,96,36.9
30060817,3,fever,3,89,111,98,19,96,36.9
30060818,1,knee pain,9,100,124,86,15,92,37.6
30060819,4,knee pain,4,77,147,106,22,95,37.0
30060820,3,abdominal pain,7,81,108,64,15,97,36.7
30060821,4,shortness of breath,5,101,135,86,15,93,37.6
30060822,3,fever,7,78,109,60,15,100,37.3
30060823,3,fall,5,79,127,104,23,98,36.1
30060824,3,knee pain,7,86,121,90,12,95,37.0
30060825,2,fever,8,69,142,63,18,99,39.3
30060826,2,back pain,9,74,112,89,14,99,38.1
30060827,3,abdominal pain,4,70,129,93,22,100,37.0
30060828,3,chest pain,2,99,160,65,26,99,36.4
30060829,3,fever,2,82,123,64,13,91,38.0
30060830,3,headache,5,117,147,64,19,96,36.3
30060831,1,fever,10,86,164,89,16,98,37.2
30060832,3,chest pain,2,95,143,50,11,99,36.4
30060833,4,chest pain,6,92,95,93,14,99,36.4
30060834,4,anxiety,2,77,136,85,21,99,37.0
30060835,2,shortness of breath,6,86,106,69,12,98,37.8
30060836,3,chest pain,1,77,95,81,16,95,36.8
30060837,3,shortness of breath,7,99,117,76,20,98,37.7
30060838,5,anxiety,5,91,112,90,23,98,37.0
30060839,2,laceration,7,115,113,74,18,99,36.1
30060840,4,knee pain,0,77,170,65,16,93,37.1
30060841,2,shortness of breath,6,77,144,94,20,100,38.0
30060842,3,fall,3,118,126,86,19,100,36.7
30060843,4,abdominal pain,7,81,145,79,16,99,37.7
30060844,3,chest pain,4,74,100,68,20,98,36.6
30060845,4,laceration,5,82,151,67,19,94,36.2
30060846,2,abdominal pain,8,102,112,90,20,96,36.9
30060847,2,back pain,6,65,78,80,19,100,37.6
30060848,5,back pain,4,68,107,67,19,92,35.3
30060849,2,back pain,10,75,106,59,16,96,36.3
30060850,3,shortness of breath,2,89,130,82,15,97,37.9
30060851,1,abdominal pain,8,76,128,80,16,92,37.8
30060852,3,knee pain,3,81,130,86,19,95,37.2
30060853,3,knee pain,2,92,154,59,22,97,37.7
30060854,1,abdominal pain,8,66,146,59,17,96,34.9
30060855,4,headache,0,81,140,79,25,99,37.0
30060856,3,laceration,6,82,153,85,22,97,38.2
30060857,2,shortness of breath,10,97,94,85,21,99,36.5
30060858,3,fever,3,68,123,79,16,100,35.8
30060859,4,fall,6,66,136,90,19,100,37.8
30060860,3,chest pain,1,86,108,108,21,99,37.6
30060861,1,headache,9,74,80,65,15,95,36.7
30060862,3,chest pain,1,68,148,65,15,95,37.7
30060863,3,knee pain,3,70,167,80,15,96,36.1
30060864,3,knee pain,7,76,114,62,21,95,37.0
30060865,4,back pain,4,82,119,94,19,95,37.1
30060866,4,knee pain,0,94,191,82,17,97,36.2
30060867,5,anxiety,5,94,115,98,17,93,36.1
30060868,3,anxiety,4,73,103,88,15,95,38.2
30060869,4,fall,0,94,176,78,21,100,36.5
30060870,3,fever,7,60,123,82,24,98,38.3
30060871,3,laceration,5,81,108,61,18,93,37.4
30060872,3,abdominal pain,7,92,116,76,16,95,37.6
30060873,4,back pain,0,103,125,91,17,96,35.9
30060874,2,fever,6,99,129,75,13,100,36.2
30060875,2,shortness of breath,6,69,115,86,16,100,37.3
30060876,3,anxiety,1,91,137,73,18,92,36.8
30060877,3,headache,0,76,141,67,24,100,36.6
30060878,3,back pain,6,115,131,103,16,98,37.7
30060879,4,knee pain,7,53,128,53,32,96,36.2
30060880,3,headache,0,88,132,57,12,100,36.1
30060881,4,fever,2,65,130,116,18,93,34.9
30060882,3,abdominal pain,5,85,148,73,15,93,36.6
30060883,2,anxiety,10,88,125,83,26,94,36.5
30060884,1,anxiety,7,83,104,80,19,97,35.7
30060885,2,anxiety,8,100,117,99,21,100,36.9
30060886,3,fall,7,109,94,77,18,94,36.3
30060887,2,chest pain,6,116,100,58,21,93,37.3
30060888,4,fever,0,76,177,71,17,99,37.1
30060889,3,knee pain,0,82,125,90,17,100,36.4
30060890,2,knee pain,9,97,132,75,14,95,37.3
30060891,3,knee pain,7,90,146,94,15,96,37.0
30060892,3,knee pain,4,87,129,81,21,97,35.4
30060893,3,abdominal pain,5,80,116,70,11,93,38.1
30060894,4,headache,1,111,113,93,21,96,37.1
30060895,3,knee pain,0,77,129,58,20,99,35.4
30060896,3,fall,6,98,122,70,15,96,36.7
30060897,3,knee pain,7,72,136,82,20,99,36.6
30060898,1,back pain,7,69,140,82,22,98,37.0
30060899,2,knee pain,10,98,95,78,29,96,36.4
30060900,4,fall,1,77,157,81,21,100,36.5
30060901,2,chest pain,10,101,95,87,19,94,37.5
30060902,3,headache,5,92,135,77,19,96,37.0
30060903,3,headache,4,80,113,86,17,98,37.3
30060904,3,fall,7,86,149,78,23,95,37.1
30060905,3,headache,7,87,121,106,17,93,37.4
30060906,4,anxiety,7,99,124,89,18,98,36.8
30060907,2,shortness of breath,7,79,122,85,22,100,37.6
30060908,3,knee pain,4,122,130,90,20,100,36.3
30060909,3,headache,3,80,132,78,15,100,37.1
30060910,3,headache,7,89,102,103,15,98,36.9
30060911,3,laceration,2,101,128,98,24,94,37.9
30060912,3,laceration,1,84,123,95,17,92,38.1
30060913,3,fever,7,90,103,89,16,100,37.2
30060914,4,anxiety,0,87,129,57,17,99,36.1
30060915,2,back pain,9,53,138,95,21,98,36.9
30060916,3,fall,6,96,138,74,16,97,36.9
30060917,3,shortness of breath,5,66,98,95,9,99,36.7
30060918,4,headache,7,62,145,55,14,93,37.2
30060919,5,knee pain,6,79,165,79,10,97,37.0
30060920,2,back pain,7,107,136,99,16,94,37.6
30060921,4,headache,1,85,119,80,24,94,38.2
30060922,3,abdominal pain,5,79,145,83,13,95,36.4
30060923,3,fall,0,69,116,82,13,100,37.0
30060924,3,fever,1,78,101,59,13,100,36.6
30060925,4,back pain,1,58,119,96,13,98,37.2
30060926,4,fall,3,88,105,71,17,100,35.7
30060927,3,back pain,4,68,109,114,21,99,37.4
30060928,3,shortness of breath,5,57,109,93,19,99,35.5
30060929,3,headache,6,77,125,86,11,96,36.7
30060930,4,laceration,3,67,110,57,19,95,37.8
30060931,3,laceration,7,92,82,87,18,97,36.6
30060932,3,abdominal pain,1,86,125,82,15,93,36.7
30060933,4,shortness of breath,0,85,114,86,24,92,36.9
30060934,5,headache,3,71,129,74,19,96,37.0
30060935,2,fever,9,126,121,76,21,95,37.0
30060936,2,headache,9,104,121,74,21,100,37.9
30060937,4,back pain,6,65,81,83,21,97,37.8
30060938,3,abdominal pain,1,109,113,60,18,96,36.1
30060939,3,fever,0,91,148,70,21,99,36.7
30060940,2,fever,7,69,141,79,20,99,37.0
30060941,3,shortness of breath,4,83,104,94,12,100,38.6
30060942,3,laceration,3,95,139,104,15,94,36.9
30060943,3,knee pain,0,64,149,77,11,95,37.0
30060944,5,laceration,2,109,144,75,22,97,37.2
30060945,3,fall,6,67,104,80,17,95,36.5
30060946,1,chest pain,9,76,136,61,17,91,36.5
30060947,2,fall,6,79,145,84,11,100,36.7
30060948,3,chest pain,1,75,111,74,17,98,37.3
30060949,4,laceration,6,115,118,81,17,97,38.0
30060950,3,chest pain,7,74,101,51,23,100,37.3
30060951,2,fever,6,114,124,62,26,100,37.0
30060952,2,back pain,6,83,144,83,16,93,37.2
30060953,3,back pain,3,88,165,87,16,99,36.9
30060954,3,shortness of breath,0,56,170,68,22,100,36.9
30060955,3,back pain,3,76,123,106,14,92,36.8
30060956,3,shortness of breath,6,90,120,74,20,96,37.0
30060957,3,shortness of breath,1,74,113,52,20,100,36.8
30060958,3,anxiety,3,73,110,71,11,99,36.4
30060959,2,anxiety,8,88,66,81,19,95,37.5
30060960,3,laceration,3,77,108,50,12,96,36.5
30060961,3,laceration,5,68,135,49,19,99,37.0
30060962,2,laceration,6,75,116,52,24,98,37.8
30060963,3,fever,5,91,117,83,15,92,37.2
30060964,3,anxiety,7,83,124,67,13,98,37.5
30060965,2,abdominal pain,9,80,146,77,19,92,36.3
30060966,3,anxiety,1,98,119,78,15,98,37.7
30060967,3,shortness of breath,3,110,136,71,17,99,38.9
30060968,3,chest pain,3,88,147,92,24,100,36.2
30060969,3,shortness of breath,0,94,102,79,18,97,35.9
30060970,3,fall,6,65,149,90,24,100,36.8
30060971,3,fall,7,69,148,92,18,95,36.3
30060972,3,headache,6,74,116,95,22,100,38.4
30060973,3,fever,2,76,135,87,17,100,37.0
30060974,3,knee pain,2,123,151,57,17,98,36.9
30060975,3,abdominal pain,4,86,119,50,18,89,35.6
30060976,1,laceration,9,103,131,68,14,96,35.2
30060977,3,laceration,2,99,106,69,14,99,37.0
30060978,3,fall,2,63,126,87,14,99,36.8
30060979,4,shortness of breath,7,65,112,71,14,96,38.0
30060980,4,laceration,5,126,130,71,22,99,37.6
30060981,3,headache,7,88,141,108,18,91,36.5
30060982,3,fever,6,79,126,75,22,97,37.8
30060983,3,abdominal pain,5,66,119,51,21,94,36.5
30060984,2,headache,9,95,140,72,12,98,36.3
30060985,1,shortness of breath,9,75,143,88,17,98,38.0
30060986,2,laceration,10,63,145,80,18,95,37.6
30060987,4,knee pain,0,61,126,105,20,99,37.4
30060988,3,headache,1,85,107,89,17,100,36.7
30060989,3,abdominal pain,1,92,111,73,22,96,36.9
30060990,2,laceration,8,95,146,62,23,99,37.8
30060991,3,shortness of breath,1,74,129,82,22,97,35.5
30060992,3,chest pain,0,108,101,88,12,97,36.0
30060993,5,headache,1,80,145,100,20,98,37.8
30060994,3,anxiety,0,92,117,89,18,93,37.5
30060995,4,chest pain,2,110,163,88,19,94,38.7
30060996,4,knee pain,5,85,117,78,15,94,36.3
30060997,5,headache,2,56,96,68,23,95,37.9
30060998,3,fever,4,85,100,76,26,100,36.2
30060999,3,anxiety,1,90,139,58,17,97,37.6
30061000,3,back pain,4,91,118,63,22,97,38.6
30061001,4,abdominal pain,1,93,137,90,16,89,36.7
30061002,1,fall,7,99,113,79,18,100,36.7
30061003,2,abdominal pain,8,70,118,77,10,97,36.6
30061004,2,chest pain,6,65,147,102,14,97,37.8
30061005,3,back pain,4,63,111,80,19,99,36.4
30061006,4,shortness of breath,0,89,110,66,17,92,37.4
30061007,3,laceration,4,81,118,97,17,94,36.9
30061008,3,fall,0,74,151,100,21,99,38.3
30061009,4,laceration,5,72,143,99,19,98,35.6
30061010,3,abdominal pain,1,92,152,79,17,93,36.1
30061011,1,anxiety,10,97,160,74,21,95,37.5
30061012,3,laceration,5,80,124,108,18,100,36.8
30061013,3,headache,1,77,133,68,17,100,37.7
30061014,2,laceration,10,84,129,97,26,99,36.1
30061015,2,knee pain,10,95,141,85,15,97,36.6
30061016,4,headache,6,101,141,88,17,98,36.5
30061017,3,abdominal pain,5,93,98,74,19,98,38.1
30061018,3,headache,1,63,129,73,23,95,37.7
30061019,2,headache,7,87,128,75,16,99,38.4
30061020,3,anxiety,3,66,121,96,23,98,36.1
30061021,3,fever,4,101,116,87,20,100,37.1
30061022,4,shortness of breath,3,65,124,47,13,93,36.9
30061023,2,laceration,8,85,141,73,25,97,36.4
30061024,4,fever,1,92,131,53,13,95,37.2
30061025,3,shortness of breath,7,76,138,80,19,93,36.9
30061026,3,headache,3,87,157,110,21,98,36.2
30061027,2,anxiety,10,103,123,92,20,100,36.4
30061028,3,chest pain,2,71,142,102,22,100,38.1
30061029,3,chest pain,6,90,129,94,17,100,36.7
30061030,2,fall,8,80,105,95,14,100,37.3
30061031,3,back pain,4,92,161,74,23,96,37.3
30061032,3,abdominal pain,2,93,116,92,22,93,37.0
30061033,4,shortness of breath,1,98,106,66,22,100,36.6
30061034,3,fall,0,87,137,85,20,98,36.7
30061035,2,fall,9,92,135,74,18,91,37.7
30061036,3,shortness of breath,0,90,93,67,10,95,36.0
30061037,3,abdominal pain,1,70,130,102,19,99,36.4
30061038,3,chest pain,1,66,128,97,20,88,36.2
30061039,3,chest pain,1,67,117,80,15,100,35.9
30061040,3,back pain,2,96,135,72,21,100,36.7
30061041,3,fever,4,89,130,79,22,99,37.9
30061042,5,knee pain,7,80,112,66,9,100,37.2
30061043,3,knee pain,0,103,145,78,18,96,37.8
30061044,3,fall,4,84,57,89,17,96,37.9
30061045,4,anxiety,7,88,133,85,14,98,37.6
30061046,3,back pain,4,66,118,77,21,96,36.4
30061047,2,anxiety,6,108,126,68,14,100,36.4
30061048,2,fever,6,84,144,98,14,94,38.2
30061049,1,abdominal pain,6,79,124,64,26,97,37.2
30061050,4,headache,1,78,150,77,11,96,37.0
30061051,2,fall,6,65,113,66,19,92,36.7
30061052,3,shortness of breath,0,98,106,67,15,100,37.4
30061053,2,laceration,9,86,123,93,23,98,37.6
30061054,3,shortness of breath,2,67,100,89,17,90,37.5
30061055,2,back pain,6,73,161,66,20,95,36.5
30061056,3,headache,1,65,142,69,18,99,36.7
30061057,3,fever,6,86,136,70,18,99,36.5
30061058,3,shortness of breath,2,62,114,90,20,98,36.4
30061059,1,abdominal pain,6,88,119,74,27,98,36.5
30061060,3,shortness of breath,4,88,126,56,27,98,38.0
30061061,2,back pain,7,75,137,83,21,99,37.0
30061062,2,fever,7,88,122,53,14,99,35.2
30061063,4,back pain,6,97,96,75,17,99,37.6
30061064,3,laceration,7,101,112,66,9,97,36.9
30061065,4,fall,3,72,113,87,19,97,37.1
30061066,2,knee pain,8,94,120,69,21,100,38.8
30061067,3,shortness of breath,1,88,102,101,21,96,36.5
30061068,5,fall,0,91,140,83,18,98,37.2
30061069,3,fall,1,66,121,74,21,99,37.7
30061070,2,chest pain,10,63,152,108,20,93,37.8
30061071,4,abdominal pain,4,104,151,79,14,100,37.3
30061072,3,laceration,6,90,116,75,19,94,38.2
30061073,3,fever,2,49,111,89,19,95,37.0
30061074,3,abdominal pain,0,109,165,76,22,98,36.9
30061075,2,headache,9,99,131,99,16,96,36.3
30061076,3,shortness of breath,0,74,121,71,20,100,36.8
30061077,2,chest pain,9,81,89,72,20,100,36.6
30061078,2,headache,8,66,159,80,15,97,37.1
30061079,4,fall,2,88,123,81,13,98,37.5
30061080,4,headache,4,79,128,41,16,92,38.2
30061081,1,shortness of breath,10,87,117,61,28,94,35.8
30061082,3,abdominal pain,0,85,69,71,18,95,36.8
30061083,3,anxiety,1,76,122,77,23,97,36.0
30061084,4,knee pain,6,88,132,93,13,94,36.5
30061085,3,anxiety,4,98,138,72,20,100,37.7
30061086,5,shortness of breath,2,60,118,73,22,95,36.7
30061087,3,fever,7,62,156,106,16,97,37.5
30061088,2,knee pain,10,79,133,81,11,96,37.4
30061089,2,knee pain,10,66,145,78,23,92,35.4
30061090,3,laceration,1,91,109,91,23,100,36.6
30061091,2,back pain,9,75,123,82,17,100,36.2
30061092,3,laceration,0,82,116,86,24,92,37.9
30061093,3,fever,4,86,143,73,17,95,37.6
30061094,3,headache,3,77,159,80,9,94,37.3
30061095,3,knee pain,4,100,103,77,18,95,36.5
30061096,3,anxiety,7,74,162,91,8,96,37.1
30061097,2,back pain,7,92,110,63,23,92,37.5
30061098,3,chest pain,1,69,125,77,27,97,37.3
30061099,3,headache,7,76,119,85,21,94,35.5
30061100,3,fever,7,86,110,90,22,95,38.0
30061101,3,anxiety,2,96,146,78,19,92,38.0
30061102,4,chest pain,6,101,94,58,11,98,37.5
30061103,3,abdominal pain,3,105,144,66,16,95,37.6
30061104,2,back pain,7,82,159,99,17,100,38.7
30061105,4,knee pain,1,86,156,97,21,100,36.8
30061106,3,anxiety,4,80,132,81,10,93,37.1
30061107,3,anxiety,2,95,124,94,29,95,36.0
30061108,2,knee pain,10,118,150,89,9,98,37.4
30061109,3,fever,4,90,139,81,13,100,37.2
30061110,3,abdominal pain,4,71,133,81,8,100,36.2
30061111,3,chest pain,4,69,118,75,20,99,35.4
30061112,5,shortness of breath,7,78,133,84,17,94,37.6
30061113,3,anxiety,3,109,114,75,23,98,36.3
30061114,3,laceration,6,56,128,75,18,93,35.9
30061115,3,knee pain,3,64,125,77,18,97,36.5
30061116,3,shortness of breath,6,82,139,75,16,97,37.2
30061117,3,anxiety,0,96,89,56,20,100,38.5
30061118,3,fever,6,89,108,122,23,95,36.8
30061119,3,laceration,6,84,127,83,20,100,38.1
30061120,3,knee pain,5,66,107,75,19,94,37.3
30061121,3,chest pain,7,80,126,61,19,99,38.4
30061122,3,abdominal pain,3,78,109,96,14,97,35.2
30061123,3,fever,1,77,87,76,13,97,37.8
30061124,4,chest pain,6,95,129,66,24,98,35.6
30061125,2,knee pain,7,97,145,76,17,98,38.5
30061126,2,laceration,8,97,149,81,22,96,38.0
30061127,1,fever,6,88,129,100,26,95,35.1
30061128,3,chest pain,2,76,90,70,26,97,36.1
30061129,3,fever,4,73,92,107,7,95,36.7
30061130,4,knee pain,3,90,125,66,19,99,37.9
30061131,2,knee pain,8,81,121,54,16,97,36.1
30061132,2,fever,7,88,150,79,23,93,37.7
30061133,3,fall,2,68,159,63,19,97,36.4
30061134,4,knee pain,6,87,154,63,22,97,38.1
30061135,3,fever,3,66,151,82,18,99,36.8
30061136,4,shortness of breath,2,88,112,90,18,93,38.0
30061137,3,abdominal pain,3,97,115,47,26,97,37.4
30061138,4,fever,6,72,98,67,10,97,37.4
30061139,3,fall,5,93,133,102,16,93,35.8
30061140,4,shortness of breath,0,93,104,75,23,97,38.2
30061141,3,anxiety,7,82,130,62,19,99,37.5
30061142,3,shortness of breath,0,101,134,93,18,94,36.0
30061143,3,fever,2,87,112,71,15,99,36.6
30061144,2,anxiety,6,102,164,81,19,94,37.0
30061145,4,knee pain,6,86,127,69,17,97,36.4
30061146,3,chest pain,2,81,130,93,17,96,37.8
30061147,3,back pain,5,101,129,76,23,99,38.8
30061148,2,knee pain,10,91,130,66,25,96,37.6
30061149,3,chest pain,1,80,129,81,21,94,37.7
30061150,3,chest pain,0,69,158,98,24,100,35.7
30061151,3,knee pain,4,107,108,80,26,92,36.2
30061152,3,abdominal pain,2,64,110,73,22,97,36.7
30061153,2,knee pain,10,95,117,55,14,94,35.9
30061154,2,chest pain,8,67,114,109,23,96,37.8
30061155,3,chest pain,4,60,129,80,16,99,36.4
30061156,2,shortness of breath,6,94,125,87,15,100,36.5
30061157,2,fever,9,101,121,101,12,96,37.5
30061158,3,back pain,4,44,104,89,21,93,37.0
30061159,3,shortness of breath,1,52,127,84,15,90,36.7
30061160,3,back pain,3,89,135,58,13,99,38.2
30061161,2,anxiety,8,92,71,74,19,97,37.2
30061162,3,abdominal pain,2,90,152,82,24,97,36.8
30061163,3,fall,7,103,140,66,15,93,35.9
30061164,3,laceration,2,67,130,77,24,100,37.5
30061165,3,anxiety,0,97,111,84,17,99,38.2
30061166,3,headache,7,65,178,86,11,100,38.0
30061167,3,fever,3,80,149,77,18,96,37.1
30061168,3,back pain,1,57,125,95,23,100,36.7
30061169,3,back pain,0,81,86,65,20,100,36.6
30061170,3,headache,0,61,123,107,18,97,36.0
30061171,1,laceration,6,92,118,77,14,98,38.6
30061172,3,headache,2,81,113,82,27,100,37.5
30061173,3,anxiety,6,65,135,98,18,100,37.0
30061174,3,chest pain,0,89,118,90,16,99,36.2
30061175,2,fall,9,97,119,60,18,100,37.8
30061176,3,chest pain,5,72,138,86,20,88,36.9
30061177,2,back pain,8,60,133,96,10,100,35.5
30061178,3,fever,4,87,131,103,18,100,36.5
30061179,5,knee pain,6,107,129,82,15,98,37.5
30061180,3,shortness of breath,5,68,108,49,21,97,37.2
30061181,3,anxiety,0,102,157,65,20,96,37.2
30061182,3,fever,2,78,108,68,19,96,37.4
30061183,3,knee pain,3,114,114,78,10,96,37.3
30061184,3,abdominal pain,5,99,124,70,11,93,38.1
30061185,4,knee pain,4,95,98,68,21,91,37.1
30061186,2,shortness of breath,10,85,101,72,16,96,37.1
30061187,4,chest pain,1,96,103,73,22,100,37.8
30061188,3,laceration,3,115,156,84,20,95,36.1
30061189,3,chest pain,7,67,130,71,24,92,37.2
30061190,3,fall,6,57,158,76,20,93,36.5
30061191,2,fever,10,99,142,111,22,96,37.2
30061192,3,laceration,5,87,121,78,13,99,35.6
30061193,3,anxiety,2,77,86,72,19,96,38.2
30061194,4,knee pain,6,89,130,78,20,97,36.2
30061195,3,shortness of breath,7,82,119,75,7,97,38.0
30061196,2,headache,7,95,158,93,21,100,37.1
30061197,4,knee pain,3,76,132,68,16,95,37.0
30061198,2,laceration,9,69,130,77,16,100,36.6
30061199,4,knee pain,5,61,91,83,11,100,36.9
30061200,3,anxiety,5,89,130,101,22,94,36.3
30061201,5,fever,4,74,124,90,19,93,36.4
30061202,4,back pain,2,108,119,71,19,100,36.4
30061203,2,chest pain,10,87,134,82,24,98,36.9
30061204,2,laceration,7,62,126,82,20,99,36.4
30061205,3,back pain,0,97,151,85,16,91,36.9
30061206,4,shortness of breath,5,49,102,80,13,96,36.1
30061207,3,knee pain,5,80,141,88,16,96,36.3
30061208,3,fever,0,69,126,90,20,91,37.9
30061209,2,fever,8,101,122,82,19,87,37.7
30061210,3,back pain,3,100,115,94,8,100,37.2
30061211,4,abdominal pain,2,86,133,90,16,93,37.4
30061212,3,abdominal pain,1,78,122,84,15,96,37.4
30061213,4,back pain,3,76,130,94,18,92,37.6
30061214,3,fall,1,100,158,63,16,97,36.8
30061215,1,back pain,7,84,114,83,27,99,37.6
30061216,1,anxiety,7,93,83,86,17,100,38.1
30061217,2,back pain,7,74,108,85,15,96,37.6
30061218,3,knee pain,6,57,103,64,21,100,36.6
30061219,1,shortness of breath,7,79,99,73,22,94,36.7
30061220,2,knee pain,7,74,112,80,20,100,35.5
30061221,1,back pain,7,87,131,79,17,98,35.5
30061222,3,laceration,2,76,145,63,18,100,36.6
30061223,3,shortness of breath,6,59,137,96,13,96,37.3
30061224,2,headache,9,86,112,63,20,95,38.7
30061225,3,anxiety,6,85,87,84,22,93,36.9
30061226,2,anxiety,6,78,133,65,17,98,36.9
30061227,3,shortness of breath,5,61,167,79,11,98,36.9
30061228,3,headache,2,65,176,70,22,100,37.1
30061229,3,headache,1,69,113,55,20,97,37.2
30061230,3,fall,3,85,136,82,19,98,37.7
30061231,4,laceration,2,82,147,77,20,99,37.7
30061232,3,shortness of breath,4,69,156,59,20,99,37.0
30061233,3,headache,3,126,131,85,25,100,37.0
30061234,2,chest pain,6,72,127,104,27,100,36.3
30061235,4,chest pain,6,111,119,88,20,95,38.0
30061236,4,fall,2,72,113,73,15,96,36.7
30061237,3,fever,7,70,104,49,15,100,37.9
30061238,1,shortness of breath,7,77,116,80,18,95,36.7
30061239,3,headache,5,85,145,97,19,91,37.2
30061240,3,shortness of breath,7,90,105,99,17,98,37.7
30061241,4,headache,3,94,165,63,22,93,35.2
30061242,2,chest pain,10,43,138,75,22,97,37.5
30061243,3,fall,1,60,123,50,20,94,38.1
30061244,2,abdominal pain,8,101,91,74,18,95,37.1
30061245,4,abdominal pain,2,103,142,93,23,92,36.1
30061246,3,abdominal pain,1,96,123,109,18,100,36.4
30061247,2,anxiety,6,99,133,93,17,98,36.5
30061248,2,headache,8,75,111,103,26,95,36.2
30061249,2,chest pain,6,96,160,73,16,99,36.4
30061250,5,laceration,4,67,117,78,21,99,36.0
30061251,3,fever,2,65,93,47,19,100,37.1
30061252,3,back pain,5,81,121,85,21,98,36.2
30061253,4,abdominal pain,4,93,151,82,20,100,37.1
30061254,2,laceration,7,90,137,62,14,100,38.5
30061255,3,fall,3,57,110,66,17,99,38.2
30061256,2,back pain,6,97,99,83,9,96,37.1
30061257,1,fall,7,76,92,59,18,97,36.4
30061258,1,shortness of breath,10,92,108,72,17,96,35.6
30061259,3,laceration,0,95,108,90,20,98,37.3
30061260,3,laceration,3,76,121,70,11,96,37.1
30061261,4,headache,2,94,147,41,14,95,37.3
30061262,3,chest pain,3,103,140,71,12,97,37.5
30061263,3,laceration,4,84,103,96,16,97,36.5
30061264,3,fall,2,111,142,89,20,91,37.1
30061265,2,fever,6,61,146,75,14,92,37.5
30061266,5,shortness of breath,7,78,166,79,21,90,38.0
30061267,3,laceration,6,79,112,86,12,100,37.7
30061268,3,anxiety,4,75,118,69,13,95,36.5
30061269,5,laceration,6,80,123,94,18,94,37.3
30061270,3,knee pain,1,97,107,51,18,96,37.2
30061271,4,back pain,1,69,115,70,12,99,37.3
30061272,4,knee pain,4,111,113,87,10,98,36.5
30061273,3,fever,2,84,108,72,14,92,37.0
30061274,3,fall,0,66,129,98,13,100,36.0
30061275,3,knee pain,4,57,147,89,24,95,36.9
30061276,3,knee pain,5,90,100,84,16,97,36.7
30061277,3,back pain,6,90,100,89,20,97,36.2
30061278,3,abdominal pain,2,64,160,79,20,95,37.7
30061279,3,shortness of breath,4,79,155,85,24,100,37.2
30061280,2,fever,10,59,127,84,12,98,36.2
30061281,3,shortness of breath,2,88,106,96,20,100,37.1
30061282,3,headache,0,98,110,88,13,94,36.3
30061283,3,back pain,2,83,135,96,17,98,36.2
30061284,3,back pain,0,98,132,97,23,100,37.3
30061285,3,chest pain,7,79,113,72,13,99,35.3
30061286,4,fall,1,95,125,73,17,94,36.0
30061287,3,anxiety,2,55,108,121,23,92,37.6
30061288,2,anxiety,7,90,98,76,18,96,35.1
30061289,3,knee pain,7,84,124,78,17,96,37.8
30061290,3,abdominal pain,4,70,137,54,19,100,36.6
30061291,4,abdominal pain,2,110,108,89,18,100,36.4
30061292,3,chest pain,2,83,154,63,11,100,36.5
30061293,3,fall,0,95,129,70,19,96,35.4
30061294,3,fever,6,73,123,82,21,99,37.4
30061295,5,back pain,3,88,98,64,16,96,36.1
30061296,3,headache,6,96,104,53,12,92,35.5
30061297,3,fall,7,102,118,73,25,94,37.4
30061298,3,back pain,0,85,134,81,9,99,36.7
30061299,3,shortness of breath,1,103,96,96,22,100,37.5
30061300,2,laceration,10,63,101,77,16,93,35.3
30061301,3,abdominal pain,4,66,126,54,23,99,35.4
30061302,2,knee pain,8,94,127,68,19,99,36.5
30061303,2,anxiety,7,93,101,74,19,96,37.0
30061304,2,abdominal pain,6,106,104,79,16,93,36.9
30061305,3,laceration,6,92,103,59,14,100,37.3
30061306,1,fall,6,76,105,73,14,98,36.7
30061307,4,fall,3,79,111,91,9,96,36.5
30061308,3,fever,0,95,116,79,22,99,37.6
30061309,3,fever,1,94,127,87,15,95,37.7
30061310,3,headache,6,80,133,70,13,99,35.8
30061311,3,fall,0,82,134,69,24,93,37.2
30061312,1,chest pain,8,76,155,53,18,90,37.4
30061313,3,laceration,2,85,156,85,14,100,38.0
30061314,3,abdominal pain,1,81,139,87,24,100,38.8
30061315,4,knee pain,4,68,121,72,17,97,37.5
30061316,3,back pain,3,91,93,74,18,94,37.1
30061317,2,back pain,10,62,109,102,13,99,35.5
30061318,3,chest pain,7,98,132,85,17,94,36.9
30061319,4,abdominal pain,0,101,93,79,11,97,37.6
30061320,4,laceration,3,91,123,77,23,96,38.9
30061321,2,fall,8,125,77,77,19,97,35.9
30061322,1,fever,6,116,126,92,19,93,37.5
30061323,4,chest pain,4,61,137,73,21,96,39.3
30061324,3,back pain,6,58,117,73,23,99,37.8
30061325,3,shortness of breath,7,81,136,77,23,91,36.0
30061326,4,chest pain,1,82,103,105,24,97,38.8
30061327,4,chest pain,4,66,108,68,19,97,36.7
30061328,3,anxiety,7,99,84,79,11,94,37.0
30061329,1,fever,8,76,115,75,20,99,36.9
30061330,2,knee pain,6,94,112,59,16,96,36.6
30061331,4,fever,0,83,171,84,25,99,36.7
30061332,1,shortness of breath,8,58,118,94,20,94,37.5
30061333,4,shortness of breath,3,50,110,96,21,98,36.8
30061334,3,fall,7,96,121,78,12,100,37.1
30061335,3,chest pain,5,88,138,82,10,90,36.2
30061336,3,laceration,2,95,104,72,19,99,37.8
30061337,2,anxiety,10,70,116,91,14,98,36.3
30061338,3,fever,7,70,143,79,7,96,36.1
30061339,3,headache,7,84,83,87,15,96,36.3
30061340,2,abdominal pain,6,69,151,56,14,94,37.6
30061341,4,chest pain,1,79,89,85,18,92,37.0
30061342,5,anxiety,4,80,131,86,23,100,36.5
30061343,2,chest pain,10,84,142,70,15,94,35.7
30061344,1,fall,7,79,104,90,18,99,36.8
30061345,2,shortness of breath,9,98,132,72,10,100,36.1
30061346,4,fall,6,77,120,91,16,96,37.3
30061347,3,chest pain,7,85,102,75,20,93,37.4
30061348,3,fall,1,69,121,82,10,98,38.6
30061349,4,knee pain,5,62,105,63,23,95,38.7
30061350,4,knee pain,1,68,116,87,18,98,36.8
30061351,4,laceration,6,50,130,86,16,99,36.9
30061352,4,back pain,5,97,131,84,18,95,38.4
30061353,5,abdominal pain,6,76,122,81,21,96,37.0
30061354,3,laceration,5,83,112,88,16,92,37.0
30061355,4,shortness of breath,3,86,124,55,10,96,35.2
30061356,3,back pain,2,74,97,67,12,97,36.1
30061357,5,anxiety,0,112,109,104,19,94,34.8
30061358,4,anxiety,7,86,112,64,21,98,36.9
30061359,3,abdominal pain,3,68,131,74,23,95,35.9
30061360,1,shortness of breath,6,104,139,59,17,96,37.5
30061361,4,knee pain,2,110,127,43,12,97,37.6
30061362,2,fall,7,90,129,77,26,99,38.5
30061363,3,fall,4,102,111,67,10,96,37.8
30061364,2,abdominal pain,10,98,122,87,17,97,36.9
30061365,3,fall,5,75,115,85,19,95,35.6
30061366,2,shortness of breath,10,86,124,64,12,97,38.4
30061367,5,laceration,6,105,115,86,22,96,37.0
30061368,4,chest pain,4,100,124,84,16,96,39.0
30061369,4,fever,4,103,87,87,16,95,37.6
30061370,3,shortness of breath,2,101,121,63,20,100,37.5
30061371,3,shortness of breath,3,59,126,73,10,98,36.2
30061372,3,abdominal pain,3,94,109,88,12,100,38.8
30061373,2,back pain,9,81,106,50,17,100,37.9
30061374,3,knee pain,1,87,115,66,24,97,37.9
30061375,3,fever,6,91,161,95,15,92,37.5
30061376,4,fall,3,84,105,60,13,95,36.2
30061377,3,abdominal pain,4,101,95,104,17,96,36.8
30061378,4,fall,0,110,106,81,12,96,36.8
30061379,2,laceration,6,95,128,87,17,98,38.3
30061380,3,laceration,5,92,118,75,21,99,36.7
30061381,4,chest pain,5,93,117,77,18,96,36.6
30061382,3,chest pain,4,74,126,65,15,96,36.4
30061383,3,shortness of breath,2,78,139,113,20,100,36.0
30061384,3,shortness of breath,3,112,111,84,19,96,36.4
30061385,3,knee pain,3,77,117,63,18,100,39.4
30061386,4,fever,0,125,124,72,20,92,37.1
30061387,3,fever,2,85,116,67,19,95,36.5
30061388,5,anxiety,5,66,159,98,16,100,37.4
30061389,5,laceration,7,114,112,56,17,100,38.2
30061390,3,anxiety,6,101,131,78,12,94,37.2
30061391,2,fever,8,97,71,82,13,94,36.8
30061392,3,anxiety,3,74,99,96,17,95,37.5
30061393,5,back pain,2,87,134,62,21,96,38.0
30061394,4,headache,3,98,103,67,24,94,37.8
30061395,3,fall,3,110,120,80,17,98,36.6
30061396,3,laceration,0,77,150,71,21,91,38.2
30061397,3,shortness of breath,1,80,143,78,18,100,37.1
30061398,4,laceration,6,113,103,93,22,95,38.1
30061399,3,fall,1,81,128,75,24,100,37.1
30061400,2,laceration,9,97,120,100,19,97,37.4
30061401,4,anxiety,5,87,134,81,21,100,36.1
30061402,3,back pain,2,75,144,21,19,100,37.8
30061403,4,headache,4,70,119,68,18,93,38.2
30061404,3,laceration,3,62,109,77,18,94,36.9
30061405,5,fall,2,96,113,96,19,100,36.7
30061406,2,shortness of breath,7,58,110,74,22,99,37.1
30061407,5,abdominal pain,2,76,162,58,19,98,36.5
30061408,3,fever,6,66,138,78,18,98,37.0
30061409,3,laceration,7,91,130,90,12,94,36.4
30061410,3,fall,1,95,146,80,17,99,36.8
30061411,3,fall,6,71,104,102,17,94,36.2
30061412,3,abdominal pain,5,69,125,89,21,95,37.9
30061413,3,knee pain,3,61,136,83,11,98,36.2
30061414,3,chest pain,6,80,163,85,21,97,35.8
30061415,3,back pain,0,100,128,91,16,97,36.1
30061416,4,shortness of breath,7,57,105,94,16,95,37.5
30061417,1,knee pain,6,66,123,81,13,97,38.4
30061418,1,back pain,9,80,75,78,16,100,37.5
30061419,4,fall,1,63,133,88,15,100,37.7
30061420,4,chest pain,6,71,124,92,21,96,38.0
30061421,3,fall,6,72,138,80,18,98,37.4
30061422,3,fall,2,89,105,75,15,98,37.6
30061423,4,fall,3,85,108,64,16,93,37.4
30061424,3,fever,3,110,127,95,16,100,36.3
30061425,4,laceration,0,105,145,88,19,98,36.9
30061426,2,shortness of breath,10,88,128,83,21,100,36.4
30061427,3,shortness of breath,2,94,150,69,15,98,37.5
30061428,3,back pain,0,60,104,62,21,95,37.6
30061429,3,headache,0,77,150,74,20,98,37.1
30061430,3,back pain,6,74,167,48,19,95,35.9
30061431,4,abdominal pain,4,105,131,71,21,100,38.1
30061432,1,shortness of breath,7,76,131,57,22,100,37.1
30061433,4,knee pain,1,78,117,79,13,98,37.2
30061434,1,fever,9,82,150,73,22,94,36.4
30061435,3,abdominal pain,0,105,140,78,20,94,34.9
30061436,4,laceration,7,102,148,67,28,91,37.1
30061437,3,fall,7,55,127,96,18,93,35.8
30061438,3,fall,2,97,149,71,18,91,37.3
30061439,5,laceration,7,82,126,80,20,95,37.6
30061440,2,laceration,9,89,146,94,13,92,37.0
30061441,3,laceration,0,86,111,77,15,100,38.1
30061442,3,laceration,7,58,99,47,17,91,36.7
30061443,3,back pain,3,67,132,85,10,95,37.9
30061444,3,shortness of breath,4,97,121,89,28,99,36.8
30061445,3,shortness of breath,3,90,101,87,19,98,37.3
30061446,2,headache,9,85,119,94,14,94,36.6
30061447,3,knee pain,7,73,126,90,20,95,38.4
30061448,1,anxiety,7,83,148,105,10,98,36.9
30061449,3,fall,0,83,125,64,17,100,36.6
30061450,2,knee pain,8,90,95,80,14,100,36.1
30061451,4,laceration,7,94,116,55,19,100,36.3
30061452,3,fall,7,101,174,41,19,97,36.5
30061453,2,knee pain,7,80,125,80,18,96,38.7
30061454,2,headache,10,100,97,79,20,100,37.5
30061455,3,chest pain,2,78,119,81,12,100,36.6
30061456,4,anxiety,4,91,149,98,20,100,37.1
30061457,1,knee pain,10,110,154,88,21,88,37.0
30061458,3,laceration,6,79,119,77,12,91,37.6
30061459,3,fever,4,62,130,61,16,96,36.0
30061460,2,anxiety,7,59,138,60,23,100,38.8
30061461,3,fever,1,82,145,84,16,100,37.3
30061462,3,fall,5,65,142,104,14,95,38.2
30061463,3,back pain,5,93,125,65,15,99,37.1
30061464,4,abdominal pain,7,85,127,86,26,99,36.4
30061465,3,fever,5,69,130,51,20,97,37.1
30061466,3,abdominal pain,2,94,109,93,20,100,37.1
30061467,3,fever,4,61,71,81,14,100,38.3
30061468,3,headache,0,78,119,99,17,100,37.3
30061469,2,fever,6,59,110,104,17,98,37.9
30061470,3,knee pain,2,111,77,55,17,97,37.8
30061471,4,fever,6,89,130,85,16,96,35.9
30061472,3,fever,3,87,122,63,13,97,37.1
30061473,2,fall,8,104,120,73,24,98,36.1
30061474,2,back pain,8,67,166,76,14,97,35.0
30061475,4,shortness of breath,6,84,171,83,19,99,37.5
30061476,4,fall,0,86,157,76,20,94,36.2
30061477,3,chest pain,6,83,132,84,12,97,37.2
30061478,3,abdominal pain,6,64,146,86,19,100,36.1
30061479,3,back pain,3,74,96,86,22,96,37.8
30061480,4,laceration,6,71,133,88,18,100,35.4
30061481,4,shortness of breath,4,97,138,84,17,95,36.2
30061482,3,abdominal pain,7,63,124,82,15,98,38.1
30061483,4,fall,5,86,146,97,14,98,36.5
30061484,2,fever,8,77,135,60,17,96,35.6
30061485,4,anxiety,0,85,118,71,15,99,36.8
30061486,3,back pain,6,107,160,97,24,92,37.1
30061487,2,headache,8,100,141,87,17,99,36.9
30061488,3,headache,0,92,114,92,20,96,35.9
30061489,3,chest pain,1,109,144,62,20,97,36.8
30061490,3,back pain,0,57,131,103,19,96,38.2
30061491,5,headache,3,77,132,101,15,99,38.3
30061492,3,chest pain,6,49,135,88,14,94,36.7
30061493,4,shortness of breath,6,89,123,93,16,95,38.1
30061494,3,knee pain,3,83,132,92,23,99,36.8
30061495,5,chest pain,6,88,129,89,25,99,35.8
30061496,3,laceration,6,59,129,83,14,100,37.3
30061497,4,back pain,0,70,103,83,22,100,36.6
30061498,4,fever,3,99,157,71,21,95,36.7
30061499,3,back pain,4,72,148,97,19,97,37.0
30061500,3,anxiety,3,84,150,56,9,96,37.0
30061501,3,chest pain,6,73,106,54,15,97,36.6
30061502,3,laceration,5,84,118,100,22,97,36.4
30061503,3,knee pain,0,89,116,55,18,99,36.9
30061504,4,headache,1,56,115,77,25,97,36.6
30061505,3,headache,5,106,103,100,16,99,35.6
30061506,3,headache,5,99,125,64,19,95,37.3
30061507,4,headache,4,97,139,71,19,95,36.8
30061508,3,headache,2,81,127,74,20,93,38.1
30061509,5,shortness of breath,4,98,166,83,20,92,36.3
30061510,3,fever,7,69,127,79,21,97,37.9
30061511,2,abdominal pain,7,86,109,70,21,99,36.9
30061512,3,fever,4,84,100,61,22,93,37.4
30061513,3,abdominal pain,5,63,131,65,21,95,37.7
30061514,1,back pain,7,73,123,86,15,99,37.6
30061515,3,fall,7,67,138,82,14,92,36.4
30061516,4,chest pain,5,87,94,64,16,97,37.6
30061517,3,fever,2,95,136,44,19,94,38.7
30061518,2,knee pain,7,82,102,76,22,98,36.4
30061519,5,headache,3,74,121,67,20,100,36.0
30061520,3,fall,1,84,141,69,19,99,36.7
30061521,4,knee pain,3,100,93,100,26,98,38.5
30061522,3,fall,4,86,121,94,15,97,37.0
30061523,3,abdominal pain,1,79,142,65,19,95,37.3
30061524,3,abdominal pain,5,92,123,115,12,98,36.5
30061525,3,fever,3,83,126,73,27,99,37.8
30061526,3,knee pain,3,91,107,77,24,95,38.0
30061527,3,knee pain,2,95,134,72,20,99,36.5
30061528,3,fall,4,97,89,71,14,96,36.7
30061529,1,fall,7,79,143,58,18,100,37.4
30061530,4,anxiety,1,105,146,83,22,95,38.3
30061531,2,anxiety,7,84,140,65,21,95,37.0
30061532,3,back pain,5,86,100,83,13,97,37.6
30061533,4,fever,4,102,121,61,13,99,39.2
30061534,4,knee pain,7,92,125,87,15,96,38.0
30061535,3,fall,3,64,96,86,15,95,37.5
30061536,4,fever,5,93,111,92,21,98,36.3
30061537,3,knee pain,7,106,139,60,19,96,38.1
30061538,3,fall,6,74,139,84,25,98,37.9
30061539,3,back pain,7,84,148,79,19,100,36.4
30061540,3,abdominal pain,0,88,141,74,18,95,38.0
30061541,3,laceration,4,95,113,74,15,97,37.6
30061542,5,shortness of breath,2,96,141,87,14,99,37.3
30061543,4,fever,4,115,100,96,17,98,37.6
30061544,2,shortness of breath,6,70,123,65,21,96,37.1
30061545,2,laceration,7,90,117,83,17,91,37.4
30061546,4,fever,0,72,121,108,9,96,36.0
30061547,3,fall,6,72,102,84,25,100,38.0
30061548,3,chest pain,0,69,113,74,20,99,37.4
30061549,4,laceration,5,67,138,58,13,97,36.0
30061550,3,laceration,5,86,106,87,19,100,38.1
30061551,4,abdominal pain,0,111,150,79,20,99,38.5
30061552,4,shortness of breath,3,76,92,57,13,97,38.3
30061553,3,shortness of breath,0,63,99,70,17,100,36.4
30061554,3,laceration,4,103,121,59,16,96,35.7
30061555,3,shortness of breath,2,97,140,83,9,92,36.9
30061556,3,chest pain,3,100,123,97,17,93,37.8
30061557,4,headache,7,73,121,35,12,97,36.4
30061558,5,fever,3,53,128,87,14,93,37.1
30061559,2,laceration,8,76,106,66,21,92,37.1
30061560,5,fall,7,99,99,96,16,99,36.7
30061561,4,abdominal pain,6,93,145,65,21,98,36.6
30061562,2,shortness of breath,7,66,113,91,13,93,38.8
30061563,3,shortness of breath,5,99,85,84,25,97,37.9
30061564,2,fever,9,96,144,87,21,99,36.8
30061565,3,knee pain,7,102,126,90,21,99,38.2
30061566,3,fall,7,85,167,74,19,100,36.5
30061567,3,knee pain,5,101,154,81,17,99,36.8
30061568,3,back pain,4,99,96,84,20,96,37.2
30061569,2,chest pain,7,79,97,87,20,97,36.6
30061570,3,laceration,5,98,128,81,23,100,37.4
30061571,3,headache,1,86,126,86,17,95,36.7
30061572,3,laceration,0,101,139,104,27,96,36.6
30061573,2,fall,10,75,121,122,22,100,37.4
30061574,3,anxiety,4,96,119,97,15,96,36.8
30061575,3,fall,1,86,161,73,18,100,37.5
30061576,3,headache,6,100,148,100,16,96,38.4
30061577,3,fall,7,89,119,70,23,98,36.9
30061578,2,shortness of breath,8,65,128,79,20,99,37.4
30061579,3,shortness of breath,2,91,126,79,15,97,35.3
30061580,4,laceration,6,93,109,98,26,100,37.8
30061581,3,back pain,4,103,150,87,20,96,37.3
30061582,3,laceration,1,65,129,85,10,100,36.9
30061583,4,knee pain,4,101,134,77,16,94,37.3
30061584,5,knee pain,7,76,135,92,19,96,37.5
30061585,3,headache,5,86,125,89,15,95,36.8
30061586,3,shortness of breath,2,78,103,84,14,93,34.7
30061587,4,knee pain,3,103,154,64,15,94,36.2
30061588,4,shortness of breath,1,79,113,82,17,100,36.9
30061589,1,laceration,7,83,138,70,23,95,36.7
30061590,3,anxiety,0,103,119,94,24,97,37.0
30061591,3,fall,0,74,114,90,23,100,37.1
30061592,4,headache,5,83,111,89,19,92,37.4
30061593,2,abdominal pain,9,72,132,80,18,93,37.8
30061594,2,abdominal pain,9,93,117,72,18,94,36.1
30061595,3,laceration,3,88,135,108,18,97,35.3
30061596,3,knee pain,0,58,166,111,17,96,36.5
30061597,4,headache,2,100,92,83,11,100,37.3
30061598,2,laceration,8,73,122,72,17,97,36.3
30061599,3,knee pain,7,79,158,78,17,98,37.2
30061600,1,anxiety,6,86,116,64,11,95,37.8
30061601,3,abdominal pain,2,71,145,65,11,100,37.9
30061602,4,knee pain,2,88,138,104,15,100,37.9
30061603,3,abdominal pain,4,77,148,88,20,92,35.9
30061604,4,shortness of breath,0,70,162,77,15,92,37.2
30061605,3,anxiety,2,92,92,74,16,98,36.6
30061606,1,fall,8,95,115,77,24,100,37.2
30061607,5,chest pain,7,72,146,86,18,100,38.3
30061608,2,headache,6,77,120,101,17,92,37.3
30061609,2,knee pain,10,81,106,119,18,99,37.9
30061610,3,abdominal pain,7,90,140,69,20,100,37.5
30061611,3,chest pain,7,102,136,86,12,96,35.7
30061612,2,fever,8,84,92,96,21,98,37.4
30061613,2,headache,9,105,112,119,20,97,38.0
30061614,4,shortness of breath,4,117,104,46,16,91,36.5
30061615,4,knee pain,2,77,127,71,12,99,35.8
30061616,3,headache,1,83,110,65,14,97,38.6
30061617,3,knee pain,5,112,117,88,28,99,37.3
30061618,3,fall,6,96,146,89,13,89,36.3
30061619,3,shortness of breath,1,67,100,68,25,91,38.0
30061620,3,headache,3,105,113,83,18,94,37.3
30061621,1,shortness of breath,10,91,127,100,17,96,37.4
30061622,2,anxiety,8,88,129,68,10,99,37.1
30061623,3,knee pain,0,88,116,93,28,100,37.2
30061624,3,back pain,1,72,124,69,13,94,37.8
30061625,3,headache,5,81,102,100,22,97,36.6
30061626,3,anxiety,4,86,113,55,15,96,37.8
30061627,1,knee pain,8,104,146,70,20,97,36.4
30061628,3,headache,5,113,110,64,19,97,37.3
30061629,2,abdominal pain,9,91,125,102,17,98,38.3
30061630,3,chest pain,7,77,124,96,14,96,36.7
30061631,3,chest pain,2,101,133,72,18,90,38.5
30061632,2,abdominal pain,9,86,138,87,16,96,37.6
30061633,3,fever,3,98,109,65,20,97,35.9
30061634,4,fever,2,98,98,105,13,93,37.6
30061635,4,fall,5,97,95,78,14,95,37.8
30061636,3,fall,7,106,159,96,17,100,37.8
30061637,2,chest pain,6,79,109,75,24,97,36.5
30061638,1,shortness of breath,8,88,148,67,16,97,37.9
30061639,3,abdominal pain,5,68,121,92,25,93,37.5
30061640,1,chest pain,10,71,86,95,15,93,38.7
30061641,3,laceration,7,87,129,88,20,100,37.6
30061642,3,anxiety,1,63,113,106,13,93,36.6
30061643,4,back pain,6,60,118,75,18,98,37.0
30061644,2,back pain,8,104,135,86,10,99,37.7
30061645,3,headache,2,80,159,98,14,100,37.1
30061646,1,laceration,9,111,111,62,10,94,36.8
30061647,2,anxiety,7,87,142,76,22,94,37.5
30061648,3,fever,1,93,104,70,17,100,35.4
30061649,3,knee pain,0,69,110,73,10,94,36.6
30061650,4,abdominal pain,0,105,143,74,16,96,38.0
30061651,2,shortness of breath,8,116,143,84,18,92,37.3
30061652,3,abdominal pain,4,65,137,96,16,99,37.1
30061653,3,back pain,6,88,139,90,18,100,36.4
30061654,3,laceration,3,102,164,65,20,96,37.4
30061655,3,chest pain,7,86,124,70,19,97,36.7
30061656,3,anxiety,3,62,137,92,20,100,36.7
30061657,3,back pain,3,85,139,62,14,94,36.3
30061658,3,abdominal pain,0,80,148,64,18,96,37.6
30061659,2,fever,10,101,125,78,18,94,37.0
30061660,2,headache,8,91,138,62,11,96,36.5
30061661,3,back pain,1,69,98,66,18,100,37.5
30061662,4,knee pain,6,75,134,72,19,96,37.7
30061663,2,chest pain,8,101,121,85,14,100,36.9
30061664,3,headache,4,69,140,76,19,94,36.1
30061665,4,fever,6,61,133,76,22,92,36.9
30061666,2,knee pain,8,99,123,85,16,96,37.2
30061667,3,anxiety,6,111,153,81,17,97,36.7
30061668,3,back pain,4,92,89,79,18,99,38.0
30061669,2,laceration,8,88,115,68,19,96,36.1
30061670,4,chest pain,3,92,121,93,17,93,37.5
30061671,4,chest pain,7,72,120,86,16,100,36.1
30061672,2,chest pain,8,99,121,95,22,99,36.3
30061673,4,fall,3,82,118,106,16,100,37.3
30061674,2,shortness of breath,10,93,123,80,22,100,37.2
30061675,4,anxiety,7,81,109,88,27,98,37.5
30061676,1,knee pain,6,81,116,91,18,99,37.1
30061677,4,abdominal pain,4,78,127,73,20,94,36.9
30061678,3,knee pain,3,83,120,114,15,100,37.0
30061679,3,fever,1,84,147,76,17,94,38.0
30061680,3,anxiety,5,79,143,80,21,94,36.2
30061681,4,shortness of breath,3,75,132,76,20,98,37.6
30061682,1,chest pain,7,90,139,72,11,95,37.1
30061683,3,shortness of breath,6,115,142,61,18,99,38.3
30061684,3,abdominal pain,6,70,132,91,19,94,37.9
30061685,3,abdominal pain,6,82,103,73,14,94,36.6
30061686,3,fall,2,89,88,72,15,96,36.9
30061687,3,abdominal pain,1,84,154,76,19,100,35.8
30061688,3,chest pain,7,93,130,70,23,91,35.8
30061689,3,knee pain,4,78,91,93,19,94,38.7
30061690,3,knee pain,0,77,126,61,23,93,37.0
30061691,3,shortness of breath,3,72,127,75,20,99,38.3
30061692,2,laceration,8,65,153,84,14,100,36.9
30061693,3,knee pain,4,86,161,71,23,99,36.6
30061694,4,back pain,2,88,114,77,17,92,37.6
30061695,3,fall,2,52,117,106,11,92,38.2
30061696,3,fall,3,70,101,83,15,97,37.3
30061697,4,headache,1,67,93,101,13,100,36.4
30061698,5,fever,2,68,140,70,19,97,36.1
30061699,3,fever,6,94,103,88,27,100,36.3
30061700,5,back pain,4,78,130,100,25,100,37.9
30061701,3,headache,7,67,115,85,16,98,35.8
30061702,3,laceration,3,84,123,87,19,93,36.8
30061703,2,fall,9,70,147,77,17,98,37.8
30061704,3,anxiety,0,68,117,83,18,94,37.5
30061705,4,anxiety,6,73,169,72,15,100,36.7
30061706,3,knee pain,1,64,118,46,14,95,36.7
30061707,2,shortness of breath,6,114,115,98,16,97,36.7
30061708,3,knee pain,4,90,144,80,19,97,36.8
30061709,4,back pain,3,71,160,86,19,93,35.3
30061710,3,knee pain,2,79,122,105,20,94,37.8
30061711,2,back pain,10,85,128,91,17,95,36.6
30061712,3,laceration,7,87,126,60,22,96,35.6
30061713,3,knee pain,6,86,125,86,17,98,38.3
30061714,3,fever,5,62,125,73,25,99,37.5
30061715,1,anxiety,7,80,99,80,18,99,36.8
30061716,4,chest pain,4,97,146,84,19,99,37.5
30061717,4,shortness of breath,2,103,111,67,26,97,36.1
30061718,3,knee pain,1,95,131,54,18,95,37.3
30061719,3,headache,2,62,85,74,15,95,37.9
30061720,4,back pain,3,89,99,87,16,97,37.6
30061721,2,back pain,9,74,134,74,17,99,38.0
30061722,3,fever,4,104,121,65,13,94,36.1
30061723,4,knee pain,6,42,137,89,24,99,36.9
30061724,3,laceration,3,98,110,76,15,92,36.2
30061725,3,abdominal pain,4,85,117,60,21,98,37.4
30061726,2,laceration,8,75,116,73,25,100,36.9
30061727,3,shortness of breath,6,94,124,79,22,97,36.9
30061728,2,chest pain,8,67,121,38,16,93,38.0
30061729,3,chest pain,3,86,149,83,19,96,37.4
30061730,3,shortness of breath,3,77,133,60,14,100,37.5
30061731,3,headache,5,88,143,93,14,100,35.3
30061732,3,fever,6,84,167,89,22,97,36.2
30061733,3,laceration,3,77,143,92,18,95,37.0
30061734,4,back pain,7,102,88,63,17,99,34.7
30061735,3,shortness of breath,2,78,103,108,20,94,36.3
30061736,3,knee pain,7,84,118,86,16,98,35.6
30061737,1,headache,8,58,101,73,12,98,37.5
30061738,3,abdominal pain,1,109,112,73,24,97,36.3
30061739,2,shortness of breath,9,85,157,95,18,98,35.3
30061740,2,laceration,6,121,162,89,16,100,37.5
30061741,3,fall,1,86,83,72,15,98,38.0
30061742,3,chest pain,0,92,98,83,23,93,37.0
30061743,4,back pain,5,89,149,98,15,100,37.1
30061744,3,shortness of breath,7,67,119,79,19,92,37.0
30061745,4,shortness of breath,6,79,68,98,21,96,37.9
30061746,3,fall,1,93,134,59,19,95,37.3
30061747,2,laceration,10,90,128,88,16,100,37.3
30061748,3,fever,7,73,124,96,18,96,38.7
30061749,2,laceration,6,85,97,90,17,98,36.4
30061750,3,back pain,0,60,145,71,17,93,36.5
30061751,2,fever,10,74,108,117,18,99,36.6
30061752,2,fall,7,85,125,76,22,98,36.6
30061753,1,back pain,6,63,161,80,22,96,38.2
30061754,3,shortness of breath,0,75,129,72,20,94,36.0
30061755,4,fever,4,61,156,118,20,100,37.6
30061756,3,knee pain,2,95,102,114,18,98,37.3
30061757,5,fever,0,102,105,97,16,98,37.4
30061758,5,knee pain,5,78,130,89,16,94,35.9
30061759,3,fall,0,82,127,78,19,93,36.9
30061760,3,abdominal pain,3,86,146,62,21,100,35.9
30061761,3,chest pain,5,83,129,86,17,98,36.0
30061762,4,laceration,4,60,93,95,15,96,35.4
30061763,3,back pain,0,83,127,72,17,92,37.5
30061764,3,laceration,5,72,106,67,12,100,36.5
30061765,2,shortness of breath,7,70,122,75,24,99,36.6
30061766,3,back pain,0,57,117,39,10,95,36.7
30061767,4,anxiety,0,78,105,98,15,100,36.0
30061768,4,knee pain,4,96,163,72,13,100,37.7
30061769,3,knee pain,7,71,136,57,8,93,36.9
30061770,3,shortness of breath,6,104,105,96,10,93,37.0
30061771,2,abdominal pain,10,79,144,61,21,93,38.1
30061772,1,abdominal pain,7,103,109,75,20,98,37.1
30061773,3,knee pain,5,98,150,72,16,94,38.7
30061774,3,abdominal pain,3,87,112,87,13,100,37.2
30061775,5,laceration,7,83,141,66,24,96,35.7
30061776,2,shortness of breath,8,84,105,107,17,92,38.4
30061777,4,laceration,4,74,125,78,14,96,36.6
30061778,3,shortness of breath,5,103,95,88,18,100,37.1
30061779,2,anxiety,6,105,128,84,16,100,37.7
30061780,3,back pain,0,100,114,82,12,99,35.8
30061781,2,laceration,8,102,136,78,17,96,36.2
30061782,4,chest pain,4,84,125,74,20,98,37.1
30061783,3,abdominal pain,3,84,109,69,19,100,36.0
30061784,3,knee pain,5,102,171,53,22,100,36.9
30061785,2,back pain,6,90,139,74,13,93,36.6
30061786,4,fall,5,80,123,75,21,98,37.6
30061787,3,anxiety,5,94,118,95,16,97,37.5
30061788,3,shortness of breath,1,76,154,102,15,95,37.2
30061789,5,shortness of breath,3,95,150,65,13,89,37.7
30061790,1,back pain,6,83,142,60,25,100,37.3
30061791,3,laceration,5,61,119,37,6,97,38.3
30061792,3,shortness of breath,3,77,129,89,16,97,35.3
30061793,3,fever,7,85,149,88,21,96,37.3
30061794,3,chest pain,6,91,134,90,17,100,37.2
30061795,3,fever,0,75,124,77,21,95,38.4
30061796,3,fall,1,75,131,90,19,93,37.4
30061797,2,back pain,7,67,121,84,22,90,35.5
30061798,3,abdominal pain,5,60,108,91,13,92,37.9
30061799,1,anxiety,6,90,130,78,19,95,38.0
30061800,2,chest pain,8,110,118,79,16,100,37.6
30061801,4,knee pain,2,101,103,103,21,100,37.1
30061802,2,knee pain,9,93,169,65,15,96,36.1
30061803,4,laceration,6,106,125,82,26,98,36.1
30061804,3,anxiety,6,103,121,70,22,95,37.7
30061805,4,fever,2,74,137,54,19,100,36.6
30061806,3,chest pain,1,65,107,90,14,96,36.4
30061807,3,headache,0,81,111,110,14,95,38.1
30061808,3,shortness of breath,1,90,144,104,17,97,37.1
30061809,3,fever,0,73,109,91,13,100,35.9
30061810,3,headache,5,67,141,73,16,94,37.0
30061811,3,laceration,6,92,158,90,20,98,37.9
30061812,3,knee pain,1,81,125,65,16,98,37.9
30061813,1,fever,7,52,115,72,8,95,36.3
30061814,2,chest pain,9,82,111,52,15,90,37.6
30061815,1,fever,6,102,124,70,15,100,39.3
30061816,3,fever,3,86,121,73,17,96,37.1
30061817,3,chest pain,1,92,139,90,22,100,37.5
30061818,3,headache,4,96,133,52,18,96,37.5
30061819,2,shortness of breath,7,78,122,74,18,98,37.3
30061820,3,shortness of breath,6,72,103,76,15,95,38.6
30061821,4,chest pain,0,82,105,71,13,93,37.2
30061822,3,headache,6,98,113,61,19,98,37.5
30061823,3,anxiety,5,62,120,92,18,99,36.6
30061824,5,fever,3,97,85,72,23,89,36.7
30061825,2,headache,6,93,139,73,13,99,38.3
30061826,3,knee pain,4,69,103,70,15,97,35.7
30061827,4,shortness of breath,2,109,138,76,19,96,36.9
30061828,1,knee pain,7,80,126,88,18,100,36.7
30061829,4,laceration,1,83,137,66,15,91,36.1
30061830,2,shortness of breath,10,98,100,67,25,94,37.3
30061831,5,chest pain,3,103,124,87,19,96,36.6
30061832,3,fall,6,79,121,79,11,100,38.3
30061833,2,shortness of breath,6,94,115,85,17,96,37.3
30061834,1,anxiety,6,68,106,65,16,97,36.9
30061835,3,abdominal pain,6,96,166,62,21,100,36.7
30061836,2,shortness of breath,8,93,147,92,23,100,37.5
30061837,3,back pain,5,89,112,77,15,97,38.2
30061838,4,headache,6,115,135,118,22,99,36.6
30061839,2,headache,9,65,93,50,21,93,37.0
30061840,2,shortness of breath,10,78,114,83,20,96,36.4
30061841,1,laceration,6,88,92,88,22,94,35.7
30061842,5,back pain,5,116,129,85,12,97,37.6
30061843,4,fall,4,92,106,96,16,100,37.8
30061844,2,abdominal pain,6,73,149,94,25,97,35.4
30061845,2,chest pain,10,93,118,72,16,100,36.2
30061846,4,back pain,1,72,161,65,25,100,37.3
30061847,3,fall,1,47,115,61,18,98,36.0
30061848,1,chest pain,8,101,132,70,11,100,37.2
30061849,2,anxiety,7,73,150,60,14,93,37.5
30061850,3,knee pain,2,24,128,97,18,95,36.4
30061851,2,back pain,8,85,152,62,16,97,36.9
30061852,2,shortness of breath,7,91,126,88,20,100,37.1
30061853,3,headache,4,93,120,79,12,97,37.5
30061854,3,shortness of breath,1,87,176,77,23,100,35.9
30061855,3,fall,4,67,106,54,14,100,37.3
30061856,3,back pain,4,129,105,90,24,96,36.2
30061857,3,back pain,5,62,127,111,21,100,36.3
30061858,3,fever,3,77,156,84,16,97,37.4
30061859,3,back pain,3,108,156,100,11,99,37.8
30061860,3,shortness of breath,3,116,105,95,14,99,36.8
30061861,3,anxiety,2,96,113,50,23,89,37.0
30061862,4,back pain,4,93,97,94,20,99,37.4
30061863,3,knee pain,3,96,153,86,15,100,37.0
30061864,3,anxiety,2,82,145,70,26,92,36.7
30061865,4,abdominal pain,5,67,97,76,13,98,36.6
30061866,3,shortness of breath,5,75,158,55,14,96,36.8
30061867,2,fall,7,98,112,76,21,95,36.9
30061868,3,back pain,0,87,129,76,16,90,37.8
30061869,3,laceration,2,81,133,80,19,90,37.6
30061870,2,anxiety,8,94,108,80,14,97,37.7
30061871,3,abdominal pain,6,58,87,76,17,96,35.8
30061872,4,fall,7,73,155,75,20,95,39.0
30061873,2,laceration,10,95,117,64,18,97,37.2
30061874,3,fall,4,79,146,93,20,97,36.6
30061875,3,shortness of breath,7,99,84,87,12,94,37.6
30061876,5,knee pain,3,113,154,67,20,97,37.4
30061877,2,shortness of breath,6,90,107,88,13,97,37.0
30061878,3,headache,1,63,164,70,21,97,35.7
30061879,3,fall,7,66,127,109,22,100,35.8
30061880,2,laceration,8,103,102,57,14,100,36.2
30061881,4,back pain,0,97,148,84,18,99,36.8
30061882,3,knee pain,7,86,109,79,19,96,38.4
30061883,2,back pain,9,75,126,66,12,97,37.5
30061884,3,chest pain,1,66,99,83,17,96,36.7
30061885,3,abdominal pain,4,72,139,65,17,98,37.4
30061886,1,headache,7,45,134,83,14,99,35.5
30061887,3,anxiety,4,106,114,84,16,93,36.8
30061888,2,fever,8,87,88,79,13,93,37.2
30061889,3,shortness of breath,1,85,152,95,20,95,36.3
30061890,3,laceration,2,95,118,70,18,100,36.3
30061891,2,laceration,7,114,138,83,21,95,35.9
30061892,3,abdominal pain,1,82,140,95,21,99,37.4
30061893,4,fever,6,57,106,96,18,100,35.9
30061894,3,knee pain,4,94,125,95,15,100,36.5
30061895,3,chest pain,6,117,142,94,16,96,36.5
30061896,4,laceration,3,89,151,77,19,99,36.8
30061897,3,anxiety,3,97,129,70,23,95,36.9
30061898,3,back pain,4,72,105,80,21,100,36.4
30061899,4,shortness of breath,3,86,137,68,17,96,37.2
30061900,3,abdominal pain,4,96,118,104,16,96,37.4
30061901,4,shortness of breath,0,63,137,69,15,95,37.0
30061902,2,back pain,7,84,92,79,18,98,37.4
30061903,3,laceration,0,60,87,82,19,99,36.5
30061904,3,fall,4,76,125,83,17,94,37.3
30061905,3,back pain,5,99,133,76,17,97,37.0
30061906,3,anxiety,7,105,132,61,18,96,38.1
30061907,3,knee pain,4,47,124,69,18,97,37.5
30061908,5,headache,4,90,133,75,17,96,36.1
30061909,3,anxiety,5,103,142,61,15,97,37.5
30061910,3,headache,7,67,84,80,9,100,36.4
30061911,3,fall,2,72,127,80,19,99,36.3
30061912,5,chest pain,0,70,90,79,15,95,36.8
30061913,2,fever,9,102,143,80,23,91,38.1
30061914,3,knee pain,6,78,90,80,26,95,35.8
30061915,1,laceration,8,76,158,103,11,99,36.8
30061916,4,laceration,6,86,150,67,17,100,35.5
30061917,3,laceration,4,90,165,88,20,99,37.5
30061918,3,shortness of breath,5,102,150,76,21,95,37.5
30061919,3,fever,6,85,107,55,16,98,37.5
30061920,2,shortness of breath,7,92,111,99,13,93,36.3
30061921,3,headache,4,88,105,68,16,91,36.8
30061922,3,shortness of breath,4,74,131,88,24,99,36.4
30061923,2,fall,9,69,104,77,21,99,36.7
30061924,2,headache,10,93,124,83,18,97,37.9
30061925,4,chest pain,6,74,139,62,11,94,37.2
30061926,3,headache,4,88,136,74,20,95,35.8
30061927,1,abdominal pain,8,97,171,56,20,96,36.5
30061928,3,back pain,2,87,137,75,17,100,37.0
30061929,4,back pain,5,89,116,90,18,100,36.4
30061930,3,fall,6,89,141,104,17,98,37.0
30061931,5,fall,6,92,110,71,21,90,37.7
30061932,3,back pain,2,92,123,61,15,94,37.4
30061933,3,anxiety,1,92,125,70,15,98,38.3
30061934,2,knee pain,6,100,126,71,15,95,36.4
30061935,5,fall,5,103,128,90,22,94,36.9
30061936,2,fever,7,85,130,93,24,100,37.0
30061937,4,fever,5,63,113,130,17,95,37.1
30061938,5,abdominal pain,6,98,129,80,19,100,37.1
30061939,3,headache,5,80,115,85,18,94,37.3
30061940,1,knee pain,10,54,114,76,19,94,37.9
30061941,1,back pain,10,81,130,79,17,100,35.8
30061942,3,fever,2,67,123,83,26,95,37.6
30061943,3,fall,0,97,105,103,18,92,37.3
30061944,3,anxiety,7,87,117,82,18,95,36.7
30061945,3,chest pain,1,77,116,100,21,95,38.7
30061946,5,fall,6,106,124,77,14,93,37.4
30061947,3,shortness of breath,7,99,136,80,17,94,37.9
30061948,4,anxiety,2,87,113,79,19,96,34.6
30061949,4,abdominal pain,5,87,137,86,17,98,37.5
30061950,3,shortness of breath,2,104,118,66,21,99,36.8
30061951,4,abdominal pain,7,116,117,60,28,90,38.1
30061952,3,back pain,1,75,129,82,17,98,38.8
30061953,3,back pain,3,67,125,69,16,98,37.2
30061954,3,abdominal pain,3,81,112,78,18,100,36.6
30061955,5,fall,2,72,139,96,19,98,37.0
30061956,3,laceration,5,116,151,79,17,99,37.4
30061957,4,laceration,2,116,93,89,12,92,36.9
30061958,4,fall,4,110,131,99,22,95,36.9
30061959,3,fever,0,77,143,75,17,96,38.0
30061960,3,shortness of breath,4,68,101,69,16,100,36.1
30061961,3,fall,3,92,156,86,21,93,37.5
30061962,3,shortness of breath,6,88,123,83,21,97,36.9
30061963,3,headache,4,97,129,105,27,96,36.7
30061964,4,fever,5,89,100,94,14,98,37.8
30061965,4,fever,6,92,111,79,15,97,38.2
30061966,3,fever,4,80,104,65,15,100,37.9
30061967,4,chest pain,0,83,130,83,20,96,36.5
30061968,2,fever,9,76,109,85,23,99,37.5
30061969,2,shortness of breath,10,89,122,85,19,94,37.5
30061970,3,fall,1,75,116,90,15,95,36.2
30061971,3,abdominal pain,5,75,132,71,20,100,37.6
30061972,3,chest pain,4,118,123,74,16,98,37.2
30061973,4,fall,1,110,115,52,20,94,36.5
30061974,3,chest pain,0,105,101,93,17,100,37.6
30061975,4,back pain,6,95,94,70,25,92,36.1
30061976,3,knee pain,5,98,117,92,20,97,38.3
30061977,3,laceration,7,76,145,72,20,96,36.8
30061978,2,laceration,7,86,151,101,13,100,36.2
30061979,3,back pain,1,84,130,63,15,96,39.0
30061980,3,chest pain,2,78,144,54,19,100,36.6
30061981,4,chest pain,7,95,139,96,23,95,37.0
30061982,4,laceration,0,81,125,90,19,98,36.2
30061983,3,fever,7,87,140,97,19,95,38.0
30061984,3,headache,0,96,150,89,15,100,36.3
30061985,2,knee pain,9,94,93,66,19,96,38.5
30061986,3,chest pain,4,79,134,53,14,96,36.6
30061987,4,shortness of breath,4,70,143,75,20,100,37.2
30061988,4,knee pain,0,67,108,94,15,96,35.5
30061989,4,fever,5,67,111,69,11,94,36.2
30061990,3,anxiety,5,112,135,66,20,96,36.2
30061991,3,fall,3,67,108,91,14,100,37.5
30061992,1,shortness of breath,8,85,107,79,16,99,36.9
30061993,2,fall,8,70,82,89,16,95,35.9
30061994,4,fall,5,89,134,81,13,90,36.4
30061995,3,chest pain,3,58,103,76,16,98,37.2
30061996,4,headache,1,100,131,84,24,98,37.5
30061997,2,headache,9,102,124,77,13,97,36.7
30061998,2,anxiety,7,73,101,84,20,97,38.6
30061999,3,back pain,3,54,111,57,26,99,36.4
30062000,4,anxiety,5,85,137,90,22,94,37.4
30062001,1,abdominal pain,7,77,138,51,20,94,35.9
30062002,4,knee pain,3,71,132,85,21,95,37.3
30062003,3,knee pain,6,112,117,80,25,96,37.0
30062004,1,back pain,9,96,112,72,17,100,36.6
30062005,3,fever,1,89,116,92,9,100,35.8
30062006,4,laceration,2,95,123,75,15,100,37.5
30062007,2,laceration,7,90,118,58,24,98,36.1
30062008,3,anxiety,1,74,138,86,24,100,37.7
30062009,3,anxiety,4,106,142,73,15,98,35.2
30062010,3,back pain,4,108,123,88,15,100,37.2
30062011,3,knee pain,1,78,110,91,18,96,37.0
30062012,4,headache,2,73,137,72,16,92,37.9
30062013,3,fall,0,97,138,75,21,96,37.6
30062014,5,abdominal pain,0,72,153,69,24,100,35.4
30062015,4,knee pain,2,92,126,86,14,98,35.8
30062016,3,chest pain,7,72,139,90,24,95,37.3
30062017,3,chest pain,4,87,140,79,14,93,37.9
30062018,4,headache,4,98,136,99,25,95,36.9
30062019,3,chest pain,3,82,113,76,22,95,36.8
30062020,2,laceration,6,85,151,69,19,93,37.4
30062021,4,fever,3,100,131,96,7,99,37.5
30062022,4,anxiety,3,91,155,92,16,93,36.3
30062023,2,knee pain,10,72,133,87,14,96,36.8
30062024,3,fever,2,104,118,50,13,99,36.1
30062025,3,laceration,0,97,109,70,16,96,37.3
30062026,1,laceration,10,91,155,37,17,95,37.6
30062027,4,laceration,4,60,121,81,17,97,38.5
30062028,4,anxiety,2,75,107,79,23,93,37.7
30062029,4,headache,3,71,127,85,16,96,37.4
30062030,4,fall,3,76,119,66,14,96,37.6
30062031,3,shortness of breath,2,95,120,97,11,100,36.6
30062032,3,anxiety,4,77,125,81,18,100,37.7
30062033,3,fever,6,67,128,52,17,98,37.4
30062034,4,chest pain,2,87,137,90,17,96,38.0
30062035,4,laceration,0,93,140,50,16,99,37.2
30062036,2,fall,6,73,115,94,23,99,36.4
30062037,3,abdominal pain,7,71,178,58,14,97,37.7
30062038,4,shortness of breath,2,70,110,87,28,98,37.3
30062039,3,laceration,6,104,141,84,21,98,37.7
30062040,3,abdominal pain,3,54,145,80,23,100,37.9
30062041,2,knee pain,8,84,139,72,20,96,37.7
30062042,2,anxiety,6,100,114,86,27,95,36.8
30062043,5,back pain,5,85,115,55,13,93,38.4
30062044,3,knee pain,2,80,116,106,17,100,36.3
30062045,1,knee pain,10,103,104,100,17,96,37.4
30062046,3,headache,1,88,106,96,19,95,36.9
30062047,3,laceration,5,94,137,108,25,93,36.7
30062048,3,chest pain,6,84,121,85,17,98,37.5
30062049,2,headache,10,89,99,70,19,96,35.8
30062050,4,headache,5,83,109,107,15,98,35.4
30062051,3,abdominal pain,7,84,118,76,18,94,36.8
30062052,3,shortness of breath,0,99,97,57,14,99,36.8
30062053,4,chest pain,4,87,147,93,12,97,36.9
30062054,3,back pain,2,60,111,75,26,96,38.0
30062055,1,fall,6,89,100,68,16,97,37.4
30062056,3,fall,1,71,130,78,20,96,37.7
30062057,3,headache,7,77,117,78,21,98,36.7
30062058,5,headache,6,78,100,74,15,97,36.4
30062059,4,chest pain,5,56,163,69,23,91,37.3
30062060,3,abdominal pain,3,92,113,78,13,99,37.0
30062061,4,headache,6,75,131,86,24,93,37.8
30062062,2,knee pain,10,78,126,95,20,99,37.6
30062063,3,shortness of breath,4,112,105,72,20,98,36.3
30062064,3,anxiety,3,96,99,80,19,97,36.8
30062065,3,shortness of breath,1,71,118,81,22,95,38.3
30062066,1,anxiety,8,93,110,44,20,100,36.4
30062067,4,headache,7,65,119,73,10,93,36.5
30062068,5,fever,3,84,109,79,21,100,37.4
30062069,5,headache,1,99,105,79,22,99,38.3
30062070,3,chest pain,5,90,116,72,18,95,37.3
30062071,3,chest pain,7,73,135,76,19,95,35.5
30062072,3,knee pain,5,111,112,94,23,92,37.0
30062073,3,anxiety,6,81,104,96,25,100,35.0
30062074,3,headache,4,91,112,79,10,96,37.3
30062075,3,headache,1,75,137,72,16,95,37.4
30062076,3,knee pain,4,102,145,91,20,98,37.7
30062077,4,fever,4,67,107,71,18,100,37.5
30062078,4,fall,3,91,105,83,20,100,38.2
30062079,4,knee pain,4,79,136,78,23,96,37.4
30062080,3,shortness of breath,0,98,146,94,15,98,37.3
30062081,3,fall,5,103,126,88,16,97,37.9
30062082,4,shortness of breath,2,85,144,89,21,98,36.5
30062083,3,laceration,4,59,130,94,5,92,39.4
30062084,3,headache,0,71,149,81,24,99,36.9
30062085,3,knee pain,3,67,141,75,24,98,35.5
30062086,3,anxiety,0,70,123,56,19,93,38.8
30062087,2,fever,9,85,126,75,17,97,36.8
30062088,3,chest pain,0,103,94,94,17,100,36.5
30062089,3,fever,5,112,141,98,20,96,36.8
30062090,2,anxiety,7,98,112,77,15,92,37.1
30062091,3,knee pain,3,85,121,96,16,100,37.6
30062092,2,laceration,8,82,129,87,22,93,37.9
30062093,2,knee pain,10,87,109,86,20,98,37.7
30062094,3,anxiety,5,69,138,75,21,97,35.6
30062095,3,knee pain,2,117,116,78,16,97,36.3
30062096,5,fall,2,89,127,85,21,93,37.0
30062097,3,headache,6,128,120,63,18,97,37.9
30062098,2,fever,6,93,172,58,15,98,36.7
30062099,1,fever,7,72,122,72,11,95,37.1
30062100,3,abdominal pain,2,77,122,74,22,99,37.0
30062101,1,shortness of breath,8,72,134,71,17,99,38.4
30062102,4,headache,2,81,132,65,11,97,36.5
30062103,2,laceration,6,97,152,86,25,98,36.3
30062104,2,headache,7,63,137,62,14,98,38.6
30062105,3,fever,7,98,142,67,14,96,36.6
30062106,3,fall,5,119,109,86,15,98,38.3
30062107,3,fall,0,103,143,64,16,94,38.6
30062108,2,shortness of breath,8,88,151,84,22,100,37.8
30062109,3,fall,6,93,121,85,18,98,36.4
30062110,3,shortness of breath,7,77,92,76,18,90,37.2
30062111,3,chest pain,5,111,90,72,21,100,36.7
30062112,3,fall,2,103,131,74,20,95,37.0
30062113,3,back pain,2,44,100,95,16,98,36.9
30062114,3,headache,7,75,125,82,15,96,37.9
30062115,3,shortness of breath,7,120,65,63,21,99,35.7
30062116,2,fall,6,77,144,48,17,100,38.5
30062117,2,fall,6,103,98,82,14,97,38.5
30062118,2,chest pain,10,97,131,88,21,94,37.0
30062119,3,fall,0,89,138,73,19,94,37.3
30062120,1,chest pain,10,77,100,52,26,95,37.5
30062121,3,chest pain,5,86,132,80,25,98,38.8
30062122,4,anxiety,4,48,122,93,21,98,38.5
30062123,3,fall,0,68,121,65,17,100,38.0
30062124,3,shortness of breath,5,103,120,74,16,94,37.0
30062125,3,back pain,7,84,134,73,20,94,36.9
30062126,5,chest pain,7,109,142,77,20,100,37.3
30062127,4,abdominal pain,0,98,122,65,18,97,38.0
30062128,4,knee pain,3,68,128,104,20,96,35.5
30062129,3,headache,5,66,91,85,13,94,36.7
30062130,3,chest pain,2,89,161,94,18,98,36.9
30062131,3,chest pain,6,97,130,101,22,99,37.8
30062132,3,fall,3,91,105,96,19,97,35.7
30062133,2,shortness of breath,9,67,123,87,23,98,35.8
30062134,2,chest pain,9,84,107,83,14,94,37.9
30062135,4,anxiety,2,100,166,89,16,96,36.7
30062136,4,chest pain,6,103,106,67,25,95,37.3
30062137,3,chest pain,5,105,135,84,17,99,37.1
30062138,4,fever,7,94,115,81,11,93,39.4
30062139,3,fever,7,94,93,66,13,97,37.3
30062140,2,knee pain,6,63,133,68,19,92,37.2
30062141,4,knee pain,6,61,136,87,17,94,37.0
30062142,3,knee pain,0,106,132,76,13,100,36.6
30062143,3,chest pain,0,88,157,70,19,98,36.9
30062144,3,back pain,5,66,121,63,17,97,37.7
30062145,2,shortness of breath,6,73,108,91,18,97,36.9
30062146,4,laceration,0,67,114,84,19,98,37.0
30062147,4,anxiety,5,93,120,79,25,95,35.0
30062148,2,fall,10,60,122,84,18,100,37.6
30062149,1,knee pain,7,101,126,77,23,96,37.7
30062150,3,anxiety,5,78,142,69,22,98,37.8
30062151,3,laceration,3,93,138,94,15,99,37.4
30062152,3,anxiety,1,58,160,77,22,94,38.8
30062153,3,shortness of breath,3,85,101,96,17,99,38.0
30062154,3,abdominal pain,7,76,104,85,27,95,34.8
30062155,1,knee pain,8,77,93,70,21,100,37.9
30062156,4,back pain,0,94,112,76,14,92,36.6
30062157,3,headache,6,42,108,66,23,95,35.4
30062158,2,headache,8,65,157,98,20,100,37.0
30062159,4,headache,4,75,131,73,16,93,37.9
30062160,5,fever,6,86,165,95,23,100,38.3
30062161,3,fall,6,86,154,79,16,93,37.2
30062162,3,chest pain,0,98,114,68,13,100,37.3
30062163,3,fall,7,102,106,74,12,100,37.5
30062164,4,fall,7,85,139,67,19,95,36.8
30062165,3,fever,3,90,122,88,21,94,35.0
30062166,2,back pain,6,78,120,88,19,97,37.6
30062167,3,fall,7,84,109,48,19,92,37.1
30062168,3,chest pain,4,107,90,60,19,96,37.8
30062169,3,headache,5,69,109,53,16,97,37.0
30062170,3,laceration,2,60,119,88,24,96,35.9
30062171,3,headache,2,74,100,67,22,98,36.8
30062172,3,fever,6,68,111,94,17,96,38.6
30062173,1,anxiety,9,84,188,94,16,95,37.8
30062174,1,headache,10,78,104,101,8,92,39.5
30062175,3,headache,3,72,123,96,19,98,36.3
30062176,4,abdominal pain,4,102,138,64,24,99,37.2
30062177,3,chest pain,4,100,150,85,16,99,36.5
30062178,3,anxiety,2,87,132,86,24,100,35.7
30062179,3,laceration,5,62,143,90,20,95,37.7
30062180,3,abdominal pain,4,90,145,92,9,97,35.4
30062181,3,fever,7,74,142,62,19,100,36.8
30062182,3,fever,4,83,115,71,10,100,35.8
30062183,3,headache,2,67,152,110,14,96,37.1
30062184,2,headache,7,90,133,108,21,98,36.6
30062185,2,knee pain,6,98,150,86,21,94,37.6
30062186,5,fever,7,101,141,91,16,98,37.5
30062187,3,anxiety,7,94,105,85,15,95,36.6
30062188,3,back pain,3,107,147,71,12,96,37.2
30062189,3,headache,5,76,120,64,17,98,36.2
30062190,2,abdominal pain,9,84,90,95,23,98,36.6
30062191,3,fever,1,105,118,62,16,97,36.7
30062192,3,fever,7,70,148,57,21,99,37.8
30062193,3,abdominal pain,2,118,145,99,21,99,37.8
30062194,2,laceration,7,92,125,108,14,87,37.9
30062195,2,laceration,8,100,162,103,15,93,36.3
30062196,2,shortness of breath,6,104,111,79,14,98,37.7
30062197,3,fever,3,57,118,100,17,100,37.0
30062198,3,headache,6,95,122,76,11,97,36.8
30062199,3,fever,1,75,131,86,18,100,36.7
30062200,4,fever,1,78,116,94,26,93,36.7
30062201,3,back pain,3,83,120,78,11,100,36.7
30062202,3,laceration,5,81,99,93,20,98,37.3
30062203,2,fever,8,92,157,95,13,92,37.4
30062204,4,chest pain,5,102,105,82,11,97,37.1
30062205,5,anxiety,3,84,129,83,18,96,37.6
30062206,4,chest pain,3,83,111,60,17,99,37.3
30062207,3,shortness of breath,2,83,137,74,24,96,37.9
30062208,3,anxiety,5,107,120,89,20,100,37.0
30062209,3,chest pain,4,92,144,95,16,97,37.5
30062210,3,laceration,5,108,154,89,15,97,36.7
30062211,4,knee pain,2,66,135,87,16,98,34.7
30062212,5,shortness of breath,5,78,149,91,20,99,37.3
30062213,5,fever,4,67,126,98,24,94,37.6
30062214,3,laceration,7,79,134,68,25,94,36.5
30062215,3,back pain,1,91,118,110,17,97,39.2
30062216,5,anxiety,6,87,149,68,20,96,37.7
30062217,3,headache,3,90,151,84,24,92,36.9
30062218,2,back pain,6,84,128,83,21,98,36.1
30062219,3,fall,6,105,146,82,22,95,36.6
30062220,1,fall,6,79,109,53,19,100,36.5
30062221,3,back pain,2,59,131,96,24,97,38.0
30062222,3,shortness of breath,3,105,130,58,18,98,37.9
30062223,2,anxiety,10,92,142,112,19,95,38.3
30062224,2,laceration,8,105,147,89,21,100,36.4
30062225,3,fever,3,76,106,71,18,100,37.7
30062226,3,headache,2,92,143,110,17,93,35.4
30062227,5,shortness of breath,3,79,92,68,27,95,36.6
30062228,5,laceration,1,66,133,52,22,97,36.1
30062229,3,headache,7,81,144,65,18,93,37.0
30062230,2,headache,6,55,134,110,23,99,37.4
30062231,3,abdominal pain,0,91,150,108,13,95,37.1
30062232,3,abdominal pain,1,74,125,66,13,94,36.9
30062233,3,headache,4,65,112,102,19,96,37.2
30062234,3,knee pain,5,88,96,107,27,89,37.8
30062235,3,abdominal pain,3,73,146,95,12,91,37.5
30062236,3,abdominal pain,3,46,139,87,22,98,37.4
30062237,4,fall,0,72,145,59,17,95,34.7
30062238,2,anxiety,10,69,153,66,22,97,38.6
30062239,3,headache,2,94,138,67,22,100,37.0
30062240,3,fever,5,82,126,87,22,99,35.9
30062241,2,knee pain,7,82,146,90,22,94,37.6
30062242,3,headache,2,58,71,99,17,93,38.0
30062243,3,back pain,4,102,111,57,20,93,38.2
30062244,3,fever,1,83,114,71,15,99,37.3
30062245,3,fall,0,89,125,116,25,100,37.7
30062246,3,fall,7,87,149,71,19,94,37.9
30062247,2,chest pain,10,84,138,84,15,100,37.3
30062248,4,headache,0,85,126,87,21,93,36.8
30062249,4,chest pain,5,102,143,91,14,94,36.6
30062250,3,anxiety,5,60,118,70,18,100,37.4
30062251,3,chest pain,6,95,152,99,17,99,37.3
30062252,3,back pain,0,84,155,44,17,98,37.0
30062253,4,fall,5,86,114,79,15,100,37.6
30062254,3,laceration,3,94,146,98,11,95,37.0
30062255,3,knee pain,4,85,108,72,20,100,36.5
30062256,2,headache,10,83,130,72,22,97,36.3
30062257,4,back pain,2,94,159,94,16,100,37.1
30062258,4,back pain,1,76,123,87,10,92,36.7
30062259,3,shortness of breath,0,102,124,89,20,94,38.3
30062260,4,fall,3,78,144,84,12,95,37.3
30062261,4,chest pain,4,79,117,72,17,100,36.7
30062262,3,laceration,1,106,107,63,23,96,36.9
30062263,3,knee pain,0,99,148,74,21,100,37.8
30062264,2,anxiety,7,103,132,72,20,98,37.9
30062265,3,fall,6,70,124,75,18,96,37.0
30062266,5,shortness of breath,2,76,117,88,15,100,36.5
30062267,4,headache,5,66,143,87,14,96,36.4
30062268,4,chest pain,4,84,120,104,12,97,36.9
30062269,3,shortness of breath,4,118,147,97,14,100,37.7
30062270,2,laceration,6,78,114,81,17,99,39.0
30062271,1,shortness of breath,8,79,121,72,17,97,36.5
30062272,3,fever,6,101,131,107,16,92,37.9
30062273,4,fever,4,82,127,82,23,96,36.7
30062274,3,anxiety,7,131,110,64,15,100,38.0
30062275,4,knee pain,1,118,97,105,22,95,36.9
30062276,3,laceration,1,83,136,69,20,99,37.2
30062277,4,knee pain,5,72,127,74,20,95,35.9
30062278,3,back pain,6,104,99,65,21,94,34.2
30062279,3,shortness of breath,4,108,125,87,17,96,37.3
30062280,2,fever,7,86,148,86,15,97,36.3
30062281,3,back pain,6,69,120,82,21,100,37.1
30062282,4,fall,3,91,138,92,20,96,36.7
30062283,3,abdominal pain,6,87,104,93,22,98,36.7
30062284,2,fever,8,82,113,85,9,94,36.1
30062285,3,abdominal pain,3,90,122,92,18,97,37.6
30062286,2,chest pain,7,102,128,109,15,94,36.7
30062287,3,anxiety,5,71,103,86,17,94,35.4
30062288,4,fever,4,65,118,100,14,92,37.4
30062289,4,knee pain,5,88,95,71,20,98,38.1
30062290,4,shortness of breath,4,64,112,73,13,99,37.1
30062291,1,chest pain,9,76,124,86,25,100,37.5
30062292,4,headache,2,85,109,79,15,100,37.2
30062293,2,anxiety,8,69,74,75,20,95,37.3
30062294,3,abdominal pain,6,89,149,105,23,93,37.1
30062295,2,shortness of breath,10,104,101,59,14,96,37.0
30062296,3,anxiety,4,90,122,54,16,100,35.7
30062297,3,abdominal pain,1,107,125,84,14,94,36.7
30062298,2,fever,7,61,124,85,14,100,36.2
30062299,2,back pain,6,82,129,83,10,98,36.6
30062300,5,laceration,6,96,144,77,23,98,36.8
30062301,3,abdominal pain,3,78,160,62,18,94,36.3
30062302,3,knee pain,3,107,114,84,14,95,36.0
30062303,3,shortness of breath,4,88,159,71,19,98,36.4
30062304,3,headache,7,81,140,86,19,100,36.2
30062305,2,shortness of breath,8,97,110,59,12,100,37.0
30062306,3,anxiety,6,95,165,45,22,99,37.9
30062307,3,shortness of breath,7,79,110,104,17,100,37.0
30062308,3,laceration,0,81,146,81,17,100,36.6
30062309,3,shortness of breath,7,93,137,93,18,92,37.0
30062310,2,shortness of breath,8,94,114,81,17,97,36.9
30062311,3,laceration,1,110,113,77,13,96,36.8
30062312,2,laceration,9,92,144,89,16,98,36.5
30062313,3,anxiety,5,102,124,97,17,95,37.4
30062314,5,shortness of breath,6,88,139,87,17,94,37.5
30062315,3,headache,5,57,142,85,21,95,36.8
30062316,3,laceration,7,84,89,85,17,99,36.2
30062317,4,fall,2,95,111,103,21,93,36.5
30062318,3,knee pain,2,47,142,62,18,100,36.4
30062319,4,laceration,5,85,111,89,10,90,37.9
30062320,2,chest pain,9,68,142,79,19,93,36.4
30062321,3,back pain,4,80,113,80,19,99,36.7
30062322,3,chest pain,3,61,138,91,18,98,36.6
30062323,4,laceration,0,98,79,95,16,99,36.4
30062324,3,headache,1,72,100,102,12,97,36.7
30062325,4,chest pain,2,67,119,76,16,93,37.2
30062326,3,shortness of breath,6,147,154,68,24,99,37.6
30062327,3,anxiety,0,74,133,72,19,97,37.3
30062328,2,abdominal pain,10,122,153,51,18,96,37.8
30062329,3,abdominal pain,4,72,144,90,23,100,36.9
30062330,4,back pain,4,94,160,68,9,100,37.7
30062331,2,shortness of breath,9,75,113,73,14,96,38.3
30062332,1,knee pain,8,96,106,58,17,97,37.5
30062333,3,anxiety,7,55,121,70,16,92,36.6
30062334,4,fever,0,115,145,77,24,90,38.0
30062335,4,abdominal pain,4,64,165,91,21,96,37.2
30062336,2,laceration,10,87,126,87,16,100,36.4
30062337,3,fall,4,84,146,78,20,92,37.6
30062338,4,knee pain,6,55,124,79,17,100,37.5
30062339,3,knee pain,0,106,98,92,17,97,37.1
30062340,2,anxiety,7,96,99,87,21,95,36.3
30062341,2,shortness of breath,10,46,117,75,17,94,37.1
30062342,2,back pain,8,120,137,88,18,96,35.8
30062343,3,chest pain,3,107,144,98,18,94,36.6
30062344,2,back pain,9,72,102,83,23,98,38.6
30062345,5,abdominal pain,0,77,106,77,18,97,37.8
30062346,2,anxiety,6,98,122,49,22,93,36.6
30062347,2,laceration,6,92,145,119,17,99,37.0
30062348,5,anxiety,0,76,80,92,19,95,36.8
30062349,2,headache,9,116,90,76,15,97,36.9
30062350,3,fever,5,81,153,70,19,100,37.3
30062351,4,fall,3,92,118,65,21,98,37.1
30062352,3,anxiety,0,61,125,46,17,94,35.8
30062353,2,abdominal pain,7,87,97,81,15,96,36.5
30062354,2,abdominal pain,6,96,122,77,23,97,37.1
30062355,2,fall,7,78,123,81,17,95,37.1
30062356,3,abdominal pain,2,93,134,99,21,99,37.6
30062357,2,back pain,6,80,116,75,17,96,38.6
30062358,3,headache,1,97,129,77,22,95,37.8
30062359,3,abdominal pain,0,85,87,98,14,95,37.1
30062360,3,chest pain,7,79,96,95,18,94,36.9
30062361,3,shortness of breath,3,95,132,110,18,97,36.4
30062362,1,knee pain,7,88,117,81,15,100,37.8
30062363,3,abdominal pain,1,72,105,116,23,92,36.1
30062364,3,chest pain,0,75,124,98,17,97,36.6
30062365,3,back pain,5,101,138,111,24,96,38.4
30062366,3,abdominal pain,1,57,135,106,6,98,36.7
30062367,3,laceration,7,103,136,77,19,95,37.3
30062368,4,headache,1,88,117,88,18,100,36.5
30062369,3,headache,5,110,123,71,21,99,37.1
30062370,5,chest pain,3,108,145,55,12,96,37.1
30062371,3,chest pain,1,112,124,73,19,100,36.5
30062372,3,abdominal pain,0,90,152,93,17,95,37.2
30062373,4,fever,2,67,105,66,23,98,37.4
30062374,2,headache,8,92,112,84,12,98,37.9
30062375,3,fever,1,80,97,75,16,97,36.3
30062376,3,knee pain,0,117,134,60,10,97,36.1
30062377,3,anxiety,7,97,102,125,14,97,36.7
30062378,3,chest pain,3,97,104,66,25,96,36.3
30062379,4,back pain,0,89,129,66,10,98,37.1
30062380,3,fever,4,84,156,86,20,99,37.1
30062381,3,fall,5,92,128,99,19,100,35.6
30062382,4,abdominal pain,3,87,97,86,16,95,36.0
30062383,3,fever,6,95,99,83,24,93,38.1
30062384,5,fall,2,100,142,103,18,97,37.8
30062385,3,anxiety,1,73,137,90,18,99,36.6
30062386,3,shortness of breath,2,100,118,95,19,97,35.4
30062387,3,back pain,5,84,132,87,16,98,37.4
30062388,3,fall,7,96,151,84,15,91,37.0
30062389,3,anxiety,5,81,119,56,12,96,36.5
30062390,4,chest pain,6,101,139,87,17,97,37.5
30062391,3,back pain,1,58,130,54,20,97,36.8
30062392,3,back pain,2,101,123,60,22,92,36.6
30062393,4,headache,2,74,132,76,19,98,37.3
30062394,2,abdominal pain,6,74,114,58,24,93,37.4
30062395,3,shortness of breath,2,90,134,79,11,98,36.3
30062396,3,anxiety,6,78,126,89,23,98,36.8
30062397,4,fall,2,83,145,58,27,98,36.5
30062398,3,anxiety,6,65,151,40,18,98,37.8
30062399,3,knee pain,3,91,182,103,19,99,37.4
30062400,2,headache,8,76,146,71,21,97,37.6
30062401,4,laceration,2,79,137,78,14,96,36.9
30062402,3,headache,4,78,120,82,17,98,37.3
30062403,5,anxiety,5,88,118,79,14,95,37.6
30062404,3,shortness of breath,5,75,97,76,23,99,36.7
30062405,3,shortness of breath,7,93,110,71,22,95,36.9
30062406,4,laceration,1,75,131,89,16,96,35.8
30062407,3,shortness of breath,4,84,116,87,16,100,38.5
30062408,4,knee pain,3,84,149,77,31,96,35.4
30062409,4,laceration,2,65,110,61,17,98,35.7
30062410,3,fall,0,91,129,77,23,99,37.1
30062411,3,back pain,3,107,113,66,21,99,34.1
30062412,4,shortness of breath,5,87,104,81,20,98,37.3
30062413,3,knee pain,6,112,146,85,16,92,36.3
30062414,3,knee pain,7,92,158,86,15,98,36.6
30062415,3,back pain,3,96,135,87,15,95,36.9
30062416,3,fever,7,61,139,73,23,93,37.2
30062417,3,headache,3,60,128,105,13,95,35.5
30062418,2,laceration,7,100,75,45,21,95,37.9
30062419,2,laceration,10,125,122,58,18,100,38.2
30062420,4,fall,0,106,102,78,11,95,36.7
30062421,2,abdominal pain,9,86,157,79,24,96,37.3
30062422,3,anxiety,7,93,167,83,23,99,35.6
30062423,4,back pain,5,70,96,103,20,99,36.3
30062424,3,chest pain,2,69,121,64,19,100,37.4
30062425,3,knee pain,5,82,119,85,21,96,36.9
30062426,3,back pain,5,100,112,67,19,97,36.8
30062427,3,shortness of breath,4,69,115,63,11,92,37.5
30062428,1,shortness of breath,10,81,95,73,23,100,36.2
30062429,3,laceration,4,89,114,89,11,100,35.9
30062430,5,shortness of breath,7,77,98,57,20,94,38.1
30062431,4,headache,2,57,121,112,19,93,36.6
30062432,3,fever,5,78,110,85,14,95,37.0
30062433,4,abdominal pain,7,90,122,61,17,98,36.7
30062434,4,laceration,4,78,105,82,18,95,38.3
30062435,3,fall,4,92,129,88,23,95,36.6
30062436,4,headache,4,64,115,82,15,96,37.3
30062437,3,headache,3,87,119,71,14,94,35.8
30062438,3,abdominal pain,0,56,138,80,20,95,36.7
30062439,3,abdominal pain,6,80,121,64,25,100,36.2
30062440,3,chest pain,7,82,114,96,17,86,37.5
30062441,2,anxiety,9,79,145,68,19,94,38.1
30062442,2,back pain,10,74,122,73,16,94,38.1
30062443,2,fever,6,115,103,66,23,92,37.9
30062444,4,headache,4,87,194,80,15,97,37.1
30062445,4,fever,0,73,119,95,23,99,37.0
30062446,4,anxiety,1,91,169,66,26,98,36.6
30062447,2,shortness of breath,10,67,137,74,20,100,37.5
30062448,1,headache,7,103,160,107,16,100,36.3
30062449,3,shortness of breath,4,90,120,85,17,96,37.1
30062450,3,fever,7,66,153,64,23,100,37.6
30062451,3,fall,2,91,112,75,21,95,36.0
30062452,2,laceration,6,96,135,88,22,100,36.3
30062453,4,knee pain,3,76,151,63,18,99,38.0
30062454,3,knee pain,7,84,137,72,17,96,38.0
30062455,3,fall,0,103,141,69,23,91,37.5
30062456,3,headache,1,95,106,82,23,94,35.8
30062457,3,anxiety,1,105,121,91,14,92,37.6
30062458,4,shortness of breath,1,66,111,66,14,95,36.2
30062459,3,laceration,5,100,118,81,20,95,39.0
30062460,2,fall,7,64,135,98,18,95,37.9
30062461,2,headache,9,88,116,80,10,99,35.9
30062462,4,shortness of breath,0,83,164,76,13,99,36.3
30062463,3,headache,3,54,150,94,21,94,37.3
30062464,3,fever,1,72,167,61,28,99,36.1
30062465,2,laceration,7,92,126,53,16,95,37.5
30062466,3,fall,2,71,132,88,19,99,37.6
30062467,3,headache,3,94,130,83,15,90,36.2
30062468,3,headache,5,105,133,91,21,97,38.0
30062469,3,chest pain,5,111,141,72,25,97,35.5
30062470,3,abdominal pain,4,68,179,87,22,95,37.1
30062471,4,fever,7,87,114,74,16,96,36.4
30062472,3,abdominal pain,5,109,109,88,17,100,37.9
30062473,3,fall,2,103,90,80,15,100,36.8
30062474,4,knee pain,0,60,115,99,13,93,36.9
30062475,1,fever,10,116,121,101,17,97,37.8
30062476,4,abdominal pain,6,94,141,64,16,89,38.2
30062477,3,back pain,3,69,115,71,20,100,36.2
30062478,2,fever,8,87,127,77,20,94,36.3
30062479,2,back pain,6,81,156,66,22,95,36.3
30062480,4,knee pain,6,68,161,76,24,92,37.6
30062481,3,shortness of breath,4,81,131,84,25,97,36.5
30062482,5,anxiety,6,94,103,93,25,97,36.0
30062483,2,back pain,6,106,112,107,19,93,36.7
30062484,4,back pain,3,82,122,58,16,97,36.6
30062485,3,knee pain,6,78,150,66,24,92,36.3
30062486,3,chest pain,6,60,120,78,17,94,37.2
30062487,3,shortness of breath,0,106,128,85,16,93,37.2
30062488,4,headache,2,84,119,34,18,100,36.2
30062489,3,shortness of breath,1,108,120,84,18,95,36.2
30062490,3,anxiety,7,84,99,93,13,94,38.1
30062491,4,chest pain,2,93,137,65,17,100,36.8
30062492,3,headache,5,92,130,54,12,96,38.3
30062493,2,shortness of breath,8,82,108,116,15,98,36.8
30062494,1,fall,9,78,102,70,25,94,37.3
30062495,4,fever,5,81,126,71,18,97,36.9
30062496,4,fall,6,88,131,77,22,98,37.6
30062497,3,knee pain,3,99,128,64,12,91,36.6
30062498,5,anxiety,6,81,154,80,23,97,37.4
30062499,2,headache,10,95,151,46,20,96,38.0
30062500,3,headache,6,133,126,97,20,94,36.4
30062501,2,fever,7,104,114,62,17,97,37.9
30062502,3,chest pain,0,64,108,69,18,95,35.9
30062503,3,back pain,2,87,131,76,10,97,36.8
30062504,1,shortness of breath,6,108,138,99,17,97,37.1
30062505,5,laceration,1,53,98,61,20,95,36.2
30062506,3,fall,5,96,124,72,8,98,37.5
30062507,4,back pain,0,102,102,106,9,96,37.0
30062508,5,back pain,0,96,131,73,18,94,39.1
30062509,4,knee pain,5,108,161,73,17,100,37.1
30062510,3,shortness of breath,7,81,159,81,20,100,37.2
30062511,4,headache,0,83,94,68,16,99,36.1
30062512,2,knee pain,8,76,131,87,20,96,37.7
30062513,4,anxiety,7,104,159,83,13,98,37.7
30062514,3,chest pain,7,107,139,77,19,96,35.5
30062515,5,fall,5,73,156,85,19,96,37.0
30062516,2,laceration,7,101,130,90,19,98,37.2
30062517,3,shortness of breath,5,94,134,71,15,98,37.7
30062518,3,laceration,2,73,133,103,20,95,38.8
30062519,4,anxiety,2,48,94,91,18,99,36.8
30062520,3,shortness of breath,4,78,148,56,22,100,37.7
30062521,3,fever,4,91,127,75,14,95,37.6
30062522,3,knee pain,7,79,144,107,21,100,36.6
30062523,1,abdominal pain,10,82,124,102,15,94,37.5
30062524,3,anxiety,3,73,142,67,23,98,37.9
30062525,3,headache,7,53,101,86,13,96,36.8
30062526,4,back pain,6,101,79,71,19,95,37.1
30062527,4,laceration,0,63,119,87,20,98,36.8
30062528,5,knee pain,1,95,140,78,16,95,36.8
30062529,3,anxiety,7,97,106,109,15,100,37.8
30062530,4,knee pain,2,83,120,70,14,95,37.4
30062531,3,knee pain,1,88,125,84,19,100,37.4
30062532,3,abdominal pain,0,84,127,83,17,93,35.5
30062533,4,chest pain,4,99,146,75,14,94,38.0
30062534,4,headache,4,81,104,77,18,97,36.7
30062535,3,fever,5,74,126,76,12,95,35.6
30062536,2,fall,8,87,141,44,15,99,37.9
30062537,3,laceration,0,88,173,81,14,100,36.2
30062538,3,back pain,0,105,76,96,17,99,36.6
30062539,3,back pain,0,74,157,101,18,94,36.6
30062540,4,fall,1,77,143,87,19,97,35.8
30062541,3,laceration,7,81,150,105,20,100,36.5
30062542,3,headache,7,83,134,44,18,100,37.9
30062543,3,fall,2,117,86,76,16,100,36.6
30062544,3,knee pain,3,81,145,88,14,100,38.1
30062545,4,anxiety,5,87,74,67,14,95,37.9
30062546,3,shortness of breath,2,89,112,87,23,94,36.4
30062547,2,chest pain,7,91,134,88,15,100,36.1
30062548,3,fever,0,75,136,48,20,93,37.0
30062549,3,fever,5,88,100,68,15,95,36.6
30062550,3,knee pain,1,63,110,92,18,100,37.6
30062551,3,shortness of breath,2,92,124,52,19,100,36.7
30062552,2,headache,10,87,120,81,21,100,36.9
30062553,4,fall,0,73,162,79,23,97,37.0
30062554,4,knee pain,3,84,95,77,17,99,37.7
30062555,3,fever,0,76,125,109,16,94,36.5
30062556,3,laceration,1,73,105,62,16,95,36.6
30062557,3,laceration,1,87,107,64,21,91,37.1
30062558,1,anxiety,7,74,117,78,17,99,36.7
30062559,2,anxiety,9,72,134,94,17,92,37.0
30062560,4,anxiety,6,93,133,71,20,96,37.5
30062561,3,abdominal pain,2,61,105,66,15,100,37.3
30062562,4,headache,6,86,161,78,15,95,36.3
30062563,4,anxiety,3,62,158,64,16,94,36.0
30062564,3,headache,4,92,97,110,16,97,37.7
30062565,3,knee pain,7,85,116,103,20,100,37.4
30062566,4,fall,7,95,140,85,24,97,37.6
30062567,3,shortness of breath,7,63,139,73,17,100,36.4
30062568,3,shortness of breath,6,115,125,93,13,96,36.3
30062569,3,chest pain,3,78,143,51,9,94,37.2
30062570,2,abdominal pain,8,111,136,54,17,97,37.2
30062571,3,fever,3,81,141,87,16,99,36.4
30062572,4,back pain,1,89,110,94,22,98,35.5
30062573,2,headache,7,77,148,75,14,95,36.4
30062574,4,shortness of breath,4,83,139,77,19,99,37.7
30062575,3,back pain,6,83,135,91,13,96,37.6
30062576,3,anxiety,5,93,127,72,23,100,35.6
30062577,3,shortness of breath,2,76,141,77,22,94,35.7
30062578,2,anxiety,6,86,146,88,27,96,37.3
30062579,4,shortness of breath,4,92,92,105,17,95,36.4
30062580,3,fever,1,89,122,44,24,99,37.6
30062581,3,shortness of breath,2,95,123,100,17,94,37.0
30062582,3,fall,4,94,101,87,21,96,36.0
30062583,3,fall,3,86,157,97,16,100,36.9
30062584,3,back pain,3,83,119,73,19,92,35.8
30062585,3,abdominal pain,6,112,132,106,21,99,37.7
30062586,3,laceration,2,75,120,96,25,93,36.8
30062587,2,anxiety,8,80,123,60,17,99,36.7
30062588,3,chest pain,2,101,128,112,22,99,37.5
30062589,4,shortness of breath,6,92,120,67,19,98,36.8
30062590,2,shortness of breath,9,110,134,107,17,100,36.6
30062591,1,headache,7,93,116,49,27,100,38.2
30062592,4,back pain,0,111,131,73,20,94,37.1
30062593,2,headache,8,86,126,63,15,100,37.2
30062594,3,fever,4,95,127,80,15,97,37.1
30062595,3,abdominal pain,4,69,105,81,18,98,36.7
30062596,5,headache,0,98,118,74,14,99,36.9
30062597,1,fever,10,106,141,96,9,98,37.6
30062598,3,fall,3,92,123,81,20,94,37.4
30062599,2,laceration,6,87,127,93,17,96,37.9
30062600,4,back pain,2,68,151,67,24,95,36.9
30062601,2,knee pain,8,58,116,63,14,95,35.9
30062602,3,chest pain,3,74,102,84,17,98,36.3
30062603,3,chest pain,3,71,151,89,19,93,36.5
30062604,3,abdominal pain,1,75,96,71,25,100,35.9
30062605,3,back pain,6,115,147,53,15,94,36.9
30062606,3,abdominal pain,3,72,102,67,16,94,38.0
30062607,4,abdominal pain,2,81,129,80,22,98,36.9
30062608,5,laceration,0,59,148,100,19,95,37.8
30062609,3,abdominal pain,6,67,132,64,20,97,38.4
30062610,3,shortness of breath,3,70,134,66,21,97,35.7
30062611,2,knee pain,7,104,122,99,17,92,37.4
30062612,5,headache,4,58,149,59,19,100,37.3
30062613,3,shortness of breath,4,73,131,75,18,95,38.3
30062614,3,laceration,5,81,151,93,20,96,36.3
30062615,2,chest pain,8,101,129,119,19,100,37.2
30062616,3,back pain,1,88,144,76,19,100,38.5
30062617,3,knee pain,5,86,108,98,23,99,37.5
30062618,3,back pain,1,63,138,82,14,100,36.0
30062619,2,shortness of breath,9,60,154,87,22,89,36.5
30062620,3,fall,6,91,82,69,16,100,37.4
30062621,2,back pain,7,73,110,86,12,97,35.2
30062622,2,knee pain,10,79,143,86,19,100,36.6
30062623,2,headache,6,88,97,78,17,93,37.3
30062624,3,fall,0,76,109,80,20,96,36.7
30062625,1,fever,9,91,144,89,17,98,36.7
30062626,2,abdominal pain,9,74,118,85,19,97,37.5
30062627,3,shortness of breath,7,90,117,86,20,94,37.0
30062628,5,headache,5,111,125,106,16,99,37.1
30062629,3,laceration,1,114,140,68,18,98,37.4
30062630,4,fall,6,82,129,85,16,92,36.8
30062631,4,shortness of breath,0,93,100,84,19,98,38.1
30062632,3,shortness of breath,5,85,103,96,25,99,37.3
30062633,4,anxiety,5,60,156,56,16,96,35.9
30062634,3,abdominal pain,6,62,142,95,20,100,36.5
30062635,2,fall,7,85,106,103,13,97,36.5
30062636,3,back pain,4,80,140,105,10,98,36.7
30062637,4,fever,1,68,109,72,18,100,38.1
30062638,3,abdominal pain,7,82,118,107,15,98,37.3
30062639,3,knee pain,2,103,143,65,19,100,37.8
30062640,3,fever,0,127,150,73,23,93,38.4
30062641,4,chest pain,6,88,135,92,21,100,38.7
30062642,2,knee pain,10,93,118,81,23,98,37.1
30062643,3,anxiety,1,80,106,83,22,97,36.9
30062644,2,abdominal pain,9,102,149,102,20,100,36.1
30062645,3,fall,0,70,157,96,14,96,37.2
30062646,2,headache,7,86,124,88,18,97,36.0
30062647,2,abdominal pain,7,106,136,87,13,97,38.1
30062648,3,back pain,5,82,112,81,25,98,38.0
30062649,3,fever,7,84,142,71,15,99,39.1
30062650,3,back pain,5,66,127,103,14,97,38.3
30062651,3,fever,5,68,117,90,14,100,38.6
30062652,2,anxiety,6,61,160,95,19,91,38.0
30062653,3,knee pain,4,112,109,102,18,98,36.6
30062654,4,fall,6,72,98,79,18,100,37.1
30062655,5,shortness of breath,4,95,136,86,16,100,36.7
30062656,3,back pain,2,78,142,79,13,98,37.4
30062657,3,shortness of breath,5,78,149,83,16,95,36.0
30062658,3,anxiety,0,90,144,95,18,99,36.7
30062659,3,laceration,4,79,128,77,17,94,38.3
30062660,4,shortness of breath,5,115,160,66,14,94,36.9
30062661,1,headache,10,75,105,101,14,92,36.7
30062662,3,fall,5,100,106,76,13,91,37.0
30062663,3,fever,3,82,106,58,18,94,36.7
30062664,5,chest pain,4,82,97,97,17,98,36.6
30062665,5,abdominal pain,3,85,176,85,23,92,36.9
30062666,3,knee pain,2,87,93,88,16,95,37.1
30062667,1,knee pain,10,89,136,71,25,94,36.7
30062668,3,headache,6,59,150,71,19,100,36.8
30062669,3,fall,6,80,156,63,12,100,36.3
30062670,3,anxiety,5,91,131,95,8,95,36.5
30062671,3,laceration,6,66,108,48,17,100,36.7
30062672,5,headache,7,57,131,81,11,92,37.3
30062673,2,anxiety,6,86,123,81,10,92,37.4
30062674,3,abdominal pain,0,78,103,70,20,100,36.6
30062675,3,anxiety,3,63,132,87,13,97,36.9
30062676,3,abdominal pain,4,98,126,91,17,94,36.1
30062677,4,fever,4,112,127,68,8,100,38.1
30062678,4,anxiety,2,87,82,84,19,94,36.8
30062679,3,headache,1,91,122,68,20,93,37.4
30062680,5,abdominal pain,1,109,157,86,12,100,38.0
30062681,2,headache,9,89,127,85,19,97,37.3
30062682,3,laceration,1,93,109,100,18,96,36.5
30062683,1,fall,8,113,98,102,18,95,36.4
30062684,3,laceration,2,64,84,92,20,98,37.3
30062685,4,fall,6,122,119,64,21,94,37.1
30062686,3,back pain,0,71,108,85,10,99,36.2
30062687,3,anxiety,2,81,102,84,20,96,37.2
30062688,2,anxiety,10,95,136,90,11,94,36.8
30062689,2,headache,7,85,124,83,21,99,37.1
30062690,3,shortness of breath,4,115,118,74,16,100,37.7
30062691,3,anxiety,7,81,113,87,30,100,36.3
30062692,2,fever,6,66,128,79,24,99,35.9
30062693,5,knee pain,0,58,146,76,16,100,38.3
30062694,3,laceration,0,96,149,85,17,100,37.0
30062695,3,shortness of breath,4,90,165,86,17,94,37.6
30062696,4,headache,7,97,81,110,18,95,37.9
30062697,4,headache,6,81,107,94,18,97,36.3
30062698,3,shortness of breath,3,62,145,76,15,100,37.9
30062699,4,knee pain,0,124,133,60,19,93,37.5
30062700,4,chest pain,2,78,117,65,19,100,37.3
30062701,3,anxiety,0,83,138,97,23,98,37.6
30062702,3,abdominal pain,6,95,113,90,13,97,36.7
30062703,3,knee pain,2,84,92,76,11,96,38.0
30062704,3,abdominal pain,4,69,127,73,12,100,36.6
30062705,3,back pain,1,109,84,87,16,99,37.1
30062706,3,headache,6,101,141,77,15,94,37.0
30062707,3,fall,4,105,152,107,20,100,37.5
30062708,3,laceration,5,96,137,77,10,96,38.5
30062709,3,abdominal pain,5,99,134,57,17,98,37.8
30062710,2,back pain,8,59,152,95,17,100,35.5
30062711,3,fever,1,62,116,101,20,99,37.3
30062712,2,abdominal pain,9,78,118,63,19,96,35.7
30062713,5,chest pain,2,102,100,89,19,96,37.2
30062714,2,chest pain,8,85,119,89,18,97,36.2
30062715,4,fever,6,84,130,78,18,98,37.7
30062716,3,headache,3,93,153,65,22,100,37.4
30062717,3,anxiety,0,100,165,69,24,99,36.8
30062718,3,abdominal pain,5,115,143,87,13,95,36.2
30062719,4,headache,0,106,124,87,17,96,37.0
30062720,4,knee pain,5,87,117,66,26,97,38.3
30062721,3,abdominal pain,3,57,111,82,14,100,37.3
30062722,3,fever,5,104,120,64,21,100,37.0
30062723,3,chest pain,2,112,111,71,17,93,38.2
30062724,3,chest pain,2,101,159,87,17,90,37.4
30062725,2,headache,8,89,91,68,14,100,36.6
30062726,3,laceration,0,131,133,75,18,93,36.7
30062727,3,knee pain,5,87,116,100,19,99,36.7
30062728,2,knee pain,10,88,133,71,17,99,37.5
30062729,4,chest pain,0,98,129,90,18,95,37.6
30062730,3,fall,5,86,128,68,19,100,36.8
30062731,4,shortness of breath,5,72,120,84,19,96,36.2
30062732,3,headache,4,102,113,72,17,97,39.2
30062733,4,headache,4,59,131,83,21,92,35.9
30062734,4,anxiety,3,100,60,69,21,99,35.2
30062735,1,back pain,7,76,159,54,17,100,37.9
30062736,2,chest pain,10,93,124,60,18,98,36.8
30062737,4,shortness of breath,4,84,163,75,16,93,35.8
30062738,3,abdominal pain,3,76,111,87,26,100,38.7
30062739,1,headache,6,119,88,64,22,91,36.3
30062740,4,fever,5,79,130,99,13,100,37.9
30062741,2,fall,8,85,126,77,13,95,37.3
30062742,3,fall,0,60,113,82,15,97,35.7
30062743,4,chest pain,1,68,133,79,19,100,37.1
30062744,2,fall,8,114,111,98,29,99,35.7
30062745,3,anxiety,5,79,113,80,10,97,37.1
30062746,3,knee pain,5,99,154,93,16,96,38.0
30062747,1,fall,8,83,140,71,19,96,36.9
30062748,3,laceration,1,100,137,86,14,95,36.4
30062749,3,knee pain,7,70,108,102,13,100,36.8
30062750,4,shortness of breath,0,96,127,63,16,95,36.7
30062751,3,back pain,2,88,113,95,16,99,35.9
30062752,3,fever,4,95,134,79,16,95,36.7
30062753,5,anxiety,6,107,128,81,24,97,37.7
30062754,3,back pain,0,57,126,58,13,97,37.3
30062755,2,headache,6,111,117,92,18,95,38.9
30062756,2,fall,8,103,142,87,14,95,36.7
30062757,3,shortness of breath,0,72,114,80,15,96,38.0
30062758,2,headache,6,67,111,67,20,96,36.2
30062759,4,laceration,3,77,156,61,12,92,36.3
30062760,5,shortness of breath,2,103,112,82,23,94,38.4
30062761,2,anxiety,7,71,89,63,17,94,38.7
30062762,3,anxiety,5,92,137,67,16,99,36.4
30062763,2,headache,9,95,106,88,8,98,37.6
30062764,2,chest pain,6,99,111,93,21,100,36.5
30062765,4,fever,6,101,119,79,19,89,36.3
30062766,4,shortness of breath,4,102,89,50,18,95,36.8
30062767,3,headache,7,73,122,91,15,96,37.3
30062768,3,laceration,0,111,135,86,22,98,38.4
30062769,2,knee pain,9,78,138,70,24,94,37.5
30062770,5,back pain,3,79,118,70,12,100,37.8
30062771,5,laceration,4,77,114,87,23,97,37.3
30062772,4,shortness of breath,2,84,115,85,16,92,37.8
30062773,4,headache,1,93,157,103,22,96,37.0
30062774,3,chest pain,3,86,130,96,23,98,37.6
30062775,5,fall,4,72,99,95,18,95,38.3
30062776,3,knee pain,4,103,103,96,11,100,36.6
30062777,1,knee pain,6,69,115,74,11,94,36.8
30062778,3,anxiety,7,65,139,69,20,98,36.3
30062779,3,anxiety,5,68,106,81,18,94,35.6
30062780,3,abdominal pain,1,94,118,84,16,92,36.6
30062781,2,anxiety,9,81,87,69,19,99,37.3
30062782,3,back pain,1,94,147,98,15,96,37.7
30062783,3,chest pain,6,62,119,73,14,95,36.8
30062784,4,chest pain,6,60,124,67,13,100,37.2
30062785,5,anxiety,6,92,134,77,19,95,37.6
30062786,3,abdominal pain,4,112,115,90,19,97,38.4
30062787,3,headache,7,69,128,85,20,93,36.5
30062788,2,laceration,7,87,113,48,19,95,37.9
30062789,4,fever,0,81,107,82,20,94,35.9
30062790,2,fall,7,95,129,93,17,98,36.1
30062791,3,fall,6,102,124,78,15,100,37.9
30062792,4,shortness of breath,4,61,115,74,19,96,35.8
30062793,3,chest pain,6,79,104,82,14,100,37.0
30062794,2,fall,8,86,142,82,18,100,36.2
30062795,3,back pain,3,85,116,82,19,99,37.4
30062796,2,headache,6,93,128,76,17,92,38.0
30062797,4,shortness of breath,3,70,136,83,18,96,38.4
30062798,3,laceration,5,64,122,95,14,97,38.4
30062799,2,headache,9,97,134,72,15,98,37.5
30062800,3,shortness of breath,4,91,149,87,15,98,37.2
30062801,3,abdominal pain,1,73,116,47,9,97,37.6
30062802,2,headache,6,75,109,74,20,97,38.2
30062803,2,shortness of breath,9,87,95,77,20,90,37.2
30062804,3,laceration,4,69,118,97,20,96,37.5
30062805,4,anxiety,1,64,131,71,16,92,36.2
30062806,3,headache,1,81,114,79,14,95,35.4
30062807,3,shortness of breath,3,86,111,90,20,95,37.2
30062808,5,anxiety,1,65,128,86,25,100,35.8
30062809,4,fever,0,80,152,90,12,100,36.0
30062810,1,shortness of breath,8,109,123,72,20,96,37.2
30062811,2,abdominal pain,8,91,114,83,19,97,37.7
30062812,3,fever,1,79,99,86,20,99,37.2
30062813,3,abdominal pain,3,83,120,114,27,100,35.3
30062814,3,anxiety,6,78,104,78,18,99,36.7
30062815,2,anxiety,7,88,120,85,15,96,36.6
30062816,3,headache,4,97,126,94,16,92,36.6
30062817,4,chest pain,6,89,158,91,26,97,37.9
30062818,4,headache,2,64,131,75,21,93,37.7
30062819,3,laceration,4,72,117,105,20,94,36.9
30062820,4,fever,5,59,146,73,14,96,35.9
30062821,3,fever,7,86,136,76,16,94,37.9
30062822,3,abdominal pain,2,80,147,74,20,97,36.6
30062823,5,laceration,6,89,143,90,13,99,37.3
30062824,2,chest pain,9,96,113,91,22,98,36.3
30062825,2,shortness of breath,8,79,137,86,15,96,35.9
30062826,2,fall,6,78,134,85,9,94,36.9
30062827,3,fever,0,83,157,66,16,98,36.3
30062828,3,laceration,0,87,118,98,14,100,37.5
30062829,2,fall,8,86,113,91,19,95,35.9
30062830,3,chest pain,0,61,130,105,21,99,35.3
30062831,3,fever,4,86,139,67,17,99,36.4
30062832,3,abdominal pain,7,65,129,87,18,98,37.1
30062833,3,anxiety,7,90,160,68,16,98,36.6
30062834,4,laceration,0,106,134,68,17,100,37.1
30062835,3,headache,2,57,141,66,19,100,37.2
30062836,3,anxiety,2,73,136,95,16,97,35.9
30062837,4,knee pain,7,51,112,67,18,100,37.6
30062838,3,knee pain,7,97,120,77,17,99,36.9
30062839,3,fever,4,80,155,45,16,95,36.5
30062840,3,chest pain,4,77,135,79,19,97,36.9
30062841,2,anxiety,7,102,93,64,24,96,37.1
30062842,2,abdominal pain,8,87,127,85,22,88,37.3
30062843,3,shortness of breath,6,75,147,81,19,96,37.6
30062844,2,fever,7,96,85,68,17,98,37.6
30062845,3,abdominal pain,7,78,107,113,25,98,37.7
30062846,1,fall,9,98,80,80,12,94,37.5
30062847,3,laceration,1,54,120,69,14,99,36.2
30062848,3,laceration,4,82,162,78,9,95,37.0
30062849,3,fall,4,94,158,92,18,100,36.9
30062850,3,laceration,5,89,80,93,19,100,37.8
30062851,2,knee pain,6,82,147,79,14,97,36.6
30062852,2,anxiety,6,76,112,78,16,96,36.8
30062853,3,fall,7,89,106,100,20,96,37.8
30062854,4,chest pain,7,64,122,71,14,95,36.6
30062855,2,chest pain,6,99,142,98,19,94,36.4
30062856,3,abdominal pain,4,79,104,113,24,94,38.8
30062857,4,anxiety,7,101,116,80,21,97,36.4
30062858,2,shortness of breath,8,92,149,75,25,100,37.6
30062859,3,shortness of breath,5,82,136,79,17,100,36.9
30062860,3,chest pain,5,85,140,73,23,95,36.4
30062861,2,fever,6,93,123,69,22,96,37.4
30062862,4,knee pain,2,55,123,88,17,96,38.0
30062863,2,headache,8,98,130,92,22,98,37.6
30062864,3,headache,0,92,142,96,22,98,36.7
30062865,3,headache,5,94,114,55,22,96,37.3
30062866,3,shortness of breath,4,107,113,54,12,100,36.5
30062867,3,shortness of breath,1,80,110,74,22,94,37.9
30062868,3,abdominal pain,0,92,157,90,20,95,36.9
30062869,3,abdominal pain,3,68,135,90,16,98,37.5
30062870,4,fever,7,93,132,74,19,97,35.4
30062871,3,chest pain,1,101,142,96,15,100,37.9
30062872,4,fever,3,98,101,89,20,100,37.5
30062873,1,back pain,8,95,131,118,19,96,36.7
30062874,3,shortness of breath,4,76,116,73,23,99,37.9
30062875,1,back pain,8,101,105,87,19,98,37.2
30062876,2,anxiety,8,97,114,93,24,93,37.2
30062877,3,abdominal pain,0,93,124,88,17,99,36.5
30062878,3,knee pain,3,103,148,73,17,93,36.8
30062879,3,knee pain,7,84,148,78,14,97,38.1
30062880,4,headache,7,97,97,74,17,96,36.3
30062881,4,laceration,5,85,154,91,17,100,36.7
30062882,3,anxiety,4,100,147,84,16,99,36.1
30062883,3,knee pain,5,102,137,80,25,99,38.0
30062884,3,shortness of breath,5,78,163,82,17,92,38.1
30062885,5,headache,7,101,100,97,16,96,37.6
30062886,3,fall,7,82,98,73,16,96,36.8
30062887,4,anxiety,1,82,139,67,13,96,36.8
30062888,4,anxiety,4,110,129,96,23,94,36.8
30062889,3,abdominal pain,6,74,117,94,14,96,38.2
30062890,2,headache,6,82,117,85,17,100,37.0
30062891,2,fall,6,87,132,97,19,97,37.2
30062892,4,knee pain,6,81,145,81,22,100,38.1
30062893,1,back pain,10,78,115,69,19,95,36.6
30062894,5,laceration,7,79,106,84,14,99,37.0
30062895,3,fever,4,97,120,65,25,93,36.0
30062896,3,fever,2,86,137,70,12,99,36.5
30062897,4,headache,7,82,119,88,21,98,37.3
30062898,2,knee pain,7,73,95,90,20,100,37.9
30062899,4,shortness of breath,5,74,101,81,22,95,36.6
30062900,3,shortness of breath,5,76,93,99,17,100,37.0
30062901,2,abdominal pain,9,88,109,107,16,95,36.3
30062902,3,chest pain,0,77,130,69,21,96,37.0
30062903,4,anxiety,2,81,134,77,15,99,36.9
30062904,3,anxiety,1,97,138,107,18,96,36.9
30062905,2,back pain,10,86,129,83,19,95,37.2
30062906,2,knee pain,10,85,100,83,18,98,38.0
30062907,3,knee pain,3,92,153,108,19,97,37.2
30062908,2,headache,9,93,148,87,22,98,37.4
30062909,3,back pain,3,89,112,89,16,97,37.3
30062910,4,knee pain,0,81,125,92,17,94,37.0
30062911,2,abdominal pain,9,88,137,69,18,97,36.7
30062912,4,shortness of breath,0,99,156,81,24,100,35.7
30062913,5,knee pain,4,69,112,81,23,98,36.9
30062914,2,knee pain,7,88,153,101,16,99,37.1
30062915,2,chest pain,9,92,133,61,19,94,36.3
30062916,3,chest pain,7,62,133,102,24,98,36.3
30062917,3,knee pain,4,105,126,59,15,99,37.8
30062918,2,shortness of breath,9,100,111,69,17,96,36.8
30062919,3,fever,1,81,149,77,20,98,38.8
30062920,4,fever,4,86,90,79,22,93,37.3
30062921,1,anxiety,7,95,129,74,15,98,37.9
30062922,3,knee pain,0,97,152,78,15,98,37.6
30062923,5,headache,4,69,111,78,21,99,36.2
30062924,3,abdominal pain,5,107,133,81,16,96,37.5
30062925,1,fever,10,69,87,64,17,100,36.5
30062926,3,chest pain,1,100,102,96,13,99,36.2
30062927,3,chest pain,3,87,123,80,14,100,37.2
30062928,1,back pain,9,78,133,106,18,97,35.8
30062929,3,anxiety,1,88,113,94,16,99,36.9
30062930,3,abdominal pain,6,71,141,70,12,98,36.5
30062931,4,knee pain,7,67,125,97,13,100,38.2
30062932,3,shortness of breath,4,69,135,58,25,98,35.5
30062933,4,knee pain,0,97,130,106,24,92,37.5
30062934,2,laceration,8,110,135,81,17,94,37.5
30062935,3,fever,6,72,137,71,19,97,36.7
30062936,1,fall,10,92,122,91,13,97,36.0
30062937,2,shortness of breath,9,83,103,80,14,97,37.4
30062938,3,laceration,4,66,172,87,27,93,37.1
30062939,3,shortness of breath,7,82,112,84,15,96,37.7
30062940,3,knee pain,7,84,138,78,17,98,36.6
30062941,4,laceration,1,93,103,48,19,99,36.9
30062942,3,fall,6,87,119,74,15,95,38.3
30062943,4,fever,0,51,107,110,13,95,36.1
30062944,2,headache,6,85,139,102,16,99,36.8
30062945,2,abdominal pain,9,73,124,86,14,92,36.5
30062946,3,headache,2,109,137,96,20,94,37.6
30062947,4,chest pain,6,74,141,84,15,97,36.1
30062948,3,chest pain,6,89,98,59,17,93,37.2
30062949,5,knee pain,2,100,141,76,15,95,35.9
30062950,2,abdominal pain,8,86,123,74,19,93,37.1
30062951,3,fall,7,64,153,89,8,100,37.1
30062952,3,fever,2,99,162,52,16,98,37.7
30062953,1,abdominal pain,10,72,130,67,13,95,36.5
30062954,2,laceration,8,62,161,80,24,98,38.1
30062955,3,chest pain,4,89,119,96,14,89,37.6
30062956,1,headache,7,90,127,72,23,93,35.8
30062957,4,knee pain,4,82,109,78,19,100,35.0
30062958,4,shortness of breath,7,79,117,93,20,99,37.2
30062959,3,shortness of breath,1,76,127,99,20,97,35.5
30062960,2,fall,7,82,121,70,27,100,37.3
30062961,3,knee pain,1,84,112,96,17,94,37.7
30062962,3,shortness of breath,5,82,113,63,18,100,37.4
30062963,3,headache,3,99,106,93,22,93,36.1
30062964,2,fall,10,90,88,64,22,95,36.5
30062965,3,chest pain,4,80,115,82,21,95,37.1
30062966,4,anxiety,4,90,138,63,15,100,37.6
30062967,5,fever,0,90,102,85,16,96,36.3
30062968,5,knee pain,7,98,126,88,22,96,37.1
30062969,3,headache,0,92,135,51,26,99,36.9
30062970,1,headache,8,97,135,99,11,95,37.1
30062971,4,headache,4,69,119,70,18,96,36.5
30062972,3,back pain,3,81,121,86,8,98,38.5
30062973,3,headache,7,85,163,80,18,97,36.6
30062974,3,abdominal pain,0,83,114,72,20,95,36.3
30062975,4,back pain,0,88,86,92,17,96,36.2
30062976,2,anxiety,9,59,151,78,19,96,37.6
30062977,3,laceration,1,82,119,59,18,100,38.0
30062978,4,headache,5,82,124,74,16,91,36.6
30062979,5,fall,1,87,129,56,22,96,37.2
30062980,4,fall,6,76,118,76,16,98,35.8
30062981,3,anxiety,6,81,137,100,18,95,37.1
30062982,3,anxiety,0,61,160,87,17,99,36.4
30062983,3,fever,2,83,154,86,23,93,36.8
30062984,3,anxiety,6,74,129,91,25,97,36.7
30062985,3,fever,1,64,138,81,14,95,37.0
30062986,2,shortness of breath,6,82,93,72,14,97,36.8
30062987,2,chest pain,8,54,178,84,12,93,37.1
30062988,4,fever,7,72,113,90,15,91,38.1
30062989,4,abdominal pain,7,116,137,71,25,99,37.7
30062990,3,headache,0,91,114,68,18,95,37.9
30062991,4,chest pain,3,77,168,104,20,97,36.4
30062992,3,knee pain,2,84,136,65,20,97,37.0
30062993,3,chest pain,2,84,136,69,18,99,37.7
30062994,4,knee pain,0,92,154,62,22,100,35.9
30062995,3,knee pain,3,112,113,82,21,97,36.7
30062996,3,anxiety,7,77,130,102,19,100,38.4
30062997,3,back pain,5,80,115,57,11,91,35.9
30062998,3,chest pain,6,100,138,75,17,98,36.1
30062999,2,anxiety,6,110,127,81,15,100,37.5
30063000,3,fall,6,87,152,85,12,95,36.8
30063001,3,headache,5,88,130,96,16,95,36.4
30063002,3,headache,7,81,167,45,16,92,37.9
30063003,4,headache,7,93,108,79,16,96,38.0
30063004,3,shortness of breath,7,75,121,75,22,98,35.8
30063005,5,abdominal pain,1,69,133,64,20,97,37.0
30063006,2,anxiety,9,59,122,86,20,98,36.9
30063007,3,abdominal pain,1,84,120,62,17,96,36.7
30063008,2,fall,6,87,117,107,12,100,36.8
30063009,3,laceration,4,79,135,60,19,97,37.4
30063010,3,shortness of breath,6,77,119,78,15,99,37.0
30063011,3,fall,6,59,128,67,16,95,37.8
30063012,2,knee pain,7,104,127,62,17,98,36.9
30063013,3,abdominal pain,3,109,96,71,19,95,36.5
30063014,2,headache,7,54,152,67,13,95,36.9
30063015,4,abdominal pain,7,97,107,81,13,95,38.0
30063016,3,knee pain,5,73,116,85,18,100,37.8
30063017,2,anxiety,9,96,108,66,16,98,36.9
30063018,3,knee pain,3,74,96,81,15,100,37.0
30063019,3,back pain,4,106,117,58,9,95,37.1
30063020,4,laceration,2,91,126,64,22,96,36.1
30063021,3,fever,4,92,89,68,18,93,37.0
30063022,5,abdominal pain,3,101,156,78,21,98,37.1
30063023,4,shortness of breath,6,89,118,80,17,96,37.4
30063024,3,laceration,7,82,128,81,27,100,36.1
30063025,4,knee pain,2,66,112,67,21,99,38.1
30063026,3,laceration,2,100,99,78,21,98,36.8
30063027,3,shortness of breath,7,95,130,103,10,100,34.9
30063028,3,anxiety,6,72,137,93,18,98,36.9
30063029,4,fever,6,60,102,106,26,100,35.7
30063030,4,headache,5,70,119,111,21,100,36.7
30063031,5,abdominal pain,6,68,138,85,17,96,37.7
30063032,2,chest pain,6,84,124,91,12,100,37.3
30063033,4,fall,7,85,101,79,16,100,37.3
30063034,3,fall,6,84,105,73,19,90,37.4
30063035,2,abdominal pain,9,94,144,83,22,98,36.0
30063036,2,chest pain,9,72,129,92,18,97,37.8
30063037,3,headache,0,81,119,69,13,89,36.2
30063038,5,chest pain,0,79,85,97,13,97,37.7
30063039,2,shortness of breath,8,93,143,116,18,98,36.8
30063040,1,headache,6,66,93,56,26,100,36.7
30063041,2,chest pain,8,67,113,88,18,98,38.9
30063042,3,shortness of breath,5,89,104,54,18,98,37.1
30063043,3,knee pain,5,83,96,60,19,96,35.8
30063044,4,abdominal pain,4,89,108,83,14,98,37.4
30063045,3,knee pain,5,131,138,74,21,96,36.4
30063046,3,laceration,2,67,102,88,17,99,36.3
30063047,4,headache,1,70,121,78,16,98,36.4
30063048,3,fall,2,88,100,91,17,97,37.9
30063049,3,shortness of breath,7,72,132,84,13,98,36.4
30063050,3,back pain,7,98,125,80,16,100,37.5
30063051,4,knee pain,6,82,144,91,24,96,36.7
30063052,1,shortness of breath,7,93,77,113,23,100,37.3
30063053,5,chest pain,4,81,143,93,10,95,37.9
30063054,5,fever,5,94,134,71,22,95,37.8
30063055,3,chest pain,1,93,100,91,15,95,37.3
30063056,3,chest pain,3,75,128,66,21,94,37.5
30063057,3,chest pain,1,101,134,74,20,91,36.7
30063058,5,laceration,4,79,121,43,15,96,36.8
30063059,4,back pain,3,102,161,70,26,96,36.1
30063060,3,abdominal pain,1,87,125,100,23,94,36.0
30063061,3,knee pain,3,58,94,106,12,100,36.0
30063062,2,anxiety,7,98,96,76,14,93,36.1
30063063,3,knee pain,5,67,124,63,15,95,35.3
30063064,3,abdominal pain,6,70,140,95,15,94,36.8
30063065,3,headache,3,104,167,88,16,97,36.3
30063066,2,shortness of breath,9,76,159,102,11,100,38.5
30063067,3,fall,7,55,117,61,15,95,36.6
30063068,3,anxiety,2,85,108,67,18,100,35.6
30063069,4,chest pain,3,77,101,58,18,94,37.4
30063070,3,fall,5,65,125,78,25,95,36.8
30063071,3,knee pain,5,90,168,65,15,100,35.1
30063072,3,back pain,1,82,114,87,21,94,37.1
30063073,4,fever,0,69,139,66,17,96,34.9
30063074,2,back pain,8,82,111,60,22,99,38.1
30063075,2,back pain,7,95,132,76,11,98,37.6
30063076,3,headache,6,76,154,67,19,97,37.3
30063077,3,headache,0,91,119,87,20,100,38.1
30063078,5,back pain,1,58,119,102,17,100,35.8
30063079,3,fall,4,105,144,65,18,95,37.0
30063080,5,anxiety,5,75,125,84,17,97,36.4
30063081,1,laceration,6,75,113,79,19,99,36.6
30063082,4,fever,7,96,111,91,20,91,37.8
30063083,3,knee pain,1,64,133,86,15,95,36.6
30063084,2,abdominal pain,8,81,130,60,14,95,37.2
30063085,3,fever,0,123,115,89,19,97,35.5
30063086,2,shortness of breath,10,81,143,97,22,99,37.6
30063087,4,fever,1,82,112,63,24,97,34.9
30063088,3,chest pain,0,75,136,64,8,100,34.7
30063089,3,chest pain,3,60,130,103,10,100,37.6
30063090,3,back pain,3,81,105,72,16,95,36.6
30063091,2,laceration,6,82,99,66,16,96,36.2
30063092,3,fall,1,113,164,85,26,96,37.5
30063093,1,abdominal pain,6,71,157,73,19,97,36.4
30063094,3,abdominal pain,0,65,106,62,22,94,37.8
30063095,3,back pain,0,44,137,100,18,93,37.1
30063096,2,fever,9,76,123,108,22,95,36.0
30063097,4,fall,4,94,132,89,20,96,36.4
30063098,4,chest pain,1,96,130,73,19,98,36.5
30063099,3,laceration,4,74,103,87,22,97,37.4
30063100,5,headache,2,81,95,71,19,100,37.8
30063101,2,anxiety,7,89,126,101,21,94,37.0
30063102,4,chest pain,7,68,101,96,18,97,37.6
30063103,2,abdominal pain,6,73,100,63,14,95,36.7
30063104,2,headache,7,75,158,99,21,94,36.5
30063105,3,fever,5,86,124,93,14,96,36.3
30063106,3,fever,7,84,130,109,21,95,38.1
30063107,3,knee pain,1,79,124,68,20,100,37.2
30063108,3,laceration,0,93,126,63,25,98,37.5
30063109,2,shortness of breath,9,77,134,54,20,96,36.3
30063110,3,anxiety,4,69,151,84,8,98,37.2
30063111,4,headache,0,70,136,107,13,97,37.6
30063112,1,chest pain,7,80,124,83,20,94,37.1
30063113,3,back pain,3,77,165,70,15,95,36.4
30063114,2,laceration,10,87,132,71,17,100,37.4
30063115,3,back pain,4,85,168,86,21,95,36.7
30063116,4,fever,5,100,106,79,27,98,36.9
30063117,3,abdominal pain,0,94,112,87,16,100,38.9
30063118,2,fever,9,59,114,82,16,96,38.3
30063119,4,shortness of breath,1,55,138,55,18,99,37.3
30063120,2,fall,10,112,136,94,18,100,36.4
30063121,3,shortness of breath,3,75,140,67,19,94,37.4
30063122,2,back pain,8,77,131,71,14,100,36.5
30063123,4,knee pain,3,65,146,74,16,99,37.9
30063124,3,fever,4,90,121,97,12,93,37.6
30063125,2,abdominal pain,10,73,135,79,14,98,37.0
30063126,2,fall,6,98,152,56,23,96,38.1
30063127,3,anxiety,2,98,121,99,16,95,37.8
30063128,2,back pain,9,92,117,110,18,99,37.0
30063129,3,knee pain,4,110,139,67,13,100,36.2
30063130,5,laceration,0,77,140,78,16,98,37.7
30063131,3,fall,3,94,146,90,18,96,37.0
30063132,2,knee pain,7,74,131,95,16,94,36.4
30063133,3,fever,4,95,123,82,22,94,37.2
30063134,3,abdominal pain,5,63,125,72,17,94,36.4
30063135,2,chest pain,7,108,123,67,17,98,35.4
30063136,3,back pain,3,61,121,58,24,97,37.9
30063137,3,fall,2,96,141,97,13,100,37.2
30063138,3,headache,6,90,130,93,20,96,38.6
30063139,2,headache,10,58,124,86,16,94,37.5
30063140,4,fall,2,59,98,52,24,99,38.1
30063141,3,shortness of breath,7,89,118,60,18,95,37.7
30063142,1,laceration,10,43,128,82,20,100,36.7
30063143,3,anxiety,6,86,125,84,21,99,36.1
30063144,3,laceration,2,79,141,73,18,96,36.9
30063145,3,shortness of breath,1,77,134,86,17,98,37.7
30063146,2,headache,8,122,117,57,19,100,36.7
30063147,3,fall,7,104,129,88,19,96,36.1
30063148,3,knee pain,5,65,96,76,15,98,35.5
30063149,5,chest pain,1,98,129,71,20,99,36.2
30063150,4,laceration,6,80,116,89,21,99,37.9
30063151,4,chest pain,1,107,81,101,16,100,35.8
30063152,3,fall,5,105,134,93,21,92,35.9
30063153,4,chest pain,4,90,115,58,20,93,37.2
30063154,3,shortness of breath,0,82,122,58,21,94,36.0
30063155,1,headache,9,78,112,102,17,93,36.1
30063156,2,knee pain,7,96,96,57,19,97,36.9
30063157,4,headache,7,79,124,83,18,98,36.7
30063158,3,fever,7,82,112,64,10,97,36.0
30063159,3,shortness of breath,3,83,120,59,20,96,38.5
30063160,2,shortness of breath,10,78,108,79,18,97,37.0
30063161,3,fall,7,95,81,101,15,100,39.1
30063162,2,fever,10,59,151,74,18,99,37.8
30063163,3,chest pain,1,79,118,52,21,99,36.6
30063164,1,abdominal pain,9,73,125,55,15,99,36.6
30063165,3,shortness of breath,5,70,154,69,17,100,36.9
30063166,3,back pain,0,91,129,52,22,97,36.6
30063167,3,chest pain,7,101,78,62,22,95,37.0
30063168,3,back pain,4,60,125,70,22,90,37.8
30063169,3,back pain,5,80,147,95,18,98,36.2
30063170,4,knee pain,3,77,142,84,14,96,36.6
30063171,3,fever,1,104,106,65,24,92,38.6
30063172,3,laceration,6,100,123,106,16,91,36.4
30063173,4,headache,3,78,107,89,14,100,35.8
30063174,4,shortness of breath,1,82,101,79,15,92,36.6
30063175,2,fever,9,90,127,107,16,96,35.7
30063176,4,fall,5,90,108,92,25,100,37.4
30063177,3,headache,0,67,98,96,18,93,35.3
30063178,1,fall,8,93,153,92,22,100,36.4
30063179,3,laceration,5,77,133,104,20,98,38.0
30063180,3,fall,6,86,107,85,20,98,38.5
30063181,3,fall,2,83,120,105,19,96,37.0
30063182,3,back pain,3,61,137,96,18,91,36.5
30063183,3,laceration,5,77,143,87,22,95,36.9
30063184,3,fever,3,99,145,101,16,100,38.6
30063185,3,shortness of breath,7,70,118,93,14,96,38.1
30063186,3,knee pain,6,93,134,85,18,97,35.6
30063187,3,shortness of breath,0,86,114,91,16,97,37.3
30063188,3,abdominal pain,0,86,138,68,20,97,37.6
30063189,4,fall,2,83,92,64,17,100,38.1
30063190,4,abdominal pain,5,101,136,67,17,97,37.5
30063191,3,chest pain,1,90,127,57,17,94,36.7
30063192,3,back pain,3,84,106,51,16,97,37.0
30063193,4,anxiety,4,85,119,76,10,99,37.5
30063194,3,chest pain,2,117,105,86,20,95,37.8
30063195,4,knee pain,1,72,114,88,19,96,37.3
30063196,3,knee pain,2,95,133,89,18,99,36.5
30063197,3,fever,6,82,107,76,15,100,37.4
30063198,4,knee pain,2,88,100,62,17,100,37.9
30063199,3,shortness of breath,0,50,137,78,13,99,36.4
30063200,3,knee pain,4,69,161,74,13,95,35.8
30063201,3,abdominal pain,1,63,133,83,14,97,36.4
30063202,3,fall,2,64,146,93,16,96,37.8
30063203,3,headache,6,88,106,100,15,92,37.9
30063204,4,fall,4,74,157,64,15,97,37.8
30063205,3,fall,1,72,137,80,9,91,38.1
30063206,3,anxiety,4,85,135,75,10,96,35.4
30063207,3,anxiety,6,75,91,78,23,97,37.8
30063208,3,laceration,7,97,140,64,18,98,37.7
30063209,4,fall,6,89,132,82,23,96,37.4
30063210,4,headache,2,75,113,86,7,95,36.0
30063211,3,laceration,5,78,130,61,18,95,36.4
30063212,2,headache,8,71,111,66,16,96,36.4
30063213,3,chest pain,0,84,93,81,21,99,36.9
30063214,3,headache,3,78,128,48,12,93,37.8
30063215,3,fever,6,81,110,57,20,98,35.8
30063216,3,headache,5,100,156,98,20,98,38.7
30063217,4,knee pain,1,72,126,73,21,97,37.2
30063218,3,anxiety,3,72,118,58,24,100,36.5
30063219,4,shortness of breath,0,92,119,91,14,100,37.2
30063220,3,headache,4,74,90,72,14,99,35.8
30063221,3,knee pain,2,55,152,103,23,96,37.4
30063222,2,knee pain,8,74,127,85,15,97,37.8
30063223,3,knee pain,0,95,120,81,18,96,38.3
30063224,3,chest pain,6,97,144,81,21,95,39.3
30063225,3,chest pain,4,87,132,65,20,93,37.5
30063226,4,headache,7,78,162,65,21,99,36.6
30063227,3,chest pain,3,83,122,104,17,93,36.7
30063228,4,abdominal pain,0,83,124,72,23,97,36.4
30063229,2,fever,9,73,146,84,20,96,37.5
30063230,1,back pain,10,92,135,61,14,100,36.3
30063231,2,knee pain,9,89,104,64,17,99,38.1
30063232,4,laceration,5,97,158,63,20,99,35.6
30063233,3,laceration,2,73,127,66,14,98,36.0
30063234,2,headache,9,86,167,87,20,97,36.1
30063235,3,abdominal pain,4,94,129,58,17,97,35.5
30063236,3,chest pain,2,98,128,73,13,100,37.8
30063237,2,laceration,10,96,134,72,18,93,36.8
30063238,4,fever,6,97,125,75,18,95,36.0
30063239,1,chest pain,9,80,102,57,16,91,39.2
30063240,3,abdominal pain,1,83,156,94,15,97,37.3
30063241,5,chest pain,6,106,140,83,15,99,36.4
30063242,3,back pain,3,94,123,61,26,94,37.0
30063243,2,laceration,7,85,89,75,25,99,38.2
30063244,5,laceration,1,91,159,100,20,94,37.1
30063245,3,knee pain,2,92,109,94,16,94,37.8
30063246,3,abdominal pain,0,67,125,77,15,95,36.4
30063247,5,fall,6,91,140,61,15,97,37.7
30063248,3,abdominal pain,1,94,113,93,15,98,36.8
30063249,3,fever,7,87,141,88,16,98,36.8
30063250,1,abdominal pain,6,88,167,92,22,100,37.6
30063251,1,knee pain,6,106,123,94,17,100,37.3
30063252,3,laceration,3,77,123,65,25,99,36.6
30063253,4,knee pain,3,84,133,124,20,98,37.5
30063254,3,abdominal pain,0,76,110,69,15,96,35.8
30063255,2,fever,9,72,142,76,19,97,36.8
30063256,2,knee pain,7,81,157,74,19,96,35.7
30063257,2,headache,10,92,104,100,23,98,36.9
30063258,3,anxiety,2,84,153,79,22,95,36.9
30063259,3,anxiety,1,72,124,64,13,99,36.6
30063260,3,fever,0,92,88,86,22,95,36.3
30063261,2,anxiety,6,76,146,67,27,97,36.8
30063262,3,back pain,5,94,114,47,17,97,36.1
30063263,3,anxiety,0,85,117,60,18,94,35.6
30063264,3,shortness of breath,4,86,116,53,14,95,35.6
30063265,2,headache,8,93,115,76,11,100,35.8
30063266,3,abdominal pain,2,93,132,79,10,96,37.1
30063267,3,headache,3,76,109,64,22,100,38.2
30063268,3,laceration,4,90,179,59,22,98,37.0
30063269,3,shortness of breath,1,95,126,73,17,98,37.6
30063270,4,laceration,4,64,102,85,19,100,36.4
30063271,3,knee pain,1,95,119,71,20,95,36.7
30063272,2,back pain,7,114,133,88,26,99,37.0
30063273,2,fever,7,92,106,97,12,97,37.3
30063274,1,abdominal pain,6,96,139,82,14,97,36.0
30063275,3,shortness of breath,3,75,111,96,24,100,38.1
30063276,3,abdominal pain,4,90,155,87,20,100,36.7
30063277,3,anxiety,6,100,121,92,25,93,37.3
30063278,2,chest pain,6,89,96,79,20,99,36.7
30063279,3,abdominal pain,3,72,123,93,24,100,37.5
30063280,3,shortness of breath,7,86,132,64,15,92,37.1
30063281,2,laceration,6,78,140,54,15,100,37.1
30063282,3,shortness of breath,4,102,120,73,18,100,36.6
30063283,3,chest pain,6,98,126,96,19,100,37.1
30063284,3,back pain,4,85,138,77,14,99,36.6
30063285,5,chest pain,7,61,141,69,17,91,36.9
30063286,1,chest pain,10,61,147,83,13,98,36.0
30063287,1,abdominal pain,8,105,114,93,19,95,36.3
30063288,2,headache,7,102,138,83,17,98,37.5
30063289,3,abdominal pain,7,88,79,86,16,96,36.6
30063290,4,fever,2,86,146,104,9,95,38.0
30063291,3,anxiety,4,68,99,84,18,100,38.1
30063292,2,shortness of breath,10,76,124,105,24,100,37.4
30063293,3,knee pain,5,69,111,81,16,99,37.9
30063294,3,headache,0,80,117,79,26,99,37.1
30063295,3,laceration,0,80,77,91,15,96,35.6
30063296,1,headache,6,85,95,97,22,98,36.2
30063297,4,fever,0,92,154,73,13,96,37.5
30063298,3,headache,0,72,102,76,10,96,37.5
30063299,4,shortness of breath,2,89,114,68,13,96,35.2
30063300,3,shortness of breath,5,76,122,108,17,92,38.2
30063301,3,abdominal pain,5,86,142,92,20,98,37.2
30063302,3,shortness of breath,6,68,124,69,8,95,36.5
30063303,2,chest pain,9,79,151,85,23,100,36.5
30063304,4,anxiety,2,93,123,80,14,96,37.0
30063305,3,chest pain,0,107,136,75,23,100,35.9
30063306,1,fall,9,110,134,73,20,98,37.3
30063307,2,chest pain,7,65,117,97,17,99,37.2
30063308,2,abdominal pain,8,65,153,69,9,96,36.7
30063309,4,headache,4,93,115,64,24,100,36.3
30063310,2,knee pain,8,105,95,76,17,100,36.3
30063311,3,shortness of breath,4,118,142,109,20,97,36.8
30063312,3,anxiety,4,53,109,67,23,96,37.3
30063313,4,knee pain,4,81,133,89,24,96,36.0
30063314,4,headache,6,95,132,70,21,92,36.3
30063315,4,fever,7,79,129,73,15,95,37.8
30063316,3,fever,7,94,111,92,21,98,37.2
30063317,5,headache,2,80,104,98,22,98,36.9
30063318,3,laceration,5,71,95,50,21,100,36.5
30063319,4,abdominal pain,7,64,109,75,17,98,38.0
30063320,2,shortness of breath,7,101,129,95,16,93,36.0
30063321,3,shortness of breath,4,67,129,68,19,92,36.1
30063322,3,laceration,2,87,152,56,19,97,37.0
30063323,4,chest pain,6,67,112,62,16,99,35.4
30063324,5,fever,7,90,91,71,18,97,36.5
30063325,3,back pain,7,87,100,94,20,96,36.6
30063326,4,fever,6,85,128,91,18,99,36.9
30063327,3,fever,4,82,124,74,14,95,37.5
30063328,2,anxiety,9,90,156,92,15,100,37.2
30063329,2,headache,9,58,127,99,17,96,36.4
30063330,3,headache,1,95,119,108,18,94,35.9
30063331,2,back pain,10,52,88,88,17,93,37.3
30063332,4,chest pain,3,109,122,76,20,92,36.5
30063333,3,laceration,4,82,90,100,14,98,38.5
30063334,3,knee pain,2,82,108,81,20,98,37.4
30063335,5,headache,0,83,127,56,18,100,38.0
30063336,3,fever,7,74,123,56,20,98,36.5
30063337,3,anxiety,0,122,119,83,22,96,36.1
30063338,2,fall,10,66,120,46,17,98,37.4
30063339,3,headache,6,76,133,74,19,95,37.3
30063340,1,anxiety,9,116,163,84,23,94,36.3
30063341,3,fever,3,52,128,102,15,100,37.5
30063342,3,chest pain,7,74,130,87,20,97,37.1
30063343,3,anxiety,7,83,115,73,24,100,37.4
30063344,4,shortness of breath,1,90,149,70,24,94,36.7
30063345,3,abdominal pain,5,81,132,93,20,96,36.4
30063346,3,abdominal pain,2,100,117,88,19,94,36.5
30063347,3,chest pain,3,91,146,97,12,94,38.1
30063348,3,back pain,4,106,105,74,25,95,35.6
30063349,4,laceration,0,87,147,74,16,97,36.6
30063350,3,anxiety,6,101,133,55,10,100,36.5
30063351,5,knee pain,1,70,136,85,24,97,37.4
30063352,3,back pain,6,86,105,78,19,97,37.5
30063353,2,chest pain,7,104,122,81,19,95,37.4
30063354,3,shortness of breath,4,92,155,89,19,97,37.3
30063355,3,headache,3,90,118,40,12,95,36.9
30063356,3,abdominal pain,5,89,99,110,14,96,37.3
30063357,4,shortness of breath,7,91,128,88,18,100,36.9
30063358,2,back pain,7,79,117,68,30,100,36.9
30063359,3,shortness of breath,4,72,148,51,19,100,37.0
30063360,3,shortness of breath,5,82,129,87,12,98,37.5
30063361,5,headache,1,88,98,96,18,100,37.5
30063362,3,fever,6,84,173,64,26,99,36.2
30063363,2,chest pain,9,97,149,70,23,98,35.4
30063364,3,shortness of breath,1,104,125,82,12,98,35.5
30063365,3,laceration,4,96,140,58,19,95,36.1
30063366,3,abdominal pain,0,79,115,88,20,96,38.0
30063367,3,back pain,2,83,107,94,15,89,36.2
30063368,2,chest pain,7,104,146,93,19,100,36.5
30063369,3,fall,2,76,100,92,18,100,36.5
30063370,1,fever,9,65,127,55,22,100,36.4
30063371,5,abdominal pain,4,98,118,87,13,96,36.5
30063372,4,shortness of breath,1,63,114,77,11,95,37.2
30063373,3,abdominal pain,4,80,131,73,17,93,36.1
30063374,3,headache,6,84,114,56,18,97,38.1
30063375,1,fever,6,100,107,107,12,98,36.1
30063376,2,shortness of breath,10,71,154,81,11,99,36.1
30063377,3,chest pain,5,107,103,100,16,98,37.2
30063378,3,knee pain,2,99,118,103,19,100,36.7
30063379,2,fever,9,96,162,89,21,93,36.7
30063380,4,fever,1,75,117,80,20,100,36.1
30063381,3,fall,5,91,127,63,19,99,36.8
30063382,3,laceration,5,83,113,85,22,96,38.4
30063383,2,abdominal pain,7,101,119,61,18,98,37.4
30063384,3,back pain,6,79,119,73,19,100,37.4
30063385,2,laceration,9,87,105,79,21,97,37.3
30063386,3,shortness of breath,0,81,92,60,10,100,37.3
30063387,4,fever,5,94,101,85,22,94,37.1
30063388,3,chest pain,3,110,135,80,17,100,39.1
30063389,2,anxiety,10,85,142,79,20,96,36.0
30063390,2,headache,8,105,119,93,15,95,37.7
30063391,3,fall,0,66,162,97,22,97,36.9
30063392,2,headache,10,67,159,105,25,100,37.0
30063393,3,chest pain,2,62,119,90,18,100,37.4
30063394,2,chest pain,7,129,135,98,18,99,36.5
30063395,3,fever,3,95,155,65,18,96,37.4
30063396,4,laceration,1,78,135,77,25,96,37.5
30063397,3,shortness of breath,0,89,87,87,20,100,38.9
30063398,3,back pain,6,104,97,80,23,99,37.6
30063399,3,laceration,2,73,103,91,18,100,36.5
30063400,4,anxiety,5,102,120,100,17,100,37.2
30063401,3,anxiety,5,71,152,95,16,95,37.8
30063402,3,fall,4,71,140,82,17,100,38.1
30063403,4,shortness of breath,3,101,130,102,15,100,36.2
30063404,2,headache,7,100,119,93,31,97,39.2
30063405,3,headache,6,107,136,69,13,100,38.5
30063406,2,shortness of breath,8,89,115,84,19,89,36.8
30063407,2,abdominal pain,6,95,131,81,18,96,37.1
30063408,3,laceration,6,96,88,68,7,100,38.3
30063409,2,laceration,8,83,136,86,16,92,37.7
30063410,3,chest pain,0,68,133,82,17,97,35.3
30063411,3,laceration,4,72,100,91,18,96,37.7
30063412,4,fall,1,53,134,81,21,99,36.6
30063413,3,fall,6,95,109,94,20,96,37.6
30063414,1,abdominal pain,9,93,104,101,20,97,37.6
30063415,5,fall,6,60,162,65,23,96,36.9
30063416,4,fall,4,83,124,85,21,95,37.4
30063417,2,anxiety,7,107,177,93,17,99,35.9
30063418,2,back pain,10,92,136,66,12,100,38.0
30063419,3,shortness of breath,3,75,134,90,30,99,37.0
30063420,2,fever,6,56,108,80,21,98,37.2
30063421,3,shortness of breath,0,69,134,89,19,98,37.3
30063422,3,headache,1,66,138,85,15,100,36.5
30063423,3,fall,1,61,108,81,24,100,35.6
30063424,3,abdominal pain,4,93,123,70,13,96,37.1
30063425,3,knee pain,0,85,96,67,18,98,37.6
30063426,3,headache,1,52,111,75,20,100,37.4
30063427,2,laceration,6,92,118,69,15,93,35.8
30063428,3,anxiety,2,94,116,72,16,97,36.3
30063429,5,back pain,3,84,159,81,13,100,36.9
30063430,4,anxiety,5,88,131,68,17,98,36.7
30063431,3,fever,4,87,132,63,24,100,36.8
30063432,2,fever,8,58,116,104,25,98,36.8
30063433,3,shortness of breath,5,70,133,108,15,100,37.8
30063434,3,knee pain,2,87,103,57,18,100,36.1
30063435,3,chest pain,0,87,129,91,10,96,37.5
30063436,4,shortness of breath,6,81,97,75,21,100,37.9
30063437,3,fever,3,93,133,88,19,98,37.1
30063438,4,headache,0,82,128,87,16,98,37.5
30063439,3,abdominal pain,7,90,112,73,16,100,34.8
30063440,4,headache,3,67,162,78,20,98,37.3
30063441,4,abdominal pain,3,85,131,85,19,96,39.1
30063442,3,chest pain,5,92,128,85,20,98,36.9
30063443,4,fall,3,82,91,69,14,100,37.3
30063444,4,chest pain,3,73,148,108,23,97,37.7
30063445,3,chest pain,5,76,133,86,15,93,37.7
30063446,3,fall,5,72,173,53,20,92,37.8
30063447,3,abdominal pain,2,85,102,55,22,97,37.7
30063448,3,anxiety,1,61,126,66,18,97,36.0
30063449,4,chest pain,1,86,112,97,19,95,38.6
30063450,3,abdominal pain,7,88,111,83,22,92,36.7
30063451,3,fall,4,77,115,87,16,94,36.7
30063452,3,chest pain,1,77,136,80,19,96,36.9
30063453,2,fever,10,65,123,73,16,97,36.2
30063454,4,anxiety,0,93,108,64,17,96,37.5
30063455,3,anxiety,4,97,120,112,20,96,37.6
30063456,2,anxiety,6,89,126,92,30,97,37.4
30063457,2,fever,10,88,146,86,9,99,38.9
30063458,3,shortness of breath,5,80,105,58,18,99,36.1
30063459,4,chest pain,7,91,153,102,14,96,38.0
30063460,2,abdominal pain,8,73,93,64,24,96,37.5
30063461,2,laceration,6,85,140,83,26,94,35.7
30063462,3,shortness of breath,6,81,121,113,13,96,37.1
30063463,3,abdominal pain,6,93,146,72,22,97,36.6
30063464,3,knee pain,2,88,118,64,16,96,37.2
30063465,2,chest pain,8,72,177,77,17,98,36.9
30063466,3,shortness of breath,6,87,109,84,19,93,37.8
30063467,1,laceration,8,84,128,77,18,97,37.5
30063468,3,shortness of breath,4,73,148,89,18,100,36.4
30063469,4,knee pain,5,120,157,89,21,96,36.4
30063470,3,anxiety,5,82,160,97,17,94,36.2
30063471,4,fall,6,106,146,56,22,98,37.4
30063472,3,fall,7,84,116,99,27,100,36.9
30063473,3,chest pain,5,79,183,103,15,98,37.4
30063474,1,abdominal pain,10,75,171,80,23,99,36.1
30063475,3,chest pain,0,83,132,106,23,92,37.5
30063476,3,fever,5,76,151,78,19,100,37.6
30063477,5,laceration,6,118,123,69,25,93,38.1
30063478,3,back pain,0,95,96,91,10,100,36.4
30063479,4,abdominal pain,0,95,149,77,14,96,36.7
30063480,5,fall,0,110,97,78,25,99,36.3
30063481,1,abdominal pain,10,89,113,77,16,98,37.7
30063482,3,abdominal pain,7,90,154,114,23,100,37.9
30063483,4,knee pain,2,127,134,93,15,97,35.6
30063484,3,laceration,5,98,148,64,21,97,36.3
30063485,3,chest pain,5,57,127,77,20,97,36.4
30063486,2,anxiety,8,80,87,83,14,96,37.7
30063487,4,abdominal pain,1,84,140,78,17,99,36.1
30063488,4,headache,5,80,83,101,16,89,36.5
30063489,3,laceration,2,101,97,115,18,94,36.1
30063490,1,knee pain,10,97,130,70,12,100,37.7
30063491,4,shortness of breath,0,77,125,96,19,97,37.0
30063492,4,fall,5,103,139,67,13,97,36.0
30063493,3,anxiety,1,36,95,95,19,98,35.9
30063494,2,fall,10,84,157,83,25,97,39.7
30063495,3,abdominal pain,3,106,115,83,22,95,36.8
30063496,3,knee pain,1,101,120,52,17,94,37.4
30063497,3,fever,0,78,109,77,13,98,37.8
30063498,3,fever,1,105,133,88,24,91,38.3
30063499,3,fall,3,54,96,68,20,99,37.5
30063500,3,fever,6,79,124,91,16,96,37.8
30063501,2,laceration,7,55,144,60,23,95,37.8
30063502,2,headache,10,98,128,83,23,93,37.2
30063503,3,laceration,2,78,121,94,18,97,36.6
30063504,2,shortness of breath,6,94,119,70,16,98,36.6
30063505,3,laceration,7,103,104,47,16,95,36.7
30063506,3,abdominal pain,1,77,149,85,16,100,37.5
30063507,3,anxiety,3,56,117,109,17,93,37.9
30063508,2,fever,9,106,138,86,15,95,37.2
30063509,3,headache,7,68,151,70,21,93,36.7
30063510,2,abdominal pain,6,77,117,108,19,100,37.1
30063511,4,back pain,5,68,137,97,23,98,37.2
30063512,3,abdominal pain,1,107,139,92,15,98,37.9
30063513,2,abdominal pain,8,95,138,89,21,100,37.1
30063514,4,anxiety,1,58,122,98,23,100,36.3
30063515,4,headache,7,109,120,84,14,97,37.1
30063516,1,fall,6,97,137,82,7,97,38.1
30063517,3,knee pain,0,100,189,95,14,95,37.5
30063518,3,abdominal pain,2,110,130,75,25,98,37.2
30063519,3,laceration,1,99,138,81,20,96,37.2
30063520,2,fever,9,97,118,71,23,99,37.5
30063521,4,fall,5,91,139,64,15,92,38.1
30063522,2,back pain,7,113,98,76,24,100,37.5
30063523,2,back pain,8,81,120,91,17,93,35.5
30063524,1,headache,10,103,128,115,24,94,36.7
30063525,3,laceration,6,80,132,69,27,100,35.9
30063526,3,back pain,5,102,160,73,19,95,37.0
30063527,3,shortness of breath,3,94,140,65,19,96,37.1
30063528,3,shortness of breath,1,67,120,97,19,100,36.3
30063529,3,knee pain,7,96,145,88,20,98,37.9
30063530,3,laceration,2,64,134,74,20,94,38.1
30063531,4,anxiety,6,74,154,89,17,100,37.2
30063532,2,headache,7,41,126,75,16,93,38.7
30063533,5,headache,5,85,86,95,17,93,37.1
30063534,4,fall,3,100,139,98,20,96,37.4
30063535,1,fever,6,64,147,55,22,100,35.9
30063536,3,anxiety,7,78,140,80,10,95,36.8
30063537,3,headache,1,68,151,100,25,100,37.1
30063538,3,chest pain,5,101,130,95,20,100,37.4
30063539,3,headache,1,82,97,71,20,97,37.2
30063540,3,back pain,0,67,124,88,18,98,36.8
30063541,3,fall,4,94,127,62,14,100,35.9
30063542,3,fever,5,104,150,97,25,95,35.3
30063543,2,anxiety,6,107,139,70,17,100,35.3
30063544,5,headache,4,70,121,76,17,100,36.7
30063545,2,fever,10,94,120,78,21,100,38.2
30063546,3,knee pain,3,63,128,81,11,96,37.8
30063547,2,anxiety,9,78,119,96,14,100,35.7
30063548,3,laceration,4,58,114,70,17,93,34.9
30063549,3,back pain,6,98,129,67,9,93,37.9
30063550,2,anxiety,6,77,134,41,24,98,35.6
30063551,3,anxiety,2,76,95,62,15,100,37.5
30063552,3,laceration,1,80,118,111,15,99,37.2
30063553,3,fever,1,81,115,78,16,95,35.9
30063554,3,knee pain,1,73,129,79,21,100,38.9
30063555,3,back pain,7,79,141,68,21,100,36.2
30063556,1,anxiety,8,93,117,97,17,94,38.5
30063557,3,headache,0,81,118,88,12,99,36.8
30063558,5,knee pain,6,116,124,63,17,96,37.7
30063559,3,shortness of breath,6,92,144,86,22,94,36.7
30063560,3,knee pain,6,100,141,79,14,96,37.0
30063561,3,abdominal pain,5,96,145,54,22,94,39.0
30063562,3,anxiety,5,80,111,60,22,99,37.3
30063563,3,back pain,0,78,120,92,13,98,35.7
30063564,3,fever,6,82,151,84,21,93,38.3
30063565,3,shortness of breath,2,54,132,70,22,92,37.7
30063566,1,headache,9,87,104,64,19,100,37.3
30063567,3,back pain,3,86,146,87,15,100,35.5
30063568,3,fever,3,89,123,113,19,99,36.6
30063569,3,abdominal pain,1,71,137,69,23,98,36.4
30063570,2,fall,8,86,103,78,21,98,37.5
30063571,5,laceration,2,85,151,102,20,97,37.6
30063572,4,fever,7,81,142,91,22,100,37.1
30063573,3,knee pain,2,86,131,67,22,95,37.3
30063574,4,anxiety,0,81,144,74,10,100,35.9
30063575,2,headache,10,86,93,87,17,100,37.3
30063576,3,knee pain,1,72,125,79,19,94,36.9
30063577,2,knee pain,10,94,141,101,21,100,37.4
30063578,2,fall,7,95,129,90,20,100,38.3
30063579,3,knee pain,3,103,111,79,26,98,36.1
30063580,3,laceration,2,81,120,105,18,98,35.9
30063581,5,abdominal pain,7,84,134,58,17,100,34.9
30063582,3,fever,7,87,121,53,26,96,36.5
30063583,3,headache,2,58,148,95,16,100,37.0
30063584,2,shortness of breath,8,87,104,64,14,95,37.0
30063585,3,headache,0,68,108,61,16,98,37.6
30063586,2,headache,8,77,125,83,23,95,38.3
30063587,5,laceration,5,68,114,65,14,99,37.2
30063588,2,anxiety,10,78,136,104,20,96,38.3
30063589,3,chest pain,3,97,123,71,22,89,37.3
30063590,2,shortness of breath,8,84,124,88,12,96,36.5
30063591,3,shortness of breath,1,66,137,99,21,95,38.4
30063592,2,knee pain,8,75,131,56,16,99,38.1
30063593,3,fall,3,75,105,86,15,99,36.8
30063594,3,shortness of breath,3,105,121,72,25,100,36.7
30063595,3,chest pain,4,96,125,77,20,96,37.4
30063596,3,anxiety,1,59,153,78,12,99,36.0
30063597,4,back pain,3,68,120,80,13,91,35.5
30063598,3,abdominal pain,3,104,131,99,18,100,37.9
30063599,4,fever,6,82,113,60,27,99,35.7
30063600,3,headache,1,85,124,67,23,100,36.7
30063601,4,knee pain,7,98,132,105,18,98,36.3
30063602,1,chest pain,9,89,102,76,17,90,37.6
30063603,2,fall,6,90,109,99,23,95,36.3
30063604,2,chest pain,10,78,127,80,18,97,35.5
30063605,3,back pain,0,94,119,105,15,100,37.0
30063606,3,headache,7,93,128,74,15,97,37.0
30063607,3,knee pain,2,100,161,73,12,96,37.3
30063608,2,abdominal pain,8,82,159,60,14,96,38.1
30063609,4,anxiety,7,82,161,113,21,98,37.9
30063610,4,headache,0,93,121,75,14,100,38.2
30063611,3,knee pain,1,52,111,73,11,99,37.1
30063612,3,headache,3,86,96,81,20,93,36.1
30063613,1,fall,8,85,101,100,20,100,36.3
30063614,3,laceration,0,74,152,104,10,96,37.1
30063615,3,back pain,3,85,97,83,14,98,37.8
30063616,4,fall,5,91,158,93,17,95,37.6
30063617,2,knee pain,9,74,122,90,13,97,37.9
30063618,3,abdominal pain,2,89,142,82,13,94,36.0
30063619,5,back pain,3,54,144,103,16,97,36.7
30063620,3,chest pain,5,63,98,78,29,98,37.1
30063621,2,laceration,7,113,110,75,23,100,37.6
30063622,3,fever,0,94,119,89,13,91,38.1
30063623,2,headache,10,68,122,79,14,96,38.5
30063624,2,anxiety,6,73,151,73,14,95,37.9
30063625,3,knee pain,6,96,145,75,15,95,37.6
30063626,3,anxiety,2,79,97,62,16,92,37.0
30063627,3,fever,5,95,117,102,17,94,37.7
30063628,2,knee pain,9,90,120,68,20,98,37.7
30063629,3,headache,1,73,133,78,10,97,35.8
30063630,3,laceration,0,69,95,54,19,94,36.5
30063631,3,anxiety,1,86,131,71,15,100,37.6
30063632,4,fall,7,98,134,91,20,95,37.1
30063633,3,laceration,6,71,115,64,14,91,37.3
30063634,2,back pain,6,104,118,92,20,99,37.5
30063635,4,anxiety,1,102,148,78,19,95,37.2
30063636,3,back pain,2,96,131,92,23,96,36.3
30063637,3,back pain,2,106,134,110,25,95,37.4
30063638,3,abdominal pain,2,62,158,103,12,98,36.3
30063639,2,headache,8,85,101,64,26,95,36.6
30063640,3,knee pain,6,74,92,53,11,98,37.2
30063641,3,back pain,6,67,129,83,20,93,36.1
30063642,3,shortness of breath,2,67,106,65,23,97,36.7
30063643,2,chest pain,6,115,133,78,22,99,36.8
30063644,2,chest pain,6,110,120,78,15,95,36.9
30063645,3,fever,3,73,139,90,11,93,38.1
30063646,4,fall,1,105,125,75,19,100,36.2
30063647,3,chest pain,7,97,130,102,17,100,36.7
30063648,3,fever,3,77,142,89,18,97,36.6
30063649,3,fall,4,64,125,88,17,93,37.3
30063650,3,chest pain,6,65,138,72,17,97,36.8
30063651,4,abdominal pain,5,81,119,74,23,96,38.8
30063652,3,anxiety,7,72,152,91,14,96,37.4
30063653,3,knee pain,1,101,131,73,19,97,37.6
30063654,3,laceration,6,66,98,67,13,98,37.8
30063655,3,laceration,3,123,111,74,23,96,37.1
30063656,2,back pain,9,70,152,72,17,100,38.1
30063657,2,fever,9,98,94,62,23,100,36.8
30063658,3,fever,3,77,116,82,15,99,37.3
30063659,3,shortness of breath,6,62,94,99,16,97,35.3
30063660,2,shortness of breath,9,92,98,79,23,96,38.1
30063661,3,anxiety,7,91,107,71,14,98,37.0
30063662,4,laceration,6,101,139,98,19,98,36.3
30063663,3,headache,1,78,105,105,13,100,37.9
30063664,2,headache,8,83,143,79,14,100,37.3
30063665,3,fever,5,86,164,88,31,99,36.2
30063666,2,fever,7,121,132,84,19,100,36.8
30063667,4,abdominal pain,5,81,135,78,19,92,37.8
30063668,5,laceration,5,72,143,81,13,94,38.2
30063669,3,fever,6,83,133,74,16,96,37.4
30063670,3,abdominal pain,4,75,86,72,16,97,37.6
30063671,3,back pain,7,62,112,58,21,93,36.7
30063672,2,chest pain,6,92,96,97,22,100,37.2
30063673,3,chest pain,3,91,142,75,19,94,36.7
30063674,3,abdominal pain,3,99,115,63,11,99,37.0
30063675,3,abdominal pain,5,87,128,96,21,91,38.1
30063676,3,headache,0,74,115,65,11,95,36.0
30063677,3,fever,6,79,103,79,20,100,38.0
30063678,2,abdominal pain,10,96,178,87,9,96,36.7
30063679,3,knee pain,1,81,116,82,15,98,36.9
30063680,2,back pain,10,87,106,81,10,100,38.1
30063681,4,anxiety,0,66,149,103,25,96,38.1
30063682,3,abdominal pain,3,49,129,71,24,98,38.3
30063683,3,abdominal pain,7,66,118,70,17,100,38.3
30063684,3,knee pain,5,77,125,100,14,98,36.5
30063685,3,fever,3,87,132,120,14,95,36.2
30063686,3,back pain,0,54,111,81,16,98,36.6
30063687,3,chest pain,0,72,177,89,17,95,38.2
30063688,3,chest pain,1,86,92,100,14,96,35.5
30063689,2,knee pain,9,80,85,90,21,99,37.6
30063690,3,abdominal pain,5,100,99,92,19,95,36.7
30063691,3,anxiety,1,81,103,84,22,100,36.6
30063692,3,abdominal pain,4,106,125,73,18,96,36.5
30063693,3,laceration,6,64,120,79,18,98,36.9
30063694,3,fever,1,63,117,95,20,97,37.1
30063695,3,chest pain,7,102,98,85,17,94,37.0
30063696,1,abdominal pain,7,103,105,65,22,96,37.6
30063697,3,shortness of breath,7,94,151,93,15,95,35.5
30063698,2,headache,6,72,122,101,12,92,36.6
30063699,2,chest pain,9,99,149,72,19,100,36.1
30063700,5,fever,3,45,104,74,16,97,36.1
30063701,4,abdominal pain,5,101,101,71,14,95,36.1
30063702,2,abdominal pain,9,84,118,62,18,99,35.8
30063703,3,chest pain,4,91,117,97,25,96,37.2
30063704,4,laceration,2,71,119,84,22,93,37.4
30063705,4,fever,0,77,134,80,16,100,36.9
30063706,3,fever,0,98,123,93,22,97,36.2
30063707,3,chest pain,5,84,150,57,26,95,37.4
30063708,3,anxiety,3,94,103,90,18,98,37.5
30063709,3,fall,0,82,165,81,15,96,35.4
30063710,3,abdominal pain,5,89,124,77,19,95,36.7
30063711,3,back pain,2,73,109,75,9,99,37.0
30063712,3,knee pain,7,102,137,64,20,93,36.2
30063713,4,shortness of breath,5,98,155,60,14,99,36.2
30063714,3,knee pain,0,85,110,79,20,99,37.0
30063715,3,laceration,7,66,113,75,23,92,38.3
30063716,1,laceration,7,78,122,67,23,99,37.6
30063717,3,shortness of breath,1,87,111,89,13,98,36.2
30063718,3,back pain,0,91,130,91,12,97,38.0
30063719,3,chest pain,2,97,101,66,19,97,36.7
30063720,3,fall,6,92,116,69,15,97,35.7
30063721,3,knee pain,1,75,138,66,22,99,37.7
30063722,2,anxiety,8,102,137,93,25,94,37.7
30063723,3,laceration,4,97,110,80,10,99,37.0
30063724,4,anxiety,2,91,136,73,14,99,38.4
30063725,4,knee pain,1,93,133,113,9,100,36.2
30063726,3,laceration,2,79,152,62,19,99,36.5
30063727,3,anxiety,6,67,115,60,17,97,36.4
30063728,3,abdominal pain,0,119,152,75,21,97,37.1
30063729,3,knee pain,4,87,97,85,21,98,36.2
30063730,3,fever,4,103,158,92,18,100,37.8
30063731,4,abdominal pain,3,77,143,77,8,96,36.0
30063732,4,chest pain,2,89,93,83,21,96,37.2
30063733,3,shortness of breath,1,95,114,97,15,91,36.4
30063734,4,laceration,4,89,122,70,20,95,35.3
30063735,3,fall,1,80,108,83,18,96,38.2
30063736,1,knee pain,8,86,129,60,18,97,37.3
30063737,2,fall,9,110,159,76,18,97,36.5
30063738,1,laceration,10,75,107,89,15,100,35.7
30063739,4,chest pain,3,80,136,67,23,94,37.7
30063740,4,abdominal pain,6,51,149,104,14,97,37.4
30063741,2,knee pain,9,72,121,68,4,98,38.1
30063742,3,abdominal pain,7,88,131,72,22,94,36.7
30063743,3,fall,1,87,129,90,17,94,37.1
30063744,2,shortness of breath,6,87,146,78,15,96,36.2
30063745,3,fever,2,76,139,91,15,96,37.0
30063746,3,anxiety,3,76,139,78,21,98,37.3
30063747,2,anxiety,6,102,137,89,18,98,37.6
30063748,3,abdominal pain,2,92,96,59,18,96,37.8
30063749,3,chest pain,6,96,163,92,15,98,37.2
30063750,3,back pain,4,101,153,72,19,98,39.0
30063751,3,fall,3,83,134,94,21,100,35.8
30063752,3,shortness of breath,7,78,115,61,21,100,37.4
30063753,3,chest pain,0,94,143,91,17,96,36.8
30063754,4,fall,2,103,136,66,26,92,37.2
30063755,3,fall,6,92,123,69,16,96,36.4
30063756,3,shortness of breath,4,98,112,106,18,93,36.9
30063757,4,chest pain,5,76,84,83,18,100,36.7
30063758,3,fever,6,62,146,98,13,98,37.5
30063759,2,shortness of breath,9,76,155,62,17,96,36.5
30063760,3,knee pain,1,77,107,82,22,97,37.6
30063761,1,back pain,7,72,67,70,22,92,38.0
30063762,4,shortness of breath,0,93,146,88,12,93,37.9
30063763,2,laceration,7,89,100,87,20,96,36.2
30063764,3,shortness of breath,0,63,88,76,15,100,36.8
30063765,2,fall,7,95,90,52,22,97,37.1
30063766,3,fall,2,62,97,99,21,96,37.9
30063767,4,shortness of breath,7,100,137,84,14,97,36.9
30063768,2,headache,10,86,165,65,11,98,34.9
30063769,3,fever,6,53,169,85,18,100,36.5
30063770,2,abdominal pain,9,75,127,86,13,100,37.3
30063771,2,laceration,9,86,131,93,15,95,36.2
30063772,3,fall,3,64,119,71,15,94,37.4
30063773,3,knee pain,2,105,147,97,24,99,35.0
30063774,3,abdominal pain,4,80,148,80,24,100,36.3
30063775,3,shortness of breath,0,83,87,62,11,100,36.5
30063776,2,back pain,7,62,140,80,11,95,37.8
30063777,3,knee pain,3,72,116,94,18,99,37.0
30063778,3,knee pain,3,71,143,63,19,98,36.2
30063779,3,abdominal pain,2,59,103,93,11,86,35.9
30063780,3,knee pain,7,84,133,106,20,99,36.7
30063781,4,fever,7,87,95,109,21,98,36.9
30063782,1,fever,6,83,170,109,30,97,37.3
30063783,4,back pain,4,80,89,89,17,99,37.2
30063784,4,abdominal pain,0,72,139,66,13,98,38.6
30063785,5,headache,1,65,125,79,18,95,36.3
30063786,4,fall,1,86,109,74,21,96,37.1
30063787,2,chest pain,8,103,120,81,22,97,35.8
30063788,2,abdominal pain,9,83,142,103,21,96,37.9
30063789,4,laceration,1,70,84,71,17,97,36.8
30063790,4,knee pain,4,70,77,71,12,97,36.9
30063791,3,back pain,1,109,108,81,15,99,37.2
30063792,4,fever,2,94,119,75,18,94,37.6
30063793,4,back pain,6,93,160,111,19,99,36.1
30063794,1,laceration,10,104,150,84,14,100,35.4
30063795,1,fall,8,62,123,91,8,100,36.6
30063796,3,back pain,7,82,140,81,21,91,36.5
30063797,4,fall,2,82,102,100,17,91,37.7
30063798,4,chest pain,4,100,125,65,16,97,36.3
30063799,5,fall,7,71,101,86,22,95,37.5
30063800,3,abdominal pain,5,73,127,59,24,98,37.0
30063801,1,shortness of breath,6,81,135,71,18,100,37.0
30063802,2,shortness of breath,10,101,162,112,26,97,37.4
30063803,4,fall,7,88,73,64,12,93,36.8
30063804,4,fall,6,69,154,81,24,94,36.0
30063805,3,anxiety,7,105,113,65,13,95,37.7
30063806,2,anxiety,9,80,155,96,13,100,37.3
30063807,4,knee pain,0,73,146,75,19,98,37.1
30063808,4,anxiety,6,92,142,70,12,96,35.4
30063809,3,abdominal pain,5,100,103,83,18,98,35.6
30063810,2,anxiety,8,71,161,85,26,100,37.0
30063811,3,anxiety,7,85,110,55,19,100,38.2
30063812,3,laceration,4,71,145,82,21,97,37.3
30063813,2,headache,10,95,157,90,25,100,36.1
30063814,4,abdominal pain,4,95,148,80,17,93,34.9
30063815,3,fall,2,85,143,41,20,98,38.5
30063816,2,headache,6,96,75,98,15,99,37.2
30063817,3,shortness of breath,7,84,139,77,26,100,37.5
30063818,3,shortness of breath,5,81,153,126,26,98,37.4
30063819,4,fever,6,81,138,68,17,100,38.3
30063820,4,fever,5,102,128,84,20,95,37.8
30063821,3,chest pain,6,85,122,80,16,100,36.2
30063822,3,headache,1,103,118,70,23,96,37.4
30063823,3,chest pain,7,48,132,82,15,95,37.3
30063824,1,chest pain,10,52,143,81,17,98,37.7
30063825,5,fever,2,76,134,75,20,99,38.3
30063826,3,knee pain,0,83,119,51,20,99,36.5
30063827,3,shortness of breath,0,76,148,93,17,95,37.0
30063828,1,fall,7,90,117,88,20,94,38.3
30063829,2,laceration,7,74,125,61,18,100,36.9
30063830,3,laceration,0,99,109,77,10,94,36.4
30063831,2,abdominal pain,6,91,119,91,17,96,36.3
30063832,4,chest pain,0,75,124,67,22,94,36.6
30063833,3,anxiety,1,81,129,78,21,95,36.8
30063834,2,laceration,6,59,154,83,25,94,36.7
30063835,4,shortness of breath,2,77,104,71,21,98,36.9
30063836,2,abdominal pain,10,92,92,69,22,99,37.1
30063837,4,back pain,7,105,114,81,20,98,36.7
30063838,3,abdominal pain,1,94,106,43,14,98,37.1
30063839,4,fall,3,82,113,84,10,100,37.4
30063840,4,fall,7,91,113,90,18,100,37.9
30063841,3,knee pain,2,104,167,59,13,96,37.0
30063842,3,fall,7,68,114,72,14,99,37.9
30063843,2,headache,10,94,108,88,10,98,37.0
30063844,4,headache,6,89,107,97,18,96,35.9
30063845,4,knee pain,7,90,104,59,19,100,37.1
30063846,3,back pain,2,85,123,89,19,100,37.2
30063847,3,abdominal pain,6,62,116,81,19,97,36.4
30063848,2,back pain,10,83,142,110,15,96,37.2
30063849,2,headache,9,80,138,105,21,95,37.9
30063850,3,headache,0,85,118,81,12,100,38.5
30063851,5,anxiety,2,81,122,86,23,96,38.2
30063852,2,fall,9,53,123,79,14,92,36.7
30063853,5,anxiety,4,85,141,69,17,98,34.9
30063854,3,fever,2,73,117,56,14,97,36.2
30063855,4,shortness of breath,4,83,153,74,22,99,37.3
30063856,5,fall,5,76,118,65,17,99,37.1
30063857,3,anxiety,1,94,134,63,19,96,36.2
30063858,1,fall,10,100,126,81,14,93,36.6
30063859,3,abdominal pain,6,89,132,73,16,100,36.1
30063860,3,fall,2,72,113,65,20,95,36.7
30063861,4,knee pain,3,99,107,82,23,94,37.6
30063862,3,back pain,7,68,142,100,20,100,38.0
30063863,4,abdominal pain,6,97,138,101,19,91,37.5
30063864,3,anxiety,4,94,148,44,19,98,37.3
30063865,3,abdominal pain,3,85,125,101,14,94,36.2
30063866,4,headache,3,115,105,89,15,92,37.4
30063867,3,chest pain,1,75,114,55,6,96,36.6
30063868,1,fever,8,89,126,70,22,96,37.3
30063869,3,fall,1,62,84,83,14,91,38.1
30063870,1,laceration,7,93,111,98,15,97,36.6
30063871,2,chest pain,8,60,143,89,21,97,37.6
30063872,3,fall,6,78,123,104,14,99,36.4
30063873,4,anxiety,0,107,123,75,21,94,37.7
30063874,3,fall,6,77,137,95,19,100,36.7
30063875,5,fall,2,86,124,117,19,98,37.0
30063876,2,anxiety,7,83,121,84,18,96,37.2
30063877,3,back pain,6,93,106,125,18,98,37.6
30063878,2,chest pain,6,106,147,104,19,92,38.6
30063879,3,fever,3,82,107,81,16,97,36.8
30063880,5,anxiety,1,99,122,111,22,96,36.6
30063881,4,laceration,2,115,132,85,20,97,36.2
30063882,3,anxiety,6,78,136,84,14,96,35.4
30063883,3,anxiety,0,86,113,103,13,93,35.8
30063884,2,anxiety,8,112,138,60,18,98,37.2
30063885,3,back pain,2,94,141,47,25,98,37.6
30063886,3,knee pain,1,57,134,65,23,94,37.0
30063887,4,anxiety,1,103,130,85,21,100,36.6
30063888,4,anxiety,4,85,103,72,21,95,38.4
30063889,4,chest pain,3,109,116,90,17,100,37.6
30063890,4,anxiety,2,89,124,85,16,99,35.7
30063891,3,knee pain,4,84,102,76,15,95,35.9
30063892,4,knee pain,7,67,124,81,16,98,37.5
30063893,3,anxiety,6,72,156,79,19,96,38.2
30063894,3,fever,2,78,156,88,19,94,37.5
30063895,5,fall,3,91,128,73,20,96,36.6
30063896,4,laceration,0,87,106,82,18,93,35.5
30063897,4,knee pain,7,79,132,50,10,99,37.8
30063898,3,back pain,0,88,174,69,17,99,36.8
30063899,3,back pain,2,88,110,84,18,100,36.2
30063900,5,abdominal pain,0,71,125,76,14,100,35.8
30063901,3,headache,7,123,158,63,25,94,38.0
30063902,4,anxiety,6,87,115,56,12,97,36.2
30063903,3,chest pain,5,93,117,88,14,98,35.9
30063904,2,fall,7,95,132,54,12,100,37.2
30063905,2,anxiety,6,89,151,98,9,99,36.4
30063906,3,headache,2,75,98,84,19,100,37.9
30063907,4,fall,6,92,116,87,24,96,38.2
30063908,4,back pain,0,92,148,86,20,93,37.1
30063909,3,laceration,1,90,131,108,21,97,37.3
30063910,5,back pain,3,109,125,78,15,99,36.4
30063911,4,back pain,2,76,133,63,23,96,37.3
30063912,5,shortness of breath,4,84,123,69,23,96,36.0
30063913,4,headache,3,102,127,59,23,100,36.6
30063914,3,back pain,7,77,124,80,20,97,36.9
30063915,2,shortness of breath,7,91,123,81,25,92,38.7
30063916,1,knee pain,10,108,161,85,16,98,36.3
30063917,3,fall,2,77,122,95,14,98,36.4
30063918,3,shortness of breath,6,97,123,79,19,100,36.9
30063919,4,fever,0,76,133,72,21,97,37.2
30063920,2,anxiety,7,90,148,71,21,100,36.9
30063921,4,anxiety,3,86,149,71,22,99,37.7
30063922,2,anxiety,8,94,97,76,19,96,36.7
30063923,1,knee pain,8,101,138,77,24,100,36.2
30063924,3,headache,5,62,134,99,19,95,36.7
30063925,1,abdominal pain,8,82,105,57,14,94,36.7
30063926,2,fall,8,89,113,59,25,100,36.2
30063927,3,abdominal pain,0,83,131,48,17,97,37.4
30063928,4,headache,2,84,137,80,14,98,36.0
30063929,4,fall,5,60,110,79,18,97,37.3
30063930,3,back pain,1,83,108,74,10,100,36.2
30063931,3,fall,3,89,117,74,18,100,37.6
30063932,3,abdominal pain,6,109,112,67,18,100,36.4
30063933,4,knee pain,3,80,152,80,10,100,37.5
30063934,4,fall,5,82,129,64,14,99,37.7
30063935,3,knee pain,5,79,89,91,16,96,37.3
30063936,2,fall,7,82,137,60,16,97,36.6
30063937,1,abdominal pain,6,92,112,84,21,97,37.0
30063938,3,headache,2,69,97,57,19,91,36.6
30063939,3,anxiety,3,71,115,96,14,94,33.9
30063940,3,abdominal pain,0,93,118,83,17,97,36.7
30063941,3,laceration,7,84,144,51,10,94,35.8
30063942,3,fever,1,89,120,89,5,100,37.1
30063943,3,back pain,0,70,99,84,13,100,36.2
30063944,3,chest pain,6,62,129,104,17,96,35.8
30063945,3,abdominal pain,6,88,124,95,16,97,37.7
30063946,3,fall,7,98,132,75,25,94,37.1
30063947,3,shortness of breath,2,95,151,85,18,97,36.9
30063948,2,laceration,9,96,140,68,22,97,37.1
30063949,3,laceration,3,76,132,79,14,96,37.3
30063950,3,back pain,4,105,156,103,21,93,36.6
30063951,2,fall,9,96,75,74,14,99,36.2
30063952,4,fall,2,72,115,114,12,99,37.1
30063953,3,laceration,4,73,132,73,15,100,36.7
30063954,3,headache,1,78,152,77,20,93,36.8
30063955,3,shortness of breath,4,99,129,70,15,95,36.9
30063956,3,shortness of breath,6,52,125,85,21,94,37.3
30063957,1,headache,7,91,112,87,16,93,36.8
30063958,2,headache,8,95,91,72,19,98,37.6
30063959,1,fall,8,88,121,105,19,100,35.5
30063960,3,knee pain,1,82,96,70,18,93,36.0
30063961,4,chest pain,6,78,118,84,12,100,37.7
30063962,3,anxiety,2,108,142,95,14,96,36.8
30063963,3,headache,5,100,148,66,21,100,38.1
30063964,4,knee pain,1,96,92,105,14,88,38.0
30063965,2,shortness of breath,7,80,127,85,22,97,37.4
30063966,2,knee pain,7,59,146,100,18,99,37.2
30063967,3,fall,1,81,115,58,15,98,36.8
30063968,5,abdominal pain,4,82,152,50,15,96,37.9
30063969,4,abdominal pain,4,99,136,69,13,100,35.5
30063970,4,fall,4,105,130,86,19,97,37.8
30063971,2,knee pain,7,101,136,91,12,98,36.2
30063972,2,headache,9,62,127,76,12,95,37.6
30063973,4,shortness of breath,2,106,121,77,17,96,36.2
30063974,2,fever,8,94,116,81,14,99,37.2
30063975,3,headache,7,97,162,70,15,100,35.9
30063976,3,back pain,3,78,157,74,19,100,36.4
30063977,5,shortness of breath,1,68,143,58,19,100,36.2
30063978,4,fall,7,71,110,101,19,100,36.6
30063979,4,abdominal pain,4,71,144,79,17,99,35.6
30063980,3,fall,1,88,151,82,19,95,36.0
30063981,3,fall,2,72,103,50,18,99,36.7
30063982,3,chest pain,3,77,129,54,19,92,37.9
30063983,3,headache,1,80,109,108,19,96,36.0
30063984,4,anxiety,0,61,113,49,15,96,37.0
30063985,4,knee pain,7,74,137,117,15,98,36.3
30063986,3,fever,1,87,117,89,14,100,38.1
30063987,2,back pain,7,102,105,52,21,94,36.2
30063988,3,fever,7,99,117,105,21,99,36.4
30063989,3,headache,5,78,125,79,19,97,37.4
30063990,3,shortness of breath,0,112,131,59,16,98,36.9
30063991,4,shortness of breath,0,76,150,79,17,95,36.8
30063992,3,shortness of breath,2,97,117,85,18,100,37.7
30063993,3,shortness of breath,4,96,129,70,14,99,37.3
30063994,2,back pain,9,75,92,69,26,97,36.7
30063995,3,shortness of breath,7,71,153,43,18,96,36.8
30063996,2,back pain,6,82,106,77,18,98,35.9
30063997,2,fall,7,83,95,71,17,96,36.7
30063998,3,shortness of breath,5,96,98,110,19,100,37.1
30063999,2,knee pain,6,83,128,71,14,99,36.0
30064000,3,laceration,7,80,135,59,20,93,36.3
30064001,3,laceration,1,106,101,62,16,95,38.0
30064002,3,shortness of breath,3,62,126,85,22,97,37.4
30064003,1,abdominal pain,10,65,135,89,23,96,37.8
30064004,4,knee pain,2,66,138,88,11,93,39.1
30064005,3,headache,7,89,109,93,17,91,37.5
30064006,4,abdominal pain,5,91,88,99,15,100,38.6
30064007,4,headache,5,50,101,87,19,100,37.6
30064008,3,laceration,6,97,110,95,20,95,36.7
30064009,3,fever,4,93,87,73,18,97,38.5
30064010,3,anxiety,7,90,131,74,19,97,36.0
30064011,3,shortness of breath,5,88,110,74,23,94,35.1
30064012,1,back pain,7,82,102,77,19,92,37.4
30064013,3,anxiety,6,68,152,92,19,93,36.6
30064014,3,anxiety,0,92,141,91,17,95,37.1
30064015,4,anxiety,6,72,108,91,20,96,36.9
30064016,2,back pain,10,107,125,89,14,99,37.1
30064017,3,anxiety,5,85,169,75,16,98,36.6
30064018,2,fever,10,108,131,106,16,100,36.2
30064019,3,laceration,2,67,163,92,21,99,37.5
30064020,2,chest pain,6,89,162,75,26,100,38.0
30064021,4,abdominal pain,0,81,134,70,14,99,36.3
30064022,1,shortness of breath,10,77,152,70,10,95,37.8
30064023,3,chest pain,4,57,119,87,15,90,37.7
30064024,3,fall,1,71,125,86,21,100,37.1
30064025,1,chest pain,6,91,105,76,21,100,37.3
30064026,4,knee pain,5,101,122,49,22,100,36.8
30064027,2,shortness of breath,10,88,95,63,23,96,36.4
30064028,2,fever,6,80,100,73,20,96,37.1
30064029,2,shortness of breath,7,87,110,104,21,99,39.1
30064030,3,shortness of breath,1,84,134,81,16,100,36.6
30064031,3,back pain,3,86,161,80,20,95,37.0
30064032,2,laceration,8,60,121,67,17,98,37.5
30064033,3,fall,1,97,119,78,20,100,37.5
30064034,3,fall,7,100,146,120,16,95,36.5
30064035,3,headache,0,71,128,85,16,99,37.2
30064036,3,shortness of breath,1,104,115,62,24,97,37.0
30064037,4,abdominal pain,3,75,157,62,14,94,37.8
30064038,2,laceration,7,91,132,94,22,95,37.2
30064039,3,fever,3,75,108,74,19,93,36.2
30064040,4,abdominal pain,1,87,117,82,20,94,36.5
30064041,3,back pain,1,59,120,58,22,91,36.4
30064042,4,fever,1,49,118,112,11,93,38.3
30064043,3,fall,2,95,107,68,19,94,37.3
30064044,4,knee pain,7,64,127,90,18,97,36.1
30064045,3,chest pain,6,88,135,75,15,95,37.5
30064046,3,chest pain,5,108,116,76,20,100,37.5
30064047,3,knee pain,2,41,73,79,12,98,36.9
30064048,3,headache,0,89,123,83,19,89,37.5
30064049,3,knee pain,1,107,142,98,13,99,36.1
30064050,3,back pain,0,75,95,64,20,94,36.1
30064051,3,shortness of breath,7,91,133,78,14,100,36.0
30064052,3,shortness of breath,2,108,165,60,17,95,36.8
30064053,3,laceration,3,98,104,81,21,94,37.6
30064054,3,shortness of breath,7,53,100,83,22,99,36.7
30064055,3,abdominal pain,5,69,125,65,14,97,36.1
30064056,3,back pain,0,78,100,95,21,100,37.1
30064057,2,fever,8,100,85,96,16,94,36.4
30064058,3,back pain,7,72,161,72,19,94,38.1
30064059,3,laceration,2,82,155,66,27,100,36.9
30064060,4,fever,1,80,131,82,15,95,36.3
30064061,3,knee pain,7,85,135,87,20,94,38.8
30064062,3,back pain,2,100,125,68,20,99,37.4
30064063,5,headache,7,85,135,70,22,94,37.2
30064064,3,fever,6,84,156,82,15,95,37.5
30064065,3,headache,4,97,158,90,23,99,35.6
30064066,3,chest pain,0,98,144,61,20,94,37.0
30064067,1,knee pain,8,111,139,55,19,99,35.9
30064068,5,knee pain,7,58,149,67,14,97,35.7
30064069,3,shortness of breath,0,102,100,72,14,97,35.0
30064070,4,anxiety,6,80,119,76,22,97,36.5
30064071,3,fever,4,75,91,73,12,100,37.3
30064072,3,fall,0,80,128,78,24,93,37.7
30064073,3,anxiety,7,77,94,111,14,95,37.4
30064074,2,laceration,10,81,119,80,19,94,37.8
30064075,3,anxiety,7,96,148,65,14,98,37.4
30064076,3,back pain,5,59,147,90,18,94,37.5
30064077,2,chest pain,7,96,132,56,19,92,37.2
30064078,1,headache,7,62,120,77,20,95,37.7
30064079,1,chest pain,6,110,122,64,25,99,36.8
30064080,2,fall,8,109,118,77,15,90,36.5
30064081,2,anxiety,9,85,138,85,16,96,37.6
30064082,3,anxiety,4,78,121,91,15,100,36.3
30064083,2,back pain,8,69,135,73,19,97,36.5
30064084,3,knee pain,1,80,122,75,27,99,37.1
30064085,2,knee pain,9,89,106,73,15,93,35.1
30064086,4,anxiety,7,60,147,91,21,98,37.0
30064087,3,shortness of breath,4,110,109,74,15,95,34.9
30064088,3,chest pain,2,58,164,97,17,99,37.7
30064089,3,knee pain,6,96,140,80,14,96,37.4
30064090,3,fall,0,94,124,83,18,94,36.5
30064091,3,knee pain,3,76,117,68,23,96,36.8
30064092,3,knee pain,3,102,174,85,23,93,35.9
30064093,3,abdominal pain,5,75,127,94,19,99,38.3
30064094,4,fever,2,88,91,80,15,97,37.0
30064095,3,back pain,6,98,149,95,15,97,38.4
30064096,5,headache,3,83,129,90,24,99,36.9
30064097,2,knee pain,7,97,97,81,22,92,35.6
30064098,3,laceration,6,79,127,79,17,100,38.3
30064099,3,back pain,0,81,138,78,22,98,37.7
30064100,3,knee pain,5,95,105,85,17,97,36.0
30064101,3,headache,6,55,127,76,14,97,37.3
30064102,3,abdominal pain,5,65,135,113,23,96,37.0
30064103,2,chest pain,9,55,140,77,16,100,37.2
30064104,3,headache,1,76,92,94,18,99,36.5
30064105,2,laceration,8,84,76,68,14,100,37.2
30064106,3,anxiety,3,88,79,75,10,93,37.5
30064107,3,shortness of breath,3,91,112,85,21,97,36.5
30064108,5,abdominal pain,6,93,116,86,20,96,37.0
30064109,4,laceration,7,102,107,45,17,93,36.4
30064110,2,headache,9,45,100,100,14,100,34.9
30064111,4,back pain,4,74,162,87,6,97,36.2
30064112,3,laceration,3,83,92,64,22,99,37.2
30064113,2,knee pain,6,63,108,108,10,98,36.9
30064114,4,anxiety,3,61,151,92,22,97,36.9
30064115,3,knee pain,6,63,132,87,15,100,36.6
30064116,2,knee pain,8,128,117,80,14,100,36.6
30064117,3,shortness of breath,6,109,134,81,21,95,35.1
30064118,2,headache,10,112,111,59,16,94,36.5
30064119,1,knee pain,10,94,117,68,23,100,36.8
30064120,3,fall,3,95,130,84,17,98,36.2
30064121,4,back pain,0,107,141,75,18,97,36.2
30064122,3,fever,2,92,125,87,27,97,37.3
30064123,4,knee pain,6,88,120,92,20,96,38.4
30064124,3,anxiety,7,77,117,84,19,100,36.4
30064125,3,laceration,6,65,121,84,20,100,37.0
30064126,3,anxiety,7,46,129,78,10,93,36.7
30064127,3,anxiety,2,73,106,82,22,93,38.5
30064128,3,shortness of breath,1,96,114,96,22,98,37.5
30064129,2,fall,7,72,137,92,21,97,37.9
30064130,4,abdominal pain,4,100,105,80,13,96,37.7
30064131,1,headache,8,67,106,60,26,95,36.9
30064132,3,shortness of breath,7,86,86,87,13,99,36.3
30064133,4,shortness of breath,0,105,104,79,16,97,37.6
30064134,3,abdominal pain,6,98,115,96,19,93,36.0
30064135,3,anxiety,7,71,104,53,13,96,37.8
30064136,2,knee pain,9,41,164,106,17,92,35.5
30064137,3,back pain,0,104,118,76,23,95,36.1
30064138,4,anxiety,0,73,113,71,12,92,37.4
30064139,3,chest pain,6,67,145,79,21,95,36.7
30064140,4,laceration,3,106,140,78,22,94,39.0
30064141,3,fever,1,110,117,90,21,95,38.1
30064142,4,knee pain,0,71,126,58,22,97,36.6
30064143,2,shortness of breath,6,67,101,112,21,91,36.3
30064144,3,shortness of breath,7,80,149,80,18,97,37.6
30064145,2,abdominal pain,7,100,127,67,19,100,37.1
30064146,3,anxiety,0,74,120,89,18,96,36.6
30064147,4,headache,4,102,151,79,22,99,38.0
30064148,3,fever,0,79,126,100,18,95,37.7
30064149,3,back pain,1,83,131,77,22,94,38.8
30064150,4,fall,0,69,162,83,22,97,37.5
30064151,2,anxiety,6,126,155,74,22,96,36.6
30064152,3,back pain,2,71,134,68,19,99,36.8
30064153,2,fever,8,89,120,91,18,96,37.5
30064154,3,anxiety,2,73,129,81,13,95,37.9
30064155,3,chest pain,2,129,123,59,20,96,36.4
30064156,3,fall,0,122,122,86,15,100,37.9
30064157,3,anxiety,7,73,116,98,25,100,37.0
30064158,3,shortness of breath,3,75,139,60,16,99,36.5
30064159,4,anxiety,5,46,151,113,19,97,36.9
30064160,3,abdominal pain,1,88,107,96,16,96,36.7
30064161,2,laceration,9,109,129,114,12,96,36.8
30064162,3,headache,0,67,154,66,14,93,38.0
30064163,3,knee pain,1,88,121,63,17,95,35.4
30064164,2,anxiety,7,77,112,85,11,98,37.8
30064165,3,abdominal pain,4,92,132,80,15,90,35.8
30064166,3,chest pain,7,86,85,70,13,97,36.0
30064167,1,shortness of breath,6,95,121,65,15,97,37.4
30064168,2,laceration,8,57,115,71,15,98,36.3
30064169,2,anxiety,6,77,95,103,17,97,36.7
30064170,4,back pain,1,96,129,65,17,99,36.7
30064171,3,laceration,4,102,96,83,14,99,36.9
30064172,3,abdominal pain,6,94,112,49,19,100,36.7
30064173,4,chest pain,5,78,118,90,16,100,36.0
30064174,2,headache,6,104,121,82,19,93,37.0
30064175,3,laceration,3,62,119,83,14,99,37.0
30064176,4,anxiety,5,75,103,83,15,99,36.2
30064177,4,back pain,0,114,116,63,8,92,36.7
30064178,4,fever,4,68,94,90,17,92,36.9
30064179,3,abdominal pain,5,94,130,94,17,99,37.7
30064180,5,chest pain,0,81,127,99,16,97,36.9
30064181,3,knee pain,1,79,108,102,10,100,36.4
30064182,2,fever,10,80,104,69,25,97,36.4
30064183,2,back pain,7,87,123,70,16,97,37.1
30064184,2,fall,10,60,154,96,17,95,37.3
30064185,4,anxiety,5,107,123,83,18,97,35.8
30064186,4,shortness of breath,4,71,130,65,20,98,36.2
30064187,3,chest pain,2,71,119,64,20,98,37.8
30064188,3,laceration,3,84,116,75,15,99,37.0
30064189,3,anxiety,1,79,124,77,18,97,36.6
30064190,2,back pain,7,81,120,73,14,100,37.4
30064191,3,knee pain,0,89,91,91,15,99,37.9
30064192,3,laceration,6,69,118,74,21,98,36.4
30064193,2,headache,8,44,159,79,15,96,36.4
30064194,4,shortness of breath,4,82,93,111,17,97,36.8
30064195,3,knee pain,6,74,118,87,17,94,36.8
30064196,5,shortness of breath,3,66,114,80,24,95,36.3
30064197,3,anxiety,2,103,124,72,29,99,37.9
30064198,3,anxiety,3,82,144,96,24,99,37.9
30064199,3,knee pain,4,102,100,65,17,100,36.6
30064200,4,anxiety,7,80,131,77,23,99,37.2
30064201,4,fall,3,72,148,79,17,93,37.1
30064202,4,back pain,0,90,131,66,15,92,37.9
30064203,4,abdominal pain,4,75,124,65,17,98,37.4
30064204,2,chest pain,7,112,137,90,16,98,37.3
30064205,4,chest pain,2,72,98,96,18,100,38.4
30064206,3,abdominal pain,6,98,152,56,14,100,36.7
30064207,3,laceration,7,91,139,81,17,98,36.7
30064208,3,fall,0,89,134,68,18,97,38.5
30064209,3,anxiety,0,95,97,111,21,96,37.3
30064210,5,anxiety,6,82,135,96,17,94,37.1
30064211,3,fall,5,104,129,92,17,100,37.2
30064212,3,shortness of breath,2,118,109,82,18,97,37.2
30064213,3,chest pain,0,95,161,103,23,96,37.5
30064214,3,laceration,0,64,132,74,17,92,36.7
30064215,4,back pain,6,67,133,96,19,96,35.1
30064216,2,abdominal pain,10,58,95,87,17,96,37.9
30064217,2,fever,8,90,117,106,17,97,37.7
30064218,3,back pain,3,87,141,67,19,96,37.2
30064219,3,abdominal pain,7,96,129,75,14,99,36.2
30064220,3,abdominal pain,0,83,159,58,27,100,36.3
30064221,3,fall,4,98,141,61,19,100,38.2
30064222,1,abdominal pain,9,107,93,94,19,97,37.5
30064223,2,headache,8,95,115,88,20,95,37.1
30064224,3,headache,1,73,117,87,13,95,36.9
30064225,3,headache,1,118,116,116,13,98,37.2
30064226,3,knee pain,7,93,136,46,18,98,36.3
30064227,2,abdominal pain,8,86,136,90,15,97,38.0
30064228,4,abdominal pain,7,112,154,74,11,98,35.8
30064229,2,abdominal pain,8,86,135,94,22,94,35.8
30064230,3,anxiety,1,73,96,78,13,99,37.5
30064231,4,anxiety,1,89,144,79,11,100,37.9
30064232,3,chest pain,1,71,137,102,17,98,36.6
30064233,3,shortness of breath,7,94,133,64,13,96,36.6
30064234,2,shortness of breath,7,80,89,88,21,100,38.6
30064235,4,fever,6,53,131,84,17,100,36.3
30064236,3,knee pain,6,69,140,80,16,98,37.3
30064237,3,headache,7,64,117,76,20,95,37.4
30064238,2,shortness of breath,9,75,160,104,12,93,36.3
30064239,2,fever,9,75,128,94,12,99,36.3
30064240,3,back pain,7,127,113,78,23,95,37.8
30064241,4,fever,3,79,139,73,16,100,38.1
30064242,2,headache,10,43,71,50,18,98,35.4
30064243,3,fever,5,84,81,51,19,98,36.3
30064244,3,knee pain,6,83,142,79,20,97,37.9
30064245,3,knee pain,6,92,147,64,17,96,37.7
30064246,2,laceration,9,80,144,78,17,96,36.4
30064247,3,knee pain,1,75,156,91,4,96,35.9
30064248,3,knee pain,6,98,117,84,18,98,35.9
30064249,3,fever,2,111,80,76,24,99,37.6
30064250,4,laceration,1,95,86,86,20,94,37.4
30064251,3,knee pain,2,66,101,65,15,93,37.1
30064252,2,fall,6,98,156,70,18,98,36.7
30064253,3,fall,4,72,144,84,13,96,37.4
30064254,4,shortness of breath,6,94,78,70,24,100,38.7
30064255,3,fall,6,80,169,65,17,95,37.0
30064256,1,back pain,6,94,124,72,26,97,37.9
30064257,3,knee pain,3,84,146,95,16,98,38.0
30064258,2,anxiety,10,92,163,84,16,100,35.9
30064259,4,headache,0,91,126,103,15,94,37.6
30064260,2,headache,7,60,113,74,17,99,37.1
30064261,3,laceration,5,66,109,96,17,100,35.9
30064262,5,anxiety,0,73,139,95,21,95,37.0
30064263,4,chest pain,1,62,90,60,19,96,36.3
30064264,4,chest pain,1,113,150,82,16,97,36.2
30064265,3,back pain,2,104,131,97,21,100,36.4
30064266,3,fever,4,75,145,92,22,99,37.9
30064267,3,fever,4,110,118,83,23,96,35.4
30064268,5,knee pain,7,99,154,73,20,97,36.3
30064269,3,shortness of breath,5,68,93,87,15,95,36.7
30064270,4,abdominal pain,3,113,126,88,18,98,38.4
30064271,5,headache,0,78,122,92,18,97,37.8
30064272,3,fall,6,75,104,96,16,95,38.5
30064273,3,chest pain,6,89,132,117,14,96,37.5
30064274,4,back pain,7,83,114,93,19,93,36.8
30064275,3,back pain,4,40,130,89,15,98,36.6
30064276,3,fever,1,60,124,45,20,95,36.7
30064277,3,headache,3,52,78,42,21,95,36.9
30064278,4,abdominal pain,1,60,112,101,23,97,37.2
30064279,4,abdominal pain,0,68,92,79,22,95,38.0
30064280,4,abdominal pain,5,89,148,60,21,98,36.3
30064281,4,fall,5,79,108,34,23,99,37.2
30064282,3,fall,2,74,95,65,25,92,37.5
30064283,2,shortness of breath,8,63,142,85,19,94,37.1
30064284,3,chest pain,3,96,133,83,20,97,36.9
30064285,4,back pain,7,92,177,80,18,99,37.9
30064286,4,anxiety,7,70,141,71,26,96,37.5
30064287,3,chest pain,6,51,118,80,17,95,36.6
30064288,4,shortness of breath,2,72,107,63,22,93,35.8
30064289,2,shortness of breath,7,96,129,86,18,95,37.9
30064290,2,anxiety,9,73,148,74,18,97,38.5
30064291,4,shortness of breath,6,64,121,75,17,100,36.2
30064292,3,knee pain,7,86,136,69,8,100,37.2
30064293,5,fever,2,86,94,76,17,96,36.4
30064294,3,abdominal pain,5,92,98,74,19,99,37.2
30064295,3,laceration,6,102,125,71,9,90,38.2
30064296,3,fever,5,91,136,97,12,100,36.9
30064297,3,headache,4,71,108,86,23,99,37.2
30064298,3,fever,0,88,143,65,19,99,37.3
30064299,3,back pain,6,93,148,77,15,95,38.8
30064300,4,fever,7,104,142,83,17,100,37.2
30064301,1,fever,8,57,86,99,14,95,37.3
30064302,3,fall,0,90,112,79,19,97,36.4
30064303,5,knee pain,4,99,113,87,20,99,37.0
30064304,1,abdominal pain,6,98,80,92,16,92,37.3
30064305,3,shortness of breath,6,91,82,80,18,91,37.8
30064306,1,abdominal pain,8,100,112,48,20,100,38.4
30064307,3,laceration,5,107,147,70,23,96,36.1
30064308,3,shortness of breath,6,80,151,78,23,96,37.7
30064309,3,laceration,4,79,157,68,18,96,37.5
30064310,3,laceration,1,82,130,69,16,98,37.5
30064311,3,abdominal pain,1,90,123,83,19,91,35.8
30064312,2,back pain,9,70,96,96,20,95,37.2
30064313,2,laceration,9,56,136,77,10,95,36.1
30064314,3,abdominal pain,4,92,91,81,18,92,37.3
30064315,2,shortness of breath,6,102,150,93,24,94,36.8
30064316,1,anxiety,6,62,129,67,26,98,36.4
30064317,3,anxiety,0,82,119,99,14,97,36.5
30064318,3,headache,5,95,151,72,23,96,35.8
30064319,3,headache,6,96,120,56,16,97,36.5
30064320,4,shortness of breath,5,92,137,90,17,96,37.8
30064321,4,fever,4,100,150,75,11,98,37.9
30064322,3,laceration,3,103,150,45,17,90,37.5
30064323,3,shortness of breath,1,58,145,87,22,94,36.9
30064324,3,abdominal pain,4,112,176,89,22,100,36.5
30064325,3,headache,6,84,108,73,19,99,37.0
30064326,3,back pain,3,90,123,102,20,99,36.1
30064327,3,back pain,2,82,182,96,21,96,37.0
30064328,3,anxiety,5,100,104,69,18,94,37.3
30064329,4,fall,5,75,102,107,8,94,37.5
30064330,3,fall,7,111,123,62,13,95,36.7
30064331,3,laceration,0,105,168,84,24,99,38.9
30064332,3,fall,6,65,120,54,22,99,37.2
30064333,3,fever,4,102,120,59,21,100,38.2
30064334,2,fall,9,83,142,107,18,95,37.9
30064335,4,anxiety,1,56,121,61,23,89,37.0
30064336,4,abdominal pain,5,96,119,95,16,100,39.1
30064337,4,chest pain,0,94,149,88,15,98,36.3
30064338,3,chest pain,0,94,154,97,19,93,36.4
30064339,5,chest pain,5,105,126,87,15,97,37.9
30064340,4,shortness of breath,3,78,149,76,21,95,35.9
30064341,2,anxiety,6,102,94,75,18,96,37.6
30064342,2,headache,6,89,113,59,18,95,38.4
30064343,3,anxiety,2,69,132,113,18,94,37.5
30064344,3,headache,6,88,138,67,15,98,37.4
30064345,2,shortness of breath,7,108,100,82,21,97,37.5
30064346,2,shortness of breath,10,86,123,76,11,100,36.8
30064347,2,fall,9,85,136,65,10,99,37.3
30064348,3,knee pain,6,86,97,82,21,93,36.5
30064349,3,laceration,6,75,144,93,21,94,35.8
30064350,1,anxiety,8,82,176,75,18,98,37.3
30064351,2,headache,10,80,109,94,9,100,36.1
30064352,3,fall,6,89,129,123,14,98,37.5
30064353,3,chest pain,6,97,140,75,18,88,37.3
30064354,4,fever,5,69,121,101,17,100,36.6
30064355,4,shortness of breath,6,75,117,47,14,96,37.4
30064356,3,shortness of breath,4,80,81,84,12,94,37.3
30064357,3,back pain,1,72,95,86,16,99,37.6
30064358,1,back pain,6,68,133,74,18,97,37.4
30064359,4,anxiety,3,74,135,101,23,96,36.0
30064360,4,shortness of breath,3,94,138,68,17,99,35.8
30064361,1,abdominal pain,6,102,115,65,24,99,38.2
30064362,3,shortness of breath,1,107,176,89,14,100,35.9
30064363,4,fever,2,94,137,89,26,96,37.4
30064364,3,fever,4,92,129,78,16,96,37.6
30064365,4,abdominal pain,0,93,99,64,17,96,38.9
30064366,3,headache,4,80,107,81,25,94,38.1
30064367,4,headache,5,110,144,88,19,100,35.3
30064368,3,knee pain,6,87,100,114,14,98,36.1
30064369,2,shortness of breath,9,85,141,78,24,95,36.2
30064370,1,laceration,8,95,150,89,19,100,36.9
30064371,5,back pain,1,104,103,111,15,100,38.7
30064372,3,back pain,1,113,124,82,15,99,36.6
30064373,3,laceration,0,80,123,78,18,99,36.8
30064374,3,abdominal pain,4,70,141,89,21,98,36.2
30064375,3,anxiety,7,111,147,87,20,94,37.5
30064376,3,chest pain,4,84,114,87,17,99,36.9
30064377,3,laceration,2,87,116,75,14,97,38.1
30064378,3,back pain,1,89,127,96,19,100,37.2
30064379,2,knee pain,8,90,127,52,16,97,37.8
30064380,3,knee pain,0,104,132,82,24,93,38.9
30064381,4,fever,4,75,130,95,18,99,37.0
30064382,3,knee pain,5,92,126,101,11,97,37.7
30064383,2,shortness of breath,7,81,138,100,11,96,37.0
30064384,3,chest pain,4,56,129,76,19,92,37.2
30064385,5,headache,7,110,109,72,22,98,36.2
30064386,3,knee pain,7,65,154,95,16,99,37.6
30064387,4,back pain,0,92,130,92,18,96,38.0
30064388,3,laceration,5,96,103,92,13,100,37.5
30064389,3,chest pain,4,84,118,87,28,95,36.6
30064390,3,fever,7,86,117,55,18,99,38.7
30064391,4,abdominal pain,7,85,139,84,18,97,37.6
30064392,2,chest pain,8,93,142,78,24,99,37.0
30064393,2,headache,6,58,156,80,12,94,36.3
30064394,4,abdominal pain,2,102,106,84,19,97,36.7
30064395,2,headache,10,77,135,65,24,97,35.7
30064396,3,laceration,0,58,116,94,20,95,36.7
30064397,3,anxiety,2,83,133,90,9,96,36.0
30064398,2,anxiety,8,73,111,75,19,99,37.1
30064399,3,chest pain,4,53,136,84,23,97,37.4
30064400,4,chest pain,3,80,109,71,19,93,38.3
30064401,3,headache,4,99,116,66,16,98,36.4
30064402,3,fever,4,103,104,97,21,100,36.9
30064403,4,laceration,3,79,132,72,17,100,36.9
30064404,3,abdominal pain,6,86,101,104,16,96,36.2
30064405,3,fall,7,97,159,91,20,95,36.6
30064406,3,anxiety,4,98,138,89,23,95,37.7
30064407,4,headache,0,96,98,72,11,99,38.3
30064408,4,abdominal pain,5,65,130,129,19,92,36.5
30064409,5,laceration,2,93,119,95,24,96,37.1
30064410,4,abdominal pain,3,80,118,62,19,99,36.3
30064411,2,fall,7,85,134,66,17,96,36.6
30064412,2,fever,6,88,120,73,16,92,37.1
30064413,3,chest pain,4,83,148,91,20,99,36.9
30064414,2,fever,9,93,107,72,17,100,38.7
30064415,3,laceration,0,87,118,86,21,100,37.7
30064416,5,fever,7,103,95,82,12,92,38.2
30064417,4,fever,0,99,116,76,24,100,36.1
30064418,3,chest pain,5,90,113,108,20,96,37.3
30064419,3,anxiety,7,96,128,93,20,94,38.0
30064420,1,laceration,8,75,127,80,24,97,36.4
30064421,4,knee pain,7,84,106,85,9,100,37.8
30064422,4,shortness of breath,5,76,146,71,23,94,36.5
30064423,3,fall,5,83,109,67,15,99,35.9
30064424,5,shortness of breath,5,52,146,76,14,100,37.3
30064425,4,laceration,0,79,89,82,15,95,36.7
30064426,4,chest pain,1,88,144,89,17,100,36.8
30064427,4,headache,4,72,95,110,28,98,36.7
30064428,3,abdominal pain,2,104,133,100,19,94,37.3
30064429,4,abdominal pain,0,92,143,74,20,95,37.5
30064430,3,chest pain,7,88,123,73,14,94,37.9
30064431,3,fever,0,78,141,95,24,96,37.2
30064432,2,knee pain,8,114,93,83,13,95,37.9
30064433,4,knee pain,3,93,98,80,20,97,36.8
30064434,4,anxiety,0,86,133,75,13,100,36.4
30064435,4,laceration,6,84,118,76,18,97,35.9
30064436,3,anxiety,0,92,122,94,17,100,36.7
30064437,3,back pain,6,79,142,36,16,95,37.5
30064438,2,headache,10,68,126,57,14,94,36.2
30064439,4,fall,6,85,124,78,21,98,38.0
30064440,4,fall,5,88,104,70,17,99,36.6
30064441,3,anxiety,5,79,127,68,17,93,36.4
30064442,4,fall,6,76,121,80,11,96,37.4
30064443,4,back pain,5,68,116,73,20,98,37.0
30064444,2,back pain,6,92,137,96,17,100,37.3
30064445,3,headache,0,83,131,78,14,100,36.8
30064446,3,headache,2,80,131,86,18,93,36.4
30064447,3,fall,0,97,94,97,15,99,36.6
30064448,4,shortness of breath,6,59,131,74,17,93,35.7
30064449,2,fall,7,99,98,65,18,94,37.2
30064450,3,back pain,6,81,148,94,21,90,37.6
30064451,5,knee pain,7,89,105,59,18,97,37.2
30064452,2,back pain,10,95,100,103,6,100,36.9
30064453,4,back pain,5,92,114,83,17,93,37.5
30064454,2,chest pain,9,66,114,58,14,92,37.2
30064455,3,fall,0,69,92,76,26,97,37.1
30064456,3,back pain,4,86,114,93,19,100,37.1
30064457,3,fall,5,68,117,80,18,95,37.6
30064458,3,fever,1,78,128,80,16,100,37.4
30064459,3,shortness of breath,4,89,134,98,25,95,37.2
30064460,2,chest pain,10,125,131,72,18,97,37.5
30064461,1,headache,8,92,139,79,25,100,38.0
30064462,3,chest pain,3,77,129,100,25,92,36.0
30064463,3,fever,2,92,121,116,17,100,36.3
30064464,2,anxiety,6,65,118,63,21,96,38.6
30064465,4,fever,7,115,136,76,25,92,37.5
30064466,5,headache,5,102,102,82,18,96,37.5
30064467,4,back pain,3,59,144,69,13,95,37.4
30064468,4,laceration,5,83,148,61,21,95,38.7
30064469,2,back pain,8,62,121,91,26,96,38.0
30064470,3,back pain,7,118,171,82,20,94,37.5
30064471,4,shortness of breath,3,84,132,82,20,99,37.4
30064472,3,fever,2,96,109,76,20,100,36.8
30064473,3,anxiety,3,113,126,76,18,99,37.3
30064474,3,abdominal pain,2,88,119,77,15,95,34.8
30064475,3,abdominal pain,6,77,135,51,17,93,36.1
30064476,2,laceration,10,91,148,91,23,100,37.4
30064477,4,back pain,3,85,143,77,19,98,37.6
30064478,4,back pain,1,100,142,76,21,96,35.6
30064479,3,anxiety,3,80,132,82,20,96,37.0
30064480,3,chest pain,6,102,155,72,14,98,38.5
30064481,3,shortness of breath,7,105,129,69,16,97,37.3
30064482,3,fever,1,90,119,119,23,98,37.6
30064483,2,back pain,9,90,111,111,22,100,37.0
30064484,3,knee pain,1,91,134,38,26,91,36.6
30064485,3,fall,1,75,144,106,18,95,36.8
30064486,5,fever,7,79,99,67,14,94,36.8
30064487,1,fever,10,89,120,57,17,99,35.3
30064488,4,fall,3,103,116,92,13,100,35.3
30064489,3,knee pain,7,63,147,92,17,94,35.9
30064490,3,shortness of breath,4,92,123,79,17,98,36.7
30064491,3,shortness of breath,3,121,142,76,15,98,35.7
30064492,3,headache,3,87,144,64,18,97,36.5
30064493,3,back pain,3,94,100,85,12,98,37.6
30064494,3,fall,0,79,94,88,18,94,36.6
30064495,4,abdominal pain,4,77,96,70,19,97,36.1
30064496,3,chest pain,2,94,114,99,19,100,36.8
30064497,3,knee pain,3,93,135,91,18,99,37.4
30064498,3,back pain,6,88,132,71,14,100,36.9
30064499,3,fall,4,86,115,115,18,98,37.6
30064500,3,anxiety,3,83,107,55,10,100,37.9
30064501,3,shortness of breath,2,79,142,64,17,95,38.8
30064502,3,knee pain,6,72,114,68,18,98,37.0
30064503,3,chest pain,7,95,140,95,23,97,35.7
30064504,4,fall,0,71,152,62,11,95,38.1
30064505,3,fever,2,99,133,90,16,99,37.9
30064506,3,abdominal pain,3,84,118,78,18,97,37.8
30064507,3,chest pain,3,81,139,89,18,100,37.3
30064508,2,abdominal pain,8,98,106,91,18,100,36.9
30064509,1,abdominal pain,7,90,91,85,15,100,37.4
30064510,3,back pain,4,91,169,60,21,94,37.2
30064511,3,fall,5,96,111,61,17,98,36.9
30064512,3,laceration,0,77,109,86,9,100,36.0
30064513,1,fever,8,91,114,90,16,98,36.5
30064514,3,fall,2,110,134,82,21,97,36.0
30064515,3,abdominal pain,0,93,94,69,19,95,37.5
30064516,3,headache,5,67,123,73,16,95,36.4
30064517,3,headache,2,70,144,64,18,93,37.0
30064518,3,headache,3,88,174,91,14,94,35.4
30064519,2,abdominal pain,9,60,94,72,20,95,36.9
30064520,4,laceration,1,64,148,81,14,100,37.7
30064521,2,back pain,6,83,103,83,17,96,36.2
30064522,2,back pain,7,95,71,64,20,91,36.9
30064523,5,anxiety,1,83,121,85,19,91,37.4
30064524,3,back pain,2,71,115,83,19,94,36.7
30064525,2,chest pain,9,41,124,57,8,95,37.0
30064526,1,fall,10,53,148,90,17,98,37.0
30064527,3,anxiety,0,89,132,82,19,98,36.4
30064528,5,headache,7,81,101,62,19,93,37.4
30064529,3,laceration,3,73,137,87,15,100,37.3
30064530,3,shortness of breath,0,84,151,88,11,100,36.4
30064531,4,fever,1,92,134,99,19,97,36.4
30064532,4,headache,4,80,101,65,11,99,36.6
30064533,4,fall,2,72,108,76,10,94,36.2
30064534,2,fall,10,62,127,66,19,96,36.3
30064535,2,fever,8,72,135,60,18,93,36.9
30064536,3,laceration,5,97,151,100,18,94,36.4
30064537,3,fever,7,105,117,67,21,95,38.2
30064538,3,headache,6,96,98,85,21,95,36.7
30064539,3,anxiety,6,111,140,113,11,98,37.8
30064540,3,knee pain,5,115,139,97,12,94,36.6
30064541,3,anxiety,3,72,129,89,17,94,35.6
30064542,3,anxiety,2,101,128,95,15,91,38.0
30064543,2,headache,7,126,128,87,16,100,37.0
30064544,3,anxiety,1,84,129,83,19,95,38.8
30064545,4,back pain,2,87,152,91,16,95,39.2
30064546,3,shortness of breath,2,86,118,87,25,99,36.9
30064547,3,fall,0,51,113,61,17,100,36.4
30064548,3,knee pain,7,86,136,51,20,94,37.0
30064549,5,anxiety,0,79,89,70,17,97,36.5
30064550,3,anxiety,6,91,127,81,18,99,37.3
30064551,3,fever,6,85,134,82,20,97,35.9
30064552,4,anxiety,6,102,110,64,19,97,39.0
30064553,1,chest pain,9,92,163,88,17,100,37.7
30064554,4,laceration,3,83,136,87,17,99,38.4
30064555,4,anxiety,0,79,146,96,18,92,37.0
30064556,5,fever,4,88,90,69,19,98,37.6
30064557,3,chest pain,6,94,147,76,18,100,35.7
30064558,4,back pain,4,96,114,73,16,97,37.0
30064559,5,back pain,5,90,125,108,17,100,37.1
30064560,2,back pain,8,76,124,98,18,96,38.0
30064561,3,laceration,3,88,124,71,13,94,36.8
30064562,1,fever,7,58,109,86,21,91,37.0
30064563,3,fever,5,77,155,70,17,91,39.2
30064564,3,knee pain,1,89,123,53,17,99,37.5
30064565,4,headache,5,66,123,68,18,94,35.9
30064566,2,knee pain,6,92,95,67,15,98,35.6
30064567,5,back pain,2,90,133,83,21,99,37.2
30064568,4,anxiety,1,62,94,80,21,97,37.9
30064569,3,headache,2,78,133,102,12,94,37.4
30064570,3,fever,5,73,120,51,21,97,37.6
30064571,4,headache,3,83,120,86,24,95,37.9
30064572,1,back pain,6,81,123,40,16,99,38.0
30064573,3,anxiety,5,107,104,68,16,95,36.9
30064574,3,abdominal pain,3,52,137,63,24,100,36.6
30064575,3,shortness of breath,2,97,127,72,19,100,37.9
30064576,3,fall,1,90,119,56,21,100,36.9
30064577,4,knee pain,5,92,89,70,20,96,37.6
30064578,2,knee pain,10,79,95,68,18,99,36.7
30064579,4,fever,2,76,134,66,16,97,36.8
30064580,3,back pain,2,84,143,100,15,100,36.9
30064581,3,fall,7,90,116,83,16,95,36.4
30064582,3,back pain,2,68,162,66,22,94,35.3
30064583,2,anxiety,10,95,164,62,18,93,37.3
30064584,4,fall,3,100,82,69,18,98,36.0
30064585,2,laceration,10,82,128,82,14,90,36.4
30064586,3,fever,1,88,122,78,15,100,34.9
30064587,2,knee pain,9,100,97,73,22,95,36.4
30064588,3,laceration,2,83,115,80,16,98,37.1
30064589,5,anxiety,4,93,140,95,15,95,37.6
30064590,4,anxiety,6,83,166,82,14,100,37.3
30064591,3,back pain,3,89,115,79,19,97,37.6
30064592,2,chest pain,9,105,146,105,20,98,37.5
30064593,3,chest pain,6,82,118,84,14,96,36.4
30064594,4,abdominal pain,0,80,134,89,18,100,36.9
30064595,1,back pain,8,102,118,87,18,98,37.4
30064596,3,laceration,6,96,137,69,21,98,36.5
30064597,2,abdominal pain,9,68,100,87,12,98,37.4
30064598,5,fall,3,90,136,99,13,98,36.8
30064599,3,fever,3,83,106,95,18,91,38.4
30064600,4,shortness of breath,2,72,139,70,16,92,37.0
30064601,5,fever,5,75,125,89,12,96,37.7
30064602,3,fall,4,83,97,105,14,96,36.3
30064603,2,fever,8,88,114,77,14,99,36.4
30064604,4,fall,0,88,66,61,21,94,36.3
30064605,4,headache,6,95,138,76,17,98,38.0
30064606,4,knee pain,2,83,107,85,17,100,37.0
30064607,4,laceration,6,64,140,64,14,97,36.3
30064608,3,abdominal pain,5,94,134,97,18,95,38.2
30064609,3,shortness of breath,5,89,78,73,16,94,38.1
30064610,3,fever,1,93,123,86,14,100,35.6
30064611,3,laceration,0,76,92,79,25,100,37.7
30064612,3,shortness of breath,4,92,127,63,22,99,37.7
30064613,3,shortness of breath,1,110,123,80,17,94,36.7
30064614,2,abdominal pain,9,92,151,72,16,100,37.0
30064615,3,fever,5,87,117,96,11,93,36.7
30064616,3,fall,3,78,128,83,18,100,36.9
30064617,3,back pain,6,87,123,64,16,94,37.2
30064618,2,headache,6,62,116,54,16,98,37.2
30064619,3,fever,2,47,144,79,28,93,36.2
30064620,3,fall,3,89,131,93,15,98,36.9
30064621,3,fever,5,110,175,81,22,100,37.6
30064622,3,back pain,3,73,131,90,17,100,37.7
30064623,4,chest pain,3,68,89,62,17,95,38.2
30064624,3,fever,6,73,121,65,20,97,36.3
30064625,3,chest pain,5,68,144,53,25,94,36.1
30064626,3,headache,7,74,120,89,26,95,36.6
30064627,3,abdominal pain,7,97,121,85,13,98,36.9
30064628,5,anxiety,3,109,132,60,15,100,38.4
30064629,3,laceration,2,97,161,87,13,95,35.8
30064630,3,abdominal pain,2,81,109,82,16,91,37.0
30064631,3,headache,5,73,148,77,12,100,36.5
30064632,4,anxiety,0,88,107,62,23,99,37.4
30064633,3,anxiety,5,87,144,82,22,89,38.7
30064634,2,laceration,9,57,101,125,19,98,35.6
30064635,3,anxiety,6,83,145,97,25,94,38.6
30064636,2,anxiety,6,86,122,79,26,96,37.7
30064637,4,anxiety,7,85,113,89,22,97,36.4
30064638,3,abdominal pain,3,92,133,95,33,97,37.7
30064639,3,back pain,7,88,140,97,13,100,37.7
30064640,2,abdominal pain,6,72,121,100,17,97,37.3
30064641,3,knee pain,5,110,152,88,20,97,36.1
30064642,4,chest pain,1,95,144,85,16,96,37.4
30064643,4,fever,2,108,130,91,20,98,36.9
30064644,3,headache,6,54,118,88,13,100,37.0
30064645,2,chest pain,8,92,110,109,13,96,37.6
30064646,2,fall,10,71,94,87,19,100,35.4
30064647,4,knee pain,3,81,130,76,22,94,37.1
30064648,3,chest pain,0,102,102,85,19,98,36.4
30064649,3,fever,2,82,104,83,16,100,36.9
30064650,3,knee pain,2,77,128,92,19,100,36.8
30064651,3,shortness of breath,6,82,147,98,16,98,38.0
30064652,2,knee pain,8,84,138,55,20,97,37.8
30064653,4,chest pain,6,94,146,77,18,100,36.8
30064654,3,abdominal pain,6,76,138,114,19,100,36.1
30064655,3,shortness of breath,3,73,122,90,17,100,37.6
30064656,3,back pain,1,90,131,63,12,93,37.0
30064657,4,back pain,1,115,137,81,21,99,37.9
30064658,4,laceration,3,93,112,83,20,97,37.0
30064659,3,laceration,2,99,115,98,17,97,38.2
30064660,3,fall,2,82,137,71,21,100,35.8
30064661,3,shortness of breath,4,80,118,79,20,97,37.3
30064662,3,knee pain,7,85,146,91,20,96,39.2
30064663,3,chest pain,3,70,123,74,20,93,37.8
30064664,3,abdominal pain,0,77,75,74,28,94,37.8
30064665,3,anxiety,0,71,123,59,21,91,38.3
30064666,2,anxiety,6,87,124,77,23,100,36.2
30064667,4,headache,3,83,113,83,16,100,37.2
30064668,3,shortness of breath,2,84,136,108,19,100,37.8
30064669,3,laceration,1,90,119,81,15,99,36.6
30064670,2,laceration,8,73,152,92,9,98,37.3
30064671,3,laceration,4,69,152,61,16,93,36.0
30064672,2,laceration,6,99,165,101,14,96,37.1
30064673,3,abdominal pain,6,82,94,110,21,96,37.2
30064674,4,fall,1,87,88,55,25,97,37.6
30064675,3,abdominal pain,6,66,120,60,17,99,38.2
30064676,4,abdominal pain,5,93,117,77,15,98,35.7
30064677,2,knee pain,6,83,138,82,17,98,38.8
30064678,3,anxiety,2,93,119,78,19,94,38.3
30064679,3,fall,3,71,134,97,18,97,35.8
30064680,3,laceration,4,66,120,75,9,97,37.6
30064681,3,fall,0,85,114,88,9,97,36.7
30064682,3,shortness of breath,2,91,126,67,22,96,36.4
30064683,5,chest pain,3,78,142,78,19,97,37.3
30064684,4,abdominal pain,0,71,133,89,10,92,37.1
30064685,4,knee pain,6,65,93,49,16,98,36.6
30064686,4,chest pain,7,81,152,77,20,98,36.7
30064687,4,headache,3,24,130,95,19,100,36.8
30064688,4,knee pain,6,85,78,68,20,99,37.4
30064689,3,fall,1,65,109,72,27,96,37.5
30064690,2,knee pain,6,71,178,66,13,95,37.4
30064691,3,knee pain,6,96,139,62,13,96,36.2
30064692,3,fall,2,65,78,73,14,96,37.8
30064693,2,abdominal pain,10,77,117,61,14,94,37.6
30064694,4,fall,1,96,139,104,15,100,36.9
30064695,4,shortness of breath,6,85,139,62,22,95,37.8
30064696,3,headache,6,78,112,84,23,93,38.3
30064697,2,chest pain,8,88,114,94,16,96,36.1
30064698,3,fever,6,95,109,63,16,99,36.0
30064699,3,headache,4,55,133,73,18,100,36.8
30064700,4,laceration,6,64,131,85,19,93,37.0
30064701,3,back pain,7,92,119,72,21,96,36.3
30064702,4,shortness of breath,0,79,116,102,13,100,36.8
30064703,2,knee pain,7,63,148,54,17,100,37.0
30064704,3,chest pain,3,89,119,71,11,92,37.6
30064705,3,knee pain,6,83,128,86,18,92,36.7
30064706,3,chest pain,4,102,100,87,19,96,37.4
30064707,4,knee pain,7,83,133,61,5,91,36.4
30064708,1,headache,10,77,139,36,22,94,37.9
30064709,4,back pain,7,93,158,69,16,96,37.4
30064710,3,back pain,1,73,137,67,16,96,36.6
30064711,3,headache,3,106,140,91,17,96,37.4
30064712,4,fever,1,97,129,98,20,100,36.9
30064713,2,fall,9,85,96,83,25,97,36.5
30064714,4,back pain,5,118,120,83,21,95,37.9
30064715,1,back pain,9,52,138,59,19,98,38.6
30064716,3,headache,1,75,107,89,10,97,38.7
30064717,1,abdominal pain,8,67,119,65,15,99,36.8
30064718,3,fall,3,60,145,67,23,94,37.2
30064719,3,back pain,1,88,183,64,14,93,36.9
30064720,3,anxiety,4,72,145,63,16,93,36.0
30064721,3,chest pain,6,72,115,83,13,94,38.0
30064722,1,abdominal pain,6,83,111,55,14,99,37.9
30064723,4,fall,1,96,133,112,17,92,37.5
30064724,4,chest pain,4,98,155,91,11,97,37.4
30064725,3,laceration,4,84,125,80,19,94,37.3
30064726,5,back pain,4,72,122,86,22,94,37.2
30064727,4,fall,6,114,143,58,20,94,38.1
30064728,3,back pain,0,65,125,70,22,98,36.6
30064729,4,headache,0,84,114,103,15,100,35.6
30064730,2,knee pain,8,102,121,84,18,100,35.3
30064731,2,fever,8,49,133,96,16,97,37.9
30064732,4,fever,2,80,135,78,15,98,37.0
30064733,2,headache,6,82,123,111,17,93,36.8
30064734,3,abdominal pain,6,102,142,79,14,95,36.3
30064735,3,chest pain,7,98,142,78,25,100,36.6
30064736,3,abdominal pain,6,74,139,96,12,98,37.8
30064737,3,laceration,4,84,145,96,14,100,37.3
30064738,3,anxiety,1,63,123,87,13,98,36.7
30064739,4,chest pain,4,70,125,95,23,97,38.2
30064740,4,laceration,5,74,95,85,18,93,36.7
30064741,3,laceration,5,106,111,102,23,93,38.0
30064742,4,anxiety,6,90,117,68,17,95,37.0
30064743,4,back pain,2,85,105,90,19,100,35.9
30064744,2,abdominal pain,6,82,95,86,26,97,36.2
30064745,4,abdominal pain,0,88,111,75,19,100,37.0
30064746,3,knee pain,7,74,137,66,18,100,35.8
30064747,1,shortness of breath,9,85,140,58,19,93,35.8
30064748,5,knee pain,4,100,133,78,11,98,38.6
30064749,5,anxiety,4,94,116,88,14,95,37.2
30064750,4,fall,0,85,144,79,16,94,37.1
30064751,2,chest pain,8,65,123,92,19,94,36.4
30064752,4,fall,3,93,100,97,16,97,37.9
30064753,3,fall,6,70,133,90,21,98,37.8
30064754,5,fall,3,89,122,65,14,92,38.7
30064755,3,anxiety,7,88,88,83,23,99,35.5
30064756,3,chest pain,7,72,93,76,13,98,36.3
30064757,2,shortness of breath,9,84,153,91,17,100,36.6
30064758,3,shortness of breath,3,80,130,87,24,98,36.2
30064759,2,abdominal pain,6,47,129,83,18,98,35.4
30064760,3,back pain,1,89,107,71,15,100,35.8
30064761,3,fall,0,98,131,92,22,97,36.2
30064762,2,fall,9,109,101,97,25,95,38.1
30064763,3,laceration,4,107,145,81,18,100,37.2
30064764,3,chest pain,1,85,125,69,23,100,36.7
30064765,3,chest pain,0,60,148,88,15,99,37.3
30064766,4,headache,3,84,115,89,20,94,37.7
30064767,3,knee pain,3,78,123,103,20,93,36.9
30064768,5,fall,6,83,106,80,17,98,37.4
30064769,3,knee pain,4,104,129,122,25,98,36.8
30064770,5,chest pain,2,78,116,96,20,92,37.4
30064771,2,knee pain,9,88,128,78,22,100,37.3
30064772,1,anxiety,6,87,126,65,13,99,36.0
30064773,3,laceration,4,83,135,65,21,94,37.2
30064774,3,shortness of breath,0,86,139,56,20,99,37.5
30064775,3,back pain,3,101,136,62,12,99,35.6
30064776,1,abdominal pain,9,97,143,57,19,98,37.3
30064777,3,abdominal pain,7,64,104,110,19,97,37.4
30064778,3,chest pain,1,91,151,93,12,96,37.5
30064779,4,headache,7,61,92,90,19,98,36.5
30064780,2,fall,6,100,100,85,25,97,37.2
30064781,4,back pain,2,77,128,68,18,95,37.4
30064782,3,headache,4,95,98,72,23,98,37.6
30064783,2,back pain,10,76,154,96,15,95,36.7
30064784,4,anxiety,6,75,89,74,21,100,38.3
30064785,1,shortness of breath,10,41,87,79,18,97,39.0
30064786,3,laceration,3,56,157,64,23,94,37.3
30064787,3,shortness of breath,2,79,124,55,15,97,37.2
30064788,5,anxiety,6,89,118,85,23,94,34.9
30064789,3,headache,5,102,127,98,18,97,38.3
30064790,2,anxiety,9,74,103,64,20,99,37.8
30064791,2,knee pain,8,101,94,85,15,98,36.1
30064792,4,headache,1,80,166,68,16,99,36.7
30064793,3,shortness of breath,5,93,104,53,13,96,37.4
30064794,3,fall,3,44,128,92,17,96,37.7
30064795,3,abdominal pain,7,98,127,87,18,99,37.7
30064796,2,fever,6,76,101,90,19,98,38.1
30064797,5,shortness of breath,6,83,131,90,21,98,36.6
30064798,1,fall,10,97,143,84,19,99,37.6
30064799,2,fall,7,65,87,64,18,93,36.4
30064800,1,knee pain,10,82,137,49,18,93,37.2
30064801,3,shortness of breath,5,123,131,82,17,95,36.4
30064802,4,fever,4,86,82,74,23,100,36.9
30064803,4,anxiety,6,98,126,88,12,94,38.2
30064804,3,shortness of breath,2,94,169,92,27,96,35.3
30064805,3,knee pain,3,79,132,85,17,94,37.7
30064806,3,chest pain,5,105,131,70,14,97,37.1
30064807,3,abdominal pain,0,87,116,79,22,97,38.5
30064808,3,laceration,7,78,144,73,19,97,36.9
30064809,2,anxiety,10,96,119,62,19,92,36.5
30064810,3,fall,1,78,96,65,19,98,37.3
30064811,3,chest pain,7,69,142,73,18,98,36.7
30064812,3,headache,5,91,91,68,16,91,37.0
30064813,3,laceration,6,81,135,53,17,99,38.5
30064814,4,back pain,0,88,111,86,16,95,36.4
30064815,3,fall,7,82,125,85,22,98,36.1
30064816,3,fever,3,66,150,84,25,93,36.9
30064817,4,back pain,3,110,114,92,15,95,36.7
30064818,4,fall,5,63,106,74,18,99,36.7
30064819,3,chest pain,1,72,117,88,19,99,37.8
30064820,4,laceration,0,83,82,91,20,97,35.9
30064821,2,shortness of breath,8,104,116,62,25,99,38.4
30064822,2,fall,9,89,105,93,18,96,37.3
30064823,3,fall,7,95,149,96,15,99,37.3
30064824,3,headache,0,85,155,103,20,100,38.8
30064825,3,knee pain,4,88,127,83,17,100,36.1
30064826,3,headache,7,82,111,107,20,93,36.2
30064827,4,chest pain,6,102,119,65,11,97,36.4
30064828,3,back pain,3,71,127,92,16,97,37.8
30064829,2,headache,6,94,108,69,12,97,37.3
30064830,3,back pain,3,76,144,68,21,96,36.2
30064831,3,shortness of breath,7,94,122,98,8,98,38.4
30064832,2,laceration,7,80,148,85,23,98,37.2
30064833,3,anxiety,4,83,91,92,14,92,36.8
30064834,1,headache,10,83,108,85,23,94,36.8
30064835,1,chest pain,6,86,123,85,18,94,37.3
30064836,4,shortness of breath,6,130,132,73,20,93,37.9
30064837,3,abdominal pain,6,91,111,88,13,100,37.7
30064838,3,headache,7,105,90,76,10,99,37.0
30064839,3,laceration,3,91,120,95,8,98,35.9
30064840,4,knee pain,4,57,139,83,20,95,37.4
30064841,5,abdominal pain,6,67,107,72,17,100,37.0
30064842,5,knee pain,4,104,98,66,20,95,37.5
30064843,5,chest pain,4,108,133,65,19,95,37.7
30064844,3,chest pain,5,84,138,99,18,96,37.3
30064845,3,shortness of breath,7,114,156,99,23,98,36.1
30064846,2,abdominal pain,9,77,116,78,19,97,38.1
30064847,3,abdominal pain,5,74,137,57,13,100,36.5
30064848,4,shortness of breath,3,89,108,92,16,96,35.9
30064849,3,laceration,6,97,113,93,20,95,37.5
30064850,5,knee pain,3,64,147,89,18,97,36.9
30064851,2,headache,10,93,155,56,19,97,37.6
30064852,4,back pain,2,60,104,113,18,100,36.5
30064853,4,back pain,3,76,148,95,18,100,37.2
30064854,3,abdominal pain,1,97,153,90,22,99,36.6
30064855,3,headache,6,78,116,87,19,93,37.1
30064856,3,shortness of breath,2,96,137,70,22,94,37.6
30064857,4,laceration,0,96,136,88,19,92,37.5
30064858,3,laceration,2,106,110,73,24,100,38.3
30064859,1,chest pain,10,87,110,90,24,93,36.3
30064860,2,laceration,10,89,109,78,28,90,36.0
30064861,4,shortness of breath,2,105,137,63,18,98,35.5
30064862,4,fever,3,88,145,83,19,95,38.4
30064863,4,chest pain,0,76,98,85,23,94,38.8
30064864,1,abdominal pain,7,85,99,70,16,96,38.0
30064865,3,shortness of breath,6,78,140,118,21,98,36.8
30064866,2,back pain,7,83,152,60,18,95,37.5
30064867,3,fever,4,98,133,84,18,94,37.2
30064868,4,back pain,7,88,119,69,19,98,35.7
30064869,3,fall,7,69,133,70,26,99,36.9
30064870,3,fall,2,89,129,82,17,98,34.9
30064871,3,chest pain,1,84,123,102,20,94,37.9
30064872,3,knee pain,1,87,70,106,14,97,36.2
30064873,4,fall,1,78,79,75,17,100,37.5
30064874,2,fever,10,88,133,87,18,94,37.0
30064875,1,knee pain,7,72,91,88,17,96,36.4
30064876,2,shortness of breath,6,78,161,70,14,97,36.9
30064877,3,shortness of breath,7,72,164,67,22,100,37.6
30064878,2,knee pain,6,85,164,81,19,100,37.1
30064879,4,back pain,6,82,95,76,17,91,36.6
30064880,3,fever,1,82,106,62,16,93,36.9
30064881,2,shortness of breath,10,112,151,85,14,100,37.4
30064882,3,fever,1,121,146,74,18,98,36.8
30064883,3,back pain,4,63,154,65,15,94,37.4
30064884,3,laceration,1,81,118,84,20,99,35.7
30064885,3,anxiety,0,97,137,72,17,100,36.9
30064886,3,back pain,6,86,122,81,12,97,37.5
30064887,4,knee pain,7,85,136,79,21,97,37.5
30064888,3,knee pain,0,65,125,81,13,92,37.9
30064889,4,chest pain,0,91,104,67,19,97,36.2
30064890,3,fall,5,68,134,77,15,90,37.3
30064891,3,fall,7,95,108,66,19,98,36.5
30064892,3,anxiety,5,98,133,94,15,100,38.2
30064893,3,back pain,4,77,151,64,19,99,36.0
30064894,3,chest pain,3,126,132,62,18,100,36.8
30064895,3,fever,2,87,126,86,16,98,37.2
30064896,3,knee pain,1,95,122,71,18,100,37.1
30064897,3,fall,1,86,105,81,16,94,35.0
30064898,2,knee pain,7,82,107,66,15,98,37.7
30064899,3,chest pain,0,98,114,69,16,97,37.2
30064900,4,headache,4,92,127,95,18,97,36.5
30064901,3,chest pain,6,86,110,68,14,96,37.5
30064902,4,shortness of breath,7,64,135,55,12,100,37.3
30064903,4,anxiety,4,91,120,65,18,95,36.4
30064904,3,knee pain,2,101,136,96,20,97,37.2
30064905,4,knee pain,0,104,118,109,20,100,37.0
30064906,3,headache,6,91,107,69,22,95,37.1
30064907,3,abdominal pain,5,98,105,91,16,100,36.7
30064908,3,shortness of breath,5,85,127,56,22,94,38.4
30064909,3,back pain,7,85,127,49,12,97,37.5
30064910,2,laceration,7,83,109,82,17,93,37.2
30064911,4,chest pain,2,80,120,93,12,96,36.9
30064912,4,fever,2,89,132,77,25,95,36.5
30064913,3,headache,6,79,160,82,15,95,37.7
30064914,3,anxiety,4,98,63,93,17,99,38.6
30064915,3,back pain,2,87,113,69,17,100,36.6
30064916,2,knee pain,7,83,128,76,19,100,36.2
30064917,3,shortness of breath,4,87,131,85,24,98,35.7
30064918,5,anxiety,0,65,131,90,19,99,36.3
30064919,1,abdominal pain,9,76,138,78,14,100,36.6
30064920,3,headache,0,101,94,84,21,91,36.1
30064921,1,fever,6,88,150,85,13,94,37.9
30064922,3,abdominal pain,0,91,137,103,16,99,37.2
30064923,4,headache,6,119,100,57,23,100,36.7
30064924,5,knee pain,1,82,110,92,17,93,37.0
30064925,3,laceration,1,85,138,68,22,97,36.5
30064926,3,fever,5,77,114,68,11,100,36.9
30064927,3,fever,1,75,113,90,21,98,36.4
30064928,2,knee pain,7,62,87,64,19,100,38.3
30064929,3,shortness of breath,1,86,121,96,21,100,37.2
30064930,3,laceration,5,80,85,91,19,91,37.2
30064931,3,anxiety,1,99,129,60,15,92,37.0
30064932,3,laceration,6,93,115,78,15,92,38.4
30064933,3,laceration,4,90,109,68,20,97,35.9
30064934,1,abdominal pain,10,85,125,64,22,96,37.1
30064935,2,back pain,7,91,131,78,19,98,36.5
30064936,3,knee pain,5,84,142,107,15,100,35.7
30064937,3,headache,7,84,136,86,20,93,35.2
30064938,3,abdominal pain,2,95,148,108,22,99,36.6
30064939,5,laceration,1,82,113,50,17,98,36.1
30064940,5,knee pain,7,94,120,98,26,93,37.5
30064941,4,fall,0,81,103,73,18,94,38.3
30064942,3,back pain,5,66,108,121,19,99,36.4
30064943,4,laceration,0,65,137,58,22,99,38.1
30064944,2,fall,7,77,117,111,16,92,36.7
30064945,3,headache,0,65,119,74,21,93,37.8
30064946,3,fall,2,96,130,52,10,97,36.1
30064947,3,back pain,4,99,93,55,20,97,37.1
30064948,3,chest pain,4,59,148,77,15,96,36.8
30064949,3,back pain,2,107,136,102,24,100,34.4
30064950,5,chest pain,1,48,127,52,25,100,37.0
30064951,3,fall,7,85,131,70,15,97,36.2
30064952,4,fall,5,104,91,36,15,95,36.4
30064953,3,fall,6,78,131,54,10,97,37.2
30064954,3,back pain,1,81,134,68,4,100,36.9
30064955,2,fever,9,77,98,44,17,98,37.2
30064956,3,abdominal pain,6,102,147,71,20,96,36.8
30064957,3,chest pain,7,95,128,64,13,96,35.9
30064958,2,headache,6,100,147,88,13,92,36.4
30064959,3,fever,1,65,116,66,23,98,36.9
30064960,3,headache,1,85,154,89,17,94,36.8
30064961,3,anxiety,3,78,127,67,19,100,36.7
30064962,3,back pain,0,107,115,93,21,100,37.6
30064963,3,abdominal pain,1,61,105,62,15,97,36.3
30064964,3,headache,6,71,140,84,27,93,35.7
30064965,3,chest pain,3,85,95,67,10,100,38.1
30064966,4,shortness of breath,4,85,127,70,23,96,36.5
30064967,5,fever,7,79,157,80,19,94,35.6
30064968,2,fever,10,93,124,65,28,99,37.5
30064969,4,knee pain,7,104,125,73,12,95,37.6
30064970,3,fever,7,93,129,77,18,98,34.8
30064971,3,anxiety,3,80,138,45,14,98,36.8
30064972,5,fever,0,95,123,64,21,100,38.1
30064973,2,chest pain,6,72,109,125,14,95,35.8
30064974,3,fever,4,112,129,78,18,99,36.6
30064975,2,fever,8,89,125,68,20,100,36.4
30064976,3,laceration,0,75,132,64,15,100,37.3
30064977,4,chest pain,3,66,127,97,20,92,37.4
30064978,3,fall,0,84,77,58,18,92,36.3
30064979,2,abdominal pain,9,95,121,100,15,99,36.3
30064980,3,abdominal pain,1,67,135,95,15,95,37.2
30064981,3,shortness of breath,7,87,106,77,15,98,36.9
30064982,3,shortness of breath,5,73,111,80,15,95,37.2
30064983,3,laceration,3,83,128,87,14,100,36.0
30064984,3,fall,4,105,129,68,16,98,38.5
30064985,3,knee pain,1,89,165,56,22,100,36.4
30064986,2,shortness of breath,6,108,125,62,18,96,35.9
30064987,4,shortness of breath,6,83,134,90,23,94,36.5
30064988,3,laceration,5,61,101,92,20,95,37.6
30064989,3,chest pain,6,68,106,82,18,94,37.3
30064990,3,laceration,2,77,119,78,16,97,37.5
30064991,3,headache,7,104,121,63,9,94,37.0
30064992,4,fall,1,102,142,75,20,97,36.1
30064993,3,abdominal pain,6,59,137,79,13,97,37.7
30064994,4,laceration,3,67,105,69,17,100,37.0
30064995,5,chest pain,1,76,90,93,17,96,36.5
30064996,3,shortness of breath,0,77,116,80,16,95,37.0
30064997,3,knee pain,1,97,142,68,16,99,36.9
30064998,4,fall,0,74,94,72,19,94,37.1
30064999,4,anxiety,1,86,135,72,22,100,37.3
30065000,3,fall,1,96,125,63,15,94,37.6
30065001,4,headache,4,84,136,85,19,98,36.4
30065002,4,shortness of breath,4,78,134,82,16,95,35.7
30065003,3,abdominal pain,3,73,110,63,19,99,38.5
30065004,3,fall,5,70,118,79,18,100,36.0
30065005,1,fever,9,90,122,107,17,97,37.0
30065006,5,headache,5,75,158,85,24,100,36.4
30065007,2,headache,8,67,105,71,20,100,36.4
30065008,4,fall,7,87,137,59,19,96,37.0
30065009,3,back pain,2,68,115,88,21,100,37.2
30065010,4,headache,2,56,156,75,9,98,36.4
30065011,3,anxiety,4,88,132,74,22,99,37.4
30065012,3,headache,1,80,143,62,25,95,36.7
30065013,4,headache,4,79,121,94,19,97,36.0
30065014,3,fever,3,84,120,86,25,98,37.7
30065015,3,abdominal pain,3,76,120,72,17,94,38.3
30065016,3,fall,2,94,126,74,10,96,37.9
30065017,2,fever,7,58,107,100,18,94,36.9
30065018,2,laceration,7,85,120,101,15,94,35.5
30065019,2,abdominal pain,6,100,171,72,21,97,38.4
30065020,1,knee pain,10,72,128,76,12,98,38.0
30065021,1,laceration,10,100,72,60,20,95,36.9
30065022,3,headache,6,93,131,74,19,97,36.6
30065023,3,headache,5,85,134,91,13,100,38.0
30065024,2,abdominal pain,7,100,120,106,21,94,39.1
30065025,4,back pain,3,66,175,96,17,97,37.0
30065026,3,headache,1,62,128,95,20,93,38.4
30065027,4,chest pain,3,94,92,72,15,89,36.9
30065028,2,abdominal pain,6,82,139,71,16,94,37.2
30065029,3,headache,3,92,92,85,14,89,35.7
30065030,2,laceration,10,93,99,90,22,99,37.3
30065031,3,chest pain,1,93,129,94,20,94,36.8
30065032,2,fever,10,89,143,91,21,99,37.1
30065033,3,fall,7,89,133,81,22,100,35.8
30065034,2,laceration,10,60,98,75,14,98,36.7
30065035,3,abdominal pain,0,91,117,91,20,97,37.0
30065036,3,shortness of breath,7,78,138,95,17,96,36.3
30065037,3,fever,0,56,149,102,17,96,37.3
30065038,3,knee pain,7,76,125,107,17,98,36.2
30065039,3,back pain,5,88,157,83,19,95,37.6
30065040,4,knee pain,6,85,79,55,20,100,37.8
30065041,2,fall,6,87,109,74,10,100,37.1
30065042,3,knee pain,7,81,118,91,21,100,37.5
30065043,3,fever,5,92,136,90,19,99,35.9
30065044,3,laceration,7,72,115,58,18,100,36.6
30065045,3,laceration,5,112,134,97,20,98,37.4
30065046,3,knee pain,1,67,126,59,24,96,37.6
30065047,4,anxiety,1,86,109,91,21,97,36.6
30065048,3,back pain,4,94,137,96,10,96,35.6
30065049,3,abdominal pain,6,95,97,118,19,97,38.2
30065050,3,chest pain,0,84,126,84,22,98,37.4
30065051,3,chest pain,6,53,97,54,18,95,36.6
30065052,4,headache,2,76,123,74,17,89,37.0
30065053,3,knee pain,6,79,135,80,18,93,37.0
30065054,2,fall,6,68,128,63,18,99,36.3
30065055,1,anxiety,7,94,121,72,19,99,37.5
30065056,4,shortness of breath,6,83,108,97,27,97,36.6
30065057,3,shortness of breath,1,54,132,86,16,98,36.9
30065058,3,headache,3,119,164,68,16,97,36.5
30065059,4,chest pain,1,83,81,49,23,99,35.4
30065060,3,back pain,7,76,114,79,18,100,36.1
30065061,5,shortness of breath,1,106,157,84,17,100,37.0
30065062,3,back pain,7,88,117,79,22,96,36.6
30065063,4,knee pain,0,101,117,65,15,98,36.2
30065064,2,anxiety,6,78,127,98,10,94,37.2
30065065,3,anxiety,7,116,114,82,16,97,37.0
30065066,3,laceration,7,89,145,72,17,92,36.2
30065067,2,abdominal pain,8,77,127,68,20,98,37.1
30065068,3,headache,1,63,100,84,22,95,36.8
30065069,3,laceration,3,77,134,86,25,95,36.8
30065070,3,fever,1,85,137,60,21,100,37.0
30065071,3,anxiety,2,94,174,90,22,93,37.5
30065072,3,knee pain,3,96,97,74,30,95,36.4
30065073,3,chest pain,4,74,122,67,11,98,36.1
30065074,3,chest pain,7,64,105,78,19,96,36.5
30065075,4,shortness of breath,1,57,105,118,22,96,37.7
30065076,1,back pain,10,93,111,87,17,99,36.1
30065077,3,back pain,2,93,156,77,16,93,37.1
30065078,3,chest pain,0,71,101,69,29,100,36.9
30065079,4,laceration,6,83,100,94,23,99,38.3
30065080,2,fall,6,103,98,57,20,97,37.0
30065081,3,laceration,1,96,176,79,19,98,35.8
30065082,4,fever,5,70,139,66,20,100,37.2
30065083,4,fall,1,74,135,69,15,99,37.8
30065084,3,fall,6,72,111,61,14,100,36.4
30065085,3,headache,7,72,135,91,15,96,36.0
30065086,4,fever,3,79,155,72,21,99,37.8
30065087,3,laceration,6,92,100,64,22,96,36.7
30065088,1,knee pain,10,59,115,88,13,98,37.8
30065089,2,fever,7,85,148,81,19,97,37.1
30065090,1,abdominal pain,9,84,139,63,11,100,39.2
30065091,1,abdominal pain,7,108,126,62,15,95,37.4
30065092,3,fever,5,101,126,60,14,97,36.2
30065093,2,shortness of breath,7,94,143,67,21,99,35.1
30065094,2,abdominal pain,7,91,119,114,25,94,37.1
30065095,3,back pain,5,87,154,80,17,99,37.0
30065096,3,fall,3,77,139,95,14,91,36.0
30065097,2,knee pain,9,119,128,66,23,99,38.0
30065098,3,chest pain,6,66,133,80,18,100,37.6
30065099,4,knee pain,6,72,119,88,18,95,38.0
30065100,2,back pain,10,87,135,54,13,97,36.4
30065101,3,headache,1,109,104,74,13,100,36.8
30065102,3,shortness of breath,4,108,153,52,18,96,38.5
30065103,3,knee pain,5,58,117,85,28,97,37.0
30065104,3,chest pain,1,65,91,88,14,99,37.3
30065105,4,anxiety,6,94,128,83,19,96,36.6
30065106,5,shortness of breath,3,67,136,83,19,100,36.8
30065107,3,fall,6,66,130,88,12,92,37.8
30065108,2,chest pain,7,91,133,84,12,100,38.1
30065109,4,fall,7,93,125,75,20,97,35.7
30065110,3,laceration,2,74,110,68,21,96,37.1
30065111,2,back pain,7,68,139,80,21,100,37.1
30065112,3,anxiety,7,76,135,80,11,94,36.7
30065113,3,headache,1,86,116,75,23,100,37.2
30065114,3,laceration,2,99,136,65,19,94,37.1
30065115,3,abdominal pain,1,91,112,97,16,95,36.1
30065116,3,fall,2,83,99,83,19,96,39.4
30065117,2,fall,8,88,120,72,17,97,37.6
30065118,3,chest pain,2,108,147,74,17,99,38.7
30065119,4,headache,5,126,114,58,12,96,37.6
30065120,2,abdominal pain,8,77,119,65,13,95,38.2
30065121,3,laceration,1,75,124,88,12,96,36.8
30065122,3,chest pain,3,91,138,69,16,98,36.3
30065123,3,headache,3,96,118,79,6,100,37.0
30065124,3,chest pain,6,91,156,85,19,100,36.9
30065125,1,fall,6,77,100,60,21,97,37.7
30065126,4,back pain,1,92,146,84,21,100,37.4
30065127,3,fall,7,93,89,96,16,97,37.0
30065128,3,knee pain,2,75,106,107,22,93,36.2
30065129,3,fever,5,82,152,82,17,100,37.4
30065130,4,back pain,3,86,150,86,12,96,36.1
30065131,3,headache,3,80,142,100,14,93,35.5
30065132,3,abdominal pain,7,111,114,79,18,97,36.8
30065133,3,anxiety,3,69,104,75,26,100,38.3
30065134,2,fever,7,61,106,106,16,95,35.4
30065135,3,fever,1,111,126,58,13,91,36.5
30065136,3,laceration,6,75,104,95,23,94,35.8
30065137,3,knee pain,5,89,125,96,18,97,36.3
30065138,2,anxiety,9,71,146,77,19,96,36.5
30065139,4,headache,4,110,149,44,22,98,37.7
30065140,3,chest pain,4,96,126,99,20,93,38.1
30065141,3,back pain,2,64,112,62,16,100,37.3
30065142,3,fever,3,72,116,69,22,91,38.2
30065143,1,headache,10,89,151,92,19,95,37.0
30065144,3,abdominal pain,5,74,130,83,14,100,38.9
30065145,3,shortness of breath,2,105,116,82,22,100,36.2
30065146,3,abdominal pain,5,104,126,70,25,95,37.4
30065147,3,knee pain,1,54,133,97,16,98,36.3
30065148,2,knee pain,6,86,128,72,24,100,36.6
30065149,4,knee pain,1,97,153,71,22,99,36.6
30065150,1,shortness of breath,10,74,145,79,20,98,36.0
30065151,4,shortness of breath,7,78,160,90,21,100,38.5
30065152,2,headache,10,82,128,83,14,97,38.3
30065153,2,back pain,6,94,117,71,22,100,36.6
30065154,4,shortness of breath,3,78,175,66,11,99,37.2
30065155,2,anxiety,8,105,159,84,24,95,36.8
30065156,2,knee pain,9,107,137,75,16,100,37.5
30065157,3,abdominal pain,6,78,148,83,19,96,36.3
30065158,3,fall,1,79,135,80,15,96,37.5
30065159,2,laceration,10,107,135,80,21,98,37.3
30065160,4,laceration,5,70,110,60,23,97,37.5
30065161,2,back pain,10,79,143,87,17,96,37.2
30065162,4,knee pain,2,67,136,85,19,99,36.4
30065163,2,fever,10,78,116,72,21,98,37.0
30065164,3,shortness of breath,6,79,160,79,16,98,36.9
30065165,4,headache,2,81,129,87,19,97,37.8
30065166,4,anxiety,3,85,118,82,21,96,36.1
30065167,3,fall,2,89,131,65,17,91,36.7
30065168,4,anxiety,1,113,75,88,18,98,37.0
30065169,3,headache,1,85,139,81,15,99,38.1
30065170,3,knee pain,6,90,141,83,16,100,35.6
30065171,4,laceration,3,64,140,62,21,100,36.5
30065172,3,shortness of breath,6,82,113,83,22,96,36.9
30065173,3,headache,7,115,143,58,25,100,37.7
30065174,3,headache,0,89,158,83,18,99,37.3
30065175,3,headache,4,126,115,95,17,95,37.0
30065176,3,fever,0,80,116,86,19,97,38.0
30065177,3,anxiety,7,76,118,93,21,96,36.7
30065178,1,chest pain,8,76,121,85,12,98,38.2
30065179,3,chest pain,4,57,148,74,18,96,36.7
30065180,2,headache,10,83,127,87,26,98,36.9
30065181,3,fall,5,98,126,67,11,100,36.0
30065182,3,anxiety,1,88,100,99,21,99,37.4
30065183,3,headache,1,66,95,107,26,95,35.9
30065184,3,chest pain,7,52,142,78,21,96,36.1
30065185,3,fall,3,128,132,99,20,100,36.5
30065186,3,knee pain,1,95,118,78,18,98,37.1
30065187,4,chest pain,0,75,128,78,23,100,36.9
30065188,3,fever,0,74,131,91,19,99,36.7
30065189,4,fall,7,80,139,81,13,97,36.9
30065190,3,chest pain,5,99,126,78,20,95,37.1
30065191,2,laceration,6,88,133,93,20,100,37.1
30065192,3,abdominal pain,0,76,152,100,22,99,36.7
30065193,2,back pain,6,75,119,56,15,97,38.0
30065194,4,anxiety,1,121,78,72,18,95,38.0
30065195,4,laceration,4,97,122,53,13,93,37.0
30065196,3,laceration,1,73,136,74,27,94,36.9
30065197,4,fever,1,98,143,82,24,94,36.4
30065198,3,anxiety,0,76,152,89,23,99,37.3
30065199,4,knee pain,3,89,86,90,25,96,38.6
30065200,2,fever,6,74,100,103,20,99,36.4
30065201,3,chest pain,5,84,128,110,17,95,36.7
30065202,4,abdominal pain,5,91,101,106,23,99,36.2
30065203,2,back pain,8,94,147,70,24,96,35.2
30065204,4,fever,1,75,116,92,18,96,36.6
30065205,4,abdominal pain,7,88,116,85,7,96,37.5
30065206,4,abdominal pain,2,62,147,64,24,96,35.7
30065207,3,abdominal pain,7,86,133,98,19,97,38.5
30065208,3,fever,2,79,124,88,25,99,37.4
30065209,5,fever,5,82,103,85,17,96,38.2
30065210,4,fever,5,101,105,68,16,97,37.3
30065211,2,fall,10,74,130,82,20,97,37.2
30065212,3,back pain,3,77,120,79,20,100,37.2
30065213,2,back pain,7,88,125,92,12,100,37.0
30065214,3,fall,1,77,103,77,22,100,38.4
30065215,3,fall,1,85,134,109,21,100,38.1
30065216,3,laceration,1,109,97,37,14,99,37.9
30065217,3,headache,6,92,131,101,13,99,38.0
30065218,4,laceration,1,53,130,58,20,94,36.8
30065219,3,anxiety,2,103,116,72,20,93,36.5
30065220,4,back pain,4,65,112,93,20,96,36.8
30065221,4,knee pain,7,96,135,102,19,94,35.6
30065222,3,headache,2,83,150,92,18,98,36.2
30065223,3,chest pain,0,65,151,97,21,96,36.5
30065224,3,shortness of breath,4,79,117,82,17,96,37.8
30065225,5,fever,7,94,88,68,21,100,37.5
30065226,3,chest pain,0,105,134,74,16,93,37.8
30065227,3,headache,6,95,102,54,18,97,37.0
30065228,3,laceration,5,95,111,69,19,97,35.6
30065229,5,knee pain,4,58,94,99,23,98,37.2
30065230,4,shortness of breath,7,58,144,64,21,99,36.8
30065231,3,abdominal pain,3,77,147,61,25,97,36.5
30065232,3,back pain,6,91,104,102,20,97,39.0
30065233,1,fever,6,121,121,93,13,94,37.0
30065234,3,knee pain,3,76,135,80,15,95,35.9
30065235,3,anxiety,7,81,134,87,20,97,36.1
30065236,3,abdominal pain,2,95,144,93,20,94,37.6
30065237,3,fever,6,83,138,82,13,91,37.9
30065238,3,fever,5,84,132,90,28,93,37.1
30065239,3,abdominal pain,1,88,99,73,16,94,38.0
30065240,2,knee pain,6,108,111,68,15,95,36.6
30065241,5,abdominal pain,6,75,106,109,21,93,37.0
30065242,4,laceration,2,72,125,92,15,93,36.3
30065243,3,anxiety,0,64,124,106,18,96,38.4
30065244,3,knee pain,7,69,122,68,18,100,37.4
30065245,3,headache,6,80,168,96,21,100,36.6
30065246,1,fall,8,57,146,66,19,97,36.8
30065247,3,shortness of breath,1,80,146,81,22,98,37.8
30065248,4,fever,6,53,141,77,20,97,36.2
30065249,3,knee pain,0,94,123,77,27,100,37.3
30065250,5,fall,3,76,133,73,18,97,36.1
30065251,3,chest pain,5,107,149,85,14,94,38.0
30065252,1,knee pain,10,78,138,66,22,100,35.3
30065253,4,abdominal pain,4,68,117,95,19,96,36.5
30065254,2,fever,9,61,167,109,17,100,35.7
30065255,2,anxiety,9,50,127,59,12,95,38.0
30065256,4,shortness of breath,7,89,110,90,21,96,37.5
30065257,5,knee pain,2,56,149,122,23,95,36.7
30065258,3,fall,5,101,92,111,25,100,36.7
30065259,3,abdominal pain,1,94,85,97,22,96,36.8
30065260,3,knee pain,4,70,138,113,13,99,37.0
30065261,3,anxiety,4,77,137,62,15,96,37.4
30065262,2,fall,6,67,134,95,21,94,37.4
30065263,2,shortness of breath,7,97,116,88,23,94,36.0
30065264,4,abdominal pain,7,84,129,78,16,97,36.7
30065265,3,abdominal pain,5,54,136,116,14,98,36.8
30065266,3,headache,3,76,102,80,18,95,37.8
30065267,3,headache,4,108,134,89,19,92,37.2
30065268,4,fall,3,74,114,75,21,96,36.7
30065269,3,fever,6,29,119,66,21,87,37.0
30065270,3,chest pain,1,84,105,59,19,97,36.9
30065271,5,fall,1,99,124,91,21,97,37.0
30065272,2,shortness of breath,6,86,156,93,10,94,37.2
30065273,1,knee pain,7,72,136,93,14,97,38.7
30065274,3,fever,4,96,151,91,24,96,37.1
30065275,3,abdominal pain,2,93,115,80,16,100,37.1
30065276,3,shortness of breath,5,89,117,56,19,99,38.0
30065277,3,chest pain,4,83,115,98,22,98,36.4
30065278,2,fever,9,91,150,68,11,100,36.8
30065279,3,chest pain,5,57,143,74,21,97,36.8
30065280,3,knee pain,0,101,112,80,17,98,37.5
30065281,3,fall,2,96,108,101,19,99,36.6
30065282,3,laceration,6,84,161,73,24,100,37.5
30065283,3,back pain,4,105,115,88,21,98,38.4
30065284,3,headache,5,94,142,102,22,96,36.7
30065285,2,shortness of breath,10,77,131,79,22,100,36.8
30065286,2,back pain,6,89,127,72,17,96,36.5
30065287,3,anxiety,2,88,146,76,19,100,38.5
30065288,3,anxiety,6,99,130,74,22,97,36.1
30065289,4,knee pain,5,69,102,92,18,95,35.2
30065290,3,fever,4,92,133,76,25,92,37.1
30065291,3,fever,6,75,142,69,16,95,36.8
30065292,4,headache,2,57,115,90,16,100,35.7
30065293,5,fall,2,93,116,71,13,100,36.5
30065294,3,knee pain,2,78,171,55,13,97,35.9
30065295,5,chest pain,4,91,134,88,19,91,36.6
30065296,3,knee pain,7,86,121,98,20,100,37.4
30065297,3,abdominal pain,4,84,119,64,15,97,38.3
30065298,4,abdominal pain,7,81,122,80,21,91,37.0
30065299,2,shortness of breath,8,80,137,70,13,100,36.9
30065300,3,anxiety,2,76,126,100,18,96,36.3
30065301,3,laceration,2,70,160,73,21,96,36.8
30065302,1,chest pain,10,105,109,97,10,97,37.5
30065303,3,headache,4,86,142,60,14,100,37.0
30065304,3,fall,7,108,148,72,15,96,36.8
30065305,3,shortness of breath,2,107,140,70,19,95,38.5
30065306,3,abdominal pain,0,94,113,71,17,98,36.4
30065307,3,laceration,0,61,118,73,18,100,36.0
30065308,5,fall,2,88,163,94,16,92,37.4
30065309,1,fever,9,97,142,66,19,97,37.1
30065310,3,shortness of breath,3,57,108,58,17,99,38.4
30065311,3,fall,5,70,109,106,22,98,36.1
30065312,4,back pain,6,86,90,70,15,95,36.7
30065313,4,back pain,3,82,134,92,20,95,37.3
30065314,3,abdominal pain,5,101,109,87,17,93,36.5
30065315,2,abdominal pain,9,81,94,44,24,92,37.3
30065316,3,anxiety,2,75,133,97,13,96,37.3
30065317,4,back pain,6,75,100,75,22,97,38.3
30065318,2,back pain,9,64,99,90,16,100,36.9
30065319,3,knee pain,7,73,82,76,13,96,38.1
30065320,2,anxiety,9,92,124,41,21,98,37.2
30065321,3,shortness of breath,6,91,160,76,13,100,37.2
30065322,3,chest pain,7,87,125,32,10,99,37.2
30065323,3,fall,7,77,94,98,28,99,36.6
30065324,3,shortness of breath,3,89,128,81,17,97,37.0
30065325,3,chest pain,7,107,166,61,13,95,36.5
30065326,3,laceration,7,94,130,70,21,100,38.5
30065327,3,anxiety,3,89,156,74,21,96,37.1
30065328,4,shortness of breath,7,95,118,109,20,99,38.1
30065329,4,back pain,7,50,136,64,23,94,37.3
30065330,4,headache,2,85,135,83,22,93,36.0
30065331,3,laceration,7,84,124,91,16,100,37.7
30065332,5,laceration,1,108,131,95,19,92,36.1
30065333,3,chest pain,4,76,160,91,17,100,37.5
30065334,2,headache,8,69,140,99,17,97,36.6
30065335,3,fever,3,67,130,96,24,96,37.5
30065336,4,abdominal pain,3,104,130,72,17,97,35.6
30065337,4,abdominal pain,0,90,142,87,11,96,35.3
30065338,3,abdominal pain,0,71,121,66,18,100,35.7
30065339,4,fall,3,88,168,55,19,95,37.2
30065340,5,chest pain,3,88,176,83,20,96,36.0
30065341,3,headache,6,106,134,67,24,97,36.2
30065342,3,fall,4,100,163,71,21,100,37.4
30065343,2,knee pain,7,77,119,110,21,98,35.7
30065344,4,back pain,3,77,162,81,24,100,36.2
30065345,3,headache,6,95,138,95,25,100,37.9
30065346,2,shortness of breath,8,78,126,54,8,97,36.0
30065347,3,anxiety,4,93,140,70,20,100,37.6
30065348,3,headache,0,84,109,86,22,100,37.6
30065349,3,headache,5,81,145,80,23,100,37.8
30065350,4,fall,3,84,131,93,16,98,37.5
30065351,3,laceration,1,73,104,104,19,100,35.9
30065352,4,knee pain,4,94,119,88,13,97,37.0
30065353,3,fever,6,77,122,82,18,95,37.6
30065354,3,knee pain,5,99,128,71,20,96,36.4
30065355,3,fever,3,52,131,113,17,94,37.2
30065356,4,anxiety,0,91,134,93,20,100,37.6
30065357,3,knee pain,6,93,115,49,13,100,36.1
30065358,3,knee pain,1,79,116,64,21,97,36.1
30065359,4,headache,3,100,138,81,19,95,36.2
30065360,3,fall,1,118,106,71,13,99,34.6
30065361,3,shortness of breath,4,91,146,64,14,100,36.7
30065362,3,laceration,7,107,112,91,23,99,36.3
30065363,3,fever,6,73,128,95,20,99,36.8
30065364,3,anxiety,2,80,114,67,19,95,36.6
30065365,3,chest pain,2,98,119,94,15,97,36.4
30065366,4,back pain,0,93,135,62,19,97,37.6
30065367,1,anxiety,6,92,121,78,15,96,36.0
30065368,4,abdominal pain,2,94,91,73,15,100,37.5
30065369,3,fall,0,81,77,76,17,93,36.1
30065370,3,knee pain,4,86,114,92,20,99,36.3
30065371,1,chest pain,8,82,136,73,17,94,38.2
30065372,3,fall,3,89,148,76,13,96,36.4
30065373,4,chest pain,7,94,123,67,16,96,36.9
30065374,4,headache,5,102,138,51,20,96,36.6
30065375,4,laceration,4,87,130,63,18,98,37.8
30065376,3,fall,4,82,91,70,19,100,35.9
30065377,3,shortness of breath,6,81,128,70,19,96,36.8
30065378,3,chest pain,5,73,118,51,20,96,37.8
30065379,3,back pain,3,99,117,60,21,98,37.5
30065380,1,knee pain,6,85,124,81,15,100,37.0
30065381,3,chest pain,5,68,100,93,15,96,37.6
30065382,3,chest pain,2,77,116,72,19,96,36.4
30065383,2,chest pain,6,79,127,80,21,100,37.5
30065384,3,abdominal pain,3,83,156,77,22,96,36.6
30065385,4,fall,7,113,103,84,11,96,38.7
30065386,5,fall,5,74,95,52,18,95,38.6
30065387,4,headache,0,80,129,72,13,96,37.6
30065388,2,knee pain,6,97,129,100,19,100,37.0
30065389,3,laceration,5,80,105,73,12,93,36.5
30065390,3,back pain,4,41,126,85,19,96,35.7
30065391,3,back pain,0,76,125,59,25,98,35.9
30065392,2,back pain,7,88,139,92,17,98,38.2
30065393,3,abdominal pain,1,86,140,52,22,100,37.4
30065394,3,shortness of breath,4,102,124,66,16,100,38.9
30065395,3,anxiety,3,109,112,71,16,96,37.2
30065396,3,back pain,0,121,134,83,17,96,36.6
30065397,4,fever,6,100,132,100,20,96,37.6
30065398,3,chest pain,7,79,117,106,16,98,36.8
30065399,3,fall,6,125,100,73,23,97,36.3
30065400,3,chest pain,5,88,110,80,10,96,37.8
30065401,3,shortness of breath,3,95,94,67,22,96,38.4
30065402,4,shortness of breath,2,62,119,82,21,95,37.4
30065403,3,fall,5,94,142,59,24,100,37.8
30065404,2,knee pain,8,85,150,83,12,100,36.0
30065405,4,back pain,3,67,118,82,16,97,35.0
30065406,2,abdominal pain,7,79,132,90,24,98,38.4
30065407,2,fall,10,84,109,62,19,95,39.0
30065408,3,back pain,7,67,116,99,18,98,36.5
30065409,2,anxiety,7,103,119,98,18,100,37.2
30065410,1,fall,10,100,133,49,21,98,37.0
30065411,4,knee pain,7,93,143,73,17,100,37.0
30065412,3,chest pain,3,90,132,96,26,95,38.0
30065413,1,knee pain,10,104,177,79,15,100,36.7
30065414,3,shortness of breath,0,46,158,93,18,95,37.3
30065415,3,back pain,0,72,135,94,18,97,37.2
30065416,3,shortness of breath,0,59,130,88,18,94,35.9
30065417,2,knee pain,6,85,135,34,9,95,36.9
30065418,3,knee pain,7,97,106,89,22,100,37.4
30065419,3,shortness of breath,5,111,104,102,24,100,36.2
30065420,3,fall,0,116,136,79,22,95,36.9
30065421,3,fall,3,78,131,59,19,99,36.0
30065422,2,fall,8,86,96,75,20,97,38.0
30065423,3,headache,6,96,127,86,19,97,37.9
30065424,2,laceration,9,104,123,92,14,100,39.0
30065425,3,fever,1,66,147,65,22,99,37.0
30065426,3,chest pain,1,73,119,79,19,100,37.4
30065427,4,abdominal pain,0,77,138,95,16,99,37.5
30065428,3,fever,0,90,92,82,17,97,37.2
30065429,3,abdominal pain,7,98,116,100,21,99,37.0
30065430,3,abdominal pain,3,77,102,70,26,100,36.5
30065431,4,anxiety,7,71,119,65,14,97,36.9
30065432,4,fever,0,109,122,61,15,99,37.8
30065433,3,shortness of breath,3,122,123,92,19,95,36.3
30065434,5,fever,0,76,129,77,24,92,36.9
30065435,2,laceration,9,93,124,84,17,98,36.3
30065436,3,back pain,3,87,139,70,12,97,37.4
30065437,2,anxiety,8,100,138,86,13,95,36.8
30065438,3,back pain,6,110,151,72,24,94,37.7
30065439,4,anxiety,5,58,122,69,15,97,37.4
30065440,3,fever,1,74,132,88,22,95,37.4
30065441,1,anxiety,7,70,123,90,18,97,36.2
30065442,3,headache,6,81,141,88,18,97,37.1
30065443,2,laceration,10,84,113,55,19,99,37.9
30065444,2,anxiety,7,60,113,68,21,94,37.4
30065445,2,abdominal pain,6,84,125,96,21,95,36.6
30065446,3,laceration,2,90,123,84,13,99,36.2
30065447,3,fall,4,87,126,86,17,97,36.9
30065448,4,chest pain,2,106,113,70,23,98,36.6
30065449,2,knee pain,6,75,130,64,25,92,38.3
30065450,3,shortness of breath,1,101,139,65,11,98,35.4
30065451,3,laceration,5,94,163,102,21,96,36.3
30065452,3,headache,6,117,139,74,16,100,37.6
30065453,2,abdominal pain,7,103,106,92,20,98,37.2
30065454,3,fever,3,114,104,71,12,97,36.1
30065455,2,chest pain,8,70,127,80,27,98,37.6
30065456,2,chest pain,7,77,107,100,15,95,37.0
30065457,3,laceration,3,83,146,63,14,97,35.4
30065458,3,laceration,1,84,99,69,18,94,37.3
30065459,3,back pain,1,104,111,83,16,99,36.5
30065460,3,fever,7,101,135,100,17,97,37.6
30065461,3,back pain,5,73,114,113,26,94,37.0
30065462,3,fever,6,87,125,45,19,95,37.5
30065463,3,shortness of breath,3,80,111,76,20,93,36.6
30065464,3,headache,4,71,176,67,18,100,37.3
30065465,3,chest pain,6,76,117,91,17,97,35.9
30065466,3,fever,7,79,128,100,17,100,38.7
30065467,4,headache,1,85,113,57,23,94,36.2
30065468,2,laceration,10,60,132,76,11,94,37.9
30065469,3,chest pain,6,71,124,71,20,98,37.1
30065470,3,chest pain,7,72,118,92,18,98,36.4
30065471,3,shortness of breath,2,86,127,77,12,94,36.9
30065472,4,chest pain,2,94,121,66,22,97,38.0
30065473,4,fall,2,82,133,75,15,96,36.4
30065474,3,abdominal pain,5,85,100,76,16,92,35.7
30065475,4,back pain,2,108,113,87,17,94,37.6
30065476,3,fever,1,94,92,66,12,95,37.5
30065477,1,back pain,7,80,120,53,24,100,37.4
30065478,3,fall,4,90,133,75,18,93,36.9
30065479,3,headache,3,83,135,64,23,100,37.8
30065480,3,abdominal pain,7,112,131,100,22,95,35.6
30065481,4,knee pain,3,85,114,96,15,93,36.0
30065482,2,chest pain,9,98,143,100,18,99,37.0
30065483,5,anxiety,3,79,130,90,23,100,36.4
30065484,3,headache,2,85,100,76,17,94,37.6
30065485,3,laceration,0,98,113,69,12,100,35.6
30065486,4,shortness of breath,2,81,134,52,18,100,36.0
30065487,2,abdominal pain,7,57,131,65,17,98,36.3
30065488,1,shortness of breath,9,88,148,95,20,95,36.8
30065489,1,back pain,7,126,96,87,16,93,37.0
30065490,2,abdominal pain,7,102,143,82,14,96,36.7
30065491,4,laceration,5,94,93,104,23,98,35.7
30065492,4,abdominal pain,6,104,135,67,18,97,38.6
30065493,3,laceration,0,62,108,47,22,98,37.5
30065494,3,knee pain,3,97,135,83,13,97,36.6
30065495,3,fall,5,116,116,83,27,100,38.7
30065496,3,chest pain,3,96,133,84,12,97,36.1
30065497,2,knee pain,7,67,107,79,15,96,36.1
30065498,2,shortness of breath,10,91,148,92,20,98,37.7
30065499,2,shortness of breath,7,69,125,70,14,98,36.9
30065500,4,anxiety,0,85,129,61,20,100,38.6
30065501,3,back pain,5,80,138,88,14,98,37.8
30065502,3,chest pain,7,100,109,76,14,96,37.5
30065503,2,knee pain,6,98,117,86,16,92,35.6
30065504,1,fever,10,85,143,97,20,99,37.1
30065505,3,back pain,2,101,119,68,19,90,36.1
30065506,4,fall,2,92,132,72,19,94,37.7
30065507,3,chest pain,0,89,116,67,20,100,38.5
30065508,3,anxiety,6,79,107,84,15,97,36.4
30065509,1,headache,7,74,125,59,9,100,37.2
30065510,4,fall,3,76,135,90,18,97,37.3
30065511,3,fever,4,112,133,85,17,94,36.1
30065512,4,abdominal pain,5,119,100,74,20,97,37.9
30065513,2,shortness of breath,9,64,129,88,18,98,39.0
30065514,5,laceration,5,79,118,80,21,97,37.6
30065515,1,fall,8,92,115,71,16,97,38.0
30065516,2,anxiety,10,103,135,89,15,100,36.5
30065517,3,fall,4,71,145,92,16,98,36.6
30065518,1,back pain,7,95,127,82,18,93,37.3
30065519,3,fall,3,122,118,83,13,98,37.4
30065520,3,chest pain,2,79,147,99,9,92,36.9
30065521,1,anxiety,10,77,116,85,22,98,36.3
30065522,4,back pain,0,79,142,99,19,100,35.8
30065523,2,abdominal pain,8,110,154,88,22,94,37.2
30065524,3,headache,6,60,102,90,23,96,35.4
30065525,3,anxiety,6,71,155,82,22,100,36.5
30065526,3,back pain,7,95,104,88,23,100,36.6
30065527,5,fall,1,77,119,69,20,94,36.4
30065528,3,shortness of breath,0,111,102,84,20,98,37.5
30065529,4,chest pain,1,87,132,103,5,100,37.6
30065530,2,fever,6,90,117,81,24,92,36.3
30065531,3,abdominal pain,5,87,132,87,21,93,35.9
30065532,4,fever,2,75,143,67,13,90,37.1
30065533,3,anxiety,0,90,114,95,17,100,37.5
30065534,5,back pain,0,61,108,76,15,100,38.2
30065535,5,shortness of breath,6,84,106,78,24,100,39.2
30065536,3,fall,2,90,136,83,19,98,37.3
30065537,3,fall,0,119,90,59,24,95,35.9
30065538,3,fever,4,98,126,83,22,100,37.1
30065539,3,abdominal pain,4,85,117,53,17,100,38.0
30065540,3,fever,6,63,136,104,21,100,38.5
30065541,4,shortness of breath,2,62,98,101,8,98,37.0
30065542,2,back pain,6,112,132,82,20,96,37.0
30065543,2,abdominal pain,8,113,166,79,22,100,37.4
30065544,4,chest pain,4,112,114,76,18,99,38.0
30065545,2,headache,6,106,123,88,20,97,37.4
30065546,3,anxiety,2,88,158,100,24,97,37.6
30065547,4,knee pain,6,120,123,41,17,100,38.1
30065548,4,laceration,2,75,116,63,20,96,36.4
30065549,4,knee pain,1,92,120,77,21,91,36.5
30065550,2,back pain,8,75,150,86,16,96,37.6
30065551,5,chest pain,0,69,148,69,19,95,36.7
30065552,3,laceration,3,65,168,82,21,97,36.3
30065553,2,back pain,7,73,113,70,15,100,35.4
30065554,3,abdominal pain,2,87,100,82,17,98,36.2
30065555,4,laceration,5,112,140,73,17,96,36.9
30065556,2,fever,7,76,133,82,23,99,37.8
30065557,2,fever,6,101,157,92,17,97,36.7
30065558,4,fall,4,83,157,74,17,96,35.1
30065559,4,knee pain,1,112,116,80,14,99,37.7
30065560,3,fever,3,111,113,67,16,95,34.5
30065561,4,fever,2,102,123,74,11,96,38.0
30065562,2,knee pain,7,97,119,86,19,95,36.7
30065563,5,abdominal pain,3,98,134,62,15,96,36.0
30065564,3,laceration,1,71,130,89,16,97,37.3
30065565,2,shortness of breath,10,78,156,112,21,100,36.4
30065566,4,shortness of breath,1,93,107,107,18,100,37.0
30065567,4,fall,6,84,121,97,20,100,36.8
30065568,2,headache,6,65,118,67,15,93,37.5
30065569,4,anxiety,4,100,123,94,18,100,38.9
30065570,3,shortness of breath,2,96,144,77,16,96,37.8
30065571,3,headache,7,79,95,62,16,100,36.6
30065572,2,anxiety,6,82,93,101,21,94,34.6
30065573,3,abdominal pain,7,93,112,74,17,96,36.2
30065574,4,chest pain,5,99,137,87,15,100,36.8
30065575,3,fall,3,93,114,65,21,97,37.2
30065576,4,back pain,3,93,131,88,26,97,37.8
30065577,2,fever,10,86,105,97,16,94,36.3
30065578,4,headache,6,69,117,86,18,100,36.7
30065579,4,headache,4,88,129,70,14,98,37.4
30065580,2,fall,9,79,158,86,18,100,37.5
30065581,2,knee pain,6,76,88,101,14,95,36.7
30065582,3,laceration,1,78,136,105,27,99,36.1
30065583,3,back pain,1,73,117,40,22,100,36.0
30065584,3,fall,6,94,91,86,23,98,37.5
30065585,3,chest pain,3,79,138,73,9,100,36.8
30065586,3,back pain,0,74,142,74,10,100,37.1
30065587,4,fever,5,96,124,106,16,99,37.0
30065588,3,fall,0,109,123,99,21,100,36.8
30065589,2,fever,9,82,145,71,15,92,37.5
30065590,3,headache,3,60,132,63,21,92,36.7
30065591,2,fall,6,87,109,86,15,100,37.2
30065592,2,headache,6,85,139,94,20,95,37.9
30065593,4,chest pain,3,85,165,81,23,99,35.9
30065594,3,shortness of breath,3,73,115,43,13,98,38.3
30065595,3,chest pain,1,56,152,81,15,100,37.9
30065596,4,fall,7,96,150,92,18,98,36.9
30065597,2,abdominal pain,8,66,143,113,15,97,38.1
30065598,3,chest pain,2,85,152,62,18,94,38.0
30065599,3,fever,0,63,147,105,20,100,37.0
30065600,3,fever,6,91,137,93,20,94,35.9
30065601,2,abdominal pain,8,91,179,69,18,94,38.6
30065602,2,knee pain,6,115,110,57,12,99,35.7
30065603,4,fever,1,75,136,69,19,95,37.4
30065604,3,headache,4,81,147,91,7,97,37.6
30065605,3,fall,2,102,125,80,14,100,36.8
30065606,3,anxiety,4,88,125,62,14,100,38.4
30065607,3,laceration,4,93,114,79,14,93,37.0
30065608,3,fall,2,100,128,64,26,100,37.0
30065609,3,fall,4,90,135,99,11,98,37.0
30065610,3,chest pain,2,99,112,62,20,97,36.0
30065611,3,abdominal pain,6,80,151,67,17,96,37.4
30065612,3,anxiety,5,94,130,61,10,95,36.8
30065613,3,fall,5,79,136,77,12,94,37.9
30065614,3,shortness of breath,4,61,147,90,13,96,37.6
30065615,3,chest pain,1,104,97,85,21,94,37.0
30065616,4,chest pain,2,87,88,74,20,96,35.8
30065617,5,anxiety,4,77,127,72,25,100,37.5
30065618,2,fall,7,93,121,104,16,100,37.0
30065619,3,shortness of breath,7,76,148,82,15,94,36.8
30065620,3,fever,7,94,124,88,21,98,37.3
30065621,3,fall,3,70,120,72,23,97,35.9
30065622,3,knee pain,4,80,112,78,13,92,37.1
30065623,2,chest pain,7,128,138,115,11,97,36.2
30065624,3,shortness of breath,0,119,155,94,11,94,38.2
30065625,3,laceration,4,91,114,90,16,99,38.5
30065626,2,headache,8,68,131,67,18,92,36.1
30065627,3,abdominal pain,3,101,127,78,22,97,35.7
30065628,2,shortness of breath,9,100,124,73,21,99,36.2
30065629,2,knee pain,6,59,141,87,19,98,35.7
30065630,4,chest pain,2,68,133,76,18,99,37.2
30065631,4,headache,5,100,116,98,23,93,37.1
30065632,3,abdominal pain,6,96,177,107,11,98,37.7
30065633,5,back pain,2,92,120,88,15,97,37.4
30065634,3,chest pain,3,69,96,67,15,95,36.9
30065635,3,laceration,1,91,114,59,12,95,36.4
30065636,2,fall,10,72,157,60,17,98,36.1
30065637,1,fever,6,96,112,74,26,96,37.4
30065638,5,knee pain,5,88,137,96,17,91,36.8
30065639,2,shortness of breath,10,95,115,78,23,97,36.7
30065640,3,fall,4,77,121,83,20,98,35.4
30065641,2,chest pain,8,109,139,67,21,96,37.6
30065642,3,shortness of breath,1,80,119,103,20,100,36.5
30065643,4,back pain,1,105,102,104,15,95,36.4
30065644,3,fall,6,88,121,78,15,92,38.4
30065645,3,anxiety,1,99,106,60,23,98,37.4
30065646,3,knee pain,5,113,131,79,17,93,36.6
30065647,4,chest pain,2,80,135,66,18,100,38.7
30065648,4,headache,3,86,135,81,18,96,39.1
30065649,4,chest pain,1,93,125,85,20,96,35.9
30065650,2,anxiety,6,65,124,62,16,100,37.5
30065651,2,chest pain,8,74,130,109,27,99,35.2
30065652,5,knee pain,0,82,142,59,19,100,35.9
30065653,3,laceration,3,98,144,59,17,100,37.6
30065654,3,laceration,0,70,120,95,17,98,36.1
30065655,3,anxiety,0,73,114,79,9,96,37.5
30065656,3,back pain,7,64,139,80,17,99,36.7
30065657,2,fall,6,84,111,82,20,98,36.7
30065658,4,abdominal pain,4,56,140,69,15,100,37.3
30065659,3,fever,7,90,105,76,25,93,36.2
30065660,3,chest pain,2,82,119,70,24,98,36.6
30065661,2,knee pain,8,95,82,62,19,95,36.4
30065662,3,laceration,5,91,138,77,22,96,36.5
30065663,3,chest pain,1,84,109,88,10,96,36.4
30065664,4,fall,0,62,132,74,19,97,37.2
30065665,3,headache,1,83,97,65,19,97,36.0
30065666,4,knee pain,7,71,116,79,20,95,36.4
30065667,4,fever,3,83,135,69,17,96,36.5
30065668,2,knee pain,7,66,97,85,21,97,37.3
30065669,3,fall,6,70,150,99,11,94,36.5
30065670,3,headache,6,84,141,57,22,97,37.4
30065671,3,anxiety,0,97,132,81,18,95,36.0
30065672,2,fall,10,97,112,91,18,99,35.8
30065673,3,back pain,2,88,97,84,12,98,36.2
30065674,4,fever,3,82,164,71,18,97,38.6
30065675,2,back pain,7,86,132,84,13,100,36.5
30065676,3,headache,3,76,139,67,16,100,36.4
30065677,4,anxiety,0,94,138,102,22,100,36.0
30065678,5,fever,6,101,110,75,26,92,36.1
30065679,1,fever,8,77,137,111,22,96,37.4
30065680,4,abdominal pain,6,70,150,84,23,94,37.8
30065681,2,abdominal pain,9,82,137,104,17,98,36.8
30065682,2,fever,8,101,96,81,20,95,36.3
30065683,3,back pain,4,79,88,84,21,97,37.5
30065684,4,anxiety,4,55,130,73,13,93,36.4
30065685,3,abdominal pain,0,103,141,76,13,100,36.7
30065686,3,headache,1,95,101,81,15,100,38.6
30065687,4,chest pain,0,66,112,88,15,100,37.2
30065688,4,abdominal pain,6,69,108,55,14,94,37.8
30065689,3,shortness of breath,1,96,128,71,20,99,37.8
30065690,4,shortness of breath,5,90,128,70,19,96,36.1
30065691,3,shortness of breath,6,81,120,77,21,99,34.8
30065692,4,anxiety,3,78,128,94,16,95,36.4
30065693,3,back pain,1,83,112,72,20,96,36.6
30065694,5,fall,3,97,127,81,18,96,38.2
30065695,2,abdominal pain,10,85,139,66,14,100,37.6
30065696,3,headache,7,97,151,102,24,97,36.8
30065697,3,back pain,7,95,106,111,19,92,36.7
30065698,2,laceration,6,68,139,64,24,100,36.2
30065699,2,abdominal pain,7,112,125,100,22,98,37.0
30065700,3,fall,2,85,131,106,13,93,35.9
30065701,3,chest pain,6,103,124,83,24,97,35.9
30065702,3,chest pain,3,80,152,87,19,100,36.7
30065703,3,back pain,7,91,91,67,19,99,37.8
30065704,3,abdominal pain,0,98,113,96,13,98,37.0
30065705,3,anxiety,3,77,138,77,17,97,35.8
30065706,3,fever,0,92,137,91,25,94,38.1
30065707,3,knee pain,3,92,141,49,20,99,37.2
30065708,3,headache,2,88,122,90,12,100,37.9
30065709,3,abdominal pain,7,98,134,99,20,100,36.8
30065710,3,shortness of breath,1,86,133,76,16,96,38.2
30065711,3,back pain,2,78,122,78,19,98,37.1
30065712,3,headache,2,67,149,92,11,97,36.2
30065713,2,abdominal pain,8,80,122,88,18,94,36.7
30065714,4,abdominal pain,1,97,128,55,17,97,36.3
30065715,3,knee pain,2,83,116,44,13,96,36.7
30065716,3,chest pain,7,94,107,90,18,96,38.3
30065717,3,chest pain,3,68,123,61,18,90,36.6
30065718,3,headache,7,91,138,107,21,96,37.4
30065719,2,anxiety,8,81,108,87,18,98,37.5
30065720,3,back pain,5,83,99,109,14,99,36.9
30065721,3,anxiety,3,80,117,98,11,100,37.4
30065722,3,fall,0,80,96,52,20,93,37.1
30065723,3,shortness of breath,0,78,117,62,21,95,37.0
30065724,3,chest pain,3,96,168,79,20,100,37.6
30065725,3,chest pain,4,79,130,102,14,95,38.4
30065726,3,laceration,2,89,118,49,11,94,36.9
30065727,4,shortness of breath,5,98,106,80,22,88,37.9
30065728,2,fever,9,80,92,96,19,99,38.4
30065729,3,abdominal pain,7,86,144,106,14,93,36.8
30065730,1,chest pain,8,87,85,72,20,100,38.6
30065731,2,anxiety,6,99,98,71,24,96,36.3
30065732,3,fever,0,97,135,60,20,94,38.0
30065733,2,back pain,7,87,113,94,11,95,35.9
30065734,3,abdominal pain,6,64,127,63,20,95,37.3
30065735,3,laceration,5,104,130,69,15,96,37.9
30065736,3,abdominal pain,2,114,152,88,14,98,37.5
30065737,3,shortness of breath,4,93,120,102,15,100,37.1
30065738,4,chest pain,4,107,163,112,29,97,37.1
30065739,3,shortness of breath,6,56,123,88,21,93,37.7
30065740,4,back pain,1,69,126,98,19,96,37.4
30065741,4,laceration,4,81,149,73,21,99,37.1
30065742,2,fall,9,68,145,81,17,97,37.3
30065743,4,chest pain,1,120,120,100,21,100,37.7
30065744,3,headache,6,62,104,85,19,100,37.5
30065745,4,back pain,5,66,138,99,13,94,37.3
30065746,3,back pain,0,84,105,97,16,93,36.4
30065747,4,shortness of breath,3,80,141,100,18,100,37.2
30065748,4,fall,3,94,145,94,23,97,38.1
30065749,2,anxiety,6,96,114,85,15,98,37.3
30065750,4,abdominal pain,7,79,144,77,22,100,36.2
30065751,2,knee pain,9,79,117,61,17,97,35.9
30065752,3,shortness of breath,2,92,114,80,22,97,37.6
30065753,3,abdominal pain,4,108,109,82,18,98,36.4
30065754,5,shortness of breath,3,90,128,89,20,97,37.5
30065755,3,knee pain,3,88,147,101,19,98,36.9
30065756,4,back pain,4,70,98,80,19,97,37.2
30065757,3,fever,7,79,110,87,25,95,36.0
30065758,2,anxiety,9,75,142,56,11,100,36.9
30065759,4,headache,5,98,162,68,22,100,35.5
30065760,3,headache,3,91,127,87,26,96,37.4
30065761,1,knee pain,6,101,120,106,7,93,35.2
30065762,3,fall,6,65,116,98,20,96,36.2
30065763,3,abdominal pain,2,85,120,88,24,94,35.7
30065764,3,anxiety,0,81,103,74,15,95,37.1
30065765,3,anxiety,2,84,119,93,20,94,37.1
30065766,4,shortness of breath,7,83,104,90,18,100,36.1
30065767,4,fall,4,84,131,71,23,94,37.0
30065768,3,abdominal pain,0,82,135,112,13,92,37.6
30065769,2,knee pain,6,100,125,71,27,96,36.6
30065770,3,shortness of breath,2,67,147,68,16,99,36.2
30065771,3,chest pain,4,86,83,83,18,98,37.4
30065772,4,knee pain,2,87,128,91,15,100,37.7
30065773,3,abdominal pain,0,76,148,71,16,97,37.9
30065774,4,shortness of breath,1,84,131,67,15,97,37.9
30065775,3,shortness of breath,5,66,100,84,24,92,35.6
30065776,4,abdominal pain,7,95,152,77,13,95,36.8
30065777,1,fall,6,76,133,99,14,99,36.5
30065778,3,headache,0,75,118,83,20,97,37.1
30065779,3,laceration,4,80,112,74,16,95,37.2
30065780,2,knee pain,9,105,153,89,18,100,37.8
30065781,4,fever,6,73,108,120,19,96,35.9
30065782,4,laceration,0,80,121,61,16,94,38.0
30065783,4,headache,3,87,113,73,19,99,37.4
30065784,3,chest pain,1,92,149,87,19,100,36.9
30065785,5,anxiety,7,78,120,116,21,94,35.8
30065786,3,laceration,5,96,150,90,18,94,36.9
30065787,3,back pain,3,85,62,52,18,96,37.5
30065788,3,headache,4,84,113,94,21,90,37.1
30065789,3,headache,7,89,97,58,11,95,38.1
30065790,4,headache,4,75,115,85,18,98,37.6
30065791,2,back pain,10,105,138,77,20,96,37.7
30065792,3,shortness of breath,7,100,112,64,18,98,37.5
30065793,3,laceration,5,80,143,68,21,92,37.0
30065794,5,headache,1,105,96,79,15,99,36.2
30065795,5,back pain,0,86,142,83,20,100,38.4
30065796,2,laceration,10,46,158,82,24,96,37.4
30065797,2,shortness of breath,10,103,117,104,9,94,36.1
30065798,2,fever,8,93,141,118,10,99,37.7
30065799,5,laceration,7,86,123,89,14,96,37.4
30065800,3,fever,5,102,99,56,16,100,36.9
30065801,3,fall,5,102,122,71,17,99,37.8
30065802,3,back pain,6,75,128,91,30,100,37.2
30065803,2,abdominal pain,8,72,105,72,17,97,36.8
30065804,5,chest pain,2,82,122,55,20,93,36.3
30065805,3,fall,0,79,143,86,21,100,36.8
30065806,3,chest pain,4,75,146,57,14,95,37.2
30065807,3,laceration,5,69,123,85,22,100,36.4
30065808,1,shortness of breath,6,87,105,68,22,98,38.8
30065809,2,knee pain,6,78,133,86,18,98,37.7
30065810,4,headache,5,80,124,56,23,99,36.4
30065811,3,knee pain,1,107,80,66,10,95,35.4
30065812,3,chest pain,2,106,130,72,16,99,37.3
30065813,3,shortness of breath,0,92,108,59,14,94,36.0
30065814,3,chest pain,3,102,127,86,16,99,36.8
30065815,3,knee pain,1,102,126,70,14,97,35.4
30065816,2,back pain,8,89,141,103,21,99,36.9
30065817,1,anxiety,7,95,98,67,11,97,38.4
30065818,2,chest pain,9,90,131,98,14,100,36.5
30065819,3,anxiety,7,80,134,98,19,99,36.5
30065820,3,laceration,5,86,158,61,16,96,39.1
30065821,4,fall,5,76,152,110,17,95,36.9
30065822,2,laceration,10,78,80,88,14,96,36.3
30065823,2,back pain,9,80,114,63,13,96,35.8
30065824,3,headache,4,104,117,87,18,97,37.0
30065825,4,shortness of breath,7,83,114,86,15,95,37.3
30065826,3,abdominal pain,6,89,109,80,21,94,37.0
30065827,2,fever,6,87,136,35,14,99,37.0
30065828,3,shortness of breath,0,52,139,76,12,96,36.3
30065829,4,headache,5,64,158,101,25,100,36.1
30065830,3,headache,3,89,142,77,23,98,37.0
30065831,2,back pain,6,101,146,115,20,96,36.4
30065832,3,shortness of breath,6,88,158,86,18,95,35.7
30065833,3,headache,1,98,92,102,19,90,37.0
30065834,5,abdominal pain,2,58,150,88,18,97,37.2
30065835,3,back pain,3,83,107,61,11,97,36.2
30065836,5,fever,1,79,126,95,19,96,36.9
30065837,3,laceration,6,53,127,65,13,100,37.2
30065838,3,laceration,5,118,158,83,19,97,38.1
30065839,4,fall,2,96,87,59,20,98,37.8
30065840,3,abdominal pain,2,103,91,74,13,96,37.6
30065841,3,laceration,3,96,122,83,19,95,38.1
30065842,2,chest pain,7,80,134,92,17,99,36.9
30065843,4,shortness of breath,3,90,127,50,16,99,37.1
30065844,2,knee pain,9,80,133,71,20,97,37.9
30065845,2,shortness of breath,8,83,118,70,16,95,36.8
30065846,2,chest pain,8,89,142,85,17,93,36.9
30065847,2,fever,6,81,112,68,18,97,37.0
30065848,2,knee pain,8,82,112,63,23,95,37.7
30065849,2,shortness of breath,9,63,106,67,24,96,36.3
30065850,3,shortness of breath,0,56,122,101,18,100,36.6
30065851,3,laceration,6,62,137,82,21,94,36.4
30065852,3,shortness of breath,4,77,111,71,16,96,38.1
30065853,1,back pain,10,102,147,83,19,90,37.4
30065854,1,headache,6,78,97,74,21,100,37.2
30065855,2,shortness of breath,6,78,159,76,16,98,37.2
30065856,2,headache,9,79,91,78,20,93,36.3
30065857,3,back pain,6,61,109,71,17,97,37.8
30065858,2,anxiety,8,70,129,89,14,92,35.5
30065859,3,fall,4,115,111,97,20,97,37.9
30065860,5,shortness of breath,6,81,105,100,23,96,37.2
30065861,3,fall,2,80,102,64,22,100,38.0
30065862,2,headache,7,71,96,66,24,95,37.0
30065863,3,shortness of breath,5,68,128,76,12,96,35.9
30065864,3,laceration,4,104,177,82,22,96,37.0
30065865,3,anxiety,7,89,102,68,22,99,37.1
30065866,2,fever,10,95,121,86,15,98,36.5
30065867,4,knee pain,5,81,86,70,18,97,36.8
30065868,3,fall,0,88,122,86,10,100,37.3
30065869,2,laceration,10,97,125,53,13,94,37.0
30065870,2,abdominal pain,6,81,112,73,19,95,37.0
30065871,3,laceration,7,84,158,84,9,88,35.4
30065872,5,headache,2,113,140,87,23,100,37.5
30065873,3,anxiety,5,73,96,71,16,100,37.2
30065874,4,fall,5,98,125,57,19,96,35.7
30065875,1,chest pain,10,62,139,83,10,97,36.8
30065876,4,laceration,3,85,118,44,21,96,36.7
30065877,3,fall,4,101,92,95,17,96,38.4
30065878,3,shortness of breath,3,92,123,96,21,100,36.6
30065879,4,abdominal pain,5,89,129,68,17,94,37.5
30065880,2,chest pain,6,62,143,78,22,98,37.4
30065881,3,shortness of breath,7,95,102,65,16,100,37.0
30065882,3,laceration,1,87,176,79,15,94,37.2
30065883,5,anxiety,1,75,96,46,16,94,37.6
30065884,1,abdominal pain,10,83,118,50,20,99,37.3
30065885,1,shortness of breath,6,97,117,101,16,100,37.0
30065886,3,knee pain,5,58,147,67,16,97,37.1
30065887,3,shortness of breath,5,83,83,67,18,94,35.5
30065888,3,anxiety,4,92,80,85,22,100,37.5
30065889,3,fall,6,60,147,74,14,97,37.7
30065890,4,headache,3,90,77,80,23,100,36.6
30065891,3,fever,4,90,124,80,18,92,37.3
30065892,4,abdominal pain,2,102,122,61,20,100,37.3
30065893,3,back pain,2,83,109,76,16,95,38.0
30065894,3,shortness of breath,3,80,128,85,12,97,36.5
30065895,2,anxiety,8,110,116,103,24,100,36.7
30065896,4,chest pain,4,101,120,104,16,95,35.9
30065897,3,shortness of breath,5,82,149,71,20,97,36.8
30065898,4,chest pain,2,92,156,74,18,97,37.3
30065899,2,shortness of breath,10,98,129,68,19,95,39.3
30065900,3,back pain,5,80,141,84,17,100,35.9
30065901,3,laceration,4,92,138,45,24,100,36.1
30065902,3,chest pain,6,85,123,87,18,96,35.6
30065903,3,headache,6,94,152,104,25,99,37.3
30065904,3,fall,3,77,123,78,19,95,37.0
30065905,2,anxiety,8,83,139,53,16,95,37.4
30065906,3,abdominal pain,1,91,104,76,19,96,36.4
30065907,4,laceration,6,89,139,71,20,96,38.4
30065908,5,anxiety,6,99,134,84,25,96,36.5
30065909,3,back pain,0,87,167,83,18,100,35.6
30065910,5,anxiety,2,87,107,64,14,96,37.6
30065911,3,knee pain,7,92,130,79,13,96,36.9
30065912,3,laceration,6,67,94,69,20,94,37.0
30065913,2,back pain,7,115,152,81,16,97,36.3
30065914,3,headache,1,108,124,54,15,96,37.1
30065915,3,back pain,3,75,119,111,19,97,38.1
30065916,3,back pain,7,116,107,95,17,100,36.2
30065917,3,laceration,3,83,148,86,21,99,39.7
30065918,4,fall,1,88,136,81,15,99,38.2
30065919,2,fall,6,86,112,66,20,97,38.7
30065920,3,shortness of breath,0,95,135,70,18,100,36.2
30065921,3,chest pain,0,74,111,94,11,97,37.3
30065922,2,back pain,8,106,175,86,24,98,37.7
30065923,3,abdominal pain,4,118,109,95,18,99,36.6
30065924,5,chest pain,1,95,147,91,18,94,36.8
30065925,3,back pain,1,72,115,85,19,97,36.8
30065926,1,back pain,7,91,158,72,9,93,37.1
30065927,3,headache,5,67,124,74,14,98,36.9
30065928,3,abdominal pain,5,65,137,76,23,97,37.6
30065929,4,abdominal pain,2,80,124,114,12,94,35.6
30065930,3,chest pain,5,68,145,72,18,95,37.3
30065931,4,chest pain,5,94,165,67,21,94,37.0
30065932,2,headache,9,102,114,82,9,99,36.4
30065933,2,headache,7,80,146,71,14,93,36.4
30065934,4,fall,1,87,160,86,12,98,37.1
30065935,3,fall,3,77,92,84,26,99,37.3
30065936,3,fever,5,88,111,97,21,100,36.2
30065937,3,fall,6,99,136,113,23,97,37.8
30065938,3,laceration,0,61,138,90,13,97,37.6
30065939,3,laceration,0,77,104,77,16,95,36.5
30065940,4,knee pain,5,90,128,94,15,95,36.8
30065941,3,back pain,2,79,115,84,27,97,37.8
30065942,3,headache,7,87,103,46,28,93,37.1
30065943,3,fever,4,108,139,65,16,98,37.5
30065944,4,anxiety,3,97,121,53,16,100,36.6
30065945,3,fall,0,91,129,70,17,97,34.4
30065946,3,anxiety,1,101,146,86,16,94,36.7
30065947,3,back pain,7,92,130,82,18,97,38.2
30065948,2,knee pain,6,66,98,66,26,98,37.4
30065949,3,shortness of breath,2,91,117,98,18,96,36.3
30065950,3,chest pain,4,84,99,89,16,100,36.2
30065951,3,knee pain,0,79,109,57,19,100,37.2
30065952,2,knee pain,9,84,124,101,15,96,38.1
30065953,2,anxiety,10,86,142,76,18,95,37.1
30065954,3,shortness of breath,2,88,142,97,17,100,37.2
30065955,3,laceration,0,95,101,84,17,100,36.2
30065956,3,back pain,4,66,138,86,13,98,37.4
30065957,4,anxiety,7,69,124,91,22,99,37.8
30065958,4,chest pain,6,102,103,70,10,100,36.8
30065959,4,laceration,7,66,124,75,12,94,37.3
30065960,3,chest pain,5,81,93,66,15,100,36.9
30065961,2,laceration,8,82,69,61,18,96,36.1
30065962,4,fall,1,68,125,124,12,95,36.2
30065963,2,shortness of breath,9,115,144,97,15,100,37.8
30065964,3,laceration,0,103,123,92,17,99,38.2
30065965,2,chest pain,10,86,141,77,22,98,37.7
30065966,3,knee pain,0,90,116,81,18,100,36.2
30065967,4,abdominal pain,0,58,110,96,24,100,37.0
30065968,3,laceration,1,66,170,58,8,99,37.9
30065969,2,fall,6,89,94,85,17,93,38.5
30065970,2,fever,9,83,115,91,15,95,37.3
30065971,3,laceration,5,85,134,91,21,99,37.3
30065972,2,knee pain,6,84,85,91,20,96,36.7
30065973,4,back pain,7,67,105,75,13,98,38.1
30065974,3,anxiety,4,89,139,78,24,100,36.0
30065975,3,laceration,4,75,146,67,15,95,36.1
30065976,3,fall,3,103,140,87,15,100,34.8
30065977,2,shortness of breath,8,89,85,73,13,93,36.7
30065978,4,back pain,6,78,151,56,17,99,37.5
30065979,2,headache,9,73,149,97,22,97,37.0
30065980,2,fall,9,108,133,58,20,100,36.0
30065981,2,anxiety,7,94,125,71,16,98,36.4
30065982,3,fall,4,90,140,95,18,100,36.9
30065983,3,fever,2,106,140,81,23,99,36.7
30065984,4,fever,2,96,112,64,16,95,36.6
30065985,3,back pain,3,109,149,97,15,100,37.3
30065986,4,headache,6,72,101,69,20,96,38.1
30065987,3,anxiety,4,99,109,81,19,99,36.1
30065988,4,knee pain,3,82,114,68,19,96,38.2
30065989,3,anxiety,7,93,137,104,16,95,37.1
30065990,3,shortness of breath,0,68,150,64,9,100,35.9
30065991,3,headache,0,88,128,65,15,93,37.0
30065992,3,back pain,3,93,139,102,17,97,37.9
30065993,4,headache,3,54,121,88,20,100,36.5
30065994,2,back pain,6,74,103,78,21,91,36.9
30065995,2,fall,7,93,102,65,19,97,35.9
30065996,2,abdominal pain,7,80,122,82,16,96,37.0
30065997,5,fall,7,67,137,70,23,100,36.9
30065998,3,back pain,0,68,154,72,21,97,37.6
30065999,1,chest pain,10,62,130,59,21,98,37.2
30066000,2,chest pain,6,77,138,89,20,100,37.8
30066001,4,chest pain,2,77,132,95,19,99,38.1
30066002,3,abdominal pain,5,108,64,93,18,100,37.8
30066003,3,chest pain,0,80,156,66,23,100,36.2
30066004,3,fall,3,109,138,80,21,95,37.1
30066005,3,fever,5,67,147,43,16,98,38.5
30066006,4,fever,2,92,131,102,13,100,38.0
30066007,2,fall,7,75,157,73,19,100,36.6
30066008,2,shortness of breath,7,86,139,91,15,99,35.9
30066009,3,chest pain,0,89,106,86,22,99,38.2
30066010,1,chest pain,9,56,122,88,13,100,37.9
30066011,3,headache,6,82,133,68,14,100,36.8
30066012,2,fever,9,63,136,91,23,100,36.8
30066013,3,abdominal pain,6,68,140,85,18,100,37.3
30066014,3,chest pain,4,57,148,93,16,97,36.5
30066015,3,abdominal pain,0,92,105,87,16,95,36.7
30066016,5,headache,1,93,95,77,11,98,35.7
30066017,2,laceration,9,76,129,111,18,98,36.8
30066018,3,abdominal pain,6,84,112,78,16,100,36.1
30066019,4,anxiety,3,72,127,64,15,98,37.0
30066020,2,shortness of breath,6,85,137,101,18,93,36.9
30066021,3,shortness of breath,7,60,97,92,20,96,37.5
30066022,3,headache,6,71,171,72,12,100,36.4
30066023,2,knee pain,10,103,116,63,19,98,38.3
30066024,3,laceration,0,108,127,45,23,89,36.3
30066025,1,back pain,8,69,171,68,16,98,37.6
30066026,3,laceration,6,81,130,77,23,99,36.8
30066027,3,headache,5,93,88,75,19,94,36.6
30066028,3,abdominal pain,6,71,96,91,22,95,36.9
30066029,1,back pain,9,98,137,67,19,94,38.1
30066030,3,shortness of breath,3,66,135,68,21,96,36.9
30066031,3,headache,6,79,127,75,21,100,37.4
30066032,3,knee pain,7,83,116,89,17,98,36.0
30066033,5,fever,1,82,117,62,23,95,37.6
30066034,3,shortness of breath,1,94,143,80,16,96,37.9
30066035,3,chest pain,4,96,153,89,14,96,38.0
30066036,1,abdominal pain,9,101,132,64,14,98,36.1
30066037,3,abdominal pain,3,66,130,93,25,95,38.4
30066038,4,laceration,3,101,102,117,17,100,36.9
30066039,2,anxiety,6,75,144,75,15,94,35.3
30066040,3,back pain,4,81,144,59,16,96,37.3
30066041,2,anxiety,8,95,147,70,8,100,36.9
30066042,3,fall,1,76,89,64,18,95,36.8
30066043,3,abdominal pain,0,93,93,86,16,97,37.5
30066044,4,anxiety,0,83,160,93,23,97,37.4
30066045,3,knee pain,2,79,105,69,16,94,36.8
30066046,3,back pain,2,65,91,76,19,92,37.7
30066047,3,shortness of breath,1,81,155,81,21,98,37.7
30066048,4,headache,7,62,128,110,16,93,37.3
30066049,3,chest pain,1,76,148,67,17,100,36.9
30066050,1,anxiety,10,71,109,74,16,99,37.9
30066051,3,anxiety,4,66,145,87,21,100,36.6
30066052,2,fever,10,86,128,60,18,95,37.2
30066053,4,anxiety,6,102,123,84,17,95,35.9
30066054,3,headache,7,87,114,76,17,99,38.4
30066055,3,headache,1,101,120,95,17,91,37.0
30066056,3,knee pain,1,90,112,81,18,97,36.9
30066057,2,anxiety,9,94,119,70,23,96,39.3
30066058,3,abdominal pain,1,88,113,86,13,100,37.4
30066059,3,laceration,1,91,111,70,23,99,35.8
30066060,4,knee pain,7,104,111,60,21,92,36.5
30066061,4,abdominal pain,3,93,126,88,21,96,37.4
30066062,5,fall,3,67,156,84,18,97,37.5
30066063,5,anxiety,4,88,146,89,19,97,37.2
30066064,1,fever,9,87,131,86,23,97,37.0
30066065,3,shortness of breath,3,88,107,88,18,92,36.6
30066066,3,knee pain,4,67,150,94,18,95,38.0
30066067,3,anxiety,2,72,102,105,19,90,37.2
30066068,3,anxiety,2,96,122,89,17,95,37.6
30066069,4,knee pain,2,127,104,84,15,100,37.4
30066070,3,shortness of breath,1,67,125,108,20,100,37.0
30066071,3,back pain,7,80,104,76,19,95,35.6
30066072,3,back pain,0,98,116,78,25,95,36.7
30066073,3,knee pain,7,93,107,101,19,97,37.8
30066074,4,anxiety,2,75,128,76,15,93,38.1
30066075,4,back pain,7,78,157,104,26,96,37.6
30066076,3,back pain,1,78,123,71,19,98,37.1
30066077,4,chest pain,2,107,137,95,16,96,38.2
30066078,5,headache,3,98,142,78,19,96,36.6
30066079,3,headache,5,83,133,110,17,98,36.0
30066080,3,chest pain,6,77,136,77,20,89,37.6
30066081,4,shortness of breath,6,108,120,87,10,96,37.8
30066082,2,headache,8,55,139,61,17,95,37.6
30066083,3,laceration,6,92,125,64,18,95,36.1
30066084,3,chest pain,5,77,98,30,9,100,38.4
30066085,4,back pain,5,88,147,74,19,97,36.1
30066086,5,chest pain,6,87,126,48,13,96,36.9
30066087,3,shortness of breath,5,92,113,92,10,100,38.0
30066088,3,knee pain,7,95,95,91,18,100,38.1
30066089,5,laceration,3,82,114,85,19,100,38.3
30066090,3,chest pain,5,77,125,90,16,98,36.1
30066091,3,fall,4,73,152,97,24,99,36.9
30066092,2,fall,8,78,119,75,22,100,36.9
30066093,3,back pain,4,87,141,76,10,94,37.2
30066094,2,abdominal pain,10,80,126,77,27,96,37.2
30066095,3,back pain,5,116,109,78,21,100,35.9
30066096,3,knee pain,2,74,132,64,18,94,38.4
30066097,3,fall,4,87,139,86,19,96,36.6
30066098,3,headache,3,61,163,59,18,92,39.0
30066099,4,headache,3,98,91,75,12,97,36.3
30066100,4,fever,3,73,128,85,21,100,37.2
30066101,3,shortness of breath,4,99,129,106,11,100,37.2
30066102,3,shortness of breath,0,79,120,89,23,100,36.4
30066103,2,fall,7,70,104,118,19,96,37.2
30066104,5,anxiety,7,100,123,85,13,100,36.8
30066105,2,headache,6,92,102,113,13,98,36.8
30066106,4,abdominal pain,7,86,120,89,16,99,36.4
30066107,1,chest pain,9,89,145,99,14,96,37.4
30066108,3,anxiety,6,79,113,75,14,93,37.0
30066109,2,knee pain,10,83,160,86,15,93,38.4
30066110,3,back pain,0,91,142,71,16,100,37.4
30066111,2,fever,8,98,113,46,13,95,36.1
30066112,3,fever,4,79,144,111,14,99,37.8
30066113,3,laceration,5,99,120,82,14,98,36.4
30066114,4,laceration,5,93,134,77,22,93,37.9
30066115,4,back pain,2,71,104,99,20,100,37.0
30066116,3,fall,3,80,132,70,19,99,37.4
30066117,4,knee pain,3,64,145,96,17,95,38.6
30066118,3,shortness of breath,6,86,116,74,23,95,36.8
30066119,5,knee pain,4,63,124,78,26,97,36.4
30066120,2,anxiety,10,89,141,69,20,97,37.0
30066121,3,chest pain,0,77,115,95,18,92,37.5
30066122,3,chest pain,0,85,107,75,19,92,38.0
30066123,3,laceration,3,89,154,78,12,100,36.3
30066124,3,fall,6,73,91,58,18,99,37.2
30066125,2,shortness of breath,7,86,111,75,19,98,37.3
30066126,2,chest pain,8,94,110,99,23,99,35.9
30066127,2,back pain,6,89,102,66,17,99,37.8
30066128,3,knee pain,1,82,116,56,9,100,37.0
30066129,3,fall,1,84,164,79,20,92,36.9
30066130,3,fall,7,69,109,102,20,97,38.0
30066131,4,shortness of breath,2,80,133,98,14,95,38.2
30066132,3,laceration,0,80,125,81,23,95,36.7
30066133,4,abdominal pain,1,90,119,75,20,98,36.4
30066134,4,chest pain,0,71,162,93,29,97,36.2
30066135,5,laceration,4,68,130,86,21,91,36.3
30066136,3,anxiety,1,106,114,101,17,100,37.2
30066137,4,knee pain,5,67,130,102,18,99,37.1
30066138,2,knee pain,8,82,134,84,16,99,37.6
30066139,4,shortness of breath,4,85,143,69,15,96,37.2
30066140,3,headache,1,78,137,64,14,95,37.1
30066141,3,fever,6,78,142,65,19,100,36.4
30066142,3,anxiety,3,95,87,89,16,95,37.3
30066143,3,fever,7,90,117,98,17,100,36.2
30066144,3,fever,1,86,102,57,20,92,37.4
30066145,4,laceration,5,73,110,94,23,100,36.7
30066146,3,abdominal pain,4,96,95,97,22,99,37.9
30066147,3,abdominal pain,5,74,143,52,19,92,37.1
30066148,3,back pain,2,87,181,66,21,100,37.4
30066149,3,fall,4,75,136,92,17,100,36.7
30066150,1,back pain,6,80,88,66,22,98,38.1
30066151,3,abdominal pain,7,109,131,47,11,100,36.8
30066152,5,shortness of breath,7,80,117,102,22,98,37.4
30066153,3,anxiety,5,94,161,78,18,100,37.8
30066154,3,chest pain,3,89,131,96,20,95,37.3
30066155,1,laceration,10,88,100,99,15,100,37.5
30066156,3,laceration,1,69,140,114,12,100,36.6
30066157,5,headache,1,87,190,65,20,99,35.7
30066158,3,fall,3,100,117,89,14,98,37.1
30066159,4,laceration,3,94,134,66,19,95,37.1
30066160,4,chest pain,2,103,116,77,20,97,36.7
30066161,2,shortness of breath,6,103,106,84,21,94,38.0
30066162,4,fever,1,73,105,75,12,97,37.3
30066163,4,abdominal pain,7,63,124,69,13,99,37.6
30066164,3,fall,2,116,137,74,19,100,37.6
30066165,5,anxiety,0,106,82,59,22,100,36.5
30066166,2,headache,6,98,134,88,17,95,37.8
30066167,3,shortness of breath,0,78,105,119,22,95,37.8
30066168,3,back pain,7,95,130,96,16,95,37.5
30066169,4,fall,1,80,160,91,20,94,36.7
30066170,3,fever,7,104,120,72,17,97,38.5
30066171,1,anxiety,8,64,117,94,18,93,36.6
30066172,4,back pain,3,80,120,117,16,98,35.9
30066173,3,anxiety,2,70,160,85,21,99,36.3
30066174,2,shortness of breath,8,75,160,88,21,96,36.3
30066175,3,laceration,5,87,130,58,9,96,35.7
30066176,5,laceration,6,78,119,60,19,97,38.6
30066177,2,knee pain,7,85,108,79,18,100,35.7
30066178,3,anxiety,5,100,109,71,19,98,35.7
30066179,3,anxiety,7,89,157,49,17,98,36.0
30066180,2,back pain,8,89,147,84,17,97,36.8
30066181,3,fever,0,75,138,86,14,97,36.5
30066182,3,back pain,5,72,132,58,22,100,35.8
30066183,1,abdominal pain,7,91,123,79,19,98,36.6
30066184,3,abdominal pain,7,71,108,57,17,94,36.0
30066185,2,anxiety,10,101,150,94,24,99,34.9
30066186,4,fever,0,57,98,107,15,98,38.6
30066187,5,anxiety,4,84,141,72,19,95,37.5
30066188,3,anxiety,2,63,134,73,19,93,36.5
30066189,3,headache,7,104,152,87,19,94,36.5
30066190,4,anxiety,1,67,121,61,21,98,36.9
30066191,2,fever,8,83,114,109,21,99,38.3
30066192,3,shortness of breath,7,100,115,83,19,97,36.1
30066193,3,abdominal pain,3,92,105,78,16,97,37.1
30066194,3,knee pain,4,82,144,78,24,98,36.4
30066195,4,laceration,3,112,133,61,20,100,36.6
30066196,2,fall,10,103,114,94,23,99,35.6
30066197,3,fall,3,100,114,56,16,100,36.6
30066198,4,fall,3,60,107,93,17,96,36.2
30066199,3,fever,2,95,124,74,11,100,37.9
30066200,3,back pain,3,85,135,114,25,97,36.1
30066201,2,fever,6,88,140,102,13,100,36.5
30066202,5,laceration,0,94,125,82,11,98,37.4
30066203,3,abdominal pain,1,76,115,79,17,98,37.0
30066204,2,abdominal pain,8,84,153,85,12,100,37.9
30066205,2,back pain,7,89,134,39,24,97,37.5
30066206,3,chest pain,2,69,132,36,15,94,38.5
30066207,3,fall,7,67,108,69,16,97,38.1
30066208,2,chest pain,6,62,103,94,24,100,37.3
30066209,3,knee pain,7,76,122,61,26,97,35.4
30066210,3,fever,3,65,146,75,24,96,35.8
30066211,2,laceration,6,87,104,83,26,99,36.7
30066212,3,anxiety,0,41,107,97,13,100,37.6
30066213,2,laceration,8,83,118,93,14,90,36.5
30066214,3,back pain,6,78,118,56,16,98,36.8
30066215,2,headache,7,82,139,73,14,96,36.7
30066216,3,fever,3,75,111,74,19,94,36.6
30066217,3,abdominal pain,6,85,115,75,17,94,38.1
30066218,3,fever,4,83,134,61,18,100,37.3
30066219,5,back pain,7,72,133,101,21,98,37.2
30066220,3,back pain,5,91,147,108,17,93,37.5
30066221,3,laceration,6,104,158,96,12,98,36.8
30066222,3,laceration,0,67,129,60,16,94,38.0
30066223,3,fall,7,74,139,58,17,95,37.1
30066224,3,fever,7,92,148,81,13,94,36.9
30066225,1,chest pain,9,69,118,82,17,99,35.2
30066226,3,shortness of breath,0,56,100,59,18,95,36.5
30066227,1,laceration,9,82,86,75,18,99,37.4
30066228,3,chest pain,0,94,128,74,26,98,36.5
30066229,5,fever,2,69,132,92,19,91,38.4
30066230,3,fever,5,115,127,42,22,100,37.9
30066231,3,chest pain,4,88,121,79,16,100,37.5
30066232,3,chest pain,1,77,120,65,15,95,37.3
30066233,4,knee pain,7,67,106,59,21,100,38.7
30066234,3,fall,2,78,151,87,16,92,36.8
30066235,3,chest pain,2,122,130,65,16,98,36.5
30066236,3,anxiety,7,79,105,77,22,95,36.8
30066237,3,abdominal pain,3,107,136,102,19,95,36.1
30066238,3,abdominal pain,5,88,145,70,14,100,36.2
30066239,4,fall,4,87,126,118,18,97,38.0
30066240,3,back pain,3,93,126,95,19,98,37.8
30066241,3,back pain,4,70,97,70,17,94,36.5
30066242,4,shortness of breath,5,110,139,48,16,92,37.6
30066243,4,anxiety,4,78,127,93,21,97,37.6
30066244,3,anxiety,1,92,86,67,21,97,36.7
30066245,3,headache,4,96,114,91,14,99,37.2
30066246,3,chest pain,5,114,117,87,16,99,35.2
30066247,1,knee pain,10,72,119,98,16,96,36.6
30066248,3,laceration,3,80,128,46,21,96,35.6
30066249,1,back pain,10,77,104,94,21,100,37.7
30066250,2,headache,8,74,123,47,16,98,37.9
30066251,2,shortness of breath,6,107,145,102,18,94,37.4
30066252,3,fever,2,77,163,93,21,95,37.2
30066253,5,fever,0,93,122,84,25,97,36.9
30066254,3,headache,2,71,115,105,21,100,37.3
30066255,3,shortness of breath,4,84,159,79,17,97,37.0
30066256,3,anxiety,4,81,110,77,15,96,37.4
30066257,4,abdominal pain,4,110,105,67,21,97,36.4
30066258,3,headache,6,98,133,87,13,96,38.0
30066259,2,knee pain,9,77,164,92,15,100,37.3
30066260,3,shortness of breath,5,78,172,78,24,100,37.2
30066261,2,chest pain,9,104,116,90,20,92,37.2
30066262,3,headache,5,93,98,80,16,93,37.6
30066263,1,laceration,8,62,118,49,15,98,38.1
30066264,3,chest pain,5,100,118,57,20,92,36.7
30066265,2,headache,10,71,104,68,13,100,36.2
30066266,3,headache,3,65,138,60,13,96,36.8
30066267,2,headache,10,85,105,95,13,94,37.1
30066268,4,chest pain,3,103,111,72,18,100,35.0
30066269,3,abdominal pain,0,96,147,89,20,98,38.7
30066270,3,back pain,5,114,120,82,26,94,37.8
30066271,2,fever,10,92,110,47,11,98,35.5
30066272,3,shortness of breath,2,89,105,131,15,96,36.4
30066273,3,shortness of breath,0,76,126,70,18,95,37.3
30066274,2,headache,9,73,106,90,13,95,37.7
30066275,2,anxiety,6,83,95,104,16,100,37.2
30066276,3,knee pain,7,92,112,86,21,94,37.9
30066277,4,fever,6,73,134,100,18,95,36.8
30066278,3,chest pain,1,104,115,63,12,92,37.3
30066279,3,fall,3,90,148,76,12,95,36.5
30066280,2,chest pain,8,76,145,56,21,95,35.7
30066281,3,back pain,1,81,121,68,18,99,38.2
30066282,3,fall,5,120,124,83,16,100,36.8
30066283,3,fever,0,75,102,77,18,94,35.9
30066284,2,anxiety,9,86,117,84,23,98,36.5
30066285,3,fever,3,87,119,67,22,95,38.0
30066286,2,chest pain,6,85,116,90,24,96,37.2
30066287,3,abdominal pain,4,70,120,69,16,95,36.5
30066288,2,fever,9,69,82,78,17,93,36.0
30066289,3,fall,6,98,116,102,15,93,37.4
30066290,3,fall,0,95,95,67,17,100,38.5
30066291,3,anxiety,2,99,115,88,16,100,38.5
30066292,3,anxiety,6,103,121,76,20,100,36.5
30066293,4,abdominal pain,0,80,92,79,10,100,36.3
30066294,5,anxiety,2,85,97,59,20,94,37.4
30066295,3,abdominal pain,0,70,117,69,16,99,36.1
30066296,3,knee pain,0,75,134,90,18,97,36.7
30066297,4,fever,2,80,107,55,15,97,37.5
30066298,2,shortness of breath,9,111,117,79,20,100,36.4
30066299,3,abdominal pain,6,94,94,80,23,95,36.6
30066300,3,fever,2,81,114,61,18,100,35.4
30066301,4,fever,6,86,117,56,23,98,38.4
30066302,1,laceration,7,86,101,69,14,90,36.3
30066303,4,fall,2,59,114,69,21,99,36.7
30066304,4,fever,6,100,93,79,17,99,38.6
30066305,2,fall,10,102,119,57,16,95,36.8
30066306,5,abdominal pain,4,81,147,56,20,97,36.5
30066307,4,laceration,3,89,160,61,19,97,37.8
30066308,3,back pain,5,100,161,75,22,99,36.3
30066309,3,fever,6,122,123,79,15,98,37.2
30066310,4,knee pain,4,107,77,100,15,98,38.1
30066311,4,knee pain,0,97,108,87,10,97,37.3
30066312,2,abdominal pain,8,103,122,100,17,99,36.1
30066313,5,chest pain,6,77,115,80,17,99,37.1
30066314,4,laceration,6,87,152,89,24,98,37.4
30066315,3,chest pain,5,91,106,95,20,95,36.0
30066316,2,chest pain,7,70,140,92,21,99,35.7
30066317,3,anxiety,6,99,120,66,17,98,37.4
30066318,1,laceration,10,83,139,90,15,99,36.4
30066319,3,anxiety,3,63,119,106,14,98,36.2
30066320,2,laceration,9,78,113,76,23,100,36.9
30066321,2,fall,9,108,151,89,22,97,37.7
30066322,4,knee pain,4,81,126,53,15,95,36.1
30066323,2,headache,9,71,96,76,14,94,37.4
30066324,3,chest pain,3,78,81,94,12,95,36.4
30066325,3,fever,6,96,65,87,20,98,36.5
30066326,3,headache,0,95,153,68,20,99,37.5
30066327,3,headache,3,103,135,56,15,96,37.0
30066328,3,anxiety,4,84,127,69,18,97,36.1
30066329,1,back pain,10,73,137,96,17,100,36.8
30066330,3,headache,6,92,131,76,23,100,37.1
30066331,4,fall,7,89,96,26,17,97,37.0
30066332,1,shortness of breath,9,89,99,74,15,100,37.9
30066333,4,anxiety,4,71,112,73,15,96,36.5
30066334,3,chest pain,0,84,147,64,15,97,36.9
30066335,3,fever,6,84,108,80,27,100,36.8
30066336,2,fall,7,107,99,88,25,99,36.0
30066337,3,anxiety,4,95,129,81,18,97,36.2
30066338,3,back pain,3,96,98,84,19,94,36.7
30066339,2,knee pain,8,80,131,66,18,90,37.1
30066340,2,fever,6,77,121,67,20,100,36.2
30066341,3,knee pain,7,79,102,71,14,100,38.9
30066342,4,abdominal pain,6,109,123,71,19,97,36.2
30066343,4,fever,5,81,124,73,19,100,37.7
30066344,4,knee pain,6,78,126,83,25,100,38.4
30066345,5,headache,0,75,131,70,25,100,37.2
30066346,2,shortness of breath,7,105,149,60,15,97,35.7
30066347,3,abdominal pain,2,80,139,74,21,97,37.1
30066348,3,chest pain,0,93,114,103,18,98,36.6
30066349,3,fever,5,84,102,61,20,96,36.3
30066350,3,laceration,0,78,143,77,18,96,35.5
30066351,3,fever,3,79,125,46,18,94,38.1
30066352,2,knee pain,7,122,107,83,24,92,37.4
30066353,2,headache,8,76,132,101,26,93,37.5
30066354,4,fall,0,101,113,86,23,100,37.3
30066355,5,shortness of breath,2,100,152,86,19,97,35.7
30066356,3,fever,4,88,86,116,19,95,36.0
30066357,3,laceration,4,85,113,81,18,97,35.9
30066358,1,back pain,10,82,97,102,22,94,35.4
30066359,2,anxiety,10,64,134,91,17,95,38.0
30066360,3,anxiety,3,90,115,59,19,99,37.9
30066361,4,fall,2,94,118,100,28,97,36.7
30066362,1,back pain,6,82,128,62,26,98,37.1
30066363,5,fever,3,80,113,91,17,96,37.3
30066364,4,abdominal pain,1,75,127,86,17,98,36.9
30066365,3,fall,0,81,100,81,15,96,38.0
30066366,2,headache,10,83,124,92,25,94,38.4
30066367,2,back pain,6,87,106,70,16,99,37.9
30066368,4,knee pain,6,80,129,81,19,100,37.1
30066369,5,abdominal pain,0,69,133,84,21,100,37.8
30066370,4,anxiety,0,98,124,101,14,93,36.1
30066371,3,abdominal pain,4,93,116,102,16,97,36.6
30066372,3,anxiety,1,77,128,57,24,95,36.1
30066373,4,laceration,3,66,114,99,11,100,37.1
30066374,3,anxiety,7,80,153,67,22,94,37.3
30066375,3,anxiety,2,72,96,89,16,93,36.3
30066376,3,back pain,4,95,105,80,22,100,35.9
30066377,3,laceration,1,84,128,90,17,94,36.5
30066378,4,laceration,7,55,120,70,15,92,35.4
30066379,1,fever,10,82,105,80,13,93,36.8
30066380,2,knee pain,10,92,128,82,22,96,37.2
30066381,3,chest pain,4,65,117,74,17,98,36.5
30066382,3,chest pain,6,74,121,92,12,100,35.9
30066383,4,knee pain,0,66,88,75,14,96,35.8
30066384,4,fever,7,66,91,107,7,100,35.9
30066385,1,knee pain,10,61,95,82,10,93,36.0
30066386,3,abdominal pain,0,79,136,57,17,99,38.3
30066387,3,laceration,5,111,144,63,11,97,36.6
30066388,3,back pain,3,94,155,98,19,100,36.3
30066389,3,abdominal pain,2,91,137,51,26,98,37.0
30066390,4,chest pain,0,81,129,96,23,96,36.7
30066391,3,laceration,4,95,130,92,19,100,37.3
30066392,3,chest pain,6,101,140,102,18,97,35.9
30066393,1,abdominal pain,6,75,145,70,22,99,36.9
30066394,2,back pain,6,87,105,79,15,90,37.5
30066395,3,back pain,2,71,129,72,18,94,37.5
30066396,5,anxiety,7,78,124,90,10,100,37.0
30066397,3,abdominal pain,7,90,97,70,22,96,37.2
30066398,3,knee pain,2,52,130,85,16,100,37.2
30066399,4,fever,6,88,131,102,19,93,38.1
30066400,4,laceration,1,89,135,108,18,98,38.4
30066401,4,laceration,5,74,115,93,23,96,36.2
30066402,3,anxiety,4,91,114,96,20,94,37.2
30066403,4,fall,6,106,120,77,16,100,35.9
30066404,3,abdominal pain,0,86,119,88,20,95,36.6
30066405,3,abdominal pain,5,92,146,77,15,99,37.9
30066406,4,fever,3,66,116,84,16,100,38.2
30066407,3,shortness of breath,6,81,102,80,13,99,35.8
30066408,2,chest pain,6,101,126,61,8,96,36.4
30066409,3,abdominal pain,7,88,98,92,17,97,35.9
30066410,4,abdominal pain,1,66,78,67,23,94,37.1
30066411,4,anxiety,7,77,106,56,21,100,35.9
30066412,3,back pain,5,93,148,107,17,100,37.6
30066413,4,fall,6,89,154,77,20,97,36.6
30066414,3,fall,7,74,134,70,11,99,37.0
30066415,3,abdominal pain,5,86,168,73,13,99,37.7
30066416,4,chest pain,4,88,104,99,18,96,38.0
30066417,4,fall,4,55,80,78,18,91,36.5
30066418,4,back pain,5,97,89,124,20,99,37.7
30066419,3,fever,1,98,169,74,23,91,37.6
30066420,3,fever,7,93,103,90,20,90,36.5
30066421,2,shortness of breath,7,71,145,103,18,98,37.2
30066422,3,headache,5,85,111,100,17,97,36.5
30066423,2,headache,10,91,97,86,20,100,36.8
30066424,3,abdominal pain,4,88,118,75,17,100,37.3
30066425,3,anxiety,5,87,106,109,16,99,36.9
30066426,1,fall,8,95,139,84,22,95,36.6
30066427,2,laceration,6,67,129,72,21,97,36.4
30066428,3,chest pain,7,97,117,100,19,99,36.4
30066429,3,fever,3,89,117,51,17,100,36.6
30066430,5,chest pain,0,93,141,88,22,96,36.7
30066431,3,chest pain,1,74,117,76,16,100,37.1
30066432,1,back pain,10,99,134,66,20,100,37.3
30066433,1,abdominal pain,10,90,156,83,18,93,37.8
30066434,2,chest pain,8,101,94,91,24,92,38.5
30066435,3,abdominal pain,0,81,145,92,16,100,36.4
30066436,1,abdominal pain,8,83,106,86,18,98,38.6
30066437,3,shortness of breath,2,89,135,80,14,100,38.2
30066438,2,fall,8,78,119,65,10,95,37.2
30066439,3,abdominal pain,2,83,131,65,17,91,37.9
30066440,3,knee pain,3,103,148,110,15,98,37.4
30066441,3,shortness of breath,4,103,118,93,19,98,37.6
30066442,2,fall,10,102,102,75,18,100,35.4
30066443,3,anxiety,7,86,149,65,14,98,37.9
30066444,4,back pain,3,65,116,81,27,97,37.9
30066445,3,shortness of breath,5,121,143,83,13,99,37.4
30066446,4,anxiety,3,94,120,99,15,98,36.0
30066447,3,knee pain,3,75,155,111,14,100,36.5
30066448,2,fall,6,108,129,97,20,96,37.6
30066449,3,shortness of breath,7,69,110,78,19,100,35.0
30066450,3,anxiety,0,89,136,101,20,99,37.8
30066451,4,back pain,3,69,135,103,17,90,37.1
30066452,3,anxiety,1,93,116,64,14,95,38.9
30066453,4,chest pain,2,87,124,90,21,96,36.6
30066454,3,fall,1,79,129,67,21,100,38.5
30066455,2,back pain,8,97,153,86,13,96,37.1
30066456,1,fever,6,57,131,85,19,96,37.6
30066457,3,headache,1,85,118,76,9,94,37.0
30066458,4,headache,1,68,129,105,21,95,37.7
30066459,2,knee pain,8,101,115,99,19,90,38.1
30066460,4,anxiety,0,80,87,98,15,100,36.2
30066461,4,abdominal pain,5,94,130,68,19,99,37.3
30066462,3,laceration,6,73,109,77,19,97,36.3
30066463,2,abdominal pain,9,97,156,94,23,95,37.7
30066464,3,anxiety,7,93,143,103,18,92,37.2
30066465,4,chest pain,4,88,128,54,21,92,37.6
30066466,3,shortness of breath,3,93,134,74,22,99,37.0
30066467,3,laceration,4,86,140,99,17,92,37.1
30066468,1,knee pain,8,90,112,60,15,100,36.9
30066469,3,anxiety,2,67,145,56,18,93,36.7
30066470,3,chest pain,0,100,162,76,19,99,37.0
30066471,3,knee pain,7,89,128,101,15,100,36.4
30066472,3,chest pain,6,52,130,66,21,100,37.8
30066473,3,fever,4,86,120,96,18,99,36.1
30066474,3,fall,3,66,109,67,27,96,38.0
30066475,4,laceration,4,98,115,103,20,94,36.4
30066476,4,knee pain,3,59,134,62,14,98,37.7
30066477,3,laceration,1,90,131,69,15,99,37.0
30066478,4,fever,4,63,93,94,15,100,37.0
30066479,1,shortness of breath,8,83,98,67,23,96,38.0
30066480,4,chest pain,3,54,133,86,19,97,37.0
30066481,3,anxiety,0,86,122,115,12,100,37.3
30066482,2,abdominal pain,9,104,116,109,18,100,37.9
30066483,3,fall,7,107,102,81,25,94,37.5
30066484,1,back pain,8,105,145,68,13,100,36.3
30066485,2,anxiety,9,101,149,70,16,99,37.3
30066486,3,fall,7,92,155,89,22,99,37.3
30066487,3,shortness of breath,6,77,153,112,21,100,36.8
30066488,3,laceration,2,94,107,98,19,98,37.1
30066489,4,abdominal pain,4,78,111,90,13,98,37.4
30066490,3,laceration,1,83,104,69,18,93,37.4
30066491,2,knee pain,6,91,147,89,16,94,37.9
30066492,3,chest pain,6,57,114,74,15,99,37.6
30066493,2,chest pain,7,68,118,97,18,92,36.4
30066494,4,headache,1,80,129,98,18,97,37.3
30066495,2,back pain,8,101,99,85,15,98,38.1
30066496,3,fever,1,82,142,90,21,100,37.2
30066497,3,knee pain,4,81,130,78,20,99,37.6
30066498,4,shortness of breath,7,102,119,100,14,95,37.7
30066499,2,headache,7,66,111,73,12,94,36.5
30066500,3,fever,2,73,92,100,16,95,35.8
30066501,3,fall,2,98,131,73,8,99,37.5
30066502,4,fall,2,64,139,72,14,98,37.8
30066503,3,shortness of breath,6,65,115,77,15,100,36.8
30066504,3,anxiety,2,69,104,88,18,100,37.0
30066505,2,back pain,9,55,100,88,16,99,38.0
30066506,4,chest pain,0,92,118,64,15,95,37.7
30066507,2,laceration,7,74,111,86,11,99,36.6
30066508,4,laceration,2,96,136,91,19,92,37.3
30066509,2,chest pain,6,81,114,92,12,98,37.0
30066510,3,laceration,6,108,96,102,10,91,38.6
30066511,2,laceration,6,83,108,72,16,91,36.7
30066512,3,fever,4,70,98,89,17,93,37.0
30066513,3,laceration,7,63,109,98,16,98,37.9
30066514,3,knee pain,7,68,108,85,16,98,36.9
30066515,3,back pain,5,73,129,83,15,99,37.9
30066516,3,fall,5,71,130,99,16,99,36.9
30066517,2,back pain,7,89,128,82,21,96,37.7
30066518,2,abdominal pain,7,113,136,78,20,97,36.5
30066519,2,knee pain,10,106,91,86,22,94,36.4
30066520,2,headache,6,69,118,84,12,97,35.5
30066521,3,abdominal pain,3,104,96,99,17,96,36.5
30066522,3,headache,7,68,118,64,16,96,37.1
30066523,3,headache,2,78,132,74,17,100,36.4
30066524,3,fall,3,84,102,81,13,99,38.2
30066525,4,chest pain,3,106,126,89,17,91,37.4
30066526,4,back pain,6,85,106,79,14,98,37.5
30066527,4,headache,0,105,127,92,23,95,36.3
30066528,3,anxiety,6,83,126,81,19,99,36.6
30066529,3,abdominal pain,6,73,141,86,18,100,36.0
30066530,3,headache,5,71,108,75,13,95,37.2
30066531,2,fever,6,81,123,62,22,95,37.6
30066532,3,shortness of breath,4,59,118,80,15,99,36.0
30066533,3,abdominal pain,4,80,153,116,19,99,37.5
30066534,3,headache,7,77,116,101,16,93,36.2
30066535,3,laceration,2,89,132,71,25,97,35.8
30066536,3,fall,4,94,143,81,16,100,36.7
30066537,2,knee pain,6,75,119,90,13,94,37.4
30066538,3,shortness of breath,4,64,160,47,14,91,36.2
30066539,3,back pain,0,72,111,58,17,100,37.7
30066540,3,chest pain,1,80,120,94,15,97,35.8
30066541,4,chest pain,4,97,119,75,12,96,36.7
30066542,3,chest pain,0,73,108,96,18,97,38.4
30066543,3,headache,1,111,81,76,20,97,37.9
30066544,2,laceration,6,102,135,83,16,98,37.6
30066545,2,fall,10,87,134,63,13,98,36.5
30066546,3,headache,0,36,133,80,20,95,38.0
30066547,3,laceration,6,76,120,78,18,94,37.1
30066548,4,fall,7,71,111,80,16,96,37.1
30066549,3,anxiety,6,107,160,85,17,100,37.6
30066550,2,laceration,7,98,130,92,21,100,36.6
30066551,3,shortness of breath,5,88,108,77,23,96,38.0
30066552,3,anxiety,5,81,104,88,16,95,37.4
30066553,3,laceration,7,78,99,102,15,99,37.1
30066554,3,abdominal pain,6,70,104,70,20,97,37.6
30066555,4,abdominal pain,2,75,104,82,19,100,37.6
30066556,4,laceration,0,76,134,79,19,97,35.6
30066557,2,fall,8,72,136,86,19,99,36.3
30066558,2,knee pain,6,104,140,69,18,97,36.7
30066559,2,shortness of breath,7,71,135,66,18,96,37.2
30066560,4,chest pain,7,112,119,93,16,95,37.7
30066561,3,back pain,6,55,83,79,23,97,38.0
30066562,1,back pain,6,89,123,74,15,98,37.6
30066563,3,chest pain,6,88,107,74,16,93,36.5
30066564,4,chest pain,5,83,133,73,14,94,36.9
30066565,4,headache,7,98,104,89,15,100,37.7
30066566,3,knee pain,1,74,151,94,16,95,36.0
30066567,3,laceration,4,74,140,95,18,99,36.9
30066568,2,chest pain,7,83,109,90,21,98,38.2
30066569,2,fever,10,39,117,85,22,98,38.3
30066570,4,back pain,6,78,153,64,14,98,37.5
30066571,3,fall,2,79,83,75,17,96,36.5
30066572,2,chest pain,9,93,145,64,9,93,36.7
30066573,3,shortness of breath,1,74,124,105,24,100,37.1
30066574,3,anxiety,7,76,107,67,22,100,36.9
30066575,2,back pain,6,92,146,77,20,100,36.6
30066576,1,shortness of breath,10,112,123,76,20,100,36.1
30066577,2,chest pain,9,74,117,66,19,96,37.5
30066578,2,knee pain,10,67,106,104,17,100,37.6
30066579,4,chest pain,4,99,129,48,21,100,37.6
30066580,3,back pain,0,63,96,68,20,97,36.7
30066581,3,knee pain,3,80,150,73,15,99,37.0
30066582,2,fall,7,90,147,95,25,95,37.9
30066583,5,shortness of breath,2,93,147,102,23,93,37.3
30066584,3,fall,6,108,128,83,18,98,38.0
30066585,3,shortness of breath,1,67,150,64,16,94,37.6
30066586,3,shortness of breath,0,96,128,111,11,96,36.8
30066587,2,fever,9,86,90,96,23,100,37.6
30066588,3,anxiety,4,83,121,74,13,95,37.5
30066589,2,knee pain,7,89,151,95,16,100,36.0
30066590,4,fever,4,49,131,68,14,99,36.8
30066591,3,shortness of breath,0,88,136,82,21,94,36.8
30066592,4,headache,4,102,139,96,12,93,37.4
30066593,2,knee pain,8,73,141,92,14,97,35.8
30066594,3,abdominal pain,3,85,114,75,22,96,36.5
30066595,3,abdominal pain,7,74,109,96,21,92,37.5
30066596,3,back pain,6,86,106,68,17,93,37.9
30066597,3,headache,0,81,121,87,25,94,35.4
30066598,3,shortness of breath,1,85,145,70,19,97,36.3
30066599,3,back pain,3,78,127,82,26,95,37.0
30066600,3,laceration,2,84,122,91,15,93,36.7
30066601,3,abdominal pain,5,89,143,61,23,93,36.5
30066602,2,anxiety,6,79,132,83,14,97,37.3
30066603,4,abdominal pain,0,84,128,78,16,96,36.3
30066604,4,back pain,2,86,158,51,19,93,37.0
30066605,1,fall,9,88,113,86,16,97,38.1
30066606,2,abdominal pain,10,79,156,77,15,100,37.4
30066607,3,abdominal pain,1,83,120,111,13,92,38.3
30066608,3,abdominal pain,3,79,131,71,20,97,37.6
30066609,3,fever,7,79,143,94,18,93,37.1
30066610,2,fall,7,79,140,103,21,99,37.7
30066611,5,chest pain,4,82,127,76,21,97,36.6
30066612,3,fall,1,82,117,72,27,97,37.1
30066613,5,fever,0,84,117,72,14,99,36.8
30066614,4,shortness of breath,2,73,127,68,15,97,37.2
30066615,3,fall,1,91,129,80,20,98,37.3
30066616,3,headache,2,108,113,80,19,97,37.0
30066617,3,laceration,3,88,95,78,18,100,37.0
30066618,4,headache,1,95,117,67,11,98,36.4
30066619,4,fall,1,96,158,65,18,95,37.0
30066620,3,headache,7,73,123,76,19,98,36.8
30066621,5,anxiety,0,98,130,101,16,100,36.7
30066622,3,fever,4,98,113,74,13,99,37.4
30066623,2,fall,6,104,129,52,19,97,36.5
30066624,3,headache,0,74,118,80,18,93,35.9
30066625,1,anxiety,7,107,109,72,23,94,35.9
30066626,4,shortness of breath,5,97,91,85,17,93,37.4
30066627,5,anxiety,5,65,79,77,15,98,37.3
30066628,3,chest pain,7,54,101,83,13,93,37.7
30066629,3,chest pain,7,103,129,86,22,98,37.1
30066630,3,knee pain,1,89,132,104,13,98,37.1
30066631,3,back pain,5,114,114,45,15,97,36.6
30066632,3,fall,7,79,121,83,17,99,37.9
30066633,3,abdominal pain,0,31,149,102,21,94,37.8
30066634,3,shortness of breath,4,73,114,66,25,95,36.2
30066635,3,anxiety,3,115,159,95,17,100,37.6
30066636,4,chest pain,3,96,158,55,16,98,37.2
30066637,4,fall,3,102,153,74,16,97,37.7
30066638,2,fall,9,106,118,73,17,96,37.7
30066639,3,anxiety,2,68,139,44,23,95,37.3
30066640,2,shortness of breath,10,73,95,80,18,98,36.5
30066641,3,chest pain,0,88,117,68,14,95,35.6
30066642,5,headache,5,100,94,98,12,95,37.1
30066643,1,shortness of breath,7,94,125,93,20,97,38.5
30066644,4,fever,0,81,141,91,13,97,38.0
30066645,2,anxiety,6,83,139,103,23,99,36.7
30066646,3,anxiety,0,54,126,68,23,95,36.9
30066647,3,chest pain,7,79,124,53,19,96,35.4
30066648,3,back pain,6,108,150,95,27,100,38.0
30066649,2,chest pain,9,82,154,65,19,93,37.6
30066650,4,chest pain,4,89,104,93,22,99,36.3
30066651,3,chest pain,6,88,131,123,13,98,36.3
30066652,3,shortness of breath,2,89,141,83,20,97,36.8
30066653,3,fall,1,81,87,104,15,93,35.8
30066654,3,fever,3,77,135,97,20,96,36.0
30066655,4,shortness of breath,0,96,143,73,19,97,37.7
30066656,1,headache,8,88,114,90,22,99,36.3
30066657,3,fall,6,72,122,88,12,100,36.6
30066658,3,laceration,4,77,112,85,18,98,37.3
30066659,3,abdominal pain,4,90,130,55,16,100,36.4
30066660,3,fever,1,68,133,81,22,95,37.7
30066661,4,knee pain,5,67,103,85,15,100,37.4
30066662,4,fall,4,120,118,69,21,100,36.6
30066663,3,laceration,0,90,120,58,19,96,38.0
30066664,2,anxiety,7,65,152,78,12,95,37.5
30066665,4,fall,0,75,108,101,13,100,35.3
30066666,3,shortness of breath,5,70,132,60,18,100,36.4
30066667,3,knee pain,1,110,111,82,16,100,38.4
30066668,3,chest pain,5,94,120,65,15,92,37.6
30066669,2,shortness of breath,10,91,120,80,18,96,36.3
30066670,4,knee pain,6,102,120,60,19,98,37.2
30066671,1,back pain,10,100,98,111,19,100,36.4
30066672,2,fall,8,76,98,86,18,99,37.9
30066673,4,headache,4,67,169,78,16,100,37.7
30066674,3,fall,5,86,160,58,15,91,36.5
30066675,4,abdominal pain,6,36,150,91,16,100,35.4
30066676,4,fever,2,76,121,89,20,95,37.7
30066677,3,headache,4,89,109,83,16,97,35.7
30066678,1,knee pain,6,90,140,87,18,99,37.1
30066679,3,headache,2,82,130,84,24,100,36.5
30066680,2,back pain,8,70,113,68,27,96,37.2
30066681,3,shortness of breath,4,99,144,90,8,100,37.4
30066682,2,anxiety,6,83,118,84,18,91,36.4
30066683,3,back pain,7,100,132,80,19,95,36.3
30066684,5,shortness of breath,4,79,95,84,24,99,37.4
30066685,2,chest pain,9,89,110,82,15,99,37.2
30066686,4,headache,0,90,110,105,17,98,37.8
30066687,3,shortness of breath,5,107,114,75,23,100,37.7
30066688,4,chest pain,4,85,110,81,16,89,36.7
30066689,4,headache,7,88,117,84,26,95,37.0
30066690,3,abdominal pain,0,115,128,77,21,100,37.3
30066691,3,fall,0,115,126,67,21,96,37.5
30066692,3,headache,5,89,102,68,20,98,37.2
30066693,3,fever,2,63,130,80,14,96,37.6
30066694,3,abdominal pain,7,90,98,88,17,97,37.9
30066695,2,knee pain,9,69,115,88,9,95,37.6
30066696,3,fall,7,81,151,76,13,92,37.7
30066697,2,headache,9,80,105,84,16,100,36.2
30066698,3,shortness of breath,7,92,111,57,12,95,37.7
30066699,1,headache,9,68,130,79,11,97,37.6
30066700,3,abdominal pain,4,76,107,83,19,95,37.1
30066701,3,fall,0,100,128,107,11,98,37.8
30066702,4,chest pain,6,75,107,85,15,98,36.7
30066703,3,chest pain,4,75,138,56,25,96,35.7
30066704,3,shortness of breath,0,81,103,75,21,95,35.6
30066705,4,headache,3,93,101,83,10,95,37.2
30066706,4,abdominal pain,4,86,125,91,17,96,36.9
30066707,3,anxiety,3,98,163,57,23,94,37.2
30066708,4,fever,0,122,101,86,25,96,36.7
30066709,2,headache,7,78,132,85,16,96,36.5
30066710,3,abdominal pain,0,74,161,80,22,99,37.0
30066711,2,shortness of breath,10,76,155,86,21,97,37.7
30066712,3,shortness of breath,6,73,148,88,18,97,38.0
30066713,3,fall,0,79,131,91,26,100,38.2
30066714,3,knee pain,4,115,135,89,18,100,35.9
30066715,3,knee pain,5,99,109,85,18,100,37.2
30066716,1,fever,7,75,140,68,13,100,36.7
30066717,4,fall,7,70,151,96,12,95,38.2
30066718,3,headache,4,104,116,86,22,100,37.5
30066719,3,headache,5,67,129,56,17,99,38.5
30066720,3,abdominal pain,4,78,132,82,22,94,36.5
30066721,3,fall,2,111,119,71,12,97,37.1
30066722,2,knee pain,7,77,145,64,17,100,37.5
30066723,3,chest pain,0,76,121,73,20,95,37.0
30066724,5,anxiety,7,85,130,71,15,95,37.3
30066725,3,laceration,1,101,136,60,22,100,37.8
30066726,2,anxiety,10,84,79,100,10,99,36.2
30066727,3,back pain,5,129,125,82,22,100,36.6
30066728,3,fever,5,110,136,85,15,97,36.4
30066729,2,headache,7,73,131,100,11,96,38.0
30066730,4,shortness of breath,7,76,137,94,11,98,38.9
30066731,3,abdominal pain,3,72,119,78,17,100,36.8
30066732,3,knee pain,5,92,116,66,20,96,38.1
30066733,3,knee pain,3,71,112,85,11,99,37.7
30066734,1,fever,6,75,119,107,26,100,36.3
30066735,3,chest pain,2,84,124,72,13,94,36.8
30066736,3,fever,2,83,129,67,18,89,35.8
30066737,4,back pain,2,94,130,96,18,97,36.5
30066738,1,anxiety,10,88,106,47,19,93,38.0
30066739,4,laceration,5,78,87,90,13,97,35.9
30066740,3,back pain,5,87,89,72,17,94,36.7
30066741,4,abdominal pain,4,68,75,83,22,99,37.1
30066742,4,headache,5,72,148,90,19,97,38.2
30066743,4,laceration,0,80,148,55,21,96,37.5
30066744,4,headache,1,96,102,73,12,89,35.9
30066745,3,shortness of breath,7,76,146,107,14,98,36.4
30066746,2,back pain,7,93,104,92,18,96,36.1
30066747,3,fever,1,86,94,57,16,96,37.9
30066748,5,laceration,7,78,137,84,21,97,38.0
30066749,3,anxiety,6,70,135,99,15,99,37.5
30066750,3,knee pain,7,78,140,83,17,94,38.9
30066751,3,shortness of breath,1,71,126,82,20,91,37.3
30066752,4,fever,1,83,165,79,20,97,38.2
30066753,2,fever,9,81,114,86,24,97,38.0
30066754,2,anxiety,10,96,127,72,14,98,37.0
30066755,3,headache,2,66,137,121,21,96,38.8
30066756,3,laceration,3,97,152,99,22,96,35.8
30066757,3,knee pain,0,83,130,103,13,94,37.1
30066758,4,back pain,4,80,141,84,21,94,35.6
30066759,3,fall,7,105,137,109,13,96,37.5
30066760,3,laceration,4,77,109,93,17,99,37.8
30066761,3,fall,2,80,153,70,24,100,38.5
30066762,3,laceration,0,88,149,92,21,95,35.2
30066763,2,shortness of breath,9,65,136,90,16,91,36.4
30066764,3,fever,2,76,85,65,14,94,37.2
30066765,3,shortness of breath,4,85,114,80,14,95,37.7
30066766,1,shortness of breath,10,78,128,70,19,96,37.7
30066767,3,fall,7,105,91,81,26,97,37.6
30066768,3,knee pain,0,112,72,102,13,96,37.7
30066769,4,back pain,0,69,89,58,12,93,36.2
30066770,3,fever,4,96,140,77,9,93,38.0
30066771,4,anxiety,1,98,110,88,16,96,36.9
30066772,1,anxiety,9,72,106,69,19,100,35.1
30066773,3,abdominal pain,2,127,130,66,21,96,37.1
30066774,3,headache,4,96,126,83,6,97,36.6
30066775,3,back pain,3,78,139,82,14,93,37.6
30066776,3,fall,4,89,143,79,25,99,37.0
30066777,2,shortness of breath,9,77,127,97,21,94,36.5
30066778,2,anxiety,8,61,120,76,14,92,36.5
30066779,3,laceration,2,79,148,97,23,94,37.7
30066780,3,knee pain,2,106,115,78,20,99,36.0
30066781,3,fever,5,89,143,104,16,96,36.9
30066782,2,headache,9,97,122,109,10,97,36.7
30066783,3,abdominal pain,6,75,139,74,19,95,37.9
30066784,2,back pain,10,73,130,113,22,96,37.0
30066785,2,laceration,6,59,132,52,16,91,36.5
30066786,3,shortness of breath,1,104,145,90,15,98,37.7
30066787,3,laceration,0,101,105,85,19,100,36.2
30066788,3,shortness of breath,0,84,144,77,24,97,38.1
30066789,3,fall,6,105,133,80,23,97,37.3
30066790,3,shortness of breath,4,96,109,84,12,94,37.2
30066791,3,knee pain,4,114,148,108,18,100,36.0
30066792,1,fever,7,57,122,88,22,100,36.8
30066793,4,chest pain,6,77,122,82,15,100,38.2
30066794,3,laceration,2,95,122,57,16,99,36.6
30066795,3,chest pain,4,78,158,81,12,96,37.7
30066796,1,abdominal pain,10,93,138,56,25,99,35.3
30066797,3,back pain,3,83,131,115,22,96,37.0
30066798,4,fall,3,75,133,92,20,94,37.7
30066799,4,back pain,4,93,98,85,20,96,37.3
30066800,1,laceration,6,91,91,102,18,100,36.0
30066801,3,anxiety,0,80,139,85,15,98,36.8
30066802,3,chest pain,2,100,135,62,30,97,37.1
30066803,2,knee pain,9,79,114,71,19,96,35.6
30066804,2,fever,9,92,151,81,16,93,36.6
30066805,3,abdominal pain,7,77,94,66,22,100,37.9
30066806,3,back pain,0,98,110,102,22,92,37.3
30066807,3,back pain,4,69,123,102,20,95,36.8
30066808,4,anxiety,0,99,132,68,23,100,38.7
30066809,3,shortness of breath,3,88,137,75,17,100,36.9
30066810,3,knee pain,5,56,136,57,16,96,37.6
30066811,2,abdominal pain,7,77,117,79,19,95,36.7
30066812,4,knee pain,1,89,119,78,19,98,37.2
30066813,2,abdominal pain,9,88,108,70,16,95,37.6
30066814,2,back pain,7,69,109,70,23,97,36.6
30066815,2,chest pain,7,102,131,78,17,100,38.6
30066816,2,chest pain,10,101,110,74,16,100,36.3
30066817,3,back pain,1,88,98,78,21,97,37.0
30066818,2,fever,9,92,118,68,21,95,35.8
30066819,3,anxiety,7,115,110,76,17,95,37.5
30066820,4,fever,0,66,146,107,14,96,38.4
30066821,4,shortness of breath,1,84,137,74,16,100,35.7
30066822,2,shortness of breath,8,88,96,86,20,98,35.8
30066823,3,back pain,3,115,110,66,17,97,36.1
30066824,2,shortness of breath,9,50,121,93,16,93,37.0
30066825,3,back pain,4,100,127,98,17,97,37.7
30066826,3,shortness of breath,3,65,125,101,17,95,37.3
30066827,3,shortness of breath,6,105,138,93,20,100,38.0
30066828,4,fall,5,94,153,77,18,100,35.2
30066829,2,back pain,9,95,92,79,16,98,36.3
30066830,3,knee pain,4,84,109,83,21,94,37.7
30066831,3,fall,2,78,134,98,17,98,38.5
30066832,3,abdominal pain,2,99,84,77,17,95,36.1
30066833,2,knee pain,7,77,123,60,24,99,36.2
30066834,4,laceration,4,85,96,84,19,100,37.3
30066835,3,knee pain,0,86,104,68,17,92,35.4
30066836,4,knee pain,1,80,149,98,22,99,37.6
30066837,3,fall,3,113,141,89,24,100,36.9
30066838,3,laceration,1,108,112,75,16,99,38.0
30066839,2,chest pain,7,85,140,78,21,92,36.4
30066840,2,abdominal pain,9,54,142,77,14,97,36.4
30066841,2,chest pain,6,85,153,90,17,100,36.7
30066842,2,anxiety,10,80,103,89,17,93,37.1
30066843,3,shortness of breath,1,113,159,56,14,98,35.8
30066844,3,headache,5,85,106,75,22,99,36.9
30066845,3,shortness of breath,6,70,139,81,22,92,36.7
30066846,3,chest pain,6,86,115,78,12,100,38.6
30066847,2,chest pain,8,79,143,49,24,92,35.9
30066848,3,back pain,4,103,134,64,17,97,36.5
30066849,3,chest pain,1,82,113,77,12,98,37.8
30066850,3,knee pain,3,66,106,98,16,96,37.1
30066851,2,fever,6,68,149,49,19,93,36.9
30066852,2,abdominal pain,10,100,88,123,21,96,35.9
30066853,5,knee pain,0,107,101,83,24,100,35.7
30066854,3,abdominal pain,2,81,126,92,13,95,37.1
30066855,2,knee pain,9,74,160,91,17,91,38.7
30066856,1,chest pain,9,49,110,77,9,100,36.9
30066857,3,laceration,3,98,138,73,20,97,35.9
30066858,4,anxiety,4,84,147,70,18,97,37.1
30066859,1,back pain,6,83,146,62,16,95,36.2
30066860,3,shortness of breath,4,88,116,57,20,100,37.0
30066861,5,headache,0,116,158,78,17,99,36.5
30066862,5,anxiety,7,80,125,65,16,95,37.2
30066863,4,back pain,6,61,162,50,8,96,37.3
30066864,3,shortness of breath,0,88,129,86,15,100,37.9
30066865,2,back pain,6,82,131,103,22,94,38.1
30066866,4,knee pain,6,71,126,94,11,91,37.2
30066867,4,back pain,2,87,132,92,9,100,37.5
30066868,2,headache,10,101,145,61,11,99,36.4
30066869,3,abdominal pain,0,103,109,74,20,96,36.6
30066870,5,chest pain,2,96,138,95,14,98,37.4
30066871,3,fall,2,81,135,75,14,96,36.8
30066872,3,chest pain,0,81,108,70,22,99,36.1
30066873,3,abdominal pain,1,80,109,74,21,97,36.9
30066874,3,shortness of breath,0,100,117,74,18,98,37.8
30066875,4,shortness of breath,1,85,148,58,22,97,37.9
30066876,3,chest pain,2,108,157,74,21,94,37.6
30066877,3,headache,5,86,100,49,14,92,36.9
30066878,2,shortness of breath,6,85,132,67,25,95,36.7
30066879,4,laceration,5,61,97,60,17,95,38.3
30066880,3,chest pain,3,47,99,83,26,96,36.5
30066881,4,anxiety,5,90,125,89,27,97,37.2
30066882,4,shortness of breath,5,88,128,71,12,94,37.6
30066883,3,fall,2,91,144,56,21,93,37.7
30066884,4,anxiety,3,88,120,71,14,95,38.2
30066885,4,knee pain,3,101,124,57,18,97,37.1
30066886,2,chest pain,9,86,100,81,20,94,38.7
30066887,3,fall,2,67,125,108,17,94,36.4
30066888,3,chest pain,4,110,152,74,19,99,38.2
30066889,4,laceration,2,72,116,107,17,96,37.6
30066890,3,abdominal pain,0,69,116,72,28,97,38.6
30066891,5,back pain,5,77,146,55,15,94,37.7
30066892,1,laceration,7,72,142,82,20,97,37.8
30066893,3,fever,7,75,107,90,24,95,37.5
30066894,3,chest pain,6,100,128,81,15,91,36.4
30066895,2,fall,10,108,106,91,20,100,35.4
30066896,3,abdominal pain,2,90,167,106,14,97,36.3
30066897,2,chest pain,6,98,158,74,22,94,37.1
30066898,2,laceration,6,81,135,62,9,97,36.7
30066899,4,abdominal pain,7,64,126,59,19,97,38.4
30066900,1,shortness of breath,10,83,116,75,21,94,36.6
30066901,3,abdominal pain,5,98,142,64,22,95,37.5
30066902,4,chest pain,0,103,133,61,16,100,36.8
30066903,3,fall,4,93,102,94,20,97,36.9
30066904,3,knee pain,2,74,160,96,19,94,35.8
30066905,4,anxiety,2,98,126,59,17,97,35.9
30066906,3,back pain,7,67,111,46,18,100,37.0
30066907,3,headache,7,64,127,100,17,95,37.7
30066908,4,abdominal pain,0,116,151,94,25,100,36.8
30066909,1,laceration,10,63,122,71,26,98,37.2
30066910,4,shortness of breath,0,84,86,84,10,100,35.8
30066911,5,fall,7,70,131,66,16,93,37.3
30066912,4,back pain,5,78,117,120,14,95,36.4
30066913,3,fall,0,56,134,75,16,97,36.8
30066914,3,anxiety,3,88,114,98,18,97,37.3
30066915,3,shortness of breath,2,109,116,63,18,93,37.3
30066916,3,knee pain,4,75,155,90,20,93,37.1
30066917,3,chest pain,5,73,151,67,19,100,37.6
30066918,3,shortness of breath,7,96,107,74,12,93,37.2
30066919,4,knee pain,2,84,113,93,23,98,36.3
30066920,3,anxiety,6,101,165,82,25,92,36.6
30066921,3,shortness of breath,6,88,100,75,25,99,37.3
30066922,2,shortness of breath,6,82,123,75,17,99,37.5
30066923,3,fall,7,105,119,88,11,100,36.9
30066924,4,anxiety,3,75,104,75,24,94,36.4
30066925,4,fever,3,91,101,69,20,97,35.9
30066926,2,back pain,9,57,124,71,27,96,36.6
30066927,2,fall,7,63,134,68,10,99,36.6
30066928,3,shortness of breath,5,81,109,82,20,99,36.3
30066929,3,knee pain,1,72,116,97,14,98,36.5
30066930,2,anxiety,6,89,194,77,11,96,36.8
30066931,4,back pain,3,101,107,53,16,100,38.2
30066932,3,chest pain,7,81,138,114,19,98,37.4
30066933,3,back pain,2,72,101,84,24,97,35.8
30066934,4,laceration,6,90,97,95,19,96,37.1
30066935,3,fall,6,87,169,84,19,98,36.3
30066936,4,chest pain,5,106,110,84,18,91,36.3
30066937,3,abdominal pain,7,116,82,68,17,95,36.3
30066938,4,fall,0,64,134,78,20,99,37.8
30066939,3,headache,5,69,122,75,19,98,36.9
30066940,5,laceration,3,51,126,57,17,96,36.3
30066941,3,anxiety,1,78,93,102,18,99,36.6
30066942,4,shortness of breath,2,83,121,90,18,85,36.3
30066943,3,headache,5,106,136,70,14,100,37.8
30066944,3,laceration,3,78,124,90,21,97,36.3
30066945,3,fever,5,76,132,91,24,100,35.9
30066946,3,knee pain,1,82,148,80,22,96,36.1
30066947,3,knee pain,0,91,113,80,19,95,36.9
30066948,3,fall,6,74,102,51,18,97,35.8
30066949,2,back pain,7,84,114,84,13,96,37.8
30066950,5,fall,7,110,123,88,14,100,36.3
30066951,3,back pain,1,80,125,58,14,99,35.7
30066952,2,abdominal pain,6,115,116,61,19,97,36.0
30066953,3,laceration,3,97,135,92,19,97,36.9
30066954,3,laceration,5,71,111,97,24,93,36.8
30066955,2,laceration,6,80,127,69,16,97,36.0
30066956,3,abdominal pain,7,69,135,96,21,93,37.1
30066957,3,back pain,0,117,111,93,15,100,37.0
30066958,3,shortness of breath,2,71,122,90,19,93,38.8
30066959,2,knee pain,9,89,163,82,18,100,38.1
30066960,4,laceration,5,74,143,97,15,92,37.3
30066961,3,chest pain,5,102,91,78,10,100,37.2
30066962,4,laceration,1,68,139,89,26,99,37.9
30066963,2,anxiety,6,70,99,94,19,100,38.2
30066964,4,abdominal pain,0,63,118,80,14,95,35.3
30066965,4,anxiety,2,96,138,92,14,93,35.5
30066966,3,shortness of breath,6,74,128,70,15,100,36.6
30066967,4,fall,6,70,81,63,23,93,36.8
30066968,4,headache,1,54,82,99,19,100,36.9
30066969,4,fever,7,81,105,98,20,99,37.1
30066970,3,fall,5,65,134,65,19,95,35.5
30066971,3,chest pain,4,84,133,83,21,100,38.1
30066972,3,chest pain,0,110,166,70,20,94,36.9
30066973,5,abdominal pain,3,89,139,105,23,95,37.7
30066974,4,knee pain,0,76,110,69,19,97,38.1
30066975,3,shortness of breath,6,87,115,72,19,99,35.1
30066976,3,anxiety,3,109,125,74,16,99,37.4
30066977,4,abdominal pain,7,64,110,105,10,100,36.9
30066978,2,knee pain,6,66,135,107,14,96,37.2
30066979,4,anxiety,7,88,116,68,20,100,35.1
30066980,4,knee pain,6,103,161,64,13,94,36.9
30066981,3,fall,4,76,87,76,10,95,36.9
30066982,3,knee pain,4,87,134,49,16,100,37.1
30066983,4,shortness of breath,6,104,146,73,20,95,36.7
30066984,2,back pain,6,83,137,92,20,94,37.9
30066985,3,abdominal pain,7,74,101,64,17,98,37.8
30066986,3,chest pain,2,94,131,86,27,94,37.2
30066987,4,abdominal pain,1,100,126,71,27,100,38.3
30066988,2,chest pain,10,69,108,80,21,98,37.2
30066989,2,laceration,8,77,126,112,9,99,36.8
30066990,3,shortness of breath,7,73,78,69,12,94,35.8
30066991,1,knee pain,6,85,121,88,15,96,37.9
30066992,3,fall,3,78,118,107,20,97,36.6
30066993,4,fever,4,64,163,84,17,99,36.4
30066994,3,anxiety,7,82,134,88,23,98,38.4
30066995,2,headache,8,97,147,94,12,98,36.7
30066996,1,back pain,8,65,130,75,21,93,37.6
30066997,3,knee pain,2,76,108,71,25,97,37.2
30066998,5,abdominal pain,0,105,140,96,20,95,37.6
30066999,3,fall,4,81,134,76,17,93,37.2
30067000,3,shortness of breath,6,92,99,56,22,98,36.4
30067001,3,abdominal pain,7,76,145,91,19,96,36.5
30067002,3,fever,2,94,121,80,24,96,36.4
30067003,3,fever,5,97,118,64,20,95,36.2
30067004,4,headache,4,65,157,83,22,100,37.7
30067005,3,fever,0,66,100,78,16,99,37.9
30067006,3,fever,0,98,154,81,14,98,38.0
30067007,2,abdominal pain,6,77,95,88,20,94,35.6
30067008,4,headache,6,94,130,83,22,100,37.2
30067009,2,back pain,8,66,129,91,12,98,36.3
30067010,4,back pain,5,91,94,76,15,97,35.8
30067011,3,fever,7,90,121,121,21,95,38.8
30067012,4,laceration,2,88,80,81,26,100,37.6
30067013,3,anxiety,7,103,105,84,12,93,36.9
30067014,2,back pain,6,104,157,89,19,97,36.4
30067015,4,laceration,4,102,106,80,17,100,36.9
30067016,3,laceration,5,110,105,81,21,100,37.7
30067017,2,anxiety,8,68,117,64,16,94,37.4
30067018,4,chest pain,2,102,123,95,9,99,37.5
30067019,1,knee pain,7,96,102,72,25,95,38.1
30067020,3,anxiety,2,79,86,60,19,100,36.5
30067021,3,back pain,1,64,101,76,18,96,36.2
30067022,2,knee pain,6,94,149,92,17,98,36.4
30067023,3,knee pain,3,116,144,81,17,95,35.9
30067024,3,chest pain,4,85,137,83,19,100,37.4
30067025,3,back pain,6,90,135,71,17,97,36.8
30067026,2,back pain,8,70,148,73,19,96,35.8
30067027,3,chest pain,4,92,103,99,12,90,37.0
30067028,3,headache,5,75,173,64,17,97,35.8
30067029,4,abdominal pain,5,55,126,84,19,94,36.7
30067030,2,fall,7,113,149,74,18,93,37.1
30067031,2,fall,9,85,132,101,15,95,36.2
30067032,2,chest pain,10,83,82,77,22,97,36.7
30067033,4,abdominal pain,3,55,124,80,17,96,37.6
30067034,3,fall,2,97,122,89,19,92,36.3
30067035,1,abdominal pain,10,60,102,83,23,100,36.1
30067036,4,chest pain,7,93,91,54,22,100,37.6
30067037,2,shortness of breath,9,76,131,67,23,100,37.8
30067038,4,anxiety,6,61,135,83,26,100,37.1
30067039,3,chest pain,7,93,105,93,21,100,37.7
30067040,3,shortness of breath,1,88,116,86,17,97,36.1
30067041,3,abdominal pain,3,85,133,92,13,96,37.1
30067042,3,fall,3,100,107,82,16,99,35.8
30067043,3,laceration,1,94,116,79,20,96,37.7
30067044,4,laceration,0,108,76,74,19,100,35.9
30067045,2,shortness of breath,6,73,110,111,18,92,37.5
30067046,3,abdominal pain,0,119,110,85,16,100,38.3
30067047,3,chest pain,3,108,137,71,15,94,36.5
30067048,2,shortness of breath,7,90,79,89,19,96,37.1
30067049,3,chest pain,6,70,136,100,17,96,38.0
30067050,3,headache,2,89,104,89,21,93,37.7
30067051,3,back pain,3,61,129,87,17,99,37.1
30067052,4,laceration,0,101,99,74,16,100,35.4
30067053,4,chest pain,6,103,114,87,22,96,35.2
30067054,2,back pain,6,70,117,104,16,99,36.5
30067055,3,fever,4,79,134,87,25,95,37.6
30067056,2,back pain,8,86,133,34,16,99,37.2
30067057,1,fever,7,81,137,81,11,93,35.6
30067058,3,back pain,2,83,115,53,20,100,36.9
30067059,3,abdominal pain,5,90,135,87,12,96,37.4
30067060,4,laceration,2,77,102,72,18,95,36.6
30067061,2,knee pain,8,97,105,101,16,100,37.4
30067062,5,laceration,0,104,88,72,16,93,35.7
30067063,2,fall,8,92,123,85,21,99,37.0
30067064,3,headache,3,84,145,88,13,97,36.7
30067065,4,abdominal pain,7,80,147,77,22,99,36.7
30067066,3,chest pain,6,107,129,41,23,99,37.1
30067067,3,abdominal pain,0,87,119,74,12,97,36.6
30067068,2,laceration,8,90,138,69,16,98,39.0
30067069,3,fall,7,75,135,98,11,98,36.6
30067070,3,back pain,4,113,146,99,18,96,38.4
30067071,3,knee pain,5,94,115,78,15,98,36.3
30067072,1,laceration,6,102,138,85,21,97,38.2
30067073,4,headache,5,76,168,80,10,91,37.4
30067074,3,abdominal pain,4,97,99,97,23,100,36.9
30067075,3,knee pain,3,94,135,69,18,99,36.4
30067076,3,anxiety,2,91,149,90,18,98,37.0
30067077,1,shortness of breath,7,98,143,71,14,96,36.2
30067078,2,shortness of breath,10,61,124,86,16,98,37.2
30067079,3,knee pain,0,70,151,87,15,94,35.5
30067080,2,anxiety,10,104,128,89,15,92,36.2
30067081,3,chest pain,7,89,103,73,19,91,37.8
30067082,3,anxiety,1,99,118,76,8,96,35.2
30067083,3,chest pain,7,81,127,84,15,98,35.3
30067084,4,fall,2,77,167,67,17,93,37.0
30067085,3,back pain,0,102,122,71,23,97,36.8
30067086,4,anxiety,0,62,147,65,23,93,36.2
30067087,3,anxiety,7,80,118,88,25,100,38.2
30067088,1,fever,9,82,140,70,14,97,37.2
30067089,3,fall,2,54,142,78,7,96,35.0
30067090,4,chest pain,0,97,156,78,19,96,37.3
30067091,3,back pain,0,115,117,99,20,100,37.0
30067092,2,fever,8,60,127,78,14,98,36.8
30067093,2,abdominal pain,9,66,125,97,18,97,36.7
30067094,4,abdominal pain,2,87,170,67,26,94,38.3
30067095,4,anxiety,6,64,124,76,18,99,36.8
30067096,2,fall,8,77,130,81,16,100,36.9
30067097,4,abdominal pain,1,97,130,79,23,92,36.5
30067098,3,back pain,1,52,117,48,16,95,38.1
30067099,5,laceration,4,69,132,81,14,99,37.4
30067100,3,anxiety,5,91,156,46,19,97,36.6
30067101,4,chest pain,7,67,132,85,21,98,36.0
30067102,4,fever,1,76,114,58,19,97,36.7
30067103,3,anxiety,7,88,109,78,19,94,35.6
30067104,4,abdominal pain,1,100,96,68,11,100,36.9
30067105,5,back pain,0,111,106,69,16,95,37.2
30067106,4,headache,5,94,119,59,16,97,37.4
30067107,2,laceration,8,85,124,75,14,94,37.3
30067108,3,headache,7,98,130,67,16,99,35.3
30067109,3,chest pain,3,91,114,100,19,100,36.9
30067110,3,knee pain,0,85,115,73,16,100,36.6
30067111,4,headache,2,80,141,97,12,93,36.6
30067112,5,fever,4,123,107,82,26,97,36.6
30067113,2,back pain,9,67,164,67,15,94,36.9
30067114,3,abdominal pain,1,72,158,90,16,94,36.9
30067115,2,knee pain,9,103,146,59,23,100,36.9
30067116,4,anxiety,2,60,117,54,18,100,37.6
30067117,2,headache,7,91,129,57,19,95,36.7
30067118,3,knee pain,0,105,131,83,16,91,37.3
30067119,3,headache,1,74,148,87,25,97,37.2
30067120,5,chest pain,7,88,86,102,21,96,36.4
30067121,5,laceration,5,102,114,58,23,100,36.9
30067122,3,knee pain,4,80,110,88,17,98,36.3
30067123,4,fever,1,109,116,57,21,96,37.4
30067124,3,knee pain,0,56,140,76,8,100,36.4
30067125,3,headache,6,71,97,90,18,95,36.6
30067126,3,fall,4,87,109,75,19,99,36.5
30067127,3,knee pain,3,99,118,92,17,93,36.4
30067128,4,chest pain,6,97,94,69,15,94,37.2
30067129,3,laceration,3,53,109,85,20,95,37.8
30067130,3,fall,6,87,124,91,22,91,37.4
30067131,3,shortness of breath,7,101,128,82,23,96,35.8
30067132,3,headache,0,85,125,84,18,100,36.5
30067133,4,chest pain,3,93,138,65,14,98,36.4
30067134,3,knee pain,3,92,153,44,13,99,37.0
30067135,3,anxiety,1,87,156,63,21,97,38.2
30067136,3,laceration,4,67,120,69,21,95,36.4
30067137,3,knee pain,1,71,108,86,20,97,35.7
30067138,3,laceration,2,77,142,86,17,98,36.1
30067139,2,headache,9,50,116,90,17,96,36.5
30067140,4,fall,3,70,125,90,6,100,36.9
30067141,3,abdominal pain,2,94,96,75,23,98,38.3
30067142,1,back pain,7,88,150,98,17,98,38.0
30067143,2,anxiety,6,62,102,87,15,95,37.2
30067144,3,headache,0,81,116,60,16,96,37.4
30067145,2,fall,10,85,112,71,14,97,37.3
30067146,2,headache,10,86,103,69,21,95,36.7
30067147,3,laceration,5,85,145,119,23,96,35.4
30067148,2,fever,8,73,127,126,14,99,37.7
30067149,2,anxiety,9,79,164,93,18,99,37.0
30067150,4,fever,2,79,136,73,12,97,38.8
30067151,3,shortness of breath,6,60,99,71,20,99,36.6
30067152,4,laceration,2,68,105,72,18,99,36.4
30067153,4,shortness of breath,7,85,158,93,14,98,36.5
30067154,3,fall,6,91,129,98,16,95,37.0
30067155,4,anxiety,3,70,97,79,18,98,37.0
30067156,2,chest pain,6,99,110,77,17,100,36.6
30067157,2,anxiety,8,57,92,109,17,99,37.4
30067158,3,back pain,4,89,122,62,20,93,37.4
30067159,3,chest pain,7,76,99,72,22,95,36.5
30067160,3,headache,7,90,122,92,17,98,36.1
30067161,3,shortness of breath,1,91,138,75,22,95,37.8
30067162,3,fever,6,76,135,78,15,96,35.3
30067163,4,fever,2,109,154,87,18,98,37.1
30067164,3,laceration,5,50,114,75,25,96,36.8
30067165,1,laceration,10,113,145,89,25,100,36.9
30067166,3,knee pain,5,74,82,130,20,97,37.0
30067167,1,shortness of breath,10,92,134,112,10,96,37.4
30067168,3,fever,2,86,136,83,18,98,37.6
30067169,3,fall,0,72,106,64,8,96,38.2
30067170,3,shortness of breath,7,109,152,79,13,99,37.2
30067171,3,anxiety,1,88,123,87,10,97,37.8
30067172,5,fall,2,83,167,62,14,98,37.1
30067173,5,laceration,1,113,122,76,16,98,37.9
30067174,3,chest pain,1,105,126,83,19,100,36.1
30067175,3,back pain,2,79,123,76,13,100,37.0
30067176,4,fever,0,95,100,64,12,95,36.7
30067177,3,knee pain,3,66,121,77,21,100,36.6
30067178,2,abdominal pain,6,71,115,71,11,99,37.2
30067179,3,anxiety,3,102,120,93,19,93,36.4
30067180,3,back pain,1,93,135,65,23,94,37.7
30067181,3,abdominal pain,1,80,112,58,15,94,37.2
30067182,3,fever,0,76,125,70,15,95,37.5
30067183,3,knee pain,2,72,123,64,18,100,35.1
30067184,4,abdominal pain,2,91,122,75,21,96,37.8
30067185,2,back pain,6,79,119,55,20,97,36.5
30067186,3,fever,0,87,162,80,16,92,37.2
30067187,2,abdominal pain,10,108,144,71,23,99,37.2
30067188,3,abdominal pain,1,87,136,79,19,95,37.8
30067189,3,back pain,5,100,132,75,14,96,36.5
30067190,3,abdominal pain,7,98,150,69,23,99,36.7
30067191,4,laceration,0,63,102,90,20,96,37.3
30067192,3,headache,1,82,131,100,20,99,35.7
30067193,4,anxiety,5,74,109,98,15,96,37.0
30067194,4,back pain,6,85,106,81,19,95,37.2
30067195,3,shortness of breath,1,59,114,46,14,98,36.1
30067196,3,laceration,6,93,129,81,20,100,37.8
30067197,3,laceration,6,89,125,64,7,95,35.8
30067198,3,back pain,3,65,122,90,16,98,36.7
30067199,3,fever,6,59,128,100,22,95,36.9
30067200,4,headache,4,90,110,76,22,100,36.0
30067201,5,laceration,1,73,158,95,26,100,36.9
30067202,3,abdominal pain,7,91,121,55,19,95,37.3
30067203,3,back pain,3,104,124,94,15,99,37.2
30067204,3,chest pain,1,61,112,94,14,96,37.8
30067205,2,chest pain,8,67,139,67,16,100,36.5
30067206,3,laceration,4,88,112,80,18,100,36.9
30067207,3,chest pain,0,90,93,92,19,93,37.1
30067208,3,shortness of breath,2,130,133,71,22,100,36.8
30067209,3,anxiety,7,119,110,104,14,98,37.2
30067210,3,chest pain,6,97,118,84,24,100,36.5
30067211,4,laceration,3,95,112,70,18,98,35.9
30067212,3,fall,4,62,124,90,15,94,37.5
30067213,3,abdominal pain,6,83,112,69,12,93,36.4
30067214,2,fall,10,59,101,68,19,100,36.5
30067215,2,knee pain,7,69,135,95,13,100,36.8
30067216,4,headache,3,74,74,96,19,93,35.9
30067217,3,fever,0,68,122,82,20,93,36.3
30067218,3,laceration,5,83,124,94,13,100,36.7
30067219,3,laceration,2,69,123,55,16,100,37.3
30067220,3,headache,3,80,120,89,18,97,36.4
30067221,2,abdominal pain,7,90,148,68,26,100,37.7
30067222,4,headache,1,62,152,69,14,100,37.8
30067223,2,fever,6,92,150,61,19,97,36.7
30067224,1,fall,8,79,134,90,19,94,35.3
30067225,3,fever,1,69,125,114,14,100,37.6
30067226,3,fever,3,111,122,76,22,94,37.6
30067227,5,chest pain,5,61,155,64,23,95,36.6
30067228,4,anxiety,4,108,149,82,14,100,37.3
30067229,2,headache,6,67,111,93,21,97,36.6
30067230,5,headache,2,82,102,86,18,93,36.4
30067231,2,fever,8,75,149,70,14,99,36.2
30067232,1,headache,8,81,146,83,9,96,35.8
30067233,5,fever,1,70,123,91,25,99,38.2
30067234,3,laceration,7,80,129,76,23,96,36.9
30067235,3,abdominal pain,2,80,98,68,24,98,37.9
30067236,4,knee pain,0,78,130,88,21,95,34.8
30067237,3,fall,7,80,152,77,19,93,36.0
30067238,3,fever,7,90,105,93,16,98,35.2
30067239,3,fever,7,112,129,84,16,94,36.2
30067240,4,fever,6,86,122,84,9,94,36.6
30067241,3,chest pain,6,63,112,90,19,97,36.6
30067242,2,abdominal pain,6,75,166,71,19,94,37.8
30067243,3,laceration,7,64,123,72,18,100,36.9
30067244,3,abdominal pain,5,78,120,62,9,100,37.1
30067245,3,back pain,0,88,113,47,17,95,37.7
30067246,3,headache,4,109,123,106,12,97,36.4
30067247,5,knee pain,0,72,122,76,18,99,36.5
30067248,3,shortness of breath,7,95,113,111,18,100,36.2
30067249,3,chest pain,5,78,111,93,20,94,37.0
30067250,2,fall,10,96,156,80,26,97,37.2
30067251,4,abdominal pain,4,114,133,66,18,94,36.5
30067252,2,anxiety,10,88,143,92,17,97,38.6
30067253,5,fall,1,72,151,90,14,100,37.3
30067254,3,fever,4,115,132,91,15,100,38.6
30067255,3,back pain,1,82,150,62,25,100,37.4
30067256,3,knee pain,2,78,135,72,19,99,37.1
30067257,3,anxiety,1,60,149,92,15,100,37.9
30067258,1,fall,8,87,122,66,18,95,37.4
30067259,2,shortness of breath,10,80,130,77,16,97,37.4
30067260,3,fall,1,101,154,107,19,95,37.3
30067261,3,anxiety,7,82,115,78,26,90,36.4
30067262,4,abdominal pain,4,75,110,106,20,92,37.0
30067263,3,knee pain,7,71,133,95,18,92,37.6
30067264,3,shortness of breath,5,66,107,78,15,93,36.3
30067265,2,anxiety,9,103,167,50,19,97,37.1
30067266,5,back pain,5,70,147,97,11,94,37.6
30067267,3,fall,6,100,145,87,19,97,37.0
30067268,3,anxiety,5,97,124,76,17,95,37.0
30067269,3,fall,1,92,107,75,14,95,36.4
30067270,2,fall,10,69,116,65,20,100,38.3
30067271,3,headache,5,97,151,57,20,96,36.8
30067272,1,abdominal pain,6,64,108,81,27,96,36.9
30067273,5,laceration,4,74,133,90,20,98,36.9
30067274,4,knee pain,7,70,138,96,16,96,34.7
30067275,3,fall,3,103,106,81,17,100,36.4
30067276,2,abdominal pain,8,85,127,85,18,94,36.4
30067277,5,laceration,4,99,161,91,25,94,37.4
30067278,3,abdominal pain,1,97,122,70,21,90,36.8
30067279,4,knee pain,7,83,114,94,21,100,37.7
30067280,2,chest pain,7,86,142,71,22,100,35.6
30067281,3,chest pain,7,89,111,89,16,96,36.1
30067282,2,anxiety,7,97,97,94,27,96,35.0
30067283,3,chest pain,3,78,121,89,23,93,36.3
30067284,3,knee pain,5,75,97,91,14,91,37.2
30067285,3,laceration,5,92,151,87,14,94,36.3
30067286,3,shortness of breath,0,70,121,77,13,98,37.0
30067287,4,headache,2,86,125,77,14,95,36.0
30067288,3,fall,2,87,129,55,14,100,37.1
30067289,3,shortness of breath,4,55,130,74,20,100,36.9
30067290,2,abdominal pain,9,94,116,66,19,97,37.6
30067291,3,headache,3,75,147,74,17,94,37.5
30067292,3,chest pain,6,115,118,50,13,94,35.7
30067293,2,shortness of breath,8,56,126,89,19,95,37.5
30067294,5,headache,5,79,94,111,21,93,38.4
30067295,3,laceration,6,83,125,71,14,95,38.7
30067296,3,abdominal pain,7,92,151,61,21,97,36.8
30067297,2,anxiety,10,77,117,63,12,97,35.9
30067298,4,abdominal pain,6,83,102,81,22,91,36.8
30067299,4,fever,1,83,170,64,21,94,37.0
30067300,2,anxiety,10,68,102,71,9,98,37.7
30067301,3,shortness of breath,6,100,129,76,20,98,37.8
30067302,3,chest pain,4,83,129,69,23,100,37.6
30067303,2,shortness of breath,9,86,130,96,19,99,36.7
30067304,4,knee pain,3,99,119,109,9,91,38.0
30067305,3,headache,5,74,118,79,19,93,37.1
30067306,5,fever,1,83,148,86,19,95,36.5
30067307,3,fall,0,100,130,108,16,94,35.9
30067308,2,abdominal pain,9,94,108,54,13,97,35.6
30067309,4,chest pain,4,87,116,95,16,99,38.3
30067310,3,fever,6,89,111,69,21,91,37.2
30067311,4,fall,0,74,123,73,17,97,37.5
30067312,3,headache,2,54,146,94,14,94,36.8
30067313,2,laceration,8,95,133,73,30,97,37.7
30067314,3,fever,4,108,128,67,15,94,36.4
30067315,3,knee pain,7,111,104,108,20,100,37.3
30067316,2,abdominal pain,8,99,125,90,21,96,36.0
30067317,4,knee pain,5,121,133,76,15,97,36.2
30067318,4,shortness of breath,4,88,162,75,17,96,37.4
30067319,3,fall,4,67,135,79,17,95,37.5
30067320,3,anxiety,6,102,140,80,17,99,36.2
30067321,2,headache,6,95,96,100,15,97,37.7
30067322,4,back pain,4,60,144,82,12,100,36.2
30067323,4,headache,5,85,165,118,15,95,35.7
30067324,4,chest pain,6,87,100,110,19,96,37.7
30067325,5,back pain,6,69,114,82,23,96,37.5
30067326,2,laceration,10,96,119,72,22,98,36.9
30067327,3,fall,0,99,122,99,18,97,37.9
30067328,2,shortness of breath,8,89,153,56,12,97,37.5
30067329,5,abdominal pain,1,95,119,78,16,95,37.3
30067330,3,laceration,2,58,142,88,23,92,36.7
30067331,3,chest pain,2,103,151,48,14,96,36.8
30067332,3,anxiety,5,67,147,81,18,95,37.2
30067333,4,knee pain,4,81,144,96,19,100,35.9
30067334,3,chest pain,0,69,104,92,15,93,36.0
30067335,3,fall,3,86,134,104,14,95,37.2
30067336,3,fever,6,89,141,105,11,95,37.5
30067337,5,shortness of breath,4,92,117,85,17,98,36.8
30067338,2,knee pain,9,104,150,58,15,93,36.9
30067339,1,knee pain,8,90,114,71,16,100,36.6
30067340,3,knee pain,3,66,97,76,17,91,37.6
30067341,2,shortness of breath,10,79,129,84,19,97,35.6
30067342,4,fall,1,97,120,86,22,96,36.7
30067343,4,shortness of breath,3,68,131,80,19,98,37.7
30067344,2,fever,8,67,102,80,23,95,37.3
30067345,2,anxiety,10,80,120,55,17,93,36.8
30067346,3,knee pain,6,94,159,90,18,98,36.2
30067347,3,back pain,3,89,122,67,20,97,37.4
30067348,2,abdominal pain,9,115,101,47,24,100,36.7
30067349,4,chest pain,2,102,130,75,15,95,37.6
30067350,4,fall,0,93,158,85,22,95,37.6
30067351,2,abdominal pain,7,77,161,61,26,100,36.4
30067352,4,knee pain,3,94,117,95,16,94,36.5
30067353,4,laceration,5,100,146,95,15,99,36.0
30067354,3,chest pain,6,94,127,81,27,94,36.0
30067355,3,laceration,0,63,137,89,20,94,37.5
30067356,3,chest pain,1,60,123,76,16,100,36.6
30067357,3,headache,5,69,109,82,15,100,36.6
30067358,3,anxiety,0,70,141,70,15,97,36.3
30067359,2,shortness of breath,8,60,74,83,18,96,36.8
30067360,3,abdominal pain,4,101,130,57,23,97,35.7
30067361,3,headache,0,58,93,102,13,95,37.9
30067362,4,anxiety,1,62,133,89,16,95,36.2
30067363,2,laceration,9,88,92,98,14,99,36.9
30067364,3,abdominal pain,2,66,114,66,24,100,37.6
30067365,3,fever,6,93,98,65,21,93,37.7
30067366,3,fall,3,80,115,100,22,99,35.0
30067367,4,anxiety,7,86,100,68,21,94,37.3
30067368,3,chest pain,4,73,114,79,23,96,37.7
30067369,3,laceration,2,87,132,85,15,95,34.7
30067370,3,abdominal pain,2,95,115,71,21,95,37.3
30067371,3,laceration,0,93,153,72,23,95,35.7
30067372,3,back pain,7,101,103,58,19,95,37.4
30067373,1,shortness of breath,10,93,107,112,17,100,37.8
30067374,4,shortness of breath,5,77,122,93,19,97,37.4
30067375,5,headache,5,81,118,60,16,96,38.0
30067376,3,abdominal pain,1,82,151,87,13,95,36.6
30067377,1,back pain,6,102,134,73,25,91,36.7
30067378,3,fall,3,109,133,50,21,96,36.2
30067379,3,anxiety,1,98,159,104,17,96,37.2
30067380,2,shortness of breath,6,68,125,69,15,98,36.3
30067381,3,abdominal pain,3,82,123,93,18,98,35.7
30067382,4,headache,4,96,150,95,13,99,37.1
30067383,3,shortness of breath,0,90,140,86,23,99,37.4
30067384,1,headache,9,78,132,92,18,100,36.9
30067385,3,abdominal pain,4,88,117,57,13,100,37.2
30067386,3,fever,4,90,87,57,25,99,38.4
30067387,2,chest pain,9,93,88,77,20,98,36.1
30067388,3,headache,6,105,143,84,21,95,37.8
30067389,3,anxiety,1,65,131,86,21,100,36.5
30067390,4,chest pain,2,105,139,89,16,100,36.6
30067391,3,abdominal pain,1,78,109,79,15,98,36.1
30067392,3,fever,1,91,150,84,19,96,37.4
30067393,2,headache,7,108,157,69,22,97,36.8
30067394,2,abdominal pain,10,89,132,61,14,100,37.8
30067395,4,shortness of breath,0,75,160,76,15,100,36.7
30067396,3,fever,2,93,97,71,14,93,38.4
30067397,4,laceration,3,93,125,73,18,97,37.3
30067398,4,laceration,0,107,143,105,18,95,36.1
30067399,3,abdominal pain,4,98,131,64,14,96,36.2
30067400,4,abdominal pain,1,109,116,86,14,98,36.2
30067401,3,shortness of breath,4,76,116,77,16,97,36.7
30067402,3,anxiety,2,79,155,94,21,97,37.4
30067403,3,fall,0,54,124,98,17,96,38.1
30067404,2,abdominal pain,9,98,137,70,21,98,37.6
30067405,5,shortness of breath,1,89,102,75,23,100,38.4
30067406,3,anxiety,0,90,95,113,12,94,37.0
30067407,1,abdominal pain,10,77,130,89,14,99,35.9
30067408,1,back pain,7,91,97,69,12,99,38.5
30067409,4,chest pain,0,70,131,78,25,96,36.7
30067410,4,laceration,1,77,120,78,18,99,38.0
30067411,3,anxiety,3,104,121,70,18,100,37.2
30067412,5,headache,7,54,111,84,17,97,37.0
30067413,3,shortness of breath,3,75,98,99,19,99,36.2
30067414,3,fever,4,117,115,94,23,93,35.6
30067415,3,chest pain,1,72,131,80,20,100,38.0
30067416,1,fever,7,88,145,87,14,98,37.6
30067417,4,abdominal pain,5,73,136,69,19,99,37.1
30067418,3,back pain,7,106,115,66,15,96,36.8
30067419,3,laceration,7,60,102,75,18,100,37.3
30067420,3,shortness of breath,3,88,94,84,16,100,37.1
30067421,2,fall,7,76,132,95,13,100,36.8
30067422,4,laceration,6,113,125,87,16,92,36.7
30067423,2,headache,7,99,163,88,19,94,36.0
30067424,4,fever,6,86,104,96,17,97,37.4
30067425,3,shortness of breath,0,64,104,60,14,93,36.9
30067426,3,laceration,0,88,146,88,17,99,37.6
30067427,3,back pain,6,75,96,55,21,95,36.5
30067428,3,laceration,0,93,118,110,19,94,37.2
30067429,2,back pain,6,53,134,83,18,95,38.0
30067430,2,chest pain,10,71,108,57,10,96,36.5
30067431,4,shortness of breath,6,64,110,81,22,100,37.6
30067432,2,fall,7,74,139,88,16,100,36.7
30067433,3,abdominal pain,0,65,127,72,12,99,36.0
30067434,3,anxiety,1,103,82,78,17,97,37.5
30067435,4,shortness of breath,5,61,154,97,21,97,36.7
30067436,1,anxiety,8,71,123,91,16,100,37.4
30067437,3,anxiety,7,64,112,76,16,92,37.0
30067438,4,fever,0,77,115,96,26,99,35.9
30067439,2,fall,7,77,130,82,17,96,36.0
30067440,4,fall,3,67,164,87,12,98,37.7
30067441,3,back pain,7,102,139,86,17,98,36.2
30067442,5,anxiety,2,78,92,61,15,98,37.3
30067443,3,anxiety,2,89,107,85,16,97,36.5
30067444,3,laceration,7,92,123,89,19,96,35.6
30067445,3,chest pain,5,85,123,87,17,96,37.8
30067446,1,laceration,6,58,147,62,17,97,35.7
30067447,3,knee pain,4,81,117,78,19,99,37.7
30067448,4,laceration,6,87,75,99,18,98,38.4
30067449,3,anxiety,1,82,134,78,19,94,35.0
30067450,3,fall,6,95,165,104,19,100,36.3
30067451,2,laceration,10,83,136,68,18,98,36.2
30067452,3,knee pain,5,76,109,42,18,92,37.4
30067453,4,anxiety,6,92,95,61,14,98,37.6
30067454,2,abdominal pain,7,93,108,79,20,100,36.0
30067455,3,headache,0,77,165,107,14,96,35.8
30067456,5,shortness of breath,2,55,137,80,22,96,36.0
30067457,3,anxiety,2,79,133,86,14,100,36.2
30067458,3,abdominal pain,7,73,159,96,16,98,37.5
30067459,3,laceration,0,66,142,94,19,98,36.7
30067460,3,laceration,7,79,112,70,17,95,37.9
30067461,4,anxiety,5,88,117,66,18,97,38.2
30067462,4,laceration,4,83,118,108,24,99,36.1
30067463,3,fall,3,83,171,100,17,97,36.9
30067464,2,fall,10,87,129,107,20,97,36.6
30067465,3,fall,4,80,151,74,22,96,36.7
30067466,2,fall,10,94,118,83,15,98,36.3
30067467,2,fever,9,98,143,93,13,93,36.7
30067468,1,laceration,7,70,112,91,18,96,35.5
30067469,3,abdominal pain,1,75,102,87,24,92,36.1
30067470,2,anxiety,7,97,152,89,14,95,36.4
30067471,3,back pain,4,88,146,79,22,98,36.5
30067472,4,shortness of breath,4,64,146,97,18,98,36.6
30067473,3,fall,6,88,112,59,18,100,37.3
30067474,3,headache,1,93,121,71,23,94,35.6
30067475,3,shortness of breath,0,88,88,94,25,100,38.3
30067476,3,fever,6,101,84,82,20,100,36.6
30067477,1,headache,8,78,141,93,16,98,36.4
30067478,2,fever,10,80,109,55,15,93,37.4
30067479,3,headache,4,65,80,91,20,93,37.0
30067480,3,abdominal pain,5,89,129,75,20,100,38.3
30067481,3,chest pain,5,89,120,70,17,100,37.6
30067482,3,fever,7,71,116,95,16,95,36.9
30067483,2,fall,7,60,119,80,17,93,37.0
30067484,3,laceration,4,73,157,66,16,96,36.7
30067485,3,anxiety,6,87,115,98,18,96,37.3
30067486,2,chest pain,9,94,141,74,20,99,37.1
30067487,3,back pain,5,65,120,65,22,95,36.5
30067488,3,shortness of breath,5,102,132,87,19,97,36.1
30067489,2,headache,7,79,116,86,12,96,37.3
30067490,2,abdominal pain,7,82,118,67,24,97,37.0
30067491,2,laceration,6,76,127,76,21,98,36.3
30067492,3,anxiety,1,99,144,104,14,95,35.9
30067493,2,fever,9,85,141,104,23,99,35.8
30067494,1,chest pain,9,60,127,92,20,93,37.5
30067495,3,abdominal pain,2,71,116,88,20,93,37.6
30067496,4,headache,1,101,170,83,21,100,37.5
30067497,3,anxiety,1,115,141,81,16,93,37.4
30067498,3,back pain,5,90,107,83,24,93,38.7
30067499,3,shortness of breath,2,89,122,87,15,100,37.6
30067500,2,anxiety,8,90,124,94,12,97,37.3
30067501,3,laceration,4,80,107,72,17,96,36.9
30067502,3,back pain,6,95,121,69,26,98,37.7
30067503,3,laceration,7,90,138,72,14,94,36.7
30067504,4,knee pain,0,72,76,69,17,95,37.1
30067505,3,headache,5,104,161,83,19,94,36.8
30067506,3,headache,2,98,122,69,19,94,36.3
30067507,3,abdominal pain,4,94,134,66,22,95,38.5
30067508,4,chest pain,1,94,142,84,24,97,36.8
30067509,4,chest pain,6,74,173,90,19,98,37.0
30067510,5,fall,2,97,117,88,20,98,36.9
30067511,4,chest pain,6,80,90,92,18,100,37.4
30067512,3,shortness of breath,2,61,143,89,22,94,37.7
30067513,3,abdominal pain,0,75,124,89,20,96,36.3
30067514,3,abdominal pain,7,89,149,108,21,96,35.7
30067515,4,headache,0,76,123,56,17,97,37.7
30067516,3,shortness of breath,4,56,152,73,17,98,37.3
30067517,3,fever,6,78,133,124,22,92,37.1
30067518,3,laceration,3,92,156,99,23,100,36.9
30067519,3,fall,5,99,122,71,16,100,36.8
30067520,3,shortness of breath,5,70,130,62,26,95,36.5
30067521,4,back pain,1,75,129,78,17,98,36.1
30067522,3,shortness of breath,4,80,101,72,16,98,36.4
30067523,3,anxiety,7,80,113,110,15,95,36.5
30067524,3,laceration,1,66,135,105,25,97,36.7
30067525,5,abdominal pain,6,66,150,90,20,89,35.8
30067526,1,abdominal pain,6,81,108,82,20,95,37.3
30067527,3,knee pain,2,95,108,68,22,100,37.1
30067528,3,anxiety,2,75,136,73,26,96,36.2
30067529,4,fall,0,84,108,109,21,100,37.0
30067530,3,back pain,2,77,118,53,25,100,36.8
30067531,3,anxiety,1,99,152,83,15,97,37.3
30067532,3,laceration,3,78,136,90,17,96,36.8
30067533,4,anxiety,4,93,136,78,9,97,37.1
30067534,5,anxiety,4,87,135,75,18,99,36.0
30067535,3,laceration,1,88,94,66,25,99,37.3
30067536,3,headache,6,74,146,79,22,99,36.3
30067537,3,back pain,2,88,119,87,17,96,37.6
30067538,3,fever,4,81,105,96,18,100,38.3
30067539,3,shortness of breath,6,92,187,84,14,96,37.3
30067540,3,chest pain,4,70,121,63,21,100,37.9
30067541,4,abdominal pain,0,70,154,72,21,99,38.3
30067542,2,back pain,10,89,124,56,18,95,36.9
30067543,3,chest pain,6,101,125,70,14,98,37.1
30067544,3,chest pain,1,72,155,84,16,98,37.7
30067545,3,shortness of breath,2,70,123,56,19,93,37.4
30067546,3,shortness of breath,0,117,120,99,19,100,36.1
30067547,2,laceration,8,85,101,78,13,99,36.1
30067548,3,fall,0,71,100,81,14,90,36.8
30067549,2,knee pain,7,79,114,96,18,100,36.3
30067550,3,abdominal pain,7,83,88,87,21,93,37.3
30067551,3,laceration,3,91,151,72,14,100,36.0
30067552,3,knee pain,3,90,111,66,14,94,35.0
30067553,4,chest pain,7,97,128,77,19,94,37.1
30067554,3,shortness of breath,3,73,88,77,20,99,34.7
30067555,3,anxiety,2,94,151,79,21,100,37.8
30067556,4,anxiety,1,99,65,78,14,98,36.1
30067557,3,headache,7,90,81,103,25,95,37.3
30067558,3,anxiety,6,101,99,66,19,95,36.6
30067559,3,fall,3,84,136,74,21,97,37.1
30067560,3,back pain,7,72,96,100,12,95,37.3
30067561,3,chest pain,2,79,128,63,28,98,35.8
30067562,3,fall,3,75,127,88,23,96,37.2
30067563,2,fever,6,95,150,68,13,92,36.0
30067564,1,fall,9,99,110,75,20,98,37.0
30067565,3,chest pain,5,108,117,82,18,95,38.2
30067566,5,abdominal pain,0,98,115,61,14,99,36.4
30067567,3,shortness of breath,3,133,157,90,19,93,37.9
30067568,5,shortness of breath,7,108,115,58,15,99,36.5
30067569,3,laceration,3,112,88,80,16,96,37.3
30067570,3,shortness of breath,6,65,141,98,25,100,36.9
30067571,4,headache,2,85,127,70,14,99,36.3
30067572,3,anxiety,1,78,172,52,15,100,36.8
30067573,3,laceration,6,87,122,73,18,92,36.7
30067574,4,fall,7,83,141,106,20,97,36.2
30067575,2,fall,6,105,128,103,23,98,36.6
30067576,3,fever,2,77,132,64,16,91,36.8
30067577,5,laceration,1,40,147,78,17,99,36.0
30067578,2,back pain,8,70,100,89,19,99,36.5
30067579,3,laceration,7,77,116,68,17,93,37.0
30067580,3,fever,0,78,109,88,27,98,35.1
30067581,4,shortness of breath,3,99,150,61,19,96,38.4
30067582,4,shortness of breath,0,94,123,72,19,95,36.3
30067583,2,shortness of breath,9,95,132,66,18,96,37.2
30067584,4,chest pain,0,77,127,64,18,94,37.2
30067585,5,headache,7,68,148,74,23,100,37.0
30067586,3,chest pain,7,111,155,92,22,94,36.5
30067587,4,laceration,7,90,122,72,19,99,37.8
30067588,5,headache,7,72,126,77,24,89,36.6
30067589,4,shortness of breath,3,98,152,70,19,97,36.1
30067590,3,laceration,6,83,124,113,19,98,38.1
30067591,2,fever,6,95,118,79,21,93,37.2
30067592,3,chest pain,2,98,133,88,20,95,37.4
30067593,3,abdominal pain,1,83,118,104,14,92,37.6
30067594,2,anxiety,8,83,148,83,17,95,38.7
30067595,2,laceration,7,72,125,64,20,93,37.9
30067596,4,back pain,4,107,146,103,22,90,35.7
30067597,4,headache,4,95,125,73,13,96,36.8
30067598,5,knee pain,1,89,118,79,13,95,37.1
30067599,3,chest pain,2,101,156,71,27,97,37.3
30067600,3,anxiety,5,90,154,85,18,95,37.3
30067601,5,anxiety,3,104,131,80,15,100,36.8
30067602,3,fever,2,70,118,74,14,95,37.1
30067603,3,fall,5,99,119,78,23,100,37.2
30067604,2,chest pain,7,77,91,58,17,100,36.8
30067605,2,chest pain,6,105,137,66,24,100,37.3
30067606,3,knee pain,5,117,86,56,23,95,35.9
30067607,2,shortness of breath,9,84,115,103,14,95,36.2
30067608,3,knee pain,6,94,99,78,22,95,36.7
30067609,2,shortness of breath,7,100,153,59,20,93,36.1
30067610,3,abdominal pain,0,115,123,105,13,94,37.2
30067611,2,headache,9,97,117,92,12,94,34.9
30067612,3,headache,1,53,150,83,23,98,36.5
30067613,5,back pain,0,89,126,82,26,91,36.4
30067614,4,headache,5,83,117,73,16,100,36.9
30067615,2,headache,9,80,146,96,19,97,36.7
30067616,3,fever,6,84,129,88,20,99,36.1
30067617,4,knee pain,4,83,96,87,14,96,36.6
30067618,2,laceration,8,99,146,85,23,97,37.0
30067619,2,knee pain,10,79,148,86,20,100,37.3
30067620,3,abdominal pain,4,77,105,63,16,98,36.7
30067621,3,laceration,6,50,139,92,10,96,36.8
30067622,2,laceration,7,81,131,67,19,99,38.1
30067623,1,knee pain,9,110,128,87,15,99,37.1
30067624,4,back pain,5,84,132,102,17,100,38.1
30067625,2,back pain,6,74,149,46,17,90,37.4
30067626,3,headache,7,74,190,69,17,97,35.9
30067627,3,back pain,1,90,105,101,17,93,37.3
30067628,4,headache,1,79,110,64,26,97,37.6
30067629,4,headache,6,103,91,84,18,98,36.7
30067630,2,laceration,10,59,90,64,17,100,36.6
30067631,4,anxiety,3,111,113,72,18,98,36.5
30067632,3,fall,6,47,119,76,20,96,36.1
30067633,3,fever,1,109,128,75,18,100,36.9
30067634,3,abdominal pain,7,89,142,69,18,95,35.9
30067635,4,fall,1,94,155,65,19,99,35.7
30067636,1,knee pain,8,84,137,67,18,94,38.0
30067637,3,abdominal pain,2,86,115,94,24,95,37.6
30067638,3,fever,2,57,102,67,19,100,37.0
30067639,3,fever,3,88,135,86,16,97,36.8
30067640,5,headache,2,112,129,82,22,95,36.4
30067641,2,laceration,10,55,136,75,21,99,37.1
30067642,3,anxiety,2,111,131,107,24,97,37.2
30067643,3,anxiety,1,102,97,98,20,95,37.4
30067644,4,laceration,3,105,162,77,18,95,37.0
30067645,4,chest pain,5,91,106,64,20,99,37.4
30067646,3,shortness of breath,7,68,126,60,21,99,36.4
30067647,4,shortness of breath,6,72,114,80,13,94,37.1
30067648,4,laceration,6,90,104,70,24,90,35.8
30067649,1,anxiety,6,85,151,61,20,100,37.1
30067650,5,fall,0,89,104,93,18,97,36.1
30067651,3,anxiety,5,73,104,76,17,100,36.4
30067652,4,chest pain,4,74,92,87,18,98,36.2
30067653,4,knee pain,7,67,100,79,17,98,36.4
30067654,2,chest pain,10,77,141,104,17,96,38.2
30067655,3,fever,3,96,164,70,17,99,37.3
30067656,4,headache,4,94,147,74,24,95,36.5
30067657,2,chest pain,8,69,122,86,16,100,35.7
30067658,5,headache,5,86,156,79,23,92,37.1
30067659,3,shortness of breath,5,66,138,77,21,99,36.8
30067660,4,fever,6,80,113,82,16,97,38.1
30067661,3,anxiety,7,98,125,80,22,98,36.0
30067662,3,back pain,1,103,117,86,20,100,37.8
30067663,4,anxiety,2,62,140,62,21,96,37.3
30067664,2,knee pain,9,83,139,82,18,95,36.6
30067665,2,chest pain,8,96,107,57,16,100,37.4
30067666,3,fever,4,68,112,89,20,98,36.5
30067667,3,laceration,5,73,112,73,24,96,37.5
30067668,3,chest pain,5,82,147,108,18,99,37.9
30067669,3,headache,0,90,87,73,5,99,35.6
30067670,2,chest pain,6,103,170,74,18,98,36.9
30067671,3,laceration,1,82,137,112,20,92,37.5
30067672,3,chest pain,0,77,85,81,17,98,37.0
30067673,3,chest pain,4,74,119,92,16,94,37.1
30067674,5,anxiety,2,85,163,81,14,98,37.5
30067675,2,shortness of breath,9,70,114,89,16,99,37.5
30067676,3,chest pain,3,96,123,72,15,99,36.9
30067677,5,headache,1,90,103,88,14,95,37.7
30067678,5,fever,7,80,114,85,16,95,36.6
30067679,4,fall,7,97,141,85,15,99,37.2
30067680,1,back pain,6,82,165,77,16,96,36.7
30067681,3,chest pain,4,83,128,109,16,99,37.3
30067682,3,abdominal pain,2,100,129,68,11,94,35.9
30067683,3,chest pain,1,103,106,79,18,100,36.0
30067684,1,shortness of breath,9,92,97,89,17,96,35.8
30067685,4,laceration,0,98,173,86,20,93,35.5
30067686,3,laceration,1,91,136,71,20,94,38.8
30067687,4,laceration,6,83,150,80,11,99,36.1
30067688,4,fall,0,83,108,90,17,93,37.5
30067689,3,knee pain,7,101,112,70,18,89,37.3
30067690,3,shortness of breath,7,69,116,64,13,93,37.5
30067691,4,anxiety,1,91,143,69,13,97,36.6
30067692,2,fall,9,85,147,83,21,96,37.6
30067693,3,headache,1,68,113,95,23,97,37.1
30067694,3,fever,3,95,138,84,17,96,36.8
30067695,2,abdominal pain,6,70,118,84,20,100,37.5
30067696,3,knee pain,6,77,163,81,17,98,35.8
30067697,5,fall,1,71,106,98,12,98,37.8
30067698,3,abdominal pain,4,89,140,55,22,95,37.7
30067699,3,abdominal pain,3,105,125,105,17,85,37.6
30067700,2,abdominal pain,6,78,119,95,19,100,37.5
30067701,3,knee pain,2,83,137,105,20,96,36.9
30067702,2,abdominal pain,9,60,159,83,15,89,37.7
30067703,2,headache,6,97,134,106,20,94,35.7
30067704,2,knee pain,6,77,98,66,25,98,38.0
30067705,2,fall,8,90,114,89,19,100,37.2
30067706,3,laceration,1,134,147,75,20,99,37.6
30067707,3,headache,5,80,111,98,21,94,37.6
30067708,3,anxiety,5,60,105,85,14,100,37.1
30067709,4,chest pain,1,100,132,97,12,96,36.6
30067710,1,fall,8,77,111,92,17,89,37.2
30067711,3,fever,5,82,148,83,19,96,35.6
30067712,3,abdominal pain,7,74,143,58,23,91,36.8
30067713,3,chest pain,7,97,125,73,11,96,36.7
30067714,2,anxiety,8,84,154,72,17,100,37.6
30067715,3,back pain,3,67,134,52,11,100,37.5
30067716,2,fall,10,92,141,70,21,97,35.7
30067717,3,back pain,6,81,168,74,15,100,38.1
30067718,3,knee pain,0,81,86,91,17,100,36.4
30067719,3,chest pain,1,95,114,87,22,95,38.3
30067720,3,fall,1,94,127,68,15,97,37.0
30067721,4,fall,4,70,130,78,17,100,37.4
30067722,3,back pain,3,55,125,47,12,100,36.8
30067723,3,laceration,0,68,137,83,20,100,36.2
30067724,3,fall,1,84,164,86,15,94,37.6
30067725,2,shortness of breath,7,86,118,90,12,98,36.2
30067726,3,chest pain,1,102,151,101,19,98,35.8
30067727,3,laceration,6,70,120,82,26,100,37.6
30067728,2,chest pain,10,90,156,105,13,100,38.0
30067729,3,fall,7,111,123,64,25,97,37.3
30067730,4,fever,0,102,111,77,20,100,35.9
30067731,4,laceration,3,102,113,88,22,97,36.8
30067732,3,fall,2,58,98,51,14,97,37.9
30067733,3,knee pain,4,82,106,83,17,98,37.7
30067734,4,chest pain,6,77,118,72,14,99,37.5
30067735,2,back pain,6,90,128,92,17,94,36.8
30067736,3,laceration,1,75,123,81,26,97,37.3
30067737,2,anxiety,10,100,126,76,21,99,35.8
30067738,3,fall,6,72,128,77,15,99,38.2
30067739,3,shortness of breath,2,87,132,85,14,99,37.6
30067740,3,knee pain,4,92,102,119,23,100,37.1
30067741,3,fever,4,62,118,67,24,93,37.7
30067742,3,shortness of breath,4,73,121,60,8,94,37.3
30067743,2,knee pain,8,95,116,81,26,97,38.5
30067744,3,chest pain,7,89,121,89,19,100,37.6
30067745,5,shortness of breath,5,61,123,60,19,93,38.6
30067746,4,knee pain,7,73,99,52,18,100,37.6
30067747,2,knee pain,6,70,151,82,18,90,37.3
30067748,5,anxiety,3,87,156,62,17,94,37.1
30067749,3,anxiety,7,106,138,81,25,100,36.3
30067750,3,laceration,1,92,126,70,21,97,37.1
30067751,3,fever,5,112,130,90,15,99,38.1
30067752,3,fever,1,63,137,85,18,100,35.3
30067753,3,anxiety,6,69,138,91,20,97,37.8
30067754,4,fall,6,97,121,59,16,97,37.4
30067755,3,fall,7,95,135,93,17,91,36.2
30067756,4,headache,7,83,105,60,21,95,36.9
30067757,3,fever,7,113,162,78,20,98,36.1
30067758,4,abdominal pain,0,84,120,75,20,95,37.5
30067759,5,shortness of breath,6,102,147,71,18,95,37.8
30067760,1,headache,9,87,111,92,9,92,38.2
30067761,3,fever,3,86,110,63,21,100,36.9
30067762,2,fall,9,80,115,90,17,100,37.0
30067763,3,laceration,4,87,124,63,17,94,38.4
30067764,4,fever,1,79,134,61,16,97,36.2
30067765,3,fall,3,92,127,99,22,95,38.0
30067766,3,headache,5,90,110,83,14,99,37.7
30067767,3,fever,0,89,154,77,19,96,37.0
30067768,4,anxiety,0,73,111,98,23,98,37.9
30067769,2,back pain,9,86,107,82,11,93,37.6
30067770,4,headache,4,119,144,92,17,92,36.0
30067771,4,chest pain,0,81,133,64,19,100,36.2
30067772,3,shortness of breath,4,74,158,72,19,100,36.8
30067773,3,knee pain,6,87,148,85,28,98,37.3
30067774,4,shortness of breath,2,75,129,96,21,94,36.8
30067775,3,knee pain,1,65,130,81,15,96,35.7
30067776,3,anxiety,6,82,93,81,15,96,36.7
30067777,3,headache,3,82,115,106,18,100,37.0
30067778,5,fever,4,79,139,48,14,95,36.5
30067779,3,chest pain,0,114,108,79,18,100,37.4
30067780,5,shortness of breath,1,82,140,60,16,95,36.5
30067781,3,headache,6,82,137,105,19,99,36.7
30067782,3,shortness of breath,1,124,122,69,22,97,36.6
30067783,4,back pain,4,84,98,84,30,94,37.4
30067784,4,abdominal pain,4,106,134,59,20,96,36.8
30067785,3,laceration,7,83,139,99,16,88,35.1
30067786,3,chest pain,7,65,127,102,14,97,37.2
30067787,3,fever,6,94,139,80,20,96,36.3
30067788,4,laceration,2,83,117,82,20,96,36.4
30067789,2,laceration,6,97,59,72,11,95,34.7
30067790,3,headache,6,101,102,70,15,100,37.4
30067791,2,chest pain,9,82,118,120,11,95,36.3
30067792,1,fall,6,102,113,85,23,97,35.9
30067793,3,fever,6,75,102,82,22,92,36.2
30067794,3,abdominal pain,3,87,166,77,19,96,38.7
30067795,4,abdominal pain,2,66,111,88,6,92,36.7
30067796,2,knee pain,10,84,124,77,20,100,37.1
30067797,3,fever,3,76,150,68,16,94,36.9
30067798,3,fall,6,100,111,71,18,94,37.6
30067799,3,headache,0,67,130,62,16,94,35.8
30067800,2,anxiety,9,98,151,90,17,100,37.6
30067801,4,fever,2,109,139,103,13,96,37.8
30067802,4,knee pain,4,103,112,57,20,96,38.2
30067803,3,fever,3,126,97,71,16,99,38.0
30067804,3,headache,0,57,112,71,15,94,37.4
30067805,3,knee pain,4,102,95,75,21,98,37.7
30067806,2,back pain,7,103,119,57,23,99,37.0
30067807,3,anxiety,1,104,138,67,20,100,36.9
30067808,3,back pain,0,101,136,66,19,95,36.9
30067809,3,back pain,7,92,152,90,18,93,36.3
30067810,5,headache,4,105,104,84,14,94,38.2
30067811,3,abdominal pain,1,79,141,89,18,100,36.3
30067812,4,back pain,4,75,149,71,20,100,37.3
30067813,4,laceration,0,88,113,76,17,92,37.3
30067814,3,headache,4,90,156,98,18,97,37.5
30067815,2,fever,9,85,119,72,20,94,36.8
30067816,4,headache,0,87,122,93,14,92,35.7
30067817,2,shortness of breath,10,111,103,89,23,97,36.4
30067818,3,headache,1,75,114,73,18,96,36.6
30067819,3,headache,0,97,107,49,14,90,37.4
30067820,2,laceration,8,108,123,84,15,94,38.1
30067821,2,shortness of breath,10,64,92,81,20,95,36.9
30067822,5,headache,7,85,94,91,20,93,36.5
30067823,1,knee pain,10,72,112,95,19,97,37.9
30067824,4,headache,7,76,135,43,17,100,37.9
30067825,3,laceration,7,102,122,72,18,95,37.1
30067826,3,fall,6,73,120,88,17,100,36.9
30067827,3,fever,1,81,134,61,17,97,37.2
30067828,4,anxiety,2,119,164,96,22,98,37.1
30067829,3,shortness of breath,3,68,101,87,18,97,36.7
30067830,2,back pain,8,108,137,93,15,92,37.7
30067831,2,shortness of breath,9,90,133,75,24,93,36.0
30067832,3,shortness of breath,5,82,129,63,21,99,36.9
30067833,2,shortness of breath,7,90,116,85,24,92,36.3
30067834,1,fever,8,78,82,73,24,100,37.7
30067835,3,fever,6,62,147,86,13,99,37.4
30067836,5,shortness of breath,2,114,116,70,17,98,38.0
30067837,3,shortness of breath,7,98,100,85,15,99,36.6
30067838,2,chest pain,8,102,90,56,21,95,36.2
30067839,2,headache,6,77,94,75,19,96,37.3
30067840,4,headache,2,96,134,83,20,97,35.5
30067841,3,anxiety,2,83,124,78,18,98,37.5
30067842,3,abdominal pain,0,62,104,95,12,95,37.0
30067843,4,knee pain,5,94,146,87,19,98,37.0
30067844,2,chest pain,8,100,130,97,18,97,36.5
30067845,1,knee pain,6,89,124,85,15,100,37.7
30067846,3,fever,5,92,119,85,17,97,37.6
30067847,2,headache,10,78,113,79,24,94,36.0
30067848,4,anxiety,7,67,132,105,16,92,35.9
30067849,4,shortness of breath,4,86,112,81,19,97,36.9
30067850,2,laceration,9,83,103,80,13,100,37.0
30067851,3,shortness of breath,3,97,149,76,20,97,37.5
30067852,3,fall,6,107,128,60,14,95,38.0
30067853,3,knee pain,2,78,105,76,23,99,37.3
30067854,3,fall,6,112,108,89,17,98,37.0
30067855,3,shortness of breath,4,77,106,84,15,100,37.7
30067856,3,knee pain,0,96,107,112,20,94,38.1
30067857,3,knee pain,0,77,146,68,17,97,37.2
30067858,3,shortness of breath,0,72,146,55,19,96,38.0
30067859,3,back pain,6,91,130,41,14,96,35.8
30067860,4,headache,5,101,118,71,13,99,36.3
30067861,3,fall,7,107,94,89,23,98,37.0
30067862,5,laceration,3,94,118,48,19,99,36.7
30067863,2,anxiety,7,95,126,70,11,94,38.2
30067864,4,anxiety,5,75,165,90,17,100,38.8
30067865,4,back pain,0,82,107,87,15,97,37.6
30067866,3,fever,4,60,143,93,15,97,35.9
30067867,5,headache,1,96,121,55,14,94,37.2
30067868,2,headache,9,109,142,79,22,98,36.4
30067869,3,shortness of breath,4,64,119,92,14,94,38.0
30067870,4,back pain,6,75,162,71,14,94,35.9
30067871,3,headache,7,79,95,69,20,94,37.7
30067872,3,back pain,3,57,82,88,16,100,35.8
30067873,4,chest pain,0,78,108,78,18,96,37.1
30067874,3,fall,6,76,103,55,14,97,37.5
30067875,3,chest pain,3,105,124,91,22,100,37.1
30067876,3,knee pain,4,68,115,98,12,99,36.9
30067877,2,chest pain,7,82,126,77,25,97,36.6
30067878,3,chest pain,7,92,87,71,25,100,36.5
30067879,3,back pain,7,67,115,77,14,100,37.8
30067880,3,headache,0,105,148,101,25,95,36.7
30067881,3,chest pain,1,86,112,62,10,96,36.0
30067882,3,back pain,5,97,98,91,21,96,37.0
30067883,4,headache,3,90,132,59,20,100,38.8
30067884,4,knee pain,4,98,136,51,18,96,36.3
30067885,3,headache,2,113,139,85,29,98,36.6
30067886,3,anxiety,0,67,109,102,17,98,36.8
30067887,4,back pain,6,96,93,88,20,99,38.1
30067888,1,knee pain,6,72,128,47,23,98,36.1
30067889,2,abdominal pain,10,89,117,63,22,97,37.0
30067890,5,headache,6,116,125,86,28,90,37.3
30067891,2,back pain,10,87,111,96,16,98,37.6
30067892,3,shortness of breath,4,112,118,79,17,96,35.9
30067893,4,chest pain,7,68,107,82,19,99,37.6
30067894,2,chest pain,7,68,135,102,13,100,36.8
30067895,4,anxiety,5,118,122,54,22,98,37.3
30067896,3,laceration,2,93,130,70,13,100,36.8
30067897,2,laceration,10,81,126,67,21,100,36.8
30067898,3,back pain,3,70,138,89,13,96,37.2
30067899,3,abdominal pain,3,81,140,87,17,97,38.6
30067900,3,laceration,6,69,112,105,16,96,37.9
30067901,2,back pain,6,118,116,71,22,94,36.6
30067902,3,headache,3,69,100,81,12,95,38.2
30067903,1,anxiety,6,60,137,82,22,92,37.2
30067904,2,fall,9,88,117,92,21,95,38.4
30067905,2,chest pain,6,109,126,88,21,99,37.0
30067906,2,fall,8,98,146,98,20,95,36.0
30067907,1,fall,9,78,139,64,19,100,36.0
30067908,4,shortness of breath,4,84,119,75,16,89,36.8
30067909,2,shortness of breath,7,85,130,88,11,95,37.0
30067910,3,fall,7,81,133,71,16,95,36.8
30067911,3,laceration,7,90,101,59,14,93,37.0
30067912,3,knee pain,3,71,182,81,18,95,35.6
30067913,4,fall,0,68,116,95,23,94,37.3
30067914,3,shortness of breath,2,81,101,71,14,96,38.3
30067915,3,chest pain,7,101,142,63,19,98,36.6
30067916,3,anxiety,1,70,87,81,20,93,36.7
30067917,3,back pain,6,123,64,91,20,98,35.9
30067918,4,back pain,0,72,142,95,18,95,36.6
30067919,3,laceration,2,57,144,93,20,97,36.1
30067920,3,fall,2,105,136,60,19,89,37.9
30067921,4,shortness of breath,5,104,87,84,16,98,36.6
30067922,3,anxiety,0,116,154,68,12,100,38.4
30067923,3,anxiety,5,79,113,64,22,96,38.5
30067924,3,headache,6,90,142,75,18,96,36.9
30067925,4,headache,7,96,126,91,16,98,37.6
30067926,4,laceration,2,70,89,73,19,99,37.9
30067927,4,fever,1,103,142,54,16,100,36.2
30067928,3,back pain,6,65,104,69,19,97,37.5
30067929,2,shortness of breath,6,78,153,89,13,99,37.1
30067930,3,back pain,0,84,130,47,21,99,36.4
30067931,3,abdominal pain,4,55,119,89,16,100,36.8
30067932,3,shortness of breath,2,75,141,57,18,96,37.4
30067933,3,shortness of breath,4,114,96,88,31,96,37.2
30067934,3,shortness of breath,0,61,133,43,24,99,36.3
30067935,4,knee pain,3,103,140,66,17,93,35.5
30067936,2,fall,9,101,125,73,22,97,37.0
30067937,5,abdominal pain,6,82,117,68,15,96,36.7
30067938,3,abdominal pain,2,81,139,58,18,99,36.8
30067939,2,chest pain,7,74,124,74,13,100,36.1
30067940,3,back pain,3,79,140,84,19,100,35.6
30067941,3,abdominal pain,3,89,112,51,24,100,35.0
30067942,4,laceration,6,82,125,62,21,99,36.9
30067943,3,laceration,7,97,130,70,19,96,37.3
30067944,3,fever,4,91,133,79,21,96,37.7
30067945,4,fever,4,76,127,85,18,95,37.3
30067946,5,shortness of breath,4,70,145,92,19,93,35.9
30067947,4,back pain,6,94,145,101,11,96,36.4
30067948,3,shortness of breath,0,74,140,85,17,95,36.2
30067949,3,anxiety,3,83,123,91,21,98,36.8
30067950,3,knee pain,2,77,107,63,24,92,36.7
30067951,5,shortness of breath,2,84,170,87,18,94,38.3
30067952,2,fever,9,89,105,89,16,94,35.5
30067953,5,laceration,2,101,152,107,20,96,35.3
30067954,3,shortness of breath,6,80,120,66,8,95,36.2
30067955,2,shortness of breath,9,81,88,60,22,98,37.6
30067956,3,chest pain,7,82,115,88,13,96,37.9
30067957,2,knee pain,6,70,111,93,16,90,38.9
30067958,2,laceration,8,87,124,71,16,96,35.7
30067959,2,shortness of breath,8,86,125,94,17,100,36.7
30067960,3,abdominal pain,4,69,114,96,23,97,37.3
30067961,3,shortness of breath,5,91,111,81,18,96,37.3
30067962,1,headache,10,79,106,97,16,96,37.1
30067963,3,knee pain,0,75,98,95,18,98,35.9
30067964,3,knee pain,3,73,130,71,18,91,37.6
30067965,3,headache,7,62,119,79,24,100,37.0
30067966,3,abdominal pain,1,63,119,73,16,99,37.5
30067967,4,laceration,4,52,124,72,21,97,37.3
30067968,3,fall,5,75,128,74,14,96,36.6
30067969,2,headache,6,59,146,94,17,99,37.3
30067970,1,abdominal pain,9,91,109,97,14,100,37.5
30067971,4,anxiety,3,51,126,94,15,95,37.0
30067972,3,fall,0,93,162,55,21,98,37.5
30067973,3,chest pain,4,82,128,67,18,94,36.1
30067974,3,fever,3,74,107,92,19,96,37.0
30067975,2,back pain,6,96,135,62,18,95,36.7
30067976,2,laceration,7,60,120,56,16,96,37.1
30067977,3,fever,6,98,122,74,16,97,38.0
30067978,4,back pain,4,98,147,79,14,96,36.6
30067979,3,headache,3,71,125,55,16,94,36.4
30067980,3,anxiety,4,71,143,103,15,95,38.5
30067981,4,headache,7,105,104,81,20,99,37.4
30067982,3,laceration,4,63,132,77,12,96,38.5
30067983,4,fever,6,98,136,78,24,100,36.8
30067984,2,abdominal pain,6,107,86,92,10,95,36.5
30067985,1,fever,7,72,126,73,21,97,37.9
30067986,3,chest pain,6,107,108,62,11,95,36.1
30067987,1,knee pain,10,81,124,71,17,95,36.1
30067988,3,abdominal pain,4,80,115,59,16,95,37.1
30067989,3,headache,5,92,125,79,23,95,37.4
30067990,4,chest pain,0,87,139,69,13,98,37.2
30067991,4,anxiety,2,51,130,92,25,95,37.9
30067992,4,fall,7,58,139,52,19,97,37.0
30067993,4,headache,3,69,119,88,10,100,36.7
30067994,3,shortness of breath,5,99,163,70,13,92,37.2
30067995,3,abdominal pain,0,68,137,83,19,94,37.7
30067996,5,shortness of breath,2,85,140,76,28,96,36.2
30067997,3,headache,6,77,148,95,20,94,37.1
30067998,4,anxiety,2,77,115,61,21,100,36.3
30067999,3,chest pain,7,69,129,82,19,96,37.5
30068000,2,back pain,7,93,137,78,16,97,36.5
30068001,3,shortness of breath,0,99,109,83,17,100,38.2
30068002,1,chest pain,9,73,150,94,21,98,36.9
30068003,2,back pain,6,87,139,66,17,98,37.2
30068004,3,knee pain,0,81,104,72,14,97,37.2
30068005,2,laceration,6,89,125,92,22,100,36.3
30068006,3,shortness of breath,4,84,133,93,18,98,36.7
30068007,3,shortness of breath,0,72,140,88,17,97,36.6
30068008,3,knee pain,4,74,135,107,20,98,37.4
30068009,2,laceration,10,79,149,64,17,96,37.1
30068010,4,fall,1,62,115,77,14,100,37.5
30068011,2,shortness of breath,7,86,155,73,20,97,37.2
30068012,2,chest pain,7,70,132,80,21,100,38.8
30068013,3,fever,1,100,126,61,20,95,37.2
30068014,3,back pain,0,98,112,59,22,99,35.8
30068015,5,headache,4,96,122,78,20,96,37.4
30068016,2,fever,6,81,135,50,20,95,37.0
30068017,3,chest pain,7,85,139,89,20,100,37.1
30068018,3,back pain,5,113,115,82,22,93,37.7
30068019,3,knee pain,5,91,107,75,12,100,38.6
30068020,4,anxiety,3,68,126,59,24,94,37.6
30068021,3,abdominal pain,2,86,139,69,18,100,35.8
30068022,4,laceration,5,77,137,86,18,97,37.5
30068023,4,fall,6,81,104,80,27,98,36.6
30068024,3,chest pain,2,71,134,67,12,96,38.2
30068025,2,headache,8,97,104,95,18,97,37.0
30068026,3,headache,1,88,133,71,17,99,37.5
30068027,4,knee pain,3,70,125,95,16,95,37.5
30068028,2,anxiety,7,72,110,64,14,100,36.8
30068029,4,knee pain,2,102,121,98,11,96,36.3
30068030,3,shortness of breath,4,100,101,87,16,96,37.6
30068031,3,abdominal pain,1,64,114,84,18,99,36.2
30068032,1,fever,8,75,130,69,16,98,37.2
30068033,2,headache,10,104,129,100,21,93,37.7
30068034,3,fall,6,81,108,84,17,97,36.8
30068035,4,fever,5,87,116,94,22,100,35.2
30068036,3,abdominal pain,3,81,121,78,19,98,35.2
30068037,3,laceration,4,87,109,93,12,97,36.0
30068038,3,back pain,7,58,129,87,18,96,36.1
30068039,4,knee pain,7,77,168,82,23,100,35.8
30068040,3,laceration,4,93,120,87,19,97,36.1
30068041,3,chest pain,7,100,170,92,15,94,35.9
30068042,3,shortness of breath,7,88,138,95,11,96,37.5
30068043,3,shortness of breath,3,87,84,108,19,95,36.5
30068044,2,laceration,10,101,114,67,17,96,36.8
30068045,4,fall,6,116,147,68,17,97,36.8
30068046,2,fever,9,121,107,84,25,93,36.8
30068047,2,chest pain,8,95,138,63,15,98,37.7
30068048,5,fall,6,107,140,83,21,97,37.2
30068049,3,headache,1,53,175,77,19,100,37.8
30068050,3,knee pain,3,89,118,78,16,96,38.3
30068051,4,fever,5,89,86,93,20,96,36.0
30068052,3,headache,6,107,90,97,26,100,36.1
30068053,4,fall,7,82,97,87,18,100,36.4
30068054,3,fall,2,83,157,74,27,96,37.0
30068055,2,fever,8,84,103,78,18,93,37.2
30068056,3,fall,0,60,154,87,16,98,37.0
30068057,3,shortness of breath,3,72,143,125,12,97,37.7
30068058,5,abdominal pain,2,83,122,113,21,94,38.9
30068059,3,laceration,4,83,98,86,19,95,36.7
30068060,3,shortness of breath,0,94,104,77,18,94,36.5
30068061,4,chest pain,3,93,129,84,20,100,35.9
30068062,3,fall,0,72,128,93,19,97,37.3
30068063,3,fever,7,72,138,99,20,96,37.0
30068064,3,headache,0,61,107,88,14,93,37.6
30068065,4,headache,4,87,119,88,16,98,37.4
30068066,3,knee pain,7,80,89,67,22,96,36.5
30068067,2,fall,9,89,113,93,22,96,36.6
30068068,3,knee pain,0,84,137,70,11,94,36.7
30068069,2,abdominal pain,10,60,121,67,21,90,38.0
30068070,4,fall,1,93,136,107,15,97,37.3
30068071,3,fall,4,79,100,80,19,98,36.6
30068072,3,laceration,2,76,125,98,15,93,34.8
30068073,3,back pain,2,81,111,51,9,99,37.7
30068074,3,headache,3,70,127,67,12,95,37.5
30068075,3,back pain,0,85,114,53,15,96,36.2
30068076,4,chest pain,7,72,109,109,11,97,38.2
30068077,2,fall,7,100,121,88,15,92,37.6
30068078,1,fall,6,99,151,69,23,97,37.5
30068079,3,knee pain,0,120,179,66,16,94,36.7
30068080,3,shortness of breath,3,110,156,87,20,98,38.3
30068081,1,headache,6,77,97,82,17,98,37.9
30068082,4,shortness of breath,2,83,132,93,19,100,37.5
30068083,2,headache,10,96,138,58,23,100,37.2
30068084,4,abdominal pain,6,79,128,67,20,99,38.0
30068085,3,chest pain,7,74,121,46,18,100,36.9
30068086,3,fever,3,96,109,87,19,94,36.7
30068087,4,chest pain,4,86,107,93,16,99,34.9
30068088,2,headache,6,62,103,43,20,92,36.2
30068089,2,anxiety,8,116,132,108,23,100,38.0
30068090,2,fever,6,87,131,73,16,100,37.1
30068091,3,shortness of breath,3,119,105,96,14,95,37.7
30068092,5,back pain,3,97,113,104,18,98,37.0
30068093,4,chest pain,3,124,127,45,20,95,36.7
30068094,2,fever,8,73,105,115,23,95,38.1
30068095,4,chest pain,7,115,111,67,18,99,36.6
30068096,2,abdominal pain,10,79,117,100,17,94,36.3
30068097,3,fever,3,54,134,79,21,95,36.8
30068098,1,anxiety,6,113,130,57,22,94,37.3
30068099,3,abdominal pain,7,81,117,68,27,94,35.9
30068100,2,laceration,6,110,119,101,20,98,35.8
30068101,3,abdominal pain,1,98,134,54,16,98,36.6
30068102,5,anxiety,1,87,131,106,20,97,36.5
30068103,2,fall,7,96,122,93,9,97,37.0
30068104,2,fever,9,88,182,86,23,92,36.4
30068105,3,chest pain,4,99,127,90,14,100,37.2
30068106,4,anxiety,6,79,127,98,24,100,36.5
30068107,2,abdominal pain,10,68,129,72,16,93,36.5
30068108,3,fever,3,106,150,76,15,100,35.7
30068109,3,fall,7,101,132,92,11,96,36.2
30068110,2,knee pain,8,73,110,82,28,100,37.0
30068111,4,fall,7,68,133,62,21,94,38.3
30068112,3,shortness of breath,3,91,137,88,16,94,36.8
30068113,3,anxiety,0,104,152,86,9,94,36.9
30068114,2,chest pain,9,64,147,98,11,95,38.2
30068115,3,back pain,7,73,122,92,22,96,36.4
30068116,3,anxiety,1,68,133,68,23,98,36.7
30068117,4,laceration,5,92,125,66,21,96,37.1
30068118,3,anxiety,1,95,120,99,15,99,37.4
30068119,2,laceration,9,105,151,73,14,98,35.4
30068120,3,fever,7,116,142,56,21,95,36.1
30068121,2,laceration,10,104,145,87,16,97,37.5
30068122,1,knee pain,8,76,148,77,16,92,38.1
30068123,3,fall,2,80,115,84,20,94,37.3
30068124,4,anxiety,6,83,137,110,18,100,36.7
30068125,3,shortness of breath,3,73,124,78,20,92,36.0
30068126,2,chest pain,9,105,125,93,13,100,37.9
30068127,4,back pain,5,83,82,75,19,96,38.6
30068128,3,back pain,6,76,125,80,19,95,36.8
30068129,5,anxiety,6,74,109,56,16,98,36.6
30068130,3,back pain,0,82,151,84,18,93,36.5
30068131,4,anxiety,0,79,109,86,22,99,37.5
30068132,2,anxiety,9,83,139,66,17,96,37.0
30068133,3,fever,7,59,131,87,22,100,36.6
30068134,3,fever,6,84,134,36,19,98,36.3
30068135,2,back pain,7,96,132,61,15,94,38.3
30068136,2,shortness of breath,9,75,118,90,14,99,38.1
30068137,1,fall,7,83,118,68,13,98,37.2
30068138,5,chest pain,1,83,95,60,26,100,37.1
30068139,3,anxiety,2,102,153,80,15,94,37.4
30068140,2,headache,8,74,122,88,24,96,38.0
30068141,3,chest pain,7,69,123,63,21,98,36.6
30068142,2,back pain,7,85,121,62,19,99,37.9
30068143,3,fever,0,63,96,61,13,97,35.4
30068144,3,abdominal pain,6,79,108,82,12,99,37.8
30068145,4,fever,1,98,95,92,18,92,35.6
30068146,3,back pain,5,89,116,74,11,98,36.3
30068147,3,knee pain,0,61,155,81,14,93,35.7
30068148,3,shortness of breath,5,80,107,76,18,94,36.9
30068149,1,back pain,6,66,146,91,13,98,37.7
30068150,3,back pain,4,97,106,82,24,95,36.8
30068151,3,laceration,6,72,138,95,13,100,37.6
30068152,2,anxiety,7,87,122,96,25,97,37.2
30068153,3,anxiety,5,73,111,74,24,97,35.9
30068154,4,abdominal pain,3,87,149,66,23,97,37.1
30068155,4,back pain,0,88,141,72,18,94,36.3
30068156,2,knee pain,9,74,136,59,26,100,36.7
30068157,3,chest pain,1,68,115,73,21,98,37.3
30068158,3,knee pain,0,79,121,89,17,98,36.5
30068159,3,back pain,3,83,97,71,13,97,37.6
30068160,1,shortness of breath,9,81,129,96,18,100,36.4
30068161,3,abdominal pain,0,67,137,74,25,93,37.3
30068162,3,knee pain,0,88,130,89,23,97,37.1
30068163,3,anxiety,5,85,97,63,24,96,36.7
30068164,3,laceration,3,83,141,82,18,100,36.1
30068165,3,laceration,2,77,128,78,22,97,37.9
30068166,4,anxiety,2,70,137,80,28,91,36.7
30068167,3,anxiety,1,86,114,57,16,95,36.0
30068168,2,anxiety,8,79,144,75,23,94,36.6
30068169,3,fever,4,104,124,115,17,100,35.9
30068170,3,headache,3,71,109,92,17,95,37.6
30068171,2,fall,8,66,131,53,18,97,35.9
30068172,2,knee pain,10,86,118,89,15,100,36.1
30068173,3,fever,2,81,131,79,17,95,38.7
30068174,3,anxiety,2,90,111,92,21,99,37.3
30068175,3,headache,0,96,136,85,12,97,37.9
30068176,2,anxiety,9,59,131,102,18,96,35.6
30068177,5,laceration,6,75,140,74,17,95,37.0
30068178,3,knee pain,5,97,102,90,19,100,36.0
30068179,2,abdominal pain,10,70,170,62,13,95,36.1
30068180,3,fever,2,81,108,67,17,96,36.2
30068181,3,fever,0,83,108,81,22,92,36.8
30068182,2,fever,7,74,119,79,19,99,38.0
30068183,3,chest pain,4,95,125,63,17,97,36.8
30068184,4,back pain,2,105,139,77,19,99,36.7
30068185,3,chest pain,3,95,141,90,20,94,36.9
30068186,3,knee pain,5,100,119,91,16,94,35.9
30068187,3,fall,0,96,115,58,19,99,37.9
30068188,4,fall,6,82,106,77,15,93,36.1
30068189,4,anxiety,7,116,178,71,22,92,35.6
30068190,3,fall,7,92,135,94,6,97,39.2
30068191,2,anxiety,8,53,132,70,17,97,37.0
30068192,2,back pain,9,60,129,41,20,95,36.8
30068193,3,laceration,2,81,127,38,19,100,37.9
30068194,3,chest pain,7,109,128,80,22,98,36.3
30068195,3,knee pain,5,66,88,56,14,91,37.9
30068196,4,knee pain,3,77,108,80,16,99,37.3
30068197,3,abdominal pain,4,75,119,82,17,99,35.9
30068198,4,back pain,5,90,80,68,16,98,38.0
30068199,2,anxiety,9,72,114,77,14,99,37.7
30068200,3,fever,5,57,131,92,11,96,36.0
30068201,3,abdominal pain,0,77,124,84,8,95,38.1
30068202,3,fall,7,63,92,99,19,96,37.5
30068203,4,abdominal pain,3,56,126,66,16,100,36.3
30068204,3,shortness of breath,6,82,154,78,26,100,37.4
30068205,1,shortness of breath,10,68,133,68,13,100,36.3
30068206,4,abdominal pain,6,74,128,95,19,99,37.2
30068207,3,knee pain,6,91,148,89,10,97,37.9
30068208,5,fall,0,55,123,81,19,100,36.5
30068209,3,fall,0,80,124,81,19,98,37.7
30068210,2,back pain,9,82,127,80,14,93,36.3
30068211,3,abdominal pain,5,86,121,64,20,96,38.5
30068212,1,fever,8,104,140,102,4,95,34.8
30068213,5,abdominal pain,1,96,92,103,19,96,35.1
30068214,2,back pain,6,86,77,86,20,97,37.3
30068215,4,laceration,2,93,152,71,17,97,35.6
30068216,4,abdominal pain,5,85,144,89,23,97,36.4
30068217,3,headache,0,91,136,71,19,98,37.5
30068218,2,anxiety,10,79,119,73,29,99,37.4
30068219,2,shortness of breath,10,69,112,83,18,95,36.5
30068220,3,fever,0,98,88,70,17,93,36.4
30068221,5,knee pain,3,55,180,79,18,97,35.5
30068222,1,fall,6,99,134,80,16,97,38.0
30068223,3,fever,5,68,97,77,11,100,37.4
30068224,3,laceration,4,104,141,80,13,95,36.0
30068225,2,knee pain,6,94,129,73,16,95,37.6
30068226,3,fever,0,88,130,67,18,95,36.9
30068227,3,fall,3,103,111,65,16,97,36.5
30068228,3,abdominal pain,7,102,130,76,19,91,37.5
30068229,3,fever,7,72,122,61,17,99,36.4
30068230,3,knee pain,1,78,110,67,17,99,37.0
30068231,5,headache,1,82,126,81,17,100,37.8
30068232,4,headache,7,74,98,68,23,96,37.0
30068233,3,abdominal pain,3,79,124,64,18,96,37.3
30068234,3,chest pain,2,65,137,89,15,98,37.6
30068235,3,anxiety,5,81,135,85,19,96,36.0
30068236,4,back pain,7,99,135,76,15,100,38.6
30068237,4,fall,4,98,114,91,18,94,37.1
30068238,2,shortness of breath,7,100,117,76,17,97,35.4
30068239,3,fall,3,51,132,94,20,97,38.1
30068240,2,knee pain,6,74,101,70,17,91,36.5
30068241,3,fall,4,99,121,81,24,100,37.2
30068242,3,laceration,6,87,113,83,27,100,37.0
30068243,4,fever,6,71,134,86,21,98,35.9
30068244,4,anxiety,4,107,117,59,15,98,36.8
30068245,5,chest pain,6,113,140,102,15,93,38.0
30068246,3,anxiety,5,77,117,91,19,100,37.0
30068247,5,knee pain,1,77,118,86,19,95,36.5
30068248,3,fever,3,59,107,81,12,98,37.6
30068249,4,headache,5,84,139,103,14,100,37.1
30068250,4,knee pain,3,87,129,77,23,92,39.0
30068251,2,chest pain,9,105,160,110,15,93,37.6
30068252,3,back pain,0,74,103,78,19,97,35.8
30068253,2,back pain,9,104,109,76,20,93,35.9
30068254,1,shortness of breath,7,81,130,47,18,96,35.8
30068255,3,shortness of breath,0,65,138,87,14,94,36.0
30068256,5,laceration,0,68,157,92,30,100,36.6
30068257,2,headache,9,91,148,71,21,92,36.2
30068258,1,shortness of breath,7,108,130,58,16,97,36.3
30068259,4,laceration,2,86,117,94,17,91,37.8
30068260,3,knee pain,5,92,119,91,22,95,36.6
30068261,3,headache,2,98,113,66,17,97,35.8
30068262,4,abdominal pain,0,82,140,70,19,94,37.6
30068263,3,fever,6,72,128,100,17,94,37.8
30068264,3,laceration,6,98,158,81,18,96,37.2
30068265,4,fever,1,91,129,80,15,93,36.5
30068266,2,laceration,6,96,115,62,22,90,37.5
30068267,3,laceration,4,80,110,99,21,100,35.3
30068268,2,laceration,7,95,151,60,14,99,36.9
30068269,3,abdominal pain,2,114,118,93,14,93,37.3
30068270,1,fall,7,75,126,57,8,96,37.5
30068271,1,abdominal pain,8,79,115,66,23,97,36.9
30068272,3,back pain,1,65,127,94,16,100,37.3
30068273,4,chest pain,5,104,121,79,17,93,35.1
30068274,3,anxiety,5,52,125,75,11,100,37.2
30068275,3,headache,1,86,129,78,29,99,36.0
30068276,4,anxiety,6,79,115,84,22,97,38.2
30068277,3,headache,7,97,132,84,14,95,37.3
30068278,3,laceration,1,100,126,78,21,94,37.3
30068279,2,fever,8,105,97,66,12,100,38.9
30068280,3,headache,6,94,101,93,16,95,36.4
30068281,3,fall,6,88,134,64,10,97,36.9
30068282,3,shortness of breath,0,98,106,55,15,97,36.1
30068283,1,headache,7,100,117,98,18,99,37.1
30068284,3,shortness of breath,0,86,131,78,18,94,37.3
30068285,3,laceration,1,82,137,101,21,100,36.6
30068286,3,abdominal pain,1,82,105,99,24,100,37.1
30068287,3,fever,4,69,113,69,14,96,35.9
30068288,3,chest pain,6,67,119,66,18,100,37.7
30068289,5,fever,1,90,105,84,17,96,36.9
30068290,3,fall,0,101,96,78,22,95,37.8
30068291,3,knee pain,4,96,165,76,27,99,37.3
30068292,4,anxiety,6,91,174,60,14,98,36.9
30068293,3,headache,6,73,119,109,16,92,37.1
30068294,3,abdominal pain,7,92,160,70,17,99,36.2
30068295,3,abdominal pain,5,82,121,57,16,95,37.3
30068296,4,laceration,1,99,123,82,20,93,36.2
30068297,4,laceration,2,107,87,81,15,100,36.1
30068298,1,laceration,7,71,110,72,21,94,37.7
30068299,3,anxiety,3,108,115,80,20,97,35.4
30068300,4,abdominal pain,2,81,110,67,18,100,37.3
30068301,5,fall,4,91,140,102,19,97,38.0
30068302,4,headache,4,100,123,78,16,98,36.0
30068303,1,shortness of breath,8,92,111,84,21,100,37.4
30068304,3,laceration,0,102,139,74,19,99,37.1
30068305,3,headache,1,92,145,88,18,97,37.7
30068306,1,fever,8,84,129,92,18,92,38.5
30068307,2,laceration,8,97,109,85,14,92,37.6
30068308,3,chest pain,5,89,117,66,21,100,36.0
30068309,5,fall,3,73,110,69,17,94,38.1
30068310,4,abdominal pain,3,97,109,102,22,98,37.1
30068311,3,shortness of breath,6,71,133,84,18,89,35.5
30068312,3,anxiety,5,97,105,96,17,94,35.8
30068313,3,laceration,7,125,115,70,15,100,38.7
30068314,3,knee pain,4,93,123,83,13,94,35.9
30068315,2,laceration,7,88,114,108,17,95,37.2
30068316,2,knee pain,9,98,137,73,16,90,37.0
30068317,2,laceration,6,90,102,60,16,96,37.3
30068318,3,back pain,1,77,133,69,15,100,37.3
30068319,3,shortness of breath,0,69,112,56,15,92,36.4
30068320,2,abdominal pain,8,59,139,72,20,92,37.9
30068321,3,shortness of breath,5,93,127,88,20,99,36.3
30068322,3,anxiety,6,89,125,83,18,99,38.1
30068323,4,anxiety,7,95,125,88,20,99,35.8
30068324,2,fever,6,68,107,109,19,96,36.6
30068325,3,back pain,5,79,130,71,20,98,37.0
30068326,3,knee pain,4,61,99,86,17,99,37.7
30068327,3,shortness of breath,5,113,157,101,16,94,36.3
30068328,3,shortness of breath,6,76,116,104,15,92,37.5
30068329,3,fall,1,101,113,79,21,92,37.0
30068330,3,knee pain,6,89,138,78,23,95,37.7
30068331,3,fall,6,62,131,81,17,95,36.0
30068332,3,back pain,5,99,113,96,10,94,36.5
30068333,2,anxiety,10,65,124,58,21,97,37.0
30068334,2,chest pain,10,88,143,79,24,98,37.1
30068335,3,knee pain,0,87,97,87,19,100,38.9
30068336,4,fever,7,52,105,71,14,100,36.5
30068337,4,back pain,3,100,162,77,16,99,37.2
30068338,2,anxiety,6,63,103,83,26,94,37.0
30068339,3,fever,6,79,126,97,24,97,36.4
30068340,3,anxiety,4,86,108,48,20,95,36.1
30068341,4,knee pain,4,89,116,68,18,94,37.0
30068342,3,anxiety,4,74,155,81,12,99,36.1
30068343,2,back pain,7,71,97,82,16,96,37.8
30068344,3,shortness of breath,7,95,155,96,24,96,37.1
30068345,3,knee pain,6,58,117,90,20,92,37.5
30068346,4,chest pain,6,72,107,60,12,97,38.0
30068347,3,knee pain,6,103,103,84,17,99,36.4
30068348,3,fever,2,85,135,55,14,96,37.0
30068349,3,fever,4,57,147,63,16,94,37.2
30068350,4,fall,3,59,92,81,22,98,36.9
30068351,2,anxiety,9,49,122,84,20,99,37.5
30068352,5,abdominal pain,5,97,100,82,16,98,37.5
30068353,3,fall,3,108,128,99,20,90,36.4
30068354,3,knee pain,3,79,111,87,29,100,36.6
30068355,3,abdominal pain,0,101,150,80,12,95,36.3
30068356,3,back pain,7,104,125,97,20,96,36.6
30068357,3,headache,0,65,104,67,11,99,36.5
30068358,4,headache,7,113,108,61,20,99,37.3
30068359,4,headache,3,71,101,91,19,99,36.4
30068360,4,knee pain,5,77,122,97,10,97,37.7
30068361,3,shortness of breath,3,116,181,89,19,99,37.1
30068362,4,laceration,1,75,125,79,15,94,36.2
30068363,5,anxiety,0,98,100,94,17,94,37.6
30068364,2,knee pain,7,82,131,85,25,93,37.4
30068365,2,laceration,9,88,116,53,23,95,36.7
30068366,4,abdominal pain,4,85,128,100,15,100,36.0
30068367,1,headache,8,78,110,100,11,97,35.0
30068368,3,anxiety,2,51,120,80,17,100,37.2
30068369,2,anxiety,6,60,155,56,18,95,38.1
30068370,3,headache,6,75,142,48,20,99,36.8
30068371,3,chest pain,4,53,134,77,14,93,35.8
30068372,3,anxiety,0,79,149,60,18,97,38.7
30068373,4,back pain,2,85,139,78,15,99,38.1
30068374,2,chest pain,7,81,108,71,16,95,37.3
30068375,4,laceration,3,77,124,87,18,99,36.9
30068376,1,chest pain,10,98,99,68,14,100,35.3
30068377,3,knee pain,3,94,132,66,22,92,37.2
30068378,2,chest pain,8,69,116,81,19,100,38.9
30068379,3,fall,3,85,157,75,18,98,37.2
30068380,3,fever,1,76,148,80,19,93,37.4
30068381,4,headache,6,50,104,88,16,96,36.1
30068382,3,anxiety,3,94,140,75,18,96,35.4
30068383,2,anxiety,7,73,134,76,16,96,37.6
30068384,3,chest pain,2,96,128,81,19,95,37.2
30068385,4,knee pain,1,73,138,84,17,97,37.3
30068386,2,abdominal pain,8,104,145,83,21,96,37.0
30068387,3,fever,5,82,88,64,14,97,37.3
30068388,4,laceration,1,91,144,62,19,100,37.0
30068389,2,knee pain,7,81,119,87,21,93,36.8
30068390,3,fever,0,77,114,100,19,95,36.5
30068391,3,headache,5,90,133,72,14,97,36.1
30068392,4,chest pain,1,70,87,78,15,98,37.3
30068393,3,shortness of breath,6,86,126,77,25,95,37.2
30068394,2,laceration,9,98,138,99,19,100,36.0
30068395,3,shortness of breath,2,86,133,62,14,97,37.1
30068396,4,back pain,1,115,97,83,18,96,37.4
30068397,3,headache,1,123,111,80,13,98,38.3
30068398,3,fall,3,102,96,75,20,96,36.8
30068399,3,shortness of breath,0,79,117,131,15,98,36.8
30068400,3,laceration,1,56,129,97,13,94,36.6
30068401,3,fever,3,104,119,86,19,100,37.2
30068402,3,headache,7,91,130,71,26,100,38.3
30068403,3,knee pain,4,72,145,94,17,99,36.8
30068404,2,knee pain,6,98,96,83,22,99,37.7
30068405,3,abdominal pain,1,94,126,64,16,99,35.6
30068406,4,laceration,5,60,152,86,20,89,36.9
30068407,2,headache,7,102,148,61,20,99,37.2
30068408,3,chest pain,0,101,122,71,16,97,36.9
30068409,3,fever,7,107,114,83,20,98,36.1
30068410,3,fall,0,81,99,84,23,98,36.5
30068411,3,shortness of breath,4,95,134,63,13,95,37.0
30068412,2,headache,9,37,166,68,29,91,36.9
30068413,4,chest pain,7,96,101,52,21,98,36.8
30068414,3,headache,5,73,149,93,21,99,35.4
30068415,3,headache,5,60,96,84,19,96,37.2
30068416,3,fever,0,58,131,97,18,94,37.4
30068417,2,back pain,9,48,122,47,22,97,35.9
30068418,3,headache,5,65,143,86,25,93,36.4
30068419,2,fall,9,99,141,72,16,93,36.3
30068420,3,anxiety,2,83,104,79,20,95,35.9
30068421,3,chest pain,2,92,93,102,22,96,37.8
30068422,5,knee pain,0,104,141,83,16,96,37.0
30068423,4,headache,0,70,121,73,25,96,36.3
30068424,2,headache,8,92,169,77,8,98,36.3
30068425,3,anxiety,2,95,156,82,14,100,36.3
30068426,3,chest pain,2,67,118,83,17,100,37.0
30068427,5,fall,1,93,104,73,22,95,36.6
30068428,5,chest pain,5,88,122,94,18,100,37.1
30068429,2,back pain,7,86,124,77,19,100,36.7
30068430,3,fever,0,96,127,84,21,97,37.1
30068431,3,back pain,2,88,136,90,17,100,36.2
30068432,2,laceration,7,85,128,85,23,100,35.8
30068433,3,knee pain,0,98,131,77,19,100,36.6
30068434,4,fall,5,95,99,98,13,95,36.5
30068435,4,knee pain,7,86,145,89,20,98,37.2
30068436,3,shortness of breath,7,87,121,107,19,94,37.6
30068437,3,chest pain,0,69,81,94,13,93,35.7
30068438,3,fever,3,62,130,78,17,98,36.9
30068439,3,laceration,3,91,150,70,21,95,37.1
30068440,2,fever,6,82,88,88,16,96,38.5
30068441,2,chest pain,10,58,162,77,21,96,36.8
30068442,4,fever,5,107,142,58,22,98,36.6
30068443,3,headache,5,94,126,106,18,100,37.9
30068444,3,laceration,4,91,124,76,25,95,36.8
30068445,5,laceration,0,77,135,49,23,100,36.7
30068446,1,laceration,10,66,103,57,19,95,37.5
30068447,4,knee pain,2,83,121,94,15,97,37.7
30068448,3,abdominal pain,6,104,125,85,19,95,37.9
30068449,2,abdominal pain,9,102,114,88,14,98,37.3
30068450,3,anxiety,2,71,121,115,15,92,37.0
30068451,3,shortness of breath,4,90,105,91,20,97,36.1
30068452,3,shortness of breath,7,101,156,86,18,96,37.4
30068453,3,fall,2,96,139,96,22,98,36.0
30068454,3,back pain,1,78,115,92,26,95,37.0
30068455,1,fall,6,77,111,58,21,96,36.4
30068456,3,shortness of breath,4,61,113,95,19,98,37.8
30068457,3,back pain,0,65,131,80,14,98,36.0
30068458,3,anxiety,2,79,109,71,18,92,36.8
30068459,3,shortness of breath,5,68,134,69,16,100,37.3
30068460,4,anxiety,2,80,128,109,18,97,37.7
30068461,3,abdominal pain,5,83,113,123,13,93,37.6
30068462,4,chest pain,7,111,150,94,19,94,37.7
30068463,2,abdominal pain,7,67,127,93,22,100,36.3
30068464,2,knee pain,8,76,128,80,22,100,36.3
30068465,2,abdominal pain,7,94,132,55,21,98,38.4
30068466,3,anxiety,6,79,126,70,15,99,37.1
30068467,3,fever,3,80,102,51,25,100,35.5
30068468,1,shortness of breath,8,74,127,55,18,98,37.5
30068469,2,fall,10,83,140,105,11,99,36.5
30068470,5,anxiety,7,103,127,91,11,93,36.5
30068471,2,fall,9,93,133,86,14,93,36.9
30068472,3,anxiety,0,70,109,79,18,100,36.9
30068473,2,headache,8,81,145,98,14,99,37.0
30068474,3,chest pain,0,87,136,54,17,100,36.8
30068475,3,back pain,3,100,145,75,12,91,37.2
30068476,3,fever,1,59,136,43,23,93,36.8
30068477,4,fever,7,66,79,83,22,100,37.9
30068478,5,headache,0,67,144,73,23,100,36.5
30068479,3,back pain,1,109,146,75,14,96,36.5
30068480,3,abdominal pain,1,92,143,87,18,96,37.4
30068481,3,fever,1,82,147,84,18,96,37.4
30068482,4,laceration,3,84,130,90,14,99,36.5
30068483,3,laceration,1,58,110,61,27,95,37.6
30068484,3,headache,1,61,165,83,18,96,36.3
30068485,3,headache,0,82,132,95,22,95,37.0
30068486,3,knee pain,0,99,110,70,16,99,36.7
30068487,2,back pain,7,72,97,61,18,96,36.8
30068488,3,fall,3,47,106,80,19,96,37.3
30068489,4,abdominal pain,6,86,124,57,17,96,37.3
30068490,2,anxiety,6,96,153,95,21,93,37.6
30068491,4,abdominal pain,1,102,168,57,21,97,36.2
30068492,3,chest pain,3,68,125,95,18,95,36.4
30068493,2,fever,9,83,149,86,23,98,36.8
30068494,4,fall,1,95,96,85,20,100,38.0
30068495,3,anxiety,6,88,127,63,23,98,37.6
30068496,3,shortness of breath,3,71,161,63,21,95,35.8
30068497,3,knee pain,3,81,110,71,20,91,36.4
30068498,3,back pain,0,72,134,65,15,100,37.1
30068499,3,headache,0,89,98,60,25,99,37.2
30068500,1,chest pain,8,75,93,71,16,93,37.1
30068501,5,fall,1,61,125,76,18,98,35.7
30068502,2,anxiety,10,83,117,80,18,100,36.0
30068503,4,chest pain,3,65,107,64,14,98,38.0
30068504,4,headache,1,69,129,91,13,96,36.7
30068505,3,laceration,6,80,137,73,14,100,37.7
30068506,1,laceration,7,80,132,91,23,98,36.7
30068507,5,laceration,1,109,180,85,17,96,36.9
30068508,4,anxiety,4,90,137,56,19,96,36.8
30068509,4,back pain,3,75,152,69,19,100,37.1
30068510,2,fall,10,108,132,45,12,95,37.5
30068511,4,fever,7,102,128,84,17,97,36.8
30068512,4,anxiety,7,82,120,81,12,96,36.9
30068513,2,shortness of breath,7,89,119,87,12,95,37.9
30068514,2,headache,9,59,124,90,17,90,36.2
30068515,3,abdominal pain,5,69,105,82,17,94,37.3
30068516,3,abdominal pain,0,75,114,97,16,97,37.8
30068517,3,shortness of breath,6,58,119,90,22,100,37.6
30068518,3,headache,3,89,143,63,18,92,37.0
30068519,3,anxiety,0,84,117,84,13,96,37.2
30068520,3,shortness of breath,2,88,117,61,21,99,37.0
30068521,2,back pain,8,108,126,82,21,97,37.8
30068522,3,anxiety,6,99,106,80,19,100,37.5
30068523,3,chest pain,3,92,106,96,15,97,37.0
30068524,3,fever,4,67,137,95,19,100,37.0
30068525,2,back pain,7,69,125,72,19,99,38.8
30068526,3,back pain,7,85,132,79,17,97,37.8
30068527,3,fall,6,73,148,73,14,93,38.5
30068528,3,fall,0,83,129,84,22,97,37.5
30068529,3,abdominal pain,5,85,107,88,19,100,36.5
30068530,2,headache,8,83,113,104,19,94,37.3
30068531,4,shortness of breath,7,73,122,95,12,99,36.3
30068532,1,fever,8,105,105,109,14,97,37.0
30068533,3,shortness of breath,5,108,142,59,18,99,36.9
30068534,3,abdominal pain,5,118,126,57,23,95,37.5
30068535,3,knee pain,6,125,110,76,18,90,38.1
30068536,3,anxiety,4,90,127,115,17,91,36.3
30068537,1,abdominal pain,7,82,133,90,13,95,37.7
30068538,3,fall,7,80,136,69,9,100,36.3
30068539,2,knee pain,9,70,80,86,19,98,36.7
30068540,3,shortness of breath,6,87,151,90,26,94,38.1
30068541,3,fall,7,94,115,66,18,100,38.2
30068542,2,shortness of breath,10,90,97,96,20,100,36.4
30068543,2,knee pain,8,91,120,73,14,98,38.4
30068544,3,shortness of breath,4,84,84,117,27,97,36.0
30068545,4,abdominal pain,7,77,123,67,21,96,37.5
30068546,3,knee pain,3,71,141,71,13,94,37.6
30068547,2,chest pain,9,83,130,51,15,96,37.7
30068548,3,headache,3,91,121,68,14,100,36.8
30068549,2,headache,10,85,117,65,17,93,36.6
30068550,3,laceration,4,112,149,78,21,98,36.8
30068551,3,anxiety,2,76,153,90,13,100,37.6
30068552,2,anxiety,8,80,128,77,14,97,36.7
30068553,4,fever,4,98,165,86,20,99,37.3
30068554,3,back pain,3,77,148,61,23,97,36.6
30068555,4,anxiety,4,115,132,75,24,98,36.0
30068556,4,back pain,6,65,105,86,13,99,38.4
30068557,3,abdominal pain,7,88,113,74,17,100,37.3
30068558,4,chest pain,6,72,115,69,25,97,36.5
30068559,4,knee pain,6,67,151,107,15,97,36.2
30068560,3,chest pain,6,73,117,110,22,92,37.3
30068561,3,abdominal pain,3,89,129,100,14,97,36.7
30068562,3,fall,6,82,114,71,13,100,37.4
30068563,3,laceration,5,79,116,64,20,100,37.4
30068564,4,abdominal pain,2,66,111,78,19,100,37.1
30068565,4,abdominal pain,1,61,88,63,16,99,35.0
30068566,2,abdominal pain,6,90,144,95,15,96,37.2
30068567,3,back pain,2,81,127,94,12,97,36.3
30068568,3,headache,4,113,138,69,22,92,36.5
30068569,4,anxiety,1,68,137,74,30,100,37.4
30068570,5,fall,2,105,124,84,24,100,37.5
30068571,5,headache,2,105,130,92,15,98,37.7
30068572,4,knee pain,3,70,115,94,16,92,35.8
30068573,2,abdominal pain,8,89,124,86,21,99,35.8
30068574,3,anxiety,4,63,102,85,20,100,35.6
30068575,4,laceration,7,86,93,81,18,94,37.6
30068576,3,shortness of breath,6,75,148,89,17,94,35.9
30068577,3,headache,3,114,125,81,16,99,38.8
30068578,3,chest pain,3,63,155,92,17,96,37.6
30068579,3,fall,1,95,154,79,16,100,35.6
30068580,2,chest pain,10,86,137,69,21,100,37.3
30068581,3,anxiety,2,61,128,93,20,100,37.1
30068582,3,knee pain,6,95,122,81,17,99,36.9
30068583,3,shortness of breath,2,111,136,83,17,97,38.4
30068584,2,abdominal pain,10,68,148,110,18,97,36.9
30068585,3,headache,6,80,54,73,24,100,36.8
30068586,4,knee pain,0,96,142,94,14,99,37.3
30068587,3,shortness of breath,7,92,120,78,22,100,37.4
30068588,3,shortness of breath,6,74,121,91,11,96,38.9
30068589,4,fever,4,92,132,64,16,100,37.4
30068590,1,knee pain,10,87,129,67,13,96,35.5
30068591,3,fall,7,110,93,82,22,96,36.8
30068592,4,knee pain,7,68,102,74,20,94,38.6
30068593,2,anxiety,7,83,124,89,15,93,36.6
30068594,3,headache,2,92,142,70,20,92,37.5
30068595,3,chest pain,6,99,119,88,18,95,37.4
30068596,4,abdominal pain,0,106,153,103,22,97,37.5
30068597,3,laceration,4,108,105,73,20,100,36.9
30068598,2,shortness of breath,9,103,130,84,14,97,37.2
30068599,3,knee pain,2,113,122,80,19,95,35.9
30068600,4,fever,2,82,154,96,18,99,37.7
30068601,4,headache,7,81,132,91,20,92,38.3
30068602,4,fall,5,70,75,71,17,91,36.1
30068603,4,knee pain,1,114,141,88,24,100,36.6
30068604,3,knee pain,4,79,101,74,12,92,36.5
30068605,1,laceration,6,70,107,98,16,95,37.1
30068606,5,shortness of breath,4,88,132,79,20,97,37.7
30068607,3,laceration,2,82,134,111,23,96,36.3
30068608,3,fall,0,80,125,62,19,92,37.0
30068609,4,back pain,1,104,98,92,15,98,35.7
30068610,1,anxiety,9,80,99,83,14,100,36.8
30068611,2,fall,9,68,91,69,14,96,36.2
30068612,4,knee pain,0,69,114,92,7,96,36.8
30068613,3,abdominal pain,3,63,126,70,20,92,36.2
30068614,4,fall,5,78,143,95,24,90,37.2
30068615,4,fall,5,96,138,68,15,96,37.5
30068616,4,back pain,6,96,98,74,22,100,35.5
30068617,3,headache,7,90,106,62,19,97,35.5
30068618,4,fever,4,96,126,56,24,96,37.9
30068619,2,back pain,10,108,130,81,22,98,38.4
30068620,1,back pain,6,91,124,59,13,98,36.6
30068621,1,knee pain,10,66,141,76,17,98,39.0
30068622,4,chest pain,5,88,101,80,11,100,37.5
30068623,4,anxiety,7,105,132,83,17,97,35.4
30068624,3,shortness of breath,5,83,118,82,20,94,38.6
30068625,3,shortness of breath,6,60,117,87,15,98,36.7
30068626,3,headache,0,81,104,56,20,92,37.4
30068627,3,shortness of breath,4,73,129,53,22,99,36.1
30068628,3,shortness of breath,5,80,105,75,18,93,35.2
30068629,4,laceration,6,75,125,71,19,96,38.0
30068630,2,fall,10,115,100,98,24,98,38.6
30068631,4,anxiety,5,78,167,87,20,90,37.4
30068632,4,chest pain,3,76,135,44,15,97,36.4
30068633,3,anxiety,4,99,137,96,20,99,37.2
30068634,3,abdominal pain,6,104,99,84,20,99,36.5
30068635,4,shortness of breath,5,53,135,88,19,95,37.2
30068636,5,shortness of breath,5,85,143,78,22,95,37.3
30068637,2,anxiety,9,89,114,89,19,92,37.8
30068638,3,back pain,1,49,92,68,18,94,37.0
30068639,3,fever,1,99,152,85,21,95,37.8
30068640,3,anxiety,4,51,117,69,22,98,36.0
30068641,3,shortness of breath,0,66,94,109,15,94,35.8
30068642,3,back pain,4,89,112,87,21,95,36.3
30068643,4,knee pain,1,60,127,65,19,92,35.5
30068644,3,anxiety,0,86,134,105,15,96,36.0
30068645,4,back pain,6,97,157,75,23,94,36.9
30068646,4,chest pain,5,95,88,73,13,98,37.5
30068647,3,laceration,3,89,146,80,11,94,36.9
30068648,1,fall,7,67,107,60,21,100,36.5
30068649,3,back pain,4,106,149,92,13,100,37.1
30068650,2,fever,6,77,137,69,18,99,37.1
30068651,4,shortness of breath,5,79,142,101,23,96,36.6
30068652,2,shortness of breath,8,118,90,94,14,100,37.3
30068653,3,headache,2,77,106,59,24,91,37.4
30068654,3,fever,3,89,124,71,21,96,36.7
30068655,2,laceration,7,89,107,119,17,96,36.8
30068656,3,anxiety,1,113,101,75,14,97,36.6
30068657,2,chest pain,7,90,137,63,20,98,35.9
30068658,3,laceration,6,75,123,82,24,100,37.0
30068659,2,fall,8,106,126,70,20,95,36.3
30068660,5,laceration,6,99,116,86,15,97,36.4
30068661,2,headache,9,98,127,94,19,90,38.7
30068662,3,chest pain,6,85,101,68,18,99,36.5
30068663,5,back pain,6,72,97,82,13,95,37.0
30068664,1,fever,7,102,148,89,22,100,36.4
30068665,3,fever,0,81,104,80,16,99,36.3
30068666,1,shortness of breath,9,86,123,100,16,94,36.1
30068667,3,fever,6,97,135,86,16,95,36.3
30068668,3,chest pain,7,86,118,78,13,98,37.9
30068669,5,anxiety,3,94,134,85,15,96,37.0
30068670,3,knee pain,0,108,111,73,21,100,38.5
30068671,3,anxiety,2,80,154,49,15,96,37.5
30068672,3,fever,7,95,144,79,19,94,37.1
30068673,3,anxiety,3,73,121,70,11,94,36.1
30068674,4,back pain,0,76,135,78,19,98,35.8
30068675,3,shortness of breath,1,106,107,61,16,97,37.0
30068676,3,shortness of breath,5,94,152,66,15,97,37.1
30068677,4,back pain,4,55,140,88,13,90,36.0
30068678,4,shortness of breath,2,91,117,73,15,95,38.4
30068679,2,headache,7,78,103,88,18,98,36.7
30068680,4,back pain,7,110,132,76,23,92,36.7
30068681,3,abdominal pain,6,71,121,82,19,97,37.5
30068682,1,chest pain,6,94,136,82,25,100,37.5
30068683,4,fall,6,107,128,80,14,90,37.3
30068684,2,fall,7,76,82,77,26,97,37.7
30068685,4,back pain,2,64,108,88,16,97,38.1
30068686,4,chest pain,6,63,136,73,19,94,35.5
30068687,2,abdominal pain,10,93,141,78,16,99,35.8
30068688,2,fever,7,71,135,96,23,95,35.6
30068689,4,fever,7,85,126,86,20,95,36.0
30068690,3,shortness of breath,6,87,111,84,18,96,36.5
30068691,3,abdominal pain,4,97,96,77,20,96,37.1
30068692,4,fall,2,76,89,83,15,96,37.3
30068693,3,abdominal pain,0,84,115,94,22,98,37.3
30068694,2,back pain,9,51,139,62,27,91,38.9
30068695,3,knee pain,0,90,120,82,10,99,36.3
30068696,3,back pain,4,97,137,92,18,93,37.2
30068697,2,anxiety,8,85,142,82,23,100,38.4
30068698,3,headache,6,128,99,70,19,100,38.0
30068699,3,knee pain,1,103,129,79,15,97,37.1
30068700,1,laceration,6,72,126,69,16,100,37.1
30068701,4,knee pain,1,75,128,94,20,97,37.5
30068702,3,abdominal pain,6,74,134,80,21,98,36.2
30068703,3,knee pain,7,57,167,43,16,97,36.3
30068704,5,laceration,3,106,151,76,16,100,36.3
30068705,3,chest pain,0,86,131,49,15,97,37.6
30068706,4,laceration,3,69,91,95,20,97,36.7
30068707,5,anxiety,1,79,105,79,15,96,36.6
30068708,4,laceration,6,85,138,93,14,100,37.1
30068709,3,shortness of breath,6,108,128,68,21,94,38.3
30068710,2,laceration,8,64,117,95,21,100,36.6
30068711,2,fall,8,90,118,78,19,97,36.8
30068712,2,fever,9,96,121,87,18,94,36.4
30068713,3,headache,7,117,139,69,26,96,38.5
30068714,3,anxiety,3,84,151,84,18,100,36.5
30068715,3,shortness of breath,0,76,132,95,22,96,36.4
30068716,3,abdominal pain,5,73,78,87,16,92,36.7
30068717,3,abdominal pain,6,78,118,87,23,93,36.5
30068718,4,fever,7,112,134,68,20,93,35.5
30068719,4,shortness of breath,3,98,123,97,22,95,36.3
30068720,3,chest pain,3,79,118,81,26,97,36.8
30068721,2,laceration,7,74,146,97,17,97,36.2
30068722,3,headache,2,74,117,92,16,99,37.4
30068723,3,laceration,5,68,126,70,19,98,36.6
30068724,3,anxiety,6,85,136,50,20,95,36.0
30068725,3,anxiety,3,95,151,65,23,99,36.3
30068726,3,headache,5,102,119,90,18,100,36.8
30068727,3,fall,0,84,123,67,15,96,36.8
30068728,3,back pain,3,84,98,67,13,100,38.8
30068729,3,fever,5,85,133,93,16,99,37.0
30068730,3,fall,6,92,116,91,18,100,37.7
30068731,3,headache,6,70,153,61,17,93,37.1
30068732,3,fever,0,82,123,71,13,96,36.7
30068733,2,abdominal pain,8,84,115,99,20,97,36.9
30068734,3,back pain,5,113,91,55,18,95,39.2
30068735,4,headache,4,99,93,74,17,98,36.7
30068736,3,headache,1,73,110,73,20,98,37.0
30068737,3,abdominal pain,6,82,121,71,23,95,37.7
30068738,5,knee pain,3,69,149,84,19,96,35.6
30068739,4,headache,6,86,129,83,18,98,37.2
30068740,4,headache,6,67,142,70,14,95,37.3
30068741,3,fall,2,46,109,98,11,100,37.2
30068742,4,fever,6,82,78,64,22,97,38.3
30068743,3,shortness of breath,1,53,88,82,19,94,37.1
30068744,3,knee pain,3,104,102,100,24,96,38.3
30068745,3,chest pain,5,105,133,110,14,95,37.1
30068746,4,shortness of breath,4,78,133,100,18,97,36.5
30068747,3,back pain,2,95,100,52,13,92,35.1
30068748,2,back pain,9,117,143,60,23,99,36.2
30068749,3,shortness of breath,6,77,92,61,14,95,38.0
30068750,2,fall,8,91,111,79,21,100,38.4
30068751,3,laceration,7,98,123,67,20,93,36.8
30068752,2,laceration,10,103,184,82,25,94,37.8
30068753,5,back pain,3,94,117,67,20,94,37.8
30068754,3,headache,6,58,101,89,20,99,36.6
30068755,4,shortness of breath,1,70,124,84,22,99,37.6
30068756,3,headache,5,97,140,83,17,100,38.7
30068757,3,knee pain,3,93,95,69,22,98,36.9
30068758,3,chest pain,0,101,123,101,15,95,36.2
30068759,3,chest pain,4,79,128,35,17,100,36.7
30068760,3,laceration,6,99,121,75,16,97,36.6
30068761,2,headache,9,94,145,70,13,100,36.5
30068762,3,knee pain,1,105,136,68,13,96,37.0
30068763,3,chest pain,1,80,135,88,18,99,36.1
30068764,2,anxiety,7,79,149,77,13,100,38.0
30068765,3,fall,1,69,128,63,16,93,35.6
30068766,2,fall,10,81,121,81,14,93,37.3
30068767,3,abdominal pain,5,65,89,74,15,100,37.4
30068768,3,fever,1,87,128,102,10,96,35.5
30068769,3,laceration,1,81,143,82,14,95,36.6
30068770,3,fall,6,68,125,81,21,94,37.0
30068771,4,fall,6,77,125,93,28,96,37.1
30068772,3,anxiety,2,72,167,110,21,96,36.7
30068773,5,anxiety,4,86,125,71,17,95,37.0
30068774,3,back pain,1,61,119,64,8,92,36.4
30068775,3,knee pain,5,80,96,76,19,98,36.8
30068776,3,shortness of breath,0,88,156,89,18,95,37.1
30068777,3,abdominal pain,7,47,161,87,18,98,37.0
30068778,4,shortness of breath,4,84,109,63,19,100,37.2
30068779,5,fall,5,101,116,104,18,100,36.6
30068780,4,laceration,5,87,124,71,20,99,37.2
30068781,4,anxiety,2,76,162,103,21,100,35.1
30068782,3,knee pain,1,113,158,75,17,96,36.8
30068783,5,fall,3,91,114,96,10,96,36.9
30068784,2,chest pain,10,86,96,81,14,98,36.6
30068785,4,shortness of breath,6,111,129,94,24,100,36.9
30068786,3,knee pain,4,82,142,82,18,98,36.8
30068787,3,abdominal pain,1,88,110,96,20,98,38.1
30068788,3,chest pain,1,81,124,64,20,95,36.5
30068789,2,chest pain,7,74,120,66,11,98,36.2
30068790,3,back pain,3,91,160,77,23,100,37.4
30068791,3,back pain,6,73,127,82,19,94,37.4
30068792,5,fall,3,72,131,75,26,94,37.5
30068793,3,fever,7,89,125,93,14,96,38.1
30068794,4,back pain,1,51,146,69,22,98,36.0
30068795,3,anxiety,7,117,118,81,24,99,37.5
30068796,3,fall,3,90,143,87,18,96,36.6
30068797,4,laceration,0,86,140,89,23,100,37.8
30068798,3,laceration,5,83,118,82,19,96,37.3
30068799,4,knee pain,4,85,104,72,16,93,36.7
30068800,3,knee pain,3,81,156,42,13,96,37.2
30068801,3,laceration,4,63,136,94,13,97,35.4
30068802,3,laceration,7,85,126,95,16,98,35.5
30068803,4,fever,7,80,113,101,18,92,39.0
30068804,1,fall,6,75,131,90,19,96,36.1
30068805,4,knee pain,7,99,132,78,18,100,36.4
30068806,3,back pain,3,97,117,67,23,96,35.7
30068807,3,fever,6,99,120,66,23,96,38.7
30068808,1,fever,8,81,154,62,11,100,37.5
30068809,2,abdominal pain,10,109,99,94,17,97,35.6
30068810,3,chest pain,2,102,102,83,22,97,38.6
30068811,3,fever,1,88,106,75,19,99,37.6
30068812,4,abdominal pain,5,92,97,86,25,95,36.8
30068813,1,chest pain,7,91,130,107,22,95,36.8
30068814,2,knee pain,8,77,127,77,20,98,36.6
30068815,2,laceration,9,69,80,79,15,96,37.8
30068816,2,back pain,10,78,117,84,19,96,38.5
30068817,2,laceration,6,78,133,93,24,100,36.3
30068818,4,knee pain,4,82,127,108,11,98,38.1
30068819,3,fall,4,85,137,84,18,98,37.2
30068820,3,anxiety,6,81,110,72,20,93,37.3
30068821,2,anxiety,9,65,127,81,13,95,36.3
30068822,3,fall,6,110,95,68,15,99,37.9
30068823,1,shortness of breath,7,89,102,105,19,95,37.9
30068824,3,fever,4,80,152,93,21,97,37.1
30068825,3,abdominal pain,6,88,94,68,15,95,37.0
30068826,2,back pain,9,91,132,67,21,100,35.9
30068827,5,laceration,5,70,125,73,13,92,37.4
30068828,5,laceration,6,82,119,96,23,98,36.6
30068829,3,knee pain,7,59,161,103,13,97,36.3
30068830,3,anxiety,7,103,122,87,17,96,37.1
30068831,1,back pain,9,55,163,105,12,97,36.3
30068832,2,back pain,8,84,137,102,22,93,36.0
30068833,4,shortness of breath,6,80,121,66,14,95,37.0
30068834,4,back pain,7,61,87,77,19,93,38.1
30068835,3,fever,0,90,111,89,22,96,37.0
30068836,3,back pain,0,90,172,56,17,95,37.0
30068837,3,anxiety,0,90,143,83,19,100,36.3
30068838,3,chest pain,7,93,135,81,16,98,38.0
30068839,4,headache,2,81,122,81,13,100,34.9
30068840,2,back pain,6,92,146,76,19,98,37.2
30068841,5,shortness of breath,4,73,108,60,16,100,36.7
30068842,4,fall,1,67,138,70,17,94,37.8
30068843,2,knee pain,6,101,94,81,24,96,36.5
30068844,5,headache,2,88,113,90,23,91,36.7
30068845,3,headache,7,83,127,98,21,98,37.8
30068846,2,fever,7,85,93,77,17,91,37.4
30068847,3,headache,6,78,120,77,23,98,37.3
30068848,4,shortness of breath,5,74,123,71,20,94,37.3
30068849,4,headache,7,67,128,95,15,95,37.3
30068850,3,fall,5,84,117,88,19,96,36.6
30068851,4,shortness of breath,4,101,127,50,17,90,37.6
30068852,3,anxiety,1,80,140,82,19,100,37.9
30068853,2,headache,6,92,122,68,12,93,35.9
30068854,4,back pain,6,80,77,95,17,97,38.0
30068855,3,back pain,3,60,120,87,18,93,37.3
30068856,3,anxiety,3,102,132,90,15,100,36.1
30068857,3,fever,6,101,129,83,16,95,37.9
30068858,2,back pain,8,80,116,105,17,98,35.6
30068859,4,anxiety,5,72,103,87,22,95,36.3
30068860,3,anxiety,4,107,118,85,19,97,38.7
30068861,4,anxiety,0,86,131,84,24,98,36.8
30068862,2,knee pain,6,81,128,49,12,93,36.1
30068863,4,shortness of breath,4,74,130,94,14,92,37.4
30068864,3,abdominal pain,7,80,122,92,22,92,37.5
30068865,1,headache,8,72,110,52,22,91,35.2
30068866,3,laceration,6,106,137,92,18,99,35.8
30068867,2,chest pain,7,100,133,74,16,94,36.7
30068868,3,abdominal pain,7,78,141,88,19,98,36.4
30068869,3,laceration,4,85,145,66,19,99,36.3
30068870,3,fall,7,76,102,93,19,98,34.0
30068871,3,laceration,1,102,126,86,13,95,36.0
30068872,2,shortness of breath,9,77,100,90,23,96,37.0
30068873,3,fever,1,85,89,92,20,99,37.3
30068874,5,headache,3,108,107,72,15,90,38.3
30068875,5,back pain,5,55,81,78,21,94,36.3
30068876,3,back pain,7,78,130,87,17,98,36.0
30068877,3,fever,2,62,105,92,15,94,37.2
30068878,5,laceration,3,91,115,55,14,99,36.0
30068879,3,back pain,0,46,113,92,13,93,37.2
30068880,3,knee pain,0,105,135,87,20,100,36.6
30068881,4,back pain,7,56,155,73,21,98,36.7
30068882,2,abdominal pain,10,78,99,78,23,98,37.4
30068883,3,knee pain,2,75,105,75,20,95,35.9
30068884,3,fever,4,69,152,78,25,94,37.0
30068885,3,fall,3,78,88,79,20,97,37.4
30068886,3,chest pain,0,106,117,81,19,100,36.8
30068887,1,abdominal pain,10,106,122,86,13,97,37.0
30068888,3,back pain,4,76,131,94,17,100,36.9
30068889,4,laceration,2,117,145,62,13,91,36.7
30068890,4,laceration,1,68,166,100,21,99,37.4
30068891,3,fever,5,72,121,61,15,99,36.5
30068892,3,chest pain,6,84,131,75,23,96,36.2
30068893,4,anxiety,1,69,109,91,19,97,36.7
30068894,2,abdominal pain,7,92,123,84,15,92,36.6
30068895,4,back pain,1,92,116,70,16,99,36.4
30068896,2,headache,6,92,154,86,13,97,37.2
30068897,2,knee pain,10,69,122,67,11,100,36.7
30068898,4,back pain,5,77,91,70,13,98,37.1
30068899,2,shortness of breath,8,73,128,86,15,97,36.0
30068900,3,fall,5,75,168,59,20,96,38.3
30068901,3,fever,3,86,117,75,18,97,37.1
30068902,3,abdominal pain,1,81,117,82,10,96,36.9
30068903,4,abdominal pain,6,64,137,67,18,99,37.1
30068904,2,chest pain,8,69,154,83,22,100,36.3
30068905,3,back pain,4,84,139,58,17,99,37.2
30068906,3,back pain,6,78,102,75,25,92,37.3
30068907,4,abdominal pain,7,73,157,102,17,100,37.9
30068908,2,shortness of breath,8,70,144,97,16,99,37.8
30068909,3,fever,7,82,120,94,22,94,37.4
30068910,1,shortness of breath,8,90,96,105,23,93,36.2
30068911,4,fever,5,72,96,75,16,98,36.2
30068912,3,headache,2,97,125,79,16,99,36.5
30068913,2,headache,10,88,146,86,16,94,37.9
30068914,4,fall,5,56,96,73,17,95,37.2
30068915,3,fever,1,57,113,127,21,98,37.0
30068916,3,headache,0,76,123,61,22,97,36.9
30068917,4,abdominal pain,2,69,133,78,18,97,36.5
30068918,4,headache,1,84,107,62,11,99,35.4
30068919,3,knee pain,2,85,118,63,14,99,37.3
30068920,3,headache,1,85,142,88,11,92,36.2
30068921,3,fall,6,41,120,95,15,100,36.6
30068922,4,fall,1,111,113,64,17,93,37.3
30068923,3,knee pain,1,71,185,92,20,100,37.5
30068924,2,abdominal pain,8,97,128,84,17,95,38.2
30068925,4,fall,5,80,178,69,16,98,36.9
30068926,3,abdominal pain,3,109,133,83,15,99,36.5
30068927,3,chest pain,2,100,97,106,16,93,36.7
30068928,4,chest pain,1,77,172,53,19,100,36.8
30068929,4,abdominal pain,2,118,123,78,19,100,36.8
30068930,1,abdominal pain,6,84,115,68,18,92,37.3
30068931,4,headache,7,95,101,64,15,100,37.9
30068932,3,chest pain,1,95,138,76,19,95,36.1
30068933,3,fever,6,106,143,67,14,97,38.0
30068934,3,fall,4,69,126,84,23,97,36.2
30068935,3,fever,5,104,136,68,23,97,36.4
30068936,3,headache,2,70,125,71,7,100,37.7
30068937,3,anxiety,5,64,106,62,13,96,38.3
30068938,2,shortness of breath,7,40,104,85,29,100,37.8
30068939,3,laceration,6,106,158,91,14,97,37.4
30068940,3,shortness of breath,3,118,142,75,19,96,37.1
30068941,2,abdominal pain,6,70,118,70,16,93,37.0
30068942,2,chest pain,8,95,108,62,17,99,36.0
30068943,1,chest pain,8,83,94,77,19,100,35.4
30068944,4,fall,4,106,146,76,23,99,36.8
30068945,4,headache,7,86,99,68,16,99,36.7
30068946,5,fall,7,101,111,78,24,100,37.9
30068947,3,laceration,7,108,118,87,23,91,36.4
30068948,2,laceration,7,93,116,82,22,99,35.2
30068949,5,headache,1,73,136,86,14,99,37.9
30068950,3,laceration,6,124,123,97,14,94,37.7
30068951,2,anxiety,8,107,126,71,21,99,35.9
30068952,3,shortness of breath,3,66,128,81,13,95,36.3
30068953,3,headache,0,100,126,66,17,98,37.2
30068954,3,knee pain,5,86,157,64,26,98,37.2
30068955,2,shortness of breath,6,117,140,96,19,99,38.6
30068956,3,headache,1,78,138,105,22,97,35.2
30068957,4,laceration,3,63,136,94,16,100,37.1
30068958,3,laceration,0,79,120,73,16,100,37.1
30068959,3,shortness of breath,4,70,153,74,19,94,36.2
30068960,3,headache,1,58,154,51,18,100,37.5
30068961,2,fall,10,52,124,62,15,94,36.2
30068962,1,shortness of breath,8,65,88,100,17,97,38.3
30068963,1,abdominal pain,10,68,121,45,19,100,38.3
30068964,3,knee pain,5,109,114,104,13,96,36.7
30068965,3,headache,6,52,155,87,15,100,37.5
30068966,3,abdominal pain,3,86,80,103,19,99,37.6
30068967,3,anxiety,2,98,145,77,14,91,37.0
30068968,4,fever,1,115,122,67,13,97,36.5
30068969,4,chest pain,7,92,104,110,20,100,37.1
30068970,4,fever,2,76,86,114,14,97,37.1
30068971,3,anxiety,3,73,119,70,15,99,36.5
30068972,2,chest pain,6,101,108,71,21,97,38.1
30068973,3,chest pain,1,112,112,84,15,96,36.2
30068974,3,laceration,1,115,90,87,20,95,36.8
30068975,3,laceration,0,91,104,81,15,97,36.7
30068976,3,headache,3,82,82,73,17,100,35.7
30068977,3,headache,4,122,88,87,10,95,37.5
30068978,3,headache,2,77,152,51,22,97,37.3
30068979,2,knee pain,10,92,133,69,18,97,38.3
30068980,3,fall,1,65,151,65,20,93,35.6
30068981,3,back pain,4,96,122,84,17,93,36.4
30068982,2,chest pain,9,76,116,76,22,95,36.2
30068983,4,fever,3,60,123,72,22,100,36.9
30068984,4,anxiety,6,99,158,87,18,94,39.1
30068985,3,chest pain,4,71,116,62,22,100,37.3
30068986,4,fever,3,97,140,80,21,93,35.8
30068987,3,knee pain,1,79,151,76,14,96,37.2
30068988,3,laceration,1,72,133,70,18,99,37.2
30068989,1,shortness of breath,6,112,108,85,16,96,37.4
30068990,4,fever,6,79,118,85,22,99,37.6
30068991,4,knee pain,5,58,106,87,19,100,37.6
30068992,3,anxiety,0,70,125,108,13,100,37.0
30068993,3,headache,4,86,106,102,13,97,37.6
30068994,3,chest pain,3,94,130,76,22,98,36.9
30068995,2,chest pain,10,75,124,66,18,95,36.9
30068996,4,fever,0,64,126,88,12,98,36.1
30068997,2,fever,6,71,115,82,22,96,38.3
30068998,3,anxiety,0,70,122,76,19,100,36.3
30068999,3,chest pain,7,57,94,92,19,100,37.5
30069000,4,chest pain,1,74,118,77,19,100,37.3
30069001,3,abdominal pain,5,105,145,53,15,100,38.0
30069002,4,shortness of breath,6,90,131,84,17,100,37.2
30069003,4,headache,2,71,151,59,18,91,37.9
30069004,3,back pain,6,88,127,68,17,99,38.1
30069005,4,fever,0,67,124,63,20,99,36.9
30069006,3,chest pain,7,63,121,102,25,99,37.7
30069007,2,knee pain,8,61,136,64,15,95,37.1
30069008,3,fall,0,86,117,66,19,95,37.5
30069009,2,shortness of breath,10,54,140,86,18,96,37.5
30069010,5,anxiety,5,72,80,98,19,100,36.3
30069011,2,fall,6,61,82,101,17,100,34.1
30069012,3,knee pain,2,41,124,62,14,99,37.5
30069013,2,knee pain,10,82,97,86,11,96,37.8
30069014,3,knee pain,2,76,130,84,20,98,37.0
30069015,4,knee pain,7,122,124,88,11,99,39.0
30069016,4,fever,3,94,133,95,17,92,36.9
30069017,4,anxiety,0,72,126,80,16,97,36.9
30069018,3,anxiety,4,89,136,75,23,95,37.0
30069019,3,knee pain,5,84,131,88,21,94,37.6
30069020,3,chest pain,5,74,130,82,22,96,37.2
30069021,3,fall,0,80,95,82,20,95,36.6
30069022,3,shortness of breath,5,99,112,56,17,98,36.7
30069023,3,knee pain,0,91,100,56,20,97,36.3
30069024,3,fever,4,68,138,60,15,92,37.1
30069025,3,back pain,2,91,117,78,21,95,37.9
30069026,4,laceration,0,78,150,79,17,98,37.1
30069027,3,laceration,7,107,143,93,16,98,36.4
30069028,3,chest pain,1,61,102,81,16,95,38.1
30069029,2,knee pain,9,97,144,77,13,96,36.9
30069030,3,anxiety,6,81,136,63,22,94,37.3
30069031,4,anxiety,0,94,130,81,14,98,36.7
30069032,4,fever,1,108,104,102,18,94,38.4
30069033,3,knee pain,4,87,143,82,22,97,37.6
30069034,4,fever,4,63,91,77,26,95,36.1
30069035,3,anxiety,3,68,95,80,19,88,35.5
30069036,3,knee pain,5,57,152,99,21,99,37.2
30069037,3,chest pain,1,98,138,77,19,98,36.9
30069038,3,fever,4,104,98,96,21,98,37.5
30069039,3,anxiety,7,84,129,66,12,100,37.2
30069040,4,chest pain,0,79,110,62,20,97,37.2
30069041,3,anxiety,6,63,167,65,12,98,37.6
30069042,3,fall,3,89,120,67,13,95,37.5
30069043,4,fever,6,111,141,72,18,96,36.8
30069044,2,back pain,10,82,129,61,17,97,36.3
30069045,2,fever,10,106,129,66,25,95,37.4
30069046,3,headache,5,85,146,95,16,94,36.7
30069047,4,shortness of breath,4,82,110,70,19,98,37.6
30069048,3,abdominal pain,6,98,103,90,20,93,37.3
30069049,4,fever,2,85,141,86,9,98,37.7
30069050,3,headache,3,95,156,76,12,100,35.8
30069051,2,shortness of breath,7,100,127,99,21,98,36.5
30069052,3,headache,2,93,109,66,20,100,37.1
30069053,2,fall,8,61,129,80,16,99,36.8
30069054,3,laceration,4,74,130,70,11,96,37.0
30069055,1,fall,8,99,139,93,19,97,36.8
30069056,2,anxiety,6,90,126,78,15,98,36.2
30069057,3,fever,1,77,94,88,18,93,36.3
30069058,4,knee pain,5,105,117,92,25,99,37.3
30069059,4,abdominal pain,2,91,109,95,16,100,38.7
30069060,3,chest pain,3,90,131,86,19,95,37.2
30069061,2,laceration,8,80,162,77,24,100,37.9
30069062,2,chest pain,9,109,93,98,20,96,36.9
30069063,4,fall,7,97,133,66,25,93,39.3
30069064,3,chest pain,4,113,135,85,16,97,36.9
30069065,3,fall,4,86,109,85,16,91,37.1
30069066,4,fall,7,90,119,97,18,95,36.3
30069067,2,anxiety,7,70,123,90,13,99,36.0
30069068,2,headache,9,75,139,77,17,94,37.7
30069069,3,laceration,3,87,65,60,21,100,38.5
30069070,2,abdominal pain,6,74,121,59,17,96,36.8
30069071,3,knee pain,5,104,146,80,17,94,38.1
30069072,2,back pain,6,70,108,112,16,92,37.1
30069073,3,headache,3,86,182,82,19,97,37.4
30069074,5,fall,0,70,124,75,22,97,36.3
30069075,5,back pain,2,103,119,87,20,96,36.7
30069076,3,abdominal pain,0,94,146,69,15,95,35.7
30069077,2,anxiety,10,93,120,81,12,95,37.0
30069078,3,chest pain,2,62,121,70,21,100,36.2
30069079,3,knee pain,6,100,140,51,17,95,38.1
30069080,3,knee pain,4,100,101,78,17,96,37.2
30069081,2,fall,8,74,121,115,12,97,36.7
30069082,4,chest pain,7,95,139,91,21,97,37.9
30069083,2,anxiety,8,67,127,70,24,99,37.4
30069084,3,anxiety,1,67,115,77,19,100,35.7
30069085,4,chest pain,7,105,123,66,19,98,37.1
30069086,4,knee pain,4,86,144,76,16,95,37.1
30069087,5,chest pain,1,79,112,67,16,95,37.4
30069088,3,fever,6,93,92,109,23,96,36.6
30069089,4,laceration,1,78,111,91,15,97,36.1
30069090,3,laceration,6,94,118,76,19,100,37.2
30069091,4,headache,1,110,130,59,13,100,37.5
30069092,3,chest pain,6,110,146,102,16,99,36.4
30069093,3,fall,4,79,100,67,15,99,37.2
30069094,3,shortness of breath,4,81,114,75,16,100,35.8
30069095,3,fall,6,80,102,61,22,100,37.5
30069096,3,fever,1,90,104,92,23,98,36.4
30069097,3,shortness of breath,0,75,121,60,17,96,37.6
30069098,5,laceration,4,91,128,93,23,100,37.6
30069099,3,fever,5,115,133,56,11,100,37.2
30069100,3,laceration,7,78,168,72,13,97,36.8
30069101,2,back pain,8,68,129,74,19,99,37.3
30069102,4,knee pain,5,82,106,81,23,97,37.0
30069103,3,knee pain,0,56,150,75,16,97,37.2
30069104,2,fall,7,94,149,75,22,100,36.5
30069105,2,headache,10,88,143,105,15,100,38.5
30069106,2,headache,10,87,171,93,21,97,36.9
30069107,4,fever,1,75,131,89,15,96,36.2
30069108,4,laceration,4,78,134,96,16,100,37.7
30069109,2,chest pain,10,67,139,88,30,96,36.6
30069110,2,knee pain,7,82,123,71,11,100,36.2
30069111,3,knee pain,4,81,98,85,19,95,35.7
30069112,4,back pain,5,90,128,60,19,99,36.5
30069113,3,fever,2,97,132,71,18,95,37.2
30069114,4,knee pain,6,83,118,76,20,100,38.5
30069115,3,fever,1,93,95,113,17,97,37.2
30069116,1,fever,10,75,135,80,21,95,36.6
30069117,3,chest pain,0,65,116,72,8,94,36.3
30069118,3,fever,7,90,120,80,24,100,38.4
30069119,3,chest pain,0,75,120,44,7,97,37.1
30069120,2,laceration,9,100,91,77,20,97,37.0
30069121,2,shortness of breath,7,100,137,85,25,100,39.7
30069122,3,abdominal pain,1,87,135,92,12,96,37.3
30069123,3,knee pain,6,91,150,87,18,96,37.2
30069124,3,fall,0,98,163,65,13,94,38.0
30069125,5,knee pain,6,91,111,62,13,95,36.5
30069126,1,headache,6,85,133,83,22,100,37.4
30069127,2,knee pain,9,90,155,93,19,96,38.8
30069128,3,fall,5,96,139,83,20,98,38.2
30069129,3,laceration,0,79,126,57,18,95,37.2
30069130,3,laceration,3,107,125,94,21,99,37.4
30069131,3,anxiety,6,83,142,52,14,100,36.2
30069132,3,fall,6,83,128,71,14,98,38.0
30069133,4,shortness of breath,1,78,132,73,15,95,36.1
30069134,4,knee pain,7,71,94,45,20,98,35.9
30069135,3,back pain,3,107,90,55,6,100,35.9
30069136,5,laceration,0,70,102,93,18,96,37.1
30069137,2,laceration,6,88,130,92,13,96,38.9
30069138,3,back pain,2,82,136,94,16,92,36.4
30069139,3,back pain,1,117,116,84,17,100,36.5
30069140,2,laceration,10,79,172,90,14,99,38.4
30069141,2,laceration,6,105,134,109,17,96,34.8
30069142,5,anxiety,1,89,142,90,16,100,36.9
30069143,3,anxiety,3,98,95,77,20,92,37.2
30069144,3,fever,3,84,107,64,19,96,36.0
30069145,3,abdominal pain,2,70,92,74,18,94,36.7
30069146,3,headache,6,67,123,57,18,95,37.2
30069147,3,knee pain,2,67,122,122,18,99,36.5
30069148,3,knee pain,1,79,110,79,19,96,37.4
30069149,3,anxiety,3,77,109,65,16,94,38.7
30069150,3,chest pain,0,64,123,87,15,97,35.7
30069151,3,chest pain,4,59,132,80,12,99,36.8
30069152,3,fall,0,100,127,61,22,96,38.4
30069153,4,headache,5,68,90,90,23,97,38.0
30069154,3,fever,3,77,121,89,16,98,36.8
30069155,3,chest pain,0,96,118,93,18,97,37.8
30069156,3,shortness of breath,1,76,142,87,16,100,37.2
30069157,4,knee pain,3,86,124,57,21,100,36.7
30069158,1,anxiety,10,90,93,77,16,89,36.8
30069159,4,anxiety,7,96,136,102,16,100,36.6
30069160,4,fever,7,83,105,104,18,95,35.6
30069161,5,chest pain,5,105,103,57,24,97,37.4
30069162,4,laceration,5,85,120,68,16,97,37.3
30069163,3,chest pain,5,69,129,81,15,97,39.0
30069164,3,fall,1,68,141,89,13,97,37.0
30069165,2,fever,10,83,134,71,12,98,36.7
30069166,2,fever,9,101,90,87,14,97,37.5
30069167,3,headache,3,106,91,102,17,94,37.1
30069168,4,laceration,3,75,123,87,18,95,35.3
30069169,2,back pain,10,110,87,89,16,97,37.3
30069170,4,knee pain,7,112,156,70,22,98,37.2
30069171,3,fall,6,52,116,62,18,91,36.8
30069172,3,anxiety,2,68,101,80,15,99,38.3
30069173,3,chest pain,6,97,153,104,27,96,37.0
30069174,3,fever,6,65,154,66,13,98,36.5
30069175,5,back pain,3,80,130,97,16,100,37.3
30069176,1,headache,6,68,127,80,16,100,36.7
30069177,2,knee pain,10,97,142,66,23,99,35.8
30069178,3,anxiety,5,113,96,71,24,100,37.0
30069179,4,laceration,0,88,135,99,19,96,37.8
30069180,1,abdominal pain,10,92,133,95,16,93,36.9
30069181,2,abdominal pain,10,67,107,90,22,96,37.4
30069182,3,abdominal pain,5,105,141,67,24,97,37.1
30069183,1,fall,9,95,120,92,18,99,38.2
30069184,3,back pain,4,86,104,79,13,94,36.0
30069185,3,shortness of breath,0,95,100,83,16,96,37.8
30069186,3,anxiety,3,69,125,99,15,96,38.2
30069187,3,abdominal pain,0,84,133,83,24,99,38.2
30069188,4,headache,4,87,125,61,16,95,36.4
30069189,3,fever,5,83,153,88,20,91,37.1
30069190,3,fall,6,80,96,74,18,96,38.8
30069191,3,chest pain,6,69,85,88,19,100,38.9
30069192,3,knee pain,4,99,130,92,15,94,36.6
30069193,3,shortness of breath,4,84,131,92,18,98,36.8
30069194,2,fever,7,90,116,81,5,97,35.4
30069195,3,fall,3,101,122,76,21,100,37.5
30069196,2,chest pain,8,98,133,79,15,94,36.3
30069197,4,fever,5,81,127,102,20,100,37.5
30069198,5,abdominal pain,0,89,106,102,13,100,38.3
30069199,2,abdominal pain,10,64,138,82,16,95,36.5
30069200,3,shortness of breath,2,92,141,89,14,100,38.6
30069201,4,shortness of breath,0,131,134,86,16,96,36.6
30069202,3,fever,5,91,123,91,9,97,37.5
30069203,3,laceration,6,90,146,63,23,99,38.0
30069204,1,laceration,10,75,103,81,18,96,37.3
30069205,3,laceration,5,115,109,64,15,95,36.3
30069206,3,chest pain,1,112,139,90,23,93,38.0
30069207,5,anxiety,2,78,118,94,20,96,37.3
30069208,3,shortness of breath,6,71,126,91,17,97,37.9
30069209,4,anxiety,2,51,129,99,27,95,37.9
30069210,3,fever,1,69,149,80,14,100,35.9
30069211,3,headache,0,71,101,57,20,94,37.2
30069212,2,anxiety,7,77,106,73,13,93,37.8
30069213,3,chest pain,0,68,134,98,14,100,38.2
30069214,2,fever,9,99,132,92,23,100,37.4
30069215,3,laceration,2,90,98,82,22,98,36.7
30069216,3,laceration,5,87,134,77,23,98,38.9
30069217,4,shortness of breath,4,57,150,72,20,100,36.0
30069218,3,abdominal pain,0,89,119,70,16,97,37.1
30069219,1,fall,9,108,115,92,16,100,35.7
30069220,2,fever,6,62,137,57,20,98,35.7
30069221,3,headache,4,77,133,91,14,98,37.5
30069222,3,fever,1,89,128,64,17,99,36.5
30069223,4,abdominal pain,5,85,122,82,24,96,36.0
30069224,4,back pain,6,91,141,115,16,99,36.7
30069225,3,chest pain,0,73,137,80,17,97,35.5
30069226,3,fall,6,91,120,55,26,97,36.7
30069227,2,knee pain,10,102,151,86,24,99,36.0
30069228,2,abdominal pain,7,84,90,71,15,95,37.4
30069229,4,chest pain,7,78,99,79,20,94,36.2
30069230,3,headache,1,80,112,89,25,100,36.7
30069231,5,chest pain,3,99,141,70,20,93,37.4
30069232,3,fever,6,56,86,74,13,97,38.1
30069233,3,fall,7,112,91,98,18,95,36.7
30069234,4,knee pain,2,107,158,77,22,93,38.4
30069235,3,fever,5,71,121,92,18,93,37.4
30069236,3,knee pain,7,89,139,67,22,98,36.4
30069237,3,anxiety,6,86,154,71,19,92,38.4
30069238,3,anxiety,2,41,121,68,18,97,37.5
30069239,3,headache,7,90,120,84,13,99,36.1
30069240,2,chest pain,6,79,123,34,16,100,36.9
30069241,3,shortness of breath,0,88,153,82,12,97,36.8
30069242,3,fall,7,81,133,53,16,99,37.6
30069243,3,fall,0,88,137,87,7,94,37.1
30069244,3,chest pain,7,86,95,120,12,98,36.3
30069245,4,shortness of breath,5,102,121,86,17,98,36.5
30069246,3,chest pain,7,87,163,73,15,95,37.2
30069247,3,headache,4,90,146,92,18,98,35.7
30069248,2,back pain,7,63,128,91,19,95,36.3
30069249,2,chest pain,7,72,128,69,21,99,37.4
30069250,3,shortness of breath,2,95,132,78,18,95,36.5
30069251,3,back pain,1,77,105,85,16,98,37.1
30069252,3,fall,5,70,120,67,20,98,36.2
30069253,3,back pain,0,108,129,66,13,95,37.3
30069254,3,anxiety,0,91,112,99,16,99,37.6
30069255,3,shortness of breath,4,103,118,76,13,97,36.2
30069256,3,headache,1,80,123,67,18,94,37.1
30069257,3,abdominal pain,0,59,115,74,13,96,36.3
30069258,3,back pain,2,59,113,70,23,94,36.4
30069259,3,laceration,7,88,106,100,23,92,36.9
30069260,3,knee pain,6,96,133,61,16,93,37.3
30069261,5,laceration,1,48,109,39,12,97,37.0
30069262,3,laceration,6,88,121,89,16,96,37.0
30069263,1,shortness of breath,9,80,155,80,24,98,38.0
30069264,3,abdominal pain,0,89,134,95,19,100,36.9
30069265,3,fever,6,107,127,88,23,99,37.9
30069266,3,abdominal pain,7,109,133,76,16,92,35.6
30069267,1,back pain,10,106,139,91,20,95,37.4
30069268,3,abdominal pain,3,106,123,60,14,100,36.7
30069269,3,headache,0,88,121,97,15,93,36.8
30069270,3,abdominal pain,1,65,129,99,19,98,35.9
30069271,2,chest pain,9,89,128,76,14,92,36.1
30069272,5,fever,5,82,147,84,28,97,36.8
30069273,1,anxiety,8,100,103,91,16,100,37.1
30069274,3,chest pain,6,101,99,89,17,100,37.5
30069275,2,fever,7,82,119,76,18,100,37.0
30069276,3,fever,4,97,115,82,14,100,37.5
30069277,3,anxiety,5,76,156,116,17,98,37.8
30069278,4,abdominal pain,7,109,113,96,18,98,35.5
30069279,3,headache,0,97,137,102,23,100,35.6
30069280,3,headache,6,79,131,79,17,100,36.4
30069281,3,back pain,5,96,99,85,18,100,38.5
30069282,2,headache,8,90,117,78,18,95,37.5
30069283,3,abdominal pain,6,65,132,74,17,99,36.8
30069284,1,fall,9,79,109,73,23,100,36.9
30069285,4,anxiety,1,94,130,53,10,100,38.2
30069286,3,anxiety,0,90,130,86,25,95,37.9
30069287,2,laceration,8,95,151,61,15,100,36.7
30069288,3,knee pain,3,77,160,87,16,97,37.0
30069289,3,abdominal pain,3,81,98,73,18,95,37.3
30069290,2,laceration,9,111,130,70,21,100,37.3
30069291,3,headache,3,87,128,63,13,100,35.7
30069292,2,fever,10,78,114,84,20,95,37.6
30069293,2,laceration,10,73,128,97,24,97,36.2
30069294,2,back pain,8,68,150,89,16,96,35.7
30069295,3,fever,2,94,129,77,12,100,37.0
30069296,3,back pain,4,77,118,104,23,93,36.7
30069297,3,chest pain,6,103,84,97,17,100,36.6
30069298,5,anxiety,5,62,70,82,29,94,37.3
30069299,3,knee pain,3,82,113,30,18,100,37.9
30069300,2,anxiety,10,76,93,83,15,100,38.2
30069301,3,headache,3,89,127,79,18,99,36.2
30069302,4,abdominal pain,0,100,138,103,16,95,37.0
30069303,3,shortness of breath,7,82,127,79,18,97,36.7
30069304,4,fall,5,86,79,84,17,90,36.7
30069305,3,fever,1,100,97,73,16,95,37.2
30069306,3,headache,2,72,126,97,17,96,37.9
30069307,3,headache,3,87,148,87,14,97,37.5
30069308,2,laceration,6,105,119,88,20,97,36.7
30069309,3,knee pain,2,100,126,91,28,96,36.4
30069310,4,chest pain,1,74,129,80,19,98,36.6
30069311,3,abdominal pain,1,93,83,86,13,100,36.4
30069312,1,fever,7,87,109,81,14,97,38.1
30069313,2,fall,6,90,132,100,15,92,39.1
30069314,4,headache,4,72,128,85,15,96,37.4
30069315,4,laceration,7,70,85,58,22,97,36.1
30069316,2,shortness of breath,8,30,128,76,13,98,36.1
30069317,3,back pain,2,92,122,90,20,100,35.8
30069318,4,abdominal pain,4,81,154,82,28,96,36.4
30069319,4,shortness of breath,4,86,111,61,14,98,38.4
30069320,4,laceration,5,98,105,73,20,93,36.3
30069321,2,shortness of breath,7,89,130,87,23,96,37.2
30069322,3,laceration,7,94,126,62,29,98,35.8
30069323,3,laceration,7,79,118,57,14,94,36.6
30069324,1,back pain,10,80,133,68,18,96,36.2
30069325,4,knee pain,5,92,122,65,17,96,37.1
30069326,3,fever,7,94,160,81,18,95,36.8
30069327,2,fever,8,78,167,72,24,98,36.7
30069328,3,laceration,6,90,129,93,24,93,37.7
30069329,4,fall,6,77,97,97,13,100,36.3
30069330,3,chest pain,2,82,144,52,19,100,37.4
30069331,3,abdominal pain,4,98,132,86,16,99,36.0
30069332,4,back pain,7,63,120,72,15,99,36.3
30069333,5,back pain,3,66,161,67,9,98,36.1
30069334,3,fever,3,74,137,59,22,97,36.4
30069335,4,knee pain,3,101,101,84,10,100,37.7
30069336,3,fall,0,105,144,60,21,98,36.9
30069337,2,fever,10,84,118,96,26,93,37.3
30069338,3,chest pain,2,57,154,88,18,96,36.8
30069339,4,shortness of breath,7,94,144,84,16,97,37.6
30069340,3,back pain,1,72,133,84,15,97,37.1
30069341,3,headache,6,91,84,90,17,95,37.3
30069342,2,laceration,7,75,147,68,23,98,37.5
30069343,3,fall,2,81,133,89,25,100,35.5
30069344,3,chest pain,7,89,162,61,6,98,37.2
30069345,3,shortness of breath,0,98,106,98,12,100,36.4
30069346,4,headache,1,91,149,73,12,100,37.8
30069347,3,shortness of breath,1,80,97,91,16,97,37.0
30069348,1,laceration,9,71,129,75,12,97,36.6
30069349,4,headache,1,77,111,84,27,100,37.0
30069350,4,shortness of breath,3,77,133,76,23,97,36.8
30069351,2,knee pain,8,86,97,76,17,97,36.9
30069352,4,anxiety,7,81,174,99,19,97,36.8
30069353,3,shortness of breath,7,102,140,75,13,95,36.7
30069354,3,headache,6,87,148,62,21,92,37.8
30069355,2,back pain,8,98,97,79,21,96,37.0
30069356,3,abdominal pain,4,60,120,96,19,95,36.5
30069357,3,fall,6,103,136,68,18,97,38.3
30069358,4,laceration,0,99,107,65,20,94,37.4
30069359,3,laceration,2,60,125,78,22,100,35.6
30069360,3,anxiety,1,98,110,74,23,97,36.6
30069361,4,knee pain,5,91,126,66,29,100,38.3
30069362,4,abdominal pain,4,87,130,104,23,100,37.8
30069363,4,fall,1,88,161,61,19,98,37.1
30069364,5,abdominal pain,0,85,116,69,19,96,36.4
30069365,4,knee pain,0,75,103,74,14,96,37.0
30069366,3,laceration,2,94,112,91,19,94,37.0
30069367,3,fall,2,103,104,83,18,98,36.4
30069368,3,fall,4,90,148,70,12,91,37.3
30069369,5,back pain,7,32,134,100,26,96,37.3
30069370,3,headache,7,80,108,62,23,94,37.6
30069371,3,knee pain,0,86,106,101,14,98,37.3
30069372,4,abdominal pain,2,94,95,60,25,99,37.2
30069373,2,fall,9,88,156,86,16,100,36.8
30069374,3,shortness of breath,0,84,155,75,13,93,36.7
30069375,4,chest pain,1,101,133,102,20,97,37.6
30069376,3,fall,7,63,106,59,20,93,37.6
30069377,4,abdominal pain,5,105,132,78,19,97,36.9
30069378,3,shortness of breath,4,114,127,67,13,100,38.5
30069379,1,headache,6,81,151,83,15,98,36.8
30069380,1,laceration,7,66,132,63,19,99,35.9
30069381,3,fever,4,105,148,79,20,100,37.0
30069382,4,laceration,4,97,141,87,20,98,38.5
30069383,2,knee pain,6,69,134,96,16,94,37.2
30069384,2,abdominal pain,9,85,151,68,15,94,35.7
30069385,3,abdominal pain,0,83,124,112,23,99,36.3
30069386,2,chest pain,10,72,128,49,17,93,36.4
30069387,4,knee pain,5,83,144,58,16,93,36.7
30069388,3,knee pain,0,70,88,77,17,93,37.2
30069389,3,fall,2,84,112,85,16,100,37.9
30069390,4,knee pain,4,80,116,83,19,97,37.0
30069391,2,fall,7,79,136,84,15,94,36.9
30069392,3,headache,2,87,133,89,25,100,36.7
30069393,4,fall,3,69,130,85,23,100,38.3
30069394,4,anxiety,4,93,87,119,21,98,37.0
30069395,5,fever,1,94,126,43,13,94,37.0
30069396,2,anxiety,7,76,121,103,21,100,36.9
30069397,3,shortness of breath,1,96,95,87,21,99,35.4
30069398,2,back pain,8,105,110,65,20,100,37.5
30069399,4,fever,0,113,144,70,19,98,36.4
30069400,3,laceration,5,107,102,58,19,97,38.5
30069401,3,abdominal pain,3,92,86,100,17,97,36.9
30069402,4,knee pain,1,74,91,61,15,96,36.0
30069403,3,anxiety,0,95,146,93,22,100,36.9
30069404,3,headache,6,105,145,61,22,100,37.9
30069405,2,knee pain,6,66,121,96,5,95,36.6
30069406,2,chest pain,8,84,139,62,19,92,36.4
30069407,3,shortness of breath,5,85,92,82,24,94,36.2
30069408,3,headache,0,85,133,72,22,97,36.4
30069409,5,back pain,0,80,144,81,25,95,36.7
30069410,3,chest pain,3,101,138,74,18,97,36.3
30069411,2,laceration,7,94,105,85,15,98,38.0
30069412,2,headache,6,95,123,95,7,89,37.0
30069413,3,chest pain,5,74,101,62,21,95,36.7
30069414,3,knee pain,4,82,132,78,18,93,36.7
30069415,4,abdominal pain,7,56,136,74,21,99,38.1
30069416,3,laceration,0,79,116,74,18,95,38.5
30069417,1,headache,7,76,141,100,24,98,37.5
30069418,3,fall,5,112,112,91,15,98,37.7
30069419,3,knee pain,6,82,129,90,14,92,37.1
30069420,2,knee pain,6,63,144,80,19,89,37.1
30069421,4,laceration,0,88,116,54,19,94,37.6
30069422,3,back pain,1,79,149,77,20,100,37.5
30069423,3,chest pain,7,64,90,96,24,99,35.6
30069424,5,knee pain,0,77,92,64,20,94,37.3
30069425,5,chest pain,6,77,136,47,25,100,37.2
30069426,3,fall,5,97,131,63,23,95,37.0
30069427,4,fever,3,85,157,88,18,93,36.7
30069428,3,knee pain,4,109,121,99,15,95,37.7
30069429,3,fall,7,94,112,61,22,100,35.6
30069430,5,anxiety,7,90,144,90,19,98,36.3
30069431,3,headache,0,95,135,103,19,94,36.3
30069432,3,anxiety,0,90,128,61,19,97,37.8
30069433,1,shortness of breath,6,69,110,82,12,100,38.0
30069434,3,anxiety,0,94,135,82,17,90,38.6
30069435,3,anxiety,1,88,162,67,21,94,37.1
30069436,3,knee pain,2,103,134,93,22,99,36.7
30069437,3,shortness of breath,6,68,136,61,19,95,37.1
30069438,3,fall,3,60,105,63,9,98,37.4
30069439,2,abdominal pain,6,104,123,79,17,93,35.7
30069440,1,headache,6,103,166,78,22,95,37.7
30069441,2,knee pain,9,93,115,71,19,97,36.0
30069442,4,anxiety,5,69,135,79,16,100,35.6
30069443,2,shortness of breath,7,77,102,53,14,97,36.8
30069444,4,shortness of breath,5,90,124,83,24,99,35.8
30069445,3,shortness of breath,6,99,138,82,15,98,36.9
30069446,2,headache,6,98,136,77,15,94,37.9
30069447,3,back pain,5,84,143,73,21,100,38.3
30069448,3,chest pain,7,76,126,42,23,100,37.5
30069449,4,fall,3,68,131,85,19,96,37.2
30069450,4,anxiety,0,110,138,94,20,96,37.7
30069451,3,shortness of breath,7,92,118,72,19,99,37.4
30069452,3,back pain,0,53,106,95,21,93,37.2
30069453,3,chest pain,3,84,101,92,18,95,36.4
30069454,3,abdominal pain,3,80,125,88,16,95,37.0
30069455,3,abdominal pain,2,101,107,72,9,98,37.4
30069456,4,fever,0,83,126,68,21,100,38.3
30069457,2,back pain,8,111,137,94,19,97,38.0
30069458,3,back pain,0,102,118,90,24,99,35.6
30069459,3,fall,6,112,132,86,18,93,36.7
30069460,3,headache,1,85,118,84,9,96,36.8
30069461,3,fever,6,112,91,79,22,93,37.9
30069462,1,anxiety,9,80,121,69,19,99,36.5
30069463,4,fever,7,69,116,78,17,100,37.0
30069464,3,back pain,4,98,160,82,14,94,37.7
30069465,3,laceration,4,94,111,32,21,93,38.5
30069466,3,headache,1,79,137,68,16,97,36.6
30069467,3,laceration,6,75,170,77,22,97,36.3
30069468,3,abdominal pain,7,96,109,81,26,99,37.1
30069469,3,laceration,0,98,128,77,21,94,36.8
30069470,3,shortness of breath,5,94,123,70,17,99,36.6
30069471,1,laceration,7,79,95,92,24,97,37.5
30069472,3,fever,2,71,96,60,10,100,38.2
30069473,2,chest pain,7,93,122,80,18,95,38.3
30069474,1,knee pain,7,84,135,66,20,99,36.8
30069475,4,back pain,5,89,132,80,20,98,36.4
30069476,2,knee pain,10,100,158,66,18,96,37.7
30069477,3,chest pain,6,101,91,77,20,99,37.4
30069478,2,anxiety,9,104,134,78,16,96,37.9
30069479,3,fever,5,69,112,87,15,98,36.1
30069480,3,headache,4,87,123,86,17,100,37.4
30069481,5,chest pain,7,89,71,79,24,97,38.1
30069482,3,back pain,1,83,159,94,23,95,36.4
30069483,2,laceration,7,77,135,96,23,90,36.9
30069484,3,fall,0,109,144,58,17,100,36.0
30069485,4,laceration,7,65,134,75,14,94,37.3
30069486,3,anxiety,6,100,156,89,18,97,36.0
30069487,3,anxiety,6,92,134,84,18,100,36.3
30069488,4,fall,7,100,95,69,18,98,36.6
30069489,3,back pain,2,95,140,75,14,89,36.3
30069490,3,fall,7,83,80,81,20,95,37.6
30069491,4,fall,7,79,127,75,20,99,37.2
30069492,3,laceration,6,91,141,70,20,98,37.7
30069493,3,fall,5,79,132,90,19,91,36.8
30069494,3,knee pain,5,80,129,80,21,98,36.3
30069495,4,fall,1,80,154,82,22,94,37.4
30069496,3,knee pain,7,103,113,82,23,93,36.2
30069497,2,shortness of breath,6,81,131,104,20,95,37.5
30069498,3,headache,0,87,98,95,14,95,37.4
30069499,2,fall,9,94,156,75,18,94,37.2
30069500,4,laceration,5,72,125,83,15,93,36.1
30069501,2,knee pain,9,96,133,83,25,95,37.3
30069502,3,fever,3,105,119,67,22,99,36.6
30069503,3,fall,0,83,137,76,13,99,36.8
30069504,3,shortness of breath,1,86,98,68,22,95,35.8
30069505,3,knee pain,4,126,120,96,17,93,37.2
30069506,3,headache,5,95,137,95,15,94,38.2
30069507,3,back pain,5,83,108,76,20,99,37.2
30069508,2,fever,9,50,101,97,16,96,37.3
30069509,2,laceration,7,112,106,63,21,93,36.4
30069510,5,chest pain,3,63,114,91,17,100,36.8
30069511,3,chest pain,5,90,128,82,19,91,37.0
30069512,2,shortness of breath,8,68,140,59,20,99,37.3
30069513,3,chest pain,0,86,123,71,12,97,38.7
30069514,3,knee pain,1,80,81,94,13,95,37.8
30069515,1,anxiety,10,96,123,82,18,97,38.7
30069516,3,fall,3,78,148,64,9,97,37.8
30069517,3,abdominal pain,2,110,124,113,23,96,36.8
30069518,3,fall,6,73,135,56,12,96,37.2
30069519,3,abdominal pain,6,75,149,84,17,95,37.2
30069520,4,knee pain,6,78,72,64,12,99,37.7
30069521,3,shortness of breath,6,86,126,84,16,88,37.1
30069522,3,fever,6,78,126,96,10,96,36.0
30069523,1,chest pain,7,63,127,59,21,100,36.6
30069524,3,laceration,3,98,135,59,22,97,37.0
30069525,5,shortness of breath,6,108,110,64,15,100,36.7
30069526,3,shortness of breath,7,76,142,98,16,100,38.1
30069527,2,back pain,9,86,125,67,20,93,37.4
30069528,3,laceration,2,70,76,74,11,97,38.1
30069529,2,abdominal pain,8,90,177,72,20,100,38.2
30069530,4,chest pain,6,81,81,85,9,91,36.6
30069531,3,anxiety,3,103,113,76,13,96,37.9
30069532,3,headache,6,99,111,81,15,94,35.9
30069533,2,laceration,9,93,137,84,19,98,37.3
30069534,3,chest pain,1,66,94,77,20,90,36.6
30069535,4,back pain,6,87,139,57,14,98,36.8
30069536,3,anxiety,0,56,100,94,18,92,36.0
30069537,3,headache,3,75,104,68,18,93,36.7
30069538,3,shortness of breath,3,90,108,93,18,91,36.8
30069539,1,chest pain,8,91,153,86,17,97,35.1
30069540,4,anxiety,2,93,121,59,24,98,36.3
30069541,3,fall,0,106,136,79,12,94,36.0
30069542,3,laceration,7,96,158,120,17,98,36.0
30069543,4,knee pain,3,98,108,71,18,100,38.0
30069544,3,anxiety,7,76,108,70,25,98,37.7
30069545,3,back pain,2,68,140,89,16,95,36.6
30069546,2,laceration,10,99,100,84,23,94,36.7
30069547,4,headache,6,56,139,64,22,97,37.2
30069548,3,fever,4,93,108,97,15,100,38.1
30069549,3,headache,0,59,113,79,14,100,36.3
30069550,4,anxiety,4,70,109,76,21,99,37.4
30069551,3,back pain,7,62,118,72,15,93,37.6
30069552,4,back pain,3,93,149,57,19,93,36.9
30069553,3,fall,1,79,166,79,13,95,37.8
30069554,3,knee pain,4,66,57,103,14,97,36.8
30069555,2,fall,10,90,146,51,13,95,38.1
30069556,4,fever,1,74,139,87,26,99,37.5
30069557,5,headache,7,90,144,95,20,100,36.8
30069558,3,fever,3,71,124,71,23,99,36.5
30069559,3,knee pain,4,98,97,81,17,100,36.6
30069560,3,shortness of breath,2,98,118,91,16,96,37.6
30069561,3,fall,0,102,99,97,15,97,37.1
30069562,3,laceration,3,52,111,81,15,96,36.5
30069563,3,abdominal pain,1,79,121,69,19,97,36.2
30069564,5,laceration,5,89,131,65,19,97,35.8
30069565,2,headache,7,93,157,92,15,96,36.4
30069566,3,abdominal pain,5,75,93,79,24,95,36.0
30069567,3,chest pain,5,122,120,99,13,91,36.9
30069568,3,back pain,3,57,140,73,25,98,36.7
30069569,3,abdominal pain,6,82,124,106,15,92,37.8
30069570,3,headache,0,65,78,97,14,92,36.4
30069571,3,shortness of breath,5,100,149,62,16,94,34.8
30069572,3,laceration,7,62,135,85,23,96,36.7
30069573,2,shortness of breath,9,109,160,85,12,95,36.9
30069574,3,abdominal pain,0,95,117,63,18,98,37.1
30069575,5,chest pain,2,89,125,69,14,99,36.1
30069576,3,fever,0,70,132,95,14,100,37.3
30069577,3,laceration,1,82,124,108,14,93,37.1
30069578,4,fever,2,90,137,98,22,96,36.7
30069579,2,shortness of breath,10,93,117,72,17,96,38.0
30069580,1,fall,9,65,117,60,10,95,36.1
30069581,4,laceration,0,86,96,82,14,100,37.7
30069582,3,anxiety,5,79,158,88,23,100,38.1
30069583,3,shortness of breath,3,91,120,80,13,100,36.3
30069584,5,shortness of breath,0,78,146,72,18,99,36.9
30069585,2,knee pain,10,84,150,52,10,95,36.3
30069586,3,back pain,1,62,139,62,14,99,37.0
30069587,3,laceration,0,80,135,58,22,93,36.4
30069588,1,anxiety,6,106,124,49,19,99,38.9
30069589,3,chest pain,7,75,109,84,10,100,37.2
30069590,3,chest pain,4,80,183,103,21,98,34.8
30069591,3,knee pain,3,105,146,64,23,97,36.6
30069592,4,knee pain,6,94,135,84,16,98,38.0
30069593,3,shortness of breath,4,77,128,92,21,92,37.0
30069594,3,abdominal pain,0,113,153,76,21,94,37.2
30069595,2,fall,9,103,112,91,17,96,37.6
30069596,3,knee pain,3,67,127,62,18,97,37.5
30069597,2,anxiety,8,88,118,63,17,97,38.0
30069598,1,laceration,9,84,130,75,16,99,37.1
30069599,3,shortness of breath,3,130,131,59,24,98,35.8
30069600,1,laceration,9,111,101,84,16,100,36.9
30069601,3,shortness of breath,7,87,139,90,19,100,37.7
30069602,4,knee pain,1,113,119,75,21,97,38.0
30069603,4,knee pain,5,103,143,74,13,95,36.6
30069604,3,fever,6,73,90,99,22,95,35.4
30069605,4,headache,0,66,160,101,22,90,37.2
30069606,3,back pain,3,76,130,76,19,94,36.5
30069607,2,knee pain,6,62,88,60,14,100,37.0
30069608,2,back pain,8,103,113,71,21,88,37.9
30069609,4,fall,0,79,138,58,18,99,37.6
30069610,1,abdominal pain,8,95,133,75,19,99,38.1
30069611,3,chest pain,7,67,120,102,19,95,37.1
30069612,2,anxiety,10,113,111,97,14,94,37.2
30069613,4,chest pain,6,118,126,69,16,90,36.5
30069614,2,anxiety,10,109,102,93,11,100,36.5
30069615,3,back pain,7,69,131,75,10,93,37.3
30069616,3,laceration,3,100,160,92,20,95,37.8
30069617,3,abdominal pain,4,104,112,80,21,99,37.0
30069618,3,knee pain,4,53,108,91,28,98,38.2
30069619,4,anxiety,5,68,122,84,18,99,37.7
30069620,4,fall,3,97,120,90,16,96,36.5
30069621,3,abdominal pain,6,91,150,91,16,94,37.4
30069622,2,anxiety,7,104,161,92,17,98,36.7
30069623,3,chest pain,1,78,129,85,21,96,36.9
30069624,3,knee pain,2,82,107,70,22,98,36.7
30069625,2,fall,6,92,100,83,25,91,35.9
30069626,4,anxiety,4,80,87,75,15,100,37.0
30069627,5,anxiety,6,79,159,86,9,97,36.8
30069628,4,fall,6,104,128,105,19,94,37.1
30069629,3,laceration,4,78,123,65,17,98,36.5
30069630,3,back pain,0,77,117,60,19,98,37.0
30069631,2,anxiety,6,116,110,82,21,96,37.0
30069632,3,fall,6,99,161,72,21,94,38.0
30069633,3,anxiety,3,72,100,102,17,95,37.9
30069634,3,back pain,3,79,142,73,15,98,37.0
30069635,3,fall,1,76,120,112,17,98,38.3
30069636,2,fall,6,108,123,84,15,94,36.9
30069637,3,anxiety,5,108,127,89,15,94,36.3
30069638,3,chest pain,2,79,125,91,20,100,37.8
30069639,4,back pain,6,84,150,68,15,97,37.5
30069640,2,fever,10,115,146,71,11,100,37.5
30069641,3,back pain,3,87,123,78,22,97,36.4
30069642,3,fall,5,81,124,79,16,94,36.4
30069643,3,knee pain,2,85,122,73,16,98,36.9
30069644,3,anxiety,1,58,108,90,16,95,36.4
30069645,3,anxiety,2,65,162,75,18,100,35.9
30069646,3,anxiety,6,72,96,88,14,99,38.1
30069647,3,laceration,0,106,117,60,14,96,37.0
30069648,3,abdominal pain,2,99,113,71,19,98,37.5
30069649,4,laceration,1,85,124,59,23,100,36.9
30069650,3,knee pain,7,46,138,85,23,97,36.8
30069651,3,fall,2,73,110,88,12,100,38.2
30069652,5,laceration,0,66,99,61,24,99,37.1
30069653,3,fall,4,86,163,78,13,100,36.1
30069654,3,headache,5,91,102,74,25,95,36.5
30069655,3,knee pain,4,104,103,76,19,99,36.5
30069656,3,fall,5,91,128,68,17,96,36.1
30069657,5,fall,7,100,114,61,18,96,37.3
30069658,3,fever,2,96,134,46,16,91,36.3
30069659,3,fall,3,82,129,66,16,99,35.9
30069660,3,anxiety,5,73,112,76,19,96,37.4
30069661,2,laceration,9,110,144,73,20,93,37.6
30069662,2,fever,10,88,124,97,19,97,37.2
30069663,3,abdominal pain,6,73,134,50,21,98,38.0
30069664,3,knee pain,2,77,128,96,24,95,38.2
30069665,2,anxiety,8,89,117,79,14,93,36.6
30069666,1,fever,8,68,124,63,15,100,35.7
30069667,4,abdominal pain,3,69,145,57,23,96,36.8
30069668,3,chest pain,5,57,113,120,16,95,38.2
30069669,3,headache,7,59,125,108,16,99,37.2
30069670,2,back pain,8,69,151,83,16,98,36.4
30069671,4,chest pain,2,95,89,92,17,100,38.0
30069672,4,laceration,5,97,91,55,18,94,36.7
30069673,3,knee pain,3,85,105,51,21,98,37.1
30069674,2,shortness of breath,7,92,104,75,18,100,36.9
30069675,2,abdominal pain,8,89,149,86,13,91,35.4
30069676,3,fall,5,70,154,79,13,98,35.5
30069677,4,laceration,4,85,133,76,12,99,36.1
30069678,2,knee pain,7,72,116,84,16,100,36.6
30069679,2,fall,9,127,101,80,16,100,37.3
30069680,3,fall,0,87,109,95,18,99,36.6
30069681,3,chest pain,1,68,114,97,18,100,36.1
30069682,3,headache,4,102,122,72,19,94,36.6
30069683,2,chest pain,10,110,118,46,20,94,37.7
30069684,1,knee pain,10,119,97,92,16,100,35.7
30069685,2,anxiety,8,86,140,69,10,99,36.7
30069686,1,chest pain,10,80,164,95,14,98,38.0
30069687,2,knee pain,7,86,137,82,26,96,37.2
30069688,4,chest pain,4,75,116,65,18,98,37.4
30069689,2,fall,8,78,114,70,19,93,37.0
30069690,4,laceration,0,78,120,97,16,96,36.8
30069691,3,anxiety,3,83,117,71,18,100,36.4
30069692,3,fall,5,103,158,94,15,97,37.2
30069693,3,laceration,7,86,120,90,16,100,36.3
30069694,2,knee pain,6,69,138,78,18,98,36.7
30069695,3,knee pain,2,67,127,82,16,92,36.8
30069696,4,anxiety,5,73,133,73,19,93,36.5
30069697,2,back pain,10,87,109,102,22,100,37.8
30069698,2,knee pain,8,91,130,85,25,97,37.7
30069699,3,chest pain,2,100,110,60,25,94,38.6
30069700,3,headache,4,94,86,76,14,95,36.4
30069701,4,fall,4,76,129,89,24,98,36.8
30069702,3,chest pain,2,64,111,95,18,93,36.9
30069703,4,chest pain,3,74,108,97,18,98,36.8
30069704,5,headache,7,75,105,70,20,100,35.3
30069705,3,knee pain,4,72,137,79,23,96,37.2
30069706,2,fall,9,88,145,102,24,99,37.9
30069707,3,shortness of breath,0,101,129,92,20,98,35.0
30069708,3,fall,7,93,145,72,23,99,38.3
30069709,3,chest pain,6,74,129,67,15,97,36.6
30069710,3,fall,1,54,125,76,14,94,38.6
30069711,3,headache,2,65,109,71,23,99,37.0
30069712,1,abdominal pain,6,87,164,120,13,98,37.6
30069713,5,knee pain,5,72,99,120,17,100,37.6
30069714,1,anxiety,7,81,107,89,24,95,37.0
30069715,3,back pain,1,70,154,67,21,95,36.0
30069716,4,headache,4,107,111,103,18,100,36.3
30069717,3,anxiety,6,71,135,68,19,97,37.5
30069718,3,shortness of breath,4,98,155,91,17,93,35.8
30069719,3,laceration,3,98,139,93,21,98,37.8
30069720,4,abdominal pain,1,70,139,94,22,100,38.0
30069721,3,headache,0,75,138,92,22,96,37.1
30069722,3,anxiety,0,106,127,100,19,100,36.1
30069723,4,fever,0,80,116,74,12,94,37.2
30069724,5,shortness of breath,4,81,95,87,22,100,38.7
30069725,3,back pain,6,107,125,83,23,98,36.8
30069726,5,fall,2,76,131,89,16,99,35.6
30069727,3,headache,1,63,120,95,24,91,37.8
30069728,3,chest pain,6,78,158,92,20,97,35.5
30069729,3,headache,3,110,157,90,19,99,37.9
30069730,3,abdominal pain,6,94,121,107,21,99,38.1
30069731,2,fever,8,81,113,58,22,98,38.2
30069732,4,shortness of breath,7,82,114,72,20,95,35.7
30069733,3,back pain,6,84,139,72,17,94,36.4
30069734,3,fever,0,80,127,71,20,95,37.4
30069735,3,back pain,2,91,153,106,16,96,37.6
30069736,1,abdominal pain,7,78,144,64,17,100,36.3
30069737,4,chest pain,7,88,140,70,25,94,37.5
30069738,3,headache,5,71,117,112,20,97,38.1
30069739,1,headache,8,49,104,92,20,98,37.3
30069740,3,anxiety,1,76,110,90,18,97,36.5
30069741,3,shortness of breath,0,67,86,61,14,93,37.3
30069742,3,shortness of breath,5,77,149,83,14,95,36.0
30069743,2,headache,7,89,130,84,12,97,37.7
30069744,3,anxiety,4,102,155,71,14,96,36.6
30069745,4,chest pain,1,90,153,93,27,100,37.0
30069746,5,abdominal pain,6,81,108,91,22,97,37.8
30069747,2,shortness of breath,6,72,137,84,19,100,37.9
30069748,3,shortness of breath,2,91,118,87,18,94,38.6
30069749,3,shortness of breath,1,59,109,74,21,96,35.7
30069750,4,fever,0,85,110,74,13,97,38.2
30069751,3,fever,4,103,128,75,25,96,36.8
30069752,2,chest pain,7,82,113,92,20,100,37.9
30069753,4,knee pain,6,70,137,107,15,91,36.8
30069754,3,knee pain,7,106,127,85,16,97,35.9
30069755,3,headache,0,68,132,73,23,96,36.8
30069756,2,knee pain,8,109,123,109,19,98,36.1
30069757,3,laceration,6,81,110,77,14,95,36.7
30069758,2,headache,8,80,126,56,27,94,37.2
30069759,2,laceration,6,85,97,82,18,99,38.1
30069760,4,abdominal pain,5,76,140,87,20,92,36.4
30069761,3,fall,3,83,141,91,12,100,36.8
30069762,1,shortness of breath,6,79,131,67,25,93,35.7
30069763,4,chest pain,2,89,102,80,24,92,37.9
30069764,4,laceration,3,80,122,77,23,92,37.2
30069765,3,fall,0,80,144,76,19,100,37.6
30069766,4,anxiety,0,81,142,90,23,95,36.7
30069767,3,shortness of breath,0,54,103,58,18,99,36.7
30069768,3,laceration,6,69,109,78,27,96,36.9
30069769,2,fever,9,84,156,109,20,100,36.2
30069770,3,shortness of breath,7,65,93,81,16,96,37.0
30069771,3,abdominal pain,2,70,120,71,19,100,36.1
30069772,3,knee pain,5,86,157,95,7,98,37.0
30069773,4,headache,3,85,153,75,22,94,37.7
30069774,2,knee pain,7,90,127,61,15,100,39.7
30069775,5,laceration,4,92,148,66,17,96,37.6
30069776,3,headache,5,85,120,87,17,92,36.9
30069777,3,knee pain,4,94,127,90,16,95,35.4
30069778,3,abdominal pain,5,87,120,79,18,96,36.9
30069779,4,fever,4,53,97,41,21,95,37.3
30069780,2,fall,9,49,126,79,15,94,36.8
30069781,4,knee pain,3,74,181,86,15,97,36.4
30069782,3,fever,7,81,151,90,23,100,36.4
30069783,3,shortness of breath,1,93,98,58,14,100,37.8
30069784,2,laceration,7,88,95,68,19,100,36.0
30069785,3,laceration,0,87,141,77,17,100,37.6
30069786,3,abdominal pain,6,73,87,70,19,95,36.6
30069787,2,headache,10,99,125,79,22,99,36.4
30069788,3,laceration,6,87,120,76,6,95,37.9
30069789,3,shortness of breath,3,101,137,80,14,95,37.6
30069790,2,fall,8,89,156,60,20,99,37.7
30069791,3,shortness of breath,6,90,129,89,19,100,36.6
30069792,3,shortness of breath,1,78,128,124,18,100,36.9
30069793,3,fever,2,79,97,65,22,100,37.5
30069794,3,chest pain,1,93,139,71,22,96,36.6
30069795,3,abdominal pain,5,82,120,97,22,94,37.1
30069796,4,back pain,0,83,127,61,14,95,37.0
30069797,2,abdominal pain,7,83,129,95,15,100,36.9
30069798,4,headache,7,62,114,84,18,91,36.2
30069799,5,headache,0,60,102,72,10,100,36.0
30069800,2,fall,8,92,106,76,19,90,36.6
30069801,2,back pain,9,64,129,59,26,100,38.2
30069802,1,knee pain,10,55,154,69,21,95,36.7
30069803,3,shortness of breath,4,104,122,90,21,98,36.7
30069804,1,shortness of breath,8,81,123,84,22,96,36.9
30069805,3,laceration,1,78,126,84,28,97,36.4
30069806,3,fever,1,85,110,78,15,92,36.8
30069807,5,laceration,0,69,143,58,18,94,37.4
30069808,2,knee pain,6,81,127,95,9,98,36.8
30069809,1,fall,7,79,128,62,8,100,37.6
30069810,3,back pain,3,109,171,78,18,97,36.2
30069811,3,knee pain,3,88,138,94,17,100,35.9
30069812,4,laceration,1,73,116,87,21,96,37.1
30069813,4,chest pain,1,108,118,102,13,100,37.7
30069814,2,anxiety,10,94,135,106,12,96,35.9
30069815,3,laceration,7,79,108,87,16,98,36.9
30069816,3,anxiety,7,63,100,97,14,91,36.9
30069817,1,laceration,10,84,155,82,16,100,36.9
30069818,3,headache,5,45,140,90,27,94,37.0
30069819,3,shortness of breath,7,107,132,93,23,96,37.5
30069820,3,anxiety,4,80,129,49,17,96,36.3
30069821,3,laceration,7,114,145,62,22,96,37.7
30069822,3,chest pain,6,83,94,81,18,92,36.6
30069823,3,chest pain,7,99,111,53,16,98,36.1
30069824,3,chest pain,5,94,126,95,22,100,36.9
30069825,3,abdominal pain,5,77,112,98,16,94,37.2
30069826,3,shortness of breath,2,64,100,116,15,95,37.3
30069827,1,headache,9,102,140,57,13,98,36.9
30069828,1,fall,6,103,145,72,18,98,36.0
30069829,3,anxiety,4,108,113,63,17,97,37.3
30069830,3,shortness of breath,1,102,140,77,24,95,36.4
30069831,1,abdominal pain,9,93,90,100,20,100,37.2
30069832,4,abdominal pain,6,113,89,81,19,96,37.9
30069833,1,shortness of breath,8,79,94,91,20,100,35.5
30069834,3,chest pain,3,58,88,100,19,95,35.6
30069835,3,shortness of breath,6,97,127,69,18,100,36.6
30069836,3,chest pain,3,78,121,53,13,96,37.3
30069837,4,anxiety,1,60,146,102,21,97,37.8
30069838,4,fall,2,101,130,76,16,96,37.3
30069839,3,fall,6,118,108,74,19,96,36.6
30069840,3,shortness of breath,7,72,137,85,14,100,36.3
30069841,2,chest pain,9,77,123,88,11,96,37.7
30069842,3,abdominal pain,7,104,101,63,17,98,35.5
30069843,3,shortness of breath,3,89,111,79,15,100,37.3
30069844,1,headache,6,88,139,53,12,93,37.2
30069845,3,back pain,7,67,92,111,16,99,36.5
30069846,1,anxiety,10,85,117,40,21,96,36.3
30069847,4,chest pain,3,88,94,68,15,98,37.5
30069848,3,abdominal pain,1,93,115,99,13,100,36.4
30069849,4,shortness of breath,7,84,129,72,15,90,37.4
30069850,3,laceration,2,126,132,115,16,98,38.2
30069851,3,anxiety,5,86,119,85,19,100,36.7
30069852,3,headache,6,69,128,103,21,98,36.9
30069853,2,headache,8,95,127,83,20,95,35.5
30069854,5,knee pain,7,65,118,49,17,95,37.4
30069855,5,fever,1,69,112,84,14,97,36.5
30069856,2,abdominal pain,8,91,137,79,12,97,36.3
30069857,3,abdominal pain,7,61,152,71,16,97,38.4
30069858,4,fever,6,85,142,91,26,98,37.5
30069859,3,fall,5,101,115,67,20,96,36.9
30069860,2,laceration,6,68,143,81,19,96,37.9
30069861,2,anxiety,6,56,135,92,18,94,37.0
30069862,3,back pain,0,82,133,94,17,96,37.4
30069863,3,fever,4,97,132,80,18,100,35.8
30069864,5,headache,1,93,118,74,22,95,37.0
30069865,4,headache,4,68,132,63,18,97,37.3
30069866,2,knee pain,10,104,150,81,13,99,38.4
30069867,5,shortness of breath,3,91,102,85,18,93,37.5
30069868,3,shortness of breath,3,87,152,58,17,100,37.5
30069869,3,anxiety,7,94,152,117,18,95,38.1
30069870,4,back pain,6,95,125,89,22,97,36.5
30069871,3,abdominal pain,7,67,94,121,20,88,37.4
30069872,3,shortness of breath,6,80,103,108,20,97,37.9
30069873,3,chest pain,7,85,118,73,19,99,38.1
30069874,3,abdominal pain,3,78,141,103,18,94,37.6
30069875,3,anxiety,4,105,156,61,18,96,36.4
30069876,4,abdominal pain,2,84,104,102,19,97,36.8
30069877,3,shortness of breath,5,57,120,93,13,94,39.2
30069878,5,fall,3,108,85,98,21,96,37.0
30069879,3,fever,5,100,145,87,15,96,37.4
30069880,3,fever,3,79,117,64,18,97,37.3
30069881,2,abdominal pain,10,62,99,91,15,98,36.4
30069882,2,chest pain,8,86,96,89,20,95,36.3
30069883,3,knee pain,2,79,103,66,23,99,35.9
30069884,3,anxiety,1,109,138,74,17,99,37.5
30069885,3,fever,3,97,113,88,25,95,36.9
30069886,2,headache,8,56,108,95,16,94,36.6
30069887,4,knee pain,7,107,169,79,16,94,37.5
30069888,2,back pain,9,51,89,97,18,94,37.2
30069889,2,fall,6,53,95,92,16,98,36.9
30069890,4,laceration,3,101,115,108,16,97,37.4
30069891,3,fever,5,106,127,103,22,100,36.1
30069892,3,headache,4,56,124,69,22,98,37.4
30069893,3,chest pain,3,66,115,70,22,96,36.6
30069894,3,chest pain,0,87,139,83,19,96,37.2
30069895,2,anxiety,7,68,119,60,16,93,36.6
30069896,4,headache,5,86,138,64,18,100,37.3
30069897,5,back pain,3,61,102,86,21,97,37.5
30069898,3,anxiety,4,81,145,65,27,96,38.3
30069899,2,knee pain,10,65,130,86,22,100,35.9
30069900,3,chest pain,3,93,120,91,20,100,37.4
30069901,2,fever,10,106,159,80,11,99,36.9
30069902,3,fever,2,114,119,84,15,92,36.1
30069903,3,laceration,3,93,154,68,23,98,36.5
30069904,3,shortness of breath,3,89,152,80,18,93,37.8
30069905,4,back pain,4,98,112,51,16,100,37.0
30069906,3,fall,3,63,130,82,19,100,38.4
30069907,4,abdominal pain,4,74,135,69,19,94,36.6
30069908,4,abdominal pain,3,92,127,62,17,97,37.6
30069909,3,fall,1,82,144,74,10,100,37.2
30069910,3,laceration,2,100,152,74,12,100,37.0
30069911,3,shortness of breath,2,82,140,69,20,97,37.3
30069912,2,abdominal pain,9,95,126,63,17,100,37.3
30069913,4,knee pain,2,81,110,78,25,98,36.0
30069914,3,fall,5,89,106,72,18,95,36.6
30069915,3,anxiety,5,93,116,49,18,99,37.2
30069916,3,fever,7,100,116,69,26,99,35.8
30069917,3,knee pain,7,71,139,93,14,97,36.1
30069918,3,chest pain,1,89,63,80,14,97,36.7
30069919,2,headache,7,68,117,64,14,95,35.3
30069920,2,chest pain,9,105,120,124,19,96,37.4
30069921,4,fever,7,77,150,92,18,99,37.5
30069922,3,fever,4,70,110,66,17,89,37.3
30069923,3,chest pain,7,83,137,57,16,96,36.2
30069924,4,knee pain,6,81,98,91,23,100,37.2
30069925,3,fever,1,75,128,93,13,98,38.1
30069926,3,back pain,6,76,134,49,21,95,37.1
30069927,2,anxiety,10,90,109,71,15,99,36.4
30069928,3,fall,2,111,147,89,31,92,37.6
30069929,4,chest pain,2,64,112,58,21,99,37.0
30069930,3,laceration,5,70,140,58,18,98,36.7
30069931,3,fever,5,79,115,69,28,100,36.7
30069932,3,back pain,2,93,104,105,16,94,37.1
30069933,3,shortness of breath,3,94,126,97,28,100,36.1
30069934,4,abdominal pain,3,92,116,83,17,100,36.5
30069935,3,back pain,7,67,125,74,13,98,37.5
30069936,4,fever,0,86,98,90,17,97,36.1
30069937,3,fever,4,78,125,95,19,100,36.3
30069938,3,headache,5,88,110,71,19,97,35.7
30069939,4,fall,4,84,129,102,15,97,35.5
30069940,3,knee pain,0,91,107,91,18,95,37.7
30069941,2,headache,10,113,155,83,25,97,37.5
30069942,4,abdominal pain,6,86,151,97,20,100,36.9
30069943,3,abdominal pain,5,70,150,73,14,99,36.4
30069944,3,anxiety,5,80,120,107,21,93,37.1
30069945,5,back pain,0,84,110,60,14,100,38.1
30069946,3,anxiety,3,102,140,69,16,100,36.5
30069947,1,shortness of breath,10,75,148,88,18,97,37.4
30069948,3,fever,5,118,133,88,13,99,37.9
30069949,2,knee pain,7,65,87,65,14,96,37.9
30069950,4,shortness of breath,2,62,143,75,18,97,38.6
30069951,3,back pain,1,95,116,58,18,100,35.4
30069952,3,abdominal pain,4,103,148,89,16,96,36.5
30069953,5,abdominal pain,7,81,135,76,26,96,36.6
30069954,3,chest pain,1,108,118,76,19,100,36.6
30069955,4,shortness of breath,6,91,155,81,11,90,37.9
30069956,3,fall,1,82,129,86,21,96,35.9
30069957,2,headache,9,81,134,80,16,93,36.2
30069958,3,headache,3,75,111,70,17,99,36.8
30069959,4,chest pain,5,125,97,102,20,99,36.6
30069960,3,fall,6,77,148,64,21,93,37.4
30069961,3,knee pain,6,118,116,61,14,99,37.7
30069962,5,chest pain,6,71,139,79,18,96,35.7
30069963,4,anxiety,7,81,134,103,15,94,37.3
30069964,1,headache,6,63,164,59,17,100,36.2
30069965,3,shortness of breath,0,81,143,72,17,98,38.6
30069966,3,fever,2,59,111,97,24,94,36.8
30069967,5,headache,0,107,129,72,15,100,37.3
30069968,5,fall,2,90,123,81,22,95,36.3
30069969,3,knee pain,4,85,128,89,18,97,35.7
30069970,4,headache,7,87,124,103,15,99,36.3
30069971,4,back pain,5,66,128,87,11,95,35.5
30069972,4,chest pain,1,81,108,63,22,99,36.9
30069973,3,fever,4,78,111,91,19,99,36.6
30069974,4,fall,3,75,97,91,25,94,35.5
30069975,3,anxiety,0,106,117,77,23,96,37.8
30069976,4,chest pain,4,84,117,100,18,92,37.4
30069977,3,anxiety,6,60,135,66,22,96,37.7
30069978,2,fever,8,88,107,76,23,96,37.0
30069979,4,knee pain,4,66,160,66,16,98,37.6
30069980,3,laceration,4,87,126,53,17,98,35.5
30069981,4,abdominal pain,5,78,124,101,16,99,36.9
30069982,4,shortness of breath,0,110,118,84,23,99,38.2
30069983,3,fall,5,89,101,80,19,100,35.0
30069984,3,back pain,1,74,120,59,20,98,35.3
30069985,2,anxiety,6,75,142,98,10,94,38.0
30069986,3,laceration,7,81,130,84,18,91,35.7
30069987,1,headache,6,77,130,78,18,96,36.4
30069988,5,fall,1,96,147,74,17,95,37.3
30069989,3,laceration,2,64,121,75,15,98,37.8
30069990,3,fall,2,62,154,102,9,96,36.8
30069991,3,abdominal pain,1,79,110,82,16,95,36.8
30069992,3,headache,3,110,109,74,14,99,37.3
30069993,1,chest pain,8,97,113,97,14,100,36.2
30069994,3,knee pain,0,108,114,93,15,100,38.2
30069995,3,knee pain,0,107,126,107,8,93,34.7
30069996,2,fever,7,95,135,77,14,92,37.0
30069997,3,laceration,7,66,112,106,13,93,36.2
30069998,3,fever,6,76,94,91,24,95,36.9
30069999,3,abdominal pain,7,77,130,94,12,93,36.3
30070000,4,abdominal pain,2,87,123,76,17,96,36.0
30070001,3,back pain,7,86,139,102,24,100,36.6
30070002,5,back pain,3,99,111,86,20,100,36.6
30070003,3,fall,6,108,117,83,16,96,37.7
30070004,3,chest pain,6,59,103,110,18,100,37.3
30070005,1,anxiety,7,95,142,80,13,97,36.0
30070006,3,fever,6,105,138,83,9,94,36.5
30070007,3,anxiety,2,76,111,65,15,100,36.8
30070008,3,abdominal pain,4,73,134,73,20,93,36.6
30070009,4,laceration,7,77,126,66,17,98,36.2
30070010,3,headache,6,79,110,58,27,99,36.2
30070011,3,laceration,0,87,143,100,18,100,36.7
30070012,2,shortness of breath,6,105,119,68,11,97,37.5
30070013,3,anxiety,4,112,137,99,20,92,36.4
30070014,3,back pain,5,69,106,85,20,100,36.6
30070015,3,chest pain,0,74,102,59,19,91,37.0
30070016,5,fall,5,81,104,94,20,98,36.9
30070017,4,laceration,6,99,124,85,21,99,36.6
30070018,3,headache,3,59,145,71,17,98,36.5
30070019,4,fall,6,79,128,109,29,97,37.5
30070020,4,fever,2,83,129,75,24,97,37.9
30070021,1,shortness of breath,10,111,118,100,9,100,36.4
30070022,4,back pain,1,76,99,55,21,94,37.5
30070023,4,fall,5,86,121,105,23,96,37.6
30070024,4,anxiety,3,108,151,79,16,100,37.4
30070025,3,headache,5,79,119,92,23,91,36.7
30070026,3,back pain,1,101,124,82,22,100,36.1
30070027,2,fever,8,66,131,93,17,95,36.5
30070028,3,laceration,3,91,131,112,16,96,36.8
30070029,2,headache,8,82,168,103,20,99,37.8
30070030,3,fall,3,62,110,80,19,98,38.1
30070031,3,headache,0,84,140,112,12,97,36.6
30070032,4,laceration,1,91,118,92,15,100,37.9
30070033,3,headache,2,80,175,99,16,100,37.8
30070034,5,knee pain,5,68,123,88,20,92,36.3
30070035,4,shortness of breath,3,91,141,70,15,96,37.9
30070036,4,abdominal pain,0,90,98,66,14,97,37.1
30070037,3,knee pain,1,77,142,87,18,98,36.7
30070038,1,back pain,10,84,121,62,15,95,36.7
30070039,3,shortness of breath,2,89,123,69,16,93,36.4
30070040,3,laceration,2,76,123,78,11,94,37.0
30070041,3,back pain,7,84,122,87,18,91,38.2
30070042,2,fever,10,53,148,77,14,95,37.2
30070043,3,laceration,3,97,123,71,19,97,36.8
30070044,1,knee pain,10,64,122,60,21,91,36.5
30070045,3,back pain,3,70,83,78,18,95,37.2
30070046,4,knee pain,6,112,160,77,20,100,36.6
30070047,3,anxiety,6,64,126,76,20,92,36.4
30070048,3,knee pain,2,89,122,87,20,100,37.6
30070049,2,laceration,10,119,111,84,22,96,37.4
30070050,3,fall,0,82,145,87,19,100,37.5
30070051,1,knee pain,7,85,155,74,12,94,38.1
30070052,3,headache,0,78,105,75,18,94,37.9
30070053,4,fall,7,85,122,57,15,98,38.0
30070054,3,back pain,1,95,121,29,25,99,36.3
30070055,1,anxiety,6,61,160,73,19,95,37.1
30070056,3,fall,0,104,125,71,21,98,36.9
30070057,3,chest pain,7,92,169,87,19,97,36.6
30070058,3,back pain,6,76,132,88,15,100,37.4
30070059,2,fever,6,84,121,67,25,93,36.1
30070060,3,fever,7,77,117,74,23,100,36.9
30070061,4,headache,7,65,114,76,18,94,38.3
30070062,3,anxiety,3,101,118,89,18,99,36.6
30070063,3,laceration,4,83,152,60,15,99,36.4
30070064,3,shortness of breath,7,99,121,98,18,100,37.0
30070065,3,shortness of breath,6,100,135,90,24,96,36.9
30070066,4,abdominal pain,2,71,156,78,13,99,36.6
30070067,1,fall,8,79,114,96,32,93,36.7
30070068,2,chest pain,9,75,119,47,15,96,36.9
30070069,3,fever,5,80,101,85,17,97,37.2
30070070,2,fever,7,118,165,70,18,97,37.0
30070071,4,fever,1,82,133,76,12,100,37.4
30070072,4,abdominal pain,5,87,104,72,17,94,37.4
30070073,3,fever,1,73,119,86,16,98,37.5
30070074,3,laceration,7,79,117,81,22,92,35.6
30070075,4,laceration,4,86,135,82,18,100,38.1
30070076,3,abdominal pain,0,101,160,72,21,100,39.0
30070077,3,shortness of breath,0,79,157,71,21,94,37.0
30070078,4,knee pain,1,84,137,82,20,98,37.0
30070079,2,fever,7,87,157,94,21,98,37.1
30070080,3,fever,0,90,117,86,23,93,38.0
30070081,3,knee pain,3,84,101,62,12,94,38.6
30070082,5,headache,2,102,120,51,17,98,37.2
30070083,4,back pain,0,89,118,88,24,100,37.1
30070084,3,shortness of breath,6,77,100,64,16,100,37.5
30070085,2,fall,7,94,116,88,20,95,35.8
30070086,3,laceration,1,115,118,81,17,100,38.1
30070087,4,headache,2,68,104,59,19,98,36.3
30070088,3,laceration,1,109,141,69,15,95,37.9
30070089,3,abdominal pain,7,85,82,90,12,99,35.9
30070090,3,knee pain,0,60,129,74,12,98,37.7
30070091,3,fever,2,81,122,86,18,95,37.1
30070092,4,abdominal pain,6,78,122,76,18,99,37.0
30070093,5,fall,7,78,112,68,17,96,36.3
30070094,3,fall,7,80,133,79,20,97,37.7
30070095,4,anxiety,1,81,123,78,19,100,36.1
30070096,4,chest pain,0,72,125,59,12,96,38.2
30070097,3,knee pain,6,82,112,63,19,97,35.9
30070098,5,knee pain,7,108,143,77,16,95,37.3
30070099,3,headache,3,81,116,77,22,100,37.4
30070100,1,back pain,7,75,109,76,12,100,36.0
30070101,2,chest pain,9,73,91,86,16,94,37.4
30070102,4,shortness of breath,5,78,140,73,16,98,36.3
30070103,5,chest pain,5,95,110,72,12,96,36.2
30070104,1,laceration,8,89,93,75,11,97,37.4
30070105,2,chest pain,6,77,123,67,23,100,36.8
30070106,3,fall,1,94,157,83,18,99,36.6
30070107,3,chest pain,2,115,150,97,23,100,34.7
30070108,3,chest pain,5,78,147,91,18,91,37.2
30070109,3,laceration,0,70,128,70,23,100,36.6
30070110,2,headache,8,79,125,80,17,98,37.5
30070111,4,back pain,6,86,103,86,25,94,38.0
30070112,5,headache,1,84,100,82,25,95,36.6
30070113,4,chest pain,2,70,117,65,18,100,35.9
30070114,3,fever,7,90,129,87,13,94,36.1
30070115,3,fall,4,113,117,77,19,94,39.7
30070116,3,abdominal pain,0,84,116,87,22,96,37.3
30070117,4,anxiety,3,83,130,85,19,99,36.5
30070118,4,back pain,4,77,109,103,24,96,36.8
30070119,2,headache,6,98,126,73,17,100,37.6
30070120,3,fall,4,91,117,87,15,100,37.9
30070121,2,abdominal pain,7,92,105,78,16,95,36.5
30070122,4,knee pain,0,66,170,83,16,100,37.3
30070123,4,chest pain,7,53,106,49,17,100,36.2
30070124,3,abdominal pain,0,87,139,50,20,100,37.3
30070125,3,back pain,0,61,156,60,18,98,37.4
30070126,3,laceration,7,63,117,56,25,100,37.1
30070127,2,shortness of breath,6,67,117,75,22,91,36.8
30070128,4,fever,2,101,142,106,18,99,37.3
30070129,3,headache,6,107,109,63,18,95,36.2
30070130,2,fall,9,101,132,83,15,99,37.4
30070131,3,back pain,5,96,145,94,11,100,37.9
30070132,2,chest pain,9,84,108,111,17,97,36.6
30070133,3,headache,0,84,87,94,19,97,36.2
30070134,2,back pain,9,88,114,86,13,97,35.9
30070135,4,anxiety,0,81,137,71,13,100,37.9
30070136,5,abdominal pain,5,92,104,71,20,99,36.0
30070137,3,abdominal pain,4,104,106,70,22,97,35.9
30070138,4,anxiety,0,89,126,73,19,95,37.2
30070139,2,fall,7,68,105,86,15,96,37.5
30070140,3,chest pain,7,72,134,63,16,100,35.9
30070141,3,shortness of breath,5,89,112,75,24,97,37.4
30070142,5,fall,4,107,102,113,16,99,36.5
30070143,2,anxiety,7,118,146,92,19,100,36.2
30070144,2,shortness of breath,9,97,125,66,20,94,37.2
30070145,1,fall,6,92,129,85,15,98,37.7
30070146,4,back pain,0,76,153,67,17,95,37.4
30070147,4,laceration,5,87,111,82,15,97,36.9
30070148,4,chest pain,6,84,87,79,18,93,37.5
30070149,2,fall,10,88,125,72,23,99,37.1
30070150,5,chest pain,6,68,131,96,20,95,37.6
30070151,3,fall,4,108,102,95,26,94,37.1
30070152,4,headache,2,102,121,68,17,95,36.5
30070153,3,anxiety,5,80,129,95,13,96,36.2
30070154,1,chest pain,6,102,116,78,19,98,38.0
30070155,3,anxiety,5,103,148,81,14,97,37.3
30070156,2,headache,8,92,133,96,16,99,37.5
30070157,2,fever,8,96,127,50,19,100,38.1
30070158,3,chest pain,7,61,162,73,10,99,37.2
30070159,4,anxiety,4,98,114,61,14,98,35.3
30070160,3,back pain,5,89,123,91,11,96,38.1
30070161,4,headache,1,76,161,77,11,92,36.2
30070162,2,chest pain,8,84,118,102,15,93,36.9
30070163,2,back pain,9,89,118,88,19,96,36.0
30070164,3,knee pain,6,81,152,72,16,99,37.8
30070165,4,back pain,6,104,172,78,15,95,39.2
30070166,3,headache,5,56,143,85,24,100,36.7
30070167,1,shortness of breath,8,91,118,87,17,96,37.0
30070168,2,fall,8,80,115,80,17,100,36.2
30070169,3,laceration,6,96,84,60,17,92,37.0
30070170,3,anxiety,2,100,154,84,18,98,37.1
30070171,3,back pain,0,82,105,76,20,99,36.4
30070172,3,shortness of breath,7,106,110,75,19,97,38.1
30070173,2,fever,7,106,133,81,20,99,37.0
30070174,5,laceration,3,104,144,87,19,94,37.2
30070175,4,back pain,3,117,115,103,18,97,37.7
30070176,3,back pain,0,88,149,98,21,95,38.4
30070177,3,anxiety,4,71,97,78,12,96,37.7
30070178,3,back pain,7,84,146,82,23,97,37.4
30070179,5,laceration,6,65,129,102,17,96,36.5
30070180,4,abdominal pain,3,86,79,71,20,96,37.0
30070181,3,laceration,3,105,125,46,18,97,36.9
30070182,3,abdominal pain,1,94,148,67,15,100,36.8
30070183,2,laceration,7,76,134,75,23,100,37.8
30070184,4,fever,0,82,130,110,20,97,36.5
30070185,3,abdominal pain,1,80,112,78,22,93,37.5
30070186,3,anxiety,6,78,133,60,16,95,37.1
30070187,3,back pain,1,81,120,82,14,100,36.7
30070188,3,abdominal pain,0,54,136,70,20,94,36.3
30070189,4,fall,6,106,115,105,16,95,37.7
30070190,3,fever,6,60,163,95,15,91,37.9
30070191,3,fall,4,97,122,73,19,98,37.2
30070192,3,back pain,7,102,131,79,23,95,36.3
30070193,4,anxiety,0,97,119,50,19,95,36.3
30070194,2,chest pain,8,85,72,101,16,92,36.4
30070195,2,fever,10,90,113,80,12,100,37.2
30070196,3,fall,2,80,180,79,22,95,36.6
30070197,2,back pain,9,86,128,69,25,95,37.4
30070198,4,shortness of breath,5,67,117,72,17,100,37.4
30070199,3,chest pain,2,64,106,73,15,99,36.2
30070200,4,back pain,4,95,128,84,14,91,37.7
30070201,3,knee pain,2,76,118,85,13,93,36.2
30070202,3,back pain,5,83,95,79,16,100,36.7
30070203,2,laceration,10,100,130,57,17,94,37.9
30070204,3,laceration,2,82,109,91,22,94,36.7
30070205,3,laceration,7,94,92,57,22,99,36.8
30070206,5,laceration,5,81,121,88,20,100,38.8
30070207,3,abdominal pain,2,99,127,94,23,94,37.4
30070208,2,knee pain,10,71,115,83,18,96,35.7
30070209,3,fall,0,97,135,111,20,93,35.8
30070210,3,shortness of breath,7,82,122,53,15,97,37.0
30070211,2,back pain,10,91,125,101,18,97,36.7
30070212,2,anxiety,10,100,137,51,31,100,36.6
30070213,3,headache,2,112,84,68,14,91,36.6
30070214,4,anxiety,3,86,97,63,15,100,37.8
30070215,5,anxiety,3,71,123,76,22,96,37.8
30070216,4,fever,4,82,100,65,14,100,37.2
30070217,3,chest pain,5,79,137,95,24,100,37.2
30070218,3,laceration,4,83,140,103,12,99,35.7
30070219,4,fall,3,87,123,92,15,99,37.9
30070220,1,headache,9,89,126,68,14,94,37.0
30070221,3,fever,4,102,108,45,19,93,38.0
30070222,3,shortness of breath,3,95,130,86,25,97,36.5
30070223,3,back pain,3,98,125,100,13,97,36.2
30070224,2,back pain,7,86,143,59,12,96,37.2
30070225,2,headache,10,76,145,78,13,96,34.7
30070226,3,abdominal pain,0,104,101,94,19,93,37.5
30070227,3,fever,0,63,137,93,20,98,37.8
30070228,3,headache,7,89,109,73,14,98,38.7
30070229,4,shortness of breath,2,109,112,75,19,95,36.4
30070230,3,abdominal pain,2,86,127,78,21,100,39.1
30070231,3,anxiety,6,83,123,93,22,95,37.9
30070232,3,anxiety,4,93,128,84,18,97,36.3
30070233,2,knee pain,6,77,115,92,14,96,34.1
30070234,3,knee pain,5,71,154,67,14,100,36.2
30070235,1,knee pain,6,107,142,62,23,96,34.6
30070236,3,fall,6,60,120,91,17,99,36.9
30070237,3,fever,1,71,118,57,20,97,35.5
30070238,3,fever,0,107,140,84,15,98,35.7
30070239,4,headache,1,76,126,93,18,98,36.2
30070240,3,fall,6,91,121,77,14,98,36.5
30070241,4,laceration,1,116,88,86,24,98,37.1
30070242,4,fall,0,113,126,87,21,94,36.2
30070243,3,headache,0,89,85,87,21,100,36.4
30070244,2,headache,7,90,120,80,20,94,38.7
30070245,3,anxiety,6,98,127,53,13,99,37.4
30070246,3,back pain,2,78,160,80,16,94,37.3
30070247,2,fever,10,88,145,101,15,100,36.4
30070248,1,abdominal pain,9,56,121,100,18,100,37.5
30070249,4,chest pain,4,94,147,53,19,97,38.6
30070250,2,shortness of breath,8,66,137,73,20,97,36.8
30070251,3,fall,0,86,117,118,23,92,37.3
30070252,2,abdominal pain,8,100,140,69,17,96,37.0
30070253,3,laceration,6,67,151,71,18,98,35.9
30070254,3,fall,1,77,146,74,20,96,36.4
30070255,4,fever,2,65,113,65,8,96,38.5
30070256,3,headache,6,52,124,89,26,99,38.0
30070257,3,fall,4,85,123,82,21,94,38.1
30070258,2,back pain,6,80,114,82,12,91,38.0
30070259,3,back pain,5,103,148,63,17,94,36.6
30070260,3,back pain,0,95,107,78,13,94,38.2
30070261,3,chest pain,0,74,164,83,17,96,37.6
30070262,4,fall,6,111,117,90,14,100,34.7
30070263,2,fever,10,87,102,93,22,96,36.1
30070264,4,fall,5,80,106,82,21,98,36.9
30070265,4,abdominal pain,2,92,143,80,16,98,36.9
30070266,2,anxiety,8,68,107,88,19,94,36.4
30070267,3,chest pain,4,91,109,88,11,100,37.2
30070268,4,shortness of breath,1,69,124,89,16,96,37.3
30070269,2,fall,8,98,139,78,14,97,36.8
30070270,4,fall,6,99,74,82,19,97,37.2
30070271,3,fever,1,77,141,85,16,95,36.8
30070272,3,shortness of breath,2,58,149,94,17,96,36.4
30070273,3,anxiety,0,77,115,62,15,97,37.1
30070274,2,back pain,9,75,127,90,18,94,38.2
30070275,3,chest pain,2,59,72,73,18,98,36.3
30070276,3,shortness of breath,3,99,123,76,17,98,37.2
30070277,3,chest pain,7,70,137,100,23,99,36.8
30070278,4,shortness of breath,7,97,174,72,16,97,36.9
30070279,4,back pain,3,60,114,81,19,100,36.9
30070280,4,abdominal pain,4,113,126,95,20,98,37.0
30070281,1,back pain,10,89,126,89,18,99,36.1
30070282,2,fall,9,78,133,99,22,100,38.8
30070283,2,laceration,10,52,124,72,17,94,35.6
30070284,5,back pain,2,104,153,77,15,94,35.4
30070285,3,fever,7,88,172,84,22,97,37.4
30070286,5,laceration,1,94,82,68,19,99,35.4
30070287,4,fall,4,104,124,80,21,97,37.4
30070288,1,headache,8,84,152,80,25,98,36.4
30070289,4,abdominal pain,4,78,128,88,14,94,36.7
30070290,2,headache,7,88,128,98,17,92,37.8
30070291,3,abdominal pain,4,81,129,88,14,96,36.4
30070292,3,fall,5,108,61,93,15,96,37.1
30070293,4,anxiety,5,71,111,96,15,100,36.9
30070294,3,fever,0,80,142,80,20,97,37.4
30070295,4,back pain,4,98,136,80,17,95,37.6
30070296,3,knee pain,4,90,143,75,22,98,35.0
30070297,3,back pain,7,82,116,99,19,94,36.6
30070298,2,laceration,9,53,120,75,27,93,36.4
30070299,3,anxiety,4,67,156,85,17,94,36.1
30070300,2,abdominal pain,6,49,150,91,17,97,36.8
30070301,2,anxiety,7,89,145,103,12,95,37.6
30070302,1,back pain,7,72,95,80,17,96,36.3
30070303,3,headache,5,71,110,72,24,94,36.1
30070304,3,fever,1,89,156,80,17,100,38.7
30070305,3,knee pain,6,95,113,45,13,91,37.2
30070306,3,knee pain,2,109,104,63,16,97,37.2
30070307,3,anxiety,2,76,106,95,16,100,36.7
30070308,4,chest pain,1,88,159,74,17,94,37.1
30070309,3,laceration,7,50,134,112,22,94,36.1
30070310,2,fall,8,126,98,64,15,99,37.6
30070311,3,knee pain,4,107,99,88,16,95,36.6
30070312,3,shortness of breath,3,91,107,92,18,94,35.4
30070313,3,anxiety,1,70,126,65,19,99,38.0
30070314,2,headache,9,85,114,85,16,96,35.9
30070315,4,anxiety,1,84,132,78,14,95,37.1
30070316,4,laceration,6,110,146,93,19,93,36.5
30070317,2,back pain,10,81,115,102,16,97,38.5
30070318,4,fever,4,116,130,79,14,93,35.0
30070319,2,laceration,9,72,82,71,25,100,36.8
30070320,2,anxiety,9,90,130,63,17,98,35.7
30070321,3,abdominal pain,1,70,118,63,17,97,37.5
30070322,3,fever,0,95,111,97,21,94,37.2
30070323,3,chest pain,6,93,124,80,13,98,36.7
30070324,3,anxiety,6,79,153,105,17,96,38.5
30070325,2,chest pain,7,65,102,81,17,100,36.5
30070326,3,fever,3,94,125,71,17,98,37.2
30070327,2,laceration,10,95,129,73,13,100,37.7
30070328,3,anxiety,6,69,115,75,16,100,36.2
30070329,4,anxiety,5,89,107,80,18,97,36.7
30070330,3,abdominal pain,3,64,143,86,14,92,37.2
30070331,2,shortness of breath,8,85,94,76,22,98,36.9
30070332,3,fall,0,94,154,64,20,96,36.4
30070333,3,fall,5,80,104,85,14,93,37.5
30070334,3,fall,1,97,106,90,16,92,38.3
30070335,2,chest pain,9,92,109,68,21,100,37.1
30070336,3,fever,0,92,107,94,18,94,35.9
30070337,4,back pain,0,72,130,92,23,100,37.2
30070338,4,headache,1,103,109,58,16,98,38.0
30070339,3,headache,3,61,130,88,20,93,37.9
30070340,3,laceration,7,79,132,67,14,93,36.6
30070341,3,back pain,2,98,132,88,17,98,37.1
30070342,3,abdominal pain,6,93,120,71,17,93,36.1
30070343,4,laceration,3,92,112,77,22,99,37.7
30070344,3,chest pain,7,93,118,101,11,95,35.7
30070345,3,laceration,0,81,149,74,14,99,36.1
30070346,2,knee pain,9,73,118,66,22,94,37.3
30070347,2,knee pain,10,88,109,77,22,96,37.5
30070348,3,anxiety,1,72,133,73,24,96,36.9
30070349,2,chest pain,6,86,95,91,22,98,35.9
30070350,2,fever,8,94,129,80,17,98,37.5
30070351,3,shortness of breath,5,92,110,89,24,99,35.6
30070352,3,laceration,3,79,136,98,12,98,38.5
30070353,2,chest pain,6,74,114,75,18,98,37.3
30070354,3,laceration,2,104,99,79,17,100,37.7
30070355,3,anxiety,4,94,124,87,17,100,35.6
30070356,3,laceration,5,67,128,69,14,94,37.0
30070357,3,back pain,0,94,127,83,21,100,36.1
30070358,3,shortness of breath,3,68,132,68,19,93,37.7
30070359,2,fall,10,66,135,75,22,99,37.5
30070360,3,fall,4,87,116,86,15,93,36.9
30070361,4,anxiety,4,85,138,93,18,91,36.5
30070362,3,shortness of breath,0,113,85,86,18,97,37.9
30070363,2,back pain,7,84,130,76,25,95,38.1
30070364,2,headache,9,72,142,74,15,96,38.0
30070365,3,laceration,7,84,137,84,17,92,37.5
30070366,5,fall,2,83,113,87,17,99,37.0
30070367,1,laceration,8,82,135,97,22,96,36.1
30070368,3,chest pain,3,97,94,97,14,94,36.7
30070369,3,fever,3,96,94,67,20,91,37.0
30070370,4,shortness of breath,1,64,103,70,11,100,36.3
30070371,3,chest pain,3,81,132,82,18,97,37.0
30070372,5,chest pain,2,100,166,102,16,97,37.4
30070373,3,headache,2,116,111,90,22,99,36.8
30070374,5,anxiety,4,123,79,61,24,92,37.4
30070375,1,fall,6,68,175,71,27,100,37.0
30070376,4,shortness of breath,0,102,149,87,20,100,37.6
30070377,4,chest pain,7,95,99,80,16,100,37.7
30070378,2,anxiety,8,101,129,84,17,100,37.6
30070379,2,abdominal pain,7,99,96,73,24,98,36.7
30070380,3,fever,5,85,141,111,18,93,36.5
30070381,3,headache,2,135,124,104,21,97,37.1
30070382,3,chest pain,2,74,105,59,20,95,37.5
30070383,3,laceration,5,80,163,90,22,95,37.6
30070384,3,laceration,7,116,115,80,20,95,37.5
30070385,3,shortness of breath,5,90,116,84,22,97,37.5
30070386,3,headache,0,92,137,68,22,95,36.2
30070387,2,knee pain,6,103,133,72,21,97,37.7
30070388,2,shortness of breath,6,73,138,96,22,98,35.7
30070389,4,anxiety,7,80,100,60,24,99,37.8
30070390,4,headache,2,63,122,72,8,99,36.7
30070391,2,fever,10,76,172,100,16,99,37.4
30070392,3,knee pain,0,66,154,88,16,96,36.5
30070393,2,abdominal pain,7,66,124,113,15,96,37.1
30070394,3,fever,0,86,126,82,22,100,37.4
30070395,3,fever,7,88,158,85,18,100,36.5
30070396,3,back pain,5,95,107,69,17,100,36.9
30070397,3,fever,0,84,137,65,15,91,36.1
30070398,3,knee pain,6,85,145,99,19,95,36.2
30070399,3,fall,4,77,119,113,18,97,37.7
30070400,3,headache,3,101,109,75,18,93,36.7
30070401,4,shortness of breath,2,76,120,84,14,93,35.9
30070402,3,fever,2,52,109,72,20,100,36.8
30070403,1,back pain,8,107,108,72,16,96,37.3
30070404,5,fever,1,98,127,103,20,100,38.0
30070405,2,laceration,10,107,123,102,16,100,37.2
30070406,3,chest pain,6,83,163,99,12,96,37.3
30070407,2,fever,9,87,114,98,18,98,39.3
30070408,3,fever,0,84,161,101,17,97,35.9
30070409,4,abdominal pain,4,81,131,76,20,99,37.6
30070410,2,knee pain,6,78,149,87,18,97,37.7
30070411,3,fall,3,86,158,84,19,98,35.3
30070412,3,fall,2,87,136,81,16,97,36.4
30070413,4,fall,3,102,125,95,16,96,37.2
30070414,2,anxiety,6,96,134,102,12,97,36.5
30070415,3,anxiety,1,84,154,92,15,97,38.6
30070416,3,abdominal pain,7,95,109,92,18,97,37.3
30070417,3,shortness of breath,1,86,140,100,10,96,37.7
30070418,3,back pain,3,75,127,80,14,99,37.3
30070419,3,abdominal pain,1,82,133,87,16,98,37.9
30070420,3,back pain,3,110,101,68,14,95,37.3
30070421,3,knee pain,3,72,78,79,16,94,37.8
30070422,4,fall,5,80,143,94,20,100,36.6
30070423,2,abdominal pain,8,87,98,100,20,95,36.4
30070424,3,headache,6,73,99,86,16,100,37.5
30070425,4,back pain,3,126,133,108,22,94,37.8
30070426,4,back pain,6,113,120,96,17,97,37.7
30070427,3,back pain,5,78,137,61,18,97,36.1
30070428,3,knee pain,0,81,121,68,23,97,37.3
30070429,3,shortness of breath,7,76,111,83,21,96,38.0
30070430,3,shortness of breath,7,63,130,97,20,94,35.7
30070431,3,chest pain,0,64,114,87,16,96,35.8
30070432,3,anxiety,3,87,143,64,23,100,35.5
30070433,4,abdominal pain,6,101,89,78,17,100,37.0
30070434,3,back pain,2,78,127,50,17,100,36.3
30070435,3,abdominal pain,3,107,104,69,17,99,36.2
30070436,3,shortness of breath,7,82,143,89,19,94,36.4
30070437,3,knee pain,7,96,108,57,19,94,37.7
30070438,2,fall,10,66,145,74,21,100,36.2
30070439,4,abdominal pain,3,66,123,85,12,100,37.5
30070440,2,anxiety,8,72,170,81,22,95,37.0
30070441,4,headache,2,80,113,95,25,93,36.7
30070442,2,laceration,6,85,154,95,13,99,36.1
30070443,2,laceration,7,88,133,81,12,96,38.8
30070444,3,back pain,4,102,123,71,15,98,37.0
30070445,3,shortness of breath,1,90,111,71,20,97,36.4
30070446,4,chest pain,7,89,147,82,24,95,37.4
30070447,3,laceration,4,96,122,95,23,97,36.6
30070448,3,back pain,5,89,116,81,24,98,37.5
30070449,3,chest pain,2,92,155,82,25,98,35.8
30070450,5,headache,4,84,150,70,26,100,36.8
30070451,4,knee pain,4,78,110,90,15,97,36.0
30070452,4,back pain,5,87,105,70,17,94,36.6
30070453,3,fever,7,78,152,64,20,100,37.8
30070454,3,fall,7,75,151,68,22,99,36.0
30070455,5,anxiety,6,92,107,107,21,98,36.7
30070456,5,chest pain,1,67,110,94,19,99,35.8
30070457,3,shortness of breath,3,94,120,71,15,97,36.4
30070458,4,shortness of breath,1,80,124,77,9,95,37.2
30070459,5,shortness of breath,1,73,133,60,17,100,38.0
30070460,3,fall,6,75,137,63,21,99,37.0
30070461,4,chest pain,4,91,124,99,14,97,38.2
30070462,3,back pain,1,88,134,82,15,93,35.9
30070463,2,knee pain,8,76,91,101,10,97,36.5
30070464,4,anxiety,1,88,126,108,11,100,37.2
30070465,3,anxiety,5,85,168,50,21,95,36.6
30070466,3,laceration,4,104,131,89,20,95,38.3
30070467,1,headache,9,88,134,95,22,97,38.0
30070468,2,abdominal pain,7,121,157,107,19,100,36.5
30070469,3,knee pain,5,88,118,85,16,93,37.3
30070470,3,fever,1,68,120,40,24,97,36.7
30070471,3,abdominal pain,3,108,152,49,22,100,36.2
30070472,3,knee pain,5,104,131,64,28,95,38.2
30070473,4,back pain,1,81,116,101,23,99,37.7
30070474,4,anxiety,6,79,116,88,15,93,37.3
30070475,4,fall,0,92,129,78,13,99,37.4
30070476,4,headache,6,72,157,53,24,97,36.9
30070477,3,fever,5,95,106,74,11,96,36.5
30070478,2,fall,10,65,98,79,15,93,37.0
30070479,3,laceration,4,71,144,105,15,100,38.3
30070480,3,knee pain,3,71,95,76,10,100,36.6
30070481,3,knee pain,5,56,115,94,12,97,37.0
30070482,4,back pain,0,74,138,98,26,94,35.9
30070483,3,headache,7,48,124,66,8,100,37.0
30070484,3,back pain,4,114,109,98,24,100,36.3
30070485,4,headache,3,85,125,99,18,99,36.6
30070486,3,fall,0,114,120,54,18,91,36.2
30070487,3,laceration,3,85,90,78,20,96,36.9
30070488,3,back pain,0,108,125,67,15,91,35.6
30070489,3,fall,6,46,108,62,14,95,37.5
30070490,3,knee pain,6,103,147,100,13,96,37.8
30070491,3,anxiety,6,125,84,80,25,98,37.3
30070492,4,back pain,0,93,142,70,14,94,36.8
30070493,1,anxiety,10,83,131,85,16,100,37.3
30070494,3,headache,5,69,123,70,14,96,37.3
30070495,3,abdominal pain,2,79,125,97,21,93,38.4
30070496,3,laceration,6,93,155,71,21,96,37.8
30070497,3,headache,2,81,127,68,20,88,36.8
30070498,3,knee pain,6,81,136,84,14,92,36.5
30070499,4,shortness of breath,0,61,102,76,19,96,36.9
30070500,4,knee pain,7,85,186,84,18,95,37.0
30070501,5,abdominal pain,5,95,89,86,22,95,36.7
30070502,4,abdominal pain,2,109,130,80,18,99,37.1
30070503,3,shortness of breath,7,93,125,60,16,99,36.1
30070504,2,laceration,10,81,138,96,11,97,37.7
30070505,3,fever,1,102,111,55,11,97,36.8
30070506,4,back pain,2,95,106,94,20,95,36.1
30070507,3,fever,5,88,144,95,25,93,37.1
30070508,2,headache,7,103,144,81,17,98,36.7
30070509,3,laceration,3,69,135,101,18,100,37.5
30070510,1,anxiety,10,39,150,79,18,99,36.4
30070511,3,headache,0,105,154,91,16,100,37.6
30070512,5,knee pain,4,112,111,73,15,98,36.4
30070513,4,abdominal pain,3,67,81,85,16,97,37.5
30070514,4,anxiety,1,101,139,79,15,93,37.5
30070515,3,abdominal pain,0,83,115,78,15,95,38.0
30070516,1,fever,9,90,127,66,15,95,36.9
30070517,2,laceration,8,134,111,49,15,92,37.9
30070518,3,abdominal pain,6,76,147,85,16,95,36.3
30070519,2,abdominal pain,9,120,124,63,24,99,37.2
30070520,3,anxiety,2,75,119,86,18,94,37.9
30070521,3,fall,7,78,126,69,20,97,34.3
30070522,4,fall,6,56,158,69,20,96,37.7
30070523,5,back pain,0,89,119,110,18,100,39.0
30070524,2,fall,7,87,91,102,24,95,37.3
30070525,4,laceration,2,84,134,69,20,96,37.1
30070526,2,fall,9,90,169,90,23,97,36.7
30070527,3,knee pain,1,73,97,86,20,94,37.7
30070528,4,anxiety,6,84,108,58,16,95,36.6
30070529,3,anxiety,1,84,144,60,19,93,37.1
30070530,4,headache,7,114,83,99,14,97,36.9
30070531,3,laceration,1,83,134,85,15,100,36.9
30070532,3,fever,4,85,114,81,23,100,36.9
30070533,3,fall,5,104,128,75,20,96,37.2
30070534,3,fall,0,79,151,82,13,90,34.3
30070535,3,chest pain,6,90,136,75,19,100,38.1
30070536,3,knee pain,3,98,142,47,22,94,35.9
30070537,3,headache,1,58,138,75,19,94,38.4
30070538,1,laceration,6,85,120,81,19,96,36.5
30070539,3,knee pain,2,73,150,74,14,94,35.9
30070540,4,anxiety,5,80,147,85,19,100,36.3
30070541,3,anxiety,7,89,124,95,16,99,37.2
30070542,3,fever,0,77,126,84,23,100,36.4
30070543,3,abdominal pain,2,73,113,65,20,100,37.6
30070544,3,fall,1,76,130,61,18,97,36.0
30070545,1,anxiety,10,89,127,63,18,99,36.6
30070546,3,headache,1,70,128,48,19,98,36.9
30070547,3,abdominal pain,7,81,139,43,13,94,36.5
30070548,2,fever,10,77,115,94,24,96,37.7
30070549,2,knee pain,10,100,149,60,20,98,37.9
30070550,2,knee pain,7,87,146,78,20,96,37.7
30070551,2,headache,9,67,109,89,16,99,37.3
30070552,4,abdominal pain,0,104,113,80,14,95,36.7
30070553,4,chest pain,0,96,132,46,11,99,37.2
30070554,4,fall,0,73,110,87,21,94,36.3
30070555,4,fever,7,125,131,66,21,93,36.8
30070556,2,abdominal pain,8,44,125,63,21,97,36.2
30070557,3,abdominal pain,0,91,64,76,18,98,37.1
30070558,3,anxiety,4,98,135,80,20,100,37.2
30070559,4,fever,7,75,105,72,16,96,36.8
30070560,3,anxiety,2,77,131,74,14,99,37.5
30070561,2,shortness of breath,8,106,137,72,22,98,36.5
30070562,3,fall,5,73,115,94,21,99,35.5
30070563,4,shortness of breath,6,104,116,99,23,100,37.0
30070564,3,headache,3,74,135,89,13,100,37.0
30070565,5,headache,1,98,132,63,13,95,38.1
30070566,5,anxiety,7,95,150,67,21,100,36.2
30070567,2,fever,6,89,150,93,18,95,37.1
30070568,1,fever,8,78,95,62,20,100,35.6
30070569,2,headache,6,82,119,58,19,98,35.3
30070570,3,knee pain,7,66,116,73,20,94,37.6
30070571,1,laceration,8,81,117,79,16,95,37.0
30070572,2,knee pain,6,82,133,65,19,96,38.1
30070573,2,chest pain,9,93,119,63,24,93,35.0
30070574,2,laceration,10,84,132,90,22,100,37.7
30070575,3,anxiety,2,83,116,59,11,94,36.0
30070576,2,fever,7,92,124,70,15,100,35.9
30070577,4,headache,6,64,126,78,16,95,37.0
30070578,3,abdominal pain,7,71,119,94,20,99,38.1
30070579,4,chest pain,2,112,108,115,22,99,36.6
30070580,3,abdominal pain,1,91,142,98,17,92,36.5
30070581,3,abdominal pain,7,100,139,99,17,99,35.8
30070582,3,headache,4,96,158,82,19,100,36.6
30070583,2,fever,9,82,139,63,12,96,35.9
30070584,3,chest pain,5,76,119,73,20,96,37.8
30070585,4,fever,6,86,111,96,20,93,37.2
30070586,3,chest pain,4,95,126,101,24,92,36.5
30070587,3,knee pain,7,82,128,72,15,98,36.4
30070588,3,fall,3,64,114,84,18,100,37.7
30070589,4,knee pain,2,109,134,76,18,95,37.1
30070590,2,knee pain,7,83,132,58,20,93,37.1
30070591,4,knee pain,5,100,107,67,20,93,38.0
30070592,3,headache,4,51,128,109,15,97,35.8
30070593,5,headache,2,85,110,86,22,100,36.8
30070594,3,headache,6,79,148,68,15,97,38.2
30070595,5,knee pain,7,108,105,96,19,98,37.2
30070596,3,headache,2,85,117,45,16,97,36.8
30070597,2,back pain,7,85,116,89,22,97,35.2
30070598,3,laceration,3,68,168,87,28,97,36.9
30070599,3,fever,2,102,110,87,25,99,38.5
30070600,3,abdominal pain,0,93,96,80,17,97,38.7
30070601,2,shortness of breath,6,87,135,65,17,96,37.3
30070602,2,shortness of breath,6,83,130,78,16,94,37.4
30070603,3,chest pain,7,80,128,52,22,98,36.4
30070604,2,headache,10,70,137,74,15,97,36.0
30070605,4,chest pain,7,76,104,100,22,94,36.0
30070606,3,knee pain,7,68,160,81,22,95,36.7
30070607,3,headache,1,89,128,79,16,100,38.6
30070608,3,fall,6,82,149,72,24,99,36.9
30070609,5,laceration,6,99,95,97,14,100,37.6
30070610,3,fall,5,83,152,86,16,95,37.5
30070611,2,headache,9,72,157,76,21,94,38.5
30070612,3,fall,2,94,113,88,18,90,37.0
30070613,3,anxiety,6,86,150,74,19,93,35.8
30070614,3,headache,2,77,113,66,28,94,35.8
30070615,3,shortness of breath,1,74,123,83,16,93,37.0
30070616,2,fall,10,52,115,108,18,99,35.6
30070617,2,knee pain,6,66,124,76,14,100,37.6
30070618,4,fever,3,87,142,80,17,93,37.1
30070619,3,knee pain,5,73,124,56,18,99,35.6
30070620,3,laceration,4,70,83,64,24,95,34.6
30070621,3,fever,7,118,97,104,21,95,37.3
30070622,3,anxiety,0,97,182,69,13,94,35.1
30070623,3,shortness of breath,1,76,118,84,19,96,35.9
30070624,5,fall,1,79,123,95,20,93,35.9
30070625,3,abdominal pain,4,78,116,58,17,96,35.8
30070626,3,shortness of breath,3,77,153,80,24,96,36.9
30070627,3,shortness of breath,6,63,113,103,15,99,37.4
30070628,5,laceration,4,67,132,66,17,97,37.3
30070629,3,abdominal pain,5,72,142,66,16,94,37.0
30070630,4,abdominal pain,6,94,118,90,8,92,38.1
30070631,4,laceration,4,92,116,90,17,96,38.1
30070632,4,back pain,0,66,139,86,22,92,36.5
30070633,3,headache,2,77,101,103,13,95,36.9
30070634,3,shortness of breath,2,82,80,97,21,100,37.4
30070635,3,laceration,3,43,138,72,19,96,37.5
30070636,3,fever,7,93,139,65,23,97,36.7
30070637,3,fever,2,93,108,78,19,96,37.0
30070638,4,abdominal pain,3,91,109,71,22,100,36.7
30070639,3,fever,1,53,136,73,17,100,37.5
30070640,1,fall,10,66,143,85,19,94,37.0
30070641,3,fever,6,85,126,58,21,97,35.5
30070642,2,headache,8,84,167,75,22,100,37.6
30070643,4,abdominal pain,4,85,140,89,21,100,38.6
30070644,3,knee pain,1,87,130,118,17,98,37.5
30070645,4,anxiety,3,90,133,83,21,100,36.1
30070646,2,knee pain,10,83,101,116,22,91,37.7
30070647,2,laceration,6,67,117,77,22,97,37.8
30070648,3,knee pain,0,75,122,82,20,100,35.6
30070649,2,fall,8,74,148,59,16,100,36.3
30070650,4,back pain,1,58,122,77,29,96,36.2
30070651,3,knee pain,6,97,101,68,18,99,37.1
30070652,2,headache,9,84,133,108,18,94,37.7
30070653,4,knee pain,3,84,131,73,21,90,35.0
30070654,3,chest pain,0,94,98,92,14,95,36.8
30070655,3,fever,3,94,135,85,14,89,37.1
30070656,5,laceration,4,78,132,61,15,94,38.1
30070657,2,fever,10,91,92,88,16,98,37.4
30070658,1,abdominal pain,8,95,128,79,18,95,37.7
30070659,3,abdominal pain,2,77,136,61,9,98,36.6
30070660,3,back pain,0,121,130,79,19,99,36.9
30070661,3,fever,4,72,131,106,14,98,36.7
30070662,2,back pain,9,82,164,93,20,95,36.4
30070663,3,headache,7,65,86,78,21,98,37.6
30070664,2,headache,7,69,134,85,15,97,36.1
30070665,4,fever,4,99,134,94,17,98,36.5
30070666,2,shortness of breath,9,90,108,79,14,92,38.3
30070667,5,abdominal pain,6,70,155,86,19,94,36.6
30070668,2,fall,10,77,102,93,12,99,36.4
30070669,3,headache,7,93,132,55,23,97,37.5
30070670,4,anxiety,2,77,122,80,17,94,37.8
30070671,3,laceration,6,81,124,89,18,97,36.6
30070672,2,anxiety,6,111,106,90,20,99,36.0
30070673,3,fall,0,97,137,87,18,98,37.3
30070674,2,abdominal pain,9,90,109,72,19,98,36.7
30070675,3,anxiety,6,82,137,76,11,96,38.3
30070676,3,headache,5,59,109,96,16,96,37.1
30070677,4,fall,3,88,133,72,13,95,38.5
30070678,3,laceration,4,75,129,90,19,99,36.5
30070679,4,fever,7,90,84,96,15,98,38.5
30070680,4,abdominal pain,4,107,133,97,19,95,36.1
30070681,4,fever,2,108,98,88,16,93,37.6
30070682,4,chest pain,7,65,107,92,17,99,37.0
30070683,3,headache,7,69,111,67,12,97,34.8
30070684,3,laceration,1,79,91,66,14,95,35.4
30070685,4,back pain,1,71,159,84,7,100,36.9
30070686,2,shortness of breath,8,78,150,84,20,94,36.4
30070687,3,chest pain,5,79,107,94,20,100,35.6
30070688,4,fall,0,76,124,57,15,100,36.9
30070689,3,anxiety,4,73,135,97,20,96,35.6
30070690,2,laceration,9,80,135,93,14,95,36.5
30070691,3,fever,5,79,123,79,19,99,37.2
30070692,3,fall,7,78,128,99,22,95,37.1
30070693,3,laceration,2,86,96,52,16,94,37.2
30070694,3,shortness of breath,6,95,78,103,21,90,36.4
30070695,3,shortness of breath,4,103,115,92,10,93,36.7
30070696,3,anxiety,1,79,102,85,16,95,38.0
30070697,2,chest pain,9,71,128,94,11,97,36.9
30070698,4,shortness of breath,4,86,115,71,23,98,37.0
30070699,3,knee pain,0,114,104,89,21,92,38.4
30070700,2,knee pain,9,93,139,100,21,93,36.2
30070701,5,headache,1,69,115,76,18,95,37.2
30070702,3,knee pain,0,65,112,40,16,96,36.7
30070703,3,abdominal pain,0,68,130,90,26,99,36.4
30070704,2,shortness of breath,7,80,101,52,16,93,38.2
30070705,3,shortness of breath,7,111,121,72,19,92,36.8
30070706,3,laceration,4,101,111,81,19,94,36.7
30070707,3,anxiety,7,97,139,73,15,95,37.4
30070708,4,fall,6,83,123,72,19,95,36.8
30070709,1,anxiety,7,109,134,58,19,97,36.6
30070710,2,chest pain,9,80,94,96,21,96,36.6
30070711,3,back pain,7,95,177,89,18,94,37.1
30070712,3,back pain,3,94,119,86,16,98,37.2
30070713,3,anxiety,2,66,123,91,19,98,37.4
30070714,2,laceration,7,61,139,82,20,100,38.1
30070715,1,fever,8,97,84,52,12,99,37.6
30070716,3,fall,5,72,95,73,15,98,38.5
30070717,3,shortness of breath,1,74,134,94,19,95,37.4
30070718,3,shortness of breath,1,96,113,101,26,98,36.4
30070719,1,fall,8,68,86,96,15,92,37.2
30070720,3,headache,6,70,145,100,16,98,36.6
30070721,1,knee pain,8,85,99,75,15,98,35.3
30070722,2,fever,7,76,121,103,15,97,36.9
30070723,2,abdominal pain,7,101,144,104,18,97,36.9
30070724,2,fall,10,97,130,81,24,94,37.3
30070725,3,headache,5,75,122,70,14,97,35.4
30070726,1,fever,8,94,80,76,16,97,38.0
30070727,5,anxiety,1,111,111,86,20,99,37.0
30070728,4,knee pain,7,78,132,78,21,94,36.5
30070729,4,abdominal pain,3,88,118,79,19,100,35.7
30070730,3,laceration,4,89,107,86,15,94,36.6
30070731,2,fever,7,89,105,77,19,92,36.5
30070732,4,headache,5,82,88,85,21,97,37.2
30070733,3,abdominal pain,5,86,110,76,24,93,35.6
30070734,3,abdominal pain,0,71,128,62,19,98,36.2
30070735,2,anxiety,7,88,106,71,17,96,38.1
30070736,4,headache,1,84,76,113,22,98,37.0
30070737,4,fever,1,88,107,88,17,99,37.0
30070738,3,anxiety,1,105,159,106,27,100,36.8
30070739,3,shortness of breath,2,67,129,70,13,100,39.3
30070740,3,headache,1,57,139,59,12,99,37.5
30070741,3,shortness of breath,2,81,141,107,21,96,37.5
30070742,4,fall,7,96,133,93,18,91,37.4
30070743,3,chest pain,1,67,113,87,19,97,36.3
30070744,3,headache,2,73,122,67,15,97,37.7
30070745,2,anxiety,8,79,144,62,23,96,38.6
30070746,3,fever,3,59,103,74,18,98,36.4
30070747,3,knee pain,6,90,159,91,21,100,37.0
30070748,2,back pain,8,112,136,88,21,99,36.3
30070749,3,chest pain,6,59,93,110,10,96,36.6
30070750,1,anxiety,7,58,103,74,21,93,36.4
30070751,1,shortness of breath,10,106,153,58,20,97,36.4
30070752,4,laceration,6,88,113,101,17,100,36.6
30070753,3,fall,3,95,112,80,19,99,36.3
30070754,3,laceration,3,107,148,71,20,99,36.5
30070755,5,knee pain,5,79,158,55,13,100,36.9
30070756,3,shortness of breath,1,109,141,86,18,90,37.1
30070757,3,back pain,7,81,141,67,22,97,37.3
30070758,3,knee pain,3,95,116,101,28,100,38.5
30070759,1,fever,10,89,120,78,19,97,35.7
30070760,3,back pain,6,65,135,101,17,99,37.2
30070761,2,anxiety,9,104,83,84,11,97,37.4
30070762,5,abdominal pain,7,103,89,98,17,95,37.1
30070763,3,anxiety,2,90,104,62,15,96,37.5
30070764,3,anxiety,4,100,138,68,24,100,36.4
30070765,3,back pain,1,93,136,78,25,93,36.8
30070766,1,fall,6,93,141,96,18,100,37.3
30070767,4,back pain,7,96,90,77,16,98,37.8
30070768,3,fever,7,96,130,63,12,93,36.7
30070769,3,abdominal pain,4,84,145,99,20,91,36.0
30070770,4,abdominal pain,7,76,140,62,11,94,38.1
30070771,1,shortness of breath,7,93,173,66,15,100,36.9
30070772,1,fall,6,102,160,73,13,100,36.6
30070773,3,back pain,5,94,101,67,13,98,36.7
30070774,3,headache,7,101,131,105,13,99,37.1
30070775,2,anxiety,7,104,112,88,16,98,36.4
30070776,2,shortness of breath,6,83,107,90,15,93,36.2
30070777,4,chest pain,7,72,116,93,18,97,37.0
30070778,3,laceration,2,85,124,119,13,95,37.3
30070779,2,abdominal pain,10,72,125,88,14,99,37.6
30070780,2,back pain,9,88,126,85,10,97,37.6
30070781,1,shortness of breath,8,74,89,67,15,92,36.7
30070782,3,headache,5,97,149,67,18,100,36.5
30070783,3,back pain,7,95,125,93,18,99,36.4
30070784,3,fall,2,82,129,95,16,97,36.6
30070785,3,anxiety,5,90,141,85,25,95,38.9
30070786,4,headache,0,86,152,71,14,95,36.9
30070787,2,abdominal pain,7,80,125,87,28,100,37.1
30070788,2,chest pain,7,105,103,84,20,91,35.3
30070789,3,fever,1,73,103,65,17,97,37.3
30070790,3,knee pain,7,74,136,81,19,99,37.1
30070791,3,chest pain,0,77,127,70,26,100,38.4
30070792,3,fall,6,69,113,91,24,97,37.5
30070793,1,back pain,7,86,136,81,13,98,37.7
30070794,3,abdominal pain,2,105,131,74,19,100,36.3
30070795,3,fall,6,80,146,83,13,98,37.5
30070796,3,knee pain,5,79,114,76,27,100,38.0
30070797,3,anxiety,2,95,130,100,16,94,36.8
30070798,4,laceration,5,81,107,78,19,91,38.9
30070799,3,chest pain,4,80,97,82,13,92,38.7
30070800,3,anxiety,3,57,117,69,21,99,37.5
30070801,4,fever,2,81,101,86,18,97,36.7
30070802,3,abdominal pain,5,68,134,54,12,97,38.3
30070803,3,knee pain,4,75,122,74,22,95,37.3
30070804,2,fall,7,70,148,68,28,94,35.8
30070805,3,fall,0,67,130,105,20,98,36.6
30070806,3,chest pain,7,71,144,60,20,95,37.6
30070807,5,headache,0,91,125,72,14,93,37.6
30070808,3,shortness of breath,6,96,144,84,15,96,37.7
30070809,2,chest pain,7,78,115,74,15,97,37.3
30070810,5,abdominal pain,4,84,150,86,16,100,37.8
30070811,4,fever,5,81,147,78,20,92,36.3
30070812,3,knee pain,1,104,143,77,15,96,37.0
30070813,3,anxiety,5,95,119,69,13,100,37.4
30070814,3,fall,2,93,159,92,14,100,36.8
30070815,3,shortness of breath,0,80,106,85,21,99,38.2
30070816,5,abdominal pain,6,104,134,58,22,100,35.5
30070817,3,headache,0,77,88,82,18,96,37.5
30070818,4,fall,1,85,93,77,16,96,37.7
30070819,2,abdominal pain,10,73,144,106,10,97,37.4
30070820,2,knee pain,8,108,142,77,12,100,36.6
30070821,3,fall,3,89,81,60,20,97,38.4
30070822,3,chest pain,2,84,122,98,19,93,35.4
30070823,3,shortness of breath,4,68,82,68,23,100,36.2
30070824,2,abdominal pain,7,66,138,77,16,99,37.9
30070825,4,anxiety,1,60,141,82,20,93,36.9
30070826,4,back pain,5,85,136,76,22,99,36.8
30070827,3,shortness of breath,4,78,112,74,24,99,39.2
30070828,3,headache,4,72,158,71,17,98,36.8
30070829,2,laceration,9,95,139,67,10,98,36.8
30070830,3,laceration,4,116,148,104,21,99,37.1
30070831,4,back pain,1,88,122,82,22,97,36.3
30070832,3,shortness of breath,6,65,100,75,23,100,36.7
30070833,4,anxiety,0,74,86,72,16,99,35.3
30070834,2,shortness of breath,9,84,110,85,23,95,37.4
30070835,1,knee pain,6,76,151,63,24,93,37.3
30070836,2,abdominal pain,10,101,150,75,16,96,36.6
30070837,2,chest pain,8,79,156,95,16,87,38.7
30070838,3,shortness of breath,5,95,137,63,25,100,36.0
30070839,2,laceration,7,101,89,97,20,100,36.4
30070840,3,abdominal pain,3,95,135,87,14,98,37.3
30070841,3,laceration,3,46,129,111,14,99,38.3
30070842,3,anxiety,3,86,140,89,21,95,36.4
30070843,4,headache,3,42,162,87,8,97,37.0
30070844,3,anxiety,3,123,134,59,19,100,38.6
30070845,4,chest pain,4,93,123,90,16,97,37.0
30070846,3,laceration,3,108,113,83,16,100,37.1
30070847,3,laceration,7,107,108,59,22,96,37.9
30070848,4,shortness of breath,7,90,109,89,12,100,37.7
30070849,3,anxiety,5,69,115,74,17,98,36.9
30070850,3,back pain,5,82,113,86,25,99,37.4
30070851,3,laceration,7,95,95,87,24,96,38.4
30070852,5,fever,3,104,92,78,23,95,36.5
30070853,4,chest pain,1,92,136,84,12,94,36.7
30070854,3,anxiety,2,97,128,51,18,95,36.5
30070855,3,fever,5,91,159,87,18,93,39.7
30070856,3,back pain,7,56,155,68,30,100,37.4
30070857,1,anxiety,6,83,117,98,23,92,35.5
30070858,4,chest pain,1,72,105,86,21,99,37.6
30070859,4,abdominal pain,0,90,95,63,21,96,37.9
30070860,3,shortness of breath,5,82,169,82,15,100,38.3
30070861,3,headache,1,93,134,83,18,95,37.0
30070862,2,back pain,10,86,103,78,17,99,37.8
30070863,4,chest pain,0,88,109,76,12,97,35.9
30070864,2,abdominal pain,8,103,137,72,25,99,36.8
30070865,3,anxiety,4,98,114,103,22,96,36.9
30070866,4,headache,5,85,114,56,12,98,37.0
30070867,5,fall,0,85,125,59,15,99,37.4
30070868,3,fall,3,90,105,81,17,95,38.1
30070869,2,back pain,8,91,132,47,15,100,38.1
30070870,3,knee pain,0,72,153,76,25,94,37.5
30070871,3,headache,5,84,164,79,17,97,38.2
30070872,2,shortness of breath,7,101,76,102,16,96,37.1
30070873,3,chest pain,7,86,112,71,21,96,36.2
30070874,4,anxiety,2,69,160,73,15,99,36.9
30070875,4,back pain,0,63,123,75,21,93,37.4
30070876,3,knee pain,3,77,121,66,14,97,36.8
30070877,2,anxiety,8,93,133,87,12,94,37.1
30070878,4,abdominal pain,5,103,104,79,16,97,35.4
30070879,3,fall,4,90,136,115,13,95,37.7
30070880,4,knee pain,5,92,151,105,25,99,36.8
30070881,3,chest pain,0,103,117,100,16,95,38.4
30070882,2,fall,10,82,141,99,20,97,36.9
30070883,4,knee pain,6,66,133,100,12,98,35.7
30070884,4,fall,1,89,123,83,23,96,36.3
30070885,4,shortness of breath,4,94,142,77,19,98,38.0
30070886,3,abdominal pain,2,105,91,91,19,97,36.6
30070887,5,abdominal pain,4,100,116,85,14,95,37.7
30070888,1,fever,6,83,137,61,27,94,37.1
30070889,3,headache,7,67,101,89,20,96,36.9
30070890,3,shortness of breath,6,76,117,97,15,98,37.0
30070891,3,fever,2,81,91,113,14,96,38.6
30070892,5,knee pain,6,68,121,85,18,100,36.3
30070893,4,fever,7,95,144,88,20,100,36.9
30070894,3,headache,6,109,132,50,9,90,39.0
30070895,1,abdominal pain,8,102,93,89,17,98,38.2
30070896,3,anxiety,7,96,136,52,21,98,36.4
30070897,3,knee pain,3,91,158,93,18,99,38.6
30070898,4,fever,2,98,103,89,17,99,37.2
30070899,3,abdominal pain,0,64,133,98,20,94,38.2
30070900,3,knee pain,1,80,99,75,15,100,36.7
30070901,3,anxiety,0,85,155,76,14,95,36.5
30070902,3,back pain,5,79,147,52,20,100,38.6
30070903,3,knee pain,0,60,120,76,15,97,36.5
30070904,3,fever,4,98,143,65,23,95,36.4
30070905,2,knee pain,8,76,102,83,13,97,38.2
30070906,4,shortness of breath,2,103,107,103,17,99,36.6
30070907,3,shortness of breath,1,85,132,67,22,99,35.2
30070908,3,fall,0,90,117,67,16,98,37.9
30070909,3,shortness of breath,1,53,89,65,12,99,37.4
30070910,3,fever,3,105,152,72,17,100,37.0
30070911,2,chest pain,10,80,125,38,11,95,37.7
30070912,2,laceration,10,93,157,77,17,93,37.7
30070913,3,headache,0,76,117,95,12,95,37.2
30070914,3,chest pain,4,81,126,63,21,95,36.6
30070915,2,anxiety,10,94,119,92,13,96,36.5
30070916,3,fall,6,75,99,83,18,95,36.6
30070917,1,anxiety,7,72,115,93,17,100,36.9
30070918,2,shortness of breath,10,105,127,93,23,94,36.6
30070919,5,shortness of breath,6,79,139,75,23,98,36.8
30070920,2,knee pain,8,86,128,54,15,94,35.4
30070921,4,knee pain,0,85,134,93,16,96,38.5
30070922,3,laceration,6,96,160,85,16,95,37.7
30070923,3,knee pain,2,83,111,96,19,95,37.7
30070924,3,fever,2,99,115,95,17,99,37.6
30070925,3,fever,4,95,95,104,16,98,38.0
30070926,4,laceration,6,82,128,90,17,100,36.5
30070927,3,laceration,7,86,105,73,20,98,37.6
30070928,3,laceration,1,70,145,48,17,94,37.9
30070929,4,laceration,3,75,125,97,20,94,37.6
30070930,2,back pain,10,94,100,64,24,98,35.3
30070931,4,abdominal pain,5,107,165,65,19,96,37.2
30070932,3,chest pain,1,98,136,84,25,98,38.3
30070933,3,shortness of breath,4,101,119,70,11,100,37.1
30070934,3,laceration,5,89,106,99,24,95,37.3
30070935,5,knee pain,2,78,128,98,21,98,36.7
30070936,4,laceration,5,66,96,78,11,92,37.3
30070937,3,back pain,1,94,118,71,24,94,37.3
30070938,3,fall,0,91,121,76,19,93,37.2
30070939,4,fever,4,89,155,86,21,100,36.8
30070940,4,back pain,2,70,84,66,21,100,37.7
30070941,3,shortness of breath,2,75,118,74,22,91,36.6
30070942,3,knee pain,3,52,66,80,17,98,37.2
30070943,4,knee pain,0,86,124,91,22,95,36.4
30070944,3,shortness of breath,3,69,141,82,21,93,36.1
30070945,4,chest pain,5,99,100,97,18,100,36.0
30070946,4,shortness of breath,6,69,88,82,17,100,36.5
30070947,3,fall,4,59,129,80,19,99,36.4
30070948,3,knee pain,2,81,126,100,20,94,37.4
30070949,3,shortness of breath,2,74,102,108,27,98,36.3
30070950,4,abdominal pain,5,103,173,85,24,96,37.1
30070951,4,shortness of breath,5,73,123,90,12,100,39.0
30070952,5,fall,4,97,91,93,16,92,37.2
30070953,4,shortness of breath,0,78,144,68,20,100,36.5
30070954,2,knee pain,7,97,86,80,16,99,37.2
30070955,2,anxiety,10,121,113,113,23,94,38.8
30070956,3,back pain,2,88,111,80,19,97,37.5
30070957,3,chest pain,7,86,85,82,19,99,37.1
30070958,1,fall,9,105,140,69,19,100,37.6
30070959,3,fall,6,78,136,70,17,98,36.6
30070960,2,fall,6,87,161,60,15,96,36.1
30070961,2,knee pain,10,82,145,79,24,97,36.4
30070962,4,anxiety,2,63,130,97,20,91,37.4
30070963,4,back pain,1,71,125,79,18,100,37.6
30070964,1,anxiety,8,80,97,50,22,93,36.6
30070965,2,fall,10,73,131,102,22,97,37.9
30070966,3,headache,0,58,159,85,10,96,36.9
30070967,3,chest pain,0,56,153,93,19,94,37.1
30070968,3,headache,7,97,152,80,20,95,36.5
30070969,4,shortness of breath,1,86,118,71,20,95,38.7
30070970,3,abdominal pain,0,102,125,89,22,97,36.5
30070971,1,fever,10,83,171,119,15,98,36.1
30070972,5,back pain,1,88,156,67,22,99,37.0
30070973,2,knee pain,7,89,138,93,19,97,36.6
30070974,3,laceration,3,58,136,62,17,98,36.0
30070975,3,chest pain,5,84,145,74,16,100,36.8
30070976,4,fall,1,65,142,81,20,100,38.2
30070977,3,abdominal pain,0,75,146,87,12,100,37.9
30070978,3,knee pain,4,93,97,56,10,99,37.6
30070979,3,back pain,5,93,123,90,27,94,37.2
30070980,4,abdominal pain,3,86,114,86,15,98,37.4
30070981,3,shortness of breath,2,93,147,93,20,94,38.3
30070982,3,knee pain,4,108,123,67,17,100,37.5
30070983,3,abdominal pain,5,96,111,78,17,95,36.5
30070984,3,fever,2,92,83,70,13,95,37.0
30070985,3,knee pain,2,89,95,91,20,93,38.3
30070986,3,shortness of breath,1,97,122,69,16,100,36.5
30070987,3,fall,0,99,111,72,13,100,37.9
30070988,2,shortness of breath,7,103,124,56,16,92,37.5
30070989,3,back pain,1,81,109,86,22,91,38.2
30070990,3,fall,0,94,124,80,8,98,35.6
30070991,3,anxiety,7,106,122,105,20,95,36.2
30070992,3,abdominal pain,0,70,133,66,22,98,37.2
30070993,3,fall,5,100,102,100,14,95,37.2
30070994,2,shortness of breath,9,66,101,92,23,100,36.2
30070995,4,chest pain,4,85,125,76,21,100,36.3
30070996,3,knee pain,2,62,138,89,16,96,35.1
30070997,3,abdominal pain,5,81,122,71,14,94,37.3
30070998,4,back pain,0,87,126,94,14,100,35.0
30070999,2,knee pain,6,76,155,80,16,100,37.0
30071000,2,anxiety,6,88,144,65,20,99,36.1
30071001,4,fever,6,70,98,67,21,100,37.1
30071002,4,anxiety,3,97,105,100,16,98,36.6
30071003,3,laceration,4,52,130,102,19,93,36.4
30071004,4,anxiety,4,97,130,114,24,93,37.2
30071005,3,chest pain,3,93,99,102,9,97,37.4
30071006,3,abdominal pain,2,102,108,87,14,99,36.7
30071007,3,knee pain,1,94,145,96,21,94,36.8
30071008,1,abdominal pain,10,90,132,62,15,96,37.8
30071009,4,laceration,2,84,110,86,13,99,35.8
30071010,3,fever,7,97,131,83,22,97,37.8
30071011,4,back pain,7,80,91,82,19,93,36.7
30071012,3,back pain,3,70,119,97,23,97,37.0
30071013,5,headache,1,77,96,88,11,94,36.6
30071014,3,laceration,4,87,143,119,15,100,36.2
30071015,3,headache,3,90,126,88,15,100,36.7
30071016,3,fever,5,80,123,89,18,99,37.5
30071017,3,fever,4,98,127,59,18,91,38.1
30071018,3,fever,3,83,142,93,22,100,38.5
30071019,5,fall,2,61,139,77,12,93,36.8
30071020,1,anxiety,8,69,122,83,17,93,37.5
30071021,3,back pain,3,115,134,84,12,100,37.6
30071022,3,fall,4,89,114,99,13,95,36.6
30071023,3,fall,3,69,140,80,23,95,36.6
30071024,5,fall,0,78,81,49,15,94,36.7
30071025,2,headache,10,104,140,79,17,100,36.7
30071026,3,headache,3,95,136,92,21,99,36.0
30071027,3,chest pain,4,94,135,107,26,96,36.8
30071028,4,back pain,1,103,141,56,20,98,37.5
30071029,5,fever,6,113,123,80,14,95,36.0
30071030,3,fall,1,81,103,91,15,91,37.9
30071031,5,abdominal pain,4,100,123,94,17,94,36.3
30071032,3,headache,6,46,101,110,11,100,36.1
30071033,4,abdominal pain,1,61,113,90,23,99,37.8
30071034,3,fever,2,78,109,60,15,98,37.3
30071035,4,fall,5,109,137,69,19,95,36.5
30071036,5,shortness of breath,5,71,123,107,19,100,37.2
30071037,3,shortness of breath,6,98,133,90,16,100,38.7
30071038,3,laceration,0,91,161,74,10,99,36.6
30071039,3,headache,2,94,119,87,26,100,37.9
30071040,2,headache,7,110,146,91,18,93,38.2
30071041,1,chest pain,7,61,147,76,8,100,37.3
30071042,2,shortness of breath,7,91,122,81,21,89,36.5
30071043,3,laceration,0,106,125,45,22,99,35.4
30071044,3,laceration,2,82,131,91,20,93,37.4
30071045,2,chest pain,9,56,119,72,23,99,37.0
30071046,4,laceration,0,85,132,95,10,94,37.4
30071047,4,abdominal pain,3,89,118,96,21,100,38.9
30071048,3,abdominal pain,0,107,131,67,18,94,37.7
30071049,3,anxiety,7,70,134,44,15,96,37.4
30071050,3,headache,4,86,145,61,12,98,36.8
30071051,3,fever,3,87,132,98,17,94,36.3
30071052,2,headache,10,78,121,72,14,94,37.4
30071053,2,fall,6,98,119,83,17,99,37.1
30071054,3,headache,5,93,150,73,14,100,36.7
30071055,3,laceration,5,90,128,88,25,100,37.3
30071056,2,shortness of breath,8,85,117,105,13,98,36.9
30071057,3,anxiety,6,90,131,69,18,95,37.4
30071058,4,fever,3,88,109,61,18,100,37.1
30071059,3,abdominal pain,5,83,104,89,22,97,37.6
30071060,2,headache,9,94,137,62,18,98,35.5
30071061,2,fall,10,107,140,69,19,100,36.9
30071062,3,back pain,1,58,126,105,16,98,37.5
30071063,3,knee pain,6,76,88,107,16,93,38.6
30071064,3,shortness of breath,5,113,119,85,22,99,37.7
30071065,2,back pain,9,92,108,85,17,97,36.3
30071066,4,anxiety,3,82,170,85,15,100,36.6
30071067,1,fall,6,76,108,80,17,94,36.3
30071068,3,laceration,0,106,122,64,19,93,36.3
30071069,2,chest pain,8,60,109,82,12,98,37.1
30071070,4,back pain,7,91,161,90,20,99,36.3
30071071,4,knee pain,4,68,125,79,13,100,37.0
30071072,2,shortness of breath,8,72,157,92,19,97,36.4
30071073,3,knee pain,5,87,115,96,5,99,38.4
30071074,2,back pain,9,98,138,74,22,98,36.3
30071075,1,shortness of breath,8,92,105,72,28,99,37.3
30071076,3,back pain,7,88,117,80,15,100,37.2
30071077,3,laceration,5,102,106,84,22,97,36.0
30071078,2,laceration,10,103,119,64,14,95,37.1
30071079,3,back pain,2,71,137,95,16,96,36.4
30071080,4,fall,0,84,117,61,18,95,36.7
30071081,3,fever,0,59,96,53,17,100,37.8
30071082,4,back pain,7,74,100,94,17,98,38.5
30071083,3,knee pain,3,77,110,81,18,98,37.1
30071084,3,fall,2,102,125,71,15,100,38.5
30071085,2,anxiety,6,100,95,60,19,99,36.1
30071086,4,fall,4,84,128,71,18,93,36.7
30071087,4,back pain,0,86,117,67,20,98,36.4
30071088,2,shortness of breath,9,88,142,87,21,100,37.1
30071089,2,shortness of breath,8,83,126,93,29,93,36.1
30071090,2,knee pain,10,105,149,74,15,96,37.5
30071091,3,knee pain,3,78,158,68,15,99,37.5
30071092,5,laceration,5,112,161,98,14,97,37.2
30071093,3,fever,5,99,129,91,19,99,36.1
30071094,3,abdominal pain,4,105,111,53,13,97,36.1
30071095,3,knee pain,7,99,122,88,17,98,38.0
30071096,2,shortness of breath,8,64,128,87,21,100,36.8
30071097,3,back pain,1,101,131,55,16,96,37.3
30071098,2,shortness of breath,7,82,121,99,25,98,37.0
30071099,1,laceration,9,74,104,95,25,98,36.7
30071100,3,anxiety,1,85,148,82,23,97,36.9
30071101,3,knee pain,1,82,122,65,19,100,36.6
30071102,3,chest pain,7,75,135,76,19,94,37.6
30071103,2,knee pain,8,90,152,71,14,100,37.7
30071104,4,laceration,4,82,102,95,16,97,36.5
30071105,4,laceration,5,89,108,80,15,95,36.4
30071106,3,abdominal pain,6,81,145,77,19,94,37.7
30071107,2,knee pain,10,71,158,111,13,97,36.5
30071108,3,fall,1,98,124,81,14,97,36.5
30071109,4,knee pain,1,81,142,89,18,99,37.6
30071110,4,anxiety,2,91,108,105,16,95,36.8
30071111,2,fall,7,97,136,86,11,93,37.7
30071112,3,anxiety,0,118,138,49,14,97,35.4
30071113,3,anxiety,3,87,109,67,19,90,36.9
30071114,3,fever,2,41,104,87,19,99,37.8
30071115,2,fall,10,74,131,64,20,98,35.4
30071116,3,fall,4,80,132,74,23,96,37.3
30071117,3,anxiety,7,87,123,83,21,100,37.2
30071118,2,knee pain,9,66,126,63,23,97,37.0
30071119,4,chest pain,0,75,125,80,8,96,35.2
30071120,3,abdominal pain,6,94,68,87,17,93,37.3
30071121,4,anxiety,3,115,138,95,20,91,35.2
30071122,2,fall,10,92,100,66,23,94,38.8
30071123,3,anxiety,4,90,144,103,21,89,36.8
30071124,3,fall,4,58,132,62,15,93,36.1
30071125,1,abdominal pain,10,87,118,99,16,96,36.2
30071126,3,fever,2,100,111,86,17,100,36.9
30071127,3,knee pain,0,91,111,108,25,91,36.3
30071128,2,laceration,6,97,150,76,23,94,36.5
30071129,2,fall,10,65,147,109,25,95,37.8
30071130,3,fever,0,75,133,79,9,97,36.2
30071131,3,fall,7,78,114,81,19,95,37.1
30071132,4,fever,1,88,107,84,13,100,35.6
30071133,3,knee pain,2,78,108,42,17,93,37.7
30071134,3,headache,7,75,121,48,18,97,37.8
30071135,3,anxiety,3,96,97,73,18,98,36.5
30071136,2,abdominal pain,6,115,131,75,21,94,37.7
30071137,3,abdominal pain,7,89,103,78,21,100,35.6
30071138,3,laceration,4,70,149,77,22,97,36.5
30071139,4,back pain,6,65,144,70,24,89,36.9
30071140,4,knee pain,4,108,119,66,20,94,35.5
30071141,3,shortness of breath,6,88,130,69,21,95,36.4
30071142,2,fever,7,75,102,94,10,96,36.5
30071143,3,abdominal pain,3,89,142,82,14,92,36.0
30071144,3,knee pain,5,92,122,93,7,96,37.3
30071145,3,back pain,7,101,117,64,23,97,38.3
30071146,2,abdominal pain,7,80,118,99,19,94,36.9
30071147,3,knee pain,4,111,139,69,24,100,36.1
30071148,2,chest pain,10,96,133,86,22,98,37.3
30071149,5,knee pain,0,70,157,89,19,98,37.2
30071150,3,knee pain,3,94,159,89,20,96,35.9
30071151,3,abdominal pain,5,62,128,91,21,98,37.0
30071152,4,anxiety,6,97,101,79,18,94,37.4
30071153,1,laceration,9,87,105,66,18,97,37.1
30071154,3,fall,4,100,110,94,19,96,36.6
30071155,4,chest pain,4,83,148,77,17,95,36.6
30071156,2,headache,9,67,113,112,13,92,37.8
30071157,3,knee pain,2,96,104,82,23,90,36.0
30071158,3,fall,5,100,141,101,18,97,36.1
30071159,3,knee pain,3,70,141,58,21,97,38.7
30071160,4,anxiety,5,91,124,80,19,93,37.2
30071161,3,back pain,3,72,112,68,16,100,37.8
30071162,3,chest pain,5,71,137,80,23,95,36.5
30071163,4,anxiety,0,82,125,77,20,91,38.2
30071164,3,shortness of breath,7,77,156,94,10,97,38.1
30071165,4,chest pain,0,82,125,88,20,98,37.8
30071166,4,back pain,2,73,148,52,16,99,35.9
30071167,3,chest pain,3,86,129,46,18,94,36.8
30071168,3,fever,7,76,140,88,14,98,37.0
30071169,3,fall,0,86,133,87,22,100,36.6
30071170,2,back pain,6,72,87,88,21,95,36.8
30071171,5,laceration,5,84,137,81,21,91,36.7
30071172,3,chest pain,2,123,140,74,15,98,37.9
30071173,3,abdominal pain,4,107,116,81,22,98,35.6
30071174,3,back pain,3,66,142,103,20,96,36.5
30071175,2,chest pain,6,55,134,74,24,95,35.6
30071176,4,abdominal pain,1,87,138,91,17,97,37.5
30071177,3,headache,3,78,118,61,18,95,37.4
30071178,3,headache,6,75,140,112,11,99,37.1
30071179,4,back pain,7,73,119,77,11,98,37.4
30071180,5,knee pain,7,73,121,61,16,95,37.5
30071181,3,shortness of breath,1,91,104,111,21,92,37.8
30071182,2,back pain,6,80,105,96,20,99,37.8
30071183,5,anxiety,7,81,122,82,14,100,36.7
30071184,3,back pain,0,81,139,64,21,96,37.7
30071185,3,fall,7,79,110,53,11,99,35.8
30071186,4,chest pain,7,109,150,83,20,93,37.6
30071187,4,back pain,4,115,116,61,22,99,37.4
30071188,2,fall,10,85,120,63,19,97,36.6
30071189,2,knee pain,8,80,117,71,16,95,36.0
30071190,4,shortness of breath,7,89,155,61,14,97,37.3
30071191,2,shortness of breath,8,93,123,99,17,95,38.0
30071192,5,back pain,2,85,155,96,18,99,36.7
30071193,4,knee pain,5,90,130,65,22,98,37.6
30071194,4,shortness of breath,7,48,128,60,25,93,38.0
30071195,3,fever,7,82,152,93,21,100,37.0
30071196,3,fever,7,103,163,81,20,96,36.0
30071197,2,headache,8,95,128,74,26,100,37.0
30071198,1,back pain,7,76,118,75,28,96,37.6
30071199,3,fever,7,62,108,69,24,98,38.1
30071200,4,abdominal pain,1,66,99,85,19,97,37.6
30071201,3,fall,1,94,118,63,27,91,36.6
30071202,2,abdominal pain,10,66,129,75,14,95,37.5
30071203,3,laceration,5,104,141,103,18,99,37.0
30071204,4,headache,7,83,136,81,17,95,36.7
30071205,2,knee pain,7,92,141,66,22,100,36.8
30071206,2,laceration,6,68,132,73,17,98,35.9
30071207,3,laceration,1,107,150,82,19,100,38.1
30071208,3,fever,5,52,131,58,15,93,36.9
30071209,4,back pain,7,86,125,82,14,96,37.4
30071210,4,fall,4,117,89,66,26,94,37.4
30071211,3,chest pain,6,70,127,90,19,97,37.5
30071212,1,chest pain,9,68,84,94,21,99,37.1
30071213,3,shortness of breath,6,91,142,100,18,95,36.6
30071214,2,anxiety,6,67,109,78,21,98,36.9
30071215,3,chest pain,1,97,137,82,8,100,37.5
30071216,3,back pain,1,97,106,94,21,95,37.3
30071217,3,anxiety,7,99,113,60,24,100,36.6
30071218,3,knee pain,1,72,102,62,15,92,36.9
30071219,5,chest pain,4,103,119,95,19,98,36.0
30071220,1,anxiety,10,108,127,74,15,97,37.0
30071221,3,anxiety,5,110,138,56,26,94,37.6
30071222,3,abdominal pain,1,73,136,80,16,93,37.7
30071223,3,chest pain,7,82,162,86,14,97,37.0
30071224,4,abdominal pain,7,34,133,82,17,97,36.7
30071225,3,shortness of breath,6,58,135,67,19,95,38.3
30071226,4,back pain,6,86,121,82,22,97,36.4
30071227,4,anxiety,2,88,137,72,19,95,37.1
30071228,4,knee pain,1,84,106,64,19,97,36.8
30071229,3,abdominal pain,6,105,124,65,19,96,38.5
30071230,2,fever,6,88,110,71,14,96,37.1
30071231,1,laceration,7,80,113,92,18,100,37.4
30071232,3,fall,7,42,91,75,14,100,36.2
30071233,3,abdominal pain,7,69,129,81,17,98,37.8
30071234,3,fever,4,93,139,81,17,100,36.9
30071235,3,headache,5,79,185,90,11,98,37.0
30071236,4,abdominal pain,0,83,123,81,14,100,37.6
30071237,2,shortness of breath,6,132,155,74,18,96,37.9
30071238,2,knee pain,9,95,136,55,15,90,36.4
30071239,3,shortness of breath,6,66,82,88,18,96,37.3
30071240,2,laceration,6,65,139,57,13,99,35.0
30071241,4,fall,2,84,121,80,20,96,37.3
30071242,3,back pain,3,89,152,51,16,99,36.4
30071243,4,knee pain,2,119,132,95,20,96,36.8
30071244,2,fall,7,71,131,73,21,95,37.5
30071245,3,back pain,1,81,97,101,15,100,37.5
30071246,2,laceration,8,77,124,78,22,94,39.0
30071247,3,laceration,5,96,115,61,18,96,36.8
30071248,2,laceration,6,94,96,100,25,97,37.8
30071249,3,anxiety,4,84,110,97,16,100,37.6
30071250,4,knee pain,7,66,135,90,8,100,37.4
30071251,4,laceration,3,83,93,109,19,100,37.4
30071252,2,back pain,6,104,104,77,20,95,37.5
30071253,4,fever,7,99,95,101,24,94,36.6
30071254,4,anxiety,7,70,139,46,20,100,37.2
30071255,3,chest pain,6,78,133,76,22,97,36.4
30071256,2,back pain,10,70,125,111,22,97,36.1
30071257,3,back pain,5,87,113,66,16,99,36.2
30071258,4,fever,6,111,122,51,16,96,36.2
30071259,3,fall,0,75,114,80,21,96,37.3
30071260,4,knee pain,1,64,126,62,15,96,37.6
30071261,1,fever,9,97,124,78,15,97,38.4
30071262,2,fall,10,85,137,56,20,93,36.3
30071263,3,anxiety,2,73,95,78,10,98,37.0
30071264,4,fall,3,91,67,65,20,100,38.2
30071265,3,shortness of breath,6,70,151,102,19,98,36.5
30071266,3,fall,0,101,125,90,22,97,37.4
30071267,1,headache,7,81,73,90,13,100,34.4
30071268,2,anxiety,9,90,148,81,11,99,37.6
30071269,3,back pain,6,83,146,78,21,100,36.0
30071270,3,shortness of breath,6,70,122,106,25,95,37.8
30071271,2,chest pain,9,82,106,85,19,96,36.6
30071272,4,fever,0,111,127,77,18,96,36.1
30071273,3,laceration,0,77,148,84,21,95,37.0
30071274,3,chest pain,0,86,151,79,22,94,36.5
30071275,2,headache,6,81,125,65,22,98,37.4
30071276,3,abdominal pain,4,94,128,85,20,100,35.9
30071277,3,knee pain,2,106,142,96,15,99,36.6
30071278,3,shortness of breath,7,87,78,115,21,95,35.3
30071279,3,headache,4,68,125,87,17,95,36.8
30071280,3,anxiety,0,98,164,88,26,99,37.0
30071281,2,anxiety,8,89,51,82,19,97,36.7
30071282,2,headache,9,70,155,53,23,96,36.2
30071283,2,laceration,8,94,149,66,19,99,35.7
30071284,4,fall,1,77,142,108,23,96,36.7
30071285,3,headache,5,102,113,91,14,100,35.9
30071286,2,shortness of breath,7,85,143,89,22,100,38.1
30071287,5,anxiety,7,109,138,69,16,96,36.7
30071288,4,chest pain,2,104,122,54,19,93,36.7
30071289,4,headache,7,63,157,71,19,96,36.5
30071290,4,back pain,2,90,155,92,17,98,38.9
30071291,3,knee pain,6,83,102,102,27,97,37.8
30071292,2,fever,8,75,104,90,14,98,37.3
30071293,3,headache,1,76,116,83,20,100,38.3
30071294,3,back pain,1,83,107,85,22,93,37.8
30071295,4,headache,2,65,120,97,22,95,37.4
30071296,3,knee pain,0,109,111,77,20,97,36.9
30071297,3,back pain,5,99,140,74,13,93,37.1
30071298,2,fever,7,76,115,112,21,98,37.6
30071299,3,headache,6,75,110,96,25,94,35.4
30071300,4,fall,6,111,151,80,18,100,37.8
30071301,4,shortness of breath,7,69,108,81,19,100,37.3
30071302,3,shortness of breath,7,82,141,57,19,94,35.8
30071303,2,fever,7,77,124,79,12,100,38.4
30071304,3,abdominal pain,7,61,132,67,20,97,38.0
30071305,3,anxiety,0,78,150,73,25,97,36.4
30071306,3,laceration,7,80,112,92,16,98,35.3
30071307,3,anxiety,6,86,128,110,19,99,38.0
30071308,3,fall,6,97,147,73,19,96,36.9
30071309,3,shortness of breath,3,76,104,100,17,100,37.0
30071310,5,back pain,2,98,115,68,18,94,37.8
30071311,3,abdominal pain,7,59,132,80,19,98,36.5
30071312,3,fall,2,60,156,60,21,99,36.9
30071313,2,back pain,10,88,139,72,18,98,36.8
30071314,3,laceration,2,107,131,69,17,95,35.7
30071315,2,knee pain,9,56,151,75,22,97,37.7
30071316,3,laceration,4,84,127,71,15,93,38.0
30071317,2,headache,8,83,128,51,14,98,38.2
30071318,4,laceration,0,92,113,76,12,100,36.9
30071319,4,chest pain,4,104,122,92,9,91,37.3
30071320,3,fall,4,77,141,89,14,99,36.4
30071321,3,fever,6,49,109,68,13,100,36.6
30071322,3,anxiety,3,69,118,76,21,97,37.1
30071323,3,shortness of breath,2,79,126,84,23,98,38.0
30071324,2,chest pain,8,104,113,90,18,97,37.7
30071325,3,knee pain,7,96,118,87,26,98,39.6
30071326,3,knee pain,5,81,135,77,17,87,38.2
30071327,3,headache,0,95,158,64,16,100,37.7
30071328,4,back pain,0,91,136,94,24,98,35.8
30071329,2,laceration,7,103,112,55,12,91,37.0
30071330,5,knee pain,5,87,124,92,11,97,37.4
30071331,2,laceration,9,66,141,80,21,99,36.9
30071332,3,laceration,2,89,135,63,15,98,36.4
30071333,3,knee pain,4,89,94,84,14,100,36.0
30071334,3,abdominal pain,0,76,120,101,20,96,37.5
30071335,2,fever,8,106,128,62,14,100,37.8
30071336,3,laceration,2,69,142,83,19,100,36.7
30071337,1,anxiety,6,96,115,78,18,97,37.6
30071338,3,fever,5,66,158,87,11,99,36.7
30071339,4,back pain,1,92,136,85,13,96,37.9
30071340,4,fever,1,85,112,79,13,96,37.6
30071341,1,anxiety,6,130,142,63,24,95,36.1
30071342,2,laceration,7,123,146,97,18,95,38.4
30071343,1,back pain,6,102,129,109,11,96,36.6
30071344,3,back pain,5,89,109,48,22,89,36.1
30071345,4,abdominal pain,3,90,146,89,22,91,37.0
30071346,3,abdominal pain,3,83,125,59,17,96,36.0
30071347,3,anxiety,6,92,113,101,21,93,36.6
30071348,3,back pain,0,75,133,97,16,91,36.3
30071349,3,laceration,3,81,100,80,22,97,36.2
30071350,3,shortness of breath,5,79,100,93,11,100,37.4
30071351,3,abdominal pain,1,99,141,64,19,95,37.0
30071352,3,fall,5,80,99,88,12,93,37.9
30071353,2,chest pain,8,85,146,77,15,96,36.7
30071354,3,back pain,2,65,120,101,21,99,36.9
30071355,3,fall,7,105,124,75,22,100,37.1
30071356,4,fever,3,85,143,107,21,98,36.9
30071357,3,fall,4,56,95,74,15,93,36.0
30071358,1,fever,7,113,110,67,11,100,37.2
30071359,2,abdominal pain,10,91,101,86,17,100,37.5
30071360,3,back pain,0,104,124,78,17,93,37.4
30071361,4,knee pain,7,82,122,108,25,96,36.8
30071362,3,abdominal pain,3,93,144,68,18,100,35.6
30071363,4,shortness of breath,4,93,112,79,18,100,36.8
30071364,3,fall,7,76,138,71,21,100,38.0
30071365,3,shortness of breath,3,87,86,98,15,95,36.0
30071366,3,chest pain,4,76,116,78,22,100,36.6
30071367,3,fever,3,71,79,59,17,95,36.8
30071368,3,back pain,3,90,113,61,15,99,35.9
30071369,3,laceration,1,99,106,67,17,93,36.7
30071370,3,headache,3,70,109,82,11,96,35.7
30071371,3,abdominal pain,7,101,134,89,19,98,37.4
30071372,3,fall,5,64,141,71,16,98,37.3
30071373,5,back pain,5,69,157,80,18,100,37.2
30071374,2,shortness of breath,8,101,130,57,30,89,37.3
30071375,4,knee pain,7,88,150,105,15,100,36.3
30071376,1,back pain,7,69,139,77,13,98,35.9
30071377,3,knee pain,4,95,130,90,25,96,35.6
30071378,2,abdominal pain,9,78,135,77,19,97,38.0
30071379,3,abdominal pain,6,80,134,84,16,98,36.3
30071380,2,headache,10,71,104,105,14,97,36.2
30071381,3,back pain,0,77,121,75,23,97,37.0
30071382,2,fever,6,77,130,92,14,100,37.9
30071383,3,abdominal pain,7,68,130,76,15,100,36.4
30071384,2,shortness of breath,8,67,117,75,14,97,38.1
30071385,3,abdominal pain,2,96,137,73,19,100,38.3
30071386,3,laceration,5,74,109,71,12,93,36.5
30071387,2,fall,10,121,108,91,17,100,37.0
30071388,2,fever,10,73,128,108,21,92,37.5
30071389,3,anxiety,1,115,128,67,23,99,36.8
30071390,4,abdominal pain,1,70,146,79,20,100,37.2
30071391,3,fever,3,76,133,80,16,99,36.9
30071392,3,anxiety,7,78,114,87,22,96,36.3
30071393,3,knee pain,3,72,125,113,20,100,38.1
30071394,2,shortness of breath,6,100,160,67,13,98,37.6
30071395,3,fever,4,101,109,96,15,98,37.2
30071396,2,shortness of breath,9,80,137,75,19,96,35.9
30071397,2,knee pain,10,86,134,78,17,97,37.2
30071398,5,fever,2,69,61,102,20,94,37.6
30071399,3,anxiety,7,100,128,99,13,100,36.7
30071400,3,anxiety,2,66,156,85,24,100,38.3
30071401,3,fever,0,59,120,96,16,94,35.7
30071402,4,laceration,5,101,132,80,20,96,37.3
30071403,4,laceration,7,92,127,82,20,96,35.5
30071404,3,shortness of breath,7,80,142,95,22,100,37.5
30071405,4,anxiety,7,85,152,44,24,100,37.3
30071406,3,chest pain,6,113,129,98,22,93,36.8
30071407,2,anxiety,10,77,118,59,16,96,36.7
30071408,3,shortness of breath,4,79,138,74,12,99,37.6
30071409,2,chest pain,6,76,100,82,17,97,36.3
30071410,3,shortness of breath,5,125,147,64,20,100,37.4
30071411,3,back pain,0,77,122,77,19,97,36.5
30071412,5,knee pain,4,73,96,98,12,97,36.9
30071413,4,laceration,4,88,120,92,16,99,36.9
30071414,4,abdominal pain,0,74,111,90,17,100,36.9
30071415,4,chest pain,0,70,130,97,12,100,36.6
30071416,3,knee pain,7,85,128,95,13,99,35.8
30071417,2,laceration,6,74,137,89,24,97,37.2
30071418,2,laceration,8,103,112,40,19,97,37.3
30071419,4,back pain,1,80,140,96,20,99,37.8
30071420,2,abdominal pain,9,80,112,75,10,94,37.0
30071421,3,knee pain,5,80,107,71,18,95,35.8
30071422,1,abdominal pain,10,81,166,76,24,95,37.9
30071423,3,knee pain,3,57,120,67,15,96,36.8
30071424,3,knee pain,3,100,115,89,22,94,36.8
30071425,3,headache,5,73,138,87,21,99,37.7
30071426,3,anxiety,2,91,130,65,10,97,37.3
30071427,3,knee pain,2,97,144,92,16,96,36.8
30071428,3,anxiety,7,96,146,87,8,97,36.5
30071429,2,headache,7,94,99,75,17,97,37.7
30071430,3,shortness of breath,7,99,75,83,15,97,37.6
30071431,4,fever,4,91,117,69,15,100,35.3
30071432,5,shortness of breath,4,85,127,103,27,97,38.3
30071433,3,abdominal pain,6,84,171,65,23,100,37.6
30071434,3,shortness of breath,7,73,141,86,17,95,37.5
30071435,2,fall,7,76,97,76,14,99,36.6
30071436,2,shortness of breath,8,61,133,100,21,97,37.7
30071437,3,headache,5,77,110,87,14,99,37.8
30071438,3,abdominal pain,4,76,131,90,17,99,37.0
30071439,1,knee pain,8,82,90,96,18,98,36.5
30071440,3,laceration,5,60,110,103,21,95,35.9
30071441,2,anxiety,7,64,158,92,11,97,37.6
30071442,3,knee pain,4,89,130,79,13,100,37.4
30071443,3,shortness of breath,0,76,129,79,20,98,35.9
30071444,3,knee pain,3,112,148,67,21,91,38.4
30071445,3,laceration,4,85,130,93,19,100,36.3
30071446,3,fall,2,84,152,75,14,97,36.4
30071447,2,anxiety,7,108,122,84,16,94,37.2
30071448,3,fall,5,56,139,64,18,100,36.3
30071449,3,laceration,4,106,148,74,13,92,36.5
30071450,3,anxiety,7,88,127,83,17,97,37.0
30071451,3,shortness of breath,2,98,117,104,17,95,37.3
30071452,4,abdominal pain,5,61,98,60,12,100,37.2
30071453,3,laceration,0,94,163,47,17,92,37.0
30071454,2,shortness of breath,7,95,103,86,24,96,36.3
30071455,4,laceration,7,77,122,51,15,96,38.0
30071456,3,fall,7,85,104,40,17,97,36.5
30071457,3,knee pain,1,91,145,89,23,100,37.1
30071458,3,fever,5,73,134,99,16,100,36.0
30071459,3,anxiety,4,77,125,60,21,100,35.0
30071460,2,anxiety,7,97,157,79,11,95,36.0
30071461,2,back pain,9,61,164,78,14,95,36.6
30071462,3,laceration,1,84,172,80,23,99,36.7
30071463,5,shortness of breath,0,84,116,99,21,100,38.3
30071464,3,headache,3,74,118,79,18,93,37.2
30071465,4,abdominal pain,0,91,141,71,14,94,36.3
30071466,3,headache,4,69,118,66,23,100,38.3
30071467,3,headache,3,84,149,99,13,100,36.3
30071468,3,knee pain,0,83,178,86,21,100,36.6
30071469,3,anxiety,7,79,129,84,25,97,37.3
30071470,2,anxiety,8,93,120,106,17,100,38.2
30071471,2,headache,8,103,108,54,14,100,37.2
30071472,3,fever,6,105,133,70,18,98,36.6
30071473,3,fever,4,65,102,115,14,97,36.6
30071474,3,shortness of breath,1,74,113,47,14,92,37.0
30071475,3,fever,2,67,104,86,11,100,37.2
30071476,3,back pain,5,52,121,64,12,98,37.6
30071477,3,back pain,6,99,119,96,12,100,38.1
30071478,3,headache,3,95,132,61,15,93,38.7
30071479,3,anxiety,5,85,129,87,14,98,36.7
30071480,3,chest pain,0,92,100,78,14,100,37.8
30071481,4,laceration,5,78,158,85,24,95,36.8
30071482,3,headache,7,64,128,79,17,92,36.2
30071483,3,fall,7,76,126,82,15,95,37.1
30071484,2,back pain,6,98,146,71,23,92,35.6
30071485,3,fall,2,78,120,50,21,98,36.1
30071486,3,shortness of breath,7,105,122,85,14,94,38.6
30071487,3,laceration,7,69,137,88,20,100,35.6
30071488,3,back pain,6,63,129,74,14,96,37.6
30071489,2,knee pain,7,71,120,94,23,97,37.2
30071490,1,headache,8,101,96,99,16,96,35.8
30071491,1,headache,6,73,121,81,25,93,36.7
30071492,3,abdominal pain,0,81,137,95,25,100,37.5
30071493,4,back pain,5,60,102,61,12,92,37.8
30071494,3,fever,3,67,119,55,27,99,37.8
30071495,3,shortness of breath,7,73,79,71,20,96,36.8
30071496,4,fever,3,86,124,98,14,93,37.1
30071497,2,abdominal pain,6,97,97,73,10,100,37.2
30071498,1,shortness of breath,10,73,152,83,15,96,36.8
30071499,2,headache,7,125,151,72,19,93,38.1
30071500,3,fall,7,94,108,53,8,100,37.2
30071501,4,abdominal pain,6,89,121,85,12,99,36.7
30071502,3,abdominal pain,6,82,143,77,19,97,37.8
30071503,3,fall,5,65,95,93,16,100,36.4
30071504,4,fever,0,84,113,87,21,89,35.9
30071505,3,abdominal pain,6,64,163,69,14,100,36.7
30071506,3,fall,3,101,116,83,21,93,36.3
30071507,3,abdominal pain,7,102,128,50,12,96,37.1
30071508,4,abdominal pain,2,79,151,106,15,100,36.7
30071509,4,anxiety,7,96,132,90,27,99,36.2
30071510,3,headache,0,79,136,62,19,97,37.9
30071511,2,knee pain,8,104,129,99,23,96,37.4
30071512,4,knee pain,2,60,120,58,21,98,37.6
30071513,3,fever,4,105,162,75,22,97,37.2
30071514,2,chest pain,7,98,161,87,19,96,38.3
30071515,1,back pain,8,85,135,79,16,95,35.8
30071516,3,laceration,1,104,99,96,22,95,37.4
30071517,3,shortness of breath,5,65,104,111,15,97,36.2
30071518,1,anxiety,9,102,138,77,24,99,38.0
30071519,3,fall,5,74,120,60,10,100,37.9
30071520,3,fever,2,53,117,69,19,100,36.5
30071521,3,fall,2,74,110,67,14,97,36.9
30071522,3,laceration,0,79,119,77,15,98,36.4
30071523,4,laceration,4,77,130,102,21,95,36.9
30071524,3,shortness of breath,4,81,126,65,13,92,37.9
30071525,3,abdominal pain,3,75,159,79,21,97,38.8
30071526,3,anxiety,5,82,139,76,17,93,37.7
30071527,4,chest pain,1,95,133,70,19,92,37.0
30071528,4,back pain,7,59,121,73,20,96,36.8
30071529,3,fall,3,94,112,61,27,95,37.9
30071530,4,laceration,2,116,147,74,17,100,38.0
30071531,2,fever,10,85,110,87,28,100,35.7
30071532,3,fever,0,76,122,93,20,96,36.2
30071533,2,fall,9,108,139,70,11,96,36.9
30071534,3,knee pain,6,98,131,79,19,96,36.6
30071535,5,fall,4,90,92,85,13,96,36.5
30071536,4,fall,3,78,129,83,22,95,35.4
30071537,2,laceration,9,72,143,117,13,100,37.6
30071538,3,knee pain,1,95,101,58,20,93,36.2
30071539,3,abdominal pain,7,89,166,85,19,97,36.7
30071540,1,knee pain,10,77,147,82,18,98,37.0
30071541,4,fever,2,79,177,71,21,95,37.8
30071542,2,fall,8,95,101,83,14,98,37.7
30071543,3,chest pain,7,73,107,80,15,95,36.9
30071544,3,headache,6,78,132,94,17,100,36.4
30071545,3,fever,7,78,99,77,15,99,37.7
30071546,3,chest pain,5,84,148,88,25,99,37.6
30071547,5,headache,3,99,160,56,20,93,36.1
30071548,3,abdominal pain,1,93,117,100,13,96,37.8
30071549,3,shortness of breath,4,89,96,83,15,95,35.5
30071550,3,abdominal pain,0,95,136,72,22,94,38.3
30071551,4,back pain,2,84,126,88,18,98,36.3
30071552,5,laceration,2,76,143,80,9,95,37.3
30071553,4,abdominal pain,2,82,163,91,21,98,36.5
30071554,4,anxiety,5,118,140,89,16,100,38.5
30071555,4,anxiety,3,89,148,105,25,100,34.6
30071556,3,anxiety,3,70,167,78,17,97,37.2
30071557,3,knee pain,7,60,155,91,17,96,37.1
30071558,3,chest pain,4,95,115,94,19,100,37.8
30071559,4,laceration,2,66,76,90,18,96,36.6
30071560,3,anxiety,3,88,122,69,18,93,37.1
30071561,1,laceration,10,80,109,69,22,100,35.2
30071562,4,fall,6,77,124,71,16,95,36.7
30071563,3,fall,7,99,132,93,22,100,36.9
30071564,3,knee pain,1,80,145,66,21,93,36.9
30071565,1,back pain,9,89,134,77,13,100,37.4
30071566,3,abdominal pain,1,83,156,104,18,100,37.2
30071567,3,laceration,2,62,146,78,15,95,36.0
30071568,3,knee pain,3,73,102,81,17,94,37.0
30071569,4,headache,7,69,143,75,16,92,38.2
30071570,4,anxiety,4,82,116,81,25,93,37.1
30071571,2,anxiety,8,76,128,63,10,99,36.2
30071572,3,abdominal pain,3,79,127,64,17,99,36.1
30071573,2,fall,7,68,107,60,17,96,36.5
30071574,5,anxiety,4,73,135,97,17,95,38.0
30071575,3,anxiety,7,99,128,86,18,95,37.1
30071576,3,fall,7,67,129,66,22,99,37.2
30071577,4,back pain,1,93,142,85,20,95,37.8
30071578,3,headache,5,72,162,103,18,97,36.7
30071579,2,knee pain,10,81,137,66,15,98,37.7
30071580,3,anxiety,3,110,123,86,19,91,37.7
30071581,3,knee pain,4,91,128,90,21,98,37.5
30071582,3,shortness of breath,6,103,113,97,27,94,38.0
30071583,3,fall,5,81,107,67,19,95,38.0
30071584,3,laceration,0,103,111,86,16,96,36.3
30071585,4,headache,2,95,126,101,21,98,36.9
30071586,1,abdominal pain,9,93,94,79,28,95,36.0
30071587,2,knee pain,10,68,124,125,12,100,37.2
30071588,3,anxiety,5,93,165,72,19,96,37.2
30071589,3,fever,6,80,116,78,25,96,36.8
30071590,3,anxiety,5,108,138,97,21,95,37.1
30071591,3,headache,6,103,108,87,12,96,36.1
30071592,4,laceration,3,73,119,75,14,94,37.0
30071593,4,shortness of breath,5,63,128,98,19,100,38.3
30071594,4,headache,4,89,133,98,25,95,38.2
30071595,4,fever,6,136,132,80,18,94,35.9
30071596,3,headache,2,81,125,78,21,96,39.0
30071597,2,back pain,10,82,157,88,18,99,35.2
30071598,3,laceration,4,99,88,63,18,99,37.8
30071599,3,fall,1,83,112,116,18,96,37.3
30071600,3,abdominal pain,7,77,85,72,16,95,38.1
30071601,4,laceration,6,93,116,56,22,97,36.4
30071602,4,fall,7,60,119,82,15,98,35.8
30071603,3,anxiety,3,97,168,54,18,96,37.0
30071604,1,laceration,7,86,102,98,13,91,36.9
30071605,3,chest pain,6,71,136,76,17,100,36.4
30071606,3,laceration,4,85,110,88,20,96,36.6
30071607,5,headache,0,68,110,82,20,95,36.7
30071608,3,laceration,7,90,130,99,16,100,36.5
30071609,3,anxiety,5,97,101,85,18,100,36.2
30071610,3,fall,3,97,112,78,17,90,36.8
30071611,4,laceration,5,87,112,64,16,99,36.0
30071612,3,fall,3,93,123,81,19,92,37.0
30071613,4,shortness of breath,1,87,153,73,16,97,37.3
30071614,3,shortness of breath,7,64,123,81,16,97,37.0
30071615,4,fall,2,65,129,89,15,99,36.7
30071616,3,fever,0,75,86,65,14,96,36.7
30071617,2,abdominal pain,10,86,131,82,20,98,36.0
30071618,4,abdominal pain,1,75,145,83,12,97,35.9
30071619,2,abdominal pain,7,65,131,77,20,96,36.9
30071620,3,fall,2,74,113,78,16,93,36.9
30071621,2,chest pain,10,80,132,93,19,98,37.1
30071622,3,fever,1,99,93,58,23,95,37.0
30071623,5,knee pain,4,71,118,43,19,100,36.4
30071624,2,abdominal pain,7,70,112,101,22,99,37.1
30071625,3,back pain,3,86,136,94,16,100,36.3
30071626,3,chest pain,3,76,130,84,19,98,38.1
30071627,3,fever,2,72,140,85,22,100,36.6
30071628,3,shortness of breath,4,93,106,64,12,97,37.1
30071629,2,fall,7,110,125,69,29,94,35.0
30071630,1,chest pain,10,90,133,108,19,100,37.8
30071631,2,chest pain,6,97,144,110,17,97,38.8
30071632,4,chest pain,2,90,112,99,21,96,37.3
30071633,4,shortness of breath,6,103,116,84,10,100,37.4
30071634,3,knee pain,1,94,125,89,18,95,37.9
30071635,2,fever,7,50,118,53,22,95,38.4
30071636,3,anxiety,5,87,89,100,16,97,38.2
30071637,3,chest pain,1,103,163,106,21,98,37.8
30071638,5,shortness of breath,5,98,84,57,19,99,36.8
30071639,3,anxiety,1,91,141,85,22,94,38.8
30071640,5,fall,4,93,119,81,15,92,36.5
30071641,4,chest pain,0,56,93,103,28,95,36.8
30071642,3,shortness of breath,4,85,132,68,13,92,35.9
30071643,4,abdominal pain,0,73,127,79,17,93,38.1
30071644,2,fall,9,87,147,86,17,100,37.3
30071645,3,back pain,1,83,140,90,17,93,36.6
30071646,2,fever,7,87,108,71,17,98,37.1
30071647,5,shortness of breath,0,111,162,90,16,98,37.2
30071648,3,fever,0,79,125,91,17,97,35.3
30071649,1,laceration,6,94,174,65,20,96,37.5
30071650,2,abdominal pain,6,58,118,108,15,94,37.1
30071651,3,knee pain,3,103,105,54,15,95,36.2
30071652,5,laceration,4,93,129,110,24,98,36.9
30071653,2,chest pain,8,81,173,70,11,100,36.5
30071654,2,abdominal pain,8,72,119,79,20,98,36.5
30071655,3,headache,0,103,131,92,27,95,37.3
30071656,4,anxiety,0,109,107,95,18,98,37.4
30071657,4,chest pain,0,73,93,76,9,93,36.8
30071658,5,anxiety,5,66,105,88,11,96,36.2
30071659,3,fall,7,85,87,72,14,98,35.7
30071660,4,laceration,4,80,126,65,14,98,36.3
30071661,3,anxiety,6,64,166,80,23,100,37.1
30071662,2,abdominal pain,6,95,131,98,11,89,38.1
30071663,3,back pain,4,106,114,61,17,95,37.1
30071664,2,chest pain,7,107,85,111,17,96,38.4
30071665,3,headache,1,61,132,95,17,99,37.8
30071666,3,headache,4,75,101,61,16,93,36.6
30071667,3,back pain,4,114,156,81,14,97,36.9
30071668,4,back pain,6,88,122,69,17,94,36.9
30071669,3,chest pain,3,104,154,112,12,95,35.8
30071670,3,back pain,3,84,129,71,14,100,38.2
30071671,2,fever,10,81,140,78,18,95,37.4
30071672,3,headache,7,74,116,72,26,99,37.6
30071673,2,headache,10,67,126,86,20,96,37.8
30071674,3,back pain,4,82,104,75,16,100,36.0
30071675,3,chest pain,0,78,106,86,14,94,37.6
30071676,3,fall,6,74,111,83,19,97,38.0
30071677,3,laceration,3,78,155,105,13,89,38.2
30071678,2,fall,10,83,152,65,18,100,37.0
30071679,4,anxiety,0,89,100,80,18,92,36.8
30071680,3,fever,4,98,117,98,16,100,34.9
30071681,2,fever,7,85,98,82,17,97,37.0
30071682,3,fall,2,80,84,97,25,100,38.0
30071683,3,anxiety,3,78,104,113,19,97,37.2
30071684,3,shortness of breath,1,67,133,80,12,96,36.7
30071685,3,shortness of breath,3,65,121,66,14,92,37.2
30071686,4,back pain,7,65,96,79,18,97,36.8
30071687,3,fever,1,73,137,91,25,100,37.0
30071688,3,fever,4,67,112,60,17,99,35.9
30071689,4,anxiety,6,83,128,88,13,96,37.5
30071690,3,abdominal pain,0,69,120,62,18,94,36.2
30071691,2,shortness of breath,6,65,122,35,14,96,37.6
30071692,3,back pain,4,85,157,71,16,97,37.9
30071693,1,fever,9,79,131,72,16,98,36.9
30071694,5,back pain,4,94,139,93,16,97,37.1
30071695,3,chest pain,0,71,138,91,22,94,36.7
30071696,2,chest pain,10,99,112,97,14,94,36.9
30071697,4,fall,0,87,106,55,24,100,36.2
30071698,3,shortness of breath,7,94,140,70,16,94,36.4
30071699,3,fall,1,107,131,78,17,97,35.8
30071700,4,headache,6,57,129,95,19,100,36.1
30071701,2,abdominal pain,10,100,162,76,19,93,36.8
30071702,3,knee pain,1,95,113,89,21,95,37.5
30071703,3,knee pain,3,88,136,70,17,98,36.9
30071704,3,chest pain,1,87,144,102,23,99,37.4
30071705,5,fever,7,60,155,110,15,98,36.6
30071706,3,knee pain,3,84,121,53,21,99,37.6
30071707,4,anxiety,7,100,137,69,24,97,38.9
30071708,3,chest pain,6,85,155,107,21,100,38.9
30071709,3,shortness of breath,3,79,137,67,14,99,36.1
30071710,4,shortness of breath,5,92,98,68,17,99,37.7
30071711,4,anxiety,4,73,126,94,19,93,37.7
30071712,1,fall,10,71,101,91,18,97,37.2
30071713,4,abdominal pain,6,65,146,47,10,96,39.3
30071714,3,fever,0,91,112,90,17,96,36.2
30071715,3,headache,4,111,117,80,19,100,36.3
30071716,3,headache,6,86,118,70,19,96,37.6
30071717,4,headache,7,106,120,81,27,99,37.1
30071718,4,anxiety,7,69,92,77,14,93,38.3
30071719,3,chest pain,4,88,150,69,19,98,37.1
30071720,3,back pain,1,106,95,92,19,93,34.9
30071721,2,shortness of breath,7,84,118,94,14,94,37.5
30071722,2,anxiety,7,76,101,67,20,100,36.2
30071723,3,headache,3,106,128,105,20,100,37.6
30071724,2,abdominal pain,6,81,126,121,19,98,35.5
30071725,4,knee pain,4,86,107,104,11,92,36.8
30071726,2,fever,8,97,139,89,22,94,36.6
30071727,3,anxiety,3,78,147,97,17,97,37.6
30071728,3,fall,0,82,147,75,21,96,37.5
30071729,3,shortness of breath,6,68,139,55,17,100,36.7
30071730,3,abdominal pain,1,77,153,71,21,97,37.0
30071731,3,laceration,2,82,161,81,15,93,36.8
30071732,4,fever,1,90,122,75,21,99,37.5
30071733,3,abdominal pain,7,74,123,74,19,92,37.0
30071734,3,fall,3,91,135,71,22,99,37.2
30071735,3,back pain,2,80,119,81,22,96,37.2
30071736,4,fever,4,86,117,87,27,99,35.1
30071737,3,shortness of breath,0,81,96,111,23,99,37.5
30071738,3,anxiety,2,79,94,108,17,92,36.5
30071739,2,back pain,6,107,116,98,19,96,38.1
30071740,3,headache,4,109,132,84,13,95,37.9
30071741,2,back pain,8,69,136,82,23,97,36.7
30071742,3,anxiety,2,94,96,90,14,100,37.2
30071743,2,abdominal pain,7,101,119,82,20,93,37.5
30071744,3,knee pain,5,97,148,76,20,96,37.2
30071745,5,chest pain,1,71,111,57,14,97,37.7
30071746,3,anxiety,1,97,126,85,20,100,38.8
30071747,4,fever,3,69,102,93,19,94,37.0
30071748,2,anxiety,8,81,108,84,17,97,35.7
30071749,3,laceration,5,81,140,71,18,99,36.4
30071750,3,fever,0,87,126,119,13,96,37.3
30071751,3,back pain,1,39,147,79,20,99,37.9
30071752,1,shortness of breath,10,97,112,86,26,90,35.6
30071753,3,fall,5,72,137,55,17,95,35.8
30071754,1,fever,7,97,108,81,22,96,36.8
30071755,3,shortness of breath,1,75,131,85,20,96,37.2
30071756,3,anxiety,1,78,113,51,20,100,36.7
30071757,4,headache,7,96,151,64,14,98,37.4
30071758,3,knee pain,0,55,112,94,20,99,34.9
30071759,3,fall,5,79,122,84,18,97,37.0
30071760,3,anxiety,3,96,161,95,18,97,36.7
30071761,2,chest pain,6,76,111,73,13,100,36.7
30071762,5,abdominal pain,3,104,144,108,17,96,36.4
30071763,4,fall,6,68,145,67,17,98,35.8
30071764,2,knee pain,8,91,160,120,9,97,36.6
30071765,4,laceration,0,91,100,91,14,100,38.2
30071766,3,laceration,5,93,117,72,18,98,36.1
30071767,3,knee pain,2,116,115,81,15,93,37.6
30071768,3,shortness of breath,6,98,120,71,15,100,38.4
30071769,4,knee pain,6,80,117,97,12,93,36.4
30071770,3,abdominal pain,2,87,152,93,16,93,37.5
30071771,3,shortness of breath,2,60,103,64,22,99,38.0
30071772,3,back pain,1,84,137,95,14,93,37.5
30071773,2,knee pain,8,84,134,58,12,98,36.9
30071774,2,shortness of breath,9,78,122,87,16,98,37.2
30071775,3,back pain,3,101,109,65,21,100,37.3
30071776,3,headache,2,111,141,87,20,95,36.9
30071777,3,laceration,0,71,112,64,22,96,37.4
30071778,3,headache,1,93,118,58,21,97,35.7
30071779,2,laceration,6,89,121,73,22,100,36.9
30071780,4,abdominal pain,3,77,163,89,17,96,37.3
30071781,1,knee pain,10,103,96,82,15,100,39.3
30071782,3,knee pain,1,96,195,72,17,93,37.6
30071783,3,abdominal pain,3,77,133,77,16,92,36.6
30071784,3,headache,6,86,158,94,23,95,36.6
30071785,3,fever,6,68,114,74,16,99,36.9
30071786,4,laceration,6,96,152,71,22,97,37.6
30071787,3,anxiety,6,79,145,82,13,100,36.7
30071788,2,fall,6,73,122,72,24,97,37.8
30071789,2,fever,7,66,108,79,21,100,37.5
30071790,3,fever,1,99,105,72,16,100,36.2
30071791,5,fall,1,81,116,74,12,94,37.1
30071792,3,shortness of breath,3,88,127,89,19,100,37.6
30071793,3,anxiety,0,106,156,68,21,99,37.2
30071794,2,fall,6,106,171,97,18,95,36.2
30071795,3,chest pain,3,91,127,70,14,100,37.5
30071796,3,shortness of breath,4,84,139,56,18,93,36.6
30071797,3,fever,0,92,127,85,25,94,37.6
30071798,4,headache,0,62,171,87,21,98,35.7
30071799,4,abdominal pain,4,68,117,66,15,99,37.5
30071800,4,headache,5,62,123,85,23,100,36.1
30071801,4,headache,3,97,105,76,23,97,35.6
30071802,2,fall,9,87,90,70,18,96,36.1
30071803,3,fever,3,73,116,85,17,100,37.9
30071804,3,fall,0,75,123,99,16,96,37.0
30071805,2,back pain,7,81,131,78,21,96,37.1
30071806,3,laceration,1,82,87,99,14,100,36.0
30071807,2,chest pain,10,71,115,87,21,97,37.4
30071808,4,knee pain,7,76,116,95,21,94,36.8
30071809,3,fall,7,63,136,74,14,93,37.3
30071810,3,abdominal pain,7,85,121,80,18,96,37.9
30071811,2,fever,9,98,165,59,26,98,37.2
30071812,3,fall,1,94,129,90,27,95,37.6
30071813,3,chest pain,7,90,122,87,22,96,36.8
30071814,3,fall,6,66,129,108,21,96,35.7
30071815,1,knee pain,8,53,134,91,18,99,37.7
30071816,3,shortness of breath,0,62,157,101,18,96,36.7
30071817,3,headache,5,95,169,89,20,95,36.8
30071818,4,knee pain,7,77,123,63,12,96,36.2
30071819,3,fall,2,92,121,104,23,94,36.8
30071820,2,chest pain,7,82,84,90,17,94,37.1
30071821,3,chest pain,2,64,125,76,12,100,36.0
30071822,3,shortness of breath,5,72,138,93,12,91,39.6
30071823,3,laceration,2,78,86,92,18,95,37.4
30071824,1,chest pain,7,89,111,79,15,95,37.9
30071825,5,chest pain,3,64,93,60,18,98,36.7
30071826,2,laceration,7,75,92,61,13,94,36.4
30071827,3,back pain,0,76,147,79,17,100,37.0
30071828,2,knee pain,6,64,148,69,16,100,37.7
30071829,3,laceration,3,96,137,88,24,100,36.2
30071830,3,fever,2,78,134,45,16,95,34.9
30071831,3,laceration,7,90,141,98,22,97,37.3
30071832,3,chest pain,1,72,123,99,21,94,36.6
30071833,5,laceration,2,75,101,69,20,91,36.9
30071834,4,knee pain,0,118,95,71,18,93,38.1
30071835,1,headache,10,63,137,83,21,100,37.2
30071836,3,fall,1,51,144,86,21,95,36.8
30071837,3,abdominal pain,3,86,130,72,26,97,36.1
30071838,3,abdominal pain,0,125,125,73,21,99,36.2
30071839,4,headache,4,61,105,76,26,89,35.9
30071840,2,shortness of breath,8,91,114,60,21,97,37.3
30071841,3,fall,7,103,128,61,15,97,35.8
30071842,1,fall,10,72,108,81,17,97,37.8
30071843,1,headache,7,101,135,97,24,100,37.3
30071844,3,chest pain,0,94,102,79,14,100,36.3
30071845,4,fall,3,81,115,113,21,99,36.8
30071846,4,abdominal pain,5,96,143,49,13,98,37.8
30071847,3,anxiety,7,74,126,76,19,93,38.0
30071848,4,abdominal pain,5,112,122,92,17,100,37.1
30071849,2,chest pain,9,62,106,77,22,93,37.8
30071850,4,fever,7,109,118,95,27,93,38.0
30071851,3,back pain,6,90,157,88,14,99,36.8
30071852,3,knee pain,0,91,83,72,19,99,34.9
30071853,5,knee pain,4,76,122,67,17,99,37.4
30071854,3,knee pain,3,83,121,60,19,93,36.5
30071855,3,chest pain,7,88,128,100,24,92,38.8
30071856,4,anxiety,7,82,105,73,19,99,36.3
30071857,4,laceration,1,80,108,102,22,99,35.7
30071858,4,fall,7,66,143,96,14,96,35.6
30071859,2,laceration,6,78,120,91,18,94,38.1
30071860,3,headache,2,97,162,98,20,96,37.4
30071861,3,shortness of breath,1,82,133,73,12,97,38.2
30071862,3,shortness of breath,6,94,121,69,20,94,37.3
30071863,3,laceration,6,105,110,71,19,96,38.1
30071864,3,fever,1,77,114,88,21,95,36.8
30071865,4,shortness of breath,1,95,153,83,15,92,38.2
30071866,3,fall,3,102,103,91,16,94,37.0
30071867,3,fall,2,72,141,86,18,92,37.6
30071868,2,shortness of breath,7,79,152,78,13,97,38.4
30071869,3,knee pain,7,103,137,102,19,98,36.2
30071870,2,knee pain,9,71,134,81,21,99,37.6
30071871,4,fever,0,81,97,87,16,98,36.7
30071872,3,fever,3,78,137,113,23,98,36.4
30071873,4,fall,6,81,103,68,19,95,35.8
30071874,4,laceration,3,117,117,88,23,96,36.4
30071875,2,back pain,9,106,166,104,19,99,36.9
30071876,3,anxiety,0,68,99,52,11,99,37.5
30071877,3,headache,2,53,115,100,26,95,37.0
30071878,4,shortness of breath,6,78,135,63,15,99,36.1
30071879,4,abdominal pain,4,82,137,89,15,97,35.0
30071880,4,fall,0,81,108,85,18,96,38.6
30071881,3,chest pain,1,101,129,80,21,97,37.6
30071882,2,knee pain,9,75,152,101,21,92,37.0
30071883,3,knee pain,5,84,123,93,20,96,36.9
30071884,3,fever,3,88,153,88,15,97,36.6
30071885,1,chest pain,10,76,140,61,12,96,36.8
30071886,2,anxiety,10,103,102,84,16,99,35.9
30071887,3,knee pain,4,110,157,71,19,97,37.3
30071888,2,chest pain,7,88,109,68,18,95,36.9
30071889,3,back pain,0,84,106,90,21,100,37.9
30071890,2,abdominal pain,10,96,105,73,18,95,38.4
30071891,4,fever,3,83,144,82,23,99,37.2
30071892,1,fever,8,88,155,87,17,98,36.9
30071893,3,fever,7,94,110,81,17,99,37.3
30071894,1,abdominal pain,6,97,142,104,21,96,35.8
30071895,5,headache,0,107,113,48,9,100,36.7
30071896,3,back pain,6,67,132,55,21,94,37.0
30071897,3,laceration,4,96,176,84,21,97,37.5
30071898,3,headache,0,108,154,81,20,100,36.9
30071899,4,headache,0,102,162,56,18,100,36.2
30071900,2,headache,8,85,100,70,19,99,38.3
30071901,2,fever,6,115,119,96,12,93,37.6
30071902,3,laceration,6,83,113,51,20,95,37.3
30071903,3,back pain,1,77,129,62,23,100,36.1
30071904,3,abdominal pain,4,78,106,102,15,97,37.6
30071905,2,fall,10,96,107,76,14,98,37.7
30071906,4,laceration,5,73,111,58,18,100,37.3
30071907,3,anxiety,1,89,121,59,23,95,36.4
30071908,3,knee pain,2,94,119,91,19,96,37.2
30071909,3,headache,4,94,96,67,28,98,36.2
30071910,1,fall,6,100,109,88,15,100,37.0
30071911,3,laceration,5,53,135,79,16,99,37.2
30071912,3,fever,4,87,84,94,23,97,36.8
30071913,2,headache,7,50,102,75,9,94,36.8
30071914,3,chest pain,2,111,129,73,16,97,36.3
30071915,3,chest pain,0,81,111,71,16,97,37.2
30071916,1,knee pain,8,95,123,73,17,97,37.6
30071917,3,back pain,3,68,118,97,23,99,36.6
30071918,3,fall,2,97,111,77,13,94,37.8
30071919,4,chest pain,5,81,163,70,14,95,37.7
30071920,1,headache,6,83,88,78,24,95,37.5
30071921,4,back pain,4,74,127,75,24,94,36.5
30071922,3,laceration,4,85,130,69,20,95,36.5
30071923,3,chest pain,5,89,106,83,14,94,36.7
30071924,3,anxiety,5,128,120,71,13,94,37.3
30071925,3,back pain,0,72,166,42,18,96,38.3
30071926,2,back pain,7,114,139,82,22,93,37.2
30071927,1,anxiety,9,84,124,92,20,96,36.0
30071928,4,headache,2,80,128,83,21,97,38.3
30071929,1,knee pain,6,106,134,95,14,100,35.9
30071930,3,abdominal pain,5,72,153,76,29,96,37.6
30071931,4,fever,2,87,86,61,25,94,37.4
30071932,5,fever,0,69,116,84,17,95,38.3
30071933,4,headache,3,70,128,108,17,97,36.1
30071934,3,laceration,4,81,111,68,18,100,37.9
30071935,2,chest pain,10,87,96,81,15,95,37.2
30071936,2,fever,10,90,129,110,18,95,37.3
30071937,3,anxiety,1,92,171,63,11,96,36.9
30071938,4,abdominal pain,6,91,117,82,21,98,37.9
30071939,4,anxiety,4,80,125,73,18,91,37.7
30071940,4,knee pain,5,89,132,55,21,98,37.0
30071941,2,shortness of breath,6,71,151,81,22,96,37.5
30071942,2,headache,6,88,146,87,14,100,38.2
30071943,2,knee pain,6,96,163,115,25,100,36.2
30071944,3,chest pain,5,54,123,95,21,95,36.8
30071945,3,shortness of breath,7,106,141,79,17,97,37.9
30071946,3,back pain,1,84,138,83,22,97,37.6
30071947,2,laceration,6,88,99,87,18,100,37.0
30071948,3,headache,5,70,125,106,18,93,36.2
30071949,3,shortness of breath,1,104,153,71,14,97,36.8
30071950,5,anxiety,1,62,122,87,17,99,36.3
30071951,4,chest pain,6,82,162,95,24,100,35.7
30071952,3,laceration,7,84,118,79,16,100,37.7
30071953,1,fall,8,84,154,83,20,96,36.2
30071954,4,anxiety,0,104,109,66,14,97,36.9
30071955,2,knee pain,6,99,80,86,23,99,37.8
30071956,2,headache,9,91,107,74,17,100,38.2
30071957,3,fever,2,99,104,94,20,96,36.5
30071958,4,anxiety,3,95,134,90,15,96,37.0
30071959,3,back pain,0,79,111,75,14,95,37.5
30071960,3,chest pain,4,81,127,96,20,95,36.9
30071961,3,fall,2,86,137,74,18,92,38.8
30071962,4,laceration,7,56,96,90,19,98,37.7
30071963,2,shortness of breath,7,71,120,87,18,95,37.8
30071964,4,knee pain,2,82,115,110,26,92,36.7
30071965,2,chest pain,7,71,131,85,18,94,36.3
30071966,1,abdominal pain,7,90,103,65,18,96,35.9
30071967,3,abdominal pain,1,89,132,89,29,95,36.0
30071968,4,fever,6,62,139,82,16,96,37.2
30071969,1,back pain,9,60,117,56,13,91,38.1
30071970,3,back pain,3,93,145,59,15,97,38.4
30071971,3,fever,1,77,138,93,21,99,36.8
30071972,3,chest pain,6,52,106,80,17,99,37.0
30071973,3,anxiety,2,88,95,82,12,100,37.7
30071974,3,back pain,5,87,102,74,9,92,35.9
30071975,4,shortness of breath,1,98,135,89,14,100,37.3
30071976,3,knee pain,3,79,150,89,25,97,36.4
30071977,3,knee pain,3,108,140,114,17,99,36.7
30071978,4,anxiety,4,83,135,64,10,91,35.2
30071979,4,back pain,1,93,120,74,21,98,37.1
30071980,3,abdominal pain,7,81,147,76,20,89,37.5
30071981,1,shortness of breath,8,77,159,92,19,98,36.3
30071982,2,shortness of breath,8,101,131,75,20,100,37.7
30071983,3,shortness of breath,2,79,125,71,21,97,38.2
30071984,1,headache,6,93,139,86,16,100,36.6
30071985,1,headache,7,106,137,69,14,100,38.4
30071986,3,shortness of breath,0,96,135,94,11,94,36.7
30071987,4,abdominal pain,2,93,123,86,14,97,37.5
30071988,3,headache,5,80,145,66,16,97,36.5
30071989,2,fall,8,93,117,87,15,92,36.5
30071990,3,knee pain,7,90,144,92,20,99,36.6
30071991,4,shortness of breath,3,107,108,99,24,94,37.2
30071992,5,fall,5,96,116,68,14,94,37.8
30071993,5,headache,7,125,113,84,11,99,36.3
30071994,5,fall,4,70,124,65,16,99,37.6
30071995,3,shortness of breath,5,87,157,56,14,98,37.0
30071996,3,chest pain,4,61,114,57,19,97,36.4
30071997,2,anxiety,10,92,116,82,21,98,37.6
30071998,5,fever,0,92,137,63,14,100,38.2
30071999,3,laceration,0,90,174,77,11,93,37.0
30072000,3,shortness of breath,0,81,105,88,13,95,37.3
30072001,2,fever,10,101,95,79,12,98,37.8
30072002,3,chest pain,2,81,157,96,13,97,36.1
30072003,3,back pain,0,97,125,93,19,97,36.5
30072004,4,back pain,2,86,120,101,21,97,36.3
30072005,2,anxiety,10,77,125,93,24,99,36.7
30072006,4,fever,4,107,115,92,16,100,36.5
30072007,1,fall,6,106,131,65,14,96,37.5
30072008,3,anxiety,0,90,106,80,14,95,38.9
30072009,3,headache,5,89,92,77,19,100,37.5
30072010,3,knee pain,7,71,90,106,14,100,37.6
30072011,3,fever,7,95,104,82,17,100,36.9
30072012,4,chest pain,2,91,116,87,19,95,36.9
30072013,5,headache,7,66,82,93,13,93,36.9
30072014,2,anxiety,10,94,124,104,17,100,37.1
30072015,2,headache,6,93,114,99,24,97,37.6
30072016,4,abdominal pain,3,60,130,56,6,90,37.4
30072017,3,anxiety,7,108,134,75,28,92,37.2
30072018,4,chest pain,4,81,119,70,18,99,38.5
30072019,4,headache,6,76,118,63,19,96,37.1
30072020,5,headache,0,69,131,62,18,96,36.9
30072021,3,headache,1,109,116,87,19,94,37.7
30072022,3,fever,6,109,114,93,16,100,38.1
30072023,3,headache,6,79,131,87,15,93,36.5
30072024,3,knee pain,6,80,137,44,24,95,36.6
30072025,4,abdominal pain,5,96,110,102,16,97,37.3
30072026,4,abdominal pain,3,100,119,82,15,100,36.9
30072027,3,headache,1,53,121,67,15,93,37.0
30072028,3,abdominal pain,7,82,141,90,19,95,36.8
30072029,5,knee pain,4,85,132,55,20,100,36.0
30072030,2,fall,7,81,124,78,16,100,37.1
30072031,3,knee pain,7,76,143,99,17,98,37.1
30072032,3,back pain,5,97,140,73,21,100,37.8
30072033,1,back pain,6,89,119,99,26,96,36.4
30072034,1,shortness of breath,10,63,106,88,13,100,37.1
30072035,3,shortness of breath,7,121,118,82,15,96,36.6
30072036,4,fall,6,99,108,93,19,100,38.2
30072037,3,knee pain,6,86,130,71,20,98,37.4
30072038,2,fall,10,105,103,76,17,91,37.1
30072039,3,abdominal pain,1,87,92,99,20,100,36.7
30072040,3,fall,1,88,148,58,16,99,36.6
30072041,2,headache,6,80,118,102,23,94,36.4
30072042,3,back pain,6,105,146,81,25,97,37.8
30072043,5,knee pain,3,60,135,78,11,98,38.7
30072044,2,abdominal pain,6,76,147,89,16,95,36.5
30072045,2,shortness of breath,9,71,127,58,14,93,37.3
30072046,3,abdominal pain,2,79,103,79,22,98,36.3
30072047,2,back pain,10,79,128,106,11,91,35.8
30072048,2,fall,8,110,122,82,16,91,36.5
30072049,1,headache,6,75,89,87,24,95,36.5
30072050,3,back pain,0,80,156,79,23,100,37.2
30072051,3,headache,7,81,154,88,22,100,37.8
30072052,3,fever,6,69,116,73,15,98,37.7
30072053,4,shortness of breath,3,62,100,85,21,96,36.5
30072054,5,knee pain,5,84,126,79,17,99,35.8
30072055,3,fall,2,76,106,76,18,96,37.0
30072056,1,headache,6,106,112,69,15,95,37.6
30072057,3,shortness of breath,7,89,109,63,18,100,37.7
30072058,4,chest pain,4,62,136,98,11,94,37.8
30072059,3,abdominal pain,6,55,123,63,17,99,37.1
30072060,5,fever,5,80,171,99,13,95,37.6
30072061,2,chest pain,9,81,102,55,15,100,36.2
30072062,3,abdominal pain,7,85,123,106,16,96,36.7
30072063,3,anxiety,2,82,112,74,24,96,35.6
30072064,2,chest pain,8,63,114,81,18,94,36.7
30072065,3,anxiety,0,76,99,52,27,97,36.4
30072066,2,fever,8,71,122,100,28,99,36.8
30072067,3,shortness of breath,0,76,128,98,14,95,37.1
30072068,2,fever,7,97,138,61,18,100,37.5
30072069,4,chest pain,4,82,128,92,19,94,35.8
30072070,3,headache,6,94,162,81,13,94,38.8
30072071,3,knee pain,2,85,142,83,13,100,36.6
30072072,3,knee pain,2,73,159,75,21,99,35.2
30072073,3,knee pain,2,84,123,89,14,97,37.3
30072074,4,shortness of breath,3,60,109,61,22,98,36.2
30072075,1,back pain,6,58,137,92,13,100,35.3
30072076,3,fever,4,103,154,104,21,93,36.8
30072077,2,knee pain,7,100,88,86,20,96,37.3
30072078,3,chest pain,6,106,121,64,21,100,37.6
30072079,3,headache,2,80,146,104,20,95,37.4
30072080,3,back pain,2,132,110,112,24,94,37.8
30072081,3,abdominal pain,5,107,153,52,17,98,37.1
30072082,3,laceration,6,55,131,70,22,98,36.0
30072083,3,laceration,6,91,96,76,24,95,37.5
30072084,2,shortness of breath,8,61,113,89,9,98,37.1
30072085,4,anxiety,4,72,121,89,17,100,35.6
30072086,3,abdominal pain,0,79,140,76,11,100,37.5
30072087,4,shortness of breath,4,98,116,72,21,96,35.5
30072088,4,knee pain,6,85,110,95,21,94,36.7
30072089,2,fall,8,77,147,80,14,96,37.1
30072090,3,anxiety,0,85,152,62,26,96,37.6
30072091,4,fever,7,71,163,60,14,91,37.8
30072092,3,abdominal pain,4,112,76,89,23,100,36.3
30072093,3,headache,5,77,165,91,17,94,34.8
30072094,3,fever,2,95,136,96,17,100,38.0
30072095,3,shortness of breath,0,85,126,44,15,97,37.1
30072096,2,fever,7,86,164,96,15,93,38.0
30072097,4,knee pain,6,89,131,50,19,97,36.0
30072098,3,headache,7,65,124,71,18,98,37.2
30072099,1,anxiety,9,98,145,70,20,94,36.3
30072100,3,fever,0,76,113,94,16,95,38.0
30072101,2,shortness of breath,7,97,127,77,11,96,38.3
30072102,2,knee pain,8,67,141,83,28,97,38.6
30072103,2,fever,9,53,155,93,21,98,38.7
30072104,2,laceration,8,85,130,100,19,96,36.6
30072105,3,laceration,4,76,130,88,24,99,35.9
30072106,2,fever,8,73,115,119,20,100,37.7
30072107,5,shortness of breath,2,55,138,82,19,94,37.2
30072108,3,anxiety,4,83,129,84,27,97,36.7
30072109,3,back pain,2,101,103,107,25,100,36.9
30072110,3,knee pain,4,87,113,69,25,95,36.3
30072111,3,abdominal pain,3,86,70,102,24,98,36.5
30072112,4,back pain,5,74,135,77,16,97,35.9
30072113,3,knee pain,1,80,137,98,16,93,36.7
30072114,3,fall,6,93,150,92,13,99,37.7
30072115,5,fever,3,81,125,76,19,99,37.0
30072116,2,back pain,9,112,134,95,21,100,37.2
30072117,4,fever,7,90,110,53,20,94,36.7
30072118,4,shortness of breath,7,58,157,87,18,98,37.0
30072119,4,fall,0,83,119,66,12,98,36.6
30072120,3,headache,5,89,107,55,20,99,37.3
30072121,4,laceration,7,81,117,87,20,96,37.1
30072122,2,laceration,7,94,134,84,21,93,37.4
30072123,5,abdominal pain,1,86,165,55,17,93,36.8
30072124,4,back pain,3,80,133,66,24,96,37.2
30072125,2,fever,7,83,139,79,17,95,36.3
30072126,4,shortness of breath,1,97,80,93,23,98,37.6
30072127,3,fall,4,86,132,81,13,94,38.0
30072128,2,fall,7,56,115,92,17,100,37.8
30072129,2,knee pain,7,106,111,81,24,98,35.4
30072130,4,abdominal pain,4,97,139,84,15,96,37.5
30072131,2,fever,8,103,137,90,23,93,35.7
30072132,3,abdominal pain,3,76,110,88,20,95,36.3
30072133,4,abdominal pain,4,73,144,79,12,94,38.2
30072134,3,shortness of breath,6,105,112,77,28,97,36.2
30072135,3,fever,4,114,173,91,26,100,35.6
30072136,3,chest pain,6,108,102,82,18,97,37.8
30072137,3,fall,2,84,152,110,16,100,36.1
30072138,3,knee pain,3,93,144,73,14,96,37.8
30072139,3,abdominal pain,3,62,139,72,16,95,37.3
30072140,4,fall,4,97,130,75,21,100,37.0
30072141,3,fever,0,61,117,82,20,100,36.9
30072142,3,laceration,1,84,145,85,22,99,38.1
30072143,3,headache,4,84,106,85,19,98,36.8
30072144,3,knee pain,7,80,93,77,18,100,37.0
30072145,3,fall,7,74,100,132,23,95,36.1
30072146,3,laceration,0,75,116,82,19,97,35.6
30072147,2,back pain,10,86,109,84,8,100,37.8
30072148,3,fall,5,97,129,75,18,96,37.4
30072149,3,abdominal pain,5,83,104,85,18,96,36.5
30072150,2,fall,10,76,96,106,23,94,37.4
30072151,3,fall,2,106,174,80,14,99,38.2
30072152,3,anxiety,2,75,85,66,15,98,38.2
30072153,3,headache,2,90,156,71,9,100,36.8
30072154,4,knee pain,2,74,150,84,17,96,36.6
30072155,1,abdominal pain,9,77,141,79,18,99,37.4
30072156,3,fever,5,110,133,98,15,99,37.6
30072157,3,headache,3,85,140,88,20,97,38.1
30072158,3,fall,3,76,104,70,24,95,36.3
30072159,3,shortness of breath,6,110,107,72,15,97,37.2
30072160,4,chest pain,4,102,145,63,15,92,36.1
30072161,4,fall,3,85,143,88,16,95,36.6
30072162,3,back pain,5,96,142,76,15,98,38.2
30072163,2,headache,9,75,137,78,15,96,36.8
30072164,4,anxiety,7,89,100,57,7,98,37.8
30072165,2,knee pain,9,66,101,89,15,97,37.9
30072166,3,knee pain,2,100,106,75,14,100,36.2
30072167,3,shortness of breath,0,80,119,62,13,99,35.5
30072168,2,shortness of breath,10,73,106,104,21,100,37.4
30072169,2,back pain,8,97,130,98,13,100,36.0
30072170,3,headache,6,100,101,88,12,98,37.1
30072171,3,fever,6,83,164,56,24,95,35.8
30072172,4,chest pain,6,98,103,84,15,100,36.4
30072173,3,laceration,7,104,113,84,12,93,38.3
30072174,3,chest pain,0,104,103,104,17,94,36.4
30072175,4,chest pain,1,74,155,73,20,100,36.8
30072176,4,headache,6,99,138,109,14,100,36.1
30072177,3,fever,2,79,125,81,20,100,37.7
30072178,5,fever,6,99,106,110,19,96,38.1
30072179,2,fall,8,72,103,76,22,93,37.7
30072180,3,fever,6,103,97,95,18,94,36.6
30072181,3,anxiety,7,91,151,58,17,96,36.7
30072182,2,knee pain,9,64,155,87,17,97,37.0
30072183,2,chest pain,8,81,143,76,17,98,37.3
30072184,3,knee pain,0,86,89,80,24,100,37.2
30072185,3,anxiety,0,85,122,98,11,98,37.9
30072186,4,back pain,2,98,158,100,22,97,37.0
30072187,2,back pain,8,93,94,59,19,89,37.0
30072188,2,headache,8,90,143,87,16,96,36.6
30072189,2,shortness of breath,6,81,138,108,24,100,36.1
30072190,2,headache,10,90,97,77,23,100,36.9
30072191,3,anxiety,5,102,123,67,19,100,36.9
30072192,3,fall,2,86,149,122,17,97,36.6
30072193,4,anxiety,6,81,129,85,19,100,37.3
30072194,4,back pain,4,86,118,82,19,95,37.5
30072195,3,shortness of breath,7,74,140,83,18,97,37.1
30072196,4,back pain,1,89,125,78,17,97,38.2
30072197,3,knee pain,1,68,114,86,15,97,38.2
30072198,3,fall,3,70,157,81,21,93,36.1
30072199,3,shortness of breath,7,109,121,94,13,96,37.2
30072200,3,abdominal pain,3,66,148,85,24,90,37.2
30072201,4,fall,2,99,115,82,16,96,36.7
30072202,2,fall,10,102,124,62,19,96,36.5
30072203,2,chest pain,10,86,120,88,23,95,37.2
30072204,2,shortness of breath,7,86,141,70,15,94,37.4
30072205,3,fall,2,94,159,83,24,95,37.5
30072206,4,knee pain,3,93,117,103,17,98,36.0
30072207,5,anxiety,1,99,114,83,20,99,36.6
30072208,3,anxiety,4,97,144,86,19,93,36.8
30072209,2,knee pain,6,73,121,53,16,93,38.3
30072210,2,knee pain,9,86,95,97,15,100,37.3
30072211,2,abdominal pain,7,70,97,73,15,98,35.9
30072212,3,shortness of breath,0,71,123,54,16,94,37.6
30072213,2,abdominal pain,10,101,120,52,16,90,37.5
30072214,4,back pain,6,82,123,89,23,98,36.9
30072215,3,anxiety,6,104,154,90,16,94,36.5
30072216,4,headache,2,85,146,76,12,95,37.1
30072217,5,knee pain,2,72,117,76,17,93,37.0
30072218,2,laceration,7,79,155,49,15,95,36.7
30072219,3,shortness of breath,1,69,138,91,13,100,36.9
30072220,3,headache,1,95,143,81,19,95,37.6
30072221,5,anxiety,7,64,117,80,22,100,36.0
30072222,2,headache,9,66,162,102,20,100,35.9
30072223,2,fall,8,83,141,80,16,90,36.2
30072224,3,chest pain,3,105,98,100,16,99,37.2
30072225,4,back pain,2,64,130,73,18,93,36.6
30072226,2,anxiety,10,90,139,64,21,100,37.1
30072227,3,back pain,0,101,98,87,20,91,38.0
30072228,4,fever,7,95,150,100,13,100,35.7
30072229,3,headache,4,57,119,78,17,93,38.0
30072230,3,anxiety,3,62,120,86,15,97,37.7
30072231,4,anxiety,4,65,108,98,19,94,36.0
30072232,4,abdominal pain,3,76,126,66,20,94,37.9
30072233,4,laceration,2,82,130,75,20,98,37.0
30072234,3,chest pain,5,92,152,96,6,100,37.4
30072235,3,knee pain,6,80,98,67,20,100,37.9
30072236,3,anxiety,2,98,129,76,14,100,37.1
30072237,3,back pain,3,103,92,70,25,95,35.9
30072238,5,shortness of breath,5,62,124,76,10,100,36.7
30072239,3,abdominal pain,4,99,128,62,14,93,37.0
30072240,3,shortness of breath,1,85,137,53,21,98,36.3
30072241,1,anxiety,7,76,131,82,20,94,37.3
30072242,1,back pain,8,72,156,92,15,96,36.8
30072243,2,fever,6,80,137,87,13,96,37.0
30072244,2,fall,8,51,139,94,18,97,36.4
30072245,4,anxiety,2,86,133,69,11,96,36.7
30072246,4,shortness of breath,2,81,140,102,21,98,36.2
30072247,4,headache,7,102,96,61,14,100,36.2
30072248,2,laceration,6,61,118,95,13,95,37.4
30072249,5,shortness of breath,4,93,132,50,16,97,37.2
30072250,3,headache,2,52,126,57,20,93,37.5
30072251,2,fever,8,98,146,89,24,100,37.7
30072252,3,shortness of breath,3,95,93,101,22,99,36.1
30072253,3,anxiety,7,89,96,71,15,99,39.0
30072254,3,knee pain,2,103,136,84,21,96,37.5
30072255,2,headache,10,104,116,59,22,95,36.5
30072256,4,fever,7,107,135,77,14,97,37.0
30072257,3,fever,0,85,91,62,22,98,37.2
30072258,4,fall,6,71,133,85,13,90,36.2
30072259,3,knee pain,6,73,101,76,20,95,38.2
30072260,3,fever,1,75,116,73,13,96,36.9
30072261,3,fever,3,88,124,64,20,96,37.1
30072262,4,back pain,7,95,115,101,12,94,36.0
30072263,2,back pain,6,100,113,114,18,97,36.1
30072264,3,shortness of breath,0,87,166,62,9,95,36.5
30072265,3,headache,6,108,174,87,19,99,35.9
30072266,1,back pain,6,89,143,78,19,94,37.9
30072267,2,abdominal pain,7,65,132,70,19,100,37.5
30072268,2,laceration,7,79,134,82,15,96,37.2
30072269,3,knee pain,5,79,135,80,19,95,35.9
30072270,2,fever,7,73,118,106,15,98,36.8
30072271,3,abdominal pain,0,114,132,88,15,97,36.7
30072272,3,knee pain,4,101,135,64,19,98,37.3
30072273,4,chest pain,4,114,136,93,15,97,36.4
30072274,3,knee pain,4,82,152,54,12,99,36.8
30072275,2,back pain,9,113,138,114,19,92,37.0
30072276,2,headache,6,96,148,83,21,98,37.2
30072277,2,chest pain,10,85,105,67,21,93,37.0
30072278,3,chest pain,6,96,141,68,15,96,37.6
30072279,4,knee pain,5,84,134,48,25,99,36.9
30072280,3,abdominal pain,0,67,118,84,15,97,37.3
30072281,4,fall,7,87,101,104,10,93,36.1
30072282,3,abdominal pain,7,79,103,96,15,94,35.9
30072283,3,knee pain,6,72,104,108,10,100,36.1
30072284,2,shortness of breath,7,88,154,89,18,97,37.1
30072285,2,chest pain,7,94,144,83,21,100,37.3
30072286,3,shortness of breath,4,90,121,98,17,100,37.1
30072287,4,abdominal pain,5,89,112,60,23,95,37.5
30072288,3,anxiety,4,89,131,104,20,95,36.4
30072289,3,fall,3,100,142,98,25,93,37.2
30072290,3,fever,6,76,169,96,19,95,38.2
30072291,4,back pain,4,100,108,82,15,98,38.1
30072292,3,anxiety,2,51,118,93,8,92,34.9
30072293,4,headache,4,87,107,73,18,94,37.3
30072294,3,fall,2,108,125,92,15,92,37.9
30072295,3,knee pain,3,92,114,85,18,100,36.8
30072296,3,shortness of breath,2,80,89,78,16,90,37.5
30072297,1,fever,10,82,148,79,19,99,37.1
30072298,4,knee pain,3,80,152,95,20,93,37.2
30072299,3,fever,5,80,133,99,22,93,36.3
30072300,4,anxiety,7,88,147,89,19,95,37.4
30072301,3,fall,1,78,140,76,12,95,35.9
30072302,5,chest pain,4,71,144,61,14,95,38.4
30072303,2,laceration,6,74,143,91,25,97,37.6
30072304,3,anxiety,1,87,74,87,18,100,36.7
30072305,4,anxiety,4,102,133,50,14,98,35.6
30072306,4,knee pain,3,97,146,62,18,94,36.5
30072307,3,anxiety,3,50,145,80,13,96,36.9
30072308,3,knee pain,5,75,135,66,14,100,36.5
30072309,2,fall,8,114,119,83,23,98,37.8
30072310,3,anxiety,1,74,128,55,10,97,35.5
30072311,3,abdominal pain,5,58,115,73,15,95,38.8
30072312,4,knee pain,1,97,161,71,12,94,36.6
30072313,1,chest pain,9,98,128,35,11,96,37.3
30072314,2,chest pain,10,60,134,77,17,99,35.5
30072315,1,headache,7,75,107,99,25,98,36.5
30072316,3,shortness of breath,3,70,140,74,18,97,35.1
30072317,1,fever,10,82,139,60,15,91,37.0
30072318,2,fever,7,75,136,84,17,92,37.0
30072319,3,anxiety,4,64,125,76,23,89,37.6
30072320,3,fever,5,95,136,108,15,96,36.4
30072321,3,shortness of breath,1,82,107,91,15,99,37.6
30072322,5,abdominal pain,6,98,136,111,21,100,37.2
30072323,1,knee pain,9,86,109,78,23,96,37.6
30072324,5,knee pain,3,75,80,92,16,97,36.5
30072325,3,shortness of breath,2,53,113,93,17,100,36.6
30072326,3,anxiety,6,79,133,72,20,94,37.7
30072327,3,headache,1,84,144,89,20,97,37.5
30072328,3,laceration,3,87,124,56,20,100,36.9
30072329,3,knee pain,2,56,131,76,14,100,37.6
30072330,2,chest pain,10,71,116,98,16,92,37.9
30072331,3,fall,4,89,160,85,20,91,38.1
30072332,4,chest pain,3,106,152,70,19,100,37.6
30072333,3,chest pain,2,87,135,80,14,98,36.1
30072334,3,fever,5,73,48,61,12,93,36.1
30072335,3,knee pain,5,56,149,86,18,100,37.8
30072336,3,back pain,3,90,98,86,16,97,36.7
30072337,5,fall,2,81,121,56,17,96,37.1
30072338,3,abdominal pain,0,73,157,86,20,93,36.9
30072339,3,laceration,3,85,107,67,20,98,37.0
30072340,3,back pain,0,109,95,88,16,99,36.2
30072341,2,headache,6,56,169,94,25,100,37.4
30072342,3,abdominal pain,1,101,137,80,15,97,36.4
30072343,4,knee pain,1,108,116,77,14,97,37.7
30072344,1,fever,8,96,116,75,14,99,36.5
30072345,3,anxiety,0,73,107,78,21,99,36.2
30072346,3,abdominal pain,7,92,97,91,15,97,37.7
30072347,3,back pain,1,79,132,79,18,98,36.3
30072348,4,anxiety,3,79,121,88,21,95,38.0
30072349,3,chest pain,0,93,159,82,18,96,37.2
30072350,5,knee pain,6,104,123,87,20,90,36.5
30072351,3,laceration,7,106,129,67,24,100,38.7
30072352,2,knee pain,7,105,117,80,16,94,37.2
30072353,1,knee pain,9,80,141,99,20,99,35.6
30072354,3,laceration,7,101,126,81,20,96,35.8
30072355,2,laceration,6,99,146,65,15,96,36.3
30072356,3,fever,4,83,123,107,20,100,36.7
30072357,2,anxiety,8,92,173,73,21,95,38.6
30072358,3,headache,1,95,127,86,20,97,36.5
30072359,3,shortness of breath,6,82,112,80,9,95,35.4
30072360,3,fever,0,111,137,109,19,100,38.8
30072361,5,laceration,7,102,111,78,20,98,37.3
30072362,3,abdominal pain,1,101,142,74,20,92,37.0
30072363,3,headache,2,71,117,40,26,96,36.2
30072364,3,back pain,3,84,126,88,23,97,35.6
30072365,1,headache,7,80,107,77,17,100,35.4
30072366,3,fall,7,86,167,64,17,98,38.2
30072367,1,laceration,7,68,118,82,21,97,36.4
30072368,4,shortness of breath,2,68,154,75,23,95,37.5
30072369,3,headache,6,85,120,83,12,97,38.5
30072370,4,chest pain,6,89,151,75,17,100,36.9
30072371,3,anxiety,3,74,154,61,18,99,37.1
30072372,2,abdominal pain,8,81,122,74,13,99,35.9
30072373,4,knee pain,5,92,137,62,22,99,36.4
30072374,2,laceration,6,84,174,94,19,100,37.3
30072375,3,laceration,2,61,104,79,17,99,37.4
30072376,2,chest pain,8,90,106,72,20,99,37.7
30072377,3,back pain,1,73,119,88,22,99,36.5
30072378,4,shortness of breath,7,84,105,71,15,99,36.4
30072379,2,back pain,6,71,117,89,18,97,37.9
30072380,2,knee pain,6,79,93,95,23,100,37.6
30072381,3,headache,2,105,116,87,20,92,36.7
30072382,2,fall,7,72,115,59,21,93,37.5
30072383,3,fall,5,60,160,84,13,98,38.3
30072384,3,laceration,0,107,133,80,16,97,37.2
30072385,3,headache,7,79,153,106,10,100,38.4
30072386,3,abdominal pain,4,93,109,114,19,97,38.8
30072387,4,back pain,2,94,134,94,24,99,38.3
30072388,1,abdominal pain,8,120,115,64,19,93,37.1
30072389,2,laceration,10,101,141,85,20,96,38.2
30072390,4,knee pain,3,100,120,87,19,95,36.7
30072391,1,chest pain,6,101,109,84,17,95,38.4
30072392,3,abdominal pain,1,72,138,97,25,100,36.9
30072393,3,shortness of breath,2,90,116,123,23,95,36.5
30072394,2,knee pain,7,97,114,75,15,96,37.9
30072395,3,back pain,7,99,96,79,24,99,37.3
30072396,2,laceration,8,98,136,98,22,100,37.6
30072397,4,chest pain,4,68,126,66,21,96,38.8
30072398,4,abdominal pain,0,89,169,77,24,95,35.9
30072399,3,laceration,0,76,117,85,22,100,38.2
30072400,2,laceration,7,49,168,90,23,96,37.5
30072401,4,fever,5,67,105,63,16,96,36.4
30072402,2,fall,9,81,143,63,20,96,36.7
30072403,2,headache,10,89,129,70,19,97,38.0
30072404,3,headache,3,83,113,118,21,94,38.0
30072405,4,shortness of breath,7,91,100,63,19,100,36.8
30072406,4,laceration,6,107,157,87,16,99,35.9
30072407,3,anxiety,1,71,114,68,17,92,38.3
30072408,3,knee pain,4,98,136,73,21,95,37.4
30072409,3,fall,4,74,156,92,17,97,36.0
30072410,3,anxiety,1,77,107,89,24,96,36.8
30072411,3,laceration,4,85,147,51,18,100,36.4
30072412,2,back pain,8,63,119,109,17,93,38.5
30072413,1,knee pain,10,43,109,62,17,100,36.6
30072414,3,abdominal pain,7,79,97,76,14,96,37.0
30072415,2,laceration,6,98,130,89,22,98,36.6
30072416,4,chest pain,4,88,116,102,10,91,38.3
30072417,3,shortness of breath,4,79,118,72,27,95,37.0
30072418,4,fever,6,74,162,46,16,99,36.7
30072419,3,fever,7,100,147,63,12,98,36.4
30072420,4,fever,3,68,109,71,15,95,36.1
30072421,4,knee pain,2,67,111,93,16,93,36.7
30072422,4,back pain,4,82,131,66,15,93,38.2
30072423,4,shortness of breath,3,105,131,71,19,98,37.2
30072424,2,back pain,7,60,151,83,18,98,35.3
30072425,3,knee pain,5,85,147,82,21,99,36.5
30072426,3,chest pain,4,71,94,69,14,94,36.2
30072427,3,headache,1,89,94,75,18,96,36.9
30072428,3,headache,3,70,111,88,24,96,36.4
30072429,3,knee pain,7,86,130,87,15,95,35.2
30072430,3,laceration,0,105,151,79,18,96,36.2
30072431,2,headache,6,82,115,58,19,91,38.0
30072432,3,abdominal pain,0,95,120,48,19,95,36.5
30072433,3,chest pain,5,75,125,74,17,97,37.5
30072434,4,fever,7,75,106,85,11,96,36.6
30072435,2,abdominal pain,9,97,147,70,12,94,38.2
30072436,3,back pain,1,60,113,95,19,100,37.1
30072437,3,laceration,0,72,126,90,21,98,35.9
30072438,2,fever,6,91,97,55,20,93,37.0
30072439,3,back pain,6,110,96,79,11,100,36.5
30072440,2,knee pain,8,76,123,69,17,96,38.1
30072441,3,chest pain,6,76,107,68,15,100,35.8
30072442,4,anxiety,3,106,122,58,17,99,36.8
30072443,4,headache,0,62,125,80,20,95,38.5
30072444,2,laceration,10,96,144,89,22,100,35.8
30072445,2,abdominal pain,9,86,148,93,18,96,35.7
30072446,4,laceration,4,95,124,86,20,93,36.6
30072447,3,shortness of breath,5,92,122,98,16,97,37.3
30072448,2,abdominal pain,8,81,143,59,21,96,36.7
30072449,3,laceration,7,89,87,85,12,96,36.4
30072450,4,abdominal pain,3,80,145,81,19,100,37.4
30072451,3,chest pain,0,84,163,86,15,100,37.6
30072452,3,fever,1,95,129,71,18,95,35.2
30072453,2,chest pain,10,87,122,105,20,97,36.1
30072454,4,abdominal pain,3,98,115,90,14,97,37.5
30072455,2,fall,6,81,126,101,21,99,36.8
30072456,3,back pain,3,111,97,66,23,98,36.9
30072457,3,headache,3,94,131,60,17,94,36.5
30072458,2,anxiety,8,89,84,86,27,96,37.8
30072459,3,abdominal pain,5,95,93,80,17,96,36.8
30072460,2,laceration,9,69,97,86,12,95,36.3
30072461,2,abdominal pain,10,107,82,72,15,100,36.4
30072462,4,laceration,6,74,138,58,21,96,35.9
30072463,3,chest pain,0,79,166,83,23,91,37.5
30072464,4,back pain,1,55,136,103,22,90,35.2
30072465,3,fall,3,114,125,74,25,92,36.8
30072466,3,fall,5,101,127,57,15,100,37.8
30072467,3,headache,4,77,138,90,21,100,37.3
30072468,3,knee pain,6,102,94,78,15,98,36.7
30072469,2,fall,7,90,99,64,12,94,36.4
30072470,3,fall,0,115,110,101,10,100,37.1
30072471,4,fall,3,98,88,104,15,98,37.7
30072472,4,shortness of breath,7,101,135,93,18,92,38.5
30072473,2,laceration,8,57,116,102,15,99,38.3
30072474,2,headache,10,71,108,62,20,91,37.5
30072475,2,fever,6,70,98,53,19,100,37.0
30072476,3,abdominal pain,7,81,123,75,22,96,37.9
30072477,4,fall,0,72,119,87,15,95,36.9
30072478,3,headache,3,78,138,95,16,100,39.2
30072479,4,shortness of breath,1,83,107,74,20,99,36.6
30072480,4,fever,1,90,128,84,14,93,36.9
30072481,3,knee pain,4,74,153,97,19,95,35.6
30072482,3,chest pain,1,88,122,56,18,93,36.3
30072483,4,shortness of breath,5,77,102,73,17,87,38.3
30072484,3,chest pain,5,90,149,89,10,93,36.4
30072485,3,fall,0,84,93,93,19,94,37.8
30072486,3,abdominal pain,5,78,115,80,20,94,37.1
30072487,3,back pain,1,97,95,74,14,89,38.3
30072488,4,fever,7,108,133,81,15,99,37.0
30072489,4,knee pain,6,80,115,66,18,100,37.0
30072490,3,headache,5,104,145,70,20,96,36.9
30072491,4,headache,6,66,140,71,21,99,36.0
30072492,1,headache,10,77,86,88,24,90,37.4
30072493,3,chest pain,0,74,146,82,19,100,36.3
30072494,4,laceration,3,81,104,76,18,92,36.0
30072495,4,laceration,6,88,142,106,12,100,35.6
30072496,3,chest pain,3,83,99,90,14,98,36.7
30072497,2,abdominal pain,10,114,133,78,18,96,36.6
30072498,2,headache,6,108,142,69,16,100,37.1
30072499,3,back pain,6,59,139,87,27,98,36.5
30072500,3,chest pain,3,97,135,61,17,100,36.5
30072501,3,fall,0,73,156,73,20,100,37.6
30072502,3,laceration,2,78,125,74,16,95,37.5
30072503,3,fever,3,93,114,79,18,95,37.2
30072504,4,shortness of breath,3,109,135,72,15,97,37.2
30072505,3,abdominal pain,3,89,112,89,13,96,38.6
30072506,4,fall,5,80,143,83,20,98,38.0
30072507,3,fever,3,98,118,96,23,94,37.3
30072508,5,fever,0,98,121,84,21,100,36.7
30072509,2,anxiety,8,72,154,57,26,100,37.0
30072510,2,shortness of breath,6,110,113,69,19,91,37.0
30072511,2,shortness of breath,6,65,132,90,15,96,36.8
30072512,2,fall,7,54,132,72,14,100,37.3
30072513,3,fall,7,88,134,92,15,95,38.4
30072514,3,shortness of breath,1,87,126,91,13,96,36.5
30072515,4,headache,4,111,131,93,20,97,37.6
30072516,1,abdominal pain,7,71,169,98,23,100,35.9
30072517,3,anxiety,2,96,134,103,17,94,37.8
30072518,3,shortness of breath,1,89,114,56,22,96,36.8
30072519,2,abdominal pain,8,81,148,90,16,96,37.7
30072520,3,anxiety,0,96,152,59,8,97,37.8
30072521,4,headache,0,82,145,79,17,97,37.2
30072522,4,chest pain,0,84,111,71,23,97,35.8
30072523,1,back pain,9,79,140,72,14,99,37.4
30072524,3,anxiety,4,80,141,75,17,100,38.0
30072525,3,shortness of breath,3,83,116,49,23,97,36.0
30072526,4,abdominal pain,3,89,148,91,20,100,36.2
30072527,3,headache,1,57,118,87,19,98,37.6
30072528,3,fever,6,106,111,90,19,99,37.5
30072529,3,fall,6,96,138,93,22,95,36.1
30072530,3,chest pain,1,57,106,46,20,98,36.9
30072531,4,knee pain,4,106,125,65,17,98,36.4
30072532,2,anxiety,8,62,124,85,11,99,39.2
30072533,3,fever,2,82,115,101,18,93,37.5
30072534,2,back pain,6,98,121,93,17,99,37.7
30072535,3,chest pain,7,99,107,62,30,98,37.2
30072536,3,fall,7,95,94,114,22,94,36.2
30072537,2,fall,6,76,131,82,21,95,36.6
30072538,3,fall,5,73,125,72,17,98,37.5
30072539,2,back pain,8,77,129,100,18,100,36.3
30072540,2,back pain,8,70,140,92,17,100,36.3
30072541,3,knee pain,4,76,158,69,20,99,35.7
30072542,4,knee pain,1,102,151,56,17,97,37.0
30072543,5,anxiety,4,84,138,96,27,97,36.1
30072544,3,headache,0,76,121,79,15,100,36.6
30072545,3,anxiety,1,107,133,80,17,97,37.5
30072546,3,chest pain,0,65,97,73,20,97,36.9
30072547,4,fall,4,88,153,78,21,94,37.7
30072548,4,anxiety,0,63,91,45,16,95,38.0
30072549,3,fever,2,90,160,87,22,97,37.6
30072550,3,shortness of breath,2,68,104,72,18,98,36.4
30072551,2,fever,7,79,146,72,20,95,37.1
30072552,3,chest pain,6,91,156,75,18,99,38.3
30072553,3,shortness of breath,0,85,134,92,19,97,38.3
30072554,2,fever,6,94,155,83,17,100,37.1
30072555,2,laceration,8,92,136,95,9,94,37.8
30072556,2,back pain,8,65,119,85,9,91,36.6
30072557,1,laceration,10,70,132,105,12,89,35.8
30072558,2,headache,7,67,76,107,14,99,36.3
30072559,4,abdominal pain,7,100,105,105,16,98,36.8
30072560,2,abdominal pain,7,58,154,42,20,99,36.5
30072561,2,laceration,8,124,109,86,18,100,37.2
30072562,5,abdominal pain,2,93,150,73,11,100,35.9
30072563,4,abdominal pain,4,67,146,61,24,98,38.2
30072564,4,fever,1,115,135,83,21,94,37.1
30072565,3,abdominal pain,6,74,85,74,15,91,37.5
30072566,2,laceration,10,80,131,87,13,97,37.1
30072567,1,abdominal pain,10,84,107,96,21,97,37.6
30072568,4,knee pain,4,88,85,82,7,99,36.6
30072569,5,abdominal pain,2,87,113,72,23,96,36.8
30072570,3,laceration,2,57,127,90,19,91,37.7
30072571,3,fall,6,59,138,90,9,100,37.2
30072572,4,knee pain,3,92,135,77,16,100,37.8
30072573,2,abdominal pain,10,96,98,73,12,100,36.6
30072574,4,abdominal pain,4,83,155,84,23,99,38.2
30072575,3,anxiety,7,71,123,85,18,100,36.6
30072576,3,shortness of breath,7,90,150,80,24,97,36.5
30072577,2,laceration,10,65,132,67,18,92,36.2
30072578,3,laceration,4,91,113,99,16,90,35.6
30072579,3,back pain,5,109,108,65,22,94,35.6
30072580,3,abdominal pain,3,94,87,91,25,100,36.2
30072581,4,headache,0,88,140,85,16,93,37.7
30072582,3,back pain,5,66,109,88,19,99,38.8
30072583,4,fever,6,91,134,84,25,96,37.5
30072584,5,fever,0,88,134,75,17,99,37.8
30072585,3,shortness of breath,7,75,160,93,18,98,37.2
30072586,2,laceration,9,95,120,87,16,97,37.7
30072587,3,anxiety,6,102,113,92,14,97,36.4
30072588,3,headache,4,97,120,59,20,99,35.7
30072589,2,back pain,8,106,80,82,17,96,37.3
30072590,3,laceration,3,67,135,90,18,96,40.1
30072591,3,back pain,5,77,107,71,20,97,37.8
30072592,3,abdominal pain,6,87,124,100,21,95,36.5
30072593,3,shortness of breath,6,83,143,78,17,100,36.9
30072594,3,back pain,3,63,145,74,19,99,36.0
30072595,3,fever,6,68,134,90,16,94,37.4
30072596,2,laceration,6,81,115,83,21,98,38.1
30072597,4,laceration,7,97,128,107,18,99,37.2
30072598,2,fever,9,61,108,93,18,94,36.5
30072599,1,anxiety,10,83,117,68,11,94,36.3
30072600,3,anxiety,0,89,113,70,16,92,38.3
30072601,3,abdominal pain,6,90,111,86,24,91,36.7
30072602,1,anxiety,10,91,98,66,24,95,36.7
30072603,2,anxiety,7,91,135,83,15,94,37.8
30072604,2,abdominal pain,8,69,122,79,15,97,38.3
30072605,5,shortness of breath,6,93,131,88,20,98,37.7
30072606,2,anxiety,7,68,154,72,23,94,38.0
30072607,2,back pain,7,81,136,64,20,100,36.6
30072608,3,fall,1,104,166,120,17,96,35.5
30072609,5,laceration,3,86,120,75,17,99,36.1
30072610,2,back pain,6,98,114,77,22,98,38.0
30072611,4,fall,0,82,164,91,18,100,37.4
30072612,1,knee pain,7,96,117,89,16,97,38.5
30072613,1,back pain,10,101,125,71,21,95,37.0
30072614,3,abdominal pain,0,84,145,64,18,88,35.7
30072615,1,fall,7,85,126,103,23,98,36.4
30072616,3,headache,1,75,139,60,16,95,37.2
30072617,3,fall,6,75,145,79,21,100,37.2
30072618,3,back pain,4,77,145,93,12,99,37.2
30072619,3,chest pain,4,93,111,112,17,97,37.2
30072620,3,knee pain,6,78,137,55,18,100,37.0
30072621,3,fever,5,94,112,68,13,99,36.9
30072622,3,fever,4,108,133,77,16,97,37.1
30072623,2,headache,8,72,93,96,22,100,37.2
30072624,3,anxiety,3,102,137,96,18,89,37.2
30072625,3,anxiety,1,75,119,94,17,97,37.9
30072626,4,back pain,5,74,113,86,22,100,37.3
30072627,1,chest pain,7,100,128,86,24,99,37.8
30072628,5,knee pain,3,62,130,123,14,100,36.6
30072629,4,anxiety,6,78,109,102,21,100,38.1
30072630,1,shortness of breath,8,90,114,83,21,96,34.6
30072631,2,knee pain,8,74,137,94,11,100,38.1
30072632,3,fall,1,84,114,96,26,91,36.6
30072633,2,chest pain,7,60,101,79,32,95,37.7
30072634,3,chest pain,0,90,113,56,18,100,37.0
30072635,1,headache,8,101,129,86,17,94,35.7
30072636,3,chest pain,1,77,163,81,23,95,36.4
30072637,3,shortness of breath,3,75,73,89,15,100,37.4
30072638,4,anxiety,5,97,125,86,27,98,37.2
30072639,3,chest pain,0,103,124,103,21,99,35.8
30072640,4,shortness of breath,4,84,126,81,15,100,37.3
30072641,3,anxiety,0,80,94,75,16,95,36.5
30072642,1,fever,7,77,130,86,23,97,35.8
30072643,3,abdominal pain,2,92,127,76,17,94,36.7
30072644,2,chest pain,7,49,114,67,16,98,38.1
30072645,4,back pain,6,91,99,86,18,96,36.4
30072646,1,abdominal pain,8,85,117,72,25,100,36.5
30072647,3,chest pain,4,103,97,92,16,97,37.3
30072648,3,abdominal pain,7,69,118,79,18,99,37.8
30072649,2,abdominal pain,8,84,77,58,18,100,38.5
30072650,4,shortness of breath,7,75,137,86,15,96,38.2
30072651,3,headache,1,78,154,102,17,100,37.2
30072652,3,abdominal pain,2,84,97,96,24,94,38.2
30072653,1,fall,9,81,156,82,17,99,36.8
30072654,3,fall,2,92,102,96,26,100,36.9
30072655,2,headache,7,80,122,86,15,98,35.3
30072656,4,laceration,4,107,54,77,21,98,37.4
30072657,3,fall,4,122,111,61,17,98,37.6
30072658,5,knee pain,1,82,132,131,16,100,37.7
30072659,4,knee pain,0,86,151,69,11,97,37.9
30072660,3,back pain,4,98,136,90,12,93,37.7
30072661,3,chest pain,4,86,145,64,22,96,35.2
30072662,2,knee pain,8,108,142,80,15,98,36.4
30072663,3,fall,4,91,106,85,19,94,37.0
30072664,3,fall,5,67,110,83,21,100,37.2
30072665,3,chest pain,4,77,115,55,12,99,37.4
30072666,4,knee pain,3,83,99,65,17,100,37.3
30072667,3,knee pain,7,63,119,63,17,97,38.6
30072668,3,shortness of breath,7,80,133,84,14,96,35.8
30072669,3,laceration,1,99,135,91,22,97,37.0
30072670,3,back pain,5,65,129,68,23,98,37.2
30072671,4,knee pain,3,83,128,94,12,96,36.2
30072672,3,headache,0,94,154,78,15,94,36.9
30072673,3,knee pain,5,92,109,69,14,96,36.6
30072674,3,back pain,0,65,80,78,21,100,35.7
30072675,3,back pain,4,105,119,94,16,97,36.5
30072676,2,laceration,9,95,122,63,21,100,37.1
30072677,3,shortness of breath,0,85,124,67,17,95,37.3
30072678,3,headache,0,94,117,90,24,96,37.1
30072679,3,headache,1,71,106,107,20,100,36.0
30072680,3,fever,1,96,95,74,13,98,37.6
30072681,2,back pain,10,121,130,114,16,96,36.0
30072682,3,fall,1,93,119,110,17,95,36.5
30072683,3,anxiety,5,80,109,86,20,100,36.4
30072684,3,fever,0,85,116,69,22,100,37.2
30072685,3,abdominal pain,3,102,141,92,14,91,37.4
30072686,3,laceration,5,88,102,68,21,100,37.3
30072687,2,headache,7,82,101,97,18,96,36.3
30072688,4,back pain,0,87,96,73,10,99,37.0
30072689,4,abdominal pain,1,70,124,67,25,98,35.7
30072690,3,fever,4,66,109,74,21,100,36.5
30072691,3,headache,0,66,136,94,22,93,38.2
30072692,1,laceration,8,69,120,63,19,99,36.0
30072693,2,laceration,10,87,139,95,8,92,35.8
30072694,4,anxiety,1,90,100,86,17,98,37.1
30072695,4,abdominal pain,5,118,164,94,24,94,36.6
30072696,2,laceration,6,57,130,82,14,100,38.1
30072697,3,abdominal pain,0,82,157,77,22,91,38.0
30072698,3,fall,7,63,123,43,22,97,36.8
30072699,3,knee pain,5,85,94,92,19,97,37.9
30072700,4,knee pain,2,127,125,59,17,98,37.2
30072701,2,abdominal pain,8,92,83,56,15,97,36.4
30072702,3,back pain,5,80,121,81,24,96,37.0
30072703,3,anxiety,7,91,158,67,21,96,36.8
30072704,3,laceration,1,87,127,78,15,94,37.1
30072705,1,laceration,10,77,136,68,19,98,38.4
30072706,3,fall,7,51,129,52,11,94,36.6
30072707,3,shortness of breath,7,81,139,104,22,94,35.7
30072708,3,headache,5,81,116,59,20,93,35.1
30072709,3,abdominal pain,3,77,141,62,22,88,37.8
30072710,3,headache,2,84,98,76,20,93,35.6
30072711,2,anxiety,10,100,108,67,22,95,36.4
30072712,2,abdominal pain,6,63,129,67,14,100,37.2
30072713,3,back pain,6,78,120,71,19,100,37.9
30072714,2,back pain,10,93,98,96,17,97,36.7
30072715,3,fever,5,103,131,66,23,100,37.1
30072716,4,laceration,6,63,113,103,25,97,37.2
30072717,3,headache,4,77,115,101,15,97,37.6
30072718,4,anxiety,7,90,143,79,21,99,37.1
30072719,2,fall,7,105,163,93,11,93,36.0
30072720,4,chest pain,1,85,118,72,21,100,37.5
30072721,3,knee pain,4,84,117,82,22,97,36.9
30072722,4,fever,6,89,118,97,29,99,37.0
30072723,3,shortness of breath,1,86,74,71,22,95,36.2
30072724,2,knee pain,6,98,136,84,22,93,37.7
30072725,3,chest pain,3,74,140,52,19,93,36.8
30072726,2,back pain,6,72,164,63,17,100,37.1
30072727,3,laceration,6,109,128,73,19,99,37.6
30072728,3,knee pain,5,113,119,76,17,96,38.2
30072729,2,abdominal pain,10,80,83,94,19,100,37.2
30072730,3,anxiety,3,71,134,76,19,98,37.2
30072731,4,back pain,5,100,120,100,14,99,37.3
30072732,3,abdominal pain,5,96,126,67,26,98,36.4
30072733,3,fall,7,60,114,93,10,96,36.2
30072734,2,back pain,6,94,157,72,17,100,37.0
30072735,4,laceration,1,98,142,67,19,97,37.5
30072736,3,anxiety,1,63,127,75,20,100,36.8
30072737,3,shortness of breath,1,76,112,89,13,100,36.0
30072738,2,knee pain,10,113,117,83,15,91,36.8
30072739,3,back pain,4,79,120,91,17,96,37.5
30072740,1,anxiety,6,77,101,80,21,94,36.6
30072741,2,back pain,10,79,143,93,10,97,36.8
30072742,4,headache,4,84,108,66,13,91,36.9
30072743,3,knee pain,5,66,132,84,20,94,36.8
30072744,3,back pain,1,108,110,66,12,93,36.9
30072745,3,back pain,0,64,131,75,16,100,36.9
30072746,3,chest pain,5,66,149,77,16,100,37.4
30072747,2,shortness of breath,10,102,126,88,19,93,38.5
30072748,3,fall,7,99,119,91,21,98,36.5
30072749,3,shortness of breath,1,85,85,94,16,95,37.3
30072750,4,abdominal pain,0,105,135,69,15,94,37.8
30072751,4,fever,3,89,162,63,18,93,37.2
30072752,5,fall,0,81,142,79,17,100,36.8
30072753,2,fever,6,94,168,78,14,94,36.4
30072754,3,fever,4,75,106,89,17,95,37.8
30072755,2,shortness of breath,8,78,118,89,18,92,36.7
30072756,3,back pain,4,96,80,77,21,97,36.1
30072757,2,knee pain,8,81,147,72,19,94,36.1
30072758,2,headache,6,91,124,59,20,98,37.5
30072759,3,chest pain,4,64,121,89,18,100,35.0
30072760,3,shortness of breath,2,119,122,93,16,96,35.9
30072761,3,fall,3,89,149,106,10,100,37.2
30072762,3,shortness of breath,6,91,133,80,17,96,36.0
30072763,3,fever,4,116,103,92,19,95,37.7
30072764,3,fall,7,79,103,59,19,93,37.2
30072765,1,back pain,9,114,110,84,12,97,36.1
30072766,3,abdominal pain,2,90,164,89,19,97,36.3
30072767,4,headache,5,93,133,90,17,96,36.4
30072768,2,fall,8,78,111,78,17,98,36.4
30072769,2,anxiety,6,67,99,67,20,100,37.4
30072770,3,fall,5,65,84,94,18,98,36.4
30072771,5,chest pain,1,44,107,89,15,96,36.8
30072772,3,fall,7,86,80,74,23,96,36.3
30072773,2,fever,8,73,129,66,22,100,37.0
30072774,3,headache,1,74,128,94,17,93,37.8
30072775,1,fall,10,85,125,83,15,95,37.3
30072776,3,fall,7,100,157,96,11,95,37.9
30072777,3,shortness of breath,0,100,137,84,25,100,37.2
30072778,2,laceration,7,89,108,74,10,98,37.1
30072779,4,back pain,4,120,107,86,16,98,36.8
30072780,2,anxiety,8,101,99,74,18,99,36.9
30072781,1,knee pain,6,91,147,73,19,98,37.4
30072782,3,headache,3,89,142,91,10,95,36.8
30072783,5,fever,4,103,155,73,15,99,38.3
30072784,4,abdominal pain,4,101,136,89,11,98,36.8
30072785,3,knee pain,6,78,113,71,16,96,36.6
30072786,3,anxiety,1,86,83,80,15,97,36.2
30072787,3,chest pain,2,99,122,61,18,100,37.8
30072788,3,abdominal pain,5,83,156,93,16,95,37.2
30072789,2,chest pain,7,74,148,82,21,98,36.8
30072790,2,laceration,7,94,124,76,7,100,37.6
30072791,3,back pain,4,48,141,65,19,94,36.0
30072792,3,chest pain,0,72,141,79,25,100,37.4
30072793,3,abdominal pain,0,112,140,102,9,97,37.6
30072794,3,headache,7,68,110,73,15,94,37.4
30072795,3,fever,2,69,158,87,22,91,35.7
30072796,4,fall,7,101,100,139,10,100,37.2
30072797,3,fall,1,87,147,82,20,97,38.3
30072798,2,headache,6,82,117,93,20,97,36.0
30072799,2,headache,10,84,110,69,21,96,36.5
30072800,4,fall,3,84,115,110,18,95,36.4
30072801,2,headache,8,75,134,65,24,100,37.6
30072802,4,laceration,5,93,129,66,19,96,35.6
30072803,2,chest pain,8,77,128,80,21,98,36.5
30072804,3,abdominal pain,0,72,112,82,15,97,36.6
30072805,1,fever,6,79,145,84,15,100,36.9
30072806,3,back pain,2,82,113,87,21,96,37.7
30072807,4,abdominal pain,4,54,166,73,16,94,36.5
30072808,3,back pain,4,90,151,60,20,98,37.3
30072809,4,knee pain,7,54,103,94,21,91,36.0
30072810,4,anxiety,6,71,103,78,15,95,35.9
30072811,1,headache,6,77,128,67,20,95,37.4
30072812,2,back pain,9,86,119,74,10,96,36.4
30072813,1,fever,10,102,112,95,13,100,37.5
30072814,3,abdominal pain,2,67,110,93,17,95,36.3
30072815,3,headache,5,53,139,92,20,96,36.0
30072816,5,back pain,2,76,121,87,13,93,37.0
30072817,3,abdominal pain,5,65,133,79,20,90,37.8
30072818,4,chest pain,0,71,112,69,17,96,37.3
30072819,4,chest pain,1,80,126,96,14,100,37.2
30072820,3,chest pain,7,82,137,80,14,94,37.1
30072821,3,chest pain,1,78,138,54,20,99,37.7
30072822,2,laceration,9,97,114,99,16,95,36.5
30072823,3,abdominal pain,5,98,118,61,18,94,36.5
30072824,2,headache,10,94,129,87,24,98,37.3
30072825,3,shortness of breath,0,77,128,79,15,96,37.1
30072826,4,back pain,5,85,114,120,18,93,37.1
30072827,3,back pain,2,81,121,67,18,94,37.8
30072828,3,fever,0,101,101,83,21,91,36.9
30072829,3,headache,0,96,73,50,19,93,37.2
30072830,2,anxiety,6,85,134,76,18,96,36.0
30072831,3,shortness of breath,2,44,118,95,21,98,37.7
30072832,3,anxiety,0,68,141,104,18,99,37.0
30072833,3,anxiety,1,90,147,105,17,99,37.1
30072834,4,laceration,5,87,145,74,17,100,36.2
30072835,3,anxiety,0,84,140,91,19,97,38.9
30072836,2,fall,6,82,107,114,16,96,38.0
30072837,2,shortness of breath,9,88,138,87,17,100,37.6
30072838,4,chest pain,4,77,74,65,27,96,37.5
30072839,4,abdominal pain,2,78,138,73,22,96,36.1
30072840,3,fall,0,120,133,85,16,94,36.7
30072841,3,chest pain,6,92,130,80,15,100,36.9
30072842,3,shortness of breath,3,79,116,85,15,99,37.5
30072843,3,headache,2,91,127,53,18,96,37.5
30072844,2,laceration,6,98,130,70,23,98,37.2
30072845,3,fall,7,73,132,87,6,99,36.7
30072846,5,back pain,0,84,118,121,18,96,36.6
30072847,4,knee pain,4,113,113,74,19,99,37.1
30072848,3,fall,3,94,141,79,20,100,37.3
30072849,2,fever,9,78,136,72,19,95,37.1
30072850,2,fever,8,89,115,60,21,96,37.2
30072851,3,abdominal pain,2,97,133,86,25,97,36.9
30072852,3,knee pain,5,78,120,65,5,100,37.4
30072853,4,knee pain,2,116,106,78,25,98,37.6
30072854,1,anxiety,7,86,146,76,15,96,36.5
30072855,3,knee pain,7,83,131,59,17,100,36.1
30072856,3,abdominal pain,5,86,116,66,24,98,38.3
30072857,3,laceration,6,74,132,59,19,94,36.7
30072858,1,back pain,7,102,119,90,18,95,36.8
30072859,3,laceration,7,94,116,94,19,95,37.3
30072860,4,fever,4,118,118,66,15,100,37.8
30072861,3,fall,7,74,145,94,16,95,35.8
30072862,3,chest pain,6,101,140,102,14,98,36.2
30072863,3,abdominal pain,7,81,160,87,18,93,35.2
30072864,3,chest pain,7,62,138,101,13,100,37.4
30072865,3,knee pain,5,88,137,97,21,94,36.9
30072866,3,anxiety,5,98,111,108,11,94,35.9
30072867,3,knee pain,2,103,137,75,21,100,36.1
30072868,3,knee pain,0,56,109,85,26,100,37.1
30072869,3,fall,3,76,125,65,22,100,35.9
30072870,4,abdominal pain,1,75,148,69,24,97,36.4
30072871,2,headache,7,93,155,88,13,94,37.4
30072872,5,fever,1,89,96,64,15,96,36.5
30072873,1,abdominal pain,10,93,135,75,18,94,37.1
30072874,3,shortness of breath,7,116,112,92,18,97,37.5
30072875,4,laceration,5,109,120,107,21,96,37.4
30072876,2,headache,6,84,123,103,21,96,36.5
30072877,2,shortness of breath,6,94,108,79,19,100,37.1
30072878,3,abdominal pain,2,122,130,105,21,94,37.7
30072879,2,back pain,10,95,135,94,19,99,35.6
30072880,4,abdominal pain,0,57,128,89,10,96,36.0
30072881,3,headache,0,98,108,87,21,97,37.4
30072882,2,anxiety,9,92,117,84,18,97,36.2
30072883,3,shortness of breath,5,43,113,97,15,95,37.7
30072884,4,fever,3,86,146,57,15,98,36.9
30072885,4,knee pain,0,72,89,111,22,98,35.6
30072886,3,abdominal pain,6,77,120,97,9,98,38.1
30072887,4,laceration,3,63,87,101,10,98,37.1
30072888,3,shortness of breath,7,83,118,93,17,100,36.8
30072889,2,chest pain,6,78,139,73,9,99,36.6
30072890,1,shortness of breath,8,69,124,77,15,94,37.2
30072891,4,fever,4,95,176,100,17,98,37.6
30072892,2,chest pain,8,59,137,77,20,100,38.3
30072893,3,laceration,5,78,113,63,18,96,37.1
30072894,4,fall,4,104,128,91,25,95,37.8
30072895,3,back pain,3,102,140,65,18,97,38.3
30072896,2,anxiety,6,121,137,68,13,94,36.5
30072897,2,headache,9,92,154,74,17,97,37.8
30072898,4,anxiety,3,75,123,75,22,98,37.3
30072899,3,fall,3,101,121,80,20,94,37.2
30072900,4,anxiety,1,101,144,80,19,99,37.3
30072901,2,headache,6,109,107,69,9,96,36.5
30072902,3,laceration,0,73,109,81,16,89,36.6
30072903,4,headache,5,93,108,82,10,99,37.0
30072904,3,anxiety,3,72,99,65,24,95,36.2
30072905,3,back pain,3,82,94,79,21,96,38.7
30072906,5,fall,7,76,139,63,20,93,36.8
30072907,4,abdominal pain,2,89,111,57,20,92,37.3
30072908,3,laceration,5,85,153,94,21,99,38.1
30072909,4,anxiety,5,94,152,90,10,97,37.7
30072910,3,chest pain,7,84,113,87,22,99,38.9
30072911,2,laceration,10,84,148,75,22,98,37.8
30072912,3,chest pain,0,101,131,75,18,98,36.5
30072913,3,headache,3,90,138,97,21,98,38.2
30072914,3,fall,7,99,93,73,25,99,38.0
30072915,4,fever,5,96,127,84,9,97,37.5
30072916,3,headache,0,96,118,65,13,98,35.5
30072917,2,back pain,6,77,111,92,15,96,36.0
30072918,3,fever,5,102,139,102,11,98,36.7
30072919,2,headache,8,73,127,61,14,96,36.0
30072920,3,fever,2,64,99,95,17,98,37.3
30072921,3,fall,6,85,124,107,13,92,36.0
30072922,3,shortness of breath,3,86,116,70,21,98,36.4
30072923,3,fever,7,72,113,63,8,96,36.7
30072924,5,laceration,5,82,145,51,23,91,37.0
30072925,2,abdominal pain,8,103,92,62,15,94,36.8
30072926,1,chest pain,6,132,121,74,10,96,36.8
30072927,2,fever,10,77,107,109,20,97,36.1
30072928,4,shortness of breath,6,93,94,91,18,100,36.9
30072929,2,shortness of breath,7,85,132,106,15,94,36.7
30072930,3,fall,1,102,135,49,18,100,36.1
30072931,2,abdominal pain,6,59,158,76,18,92,37.1
30072932,3,chest pain,0,111,124,84,22,94,36.0
30072933,2,fall,6,110,82,97,13,96,38.3
30072934,3,back pain,4,99,122,77,18,96,37.6
30072935,2,fall,7,55,122,72,11,96,37.3
30072936,3,abdominal pain,4,83,103,80,16,93,36.3
30072937,3,fall,4,62,162,91,28,95,35.7
30072938,4,laceration,0,91,142,109,10,97,37.8
30072939,4,anxiety,7,90,171,69,22,100,37.8
30072940,3,headache,5,80,95,64,21,99,38.0
30072941,2,knee pain,10,107,103,92,19,100,37.9
30072942,2,shortness of breath,8,107,112,57,20,97,36.9
30072943,2,fall,7,89,155,67,23,95,37.6
30072944,3,anxiety,6,80,100,84,19,91,36.7
30072945,4,abdominal pain,3,69,127,64,15,96,38.6
30072946,3,abdominal pain,1,106,102,99,17,94,36.2
30072947,2,abdominal pain,6,67,95,73,14,97,37.5
30072948,3,chest pain,0,52,98,108,24,97,36.2
30072949,3,abdominal pain,1,81,123,106,13,96,37.3
30072950,2,laceration,9,64,150,88,22,95,37.2
30072951,3,fever,1,62,138,87,14,92,37.8
30072952,2,chest pain,6,70,137,82,13,89,37.8
30072953,4,laceration,7,85,81,75,22,97,38.5
30072954,2,chest pain,8,93,138,81,20,97,36.3
30072955,1,anxiety,8,80,116,58,13,96,36.7
30072956,4,headache,4,68,106,88,21,100,37.1
30072957,3,laceration,7,97,122,51,20,96,37.7
30072958,3,back pain,3,87,166,55,20,99,36.8
30072959,3,back pain,1,83,116,53,20,98,36.9
30072960,3,knee pain,4,90,121,78,24,92,36.7
30072961,3,shortness of breath,0,82,113,74,8,92,37.1
30072962,3,back pain,0,94,109,83,14,95,37.8
30072963,3,laceration,5,79,170,93,19,100,37.7
30072964,3,headache,5,80,121,92,19,100,36.6
30072965,1,knee pain,7,89,131,92,23,98,36.7
30072966,3,shortness of breath,7,101,138,74,17,99,37.9
30072967,4,chest pain,0,80,131,85,16,91,36.0
30072968,3,knee pain,0,92,141,66,20,97,37.4
30072969,3,fall,6,78,138,78,17,96,38.8
30072970,2,knee pain,7,99,111,79,10,99,37.2
30072971,3,fall,7,67,112,91,18,99,38.0
30072972,2,fall,7,107,161,87,17,98,37.2
30072973,3,back pain,4,95,105,81,17,98,38.0
30072974,3,back pain,2,90,151,81,20,92,37.3
30072975,3,headache,2,90,147,103,20,99,37.4
30072976,3,headache,4,90,124,103,23,93,37.2
30072977,2,abdominal pain,8,112,118,59,18,96,36.4
30072978,2,chest pain,9,97,128,60,18,95,37.4
30072979,3,fall,1,79,114,86,15,95,38.9
30072980,3,laceration,1,90,135,77,26,96,36.8
30072981,3,knee pain,5,125,129,106,18,99,37.1
30072982,2,knee pain,7,85,126,78,16,97,37.2
30072983,4,anxiety,3,81,176,86,22,94,37.9
30072984,2,back pain,6,101,144,81,17,93,36.7
30072985,5,back pain,6,93,91,91,16,98,37.4
30072986,2,shortness of breath,6,88,101,107,24,96,36.4
30072987,2,abdominal pain,10,117,138,100,14,96,38.4
30072988,2,knee pain,9,108,104,95,23,93,37.6
30072989,2,shortness of breath,9,106,165,91,15,100,37.2
30072990,3,headache,0,92,105,89,18,91,36.9
30072991,3,shortness of breath,0,91,165,93,21,91,35.7
30072992,3,fall,3,58,90,52,23,96,35.4
30072993,4,back pain,4,113,141,72,14,91,35.2
30072994,2,shortness of breath,7,116,143,73,27,100,36.0
30072995,3,abdominal pain,6,91,114,87,19,100,38.7
30072996,3,back pain,4,88,161,75,19,98,37.4
30072997,3,fever,0,90,151,75,20,92,37.8
30072998,3,headache,0,87,102,71,12,93,35.9
30072999,3,abdominal pain,2,110,117,95,18,92,36.3
30073000,2,knee pain,8,49,133,55,18,96,37.4
30073001,3,knee pain,3,57,119,88,20,100,35.9
30073002,3,fever,7,79,140,97,27,96,37.5
30073003,3,back pain,6,96,128,76,27,99,37.7
30073004,3,anxiety,3,78,151,93,19,97,36.4
30073005,3,abdominal pain,6,81,112,102,14,97,37.6
30073006,2,headache,7,96,116,74,14,100,36.7
30073007,3,abdominal pain,2,83,112,93,19,96,36.2
30073008,3,knee pain,0,81,120,78,14,99,38.5
30073009,3,laceration,2,81,117,71,24,97,37.2
30073010,4,laceration,6,114,114,81,11,98,36.7
30073011,3,laceration,4,63,131,85,22,93,36.2
30073012,3,shortness of breath,5,82,129,72,22,97,37.1
30073013,3,fall,3,84,104,62,17,96,35.3
30073014,3,chest pain,0,69,164,76,22,99,36.7
30073015,3,shortness of breath,3,92,138,99,17,93,37.3
30073016,2,knee pain,10,82,116,57,24,98,38.1
30073017,4,chest pain,4,73,148,87,12,100,36.5
30073018,4,shortness of breath,1,90,124,72,18,92,36.7
30073019,4,fever,5,83,103,55,19,94,35.7
30073020,2,fever,6,77,114,85,17,96,35.5
30073021,2,fever,10,72,103,81,17,92,36.6
30073022,4,headache,7,78,92,95,16,100,36.2
30073023,3,back pain,1,67,151,82,5,94,36.5
30073024,3,fall,3,72,125,93,22,93,37.7
30073025,3,anxiety,6,50,140,69,22,98,36.9
30073026,4,chest pain,6,103,130,80,15,100,37.1
30073027,3,laceration,0,88,125,83,19,98,35.6
30073028,2,back pain,9,85,136,68,18,92,37.9
30073029,1,fall,10,97,136,87,19,97,36.7
30073030,2,abdominal pain,9,76,103,77,26,100,37.8
30073031,3,laceration,7,104,136,93,19,95,37.0
30073032,1,back pain,9,71,117,91,14,99,37.1
30073033,3,chest pain,4,85,104,62,18,98,38.0
30073034,3,anxiety,1,108,97,70,14,94,37.4
30073035,3,shortness of breath,5,98,157,61,30,96,38.5
30073036,5,fall,4,60,139,76,20,91,38.4
30073037,2,abdominal pain,9,81,139,92,18,99,37.1
30073038,5,abdominal pain,5,78,141,66,19,99,35.9
30073039,3,anxiety,6,77,180,60,17,98,37.9
30073040,4,fever,3,90,111,111,15,98,36.9
30073041,5,chest pain,0,79,150,69,20,100,35.9
30073042,2,fever,7,91,160,60,22,100,38.5
30073043,4,headache,0,68,133,90,27,96,36.3
30073044,3,fever,3,104,145,71,11,100,37.6
30073045,4,fall,7,93,99,75,7,92,35.7
30073046,2,shortness of breath,9,85,122,99,15,90,36.0
30073047,4,abdominal pain,3,79,121,61,16,97,37.2
30073048,2,chest pain,10,80,103,64,15,97,38.4
30073049,2,abdominal pain,7,108,133,80,19,96,36.2
30073050,3,fall,7,99,134,67,16,96,35.6
30073051,4,shortness of breath,7,64,118,58,9,96,36.8
30073052,3,headache,3,107,114,88,20,92,36.6
30073053,3,shortness of breath,6,90,139,89,14,96,37.9
30073054,3,chest pain,5,116,125,75,24,96,37.9
30073055,3,abdominal pain,0,84,122,70,14,97,36.2
30073056,3,fever,0,79,89,75,14,94,37.6
30073057,3,shortness of breath,3,79,131,90,10,94,38.8
30073058,3,shortness of breath,5,95,103,76,22,99,37.5
30073059,3,anxiety,7,60,125,105,23,100,37.5
30073060,3,fall,5,102,124,87,16,95,36.4
30073061,2,chest pain,6,80,165,94,10,100,36.3
30073062,3,fall,7,80,124,85,14,94,36.3
30073063,3,fever,5,88,94,93,21,98,36.4
30073064,1,fall,8,59,106,86,21,95,38.1
30073065,4,back pain,4,70,146,112,22,98,37.0
30073066,3,laceration,0,73,134,100,17,94,36.2
30073067,3,fall,7,62,131,97,19,100,37.5
30073068,4,headache,3,102,101,85,21,98,37.2
30073069,1,fall,6,100,99,80,13,98,37.3
30073070,3,abdominal pain,7,95,161,76,21,96,36.8
30073071,3,laceration,3,82,146,85,19,98,37.6
30073072,3,knee pain,0,68,135,78,17,100,36.6
30073073,3,abdominal pain,2,79,111,75,21,98,37.5
30073074,3,anxiety,7,72,130,80,16,94,37.7
30073075,3,anxiety,5,91,86,89,22,96,35.2
30073076,3,abdominal pain,0,78,101,81,17,100,37.7
30073077,2,headache,9,100,147,92,21,96,39.5
30073078,3,shortness of breath,2,91,141,67,16,97,37.0
30073079,4,anxiety,5,87,135,102,11,94,38.0
30073080,4,shortness of breath,3,100,120,86,24,95,34.9
30073081,4,back pain,5,92,106,85,20,100,37.4
30073082,2,anxiety,10,102,125,86,22,100,36.5
30073083,2,headache,7,59,197,76,20,98,37.2
30073084,3,fever,0,87,141,85,16,97,35.5
30073085,3,back pain,3,98,99,69,22,90,35.8
30073086,1,laceration,8,74,138,87,16,95,36.2
30073087,3,chest pain,5,81,114,46,19,93,36.9
30073088,3,fall,3,63,129,70,18,93,36.5
30073089,1,laceration,8,80,119,104,21,90,37.2
30073090,3,anxiety,5,91,124,80,21,100,36.0
30073091,4,laceration,4,74,130,72,19,95,37.6
30073092,2,chest pain,9,78,144,112,19,91,37.0
30073093,3,chest pain,2,55,137,97,21,98,38.2
30073094,3,back pain,4,82,151,85,20,96,36.2
30073095,3,back pain,4,119,131,84,17,95,37.0
30073096,4,chest pain,7,122,135,89,25,90,37.1
30073097,3,chest pain,6,102,128,74,16,91,38.0
30073098,3,knee pain,2,96,139,75,20,97,36.5
30073099,3,abdominal pain,6,97,102,76,23,95,36.4
30073100,4,laceration,5,122,143,85,20,100,36.3
30073101,2,anxiety,6,81,81,97,15,95,36.1
30073102,3,back pain,5,74,166,93,17,96,36.9
30073103,2,chest pain,7,75,112,80,17,92,37.3
30073104,3,laceration,5,56,114,84,15,96,37.8
30073105,3,fall,6,66,130,95,12,98,37.3
30073106,3,shortness of breath,1,97,98,96,20,94,36.1
30073107,3,shortness of breath,5,112,125,95,19,100,36.1
30073108,3,laceration,7,92,159,89,14,97,37.9
30073109,2,anxiety,9,79,151,47,24,100,36.7
30073110,2,anxiety,9,62,104,81,21,95,37.3
30073111,2,knee pain,6,57,128,93,15,99,38.5
30073112,3,laceration,3,66,73,97,21,98,37.0
30073113,2,abdominal pain,6,92,78,118,23,99,36.3
30073114,3,chest pain,3,93,114,86,20,97,37.2
30073115,3,fall,7,84,137,73,17,96,37.8
30073116,4,laceration,1,75,125,90,19,94,36.6
30073117,3,abdominal pain,5,90,143,82,18,97,38.0
30073118,2,fall,10,96,101,88,17,98,36.5
30073119,4,chest pain,4,89,116,72,20,95,37.3
30073120,3,anxiety,5,98,131,69,19,97,35.4
30073121,2,knee pain,7,81,163,83,20,94,36.1
30073122,2,fever,7,88,83,69,17,98,37.1
30073123,3,headache,2,90,108,84,13,95,37.9
30073124,4,fever,7,91,135,83,24,96,37.3
30073125,2,chest pain,6,80,129,60,21,97,36.8
30073126,3,fall,7,106,128,53,20,100,36.7
30073127,4,knee pain,5,83,152,86,21,96,38.1
30073128,2,laceration,10,111,136,66,17,100,37.5
30073129,3,chest pain,6,71,160,75,17,100,36.9
30073130,3,knee pain,0,99,118,54,16,99,37.0
30073131,4,laceration,6,56,130,93,17,92,37.6
30073132,3,laceration,0,63,125,70,19,100,36.7
30073133,4,fever,5,77,130,82,11,97,36.8
30073134,2,fall,9,63,125,71,14,98,35.9
30073135,4,fever,6,70,135,59,14,100,38.3
30073136,3,knee pain,5,84,144,74,19,91,36.3
30073137,2,chest pain,10,93,102,105,15,95,36.5
30073138,3,abdominal pain,4,78,145,74,14,95,37.5
30073139,4,shortness of breath,4,88,144,60,16,100,36.8
30073140,3,laceration,2,103,137,80,19,95,38.0
30073141,3,chest pain,6,101,143,76,14,96,38.0
30073142,3,fever,3,71,159,61,18,93,37.2
30073143,2,abdominal pain,7,73,141,58,16,94,36.9
30073144,3,knee pain,4,116,121,76,23,92,37.3
30073145,3,chest pain,1,77,138,59,14,96,36.0
30073146,4,fever,2,90,113,73,21,97,35.5
30073147,4,anxiety,7,78,116,87,19,100,35.8
30073148,3,abdominal pain,2,86,121,57,12,96,36.1
30073149,3,shortness of breath,5,79,169,81,15,100,37.0
30073150,3,fever,6,63,148,56,22,98,36.5
30073151,3,shortness of breath,1,100,101,79,13,97,35.9
30073152,1,anxiety,9,107,172,60,16,99,37.7
30073153,4,shortness of breath,5,86,153,88,19,94,37.2
30073154,3,headache,1,110,123,77,15,99,36.7
30073155,3,fever,2,50,137,92,13,100,36.7
30073156,3,knee pain,1,69,134,81,21,96,38.2
30073157,3,fall,6,82,125,95,19,95,37.0
30073158,3,shortness of breath,6,65,134,68,16,99,36.8
30073159,4,anxiety,1,81,164,103,16,94,37.2
30073160,3,back pain,7,119,74,81,21,100,36.7
30073161,3,chest pain,1,79,110,85,14,99,36.0
30073162,4,anxiety,0,104,100,81,18,100,36.7
30073163,3,laceration,0,84,110,83,16,94,36.0
30073164,3,knee pain,3,101,95,68,17,97,37.0
30073165,4,abdominal pain,2,82,145,73,16,99,36.7
30073166,2,fever,10,92,137,68,18,94,37.3
30073167,4,headache,7,64,99,88,22,100,38.1
30073168,1,knee pain,6,83,109,80,19,95,35.5
30073169,2,shortness of breath,10,41,117,80,16,96,36.7
30073170,2,knee pain,9,110,140,73,13,90,37.8
30073171,1,back pain,10,90,74,81,18,98,36.5
30073172,4,fall,7,89,121,86,13,96,37.1
30073173,3,fever,3,78,137,71,19,98,36.3
30073174,2,fall,9,98,132,71,21,92,35.1
30073175,2,back pain,6,98,120,87,19,96,36.7
30073176,4,fall,2,94,106,68,17,98,36.1
30073177,4,headache,3,82,120,100,23,96,35.7
30073178,3,laceration,1,84,118,87,23,94,36.3
30073179,2,laceration,10,106,91,89,18,97,37.8
30073180,2,laceration,9,80,98,90,21,96,37.4
30073181,2,abdominal pain,9,79,141,59,22,99,38.3
30073182,5,headache,5,92,138,50,21,98,38.0
30073183,3,fever,5,90,117,77,20,100,36.6
30073184,2,shortness of breath,7,78,117,75,17,92,38.9
30073185,4,headache,1,104,143,63,12,99,37.1
30073186,3,headache,0,77,111,62,18,95,36.0
30073187,2,knee pain,8,92,118,74,16,100,36.4
30073188,3,back pain,3,74,146,80,16,92,36.1
30073189,2,back pain,9,91,139,77,15,94,37.8
30073190,3,headache,5,87,143,98,20,98,36.7
30073191,4,back pain,6,75,108,116,21,97,37.0
30073192,3,fever,4,100,70,89,17,96,38.6
30073193,2,fever,6,102,158,94,16,91,37.7
30073194,4,fall,1,77,127,60,15,98,38.3
30073195,3,fever,3,89,164,82,21,96,35.9
30073196,3,chest pain,0,96,142,39,16,94,35.0
30073197,3,back pain,4,106,82,65,14,99,37.5
30073198,4,abdominal pain,0,87,134,91,15,97,37.5
30073199,4,fever,0,79,109,63,15,100,37.3
30073200,3,laceration,6,77,120,72,23,97,37.0
30073201,3,laceration,7,80,128,87,14,93,36.1
30073202,3,anxiety,4,81,127,88,12,95,38.0
30073203,1,knee pain,7,87,124,100,22,97,38.1
30073204,4,fall,4,66,158,49,25,97,36.0
30073205,3,fever,5,86,147,86,22,92,39.1
30073206,4,abdominal pain,0,80,118,103,16,100,37.6
30073207,3,fall,5,95,103,63,19,100,36.6
30073208,3,chest pain,2,41,120,79,10,97,36.9
30073209,5,abdominal pain,6,97,115,98,14,95,36.9
30073210,2,shortness of breath,8,87,112,71,13,99,37.0
30073211,5,shortness of breath,4,57,121,91,18,100,37.3
30073212,4,back pain,6,108,135,81,21,91,36.7
30073213,3,headache,0,61,92,44,14,95,37.4
30073214,2,knee pain,7,120,100,57,17,95,36.5
30073215,3,shortness of breath,0,73,131,98,12,96,36.1
30073216,5,fever,2,90,127,76,17,97,36.2
30073217,1,headache,7,74,145,59,21,100,37.4
30073218,3,anxiety,4,79,155,63,19,95,36.7
30073219,4,fall,4,67,130,128,22,100,37.2
30073220,3,fever,5,75,178,77,21,98,36.6
30073221,2,laceration,6,105,117,75,15,97,35.3
30073222,3,shortness of breath,6,71,114,77,19,93,37.4
30073223,2,abdominal pain,6,98,120,60,20,98,37.2
30073224,1,laceration,8,74,117,85,16,97,37.7
30073225,3,knee pain,1,99,143,66,22,96,38.0
30073226,4,shortness of breath,6,91,108,91,18,97,37.1
30073227,3,anxiety,5,89,116,100,21,100,35.8
30073228,4,headache,2,103,151,106,12,97,36.3
30073229,4,anxiety,6,93,103,84,14,93,36.8
30073230,2,fall,6,97,114,81,17,98,39.1
30073231,4,abdominal pain,5,71,115,86,20,98,38.5
30073232,5,fever,4,96,114,69,21,97,37.5
30073233,4,anxiety,7,87,144,65,16,99,36.7
30073234,3,anxiety,1,79,101,78,19,93,36.8
30073235,3,fall,0,108,134,103,21,99,36.7
30073236,3,fever,4,125,102,64,12,93,38.1
30073237,2,knee pain,9,82,144,71,16,99,37.4
30073238,3,laceration,0,65,146,53,23,99,37.0
30073239,3,laceration,1,78,125,87,22,96,36.2
30073240,4,chest pain,2,76,115,100,15,97,38.3
30073241,3,headache,3,92,130,77,19,98,36.1
30073242,3,knee pain,3,102,104,108,21,100,37.3
30073243,5,abdominal pain,0,88,99,76,17,94,35.6
30073244,3,headache,4,91,110,93,21,99,38.7
30073245,3,anxiety,6,68,126,108,16,97,39.1
30073246,2,chest pain,8,87,129,83,12,100,36.6
30073247,3,chest pain,5,99,118,76,19,92,36.7
30073248,2,fall,6,92,95,98,18,95,38.4
30073249,5,shortness of breath,1,93,125,81,12,94,36.2
30073250,3,laceration,1,82,153,91,21,93,38.2
30073251,3,abdominal pain,5,93,101,79,21,96,38.3
30073252,3,laceration,3,81,122,74,16,98,35.5
30073253,3,back pain,3,93,114,104,14,92,37.9
30073254,3,anxiety,6,81,123,93,15,97,38.2
30073255,3,shortness of breath,0,95,140,82,12,96,37.2
30073256,4,headache,5,103,119,86,14,96,37.1
30073257,3,fall,4,86,113,111,25,100,36.8
30073258,4,headache,7,55,130,83,15,93,36.6
30073259,3,shortness of breath,0,97,130,72,23,94,37.1
30073260,2,laceration,10,90,147,70,18,100,37.1
30073261,3,abdominal pain,7,67,102,61,12,100,38.3
30073262,4,laceration,6,73,158,78,21,99,37.3
30073263,3,laceration,5,77,99,122,21,98,35.3
30073264,4,headache,2,80,131,97,18,97,38.0
30073265,3,abdominal pain,0,95,130,70,10,100,35.9
30073266,4,abdominal pain,4,78,138,74,17,97,37.4
30073267,3,back pain,0,90,117,76,16,98,35.4
30073268,3,shortness of breath,4,84,125,74,8,95,37.1
30073269,3,fever,6,68,119,60,15,96,37.2
30073270,3,knee pain,5,85,111,62,16,98,38.1
30073271,4,headache,2,83,102,107,17,96,36.1
30073272,3,chest pain,0,101,124,110,14,99,37.0
30073273,3,fever,5,97,123,102,22,100,38.6
30073274,1,anxiety,8,78,145,61,18,100,36.8
30073275,4,abdominal pain,0,106,127,68,16,98,36.8
30073276,2,fall,8,62,143,82,23,100,37.5
30073277,5,fall,1,93,115,78,14,99,36.2
30073278,4,headache,3,91,108,66,18,100,36.2
30073279,3,fall,7,79,103,77,11,100,36.2
30073280,3,laceration,3,76,130,85,21,95,36.9
30073281,3,back pain,4,105,156,59,27,96,37.2
30073282,3,laceration,6,94,167,80,17,93,37.7
30073283,5,chest pain,0,106,137,75,13,97,38.2
30073284,3,shortness of breath,5,83,160,58,14,99,38.3
30073285,2,chest pain,7,99,99,79,13,91,36.8
30073286,3,knee pain,4,75,103,86,14,96,36.7
30073287,4,abdominal pain,2,101,119,91,20,98,36.9
30073288,4,anxiety,4,96,123,82,17,95,38.5
30073289,2,shortness of breath,8,89,139,92,19,100,36.5
30073290,4,chest pain,4,77,126,58,18,98,38.4
30073291,3,laceration,2,85,133,88,21,97,36.4
30073292,3,headache,5,70,134,105,25,100,36.4
30073293,3,shortness of breath,3,84,110,76,20,92,36.7
30073294,2,chest pain,10,94,129,67,13,98,37.5
30073295,3,chest pain,2,65,111,37,19,100,37.1
30073296,3,fall,2,122,118,89,19,95,37.4
30073297,2,abdominal pain,10,84,117,82,17,96,38.2
30073298,2,laceration,7,73,121,105,16,98,37.9
30073299,2,fall,7,59,92,80,17,99,37.8
30073300,3,fall,7,92,162,90,21,100,36.0
30073301,2,chest pain,7,69,164,70,12,97,36.2
30073302,3,headache,4,97,131,84,22,99,36.6
30073303,3,back pain,6,88,120,101,11,97,36.6
30073304,3,fall,3,70,93,92,17,100,37.4
30073305,3,laceration,1,90,119,93,18,99,36.5
30073306,4,fall,0,82,126,95,14,96,36.5
30073307,5,anxiety,5,79,111,95,24,95,37.0
30073308,3,headache,4,76,144,98,18,100,37.5
30073309,3,fever,6,88,76,104,23,97,38.6
30073310,3,abdominal pain,4,52,109,74,18,100,36.9
30073311,3,headache,7,103,128,76,20,99,36.7
30073312,5,knee pain,6,62,127,62,14,100,37.3
30073313,5,back pain,2,90,143,72,15,100,37.3
30073314,3,laceration,3,87,111,96,21,97,37.2
30073315,3,fall,7,100,102,86,18,100,36.2
30073316,3,abdominal pain,3,50,137,62,15,97,35.6
30073317,4,laceration,5,63,90,79,24,96,35.9
30073318,3,fever,4,74,99,100,24,97,37.0
30073319,3,laceration,6,61,142,78,22,100,36.4
30073320,3,headache,5,71,141,82,20,93,37.2
30073321,2,abdominal pain,7,69,132,81,23,95,37.5
30073322,2,fall,7,85,134,71,24,96,36.2
30073323,2,fall,9,92,111,72,26,98,37.3
30073324,3,anxiety,2,102,113,71,15,95,38.3
30073325,4,abdominal pain,5,74,124,47,22,95,36.7
30073326,1,laceration,10,77,131,90,16,96,36.6
30073327,3,abdominal pain,3,96,112,99,16,99,38.2
30073328,3,abdominal pain,5,71,142,58,11,91,36.1
30073329,2,chest pain,6,57,174,69,11,94,37.2
30073330,3,abdominal pain,0,104,108,55,20,96,36.4
30073331,3,knee pain,7,74,93,59,26,98,36.1
30073332,3,back pain,7,99,118,53,14,96,37.1
30073333,2,headache,9,90,165,90,17,94,36.6
30073334,3,chest pain,6,89,139,61,9,93,37.6
30073335,5,laceration,6,108,139,61,23,97,36.4
30073336,3,knee pain,5,80,146,69,16,100,37.5
30073337,3,fever,5,81,134,71,12,99,39.0
30073338,3,fever,1,100,114,87,16,96,36.8
30073339,3,chest pain,3,81,119,79,21,98,37.1
30073340,2,knee pain,8,104,110,61,22,96,36.1
30073341,5,shortness of breath,2,97,120,75,19,100,36.2
30073342,3,shortness of breath,6,92,115,64,16,92,36.6
30073343,3,back pain,0,81,114,58,11,99,38.5
30073344,4,anxiety,3,86,148,99,18,99,37.6
30073345,3,knee pain,5,90,159,71,22,94,37.4
30073346,1,back pain,6,99,134,67,14,97,35.1
30073347,3,fall,7,86,163,115,19,96,36.5
30073348,3,knee pain,0,83,119,70,14,100,36.0
30073349,4,shortness of breath,5,112,92,71,21,97,35.5
30073350,5,shortness of breath,0,100,122,70,12,98,37.1
30073351,2,laceration,8,80,98,101,21,98,36.9
30073352,3,laceration,0,106,147,88,24,100,37.3
30073353,3,fall,3,81,117,74,18,96,37.0
30073354,4,chest pain,3,98,154,74,19,97,38.6
30073355,3,abdominal pain,4,107,108,78,18,100,36.3
30073356,3,chest pain,1,57,127,94,21,100,37.6
30073357,3,abdominal pain,3,95,128,69,18,97,37.0
30073358,5,back pain,0,84,145,109,19,95,37.4
30073359,2,laceration,8,68,124,83,28,99,38.7
30073360,4,fall,4,70,111,58,24,96,36.1
30073361,1,back pain,9,81,133,98,27,94,37.3
30073362,3,fever,0,69,80,77,14,96,38.6
30073363,3,anxiety,1,93,120,95,14,97,38.6
30073364,2,chest pain,8,85,104,56,21,98,37.1
30073365,3,laceration,5,62,129,70,12,97,37.3
30073366,1,headache,8,81,124,74,23,96,36.5
30073367,3,anxiety,2,92,103,65,28,95,38.4
30073368,3,headache,6,82,171,76,17,96,37.0
30073369,4,back pain,5,93,129,77,20,98,36.1
30073370,3,headache,1,76,129,114,17,100,37.5
30073371,3,anxiety,3,74,82,72,22,97,37.9
30073372,2,abdominal pain,7,88,159,91,24,93,36.8
30073373,1,abdominal pain,7,95,112,78,19,96,37.5
30073374,3,fever,6,55,154,75,19,99,35.9
30073375,1,knee pain,10,90,86,88,20,99,35.7
30073376,3,back pain,0,85,110,72,15,100,37.9
30073377,2,anxiety,6,81,115,80,11,100,36.6
30073378,4,fall,5,76,135,101,12,100,35.1
30073379,3,chest pain,3,82,114,62,18,93,37.7
30073380,3,headache,3,59,118,79,17,98,36.1
30073381,4,laceration,6,73,125,114,19,100,38.6
30073382,4,abdominal pain,0,70,88,84,21,99,38.0
30073383,4,laceration,6,81,147,64,14,100,38.4
30073384,3,fever,7,71,101,78,22,100,36.5
30073385,3,back pain,2,72,126,80,19,98,37.2
30073386,3,laceration,1,91,142,117,19,91,37.3
30073387,2,abdominal pain,10,108,165,76,21,99,36.1
30073388,5,abdominal pain,0,102,115,74,27,91,37.4
30073389,3,fever,2,103,135,60,20,99,35.0
30073390,4,laceration,0,91,96,81,11,98,36.5
30073391,3,abdominal pain,1,73,165,68,20,94,37.4
30073392,2,fall,6,75,130,98,22,96,37.3
30073393,3,anxiety,3,95,109,78,23,95,36.7
30073394,3,knee pain,4,80,139,77,15,97,37.7
30073395,1,fever,7,80,112,73,22,95,38.4
30073396,3,knee pain,4,88,147,74,17,97,36.8
30073397,3,laceration,1,66,145,70,19,97,37.4
30073398,3,chest pain,2,96,98,70,19,96,35.4
30073399,3,back pain,6,83,142,81,22,97,39.2
30073400,3,headache,0,74,134,97,10,96,37.9
30073401,4,shortness of breath,1,57,107,92,20,92,37.9
30073402,3,fall,2,114,119,93,20,94,37.7
30073403,2,shortness of breath,6,64,108,84,17,92,36.8
30073404,3,chest pain,7,80,129,60,19,95,35.9
30073405,5,shortness of breath,2,79,145,66,14,96,36.9
30073406,3,knee pain,0,63,120,93,24,100,38.0
30073407,2,fall,8,105,171,71,21,94,37.8
30073408,1,headache,7,101,143,91,11,99,37.0
30073409,3,chest pain,5,68,103,65,13,97,37.2
30073410,3,abdominal pain,0,68,177,87,8,100,36.8
30073411,3,fever,4,84,166,37,28,96,36.8
30073412,4,headache,0,94,111,69,22,96,36.5
30073413,3,knee pain,2,106,97,88,17,100,38.6
30073414,3,abdominal pain,2,80,130,55,20,95,36.4
30073415,3,back pain,2,102,152,73,17,100,37.1
30073416,3,abdominal pain,0,96,98,83,21,96,37.2
30073417,3,chest pain,7,93,126,81,16,97,37.0
30073418,3,chest pain,4,100,128,91,18,98,37.3
30073419,3,shortness of breath,2,74,154,90,17,99,37.4
30073420,3,anxiety,2,74,163,63,22,100,36.6
30073421,5,headache,5,65,137,91,15,97,36.0
30073422,2,abdominal pain,7,50,146,82,17,96,36.9
30073423,4,headache,5,113,115,85,13,97,36.4
30073424,2,fever,8,106,91,105,22,96,37.8
30073425,3,anxiety,4,114,110,71,16,96,37.6
30073426,3,headache,6,77,88,85,22,100,36.9
30073427,4,laceration,7,74,133,63,15,98,37.4
30073428,3,knee pain,0,88,143,104,14,97,37.4
30073429,5,chest pain,0,99,100,72,16,94,37.3
30073430,3,chest pain,1,82,125,104,11,100,36.2
30073431,3,chest pain,7,62,127,82,23,100,38.0
30073432,3,laceration,1,54,145,92,19,99,37.1
30073433,2,abdominal pain,6,114,129,96,21,93,38.7
30073434,3,shortness of breath,6,84,130,95,12,96,38.0
30073435,5,abdominal pain,3,98,92,89,18,98,37.8
30073436,4,back pain,1,94,117,85,12,93,37.6
30073437,4,abdominal pain,2,72,121,69,23,100,37.5
30073438,5,fall,6,63,123,65,16,94,37.1
30073439,3,anxiety,0,82,124,84,15,97,37.3
30073440,4,laceration,5,101,112,85,20,95,37.1
30073441,4,laceration,5,52,146,72,10,91,37.1
30073442,4,abdominal pain,1,75,104,82,15,96,38.0
30073443,3,abdominal pain,2,76,147,91,13,96,38.3
30073444,3,abdominal pain,2,108,140,86,21,98,35.9
30073445,4,knee pain,5,88,133,88,15,100,36.4
30073446,4,shortness of breath,1,100,135,69,18,92,37.8
30073447,3,chest pain,4,87,158,63,18,100,36.6
30073448,3,back pain,5,82,137,93,23,98,37.7
30073449,3,shortness of breath,4,91,138,95,15,98,37.1
30073450,2,headache,10,88,118,85,10,100,36.1
30073451,5,shortness of breath,7,79,120,58,13,96,37.5
30073452,3,abdominal pain,6,80,143,100,16,100,36.6
30073453,2,laceration,8,101,95,79,20,100,37.3
30073454,2,anxiety,9,80,101,96,18,93,36.4
30073455,4,knee pain,1,114,119,89,26,100,36.3
30073456,3,anxiety,7,96,154,62,14,100,36.0
30073457,2,chest pain,6,91,136,77,18,100,37.0
30073458,3,fever,1,101,120,92,12,96,36.6
30073459,3,fever,6,96,80,74,24,93,36.8
30073460,3,laceration,0,70,107,51,18,94,37.3
30073461,4,chest pain,6,76,134,70,17,94,37.2
30073462,2,back pain,10,87,148,65,28,95,38.3
30073463,3,fever,6,102,162,49,14,94,36.7
30073464,4,knee pain,1,82,144,77,12,94,37.4
30073465,3,abdominal pain,6,102,149,65,16,97,37.7
30073466,4,abdominal pain,5,101,126,72,26,100,35.9
30073467,2,anxiety,7,68,89,114,19,100,36.0
30073468,2,chest pain,9,51,118,71,26,97,36.5
30073469,4,headache,5,76,126,65,20,96,36.6
30073470,3,shortness of breath,0,96,106,82,16,94,38.0
30073471,4,knee pain,2,80,151,48,12,94,38.4
30073472,3,chest pain,2,91,119,70,22,97,37.4
30073473,2,fall,8,81,145,75,15,100,36.6
30073474,2,chest pain,10,85,146,82,17,94,38.0
30073475,3,anxiety,0,77,134,93,22,100,37.2
30073476,1,knee pain,7,88,144,89,20,98,37.3
30073477,3,back pain,7,75,146,85,14,98,36.6
30073478,3,shortness of breath,7,91,150,77,16,100,37.9
30073479,3,knee pain,3,105,133,85,21,97,36.7
30073480,3,knee pain,2,88,127,72,23,94,38.0
30073481,3,fall,6,91,110,72,22,96,36.4
30073482,2,headache,7,103,136,78,11,97,36.7
30073483,3,headache,1,79,134,80,22,95,37.3
30073484,3,anxiety,4,107,155,114,17,96,38.1
30073485,4,anxiety,6,71,102,105,20,95,37.4
30073486,4,laceration,1,85,128,74,16,93,37.0
30073487,3,abdominal pain,3,93,122,99,17,96,37.2
30073488,3,knee pain,2,112,76,61,13,94,35.4
30073489,3,knee pain,2,91,94,89,17,95,36.3
30073490,2,fall,6,71,153,97,13,100,36.7
30073491,3,abdominal pain,4,78,97,73,23,92,37.1
30073492,5,abdominal pain,4,101,125,86,19,97,36.6
30073493,3,laceration,1,69,113,50,14,99,36.8
30073494,3,fall,2,89,130,82,24,99,37.0
30073495,5,headache,7,80,109,66,24,97,38.6
30073496,3,headache,3,95,102,89,21,96,38.7
30073497,3,anxiety,4,86,125,74,16,96,37.1
30073498,4,back pain,7,84,147,68,15,93,38.4
30073499,4,fever,4,70,123,90,19,96,37.2
30073500,3,abdominal pain,4,74,147,109,18,88,37.8
30073501,2,fever,10,127,119,81,17,96,37.8
30073502,2,back pain,9,126,116,108,20,96,36.6
30073503,4,anxiety,2,78,138,80,21,100,36.7
30073504,4,chest pain,3,55,105,97,20,99,37.0
30073505,2,fever,7,73,123,79,22,95,37.3
30073506,4,shortness of breath,3,69,137,73,17,92,36.8
30073507,1,abdominal pain,10,91,149,79,14,97,35.9
30073508,3,anxiety,6,65,106,83,11,100,37.8
30073509,3,headache,0,103,122,44,18,97,37.3
30073510,3,back pain,5,82,132,72,19,100,37.6
30073511,3,headache,0,80,111,57,14,98,38.1
30073512,3,anxiety,7,93,81,96,11,98,38.0
30073513,3,shortness of breath,4,99,163,85,22,100,37.3
30073514,3,laceration,7,122,106,101,18,95,36.8
30073515,3,laceration,3,84,130,65,23,99,35.4
30073516,3,fever,0,88,90,77,18,92,35.9
30073517,3,chest pain,1,83,162,76,14,96,36.2
30073518,3,shortness of breath,7,127,101,96,11,100,38.2
30073519,3,laceration,5,79,114,106,22,96,36.4
30073520,3,abdominal pain,0,86,159,85,25,100,36.8
30073521,1,fever,10,85,92,67,18,100,35.9
30073522,3,chest pain,0,43,150,81,11,98,37.4
30073523,4,knee pain,3,77,105,73,14,98,36.9
30073524,3,laceration,5,106,120,63,25,99,37.4
30073525,3,headache,7,71,123,93,14,100,37.8
30073526,5,laceration,6,74,95,76,25,96,38.0
30073527,3,knee pain,3,96,98,38,19,100,37.0
30073528,4,knee pain,1,91,144,90,22,97,38.4
30073529,3,abdominal pain,3,80,134,64,10,94,38.1
30073530,3,headache,2,69,114,96,13,96,38.0
30073531,3,abdominal pain,6,100,127,90,17,92,36.3
30073532,3,shortness of breath,2,83,151,83,19,92,35.5
30073533,2,laceration,10,111,165,100,18,98,37.8
30073534,5,fall,5,69,131,78,22,95,37.0
30073535,2,chest pain,7,78,90,61,17,94,37.6
30073536,2,knee pain,6,108,112,57,24,100,37.0
30073537,4,fever,5,68,165,87,14,95,36.4
30073538,4,knee pain,0,100,157,84,17,100,36.7
30073539,3,laceration,2,81,144,70,22,100,37.2
30073540,3,laceration,5,96,137,81,23,96,36.4
30073541,1,fall,7,100,160,62,12,95,37.6
30073542,3,headache,5,98,126,80,15,95,37.0
30073543,2,chest pain,10,108,114,62,23,94,37.3
30073544,1,headache,9,92,136,60,18,95,36.6
30073545,2,headache,9,99,133,74,20,97,38.6
30073546,2,anxiety,8,78,138,90,17,100,38.6
30073547,3,chest pain,7,88,109,74,17,100,37.0
30073548,2,abdominal pain,9,82,110,96,12,95,37.2
30073549,3,anxiety,6,81,114,109,17,95,36.5
30073550,3,knee pain,4,81,106,65,17,97,36.9
30073551,2,chest pain,10,89,138,51,19,100,37.1
30073552,5,headache,1,75,110,86,14,99,37.0
30073553,3,knee pain,4,91,137,78,21,91,38.9
30073554,3,knee pain,3,81,80,89,12,97,36.8
30073555,1,back pain,7,59,128,81,12,96,36.6
30073556,3,headache,3,95,142,81,26,96,36.5
30073557,2,headache,7,56,133,78,10,90,37.8
30073558,3,fever,2,106,107,73,16,98,35.7
30073559,3,shortness of breath,6,72,122,80,16,97,35.9
30073560,3,abdominal pain,5,104,118,82,20,99,37.1
30073561,2,anxiety,6,84,115,83,11,96,36.3
30073562,1,abdominal pain,6,73,104,82,27,99,36.4
30073563,4,fall,4,99,126,92,20,95,36.9
30073564,2,chest pain,10,89,125,105,17,100,37.3
30073565,3,laceration,2,96,127,78,13,93,36.3
30073566,4,abdominal pain,4,77,140,56,21,94,36.6
30073567,2,abdominal pain,10,90,125,52,17,100,36.6
30073568,5,laceration,6,81,87,63,16,95,36.3
30073569,3,headache,7,79,128,60,17,97,36.4
30073570,4,abdominal pain,6,100,127,49,17,96,38.3
30073571,3,chest pain,3,85,132,58,16,93,37.1
30073572,2,knee pain,8,63,168,78,15,97,37.4
30073573,3,anxiety,0,117,120,81,18,96,37.4
30073574,4,fever,3,83,148,58,16,96,35.6
30073575,3,knee pain,6,91,108,90,19,94,36.5
30073576,1,chest pain,8,75,104,70,12,100,35.9
30073577,4,back pain,4,76,97,94,19,100,36.7
30073578,3,knee pain,7,87,174,70,21,92,37.1
30073579,2,shortness of breath,9,68,134,77,16,94,36.7
30073580,2,fever,8,81,150,67,18,100,37.1
30073581,2,fall,7,102,120,57,18,99,37.7
30073582,3,knee pain,5,114,135,93,17,93,36.6
30073583,4,knee pain,1,67,142,62,14,100,37.6
30073584,4,abdominal pain,6,89,154,60,20,96,37.0
30073585,4,fever,2,96,126,72,17,95,37.7
30073586,3,fever,7,65,126,64,19,91,36.8
30073587,3,anxiety,7,76,122,67,17,100,37.4
30073588,2,back pain,10,96,130,79,15,97,37.5
30073589,3,fall,2,75,122,83,19,95,36.6
30073590,3,chest pain,2,116,123,80,9,97,38.3
30073591,4,fall,0,80,146,70,18,96,37.3
30073592,3,knee pain,4,105,129,60,16,100,37.3
30073593,4,fall,0,84,126,79,24,99,38.0
30073594,3,fever,3,74,132,107,13,100,36.8
30073595,3,knee pain,1,85,90,86,22,99,38.1
30073596,3,shortness of breath,6,81,135,93,17,97,36.6
30073597,3,fall,4,98,106,62,21,99,35.0
30073598,3,headache,5,97,134,77,24,95,37.6
30073599,3,chest pain,7,84,122,64,14,94,36.4
30073600,2,abdominal pain,8,90,168,78,11,92,36.9
30073601,2,abdominal pain,9,102,143,87,14,98,37.5
30073602,3,laceration,6,89,142,82,14,99,37.1
30073603,3,laceration,3,59,110,97,19,96,36.8
30073604,3,shortness of breath,5,79,137,75,9,99,35.7
30073605,3,headache,1,78,109,76,13,90,37.2
30073606,3,abdominal pain,3,56,151,71,15,100,36.3
30073607,3,chest pain,0,81,108,93,24,94,37.4
30073608,4,laceration,3,82,137,90,20,100,36.4
30073609,3,laceration,5,94,127,90,20,96,35.7
30073610,3,abdominal pain,4,100,119,61,19,96,36.8
30073611,1,anxiety,10,84,84,91,14,99,36.3
30073612,3,chest pain,2,75,131,59,17,97,36.9
30073613,2,abdominal pain,6,99,131,102,18,91,37.4
30073614,3,knee pain,2,95,103,60,18,97,37.2
30073615,5,laceration,7,89,134,65,19,95,36.7
30073616,4,chest pain,6,112,144,95,17,91,37.4
30073617,4,headache,0,67,110,82,24,100,37.7
30073618,3,chest pain,4,75,116,100,18,97,37.8
30073619,3,shortness of breath,7,104,125,81,18,97,37.1
30073620,2,laceration,10,78,129,102,18,97,35.7
30073621,3,abdominal pain,2,109,115,84,14,95,37.3
30073622,4,fever,1,118,129,95,17,96,36.6
30073623,2,fall,8,75,112,86,17,95,37.7
30073624,3,laceration,6,103,114,74,17,96,38.1
30073625,2,headache,7,105,137,69,16,92,36.7
30073626,3,fall,4,81,114,80,23,97,37.5
30073627,3,abdominal pain,5,100,115,80,18,93,36.0
30073628,2,laceration,10,84,129,98,23,100,35.6
30073629,4,headache,4,88,117,69,20,93,37.3
30073630,3,abdominal pain,2,94,128,113,17,96,36.9
30073631,2,chest pain,10,79,152,99,23,100,37.5
30073632,3,knee pain,3,79,124,70,23,100,37.8
30073633,3,knee pain,1,83,104,85,15,96,36.0
30073634,3,fall,4,64,114,80,20,94,36.0
30073635,4,chest pain,7,116,115,93,11,97,36.9
30073636,3,fever,1,77,104,98,11,99,37.1
30073637,3,fever,0,77,114,66,24,95,37.3
30073638,3,laceration,3,71,116,72,17,97,37.8
30073639,3,fall,4,84,114,55,15,96,35.7
30073640,3,fever,3,102,117,78,18,100,38.2
30073641,3,fever,6,93,120,79,23,96,36.0
30073642,2,chest pain,7,86,129,86,15,99,35.9
30073643,3,laceration,0,101,137,86,15,100,37.5
30073644,3,headache,5,111,94,73,16,99,37.3
30073645,4,laceration,0,98,146,68,23,95,39.4
30073646,4,anxiety,0,80,135,66,21,93,37.3
30073647,4,laceration,1,66,146,91,18,97,38.3
30073648,3,shortness of breath,2,98,123,113,17,94,36.2
30073649,2,back pain,8,75,124,91,27,90,39.1
30073650,2,headache,9,85,141,102,18,95,37.2
30073651,3,abdominal pain,1,81,113,79,13,99,37.9
30073652,3,fever,1,111,141,85,10,100,37.2
30073653,3,laceration,3,83,124,67,19,96,37.3
30073654,2,anxiety,9,102,98,83,21,93,37.6
30073655,1,fever,8,85,114,66,13,100,37.8
30073656,3,back pain,7,75,132,67,16,98,36.5
30073657,3,anxiety,3,96,78,47,15,92,36.9
30073658,3,shortness of breath,4,85,124,60,12,94,36.8
30073659,3,laceration,1,74,130,63,20,98,38.7
30073660,1,headache,9,102,121,103,14,95,38.0
30073661,2,shortness of breath,10,55,131,79,14,99,37.0
30073662,5,knee pain,0,90,116,94,18,96,36.5
30073663,2,abdominal pain,10,121,130,79,23,97,37.7
30073664,3,knee pain,4,71,132,94,22,96,36.7
30073665,2,fall,9,79,129,74,18,100,36.1
30073666,2,fever,6,94,146,68,27,95,35.8
30073667,3,laceration,7,112,128,81,18,100,38.1
30073668,2,shortness of breath,9,82,149,69,18,98,37.1
30073669,3,laceration,4,67,121,70,20,96,36.1
30073670,3,laceration,0,101,156,92,25,96,37.1
30073671,2,laceration,7,91,127,75,20,99,36.9
30073672,3,abdominal pain,1,96,138,74,19,100,36.5
30073673,5,anxiety,3,95,147,79,21,95,36.4
30073674,4,fall,6,93,130,88,23,96,36.4
30073675,4,headache,1,74,133,87,24,99,35.9
30073676,1,chest pain,10,94,130,77,16,95,37.0
30073677,3,laceration,0,107,101,75,26,98,37.2
30073678,4,abdominal pain,7,71,114,90,13,99,37.5
30073679,1,laceration,9,91,126,91,15,91,37.3
30073680,3,knee pain,0,78,123,80,21,96,36.9
30073681,3,back pain,4,75,143,69,13,96,37.0
30073682,3,chest pain,4,89,90,62,24,93,36.5
30073683,4,fever,3,111,88,70,20,95,37.9
30073684,4,shortness of breath,3,73,81,82,18,97,35.7
30073685,3,fall,6,70,133,84,18,94,36.9
30073686,3,anxiety,5,52,113,84,17,95,36.8
30073687,2,fever,9,106,119,77,19,99,37.6
30073688,1,knee pain,7,72,116,84,16,96,36.4
30073689,5,knee pain,4,99,123,69,13,99,36.7
30073690,4,headache,4,67,105,93,20,99,37.3
30073691,4,headache,1,62,95,91,9,99,36.4
30073692,4,laceration,4,101,126,91,18,95,36.5
30073693,3,headache,2,72,86,94,13,100,36.6
30073694,4,knee pain,5,58,109,111,18,100,37.9
30073695,2,chest pain,8,79,87,77,19,90,36.8
30073696,3,back pain,0,63,148,88,18,93,36.7
30073697,2,headache,8,70,122,62,22,97,39.2
30073698,3,fall,1,78,155,93,18,99,35.8
30073699,2,laceration,9,66,138,78,26,93,38.1
30073700,1,anxiety,10,76,141,77,19,99,36.5
30073701,4,laceration,7,106,142,93,20,94,37.9
30073702,5,back pain,4,95,146,88,29,100,37.2
30073703,5,shortness of breath,3,71,107,55,11,100,37.7
30073704,3,anxiety,5,103,133,68,19,95,36.0
30073705,3,laceration,2,74,136,78,22,99,37.4
30073706,1,fever,6,69,104,73,27,97,37.9
30073707,4,headache,4,72,127,62,18,95,37.5
30073708,4,knee pain,4,111,111,64,15,94,37.4
30073709,2,chest pain,6,77,123,75,12,97,37.3
30073710,3,chest pain,0,71,123,77,15,97,37.1
30073711,2,knee pain,6,66,107,91,20,97,37.8
30073712,1,shortness of breath,7,65,137,84,18,96,37.9
30073713,3,headache,6,99,113,100,14,96,36.5
30073714,2,back pain,7,105,152,88,14,94,35.6
30073715,3,fall,2,92,125,95,26,96,35.4
30073716,3,chest pain,6,93,147,73,16,87,35.9
30073717,2,shortness of breath,6,84,125,78,17,98,35.8
30073718,4,abdominal pain,2,96,141,84,20,96,37.7
30073719,4,shortness of breath,4,71,125,77,21,99,38.0
30073720,4,shortness of breath,5,85,118,73,21,99,36.0
30073721,3,fever,5,78,112,65,19,100,37.5
30073722,3,shortness of breath,2,107,116,80,24,98,37.4
30073723,2,chest pain,6,85,132,81,29,95,37.1
30073724,4,knee pain,5,93,144,37,14,96,36.5
30073725,1,shortness of breath,8,82,123,83,26,99,36.8
30073726,3,anxiety,7,77,121,70,20,93,36.3
30073727,4,shortness of breath,4,78,122,66,16,95,37.4
30073728,5,anxiety,6,83,113,92,22,95,37.6
30073729,3,fever,2,77,133,81,15,96,36.5
30073730,3,headache,4,108,114,63,15,98,36.4
30073731,3,chest pain,7,59,162,76,20,97,36.1
30073732,4,fall,2,84,136,60,20,92,36.2
30073733,3,anxiety,2,83,139,73,17,91,36.2
30073734,3,abdominal pain,0,109,126,91,20,98,36.5
30073735,3,knee pain,3,89,117,100,7,99,36.0
30073736,3,laceration,2,64,138,74,21,95,38.9
30073737,1,laceration,6,96,150,96,21,93,36.5
30073738,3,headache,4,89,133,76,16,100,36.8
30073739,3,fall,5,81,121,70,21,94,36.6
30073740,4,abdominal pain,7,61,127,63,19,89,37.2
30073741,4,anxiety,5,69,114,85,16,97,37.1
30073742,2,fall,7,104,119,83,16,100,36.2
30073743,3,fall,5,93,122,69,19,96,38.0
30073744,3,chest pain,4,68,149,75,13,96,37.4
30073745,3,chest pain,2,83,137,78,18,99,37.9
30073746,3,knee pain,2,90,114,83,9,100,38.1
30073747,3,anxiety,1,82,118,66,22,100,36.2
30073748,3,knee pain,6,51,137,64,19,97,37.9
30073749,3,abdominal pain,4,83,109,84,20,91,36.7
30073750,3,laceration,0,79,139,90,17,99,38.5
30073751,2,knee pain,6,96,93,91,20,96,36.4
30073752,2,laceration,10,92,150,73,17,100,37.7
30073753,3,fever,5,93,130,98,16,97,36.0
30073754,3,shortness of breath,5,96,160,62,23,96,36.8
30073755,3,headache,6,72,74,73,15,98,36.5
30073756,1,abdominal pain,10,87,163,69,14,98,35.9
30073757,3,back pain,3,104,133,53,16,96,36.8
30073758,3,back pain,0,126,143,86,24,100,37.2
30073759,4,chest pain,4,70,64,67,20,97,36.5
30073760,4,shortness of breath,1,79,105,78,10,95,36.4
30073761,3,chest pain,1,65,119,44,23,96,37.1
30073762,4,chest pain,5,76,146,66,16,94,36.3
30073763,2,headache,10,83,133,71,20,100,37.7
30073764,1,headache,7,91,164,74,16,98,37.5
30073765,2,back pain,6,73,118,75,19,93,37.5
30073766,5,back pain,6,84,120,114,13,95,38.6
30073767,4,headache,4,68,156,77,13,94,36.4
30073768,3,chest pain,7,92,115,72,22,96,37.1
30073769,3,headache,7,65,121,88,19,98,37.6
30073770,1,abdominal pain,9,61,131,81,17,96,36.4
30073771,3,laceration,2,92,95,81,12,93,37.9
30073772,3,anxiety,1,76,168,78,26,98,36.0
30073773,2,headache,8,90,150,84,15,94,35.6
30073774,3,back pain,6,102,128,86,16,99,36.6
30073775,3,laceration,5,97,123,88,16,96,38.1
30073776,3,fall,2,92,70,76,16,96,36.9
30073777,3,chest pain,2,66,149,100,22,96,36.2
30073778,3,shortness of breath,2,94,136,86,15,95,36.6
30073779,3,back pain,2,75,117,68,22,100,36.8
30073780,2,anxiety,10,70,114,90,19,95,37.6
30073781,5,shortness of breath,0,79,131,79,19,96,36.6
30073782,4,abdominal pain,5,95,169,72,19,99,36.1
30073783,2,knee pain,8,66,102,87,9,100,36.7
30073784,3,anxiety,3,100,109,76,14,91,36.6
30073785,2,chest pain,8,77,124,84,22,95,37.2
30073786,4,laceration,0,89,118,76,14,100,35.8
30073787,3,fall,0,62,155,79,16,98,37.4
30073788,3,anxiety,6,92,101,43,13,98,36.9
30073789,1,headache,6,120,141,96,23,97,37.2
30073790,5,headache,7,76,121,70,16,100,37.3
30073791,3,headache,6,101,106,78,20,100,37.7
30073792,3,anxiety,2,47,151,61,17,95,37.2
30073793,2,chest pain,8,80,121,79,19,98,37.2
30073794,3,chest pain,0,64,120,89,14,97,36.3
30073795,3,chest pain,2,70,133,76,22,90,38.7
30073796,5,headache,6,94,138,82,15,99,36.6
30073797,3,fall,7,96,98,86,17,95,38.1
30073798,2,fever,7,77,144,59,14,99,36.2
30073799,3,knee pain,3,106,160,85,17,97,38.9
30073800,3,anxiety,2,104,117,100,14,100,37.1
30073801,3,knee pain,3,73,114,97,18,100,36.4
30073802,2,laceration,8,99,134,105,21,100,37.1
30073803,4,knee pain,7,77,174,83,13,97,37.9
30073804,4,anxiety,0,75,148,127,19,94,36.4
30073805,3,chest pain,4,87,120,79,16,100,36.8
30073806,3,shortness of breath,3,87,128,94,17,97,37.6
30073807,3,fever,1,98,129,80,20,98,36.8
30073808,3,back pain,1,105,146,106,20,95,36.0
30073809,2,laceration,8,87,107,71,9,98,37.5
30073810,3,abdominal pain,6,107,115,69,14,100,37.1
30073811,3,back pain,2,126,134,80,18,100,36.4
30073812,3,abdominal pain,1,91,137,78,22,93,35.7
30073813,4,fall,5,88,152,79,18,100,37.3
30073814,3,fall,0,73,117,47,19,94,37.1
30073815,3,knee pain,0,91,147,81,18,100,38.1
30073816,2,anxiety,8,98,140,75,17,96,37.9
30073817,2,anxiety,10,85,105,89,18,98,37.3
30073818,3,shortness of breath,0,67,105,54,20,98,36.3
30073819,2,anxiety,6,90,109,61,19,95,36.0
30073820,2,abdominal pain,8,72,142,78,18,98,36.0
30073821,4,back pain,0,85,140,72,25,97,36.6
30073822,3,anxiety,2,99,130,85,14,97,37.1
30073823,2,fall,8,82,126,61,20,95,36.6
30073824,4,laceration,5,64,95,73,22,99,36.8
30073825,3,chest pain,1,68,140,77,23,96,35.7
30073826,2,headache,8,121,118,87,16,97,36.5
30073827,5,shortness of breath,7,72,77,86,12,94,35.9
30073828,2,laceration,7,99,136,79,19,98,36.8
30073829,3,shortness of breath,5,75,156,91,12,97,36.4
30073830,2,fever,10,54,123,87,23,99,36.7
30073831,2,fall,7,95,125,69,16,100,38.4
30073832,3,anxiety,5,91,144,87,20,98,37.7
30073833,4,shortness of breath,3,97,121,82,21,97,37.4
30073834,5,fever,0,92,115,77,18,96,37.8
30073835,3,laceration,0,63,121,39,20,95,38.1
30073836,3,anxiety,6,99,146,107,17,97,37.2
30073837,3,laceration,2,97,126,79,15,98,37.1
30073838,3,chest pain,6,89,108,61,20,97,35.2
30073839,2,chest pain,6,87,107,108,17,100,35.6
30073840,3,abdominal pain,4,72,123,55,18,93,36.3
30073841,3,anxiety,5,77,120,69,27,97,37.6
30073842,3,knee pain,3,75,71,88,13,97,36.9
30073843,3,chest pain,0,93,134,50,20,98,37.6
30073844,4,fever,2,79,106,99,11,98,38.3
30073845,3,anxiety,5,94,141,71,15,97,36.4
30073846,3,headache,4,87,136,83,16,93,36.9
30073847,4,fever,7,88,95,84,19,98,36.4
30073848,4,chest pain,6,106,85,82,17,100,37.7
30073849,2,back pain,8,85,123,90,18,98,37.5
30073850,3,abdominal pain,5,77,122,68,15,100,37.6
30073851,2,headache,8,83,120,71,14,100,36.4
30073852,3,chest pain,4,75,107,101,26,98,36.2
30073853,2,knee pain,6,87,123,90,16,100,34.9
30073854,3,shortness of breath,5,92,130,69,20,100,36.4
30073855,3,knee pain,2,68,133,87,10,95,37.5
30073856,3,knee pain,4,81,142,64,12,100,36.6
30073857,3,knee pain,5,86,103,64,24,94,36.3
30073858,3,fever,3,81,114,64,15,98,36.4
30073859,4,abdominal pain,2,61,113,79,22,100,38.8
30073860,2,fever,7,79,132,91,20,100,37.7
30073861,1,knee pain,7,87,140,87,17,99,38.4
30073862,2,knee pain,6,59,133,89,17,98,37.1
30073863,3,chest pain,6,78,134,63,20,97,38.7
30073864,3,laceration,3,81,87,52,22,91,36.7
30073865,4,anxiety,2,95,119,79,29,96,36.5
30073866,3,abdominal pain,7,72,122,58,22,95,37.2
30073867,4,abdominal pain,2,88,100,83,17,92,36.6
30073868,3,fall,5,94,144,80,15,100,36.6
30073869,3,abdominal pain,1,94,127,84,16,95,35.6
30073870,3,laceration,4,75,101,66,18,95,37.4
30073871,2,chest pain,9,90,104,65,24,94,37.2
30073872,4,knee pain,5,85,120,65,20,95,36.8
30073873,3,fall,7,67,91,88,17,99,37.2
30073874,3,anxiety,0,105,121,87,14,94,35.6
30073875,1,chest pain,10,87,136,96,18,97,36.6
30073876,4,fall,5,98,153,71,22,99,35.4
30073877,3,knee pain,3,73,84,71,24,96,35.8
30073878,3,shortness of breath,5,105,121,63,15,97,36.2
30073879,4,knee pain,5,76,152,95,9,95,38.1
30073880,3,shortness of breath,0,72,120,51,14,99,37.6
30073881,3,laceration,2,71,132,97,15,97,37.0
30073882,3,laceration,5,85,146,74,19,99,36.4
30073883,3,knee pain,0,90,154,72,22,100,37.0
30073884,3,abdominal pain,5,100,143,70,14,99,38.1
30073885,3,fall,5,72,113,72,21,97,36.7
30073886,2,shortness of breath,6,98,110,72,14,96,35.7
30073887,3,headache,5,96,145,72,16,92,37.0
30073888,2,fever,7,83,149,86,13,98,36.3
30073889,4,anxiety,3,101,116,82,14,94,37.4
30073890,3,fever,0,93,117,85,15,92,38.0
30073891,3,knee pain,6,82,131,71,14,100,38.1
30073892,3,fall,4,80,116,77,16,90,37.5
30073893,3,laceration,1,87,181,87,12,100,38.5
30073894,1,abdominal pain,6,83,139,79,12,98,37.3
30073895,3,headache,2,89,91,63,16,94,37.5
30073896,4,laceration,5,51,147,38,25,96,36.6
30073897,4,back pain,4,126,126,78,15,97,38.4
30073898,2,fall,6,113,118,75,19,98,37.6
30073899,4,headache,2,87,124,64,12,95,36.2
30073900,3,fall,3,101,115,85,26,95,36.4
30073901,3,shortness of breath,4,78,156,101,21,92,38.6
30073902,4,abdominal pain,2,94,104,53,19,100,36.7
30073903,3,shortness of breath,1,81,127,108,17,100,36.0
30073904,2,fever,7,69,107,93,17,100,37.4
30073905,2,fall,7,83,133,76,19,99,36.4
30073906,2,anxiety,9,68,127,83,16,96,36.9
30073907,4,headache,4,106,105,88,18,98,37.4
30073908,3,knee pain,6,79,152,40,16,100,37.8
30073909,4,fever,1,90,127,106,17,96,36.5
30073910,3,chest pain,5,86,127,93,18,94,37.5
30073911,4,fever,7,75,148,77,16,99,35.8
30073912,3,fever,5,85,120,44,18,96,36.4
30073913,3,laceration,4,87,99,64,21,94,37.3
30073914,4,headache,4,93,112,80,19,97,36.7
30073915,3,knee pain,7,79,140,83,15,89,36.4
30073916,3,shortness of breath,4,92,139,86,23,97,37.3
30073917,4,abdominal pain,6,101,133,112,24,98,37.1
30073918,3,fever,4,93,115,75,13,96,36.8
30073919,3,back pain,7,96,100,89,20,100,36.1
30073920,4,shortness of breath,1,79,105,110,15,96,36.4
30073921,4,fall,3,113,119,91,22,98,38.6
30073922,2,chest pain,9,80,110,70,15,91,36.3
30073923,2,knee pain,10,85,103,87,10,99,37.4
30073924,4,laceration,0,79,147,94,18,99,36.1
30073925,4,fall,2,70,120,97,14,98,36.4
30073926,4,fall,3,104,117,70,21,99,36.7
30073927,4,headache,6,80,119,102,25,96,38.2
30073928,3,shortness of breath,4,96,123,65,17,97,36.7
30073929,2,knee pain,10,59,148,88,11,97,38.7
30073930,2,abdominal pain,6,88,120,86,32,94,37.9
30073931,3,back pain,2,80,163,79,16,94,37.6
30073932,3,anxiety,0,98,128,80,16,97,35.4
30073933,3,laceration,5,97,118,59,17,99,36.6
30073934,4,shortness of breath,2,92,165,99,15,96,36.7
30073935,1,chest pain,10,95,134,71,19,99,36.2
30073936,3,back pain,4,50,101,83,15,97,37.3
30073937,3,abdominal pain,7,100,123,103,13,100,36.7
30073938,3,fall,1,83,117,70,18,100,36.1
30073939,4,fever,6,82,117,64,22,96,37.2
30073940,3,abdominal pain,1,63,128,77,17,93,37.7
30073941,3,knee pain,2,68,133,97,24,96,37.3
30073942,4,chest pain,6,81,120,89,17,100,37.5
30073943,2,knee pain,6,97,104,64,20,93,37.2
30073944,3,back pain,4,89,87,54,19,100,36.9
30073945,1,back pain,8,79,125,83,19,97,36.8
30073946,3,back pain,7,55,146,75,11,94,35.4
30073947,4,fall,2,105,136,127,15,93,36.9
30073948,3,chest pain,6,87,142,103,21,98,36.4
30073949,3,shortness of breath,5,81,111,59,19,96,36.7
30073950,4,knee pain,4,82,125,77,17,96,37.3
30073951,5,laceration,1,70,109,71,17,97,37.4
30073952,3,chest pain,6,111,93,99,22,90,36.9
30073953,2,laceration,9,56,127,44,28,97,37.9
30073954,3,abdominal pain,5,59,130,84,25,99,37.0
30073955,2,fall,7,98,126,97,28,93,36.8
30073956,3,chest pain,5,98,113,71,20,98,36.5
30073957,3,fall,2,80,124,78,18,98,36.9
30073958,5,shortness of breath,7,71,102,74,24,97,36.8
30073959,5,fever,1,62,164,68,20,100,36.1
30073960,3,shortness of breath,5,71,132,89,16,98,35.8
30073961,3,headache,2,61,136,66,14,99,37.5
30073962,3,knee pain,1,84,125,88,15,100,36.8
30073963,2,fever,7,88,92,87,10,94,36.3
30073964,1,fever,8,81,136,82,18,100,35.8
30073965,5,back pain,6,106,117,86,16,96,37.2
30073966,4,chest pain,3,105,130,68,16,95,35.4
30073967,3,headache,5,100,131,54,19,92,37.0
30073968,3,knee pain,4,86,139,96,17,97,36.2
30073969,3,fever,0,65,129,83,9,97,37.3
30073970,2,chest pain,9,82,135,61,23,100,36.5
30073971,3,shortness of breath,3,86,154,136,16,98,37.0
30073972,3,laceration,6,95,125,83,13,95,36.3
30073973,2,laceration,9,85,127,98,25,99,36.4
30073974,2,chest pain,6,59,109,67,20,97,36.1
30073975,3,chest pain,3,91,129,79,20,93,38.0
30073976,2,shortness of breath,7,81,96,73,24,96,37.9
30073977,3,abdominal pain,0,95,124,89,19,93,36.1
30073978,3,shortness of breath,1,85,99,79,18,100,38.3
30073979,3,fall,3,67,152,107,14,93,38.8
30073980,3,shortness of breath,2,87,116,85,17,94,36.9
30073981,3,chest pain,0,75,165,102,28,93,37.7
30073982,3,chest pain,1,78,110,87,21,97,37.5
30073983,3,laceration,7,86,135,66,18,100,36.4
30073984,3,back pain,7,72,110,82,19,100,37.6
30073985,4,back pain,4,93,133,84,16,98,37.7
30073986,3,laceration,4,89,152,70,19,99,37.2
30073987,3,fever,3,70,160,95,21,98,35.9
30073988,2,knee pain,7,87,108,76,15,100,37.4
30073989,3,headache,6,73,106,96,19,99,38.9
30073990,3,shortness of breath,1,79,129,79,13,95,37.1
30073991,3,fever,0,78,101,103,17,96,36.1
30073992,3,chest pain,3,72,151,81,21,96,38.1
30073993,2,fever,9,72,106,85,31,97,37.1
30073994,3,headache,2,77,152,87,14,98,36.9
30073995,3,back pain,5,87,155,76,15,95,37.2
30073996,2,knee pain,7,116,144,101,22,99,37.2
30073997,3,chest pain,1,74,125,91,19,95,37.3
30073998,5,fall,7,85,121,98,13,96,36.3
30073999,3,shortness of breath,5,70,171,57,20,94,36.4
30074000,3,laceration,1,71,106,97,16,100,35.8
30074001,5,fever,1,101,132,90,22,100,37.4
30074002,3,back pain,7,76,127,87,20,92,37.1
30074003,3,shortness of breath,2,84,120,95,23,98,37.6
30074004,3,knee pain,7,77,131,57,17,95,36.6
30074005,2,laceration,9,84,105,56,28,100,36.8
30074006,3,abdominal pain,4,87,123,95,15,100,38.6
30074007,3,knee pain,4,91,102,87,21,98,37.5
30074008,3,chest pain,1,86,127,74,14,95,39.0
30074009,3,anxiety,2,70,146,81,24,93,37.0
30074010,3,back pain,5,103,156,85,21,97,36.7
30074011,3,fall,0,95,73,57,21,100,37.2
30074012,3,abdominal pain,4,97,148,80,20,94,37.9
30074013,3,abdominal pain,4,90,129,60,15,94,37.0
30074014,3,back pain,6,94,139,91,18,99,36.7
30074015,3,abdominal pain,2,128,147,103,21,100,37.0
30074016,3,shortness of breath,2,60,137,60,8,94,36.5
30074017,4,fall,6,82,113,65,20,98,38.2
30074018,2,laceration,9,91,124,55,16,98,36.8
30074019,3,fever,7,82,154,51,19,97,35.9
30074020,3,headache,5,69,136,109,25,93,37.1
30074021,4,knee pain,3,62,124,80,19,99,37.4
30074022,2,chest pain,8,82,91,83,16,93,37.4
30074023,4,fall,1,97,105,82,15,98,37.6
30074024,2,chest pain,10,84,126,72,21,96,36.8
30074025,3,anxiety,3,89,125,60,19,94,37.5
30074026,3,laceration,0,117,152,85,19,97,36.4
30074027,3,abdominal pain,5,67,127,50,18,99,35.9
30074028,3,back pain,5,83,161,83,9,98,36.8
30074029,3,abdominal pain,1,99,106,82,17,100,36.9
30074030,3,anxiety,3,49,115,96,23,95,36.7
30074031,1,chest pain,8,82,112,100,20,92,37.5
30074032,3,shortness of breath,3,107,133,79,13,100,37.8
30074033,3,fall,5,101,120,96,21,99,38.0
30074034,3,fever,1,79,155,85,17,99,38.4
30074035,2,fever,6,74,134,88,14,100,37.6
30074036,3,back pain,6,87,130,89,17,99,38.5
30074037,3,anxiety,5,68,128,84,19,100,38.1
30074038,5,fever,0,92,102,109,21,100,37.2
30074039,4,knee pain,3,109,147,82,18,92,37.1
30074040,3,laceration,7,95,109,79,13,95,37.4
30074041,2,shortness of breath,6,96,139,77,20,95,35.8
30074042,3,chest pain,6,93,123,88,20,99,37.6
30074043,3,abdominal pain,7,90,127,82,16,100,37.6
30074044,3,fever,1,78,98,85,18,100,37.3
30074045,3,headache,0,67,160,95,20,95,34.8
30074046,3,headache,4,96,97,99,19,97,35.1
30074047,4,knee pain,3,63,135,80,16,98,36.3
30074048,2,headache,8,88,168,66,20,99,36.4
30074049,1,back pain,6,79,131,93,21,92,37.1
30074050,3,abdominal pain,5,108,89,104,18,96,37.7
30074051,4,fall,1,74,129,105,22,96,36.0
30074052,4,back pain,2,68,128,71,18,100,37.0
30074053,4,shortness of breath,0,98,122,65,18,95,36.5
30074054,1,chest pain,7,83,115,89,17,100,37.5
30074055,2,anxiety,9,78,130,90,19,100,37.1
30074056,3,headache,6,97,106,50,21,97,37.2
30074057,2,shortness of breath,9,118,126,78,17,96,36.6
30074058,3,chest pain,4,93,107,59,12,100,36.2
30074059,3,abdominal pain,0,72,108,87,20,94,36.8
30074060,2,abdominal pain,6,84,113,73,17,93,36.1
30074061,2,headache,10,101,144,94,19,100,37.1
30074062,3,knee pain,2,112,120,98,17,100,36.1
30074063,4,fever,2,79,99,83,17,96,36.4
30074064,3,back pain,2,96,104,82,22,100,37.1
30074065,3,chest pain,7,63,149,58,24,97,38.3
30074066,4,abdominal pain,5,77,110,71,17,93,37.7
30074067,4,shortness of breath,4,93,133,52,22,91,36.8
30074068,3,fall,6,77,130,85,20,97,36.3
30074069,3,fall,6,78,135,110,18,95,35.0
30074070,3,shortness of breath,5,79,121,106,21,96,36.6
30074071,3,anxiety,5,82,115,83,13,99,37.6
30074072,4,anxiety,5,87,162,72,23,99,37.0
30074073,3,abdominal pain,7,66,132,40,17,96,37.5
30074074,2,back pain,8,87,136,80,22,93,37.2
30074075,4,laceration,3,64,134,80,20,99,37.1
30074076,4,chest pain,1,126,95,98,20,95,36.2
30074077,4,knee pain,1,98,114,71,21,94,35.7
30074078,2,fall,6,78,108,80,15,99,36.7
30074079,4,headache,3,85,144,80,15,96,37.7
30074080,2,anxiety,6,83,82,76,16,99,37.9
30074081,3,shortness of breath,7,91,143,75,17,97,36.4
30074082,3,laceration,4,95,83,67,19,93,36.8
30074083,2,abdominal pain,7,81,101,75,15,100,37.7
30074084,3,chest pain,4,107,90,78,23,96,34.9
30074085,4,shortness of breath,1,97,110,83,18,96,38.0
30074086,4,fall,3,78,132,69,21,97,36.4
30074087,3,knee pain,5,80,110,89,15,100,35.8
30074088,3,laceration,7,99,124,91,19,93,36.1
30074089,4,knee pain,0,83,143,63,20,97,36.3
30074090,3,fever,0,63,167,90,13,98,37.3
30074091,3,headache,6,94,119,86,15,100,36.6
30074092,3,chest pain,2,94,121,80,18,100,36.2
30074093,3,shortness of breath,6,98,123,43,21,100,38.6
30074094,5,laceration,2,86,133,81,19,100,38.0
30074095,3,knee pain,6,90,104,82,21,99,36.7
30074096,2,fall,10,82,126,89,20,100,37.5
30074097,2,chest pain,10,92,143,70,19,96,37.2
30074098,3,back pain,0,78,134,94,16,94,37.8
30074099,3,back pain,5,91,123,101,17,95,36.7
30074100,4,chest pain,7,87,136,89,17,96,37.0
30074101,4,anxiety,6,99,144,88,21,100,37.5
30074102,1,abdominal pain,8,97,117,83,18,100,36.9
30074103,4,fall,2,96,118,84,20,98,37.3
30074104,3,anxiety,0,81,116,67,23,92,37.3
30074105,3,shortness of breath,0,84,109,74,20,100,36.8
30074106,4,laceration,3,85,104,80,18,100,38.1
30074107,2,fall,10,116,117,100,22,93,37.5
30074108,4,abdominal pain,0,90,153,45,23,91,36.5
30074109,4,headache,1,88,167,61,19,100,36.7
30074110,3,fall,0,68,148,85,21,95,36.1
30074111,3,abdominal pain,3,45,143,72,23,95,37.9
30074112,4,laceration,0,97,145,57,22,99,37.5
30074113,3,abdominal pain,5,80,162,55,20,95,37.1
30074114,4,headache,4,85,158,93,19,96,37.5
30074115,2,fall,6,55,115,86,11,98,37.3
30074116,1,abdominal pain,8,69,130,110,17,100,37.4
30074117,4,headache,6,94,140,70,20,96,36.4
30074118,2,knee pain,8,80,108,74,17,99,36.7
30074119,1,laceration,9,80,112,74,16,95,37.1
30074120,2,anxiety,10,95,142,54,22,97,37.4
30074121,4,laceration,5,91,135,64,27,95,36.7
30074122,4,back pain,4,62,146,45,23,97,37.5
30074123,3,fever,4,66,107,79,12,100,37.5
30074124,5,back pain,0,99,78,79,15,99,36.5
30074125,2,fever,8,61,93,114,25,98,35.4
30074126,3,knee pain,0,81,145,86,16,100,38.0
30074127,4,chest pain,6,71,81,88,26,95,37.2
30074128,3,shortness of breath,0,69,114,83,14,98,36.9
30074129,3,chest pain,6,85,125,94,21,94,36.5
30074130,3,headache,5,69,151,80,26,95,36.8
30074131,3,fever,7,95,129,72,22,99,36.4
30074132,1,anxiety,8,81,99,71,14,94,35.8
30074133,3,fall,2,105,104,78,18,91,37.4
30074134,3,anxiety,7,75,120,63,16,95,37.2
30074135,5,abdominal pain,4,96,128,85,23,95,36.4
30074136,4,headache,3,87,122,96,15,100,37.4
30074137,3,abdominal pain,3,80,115,76,26,98,38.4
30074138,3,back pain,1,89,105,90,22,96,37.2
30074139,4,headache,5,83,173,59,21,97,38.4
30074140,3,headache,3,70,109,75,15,98,38.0
30074141,2,shortness of breath,7,82,131,99,21,95,37.6
30074142,4,chest pain,2,84,122,66,17,100,37.2
30074143,4,back pain,3,104,133,88,17,97,36.1
30074144,2,fall,6,55,131,88,12,95,35.5
30074145,4,back pain,6,82,149,79,20,97,36.3
30074146,3,shortness of breath,5,73,112,93,16,95,36.6
30074147,3,anxiety,2,76,133,84,9,98,36.3
30074148,4,anxiety,2,95,92,83,19,100,36.9
30074149,3,headache,6,65,138,91,11,97,37.4
30074150,2,abdominal pain,6,90,154,81,24,98,37.2
30074151,3,chest pain,0,123,105,110,14,97,37.6
30074152,3,headache,3,96,119,84,20,99,37.8
30074153,3,fever,0,60,112,86,24,97,37.4
30074154,2,fall,10,85,141,114,14,99,38.1
30074155,1,abdominal pain,8,79,137,106,17,95,36.2
30074156,3,back pain,2,84,112,81,15,100,36.1
30074157,3,abdominal pain,3,67,123,59,15,99,37.2
30074158,2,fall,9,75,130,80,16,97,37.5
30074159,2,laceration,6,79,116,83,11,97,36.8
30074160,2,chest pain,7,99,104,98,15,97,36.3
30074161,2,knee pain,8,81,106,61,17,93,36.7
30074162,3,laceration,3,82,102,80,22,94,37.9
30074163,4,fever,3,74,139,66,23,100,39.3
30074164,4,anxiety,0,99,127,72,9,97,36.1
30074165,4,shortness of breath,1,72,105,62,14,99,36.9
30074166,3,anxiety,6,112,97,88,13,98,36.0
30074167,3,fall,3,78,131,85,17,96,36.8
30074168,4,laceration,2,89,130,88,17,100,37.6
30074169,3,shortness of breath,5,95,89,104,21,97,37.8
30074170,2,anxiety,10,81,162,93,21,99,36.0
30074171,2,fever,8,94,132,73,17,94,37.2
30074172,2,abdominal pain,8,84,121,69,21,100,36.4
30074173,3,laceration,4,90,94,103,10,95,36.2
30074174,2,knee pain,7,72,114,88,22,100,37.0
30074175,3,abdominal pain,5,75,132,46,14,95,37.4
30074176,3,anxiety,7,82,78,77,20,97,37.4
30074177,2,chest pain,10,47,104,109,20,94,35.6
30074178,3,chest pain,5,77,132,92,22,98,36.0
30074179,4,fall,4,68,127,88,20,98,37.0
30074180,3,chest pain,4,65,96,72,14,98,37.0
30074181,1,fever,7,79,144,80,21,96,38.3
30074182,4,knee pain,6,97,124,92,17,98,37.2
30074183,3,fall,7,77,101,76,15,90,36.2
30074184,3,headache,6,44,115,88,16,95,35.7
30074185,2,knee pain,6,108,122,96,15,98,37.7
30074186,4,headache,1,99,142,75,19,92,35.6
30074187,2,shortness of breath,10,62,76,69,11,100,37.7
30074188,3,shortness of breath,6,90,123,68,15,90,36.3
30074189,3,laceration,3,78,121,102,21,99,37.6
30074190,4,headache,5,79,149,76,14,95,40.3
30074191,3,fever,1,97,136,107,12,97,36.1
30074192,4,fever,4,70,122,87,27,100,37.6
30074193,4,laceration,2,85,116,76,21,99,36.7
30074194,5,chest pain,5,81,134,78,21,92,37.1
30074195,3,shortness of breath,4,73,121,92,17,99,36.2
30074196,2,knee pain,6,78,120,84,18,92,36.3
30074197,3,fall,7,89,105,78,10,100,36.2
30074198,2,headache,6,81,145,97,18,96,36.8
30074199,3,fall,1,106,129,66,16,95,37.2
30074200,1,laceration,7,72,96,47,24,97,36.7
30074201,3,back pain,0,63,140,76,14,95,38.1
30074202,3,chest pain,6,73,164,57,19,100,37.4
30074203,3,anxiety,6,66,131,87,18,100,36.7
30074204,3,shortness of breath,7,72,111,87,23,100,37.0
30074205,3,fever,6,87,97,107,15,91,38.9
30074206,3,fever,1,68,130,79,14,100,37.4
30074207,3,headache,5,109,124,81,17,88,35.4
30074208,2,fever,6,95,141,84,29,95,37.0
30074209,3,laceration,1,88,115,74,14,97,36.1
30074210,3,headache,0,73,100,82,18,96,37.0
30074211,4,shortness of breath,1,88,173,66,15,100,36.4
30074212,4,shortness of breath,3,80,136,75,18,97,37.0
30074213,4,fever,0,66,96,66,18,98,36.8
30074214,2,anxiety,9,115,96,70,17,100,36.6
30074215,4,abdominal pain,3,89,135,80,16,99,37.4
30074216,3,anxiety,1,71,74,89,22,93,36.9
30074217,2,knee pain,10,84,112,79,17,95,37.9
30074218,3,laceration,2,98,135,102,14,99,36.4
30074219,2,fall,8,101,127,112,23,100,37.6
30074220,2,anxiety,10,95,116,64,20,96,35.9
30074221,4,chest pain,1,60,142,53,17,96,37.6
30074222,4,chest pain,6,80,108,99,16,92,36.4
30074223,2,anxiety,10,88,125,89,17,99,36.4
30074224,4,laceration,1,72,128,93,12,95,35.6
30074225,3,knee pain,3,77,103,77,19,94,36.2
30074226,4,abdominal pain,0,72,125,85,19,95,37.7
30074227,3,knee pain,2,83,107,71,12,99,36.0
30074228,3,fever,0,81,108,108,28,98,35.2
30074229,3,chest pain,7,114,120,106,18,93,37.4
30074230,3,back pain,3,81,145,79,8,94,37.4
30074231,2,headache,8,94,109,94,14,100,36.2
30074232,4,anxiety,1,73,100,87,12,100,35.0
30074233,4,laceration,0,94,93,68,23,97,37.7
30074234,4,fever,1,84,68,82,18,100,37.3
30074235,3,fall,7,57,97,47,14,100,35.7
30074236,3,knee pain,6,81,138,70,21,98,37.0
30074237,1,anxiety,7,68,111,83,13,97,36.9
30074238,2,fever,9,45,128,98,17,89,37.7
30074239,4,anxiety,0,87,112,92,19,99,36.0
30074240,5,back pain,6,115,122,95,19,95,38.5
30074241,3,headache,6,85,93,73,20,94,38.1
30074242,4,knee pain,6,72,144,88,21,96,37.6
30074243,1,headache,9,62,140,96,26,94,36.8
30074244,3,laceration,4,83,104,86,12,98,37.3
30074245,3,fall,3,80,110,61,18,95,36.7
30074246,5,headache,6,86,133,91,16,98,37.4
30074247,3,anxiety,7,84,110,94,15,99,36.3
30074248,3,laceration,0,71,136,70,21,100,36.5
30074249,5,shortness of breath,4,98,119,61,19,97,36.9
30074250,3,shortness of breath,3,81,147,90,21,96,37.0
30074251,5,knee pain,2,122,136,47,27,93,36.6
30074252,5,laceration,5,65,114,106,19,97,37.5
30074253,3,fever,6,70,144,84,24,96,38.5
30074254,3,knee pain,1,97,138,77,26,97,37.1
30074255,5,knee pain,4,100,135,113,21,100,36.8
30074256,2,shortness of breath,9,85,113,81,16,97,36.0
30074257,3,abdominal pain,3,105,119,78,13,100,38.3
30074258,3,fall,7,61,106,75,13,94,36.9
30074259,1,fall,10,64,173,84,16,98,38.2
30074260,3,fever,3,104,143,111,5,100,38.4
30074261,4,abdominal pain,3,60,111,69,18,95,37.6
30074262,3,laceration,7,95,125,76,18,99,37.3
30074263,3,laceration,6,96,135,82,17,100,37.2
30074264,3,knee pain,1,81,102,61,21,96,37.2
30074265,3,fever,6,104,118,58,16,95,36.4
30074266,3,fever,4,84,146,78,21,96,37.1
30074267,3,fever,4,117,95,79,14,100,35.9
30074268,5,knee pain,4,86,128,85,20,100,36.8
30074269,3,headache,5,80,100,64,18,96,37.1
30074270,4,knee pain,5,127,113,77,20,93,36.2
30074271,3,knee pain,7,88,154,67,10,99,35.9
30074272,4,knee pain,1,86,118,95,17,98,37.0
30074273,3,knee pain,2,83,160,100,9,92,36.7
30074274,3,laceration,3,98,128,92,22,96,37.3
30074275,3,abdominal pain,4,62,98,83,21,95,36.6
30074276,2,laceration,6,110,152,90,18,98,36.2
30074277,3,fever,5,73,123,75,24,94,36.3
30074278,3,fall,2,71,127,70,18,96,36.8
30074279,4,shortness of breath,1,86,152,71,14,91,36.0
30074280,3,abdominal pain,5,77,126,53,21,100,37.5
30074281,3,anxiety,2,90,95,83,20,97,38.6
30074282,3,back pain,3,79,143,62,19,95,36.7
30074283,3,chest pain,3,65,133,77,15,89,36.8
30074284,4,fall,3,86,127,107,23,93,36.2
30074285,4,abdominal pain,4,94,140,112,21,94,36.5
30074286,3,shortness of breath,5,76,90,84,14,99,37.3
30074287,3,abdominal pain,0,105,137,65,16,100,36.1
30074288,3,fever,0,64,103,85,21,100,36.9
30074289,3,back pain,1,101,117,84,20,94,36.6
30074290,3,fall,7,120,141,72,14,97,37.5
30074291,4,anxiety,7,104,121,79,22,98,38.1
30074292,3,knee pain,1,60,131,99,22,92,36.4
30074293,3,knee pain,2,98,117,58,17,99,36.8
30074294,4,shortness of breath,1,93,139,73,20,95,38.3
30074295,2,fall,7,101,123,79,12,98,37.7
30074296,2,back pain,10,68,135,75,19,95,36.2
30074297,3,shortness of breath,1,101,104,89,15,100,35.7
30074298,3,anxiety,3,86,118,80,19,97,36.9
30074299,1,laceration,7,78,107,71,25,96,36.9
30074300,3,fall,7,93,134,84,21,99,36.9
30074301,5,anxiety,5,113,125,98,18,90,38.1
30074302,2,back pain,8,84,133,102,16,94,37.3
30074303,4,anxiety,0,89,121,99,23,97,37.0
30074304,3,knee pain,4,61,112,77,15,100,37.9
30074305,4,abdominal pain,3,93,142,82,14,98,37.9
30074306,3,laceration,3,100,121,103,16,99,35.9
30074307,3,chest pain,5,83,148,93,20,94,36.0
30074308,3,headache,2,89,124,98,23,97,37.7
30074309,2,knee pain,7,79,135,77,26,93,37.8
30074310,4,back pain,5,65,104,51,11,95,36.4
30074311,3,fall,3,94,123,98,12,92,37.5
30074312,3,anxiety,4,95,151,99,23,98,37.9
30074313,3,fever,7,83,119,69,17,97,35.7
30074314,2,headache,8,88,140,91,19,93,38.2
30074315,3,fever,3,89,85,107,22,100,37.5
30074316,3,back pain,5,81,85,55,17,98,36.4
30074317,3,back pain,0,81,123,65,13,99,37.6
30074318,4,anxiety,4,84,125,67,8,95,36.9
30074319,3,headache,3,78,130,92,14,98,36.3
30074320,3,fall,1,67,119,86,15,100,35.4
30074321,5,anxiety,0,102,122,71,16,97,37.4
30074322,3,knee pain,0,97,132,66,13,98,37.3
30074323,2,knee pain,6,77,98,92,16,100,36.2
30074324,3,knee pain,3,87,105,84,13,100,36.7
30074325,2,shortness of breath,10,109,99,62,21,95,37.2
30074326,3,knee pain,1,83,134,77,17,96,37.1
30074327,2,fever,9,97,122,75,19,95,35.9
30074328,3,headache,5,94,119,71,10,100,37.7
30074329,3,anxiety,6,99,109,75,17,100,37.2
30074330,3,knee pain,5,82,119,83,22,96,36.7
30074331,3,back pain,5,78,110,67,13,97,36.8
30074332,4,abdominal pain,7,75,104,78,27,97,36.8
30074333,3,knee pain,0,95,152,51,21,97,35.4
30074334,4,shortness of breath,5,50,154,76,21,96,36.3
30074335,3,shortness of breath,0,86,135,94,14,94,38.4
30074336,3,abdominal pain,0,70,124,94,14,97,36.8
30074337,4,laceration,7,102,166,62,11,100,37.0
30074338,4,fever,0,84,96,76,15,92,36.8
30074339,1,fall,6,93,123,88,25,95,36.6
30074340,5,anxiety,5,117,99,105,23,97,36.4
30074341,4,fever,1,94,136,62,27,100,37.1
30074342,3,anxiety,6,78,143,56,18,100,36.8
30074343,3,shortness of breath,5,84,107,100,17,100,35.9
30074344,3,abdominal pain,0,66,89,96,16,96,38.1
30074345,3,fall,5,81,140,83,16,93,36.4
30074346,1,knee pain,6,86,131,63,13,97,36.0
30074347,3,back pain,5,79,121,63,16,98,36.3
30074348,3,knee pain,4,81,140,79,18,92,39.9
30074349,3,back pain,3,69,119,77,25,100,38.6
30074350,3,laceration,0,101,117,83,21,97,36.7
30074351,3,headache,2,95,110,69,20,100,37.9
30074352,4,anxiety,2,86,127,88,19,100,39.5
30074353,3,fever,3,72,127,90,19,98,38.1
30074354,3,chest pain,2,91,76,68,12,98,36.8
30074355,2,headache,7,74,120,87,15,100,36.0
30074356,4,fever,6,93,123,81,18,99,34.8
30074357,2,chest pain,6,63,169,79,25,100,36.3
30074358,2,anxiety,6,93,135,121,16,98,36.9
30074359,3,fall,5,79,133,103,10,98,36.8
30074360,3,fall,2,90,129,86,20,96,35.6
30074361,2,abdominal pain,7,77,122,94,24,98,34.8
30074362,3,knee pain,2,72,140,53,19,97,37.6
30074363,5,shortness of breath,4,78,113,61,19,97,37.7
30074364,3,headache,3,109,121,37,14,100,36.6
30074365,2,chest pain,6,92,140,87,20,96,36.4
30074366,3,fever,2,80,109,76,22,100,35.8
30074367,2,knee pain,9,63,135,71,23,93,36.3
30074368,4,chest pain,4,99,133,66,15,99,38.2
30074369,3,back pain,0,78,153,84,17,98,37.1
30074370,4,fever,1,78,105,80,22,97,36.1
30074371,4,shortness of breath,5,76,106,75,19,97,36.9
30074372,3,fall,5,103,124,69,24,99,37.7
30074373,1,laceration,7,85,126,82,13,97,37.5
30074374,4,chest pain,4,74,117,83,21,94,37.2
30074375,3,shortness of breath,4,88,131,67,20,99,37.3
30074376,3,anxiety,5,95,139,82,12,93,37.2
30074377,3,abdominal pain,2,55,103,110,20,99,36.9
30074378,3,abdominal pain,6,93,118,76,18,98,37.0
30074379,5,fever,7,65,129,83,21,98,37.8
30074380,3,anxiety,2,81,108,88,20,90,36.5
30074381,2,laceration,8,97,122,81,15,100,37.8
30074382,3,fall,2,76,147,90,14,95,35.9
30074383,2,laceration,10,51,131,82,23,93,37.1
30074384,1,knee pain,9,89,148,63,20,100,37.2
30074385,4,fever,0,85,101,82,15,96,37.4
30074386,2,back pain,9,81,95,60,15,97,37.1
30074387,3,anxiety,7,35,112,85,17,100,36.8
30074388,3,knee pain,0,90,109,70,17,90,37.1
30074389,5,anxiety,1,89,79,78,15,100,37.4
30074390,4,chest pain,0,89,133,78,20,99,37.8
30074391,3,abdominal pain,1,79,139,95,21,96,38.0
30074392,4,headache,4,65,129,88,25,94,37.9
30074393,3,shortness of breath,1,90,104,64,16,96,37.4
30074394,4,back pain,4,102,149,81,14,100,36.7
30074395,3,headache,2,84,151,62,18,97,36.9
30074396,2,shortness of breath,6,69,89,71,17,100,36.6
30074397,5,fever,0,64,127,91,18,100,37.0
30074398,3,abdominal pain,6,123,171,99,13,95,35.3
30074399,2,fall,8,84,126,87,22,100,36.4
30074400,2,abdominal pain,7,108,127,60,19,96,34.8
30074401,2,shortness of breath,6,64,118,78,14,95,35.8
30074402,4,chest pain,5,87,138,64,22,97,37.8
30074403,3,abdominal pain,0,97,131,86,24,93,36.7
30074404,2,laceration,6,101,109,96,20,97,37.8
30074405,3,abdominal pain,0,60,142,79,18,98,35.8
30074406,1,chest pain,9,99,126,57,19,98,37.4
30074407,4,abdominal pain,2,55,103,86,21,95,36.7
30074408,5,headache,3,76,119,71,20,98,35.4
30074409,3,anxiety,7,64,87,73,26,100,36.9
30074410,1,laceration,6,83,148,86,14,94,38.1
30074411,3,knee pain,6,123,118,95,19,93,38.5
30074412,1,abdominal pain,9,76,131,79,18,98,36.5
30074413,3,back pain,6,90,140,76,18,100,37.1
30074414,3,chest pain,4,101,154,110,21,94,36.7
30074415,3,shortness of breath,6,54,126,66,18,93,36.7
30074416,3,anxiety,3,83,111,84,22,97,36.1
30074417,2,chest pain,9,77,153,57,21,95,37.5
30074418,2,knee pain,9,96,160,80,20,94,34.7
30074419,4,abdominal pain,0,63,97,94,21,96,36.1
30074420,2,fever,9,98,139,81,25,94,35.5
30074421,3,laceration,4,98,126,94,18,100,36.5
30074422,3,knee pain,7,88,153,75,16,97,35.9
30074423,3,back pain,1,88,138,65,11,95,37.4
30074424,2,knee pain,6,61,132,79,18,92,37.8
30074425,2,fall,8,117,122,95,12,99,36.5
30074426,2,headache,9,119,76,78,21,99,36.5
30074427,3,knee pain,7,76,126,84,21,95,38.3
30074428,3,anxiety,2,118,114,70,18,100,36.8
30074429,2,shortness of breath,6,79,124,84,16,97,37.7
30074430,3,anxiety,6,93,110,61,16,100,36.8
30074431,4,laceration,7,93,135,88,17,96,37.6
30074432,3,fall,1,80,91,77,17,100,37.8
30074433,4,laceration,1,110,123,70,14,95,38.1
30074434,4,headache,1,76,122,66,26,94,36.8
30074435,3,headache,5,117,101,83,20,98,36.6
30074436,5,laceration,0,100,152,74,21,99,36.8
30074437,3,chest pain,4,85,117,78,16,100,39.1
30074438,3,headache,2,101,87,99,29,99,37.4
30074439,3,laceration,7,77,166,71,17,100,37.5
30074440,2,chest pain,7,77,122,67,17,98,37.9
30074441,5,fever,2,76,126,52,22,96,37.0
30074442,4,laceration,0,76,124,45,20,93,37.2
30074443,3,knee pain,6,60,139,72,21,96,36.4
30074444,3,fever,2,83,115,71,18,97,36.8
30074445,3,laceration,0,83,180,79,15,99,37.5
30074446,3,anxiety,0,117,108,50,15,93,36.0
30074447,3,headache,1,63,159,91,12,94,36.0
30074448,3,fall,2,56,127,86,10,92,37.4
30074449,3,chest pain,0,62,114,88,17,98,37.9
30074450,3,chest pain,5,93,157,81,20,99,37.4
30074451,3,anxiety,5,104,125,92,21,94,36.4
30074452,3,fever,1,88,126,98,20,98,36.3
30074453,3,fever,0,85,153,85,21,94,37.0
30074454,4,fall,6,75,123,66,21,100,36.8
30074455,4,abdominal pain,1,86,109,90,16,94,37.5
30074456,3,fever,3,99,91,67,18,93,37.9
30074457,3,fall,5,96,136,77,19,94,35.7
30074458,3,laceration,1,73,98,84,16,100,36.2
30074459,3,anxiety,2,85,79,72,25,99,36.3
30074460,4,anxiety,2,82,112,76,21,94,38.0
30074461,3,shortness of breath,5,114,122,93,15,92,36.2
30074462,3,knee pain,7,81,132,49,13,100,37.3
30074463,3,chest pain,7,67,125,51,22,100,37.8
30074464,4,knee pain,2,95,121,61,24,93,35.9
30074465,2,knee pain,9,73,102,104,24,100,36.2
30074466,3,anxiety,1,98,119,69,17,96,38.5
30074467,5,knee pain,1,83,159,80,19,96,37.4
30074468,3,knee pain,5,93,112,91,23,93,37.3
30074469,3,headache,7,89,92,122,20,95,37.4
30074470,2,shortness of breath,6,104,161,57,16,97,35.9
30074471,3,anxiety,2,89,132,84,16,100,35.4
30074472,1,shortness of breath,7,55,130,72,26,93,36.1
30074473,2,anxiety,10,80,113,67,19,100,37.1
30074474,4,abdominal pain,7,82,116,57,16,94,36.6
30074475,3,fall,6,92,107,78,25,93,36.8
30074476,3,chest pain,5,111,108,92,16,100,37.7
30074477,4,abdominal pain,0,83,151,87,14,97,38.1
30074478,4,laceration,7,93,133,95,26,99,35.7
30074479,3,anxiety,7,91,100,52,18,99,36.1
30074480,3,shortness of breath,0,88,117,74,24,97,37.5
30074481,2,fall,6,123,119,85,21,97,38.5
30074482,3,headache,0,102,109,84,28,94,36.2
30074483,3,laceration,3,112,127,92,17,97,36.2
30074484,3,chest pain,4,77,155,97,10,95,37.3
30074485,3,fall,6,80,122,74,22,98,37.5
30074486,2,knee pain,7,80,128,93,18,92,36.7
30074487,2,anxiety,6,56,110,92,19,99,37.7
30074488,4,shortness of breath,4,82,126,65,20,100,36.1
30074489,1,shortness of breath,9,64,97,78,15,95,37.3
30074490,2,abdominal pain,6,94,126,73,18,97,36.7
30074491,3,shortness of breath,3,79,136,86,20,94,36.7
30074492,3,anxiety,4,95,129,91,11,91,37.3
30074493,4,laceration,1,84,137,92,24,95,37.6
30074494,2,fever,7,63,150,98,24,99,38.7
30074495,3,chest pain,1,71,118,84,33,95,37.1
30074496,3,abdominal pain,2,85,108,64,15,97,37.9
30074497,3,shortness of breath,6,86,112,75,23,98,37.9
30074498,3,anxiety,0,87,140,62,15,100,37.4
30074499,4,headache,3,58,99,64,17,95,36.7
30074500,3,anxiety,0,83,119,95,17,96,37.1
30074501,3,fall,6,81,147,80,16,96,37.4
30074502,3,chest pain,2,78,138,69,21,95,35.8
30074503,3,fever,0,106,159,62,19,98,36.9
30074504,3,shortness of breath,1,90,149,73,17,96,37.9
30074505,3,laceration,0,74,155,90,25,100,37.0
30074506,2,shortness of breath,8,83,118,77,20,92,36.8
30074507,3,shortness of breath,6,68,127,102,19,100,36.3
30074508,5,fall,0,88,113,61,22,95,35.8
30074509,3,headache,5,102,122,85,17,98,36.8
30074510,4,back pain,5,107,137,65,11,100,37.7
30074511,4,knee pain,4,89,110,102,20,92,36.4
30074512,2,fever,10,99,134,88,20,93,36.5
30074513,1,chest pain,7,91,153,81,11,100,36.2
30074514,3,fall,2,69,125,58,13,98,36.3
30074515,4,shortness of breath,0,68,157,86,17,97,37.3
30074516,4,fall,0,81,139,104,15,98,38.7
30074517,4,headache,5,92,131,79,14,96,37.7
30074518,2,headache,9,74,112,104,17,100,36.9
30074519,3,anxiety,6,95,116,112,27,93,37.3
30074520,3,back pain,6,87,128,71,18,92,36.8
30074521,3,shortness of breath,2,92,128,94,25,94,34.9
30074522,5,back pain,2,106,135,90,21,96,37.7
30074523,3,abdominal pain,5,97,134,78,21,97,36.5
30074524,3,headache,5,94,152,85,23,100,37.6
30074525,3,knee pain,0,82,125,88,20,98,37.7
30074526,3,fall,5,54,119,62,15,96,37.0
30074527,2,headache,7,80,110,40,18,95,37.1
30074528,3,chest pain,2,83,121,85,21,98,37.2
30074529,2,headache,8,77,83,59,20,98,36.3
30074530,4,anxiety,1,113,113,117,18,95,38.3
30074531,3,back pain,3,63,152,57,23,99,36.4
30074532,3,headache,5,80,116,68,30,95,37.2
30074533,3,headache,2,86,114,81,21,99,36.8
30074534,3,knee pain,6,88,136,56,15,94,35.6
30074535,2,abdominal pain,7,83,94,94,16,100,36.7
30074536,3,knee pain,3,64,114,74,21,95,35.9
30074537,2,abdominal pain,9,83,139,100,12,100,38.2
30074538,3,knee pain,3,71,118,105,17,100,35.6
30074539,3,abdominal pain,2,111,120,68,19,100,37.9
30074540,4,knee pain,0,101,122,86,23,95,36.8
30074541,3,fall,6,77,142,79,21,98,36.6
30074542,2,abdominal pain,6,121,108,52,18,97,37.3
30074543,4,chest pain,5,76,120,65,23,98,36.6
30074544,4,abdominal pain,2,109,87,59,23,95,36.4
30074545,3,shortness of breath,1,89,144,78,11,93,37.3
30074546,2,headache,7,73,127,85,21,98,37.5
30074547,1,shortness of breath,7,87,127,39,16,98,37.9
30074548,5,fever,2,86,123,97,7,100,37.2
30074549,3,shortness of breath,3,80,85,82,10,92,38.1
30074550,4,fever,5,108,150,85,19,97,38.3
30074551,2,abdominal pain,8,130,121,56,13,93,35.9
30074552,4,fall,1,87,144,90,12,97,37.9
30074553,4,back pain,1,101,112,91,15,100,36.5
30074554,3,fever,1,77,137,80,19,96,37.2
30074555,3,knee pain,4,96,91,84,15,96,37.0
30074556,3,shortness of breath,4,105,126,70,22,92,36.5
30074557,4,knee pain,3,93,154,82,21,96,36.7
30074558,3,laceration,6,68,133,62,15,97,36.1
30074559,3,knee pain,7,79,129,73,26,95,37.9
30074560,4,anxiety,7,102,134,74,20,95,38.3
30074561,3,abdominal pain,4,106,128,44,15,96,37.0
30074562,3,fall,7,86,149,82,24,97,37.9
30074563,2,knee pain,8,89,125,103,16,99,38.0
30074564,4,fall,7,80,141,82,18,100,37.5
30074565,4,fall,7,49,149,67,17,99,35.4
30074566,3,fever,1,74,130,68,12,94,36.8
30074567,3,shortness of breath,6,57,141,104,19,92,35.7
30074568,3,abdominal pain,2,76,105,45,16,96,36.8
30074569,3,headache,2,104,160,110,19,100,36.5
30074570,3,abdominal pain,3,110,138,88,20,94,36.8
30074571,2,back pain,7,109,109,86,23,96,35.8
30074572,2,headache,10,65,131,88,19,97,36.9
30074573,4,back pain,3,105,114,66,21,97,36.1
30074574,3,chest pain,2,84,122,91,14,100,36.3
30074575,1,knee pain,7,112,144,70,26,100,35.2
30074576,1,headache,6,79,123,73,14,93,36.5
30074577,3,chest pain,5,85,117,44,17,96,37.3
30074578,2,laceration,9,103,124,81,17,96,37.9
30074579,3,headache,5,63,142,86,19,100,36.3
30074580,4,abdominal pain,2,66,109,69,20,96,37.9
30074581,3,anxiety,3,91,169,90,22,97,36.3
30074582,3,fall,5,65,125,94,23,100,36.5
30074583,3,back pain,1,79,180,77,25,100,36.8
30074584,3,fever,5,93,132,109,19,100,39.4
30074585,3,knee pain,0,86,93,102,19,96,38.7
30074586,3,laceration,1,48,115,78,18,94,35.9
30074587,4,anxiety,0,71,144,99,23,93,36.5
30074588,3,fever,1,105,108,66,14,97,38.1
30074589,4,fever,5,88,160,73,13,97,37.6
30074590,2,knee pain,6,107,116,84,16,99,38.4
30074591,2,back pain,8,73,77,89,25,97,36.2
30074592,3,knee pain,0,82,119,50,16,100,37.6
30074593,2,fall,10,87,105,69,19,100,37.8
30074594,4,headache,2,102,132,79,16,97,37.4
30074595,3,knee pain,2,60,118,87,20,96,37.4
30074596,2,laceration,10,93,147,91,19,100,36.6
30074597,3,headache,3,80,119,80,21,98,38.1
30074598,3,laceration,6,72,118,54,12,95,38.3
30074599,1,fall,7,81,155,90,25,90,36.5
30074600,4,shortness of breath,0,76,96,90,18,97,36.1
30074601,3,fall,4,90,70,87,15,98,37.7
30074602,2,abdominal pain,6,91,120,86,19,95,36.2
30074603,2,laceration,9,97,124,59,12,95,37.3
30074604,3,anxiety,1,84,142,48,25,95,37.1
30074605,3,abdominal pain,4,93,169,75,16,98,36.1
30074606,5,laceration,5,90,119,82,19,94,36.7
30074607,3,anxiety,7,91,147,94,19,96,37.1
30074608,3,knee pain,2,98,122,53,25,98,37.2
30074609,2,headache,8,72,129,89,20,95,37.9
30074610,3,anxiety,1,76,85,86,18,99,37.1
30074611,3,back pain,1,102,118,68,18,96,37.1
30074612,1,back pain,6,99,98,81,17,96,37.1
30074613,4,anxiety,0,79,154,63,24,96,37.7
30074614,1,shortness of breath,10,69,100,80,12,96,36.7
30074615,4,laceration,6,88,109,100,20,98,36.7
30074616,2,fever,8,72,102,108,22,97,37.7
30074617,2,fall,8,100,118,80,16,99,38.0
30074618,2,headache,7,89,95,103,20,100,37.4
30074619,1,abdominal pain,9,91,129,77,21,99,37.0
30074620,1,fall,9,75,135,78,18,94,37.0
30074621,3,fall,6,107,128,68,18,91,37.0
30074622,4,abdominal pain,5,99,146,77,13,99,36.6
30074623,3,abdominal pain,3,57,138,107,9,94,35.9
30074624,2,knee pain,6,93,106,82,16,93,36.6
30074625,3,fall,3,69,134,80,17,97,36.8
30074626,3,fever,7,84,99,94,11,96,37.9
30074627,3,knee pain,3,64,124,110,20,92,35.4
30074628,3,shortness of breath,4,110,104,83,14,94,38.6
30074629,3,knee pain,2,92,110,68,20,99,39.6
30074630,3,fever,2,55,107,90,17,100,35.0
30074631,1,fall,7,59,141,96,15,100,37.3
30074632,2,knee pain,10,76,129,82,15,100,39.3
30074633,5,anxiety,4,73,95,77,18,98,37.6
30074634,3,abdominal pain,5,105,126,91,19,94,36.3
30074635,5,abdominal pain,2,84,116,93,18,96,36.9
30074636,4,chest pain,5,63,139,91,19,96,37.4
30074637,3,shortness of breath,6,99,96,58,19,100,35.7
30074638,3,headache,4,99,154,86,14,92,37.2
30074639,2,knee pain,7,101,125,81,20,94,38.2
30074640,3,shortness of breath,7,90,122,101,16,94,35.6
30074641,5,back pain,2,90,130,80,18,100,37.5
30074642,1,knee pain,9,91,144,74,24,99,37.4
30074643,1,laceration,6,89,122,78,17,98,37.6
30074644,3,chest pain,2,90,114,87,20,97,36.0
30074645,4,laceration,6,93,90,83,11,89,35.8
30074646,2,anxiety,7,84,97,94,22,98,36.6
30074647,2,knee pain,10,62,148,79,21,96,37.8
30074648,2,fall,6,61,130,87,17,100,38.0
30074649,3,abdominal pain,0,89,165,95,14,94,38.4
30074650,4,back pain,1,110,167,96,20,95,36.3
30074651,2,back pain,6,98,130,88,21,98,37.8
30074652,3,abdominal pain,1,48,142,67,19,96,38.0
30074653,4,fever,3,94,112,66,23,100,36.8
30074654,2,laceration,8,106,87,105,26,99,36.6
30074655,3,fall,0,104,158,53,23,96,36.7
30074656,3,fever,2,101,131,72,16,98,37.6
30074657,4,laceration,0,106,134,88,17,100,37.1
30074658,2,anxiety,9,108,172,86,14,94,35.6
30074659,1,anxiety,10,103,124,93,20,99,36.9
30074660,2,back pain,9,70,77,70,15,95,37.0
30074661,3,shortness of breath,3,91,119,54,20,95,37.4
30074662,3,fall,7,77,86,91,13,96,37.1
30074663,2,back pain,10,77,129,83,15,100,37.2
30074664,3,fever,2,92,142,79,22,93,38.0
30074665,4,knee pain,2,70,130,89,20,95,38.4
30074666,2,anxiety,7,83,123,108,20,100,37.6
30074667,2,headache,6,60,89,93,18,95,35.9
30074668,5,shortness of breath,2,83,116,84,17,96,38.4
30074669,3,fall,2,79,140,78,19,98,36.8
30074670,3,knee pain,1,79,147,75,22,94,35.8
30074671,2,laceration,8,64,151,90,17,94,36.8
30074672,3,anxiety,4,81,132,104,18,99,37.0
30074673,3,knee pain,5,102,149,89,13,94,35.9
30074674,1,fall,10,89,101,79,17,100,38.4
30074675,4,anxiety,6,111,118,79,19,94,37.3
30074676,2,fall,8,95,144,98,19,95,37.2
30074677,3,back pain,1,79,165,116,16,94,35.8
30074678,3,shortness of breath,5,91,129,76,18,94,37.9
30074679,2,chest pain,9,92,139,75,21,100,37.1
30074680,3,knee pain,5,95,151,87,23,100,37.4
30074681,2,knee pain,6,83,117,108,20,98,37.2
30074682,3,laceration,3,74,106,90,23,98,36.8
30074683,3,headache,2,78,148,67,25,98,36.3
30074684,2,headache,9,65,121,92,21,95,37.7
30074685,2,knee pain,10,82,85,81,20,93,37.0
30074686,5,back pain,0,55,110,77,21,99,37.5
30074687,2,fever,6,86,118,102,13,97,37.4
30074688,3,knee pain,3,91,112,79,16,100,37.2
30074689,2,laceration,6,80,139,61,17,97,37.5
30074690,2,headache,6,72,127,43,25,98,36.9
30074691,4,chest pain,4,68,115,54,17,100,36.4
30074692,5,fever,7,85,112,83,22,94,36.9
30074693,3,abdominal pain,3,73,112,98,22,99,36.8
30074694,4,anxiety,3,100,128,86,25,98,36.6
30074695,3,knee pain,0,75,116,94,15,100,36.7
30074696,4,anxiety,3,68,109,74,12,94,36.7
30074697,2,laceration,7,67,129,105,18,99,37.5
30074698,2,headache,10,91,115,84,24,97,37.8
30074699,3,back pain,2,84,131,60,20,100,35.8
30074700,4,laceration,1,106,107,87,19,91,37.8
30074701,3,headache,3,98,118,44,18,95,36.7
30074702,3,shortness of breath,7,78,117,73,19,97,36.5
30074703,2,headache,10,55,126,76,15,92,36.6
30074704,3,knee pain,6,72,111,93,17,92,38.6
30074705,2,back pain,9,127,120,86,15,96,37.9
30074706,3,fever,6,112,127,97,18,97,37.3
30074707,2,knee pain,7,114,113,64,21,97,38.6
30074708,3,fever,3,89,115,70,20,95,36.5
30074709,4,headache,1,81,127,108,20,97,37.5
30074710,3,shortness of breath,7,108,130,71,18,98,37.1
30074711,3,back pain,2,84,125,67,18,98,36.8
30074712,1,back pain,7,99,144,63,23,95,36.4
30074713,3,laceration,7,86,123,92,21,100,36.8
30074714,4,fall,6,88,145,56,20,100,36.5
30074715,3,anxiety,7,103,130,80,25,98,36.5
30074716,4,laceration,6,97,141,73,21,97,37.0
30074717,3,laceration,5,106,131,96,27,98,35.8
30074718,1,abdominal pain,8,77,130,66,18,93,37.0
30074719,2,anxiety,6,81,109,86,10,96,37.3
30074720,1,back pain,8,84,153,76,9,97,36.8
30074721,2,back pain,6,80,119,98,25,97,37.0
30074722,3,fall,4,87,166,91,18,100,35.8
30074723,3,laceration,7,82,109,89,21,97,35.8
30074724,3,anxiety,4,101,131,95,13,98,37.0
30074725,3,headache,3,96,128,74,18,91,37.3
30074726,3,laceration,5,70,106,96,17,95,37.6
30074727,3,laceration,7,98,100,81,17,96,35.8
30074728,2,headache,9,80,144,86,13,100,37.1
30074729,5,anxiety,7,90,146,75,12,97,37.3
30074730,3,shortness of breath,3,75,122,97,24,93,35.4
30074731,4,fever,0,109,108,71,15,95,37.7
30074732,2,shortness of breath,10,77,99,78,19,93,36.7
30074733,4,fall,0,94,98,89,18,98,37.7
30074734,2,shortness of breath,10,68,141,78,24,96,38.2
30074735,3,fall,5,76,125,93,18,100,37.3
30074736,3,abdominal pain,6,114,109,75,9,96,38.1
30074737,3,chest pain,5,58,109,86,24,96,35.8
30074738,3,fall,4,64,151,78,17,100,35.9
30074739,3,back pain,5,130,125,64,13,96,36.6
30074740,2,headache,7,88,150,107,13,97,35.8
30074741,3,abdominal pain,1,105,138,77,18,91,36.0
30074742,2,laceration,8,94,101,49,21,97,38.7
30074743,3,anxiety,0,86,152,92,16,95,37.1
30074744,4,shortness of breath,1,86,139,75,22,98,37.7
30074745,3,abdominal pain,0,85,124,54,12,100,37.1
30074746,2,back pain,9,68,136,78,21,97,37.6
30074747,3,knee pain,4,87,132,73,21,97,36.1
30074748,3,laceration,5,70,118,80,11,91,37.4
30074749,2,abdominal pain,10,79,105,91,16,100,36.7
30074750,3,anxiety,4,48,147,86,20,97,38.0
30074751,4,fall,2,86,133,60,22,100,36.3
30074752,2,headache,7,80,125,101,19,97,38.2
30074753,2,fall,7,89,117,68,19,100,36.7
30074754,3,laceration,2,63,158,61,15,96,36.6
30074755,3,back pain,1,104,147,95,17,96,37.6
30074756,3,fall,4,100,138,47,21,100,36.9
30074757,3,knee pain,2,74,132,96,18,100,37.6
30074758,3,shortness of breath,7,77,132,91,18,100,37.6
30074759,3,headache,7,67,105,78,21,98,36.3
30074760,3,anxiety,7,95,93,88,25,96,36.3
30074761,3,fall,5,104,123,91,19,94,37.2
30074762,5,headache,1,83,136,81,20,100,37.9
30074763,2,back pain,10,60,151,95,18,99,35.6
30074764,3,knee pain,3,66,99,87,10,93,37.4
30074765,3,back pain,1,75,152,93,18,96,36.6
30074766,3,chest pain,2,88,90,83,22,100,36.8
30074767,3,laceration,5,83,125,59,19,96,36.2
30074768,2,laceration,10,91,121,61,23,93,37.0
30074769,3,back pain,4,69,117,106,14,98,36.0
30074770,3,headache,6,106,131,106,18,93,36.7
30074771,1,laceration,7,65,130,82,18,100,37.7
30074772,3,fever,2,120,113,78,13,98,37.4
30074773,3,fall,4,114,113,41,21,92,37.8
30074774,3,fall,1,82,141,74,14,95,37.3
30074775,3,chest pain,6,113,153,118,18,95,37.4
30074776,3,shortness of breath,3,78,137,85,15,97,37.1
30074777,5,anxiety,5,83,144,77,24,96,36.6
30074778,4,chest pain,2,71,145,89,14,100,35.8
30074779,1,abdominal pain,7,91,147,47,18,98,36.2
30074780,3,back pain,0,88,113,52,17,95,36.4
30074781,3,shortness of breath,7,70,78,91,15,97,36.0
30074782,4,laceration,7,64,115,55,11,100,37.4
30074783,4,abdominal pain,4,112,122,91,21,98,36.3
30074784,3,fever,4,68,124,77,17,97,36.2
30074785,3,fall,1,77,98,65,18,96,35.9
30074786,3,shortness of breath,7,112,162,67,20,100,37.3
30074787,2,knee pain,10,56,115,79,20,94,36.5
30074788,2,shortness of breath,8,76,116,95,11,88,37.8
30074789,4,abdominal pain,7,73,140,66,17,96,38.2
30074790,4,fever,3,86,84,65,20,93,38.6
30074791,3,back pain,5,113,111,67,22,93,37.6
30074792,3,abdominal pain,7,95,123,87,21,99,38.5
30074793,3,knee pain,0,95,116,80,19,97,36.6
30074794,1,knee pain,9,73,133,100,13,100,35.5
30074795,3,laceration,5,66,159,118,15,100,38.1
30074796,4,knee pain,3,98,87,95,18,96,36.0
30074797,3,knee pain,5,108,146,82,17,93,37.4
30074798,3,chest pain,3,87,119,80,14,99,37.1
30074799,1,fall,6,82,133,93,19,92,37.6
30074800,3,chest pain,5,61,114,86,20,100,37.7
30074801,3,headache,4,74,147,60,23,98,38.1
30074802,3,laceration,6,73,104,78,19,100,36.8
30074803,4,anxiety,4,57,97,71,15,98,36.6
30074804,5,back pain,0,80,105,88,17,95,36.3
30074805,3,knee pain,6,75,114,103,16,100,36.8
30074806,1,shortness of breath,10,78,144,64,21,100,36.4
30074807,3,knee pain,1,61,118,79,18,98,36.8
30074808,3,fall,6,106,115,73,16,94,38.3
30074809,3,anxiety,5,92,114,80,21,99,36.8
30074810,2,shortness of breath,8,85,140,91,19,96,37.6
30074811,3,abdominal pain,4,70,90,66,16,98,37.1
30074812,4,anxiety,1,69,134,61,20,100,37.1
30074813,4,fall,7,88,118,66,16,94,36.9
30074814,1,fever,8,80,133,58,19,99,37.9
30074815,3,shortness of breath,2,55,137,71,21,96,37.1
30074816,3,back pain,7,69,105,41,21,93,37.9
30074817,2,back pain,10,90,74,99,21,97,38.8
30074818,3,fall,4,88,166,62,18,96,35.8
30074819,2,anxiety,9,88,97,57,19,98,36.4
30074820,3,headache,0,50,112,104,22,97,36.8
30074821,4,abdominal pain,1,92,120,71,25,98,37.3
30074822,2,laceration,7,88,148,81,20,94,38.2
30074823,3,anxiety,4,76,127,87,17,98,35.9
30074824,3,abdominal pain,5,96,140,84,17,94,37.2
30074825,3,abdominal pain,4,94,125,91,17,97,37.0
30074826,4,chest pain,2,73,136,64,18,100,37.5
30074827,3,anxiety,2,90,135,69,25,95,37.2
30074828,2,laceration,6,99,109,82,19,96,37.3
30074829,4,knee pain,2,104,125,99,22,96,36.6
30074830,3,abdominal pain,6,89,128,76,18,96,38.2
30074831,3,knee pain,2,73,114,67,24,95,36.8
30074832,3,abdominal pain,1,84,130,105,19,100,38.0
30074833,3,back pain,7,82,119,83,19,100,36.9
30074834,3,back pain,1,88,106,114,20,97,36.8
30074835,3,back pain,2,101,141,60,17,97,37.7
30074836,3,headache,3,93,90,60,14,94,37.6
30074837,3,headache,1,82,129,67,23,100,38.2
30074838,3,fever,7,80,116,82,16,95,38.4
30074839,1,headache,10,75,128,84,27,96,37.0
30074840,4,knee pain,5,109,121,103,20,100,37.6
30074841,2,fever,7,89,132,72,16,100,37.4
30074842,3,chest pain,5,91,116,73,17,100,36.9
30074843,2,fall,6,88,158,98,16,94,36.8
30074844,3,back pain,3,101,81,56,17,98,37.1
30074845,3,knee pain,0,75,122,82,22,96,37.2
30074846,3,shortness of breath,2,89,122,81,11,93,36.9
30074847,2,laceration,6,77,107,65,14,94,37.4
30074848,3,knee pain,6,81,140,76,19,96,36.4
30074849,4,headache,6,59,106,105,18,95,37.6
30074850,4,headache,7,101,114,87,12,96,38.9
30074851,4,abdominal pain,1,72,145,80,17,95,36.7
30074852,4,knee pain,7,83,119,93,23,99,37.6
30074853,3,fall,0,67,116,93,19,95,36.8
30074854,3,back pain,7,117,118,80,17,92,37.6
30074855,4,knee pain,5,89,114,86,20,95,36.4
30074856,5,abdominal pain,6,100,106,69,22,94,37.1
30074857,3,back pain,1,88,108,68,12,97,36.6
30074858,4,shortness of breath,1,73,129,93,21,100,37.5
30074859,2,fever,10,69,131,61,20,98,36.1
30074860,3,back pain,3,86,94,58,10,93,37.0
30074861,4,laceration,1,73,139,93,13,100,36.3
30074862,4,fever,4,98,132,108,17,96,37.0
30074863,2,abdominal pain,9,72,106,82,13,94,36.9
30074864,4,headache,7,83,120,67,13,93,36.5
30074865,2,abdominal pain,9,81,109,60,18,95,36.9
30074866,3,abdominal pain,0,83,121,66,12,98,37.1
30074867,3,fall,0,82,130,94,19,93,37.4
30074868,3,abdominal pain,4,26,150,86,17,96,38.3
30074869,3,shortness of breath,6,121,104,75,24,97,38.8
30074870,5,knee pain,1,72,119,104,20,100,35.9
30074871,2,fever,10,105,128,98,19,100,38.0
30074872,3,abdominal pain,6,107,125,74,18,99,36.1
30074873,3,fall,2,97,169,48,14,93,37.2
30074874,4,chest pain,1,96,109,65,15,99,36.6
30074875,2,abdominal pain,6,74,152,106,23,97,36.7
30074876,3,laceration,5,100,103,95,13,95,37.2
30074877,2,laceration,9,86,103,83,15,100,38.3
30074878,3,abdominal pain,6,79,130,75,15,100,37.0
30074879,3,back pain,7,113,103,79,21,100,36.1
30074880,4,fall,7,94,127,72,18,94,37.3
30074881,4,laceration,4,81,140,91,12,96,37.7
30074882,4,fever,3,102,103,79,14,96,37.8
30074883,5,back pain,4,79,142,70,15,99,38.0
30074884,3,laceration,7,105,119,85,23,95,36.2
30074885,4,fall,6,53,134,75,19,99,37.8
30074886,3,fall,4,85,126,94,25,94,35.5
30074887,3,laceration,5,119,138,73,18,97,35.7
30074888,3,fever,5,96,138,90,17,96,37.4
30074889,3,shortness of breath,0,98,112,66,18,97,39.1
30074890,2,back pain,8,95,145,103,22,92,36.6
30074891,3,back pain,3,75,110,61,18,97,37.0
30074892,3,knee pain,6,123,109,71,15,99,35.7
30074893,2,laceration,9,75,154,99,18,98,37.2
30074894,3,back pain,3,94,126,60,19,97,36.8
30074895,3,knee pain,5,83,91,84,19,100,37.6
30074896,3,fever,6,103,121,90,19,99,36.5
30074897,4,fever,2,83,146,82,11,98,37.2
30074898,3,laceration,4,86,151,68,17,100,36.3
30074899,2,headache,10,103,142,49,14,93,38.3
30074900,3,knee pain,0,97,107,62,23,96,38.4
30074901,3,headache,4,81,138,95,14,95,36.4
30074902,3,back pain,5,74,104,74,22,100,35.9
30074903,3,abdominal pain,7,99,101,65,19,100,37.4
30074904,2,abdominal pain,9,102,129,82,25,94,36.7
30074905,3,abdominal pain,1,79,128,74,23,100,35.9
30074906,3,headache,3,82,156,84,15,94,36.4
30074907,5,fall,5,60,111,107,25,98,34.1
30074908,3,knee pain,7,57,125,66,14,96,38.0
30074909,3,chest pain,2,65,82,91,19,99,37.1
30074910,2,headache,10,80,137,80,19,98,37.5
30074911,2,abdominal pain,6,96,113,94,27,97,36.2
30074912,3,knee pain,6,82,131,100,19,100,37.9
30074913,3,headache,5,104,146,63,23,98,37.5
30074914,3,headache,4,83,129,85,20,96,36.1
30074915,4,fall,5,76,114,85,15,93,37.4
30074916,3,back pain,2,105,118,71,18,94,38.2
30074917,4,anxiety,6,69,157,84,11,100,36.8
30074918,3,back pain,3,108,126,53,12,96,37.1
30074919,3,fall,1,84,136,69,22,98,36.2
30074920,2,shortness of breath,8,76,121,72,22,94,37.5
30074921,3,headache,4,82,110,79,16,100,37.6
30074922,2,back pain,7,86,147,93,22,89,35.5
30074923,3,shortness of breath,6,95,126,81,15,98,36.4
30074924,3,abdominal pain,2,97,137,92,26,100,37.1
30074925,3,laceration,0,77,110,81,14,100,36.2
30074926,4,anxiety,6,122,133,68,12,100,38.7
30074927,3,fall,4,84,122,64,13,94,35.2
30074928,4,headache,5,63,167,61,14,98,37.5
30074929,3,chest pain,2,75,130,101,7,98,36.6
30074930,3,fall,6,103,139,101,17,99,37.8
30074931,2,knee pain,8,62,107,83,8,100,35.8
30074932,3,laceration,0,91,116,80,19,96,36.5
30074933,3,chest pain,7,74,103,66,20,94,37.7
30074934,3,chest pain,0,97,101,60,22,100,36.0
30074935,3,shortness of breath,2,105,127,71,17,95,36.8
30074936,4,fall,2,89,143,78,22,92,37.2
30074937,3,knee pain,2,102,119,85,22,91,37.3
30074938,3,chest pain,1,67,177,99,15,98,37.6
30074939,3,knee pain,6,78,121,72,14,98,36.6
30074940,4,knee pain,5,70,132,107,20,95,37.9
30074941,1,fall,10,97,147,73,21,96,37.1
30074942,4,laceration,4,88,123,95,8,100,37.3
30074943,3,abdominal pain,4,72,119,64,23,96,36.8
30074944,3,anxiety,3,77,104,44,19,94,38.0
30074945,3,back pain,7,86,141,69,18,100,36.0
30074946,3,shortness of breath,5,79,118,94,18,98,36.3
30074947,4,chest pain,7,51,75,82,17,94,36.6
30074948,3,fall,3,89,137,77,17,93,37.2
30074949,3,laceration,0,55,98,85,9,97,36.9
30074950,2,abdominal pain,6,114,107,88,20,96,36.9
30074951,5,anxiety,6,62,114,79,19,98,39.1
30074952,3,fall,4,70,123,64,22,98,37.0
30074953,4,shortness of breath,5,82,132,66,18,98,36.7
30074954,3,laceration,6,91,119,85,20,97,36.2
30074955,3,knee pain,4,50,118,95,18,92,36.6
30074956,2,abdominal pain,10,68,119,58,12,95,38.4
30074957,4,laceration,4,80,73,87,18,96,37.4
30074958,2,chest pain,7,63,131,69,14,99,36.6
30074959,3,fever,1,100,122,85,19,95,38.5
30074960,4,laceration,5,85,107,80,17,95,36.2
30074961,1,laceration,8,99,117,103,20,98,36.6
30074962,3,laceration,4,108,138,97,21,93,37.9
30074963,4,fever,7,70,111,97,22,94,36.2
30074964,3,headache,5,67,124,98,16,98,38.2
30074965,2,fall,10,71,100,88,20,93,36.5
30074966,2,shortness of breath,9,108,112,61,15,94,38.1
30074967,4,headache,0,97,108,52,23,98,37.7
30074968,3,anxiety,1,80,148,104,28,100,38.4
30074969,3,abdominal pain,6,69,148,70,22,93,37.3
30074970,4,shortness of breath,5,75,111,92,29,100,37.5
30074971,3,fall,7,124,103,71,13,93,37.3
30074972,4,fall,2,62,99,85,18,99,36.6
30074973,3,fever,3,88,99,86,20,94,38.3
30074974,2,abdominal pain,7,103,118,68,19,98,38.3
30074975,3,abdominal pain,2,89,137,67,17,100,35.3
30074976,2,shortness of breath,10,96,84,71,16,93,36.2
30074977,3,headache,5,61,155,105,16,100,37.4
30074978,2,fall,8,101,117,76,21,90,35.6
30074979,3,shortness of breath,1,99,135,99,17,96,37.2
30074980,4,abdominal pain,2,66,132,93,22,97,36.9
30074981,4,shortness of breath,4,46,105,63,22,99,36.6
30074982,3,shortness of breath,3,120,92,84,18,96,36.1
30074983,3,chest pain,1,95,124,58,11,100,36.4
30074984,3,laceration,6,99,140,111,21,95,35.8
30074985,4,fall,4,68,183,59,17,100,35.7
30074986,3,shortness of breath,0,81,127,77,20,100,37.2
30074987,1,fever,6,93,142,86,19,95,36.6
30074988,3,chest pain,1,92,130,85,18,96,35.9
30074989,2,shortness of breath,7,83,100,63,16,97,36.1
30074990,3,back pain,2,97,143,97,23,99,37.9
30074991,1,fall,6,87,119,73,11,97,37.5
30074992,3,fall,3,74,150,111,13,100,37.4
30074993,1,anxiety,8,88,143,72,18,95,37.9
30074994,3,abdominal pain,7,100,124,111,12,96,36.0
30074995,3,headache,5,110,111,73,16,98,36.6
30074996,3,back pain,4,90,96,83,18,94,36.9
30074997,3,headache,1,93,127,74,18,97,36.4
30074998,1,abdominal pain,10,86,120,78,21,98,37.8
30074999,1,anxiety,10,86,122,62,15,97,37.4
30075000,3,abdominal pain,1,92,140,86,18,99,36.1
30075001,3,headache,3,91,108,70,21,100,37.0
30075002,3,fall,7,87,104,98,19,97,36.8
30075003,2,anxiety,7,52,148,95,23,96,37.0
30075004,3,headache,1,78,126,85,16,97,37.4
30075005,3,chest pain,3,99,134,70,16,99,36.1
30075006,3,chest pain,3,89,133,95,17,100,37.3
30075007,2,back pain,8,98,157,84,18,99,38.5
30075008,3,laceration,2,81,120,79,18,95,36.9
30075009,3,back pain,7,84,137,102,20,96,37.2
30075010,3,headache,7,64,104,52,16,100,37.3
30075011,1,abdominal pain,9,99,127,71,22,95,38.3
30075012,3,laceration,5,85,156,66,22,96,37.2
30075013,2,knee pain,8,61,140,78,20,99,37.3
30075014,4,back pain,4,81,127,77,18,97,36.4
30075015,3,knee pain,3,89,123,58,14,92,36.4
30075016,3,fever,2,93,112,97,19,99,37.8
30075017,3,shortness of breath,6,88,101,83,21,96,36.5
30075018,3,shortness of breath,1,72,132,82,18,98,36.7
30075019,3,chest pain,7,81,113,78,18,97,36.7
30075020,4,shortness of breath,1,77,136,99,14,92,35.2
30075021,3,knee pain,3,82,121,111,25,99,36.8
30075022,3,knee pain,6,122,154,89,20,98,37.7
30075023,3,anxiety,0,98,200,90,21,99,38.1
30075024,3,headache,1,78,90,82,23,100,37.3
30075025,4,abdominal pain,4,86,121,93,14,100,37.8
30075026,3,fever,1,75,119,81,24,98,36.7
30075027,3,laceration,7,70,92,88,13,96,37.4
30075028,2,knee pain,10,108,122,82,18,93,37.6
30075029,3,knee pain,6,90,163,90,14,94,36.5
30075030,3,fall,1,43,115,75,16,98,36.4
30075031,4,anxiety,0,91,109,93,21,94,36.0
30075032,3,laceration,7,93,73,94,21,95,37.4
30075033,1,back pain,8,111,137,101,20,96,37.9
30075034,4,back pain,5,82,113,54,23,96,36.6
30075035,3,laceration,7,98,105,85,22,100,38.4
30075036,1,anxiety,9,92,132,75,18,96,38.4
30075037,3,headache,3,67,111,78,23,100,37.6
30075038,4,knee pain,0,77,116,71,18,94,37.2
30075039,3,chest pain,3,104,124,96,16,97,35.6
30075040,2,fever,7,87,114,70,9,99,37.5
30075041,4,anxiety,1,92,142,74,18,97,35.3
30075042,2,back pain,8,105,92,83,21,99,36.5
30075043,3,knee pain,7,109,124,97,12,92,38.0
30075044,3,back pain,4,109,138,71,14,96,37.2
30075045,2,fall,7,84,133,70,16,95,35.7
30075046,3,fall,5,112,170,64,25,98,37.3
30075047,3,anxiety,7,95,151,65,21,94,37.9
30075048,3,back pain,4,89,148,53,21,97,37.4
30075049,3,laceration,4,101,113,103,20,95,37.1
30075050,1,shortness of breath,8,79,140,101,28,95,37.2
30075051,3,knee pain,4,68,117,77,23,97,37.8
30075052,2,fever,7,94,106,79,18,95,38.1
30075053,3,chest pain,1,55,82,63,22,94,36.7
30075054,3,headache,3,92,107,76,13,95,37.5
30075055,3,anxiety,3,81,141,71,8,100,35.7
30075056,3,abdominal pain,5,81,129,75,8,94,36.9
30075057,3,shortness of breath,3,97,136,71,21,100,37.9
30075058,3,fall,2,84,104,89,20,96,35.9
30075059,3,abdominal pain,6,70,115,78,16,92,36.5
30075060,3,knee pain,5,85,154,78,17,97,37.0
30075061,4,knee pain,4,69,129,97,16,95,35.4
30075062,2,laceration,9,86,130,51,14,92,37.4
30075063,3,back pain,5,104,157,104,19,100,36.2
30075064,3,fall,1,96,104,87,17,94,36.8
30075065,3,knee pain,4,105,131,69,14,93,37.6
30075066,3,chest pain,4,84,138,60,13,94,38.2
30075067,3,shortness of breath,6,99,141,58,14,97,36.8
30075068,3,abdominal pain,4,92,118,83,18,99,36.9
30075069,3,knee pain,7,77,104,63,24,98,36.9
30075070,4,laceration,3,84,122,82,14,91,36.7
30075071,4,back pain,6,79,107,104,19,100,37.3
30075072,3,headache,1,76,118,83,9,94,37.0
30075073,3,shortness of breath,1,84,162,67,17,100,36.3
30075074,2,fever,6,69,127,66,11,97,38.0
30075075,3,headache,4,99,118,95,20,92,36.6
30075076,3,laceration,0,69,138,79,14,94,36.7
30075077,3,laceration,4,81,108,88,19,99,38.0
30075078,3,chest pain,3,90,96,94,22,97,36.8
30075079,4,anxiety,0,110,127,96,21,100,37.1
30075080,2,fall,10,84,126,63,22,93,37.3
30075081,2,abdominal pain,7,90,151,54,22,98,36.8
30075082,4,headache,3,65,155,68,16,96,36.6
30075083,3,laceration,7,97,119,89,20,96,37.2
30075084,2,shortness of breath,6,104,110,80,23,96,38.7
30075085,4,fall,7,82,120,75,12,93,36.8
30075086,3,shortness of breath,5,103,118,74,21,97,36.8
30075087,3,abdominal pain,6,104,159,69,22,92,38.2
30075088,3,shortness of breath,0,78,141,76,13,100,37.0
30075089,2,abdominal pain,9,63,117,82,17,95,37.3
30075090,3,shortness of breath,5,85,155,65,22,100,38.3
30075091,3,back pain,7,75,102,95,16,96,38.8
30075092,4,anxiety,6,69,132,78,14,98,36.6
30075093,4,laceration,3,90,140,61,18,93,38.2
30075094,4,anxiety,1,80,120,106,14,100,36.8
30075095,1,abdominal pain,8,111,129,91,16,95,38.5
30075096,3,chest pain,7,100,140,77,15,100,38.0
30075097,4,abdominal pain,7,94,137,93,17,95,37.0
30075098,2,headache,9,101,122,69,16,96,36.3
30075099,3,anxiety,2,88,148,90,26,100,37.1
30075100,3,back pain,6,104,151,87,15,100,35.3
30075101,2,headache,6,98,111,63,15,94,37.5
30075102,3,fever,2,108,157,49,27,97,37.0
30075103,3,knee pain,2,82,146,54,17,94,36.9
30075104,2,knee pain,9,113,150,92,16,98,36.9
30075105,2,fever,8,59,160,60,28,99,35.7
30075106,4,chest pain,1,66,159,78,18,91,35.2
30075107,3,fever,1,63,169,73,18,92,36.1
30075108,1,chest pain,9,86,93,80,13,96,37.8
30075109,3,headache,2,65,138,78,11,93,36.3
30075110,3,headache,3,105,133,96,20,98,37.0
30075111,3,shortness of breath,6,86,134,93,15,96,36.8
30075112,3,abdominal pain,6,82,97,96,18,99,36.1
30075113,3,fall,2,83,119,73,22,100,37.9
30075114,3,back pain,1,66,136,92,25,98,37.8
30075115,3,back pain,3,117,128,75,20,97,37.3
30075116,3,headache,2,77,107,89,17,98,36.4
30075117,4,headache,6,103,115,92,22,95,38.7
30075118,2,fall,10,97,134,77,26,94,37.6
30075119,3,abdominal pain,6,83,90,106,21,93,38.0
30075120,1,laceration,8,83,104,92,10,98,36.0
30075121,4,chest pain,5,70,123,84,16,98,35.6
30075122,3,headache,3,85,131,85,17,98,37.7
30075123,2,shortness of breath,9,77,108,73,24,97,36.9
30075124,3,fever,6,83,150,74,22,97,37.2
30075125,3,laceration,0,116,114,68,20,97,36.6
30075126,3,headache,3,87,130,77,16,95,36.9
30075127,3,chest pain,2,70,102,75,20,98,38.9
30075128,3,fever,2,84,115,63,15,96,37.8
30075129,3,back pain,0,79,95,93,19,92,35.5
30075130,2,laceration,7,69,111,72,25,96,36.9
30075131,3,laceration,0,89,152,79,19,100,37.5
30075132,5,back pain,3,104,121,97,26,99,36.5
30075133,3,fever,3,91,93,55,19,98,37.0
30075134,4,fall,7,88,76,93,22,96,36.9
30075135,3,fall,3,105,112,88,28,94,36.6
30075136,2,laceration,10,83,151,64,23,100,38.2
30075137,4,headache,7,98,141,121,12,91,35.6
30075138,3,back pain,1,118,94,65,17,94,38.3
30075139,3,back pain,5,81,102,87,15,94,37.1
30075140,3,anxiety,0,89,119,60,27,100,37.2
30075141,3,anxiety,6,117,134,66,17,93,37.3
30075142,2,fall,10,104,129,97,18,99,38.1
30075143,3,abdominal pain,0,79,152,82,21,99,36.9
30075144,3,fever,5,82,125,68,15,100,38.1
30075145,2,shortness of breath,10,99,108,96,19,94,36.5
30075146,4,laceration,7,69,99,80,16,95,36.9
30075147,3,fever,4,110,136,114,19,99,36.2
30075148,4,anxiety,3,90,67,72,11,100,36.3
30075149,2,shortness of breath,7,84,132,72,15,95,37.7
30075150,2,chest pain,7,91,133,81,19,99,37.6
30075151,3,fever,1,78,116,64,21,99,37.7
30075152,3,fall,7,81,131,74,13,95,36.1
30075153,2,laceration,8,65,156,71,22,96,35.2
30075154,3,knee pain,6,85,146,72,23,98,36.7
30075155,1,chest pain,8,67,109,57,19,97,35.6
30075156,2,back pain,9,99,153,80,25,95,36.6
30075157,3,fever,2,93,77,100,14,93,37.2
30075158,3,fall,5,84,110,91,19,100,37.3
30075159,3,chest pain,2,92,133,95,23,99,35.9
30075160,3,fever,3,91,83,75,23,98,37.4
30075161,4,fever,7,84,121,83,17,100,37.4
30075162,4,anxiety,0,51,118,79,14,97,36.4
30075163,2,fever,7,86,159,75,18,98,37.2
30075164,4,shortness of breath,3,84,133,102,26,97,36.9
30075165,1,abdominal pain,8,64,138,89,16,100,36.2
30075166,3,fever,3,86,153,73,21,99,37.2
30075167,4,abdominal pain,1,72,149,94,20,97,36.8
30075168,3,knee pain,2,87,141,83,23,100,35.5
30075169,5,laceration,7,74,105,101,14,90,36.8
30075170,4,knee pain,0,68,109,79,18,99,36.9
30075171,4,knee pain,6,81,127,63,10,97,37.8
30075172,4,fever,3,105,145,64,15,94,38.4
30075173,3,fall,7,76,121,70,13,99,37.8
30075174,3,fall,7,77,85,96,13,93,37.1
30075175,3,abdominal pain,5,107,143,85,27,93,37.2
30075176,1,headache,7,100,148,90,20,92,37.3
30075177,1,anxiety,8,95,122,80,15,100,36.7
30075178,3,laceration,2,71,155,84,20,99,36.7
30075179,1,headache,7,91,98,95,11,92,36.0
30075180,1,headache,6,84,150,88,16,95,36.2
30075181,3,fall,0,74,118,104,15,93,38.0
30075182,2,headache,8,92,157,109,20,96,35.5
30075183,4,abdominal pain,6,102,150,72,19,99,36.5
30075184,4,fever,4,91,127,93,16,100,38.3
30075185,3,headache,4,94,114,62,22,95,37.5
30075186,4,shortness of breath,1,65,143,78,22,97,37.6
30075187,3,back pain,5,81,146,76,12,100,38.2
30075188,3,fall,0,82,129,75,13,99,37.6
30075189,3,chest pain,7,96,89,85,21,100,38.9
30075190,5,knee pain,0,94,107,71,18,92,36.2
30075191,3,headache,7,89,140,45,17,97,36.6
30075192,3,anxiety,4,90,111,76,19,93,36.4
30075193,3,knee pain,2,58,106,88,24,93,37.3
30075194,3,chest pain,2,96,131,71,18,98,38.5
30075195,5,headache,7,87,101,89,16,98,37.2
30075196,2,back pain,7,86,75,92,24,100,38.0
30075197,3,fever,5,110,121,81,18,99,37.4
30075198,3,back pain,4,66,135,70,19,95,36.7
30075199,3,headache,7,93,101,58,24,96,37.6
30075200,3,headache,7,102,114,79,16,94,36.4
30075201,3,abdominal pain,2,55,105,81,19,100,37.4
30075202,3,chest pain,5,69,147,53,13,93,37.8
30075203,2,headache,7,84,117,65,12,100,37.2
30075204,3,anxiety,4,65,120,64,23,99,37.9
30075205,4,fever,4,72,131,74,22,95,36.5
30075206,3,shortness of breath,7,83,131,79,14,100,35.9
30075207,5,knee pain,3,109,105,83,18,96,37.9
30075208,3,back pain,0,59,126,74,26,99,37.0
30075209,1,shortness of breath,7,91,115,82,26,95,36.4
30075210,4,shortness of breath,6,66,128,83,15,96,36.8
30075211,1,shortness of breath,8,89,110,71,11,96,37.2
30075212,3,abdominal pain,5,110,93,96,17,96,37.3
30075213,3,back pain,4,103,130,72,12,97,36.6
30075214,3,abdominal pain,1,83,92,73,15,100,37.4
30075215,3,back pain,3,91,105,83,22,100,36.2
30075216,4,shortness of breath,5,81,123,80,21,98,37.0
30075217,3,knee pain,2,96,142,76,9,97,36.3
30075218,3,knee pain,5,83,106,71,20,99,37.3
30075219,4,shortness of breath,3,77,129,75,22,96,36.3
30075220,5,chest pain,6,76,101,94,20,100,36.2
30075221,2,shortness of breath,10,105,143,71,15,99,38.0
30075222,2,back pain,8,73,117,118,20,100,38.2
30075223,4,knee pain,0,72,115,86,20,93,37.1
30075224,4,abdominal pain,2,86,118,93,19,99,37.3
30075225,2,fall,9,100,152,85,21,100,36.9
30075226,3,back pain,1,106,124,68,14,99,36.7
30075227,3,knee pain,5,110,127,82,21,100,36.3
30075228,5,headache,1,82,166,109,23,93,36.5
30075229,4,abdominal pain,0,89,133,73,22,90,38.4
30075230,3,headache,5,83,122,87,22,96,37.5
30075231,4,anxiety,5,73,93,76,23,89,37.1
30075232,3,fall,6,63,106,126,25,93,37.7
30075233,3,laceration,1,67,175,63,16,100,37.0
30075234,5,anxiety,0,79,141,90,19,94,37.3
30075235,3,fever,5,86,118,71,15,96,37.1
30075236,2,laceration,8,108,148,83,18,95,37.3
30075237,4,back pain,2,97,108,117,20,100,36.2
30075238,3,chest pain,6,102,139,98,16,100,37.3
30075239,3,fever,2,73,131,93,20,91,37.5
30075240,4,fever,6,96,133,70,25,95,38.0
30075241,3,laceration,5,59,96,89,20,92,37.0
30075242,2,fall,10,48,131,70,13,96,35.9
30075243,3,headache,5,92,134,77,11,92,35.8
30075244,4,knee pain,4,92,108,84,15,100,35.2
30075245,4,knee pain,4,57,112,96,20,100,37.9
30075246,3,headache,0,78,131,83,20,98,38.9
30075247,3,shortness of breath,5,95,143,73,24,100,37.3
30075248,5,shortness of breath,1,73,124,75,18,93,37.9
30075249,1,fall,7,92,110,98,23,93,36.7
30075250,2,fall,9,101,122,89,15,96,37.1
30075251,4,fall,1,104,127,101,18,100,36.8
30075252,4,fever,7,103,159,71,17,96,36.5
30075253,3,fall,1,97,132,89,22,97,36.6
30075254,4,headache,6,79,111,77,20,97,38.1
30075255,3,knee pain,3,69,104,86,10,98,37.1
30075256,3,shortness of breath,0,76,105,82,22,100,37.4
30075257,3,chest pain,2,97,114,101,20,94,37.3
30075258,3,anxiety,1,76,141,82,23,96,36.8
30075259,2,abdominal pain,8,81,157,39,13,98,37.1
30075260,4,fever,2,85,115,82,23,97,37.1
30075261,2,fall,9,78,138,65,21,91,37.5
30075262,3,anxiety,7,110,147,85,11,100,36.9
30075263,2,knee pain,8,62,117,77,13,97,37.8
30075264,1,fall,10,86,119,82,18,100,37.3
30075265,4,fever,4,105,100,85,14,96,38.2
30075266,2,knee pain,10,84,152,72,20,97,36.4
30075267,2,knee pain,10,89,154,81,23,100,37.5
30075268,4,laceration,1,88,128,89,22,96,37.5
30075269,3,fall,6,68,125,60,23,93,37.3
30075270,2,headache,6,92,165,84,25,98,36.6
30075271,4,abdominal pain,5,76,102,83,20,100,37.1
30075272,3,knee pain,6,67,133,73,17,95,36.7
30075273,3,anxiety,2,67,123,74,16,100,37.8
30075274,4,headache,2,67,150,72,22,100,36.3
30075275,3,chest pain,2,76,126,77,18,99,37.8
30075276,3,back pain,5,93,120,90,16,95,36.3
30075277,3,anxiety,4,86,112,95,23,98,36.0
30075278,1,fever,9,77,129,95,28,94,37.0
30075279,4,knee pain,6,76,86,86,20,100,36.6
30075280,3,knee pain,6,110,145,91,22,96,36.7
30075281,3,knee pain,6,89,128,100,22,98,37.3
30075282,3,shortness of breath,0,74,123,94,18,100,37.5
30075283,3,back pain,6,81,125,106,16,94,36.0
30075284,4,fever,6,56,139,82,13,100,38.5
30075285,5,headache,0,88,111,56,14,99,36.6
30075286,2,chest pain,7,92,121,89,13,97,36.9
30075287,3,headache,1,101,105,91,20,100,36.1
30075288,5,laceration,7,78,143,82,24,97,38.1
30075289,1,chest pain,7,92,161,78,21,97,36.1
30075290,3,shortness of breath,0,78,83,71,15,97,36.8
30075291,4,fall,2,102,98,80,17,94,38.1
30075292,3,knee pain,1,73,126,60,14,94,36.9
30075293,2,shortness of breath,6,63,149,75,20,98,37.4
30075294,4,back pain,1,112,146,68,20,100,35.1
30075295,5,anxiety,3,86,144,81,22,95,36.8
30075296,5,chest pain,6,77,103,72,13,99,37.2
30075297,3,abdominal pain,0,98,81,87,22,100,37.5
30075298,3,laceration,5,72,120,96,18,97,36.2
30075299,3,fall,4,76,119,73,20,96,37.1
30075300,3,headache,4,73,127,99,14,94,35.6
30075301,4,fever,4,69,73,92,18,99,36.8
30075302,3,headache,2,81,136,68,21,96,34.7
30075303,3,shortness of breath,4,48,121,82,13,97,36.4
30075304,3,shortness of breath,2,74,123,71,19,93,37.3
30075305,3,anxiety,1,92,150,48,18,97,38.8
30075306,2,shortness of breath,7,77,128,80,14,100,36.8
30075307,3,abdominal pain,4,73,138,87,14,97,36.0
30075308,3,shortness of breath,7,93,121,83,19,100,37.8
30075309,2,anxiety,7,41,103,85,21,98,37.6
30075310,4,fall,0,96,109,91,27,96,38.2
30075311,3,anxiety,5,70,117,70,23,97,37.3
30075312,2,headache,7,68,125,84,18,93,36.7
30075313,4,chest pain,4,77,119,81,24,100,37.1
30075314,3,abdominal pain,2,91,129,106,21,91,39.8
30075315,4,laceration,0,87,135,87,28,99,37.3
30075316,3,abdominal pain,5,51,115,64,26,99,36.9
30075317,2,back pain,9,85,125,58,24,96,37.8
30075318,3,shortness of breath,1,90,109,97,12,96,36.0
30075319,3,anxiety,2,95,100,71,18,95,36.1
30075320,3,shortness of breath,3,106,109,77,22,96,38.0
30075321,3,fever,5,82,151,108,15,97,38.0
30075322,3,laceration,6,101,116,72,15,100,37.5
30075323,1,knee pain,10,82,123,68,16,100,36.1
30075324,5,fall,2,94,157,79,15,100,35.7
30075325,4,fall,3,99,114,55,15,89,38.2
30075326,4,back pain,4,76,102,83,18,98,35.5
30075327,3,anxiety,0,83,136,101,17,99,36.7
30075328,3,shortness of breath,2,78,129,84,17,100,36.5
30075329,4,knee pain,4,103,132,67,18,94,37.2
30075330,3,abdominal pain,3,98,132,85,16,100,37.1
30075331,3,anxiety,1,84,127,70,16,95,36.8
30075332,3,knee pain,3,78,124,80,15,97,38.1
30075333,3,knee pain,7,71,102,87,20,96,37.5
30075334,3,laceration,4,81,96,102,24,97,37.5
30075335,3,headache,1,78,144,70,17,97,37.0
30075336,2,chest pain,7,97,93,75,24,97,37.6
30075337,3,abdominal pain,3,93,161,79,26,100,35.5
30075338,3,knee pain,3,56,111,73,20,97,35.8
30075339,2,fall,6,89,117,59,13,97,37.0
30075340,2,abdominal pain,6,113,140,83,22,100,38.0
30075341,1,shortness of breath,10,94,129,98,14,100,36.7
30075342,2,knee pain,8,84,143,91,20,99,35.8
30075343,3,fever,6,80,116,104,18,90,38.2
30075344,4,fever,3,88,184,51,18,100,36.0
30075345,2,chest pain,7,79,127,73,22,100,37.8
30075346,4,fall,0,69,144,89,18,100,37.2
30075347,4,knee pain,4,91,144,81,14,93,35.7
30075348,3,knee pain,0,72,135,69,25,100,36.0
30075349,2,back pain,10,77,125,68,21,94,37.8
30075350,3,shortness of breath,6,103,116,96,24,97,36.0
30075351,3,headache,1,60,104,89,16,99,38.1
30075352,4,shortness of breath,0,66,112,80,19,100,37.1
30075353,3,fall,3,80,123,93,20,97,36.6
30075354,3,fall,2,83,134,74,17,97,37.4
30075355,4,back pain,6,80,117,79,15,92,37.2
30075356,2,abdominal pain,6,75,142,69,18,98,37.9
30075357,3,laceration,1,91,142,76,18,96,36.8
30075358,3,fall,0,88,152,65,12,99,37.3
30075359,3,abdominal pain,5,55,99,89,25,91,37.9
30075360,2,abdominal pain,10,68,117,104,17,93,36.1
30075361,4,chest pain,3,79,130,103,17,96,37.4
30075362,5,chest pain,7,92,122,58,16,94,37.5
30075363,4,knee pain,1,103,103,77,17,100,37.0
30075364,4,abdominal pain,5,101,151,72,19,100,36.4
30075365,3,shortness of breath,2,106,100,81,22,96,35.9
30075366,3,chest pain,0,101,110,76,17,100,39.0
30075367,1,anxiety,9,88,89,70,15,98,36.3
30075368,2,shortness of breath,6,90,112,84,14,97,36.5
30075369,3,shortness of breath,6,69,104,78,12,100,37.1
30075370,2,back pain,6,79,169,83,24,98,37.0
30075371,3,back pain,0,83,120,76,13,94,37.3
30075372,3,abdominal pain,4,94,106,86,21,100,38.3
30075373,1,anxiety,10,110,110,74,22,96,37.4
30075374,2,fall,6,41,95,94,12,100,37.2
30075375,4,back pain,2,72,133,84,18,93,37.1
30075376,4,laceration,6,70,131,93,21,98,36.3
30075377,3,anxiety,3,70,141,78,12,99,38.9
30075378,2,abdominal pain,7,109,117,87,23,97,37.1
30075379,2,back pain,9,108,94,86,16,94,38.0
30075380,3,back pain,6,74,99,76,19,98,35.8
30075381,2,fall,7,96,118,85,25,94,37.8
30075382,3,shortness of breath,5,102,100,53,28,99,38.0
30075383,4,abdominal pain,7,68,124,80,15,95,36.7
30075384,3,fever,5,57,92,85,23,100,36.4
30075385,3,chest pain,7,67,144,75,14,100,36.4
30075386,3,abdominal pain,4,106,124,97,17,97,36.6
30075387,3,knee pain,3,100,151,79,15,98,37.7
30075388,3,anxiety,6,92,134,67,23,96,37.8
30075389,3,fever,0,78,127,57,11,100,36.3
30075390,3,knee pain,7,103,142,100,18,99,36.5
30075391,3,laceration,4,80,98,73,17,90,37.2
30075392,2,laceration,6,85,151,77,18,94,37.5
30075393,3,headache,5,91,106,87,19,95,36.0
30075394,3,headache,6,67,111,93,13,97,35.6
30075395,3,anxiety,3,93,138,73,17,97,36.2
30075396,2,knee pain,8,103,88,102,22,99,37.1
30075397,3,headache,7,135,131,97,19,100,36.5
30075398,3,knee pain,2,67,120,56,24,96,36.8
30075399,4,headache,5,73,128,59,13,98,37.2
30075400,3,headache,4,110,128,69,21,99,36.3
30075401,1,fever,6,71,103,81,21,100,36.6
30075402,2,anxiety,9,101,144,88,22,98,37.5
30075403,3,back pain,1,64,172,56,21,93,36.8
30075404,1,shortness of breath,7,88,136,75,16,97,36.7
30075405,3,knee pain,7,65,122,65,15,92,36.8
30075406,3,headache,1,97,111,78,15,92,38.0
30075407,5,headache,7,67,103,101,23,93,35.3
30075408,4,headache,2,97,111,70,22,93,37.4
30075409,4,anxiety,3,93,174,84,23,99,36.9
30075410,3,knee pain,1,93,125,84,14,96,38.3
30075411,4,knee pain,5,100,105,64,22,100,36.9
30075412,4,fever,1,103,115,73,19,97,39.1
30075413,4,laceration,0,80,94,95,21,100,37.6
30075414,3,fall,4,72,114,61,19,96,36.6
30075415,3,back pain,0,91,129,75,11,99,35.3
30075416,2,anxiety,9,56,138,62,25,100,37.6
30075417,3,back pain,1,69,140,86,8,99,37.3
30075418,1,shortness of breath,10,83,139,78,13,97,38.2
30075419,4,headache,2,105,137,63,15,100,37.3
30075420,3,chest pain,6,76,155,74,19,95,36.6
30075421,1,chest pain,8,85,135,104,22,99,39.3
30075422,2,shortness of breath,10,88,130,83,16,98,35.6
30075423,3,abdominal pain,2,81,131,76,17,100,35.7
30075424,5,fever,7,96,122,93,20,93,37.9
30075425,2,shortness of breath,6,82,146,81,24,100,38.5
30075426,5,shortness of breath,4,80,148,91,16,99,37.8
30075427,4,abdominal pain,1,80,142,82,20,93,36.3
30075428,3,knee pain,0,72,120,83,14,100,37.3
30075429,3,knee pain,7,88,106,74,20,100,37.9
30075430,5,chest pain,4,83,118,97,17,96,37.9
30075431,3,back pain,4,104,98,66,17,94,36.8
30075432,2,anxiety,6,82,101,79,14,98,36.2
30075433,3,laceration,7,80,140,59,25,98,37.8
30075434,4,anxiety,1,121,105,99,15,98,36.8
30075435,4,chest pain,6,51,104,57,17,95,38.4
30075436,2,knee pain,7,67,97,86,15,100,38.1
30075437,3,headache,1,82,124,63,13,94,36.3
30075438,4,headache,6,76,133,75,17,93,37.4
30075439,2,fall,7,84,109,69,19,98,36.9
30075440,3,headache,5,85,163,73,13,95,37.9
30075441,3,headache,4,81,113,54,12,94,37.3
30075442,3,chest pain,4,103,105,98,14,94,38.2
30075443,5,fall,5,87,116,76,17,99,36.4
30075444,3,back pain,4,81,123,83,20,96,35.6
30075445,4,headache,4,93,127,78,22,98,36.4
30075446,4,back pain,6,81,119,112,20,95,36.8
30075447,2,back pain,10,104,131,85,18,99,37.4
30075448,5,abdominal pain,7,64,142,99,19,100,37.7
30075449,3,anxiety,7,92,133,91,17,100,37.9
30075450,3,shortness of breath,6,70,133,85,18,98,37.7
30075451,3,headache,7,105,101,85,18,98,36.8
30075452,4,abdominal pain,0,77,90,76,22,96,36.8
30075453,3,back pain,3,91,136,76,14,100,36.6
30075454,3,fall,4,73,108,74,21,97,37.0
30075455,4,shortness of breath,0,79,103,121,18,95,36.4
30075456,4,laceration,4,54,118,61,14,97,35.3
30075457,2,knee pain,10,61,131,71,20,100,36.8
30075458,2,laceration,6,97,128,63,19,95,37.0
30075459,1,back pain,9,99,133,109,16,100,37.1
30075460,3,chest pain,3,61,129,68,18,98,37.8
30075461,2,back pain,8,75,103,95,18,93,37.5
30075462,3,fever,3,91,150,62,17,95,36.9
30075463,2,anxiety,10,93,113,82,11,87,37.1
30075464,4,fall,2,96,129,48,20,100,36.4
30075465,3,chest pain,1,91,124,111,23,94,36.7
30075466,3,chest pain,5,98,82,70,20,96,37.8
30075467,3,chest pain,6,97,107,83,16,99,36.5
30075468,2,abdominal pain,7,125,90,64,23,96,36.3
30075469,3,fall,6,101,115,74,10,100,37.3
30075470,3,abdominal pain,6,118,141,54,16,97,36.5
30075471,4,back pain,0,93,119,101,26,94,36.2
30075472,3,headache,5,71,111,88,22,94,36.8
30075473,3,abdominal pain,7,100,172,82,17,99,36.9
30075474,3,anxiety,3,64,153,76,18,96,35.9
30075475,3,abdominal pain,3,79,116,60,24,100,36.8
30075476,3,knee pain,2,65,105,72,15,94,37.6
30075477,1,fever,10,101,131,41,20,96,38.9
30075478,3,chest pain,7,85,139,82,17,94,36.5
30075479,3,anxiety,1,72,98,79,15,94,37.9
30075480,4,shortness of breath,0,58,131,105,17,96,37.5
30075481,4,anxiety,2,77,124,67,15,100,38.1
30075482,3,fall,1,91,129,88,12,100,37.4
30075483,3,headache,6,50,130,79,17,95,36.9
30075484,3,abdominal pain,0,101,139,73,11,98,37.0
30075485,3,back pain,2,86,108,73,14,96,36.6
30075486,3,fever,7,65,162,72,13,93,36.2
30075487,3,laceration,1,105,152,72,19,98,38.1
30075488,5,abdominal pain,0,94,162,70,18,96,37.2
30075489,4,abdominal pain,3,110,124,96,22,100,36.8
30075490,4,shortness of breath,3,82,114,83,24,98,38.3
30075491,3,fall,0,98,126,73,16,99,34.9
30075492,3,abdominal pain,0,69,120,88,23,100,36.2
30075493,3,fever,3,80,106,86,22,95,38.7
30075494,5,back pain,0,70,98,66,13,100,36.3
30075495,2,anxiety,9,102,139,73,23,99,38.5
30075496,2,headache,7,84,114,67,14,95,38.0
30075497,2,anxiety,7,81,123,83,16,97,35.9
30075498,2,fall,10,95,96,66,23,97,36.5
30075499,4,abdominal pain,0,96,146,95,21,100,37.7
30075500,3,abdominal pain,4,90,103,71,13,100,37.1
30075501,3,chest pain,2,89,101,79,13,96,37.3
30075502,3,fall,1,107,117,45,26,100,37.3
30075503,2,back pain,10,80,108,99,10,95,37.1
30075504,3,laceration,1,88,143,61,18,99,36.8
30075505,3,shortness of breath,5,99,116,72,16,98,35.9
30075506,5,anxiety,7,89,106,79,20,96,36.3
30075507,4,knee pain,3,94,141,79,18,100,37.2
30075508,4,knee pain,2,91,132,106,18,98,36.9
30075509,3,knee pain,2,74,122,81,20,93,38.2
30075510,4,fever,2,79,141,66,16,100,37.1
30075511,2,knee pain,8,58,103,66,15,99,36.6
30075512,3,fall,4,91,111,36,22,95,35.2
30075513,5,fever,1,112,141,90,20,96,37.6
30075514,2,back pain,6,71,139,71,20,94,36.8
30075515,2,back pain,10,86,151,79,18,100,36.6
30075516,5,fever,2,86,103,77,22,96,36.9
30075517,3,laceration,0,97,109,87,17,93,36.5
30075518,3,fall,5,77,145,66,17,94,38.1
30075519,4,abdominal pain,5,101,142,72,20,94,35.6
30075520,4,fever,2,84,185,97,21,100,36.5
30075521,3,fever,0,67,107,100,20,97,36.8
30075522,3,fever,7,65,109,85,21,94,37.8
30075523,3,headache,4,82,137,88,24,100,37.8
30075524,4,chest pain,0,100,137,53,22,100,37.6
30075525,3,abdominal pain,7,97,132,104,21,94,37.0
30075526,4,fall,0,50,110,114,17,92,36.9
30075527,4,fall,1,74,120,96,19,95,36.6
30075528,3,fall,7,106,121,70,27,95,38.0
30075529,3,laceration,1,87,99,79,16,96,38.4
30075530,4,knee pain,5,104,145,61,19,92,37.1
30075531,4,abdominal pain,0,74,105,59,23,97,38.6
30075532,4,back pain,6,80,131,85,21,99,37.2
30075533,3,fall,0,93,122,72,13,98,36.5
30075534,2,abdominal pain,10,80,117,65,15,100,37.9
30075535,2,back pain,7,90,126,97,20,98,36.2
30075536,1,fall,7,78,167,105,15,93,37.2
30075537,3,chest pain,1,80,141,80,22,97,37.5
30075538,2,shortness of breath,9,89,123,58,18,100,37.0
30075539,2,laceration,6,80,114,89,11,87,38.7
30075540,4,back pain,0,80,145,100,14,98,37.4
30075541,3,back pain,5,61,98,78,12,95,36.8
30075542,3,knee pain,3,97,117,82,14,97,35.6
30075543,3,laceration,2,77,124,64,19,97,38.2
30075544,3,shortness of breath,6,93,132,64,18,95,36.4
30075545,3,chest pain,5,117,117,77,22,100,36.5
30075546,3,fever,1,65,147,57,24,100,38.2
30075547,3,fall,7,54,150,93,23,97,36.2
30075548,5,abdominal pain,2,101,119,91,15,97,37.4
30075549,4,back pain,6,96,96,69,11,95,37.8
30075550,3,knee pain,2,98,116,90,13,100,37.5
30075551,3,abdominal pain,4,94,110,81,21,99,37.1
30075552,4,chest pain,2,82,112,83,18,98,36.2
30075553,3,shortness of breath,6,95,152,78,21,98,37.2
30075554,3,laceration,3,80,157,80,20,99,38.6
30075555,3,laceration,6,86,133,72,19,94,37.4
30075556,4,laceration,4,82,136,92,14,94,37.7
30075557,2,anxiety,7,88,116,102,24,96,37.1
30075558,4,fall,6,76,132,71,16,93,36.8
30075559,2,laceration,9,86,120,57,15,92,37.8
30075560,3,shortness of breath,6,97,149,85,11,95,37.5
30075561,2,knee pain,6,60,132,88,17,99,35.7
30075562,3,anxiety,0,112,128,74,12,98,38.1
30075563,3,fever,4,60,128,83,15,93,36.4
30075564,4,fall,7,72,125,59,16,98,36.3
30075565,3,abdominal pain,2,80,76,72,20,99,37.3
30075566,3,headache,0,89,142,58,12,91,37.7
30075567,2,knee pain,8,83,139,44,12,95,36.1
30075568,4,fall,0,81,146,79,16,94,38.1
30075569,3,knee pain,7,110,148,73,17,100,35.7
30075570,3,fall,6,101,135,67,18,100,36.5
30075571,3,fever,4,94,142,80,16,97,36.1
30075572,3,fever,0,69,114,91,24,98,35.6
30075573,1,headache,6,87,177,81,15,98,37.1
30075574,2,anxiety,8,90,127,69,13,100,36.4
30075575,3,abdominal pain,2,89,134,83,13,93,37.7
30075576,3,fever,7,84,119,61,24,97,37.0
30075577,3,headache,4,78,81,59,20,100,37.7
30075578,4,knee pain,3,64,113,91,24,95,37.9
30075579,4,anxiety,2,79,99,73,14,96,36.9
30075580,4,fall,6,90,116,95,16,92,37.8
30075581,4,fever,3,102,146,81,15,97,37.8
30075582,3,headache,6,76,150,80,16,99,36.4
30075583,3,knee pain,0,92,136,82,8,96,36.8
30075584,4,back pain,0,98,116,63,18,96,36.4
30075585,3,fall,4,93,103,78,20,95,36.3
30075586,3,fever,2,102,128,75,18,96,35.9
30075587,3,back pain,5,99,109,87,20,100,37.0
30075588,3,anxiety,2,106,124,97,16,99,37.5
30075589,4,back pain,7,90,85,67,24,98,37.4
30075590,3,abdominal pain,6,89,141,106,11,96,38.8
30075591,3,fever,7,85,146,92,17,99,36.1
30075592,2,headache,6,108,118,49,19,97,37.9
30075593,4,fever,3,65,153,73,18,98,37.0
30075594,3,headache,5,114,113,75,15,94,37.0
30075595,1,back pain,7,80,97,106,11,99,36.3
30075596,3,fall,7,82,119,73,22,99,36.9
30075597,5,anxiety,7,122,117,86,14,100,37.0
30075598,1,headache,6,81,125,56,15,91,37.3
30075599,3,knee pain,7,84,122,93,22,96,37.9
30075600,4,shortness of breath,0,88,101,75,17,100,35.9
30075601,3,back pain,5,75,92,79,25,98,37.4
30075602,4,laceration,4,59,118,93,17,97,36.2
30075603,3,anxiety,3,88,141,80,22,100,38.9
30075604,4,anxiety,6,70,104,107,9,99,38.0
30075605,4,back pain,3,59,122,71,18,97,37.0
30075606,3,back pain,3,67,120,73,16,100,38.4
30075607,3,laceration,5,92,99,105,20,98,36.3
30075608,3,anxiety,0,72,117,76,9,94,37.9
30075609,3,shortness of breath,4,69,109,91,16,91,37.8
30075610,3,knee pain,7,60,123,101,16,99,37.3
30075611,3,abdominal pain,2,86,112,63,19,96,37.2
30075612,4,chest pain,7,67,139,60,18,100,37.3
30075613,3,fall,2,92,76,59,19,97,39.0
30075614,3,fever,7,97,132,88,19,100,37.4
30075615,4,knee pain,7,95,174,79,11,97,37.4
30075616,2,headache,6,128,102,104,14,96,35.4
30075617,4,fall,6,79,140,103,17,92,38.4
30075618,2,fever,6,112,109,99,21,96,36.5
30075619,4,anxiety,0,96,107,80,24,93,36.3
30075620,3,shortness of breath,1,94,78,68,15,98,36.6
30075621,1,back pain,6,60,158,94,16,96,37.3
30075622,3,laceration,2,102,114,66,22,100,38.0
30075623,3,fever,1,70,142,79,26,98,37.2
30075624,3,laceration,1,84,96,56,23,96,36.5
30075625,2,laceration,8,66,135,94,19,96,38.3
30075626,2,fall,10,54,127,59,17,97,37.1
30075627,3,abdominal pain,6,86,108,73,22,95,37.4
30075628,3,shortness of breath,0,65,141,62,14,94,37.1
30075629,4,laceration,1,94,133,66,26,95,37.1
30075630,3,headache,0,101,112,107,18,95,36.7
30075631,3,chest pain,3,74,102,68,25,98,37.9
30075632,4,fall,6,93,121,64,16,98,37.8
30075633,4,knee pain,2,68,168,54,16,99,36.9
30075634,2,abdominal pain,6,57,112,61,18,97,36.7
30075635,3,back pain,0,98,141,91,16,94,36.3
30075636,2,shortness of breath,9,77,164,88,20,99,36.8
30075637,3,fall,6,109,130,80,17,95,37.7
30075638,4,fall,7,87,103,73,20,99,37.7
30075639,3,fall,7,90,142,84,20,100,38.0
30075640,3,laceration,3,80,86,73,15,98,35.4
30075641,2,knee pain,10,55,90,70,19,95,35.9
30075642,2,abdominal pain,9,73,122,111,26,100,36.7
30075643,3,laceration,1,93,140,94,13,93,36.1
30075644,2,laceration,9,98,145,94,19,100,38.0
30075645,4,headache,6,96,160,85,19,97,37.1
30075646,2,abdominal pain,10,100,129,74,17,94,36.2
30075647,4,back pain,6,94,92,56,18,100,36.6
30075648,3,shortness of breath,3,68,151,60,17,98,37.3
30075649,3,laceration,4,88,131,66,26,100,37.4
30075650,5,shortness of breath,7,78,123,86,15,96,38.0
30075651,3,headache,0,115,151,87,22,97,36.7
30075652,1,fall,7,90,138,79,20,95,38.0
30075653,3,laceration,0,70,105,81,17,93,36.3
30075654,3,chest pain,5,78,104,54,20,97,38.2
30075655,3,laceration,6,69,140,78,18,100,36.9
30075656,2,laceration,9,78,144,69,29,99,37.2
30075657,3,chest pain,7,83,146,74,19,96,37.4
30075658,3,back pain,7,71,122,113,26,95,36.1
30075659,3,fall,5,63,133,56,22,91,36.1
30075660,4,knee pain,0,88,133,81,21,98,37.9
30075661,3,anxiety,7,90,132,65,14,98,35.6
30075662,1,laceration,7,90,140,89,11,94,37.2
30075663,2,back pain,7,70,126,78,18,100,36.3
30075664,2,shortness of breath,9,91,141,77,12,98,37.0
30075665,3,back pain,7,116,118,68,24,100,36.4
30075666,3,knee pain,3,103,137,65,19,100,37.6
30075667,4,shortness of breath,0,71,118,80,20,98,36.1
30075668,2,back pain,9,94,123,91,26,94,36.6
30075669,3,fall,5,77,91,99,21,97,37.2
30075670,2,knee pain,8,98,112,66,23,95,35.6
30075671,2,shortness of breath,8,89,143,99,19,96,36.4
30075672,5,shortness of breath,1,82,131,71,13,96,37.9
30075673,4,chest pain,5,101,129,62,15,94,37.3
30075674,2,laceration,6,72,114,76,13,100,37.3
30075675,3,abdominal pain,5,79,95,70,19,97,38.1
30075676,3,headache,7,79,136,76,15,92,36.9
30075677,3,chest pain,0,108,74,64,15,94,37.8
30075678,3,back pain,5,67,112,67,22,100,37.4
30075679,5,anxiety,1,94,161,93,10,97,37.7
30075680,1,laceration,9,89,124,93,21,92,37.5
30075681,4,abdominal pain,0,75,123,68,20,98,36.9
30075682,3,headache,6,81,112,77,7,99,36.1
30075683,3,fever,2,104,141,84,17,98,35.8
30075684,3,laceration,7,89,104,71,22,100,35.3
30075685,3,chest pain,2,69,144,95,18,97,37.1
30075686,3,laceration,6,104,139,83,17,96,36.4
30075687,3,back pain,6,82,104,67,13,98,36.7
30075688,3,shortness of breath,3,85,140,57,18,95,37.2
30075689,1,fever,7,98,75,80,13,93,38.2
30075690,3,back pain,3,75,107,94,15,100,37.8
30075691,3,shortness of breath,4,75,158,65,13,95,37.6
30075692,3,chest pain,4,103,127,68,16,93,37.0
30075693,3,shortness of breath,6,92,97,67,18,96,37.0
30075694,3,fall,3,89,106,86,14,90,38.0
30075695,3,fall,6,57,129,92,19,100,38.1
30075696,3,laceration,4,97,162,58,14,93,36.2
30075697,4,shortness of breath,1,81,103,97,21,100,36.7
30075698,2,anxiety,8,84,129,62,14,91,37.5
30075699,2,chest pain,8,92,96,91,17,99,38.1
30075700,3,anxiety,3,114,105,85,23,97,35.6
30075701,3,knee pain,2,105,98,100,19,97,38.6
30075702,3,knee pain,6,85,105,77,22,100,36.9
30075703,1,shortness of breath,10,109,104,76,19,95,36.2
30075704,2,headache,9,79,143,96,21,98,37.4
30075705,4,shortness of breath,0,108,97,93,14,95,36.5
30075706,3,fall,6,92,102,65,17,97,36.6
30075707,3,chest pain,7,72,150,70,11,97,37.4
30075708,3,shortness of breath,5,71,158,68,17,95,37.8
30075709,4,laceration,6,83,110,82,14,91,38.3
30075710,4,knee pain,4,71,122,54,14,98,36.6
30075711,3,knee pain,5,111,81,88,18,100,36.3
30075712,2,fever,9,64,112,94,15,99,37.0
30075713,3,abdominal pain,6,136,131,73,16,100,37.2
30075714,4,fever,5,82,121,75,22,94,36.3
30075715,3,abdominal pain,2,69,99,98,17,100,35.6
30075716,4,knee pain,3,76,117,90,14,100,37.2
30075717,3,knee pain,3,96,125,83,19,96,36.2
30075718,3,laceration,3,77,116,81,13,97,37.1
30075719,2,chest pain,6,55,117,71,14,98,38.5
30075720,5,shortness of breath,4,73,119,46,16,98,37.5
30075721,1,back pain,6,94,138,82,8,91,35.3
30075722,2,fall,9,94,127,92,16,95,35.9
30075723,3,fever,0,84,122,85,25,97,37.8
30075724,3,shortness of breath,3,71,133,73,12,100,36.3
30075725,2,fall,6,84,101,88,21,98,36.7
30075726,1,anxiety,10,92,103,95,14,94,37.4
30075727,4,abdominal pain,1,88,95,108,12,98,36.0
30075728,3,knee pain,6,82,135,55,23,100,37.0
30075729,3,back pain,4,43,114,50,23,95,37.2
30075730,1,chest pain,10,91,145,72,24,100,36.4
30075731,3,shortness of breath,5,89,131,88,15,91,38.7
30075732,3,anxiety,3,75,146,99,20,93,36.7
30075733,2,chest pain,6,109,127,68,21,98,35.7
30075734,3,shortness of breath,5,94,118,56,19,94,36.7
30075735,3,chest pain,6,103,123,61,22,96,37.0
30075736,3,anxiety,4,79,128,104,20,98,36.3
30075737,3,fall,6,67,148,79,23,99,38.1
30075738,2,back pain,10,81,112,95,14,97,36.9
30075739,4,headache,6,63,142,92,20,97,36.2
30075740,2,abdominal pain,8,96,104,79,8,96,37.9
30075741,4,anxiety,2,93,128,96,16,100,37.6
30075742,3,anxiety,3,107,115,68,18,97,36.8
30075743,5,back pain,5,92,90,92,23,94,36.5
30075744,4,headache,4,106,133,71,15,95,35.9
30075745,2,headache,10,66,107,110,19,96,37.7
30075746,4,shortness of breath,4,65,133,86,19,98,37.5
30075747,3,laceration,0,82,105,85,18,99,36.8
30075748,4,chest pain,2,91,116,94,15,96,34.9
30075749,3,fall,1,85,131,98,17,100,36.1
30075750,2,back pain,10,77,129,70,21,95,36.4
30075751,1,back pain,8,79,64,59,21,96,38.2
30075752,3,shortness of breath,5,94,85,57,19,95,37.8
30075753,4,chest pain,0,100,118,93,22,91,35.1
30075754,3,anxiety,6,112,84,82,20,99,36.6
30075755,3,back pain,0,73,111,62,19,99,37.7
30075756,4,fever,0,89,146,77,23,100,36.0
30075757,3,back pain,6,98,125,79,19,99,36.0
30075758,2,headache,8,96,145,83,24,98,35.9
30075759,4,headache,6,74,135,66,20,95,36.9
30075760,2,laceration,6,62,102,78,18,100,37.4
30075761,3,knee pain,7,78,91,56,24,95,36.9
30075762,3,back pain,5,83,141,73,21,92,35.4
30075763,2,back pain,9,92,128,93,13,100,37.1
30075764,2,shortness of breath,8,74,96,86,19,96,36.0
30075765,4,shortness of breath,0,104,112,84,18,92,37.1
30075766,3,shortness of breath,5,76,136,91,23,97,37.1
30075767,5,fall,6,51,135,107,19,99,37.9
30075768,3,chest pain,4,74,99,101,19,98,36.2
30075769,3,knee pain,1,89,95,72,17,98,37.1
30075770,3,headache,3,97,132,80,19,99,37.4
30075771,3,chest pain,1,71,144,93,21,100,37.5
30075772,3,laceration,2,77,133,82,18,96,34.6
30075773,3,headache,2,78,145,76,15,100,36.9
30075774,3,knee pain,2,85,89,80,25,96,38.3
30075775,5,fall,1,62,137,72,23,97,36.3
30075776,3,back pain,6,66,141,71,15,99,35.9
30075777,3,back pain,2,103,126,56,19,99,36.7
30075778,2,headache,6,69,135,107,18,99,35.6
30075779,3,chest pain,2,96,91,97,15,91,35.5
30075780,4,laceration,4,63,154,84,18,96,38.3
30075781,3,fall,4,84,95,68,15,96,35.1
30075782,5,chest pain,1,71,130,71,19,100,36.6
30075783,4,back pain,4,85,165,73,20,98,36.0
30075784,3,shortness of breath,7,90,129,52,15,97,37.7
30075785,3,headache,5,94,92,81,16,100,37.0
30075786,4,shortness of breath,3,57,148,101,16,98,37.7
30075787,3,fever,0,57,136,107,21,99,37.4
30075788,3,back pain,0,114,120,88,19,99,37.1
30075789,3,shortness of breath,3,76,131,44,16,100,36.8
30075790,4,fever,7,55,120,107,17,99,36.4
30075791,3,shortness of breath,6,96,138,122,20,98,36.1
30075792,3,back pain,3,91,104,65,16,100,36.4
30075793,2,abdominal pain,6,58,116,92,16,100,37.3
30075794,4,chest pain,3,100,155,98,18,93,36.9
30075795,1,laceration,7,89,132,64,27,92,38.0
30075796,4,anxiety,5,78,112,107,15,97,38.4
30075797,3,abdominal pain,6,90,107,71,18,98,37.4
30075798,4,shortness of breath,5,122,129,67,29,99,37.6
30075799,3,shortness of breath,1,83,138,82,21,93,37.2
30075800,3,abdominal pain,5,100,131,75,16,99,36.5
30075801,3,headache,4,92,117,105,14,99,36.9
30075802,2,knee pain,9,100,87,81,15,96,36.3
30075803,3,fever,0,106,111,75,18,93,36.3
30075804,4,headache,6,69,150,92,25,99,37.7
30075805,2,chest pain,6,82,127,82,17,95,35.9
30075806,3,shortness of breath,5,63,147,62,24,97,36.2
30075807,3,laceration,2,100,124,67,22,92,36.8
30075808,4,laceration,0,73,127,79,20,95,36.5
30075809,4,laceration,4,89,96,88,16,91,37.6
30075810,4,back pain,5,66,113,95,19,96,36.5
30075811,3,laceration,1,94,133,86,20,95,35.2
30075812,3,laceration,5,103,165,68,13,94,36.2
30075813,3,fall,4,94,109,85,24,100,36.8
30075814,4,back pain,2,77,132,76,23,95,37.9
30075815,3,chest pain,6,63,142,76,18,96,37.3
30075816,3,knee pain,7,93,130,85,20,99,37.0
30075817,3,shortness of breath,5,91,114,65,18,98,37.4
30075818,5,fall,0,88,137,70,18,96,36.7
30075819,3,shortness of breath,5,84,129,72,19,94,36.5
30075820,4,knee pain,2,87,125,69,21,95,37.9
30075821,3,chest pain,2,57,134,82,13,99,37.0
30075822,3,headache,6,60,125,65,14,99,36.7
30075823,3,headache,0,94,156,57,12,96,36.9
30075824,3,chest pain,5,76,136,74,20,96,36.9
30075825,3,chest pain,7,73,135,87,20,94,36.9
30075826,3,fall,4,87,132,72,21,95,37.4
30075827,3,fall,0,62,128,77,14,91,35.9
30075828,4,abdominal pain,7,85,102,78,19,97,36.5
30075829,3,fall,6,72,124,75,8,97,37.8
30075830,4,knee pain,2,59,98,66,19,95,35.8
30075831,3,chest pain,4,86,176,57,9,98,37.9
30075832,3,shortness of breath,3,106,122,82,21,96,35.8
30075833,5,laceration,7,82,100,63,12,91,36.7
30075834,1,chest pain,8,104,131,87,16,97,37.0
30075835,3,laceration,2,81,120,65,16,93,36.5
30075836,4,back pain,7,65,130,75,15,100,37.4
30075837,4,headache,7,82,140,103,20,97,36.9
30075838,3,anxiety,5,73,99,80,20,97,36.8
30075839,3,back pain,5,95,108,71,17,100,35.3
30075840,3,back pain,5,87,100,93,25,100,35.6
30075841,3,abdominal pain,3,76,84,67,18,95,35.8
30075842,2,back pain,6,97,149,60,22,95,37.2
30075843,3,shortness of breath,6,101,91,73,22,97,38.0
30075844,1,laceration,6,97,164,65,19,100,37.1
30075845,5,shortness of breath,0,77,134,69,11,99,35.8
30075846,2,anxiety,10,66,176,89,20,99,37.3
30075847,4,fall,3,76,141,35,29,96,37.9
30075848,4,headache,5,89,138,82,19,95,36.6
30075849,4,abdominal pain,3,68,117,61,15,100,36.4
30075850,4,fall,5,82,124,72,12,95,36.2
30075851,4,headache,2,48,92,88,21,100,37.8
30075852,4,shortness of breath,5,83,83,94,25,100,37.1
30075853,3,fall,7,66,134,92,20,100,38.4
30075854,3,laceration,5,78,98,95,14,97,37.0
30075855,3,back pain,4,62,93,76,20,95,37.6
30075856,3,chest pain,0,82,104,78,17,98,38.4
30075857,3,abdominal pain,0,91,114,77,19,93,37.3
30075858,3,laceration,1,86,148,76,19,100,37.5
30075859,2,chest pain,7,52,134,69,19,93,37.4
30075860,3,abdominal pain,1,96,131,71,25,100,36.5
30075861,2,knee pain,7,92,169,77,13,96,37.1
30075862,3,chest pain,4,85,116,100,20,100,38.0
30075863,3,back pain,0,92,136,87,24,93,37.7
30075864,3,fall,1,78,142,85,20,96,35.4
30075865,2,shortness of breath,6,107,133,86,20,93,37.2
30075866,4,laceration,4,84,123,67,16,96,37.7
30075867,2,laceration,9,80,121,74,13,94,38.9
30075868,2,anxiety,8,98,132,93,12,86,36.8
30075869,3,fall,2,92,107,88,16,94,37.5
30075870,3,shortness of breath,7,76,113,67,20,94,37.2
30075871,3,anxiety,2,84,114,68,18,98,37.3
30075872,1,fall,8,95,143,70,21,97,37.5
30075873,2,headache,6,76,150,85,19,94,37.6
30075874,4,anxiety,5,68,108,97,8,96,36.9
30075875,1,chest pain,10,90,104,63,18,100,37.8
30075876,3,fever,6,95,108,80,21,91,37.0
30075877,3,abdominal pain,2,96,99,81,14,97,37.9
30075878,5,fall,0,88,148,99,13,100,36.2
30075879,4,knee pain,5,89,146,88,20,100,37.1
30075880,3,abdominal pain,4,115,114,75,26,98,35.4
30075881,3,chest pain,4,104,98,64,19,98,37.1
30075882,4,back pain,1,102,170,85,19,100,37.2
30075883,3,shortness of breath,6,97,147,109,13,100,37.9
30075884,4,chest pain,2,69,138,72,18,100,36.7
30075885,4,chest pain,3,71,110,84,20,94,36.8
30075886,3,headache,0,74,111,85,15,97,36.2
30075887,3,back pain,6,82,100,80,21,94,38.2
30075888,2,anxiety,9,80,114,95,17,99,36.5
30075889,5,anxiety,0,90,117,97,21,98,37.8
30075890,2,fall,10,73,135,100,17,96,37.7
30075891,2,back pain,10,65,97,77,19,100,35.9
30075892,3,fall,4,81,115,97,14,99,37.5
30075893,2,laceration,8,61,110,70,9,100,38.0
30075894,3,anxiety,6,108,154,86,12,100,36.6
30075895,3,fever,4,99,139,78,15,95,37.7
30075896,4,shortness of breath,0,90,133,71,11,97,36.7
30075897,3,back pain,6,94,120,82,25,92,37.4
30075898,3,back pain,1,100,106,86,19,92,36.7
30075899,1,anxiety,8,76,93,92,19,93,35.9
30075900,3,anxiety,6,92,122,102,11,97,38.4
30075901,3,chest pain,6,95,136,60,14,100,37.4
30075902,2,fever,9,92,112,82,21,91,36.9
30075903,4,fever,2,67,111,71,12,99,36.6
30075904,1,back pain,8,98,85,84,14,94,36.9
30075905,4,chest pain,2,92,159,86,16,99,36.1
30075906,3,anxiety,7,79,133,79,21,94,37.8
30075907,4,fever,0,52,165,110,20,100,37.1
30075908,2,laceration,9,91,132,79,20,94,37.7
30075909,2,shortness of breath,6,94,174,79,20,97,37.0
30075910,5,fever,1,93,136,100,19,98,36.5
30075911,2,headache,8,90,112,84,13,98,37.1
30075912,1,shortness of breath,6,84,104,95,20,95,37.4
30075913,2,laceration,8,84,129,61,18,96,37.4
30075914,3,chest pain,6,92,129,67,21,100,37.7
30075915,3,fall,2,80,113,62,13,92,37.9
30075916,3,fever,2,63,86,79,14,96,35.8
30075917,3,fever,4,49,127,58,19,96,36.5
30075918,2,headache,7,76,139,60,15,96,36.8
30075919,4,knee pain,3,97,137,56,19,100,38.8
30075920,3,fall,0,75,111,83,15,98,36.9
30075921,3,fever,7,100,97,79,19,98,38.0
30075922,1,shortness of breath,10,87,115,75,17,98,36.6
30075923,4,headache,1,97,123,80,17,92,36.4
30075924,2,laceration,6,83,123,79,17,93,38.0
30075925,4,abdominal pain,4,121,133,90,14,97,37.4
30075926,3,fall,5,88,114,92,19,99,37.9
30075927,4,fall,5,84,126,63,20,95,36.3
30075928,1,shortness of breath,7,80,109,92,19,95,38.3
30075929,3,fever,3,99,115,89,20,96,36.7
30075930,3,fall,2,109,131,70,20,94,38.0
30075931,3,shortness of breath,4,94,114,76,24,97,38.4
30075932,3,chest pain,2,84,131,84,15,91,37.4
30075933,4,anxiety,6,67,121,61,17,96,38.2
30075934,3,chest pain,6,96,89,87,18,97,36.8
30075935,4,laceration,5,93,129,98,22,100,37.0
30075936,2,shortness of breath,8,86,146,84,24,97,37.6
30075937,3,fever,5,79,122,70,22,98,36.2
30075938,3,fall,1,121,107,58,16,100,36.9
30075939,4,abdominal pain,0,75,119,111,15,96,37.2
30075940,4,fever,6,104,160,85,28,98,36.8
30075941,3,headache,7,55,144,75,16,97,37.9
30075942,3,laceration,2,101,123,64,16,100,37.0
30075943,3,knee pain,7,59,122,108,22,91,35.6
30075944,3,fall,4,74,133,81,24,93,35.3
30075945,4,chest pain,1,99,99,52,21,95,37.2
30075946,3,laceration,6,53,128,73,23,96,37.6
30075947,3,fever,4,92,140,78,12,99,37.1
30075948,2,chest pain,10,97,116,74,21,93,36.4
30075949,3,abdominal pain,1,92,134,102,13,94,36.5
30075950,4,laceration,5,79,131,71,22,97,38.5
30075951,2,fall,8,86,128,74,12,88,38.1
30075952,1,shortness of breath,8,80,149,101,17,95,37.5
30075953,3,headache,1,89,109,72,12,97,36.3
30075954,1,shortness of breath,10,92,129,62,15,98,37.4
30075955,3,abdominal pain,1,58,119,45,13,98,36.5
30075956,3,laceration,7,95,114,107,21,98,36.9
30075957,3,chest pain,4,89,122,104,19,97,36.9
30075958,4,shortness of breath,5,92,139,78,19,99,36.5
30075959,5,shortness of breath,6,75,122,109,20,93,37.1
30075960,2,back pain,6,63,132,93,18,95,36.5
30075961,4,laceration,4,102,121,57,9,100,35.8
30075962,3,knee pain,6,79,131,101,17,97,38.2
30075963,3,back pain,2,83,140,61,17,96,36.9
30075964,3,shortness of breath,2,76,107,91,16,93,35.8
30075965,3,headache,5,86,138,81,19,95,36.5
30075966,3,chest pain,5,80,116,83,19,95,36.4
30075967,3,abdominal pain,5,114,122,64,21,100,37.8
30075968,3,abdominal pain,0,88,152,110,21,96,37.5
30075969,3,chest pain,2,96,92,104,13,91,37.2
30075970,3,fever,5,116,131,101,14,94,36.9
30075971,3,fever,6,48,121,69,11,99,36.3
30075972,3,fever,0,68,125,95,20,99,37.4
30075973,3,abdominal pain,6,78,141,99,18,96,36.0
30075974,4,anxiety,7,94,130,73,16,90,36.7
30075975,4,anxiety,2,94,103,71,22,100,38.2
30075976,5,fever,6,93,119,82,20,96,36.4
30075977,5,headache,2,92,98,45,13,100,37.8
30075978,2,shortness of breath,8,87,113,78,15,95,36.6
30075979,2,fall,6,78,103,107,26,100,35.7
30075980,2,abdominal pain,7,74,119,59,21,97,36.8
30075981,2,anxiety,10,78,139,62,20,100,36.7
30075982,3,back pain,0,97,125,72,18,96,37.1
30075983,2,laceration,9,77,141,70,16,100,37.2
30075984,2,abdominal pain,10,107,111,38,25,95,37.6
30075985,3,fever,5,73,148,66,22,95,36.4
30075986,3,shortness of breath,5,55,103,84,24,94,37.3
30075987,3,abdominal pain,2,92,144,94,21,99,37.4
30075988,3,back pain,0,80,133,90,16,100,37.1
30075989,4,knee pain,4,80,136,96,19,96,37.0
30075990,3,headache,3,74,96,76,27,97,37.4
30075991,2,fall,10,83,153,84,20,92,36.5
30075992,3,chest pain,2,90,121,93,19,97,36.4
30075993,2,fall,8,97,130,71,19,98,38.0
30075994,2,knee pain,6,79,160,81,23,99,36.8
30075995,3,shortness of breath,4,92,150,87,18,98,36.3
30075996,3,knee pain,6,54,135,93,21,92,34.7
30075997,3,back pain,4,84,114,81,15,94,36.9
30075998,3,headache,4,57,156,66,16,92,38.0
30075999,5,knee pain,2,79,134,71,16,91,36.9
30076000,4,fever,5,77,131,69,15,92,36.1
30076001,4,abdominal pain,7,81,128,68,23,100,36.2
30076002,3,laceration,5,79,138,88,23,100,37.4
30076003,3,headache,0,83,147,97,12,97,37.4
30076004,3,fever,2,101,78,66,21,97,36.1
30076005,4,anxiety,5,93,143,73,26,90,38.2
30076006,4,abdominal pain,3,112,116,82,25,100,37.2
30076007,5,fall,2,76,97,96,22,97,36.6
30076008,2,fall,9,80,133,75,20,91,36.4
30076009,4,chest pain,2,108,107,85,23,100,38.4
30076010,2,chest pain,8,96,152,71,15,100,38.2
30076011,2,back pain,9,83,100,79,15,100,37.9
30076012,3,knee pain,6,80,107,100,17,98,37.1
30076013,3,abdominal pain,5,69,111,93,17,96,39.2
30076014,3,fever,2,87,120,77,13,97,37.7
30076015,4,chest pain,6,94,118,75,14,99,37.8
30076016,3,back pain,6,83,130,94,22,95,38.1
30076017,4,abdominal pain,0,89,110,104,23,97,37.6
30076018,3,laceration,2,80,144,73,14,100,37.4
30076019,3,headache,4,78,118,103,21,95,36.7
30076020,2,abdominal pain,8,75,135,93,17,100,36.6
30076021,4,chest pain,0,100,149,76,20,100,36.5
30076022,2,back pain,9,83,122,74,24,93,36.7
30076023,4,anxiety,6,86,133,61,18,98,38.7
30076024,4,chest pain,5,85,147,79,19,98,36.1
30076025,4,abdominal pain,0,103,124,87,20,98,36.7
30076026,4,abdominal pain,6,71,111,93,20,95,36.4
30076027,2,anxiety,6,69,118,72,19,98,37.7
30076028,3,back pain,0,98,96,89,12,99,35.2
30076029,4,laceration,0,74,123,79,18,97,36.7
30076030,2,laceration,6,81,139,87,12,92,37.8
30076031,3,laceration,5,84,123,82,21,98,38.2
30076032,3,knee pain,6,85,142,85,18,98,36.9
30076033,3,laceration,6,86,119,88,13,100,36.7
30076034,4,knee pain,7,89,130,52,19,96,37.9
30076035,3,fall,7,95,125,88,19,100,37.2
30076036,2,abdominal pain,8,93,126,97,23,100,37.2
30076037,5,shortness of breath,4,75,134,63,20,97,36.2
30076038,3,laceration,1,66,127,91,21,100,37.6
30076039,3,back pain,4,69,115,95,18,98,36.2
30076040,2,fall,10,103,119,91,18,96,36.5
30076041,1,shortness of breath,9,97,92,91,14,95,37.1
30076042,2,chest pain,10,96,82,103,19,90,37.1
30076043,1,anxiety,8,62,113,41,21,100,37.1
30076044,4,laceration,5,107,143,74,18,100,37.1
30076045,2,abdominal pain,7,66,125,100,20,96,36.9
30076046,4,shortness of breath,3,79,108,85,22,93,38.7
30076047,4,laceration,2,87,121,77,23,92,36.3
30076048,3,knee pain,5,93,110,74,20,95,35.7
30076049,2,fall,8,97,111,83,18,100,35.7
30076050,3,shortness of breath,6,75,114,87,18,100,38.4
30076051,3,anxiety,1,64,90,80,25,94,36.9
30076052,3,chest pain,0,73,114,82,15,94,37.6
30076053,4,back pain,2,100,135,92,17,95,37.7
30076054,3,back pain,1,67,171,82,13,100,37.3
30076055,4,fall,2,112,101,74,12,99,36.6
30076056,3,knee pain,1,106,128,66,21,97,36.6
30076057,3,shortness of breath,3,99,148,113,19,97,37.4
30076058,3,fall,3,72,112,97,18,98,37.4
30076059,4,shortness of breath,2,97,115,80,20,100,35.9
30076060,1,fall,6,72,116,104,20,98,39.0
30076061,2,fall,10,94,102,85,13,94,36.0
30076062,4,back pain,5,102,141,85,15,100,35.3
30076063,2,anxiety,6,55,138,105,19,99,37.5
30076064,2,anxiety,8,88,118,72,11,100,36.9
30076065,3,knee pain,0,86,71,83,15,97,36.0
30076066,2,knee pain,9,86,96,61,20,93,36.8
30076067,2,laceration,8,108,115,85,16,94,36.7
30076068,4,laceration,0,91,153,58,19,100,37.9
30076069,3,abdominal pain,1,82,108,46,14,94,37.0
30076070,3,abdominal pain,2,62,103,108,21,97,38.3
30076071,2,fall,8,65,164,96,19,94,37.1
30076072,3,fall,4,85,93,78,17,99,36.0
30076073,3,fever,2,93,93,97,21,93,37.5
30076074,2,abdominal pain,9,82,104,92,19,95,37.2
30076075,2,fever,9,108,158,69,9,98,37.8
30076076,2,fever,9,98,107,88,20,100,36.3
30076077,3,fever,6,104,97,95,19,100,35.9
30076078,2,back pain,8,97,151,80,19,100,36.1
30076079,3,chest pain,7,89,125,71,16,98,36.7
30076080,3,headache,6,77,128,82,21,100,36.2
30076081,1,abdominal pain,6,54,148,95,14,99,37.1
30076082,4,anxiety,3,71,99,108,19,98,36.5
30076083,1,fall,8,90,111,98,17,98,36.8
30076084,3,back pain,4,82,134,71,21,93,36.7
30076085,4,back pain,2,70,97,83,11,90,35.9
30076086,3,fall,1,70,94,62,22,90,37.7
30076087,4,knee pain,4,95,109,109,25,100,36.3
30076088,3,knee pain,7,71,114,87,14,94,37.2
30076089,3,back pain,1,95,171,62,18,94,37.1
30076090,3,shortness of breath,2,77,150,91,12,96,37.1
30076091,3,anxiety,0,71,86,56,18,99,35.7
30076092,3,abdominal pain,2,103,136,108,22,94,37.2
30076093,1,headache,9,93,124,93,21,100,36.7
30076094,3,laceration,4,95,127,72,19,91,36.9
30076095,3,headache,1,83,99,100,19,100,37.8
30076096,4,headache,6,84,135,71,18,99,38.3
30076097,4,headache,0,79,109,85,20,100,36.7
30076098,3,anxiety,0,89,124,62,11,94,37.8
30076099,3,back pain,1,109,111,91,22,93,35.8
30076100,3,headache,2,85,130,71,20,99,37.1
30076101,2,laceration,6,65,98,71,14,99,36.1
30076102,3,fever,3,61,124,97,26,95,36.3
30076103,3,fall,2,80,111,73,18,98,37.8
30076104,4,abdominal pain,0,82,131,91,13,95,39.4
30076105,3,laceration,3,79,110,72,24,100,38.0
30076106,1,shortness of breath,9,73,103,68,17,99,37.7
30076107,5,headache,7,80,125,69,12,98,37.3
30076108,3,headache,4,76,151,74,19,97,35.2
30076109,2,headache,9,99,170,58,21,99,36.5
30076110,3,fall,1,89,115,102,18,96,36.8
30076111,4,laceration,7,94,101,70,21,98,37.1
30076112,3,fall,0,99,128,87,14,99,38.2
30076113,3,fall,2,101,136,64,18,96,37.1
30076114,2,shortness of breath,9,102,122,81,21,90,36.2
30076115,4,anxiety,4,73,142,85,13,99,37.7
30076116,2,chest pain,8,90,118,67,20,100,37.0
30076117,2,anxiety,6,48,123,81,12,98,38.4
30076118,4,fever,3,108,122,54,17,97,37.3
30076119,4,headache,4,78,112,94,12,100,36.9
30076120,4,fever,1,75,125,71,24,94,38.1
30076121,3,fever,6,67,100,63,20,94,36.6
30076122,4,laceration,3,87,154,66,13,100,37.0
30076123,4,headache,4,110,142,70,16,94,35.8
30076124,3,fall,4,91,119,94,18,98,36.3
30076125,3,headache,0,80,162,57,23,100,37.3
30076126,3,fall,1,102,160,65,26,98,37.7
30076127,3,headache,4,87,127,93,21,98,37.3
30076128,5,chest pain,3,84,149,88,21,99,37.3
30076129,5,abdominal pain,0,79,159,73,8,100,37.6
30076130,5,headache,4,72,118,84,23,91,37.5
30076131,4,anxiety,4,60,121,66,14,100,36.1
30076132,3,abdominal pain,6,69,128,58,21,97,36.4
30076133,3,anxiety,5,108,110,99,12,98,36.9
30076134,3,knee pain,5,98,125,75,16,92,37.3
30076135,3,fall,0,72,170,72,19,96,38.5
30076136,4,laceration,6,67,151,81,9,97,35.7
30076137,3,anxiety,4,88,110,80,20,90,37.1
30076138,3,laceration,4,117,102,99,15,98,37.1
30076139,3,fever,2,63,162,100,18,100,36.7
30076140,3,back pain,7,71,148,72,16,100,38.0
30076141,1,fall,6,73,119,72,17,98,35.8
30076142,3,headache,7,99,105,77,14,100,37.1
30076143,1,abdominal pain,7,89,121,87,9,96,37.1
30076144,1,back pain,8,79,145,81,16,98,37.3
30076145,2,anxiety,10,69,144,110,22,98,38.0
30076146,3,fall,5,91,102,87,22,90,37.3
30076147,4,laceration,2,98,125,95,12,97,37.4
30076148,4,shortness of breath,7,82,138,82,21,100,36.5
30076149,3,fever,4,92,163,81,11,90,37.3
30076150,2,headache,10,83,111,60,22,99,36.5
30076151,3,chest pain,7,108,139,82,18,100,37.9
30076152,3,anxiety,2,82,149,100,20,96,37.6
30076153,2,abdominal pain,6,62,103,96,20,97,35.8
30076154,3,anxiety,4,52,130,74,13,97,36.6
30076155,4,chest pain,4,88,108,82,18,93,38.9
30076156,3,fall,2,100,116,78,19,98,37.8
30076157,2,knee pain,6,82,115,83,17,91,36.5
30076158,2,abdominal pain,6,100,147,120,21,99,36.1
30076159,3,fever,1,80,152,88,21,95,36.1
30076160,3,laceration,2,68,104,75,22,100,36.0
30076161,3,knee pain,3,92,146,87,19,100,36.8
30076162,3,abdominal pain,3,60,99,87,22,92,36.7
30076163,3,headache,2,102,125,95,26,97,37.0
30076164,1,anxiety,8,105,169,73,23,100,35.8
30076165,5,headache,2,79,125,76,23,95,37.5
30076166,3,chest pain,4,100,131,61,22,94,37.0
30076167,4,abdominal pain,6,78,112,88,20,98,36.1
30076168,3,headache,2,96,120,79,21,96,37.2
30076169,4,knee pain,0,73,149,78,11,96,38.6
30076170,3,fever,2,98,99,44,13,97,36.6
30076171,4,anxiety,3,75,184,97,16,97,36.7
30076172,2,knee pain,6,107,127,61,26,100,37.0
30076173,2,anxiety,10,88,104,87,13,93,38.3
30076174,2,abdominal pain,7,99,165,95,15,99,36.4
30076175,2,fever,6,102,124,76,16,91,36.5
30076176,2,chest pain,9,80,121,80,25,96,38.3
30076177,1,abdominal pain,9,80,140,71,22,94,36.5
30076178,2,shortness of breath,8,88,143,85,17,94,36.6
30076179,3,shortness of breath,5,85,106,87,11,100,37.9
30076180,3,back pain,1,119,136,97,21,96,36.9
30076181,3,fall,4,102,138,68,21,98,37.8
30076182,1,chest pain,7,79,97,81,25,97,36.8
30076183,5,back pain,7,86,132,71,21,92,35.3
30076184,3,chest pain,3,106,98,62,19,95,36.7
30076185,4,fall,6,87,141,83,10,98,37.8
30076186,1,chest pain,7,104,123,69,14,100,37.1
30076187,3,headache,3,87,142,92,16,93,37.3
30076188,4,laceration,3,101,111,45,23,97,36.6
30076189,3,fall,0,87,123,86,11,92,37.6
30076190,3,fall,2,87,111,107,19,98,35.9
30076191,3,headache,5,102,106,66,18,100,36.2
30076192,2,fall,7,98,131,84,22,99,36.5
30076193,3,fall,0,47,99,105,18,100,37.7
30076194,3,back pain,4,97,116,80,21,99,36.3
30076195,1,laceration,10,86,131,67,19,96,36.5
30076196,4,anxiety,0,117,123,80,17,97,36.2
30076197,3,fever,3,57,108,75,22,95,36.7
30076198,4,knee pain,3,102,90,86,18,93,37.9
30076199,5,back pain,1,98,168,93,21,95,37.4
30076200,3,shortness of breath,3,98,120,84,20,100,37.2
30076201,3,knee pain,1,89,141,67,24,98,36.2
30076202,3,back pain,3,101,129,67,23,93,38.1
30076203,2,headache,9,95,109,96,15,98,36.6
30076204,2,anxiety,6,90,114,86,17,99,36.5
30076205,3,shortness of breath,4,108,138,97,16,100,36.4
30076206,4,headache,5,83,112,92,19,95,36.3
30076207,4,knee pain,0,84,117,61,15,96,38.1
30076208,3,shortness of breath,0,107,105,63,23,100,35.9
30076209,3,headache,3,119,108,96,18,95,36.9
30076210,3,knee pain,6,104,108,90,23,94,37.5
30076211,5,laceration,4,75,106,57,16,95,37.2
30076212,3,knee pain,2,83,114,73,16,91,36.4
30076213,2,headache,7,97,111,77,17,94,36.1
30076214,3,laceration,4,89,133,74,23,92,37.8
30076215,3,back pain,1,97,99,70,18,99,36.4
30076216,2,shortness of breath,10,105,141,58,18,100,37.0
30076217,4,shortness of breath,4,80,154,85,12,97,37.0
30076218,3,fall,2,84,108,77,15,97,36.7
30076219,3,fever,4,100,117,72,22,99,36.1
30076220,3,knee pain,2,92,108,74,18,100,37.2
30076221,3,anxiety,1,89,108,86,15,100,37.3
30076222,3,chest pain,3,78,104,90,17,100,38.7
30076223,3,knee pain,6,105,96,101,16,93,37.3
30076224,3,fever,3,78,129,62,16,96,38.5
30076225,4,abdominal pain,4,98,107,90,17,95,36.0
30076226,4,anxiety,3,75,130,91,20,94,36.6
30076227,3,back pain,6,79,122,88,23,94,36.9
30076228,3,chest pain,3,69,101,68,20,93,37.8
30076229,1,anxiety,7,84,107,90,18,100,37.1
30076230,2,anxiety,9,95,143,42,13,97,37.4
30076231,2,fall,9,77,132,97,27,97,35.5
30076232,4,shortness of breath,6,92,131,80,18,100,37.4
30076233,2,fall,7,101,159,80,21,93,35.7
30076234,3,chest pain,2,114,127,86,12,99,36.9
30076235,3,anxiety,3,88,107,43,21,96,38.7
30076236,3,shortness of breath,7,82,93,65,20,97,36.4
30076237,2,fever,8,97,102,71,18,95,37.5
30076238,3,laceration,7,86,132,81,18,100,37.0
30076239,3,abdominal pain,0,86,111,77,19,99,37.2
30076240,4,fever,5,40,134,68,21,96,37.6
30076241,3,fever,3,83,132,75,24,97,37.5
30076242,1,abdominal pain,10,65,102,97,21,98,37.8
30076243,3,anxiety,3,88,128,81,22,92,36.4
30076244,3,abdominal pain,6,70,123,77,21,94,36.8
30076245,2,back pain,6,88,148,63,20,98,36.2
30076246,3,abdominal pain,2,72,113,82,18,96,37.2
30076247,3,back pain,5,61,141,83,12,96,37.4
30076248,3,anxiety,7,55,147,111,27,96,37.6
30076249,4,fall,0,82,126,101,21,94,36.8
30076250,3,laceration,4,89,140,86,21,98,38.3
30076251,3,headache,4,57,142,74,16,99,37.6
30076252,2,headache,8,78,107,79,17,95,36.4
30076253,3,anxiety,1,85,99,68,22,98,39.4
30076254,3,fall,7,90,110,76,22,93,38.0
30076255,3,anxiety,4,105,106,96,13,100,37.2
30076256,2,fever,6,67,144,62,17,100,38.1
30076257,4,chest pain,7,74,137,78,14,99,37.3
30076258,3,knee pain,5,79,114,83,24,100,36.2
30076259,3,shortness of breath,1,78,123,61,17,100,37.6
30076260,3,shortness of breath,3,86,116,105,23,95,36.8
30076261,2,knee pain,7,89,111,81,19,95,37.0
30076262,2,fever,10,94,138,104,20,96,37.6
30076263,3,shortness of breath,7,88,149,95,17,93,35.4
30076264,3,abdominal pain,6,76,126,100,6,93,36.5
30076265,4,fall,0,81,96,75,14,96,37.6
30076266,4,laceration,0,95,124,62,20,97,36.4
30076267,4,back pain,1,75,155,108,25,100,36.8
30076268,2,chest pain,10,62,154,81,12,97,36.0
30076269,3,headache,3,86,116,64,17,94,36.5
30076270,4,back pain,5,63,114,55,21,97,35.9
30076271,3,fever,5,77,126,78,18,100,37.3
30076272,3,shortness of breath,2,85,120,64,24,100,36.9
30076273,3,headache,1,97,159,92,17,100,36.4
30076274,2,back pain,6,58,121,77,17,97,37.3
30076275,3,laceration,1,93,113,77,14,98,35.9
30076276,3,back pain,1,113,98,74,17,96,36.7
30076277,4,abdominal pain,7,75,149,73,13,100,37.9
30076278,1,chest pain,7,93,109,64,20,99,38.3
30076279,4,fever,2,122,105,58,24,98,35.6
30076280,4,anxiety,7,106,124,111,20,100,36.9
30076281,4,shortness of breath,5,82,137,86,18,93,37.1
30076282,3,laceration,7,50,117,81,20,95,37.1
30076283,3,fever,2,91,135,71,24,99,37.0
30076284,3,headache,6,100,110,73,20,98,36.5
30076285,1,abdominal pain,9,94,66,80,15,98,36.0
30076286,2,fever,6,107,136,77,17,95,37.1
30076287,3,headache,0,82,140,92,14,100,36.9
30076288,3,fever,4,73,116,78,12,100,36.2
30076289,4,shortness of breath,6,91,154,49,25,100,37.1
30076290,3,abdominal pain,0,85,131,83,21,95,36.3
30076291,4,fever,1,83,144,104,16,95,37.9
30076292,3,shortness of breath,1,80,98,103,17,97,36.5
30076293,3,anxiety,5,73,109,62,13,94,37.3
30076294,3,chest pain,1,101,99,109,16,95,37.6
30076295,3,fall,0,71,148,61,17,96,36.6
30076296,3,anxiety,4,89,126,94,17,91,36.9
30076297,3,chest pain,4,89,122,96,19,98,39.1
30076298,3,laceration,3,95,123,85,21,95,38.1
30076299,2,fever,6,61,115,56,19,100,37.1
30076300,3,back pain,0,107,95,89,16,91,37.2
30076301,5,shortness of breath,4,98,127,81,16,99,38.9
30076302,2,chest pain,8,81,117,84,21,94,37.7
30076303,4,shortness of breath,6,81,141,72,18,100,37.9
30076304,4,abdominal pain,5,80,128,88,16,97,37.0
30076305,3,chest pain,0,64,120,67,14,96,37.5
30076306,3,fall,3,82,144,89,19,98,37.4
30076307,2,laceration,10,88,131,67,22,99,36.7
30076308,3,laceration,4,79,124,59,22,99,36.3
30076309,3,chest pain,4,77,120,87,19,96,36.8
30076310,3,laceration,4,81,131,103,20,96,36.6
30076311,3,back pain,7,102,133,83,24,96,37.4
30076312,2,back pain,6,41,121,74,16,98,37.7
30076313,5,anxiety,6,101,139,95,13,96,36.8
30076314,1,back pain,10,91,123,113,21,94,35.8
30076315,2,fall,7,86,105,68,21,100,36.7
30076316,4,laceration,6,80,117,88,17,96,36.8
30076317,3,back pain,3,88,153,86,20,96,36.0
30076318,3,headache,6,93,121,88,23,94,37.4
30076319,3,anxiety,1,92,120,70,16,100,36.9
30076320,1,fever,6,104,125,74,19,100,37.5
30076321,4,headache,4,80,133,84,20,96,36.9
30076322,3,laceration,1,98,159,90,20,100,37.1
30076323,4,abdominal pain,5,89,125,64,21,99,37.2
30076324,5,laceration,0,101,103,73,13,95,39.3
30076325,1,fall,9,80,124,68,15,98,36.3
30076326,4,chest pain,7,88,152,80,15,100,35.3
30076327,4,abdominal pain,3,80,154,80,12,97,36.4
30076328,3,fall,6,98,117,86,13,100,36.7
30076329,3,chest pain,1,91,100,66,15,93,36.6
30076330,2,shortness of breath,9,95,121,70,13,95,37.9
30076331,3,fall,5,74,129,65,21,95,38.0
30076332,3,knee pain,1,98,141,47,15,95,36.9
30076333,4,fever,1,58,145,42,14,96,36.7
30076334,3,fall,5,88,132,95,16,100,36.6
30076335,3,knee pain,2,95,140,83,21,95,36.3
30076336,3,headache,0,85,111,81,22,99,36.3
30076337,3,fall,4,71,112,72,14,95,36.5
30076338,3,back pain,6,86,164,66,12,98,36.9
30076339,3,headache,1,88,119,82,22,98,36.6
30076340,3,abdominal pain,6,78,152,58,21,94,36.3
30076341,4,laceration,3,68,139,79,12,96,37.7
30076342,3,abdominal pain,0,70,121,91,23,100,36.2
30076343,5,fall,7,75,147,77,19,97,36.9
30076344,3,laceration,1,71,160,86,17,93,37.2
30076345,1,headache,7,64,121,94,22,97,35.6
30076346,4,shortness of breath,4,93,99,73,17,100,37.3
30076347,3,chest pain,1,93,110,60,18,98,35.8
30076348,3,shortness of breath,0,81,140,80,12,98,37.0
30076349,4,chest pain,4,59,85,93,17,95,37.4
30076350,4,shortness of breath,3,107,126,78,13,93,37.0
30076351,3,shortness of breath,2,77,139,66,20,94,37.1
30076352,3,laceration,2,53,152,111,17,100,36.1
30076353,4,knee pain,3,88,115,81,13,95,38.7
30076354,3,anxiety,1,78,121,66,20,93,37.2
30076355,3,shortness of breath,5,75,130,53,14,98,36.9
30076356,3,abdominal pain,4,54,146,107,18,92,37.4
30076357,4,laceration,5,71,91,93,23,95,37.6
30076358,3,back pain,0,85,98,92,18,95,37.9
30076359,3,fall,4,109,166,74,17,98,37.8
30076360,3,fall,7,110,112,61,17,96,35.6
30076361,4,laceration,6,97,113,82,19,96,36.6
30076362,3,back pain,7,54,114,92,12,95,37.0
30076363,3,knee pain,2,97,104,74,23,93,36.5
30076364,3,back pain,2,102,115,102,16,100,36.6
30076365,3,chest pain,1,99,97,71,18,97,37.4
30076366,4,shortness of breath,5,60,147,79,17,92,38.6
30076367,3,laceration,4,85,108,87,15,93,37.7
30076368,4,back pain,3,80,80,85,14,92,36.5
30076369,3,back pain,2,77,126,83,22,93,36.5
30076370,4,back pain,2,84,130,82,23,97,37.5
30076371,3,fever,2,91,112,125,20,97,38.5
30076372,4,headache,4,93,146,89,23,97,36.9
30076373,3,headache,4,80,115,100,18,97,38.3
30076374,3,knee pain,6,70,98,74,12,93,37.8
30076375,3,fall,4,91,114,67,14,95,36.6
30076376,2,laceration,7,66,97,92,21,100,36.6
30076377,1,fever,9,81,116,105,12,100,36.3
30076378,3,laceration,6,115,111,85,12,93,37.7
30076379,3,laceration,4,104,131,65,24,96,38.3
30076380,2,anxiety,7,98,121,64,23,100,37.4
30076381,3,chest pain,7,76,97,85,23,100,36.5
30076382,4,back pain,6,92,128,56,21,98,37.5
30076383,3,shortness of breath,3,78,103,84,18,93,36.6
30076384,2,abdominal pain,7,81,100,75,20,93,36.1
30076385,1,anxiety,8,68,155,96,8,98,36.3
30076386,5,back pain,6,81,121,72,22,95,37.8
30076387,1,back pain,7,90,116,68,15,97,35.7
30076388,4,back pain,3,89,119,87,16,99,37.4
30076389,3,abdominal pain,7,65,84,59,20,99,36.3
30076390,4,back pain,7,88,87,79,21,95,36.3
30076391,4,fall,5,85,112,60,19,93,36.6
30076392,4,anxiety,4,100,139,68,15,98,36.0
30076393,3,fever,2,113,113,79,16,96,37.4
30076394,3,chest pain,5,111,108,55,18,98,36.7
30076395,3,anxiety,4,92,149,106,21,92,37.8
30076396,3,headache,2,89,121,48,23,98,37.6
30076397,3,back pain,4,84,156,73,19,94,38.4
30076398,3,headache,0,94,119,84,19,100,36.8
30076399,4,shortness of breath,6,80,142,69,24,99,36.2
30076400,3,abdominal pain,6,85,119,84,20,95,36.8
30076401,3,anxiety,6,100,124,91,20,99,36.3
30076402,4,anxiety,5,91,141,75,11,98,36.7
30076403,3,laceration,2,63,114,79,26,96,38.4
30076404,2,chest pain,7,72,147,73,22,100,35.7
30076405,2,shortness of breath,9,98,139,87,26,100,36.9
30076406,5,abdominal pain,1,79,109,93,16,96,38.1
30076407,3,headache,6,85,115,93,23,99,37.1
30076408,2,anxiety,8,80,87,93,20,96,37.3
30076409,3,knee pain,7,93,102,60,15,99,37.2
30076410,3,fever,1,89,131,91,18,96,36.3
30076411,3,anxiety,4,94,139,103,16,100,37.1
30076412,3,headache,4,76,141,94,16,100,37.2
30076413,3,laceration,4,88,114,80,15,91,36.4
30076414,2,shortness of breath,6,87,138,85,17,98,38.0
30076415,5,shortness of breath,4,108,153,79,21,92,37.9
30076416,3,fall,5,77,150,101,20,100,37.4
30076417,4,abdominal pain,3,85,109,88,17,96,35.7
30076418,3,anxiety,0,50,106,65,11,93,37.8
30076419,3,abdominal pain,5,97,111,68,23,97,36.6
30076420,3,fever,3,81,113,85,15,94,37.4
30076421,2,fever,6,89,142,65,9,97,37.8
30076422,2,back pain,10,69,130,58,16,94,37.4
30076423,1,headache,9,61,118,78,23,96,37.2
30076424,3,anxiety,2,99,115,71,17,94,37.3
30076425,3,knee pain,7,83,54,93,23,95,37.7
30076426,5,fall,2,99,122,73,16,95,36.4
30076427,2,fever,9,75,127,85,23,97,36.6
30076428,3,shortness of breath,5,67,131,82,16,95,36.6
30076429,4,fall,2,78,79,92,16,100,36.9
30076430,3,shortness of breath,3,68,159,74,14,100,37.8
30076431,1,fever,10,94,124,79,17,91,37.4
30076432,3,fever,7,72,125,64,13,94,36.9
30076433,3,laceration,7,103,83,80,18,99,38.7
30076434,2,back pain,6,75,137,59,22,97,37.0
30076435,4,shortness of breath,4,76,122,57,15,95,37.4
30076436,3,fever,3,81,123,75,23,99,37.6
30076437,2,anxiety,7,64,98,50,21,100,37.9
30076438,3,anxiety,7,72,140,37,16,96,38.9
30076439,4,headache,1,104,144,110,16,100,37.1
30076440,3,laceration,4,95,91,78,16,100,37.1
30076441,3,knee pain,6,79,123,76,21,99,36.3
30076442,3,fever,5,59,78,69,27,100,37.4
30076443,3,back pain,7,79,137,77,10,100,38.0
30076444,2,headache,7,66,160,90,20,96,37.4
30076445,3,knee pain,5,113,163,76,17,95,36.5
30076446,3,abdominal pain,0,87,141,80,20,99,36.2
30076447,3,back pain,7,99,134,61,13,95,37.4
30076448,3,shortness of breath,3,103,138,78,21,98,37.1
30076449,3,fever,5,96,155,95,23,97,37.0
30076450,1,headache,9,64,154,63,21,96,36.7
30076451,4,shortness of breath,6,88,106,77,17,100,36.0
30076452,4,shortness of breath,3,94,158,68,21,100,37.0
30076453,3,chest pain,6,72,115,107,15,100,36.8
30076454,2,knee pain,6,109,109,104,9,93,38.6
30076455,3,fall,7,100,104,78,17,99,35.9
30076456,4,laceration,7,119,125,76,19,96,37.1
30076457,4,anxiety,7,73,147,75,26,90,35.9
30076458,1,knee pain,8,73,126,94,15,96,37.0
30076459,3,fever,5,81,158,74,18,94,35.9
30076460,3,knee pain,3,95,111,54,26,100,37.1
30076461,4,knee pain,5,85,110,77,21,92,36.7
30076462,3,chest pain,4,67,125,76,18,96,38.1
30076463,4,chest pain,7,97,131,95,22,98,38.1
30076464,4,anxiety,5,108,140,71,10,95,38.4
30076465,3,fall,2,61,91,89,20,94,36.5
30076466,3,knee pain,3,86,108,77,13,95,36.6
30076467,3,shortness of breath,7,105,118,60,24,99,35.6
30076468,4,laceration,4,99,129,75,17,98,37.4
30076469,3,shortness of breath,7,90,104,66,21,87,36.7
30076470,4,shortness of breath,3,92,101,68,16,97,37.3
30076471,3,knee pain,6,105,131,76,18,97,36.8
30076472,4,anxiety,5,90,156,77,25,94,36.1
30076473,4,abdominal pain,0,100,116,115,15,92,35.5
30076474,3,back pain,5,87,109,91,17,96,36.6
30076475,3,shortness of breath,6,90,150,81,21,97,38.0
30076476,3,chest pain,0,71,129,94,17,97,38.6
30076477,3,shortness of breath,0,70,93,94,16,92,37.1
30076478,3,fall,6,75,151,77,21,92,37.0
30076479,3,shortness of breath,0,91,129,82,13,100,38.5
30076480,3,headache,0,101,111,83,22,96,37.0
30076481,4,back pain,3,63,138,73,23,91,37.5
30076482,4,shortness of breath,2,102,129,79,27,96,34.8
30076483,3,knee pain,0,88,125,118,16,96,37.2
30076484,4,fever,6,96,152,82,23,100,37.3
30076485,3,fever,5,78,158,71,12,100,38.0
30076486,5,fall,2,110,106,92,21,98,37.2
30076487,1,shortness of breath,9,109,112,97,22,99,37.5
30076488,3,chest pain,6,44,101,51,16,96,36.5
30076489,2,chest pain,6,100,109,75,15,100,37.6
30076490,3,fever,3,98,138,68,15,99,37.3
30076491,3,headache,2,79,126,81,24,95,37.1
30076492,3,knee pain,0,52,100,93,16,98,36.7
30076493,5,back pain,2,111,108,84,23,95,36.3
30076494,3,headache,0,93,129,100,18,92,35.8
30076495,4,knee pain,4,99,142,73,21,99,37.7
30076496,3,knee pain,5,96,123,87,19,97,37.3
30076497,1,anxiety,7,109,96,46,11,99,36.3
30076498,3,anxiety,6,88,148,75,23,98,38.1
30076499,1,shortness of breath,6,54,126,85,22,91,38.3
30076500,3,fever,7,66,127,61,18,97,37.1
30076501,3,anxiety,1,70,90,105,19,96,36.7
30076502,3,back pain,7,80,104,59,18,94,36.9
30076503,3,fall,0,72,100,59,15,99,35.7
30076504,1,laceration,8,65,82,74,13,100,38.6
30076505,3,laceration,5,81,116,97,22,98,37.0
30076506,4,shortness of breath,7,99,143,106,19,100,38.0
30076507,3,laceration,6,74,125,98,14,94,38.1
30076508,3,laceration,6,79,118,97,19,98,37.2
30076509,3,back pain,0,80,117,65,24,94,35.3
30076510,1,shortness of breath,7,81,130,83,15,89,36.1
30076511,1,laceration,7,82,136,93,19,95,36.5
30076512,3,laceration,4,99,131,89,13,100,36.8
30076513,3,shortness of breath,5,86,115,87,20,94,36.9
30076514,3,anxiety,2,88,127,117,19,98,37.3
30076515,3,headache,3,78,137,84,12,96,36.5
30076516,3,anxiety,7,66,132,105,15,95,37.6
30076517,4,anxiety,1,94,121,83,16,97,36.1
30076518,4,shortness of breath,3,79,137,78,22,98,38.1
30076519,5,fall,4,93,105,70,14,100,37.2
30076520,3,laceration,3,81,74,58,16,97,36.2
30076521,1,knee pain,9,90,130,99,20,93,37.8
30076522,3,fall,0,73,119,101,16,97,37.3
30076523,2,abdominal pain,8,120,138,58,22,97,36.3
30076524,1,knee pain,9,68,164,109,20,98,36.5
30076525,3,anxiety,3,54,115,72,13,97,36.1
30076526,2,knee pain,9,80,128,91,19,96,38.5
30076527,3,back pain,2,57,141,70,26,96,37.5
30076528,2,back pain,9,101,96,89,17,93,37.4
30076529,3,chest pain,5,78,149,76,17,95,36.6
30076530,3,shortness of breath,3,78,104,87,26,95,36.1
30076531,3,abdominal pain,2,88,105,85,13,99,37.6
30076532,4,fall,4,73,135,84,18,96,37.7
30076533,3,back pain,3,76,128,85,15,98,38.0
30076534,3,fall,6,106,146,74,16,92,37.3
30076535,3,headache,6,86,105,68,13,95,36.1
30076536,3,shortness of breath,0,84,117,90,19,91,37.0
30076537,1,laceration,6,85,104,97,11,96,37.5
30076538,3,chest pain,3,92,143,68,17,100,38.0
30076539,4,fall,5,84,138,87,20,92,37.4
30076540,3,fever,3,88,137,87,18,100,37.4
30076541,2,back pain,7,84,97,76,16,92,36.7
30076542,4,chest pain,7,77,139,79,20,94,38.0
30076543,3,fever,0,89,113,59,23,94,37.8
30076544,2,anxiety,9,85,94,72,15,97,37.7
30076545,3,back pain,4,61,143,94,13,99,34.9
30076546,2,knee pain,8,66,133,84,21,96,37.3
30076547,4,headache,0,115,116,101,16,98,38.1
30076548,3,fever,3,72,138,92,14,94,36.7
30076549,1,laceration,7,112,96,94,14,97,37.4
30076550,2,headache,9,85,126,84,20,94,37.2
30076551,2,headache,6,68,128,82,13,96,36.1
30076552,3,fall,4,115,99,94,18,100,37.4
30076553,3,knee pain,1,109,157,79,14,99,37.7
30076554,3,back pain,5,82,111,73,20,97,37.7
30076555,4,laceration,6,100,108,72,24,94,37.1
30076556,3,knee pain,5,70,94,73,16,98,36.3
30076557,3,knee pain,3,74,119,74,14,100,37.4
30076558,3,back pain,7,79,110,93,17,90,36.3
30076559,3,shortness of breath,4,87,124,55,21,96,37.1
30076560,5,headache,5,89,112,115,15,98,37.4
30076561,4,fall,3,88,132,79,18,94,36.8
30076562,5,anxiety,1,93,131,53,20,100,37.8
30076563,3,shortness of breath,6,116,147,79,17,94,37.8
30076564,1,fever,8,78,137,69,13,100,36.2
30076565,2,back pain,9,112,161,91,22,95,36.5
30076566,3,fall,2,79,127,74,10,92,37.6
30076567,4,fever,1,93,135,44,20,97,38.3
30076568,2,fever,6,63,110,79,12,100,36.8
30076569,5,fall,3,71,120,84,19,100,36.0
30076570,3,fever,4,71,152,68,16,100,37.7
30076571,3,fall,4,69,115,112,18,97,38.6
30076572,3,fever,5,90,130,64,17,100,37.8
30076573,3,back pain,2,89,148,60,25,94,37.8
30076574,4,anxiety,4,85,155,67,28,95,37.6
30076575,3,chest pain,2,85,77,75,19,96,36.8
30076576,4,back pain,7,84,139,56,17,99,36.5
30076577,4,shortness of breath,6,84,104,96,19,99,36.0
30076578,3,back pain,1,77,99,95,16,99,35.9
30076579,3,back pain,0,65,111,77,19,96,37.5
30076580,3,fall,4,74,136,80,15,97,36.4
30076581,3,back pain,1,72,152,94,19,94,36.7
30076582,2,anxiety,8,85,112,99,16,93,36.3
30076583,3,fall,6,97,97,81,17,97,37.2
30076584,4,anxiety,3,91,144,102,18,95,37.2
30076585,3,laceration,5,66,129,59,15,93,36.7
30076586,3,fever,5,80,159,110,20,98,35.8
30076587,2,abdominal pain,9,63,146,81,15,93,37.6
30076588,3,fever,7,83,120,60,7,100,35.9
30076589,2,abdominal pain,8,99,111,66,21,98,36.3
30076590,1,abdominal pain,10,71,136,85,18,99,36.1
30076591,4,knee pain,1,83,149,108,20,96,36.3
30076592,5,back pain,0,50,145,85,15,100,38.5
30076593,3,anxiety,6,74,150,81,15,98,36.3
30076594,1,headache,8,69,138,94,25,98,36.2
30076595,2,fever,10,95,105,74,12,100,36.3
30076596,4,abdominal pain,0,75,109,73,18,96,35.4
30076597,3,shortness of breath,4,88,155,91,14,94,36.0
30076598,4,anxiety,0,95,80,62,16,95,36.7
30076599,3,knee pain,3,108,129,59,16,98,35.5
30076600,3,back pain,2,86,143,118,13,100,37.2
30076601,4,fall,2,106,118,75,23,98,37.6
30076602,3,laceration,7,65,144,86,19,95,37.4
30076603,3,anxiety,2,104,131,98,17,96,37.1
30076604,3,knee pain,0,102,125,56,15,100,37.9
30076605,3,chest pain,5,81,146,106,22,100,36.4
30076606,2,knee pain,7,78,145,87,20,97,36.5
30076607,2,chest pain,9,66,87,83,24,99,36.4
30076608,3,headache,5,106,129,70,24,97,37.1
30076609,2,fall,6,104,131,61,26,95,35.6
30076610,4,fever,6,77,125,76,15,97,37.0
30076611,3,abdominal pain,2,119,132,75,11,98,36.8
30076612,1,headache,7,54,119,52,17,98,36.4
30076613,3,laceration,4,68,133,55,14,100,37.8
30076614,2,back pain,7,69,147,63,19,94,37.2
30076615,4,chest pain,1,101,118,86,16,99,37.4
30076616,2,laceration,6,82,129,70,11,98,36.4
30076617,5,knee pain,0,73,167,72,17,98,36.5
30076618,3,chest pain,0,93,122,68,18,97,36.6
30076619,5,fever,6,89,88,91,20,100,37.3
30076620,3,knee pain,0,86,137,89,15,94,36.9
30076621,2,shortness of breath,7,107,170,65,11,100,36.9
30076622,3,chest pain,6,88,108,109,18,97,36.3
30076623,3,shortness of breath,3,81,141,88,25,93,37.1
30076624,2,abdominal pain,8,110,130,83,17,95,38.3
30076625,3,fever,1,81,110,78,13,92,37.2
30076626,3,knee pain,4,89,124,73,20,96,37.7
30076627,3,back pain,0,50,153,84,21,97,36.7
30076628,3,shortness of breath,7,80,129,59,15,93,36.3
30076629,3,anxiety,3,77,94,81,20,98,37.3
30076630,3,fall,4,94,127,94,12,97,36.8
30076631,3,fever,0,99,103,70,24,97,37.4
30076632,3,back pain,7,54,102,77,16,94,36.9
30076633,3,laceration,4,68,142,78,22,100,37.2
30076634,3,headache,2,92,146,90,15,96,35.8
30076635,3,chest pain,2,100,112,118,21,100,37.2
30076636,3,fall,7,69,159,88,16,95,37.2
30076637,3,fever,0,101,111,75,17,94,36.6
30076638,5,headache,5,79,128,80,17,98,38.3
30076639,5,chest pain,6,93,128,58,14,96,36.2
30076640,2,anxiety,7,127,128,98,22,97,35.8
30076641,1,back pain,7,74,88,92,18,97,37.7
30076642,2,fever,10,86,155,91,14,96,37.7
30076643,2,shortness of breath,10,81,140,66,20,100,37.3
30076644,3,anxiety,2,82,105,94,16,98,37.2
30076645,4,abdominal pain,3,84,125,95,13,98,36.4
30076646,4,abdominal pain,6,64,162,77,15,97,36.8
30076647,2,shortness of breath,8,118,146,74,20,100,37.6
30076648,3,headache,5,59,155,87,19,96,37.2
30076649,4,chest pain,2,92,159,96,21,94,36.8
30076650,2,laceration,6,83,153,47,24,100,37.2
30076651,3,fever,3,70,138,81,17,99,37.0
30076652,3,headache,0,105,112,60,16,100,38.1
30076653,2,chest pain,6,109,139,90,19,97,37.8
30076654,3,headache,4,96,126,72,13,95,36.2
30076655,3,fever,0,87,145,90,19,99,37.3
30076656,4,shortness of breath,6,105,152,93,18,98,36.3
30076657,3,anxiety,7,100,134,44,17,99,37.3
30076658,5,anxiety,6,65,72,83,23,90,36.4
30076659,1,back pain,7,95,91,68,10,97,36.6
30076660,3,anxiety,0,88,101,66,19,93,36.7
30076661,4,knee pain,4,73,130,69,17,97,36.9
30076662,5,anxiety,3,88,141,85,23,93,37.3
30076663,2,headache,6,62,120,80,24,99,36.6
30076664,3,back pain,0,81,132,86,26,97,36.5
30076665,3,headache,2,81,116,91,19,100,36.3
30076666,4,laceration,5,105,129,85,12,100,38.1
30076667,4,back pain,7,73,119,59,17,100,36.9
30076668,2,laceration,9,81,120,85,19,96,36.9
30076669,3,shortness of breath,3,71,134,78,22,98,35.4
30076670,5,fall,0,78,125,94,10,98,36.5
30076671,2,back pain,10,105,100,57,24,92,37.9
30076672,2,shortness of breath,6,111,133,79,15,96,36.9
30076673,2,back pain,8,57,132,78,19,99,37.6
30076674,3,back pain,6,102,133,97,19,97,38.2
30076675,2,fall,6,93,161,84,19,93,37.4
30076676,2,fall,10,92,131,72,15,99,36.1
30076677,3,knee pain,2,102,139,74,16,93,37.8
30076678,4,laceration,2,100,101,90,10,97,38.2
30076679,3,shortness of breath,7,89,91,58,14,94,36.7
30076680,2,laceration,9,94,126,60,18,95,36.4
30076681,3,fever,5,116,100,89,13,92,36.8
30076682,2,knee pain,6,80,133,95,23,94,37.0
30076683,3,headache,7,95,102,50,18,94,36.0
30076684,3,laceration,3,46,113,37,29,100,38.2
30076685,3,fall,3,85,129,84,21,97,37.5
30076686,5,shortness of breath,3,90,137,69,16,90,37.6
30076687,3,shortness of breath,1,68,80,88,17,100,37.8
30076688,4,laceration,0,96,123,99,24,95,36.0
30076689,2,shortness of breath,6,84,131,83,17,96,36.8
30076690,1,fever,10,99,110,67,18,100,37.0
30076691,2,laceration,6,82,143,79,15,97,37.7
30076692,3,back pain,5,78,111,64,15,100,35.7
30076693,2,back pain,9,95,116,97,16,99,37.1
30076694,4,headache,5,101,105,81,26,98,35.8
30076695,4,headache,7,76,117,67,20,99,37.4
30076696,2,knee pain,7,74,110,71,19,97,35.9
30076697,1,shortness of breath,6,95,122,54,15,98,36.2
30076698,3,headache,7,71,128,90,24,99,37.3
30076699,3,fall,1,93,141,41,22,96,36.9
30076700,4,back pain,3,73,111,86,18,100,37.7
30076701,3,knee pain,5,75,143,84,10,100,36.7
30076702,2,abdominal pain,8,84,113,69,17,100,36.8
30076703,3,laceration,3,104,91,80,12,97,35.7
30076704,4,fall,6,95,130,107,19,97,35.6
30076705,3,back pain,3,57,130,92,18,93,37.1
30076706,3,headache,7,98,118,74,21,96,37.0
30076707,3,knee pain,6,96,142,85,27,99,36.9
30076708,3,chest pain,6,78,160,83,17,97,38.6
30076709,2,abdominal pain,6,84,142,86,25,98,35.9
30076710,2,anxiety,7,89,90,95,17,97,38.5
30076711,3,fever,5,78,129,101,20,92,37.2
30076712,5,back pain,3,87,136,75,21,94,37.2
30076713,5,abdominal pain,4,104,141,66,17,94,37.2
30076714,3,fever,4,78,107,77,12,100,36.7
30076715,3,chest pain,5,112,115,67,19,97,36.8
30076716,2,fall,7,97,128,93,18,95,38.2
30076717,3,fever,2,91,136,84,17,99,37.6
30076718,4,fall,7,89,155,79,21,100,37.4
30076719,5,knee pain,5,78,128,48,14,98,37.7
30076720,3,headache,4,104,143,100,16,97,36.4
30076721,4,back pain,1,82,126,93,16,98,37.3
30076722,2,knee pain,10,96,141,80,18,96,37.0
30076723,4,knee pain,6,83,113,64,16,95,36.6
30076724,2,fever,6,102,137,51,22,97,36.3
30076725,2,chest pain,6,83,126,86,16,96,38.0
30076726,3,headache,5,62,113,60,22,96,36.1
30076727,3,shortness of breath,1,99,142,86,14,93,36.3
30076728,2,fever,9,89,108,87,23,95,36.5
30076729,3,laceration,7,77,135,86,17,100,37.3
30076730,3,fall,1,99,101,54,18,94,35.9
30076731,4,anxiety,2,44,125,71,11,100,36.8
30076732,4,shortness of breath,4,92,140,57,20,92,37.5
30076733,3,shortness of breath,4,76,104,85,27,100,36.4
30076734,2,anxiety,6,110,99,68,19,94,36.4
30076735,3,abdominal pain,5,68,75,87,12,100,36.4
30076736,3,knee pain,7,92,137,63,24,97,37.4
30076737,5,back pain,2,49,110,93,16,100,37.4
30076738,4,laceration,6,78,141,65,20,95,36.6
30076739,3,knee pain,2,101,117,79,17,98,37.1
30076740,4,laceration,7,83,104,93,21,100,36.8
30076741,3,back pain,1,86,102,86,23,92,37.5
30076742,3,fall,6,72,142,82,28,100,36.9
30076743,2,headache,8,83,125,82,19,100,34.8
30076744,2,laceration,10,104,129,66,25,98,38.3
30076745,3,fall,2,59,148,64,16,96,36.7
30076746,3,chest pain,7,51,145,92,15,95,37.5
30076747,4,headache,3,77,101,70,19,99,37.5
30076748,4,fever,7,79,156,75,23,98,36.3
30076749,3,laceration,2,57,83,67,20,98,36.2
30076750,4,laceration,2,70,107,99,21,99,36.9
30076751,3,headache,5,87,120,83,13,96,36.9
30076752,5,laceration,6,74,150,77,16,93,36.5
30076753,2,fall,6,85,96,103,6,99,36.8
30076754,2,anxiety,10,75,121,99,19,98,38.1
30076755,2,abdominal pain,6,83,115,44,16,92,36.9
30076756,1,fever,7,81,103,112,13,93,38.5
30076757,3,headache,6,76,135,96,13,92,37.3
30076758,4,fall,6,120,114,97,20,98,36.8
30076759,4,chest pain,6,66,118,77,18,99,37.8
30076760,3,fever,2,74,84,76,18,98,35.3
30076761,3,chest pain,6,60,132,63,20,98,35.9
30076762,3,laceration,5,87,116,95,17,100,37.7
30076763,3,fever,2,113,143,104,14,98,37.7
30076764,3,back pain,5,65,126,70,21,94,37.3
30076765,3,laceration,5,74,146,53,16,96,38.2
30076766,3,fall,6,82,110,85,10,100,36.5
30076767,3,headache,5,89,112,66,18,98,36.7
30076768,2,fall,7,99,129,79,16,94,37.0
30076769,3,fall,0,92,133,79,19,96,36.7
30076770,5,shortness of breath,1,113,103,72,21,96,37.2
30076771,2,knee pain,8,119,150,82,18,97,37.4
30076772,3,laceration,0,71,129,86,19,98,36.9
30076773,3,chest pain,2,93,147,68,19,94,36.3
30076774,3,laceration,0,110,123,79,15,97,37.4
30076775,2,shortness of breath,6,101,129,71,19,96,36.4
30076776,3,chest pain,5,73,117,115,16,100,36.3
30076777,3,anxiety,1,98,115,49,15,93,37.7
30076778,2,laceration,8,84,113,78,20,99,36.7
30076779,3,abdominal pain,7,64,125,94,18,95,37.5
30076780,3,laceration,2,99,126,64,20,97,37.0
30076781,3,headache,5,71,108,85,16,94,36.4
30076782,3,fever,6,66,128,78,18,99,36.1
30076783,4,anxiety,1,73,139,88,20,100,37.9
30076784,4,laceration,7,101,165,86,17,87,35.2
30076785,3,headache,3,91,115,79,25,97,36.2
30076786,3,fall,1,93,119,80,19,97,36.3
30076787,4,headache,4,78,138,88,21,92,37.0
30076788,3,back pain,6,95,116,63,14,99,37.1
30076789,4,anxiety,2,82,64,63,18,93,36.4
30076790,4,chest pain,3,79,124,81,13,94,35.2
30076791,3,laceration,5,103,130,86,25,100,35.9
30076792,3,chest pain,4,79,138,58,14,95,36.7
30076793,2,fall,10,98,155,96,12,100,38.4
30076794,3,fever,3,96,122,92,19,95,36.5
30076795,3,fever,0,91,130,84,17,90,36.5
30076796,3,shortness of breath,3,65,115,61,19,97,37.4
30076797,5,headache,5,99,146,65,17,96,37.3
30076798,3,back pain,3,105,131,64,14,94,36.8
30076799,4,chest pain,4,82,129,64,17,93,36.2
30076800,4,anxiety,6,100,103,70,23,93,37.6
30076801,3,knee pain,6,96,98,59,29,93,35.7
30076802,3,fall,5,81,103,82,20,100,37.9
30076803,3,headache,3,65,121,81,15,97,37.2
30076804,4,fever,4,88,103,120,20,100,37.0
30076805,3,headache,2,89,128,74,17,96,37.1
30076806,4,anxiety,5,59,130,70,23,97,37.5
30076807,4,headache,5,83,123,76,11,98,36.8
30076808,3,headache,6,97,142,92,14,97,35.4
30076809,2,fall,7,82,115,82,16,94,37.6
30076810,3,anxiety,2,93,137,86,18,91,37.7
30076811,2,back pain,6,90,102,102,14,93,37.9
30076812,3,fall,7,82,93,83,25,97,36.1
30076813,2,shortness of breath,10,118,126,72,17,100,37.2
30076814,3,abdominal pain,7,84,134,78,21,98,37.8
30076815,3,fever,0,84,145,72,10,99,35.9
30076816,2,headache,7,92,123,91,20,95,37.0
30076817,4,headache,1,84,128,67,20,99,38.0
30076818,1,knee pain,9,101,159,91,19,100,37.7
30076819,3,shortness of breath,1,74,93,85,17,99,37.5
30076820,4,chest pain,5,109,137,71,25,100,35.9
30076821,3,knee pain,1,98,146,80,17,97,36.0
30076822,3,back pain,5,91,113,80,28,96,36.3
30076823,3,chest pain,6,80,133,78,12,97,37.5
30076824,4,abdominal pain,4,98,160,72,20,94,35.6
30076825,3,abdominal pain,0,104,166,72,19,97,38.2
30076826,4,knee pain,7,93,113,76,20,96,36.8
30076827,3,headache,7,60,131,88,16,99,36.6
30076828,4,chest pain,1,75,71,84,19,100,37.2
30076829,3,knee pain,1,70,141,79,19,98,37.5
30076830,3,shortness of breath,4,86,123,71,23,100,37.1
30076831,2,headache,7,76,112,90,23,97,36.7
30076832,3,shortness of breath,1,83,108,77,15,100,36.2
30076833,4,chest pain,1,78,156,48,26,91,37.2
30076834,3,knee pain,5,105,97,87,22,94,36.5
30076835,1,fall,10,88,139,55,24,96,36.8
30076836,3,headache,3,72,145,57,15,100,37.0
30076837,3,headache,3,102,110,67,19,99,36.8
30076838,3,shortness of breath,6,92,89,75,18,95,36.9
30076839,3,fall,2,89,161,79,24,99,35.5
30076840,3,headache,5,93,137,84,15,98,35.8
30076841,1,shortness of breath,9,86,127,85,16,92,36.3
30076842,3,laceration,4,86,106,94,20,100,36.9
30076843,4,anxiety,2,96,133,84,24,100,36.2
30076844,2,anxiety,8,100,134,98,18,95,37.1
30076845,3,fall,0,67,130,92,14,91,37.0
30076846,3,back pain,7,94,110,51,21,94,37.6
30076847,3,fever,3,100,158,94,21,100,36.7
30076848,2,chest pain,6,72,113,56,14,99,38.1
30076849,2,anxiety,7,96,132,66,24,98,37.6
30076850,3,shortness of breath,2,87,142,63,23,100,35.4
30076851,4,laceration,0,93,139,66,19,99,37.3
30076852,3,headache,1,80,133,75,15,98,38.1
30076853,1,back pain,6,57,125,67,20,100,36.5
30076854,3,shortness of breath,7,97,161,88,18,96,36.8
30076855,3,headache,5,89,154,94,14,100,36.8
30076856,3,back pain,0,90,112,77,18,97,38.0
30076857,1,shortness of breath,10,81,97,74,21,96,37.8
30076858,3,abdominal pain,5,93,91,93,17,95,37.6
30076859,2,fever,10,49,144,65,16,98,37.1
30076860,2,shortness of breath,7,106,114,82,12,96,36.8
30076861,3,fall,4,96,128,84,15,94,37.2
30076862,3,shortness of breath,6,66,158,92,14,99,36.4
30076863,4,abdominal pain,5,100,128,103,17,96,37.9
30076864,4,shortness of breath,0,85,163,93,16,93,37.3
30076865,4,chest pain,2,87,117,78,17,98,36.4
30076866,3,fall,0,76,97,75,16,97,35.2
30076867,3,knee pain,4,82,102,98,16,99,35.7
30076868,3,abdominal pain,6,109,136,89,21,100,37.4
30076869,3,abdominal pain,3,74,154,84,16,92,37.9
30076870,4,headache,5,101,112,85,23,96,36.8
30076871,1,fever,7,90,106,89,15,98,37.5
30076872,3,fall,0,101,116,69,23,95,36.4
30076873,3,anxiety,5,83,155,119,16,95,38.3
30076874,3,abdominal pain,4,88,119,66,26,94,37.7
30076875,2,laceration,6,96,147,88,16,96,37.9
30076876,1,knee pain,6,80,126,102,20,93,37.7
30076877,3,laceration,4,73,114,66,15,97,37.0
30076878,3,back pain,4,79,133,73,12,100,37.7
30076879,2,shortness of breath,8,117,121,70,14,100,37.1
30076880,2,anxiety,6,63,121,105,21,97,36.7
30076881,3,knee pain,3,70,147,96,20,91,38.7
30076882,4,chest pain,6,79,135,60,18,99,37.1
30076883,3,knee pain,0,81,187,75,21,97,36.9
30076884,3,abdominal pain,2,96,141,53,21,96,36.9
30076885,2,headache,8,94,137,82,16,97,37.5
30076886,3,knee pain,5,86,123,91,24,96,38.6
30076887,2,anxiety,9,102,95,94,17,94,35.2
30076888,3,anxiety,3,94,102,76,16,100,37.1
30076889,3,abdominal pain,5,73,152,91,14,100,38.4
30076890,2,back pain,9,102,97,71,17,90,37.8
30076891,3,fall,6,112,96,80,19,95,36.2
30076892,3,anxiety,5,118,109,72,20,96,37.9
30076893,3,fall,5,108,138,49,14,95,37.6
30076894,2,anxiety,6,88,127,73,18,94,37.3
30076895,3,chest pain,0,92,116,77,23,98,37.3
30076896,4,anxiety,3,98,79,86,24,96,35.9
30076897,2,fall,6,100,115,91,30,96,36.1
30076898,3,fall,3,85,109,94,19,98,37.9
30076899,3,back pain,4,65,143,77,21,95,37.0
30076900,2,headache,7,72,141,90,20,92,36.9
30076901,3,shortness of breath,2,80,120,76,23,100,36.0
30076902,4,fever,2,99,119,78,21,94,36.5
30076903,2,fever,6,91,148,117,12,100,36.2
30076904,3,anxiety,6,101,124,93,15,100,36.7
30076905,3,fever,2,100,151,80,12,100,36.9
30076906,3,knee pain,7,128,88,82,17,95,36.5
30076907,2,chest pain,10,99,131,71,15,97,37.6
30076908,2,back pain,6,100,120,90,18,99,36.5
30076909,3,knee pain,3,91,145,81,16,96,38.4
30076910,3,chest pain,2,99,113,92,23,92,35.7
30076911,3,shortness of breath,4,56,103,67,17,96,36.7
30076912,3,chest pain,3,68,108,71,24,93,36.9
30076913,2,shortness of breath,10,105,135,72,10,100,37.6
30076914,3,abdominal pain,5,95,169,85,19,99,38.4
30076915,4,shortness of breath,3,103,127,76,12,92,36.7
30076916,3,abdominal pain,1,93,102,81,16,100,36.9
30076917,2,knee pain,6,92,149,92,12,99,37.9
30076918,1,abdominal pain,8,116,111,94,19,93,35.4
30076919,3,chest pain,0,93,133,64,20,97,38.0
30076920,1,anxiety,10,97,112,64,18,92,35.7
30076921,3,headache,5,102,110,57,18,100,35.8
30076922,2,fall,9,90,146,93,21,95,35.3
30076923,1,back pain,6,74,130,82,17,96,37.2
30076924,2,shortness of breath,7,66,125,81,13,100,37.0
30076925,3,chest pain,2,94,99,72,18,93,37.4
30076926,3,fever,1,93,121,99,16,98,37.7
30076927,3,fever,5,80,57,102,12,98,38.0
30076928,3,fever,5,81,109,88,18,94,38.0
30076929,5,knee pain,6,110,108,65,16,98,37.2
30076930,4,fall,2,79,93,82,22,94,37.3
30076931,3,back pain,2,50,129,70,15,100,37.6
30076932,1,shortness of breath,7,88,157,91,13,99,37.6
30076933,4,fall,5,94,138,64,19,99,37.2
30076934,3,headache,2,92,114,67,16,97,39.6
30076935,3,chest pain,4,81,141,76,17,95,37.3
30076936,3,headache,3,107,113,62,22,98,36.8
30076937,3,chest pain,5,81,107,82,10,97,36.5
30076938,3,anxiety,6,96,109,80,21,100,36.7
30076939,3,anxiety,5,84,149,73,21,92,36.1
30076940,4,abdominal pain,5,106,120,58,20,99,37.9
30076941,3,anxiety,7,90,130,77,18,96,36.8
30076942,3,chest pain,7,99,106,92,17,98,37.5
30076943,3,laceration,6,95,120,70,22,99,36.4
30076944,3,abdominal pain,7,59,102,60,21,99,36.6
30076945,3,back pain,0,96,139,114,16,97,35.9
30076946,3,chest pain,3,84,108,94,19,93,37.2
30076947,4,abdominal pain,5,88,120,71,20,93,36.6
30076948,4,chest pain,3,96,106,72,19,93,36.3
30076949,3,anxiety,5,96,140,76,24,93,37.3
30076950,3,fever,2,58,127,93,14,100,37.7
30076951,5,back pain,7,75,139,64,19,91,35.2
30076952,3,headache,1,78,127,86,13,91,37.0
30076953,3,headache,7,66,129,66,18,99,36.2
30076954,3,shortness of breath,1,76,120,84,11,95,35.6
30076955,3,back pain,6,85,126,74,15,96,37.2
30076956,3,fever,6,78,125,105,12,98,38.2
30076957,2,chest pain,10,108,127,96,14,96,36.9
30076958,2,headache,10,93,125,84,21,98,38.9
30076959,2,knee pain,7,105,118,81,21,100,38.4
30076960,3,fever,1,94,132,107,23,97,37.0
30076961,2,anxiety,10,49,138,62,19,100,36.3
30076962,3,shortness of breath,4,73,146,69,16,100,38.2
30076963,3,abdominal pain,0,104,96,87,22,97,36.6
30076964,3,abdominal pain,5,87,160,73,11,96,37.6
30076965,4,headache,2,89,115,76,21,93,36.8
30076966,3,back pain,1,67,113,74,14,92,37.6
30076967,3,shortness of breath,4,79,105,102,21,100,36.5
30076968,4,shortness of breath,4,83,123,74,16,98,38.2
30076969,3,knee pain,4,83,107,79,11,100,36.1
30076970,2,chest pain,6,82,114,77,21,99,37.9
30076971,4,chest pain,6,75,136,94,19,99,38.4
30076972,2,headache,10,103,113,57,16,95,36.6
30076973,3,shortness of breath,3,115,91,64,16,99,36.2
30076974,5,knee pain,4,75,91,45,20,97,37.0
30076975,2,laceration,9,79,120,77,17,95,36.4
30076976,3,knee pain,0,85,80,75,16,90,36.9
30076977,2,fever,10,102,119,105,15,100,36.2
30076978,3,shortness of breath,1,95,117,74,24,95,37.5
30076979,3,knee pain,7,62,105,70,19,97,35.8
30076980,3,abdominal pain,4,75,129,73,18,100,37.1
30076981,3,abdominal pain,2,86,93,83,15,96,36.4
30076982,3,abdominal pain,1,79,120,67,21,98,37.5
30076983,2,back pain,10,65,106,102,16,91,38.3
30076984,3,chest pain,7,73,95,78,22,99,36.5
30076985,2,knee pain,6,102,137,99,22,100,37.8
30076986,3,chest pain,7,83,145,69,20,99,37.3
30076987,3,laceration,5,97,110,88,20,93,36.6
30076988,2,knee pain,7,109,140,74,17,100,36.7
30076989,2,fall,8,74,153,87,19,100,37.6
30076990,3,fall,0,86,132,83,20,100,37.1
30076991,3,shortness of breath,4,79,128,86,19,100,35.8
30076992,3,shortness of breath,6,83,129,72,20,97,36.9
30076993,3,fall,5,75,97,85,18,100,37.3
30076994,3,laceration,5,76,174,90,22,97,36.9
30076995,4,back pain,1,114,114,65,15,93,36.8
30076996,3,back pain,7,82,127,48,15,98,36.2
30076997,3,chest pain,1,108,100,50,15,93,37.2
30076998,2,fall,8,99,134,55,15,98,37.1
30076999,3,fever,7,106,137,59,14,98,36.6
30077000,2,shortness of breath,10,74,130,88,15,96,38.1
30077001,3,laceration,0,83,150,56,17,95,37.6
30077002,3,shortness of breath,1,93,128,63,16,91,37.6
30077003,2,abdominal pain,6,79,150,98,18,93,36.8
30077004,5,shortness of breath,7,73,104,103,18,93,37.1
30077005,2,fever,7,92,124,53,17,89,38.4
30077006,3,shortness of breath,5,94,122,84,16,96,36.7
30077007,1,headache,9,90,125,65,19,95,36.8
30077008,5,back pain,0,85,91,120,9,96,36.7
30077009,3,abdominal pain,2,100,115,72,24,97,38.2
30077010,3,knee pain,4,67,135,92,18,100,36.1
30077011,4,headache,1,96,107,59,20,94,35.9
30077012,3,laceration,6,70,114,88,19,96,37.3
30077013,3,knee pain,4,77,120,92,19,93,36.3
30077014,3,back pain,7,84,117,71,14,100,37.1
30077015,4,fever,0,97,146,71,17,95,37.3
30077016,4,fall,6,84,140,107,25,95,36.4
30077017,3,fever,2,73,115,108,20,100,36.2
30077018,2,anxiety,7,79,104,56,22,94,36.1
30077019,2,knee pain,7,79,151,70,16,97,36.5
30077020,3,anxiety,1,58,102,50,14,100,37.3
30077021,3,shortness of breath,0,86,170,98,18,94,36.3
30077022,3,headache,3,80,148,88,15,93,35.9
30077023,3,back pain,2,109,108,79,19,97,36.9
30077024,2,fall,6,102,118,66,21,93,37.1
30077025,3,shortness of breath,1,76,112,49,14,100,36.7
30077026,3,fever,1,88,105,74,25,91,36.1
30077027,2,fever,9,75,111,95,19,93,36.4
30077028,3,shortness of breath,4,82,99,70,14,95,36.3
30077029,4,shortness of breath,7,55,129,99,15,89,37.1
30077030,4,back pain,0,101,145,106,18,100,36.4
30077031,4,knee pain,5,67,132,68,20,98,37.4
30077032,3,abdominal pain,2,58,145,70,17,94,36.8
30077033,3,chest pain,4,92,134,78,17,100,37.7
30077034,3,abdominal pain,0,71,134,72,22,97,36.9
30077035,3,knee pain,2,49,139,78,21,100,36.5
30077036,3,shortness of breath,6,85,139,68,15,95,38.7
30077037,3,chest pain,6,78,124,72,24,95,36.6
30077038,5,anxiety,4,107,123,75,16,100,36.5
30077039,3,headache,5,92,134,63,20,100,37.8
30077040,4,fall,6,87,103,67,19,93,35.1
30077041,3,headache,6,46,78,54,18,98,36.8
30077042,3,shortness of breath,2,51,104,73,23,95,36.7
30077043,3,shortness of breath,3,88,102,76,27,96,35.3
30077044,3,shortness of breath,0,77,154,79,17,97,36.6
30077045,2,abdominal pain,9,97,151,92,10,96,36.0
30077046,4,fever,5,67,134,91,20,98,38.1
30077047,4,fever,0,89,150,82,15,93,36.9
30077048,3,chest pain,1,85,114,94,20,97,36.7
30077049,4,fall,0,93,107,101,15,96,35.8
30077050,3,fall,3,72,112,68,15,100,37.5
30077051,3,abdominal pain,0,88,98,79,18,93,36.8
30077052,3,abdominal pain,5,81,120,93,24,100,38.0
30077053,2,back pain,7,94,126,50,20,100,37.5
30077054,4,headache,4,84,101,89,15,95,37.8
30077055,3,knee pain,0,82,135,63,19,98,36.6
30077056,3,fall,3,80,107,70,20,100,38.7
30077057,4,abdominal pain,6,89,131,82,12,94,35.9
30077058,5,abdominal pain,2,79,102,59,14,93,37.2
30077059,3,fall,1,107,158,70,16,97,36.7
30077060,4,abdominal pain,4,78,122,84,16,100,36.5
30077061,4,headache,0,67,136,72,22,97,37.2
30077062,5,laceration,0,87,144,76,18,96,37.8
30077063,3,anxiety,0,90,151,116,15,98,37.9
30077064,2,back pain,7,98,154,74,19,95,37.7
30077065,3,abdominal pain,4,85,102,89,20,94,36.8
30077066,3,fever,3,105,139,101,18,97,37.4
30077067,4,chest pain,6,95,89,123,25,100,36.5
30077068,3,knee pain,4,100,140,85,16,97,37.7
30077069,3,fever,6,72,96,72,8,96,36.1
30077070,3,knee pain,2,83,99,62,19,99,38.0
30077071,4,knee pain,7,94,133,94,22,94,36.3
30077072,3,shortness of breath,6,89,109,103,21,98,36.7
30077073,4,fever,7,68,108,93,18,99,37.9
30077074,4,anxiety,6,93,112,80,18,97,37.3
30077075,4,abdominal pain,6,84,150,70,16,95,37.1
30077076,1,headache,10,80,105,90,19,95,37.5
30077077,5,fall,3,71,126,90,18,94,36.3
30077078,1,fever,7,84,68,83,16,95,37.0
30077079,4,anxiety,1,108,151,79,10,100,36.3
30077080,4,knee pain,2,69,122,78,22,97,35.4
30077081,1,chest pain,10,80,162,89,15,100,35.6
30077082,1,headache,9,73,125,98,16,94,38.7
30077083,4,headache,6,82,126,108,17,100,36.2
30077084,3,knee pain,6,86,105,109,10,97,37.8
30077085,3,fever,3,66,158,62,20,92,38.0
30077086,2,anxiety,8,74,141,52,17,95,37.7
30077087,3,fall,7,86,128,81,21,100,37.1
30077088,3,fall,0,77,97,96,17,96,36.9
30077089,3,headache,0,105,98,88,18,91,36.5
30077090,2,headache,7,80,108,85,23,97,37.8
30077091,3,shortness of breath,2,113,118,63,15,96,36.9
30077092,4,back pain,2,82,122,78,23,100,36.6
30077093,3,knee pain,3,101,109,83,14,98,37.1
30077094,3,back pain,1,108,161,74,23,100,37.6
30077095,3,back pain,6,70,126,84,11,96,38.9
30077096,2,knee pain,6,85,146,70,19,97,36.7
30077097,3,chest pain,5,74,122,80,17,100,37.2
30077098,4,fall,0,82,132,92,16,93,37.1
30077099,3,back pain,4,94,128,72,17,98,36.7
30077100,4,shortness of breath,7,79,109,72,21,93,37.8
30077101,1,laceration,6,106,145,71,17,98,35.1
30077102,3,chest pain,6,85,111,65,26,99,38.0
30077103,5,abdominal pain,2,82,104,47,21,96,35.7
30077104,3,fever,0,69,132,74,19,97,38.2
30077105,5,knee pain,1,78,109,67,19,93,36.7
30077106,3,back pain,6,127,124,63,22,98,38.2
30077107,4,laceration,2,85,141,86,21,96,37.8
30077108,3,shortness of breath,7,56,105,88,18,96,37.7
30077109,5,headache,7,88,137,88,18,97,37.4
30077110,4,back pain,1,78,107,87,18,92,36.4
30077111,5,knee pain,5,82,142,86,18,98,38.3
30077112,3,abdominal pain,0,101,112,102,22,100,37.4
30077113,4,fall,2,100,119,86,18,100,37.2
30077114,5,abdominal pain,5,74,133,56,17,98,35.8
30077115,3,knee pain,5,84,163,87,18,98,36.8
30077116,3,knee pain,7,87,117,112,13,89,36.3
30077117,1,knee pain,10,61,135,44,22,98,36.0
30077118,3,shortness of breath,3,97,149,63,16,97,38.8
30077119,5,fever,2,84,107,78,20,94,37.0
30077120,3,back pain,3,65,146,65,19,92,34.8
30077121,3,laceration,1,88,98,81,21,99,38.4
30077122,4,fever,4,87,113,72,26,96,38.8
30077123,2,back pain,9,81,104,78,18,96,36.1
30077124,3,fever,0,92,164,98,14,97,36.3
30077125,3,anxiety,0,75,115,103,15,100,36.5
30077126,3,abdominal pain,4,75,138,81,23,98,34.8
30077127,3,laceration,7,69,92,82,17,93,37.3
30077128,2,fever,6,92,135,71,24,99,37.5
30077129,3,laceration,0,63,166,68,19,98,36.4
30077130,2,abdominal pain,6,85,128,62,17,95,37.3
30077131,3,laceration,2,108,126,58,12,98,37.5
30077132,4,fall,2,98,137,65,21,98,37.8
30077133,3,fall,7,95,113,100,10,99,38.8
30077134,3,anxiety,1,85,137,79,15,96,37.5
30077135,2,fever,6,87,158,77,13,96,37.6
30077136,1,back pain,6,69,120,101,20,98,37.5
30077137,3,knee pain,3,69,146,81,20,98,37.1
30077138,5,chest pain,6,64,126,90,21,99,37.1
30077139,4,chest pain,5,87,119,62,18,99,36.7
30077140,2,chest pain,9,70,107,105,16,100,38.0
30077141,4,headache,3,120,150,75,16,93,37.4
30077142,2,laceration,9,38,96,82,22,95,37.4
30077143,3,back pain,4,89,112,68,13,95,38.0
30077144,2,fever,10,57,139,87,13,96,37.8
30077145,4,shortness of breath,3,77,157,78,22,94,35.6
30077146,3,shortness of breath,5,111,108,55,14,97,36.3
30077147,2,back pain,10,88,139,83,21,94,37.3
30077148,5,shortness of breath,4,77,103,96,22,91,36.6
30077149,4,abdominal pain,4,88,135,73,14,100,36.6
30077150,3,back pain,0,74,124,107,21,97,37.2
30077151,2,knee pain,9,85,98,76,20,98,36.4
30077152,4,abdominal pain,6,76,114,63,11,96,35.9
30077153,2,abdominal pain,6,111,76,60,20,97,35.9
30077154,3,chest pain,0,70,127,72,19,98,37.0
30077155,3,abdominal pain,3,82,116,97,19,98,36.4
30077156,4,laceration,2,84,117,88,22,93,36.7
30077157,3,headache,6,76,134,91,11,99,38.1
30077158,3,back pain,7,95,155,83,16,93,35.7
30077159,4,back pain,2,96,153,110,16,88,35.9
30077160,1,anxiety,7,74,143,108,23,91,35.7
30077161,3,fall,4,89,89,75,21,99,37.4
30077162,2,back pain,10,86,121,70,19,97,36.4
30077163,3,laceration,2,95,146,45,18,100,37.7
30077164,5,shortness of breath,1,58,112,85,16,92,37.0
30077165,2,fall,7,84,97,79,16,97,35.7
30077166,4,knee pain,2,51,137,86,19,97,37.3
30077167,1,laceration,10,79,159,87,24,96,37.4
30077168,3,fall,4,82,113,59,18,97,38.1
30077169,3,fall,1,65,142,93,10,95,37.9
30077170,3,abdominal pain,1,92,132,78,19,92,37.1
30077171,3,back pain,7,58,85,86,25,98,37.9
30077172,3,shortness of breath,6,72,125,69,22,100,37.9
30077173,5,knee pain,2,87,170,55,17,95,37.2
30077174,3,headache,5,78,140,66,20,98,35.3
30077175,3,shortness of breath,2,99,124,88,17,93,37.4
30077176,3,laceration,4,88,112,98,22,99,36.8
30077177,3,fall,2,114,100,104,20,98,37.2
30077178,2,fever,8,87,191,103,23,98,36.0
30077179,2,chest pain,9,102,111,53,20,94,37.5
30077180,3,laceration,6,96,112,81,9,92,36.1
30077181,4,abdominal pain,5,94,126,98,23,93,37.2
30077182,3,fall,7,70,98,82,22,100,35.3
30077183,5,anxiety,2,91,135,80,19,97,37.0
30077184,2,chest pain,7,96,123,89,16,90,35.5
30077185,2,headache,10,110,147,78,18,94,37.7
30077186,2,back pain,7,83,131,114,21,96,36.7
30077187,3,fever,2,97,117,82,21,91,36.7
30077188,2,back pain,10,87,95,76,21,99,37.3
30077189,4,laceration,7,105,117,81,12,97,37.3
30077190,5,laceration,1,91,141,71,30,100,36.1
30077191,3,back pain,5,87,137,83,14,100,37.1
30077192,5,shortness of breath,0,89,164,88,13,100,36.9
30077193,3,back pain,0,96,119,76,15,97,36.1
30077194,3,fever,6,46,143,83,11,94,36.7
30077195,4,abdominal pain,3,84,143,74,17,100,36.3
30077196,3,chest pain,4,65,115,80,18,95,37.2
30077197,4,headache,3,89,121,85,12,97,36.8
30077198,4,fall,7,81,135,74,13,100,36.8
30077199,3,abdominal pain,3,62,131,76,19,96,37.6
30077200,3,laceration,3,123,145,98,20,96,36.9
30077201,3,back pain,3,80,107,63,22,100,36.1
30077202,3,abdominal pain,5,80,144,79,21,96,35.9
30077203,3,laceration,6,68,141,59,20,93,36.3
30077204,3,chest pain,0,102,128,74,16,99,35.8
30077205,3,fever,3,71,115,78,19,100,36.4
30077206,3,knee pain,4,95,86,92,17,96,36.5
30077207,3,knee pain,1,81,139,49,24,100,36.1
30077208,3,fall,7,104,110,88,12,100,36.7
30077209,1,headache,7,82,137,83,18,95,36.6
30077210,3,fever,5,100,123,49,18,93,37.3
30077211,2,fever,7,95,125,78,18,100,36.4
30077212,3,chest pain,7,80,125,98,12,99,37.2
30077213,4,shortness of breath,3,103,116,101,12,94,38.2
30077214,2,headache,10,100,114,57,20,98,37.4
30077215,3,knee pain,5,76,114,66,16,91,36.6
30077216,3,fall,4,100,117,90,22,93,36.9
30077217,5,knee pain,1,110,111,67,21,97,36.3
30077218,3,anxiety,5,82,170,96,14,94,37.3
30077219,3,abdominal pain,5,121,100,50,17,93,37.2
30077220,3,shortness of breath,6,97,93,86,9,97,37.6
30077221,2,shortness of breath,8,94,156,76,19,95,38.0
30077222,2,fall,9,104,136,88,20,96,37.6
30077223,4,fall,2,86,126,67,24,96,37.9
30077224,4,shortness of breath,6,67,129,81,20,97,36.0
30077225,1,shortness of breath,6,106,125,70,18,96,37.5
30077226,1,fever,8,63,120,89,29,100,36.1
30077227,3,knee pain,3,77,147,68,15,99,37.8
30077228,2,shortness of breath,8,94,140,85,13,100,36.7
30077229,4,anxiety,0,55,113,87,12,100,37.0
30077230,3,fever,3,77,112,79,16,97,37.4
30077231,4,fall,2,75,133,74,20,98,35.4
30077232,3,fall,3,88,150,84,12,96,35.0
30077233,3,shortness of breath,4,76,138,85,25,95,36.8
30077234,4,headache,7,102,126,82,16,95,38.1
30077235,2,back pain,9,82,136,98,20,100,36.9
30077236,3,anxiety,0,112,101,92,13,98,37.2
30077237,3,back pain,0,60,125,83,21,96,37.4
30077238,2,fall,10,100,156,85,16,93,38.0
30077239,5,chest pain,7,108,101,86,10,97,36.9
30077240,4,knee pain,1,70,129,103,12,98,36.8
30077241,3,knee pain,2,71,134,68,15,100,36.2
30077242,1,fever,6,79,122,107,18,99,37.8
30077243,1,fall,10,93,110,105,13,98,35.8
30077244,3,abdominal pain,1,94,136,47,18,100,36.9
30077245,2,anxiety,8,56,124,74,13,100,37.7
30077246,3,fall,6,111,148,54,15,98,36.0
30077247,4,shortness of breath,7,86,144,72,18,98,37.0
30077248,3,knee pain,5,85,147,67,18,93,38.7
30077249,2,chest pain,8,73,124,76,18,98,37.0
30077250,3,abdominal pain,2,94,104,57,14,98,38.8
30077251,4,shortness of breath,6,63,122,47,11,97,35.8
30077252,3,knee pain,4,91,143,102,11,91,36.4
30077253,3,chest pain,5,71,122,94,18,99,35.4
30077254,3,fever,3,88,89,74,20,95,37.5
30077255,3,fever,4,60,153,108,22,95,35.9
30077256,3,fever,6,67,129,85,23,97,35.9
30077257,4,fall,7,109,118,74,20,95,38.1
30077258,3,fever,3,81,131,80,22,100,36.8
30077259,3,abdominal pain,4,98,136,81,13,97,35.8
30077260,2,shortness of breath,8,68,148,89,14,95,37.7
30077261,3,abdominal pain,3,84,99,74,30,98,36.2
30077262,2,anxiety,8,87,143,75,16,100,36.7
30077263,2,abdominal pain,9,98,92,87,16,93,37.1
30077264,2,headache,6,82,137,87,16,100,37.8
30077265,4,fall,6,80,132,75,11,100,37.8
30077266,3,abdominal pain,0,70,143,99,13,100,36.5
30077267,3,laceration,0,81,87,75,13,97,37.1
30077268,3,fall,7,92,114,37,19,95,38.1
30077269,3,knee pain,6,91,120,75,22,99,35.5
30077270,4,abdominal pain,0,112,104,87,17,97,38.5
30077271,3,back pain,0,68,102,63,19,93,37.5
30077272,3,headache,6,69,106,112,16,100,37.4
30077273,3,anxiety,3,61,128,72,17,98,36.0
30077274,3,back pain,6,89,161,97,20,95,36.5
30077275,3,shortness of breath,6,59,137,71,15,91,36.6
30077276,2,chest pain,6,87,123,86,18,97,37.1
30077277,2,abdominal pain,9,82,103,83,18,100,37.7
30077278,2,headache,9,71,114,83,10,100,37.6
30077279,2,back pain,9,80,129,53,28,94,36.1
30077280,4,knee pain,3,81,78,67,17,100,37.2
30077281,3,headache,4,66,105,63,18,95,37.6
30077282,2,headache,7,102,127,86,18,97,36.3
30077283,4,anxiety,2,83,119,77,18,99,36.8
30077284,2,abdominal pain,10,81,109,69,12,94,36.1
30077285,3,fall,3,78,112,75,21,96,36.9
30077286,4,fever,2,71,136,93,14,93,37.4
30077287,3,shortness of breath,0,88,130,62,16,94,37.3
30077288,4,laceration,2,79,136,73,23,100,36.6
30077289,1,shortness of breath,9,66,131,80,19,93,37.8
30077290,4,back pain,0,90,78,68,16,94,35.6
30077291,3,fall,7,87,129,60,18,100,36.8
30077292,3,chest pain,7,97,115,60,17,97,36.7
30077293,3,fall,5,97,143,96,16,100,37.0
30077294,3,chest pain,6,97,119,81,13,97,36.7
30077295,2,anxiety,10,105,155,112,16,100,36.3
30077296,4,chest pain,3,85,96,31,17,95,36.3
30077297,4,chest pain,1,77,109,84,16,94,37.6
30077298,4,abdominal pain,2,89,142,82,12,98,38.3
30077299,3,back pain,0,77,156,86,15,91,37.3
30077300,3,back pain,1,95,137,84,16,97,36.2
30077301,3,laceration,0,94,153,99,13,91,36.5
30077302,3,abdominal pain,7,84,87,91,19,94,36.1
30077303,4,anxiety,5,74,122,80,16,99,37.7
30077304,4,fever,2,94,106,68,17,97,37.9
30077305,3,fever,3,104,99,65,25,96,37.3
30077306,4,fall,4,78,102,85,19,91,37.1
30077307,3,knee pain,3,92,128,86,17,99,36.8
30077308,1,back pain,7,81,109,102,10,94,36.3
30077309,3,back pain,4,91,123,66,20,98,36.5
30077310,3,knee pain,3,89,152,64,18,100,36.9
30077311,3,fall,4,94,160,75,14,99,36.9
30077312,4,fever,7,102,105,62,17,96,37.7
30077313,1,chest pain,6,98,127,69,11,100,36.3
30077314,3,chest pain,0,107,159,81,23,94,36.7
30077315,2,fever,10,95,135,85,9,98,36.7
30077316,4,fever,4,98,118,65,15,100,37.2
30077317,3,anxiety,3,102,127,59,19,97,37.0
30077318,4,abdominal pain,7,67,124,69,20,94,37.1
30077319,3,chest pain,6,105,109,79,15,100,37.7
30077320,2,abdominal pain,10,48,105,72,17,93,35.4
30077321,4,fever,7,101,130,93,24,96,37.4
30077322,4,shortness of breath,0,98,115,65,18,97,36.2
30077323,3,fall,0,84,134,90,18,97,35.6
30077324,3,shortness of breath,3,76,115,94,18,100,36.5
30077325,3,back pain,1,60,128,82,21,96,36.6
30077326,2,headache,9,83,140,64,17,100,35.8
30077327,4,shortness of breath,1,88,128,94,17,98,37.8
30077328,3,knee pain,2,61,97,67,21,99,37.4
30077329,3,anxiety,6,97,117,74,19,91,37.2
30077330,3,fever,7,90,140,38,14,95,37.8
30077331,3,abdominal pain,6,42,138,58,16,96,36.1
30077332,4,fall,0,101,118,67,12,97,37.6
30077333,3,headache,4,99,139,72,20,96,36.1
30077334,3,knee pain,7,100,114,84,20,90,37.1
30077335,3,headache,0,120,111,74,22,99,36.3
30077336,4,fall,6,114,134,78,16,96,37.0
30077337,2,fall,6,62,103,77,19,97,37.2
30077338,4,headache,6,102,139,96,5,96,35.9
30077339,4,fever,0,87,134,71,18,99,37.6
30077340,3,knee pain,0,76,98,79,21,99,37.4
30077341,3,headache,1,84,132,59,23,97,37.2
30077342,4,fever,6,86,120,101,17,94,36.8
30077343,5,chest pain,2,97,148,88,12,98,36.9
30077344,2,fall,7,55,104,94,20,100,35.9
30077345,3,shortness of breath,3,65,123,82,17,94,35.6
30077346,3,anxiety,4,85,118,89,13,95,37.8
30077347,3,headache,2,56,127,80,17,100,36.7
30077348,3,laceration,7,50,142,44,19,96,38.7
30077349,3,shortness of breath,1,87,131,91,14,99,36.1
30077350,3,shortness of breath,0,90,105,88,11,97,37.1
30077351,3,laceration,2,81,124,50,15,98,37.6
30077352,4,chest pain,3,66,162,82,24,98,38.4
30077353,5,anxiety,0,72,130,91,18,95,36.0
30077354,4,back pain,1,102,114,95,13,93,36.9
30077355,1,fall,8,58,136,110,20,93,36.3
30077356,5,abdominal pain,2,90,101,67,14,100,37.9
30077357,3,knee pain,2,80,144,110,16,99,37.6
30077358,3,laceration,6,81,128,86,21,95,36.0
30077359,2,abdominal pain,6,119,139,88,20,96,37.3
30077360,4,back pain,6,77,146,70,22,100,36.5
30077361,4,fever,7,83,121,70,11,100,37.4
30077362,3,fever,3,92,141,73,19,96,36.0
30077363,3,knee pain,4,98,156,74,15,93,36.9
30077364,2,chest pain,10,109,118,111,13,97,37.7
30077365,3,shortness of breath,1,103,165,93,23,97,36.6
30077366,2,shortness of breath,7,84,144,83,16,96,36.6
30077367,2,fall,10,56,139,61,16,98,36.9
30077368,3,fever,0,112,109,75,18,98,36.4
30077369,4,fall,4,77,135,56,18,98,37.3
30077370,2,back pain,7,76,103,74,9,98,37.7
30077371,4,shortness of breath,7,116,97,44,22,96,37.0
30077372,5,fall,7,91,154,76,17,100,37.9
30077373,3,knee pain,1,84,135,89,25,99,36.6
30077374,1,laceration,10,75,157,88,13,96,37.2
30077375,3,anxiety,5,70,167,75,16,100,35.5
30077376,3,fall,3,74,121,66,19,95,37.2
30077377,1,knee pain,9,104,103,82,14,93,36.5
30077378,3,abdominal pain,1,82,99,81,15,98,37.2
30077379,3,fall,6,115,127,70,18,94,37.2
30077380,3,laceration,3,85,123,77,17,100,38.2
30077381,3,abdominal pain,1,76,124,80,19,99,37.3
30077382,4,back pain,4,87,152,95,25,100,37.8
30077383,3,knee pain,6,73,83,69,10,99,37.8
30077384,3,back pain,0,82,109,104,19,97,36.2
30077385,3,anxiety,1,115,147,101,21,96,36.7
30077386,2,shortness of breath,10,78,121,78,15,93,35.7
30077387,3,chest pain,2,97,117,96,18,93,37.7
30077388,3,back pain,6,55,103,88,20,94,36.7
30077389,3,knee pain,5,100,110,76,16,94,37.6
30077390,2,back pain,9,75,98,86,18,97,36.0
30077391,3,knee pain,1,101,97,82,12,96,36.6
30077392,3,back pain,0,89,103,117,22,96,36.6
30077393,2,fever,10,85,105,75,15,97,38.0
30077394,3,shortness of breath,0,65,112,84,17,100,38.6
30077395,5,shortness of breath,6,106,148,63,14,97,36.7
30077396,3,abdominal pain,0,108,101,58,12,100,36.5
30077397,3,anxiety,7,79,102,89,22,97,37.0
30077398,4,anxiety,0,78,117,73,19,100,37.5
30077399,3,abdominal pain,1,68,128,102,20,96,37.3
30077400,2,anxiety,6,121,120,87,20,94,37.7
30077401,2,laceration,7,68,120,87,14,94,36.3
30077402,3,knee pain,3,77,111,84,9,100,38.0
30077403,3,chest pain,5,92,123,68,16,94,37.8
30077404,4,anxiety,5,83,106,77,20,95,38.4
30077405,3,back pain,5,61,112,87,15,100,37.1
30077406,2,shortness of breath,10,76,137,65,24,100,36.4
30077407,1,headache,7,102,146,72,18,93,38.1
30077408,4,anxiety,6,100,92,80,20,100,36.7
30077409,4,anxiety,6,70,125,97,14,97,37.4
30077410,3,headache,0,83,134,94,19,93,37.0
30077411,3,chest pain,3,82,140,60,19,92,36.6
30077412,2,shortness of breath,7,92,154,66,21,94,35.1
30077413,3,chest pain,3,111,149,81,21,93,36.3
30077414,2,anxiety,8,88,151,61,24,98,35.6
30077415,4,anxiety,5,91,94,53,24,97,37.1
30077416,5,fever,3,81,118,63,21,98,36.7
30077417,1,shortness of breath,8,78,105,80,23,97,37.9
30077418,3,anxiety,0,101,130,82,18,100,36.5
30077419,2,fall,10,89,130,67,6,94,36.0
30077420,3,anxiety,4,62,152,97,21,100,37.2
30077421,3,knee pain,2,103,121,82,19,97,35.5
30077422,2,chest pain,10,105,127,106,27,100,37.2
30077423,3,fall,1,115,106,72,16,100,38.5
30077424,3,fall,3,114,112,71,24,97,36.9
30077425,4,headache,4,74,92,91,18,97,37.4
30077426,3,laceration,4,59,120,93,15,96,36.7
30077427,3,fall,6,89,130,90,14,100,35.7
30077428,4,laceration,4,73,90,94,17,98,35.9
30077429,5,laceration,2,107,129,94,13,95,36.9
30077430,4,shortness of breath,3,97,160,81,16,100,37.6
30077431,3,knee pain,7,89,111,86,20,98,37.9
30077432,3,back pain,4,111,126,77,20,100,36.5
30077433,2,abdominal pain,6,61,125,63,23,92,37.8
30077434,3,fall,4,77,123,71,14,94,36.6
30077435,3,back pain,1,103,123,96,14,100,37.4
30077436,5,shortness of breath,3,83,125,85,26,100,37.2
30077437,3,back pain,1,101,103,91,19,95,36.9
30077438,3,anxiety,5,87,107,39,20,98,37.7
30077439,3,back pain,6,96,166,76,25,100,38.7
30077440,3,anxiety,3,79,125,80,18,98,36.9
30077441,4,shortness of breath,0,98,144,85,20,94,36.7
30077442,2,laceration,6,87,101,79,17,96,37.1
30077443,3,abdominal pain,6,76,118,86,17,92,37.5
30077444,4,laceration,2,97,122,91,24,98,35.4
30077445,1,abdominal pain,9,101,128,97,21,98,37.3
30077446,3,laceration,4,70,137,81,18,93,37.1
30077447,1,headache,7,70,107,67,21,99,37.6
30077448,4,back pain,3,59,129,54,21,94,38.2
30077449,2,fever,7,90,135,79,10,99,36.0
30077450,3,anxiety,2,84,112,102,18,99,36.5
30077451,4,chest pain,0,96,137,98,24,95,37.5
30077452,5,anxiety,7,98,129,81,22,96,36.6
30077453,3,headache,7,99,109,90,12,96,37.7
30077454,3,shortness of breath,2,84,133,74,18,94,35.7
30077455,3,laceration,3,77,150,81,15,100,37.6
30077456,5,laceration,1,107,120,70,24,99,36.9
30077457,3,fall,0,59,152,49,19,100,38.5
30077458,3,chest pain,1,75,123,70,19,96,40.0
30077459,3,anxiety,5,78,104,62,16,97,37.3
30077460,5,anxiety,3,104,80,95,20,93,36.3
30077461,3,knee pain,3,98,109,89,21,98,34.9
30077462,3,fever,4,77,118,80,20,96,36.2
30077463,3,laceration,3,116,111,71,16,97,36.3
30077464,4,abdominal pain,2,89,129,103,16,99,37.5
30077465,3,shortness of breath,6,94,99,104,19,96,37.1
30077466,3,laceration,4,108,113,65,12,95,37.4
30077467,4,anxiety,3,73,125,73,16,98,36.3
30077468,3,fall,7,86,90,95,26,97,36.8
30077469,3,fever,0,79,128,52,16,100,36.9
30077470,3,back pain,2,101,135,70,20,98,37.8
30077471,4,fall,2,99,117,91,20,97,36.7
30077472,3,headache,3,69,102,98,21,98,36.7
30077473,3,knee pain,4,94,121,84,20,96,36.7
30077474,4,anxiety,0,95,116,75,19,100,38.9
30077475,3,anxiety,0,107,93,107,23,97,37.1
30077476,3,knee pain,0,91,135,72,16,100,37.3
30077477,3,abdominal pain,6,80,123,95,13,97,38.8
30077478,3,chest pain,1,57,107,70,29,97,37.1
30077479,4,laceration,0,103,99,95,13,99,36.9
30077480,2,shortness of breath,7,67,149,95,18,97,36.2
30077481,4,anxiety,1,76,119,94,13,97,36.1
30077482,5,abdominal pain,3,104,131,84,14,94,37.5
30077483,2,fever,8,74,119,79,22,97,36.9
30077484,3,anxiety,2,88,137,84,21,97,37.2
30077485,3,knee pain,1,83,116,87,22,100,37.2
30077486,4,knee pain,6,96,100,77,26,98,36.1
30077487,3,back pain,1,61,102,70,21,96,38.1
30077488,4,chest pain,1,74,87,73,22,97,37.2
30077489,2,chest pain,7,94,124,60,21,89,37.3
30077490,2,knee pain,10,83,116,76,21,98,36.4
30077491,4,fall,0,94,105,83,21,98,35.3
30077492,4,headache,0,73,122,87,18,97,37.2
30077493,3,back pain,2,88,88,72,16,95,37.7
30077494,4,knee pain,0,75,133,96,21,96,37.0
30077495,3,anxiety,1,92,122,92,16,100,37.4
30077496,3,anxiety,6,68,96,66,19,99,38.9
30077497,2,chest pain,8,72,132,61,24,99,37.3
30077498,3,abdominal pain,2,75,121,94,12,100,37.4
30077499,3,knee pain,2,100,111,84,20,97,36.3
30077500,3,chest pain,2,86,118,99,20,97,36.8
30077501,3,abdominal pain,7,82,111,101,22,95,36.6
30077502,5,fall,6,79,133,83,11,94,37.8
30077503,3,abdominal pain,7,70,111,74,15,99,37.2
30077504,3,chest pain,2,110,141,89,16,93,37.5
30077505,3,back pain,1,56,103,64,18,100,36.0
30077506,3,back pain,7,98,132,88,15,97,36.9
30077507,3,shortness of breath,1,94,146,62,15,95,38.0
30077508,4,abdominal pain,0,65,123,76,16,95,36.5
30077509,3,fever,3,83,126,99,13,98,37.5
30077510,4,shortness of breath,4,79,133,71,15,95,36.8
30077511,3,back pain,6,91,110,86,22,97,38.1
30077512,4,abdominal pain,7,90,121,90,18,99,37.2
30077513,3,headache,6,88,126,74,25,96,36.1
30077514,2,laceration,6,87,126,71,22,99,37.2
30077515,2,headache,6,80,162,90,18,100,37.4
30077516,3,laceration,0,102,109,85,22,95,38.0
30077517,2,knee pain,10,77,112,90,21,99,36.2
30077518,2,fever,7,90,109,84,19,98,36.4
30077519,2,abdominal pain,7,97,93,65,16,96,36.1
30077520,3,abdominal pain,7,117,88,64,16,92,36.5
30077521,3,laceration,0,78,111,64,17,97,36.8
30077522,2,headache,6,75,143,58,17,98,37.1
30077523,3,abdominal pain,1,98,143,91,18,97,37.9
30077524,3,back pain,5,78,138,90,19,100,36.0
30077525,5,shortness of breath,0,104,123,72,15,93,36.5
30077526,3,headache,2,96,104,75,17,100,36.4
30077527,3,fever,2,96,104,71,16,97,37.1
30077528,2,anxiety,6,90,159,85,20,100,36.5
30077529,3,chest pain,3,65,153,77,25,97,35.6
30077530,4,headache,0,97,113,87,20,100,37.3
30077531,3,fall,6,96,116,57,17,97,36.7
30077532,3,back pain,7,85,101,49,22,99,36.4
30077533,4,knee pain,7,107,115,111,22,93,37.7
30077534,3,anxiety,3,97,160,78,17,93,37.7
30077535,3,fall,5,82,146,77,28,96,37.3
30077536,4,chest pain,0,85,127,84,19,100,36.8
30077537,3,shortness of breath,4,97,108,71,19,99,37.0
30077538,4,headache,0,68,119,57,20,98,36.5
30077539,3,laceration,3,61,119,64,21,99,38.0
30077540,4,fall,1,62,154,92,16,100,36.7
30077541,3,fall,4,75,146,82,24,98,37.3
30077542,3,laceration,0,78,120,88,16,98,38.8
30077543,3,shortness of breath,3,68,89,74,9,100,36.4
30077544,3,fever,0,96,115,83,21,92,37.0
30077545,2,knee pain,7,75,127,69,20,96,37.6
30077546,4,headache,1,88,92,73,19,96,37.7
30077547,3,back pain,0,90,100,80,15,97,37.4
30077548,2,chest pain,7,97,112,80,14,99,36.9
30077549,3,fever,1,91,115,88,19,96,37.2
30077550,3,knee pain,0,69,140,88,17,91,36.9
30077551,3,headache,3,93,128,92,20,90,37.6
30077552,2,abdominal pain,9,74,131,62,15,100,35.4
30077553,3,fever,1,99,94,85,20,96,37.0
30077554,4,knee pain,5,75,127,103,19,94,36.8
30077555,4,fever,4,95,147,83,21,96,37.0
30077556,3,anxiety,6,100,138,101,11,100,36.2
30077557,2,abdominal pain,9,85,119,74,17,94,36.6
30077558,3,fall,3,83,131,90,17,98,36.7
30077559,3,chest pain,7,91,143,91,15,100,36.9
30077560,3,back pain,2,87,141,89,12,99,37.4
30077561,3,abdominal pain,7,90,125,90,20,98,36.2
30077562,3,headache,0,102,148,91,17,97,36.3
30077563,5,abdominal pain,2,72,122,66,16,100,38.2
30077564,2,back pain,10,69,128,63,18,90,38.2
30077565,3,laceration,7,93,95,92,16,98,37.3
30077566,2,anxiety,9,89,128,48,14,99,37.3
30077567,3,back pain,4,92,118,91,18,93,37.8
30077568,1,anxiety,9,73,131,76,24,97,36.8
30077569,2,knee pain,10,78,89,96,23,95,38.7
30077570,3,chest pain,5,73,115,66,25,96,36.4
30077571,3,chest pain,0,82,112,101,19,90,37.1
30077572,3,abdominal pain,6,77,159,81,17,96,38.1
30077573,4,back pain,6,89,105,85,15,98,36.2
30077574,5,back pain,2,77,111,87,23,100,36.4
30077575,4,knee pain,1,81,149,86,22,97,37.2
30077576,3,chest pain,0,87,127,50,19,95,38.2
30077577,4,shortness of breath,2,83,137,82,16,95,36.4
30077578,3,fall,4,65,117,95,19,95,36.9
30077579,1,abdominal pain,8,96,145,85,15,93,35.8
30077580,3,fall,6,86,114,74,13,94,37.3
30077581,3,knee pain,4,87,146,72,15,94,36.5
30077582,3,fall,0,91,131,101,21,98,37.2
30077583,2,back pain,10,93,139,89,18,98,36.8
30077584,3,headache,2,84,103,69,20,93,36.2
30077585,4,fever,0,85,100,98,19,98,37.4
30077586,3,back pain,7,72,102,97,19,95,36.8
30077587,3,shortness of breath,2,98,123,88,17,97,35.8
30077588,3,fever,7,71,129,93,20,100,35.7
30077589,5,fall,1,117,74,66,15,92,35.9
30077590,4,abdominal pain,3,96,134,91,22,100,36.9
30077591,4,abdominal pain,0,71,112,73,23,94,39.3
30077592,4,laceration,5,79,131,91,16,96,36.5
30077593,3,fever,2,69,107,57,19,95,35.2
30077594,1,laceration,8,77,142,90,20,99,35.6
30077595,2,laceration,8,73,102,99,18,95,36.9
30077596,5,chest pain,3,74,122,91,18,95,35.7
30077597,3,fall,0,82,120,76,26,98,36.2
30077598,3,fever,3,109,124,95,22,94,37.1
30077599,4,shortness of breath,7,61,86,105,19,96,36.5
30077600,4,headache,6,77,95,79,19,100,38.2
30077601,4,shortness of breath,2,76,165,80,17,94,35.9
30077602,3,headache,3,65,127,97,27,100,37.2
30077603,3,anxiety,3,68,143,50,20,100,38.3
30077604,4,anxiety,3,106,163,69,16,95,36.8
30077605,2,shortness of breath,8,94,127,90,13,94,36.5
30077606,3,shortness of breath,3,103,107,72,17,97,37.6
30077607,3,back pain,0,97,98,76,19,97,36.1
30077608,3,fever,1,92,142,73,12,99,36.2
30077609,4,laceration,5,84,129,62,17,96,37.7
30077610,4,abdominal pain,0,95,113,56,22,100,37.0
30077611,3,fever,4,80,122,76,21,98,36.8
30077612,4,shortness of breath,1,98,133,73,17,97,37.8
30077613,3,laceration,2,44,153,88,28,89,36.3
30077614,4,knee pain,1,105,109,84,18,99,37.0
30077615,4,laceration,2,63,148,101,16,94,36.3
30077616,3,fall,4,76,114,92,25,100,37.1
30077617,4,abdominal pain,6,89,105,93,14,96,36.8
30077618,4,abdominal pain,0,70,141,73,22,99,37.1
30077619,3,back pain,4,92,136,82,22,99,36.9
30077620,2,anxiety,9,103,124,79,22,97,36.9
30077621,3,abdominal pain,3,73,155,76,18,95,36.4
30077622,3,abdominal pain,4,94,121,86,21,98,35.4
30077623,3,fall,3,80,168,83,15,89,36.7
30077624,5,fall,6,114,80,40,24,97,36.0
30077625,3,laceration,7,95,145,82,17,99,37.0
30077626,3,anxiety,6,101,136,73,12,92,35.7
30077627,4,headache,7,93,113,67,19,96,36.6
30077628,3,anxiety,6,60,140,82,14,95,36.5
30077629,4,chest pain,3,102,134,81,19,100,37.5
30077630,3,chest pain,2,89,150,70,22,97,38.5
30077631,4,back pain,1,76,113,76,15,95,37.0
30077632,4,back pain,7,74,119,95,17,97,36.6
30077633,4,fever,0,99,121,67,16,99,37.0
30077634,3,chest pain,4,90,81,55,17,97,35.8
30077635,3,back pain,4,86,157,89,23,99,38.4
30077636,3,shortness of breath,2,78,109,78,11,98,37.5
30077637,3,knee pain,3,57,111,113,10,97,37.3
30077638,2,laceration,6,88,138,71,20,100,36.8
30077639,3,back pain,3,84,184,91,28,93,38.0
30077640,4,shortness of breath,2,90,118,76,21,95,36.7
30077641,3,shortness of breath,0,76,123,92,17,93,36.8
30077642,3,abdominal pain,7,99,139,66,23,97,37.9
30077643,3,fall,5,95,122,82,22,99,36.4
30077644,3,headache,4,93,143,45,17,94,37.4
30077645,2,chest pain,10,82,107,72,15,99,37.3
30077646,4,chest pain,1,95,109,108,19,98,37.9
30077647,3,abdominal pain,0,89,147,78,20,94,36.6
30077648,3,laceration,3,78,110,68,19,91,37.7
30077649,1,abdominal pain,6,83,174,74,28,92,37.6
30077650,4,fall,3,89,129,104,16,95,37.0
30077651,5,chest pain,6,123,100,64,26,100,35.8
30077652,3,anxiety,5,87,109,86,17,98,36.8
30077653,3,anxiety,2,104,124,90,26,98,35.2
30077654,3,fever,3,105,91,68,23,92,36.9
30077655,3,shortness of breath,3,85,103,66,13,93,35.2
30077656,2,headache,8,74,78,67,20,90,36.3
30077657,3,knee pain,1,98,127,85,15,100,37.5
30077658,2,laceration,8,76,112,51,16,96,36.6
30077659,2,headache,8,81,136,70,16,92,37.7
30077660,3,chest pain,2,69,113,91,20,95,37.8
30077661,1,back pain,7,63,152,96,19,100,38.4
30077662,4,chest pain,0,81,121,74,10,93,36.6
30077663,3,fall,7,94,119,78,18,100,37.0
30077664,3,laceration,3,96,132,81,18,99,37.0
30077665,3,shortness of breath,3,100,131,78,22,98,37.0
30077666,3,chest pain,4,97,117,67,21,94,37.0
30077667,1,fall,7,79,157,94,15,94,37.8
30077668,3,shortness of breath,5,65,87,94,19,97,36.5
30077669,4,chest pain,5,96,145,63,24,96,36.8
30077670,4,knee pain,7,94,122,59,13,97,38.2
30077671,3,headache,2,78,170,58,17,99,37.9
30077672,2,knee pain,9,85,120,75,9,99,37.5
30077673,2,laceration,7,66,131,97,18,96,36.4
30077674,3,anxiety,2,65,127,62,12,100,36.6
30077675,4,abdominal pain,0,80,96,96,27,100,37.5
30077676,4,headache,7,76,137,90,20,94,36.1
30077677,5,abdominal pain,1,77,110,65,18,93,36.6
30077678,5,knee pain,2,86,146,87,16,98,36.6
30077679,5,anxiety,7,95,136,105,12,95,37.0
30077680,3,shortness of breath,1,78,108,74,15,98,36.1
30077681,3,back pain,0,71,132,69,23,97,39.0
30077682,3,fall,5,105,146,108,23,99,38.3
30077683,3,shortness of breath,5,91,128,84,17,100,36.7
30077684,3,abdominal pain,0,111,138,73,15,91,38.3
30077685,3,chest pain,1,113,115,58,22,93,36.5
30077686,3,abdominal pain,6,99,89,68,14,97,36.6
30077687,5,shortness of breath,7,71,99,90,21,97,37.2
30077688,4,headache,1,87,127,70,20,91,37.3
30077689,2,abdominal pain,8,100,138,97,18,98,37.6
30077690,3,shortness of breath,2,85,92,85,22,97,37.3
30077691,3,anxiety,4,88,97,82,22,96,35.7
30077692,3,fall,1,90,94,101,29,92,36.5
30077693,3,fever,4,107,138,91,18,96,37.6
30077694,5,back pain,1,92,129,84,10,99,36.9
30077695,4,knee pain,4,96,98,73,24,100,37.2
30077696,3,headache,0,103,176,58,19,96,35.6
30077697,2,shortness of breath,10,85,127,71,17,96,37.7
30077698,3,laceration,4,67,154,82,11,92,36.9
30077699,3,chest pain,7,79,134,61,13,97,36.7
30077700,2,abdominal pain,7,94,147,89,20,98,38.0
30077701,4,shortness of breath,5,82,126,90,24,94,37.2
30077702,2,knee pain,6,90,122,73,20,95,37.0
30077703,3,knee pain,5,53,153,77,15,94,37.2
30077704,3,laceration,2,93,97,99,14,100,35.9
30077705,4,shortness of breath,2,73,96,80,13,95,37.2
30077706,2,laceration,8,77,118,70,13,95,38.0
30077707,3,abdominal pain,2,84,121,87,17,97,35.8
30077708,3,abdominal pain,2,55,114,75,11,94,37.6
30077709,5,back pain,1,85,155,84,15,97,37.1
30077710,3,headache,2,89,113,84,21,96,38.0
30077711,4,abdominal pain,6,73,119,101,19,96,36.4
30077712,3,shortness of breath,7,105,158,90,13,94,38.0
30077713,3,chest pain,7,87,136,92,20,96,36.8
30077714,3,shortness of breath,2,90,135,87,22,95,37.0
30077715,3,abdominal pain,2,79,124,75,24,100,37.2
30077716,3,fever,2,82,134,64,17,95,37.1
30077717,3,chest pain,2,96,126,93,20,97,36.7
30077718,3,anxiety,1,103,117,98,19,97,37.3
30077719,3,abdominal pain,4,76,83,105,15,98,37.5
30077720,2,abdominal pain,8,91,121,71,23,95,36.5
30077721,2,back pain,8,98,112,87,27,95,38.5
30077722,3,back pain,3,80,124,82,21,96,37.2
30077723,2,back pain,10,76,95,73,18,96,37.8
30077724,4,back pain,7,111,133,92,22,95,37.4
30077725,3,shortness of breath,1,92,120,99,23,99,36.1
30077726,3,fever,1,96,149,78,22,100,36.2
30077727,3,abdominal pain,6,63,156,37,25,98,37.4
30077728,3,fall,6,73,97,91,23,92,36.8
30077729,4,fever,6,70,124,91,17,96,36.5
30077730,3,abdominal pain,3,98,110,111,19,99,38.5
30077731,1,abdominal pain,10,94,119,97,12,97,36.2
30077732,2,knee pain,10,83,117,79,20,97,35.8
30077733,3,fall,1,93,149,102,18,96,35.1
30077734,4,laceration,5,52,147,67,20,97,34.9
30077735,2,knee pain,7,92,125,53,16,100,36.7
30077736,3,fall,5,68,96,68,19,99,37.4
30077737,4,laceration,3,59,124,35,16,100,37.9
30077738,3,anxiety,1,100,149,83,12,95,36.3
30077739,4,laceration,5,107,141,90,20,94,38.0
30077740,2,fever,10,93,153,106,13,94,39.0
30077741,3,chest pain,5,90,148,73,16,93,36.7
30077742,4,abdominal pain,4,91,115,60,15,98,38.4
30077743,3,anxiety,2,98,139,55,23,94,37.6
30077744,3,abdominal pain,1,85,113,70,15,98,37.5
30077745,3,fever,4,95,118,71,14,100,36.9
30077746,3,abdominal pain,6,84,130,94,10,100,37.8
30077747,2,headache,8,108,109,58,17,97,36.1
30077748,4,headache,5,118,146,93,16,97,37.2
30077749,2,back pain,9,96,123,87,20,92,35.2
30077750,2,abdominal pain,10,96,166,86,18,98,36.3
30077751,5,back pain,1,100,160,77,17,98,36.3
30077752,2,shortness of breath,9,75,125,65,19,97,36.6
30077753,3,fall,5,71,139,99,17,97,36.7
30077754,3,chest pain,1,103,101,80,16,100,37.0
30077755,5,anxiety,0,106,128,99,17,100,37.0
30077756,5,back pain,4,81,136,66,21,99,36.9
30077757,3,shortness of breath,4,73,118,61,22,91,36.9
30077758,3,abdominal pain,0,92,126,97,21,94,36.4
30077759,3,anxiety,1,120,142,86,16,100,36.7
30077760,3,chest pain,2,89,132,59,23,95,35.3
30077761,3,knee pain,1,39,103,83,21,94,37.0
30077762,2,abdominal pain,8,141,140,98,15,93,36.1
30077763,3,fall,7,71,117,54,23,97,37.1
30077764,3,abdominal pain,0,93,122,57,16,100,38.5
30077765,2,headache,9,94,140,95,18,95,37.7
30077766,1,knee pain,7,75,131,53,14,97,36.2
30077767,3,knee pain,2,106,118,88,14,100,37.8
30077768,3,laceration,0,86,126,93,12,96,38.2
30077769,3,chest pain,1,118,89,80,16,96,36.9
30077770,3,laceration,1,85,124,89,22,96,37.0
30077771,3,laceration,4,124,124,82,22,99,37.4
30077772,3,chest pain,5,75,97,83,16,98,36.8
30077773,3,anxiety,3,92,120,58,19,100,34.8
30077774,4,laceration,1,88,90,78,14,100,38.2
30077775,2,fever,7,94,119,59,14,100,38.0
30077776,4,chest pain,0,74,119,87,17,93,35.6
30077777,3,headache,7,91,154,57,23,97,36.8
30077778,4,anxiety,6,69,173,55,15,97,37.4
30077779,3,knee pain,1,86,149,114,26,99,35.8
30077780,2,abdominal pain,10,76,124,93,15,97,38.3
30077781,1,anxiety,10,73,145,65,21,98,36.6
30077782,3,headache,0,85,118,80,18,93,36.4
30077783,2,laceration,10,88,132,101,11,91,36.3
30077784,3,shortness of breath,0,70,144,93,20,98,37.6
30077785,4,fever,6,57,134,78,18,97,35.8
30077786,3,fever,5,99,115,61,21,96,36.2
30077787,4,laceration,7,98,113,58,21,95,38.4
30077788,3,laceration,5,73,106,68,17,95,35.8
30077789,3,knee pain,7,79,174,100,16,100,37.8
30077790,3,anxiety,5,96,109,76,20,100,36.8
30077791,1,chest pain,6,94,123,57,17,95,36.9
30077792,3,chest pain,3,75,108,94,19,99,35.6
30077793,5,fever,3,71,124,69,22,100,37.8
30077794,2,fall,8,110,122,79,10,97,36.0
30077795,2,chest pain,8,84,111,72,14,100,37.1
30077796,2,headache,9,80,114,78,24,95,37.9
30077797,4,chest pain,7,91,104,88,18,100,37.2
30077798,2,fall,8,84,106,54,25,92,37.8
30077799,3,anxiety,1,89,152,97,15,93,37.2
30077800,3,shortness of breath,7,73,123,53,15,94,36.4
30077801,4,fever,7,66,108,68,20,100,37.2
30077802,4,anxiety,6,79,114,56,20,97,36.1
30077803,4,fever,6,86,174,82,19,100,37.9
30077804,3,chest pain,5,77,119,87,16,95,37.3
30077805,3,anxiety,7,89,146,86,19,99,37.4
30077806,5,abdominal pain,6,75,140,58,22,98,36.7
30077807,2,headache,8,73,141,65,16,99,36.5
30077808,3,fever,2,72,111,69,25,98,37.6
30077809,2,knee pain,7,78,92,88,11,89,35.8
30077810,4,fever,1,89,117,94,7,94,36.8
30077811,3,abdominal pain,6,101,115,85,24,91,35.6
30077812,3,fall,1,85,158,73,12,100,35.5
30077813,3,headache,7,71,115,80,13,96,36.4
30077814,2,anxiety,6,65,164,83,19,100,36.9
30077815,3,chest pain,7,93,104,93,15,97,37.6
30077816,2,fever,10,67,143,57,24,97,37.2
30077817,4,fever,0,98,123,62,20,99,36.3
30077818,2,knee pain,10,85,118,73,21,95,36.6
30077819,1,back pain,6,89,143,113,25,100,36.7
30077820,4,fever,1,94,143,70,18,96,37.5
30077821,2,knee pain,9,91,138,78,19,97,38.1
30077822,3,chest pain,6,68,134,79,13,91,37.7
30077823,3,anxiety,7,108,117,69,16,95,36.0
30077824,1,headache,10,72,132,71,13,100,37.6
30077825,4,fall,2,67,94,84,20,100,36.4
30077826,3,shortness of breath,0,86,78,72,24,99,36.5
30077827,4,abdominal pain,1,72,127,94,19,100,36.9
30077828,3,anxiety,3,68,150,85,31,99,37.5
30077829,3,abdominal pain,7,87,117,84,23,94,38.3
30077830,3,chest pain,0,81,136,90,15,100,37.1
30077831,3,laceration,2,81,109,79,15,100,36.5
30077832,3,back pain,4,103,142,79,16,97,36.8
30077833,2,back pain,7,107,136,113,18,100,38.3
30077834,3,fever,1,98,104,81,20,97,36.1
30077835,4,back pain,4,65,131,77,16,100,39.2
30077836,4,fever,4,71,148,91,15,98,37.1
30077837,4,shortness of breath,2,88,91,80,23,100,37.4
30077838,3,abdominal pain,3,76,143,75,19,98,37.4
30077839,5,headache,7,81,109,44,11,97,37.9
30077840,3,headache,7,87,103,53,11,97,37.5
30077841,3,fall,1,79,137,83,19,98,36.8
30077842,2,fall,6,75,119,82,16,96,36.4
30077843,3,back pain,1,79,120,83,13,94,36.4
30077844,3,abdominal pain,1,104,112,90,28,92,37.2
30077845,3,laceration,5,109,109,80,23,96,37.6
30077846,2,headache,7,98,133,80,13,93,36.9
30077847,3,abdominal pain,2,89,153,67,25,93,36.5
30077848,2,knee pain,8,108,125,78,15,99,36.1
30077849,4,fall,1,95,145,75,15,96,37.4
30077850,3,back pain,3,83,128,70,12,94,36.2
30077851,3,headache,2,79,127,78,17,100,36.0
30077852,2,chest pain,9,69,128,83,15,92,37.2
30077853,5,abdominal pain,5,61,152,70,23,88,37.3
30077854,3,anxiety,1,94,117,79,18,94,38.6
30077855,2,abdominal pain,6,76,138,90,16,93,36.3
30077856,4,fall,6,83,117,95,15,97,37.0
30077857,3,fever,7,53,145,81,16,97,37.1
30077858,3,back pain,3,99,121,89,11,92,36.0
30077859,4,fall,5,64,125,99,23,98,34.9
30077860,2,laceration,10,103,92,57,17,96,36.0
30077861,3,abdominal pain,1,69,128,89,15,97,35.7
30077862,3,chest pain,6,96,106,74,13,98,38.1
30077863,3,laceration,4,88,139,84,18,99,37.6
30077864,2,back pain,7,85,136,69,17,91,35.1
30077865,3,fall,6,86,103,92,22,93,37.7
30077866,2,back pain,7,94,94,79,20,95,38.1
30077867,2,chest pain,10,115,121,71,17,95,37.2
30077868,3,back pain,3,92,86,92,15,97,36.6
30077869,4,fall,7,75,123,86,18,99,37.7
30077870,3,fever,0,78,123,94,16,96,38.1
30077871,1,abdominal pain,10,96,125,63,19,100,37.7
30077872,3,knee pain,7,83,116,92,14,99,36.2
30077873,2,laceration,9,93,113,91,21,94,36.9
30077874,3,headache,0,72,112,110,12,100,38.7
30077875,4,laceration,0,73,161,86,16,98,36.9
30077876,3,laceration,6,63,129,68,20,100,36.4
30077877,4,fever,3,71,135,79,21,95,38.1
30077878,4,back pain,5,92,130,85,22,96,36.6
30077879,4,chest pain,6,92,143,79,18,100,36.0
30077880,3,laceration,1,108,115,66,15,92,37.8
30077881,3,shortness of breath,7,70,155,94,13,100,36.2
30077882,3,headache,6,86,123,77,12,100,38.6
30077883,4,chest pain,2,107,126,100,21,100,35.7
30077884,2,headache,7,101,136,76,21,98,37.3
30077885,3,shortness of breath,0,74,143,70,17,95,36.5
30077886,3,abdominal pain,4,108,105,70,13,100,37.3
30077887,1,shortness of breath,10,118,122,67,18,95,36.7
30077888,3,chest pain,7,88,149,80,18,94,37.9
30077889,5,anxiety,3,65,128,63,17,99,36.8
30077890,2,abdominal pain,10,113,148,68,18,96,38.2
30077891,3,chest pain,7,73,141,77,22,98,36.8
30077892,4,back pain,6,76,130,59,12,94,37.5
30077893,3,fever,3,99,138,53,11,100,36.2
30077894,3,abdominal pain,2,91,126,84,12,96,36.4
30077895,3,anxiety,4,96,93,72,11,93,37.5
30077896,2,shortness of breath,10,59,173,89,24,97,37.2
30077897,3,fever,4,63,123,48,22,99,36.4
30077898,3,fall,5,94,112,64,15,98,37.3
30077899,4,shortness of breath,0,88,120,92,16,96,36.2
30077900,4,laceration,5,94,120,81,14,98,37.2
30077901,2,shortness of breath,10,74,105,60,17,100,37.2
30077902,3,back pain,5,79,108,57,17,96,36.6
30077903,3,fall,5,89,153,75,17,97,35.7
30077904,4,fall,7,61,119,82,17,99,36.8
30077905,4,fall,5,68,142,71,26,98,37.7
30077906,3,abdominal pain,5,98,121,87,10,94,38.3
30077907,3,fall,4,74,127,95,15,98,37.5
30077908,3,back pain,0,93,153,91,21,95,36.4
30077909,2,abdominal pain,7,98,133,95,15,95,37.0
30077910,3,fall,2,82,121,80,21,100,36.4
30077911,1,fever,7,91,115,64,18,100,36.0
30077912,4,back pain,1,107,151,66,16,94,36.5
30077913,3,shortness of breath,5,72,126,77,19,95,38.1
30077914,3,abdominal pain,6,113,148,92,12,93,35.6
30077915,4,fall,3,99,162,74,21,96,36.8
30077916,3,laceration,0,63,129,99,22,94,34.6
30077917,3,shortness of breath,5,72,98,74,18,89,36.6
30077918,3,headache,5,64,134,85,19,95,37.6
30077919,3,fall,3,85,124,47,16,98,34.0
30077920,3,knee pain,7,56,139,97,19,95,35.7
30077921,2,chest pain,9,102,134,92,20,100,37.1
30077922,3,fall,0,85,140,65,19,95,36.7
30077923,2,abdominal pain,10,83,100,66,25,92,37.2
30077924,3,knee pain,3,81,106,58,21,97,38.9
30077925,4,headache,4,94,149,85,14,97,35.4
30077926,3,chest pain,2,94,88,90,21,100,37.9
30077927,4,chest pain,6,78,125,67,24,99,36.2
30077928,4,chest pain,3,82,100,61,19,95,35.8
30077929,2,abdominal pain,10,82,120,73,20,100,36.4
30077930,2,back pain,6,83,107,81,17,96,38.1
30077931,4,anxiety,1,117,154,73,14,91,37.3
30077932,4,headache,5,97,111,76,10,97,36.3
30077933,4,laceration,7,67,171,86,17,100,36.9
30077934,4,laceration,2,92,139,64,14,100,38.1
30077935,3,anxiety,5,81,135,106,21,98,36.4
30077936,3,fall,7,100,92,80,18,97,37.1
30077937,1,anxiety,10,92,143,93,17,100,36.6
30077938,2,back pain,10,58,99,90,20,93,35.9
30077939,3,fall,1,61,128,89,17,98,37.8
30077940,4,fall,1,87,98,71,20,99,37.1
30077941,3,knee pain,2,94,130,90,18,93,36.8
30077942,4,laceration,4,89,91,100,19,97,37.7
30077943,3,shortness of breath,7,99,126,62,23,99,36.3
30077944,3,abdominal pain,0,81,118,76,23,97,36.7
30077945,1,laceration,6,90,109,77,8,93,37.0
30077946,4,headache,4,72,128,76,18,100,37.0
30077947,2,fever,9,86,114,66,21,96,36.9
30077948,3,knee pain,1,84,121,90,22,100,37.4
30077949,2,chest pain,6,82,99,66,21,94,38.5
30077950,3,laceration,7,102,95,112,15,100,38.5
30077951,1,chest pain,8,76,111,97,19,100,37.1
30077952,3,knee pain,1,89,98,97,14,98,37.4
30077953,3,fall,4,87,88,84,8,96,35.2
30077954,3,knee pain,5,76,101,57,25,95,38.1
30077955,1,shortness of breath,6,67,126,61,21,95,37.5
30077956,4,knee pain,3,97,112,88,15,93,37.1
30077957,4,fall,0,59,118,81,20,94,36.4
30077958,3,back pain,0,76,139,78,10,100,36.2
30077959,3,shortness of breath,5,71,155,72,23,97,36.6
30077960,3,back pain,4,90,147,74,16,97,37.7
30077961,2,abdominal pain,7,70,115,81,11,97,36.9
30077962,3,anxiety,3,94,125,90,11,98,38.2
30077963,3,back pain,6,64,93,71,21,99,36.9
30077964,3,headache,0,97,136,72,21,98,35.5
30077965,2,knee pain,10,83,134,98,20,97,36.9
30077966,3,laceration,1,53,63,71,20,98,37.8
30077967,3,shortness of breath,2,100,120,112,15,96,37.9
30077968,4,back pain,4,90,106,56,22,94,36.5
30077969,3,shortness of breath,6,88,115,97,22,98,36.8
30077970,3,chest pain,5,85,115,90,19,100,37.2
30077971,3,abdominal pain,4,78,129,58,18,93,35.8
30077972,1,fall,6,95,92,94,14,100,36.3
30077973,3,laceration,4,84,108,85,18,100,37.4
30077974,4,shortness of breath,5,119,118,74,18,99,37.4
30077975,4,shortness of breath,0,77,84,53,21,94,37.1
30077976,3,headache,4,91,107,73,15,100,36.4
30077977,2,shortness of breath,7,54,122,99,18,97,37.3
30077978,2,fall,9,64,129,82,19,100,37.5
30077979,3,headache,4,76,125,58,18,100,37.9
30077980,1,shortness of breath,6,90,140,113,19,96,37.3
30077981,3,shortness of breath,6,89,114,68,13,100,37.0
30077982,3,headache,1,77,138,84,16,89,36.3
30077983,3,abdominal pain,3,83,109,63,16,98,37.9
30077984,3,headache,3,72,115,71,26,100,36.6
30077985,3,laceration,1,91,134,93,16,94,37.1
30077986,3,laceration,2,93,119,73,17,88,36.7
30077987,3,laceration,4,89,130,83,16,100,37.5
30077988,3,chest pain,3,114,90,66,22,92,36.1
30077989,2,fever,6,95,117,59,17,96,36.5
30077990,1,abdominal pain,8,80,147,89,16,98,37.7
30077991,3,knee pain,2,69,117,84,15,100,37.9
30077992,4,fall,1,92,113,75,17,100,37.8
30077993,4,fall,3,80,122,84,16,98,35.8
30077994,3,chest pain,6,103,160,41,16,100,36.4
30077995,3,shortness of breath,7,95,134,76,19,100,36.5
30077996,3,laceration,5,77,178,72,19,92,37.2
30077997,3,headache,7,109,130,79,16,96,36.5
30077998,3,shortness of breath,2,115,99,73,14,97,36.8
30077999,2,anxiety,8,60,167,65,18,96,36.2
30078000,3,laceration,4,65,106,96,13,94,36.9
30078001,3,shortness of breath,3,116,108,66,11,95,35.2
30078002,5,laceration,2,69,152,70,15,100,37.9
30078003,3,anxiety,0,67,143,81,22,100,37.8
30078004,3,abdominal pain,7,91,121,105,24,99,38.2
30078005,4,back pain,0,91,129,96,18,91,36.2
30078006,3,headache,5,71,132,115,27,97,38.0
30078007,5,back pain,2,49,155,82,25,98,37.2
30078008,3,abdominal pain,2,75,117,85,21,97,36.3
30078009,3,laceration,4,91,144,89,22,95,37.7
30078010,4,knee pain,7,98,110,89,19,99,37.6
30078011,3,fall,2,86,124,92,10,95,37.7
30078012,3,abdominal pain,1,77,117,92,21,91,39.1
30078013,4,laceration,6,92,148,94,20,99,36.4
30078014,1,laceration,10,86,100,83,14,100,35.4
30078015,2,knee pain,7,71,149,101,27,98,36.6
30078016,3,chest pain,0,62,129,70,16,94,36.4
30078017,4,anxiety,3,86,161,57,20,98,36.4
30078018,3,chest pain,2,112,164,57,19,95,36.9
30078019,3,laceration,0,104,124,97,29,91,37.0
30078020,4,fall,2,70,139,70,19,97,35.4
30078021,2,abdominal pain,10,86,142,28,14,97,37.5
30078022,3,anxiety,1,87,139,93,23,93,37.9
30078023,4,fever,3,95,114,83,15,94,38.3
30078024,3,laceration,2,111,97,73,18,99,36.5
30078025,3,headache,4,69,104,77,21,100,35.6
30078026,2,fall,10,97,109,81,22,96,38.1
30078027,3,chest pain,3,83,128,65,20,97,38.7
30078028,3,knee pain,1,82,137,92,23,100,38.1
30078029,3,laceration,1,77,123,52,14,100,36.3
30078030,5,headache,0,65,112,86,14,92,36.4
30078031,4,fever,4,95,92,98,13,94,35.9
30078032,2,abdominal pain,8,77,135,90,19,98,37.2
30078033,3,abdominal pain,5,84,77,66,13,97,37.6
30078034,3,anxiety,6,98,110,67,16,99,36.6
30078035,2,headache,7,74,126,102,12,100,37.0
30078036,5,knee pain,2,89,124,61,11,96,36.9
30078037,3,fall,2,90,166,72,22,98,37.4
30078038,4,shortness of breath,4,63,102,97,25,94,36.8
30078039,3,back pain,4,87,81,106,20,100,36.1
30078040,3,knee pain,1,100,138,72,19,99,36.6
30078041,5,knee pain,0,88,109,83,19,95,36.5
30078042,3,back pain,1,51,116,105,22,100,38.4
30078043,4,abdominal pain,5,58,131,108,22,99,37.1
30078044,4,back pain,6,87,138,100,20,100,37.3
30078045,3,headache,0,74,115,106,18,97,36.7
30078046,1,anxiety,8,88,138,100,17,100,35.9
30078047,4,abdominal pain,5,105,134,68,22,97,37.1
30078048,3,fever,1,97,122,61,18,100,36.7
30078049,4,abdominal pain,4,67,134,61,9,95,36.3
30078050,3,laceration,2,65,130,98,20,100,36.2
30078051,3,fall,6,71,126,83,25,100,36.6
30078052,2,abdominal pain,8,63,114,84,19,97,37.0
30078053,4,chest pain,4,96,92,107,16,92,38.0
30078054,3,laceration,5,64,149,90,17,99,36.2
30078055,4,fall,1,85,151,83,27,99,36.6
30078056,3,headache,4,63,151,85,11,97,36.7
30078057,3,knee pain,4,80,114,89,19,98,36.2
30078058,3,back pain,0,74,108,85,24,97,36.2
30078059,2,fall,6,82,159,77,27,99,36.1
30078060,2,fever,10,66,83,71,18,96,37.2
30078061,3,laceration,0,90,147,83,23,100,36.1
30078062,4,knee pain,5,84,130,56,18,94,36.4
30078063,4,fever,4,78,121,74,19,96,36.1
30078064,3,chest pain,6,84,103,84,18,97,37.5
30078065,3,laceration,3,55,157,115,19,96,36.6
30078066,3,headache,4,61,119,70,24,100,38.7
30078067,4,fall,0,88,115,97,18,99,37.2
30078068,3,shortness of breath,4,99,124,77,19,95,38.4
30078069,3,fall,7,79,131,86,22,94,36.3
30078070,4,fever,7,84,127,81,13,99,36.5
30078071,2,shortness of breath,9,115,145,83,19,100,36.8
30078072,4,back pain,2,62,81,74,20,98,36.6
30078073,2,fall,6,60,110,112,20,94,37.7
30078074,3,knee pain,0,73,108,90,26,100,38.0
30078075,5,headache,5,79,152,95,12,95,38.1
30078076,2,back pain,9,69,123,83,19,93,36.2
30078077,3,chest pain,7,82,123,56,25,100,36.3
30078078,2,headache,6,107,135,86,21,94,36.8
30078079,3,shortness of breath,0,70,137,74,14,100,36.9
30078080,4,fall,5,91,129,85,26,100,37.5
30078081,3,anxiety,4,102,162,91,17,100,37.5
30078082,4,chest pain,5,71,120,115,17,99,36.5
30078083,3,laceration,0,97,136,61,21,94,36.9
30078084,3,fever,4,72,99,50,22,98,36.7
30078085,3,abdominal pain,2,113,125,89,19,93,35.5
30078086,4,shortness of breath,3,105,110,75,16,99,37.6
30078087,2,shortness of breath,6,59,109,59,20,96,38.0
30078088,3,laceration,7,82,145,73,19,100,35.9
30078089,1,headache,9,108,111,74,13,99,38.1
30078090,2,shortness of breath,7,65,121,94,23,97,37.2
30078091,3,laceration,2,71,131,70,18,95,36.9
30078092,4,chest pain,0,88,137,84,19,99,35.8
30078093,3,back pain,2,50,104,76,26,100,36.7
30078094,3,back pain,1,91,145,71,17,96,36.0
30078095,3,back pain,3,95,122,77,22,93,37.2
30078096,3,knee pain,5,107,125,91,15,98,38.4
30078097,3,laceration,6,92,159,84,19,94,37.0
30078098,4,anxiety,1,104,95,75,16,92,37.4
30078099,3,abdominal pain,5,64,145,83,13,100,38.5
30078100,3,back pain,5,56,115,83,14,100,36.8
30078101,3,anxiety,2,106,126,103,18,98,36.8
30078102,3,anxiety,1,90,106,69,21,100,37.7
30078103,3,chest pain,6,82,124,73,19,100,35.9
30078104,4,fever,2,92,128,65,25,100,36.5
30078105,1,fall,6,64,130,47,13,98,35.3
30078106,2,fever,7,86,165,86,20,94,38.0
30078107,3,anxiety,4,72,124,83,20,98,36.9
30078108,4,knee pain,7,86,136,63,19,93,38.5
30078109,2,fall,10,80,128,57,25,100,37.4
30078110,3,anxiety,7,84,124,93,26,95,38.3
30078111,3,knee pain,2,95,119,73,20,100,37.0
30078112,3,knee pain,2,70,122,64,12,96,37.0
30078113,3,chest pain,7,69,91,65,15,96,36.5
30078114,5,back pain,3,60,118,92,25,99,37.3
30078115,3,anxiety,4,92,117,72,19,94,36.7
30078116,2,laceration,7,80,134,51,14,95,37.3
30078117,2,laceration,6,70,151,91,19,97,37.0
30078118,2,abdominal pain,7,85,120,67,23,95,37.2
30078119,4,fever,1,89,126,96,17,100,36.9
30078120,4,fall,3,91,92,72,16,97,38.2
30078121,2,fever,9,82,122,81,17,100,38.9
30078122,3,back pain,4,116,141,56,15,100,36.2
30078123,3,fall,1,87,123,61,22,92,36.9
30078124,3,fever,6,75,109,58,19,94,36.5
30078125,3,fever,4,105,166,62,15,99,36.5
30078126,2,fall,7,91,108,60,23,98,36.4
30078127,3,back pain,6,82,104,78,17,99,37.3
30078128,2,anxiety,6,89,125,81,27,96,36.5
30078129,3,fever,2,93,128,69,14,98,37.1
30078130,3,abdominal pain,5,107,89,92,17,92,38.5
30078131,4,laceration,2,98,123,88,21,90,38.9
30078132,3,knee pain,7,54,114,93,19,96,35.9
30078133,4,back pain,3,98,162,54,15,98,37.3
30078134,3,chest pain,0,95,128,75,16,100,36.7
30078135,3,shortness of breath,7,110,115,82,21,95,37.0
30078136,3,knee pain,1,95,127,66,23,95,36.9
30078137,3,fall,6,84,116,84,26,94,37.3
30078138,4,fever,5,82,138,78,20,96,37.3
30078139,3,laceration,3,77,160,94,13,100,36.6
30078140,2,fall,9,91,142,75,16,100,38.0
30078141,3,fall,4,67,134,90,14,98,37.7
30078142,2,shortness of breath,7,70,116,87,25,95,37.4
30078143,3,shortness of breath,6,75,138,73,26,100,36.6
30078144,3,fall,7,93,156,98,17,97,38.6
30078145,5,headache,6,67,131,71,13,96,36.7
30078146,5,headache,5,115,115,61,16,100,35.6
30078147,4,shortness of breath,6,82,137,80,15,98,37.8
30078148,3,headache,1,86,102,70,23,100,36.8
30078149,3,shortness of breath,6,83,125,79,26,96,36.7
30078150,2,headache,10,94,118,95,21,99,37.3
30078151,3,headache,5,97,102,73,19,100,36.9
30078152,3,shortness of breath,0,79,137,105,14,100,38.1
30078153,2,knee pain,6,70,106,71,17,98,37.9
30078154,4,headache,0,61,143,56,23,96,37.5
30078155,4,shortness of breath,7,92,126,115,18,94,37.0
30078156,1,fever,8,97,141,57,18,99,37.0
30078157,4,back pain,3,105,119,79,16,92,35.9
30078158,3,fall,4,95,148,79,21,93,36.6
30078159,3,anxiety,4,104,129,81,21,100,37.6
30078160,3,headache,0,105,150,100,22,97,38.7
30078161,2,fever,6,92,108,84,21,99,37.1
30078162,4,laceration,2,110,141,76,20,95,37.1
30078163,3,abdominal pain,6,59,109,99,15,94,38.5
30078164,3,shortness of breath,0,48,115,80,18,94,35.8
30078165,2,knee pain,7,98,134,41,11,98,37.2
30078166,3,anxiety,7,67,111,58,25,97,37.2
30078167,3,headache,5,80,146,84,20,96,37.0
30078168,1,fall,8,116,110,73,14,100,38.7
30078169,4,laceration,5,83,126,61,14,96,36.8
30078170,3,laceration,6,93,139,67,22,98,37.7
30078171,3,anxiety,7,95,117,85,17,97,38.5
30078172,3,back pain,4,83,103,98,18,100,38.0
30078173,2,fever,10,115,117,84,6,91,38.8
30078174,3,chest pain,2,52,150,80,15,98,37.3
30078175,3,headache,0,92,102,47,11,96,37.1
30078176,5,fever,0,96,107,68,10,99,37.8
30078177,3,shortness of breath,7,87,140,93,20,95,37.1
30078178,3,laceration,7,89,127,83,18,100,37.1
30078179,2,abdominal pain,6,86,105,43,19,97,36.7
30078180,3,back pain,1,35,118,71,19,90,37.4
30078181,3,anxiety,0,83,68,69,21,93,38.6
30078182,3,anxiety,2,80,87,81,22,98,36.9
30078183,3,chest pain,1,107,122,70,23,97,36.0
30078184,3,abdominal pain,2,82,108,83,9,100,37.2
30078185,3,chest pain,6,68,96,94,20,93,37.5
30078186,3,shortness of breath,5,68,123,80,26,99,37.7
30078187,4,knee pain,1,66,107,72,20,97,37.2
30078188,2,abdominal pain,10,54,122,77,24,98,37.2
30078189,2,fall,10,92,96,75,18,97,36.4
30078190,3,fever,3,108,116,86,14,99,36.6
30078191,3,anxiety,0,76,104,97,18,97,38.0
30078192,3,knee pain,6,81,106,55,20,94,37.5
30078193,2,shortness of breath,9,83,146,87,22,99,36.3
30078194,5,shortness of breath,4,81,126,77,18,100,36.3
30078195,3,back pain,3,107,136,81,9,98,36.1
30078196,2,headache,10,78,100,65,9,99,37.5
30078197,3,headache,5,67,100,71,18,95,36.9
30078198,2,headache,6,66,132,78,22,96,36.7
30078199,4,chest pain,7,64,148,74,17,97,37.1
30078200,4,abdominal pain,4,97,174,77,13,94,37.2
30078201,2,laceration,7,71,163,69,16,98,38.6
30078202,3,knee pain,6,105,159,95,21,96,38.5
30078203,3,abdominal pain,3,64,154,69,18,94,35.8
30078204,3,abdominal pain,3,65,92,76,20,99,35.8
30078205,2,fever,7,72,152,82,13,100,37.8
30078206,3,chest pain,1,87,113,86,17,98,36.8
30078207,2,anxiety,8,83,115,78,18,98,36.7
30078208,5,fever,3,83,126,88,22,100,37.0
30078209,3,abdominal pain,7,67,107,62,10,97,36.6
30078210,3,anxiety,4,77,116,94,12,97,36.9
30078211,3,knee pain,2,78,96,72,24,93,38.4
30078212,3,chest pain,3,79,113,93,14,91,36.3
30078213,2,fever,10,70,117,66,15,96,37.3
30078214,3,fall,1,91,98,76,25,99,37.0
30078215,1,laceration,8,82,86,55,21,94,35.5
30078216,5,headache,3,106,128,81,19,97,37.5
30078217,4,fall,2,71,126,56,19,96,37.6
30078218,3,headache,2,68,125,56,19,92,38.1
30078219,1,abdominal pain,10,56,136,68,16,95,36.4
30078220,2,fever,6,75,120,92,14,97,37.0
30078221,3,fever,1,62,124,72,26,93,37.8
30078222,3,anxiety,2,91,136,68,19,99,37.1
30078223,4,knee pain,2,101,136,66,17,94,36.1
30078224,3,knee pain,3,93,86,79,17,96,38.4
30078225,3,shortness of breath,5,68,91,94,24,94,37.8
30078226,3,shortness of breath,5,79,114,82,19,99,37.7
30078227,3,headache,0,111,107,99,22,92,37.5
30078228,4,knee pain,5,66,107,84,24,97,38.1
30078229,1,headache,6,90,94,60,23,100,36.6
30078230,4,anxiety,6,59,129,80,21,97,37.0
30078231,4,abdominal pain,5,88,149,69,23,95,36.3
30078232,3,fever,5,89,125,42,17,97,36.1
30078233,3,laceration,5,72,162,84,17,97,37.2
30078234,4,shortness of breath,6,89,132,70,23,98,37.1
30078235,5,chest pain,3,88,136,88,28,89,37.7
30078236,2,fever,9,83,82,60,19,100,37.0
30078237,3,anxiety,5,111,109,92,22,100,35.9
30078238,4,laceration,2,55,140,95,10,97,38.4
30078239,3,anxiety,7,111,174,75,13,97,37.0
30078240,3,back pain,4,78,123,70,17,93,36.2
30078241,3,shortness of breath,0,85,132,75,16,91,37.3
30078242,2,laceration,7,77,121,85,14,99,37.2
30078243,4,fall,6,69,131,87,25,98,36.9
30078244,3,chest pain,2,88,77,79,21,94,38.0
30078245,2,abdominal pain,6,70,122,64,14,95,36.4
30078246,3,fever,5,81,130,81,26,96,36.4
30078247,3,back pain,4,82,84,97,13,99,36.1
30078248,3,knee pain,5,114,165,76,19,100,36.7
30078249,3,headache,2,93,139,98,15,98,37.5
30078250,3,knee pain,0,96,82,76,16,92,38.2
30078251,3,chest pain,7,78,148,64,25,95,37.5
30078252,3,shortness of breath,2,66,117,76,13,95,37.9
30078253,1,laceration,6,99,145,78,22,100,36.8
30078254,4,chest pain,7,95,123,44,17,100,36.9
30078255,3,back pain,0,75,112,69,22,98,36.7
30078256,4,back pain,7,91,82,90,19,100,37.0
30078257,3,headache,4,77,124,108,22,98,37.2
30078258,3,knee pain,1,61,151,106,21,100,38.2
30078259,2,headache,9,60,134,73,11,100,37.4
30078260,2,fall,7,103,146,79,14,98,37.8
30078261,2,chest pain,8,52,126,85,16,99,37.2
30078262,4,headache,4,81,123,96,10,97,35.8
30078263,4,fall,6,72,130,91,25,99,36.3
30078264,5,chest pain,2,100,151,78,25,95,36.6
30078265,2,anxiety,7,75,134,76,14,97,36.8
30078266,2,anxiety,10,61,136,72,20,99,36.1
30078267,2,fever,10,109,154,99,14,100,37.6
30078268,4,anxiety,3,84,100,67,22,98,37.3
30078269,3,chest pain,0,80,142,75,18,100,36.6
30078270,1,shortness of breath,9,101,113,101,22,95,38.4
30078271,3,anxiety,2,78,124,87,19,96,37.5
30078272,4,fever,6,72,120,49,16,97,37.2
30078273,1,knee pain,9,75,124,73,17,98,37.7
30078274,2,laceration,9,78,116,80,12,96,37.3
30078275,3,anxiety,4,95,132,75,12,95,37.5
30078276,2,back pain,6,79,162,79,23,98,37.0
30078277,2,abdominal pain,6,88,113,100,22,94,38.0
30078278,3,fall,0,94,127,99,13,100,37.1
30078279,2,laceration,6,80,136,86,20,95,36.4
30078280,1,back pain,10,75,135,65,21,97,36.4
30078281,5,laceration,7,100,106,85,16,94,37.1
30078282,4,shortness of breath,5,91,138,77,12,94,34.9
30078283,3,fall,5,84,97,73,21,95,38.4
30078284,3,fever,5,98,142,99,12,98,36.3
30078285,3,shortness of breath,2,85,125,75,14,96,36.7
30078286,3,shortness of breath,7,80,98,78,10,96,37.3
30078287,3,abdominal pain,7,94,120,53,16,94,37.8
30078288,3,abdominal pain,6,106,115,65,16,99,36.9
30078289,3,abdominal pain,3,100,127,76,17,96,36.4
30078290,3,anxiety,5,71,125,80,21,100,35.4
30078291,3,headache,7,74,128,84,20,100,36.2
30078292,3,laceration,0,62,117,100,22,96,36.3
30078293,3,shortness of breath,5,77,121,65,19,100,35.3
30078294,3,abdominal pain,3,90,83,93,22,97,36.6
30078295,2,back pain,6,69,70,56,15,99,37.9
30078296,2,back pain,9,72,103,81,19,96,36.4
30078297,3,headache,6,93,135,69,16,94,37.0
30078298,4,chest pain,5,79,95,64,22,97,36.9
30078299,1,anxiety,7,126,125,105,17,97,36.5
30078300,3,back pain,0,55,115,80,16,97,37.2
30078301,3,anxiety,3,95,145,82,18,97,37.4
30078302,3,chest pain,0,73,126,79,17,97,36.0
30078303,4,abdominal pain,1,84,136,68,13,97,37.5
30078304,4,chest pain,2,85,132,84,20,97,38.0
30078305,3,chest pain,0,82,111,70,19,94,38.6
30078306,3,fall,6,93,146,82,15,96,37.6
30078307,2,anxiety,9,84,95,88,17,100,36.4
30078308,2,shortness of breath,8,94,116,93,20,93,36.6
30078309,3,chest pain,6,85,107,90,16,99,36.2
30078310,4,laceration,7,85,146,91,18,96,37.8
30078311,3,fall,1,87,135,80,24,99,36.3
30078312,3,abdominal pain,7,57,146,88,17,93,36.7
30078313,4,headache,3,79,160,84,15,93,37.2
30078314,2,headache,7,82,124,94,19,99,36.3
30078315,5,fever,4,86,147,73,19,98,36.8
30078316,3,fever,2,93,131,68,17,98,36.5
30078317,2,abdominal pain,10,83,123,109,14,98,35.8
30078318,2,abdominal pain,10,97,136,84,16,89,36.2
30078319,3,fall,3,91,113,55,14,100,37.3
30078320,2,knee pain,6,73,144,73,24,98,36.2
30078321,3,back pain,4,71,120,61,9,97,37.1
30078322,2,laceration,8,72,98,118,14,98,36.6
30078323,4,back pain,4,76,128,77,22,100,35.7
30078324,5,knee pain,0,83,102,85,13,98,40.4
30078325,4,knee pain,0,82,125,98,14,97,36.3
30078326,3,shortness of breath,5,100,125,81,13,97,37.4
30078327,2,anxiety,9,77,153,82,19,100,37.2
30078328,1,headache,6,78,91,97,17,96,37.0
30078329,3,knee pain,3,68,132,94,22,99,37.5
30078330,3,anxiety,2,110,120,83,15,96,37.8
30078331,3,chest pain,2,73,124,85,17,97,36.1
30078332,2,fall,7,84,90,54,22,98,36.8
30078333,3,fall,4,87,122,84,15,100,37.4
30078334,3,fever,1,61,115,69,19,94,37.1
30078335,4,back pain,6,82,103,72,19,93,38.2
30078336,3,laceration,2,87,124,87,15,93,37.6
30078337,4,knee pain,1,108,140,97,14,99,38.0
30078338,3,back pain,7,66,106,75,17,100,38.0
30078339,3,shortness of breath,4,82,136,77,12,94,37.2
30078340,3,anxiety,6,95,160,85,15,93,38.1
30078341,3,back pain,0,96,132,83,17,97,36.8
30078342,3,shortness of breath,7,71,148,91,19,95,37.3
30078343,4,back pain,1,64,121,75,16,99,36.4
30078344,1,laceration,9,87,113,87,19,98,36.4
30078345,1,shortness of breath,10,104,105,69,15,100,35.8
30078346,3,laceration,6,91,120,94,11,99,37.7
30078347,4,abdominal pain,0,90,145,64,24,95,38.1
30078348,3,abdominal pain,7,90,123,78,17,95,36.3
30078349,3,chest pain,3,110,128,77,22,100,37.2
30078350,3,anxiety,0,87,118,73,15,99,39.1
30078351,2,chest pain,9,78,127,95,17,98,38.3
30078352,3,shortness of breath,7,93,123,65,8,96,36.1
30078353,3,headache,4,63,131,76,12,97,37.1
30078354,3,back pain,3,77,118,60,22,97,35.1
30078355,3,anxiety,1,93,179,63,21,100,37.2
30078356,4,abdominal pain,1,78,145,69,22,95,36.6
30078357,2,fall,6,86,125,80,16,94,37.7
30078358,3,headache,4,88,113,83,16,99,35.8
30078359,2,chest pain,8,83,112,84,18,95,37.6
30078360,3,abdominal pain,2,87,115,58,17,100,37.8
30078361,3,anxiety,0,69,71,102,20,97,36.6
30078362,3,fever,6,89,127,60,15,100,37.1
30078363,2,chest pain,8,85,111,51,16,98,37.6
30078364,3,laceration,7,93,152,89,18,100,37.0
30078365,4,back pain,6,87,145,54,24,100,37.3
30078366,3,shortness of breath,1,72,83,106,15,100,37.7
30078367,4,fever,0,73,135,84,13,94,36.9
30078368,3,laceration,1,99,127,109,19,98,36.0
30078369,3,back pain,5,90,110,74,16,100,36.4
30078370,4,knee pain,7,86,119,79,21,99,34.7
30078371,4,knee pain,6,64,121,87,17,99,36.1
30078372,3,abdominal pain,2,99,140,68,20,100,36.9
30078373,3,anxiety,4,79,114,93,20,95,38.9
30078374,2,anxiety,8,89,115,71,19,99,36.3
30078375,4,fall,7,96,124,62,16,95,37.4
30078376,4,back pain,6,113,134,93,24,99,37.2
30078377,4,fall,7,91,75,67,17,99,37.0
30078378,2,abdominal pain,10,96,132,81,17,100,36.0
30078379,3,shortness of breath,6,99,111,108,18,97,36.8
30078380,4,fall,0,63,134,99,19,96,35.0
30078381,2,fever,9,88,117,67,20,94,37.3
30078382,3,abdominal pain,7,87,123,70,23,97,37.5
30078383,1,laceration,7,92,138,90,16,98,36.8
30078384,4,back pain,6,95,124,109,16,99,37.4
30078385,4,chest pain,3,87,123,78,17,100,36.4
30078386,3,chest pain,1,84,134,84,14,97,37.7
30078387,4,abdominal pain,7,114,117,110,25,100,37.4
30078388,4,back pain,1,95,112,53,15,100,37.9
30078389,3,anxiety,5,88,119,64,18,98,36.0
30078390,2,back pain,7,85,147,45,16,100,36.9
30078391,3,anxiety,7,93,104,77,19,98,36.5
30078392,4,knee pain,1,68,140,75,19,99,37.4
30078393,4,abdominal pain,5,80,119,93,16,94,35.3
30078394,2,shortness of breath,8,82,109,70,8,96,38.6
30078395,3,fever,1,81,109,72,16,100,38.7
30078396,2,fever,8,91,102,89,24,95,36.4
30078397,2,knee pain,8,94,136,86,20,97,36.2
30078398,5,chest pain,0,73,112,67,13,94,36.3
30078399,3,back pain,1,90,143,104,17,93,37.0
30078400,3,back pain,5,80,147,74,18,94,36.6
30078401,4,anxiety,4,103,138,91,19,95,36.1
30078402,2,back pain,10,107,134,70,16,95,37.0
30078403,3,shortness of breath,2,106,133,82,21,98,38.3
30078404,4,shortness of breath,5,59,101,78,19,95,36.0
30078405,3,headache,1,66,121,87,17,94,37.9
30078406,3,fever,4,71,145,83,18,98,35.2
30078407,3,laceration,3,98,140,69,15,95,38.0
30078408,3,anxiety,5,60,110,99,18,100,35.6
30078409,3,shortness of breath,2,90,142,77,17,95,38.1
30078410,2,fall,8,97,131,88,15,99,39.2
30078411,3,abdominal pain,1,73,76,81,14,100,36.9
30078412,3,chest pain,3,74,82,106,22,97,37.8
30078413,2,fall,9,99,140,100,19,97,37.7
30078414,3,fall,0,104,150,84,21,99,36.0
30078415,3,fever,7,93,78,83,22,99,36.8
30078416,4,fever,6,92,116,87,17,100,36.1
30078417,3,laceration,1,79,108,106,13,94,37.4
30078418,3,shortness of breath,3,70,129,96,23,100,37.4
30078419,3,laceration,4,85,118,70,15,97,37.2
30078420,3,knee pain,0,55,113,98,13,93,36.5
30078421,5,headache,2,92,131,106,19,91,36.9
30078422,1,headache,7,66,122,97,12,100,36.6
30078423,4,anxiety,3,89,87,92,18,98,37.2
30078424,3,shortness of breath,0,90,155,90,17,99,36.1
30078425,3,knee pain,3,90,136,59,14,97,37.4
30078426,4,headache,2,95,94,84,17,98,36.7
30078427,2,abdominal pain,9,89,113,97,21,99,37.3
30078428,1,knee pain,8,95,154,65,14,96,36.6
30078429,3,headache,0,117,112,64,12,95,38.1
30078430,1,chest pain,10,84,132,85,16,96,37.3
30078431,5,fall,7,85,116,92,15,93,36.6
30078432,2,fall,10,82,106,68,12,100,37.9
30078433,4,anxiety,7,90,92,48,16,100,36.3
30078434,3,fever,3,90,126,81,21,100,35.9
30078435,3,shortness of breath,3,71,113,85,23,97,37.2
30078436,3,fall,6,93,96,75,18,93,36.7
30078437,4,anxiety,0,89,125,80,18,98,36.6
30078438,3,chest pain,6,69,87,77,18,100,36.6
30078439,3,anxiety,4,89,83,81,8,97,36.5
30078440,1,shortness of breath,8,74,133,98,19,97,37.3
30078441,4,shortness of breath,5,74,112,86,12,91,37.1
30078442,3,abdominal pain,0,86,136,84,13,99,36.4
30078443,3,fever,7,97,117,80,11,98,35.5
30078444,3,abdominal pain,4,67,149,81,14,93,36.7
30078445,3,headache,7,76,126,97,20,100,37.6
30078446,2,back pain,9,75,137,60,23,95,36.5
30078447,1,shortness of breath,7,100,106,57,22,95,37.8
30078448,2,fever,6,112,129,56,22,89,35.6
30078449,3,chest pain,4,56,106,77,18,97,37.3
30078450,1,fall,9,116,118,63,18,100,37.4
30078451,2,abdominal pain,6,94,110,58,23,93,36.0
30078452,3,fall,0,93,152,85,23,100,37.1
30078453,3,laceration,5,57,146,76,14,100,35.7
30078454,3,fever,2,115,130,68,16,98,35.8
30078455,2,laceration,9,91,111,65,19,92,37.3
30078456,3,fever,5,99,145,94,18,96,37.0
30078457,1,knee pain,8,79,145,83,15,98,36.9
30078458,3,headache,0,102,158,62,11,94,37.2
30078459,3,headache,7,90,88,61,15,100,37.7
30078460,3,back pain,1,65,116,83,22,96,37.7
30078461,3,knee pain,6,99,136,93,20,95,37.5
30078462,4,fall,0,79,124,68,22,92,38.0
30078463,3,chest pain,6,87,171,70,19,95,36.7
30078464,4,abdominal pain,5,105,132,99,13,100,37.6
30078465,1,back pain,6,92,131,65,21,100,37.4
30078466,3,anxiety,5,87,140,77,22,97,36.8
30078467,3,fever,2,78,127,94,16,99,36.0
30078468,3,laceration,5,96,154,68,17,91,36.9
30078469,3,fever,0,99,127,80,20,95,36.4
30078470,3,fever,7,109,138,66,15,96,36.8
30078471,3,fever,6,59,137,80,14,100,37.6
30078472,1,fever,6,84,100,65,22,95,35.8
30078473,3,anxiety,4,81,138,82,9,96,36.6
30078474,3,chest pain,2,91,113,83,15,99,36.5
30078475,1,fever,6,61,181,113,17,100,37.0
30078476,3,anxiety,2,112,105,94,15,98,36.1
30078477,3,chest pain,3,93,168,69,20,100,37.7
30078478,4,back pain,5,103,128,73,21,94,36.4
30078479,3,anxiety,6,76,161,77,10,92,36.9
30078480,3,fall,3,88,146,65,19,96,36.9
30078481,3,shortness of breath,5,103,117,85,18,100,36.8
30078482,3,back pain,3,80,106,84,23,95,35.7
30078483,3,headache,5,94,141,76,18,93,36.4
30078484,3,knee pain,5,94,143,78,19,95,36.6
30078485,3,anxiety,6,80,99,79,21,100,36.9
30078486,3,abdominal pain,6,71,117,71,14,97,38.6
30078487,4,abdominal pain,7,74,130,105,18,99,38.5
30078488,3,fall,3,70,117,60,15,97,38.7
30078489,2,shortness of breath,6,112,116,62,20,99,37.4
30078490,5,fall,1,86,92,70,19,95,35.6
30078491,4,back pain,2,87,146,99,20,99,37.1
30078492,3,shortness of breath,2,90,92,90,12,98,36.6
30078493,4,anxiety,2,96,119,87,18,100,37.3
30078494,3,laceration,7,83,146,53,18,99,37.6
30078495,3,abdominal pain,4,79,110,61,17,93,38.8
30078496,3,anxiety,7,76,137,95,11,96,36.5
30078497,4,abdominal pain,7,62,100,76,22,93,36.9
30078498,3,fall,7,87,115,68,18,99,37.0
30078499,3,fever,3,60,125,101,17,94,37.4
30078500,3,back pain,2,77,146,73,20,100,37.5
30078501,2,abdominal pain,10,74,155,75,14,100,36.9
30078502,3,chest pain,1,96,116,70,13,100,38.9
30078503,2,chest pain,8,74,124,75,20,100,35.7
30078504,4,laceration,2,64,161,75,21,100,37.7
30078505,3,knee pain,7,62,166,64,14,97,36.4
30078506,3,abdominal pain,3,79,130,54,22,96,38.3
30078507,4,chest pain,6,100,112,83,21,100,37.6
30078508,1,laceration,9,75,136,116,26,97,38.0
30078509,3,fever,0,106,136,82,16,90,37.3
30078510,4,fall,7,79,115,76,23,97,38.7
30078511,3,anxiety,5,87,96,85,21,95,35.4
30078512,4,fever,4,91,131,109,14,100,37.6
30078513,2,back pain,6,55,147,87,19,99,37.9
30078514,4,abdominal pain,0,66,117,87,18,96,38.2
30078515,4,laceration,7,80,83,85,12,95,36.6
30078516,3,fall,3,63,126,65,11,100,37.3
30078517,4,laceration,2,92,143,69,16,99,37.1
30078518,3,chest pain,6,54,128,79,19,94,38.3
30078519,3,knee pain,5,84,119,71,18,98,37.8
30078520,4,back pain,3,90,123,68,17,100,36.7
30078521,3,fall,5,77,126,63,10,94,36.2
30078522,4,anxiety,3,67,84,112,21,95,39.1
30078523,2,chest pain,6,104,131,69,23,98,37.5
30078524,3,fever,3,78,86,61,15,99,37.2
30078525,1,headache,8,92,103,95,29,93,36.1
30078526,4,laceration,7,92,139,77,15,97,37.2
30078527,3,knee pain,2,86,108,99,25,100,37.4
30078528,3,back pain,7,95,138,50,11,98,39.2
30078529,3,knee pain,3,46,168,89,15,95,37.2
30078530,4,fall,7,122,117,75,14,96,37.5
30078531,4,back pain,1,72,114,63,12,94,36.9
30078532,3,abdominal pain,6,60,118,72,21,97,36.9
30078533,3,headache,3,107,84,91,21,94,36.1
30078534,3,shortness of breath,7,109,170,65,13,95,36.5
30078535,3,abdominal pain,5,71,112,99,19,96,37.8
30078536,3,chest pain,2,98,116,75,21,99,37.1
30078537,1,laceration,10,108,121,99,16,97,37.9
30078538,3,fall,5,78,119,81,17,98,36.0
30078539,3,fall,4,90,125,76,17,94,37.8
30078540,2,fall,8,84,126,77,12,89,36.3
30078541,3,fever,4,85,139,90,15,100,36.6
30078542,4,chest pain,7,107,128,69,17,99,37.0
30078543,3,fever,0,106,127,86,18,99,36.6
30078544,3,abdominal pain,3,100,115,80,15,96,35.8
30078545,3,laceration,0,92,119,98,22,97,38.0
30078546,2,shortness of breath,10,87,131,118,22,98,38.0
30078547,3,back pain,6,78,117,91,13,94,37.9
30078548,3,anxiety,1,98,135,95,14,98,36.1
30078549,3,fever,3,100,138,83,17,99,38.1
30078550,3,fall,5,81,146,91,22,100,37.7
30078551,2,laceration,6,85,132,77,22,100,36.3
30078552,4,headache,1,88,120,79,16,96,37.9
30078553,4,abdominal pain,7,66,121,72,16,97,37.7
30078554,2,fall,6,81,131,86,14,97,37.5
30078555,3,back pain,6,108,132,65,25,98,37.3
30078556,5,knee pain,1,94,130,66,18,96,36.5
30078557,4,fall,1,76,139,52,21,100,36.0
30078558,1,laceration,6,91,140,79,14,90,36.5
30078559,3,fall,0,88,112,64,13,99,36.9
30078560,3,anxiety,7,104,151,68,16,95,38.0
30078561,2,chest pain,10,58,151,74,15,93,36.3
30078562,3,headache,6,82,117,80,20,99,38.6
30078563,3,knee pain,0,118,146,79,24,97,37.7
30078564,3,abdominal pain,5,77,135,84,17,92,37.1
30078565,3,chest pain,7,93,90,85,19,97,36.2
30078566,3,fever,1,88,137,94,26,94,38.9
30078567,3,headache,7,73,127,69,18,95,37.1
30078568,3,fever,4,75,117,79,21,97,36.3
30078569,3,chest pain,5,102,99,56,21,97,37.7
30078570,4,fall,1,81,84,68,10,95,36.1
30078571,3,shortness of breath,2,90,85,75,20,95,36.7
30078572,3,shortness of breath,2,102,142,76,20,94,37.9
30078573,3,shortness of breath,1,85,120,78,18,96,37.4
30078574,3,headache,3,90,136,100,22,98,38.0
30078575,3,fever,3,69,113,99,17,100,36.9
30078576,3,knee pain,1,66,105,85,17,95,37.6
30078577,3,chest pain,7,92,119,81,17,91,36.4
30078578,4,chest pain,1,75,93,88,11,98,36.9
30078579,3,laceration,6,77,90,83,14,97,37.2
30078580,3,laceration,2,109,155,93,15,94,36.4
30078581,3,back pain,1,105,131,83,12,97,36.5
30078582,4,shortness of breath,4,79,117,98,21,97,37.3
30078583,3,headache,3,61,108,78,11,95,38.2
30078584,3,headache,7,92,113,79,18,96,36.9
30078585,3,fall,1,102,165,85,19,94,36.4
30078586,4,chest pain,3,61,133,68,20,94,35.8
30078587,3,anxiety,3,73,155,91,23,100,38.4
30078588,3,knee pain,2,96,121,88,14,100,37.1
30078589,3,abdominal pain,7,85,103,41,26,100,37.0
30078590,1,laceration,7,96,111,51,19,94,35.9
30078591,2,shortness of breath,10,66,103,79,20,100,35.8
30078592,4,laceration,6,79,95,81,15,95,36.4
30078593,4,headache,3,92,110,86,25,95,37.3
30078594,3,back pain,1,82,123,84,13,93,36.8
30078595,4,anxiety,1,70,102,60,20,92,37.2
30078596,4,fall,7,74,106,104,23,100,34.7
30078597,3,shortness of breath,6,95,113,80,14,99,36.5
30078598,2,fall,8,67,95,83,24,96,37.0
30078599,4,anxiety,5,102,154,70,16,100,36.5
30078600,1,anxiety,7,69,117,54,20,95,37.3
30078601,3,back pain,2,80,118,85,20,99,35.9
30078602,3,knee pain,5,80,125,70,20,99,36.8
30078603,4,shortness of breath,3,62,138,75,15,95,37.6
30078604,3,headache,3,73,113,92,19,99,36.6
30078605,3,laceration,2,88,147,66,16,99,36.8
30078606,3,abdominal pain,7,80,97,101,19,93,38.0
30078607,2,abdominal pain,6,116,131,56,15,98,35.8
30078608,2,shortness of breath,9,86,146,66,17,96,36.3
30078609,4,chest pain,2,97,105,43,18,94,36.2
30078610,4,fall,7,64,142,56,11,96,35.9
30078611,3,back pain,5,82,129,89,26,99,37.7
30078612,3,fever,6,80,130,68,18,98,37.9
30078613,5,chest pain,7,107,93,64,16,97,36.2
30078614,3,headache,3,75,142,54,16,89,37.6
30078615,4,chest pain,2,97,84,111,8,100,36.3
30078616,1,shortness of breath,9,85,158,83,11,98,36.8
30078617,3,fall,3,71,102,79,17,93,36.8
30078618,5,chest pain,3,106,119,75,10,96,37.0
30078619,4,shortness of breath,4,106,120,86,12,94,36.7
30078620,3,fall,6,59,134,56,22,96,37.5
30078621,3,chest pain,3,95,122,99,15,100,35.6
30078622,3,headache,5,120,106,69,22,97,37.1
30078623,4,abdominal pain,5,97,147,73,13,91,36.4
30078624,4,laceration,1,102,122,95,17,92,37.2
30078625,2,headache,8,75,139,76,23,96,38.4
30078626,4,chest pain,3,85,108,65,21,93,36.5
30078627,3,abdominal pain,3,86,95,65,18,96,36.6
30078628,2,abdominal pain,10,98,115,99,25,100,38.3
30078629,4,fall,4,81,125,93,19,90,37.0
30078630,3,back pain,1,104,124,93,13,99,38.1
30078631,3,chest pain,4,97,138,75,16,95,37.3
30078632,4,abdominal pain,0,70,109,55,21,99,37.2
30078633,3,headache,7,99,114,95,19,96,37.5
30078634,3,laceration,2,77,117,110,15,98,37.5
30078635,4,headache,5,100,98,70,13,97,36.5
30078636,4,fall,7,80,124,58,19,95,37.0
30078637,3,abdominal pain,5,92,128,93,13,90,37.6
30078638,3,headache,2,84,154,79,18,95,36.6
30078639,3,laceration,7,70,122,90,26,100,35.8
30078640,3,knee pain,5,100,127,93,15,99,36.5
30078641,3,knee pain,2,84,136,81,26,95,38.4
30078642,3,fall,1,77,148,54,19,98,36.1
30078643,2,anxiety,7,75,149,90,20,97,37.6
30078644,3,knee pain,6,127,98,87,6,94,37.3
30078645,5,anxiety,3,81,143,98,13,100,36.9
30078646,2,fever,10,75,115,85,22,100,37.9
30078647,3,back pain,6,82,132,62,14,98,37.7
30078648,3,fever,6,84,110,101,13,92,35.7
30078649,2,headache,9,91,173,111,16,98,38.4
30078650,3,knee pain,7,95,114,82,23,100,36.5
30078651,4,laceration,7,104,128,73,18,93,37.3
30078652,2,chest pain,10,89,128,108,7,98,37.1
30078653,4,chest pain,2,69,83,47,23,99,37.4
30078654,1,fall,7,80,107,79,12,97,37.3
30078655,3,back pain,6,90,172,80,25,92,37.2
30078656,3,fall,0,95,144,96,17,95,38.2
30078657,1,chest pain,10,91,129,103,20,95,36.7
30078658,3,chest pain,2,86,97,83,20,100,36.7
30078659,3,headache,2,74,148,85,19,98,36.2
30078660,2,knee pain,10,56,146,104,15,95,37.2
30078661,4,knee pain,1,95,124,81,20,97,37.9
30078662,2,abdominal pain,6,109,123,105,21,100,36.3
30078663,2,anxiety,6,85,160,76,23,98,38.3
30078664,2,chest pain,9,80,164,120,17,90,35.4
30078665,4,headache,6,101,181,81,14,97,37.8
30078666,2,laceration,7,73,144,80,16,99,36.7
30078667,4,abdominal pain,2,82,143,79,21,99,35.6
30078668,3,knee pain,3,97,134,65,22,98,38.5
30078669,4,fall,1,74,115,48,16,99,36.3
30078670,2,headache,9,85,99,73,20,96,36.1
30078671,3,fall,2,99,123,75,17,91,37.5
30078672,4,shortness of breath,2,96,115,65,16,95,38.1
30078673,4,anxiety,2,90,132,67,18,100,37.6
30078674,3,knee pain,1,80,133,64,16,92,37.9
30078675,3,back pain,1,66,165,78,18,98,37.6
30078676,3,back pain,3,88,129,76,12,92,36.6
30078677,4,fever,3,85,89,94,26,98,37.9
30078678,3,fall,0,90,120,37,20,92,36.7
30078679,3,anxiety,0,71,134,87,16,96,37.8
30078680,2,knee pain,7,124,125,105,14,95,37.2
30078681,2,laceration,9,71,142,71,19,99,36.3
30078682,3,fever,7,95,121,53,20,98,37.6
30078683,3,back pain,4,61,143,73,17,100,38.3
30078684,5,abdominal pain,2,56,116,78,20,97,36.1
30078685,1,fall,9,57,137,77,18,92,37.5
30078686,2,abdominal pain,9,83,116,99,11,98,35.5
30078687,3,fall,2,82,109,65,23,91,36.2
30078688,3,shortness of breath,7,90,99,52,22,94,36.1
30078689,4,headache,6,84,123,69,22,100,35.7
30078690,2,anxiety,6,83,123,82,14,97,36.8
30078691,5,knee pain,3,86,118,88,8,100,37.9
30078692,3,headache,7,76,91,90,23,95,35.9
30078693,4,knee pain,0,80,123,88,20,99,37.1
30078694,5,shortness of breath,6,87,144,78,18,97,37.3
30078695,3,chest pain,5,99,103,93,20,93,37.5
30078696,4,headache,0,88,95,65,23,100,37.2
30078697,4,anxiety,4,80,113,105,22,94,37.0
30078698,4,laceration,0,76,113,100,18,97,35.3
30078699,4,fall,7,79,116,73,18,99,38.1
30078700,3,fall,2,95,142,72,17,99,35.8
30078701,4,fever,5,101,125,89,14,92,37.8
30078702,1,fever,6,64,158,89,13,99,37.3
30078703,3,fall,2,107,115,65,16,100,37.5
30078704,1,headache,10,80,148,87,22,97,36.4
30078705,2,fever,6,80,130,76,26,100,37.2
30078706,1,back pain,7,97,160,59,13,94,37.2
30078707,1,back pain,7,80,156,61,19,97,36.9
30078708,3,knee pain,6,80,146,72,17,93,36.8
30078709,4,headache,1,77,114,91,18,96,37.1
30078710,4,back pain,7,108,106,76,16,97,36.7
30078711,2,headache,9,103,111,70,17,95,38.2
30078712,3,back pain,2,80,148,71,15,93,36.4
30078713,3,chest pain,3,102,110,74,16,98,37.3
30078714,2,chest pain,10,94,124,67,19,98,38.5
30078715,1,fever,7,65,138,67,23,97,36.9
30078716,3,back pain,4,77,102,74,14,100,36.4
30078717,3,abdominal pain,6,89,124,43,16,96,35.0
30078718,3,anxiety,4,97,153,117,26,95,37.7
30078719,5,back pain,2,79,87,73,22,100,37.2
30078720,4,fall,5,77,112,88,12,96,36.6
30078721,3,knee pain,7,75,90,90,21,100,37.5
30078722,5,abdominal pain,0,75,127,89,19,96,36.1
30078723,4,fall,1,98,101,81,19,97,37.0
30078724,4,abdominal pain,4,61,124,106,20,93,37.0
30078725,3,headache,3,92,151,99,19,99,36.9
30078726,3,knee pain,4,85,150,70,23,98,36.1
30078727,3,abdominal pain,4,99,146,83,21,94,36.5
30078728,1,fall,7,71,101,86,26,96,35.8
30078729,3,back pain,1,98,146,49,19,93,36.5
30078730,2,fever,9,81,133,64,16,98,37.6
30078731,4,fever,6,80,110,93,18,100,36.2
30078732,3,fall,0,99,96,65,14,99,36.7
30078733,3,fall,1,58,106,56,21,92,37.8
30078734,3,back pain,2,107,148,79,9,96,36.4
30078735,3,headache,1,107,147,95,14,97,36.5
30078736,4,shortness of breath,2,93,114,84,10,97,37.1
30078737,3,fall,0,99,118,80,12,97,37.5
30078738,2,fall,8,41,132,42,23,95,36.1
30078739,3,shortness of breath,5,68,98,61,16,98,36.5
30078740,3,chest pain,6,73,155,86,22,94,37.3
30078741,2,headache,7,95,134,68,17,98,37.0
30078742,3,shortness of breath,1,76,143,65,12,97,37.3
30078743,4,anxiety,7,92,139,102,17,97,37.9
30078744,3,chest pain,2,70,130,49,15,95,37.8
30078745,3,laceration,2,82,107,73,18,100,37.3
30078746,3,back pain,5,86,138,93,18,93,37.5
30078747,3,abdominal pain,2,101,125,80,15,94,36.4
30078748,2,chest pain,7,89,158,69,14,99,36.6
30078749,1,knee pain,6,81,122,80,14,97,36.7
30078750,2,anxiety,6,70,127,53,18,96,37.9
30078751,3,fever,7,87,103,73,16,91,36.6
30078752,3,abdominal pain,2,52,126,73,18,100,37.1
30078753,5,laceration,4,124,112,57,18,99,36.2
30078754,3,knee pain,0,82,119,77,18,95,37.0
30078755,2,abdominal pain,8,77,103,92,21,93,36.5
30078756,3,laceration,4,106,141,86,18,98,37.1
30078757,2,chest pain,10,109,165,81,21,93,36.5
30078758,3,laceration,1,65,135,51,18,97,37.3
30078759,3,laceration,7,71,135,107,22,94,37.5
30078760,4,laceration,2,88,123,89,10,97,37.1
30078761,4,fall,0,88,123,77,20,96,36.7
30078762,3,fever,4,85,135,75,22,100,37.5
30078763,3,chest pain,6,83,157,66,7,97,36.5
30078764,3,chest pain,2,98,90,70,18,96,37.0
30078765,3,abdominal pain,2,91,138,80,18,99,37.3
30078766,3,headache,3,65,125,69,25,98,37.9
30078767,4,anxiety,3,93,123,84,20,96,36.5
30078768,3,fever,6,119,156,97,17,93,36.2
30078769,3,shortness of breath,5,94,151,75,16,100,37.0
30078770,4,abdominal pain,2,94,85,63,17,100,36.5
30078771,2,anxiety,6,86,143,84,25,94,37.8
30078772,2,anxiety,7,91,147,106,17,98,37.6
30078773,3,headache,4,84,107,85,19,95,36.8
30078774,3,fever,6,76,148,75,16,95,38.3
30078775,3,back pain,3,111,163,103,23,94,37.1
30078776,3,headache,6,101,122,75,20,93,37.6
30078777,3,fall,2,90,130,55,19,97,37.7
30078778,3,headache,7,82,108,63,23,88,35.9
30078779,2,headache,9,82,104,90,27,100,37.6
30078780,4,fever,7,101,138,94,22,100,38.3
30078781,2,fall,7,92,117,71,17,98,36.4
30078782,5,chest pain,0,95,137,85,18,95,37.2
30078783,3,fever,0,84,124,93,23,90,37.3
30078784,3,headache,1,64,115,61,19,98,37.5
30078785,3,back pain,2,84,115,86,11,97,38.2
30078786,3,headache,1,82,92,82,18,93,37.7
30078787,3,fall,6,66,120,62,21,98,38.5
30078788,3,anxiety,1,102,107,85,17,99,37.3
30078789,2,fall,7,72,87,71,20,95,36.2
30078790,3,fall,2,97,147,60,19,96,37.6
30078791,4,laceration,4,75,103,71,18,93,38.3
30078792,3,abdominal pain,5,80,107,106,24,94,37.7
30078793,3,back pain,2,71,120,70,24,100,37.0
30078794,3,headache,5,103,119,83,17,100,36.5
30078795,3,chest pain,2,106,173,97,18,97,36.8
30078796,3,chest pain,6,56,112,90,12,93,35.7
30078797,3,headache,1,74,150,87,10,98,36.7
30078798,3,headache,4,72,138,101,24,96,38.1
30078799,4,laceration,0,70,101,56,15,93,36.4
30078800,4,fever,2,61,115,91,17,97,37.5
30078801,2,knee pain,8,94,122,79,16,97,36.8
30078802,4,fever,2,81,138,90,23,96,36.6
30078803,5,laceration,0,88,119,78,20,97,37.1
30078804,4,headache,1,72,137,81,15,96,37.0
30078805,3,headache,4,83,120,95,22,100,36.3
30078806,4,headache,5,76,107,69,20,97,34.5
30078807,3,laceration,0,74,159,76,19,100,36.6
30078808,3,abdominal pain,6,86,128,51,23,95,38.0
30078809,4,chest pain,5,59,105,77,17,93,38.1
30078810,3,headache,1,102,160,71,20,94,37.2
30078811,3,knee pain,3,70,152,89,14,100,35.9
30078812,2,fever,9,63,147,92,19,98,36.5
30078813,3,headache,7,101,129,72,17,94,37.8
30078814,4,anxiety,6,57,134,71,13,94,37.5
30078815,3,fall,6,65,130,90,22,91,37.5
30078816,4,laceration,3,97,133,96,14,98,37.4
30078817,3,headache,6,96,110,78,19,100,37.9
30078818,2,fall,6,108,138,56,15,100,36.5
30078819,4,laceration,1,70,129,80,23,98,36.1
30078820,3,anxiety,6,79,155,98,20,96,35.9
30078821,1,laceration,9,64,140,75,16,99,36.6
30078822,3,anxiety,7,87,135,114,18,98,37.7
30078823,3,shortness of breath,5,77,75,96,20,100,37.0
30078824,2,knee pain,7,127,165,59,20,99,37.4
30078825,3,knee pain,2,98,114,82,20,100,38.8
30078826,2,anxiety,10,92,85,86,14,100,37.6
30078827,3,headache,2,72,113,85,17,93,36.9
30078828,1,anxiety,6,88,141,74,15,100,36.8
30078829,2,knee pain,9,60,126,69,27,97,37.0
30078830,3,chest pain,7,92,118,91,24,99,38.2
30078831,5,abdominal pain,1,72,127,104,15,99,36.1
30078832,3,chest pain,4,75,144,102,16,97,38.1
30078833,2,chest pain,6,85,167,77,20,98,37.6
30078834,4,knee pain,3,121,114,82,17,100,37.0
30078835,2,fall,10,80,143,52,17,100,36.5
30078836,4,knee pain,5,95,91,83,20,97,35.9
30078837,4,anxiety,1,64,124,86,19,96,36.6
30078838,5,knee pain,4,73,123,87,14,97,36.4
30078839,3,fever,1,62,84,89,19,97,37.1
30078840,4,laceration,2,73,109,69,17,95,38.4
30078841,4,fever,0,90,101,98,14,96,37.6
30078842,3,back pain,3,72,152,56,20,100,38.5
30078843,4,chest pain,7,99,130,97,15,91,36.8
30078844,1,knee pain,9,61,149,98,19,93,37.9
30078845,3,headache,0,83,128,97,18,97,37.8
30078846,3,laceration,3,99,123,92,20,100,37.6
30078847,3,back pain,0,110,132,107,22,96,37.8
30078848,3,chest pain,1,126,161,95,15,97,37.4
30078849,1,chest pain,9,107,112,83,12,97,36.0
30078850,3,anxiety,6,66,124,94,22,97,37.6
30078851,2,fever,6,67,141,98,13,100,36.9
30078852,3,abdominal pain,2,60,133,86,16,98,37.8
30078853,3,fall,6,100,97,54,16,98,37.6
30078854,2,fever,8,72,121,74,17,98,37.6
30078855,3,shortness of breath,2,98,124,71,19,94,35.1
30078856,3,abdominal pain,5,84,119,96,19,95,38.4
30078857,3,fall,2,62,117,83,21,97,36.3
30078858,3,back pain,5,102,116,60,12,96,36.8
30078859,2,headache,7,79,112,70,28,98,36.1
30078860,2,headache,7,89,126,58,10,99,35.7
30078861,3,chest pain,6,104,152,63,14,98,37.0
30078862,4,knee pain,3,104,101,69,15,95,35.8
30078863,5,fall,0,92,138,68,21,95,37.4
30078864,4,knee pain,7,87,99,60,15,97,36.3
30078865,2,laceration,7,54,132,73,10,97,37.5
30078866,4,fall,7,96,138,83,15,98,37.3
30078867,3,abdominal pain,4,79,96,86,20,94,36.9
30078868,3,chest pain,3,86,159,70,17,96,37.4
30078869,3,fever,2,83,136,96,21,94,38.9
30078870,3,shortness of breath,1,65,126,98,15,97,37.0
30078871,3,chest pain,1,106,148,70,22,99,37.4
30078872,3,fall,2,82,126,68,17,96,37.1
30078873,4,fall,5,100,121,70,20,94,37.6
30078874,3,fever,7,59,113,89,17,98,35.6
30078875,4,knee pain,4,85,107,73,20,96,37.8
30078876,3,knee pain,6,101,101,92,18,95,37.9
30078877,3,chest pain,0,107,150,85,16,97,36.2
30078878,2,back pain,8,77,147,68,13,100,37.0
30078879,3,knee pain,1,95,124,74,12,99,37.6
30078880,3,chest pain,3,98,117,80,16,95,37.6
30078881,3,fever,6,83,168,90,22,97,37.6
30078882,2,abdominal pain,6,97,98,74,31,100,36.3
30078883,3,abdominal pain,1,83,147,82,17,100,37.4
30078884,4,anxiety,6,68,125,77,13,100,36.9
30078885,3,headache,4,101,131,91,19,93,37.0
30078886,4,fever,3,71,107,102,22,96,37.8
30078887,3,laceration,5,95,156,90,21,100,36.7
30078888,3,back pain,3,93,115,86,12,99,36.6
30078889,3,chest pain,7,87,116,72,19,100,37.8
30078890,4,anxiety,7,83,119,85,12,100,37.5
30078891,1,fall,9,102,125,90,12,100,35.6
30078892,3,abdominal pain,4,79,105,80,21,95,37.2
30078893,1,fever,9,86,144,65,18,95,35.9
30078894,1,chest pain,8,55,92,71,18,95,35.9
30078895,3,anxiety,1,96,102,61,16,91,36.3
30078896,3,shortness of breath,2,84,94,48,21,98,37.5
30078897,3,laceration,7,57,125,61,10,95,36.8
30078898,4,fall,6,100,132,63,15,97,37.7
30078899,4,fever,1,89,147,72,15,94,37.6
30078900,2,abdominal pain,6,87,117,60,15,93,36.6
30078901,1,abdominal pain,6,77,116,76,17,100,35.9
30078902,3,chest pain,2,100,108,78,15,100,37.4
30078903,4,fever,1,81,104,99,19,96,38.1
30078904,2,shortness of breath,10,78,119,90,17,97,36.7
30078905,3,abdominal pain,7,80,135,84,17,97,38.4
30078906,3,headache,7,102,105,94,14,95,38.5
30078907,4,shortness of breath,7,62,102,82,15,97,39.0
30078908,3,fall,1,88,89,91,16,94,36.8
30078909,3,abdominal pain,4,85,171,74,13,97,36.2
30078910,3,knee pain,1,84,133,97,19,97,36.3
30078911,4,laceration,3,84,144,51,17,96,36.6
30078912,3,back pain,5,100,140,86,15,98,36.8
30078913,1,laceration,10,68,130,109,16,100,37.1
30078914,3,shortness of breath,0,81,143,87,17,94,34.8
30078915,4,fever,1,82,138,74,19,100,37.7
30078916,1,knee pain,10,108,140,87,11,95,37.9
30078917,2,back pain,8,77,107,84,19,100,37.1
30078918,4,shortness of breath,1,79,83,88,17,100,37.2
30078919,4,laceration,3,87,142,107,20,100,37.5
30078920,4,abdominal pain,2,81,142,93,22,100,37.8
30078921,4,chest pain,4,73,98,96,18,94,36.0
30078922,4,fall,4,65,104,72,14,99,37.5
30078923,3,fever,6,113,127,63,15,96,37.9
30078924,5,abdominal pain,3,116,137,68,19,99,37.4
30078925,3,fever,3,65,118,95,21,94,36.7
30078926,3,knee pain,0,86,124,85,16,100,37.4
30078927,3,headache,2,87,129,101,16,100,38.2
30078928,3,headache,5,70,86,97,14,98,37.1
30078929,4,anxiety,5,76,131,78,18,100,37.2
30078930,2,anxiety,9,110,95,75,20,93,36.2
30078931,4,back pain,1,101,88,78,20,100,35.7
30078932,3,shortness of breath,4,85,131,73,11,98,36.6
30078933,3,chest pain,3,80,131,77,19,97,37.3
30078934,3,knee pain,6,92,112,93,18,95,36.9
30078935,4,abdominal pain,0,73,123,84,19,94,38.2
30078936,1,knee pain,7,81,115,69,14,97,36.2
30078937,3,abdominal pain,4,67,131,62,18,92,37.8
30078938,2,knee pain,9,92,170,72,20,93,35.8
30078939,3,fall,3,55,151,100,29,94,36.8
30078940,5,headache,4,69,130,105,12,98,37.5
30078941,4,back pain,6,92,94,92,19,94,37.4
30078942,3,headache,2,75,117,95,23,95,38.4
30078943,3,headache,6,76,179,85,16,95,37.1
30078944,2,knee pain,10,101,109,60,16,95,37.8
30078945,2,shortness of breath,9,107,112,102,25,95,36.6
30078946,3,laceration,3,78,100,48,22,100,37.0
30078947,3,headache,0,88,125,77,16,97,36.9
30078948,4,anxiety,6,78,114,87,14,92,35.6
30078949,3,back pain,3,80,117,86,18,93,37.2
30078950,2,anxiety,7,114,147,98,20,92,38.1
30078951,4,shortness of breath,6,76,117,45,10,100,35.8
30078952,3,fever,0,68,116,94,14,99,36.6
30078953,2,abdominal pain,6,95,121,104,16,91,37.5
30078954,4,chest pain,6,95,132,75,20,99,37.4
30078955,3,anxiety,2,90,107,79,13,99,37.2
30078956,3,fall,2,59,143,101,17,100,37.0
30078957,2,anxiety,8,72,118,74,21,100,37.2
30078958,3,knee pain,5,72,112,61,22,100,37.0
30078959,5,headache,5,64,102,102,15,97,36.9
30078960,2,fever,7,79,135,103,17,95,38.7
30078961,3,chest pain,0,95,108,78,14,98,35.6
30078962,4,laceration,1,95,136,94,24,96,37.0
30078963,3,abdominal pain,2,93,115,82,17,100,37.5
30078964,4,fever,4,76,131,81,22,96,37.0
30078965,3,laceration,4,97,139,76,23,94,36.3
30078966,4,abdominal pain,3,117,94,75,21,92,36.8
30078967,3,headache,3,87,151,68,14,94,35.7
30078968,3,fever,1,77,148,66,17,100,36.6
30078969,3,anxiety,4,77,139,113,14,92,37.7
30078970,2,abdominal pain,6,91,115,53,18,100,36.8
30078971,2,chest pain,9,75,139,81,27,97,37.0
30078972,3,laceration,1,73,131,61,21,92,35.8
30078973,3,chest pain,0,93,129,56,17,97,38.9
30078974,2,headache,9,70,131,107,21,100,37.7
30078975,4,back pain,6,90,114,82,15,99,37.0
30078976,2,chest pain,10,67,141,74,22,95,37.5
30078977,3,knee pain,3,95,136,80,24,100,37.2
30078978,5,back pain,4,72,133,62,16,91,36.8
30078979,3,anxiety,6,94,124,96,22,100,36.8
30078980,3,knee pain,0,90,144,82,20,100,37.5
30078981,4,headache,3,111,118,81,20,96,38.8
30078982,3,fever,5,87,149,81,19,100,36.4
30078983,4,fever,7,73,136,72,17,91,37.2
30078984,3,anxiety,5,103,123,89,17,100,38.1
30078985,5,knee pain,5,91,137,101,15,96,35.8
30078986,4,laceration,3,63,141,79,18,100,36.5
30078987,3,fever,5,109,166,58,14,97,38.7
30078988,1,shortness of breath,10,90,113,83,17,100,38.1
30078989,3,shortness of breath,6,89,150,61,16,96,39.0
30078990,1,back pain,8,104,127,82,15,98,37.7
30078991,3,laceration,7,86,97,85,17,92,36.5
30078992,2,knee pain,9,80,124,108,17,95,35.8
30078993,3,anxiety,6,74,122,47,24,93,37.5
30078994,4,shortness of breath,1,74,100,64,15,96,38.0
30078995,4,knee pain,0,94,95,53,11,94,37.5
30078996,5,shortness of breath,7,86,152,88,25,93,36.1
30078997,4,back pain,5,93,126,84,22,94,36.9
30078998,3,chest pain,4,90,145,57,12,97,36.9
30078999,3,headache,0,77,111,74,17,96,36.4
30079000,3,laceration,4,92,128,53,19,95,35.9
30079001,4,laceration,5,73,159,93,22,99,37.1
30079002,2,headache,8,91,131,71,18,97,37.8
30079003,2,fall,8,77,120,96,20,100,37.9
30079004,4,laceration,6,63,136,78,11,97,35.4
30079005,3,anxiety,3,95,151,92,22,100,37.1
30079006,3,fall,2,102,150,98,10,96,37.7
30079007,3,laceration,3,117,143,90,19,97,36.1
30079008,3,laceration,5,96,152,90,17,97,36.7
30079009,2,abdominal pain,10,59,127,89,14,96,37.0
30079010,2,knee pain,7,84,104,73,15,99,37.2
30079011,4,chest pain,3,81,133,70,12,100,36.8
30079012,3,abdominal pain,0,89,112,87,18,94,36.2
30079013,4,back pain,4,75,139,75,26,100,38.3
30079014,3,chest pain,1,61,133,96,18,95,37.5
30079015,2,fever,10,83,131,95,24,93,36.5
30079016,3,shortness of breath,3,90,134,61,22,92,36.9
30079017,2,fever,10,110,113,69,14,97,38.5
30079018,2,shortness of breath,10,73,94,68,17,99,38.2
30079019,3,shortness of breath,1,87,145,105,22,96,38.0
30079020,3,headache,4,92,91,63,19,97,36.1
30079021,3,headache,3,90,109,108,10,98,36.7
30079022,3,fever,1,95,140,74,19,99,36.7
30079023,2,anxiety,8,60,133,65,17,95,36.9
30079024,3,anxiety,6,125,133,103,22,99,37.0
30079025,3,knee pain,1,62,111,92,27,97,36.9
30079026,3,anxiety,5,103,118,73,17,97,36.0
30079027,3,abdominal pain,0,94,117,77,16,98,36.8
30079028,1,chest pain,6,68,124,66,14,98,36.0
30079029,3,abdominal pain,2,69,123,78,18,100,37.1
30079030,3,back pain,7,73,141,88,12,100,36.8
30079031,4,shortness of breath,1,101,137,95,16,100,37.5
30079032,3,anxiety,7,89,137,72,17,94,35.6
30079033,3,abdominal pain,3,75,111,107,12,98,37.0
30079034,2,fall,9,75,145,87,18,98,37.4
30079035,2,knee pain,7,74,153,57,23,93,37.3
30079036,3,abdominal pain,5,105,145,77,19,94,37.3
30079037,4,fall,2,87,123,101,21,100,38.1
30079038,3,fall,3,62,117,79,24,95,36.1
30079039,3,fall,5,70,115,88,16,92,37.7
30079040,4,fall,6,100,136,77,20,97,36.5
30079041,3,chest pain,2,112,149,92,23,97,36.4
30079042,2,fever,9,63,120,99,19,100,36.1
30079043,3,back pain,2,90,92,66,11,99,36.6
30079044,3,chest pain,4,94,109,89,9,99,37.5
30079045,3,fever,5,86,143,90,20,98,37.9
30079046,4,fall,4,64,115,72,20,100,36.9
30079047,4,fever,5,93,98,48,14,95,37.3
30079048,3,back pain,7,71,135,83,15,97,35.5
30079049,4,anxiety,5,102,122,68,18,94,37.0
30079050,4,knee pain,3,47,154,91,25,93,36.9
30079051,3,knee pain,3,82,114,82,21,98,37.3
30079052,3,chest pain,5,76,135,87,21,93,35.5
30079053,4,chest pain,1,91,105,87,23,91,37.4
30079054,3,chest pain,0,96,76,64,20,100,36.7
30079055,3,shortness of breath,3,111,123,63,15,99,36.6
30079056,2,back pain,9,89,151,78,14,96,35.9
30079057,2,chest pain,9,96,143,84,16,100,36.3
30079058,1,abdominal pain,9,69,143,78,24,98,35.8
30079059,3,laceration,3,122,118,77,17,100,37.3
30079060,4,chest pain,1,94,124,66,24,96,36.3
30079061,3,headache,1,80,129,78,16,98,36.4
30079062,2,laceration,10,106,141,95,24,96,37.3
30079063,3,anxiety,0,88,130,88,16,98,36.9
30079064,4,anxiety,6,89,135,91,15,98,36.7
30079065,2,fall,7,99,117,66,17,95,35.5
30079066,4,headache,0,90,146,57,22,93,36.2
30079067,3,headache,4,98,152,65,21,96,36.3
30079068,2,laceration,8,102,122,106,27,100,36.7
30079069,3,headache,4,108,128,64,17,95,36.9
30079070,4,chest pain,4,103,136,81,13,99,36.9
30079071,4,laceration,1,86,97,65,19,98,36.5
30079072,3,chest pain,7,97,127,79,25,91,37.2
30079073,4,shortness of breath,3,75,147,72,12,100,36.6
30079074,2,fever,9,67,109,50,18,99,37.0
30079075,1,fever,9,77,146,79,13,98,35.6
30079076,3,anxiety,5,86,144,92,8,98,37.9
30079077,3,fall,4,67,121,59,16,99,37.3
30079078,3,fall,6,88,149,82,20,95,37.2
30079079,3,fall,7,86,114,74,16,97,37.3
30079080,2,shortness of breath,8,95,137,69,21,98,37.3
30079081,3,fall,1,91,131,71,10,90,36.4
30079082,3,knee pain,3,81,131,71,27,100,36.3
30079083,3,fever,0,115,126,84,15,92,34.9
30079084,5,laceration,4,119,133,92,17,98,37.8
30079085,3,chest pain,7,83,148,88,15,100,38.3
30079086,3,laceration,6,109,139,91,19,96,35.3
30079087,3,abdominal pain,1,79,100,101,19,100,36.5
30079088,3,knee pain,0,74,172,94,17,93,36.5
30079089,3,abdominal pain,1,66,159,74,18,88,35.8
30079090,3,anxiety,2,64,118,86,23,99,37.5
30079091,3,abdominal pain,1,77,143,78,20,93,36.4
30079092,3,abdominal pain,6,69,128,110,15,100,37.1
30079093,3,knee pain,5,78,92,98,16,95,36.9
30079094,4,fever,7,79,122,93,18,95,36.8
30079095,3,laceration,3,95,108,60,17,97,36.8
30079096,3,abdominal pain,1,70,111,79,20,100,36.9
30079097,3,fever,5,99,145,90,22,96,38.6
30079098,2,shortness of breath,7,45,90,65,17,99,37.9
30079099,4,anxiety,2,73,112,75,23,95,37.1
30079100,1,laceration,7,82,147,94,16,97,38.1
30079101,5,fever,4,83,114,83,16,100,36.0
30079102,2,chest pain,9,90,142,104,17,95,36.2
30079103,3,fall,6,113,148,55,20,95,37.0
30079104,4,back pain,2,63,126,52,17,93,36.8
30079105,3,fever,7,71,116,96,8,95,37.0
30079106,2,shortness of breath,6,75,102,99,19,98,38.0
30079107,2,laceration,10,112,137,80,17,96,36.5
30079108,2,laceration,6,103,98,84,20,100,37.2
30079109,4,back pain,6,83,162,105,13,97,37.4
30079110,3,laceration,3,84,106,83,13,98,37.3
30079111,3,fever,7,87,106,53,20,100,36.0
30079112,3,knee pain,1,123,144,80,17,94,37.2
30079113,3,shortness of breath,3,99,123,92,15,94,36.3
30079114,4,back pain,7,97,137,90,16,100,36.3
30079115,4,anxiety,3,96,157,75,19,93,37.8
30079116,3,shortness of breath,0,73,140,92,20,97,35.9
30079117,3,back pain,3,52,117,88,15,98,36.0
30079118,3,anxiety,7,77,111,90,18,99,36.6
30079119,1,laceration,6,79,174,89,16,95,38.3
30079120,3,anxiety,4,76,91,60,10,95,36.8
30079121,3,fever,7,70,164,85,25,94,37.8
30079122,3,back pain,4,100,148,82,12,92,36.7
30079123,4,headache,1,62,135,67,14,97,37.1
30079124,3,anxiety,1,73,140,90,19,98,37.6
30079125,3,anxiety,4,88,110,93,12,94,36.0
30079126,4,shortness of breath,0,80,112,112,20,93,36.3
30079127,2,back pain,8,57,120,93,19,93,37.7
30079128,4,back pain,0,72,92,78,16,100,35.9
30079129,3,headache,1,82,141,75,25,97,35.4
30079130,4,knee pain,6,67,164,67,18,97,37.1
30079131,3,knee pain,3,82,145,112,16,97,36.9
30079132,4,anxiety,4,91,115,60,23,99,38.0
30079133,4,laceration,4,80,123,95,18,97,38.1
30079134,3,back pain,4,97,138,81,21,100,36.8
30079135,4,fall,6,78,134,82,16,95,36.9
30079136,3,anxiety,1,68,126,67,23,100,36.4
30079137,4,fever,1,88,148,97,21,97,37.1
30079138,3,headache,1,70,109,59,27,96,37.8
30079139,3,fall,7,81,151,67,23,90,38.1
30079140,3,back pain,6,66,164,76,16,100,38.5
30079141,3,shortness of breath,3,76,79,90,13,94,38.2
30079142,3,abdominal pain,1,73,114,66,18,100,37.1
30079143,4,chest pain,5,81,144,64,20,91,37.1
30079144,3,anxiety,7,85,129,101,21,98,36.8
30079145,4,knee pain,0,94,76,75,19,95,37.9
30079146,3,laceration,4,87,94,109,18,93,35.9
30079147,3,chest pain,3,90,109,93,20,95,36.8
30079148,4,laceration,0,60,124,99,16,95,37.0
30079149,3,shortness of breath,7,117,125,77,22,100,38.5
30079150,2,back pain,6,63,113,84,21,96,36.7
30079151,3,back pain,6,76,117,100,19,99,37.0
30079152,3,shortness of breath,7,95,109,69,18,96,37.6
30079153,3,knee pain,6,104,138,73,25,100,37.4
30079154,4,anxiety,4,79,141,96,13,100,39.5
30079155,3,back pain,3,101,146,92,21,94,37.5
30079156,4,shortness of breath,5,95,107,80,16,98,37.2
30079157,3,knee pain,0,79,114,80,16,99,36.7
30079158,5,headache,7,94,76,88,19,96,37.9
30079159,4,abdominal pain,0,64,126,62,18,100,36.7
30079160,2,shortness of breath,10,102,125,95,16,92,36.9
30079161,4,abdominal pain,5,85,110,108,22,93,37.0
30079162,4,shortness of breath,0,115,127,84,14,100,37.0
30079163,2,fever,7,63,108,118,11,97,38.1
30079164,3,headache,0,72,117,90,19,95,36.8
30079165,3,headache,1,64,99,82,17,97,35.7
30079166,1,fever,6,86,118,78,22,98,37.0
30079167,2,fall,6,83,115,84,22,99,36.8
30079168,2,abdominal pain,8,93,126,70,17,100,38.0
30079169,3,chest pain,7,103,126,63,19,99,36.3
30079170,3,laceration,2,80,86,75,13,93,36.9
30079171,3,chest pain,4,102,126,90,16,99,36.8
30079172,3,abdominal pain,3,72,109,64,22,97,36.6
30079173,3,headache,6,89,119,94,23,93,37.5
30079174,2,laceration,8,111,98,108,25,98,37.2
30079175,1,shortness of breath,7,69,144,86,22,94,36.1
30079176,3,headache,6,79,146,84,18,96,38.7
30079177,3,chest pain,3,83,131,74,27,95,36.6
30079178,4,chest pain,7,71,111,86,20,99,37.2
30079179,3,back pain,0,64,149,98,20,92,38.1
30079180,3,anxiety,0,108,135,59,24,98,36.3
30079181,3,laceration,2,95,111,87,15,100,37.5
30079182,2,fever,7,102,120,93,12,97,37.9
30079183,2,shortness of breath,7,73,125,79,18,100,36.5
30079184,4,shortness of breath,4,88,133,64,18,100,37.3
30079185,3,anxiety,2,56,136,87,17,96,37.5
30079186,3,fall,7,92,118,68,20,96,36.7
30079187,4,chest pain,0,110,142,55,20,97,35.9
30079188,3,chest pain,5,84,131,80,17,95,36.4
30079189,1,back pain,6,93,123,69,24,98,38.6
30079190,2,laceration,8,87,130,81,19,97,37.2
30079191,3,headache,5,114,129,71,15,97,38.4
30079192,3,anxiety,7,95,128,89,10,97,37.5
30079193,4,fever,1,67,158,77,18,100,36.9
30079194,3,back pain,5,61,105,101,15,98,36.4
30079195,3,shortness of breath,4,119,115,70,16,97,35.3
30079196,3,fall,2,83,126,82,19,98,35.9
30079197,2,anxiety,9,79,130,68,21,97,37.5
30079198,3,knee pain,6,86,142,38,20,100,37.1
30079199,3,shortness of breath,3,85,127,59,18,95,36.3
30079200,3,shortness of breath,2,92,158,119,19,94,37.8
30079201,3,headache,2,89,137,60,15,95,37.2
30079202,4,chest pain,1,73,142,88,17,100,37.1
30079203,3,knee pain,1,90,105,100,17,100,36.9
30079204,3,back pain,6,93,99,76,17,100,36.3
30079205,2,headache,8,96,144,82,22,96,37.5
30079206,3,fall,4,88,139,86,16,96,38.7
30079207,3,laceration,7,103,126,67,17,98,37.7
30079208,3,knee pain,0,52,142,63,12,93,35.9
30079209,3,fall,7,84,117,74,14,98,36.5
30079210,5,back pain,1,99,142,73,16,94,37.6
30079211,2,anxiety,8,90,126,67,21,100,37.5
30079212,4,laceration,1,78,145,57,15,99,36.9
30079213,2,fever,9,92,131,73,23,99,37.5
30079214,2,anxiety,7,72,125,64,18,99,37.1
30079215,3,fever,4,74,104,73,23,95,36.6
30079216,1,fall,8,84,120,60,22,100,36.8
30079217,1,anxiety,8,55,114,88,25,90,36.4
30079218,3,back pain,6,108,130,87,21,94,37.0
30079219,3,headache,6,85,153,83,21,100,35.7
30079220,3,headache,2,80,81,80,12,96,38.8
30079221,3,fall,6,109,99,68,18,95,37.6
30079222,3,anxiety,0,87,119,65,16,96,36.8
30079223,2,chest pain,10,91,122,72,19,99,35.9
30079224,3,headache,1,84,114,100,21,100,36.6
30079225,3,fall,7,55,142,58,22,100,36.5
30079226,5,abdominal pain,7,86,103,73,19,100,36.3
30079227,5,headache,6,84,115,93,24,98,37.2
30079228,4,laceration,3,108,119,122,23,90,36.6
30079229,3,anxiety,3,83,113,83,21,95,36.9
30079230,4,anxiety,6,94,157,95,23,98,38.2
30079231,3,chest pain,0,75,95,77,18,100,38.5
30079232,5,knee pain,0,72,144,62,23,100,35.9
30079233,3,fever,0,94,150,59,21,100,36.8
30079234,3,shortness of breath,5,78,136,63,16,98,37.0
30079235,2,knee pain,10,82,129,115,18,100,35.2
30079236,2,laceration,10,74,95,97,16,98,37.3
30079237,3,back pain,5,80,134,75,25,100,37.3
30079238,3,fall,3,104,137,62,15,97,37.7
30079239,3,fall,2,36,119,90,18,98,36.8
30079240,3,laceration,5,74,146,110,20,99,36.4
30079241,2,shortness of breath,9,84,118,79,12,93,36.2
30079242,3,laceration,4,64,110,71,16,94,36.9
30079243,3,knee pain,5,61,123,88,20,96,36.5
30079244,3,headache,5,101,91,72,20,100,36.6
30079245,3,knee pain,5,79,121,98,19,100,36.6
30079246,2,shortness of breath,7,111,142,91,16,100,37.3
30079247,3,laceration,6,82,101,82,21,95,36.4
30079248,4,back pain,1,102,121,82,21,98,36.0
30079249,3,fever,7,90,69,63,6,92,37.1
30079250,3,chest pain,0,75,125,101,14,98,36.0
30079251,2,chest pain,10,89,116,101,24,94,37.1
30079252,4,knee pain,7,90,156,74,21,98,38.8
30079253,2,back pain,9,96,114,88,14,97,37.0
30079254,3,headache,4,118,83,47,18,96,36.0
30079255,4,fever,3,66,144,97,29,97,38.0
30079256,3,fever,1,92,138,72,22,100,37.2
30079257,3,laceration,0,89,115,83,21,97,36.0
30079258,4,chest pain,2,92,111,99,22,100,37.3
30079259,3,shortness of breath,6,93,141,74,14,100,36.9
30079260,4,headache,5,88,127,58,19,98,37.6
30079261,2,laceration,6,63,111,74,16,98,36.2
30079262,2,shortness of breath,7,97,118,91,8,94,36.0
30079263,3,shortness of breath,6,75,94,86,17,94,36.2
30079264,3,fever,0,72,104,73,11,97,36.9
30079265,3,fall,4,87,129,93,9,94,36.6
30079266,4,headache,7,110,133,103,16,100,37.3
30079267,4,laceration,1,46,111,102,16,97,37.0
30079268,4,abdominal pain,4,82,128,91,18,95,37.8
30079269,3,abdominal pain,4,93,133,69,19,96,37.8
30079270,3,laceration,6,97,156,60,19,100,38.2
30079271,3,fever,5,121,124,79,19,93,37.1
30079272,3,abdominal pain,2,84,130,87,17,100,37.8
30079273,2,knee pain,10,87,125,92,22,100,37.5
30079274,3,back pain,5,55,106,77,17,96,36.8
30079275,4,laceration,7,81,137,94,20,95,37.0
30079276,3,laceration,7,94,124,82,17,98,37.5
30079277,3,fall,2,89,125,80,21,100,37.8
30079278,3,knee pain,4,97,139,93,17,97,36.8
30079279,3,fall,0,66,123,73,15,98,35.4
30079280,2,headache,7,68,132,62,18,92,37.5
30079281,3,anxiety,2,77,108,77,15,100,36.2
30079282,4,knee pain,2,67,136,75,22,94,35.9
30079283,3,shortness of breath,6,102,108,72,22,92,36.5
30079284,3,laceration,3,70,117,83,19,95,37.4
30079285,3,abdominal pain,5,85,156,84,24,100,37.1
30079286,5,shortness of breath,6,87,127,92,20,99,37.7
30079287,4,knee pain,2,102,137,91,20,100,36.1
30079288,3,back pain,5,108,151,94,19,90,37.6
30079289,2,fall,7,103,156,47,24,100,37.0
30079290,3,chest pain,1,90,120,76,22,95,37.3
30079291,4,anxiety,4,91,111,71,12,95,37.2
30079292,5,shortness of breath,0,95,123,73,17,95,38.2
30079293,3,knee pain,2,107,132,92,15,98,37.0
30079294,3,fall,3,101,123,87,14,97,37.0
30079295,4,back pain,5,76,87,77,21,98,36.6
30079296,3,back pain,6,80,151,84,19,94,36.5
30079297,3,abdominal pain,1,104,141,60,29,100,37.3
30079298,2,abdominal pain,10,111,130,86,19,99,36.4
30079299,3,shortness of breath,3,58,131,68,19,94,38.0
30079300,2,laceration,9,88,132,81,17,92,37.0
30079301,3,laceration,6,85,144,85,16,97,36.5
30079302,3,anxiety,4,44,121,79,14,92,36.0
30079303,2,knee pain,6,80,98,99,20,100,37.0
30079304,3,chest pain,0,100,90,90,20,94,38.0
30079305,4,abdominal pain,2,67,130,88,16,100,38.1
30079306,4,fall,1,92,117,83,10,100,36.8
30079307,3,anxiety,2,97,122,74,11,98,36.2
30079308,3,chest pain,7,64,142,74,20,98,36.6
30079309,3,knee pain,6,87,137,80,14,100,37.9
30079310,3,chest pain,6,93,124,49,16,97,36.9
30079311,1,knee pain,6,79,125,86,14,100,37.0
30079312,3,knee pain,6,87,100,96,21,95,36.8
30079313,4,chest pain,6,83,115,70,19,100,36.5
30079314,4,fall,3,64,104,88,14,93,35.1
30079315,3,abdominal pain,0,107,101,92,17,93,36.4
30079316,3,knee pain,1,87,102,76,24,100,35.7
30079317,3,fall,5,90,126,83,13,100,37.3
30079318,3,back pain,1,70,143,71,20,93,36.5
30079319,3,fall,7,77,106,75,20,100,37.8
30079320,3,shortness of breath,3,84,130,86,14,96,36.3
30079321,4,fever,6,91,142,84,23,96,37.5
30079322,3,shortness of breath,0,109,133,67,22,98,37.5
30079323,3,shortness of breath,4,86,115,90,22,96,38.4
30079324,1,back pain,6,94,131,79,23,97,36.1
30079325,2,headache,9,84,120,110,19,98,36.5
30079326,2,shortness of breath,9,102,132,71,10,94,35.9
30079327,3,fever,1,86,94,73,13,97,36.9
30079328,1,fever,9,108,83,83,18,98,36.1
30079329,2,shortness of breath,8,112,85,73,14,100,37.2
30079330,3,fall,0,91,118,72,18,98,35.3
30079331,3,chest pain,6,117,139,98,18,98,38.6
30079332,3,knee pain,6,57,116,78,18,94,36.0
30079333,2,fall,10,94,116,56,22,99,36.5
30079334,3,fall,1,91,146,90,12,93,35.5
30079335,3,abdominal pain,0,94,154,86,22,93,36.0
30079336,3,fever,1,98,155,61,18,94,37.1
30079337,1,headache,7,95,95,80,21,97,36.8
30079338,2,knee pain,8,108,147,74,18,100,37.2
30079339,4,back pain,1,85,133,73,20,94,37.0
30079340,5,fever,7,99,103,79,20,97,37.5
30079341,3,chest pain,0,78,107,85,21,95,37.8
30079342,4,fall,3,75,102,85,15,95,38.5
30079343,3,knee pain,3,117,137,72,19,97,36.5
30079344,3,headache,5,82,122,102,25,99,36.1
30079345,2,chest pain,7,84,128,91,17,98,37.2
30079346,3,fever,1,74,141,76,16,95,35.8
30079347,3,laceration,4,86,106,89,15,92,37.0
30079348,4,abdominal pain,4,78,155,87,19,93,37.7
30079349,3,fall,7,112,132,73,21,100,36.2
30079350,3,back pain,2,104,98,92,18,100,37.8
30079351,4,back pain,4,82,150,77,22,100,36.0
30079352,4,shortness of breath,3,95,111,87,17,97,38.1
30079353,3,back pain,6,75,106,91,18,99,34.9
30079354,4,fever,7,86,124,86,15,95,36.9
30079355,3,back pain,1,79,142,96,19,93,37.0
30079356,2,knee pain,8,85,133,108,15,94,36.2
30079357,2,headache,9,88,132,73,10,95,36.9
30079358,5,fall,7,112,130,92,19,92,35.5
30079359,2,fever,9,80,158,78,14,94,35.9
30079360,3,knee pain,4,93,154,103,16,97,36.8
30079361,3,fall,5,95,147,78,20,100,36.2
30079362,5,laceration,6,58,116,62,16,100,35.4
30079363,3,fever,7,104,133,90,21,98,37.5
30079364,2,abdominal pain,8,116,115,99,25,100,36.3
30079365,4,fever,5,58,149,85,18,93,36.1
30079366,5,fall,2,95,129,80,17,97,35.9
30079367,5,shortness of breath,1,89,151,87,9,97,37.5
30079368,2,chest pain,10,107,101,88,14,96,37.0
30079369,2,chest pain,8,84,117,87,21,96,37.7
30079370,2,abdominal pain,8,89,138,101,11,93,36.7
30079371,3,anxiety,7,105,143,74,19,98,37.3
30079372,3,fall,6,75,156,105,9,95,37.4
30079373,4,fall,3,95,155,82,25,94,38.0
30079374,4,laceration,7,75,135,82,19,100,37.9
30079375,3,fall,0,96,114,82,20,100,37.5
30079376,3,back pain,5,80,121,55,25,99,36.3
30079377,2,laceration,6,72,120,73,19,100,37.5
30079378,4,chest pain,6,73,120,91,14,96,37.2
30079379,3,headache,4,84,140,125,23,100,38.2
30079380,1,knee pain,10,78,109,71,19,100,36.5
30079381,4,shortness of breath,4,93,138,78,12,100,36.8
30079382,2,shortness of breath,6,75,119,104,12,100,37.9
30079383,3,fall,6,81,141,67,15,96,35.5
30079384,3,back pain,7,80,119,97,16,93,36.7
30079385,3,fall,1,81,103,95,18,98,37.4
30079386,4,anxiety,3,83,134,60,16,93,36.4
30079387,4,back pain,5,68,156,103,19,95,37.3
30079388,3,fall,3,94,99,98,20,97,37.5
30079389,3,chest pain,3,87,127,114,21,100,37.1
30079390,3,chest pain,0,66,132,59,17,92,35.0
30079391,3,abdominal pain,7,86,97,69,21,98,36.9
30079392,3,laceration,4,101,129,72,19,97,37.2
30079393,4,abdominal pain,7,75,137,63,22,93,35.4
30079394,4,abdominal pain,4,101,149,78,20,96,35.3
30079395,2,abdominal pain,6,111,115,78,22,100,37.0
30079396,4,fall,1,89,115,67,15,98,36.7
30079397,4,headache,1,62,133,74,18,98,38.5
30079398,4,chest pain,1,79,170,120,22,98,34.9
30079399,2,fever,10,104,121,79,20,98,36.4
30079400,4,fever,5,73,95,96,19,92,36.2
30079401,3,chest pain,0,89,112,71,16,99,37.7
30079402,3,knee pain,3,87,116,84,13,96,36.1
30079403,2,fall,6,77,120,71,19,97,37.8
30079404,4,abdominal pain,3,70,131,88,16,98,37.4
30079405,2,headache,9,71,122,103,22,95,37.1
30079406,3,laceration,7,75,121,88,23,100,37.8
30079407,3,fall,0,97,106,74,13,96,36.5
30079408,3,laceration,5,109,115,84,25,97,38.3
30079409,5,chest pain,3,105,107,86,16,98,37.6
30079410,3,fall,5,79,144,84,14,95,36.9
30079411,3,shortness of breath,5,80,110,87,17,94,37.0
30079412,3,shortness of breath,1,85,111,87,17,95,36.3
30079413,3,fever,6,81,120,67,14,94,37.3
30079414,3,fever,1,82,124,99,19,93,37.1
30079415,4,fever,3,79,137,89,23,95,37.1
30079416,3,laceration,3,90,113,59,22,98,37.5
30079417,3,laceration,6,61,103,94,21,98,37.7
30079418,3,laceration,3,79,156,118,10,97,36.7
30079419,3,back pain,7,80,108,61,17,100,37.7
30079420,3,shortness of breath,7,126,119,56,12,97,36.9
30079421,3,fever,1,89,118,68,12,97,37.8
30079422,3,abdominal pain,1,102,148,99,20,97,36.9
30079423,3,anxiety,0,76,111,95,17,96,37.7
30079424,4,fever,1,88,100,101,13,96,37.8
30079425,3,headache,0,73,125,89,14,95,38.3
30079426,3,fever,0,89,108,95,24,95,37.9
30079427,3,headache,1,78,131,40,17,96,38.6
30079428,4,anxiety,6,101,170,66,15,95,36.4
30079429,4,fall,1,84,127,88,25,97,37.4
30079430,5,laceration,4,106,132,68,18,100,37.5
30079431,3,laceration,2,94,134,82,21,96,37.1
30079432,3,shortness of breath,3,82,135,81,24,96,37.9
30079433,3,shortness of breath,4,101,88,108,16,98,38.0
30079434,3,knee pain,7,84,89,73,18,97,37.0
30079435,3,back pain,3,89,125,57,18,99,38.2
30079436,3,knee pain,4,59,137,85,19,96,36.3
30079437,4,headache,2,91,87,85,19,93,36.6
30079438,3,anxiety,2,63,107,63,18,92,36.5
30079439,3,laceration,1,73,99,83,22,100,37.3
30079440,2,abdominal pain,7,61,129,68,28,97,36.6
30079441,3,back pain,0,116,140,107,18,100,37.7
30079442,3,abdominal pain,4,77,132,90,15,88,37.1
30079443,3,abdominal pain,1,106,133,83,17,94,36.5
30079444,1,abdominal pain,7,108,141,95,22,98,37.4
30079445,3,laceration,7,99,95,89,19,95,36.4
30079446,3,laceration,2,81,175,76,14,98,36.6
30079447,2,anxiety,8,70,113,88,26,97,37.6
30079448,3,knee pain,3,48,117,90,27,98,38.0
30079449,2,anxiety,9,116,58,88,18,94,36.6
30079450,3,abdominal pain,3,88,129,106,19,100,37.7
30079451,4,headache,3,93,149,100,9,100,36.6
30079452,3,headache,2,68,110,81,18,93,36.5
30079453,3,anxiety,7,94,138,104,21,97,36.3
30079454,3,back pain,1,70,141,74,12,96,37.0
30079455,1,chest pain,10,85,142,77,12,98,37.3
30079456,3,anxiety,2,90,110,73,13,94,36.6
30079457,1,fall,7,81,142,80,19,99,38.0
30079458,3,abdominal pain,3,87,161,56,19,92,38.3
30079459,5,shortness of breath,3,80,97,83,26,100,36.5
30079460,3,fall,7,96,124,79,11,98,36.8
30079461,5,headache,5,76,112,57,13,94,39.1
30079462,4,chest pain,2,83,112,72,15,99,36.4
30079463,3,fall,5,97,145,65,14,97,36.7
30079464,3,back pain,1,66,91,52,19,96,36.3
30079465,4,back pain,1,100,124,67,17,98,38.3
30079466,4,shortness of breath,4,94,139,55,17,97,36.1
30079467,3,laceration,2,86,126,65,13,97,37.8
30079468,3,anxiety,1,58,127,66,20,100,37.0
30079469,2,headache,7,106,116,91,15,99,37.0
30079470,3,fall,2,85,111,89,17,96,36.6
30079471,3,chest pain,7,89,110,85,19,95,37.2
30079472,5,chest pain,7,86,130,94,17,100,36.2
30079473,3,fall,0,72,104,87,27,97,37.0
30079474,3,fever,5,101,78,71,16,98,36.9
30079475,4,back pain,6,83,130,65,17,97,36.4
30079476,3,shortness of breath,7,92,124,89,20,95,37.4
30079477,4,abdominal pain,1,98,130,66,20,98,37.8
30079478,3,abdominal pain,3,74,134,81,10,94,37.1
30079479,3,back pain,7,76,109,80,22,100,36.7
30079480,3,fall,6,80,117,51,20,98,37.2
30079481,2,fever,6,108,106,85,20,98,36.3
30079482,2,headache,8,72,120,88,13,96,38.4
30079483,3,fever,1,67,155,79,21,96,36.5
30079484,3,knee pain,4,94,140,66,26,100,38.0
30079485,2,shortness of breath,8,86,121,91,20,99,38.6
30079486,3,headache,1,58,106,63,21,100,36.7
30079487,3,fever,5,85,130,71,21,98,37.2
30079488,5,chest pain,2,80,111,78,12,96,38.5
30079489,1,anxiety,10,82,134,68,14,100,37.7
30079490,2,chest pain,7,85,151,95,19,100,36.4
30079491,3,knee pain,3,65,112,85,21,100,35.5
30079492,3,chest pain,6,94,116,90,17,100,37.2
30079493,3,fever,7,82,149,85,23,100,35.6
30079494,1,chest pain,8,76,113,81,15,97,37.1
30079495,2,knee pain,8,110,105,68,17,100,36.8
30079496,4,headache,1,98,100,96,15,100,38.4
30079497,2,knee pain,8,75,125,71,21,98,38.1
30079498,3,fever,3,92,146,72,17,100,37.2
30079499,3,abdominal pain,0,78,114,84,19,98,36.4
30079500,3,fever,5,72,133,90,22,95,39.1
30079501,4,chest pain,3,92,111,96,17,98,36.7
30079502,3,anxiety,1,96,124,108,20,97,38.4
30079503,3,anxiety,2,71,117,77,16,95,36.9
30079504,5,anxiety,2,93,142,92,18,94,37.4
30079505,3,back pain,1,108,99,80,23,98,37.9
30079506,3,knee pain,2,79,118,84,18,97,36.0
30079507,3,anxiety,7,83,89,88,21,100,36.5
30079508,2,chest pain,10,77,121,79,14,93,37.8
30079509,3,back pain,4,87,132,90,18,96,37.5
30079510,5,knee pain,2,83,97,59,16,98,37.6
30079511,4,back pain,5,79,128,86,15,100,38.0
30079512,4,fall,6,110,106,88,27,97,37.6
30079513,3,headache,3,93,98,63,18,95,36.0
30079514,3,fall,5,77,117,58,17,97,37.4
30079515,3,abdominal pain,6,67,138,78,16,100,36.8
30079516,4,headache,4,57,104,94,13,100,36.6
30079517,4,back pain,3,85,152,94,21,96,37.0
30079518,3,headache,1,94,134,82,10,99,37.3
30079519,3,chest pain,6,78,141,99,17,92,36.2
30079520,4,knee pain,3,97,146,97,18,97,37.8
30079521,2,knee pain,6,93,133,107,19,97,37.2
30079522,3,back pain,2,113,106,73,8,97,37.2
30079523,5,shortness of breath,0,72,134,77,18,94,37.4
30079524,2,shortness of breath,9,76,129,72,18,97,36.5
30079525,2,laceration,7,64,172,58,18,99,36.6
30079526,3,chest pain,1,97,110,73,19,100,35.4
30079527,5,knee pain,4,90,100,91,22,90,38.2
30079528,3,fever,6,104,119,68,19,99,36.0
30079529,3,back pain,5,79,152,77,18,98,37.0
30079530,3,headache,0,83,149,78,18,96,37.0
30079531,4,shortness of breath,5,72,143,83,16,98,37.8
30079532,3,fall,0,60,127,64,20,99,36.0
30079533,3,headache,4,77,82,115,12,100,37.0
30079534,3,abdominal pain,3,86,114,94,15,99,37.1
30079535,3,headache,1,86,97,74,20,98,36.5
30079536,3,shortness of breath,0,73,132,85,17,100,37.4
30079537,2,knee pain,7,82,124,71,17,98,36.8
30079538,4,shortness of breath,6,111,153,72,11,96,35.6
30079539,3,knee pain,5,78,127,105,8,99,35.5
30079540,3,laceration,5,96,109,103,19,98,37.3
30079541,4,fall,4,92,91,72,14,100,36.5
30079542,4,fall,5,83,160,88,13,98,37.5
30079543,3,laceration,3,73,116,79,18,100,36.8
30079544,3,knee pain,5,70,125,86,20,99,36.4
30079545,3,abdominal pain,0,62,140,83,10,97,38.1
30079546,3,abdominal pain,6,77,108,94,20,98,37.2
30079547,2,shortness of breath,10,92,146,58,15,100,37.2
30079548,3,abdominal pain,6,96,117,69,22,97,37.1
30079549,3,fall,4,89,110,102,16,100,36.5
30079550,2,abdominal pain,7,123,113,86,23,97,37.0
30079551,4,abdominal pain,1,92,139,103,16,94,36.6
30079552,4,headache,5,82,123,84,19,97,37.3
30079553,3,headache,3,110,114,71,24,100,36.5
30079554,4,fall,0,96,126,67,20,99,36.8
30079555,3,fever,7,109,100,86,21,96,37.1
30079556,4,headache,0,97,121,89,14,97,37.2
30079557,3,laceration,7,53,100,68,21,94,36.0
30079558,3,headache,6,63,145,88,19,99,36.9
30079559,2,fever,7,78,147,79,18,92,36.3
30079560,4,fever,5,76,159,115,15,99,37.1
30079561,3,anxiety,1,108,135,55,17,100,36.4
30079562,1,laceration,6,98,129,89,14,100,38.2
30079563,3,laceration,0,95,132,100,13,96,37.6
30079564,2,headache,8,61,103,44,17,98,36.2
30079565,3,knee pain,3,114,155,76,22,100,38.6
30079566,2,abdominal pain,7,63,128,61,19,94,35.8
30079567,3,back pain,1,64,151,93,17,97,37.7
30079568,3,abdominal pain,5,84,109,80,23,96,38.0
30079569,3,chest pain,3,64,107,95,15,100,37.0
30079570,3,knee pain,4,58,166,78,23,97,37.1
30079571,3,fever,7,81,149,63,17,99,37.3
30079572,3,abdominal pain,5,78,133,99,19,96,37.0
30079573,2,fever,8,72,130,59,18,98,36.8
30079574,4,shortness of breath,7,91,117,96,21,98,37.2
30079575,3,fever,5,104,154,54,14,96,36.9
30079576,2,anxiety,10,104,111,71,22,98,34.7
30079577,3,anxiety,5,68,178,95,19,98,36.8
30079578,2,abdominal pain,10,113,123,39,14,95,36.5
30079579,4,back pain,3,112,123,87,18,99,36.7
30079580,5,knee pain,5,93,132,93,18,100,36.7
30079581,3,chest pain,0,79,88,71,20,100,36.7
30079582,4,anxiety,2,82,114,78,16,97,37.7
30079583,2,back pain,9,98,107,75,17,96,37.5
30079584,3,back pain,7,82,155,83,21,98,37.3
30079585,3,chest pain,4,82,107,48,22,97,34.6
30079586,1,knee pain,6,55,123,68,17,95,34.7
30079587,3,anxiety,5,46,136,87,16,95,37.3
30079588,4,fall,5,68,124,92,21,97,37.2
30079589,3,knee pain,0,97,134,79,10,95,36.9
30079590,3,back pain,6,95,130,79,12,100,36.5
30079591,2,abdominal pain,6,65,120,97,18,97,37.1
30079592,2,knee pain,9,75,117,67,17,94,37.7
30079593,2,chest pain,6,91,118,79,18,100,36.4
30079594,4,fall,6,64,88,63,16,100,36.9
30079595,4,back pain,5,92,114,95,15,99,37.0
30079596,3,anxiety,2,107,90,62,15,95,37.7
30079597,3,anxiety,2,63,125,81,11,97,37.5
30079598,3,knee pain,2,74,112,70,17,97,36.8
30079599,1,fall,8,85,123,99,18,92,37.5
30079600,4,headache,1,91,88,59,22,96,37.0
30079601,3,back pain,1,68,112,105,21,96,37.5
30079602,1,shortness of breath,8,80,136,68,8,92,35.1
30079603,5,shortness of breath,0,92,98,84,16,99,37.3
30079604,3,chest pain,7,115,134,69,23,95,36.9
30079605,5,abdominal pain,5,108,140,76,16,100,36.4
30079606,4,fall,0,93,113,76,18,96,35.8
30079607,3,chest pain,5,115,161,44,17,100,38.1
30079608,4,fall,0,97,156,71,20,96,37.0
30079609,3,back pain,3,101,98,76,20,99,38.1
30079610,3,abdominal pain,0,89,103,78,18,100,37.2
30079611,4,knee pain,4,94,121,96,20,96,36.6
30079612,4,shortness of breath,0,83,154,72,14,94,36.3
30079613,4,fever,3,108,110,75,21,94,38.6
30079614,2,laceration,10,82,149,65,18,97,36.5
30079615,3,headache,3,84,136,75,13,99,35.0
30079616,3,anxiety,0,85,171,110,17,100,38.0
30079617,5,chest pain,7,65,111,79,14,100,37.3
30079618,2,chest pain,6,63,124,61,22,94,37.5
30079619,4,laceration,7,101,125,70,26,94,36.4
30079620,2,anxiety,7,99,118,56,19,96,36.2
30079621,4,fall,4,71,125,81,20,96,36.0
30079622,2,abdominal pain,9,91,153,94,16,95,37.2
30079623,4,back pain,5,79,140,78,22,96,36.1
30079624,3,chest pain,2,81,169,57,21,96,37.1
30079625,4,laceration,4,95,133,75,17,97,36.6
30079626,4,shortness of breath,3,74,112,64,19,93,37.5
30079627,3,fall,1,61,109,70,15,95,38.3
30079628,2,abdominal pain,8,81,166,91,16,100,36.8
30079629,3,laceration,6,84,83,70,18,89,37.4
30079630,3,shortness of breath,1,99,132,84,21,100,36.8
30079631,2,shortness of breath,8,56,110,74,18,95,37.5
30079632,3,abdominal pain,4,70,100,82,13,97,36.9
30079633,3,laceration,2,79,151,97,22,96,36.6
30079634,3,knee pain,5,133,128,68,21,100,38.8
30079635,4,fever,4,93,116,113,10,93,36.8
30079636,3,abdominal pain,5,88,142,99,15,100,36.8
30079637,2,back pain,6,89,98,79,18,99,38.4
30079638,3,headache,0,78,110,74,19,100,37.9
30079639,4,chest pain,5,63,117,78,19,97,35.5
30079640,3,chest pain,5,98,124,79,25,100,37.2
30079641,2,abdominal pain,8,90,115,94,13,97,37.2
30079642,2,abdominal pain,9,100,108,97,18,97,35.5
30079643,4,headache,2,71,150,67,19,97,37.8
30079644,2,shortness of breath,9,74,113,86,21,96,37.6
30079645,3,headache,4,67,144,77,18,95,38.0
30079646,4,knee pain,6,87,129,69,18,97,36.8
30079647,5,chest pain,1,68,121,68,18,96,36.5
30079648,3,shortness of breath,4,82,124,99,21,98,36.8
30079649,4,chest pain,7,57,136,98,23,92,36.5
30079650,2,knee pain,10,69,102,76,17,97,37.1
30079651,4,knee pain,0,64,80,74,17,98,37.2
30079652,3,abdominal pain,1,71,116,62,20,100,36.3
30079653,3,back pain,2,93,120,80,22,91,37.5
30079654,3,knee pain,5,92,125,76,21,95,37.0
30079655,3,abdominal pain,2,81,121,84,16,93,37.7
30079656,3,laceration,1,75,140,60,14,97,37.3
30079657,3,headache,6,57,134,69,19,96,37.1
30079658,2,knee pain,10,83,145,80,14,100,36.6
30079659,4,laceration,3,80,131,80,17,100,36.9
30079660,2,knee pain,6,106,109,89,18,92,37.9
30079661,3,anxiety,2,98,104,62,22,94,38.1
30079662,3,abdominal pain,4,118,129,66,21,97,36.1
30079663,3,knee pain,3,87,169,81,14,95,37.2
30079664,3,knee pain,5,84,166,58,12,100,38.3
30079665,3,laceration,4,90,163,77,14,100,37.4
30079666,5,headache,7,69,77,70,20,100,37.1
30079667,3,fever,6,83,131,53,13,95,37.9
30079668,3,abdominal pain,2,103,143,86,16,98,37.6
30079669,3,knee pain,1,104,125,51,11,94,37.3
30079670,5,abdominal pain,5,79,123,64,22,97,38.1
30079671,2,knee pain,7,88,122,78,22,100,35.7
30079672,4,chest pain,1,94,109,91,17,92,37.4
30079673,4,knee pain,7,74,121,61,14,99,38.2
30079674,3,chest pain,7,91,115,91,24,99,37.1
30079675,1,knee pain,6,101,134,69,19,97,36.7
30079676,2,fever,8,77,103,90,23,91,36.7
30079677,4,anxiety,2,82,153,82,8,97,38.0
30079678,4,laceration,5,67,139,94,14,90,36.7
30079679,2,anxiety,9,87,89,89,18,96,38.3
30079680,3,laceration,5,93,99,86,18,96,37.0
30079681,1,fall,6,91,155,88,15,99,36.9
30079682,1,fever,6,70,114,67,22,99,37.7
30079683,3,fall,1,77,144,96,15,95,37.1
30079684,2,abdominal pain,8,75,80,41,14,100,37.6
30079685,4,back pain,6,79,117,77,14,100,37.4
30079686,2,fall,6,86,137,76,26,97,37.2
30079687,2,anxiety,7,70,138,68,13,99,36.9
30079688,3,chest pain,3,74,112,88,23,100,37.4
30079689,3,back pain,3,63,143,79,11,96,36.9
30079690,4,shortness of breath,5,88,93,77,16,98,39.3
30079691,3,fever,6,72,109,67,15,99,39.1
30079692,4,laceration,2,83,94,86,18,97,37.0
30079693,5,anxiety,2,82,118,94,20,98,37.4
30079694,4,abdominal pain,4,91,131,72,26,98,36.2
30079695,4,shortness of breath,7,72,165,84,18,94,36.3
30079696,3,fall,6,73,129,114,23,96,37.2
30079697,4,laceration,7,80,133,95,13,100,35.9
30079698,4,laceration,6,62,171,92,13,97,36.9
30079699,3,fall,7,75,74,64,17,94,37.8
30079700,4,chest pain,7,83,108,85,19,100,38.4
30079701,3,laceration,3,79,123,72,22,97,37.4
30079702,4,knee pain,6,78,92,80,22,97,38.3
30079703,2,back pain,7,80,128,72,15,95,37.5
30079704,4,knee pain,0,115,95,90,18,89,37.5
30079705,4,anxiety,1,94,131,65,9,100,36.7
30079706,2,laceration,9,79,140,98,23,100,36.3
30079707,1,back pain,6,99,93,64,19,95,37.9
30079708,3,anxiety,7,100,118,72,8,98,37.5
30079709,3,abdominal pain,3,83,107,53,20,96,36.9
30079710,2,back pain,6,101,123,74,25,98,36.3
30079711,3,knee pain,6,89,103,82,18,97,37.1
30079712,3,abdominal pain,6,85,113,88,25,100,37.4
30079713,3,abdominal pain,7,66,126,83,21,100,36.9
30079714,3,fall,6,79,153,63,20,95,37.8
30079715,3,knee pain,4,66,161,73,27,99,37.9
30079716,2,back pain,7,53,130,87,10,92,37.4
30079717,4,fever,5,94,134,75,22,100,35.7
30079718,3,knee pain,6,83,120,70,25,93,36.9
30079719,2,fall,9,63,92,64,21,92,37.4
30079720,3,chest pain,5,105,129,64,18,98,36.1
30079721,3,headache,1,81,140,81,11,96,37.7
30079722,3,fever,4,97,125,94,21,95,36.3
30079723,3,chest pain,7,81,142,74,16,97,37.7
30079724,3,abdominal pain,7,85,146,88,20,94,36.4
30079725,3,fall,6,105,130,92,25,97,36.5
30079726,3,knee pain,6,92,142,92,14,95,36.1
30079727,2,laceration,6,106,130,61,22,95,35.2
30079728,3,abdominal pain,3,87,128,67,11,97,35.7
30079729,3,chest pain,5,92,121,91,16,98,36.3
30079730,3,headache,3,80,114,94,20,96,36.2
30079731,3,fever,2,90,127,63,21,93,37.2
30079732,4,abdominal pain,0,84,138,70,20,100,36.3
30079733,3,back pain,0,86,145,77,10,100,37.5
30079734,3,fever,7,102,150,48,12,100,37.0
30079735,2,back pain,10,79,106,72,16,98,37.3
30079736,4,fever,4,55,137,68,15,94,37.2
30079737,2,anxiety,6,68,135,80,18,100,36.2
30079738,3,anxiety,7,119,151,45,17,98,38.0
30079739,3,fall,6,77,116,80,12,100,37.4
30079740,2,shortness of breath,6,112,135,84,25,93,38.8
30079741,3,shortness of breath,3,94,92,76,13,93,37.0
30079742,3,back pain,0,63,130,68,10,98,37.6
30079743,5,fever,6,102,114,74,13,92,36.4
30079744,2,laceration,10,80,99,94,18,100,36.7
30079745,1,laceration,7,83,153,72,13,99,37.6
30079746,2,fall,10,65,117,84,27,90,36.4
30079747,4,fever,1,79,153,66,13,100,38.0
30079748,3,shortness of breath,5,66,123,74,20,95,37.1
30079749,2,abdominal pain,6,68,100,76,13,97,35.2
30079750,3,shortness of breath,1,126,121,91,15,99,36.6
30079751,3,back pain,3,84,147,100,29,94,37.4
30079752,1,back pain,8,80,131,90,15,98,38.0
30079753,1,headache,8,83,145,101,22,98,37.4
30079754,3,knee pain,3,101,103,90,21,93,37.1
30079755,4,headache,5,65,126,66,20,97,37.1
30079756,3,chest pain,0,87,163,111,18,98,37.7
30079757,3,back pain,7,82,128,72,2,96,37.9
30079758,3,shortness of breath,6,85,111,104,12,100,37.2
30079759,3,fall,2,83,142,105,22,100,36.5
30079760,3,back pain,2,64,100,79,18,99,37.1
30079761,3,fall,6,85,136,111,19,100,36.5
30079762,4,headache,6,84,102,97,20,99,36.6
30079763,3,anxiety,3,82,100,76,15,100,36.1
30079764,2,headache,10,72,134,61,19,97,36.9
30079765,3,back pain,7,108,133,65,15,99,36.9
30079766,5,knee pain,0,85,130,92,21,93,36.1
30079767,3,laceration,0,84,153,106,19,95,38.0
30079768,2,fall,10,87,72,91,22,96,36.8
30079769,3,laceration,2,103,111,84,17,100,36.4
30079770,3,back pain,5,65,131,74,18,99,37.4
30079771,3,shortness of breath,0,115,91,74,14,94,37.6
30079772,2,fall,6,60,126,81,13,95,36.4
30079773,3,back pain,4,80,109,107,16,98,37.0
30079774,3,knee pain,3,94,119,96,12,90,37.1
30079775,4,anxiety,6,105,128,64,20,99,37.0
30079776,3,shortness of breath,2,85,150,70,18,99,38.7
30079777,4,shortness of breath,0,103,103,79,15,92,37.4
30079778,3,shortness of breath,0,59,121,82,22,95,36.7
30079779,3,back pain,1,96,105,71,18,96,37.5
30079780,3,headache,6,49,135,93,23,96,37.2
30079781,2,anxiety,6,93,102,81,19,100,36.2
30079782,5,abdominal pain,6,89,129,77,14,95,37.0
30079783,3,back pain,6,53,92,69,11,92,36.0
30079784,3,laceration,6,45,138,87,18,98,38.3
30079785,4,chest pain,0,86,91,107,13,100,35.8
30079786,3,fever,4,88,130,86,15,98,37.6
30079787,2,abdominal pain,7,73,118,60,23,96,36.3
30079788,5,chest pain,0,73,118,68,24,98,36.9
30079789,3,headache,6,88,113,78,15,100,36.7
30079790,3,knee pain,3,90,137,102,18,100,34.8
30079791,3,knee pain,4,98,144,93,22,99,36.8
30079792,4,back pain,7,75,97,111,22,98,37.0
30079793,3,anxiety,7,107,149,40,16,94,37.1
30079794,4,fever,7,88,142,69,18,99,37.6
30079795,3,knee pain,3,106,82,85,15,91,38.2
30079796,2,back pain,8,86,121,65,16,93,36.9
30079797,3,anxiety,5,85,135,73,19,94,36.5
30079798,1,abdominal pain,8,63,108,76,17,97,37.2
30079799,3,shortness of breath,3,81,132,97,14,99,36.4
30079800,3,back pain,3,99,172,65,20,95,37.2
30079801,3,anxiety,3,73,129,107,19,97,37.1
30079802,2,knee pain,6,85,101,70,22,91,37.5
30079803,2,chest pain,8,102,106,81,24,98,38.3
30079804,2,shortness of breath,6,74,106,59,16,97,37.0
30079805,3,knee pain,5,90,105,83,12,97,36.7
30079806,3,anxiety,5,90,95,72,18,97,37.5
30079807,3,shortness of breath,7,123,120,94,22,99,35.9
30079808,3,laceration,0,79,118,91,17,91,36.4
30079809,5,fever,6,72,121,72,17,94,37.4
30079810,4,headache,4,83,112,116,16,100,37.6
30079811,4,fall,3,82,129,78,18,96,36.8
30079812,2,laceration,8,90,113,87,25,94,40.3
30079813,4,fall,2,89,130,96,21,94,36.9
30079814,3,shortness of breath,1,50,136,93,17,100,33.8
30079815,3,chest pain,3,74,156,59,11,100,37.7
30079816,4,anxiety,7,85,119,76,12,93,36.8
30079817,3,laceration,4,77,108,83,20,99,36.7
30079818,3,shortness of breath,1,91,156,90,19,91,36.8
30079819,3,shortness of breath,5,92,141,78,23,100,37.9
30079820,3,back pain,4,123,141,112,19,97,37.1
30079821,3,back pain,7,81,138,92,19,95,38.0
30079822,3,anxiety,2,113,112,84,13,98,37.1
30079823,2,anxiety,10,85,146,83,20,96,35.5
30079824,3,fever,4,91,85,65,13,95,37.0
30079825,3,fall,6,66,160,71,20,95,38.6
30079826,4,knee pain,3,76,128,83,26,96,35.8
30079827,4,back pain,2,62,93,58,22,100,37.2
30079828,4,fever,3,77,140,73,15,89,36.1
30079829,3,fall,6,77,132,95,18,93,37.9
30079830,3,abdominal pain,7,85,128,62,18,98,37.2
30079831,3,anxiety,6,93,114,94,18,96,37.1
30079832,3,chest pain,2,64,137,80,27,99,36.1
30079833,3,headache,0,107,102,76,20,98,37.6
30079834,4,back pain,5,104,114,74,19,98,37.6
30079835,4,headache,0,59,123,78,17,100,36.6
30079836,3,anxiety,7,103,136,89,15,100,36.9
30079837,3,fall,7,100,140,97,15,96,37.8
30079838,2,fall,6,71,155,84,21,96,37.6
30079839,3,laceration,5,87,113,96,21,93,36.6
30079840,2,fever,10,75,140,94,13,100,37.4
30079841,3,headache,4,80,107,84,20,98,37.4
30079842,3,back pain,0,66,106,84,19,95,37.7
30079843,3,headache,0,94,143,82,18,95,37.4
30079844,2,fall,8,69,97,78,13,94,36.7
30079845,2,shortness of breath,9,98,151,98,16,95,37.9
30079846,2,laceration,8,111,132,83,22,96,37.4
30079847,5,chest pain,5,88,145,102,12,100,37.9
30079848,3,laceration,5,91,80,94,12,100,36.3
30079849,3,abdominal pain,4,75,129,92,14,96,36.6
30079850,4,knee pain,4,109,114,89,21,98,36.6
30079851,3,headache,1,85,152,76,16,100,37.7
30079852,3,fever,1,61,126,78,21,99,36.7
30079853,3,chest pain,3,102,157,103,17,91,37.3
30079854,3,abdominal pain,0,84,131,93,27,99,37.9
30079855,4,abdominal pain,1,88,129,84,14,94,36.7
30079856,3,back pain,2,79,150,85,16,96,36.6
30079857,2,laceration,7,77,123,63,16,99,37.3
30079858,3,laceration,7,59,103,61,18,94,37.1
30079859,4,laceration,0,84,143,82,21,96,37.1
30079860,2,knee pain,8,96,132,93,20,92,38.0
30079861,3,chest pain,3,71,88,84,23,93,37.5
30079862,5,knee pain,4,55,115,60,18,95,37.3
30079863,3,abdominal pain,1,69,100,77,13,99,36.9
30079864,3,shortness of breath,3,94,155,83,21,95,37.2
30079865,3,headache,0,59,103,93,25,98,36.2
30079866,3,shortness of breath,2,90,122,106,23,100,35.9
30079867,2,fever,8,83,128,65,15,93,35.9
30079868,3,shortness of breath,4,79,146,67,22,96,36.1
30079869,5,chest pain,1,83,91,81,15,96,37.3
30079870,3,fall,7,78,108,95,14,100,36.2
30079871,4,back pain,6,98,133,71,25,89,37.7
30079872,3,fall,0,80,115,30,16,95,37.9
30079873,3,knee pain,1,96,124,75,24,96,36.2
30079874,3,back pain,4,67,124,89,15,95,35.5
30079875,2,fever,10,98,122,70,26,95,37.4
30079876,3,knee pain,5,90,104,88,17,97,37.3
30079877,5,back pain,7,80,121,95,15,100,36.8
30079878,2,back pain,8,69,107,87,18,98,36.8
30079879,1,fever,6,89,127,81,15,100,38.0
30079880,2,chest pain,6,115,117,88,20,96,37.4
30079881,3,knee pain,5,60,146,65,18,93,37.4
30079882,2,shortness of breath,9,66,134,106,21,99,37.6
30079883,2,anxiety,7,85,129,67,20,100,36.4
30079884,4,fall,2,82,128,67,24,97,37.2
30079885,3,laceration,3,69,114,75,17,96,35.7
30079886,2,anxiety,9,77,147,76,16,97,36.1
30079887,1,headache,8,59,104,61,27,95,37.4
30079888,5,laceration,4,67,161,68,17,98,38.6
30079889,2,fall,10,78,141,70,12,94,36.8
30079890,3,laceration,1,86,130,104,21,100,38.0
30079891,4,back pain,6,85,91,59,21,91,38.6
30079892,3,shortness of breath,1,112,161,63,23,98,37.4
30079893,4,fall,5,68,128,62,16,95,36.3
30079894,3,chest pain,3,83,156,75,6,100,36.9
30079895,3,laceration,3,104,95,81,20,98,36.7
30079896,3,fever,1,78,161,79,29,92,36.9
30079897,2,fall,7,75,137,89,23,92,36.8
30079898,2,knee pain,10,94,115,100,24,93,36.9
30079899,3,shortness of breath,1,83,103,67,13,100,36.9
30079900,3,knee pain,7,81,100,101,15,92,37.2
30079901,3,knee pain,6,97,119,95,17,100,36.5
30079902,3,fall,6,65,97,86,26,97,37.4
30079903,4,laceration,7,89,123,90,20,98,35.9
30079904,2,abdominal pain,6,81,132,62,22,97,36.9
30079905,3,knee pain,6,91,133,99,15,95,38.2
30079906,4,headache,3,98,116,56,24,95,37.3
30079907,4,abdominal pain,2,94,111,65,14,93,37.0
30079908,4,back pain,1,115,150,76,13,98,37.6
30079909,1,shortness of breath,8,89,138,80,22,98,36.7
30079910,3,fever,5,90,124,94,24,95,36.4
30079911,2,shortness of breath,6,79,132,79,17,92,36.1
30079912,3,back pain,4,84,134,50,10,90,38.1
30079913,4,back pain,6,83,136,67,13,96,37.7
30079914,2,fever,9,84,138,62,18,95,37.6
30079915,3,laceration,1,93,115,69,22,97,37.2
30079916,4,shortness of breath,2,80,125,74,20,92,35.9
30079917,2,abdominal pain,8,81,117,83,20,94,36.8
30079918,3,back pain,7,84,115,44,21,100,37.3
30079919,3,knee pain,1,99,114,63,22,100,37.2
30079920,2,laceration,9,69,161,81,23,100,37.4
30079921,5,knee pain,5,93,124,59,19,91,35.9
30079922,2,knee pain,10,78,103,67,18,100,38.0
30079923,3,shortness of breath,4,89,126,56,17,94,36.9
30079924,4,fever,5,85,138,100,18,96,36.7
30079925,3,fall,1,102,139,66,19,94,36.3
30079926,3,fall,0,74,153,88,22,97,35.6
30079927,3,knee pain,3,80,149,75,21,94,37.2
30079928,1,headache,7,83,109,83,17,100,35.6
30079929,3,chest pain,4,102,133,68,17,95,36.6
30079930,4,abdominal pain,5,89,159,62,18,94,37.5
30079931,3,fall,2,85,130,84,14,96,37.5
30079932,3,back pain,5,91,155,66,16,92,36.7
30079933,3,chest pain,0,66,116,79,15,99,36.9
30079934,3,fever,1,78,111,76,21,99,38.1
30079935,3,abdominal pain,7,69,117,72,16,100,36.5
30079936,1,anxiety,7,65,102,89,14,97,37.4
30079937,3,abdominal pain,6,81,148,54,14,90,37.0
30079938,2,fever,8,95,125,72,23,100,37.9
30079939,2,headache,6,84,101,89,13,97,37.6
30079940,3,laceration,6,114,153,81,7,93,35.9
30079941,3,chest pain,5,92,154,77,14,93,36.6
30079942,3,back pain,0,72,121,86,20,91,37.6
30079943,3,fall,7,70,117,89,26,93,36.3
30079944,3,back pain,2,89,179,61,23,97,37.0
30079945,3,fever,5,85,149,65,14,92,37.4
30079946,2,chest pain,8,85,125,78,22,100,37.5
30079947,3,back pain,5,108,77,102,16,95,36.0
30079948,4,anxiety,5,91,135,88,19,100,38.1
30079949,4,fall,4,100,113,59,22,98,37.9
30079950,3,anxiety,3,102,67,60,12,98,37.7
30079951,3,shortness of breath,0,92,138,75,17,94,36.2
30079952,2,laceration,9,76,97,89,20,97,37.8
30079953,3,knee pain,3,83,120,84,16,99,37.9
30079954,2,fall,10,92,123,77,16,100,37.7
30079955,2,shortness of breath,9,84,123,97,15,96,36.4
30079956,2,back pain,8,81,128,81,7,98,37.1
30079957,3,fall,4,88,88,65,25,99,37.4
30079958,3,fever,7,106,142,67,30,96,37.0
30079959,3,shortness of breath,0,91,97,92,20,99,37.4
30079960,2,fever,7,85,124,64,23,97,39.6
30079961,5,chest pain,5,96,124,77,23,96,36.9
30079962,3,knee pain,5,87,109,73,22,91,36.5
30079963,1,fall,10,86,129,70,15,100,37.6
30079964,4,fall,1,87,181,100,16,99,35.8
30079965,3,shortness of breath,5,93,122,77,18,97,37.3
30079966,3,fall,4,86,90,69,18,97,37.5
30079967,3,knee pain,4,85,117,64,21,93,37.0
30079968,2,fever,7,90,115,85,14,97,36.2
30079969,2,headache,7,88,148,70,21,96,37.1
30079970,3,fall,0,98,141,104,17,94,37.1
30079971,2,shortness of breath,10,101,109,65,12,95,38.2
30079972,4,headache,3,69,83,89,18,95,36.7
30079973,3,laceration,7,77,100,65,21,96,37.9
30079974,2,fall,7,95,118,81,12,95,37.7
30079975,3,fever,3,75,127,83,15,96,37.1
30079976,4,abdominal pain,4,75,153,114,18,90,38.2
30079977,3,abdominal pain,5,63,122,81,19,97,37.1
30079978,3,fever,3,77,141,106,27,99,37.4
30079979,2,fall,7,75,116,59,22,94,37.2
30079980,3,fall,1,93,112,56,12,96,38.2
30079981,4,back pain,5,94,111,85,12,100,35.8
30079982,5,back pain,1,68,131,90,11,100,36.6
30079983,3,knee pain,4,106,127,95,19,92,38.3
30079984,1,shortness of breath,10,84,86,57,19,98,35.2
30079985,5,fall,6,82,113,72,24,97,37.4
30079986,2,fall,8,97,135,82,18,97,36.9
30079987,5,knee pain,5,82,118,80,20,97,36.0
30079988,3,shortness of breath,2,112,137,85,17,96,35.9
30079989,4,chest pain,2,83,138,89,23,98,37.6
30079990,4,anxiety,7,100,103,86,21,97,36.8
30079991,3,anxiety,6,91,127,74,23,100,36.7
30079992,4,anxiety,1,101,133,96,24,95,37.4
30079993,3,fever,1,96,141,82,18,98,36.2
30079994,2,knee pain,9,74,123,81,18,98,37.1
30079995,3,laceration,6,101,111,82,19,92,36.0
30079996,4,fever,1,107,132,95,12,98,37.2
30079997,3,shortness of breath,6,70,110,60,26,96,36.7
30079998,4,laceration,5,84,134,88,18,98,37.0
30079999,3,chest pain,3,90,91,54,22,95,35.6
30080000,4,knee pain,3,77,124,104,20,96,37.7
30080001,3,fall,6,106,128,78,23,97,35.6
30080002,2,abdominal pain,6,105,101,120,20,100,36.3
30080003,1,abdominal pain,8,97,118,85,22,100,37.3
30080004,3,fever,6,84,108,54,17,93,38.3
30080005,2,chest pain,9,65,106,92,14,95,37.1
30080006,3,back pain,7,91,137,96,15,97,35.7
30080007,2,fall,9,73,131,90,23,97,36.8
30080008,3,knee pain,7,86,146,83,23,92,37.9
30080009,3,back pain,2,83,131,82,16,95,37.7
30080010,3,shortness of breath,7,81,130,76,22,91,37.3
30080011,4,anxiety,4,94,105,90,20,93,36.2
30080012,3,laceration,7,69,137,82,20,95,36.7
30080013,3,fever,0,95,125,75,13,100,37.0
30080014,4,fever,2,106,183,75,14,99,37.5
30080015,5,headache,6,94,133,71,21,99,38.7
30080016,3,back pain,1,106,158,86,14,96,37.3
30080017,4,abdominal pain,2,94,131,104,19,98,37.2
30080018,1,laceration,10,88,160,51,14,97,35.4
30080019,3,knee pain,7,85,144,57,14,100,36.7
30080020,3,abdominal pain,7,81,89,58,18,97,36.8
30080021,3,chest pain,0,97,116,76,20,100,35.7
30080022,2,chest pain,8,71,90,84,21,100,36.6
30080023,3,shortness of breath,5,79,120,59,18,94,36.1
30080024,3,shortness of breath,0,97,115,96,15,95,37.4
30080025,3,fall,1,92,111,87,9,96,36.6
30080026,2,laceration,9,92,142,78,21,91,38.4
30080027,3,chest pain,3,83,133,89,25,92,36.3
30080028,2,abdominal pain,7,81,148,62,18,96,37.2
30080029,3,chest pain,2,86,126,70,5,99,36.6
30080030,1,anxiety,10,79,122,85,13,99,38.2
30080031,4,back pain,2,86,115,103,29,95,35.6
30080032,2,knee pain,6,79,129,82,13,98,37.0
30080033,4,anxiety,6,82,119,76,12,94,35.8
30080034,3,laceration,2,82,115,56,24,97,37.0
30080035,1,shortness of breath,8,96,112,83,14,94,38.3
30080036,3,chest pain,3,64,115,103,20,97,36.2
30080037,4,headache,4,68,105,110,18,97,37.9
30080038,3,fall,0,111,95,88,18,98,38.0
30080039,3,anxiety,6,78,98,72,21,100,37.4
30080040,1,headache,8,86,180,45,17,95,38.0
30080041,1,back pain,8,80,146,63,17,100,36.9
30080042,2,anxiety,8,68,157,79,24,97,35.2
30080043,4,headache,0,78,144,84,16,92,37.2
30080044,3,laceration,6,92,81,78,17,93,38.5
30080045,2,shortness of breath,7,92,154,88,12,95,36.9
30080046,4,fall,6,98,93,88,13,96,37.9
30080047,4,back pain,2,104,125,94,24,99,37.1
30080048,4,headache,7,71,115,65,11,100,36.4
30080049,3,knee pain,4,85,118,87,19,99,36.3
30080050,3,laceration,5,114,125,69,19,96,36.0
30080051,3,anxiety,0,91,125,104,18,97,36.5
30080052,3,back pain,3,90,121,86,18,98,36.3
30080053,3,headache,6,88,150,87,20,96,37.3
30080054,1,headache,9,89,154,101,14,97,37.0
30080055,3,abdominal pain,3,79,110,92,16,96,36.6
30080056,3,abdominal pain,6,72,96,51,20,95,37.5
30080057,3,abdominal pain,4,99,83,80,19,96,36.5
30080058,3,anxiety,4,78,125,101,20,99,36.0
30080059,2,headache,8,108,114,105,21,92,37.0
30080060,2,abdominal pain,6,89,140,76,18,95,37.3
30080061,3,back pain,6,71,151,63,18,92,37.2
30080062,3,fever,0,54,129,73,17,96,37.7
30080063,3,fall,6,62,136,76,20,100,37.5
30080064,5,knee pain,0,108,110,73,18,100,38.4
30080065,3,headache,6,77,114,71,11,97,36.5
30080066,1,chest pain,6,100,138,58,15,98,38.0
30080067,5,back pain,7,98,139,76,16,93,37.2
30080068,1,back pain,9,98,109,79,10,93,37.3
30080069,3,abdominal pain,6,102,112,43,20,94,37.8
30080070,3,fever,4,98,130,59,14,96,35.2
30080071,2,chest pain,9,82,133,96,14,99,36.9
30080072,3,anxiety,2,108,154,101,22,100,35.3
30080073,4,back pain,5,85,141,92,19,94,35.8
30080074,2,fever,6,91,152,58,18,100,37.1
30080075,2,laceration,6,88,134,109,25,94,37.7
30080076,4,fever,5,84,110,103,15,94,37.5
30080077,3,back pain,7,74,118,87,16,91,36.3
30080078,4,knee pain,5,80,92,88,19,93,36.9
30080079,3,anxiety,3,86,131,83,14,97,38.0
30080080,2,fall,10,114,122,84,19,95,37.0
30080081,3,headache,7,70,117,56,17,97,36.4
30080082,3,knee pain,4,76,136,72,21,94,36.7
30080083,5,headache,6,86,144,80,19,91,36.7
30080084,3,laceration,2,102,145,73,22,100,38.5
30080085,1,headache,7,91,118,61,16,98,37.8
30080086,1,abdominal pain,9,58,155,93,19,95,36.7
30080087,3,abdominal pain,0,100,131,65,14,97,36.6
30080088,3,shortness of breath,6,58,93,66,19,98,37.1
30080089,3,knee pain,7,105,120,89,15,97,35.9
30080090,2,back pain,7,79,109,41,22,100,38.2
30080091,3,knee pain,2,72,114,95,26,100,38.1
30080092,4,headache,0,75,101,87,24,97,36.9
30080093,3,anxiety,7,74,130,33,18,94,36.3
30080094,4,laceration,2,73,132,92,18,95,38.0
30080095,4,chest pain,1,93,139,81,10,95,36.6
30080096,3,laceration,4,71,140,76,17,100,35.8
30080097,3,laceration,3,108,123,78,13,94,36.4
30080098,3,headache,0,97,109,87,17,98,35.9
30080099,2,fever,10,65,121,99,19,96,37.5
30080100,2,laceration,6,52,136,74,20,95,37.1
30080101,3,fall,6,73,127,91,18,93,35.8
30080102,3,shortness of breath,2,88,116,90,17,100,36.5
30080103,5,back pain,2,107,149,88,15,92,37.9
30080104,3,back pain,4,82,125,76,20,100,35.9
30080105,3,fall,7,71,99,29,14,100,38.6
30080106,4,chest pain,0,83,112,71,20,100,36.8
30080107,3,chest pain,2,73,105,65,12,98,37.0
30080108,4,headache,0,71,134,79,12,100,36.7
30080109,2,back pain,7,88,115,101,18,99,36.3
30080110,3,back pain,1,69,141,110,24,94,38.0
30080111,3,anxiety,0,87,96,78,19,98,36.5
30080112,3,shortness of breath,7,69,144,105,19,99,37.5
30080113,2,headache,9,91,109,94,22,92,37.9
30080114,2,fall,10,91,95,86,17,100,38.2
30080115,4,abdominal pain,1,78,130,80,10,99,38.2
30080116,4,fall,3,90,120,65,16,95,37.0
30080117,1,chest pain,10,102,132,70,24,100,36.7
30080118,3,headache,6,104,137,88,8,96,37.8
30080119,3,fall,2,107,125,91,20,99,37.0
30080120,5,abdominal pain,4,109,137,92,21,100,36.2
30080121,2,anxiety,8,63,97,88,12,99,36.8
30080122,4,shortness of breath,3,65,99,96,17,97,37.2
30080123,3,headache,5,77,93,96,22,93,38.7
30080124,3,shortness of breath,0,86,146,66,24,95,37.2
30080125,2,knee pain,10,109,138,98,21,93,37.4
30080126,4,back pain,0,67,147,65,13,95,38.1
30080127,4,fever,4,76,158,95,13,96,37.3
30080128,3,shortness of breath,0,83,141,67,23,96,36.0
30080129,3,headache,6,102,144,76,19,96,37.7
30080130,5,headache,1,65,90,67,18,96,38.2
30080131,3,anxiety,5,77,135,87,17,94,36.2
30080132,5,chest pain,4,69,129,76,22,92,37.8
30080133,4,abdominal pain,2,80,154,68,16,100,36.2
30080134,2,laceration,6,68,152,72,16,97,36.3
30080135,3,laceration,5,104,114,55,14,100,37.6
30080136,4,shortness of breath,1,102,137,66,22,97,37.7
30080137,3,abdominal pain,5,60,134,85,27,95,37.0
30080138,4,knee pain,2,92,144,70,16,98,37.9
30080139,3,back pain,4,68,112,61,11,92,37.4
30080140,2,abdominal pain,6,99,160,79,12,100,37.3
30080141,4,headache,4,89,119,88,18,98,35.4
30080142,3,shortness of breath,4,113,113,70,19,100,36.9
30080143,5,back pain,7,87,118,87,13,95,36.6
30080144,3,shortness of breath,4,54,83,71,15,96,37.1
30080145,3,anxiety,2,95,115,81,13,93,36.9
30080146,3,fever,6,115,129,57,20,91,38.3
30080147,3,fever,4,98,126,74,20,96,36.1
30080148,3,fever,3,96,146,57,18,100,37.9
30080149,4,headache,7,75,131,67,15,97,37.2
30080150,3,abdominal pain,7,82,127,93,15,97,36.2
30080151,3,fever,6,85,93,90,11,93,36.8
30080152,1,headache,9,78,136,66,26,97,36.8
30080153,3,fever,1,81,136,69,18,91,37.4
30080154,3,laceration,4,94,74,87,23,90,36.6
30080155,3,abdominal pain,0,80,156,100,16,100,38.2
30080156,1,fall,9,91,123,74,15,91,37.4
30080157,3,laceration,5,75,152,100,23,98,35.9
30080158,3,headache,7,71,135,102,13,93,37.5
30080159,4,abdominal pain,4,74,144,106,25,100,36.4
30080160,1,back pain,9,63,160,72,15,94,35.5
30080161,4,abdominal pain,6,91,135,67,15,98,37.8
30080162,1,laceration,9,87,113,91,18,97,36.3
30080163,2,knee pain,7,65,185,62,20,100,38.4
30080164,3,knee pain,3,73,109,92,19,100,38.5
30080165,3,fever,7,73,141,86,19,97,37.0
30080166,2,knee pain,10,87,156,97,21,100,37.8
30080167,3,headache,0,93,114,77,27,96,37.4
30080168,3,headache,7,61,164,77,20,99,36.4
30080169,3,chest pain,0,71,132,106,19,96,37.0
30080170,3,back pain,3,94,152,99,19,96,35.9
30080171,4,headache,0,84,91,76,17,96,36.5
30080172,4,chest pain,5,79,130,67,18,96,37.3
30080173,4,fever,0,71,113,68,23,95,36.1
30080174,5,abdominal pain,3,79,110,74,20,95,37.4
30080175,2,fall,10,80,114,75,15,99,37.0
30080176,2,abdominal pain,7,112,93,81,16,94,38.0
30080177,3,laceration,2,66,157,84,15,96,37.1
30080178,3,chest pain,3,94,129,77,18,98,36.1
30080179,3,chest pain,3,85,146,63,22,100,36.4
30080180,2,chest pain,7,107,126,118,21,100,36.8
30080181,3,chest pain,2,102,124,79,18,91,38.7
30080182,3,fever,6,91,144,50,15,100,37.5
30080183,5,abdominal pain,1,75,168,73,16,97,35.7
30080184,3,anxiety,6,83,139,86,21,100,36.1
30080185,3,laceration,5,79,173,79,19,99,37.6
30080186,3,anxiety,2,70,118,67,20,96,36.7
30080187,3,chest pain,4,89,99,75,24,93,38.1
30080188,3,chest pain,1,86,161,79,12,100,36.7
30080189,3,chest pain,1,106,138,97,20,100,35.8
30080190,3,shortness of breath,2,103,94,71,25,100,38.1
30080191,4,headache,1,96,116,71,14,93,36.3
30080192,2,chest pain,9,76,124,89,21,93,36.4
30080193,5,fever,7,108,127,57,17,100,36.9
30080194,3,fall,0,55,116,100,19,96,36.8
30080195,2,abdominal pain,6,94,93,84,19,92,36.3
30080196,4,laceration,0,56,106,70,18,94,36.1
30080197,3,anxiety,7,78,127,82,15,95,37.7
30080198,2,anxiety,7,83,169,93,18,94,36.8
30080199,5,fall,6,65,103,77,22,100,38.6
30080200,2,laceration,9,109,88,80,23,93,36.4
30080201,4,fall,5,85,101,67,15,96,35.9
30080202,3,back pain,3,80,150,70,23,99,37.9
30080203,2,headache,7,75,138,83,17,96,36.5
30080204,4,fall,7,61,140,76,11,97,36.9
30080205,4,fall,6,59,140,93,25,95,36.6
30080206,2,knee pain,9,74,166,57,13,96,37.0
30080207,4,headache,7,67,129,72,13,93,37.0
30080208,3,knee pain,0,85,139,78,18,97,36.3
30080209,3,shortness of breath,6,63,123,67,15,100,36.1
30080210,4,shortness of breath,7,89,101,93,19,100,36.9
30080211,4,fever,3,79,132,86,19,93,36.6
30080212,3,headache,5,84,113,91,17,100,37.0
30080213,5,anxiety,1,89,113,94,25,96,37.0
30080214,3,fall,6,83,123,85,20,96,35.9
30080215,3,chest pain,6,104,132,59,26,97,36.3
30080216,3,chest pain,3,103,96,90,13,93,37.2
30080217,3,anxiety,6,96,90,92,18,97,37.3
30080218,3,back pain,1,96,109,64,29,94,38.3
30080219,3,back pain,2,105,131,74,14,97,37.0
30080220,4,fever,3,92,161,86,27,96,37.4
30080221,4,headache,1,96,132,85,15,97,38.0
30080222,3,chest pain,6,83,113,105,24,96,37.4
30080223,4,chest pain,3,72,123,73,22,100,37.4
30080224,3,fever,6,87,186,70,22,100,36.2
30080225,4,chest pain,1,81,123,95,13,100,36.8
30080226,4,shortness of breath,0,106,112,51,14,96,37.5
30080227,4,back pain,1,101,152,66,21,100,37.8
30080228,3,fall,0,61,85,86,17,94,37.9
30080229,5,knee pain,3,101,132,63,25,100,37.3
30080230,2,chest pain,8,70,90,69,15,100,37.9
30080231,3,knee pain,7,77,116,75,17,97,36.5
30080232,4,back pain,6,86,96,60,23,98,36.6
30080233,3,headache,6,73,139,80,18,96,36.4
30080234,3,fever,5,74,130,107,18,89,37.9
30080235,3,abdominal pain,6,130,136,96,18,100,37.4
30080236,3,abdominal pain,3,75,159,81,19,96,35.9
30080237,3,knee pain,1,92,130,61,24,99,35.2
30080238,4,back pain,1,73,148,93,8,94,38.1
30080239,4,knee pain,5,89,112,86,14,96,38.1
30080240,1,fall,6,87,139,67,21,98,38.0
30080241,2,fever,8,81,106,74,20,100,38.1
30080242,1,abdominal pain,9,75,148,74,11,98,37.6
30080243,4,knee pain,2,92,129,99,23,100,37.9
30080244,4,fall,0,69,102,71,17,100,38.2
30080245,3,laceration,6,114,132,120,23,96,35.5
30080246,3,anxiety,1,77,132,95,14,99,37.9
30080247,3,abdominal pain,4,76,142,105,14,99,36.0
30080248,3,anxiety,2,57,116,70,19,93,36.6
30080249,3,chest pain,7,81,116,81,29,97,36.7
30080250,3,back pain,6,87,108,94,20,99,37.2
30080251,2,laceration,6,82,107,84,16,96,36.9
30080252,4,shortness of breath,6,71,114,94,14,100,37.2
30080253,3,abdominal pain,2,91,96,82,16,96,38.2
30080254,2,fever,7,99,135,59,11,100,36.6
30080255,1,back pain,6,84,87,86,12,94,37.6
30080256,3,shortness of breath,5,128,138,73,17,94,35.4
30080257,3,fall,1,114,111,73,25,100,35.8
30080258,5,anxiety,5,103,127,59,19,100,36.9
30080259,4,chest pain,0,111,116,83,15,94,36.7
30080260,4,fall,5,78,121,80,16,100,36.5
30080261,2,headache,9,97,114,76,23,95,37.6
30080262,3,fall,1,62,134,110,7,97,37.7
30080263,3,chest pain,0,83,146,73,17,97,37.1
30080264,3,fall,3,84,148,99,12,92,36.2
30080265,3,shortness of breath,1,100,124,68,14,100,36.7
30080266,3,fever,6,83,127,94,17,95,37.0
30080267,3,anxiety,0,109,116,55,25,99,37.5
30080268,4,laceration,5,113,154,49,18,100,37.4
30080269,2,laceration,6,113,148,92,19,96,38.8
30080270,3,shortness of breath,5,93,114,96,20,100,35.9
30080271,3,headache,6,97,116,65,13,96,36.5
30080272,2,back pain,8,73,125,57,15,95,36.6
30080273,3,chest pain,4,93,124,50,16,97,38.9
30080274,1,fall,6,59,146,79,19,98,38.3
30080275,2,shortness of breath,7,89,114,96,14,98,37.7
30080276,3,knee pain,1,77,137,88,18,100,36.1
30080277,5,laceration,2,74,112,79,13,90,35.0
30080278,4,knee pain,3,101,172,67,15,97,36.7
30080279,3,abdominal pain,7,93,89,64,17,92,38.1
30080280,2,fever,6,58,99,81,28,97,35.8
30080281,4,anxiety,1,97,133,74,14,100,36.8
30080282,3,fall,1,88,141,80,21,96,38.3
30080283,2,abdominal pain,6,64,121,87,19,100,36.8
30080284,3,chest pain,7,72,120,84,20,100,36.4
30080285,3,fever,3,86,122,65,22,100,36.4
30080286,1,fever,10,100,110,81,12,99,36.6
30080287,4,abdominal pain,2,67,119,73,24,94,37.6
30080288,2,abdominal pain,10,108,134,75,26,95,36.8
30080289,3,abdominal pain,0,87,134,83,20,93,38.5
30080290,5,abdominal pain,3,73,116,80,17,96,36.9
30080291,4,headache,2,81,117,66,24,100,37.4
30080292,2,shortness of breath,6,88,87,69,15,95,36.9
30080293,3,fall,2,81,123,91,14,95,37.7
30080294,3,chest pain,5,79,104,108,20,96,37.3
30080295,3,chest pain,4,70,145,73,16,98,36.8
30080296,3,abdominal pain,0,85,132,81,19,96,37.5
30080297,2,back pain,9,108,107,91,13,97,37.0
30080298,3,shortness of breath,4,100,116,61,10,99,35.9
30080299,4,back pain,2,100,116,89,19,96,37.6
30080300,2,anxiety,9,72,115,108,20,100,37.6
30080301,4,anxiety,0,79,92,80,21,96,36.5
30080302,3,knee pain,5,80,175,97,20,95,36.4
30080303,5,chest pain,4,77,140,88,9,96,37.4
30080304,5,abdominal pain,0,65,116,87,21,96,37.0
30080305,3,anxiety,6,80,112,88,17,97,36.1
30080306,3,chest pain,3,77,113,85,22,100,36.9
30080307,2,chest pain,9,86,127,91,17,98,36.9
30080308,4,laceration,7,65,135,62,20,94,37.1
30080309,3,shortness of breath,5,65,145,71,17,95,37.8
30080310,3,fall,4,98,118,115,17,97,36.3
30080311,2,abdominal pain,6,88,155,88,21,99,36.9
30080312,3,knee pain,2,49,157,114,15,97,37.1
30080313,5,anxiety,4,89,169,81,22,97,36.0
30080314,3,abdominal pain,4,95,141,76,14,96,36.5
30080315,5,chest pain,7,102,135,74,14,99,37.7
30080316,4,knee pain,3,107,145,74,13,98,36.7
30080317,4,anxiety,3,77,161,62,13,96,37.4
30080318,4,headache,0,74,135,86,17,95,36.5
30080319,4,chest pain,7,99,110,84,19,95,36.4
30080320,2,headache,10,60,122,86,19,98,37.3
30080321,3,fever,6,83,164,91,22,97,36.9
30080322,4,chest pain,6,95,119,54,22,100,37.6
30080323,3,fall,4,61,138,70,15,100,37.2
30080324,3,headache,6,118,116,64,22,94,37.5
30080325,3,anxiety,6,81,110,96,14,90,37.6
30080326,3,laceration,0,102,122,121,17,99,36.4
30080327,4,back pain,3,72,130,64,19,96,37.1
30080328,3,fall,1,103,132,76,9,96,37.0
30080329,3,anxiety,7,100,135,80,22,97,36.8
30080330,3,knee pain,2,83,146,80,19,90,37.9
30080331,3,anxiety,0,99,108,76,20,95,35.5
30080332,2,fall,9,77,151,83,19,97,36.1
30080333,2,chest pain,10,61,150,84,21,98,38.0
30080334,4,anxiety,0,91,166,73,24,100,35.9
30080335,3,chest pain,6,88,121,100,12,93,37.1
30080336,3,fall,1,74,132,59,15,96,36.4
30080337,4,headache,4,92,125,86,20,96,37.4
30080338,3,knee pain,3,71,137,89,15,96,36.8
30080339,2,chest pain,6,71,151,51,20,93,36.7
30080340,4,fall,5,83,128,68,14,98,36.5
30080341,3,chest pain,3,75,133,83,18,97,36.7
30080342,3,laceration,4,87,108,70,17,98,36.6
30080343,4,knee pain,2,75,118,89,14,93,37.1
30080344,3,fall,4,111,141,92,16,96,38.2
30080345,3,fall,1,79,83,65,24,100,36.8
30080346,2,knee pain,9,81,159,54,20,98,37.2
30080347,4,headache,6,97,121,72,19,99,37.5
30080348,3,back pain,3,58,119,73,23,95,37.1
30080349,3,shortness of breath,7,57,137,72,17,91,37.4
30080350,3,fall,7,121,105,70,16,95,37.3
30080351,3,fever,2,79,126,79,20,96,36.9
30080352,3,fall,3,61,122,75,22,93,36.0
30080353,2,abdominal pain,6,69,115,87,21,100,37.3
30080354,3,laceration,0,91,128,64,20,100,37.8
30080355,4,abdominal pain,7,86,125,77,19,93,37.7
30080356,3,headache,2,111,109,72,20,98,36.9
30080357,3,chest pain,7,68,87,66,17,97,37.4
30080358,4,shortness of breath,4,92,179,87,21,98,36.7
30080359,3,anxiety,5,68,115,71,24,98,36.6
30080360,2,laceration,7,92,109,75,20,98,36.5
30080361,3,headache,1,103,119,94,23,92,36.1
30080362,3,knee pain,2,85,119,78,15,96,37.0
30080363,3,back pain,3,63,97,71,10,97,38.6
30080364,3,abdominal pain,2,78,124,67,15,95,35.5
30080365,4,back pain,0,100,117,71,19,100,36.8
30080366,4,chest pain,4,57,125,77,21,100,35.9
30080367,2,anxiety,8,81,129,75,15,93,37.3
30080368,3,shortness of breath,5,100,125,92,20,100,37.1
30080369,4,laceration,2,89,117,97,14,94,38.1
30080370,3,laceration,6,107,113,77,21,100,36.9
30080371,4,knee pain,2,104,81,79,16,97,36.7
30080372,3,back pain,2,93,128,86,15,96,35.8
30080373,3,chest pain,4,93,145,81,16,100,38.2
30080374,3,headache,4,73,138,96,16,100,36.7
30080375,1,fever,10,84,138,90,19,100,35.3
30080376,2,anxiety,7,98,139,66,21,92,36.8
30080377,3,shortness of breath,6,76,104,105,16,97,36.4
30080378,3,fever,7,69,137,80,23,98,37.1
30080379,3,headache,3,104,173,74,14,96,37.1
30080380,3,chest pain,1,82,107,67,15,100,37.0
30080381,3,fall,5,106,116,60,10,92,35.9
30080382,2,abdominal pain,8,85,154,50,22,99,36.9
30080383,2,headache,8,95,130,59,20,94,37.1
30080384,3,back pain,4,83,131,65,27,97,37.6
30080385,1,fall,9,112,107,62,15,95,38.3
30080386,4,shortness of breath,3,78,114,83,23,100,36.7
30080387,3,headache,2,94,137,101,20,93,37.4
30080388,3,headache,3,93,113,77,21,100,37.6
30080389,3,back pain,0,94,148,98,21,99,37.3
30080390,4,anxiety,2,100,140,78,13,94,35.4
30080391,2,fall,9,122,118,64,21,96,35.9
30080392,3,knee pain,0,96,111,67,21,100,38.3
30080393,5,chest pain,1,86,141,66,18,100,36.9
30080394,2,anxiety,7,72,138,75,20,95,37.5
30080395,3,abdominal pain,7,74,112,103,19,97,36.9
30080396,3,headache,3,77,105,69,14,100,37.3
30080397,4,shortness of breath,4,96,140,80,22,97,36.3
30080398,2,fall,10,78,95,82,25,100,36.1
30080399,4,headache,6,86,141,76,18,98,36.8
30080400,4,headache,5,77,128,89,21,96,36.3
30080401,3,laceration,1,59,121,79,18,99,37.8
30080402,5,back pain,0,74,103,83,19,95,36.6
30080403,2,fever,7,99,108,58,22,100,37.2
30080404,1,laceration,6,77,103,96,24,100,37.3
30080405,2,knee pain,6,75,114,85,17,99,36.4
30080406,4,fall,7,100,113,59,20,99,36.2
30080407,4,fall,3,114,142,79,20,92,36.8
30080408,3,fall,6,63,130,68,17,99,36.5
30080409,4,back pain,1,99,151,100,13,100,37.0
30080410,4,fever,6,99,110,77,17,96,37.1
30080411,3,back pain,0,88,104,89,19,96,36.9
30080412,3,back pain,7,96,94,107,20,100,37.3
30080413,2,abdominal pain,9,72,116,71,21,98,36.3
30080414,3,anxiety,2,82,121,75,17,100,36.9
30080415,3,back pain,7,93,100,69,19,100,37.1
30080416,3,abdominal pain,7,74,112,90,18,96,36.5
30080417,2,abdominal pain,6,78,111,72,22,99,36.7
30080418,3,shortness of breath,0,74,102,72,14,95,38.7
30080419,5,knee pain,6,80,145,81,25,98,36.9
30080420,3,headache,3,86,138,87,24,96,38.0
30080421,5,shortness of breath,3,78,110,76,19,94,36.2
30080422,2,headache,8,85,137,102,12,100,37.1
30080423,2,chest pain,6,105,108,71,17,95,37.5
30080424,3,back pain,3,87,134,78,17,95,37.6
30080425,3,knee pain,0,85,106,74,15,96,35.8
30080426,3,back pain,7,92,166,77,18,98,36.8
30080427,4,fever,6,122,124,75,5,99,37.1
30080428,3,headache,0,68,122,84,22,96,36.5
30080429,3,knee pain,5,62,83,97,19,91,35.8
30080430,3,abdominal pain,1,85,151,80,18,94,36.2
30080431,2,back pain,7,103,146,66,13,96,38.1
30080432,4,anxiety,1,95,90,70,15,97,36.4
30080433,5,back pain,7,106,120,79,27,97,35.9
30080434,2,abdominal pain,7,99,98,79,14,94,37.0
30080435,3,fall,2,86,172,72,13,91,35.4
30080436,3,knee pain,1,77,135,94,18,100,36.9
30080437,4,anxiety,2,116,129,116,15,93,37.6
30080438,4,fall,2,69,129,86,16,98,36.1
30080439,3,fever,0,101,90,54,23,94,36.2
30080440,3,knee pain,1,88,116,84,18,90,37.2
30080441,3,knee pain,1,89,113,80,20,95,36.2
30080442,4,headache,1,101,89,75,18,96,35.7
30080443,3,back pain,2,104,120,101,14,97,37.6
30080444,1,laceration,7,94,125,75,19,95,36.1
30080445,3,shortness of breath,0,84,112,93,18,100,37.3
30080446,3,abdominal pain,7,99,134,84,23,99,37.0
30080447,3,back pain,3,90,117,98,23,99,37.3
30080448,2,back pain,7,94,138,88,11,98,37.5
30080449,2,shortness of breath,9,74,115,71,19,93,36.5
30080450,4,anxiety,6,86,98,82,20,100,37.5
30080451,4,fall,7,50,98,77,16,93,38.2
30080452,2,fall,7,90,106,106,18,91,38.5
30080453,3,headache,5,73,105,79,12,100,36.2
30080454,3,abdominal pain,1,103,84,60,14,100,38.2
30080455,3,knee pain,1,97,104,93,25,96,37.9
30080456,3,back pain,1,78,119,77,16,100,36.5
30080457,3,chest pain,7,94,136,97,13,100,37.5
30080458,3,abdominal pain,7,77,113,82,18,100,37.1
30080459,3,chest pain,1,76,125,100,11,97,36.8
30080460,1,fever,8,83,108,69,14,100,36.1
30080461,3,fall,7,83,107,101,21,97,37.8
30080462,2,laceration,6,82,108,73,25,92,36.2
30080463,3,anxiety,2,66,133,72,20,95,37.6
30080464,3,knee pain,2,72,116,69,13,99,37.0
30080465,3,chest pain,6,88,128,74,25,96,36.4
30080466,4,abdominal pain,6,84,119,62,18,94,36.6
30080467,3,headache,0,80,114,104,17,100,36.7
30080468,4,headache,5,92,112,48,17,97,36.2
30080469,3,laceration,1,82,157,98,12,94,37.0
30080470,2,shortness of breath,10,81,99,100,17,96,35.7
30080471,4,laceration,5,52,75,87,22,96,35.0
30080472,2,shortness of breath,9,82,155,97,22,100,36.1
30080473,3,back pain,4,95,105,106,19,94,36.5
30080474,3,anxiety,6,84,117,92,8,94,37.3
30080475,4,shortness of breath,3,76,121,65,18,97,38.2
30080476,5,back pain,0,69,104,108,23,93,36.6
30080477,4,anxiety,4,86,139,72,23,92,39.1
30080478,2,fall,9,100,115,69,25,95,36.9
30080479,3,fever,3,76,72,91,22,99,37.9
30080480,3,abdominal pain,5,76,176,79,18,99,37.6
30080481,3,laceration,2,96,138,76,14,100,37.9
30080482,4,anxiety,0,74,107,74,28,99,35.3
30080483,3,back pain,2,58,127,84,13,98,36.1
30080484,3,chest pain,7,88,164,62,22,92,38.2
30080485,3,knee pain,2,37,129,83,17,94,37.4
30080486,4,knee pain,3,80,150,100,21,95,37.0
30080487,3,anxiety,4,110,153,100,15,95,38.2
30080488,4,fever,1,63,139,78,20,98,37.9
30080489,4,shortness of breath,5,79,109,80,21,96,37.8
30080490,3,fall,3,76,134,92,22,92,36.3
30080491,3,shortness of breath,5,100,129,83,20,95,36.1
30080492,3,laceration,5,72,99,76,20,98,37.9
30080493,4,back pain,5,95,116,61,8,97,35.5
30080494,5,laceration,0,102,128,107,22,97,37.0
30080495,3,fever,4,63,159,84,20,92,37.4
30080496,4,back pain,5,102,116,85,16,95,36.2
30080497,3,abdominal pain,2,84,112,58,16,99,36.8
30080498,3,anxiety,5,90,134,93,18,94,36.2
30080499,1,headache,7,93,134,68,13,98,36.4
30080500,3,abdominal pain,1,76,126,78,20,95,36.3
30080501,3,shortness of breath,5,75,131,60,8,95,37.6
30080502,2,abdominal pain,9,87,115,81,19,91,36.0
30080503,2,knee pain,8,84,78,65,16,92,37.6
30080504,4,chest pain,4,103,129,78,22,99,38.5
30080505,2,knee pain,8,67,120,55,25,96,37.5
30080506,2,back pain,8,91,124,76,25,99,37.3
30080507,1,back pain,8,89,135,125,16,96,37.0
30080508,4,anxiety,2,70,117,93,11,100,36.2
30080509,4,back pain,4,94,125,53,12,98,37.3
30080510,3,back pain,2,79,129,83,21,96,36.0
30080511,4,laceration,5,88,151,86,18,97,37.9
30080512,4,back pain,1,111,114,94,15,95,38.3
30080513,3,headache,0,83,162,119,14,97,35.0
30080514,3,fever,1,81,145,83,15,96,37.7
30080515,3,headache,5,71,115,90,20,90,37.3
30080516,3,fever,6,88,161,94,18,99,37.4
30080517,3,chest pain,4,89,110,77,24,100,35.6
30080518,3,fever,7,58,120,108,13,94,37.6
30080519,5,fever,6,98,100,83,18,95,37.2
30080520,3,shortness of breath,6,70,145,68,18,96,36.5
30080521,4,fever,0,75,113,118,19,96,37.2
30080522,3,anxiety,0,84,123,60,19,95,35.8
30080523,3,chest pain,1,74,131,91,19,100,37.8
30080524,3,knee pain,7,68,107,57,21,98,37.4
30080525,3,abdominal pain,4,66,116,70,15,95,36.5
30080526,3,knee pain,5,83,129,88,10,94,38.7
30080527,3,headache,4,95,93,93,10,98,37.1
30080528,3,fall,3,57,129,68,23,92,37.9
30080529,3,shortness of breath,0,101,144,88,16,100,36.8
30080530,4,shortness of breath,4,78,164,88,15,94,37.9
30080531,2,headache,10,71,157,67,15,99,37.4
30080532,2,shortness of breath,8,89,142,77,16,97,36.2
30080533,3,laceration,0,63,137,79,21,98,37.2
30080534,4,shortness of breath,5,78,140,98,26,99,37.3
30080535,3,chest pain,0,70,168,64,16,99,37.6
30080536,3,chest pain,7,109,89,79,21,93,36.9
30080537,2,chest pain,6,69,91,83,18,100,38.3
30080538,3,fall,7,89,131,74,18,100,37.3
30080539,3,back pain,1,73,135,74,8,100,36.4
30080540,5,fall,0,114,121,100,18,99,36.4
30080541,3,knee pain,4,73,165,60,20,100,37.8
30080542,3,fever,0,100,128,78,25,99,38.0
30080543,4,laceration,1,73,127,74,19,98,37.8
30080544,1,anxiety,7,86,134,49,20,100,37.1
30080545,3,fall,5,72,129,71,20,94,37.5
30080546,4,laceration,4,103,124,78,17,93,37.0
30080547,3,abdominal pain,6,74,89,66,23,100,36.9
30080548,3,chest pain,6,100,140,81,21,96,37.0
30080549,3,fall,0,83,77,75,17,99,37.5
30080550,3,headache,5,96,152,92,21,90,37.0
30080551,4,fall,6,75,156,81,22,93,36.9
30080552,3,anxiety,6,68,125,54,17,97,37.7
30080553,3,chest pain,6,93,142,64,20,96,36.7
30080554,2,back pain,9,66,120,83,21,91,37.6
30080555,3,headache,5,70,124,111,17,100,37.5
30080556,3,laceration,6,93,106,78,20,96,37.5
30080557,3,chest pain,7,64,102,73,17,98,38.3
30080558,2,fall,7,73,159,38,14,100,37.7
30080559,5,abdominal pain,7,112,149,105,21,97,37.1
30080560,4,knee pain,1,98,125,57,20,97,37.1
30080561,3,fever,2,103,130,81,23,99,36.8
30080562,2,back pain,7,85,176,73,21,93,38.0
30080563,4,chest pain,4,83,128,93,16,94,35.7
30080564,4,laceration,4,76,101,86,16,93,37.1
30080565,2,back pain,9,86,116,108,17,98,36.9
30080566,5,shortness of breath,5,101,143,91,17,100,37.7
30080567,5,knee pain,1,113,147,91,16,98,36.5
30080568,3,laceration,2,90,110,55,18,93,37.3
30080569,3,laceration,4,58,96,75,12,99,37.1
30080570,3,knee pain,3,103,128,116,21,97,37.7
30080571,3,fall,5,84,126,84,19,97,36.6
30080572,5,laceration,0,92,129,84,26,97,37.1
30080573,4,laceration,0,109,142,52,20,100,36.5
30080574,1,headache,10,75,135,64,18,97,37.2
30080575,3,abdominal pain,3,54,126,99,24,100,35.7
30080576,3,headache,4,82,148,73,24,100,38.4
30080577,2,back pain,10,95,91,88,13,95,36.5
30080578,4,abdominal pain,4,80,122,90,24,100,37.0
30080579,4,fever,4,86,104,77,17,95,36.8
30080580,3,fever,1,74,128,85,17,99,38.1
30080581,3,shortness of breath,1,108,107,102,15,100,36.7
30080582,3,abdominal pain,4,96,137,91,21,96,35.9
30080583,3,back pain,2,96,131,90,19,92,37.0
30080584,3,abdominal pain,5,86,134,116,16,98,36.7
30080585,3,chest pain,1,100,112,60,28,94,36.5
30080586,3,back pain,5,57,136,77,14,97,36.2
30080587,3,laceration,2,72,117,85,10,99,38.5
30080588,3,laceration,2,69,115,74,13,92,37.6
30080589,3,knee pain,3,93,129,54,22,95,36.9
30080590,3,anxiety,6,85,147,100,19,91,35.7
30080591,4,chest pain,4,92,108,86,20,96,36.6
30080592,3,fever,2,76,92,98,11,96,36.2
30080593,4,chest pain,2,81,146,80,14,96,37.3
30080594,2,knee pain,6,115,107,83,18,98,38.1
30080595,3,shortness of breath,4,91,138,91,18,100,38.0
30080596,3,anxiety,5,101,140,73,17,100,38.1
30080597,4,fever,1,97,133,62,21,100,36.0
30080598,2,headache,7,80,113,84,16,100,37.2
30080599,3,knee pain,3,100,113,56,14,100,37.4
30080600,3,knee pain,3,98,144,90,11,95,37.7
30080601,3,shortness of breath,1,85,96,58,18,97,35.8
30080602,3,headache,3,89,133,88,13,96,36.4
30080603,3,fall,7,105,157,76,19,100,36.9
30080604,3,back pain,4,113,161,85,25,93,36.3
30080605,1,headache,6,77,108,85,21,98,37.3
30080606,2,chest pain,9,72,158,85,15,100,36.8
30080607,3,fever,0,93,122,111,15,96,38.0
30080608,4,fall,6,94,111,65,19,98,37.5
30080609,3,fever,4,105,153,88,11,94,36.7
30080610,4,shortness of breath,7,73,114,67,18,93,37.4
30080611,3,anxiety,1,78,106,91,16,94,37.6
30080612,1,chest pain,9,102,133,82,30,100,37.4
30080613,4,fever,6,57,108,99,19,100,37.1
30080614,4,fall,6,109,117,95,17,92,36.0
30080615,3,laceration,5,65,124,71,17,100,36.0
30080616,4,laceration,5,65,138,74,17,98,36.8
30080617,3,headache,1,72,109,77,12,97,36.9
30080618,3,chest pain,0,85,143,62,14,95,36.8
30080619,3,knee pain,2,83,114,101,20,98,37.8
30080620,2,chest pain,10,82,104,58,20,98,37.5
30080621,3,abdominal pain,1,70,174,99,17,100,37.3
30080622,3,back pain,4,94,70,52,17,92,38.2
30080623,2,laceration,10,90,130,59,17,99,38.0
30080624,2,laceration,9,80,102,78,19,95,38.1
30080625,2,back pain,8,71,158,111,18,96,37.7
30080626,4,headache,4,84,135,89,10,94,37.5
30080627,4,back pain,0,85,129,83,11,91,37.4
30080628,3,laceration,4,78,113,104,14,98,35.9
30080629,3,abdominal pain,1,96,132,75,18,93,37.3
30080630,4,fever,4,84,109,91,16,94,36.8
30080631,2,fall,8,67,149,62,17,98,36.4
30080632,3,knee pain,6,108,126,56,16,100,37.8
30080633,2,knee pain,9,81,110,75,18,92,36.6
30080634,3,shortness of breath,0,64,130,94,23,97,36.2
30080635,3,laceration,5,57,116,99,25,92,36.8
30080636,4,fever,4,92,148,82,16,100,37.2
30080637,3,chest pain,0,63,99,94,16,96,37.4
30080638,1,chest pain,9,78,119,85,26,95,35.1
30080639,3,anxiety,1,89,120,79,15,99,36.5
30080640,2,headache,10,84,106,94,20,97,37.8
30080641,3,abdominal pain,3,59,112,63,14,100,37.0
30080642,3,laceration,1,81,155,62,25,94,36.9
30080643,3,headache,5,95,105,86,17,99,36.9
30080644,3,abdominal pain,0,64,169,82,23,93,37.5
30080645,1,chest pain,8,64,140,89,19,99,36.9
30080646,3,knee pain,0,89,115,65,16,100,38.3
30080647,3,chest pain,2,89,107,100,16,100,37.2
30080648,1,abdominal pain,9,92,148,64,15,97,36.7
30080649,4,abdominal pain,4,99,85,102,8,93,36.5
30080650,4,shortness of breath,6,65,92,81,18,96,36.9
30080651,3,shortness of breath,1,72,146,75,13,96,36.0
30080652,3,chest pain,2,81,90,95,22,100,37.6
30080653,4,laceration,7,94,126,75,19,93,35.9
30080654,3,fever,4,75,109,79,21,98,36.5
30080655,3,fall,5,86,116,81,20,100,36.6
30080656,2,anxiety,6,94,128,78,14,95,36.9
30080657,2,back pain,7,89,110,102,20,98,37.1
30080658,3,laceration,2,99,96,79,17,99,37.7
30080659,3,anxiety,5,78,137,56,16,94,35.6
30080660,3,knee pain,0,86,105,72,13,90,36.5
30080661,4,abdominal pain,6,82,120,86,15,100,37.8
30080662,3,laceration,5,64,136,76,20,100,37.1
30080663,3,shortness of breath,6,90,137,84,24,97,36.1
30080664,3,abdominal pain,3,88,142,116,21,100,37.7
30080665,2,shortness of breath,9,102,154,109,23,100,38.7
30080666,4,fall,2,72,142,58,21,100,36.9
30080667,3,abdominal pain,0,88,130,119,26,98,36.6
30080668,3,back pain,0,81,128,59,16,98,38.7
30080669,5,back pain,1,88,142,86,13,93,36.4
30080670,3,abdominal pain,3,95,138,71,21,96,37.3
30080671,4,fall,0,58,126,78,17,100,36.8
30080672,2,fall,8,76,102,61,13,100,36.3
30080673,4,headache,2,113,158,79,23,94,37.2
30080674,2,anxiety,8,89,142,80,21,95,37.4
30080675,2,shortness of breath,7,90,94,58,14,96,37.7
30080676,3,abdominal pain,6,87,140,87,15,93,37.1
30080677,2,laceration,9,74,117,61,18,94,36.8
30080678,2,headache,6,97,110,76,22,93,37.3
30080679,3,knee pain,4,128,144,85,18,96,36.1
30080680,3,knee pain,5,86,96,61,16,97,35.7
30080681,3,anxiety,2,78,146,62,17,97,35.4
30080682,2,back pain,8,105,111,72,16,92,35.9
30080683,3,laceration,1,104,148,77,10,95,36.6
30080684,4,back pain,1,96,124,73,21,99,36.7
30080685,3,fall,5,82,143,50,23,97,37.0
30080686,4,back pain,2,91,118,94,12,100,37.6
30080687,3,chest pain,5,66,103,93,28,97,36.8
30080688,3,abdominal pain,1,68,100,80,18,100,36.6
30080689,3,back pain,3,100,102,109,11,100,36.1
30080690,3,abdominal pain,3,83,85,84,17,95,35.8
30080691,4,abdominal pain,0,92,155,82,20,92,37.9
30080692,3,chest pain,6,61,100,100,19,95,36.2
30080693,3,knee pain,0,94,127,56,16,100,36.2
30080694,1,shortness of breath,10,76,82,72,22,94,37.5
30080695,3,shortness of breath,5,71,116,83,18,92,37.2
30080696,1,back pain,6,88,104,75,20,96,39.1
30080697,3,fever,5,76,158,93,17,93,35.6
30080698,4,fall,5,103,108,74,22,95,36.9
30080699,3,headache,5,116,135,76,25,97,36.7
30080700,3,laceration,0,82,133,114,17,90,36.6
30080701,3,fall,7,96,111,81,24,90,38.2
30080702,3,fever,6,66,136,68,14,97,37.7
30080703,2,back pain,9,85,116,58,22,97,36.7
30080704,3,knee pain,0,57,118,75,18,98,37.4
30080705,1,headache,6,89,111,50,17,99,37.7
30080706,2,laceration,8,110,92,113,19,99,38.4
30080707,3,anxiety,6,80,130,80,18,98,38.1
30080708,3,knee pain,3,72,148,68,13,98,36.4
30080709,3,fall,6,90,152,83,13,94,36.9
30080710,4,fever,3,83,119,85,13,97,37.0
30080711,3,back pain,4,92,143,71,17,93,36.4
30080712,4,headache,7,82,137,58,17,93,37.0
30080713,3,chest pain,7,92,163,99,17,97,36.4
30080714,3,chest pain,6,90,132,58,20,92,37.2
30080715,4,laceration,0,42,123,71,17,93,37.7
30080716,2,shortness of breath,8,89,111,57,24,96,36.1
30080717,3,knee pain,2,91,123,61,16,97,36.7
30080718,3,fall,7,101,155,87,18,99,36.6
30080719,2,laceration,10,68,131,68,16,97,36.4
30080720,3,fall,4,73,118,93,23,98,37.7
30080721,3,shortness of breath,1,100,156,84,18,99,36.4
30080722,3,anxiety,2,71,107,99,20,94,36.2
30080723,3,chest pain,3,104,130,89,10,100,36.8
30080724,4,chest pain,4,83,115,67,19,96,36.8
30080725,2,chest pain,7,79,92,67,17,95,35.8
30080726,3,abdominal pain,6,98,108,89,18,96,36.1
30080727,3,fall,4,98,147,66,22,96,38.6
30080728,3,laceration,1,74,104,58,17,93,36.6
30080729,1,fever,6,92,123,80,17,97,35.9
30080730,1,shortness of breath,7,86,93,75,16,95,35.9
30080731,4,back pain,0,82,143,95,26,98,37.5
30080732,5,knee pain,4,85,118,93,16,94,37.5
30080733,3,shortness of breath,1,89,140,65,20,100,35.6
30080734,1,headache,10,92,95,76,13,96,38.1
30080735,4,fall,5,89,146,107,13,95,37.4
30080736,3,anxiety,7,70,125,71,15,99,35.4
30080737,3,fall,5,96,92,100,18,93,36.5
30080738,2,chest pain,8,100,133,83,24,96,36.3
30080739,4,fall,0,98,107,72,20,98,37.6
30080740,4,abdominal pain,4,93,119,82,23,96,36.6
30080741,3,knee pain,7,95,145,76,20,98,36.6
30080742,3,chest pain,2,77,138,71,19,96,37.0
30080743,3,shortness of breath,1,87,163,129,21,95,39.3
30080744,3,laceration,6,108,122,70,21,99,36.8
30080745,4,laceration,6,80,101,71,18,93,38.1
30080746,3,fever,0,49,115,66,14,100,38.1
30080747,4,headache,6,84,115,87,14,91,37.2
30080748,3,laceration,4,92,161,106,14,99,37.7
30080749,4,knee pain,5,93,138,84,19,100,38.2
30080750,1,knee pain,10,106,104,95,15,98,36.5
30080751,3,fever,5,88,127,88,22,97,36.9
30080752,3,fall,5,60,111,80,26,94,36.3
30080753,3,chest pain,0,77,128,65,17,94,39.2
30080754,3,anxiety,2,83,108,104,23,95,37.2
30080755,4,laceration,1,88,145,81,21,96,37.2
30080756,4,anxiety,3,90,139,87,17,97,37.5
30080757,2,anxiety,6,86,131,80,17,100,37.7
30080758,2,abdominal pain,8,74,148,107,16,97,37.4
30080759,3,abdominal pain,2,74,164,92,17,99,36.6
30080760,4,fever,2,26,99,73,22,97,37.5
30080761,2,shortness of breath,9,79,122,82,13,90,37.0
30080762,3,anxiety,5,112,105,76,20,99,37.5
30080763,3,abdominal pain,4,91,104,92,27,93,37.4
30080764,3,fall,6,80,143,93,20,94,37.2
30080765,4,headache,5,88,94,73,15,100,37.6
30080766,3,shortness of breath,5,102,100,87,19,94,37.3
30080767,3,back pain,3,83,140,79,19,96,37.0
30080768,3,fall,0,71,111,80,16,100,37.6
30080769,1,shortness of breath,7,133,157,65,9,96,37.6
30080770,3,laceration,7,98,150,69,16,99,36.1
30080771,4,chest pain,2,52,158,81,25,95,37.1
30080772,3,fall,0,64,98,77,13,100,36.0
30080773,3,abdominal pain,2,102,134,73,25,97,36.8
30080774,2,chest pain,7,70,126,88,20,94,38.7
30080775,3,knee pain,5,85,126,89,20,97,37.4
30080776,1,fever,6,85,116,79,15,96,38.7
30080777,4,abdominal pain,6,48,112,92,17,99,37.2
30080778,4,knee pain,6,80,157,77,23,100,38.1
30080779,3,shortness of breath,3,84,95,94,21,100,36.9
30080780,3,chest pain,1,88,161,90,15,99,36.1
30080781,3,fever,7,63,117,88,18,95,37.5
30080782,3,laceration,4,104,135,52,14,96,37.2
30080783,3,anxiety,7,85,105,98,18,98,36.9
30080784,2,chest pain,9,90,129,86,21,98,36.7
30080785,2,knee pain,10,94,148,118,16,96,36.8
30080786,1,headache,8,89,113,98,22,97,37.5
30080787,2,knee pain,7,71,126,108,18,96,36.0
30080788,3,fever,1,86,98,77,19,95,36.4
30080789,3,back pain,0,103,128,93,15,99,36.5
30080790,4,fall,0,83,91,98,21,95,38.9
30080791,3,back pain,4,99,147,78,21,97,37.1
30080792,3,shortness of breath,1,104,119,85,16,100,36.3
30080793,2,shortness of breath,9,83,119,71,15,98,36.4
30080794,3,knee pain,1,92,128,116,14,92,36.5
30080795,2,back pain,9,86,161,62,16,90,37.1
30080796,3,shortness of breath,6,83,153,49,18,94,37.3
30080797,2,fever,8,70,126,104,15,99,35.7
30080798,4,abdominal pain,2,76,114,83,20,98,36.4
30080799,2,abdominal pain,8,83,128,66,20,97,37.0
30080800,3,fall,7,116,123,105,20,100,36.7
30080801,3,fever,5,81,127,61,22,100,36.9
30080802,4,fever,7,68,149,85,19,100,36.0
30080803,4,chest pain,5,86,111,87,15,98,36.8
30080804,3,chest pain,3,82,113,69,21,96,37.6
30080805,4,fever,4,88,126,82,17,95,37.6
30080806,3,knee pain,0,93,163,78,12,100,36.9
30080807,2,abdominal pain,8,78,113,89,23,99,36.5
30080808,3,abdominal pain,5,76,138,69,29,93,37.6
30080809,2,abdominal pain,8,94,156,77,22,97,37.5
30080810,3,chest pain,6,75,126,70,17,98,36.2
30080811,3,anxiety,0,79,79,74,19,97,35.6
30080812,3,fever,5,89,106,70,25,96,37.0
30080813,3,fall,6,75,143,84,8,99,37.4
30080814,3,anxiety,2,84,86,104,16,97,36.0
30080815,5,back pain,1,80,135,86,18,99,36.3
30080816,3,fever,2,57,149,96,23,96,36.8
30080817,3,shortness of breath,3,94,85,74,18,100,35.9
30080818,3,shortness of breath,3,98,133,74,19,90,37.1
30080819,1,headache,10,67,140,59,24,99,37.8
30080820,4,chest pain,3,93,131,72,17,98,37.8
30080821,2,back pain,9,102,128,69,19,96,36.0
30080822,3,fall,4,113,150,58,19,95,36.6
30080823,3,knee pain,3,94,139,86,17,94,35.8
30080824,1,fever,9,73,155,113,21,96,36.7
30080825,3,abdominal pain,1,75,96,103,13,98,37.9
30080826,4,laceration,3,91,122,59,22,97,35.5
30080827,3,fever,3,98,122,88,13,100,38.0
30080828,3,knee pain,0,76,130,63,18,92,36.3
30080829,4,laceration,4,59,136,71,16,98,37.6
30080830,3,back pain,7,97,102,56,15,98,36.4
30080831,3,knee pain,4,109,126,93,17,92,36.6
30080832,2,anxiety,7,71,83,70,20,97,37.5
30080833,3,knee pain,1,65,99,99,21,100,36.3
30080834,3,anxiety,3,95,178,95,18,96,37.1
30080835,3,chest pain,4,75,135,96,22,96,37.2
30080836,2,fever,9,87,109,52,11,92,36.0
30080837,3,back pain,6,83,102,111,11,96,36.8
30080838,1,knee pain,8,105,76,73,19,96,38.1
30080839,3,chest pain,5,94,161,77,16,98,37.5
30080840,2,headache,10,85,152,88,16,93,36.2
30080841,3,chest pain,2,62,135,90,16,96,36.0
30080842,3,fever,6,83,155,106,17,99,37.2
30080843,2,anxiety,7,91,136,83,12,100,36.8
30080844,4,knee pain,4,80,95,72,16,97,37.2
30080845,3,headache,7,76,127,93,13,96,37.8
30080846,3,chest pain,1,81,109,93,20,100,36.3
30080847,4,fall,6,70,133,82,17,99,38.1
30080848,4,back pain,5,84,105,67,19,99,37.4
30080849,3,abdominal pain,6,78,100,89,22,98,37.6
30080850,3,headache,7,68,87,112,17,99,36.8
30080851,4,fever,7,93,145,84,21,99,36.4
30080852,5,chest pain,6,82,119,106,12,98,38.7
30080853,3,fall,5,80,137,61,11,96,36.8
30080854,3,anxiety,6,101,143,91,21,100,35.9
30080855,3,knee pain,1,91,110,48,18,97,37.8
30080856,2,fall,7,72,149,68,13,99,37.2
30080857,2,fall,6,100,121,91,25,97,37.9
30080858,4,laceration,0,108,141,65,11,93,36.7
30080859,3,chest pain,6,85,123,89,22,97,36.9
30080860,3,chest pain,7,77,151,95,11,97,36.2
30080861,2,anxiety,10,78,109,55,20,97,36.7
30080862,3,knee pain,6,83,131,83,21,98,37.5
30080863,4,headache,6,77,126,78,22,99,38.4
30080864,5,headache,1,91,134,90,13,96,35.2
30080865,3,chest pain,2,109,106,64,24,97,37.8
30080866,3,chest pain,0,65,121,74,23,98,38.5
30080867,3,headache,1,70,116,69,21,100,36.3
30080868,5,fall,6,100,98,69,10,100,37.8
30080869,3,laceration,6,72,126,63,22,93,36.3
30080870,2,knee pain,8,98,172,82,17,94,36.2
30080871,3,anxiety,7,93,142,52,18,96,37.2
30080872,3,headache,4,78,151,82,24,99,36.2
30080873,2,back pain,7,111,111,89,14,99,35.8
30080874,5,anxiety,3,71,111,80,12,99,36.3
30080875,3,knee pain,4,86,129,71,16,100,36.4
30080876,3,back pain,0,53,116,95,15,97,37.1
30080877,3,chest pain,2,72,106,77,22,97,36.5
30080878,4,fall,0,97,89,91,16,94,35.2
30080879,4,laceration,3,95,129,77,20,97,37.4
30080880,2,fall,8,88,118,86,24,97,36.9
30080881,3,shortness of breath,0,80,93,88,20,94,36.0
30080882,5,chest pain,6,92,117,91,16,99,37.7
30080883,1,fall,9,54,120,86,13,96,37.2
30080884,2,abdominal pain,10,86,128,57,17,97,37.4
30080885,3,chest pain,7,71,101,61,16,94,35.9
30080886,4,fever,5,92,124,82,14,91,36.8
30080887,3,fever,3,66,138,78,17,96,37.0
30080888,3,fall,3,81,119,82,15,100,36.5
30080889,4,back pain,3,81,133,64,21,98,37.1
30080890,3,shortness of breath,6,101,124,70,21,94,35.3
30080891,3,abdominal pain,1,84,112,85,14,98,37.7
30080892,2,shortness of breath,7,56,146,91,14,95,35.8
30080893,4,back pain,7,92,136,60,23,94,37.2
30080894,3,back pain,0,103,124,88,15,96,37.1
30080895,3,headache,2,81,134,99,20,96,36.4
30080896,3,anxiety,5,86,130,84,20,99,36.9
30080897,2,anxiety,8,106,122,69,22,100,38.5
30080898,4,abdominal pain,2,81,127,93,8,96,37.0
30080899,3,headache,7,112,135,65,21,98,37.3
30080900,2,chest pain,9,75,141,92,22,96,36.5
30080901,3,fever,2,71,91,72,14,96,36.6
30080902,3,abdominal pain,7,78,88,89,23,96,36.6
30080903,3,knee pain,2,95,130,65,12,97,36.0
30080904,4,laceration,6,83,108,73,16,95,36.1
30080905,2,chest pain,6,82,108,59,17,100,35.1
30080906,3,abdominal pain,7,83,136,52,21,94,37.6
30080907,4,back pain,7,86,111,84,18,100,36.6
30080908,4,chest pain,3,87,137,76,22,98,37.9
30080909,3,shortness of breath,4,70,104,64,21,96,35.5
30080910,3,fever,3,96,142,85,25,96,36.4
30080911,2,back pain,8,88,143,101,21,93,36.9
30080912,3,shortness of breath,3,69,118,64,13,97,36.8
30080913,3,abdominal pain,7,102,105,103,22,95,36.9
30080914,4,fall,2,84,146,85,20,96,37.5
30080915,3,fall,0,75,125,53,17,99,36.4
30080916,4,laceration,6,113,130,69,16,93,36.9
30080917,3,anxiety,4,101,122,104,12,99,36.2
30080918,5,fever,7,106,132,85,18,99,37.0
30080919,3,shortness of breath,3,88,76,93,17,99,37.5
30080920,4,chest pain,0,84,119,79,13,93,36.4
30080921,2,anxiety,6,102,136,78,22,93,36.6
30080922,2,anxiety,6,101,150,104,17,96,37.3
30080923,2,fall,8,119,136,97,15,98,36.6
30080924,2,back pain,9,98,129,94,14,98,37.1
30080925,3,fever,4,76,121,89,21,96,36.6
30080926,3,laceration,0,64,142,82,19,97,37.0
30080927,2,anxiety,9,81,123,86,15,97,38.2
30080928,4,anxiety,3,92,144,88,17,96,36.4
30080929,3,knee pain,7,84,119,86,20,94,37.2
30080930,3,knee pain,0,72,169,77,15,100,36.7
30080931,3,chest pain,3,79,89,71,23,98,36.8
30080932,3,fever,4,104,133,89,25,100,36.4
30080933,3,headache,4,65,148,60,21,96,36.8
30080934,3,fever,5,115,115,86,18,95,36.8
30080935,4,shortness of breath,2,97,138,57,20,98,36.5
30080936,4,fall,3,93,132,93,15,95,35.4
30080937,3,headache,0,89,142,92,18,97,37.3
30080938,3,back pain,4,63,140,77,19,100,36.3
30080939,3,headache,0,38,149,63,16,92,37.8
30080940,3,back pain,6,94,136,75,18,93,38.8
30080941,3,headache,7,74,108,59,18,96,36.4
30080942,3,anxiety,2,100,128,77,16,100,36.6
30080943,3,back pain,5,74,87,91,18,100,36.6
30080944,3,chest pain,3,123,131,92,19,100,36.5
30080945,3,shortness of breath,0,84,112,104,16,97,36.5
30080946,3,shortness of breath,7,72,108,63,21,99,37.8
30080947,3,headache,4,102,103,48,15,100,37.6
30080948,3,headache,5,69,110,90,15,99,37.0
30080949,2,knee pain,6,93,129,94,15,96,35.6
30080950,3,back pain,2,79,81,78,18,93,36.5
30080951,3,knee pain,7,97,136,91,19,98,37.1
30080952,4,fall,7,100,180,94,18,100,37.0
30080953,3,fall,2,87,146,46,19,100,36.9
30080954,2,headache,8,88,103,93,15,99,36.4
30080955,1,fall,6,82,116,67,17,97,38.2
30080956,3,fall,2,77,129,112,26,97,36.4
30080957,2,shortness of breath,6,120,152,78,21,99,37.4
30080958,3,knee pain,4,89,101,82,18,100,37.4
30080959,2,fever,9,67,173,79,16,99,36.3
30080960,3,laceration,1,92,128,69,14,96,37.1
30080961,3,laceration,4,115,135,63,17,99,36.9
30080962,3,headache,1,62,141,111,17,99,37.3
30080963,3,fall,3,96,121,47,12,96,36.4
30080964,3,fall,2,84,114,76,21,91,36.1
30080965,3,laceration,4,87,127,91,17,96,37.9
30080966,3,anxiety,1,71,122,81,12,96,37.4
30080967,3,headache,5,92,145,104,17,97,37.1
30080968,3,knee pain,5,69,115,72,25,96,38.7
30080969,4,knee pain,6,126,102,94,22,97,36.4
30080970,3,shortness of breath,4,86,152,95,12,96,36.7
30080971,1,fall,8,88,111,56,20,97,36.6
30080972,2,laceration,9,60,112,67,18,96,37.3
30080973,4,abdominal pain,7,105,126,76,17,96,36.2
30080974,5,headache,3,105,127,73,16,92,37.7
30080975,2,abdominal pain,6,69,163,83,15,97,36.5
30080976,1,back pain,9,84,93,66,16,96,35.5
30080977,3,knee pain,1,73,132,74,17,95,37.8
30080978,3,fever,0,92,127,81,16,99,36.7
30080979,3,chest pain,1,75,107,68,14,94,36.7
30080980,4,knee pain,4,73,114,77,24,97,37.2
30080981,3,headache,0,80,106,71,17,96,36.4
30080982,2,chest pain,8,85,126,76,23,100,36.5
30080983,2,fever,9,86,119,61,13,95,38.9
30080984,4,anxiety,7,101,131,68,13,98,35.9
30080985,2,back pain,6,85,147,80,19,94,37.0
30080986,3,knee pain,7,94,129,77,19,98,35.8
30080987,3,laceration,6,88,134,73,17,100,37.0
30080988,2,anxiety,8,101,114,79,24,95,36.9
30080989,4,back pain,2,95,118,80,19,97,36.0
30080990,3,fever,2,67,138,70,19,98,36.8
30080991,4,knee pain,5,89,125,82,24,99,37.3
30080992,4,shortness of breath,4,84,132,78,18,97,37.7
30080993,3,laceration,7,62,158,94,16,96,37.3
30080994,3,laceration,7,89,129,88,17,98,37.5
30080995,3,fever,7,73,140,58,19,100,36.4
30080996,3,knee pain,4,106,125,46,18,98,36.1
30080997,4,chest pain,4,89,90,79,16,99,36.7
30080998,3,abdominal pain,6,87,121,79,12,96,36.9
30080999,4,fall,2,45,124,84,18,94,38.5
30081000,4,back pain,6,85,105,109,20,98,36.2
30081001,3,fever,3,102,137,58,11,98,38.4
30081002,3,laceration,6,94,155,82,23,98,36.1
30081003,4,fever,5,103,110,66,20,98,38.3
30081004,3,shortness of breath,0,101,106,81,20,95,37.1
30081005,2,fall,7,59,140,97,12,100,37.2
30081006,3,anxiety,1,74,182,56,18,97,36.6
30081007,4,back pain,6,91,127,93,17,93,37.7
30081008,3,laceration,7,74,101,72,22,92,37.0
30081009,5,laceration,6,85,134,100,15,96,37.3
30081010,1,shortness of breath,10,98,142,94,16,95,36.8
30081011,5,fever,0,90,136,87,16,100,36.5
30081012,3,knee pain,4,71,158,71,21,100,37.0
30081013,3,abdominal pain,6,77,108,75,19,96,37.1
30081014,3,chest pain,0,114,132,71,16,98,37.0
30081015,3,abdominal pain,7,67,153,99,16,99,36.3
30081016,4,shortness of breath,4,92,107,64,20,100,36.8
30081017,3,laceration,0,84,127,79,20,99,38.3
30081018,5,laceration,2,72,145,91,13,95,37.3
30081019,3,shortness of breath,0,61,122,91,11,92,35.6
30081020,3,abdominal pain,2,93,127,78,17,93,37.8
30081021,1,fall,10,60,117,67,23,96,37.3
30081022,3,headache,7,85,110,90,21,100,36.1
30081023,1,fever,7,53,116,94,20,100,37.0
30081024,3,knee pain,4,100,167,77,30,100,36.2
30081025,3,anxiety,1,97,122,86,15,94,37.0
30081026,1,chest pain,8,68,123,75,13,98,38.3
30081027,3,abdominal pain,1,99,97,98,13,94,35.5
30081028,3,chest pain,1,75,131,55,16,97,37.9
30081029,4,anxiety,5,103,133,101,14,92,36.6
30081030,1,shortness of breath,8,86,106,68,15,98,37.3
30081031,3,shortness of breath,3,86,128,99,18,100,36.2
30081032,3,fever,5,80,121,65,18,98,36.2
30081033,3,back pain,1,104,133,77,8,94,36.9
30081034,1,abdominal pain,6,81,123,95,11,98,37.4
30081035,2,fall,7,91,143,75,18,99,37.4
30081036,5,fall,1,72,140,76,24,95,36.5
30081037,4,fall,3,93,102,112,27,97,36.9
30081038,4,anxiety,3,85,112,122,21,95,37.5
30081039,3,anxiety,7,95,110,83,15,95,37.4
30081040,3,knee pain,2,87,121,89,16,95,36.6
30081041,3,abdominal pain,3,55,113,65,20,95,36.5
30081042,4,knee pain,3,80,151,50,13,95,36.4
30081043,2,shortness of breath,7,75,109,84,18,98,37.9
30081044,3,fever,4,85,175,82,11,100,36.6
30081045,2,chest pain,8,122,115,79,10,93,36.7
30081046,3,knee pain,5,91,71,120,14,98,37.8
30081047,4,laceration,4,72,114,71,19,99,36.4
30081048,4,headache,7,96,119,64,23,88,36.9
30081049,1,knee pain,6,70,115,67,20,100,36.5
30081050,3,fever,1,72,90,82,14,97,37.6
30081051,3,abdominal pain,2,89,89,86,16,100,38.2
30081052,3,anxiety,1,91,128,93,21,95,36.6
30081053,2,back pain,9,98,121,77,21,97,37.3
30081054,2,back pain,8,70,126,92,21,100,36.5
30081055,1,headache,10,109,157,104,19,99,37.9
30081056,4,headache,7,99,122,68,16,98,37.9
30081057,4,anxiety,6,74,130,88,20,100,36.5
30081058,3,abdominal pain,2,92,158,83,24,94,37.8
30081059,3,anxiety,7,102,123,90,22,100,36.9
30081060,3,headache,2,97,128,75,20,96,36.8
30081061,3,fall,0,82,114,83,19,92,35.8
30081062,3,fever,2,99,95,60,18,95,37.5
30081063,3,abdominal pain,5,113,102,77,14,100,37.8
30081064,4,headache,1,62,70,97,14,94,36.4
30081065,1,fall,8,87,124,108,17,93,36.0
30081066,3,shortness of breath,3,66,121,93,14,95,36.1
30081067,3,back pain,4,87,152,70,21,99,37.1
30081068,4,fall,6,65,151,71,15,95,36.5
30081069,1,fall,6,82,104,71,19,99,37.7
30081070,2,fever,7,62,141,72,22,96,38.0
30081071,4,chest pain,1,71,134,63,20,100,37.5
30081072,3,laceration,4,42,126,74,22,98,37.4
30081073,3,fever,5,71,139,76,17,98,35.8
30081074,3,back pain,1,72,104,68,18,100,37.1
30081075,3,anxiety,2,59,140,73,22,100,36.6
30081076,3,abdominal pain,0,66,153,83,20,97,37.4
30081077,4,fever,2,90,130,73,21,96,37.0
30081078,3,anxiety,0,73,135,73,17,95,37.7
30081079,3,knee pain,4,95,130,75,16,95,37.6
30081080,3,laceration,3,101,114,66,21,96,35.4
30081081,2,back pain,9,82,128,94,11,99,37.4
30081082,3,shortness of breath,2,79,140,73,17,93,37.5
30081083,1,headache,8,105,172,82,16,98,36.1
30081084,3,back pain,5,104,117,72,17,94,36.5
30081085,1,anxiety,9,110,121,80,14,94,36.9
30081086,3,fall,1,90,123,84,10,98,36.4
30081087,2,chest pain,7,97,148,71,20,91,38.0
30081088,4,fever,1,104,112,79,15,95,35.0
30081089,3,fever,0,84,134,86,22,94,37.7
30081090,3,shortness of breath,6,65,110,115,13,92,37.8
30081091,2,chest pain,9,99,128,56,20,96,36.2
30081092,3,laceration,0,65,123,67,19,100,37.5
30081093,3,laceration,3,87,119,63,16,96,36.8
30081094,5,fever,5,54,106,91,19,93,37.4
30081095,2,laceration,9,86,115,86,15,95,37.0
30081096,3,fall,7,80,119,95,18,98,38.1
30081097,3,fall,5,63,128,95,18,100,36.9
30081098,3,laceration,7,51,94,48,17,93,37.4
30081099,3,back pain,3,94,110,73,18,96,37.8
30081100,3,back pain,2,87,123,78,22,100,37.6
30081101,3,anxiety,5,80,132,56,25,95,37.4
30081102,4,chest pain,1,84,122,105,15,99,37.1
30081103,3,knee pain,0,92,120,113,24,99,37.9
30081104,3,knee pain,1,67,105,78,21,98,37.4
30081105,2,fever,6,86,141,77,17,99,36.6
30081106,3,anxiety,0,94,114,40,25,94,36.6
30081107,4,shortness of breath,6,70,144,83,22,96,36.3
30081108,5,laceration,4,78,122,95,22,99,37.5
30081109,2,laceration,9,62,130,69,12,94,37.3
30081110,3,back pain,0,94,138,70,19,95,36.7
30081111,3,fall,0,75,164,66,20,94,36.8
30081112,3,abdominal pain,2,108,94,84,12,94,36.8
30081113,3,chest pain,6,84,117,104,12,97,37.7
30081114,3,anxiety,4,81,137,70,18,97,36.7
30081115,3,shortness of breath,2,80,144,70,17,100,36.0
30081116,3,back pain,7,94,98,86,20,99,36.8
30081117,2,shortness of breath,6,61,128,96,22,92,36.8
30081118,3,back pain,0,106,114,83,14,94,37.2
30081119,5,shortness of breath,7,58,111,75,25,94,37.3
30081120,4,shortness of breath,4,71,126,58,16,97,36.1
30081121,3,laceration,7,103,162,69,17,100,37.1
30081122,3,shortness of breath,3,78,115,90,13,94,36.7
30081123,2,back pain,9,77,131,98,15,100,36.5
30081124,3,headache,0,48,97,86,18,97,36.1
30081125,5,fall,3,95,111,74,24,94,36.2
30081126,3,headache,4,93,125,65,16,92,37.3
30081127,3,anxiety,1,80,131,85,18,99,36.7
30081128,4,back pain,3,96,137,76,21,100,37.6
30081129,3,fall,3,85,130,97,19,96,35.6
30081130,3,back pain,3,75,137,127,22,92,36.8
30081131,3,knee pain,7,71,118,96,18,98,36.5
30081132,3,shortness of breath,6,72,81,61,22,98,37.0
30081133,2,knee pain,8,83,102,86,17,97,37.8
30081134,3,shortness of breath,2,76,119,102,14,98,35.9
30081135,2,shortness of breath,7,91,118,59,14,93,38.1
30081136,3,chest pain,5,97,137,59,15,98,37.1
30081137,3,abdominal pain,4,101,105,71,20,99,36.9
30081138,2,anxiety,7,77,133,72,20,97,36.5
30081139,3,laceration,0,67,175,70,26,98,36.2
30081140,3,fall,6,125,105,75,20,96,36.6
30081141,2,laceration,8,67,118,76,21,100,36.5
30081142,3,fever,6,101,115,79,15,100,37.7
30081143,3,anxiety,3,100,161,64,20,99,38.1
30081144,3,shortness of breath,2,68,135,83,17,99,37.0
30081145,3,headache,1,100,116,71,17,98,36.8
30081146,4,headache,5,76,126,73,18,92,37.3
30081147,3,knee pain,6,82,123,84,12,100,38.1
30081148,3,back pain,2,93,143,66,21,100,37.8
30081149,3,shortness of breath,4,70,100,90,17,93,36.7
30081150,1,shortness of breath,8,104,129,89,16,97,37.5
30081151,4,headache,5,89,148,48,17,95,36.7
30081152,3,abdominal pain,1,74,146,69,23,100,38.1
30081153,3,shortness of breath,4,108,131,75,18,95,37.7
30081154,3,laceration,6,96,106,78,21,96,37.6
30081155,3,laceration,2,70,115,56,9,95,36.8
30081156,3,laceration,5,57,93,72,30,93,36.1
30081157,3,knee pain,1,79,159,59,13,98,38.0
30081158,3,headache,6,85,133,66,17,99,37.5
30081159,3,shortness of breath,4,104,141,94,20,99,37.6
30081160,3,anxiety,3,85,121,97,21,94,36.8
30081161,3,laceration,7,69,119,115,17,98,38.1
30081162,4,fever,6,113,141,68,17,97,37.4
30081163,4,laceration,5,54,109,104,13,96,37.5
30081164,3,fall,2,78,131,62,18,96,36.4
30081165,3,back pain,5,84,108,89,21,90,36.0
30081166,4,shortness of breath,4,85,128,73,16,95,36.5
30081167,3,fall,6,80,111,102,17,93,36.3
30081168,1,headache,9,85,108,109,15,100,38.0
30081169,3,knee pain,3,105,128,55,27,99,37.3
30081170,4,headache,1,97,115,75,17,97,36.0
30081171,4,fever,3,81,94,54,14,100,35.0
30081172,2,anxiety,10,88,128,69,17,97,35.0
30081173,3,shortness of breath,6,95,108,76,26,96,36.3
30081174,4,shortness of breath,5,97,124,72,13,97,37.3
30081175,5,laceration,6,113,143,88,21,100,37.9
30081176,3,chest pain,0,97,130,100,20,93,38.3
30081177,5,back pain,5,67,129,100,27,100,37.0
30081178,3,shortness of breath,2,98,124,75,21,93,37.2
30081179,3,anxiety,0,90,129,98,25,99,37.2
30081180,2,shortness of breath,7,63,118,71,20,90,38.1
30081181,3,anxiety,2,61,105,83,20,94,37.3
30081182,2,fall,9,90,138,70,14,95,37.3
30081183,2,knee pain,9,85,170,83,14,96,38.3
30081184,3,headache,6,102,146,73,16,100,37.1
30081185,3,abdominal pain,3,87,157,50,18,99,37.0
30081186,1,back pain,9,105,171,82,20,97,37.2
30081187,3,chest pain,0,84,113,120,15,96,37.4
30081188,2,fever,6,61,100,92,21,95,38.5
30081189,3,fall,5,81,98,81,24,97,34.9
30081190,3,abdominal pain,1,78,139,68,18,95,38.0
30081191,5,knee pain,6,85,139,80,17,97,36.6
30081192,3,shortness of breath,2,57,149,107,20,100,37.0
30081193,3,headache,5,54,93,79,15,96,35.7
30081194,3,abdominal pain,6,94,149,48,18,95,37.5
30081195,4,abdominal pain,3,66,152,86,19,95,36.8
30081196,3,laceration,5,81,136,106,17,97,36.8
30081197,3,anxiety,0,97,144,88,15,95,36.1
30081198,3,anxiety,4,91,98,94,22,91,36.5
30081199,3,laceration,0,73,132,63,26,99,36.9
30081200,3,knee pain,3,113,134,94,21,98,36.9
30081201,4,laceration,3,61,92,84,24,95,35.3
30081202,4,fall,6,87,96,66,13,98,37.2
30081203,5,shortness of breath,2,97,158,66,11,100,37.2
30081204,2,chest pain,9,90,110,77,18,100,37.1
30081205,5,knee pain,0,86,127,99,17,93,36.8
30081206,2,laceration,8,73,123,76,18,93,37.6
30081207,4,fever,3,86,158,90,14,96,36.7
30081208,2,fever,6,81,140,80,18,99,37.0
30081209,2,laceration,6,48,127,47,21,97,36.0
30081210,3,fall,4,81,90,99,18,97,37.7
30081211,3,abdominal pain,6,79,128,88,28,100,37.1
30081212,2,back pain,7,81,106,94,25,99,36.7
30081213,1,abdominal pain,10,93,124,102,24,96,36.4
30081214,3,knee pain,3,85,74,76,24,99,36.1
30081215,4,fall,1,69,104,94,21,96,37.1
30081216,4,chest pain,7,87,124,84,15,95,37.8
30081217,3,anxiety,5,101,105,46,17,100,37.3
30081218,4,headache,0,99,131,66,27,91,36.3
30081219,3,anxiety,3,92,118,84,20,95,37.1
30081220,3,abdominal pain,1,74,137,60,16,96,36.8
30081221,4,shortness of breath,1,112,108,84,22,99,36.2
30081222,4,anxiety,4,84,125,103,19,96,37.5
30081223,5,laceration,5,100,110,86,15,96,37.2
30081224,3,fever,3,106,109,83,20,98,37.7
30081225,3,back pain,6,67,114,78,11,96,37.2
30081226,3,back pain,3,122,136,79,16,96,35.5
30081227,2,chest pain,6,113,128,82,12,96,37.9
30081228,3,headache,4,79,143,80,18,100,37.2
30081229,4,shortness of breath,3,101,114,104,14,100,37.9
30081230,3,shortness of breath,7,104,93,92,22,93,35.6
30081231,3,headache,6,83,137,60,22,96,37.7
30081232,4,anxiety,3,81,146,66,17,99,36.2
30081233,3,fever,3,62,108,65,11,100,36.6
30081234,4,abdominal pain,4,101,149,99,16,93,37.5
30081235,3,laceration,1,54,136,101,19,90,36.9
30081236,3,back pain,1,108,142,64,22,96,37.2
30081237,3,abdominal pain,7,99,130,92,20,100,38.1
30081238,3,abdominal pain,3,58,107,76,18,95,36.6
30081239,2,fall,6,101,96,62,16,98,37.2
30081240,3,abdominal pain,7,82,106,81,21,94,37.2
30081241,3,knee pain,7,103,103,106,24,98,37.2
30081242,4,knee pain,7,74,143,70,17,97,38.6
30081243,3,knee pain,0,94,134,71,18,99,35.9
30081244,3,fever,1,83,92,68,12,100,37.8
30081245,2,headache,6,96,129,89,20,95,37.2
30081246,3,shortness of breath,1,67,116,60,19,97,36.6
30081247,2,anxiety,9,96,103,90,14,93,35.5
30081248,3,headache,5,81,141,98,22,92,36.6
30081249,4,shortness of breath,7,93,71,75,14,95,37.3
30081250,2,abdominal pain,7,51,151,98,14,96,37.9
30081251,3,laceration,0,79,125,113,15,99,36.8
30081252,3,anxiety,3,77,127,92,15,96,39.9
30081253,4,fall,2,99,150,72,21,95,37.9
30081254,3,shortness of breath,1,93,119,87,16,100,36.5
30081255,4,abdominal pain,3,73,117,67,21,93,37.0
30081256,3,fall,0,81,141,77,25,97,35.5
30081257,3,back pain,5,115,118,72,20,97,37.4
30081258,1,abdominal pain,8,110,102,85,18,94,37.3
30081259,2,headache,9,97,135,80,17,97,36.0
30081260,4,knee pain,3,82,108,96,19,96,38.0
30081261,2,anxiety,7,109,127,77,22,97,37.8
30081262,3,abdominal pain,2,87,111,81,19,95,36.6
30081263,3,fever,7,84,133,76,12,98,36.0
30081264,5,shortness of breath,5,87,113,83,18,91,36.0
30081265,2,knee pain,9,90,137,71,17,95,37.2
30081266,3,knee pain,3,102,134,66,13,97,38.4
30081267,3,anxiety,7,88,131,63,10,95,37.2
30081268,1,laceration,8,87,124,68,18,100,35.7
30081269,3,anxiety,5,84,106,110,8,94,36.3
30081270,3,laceration,7,110,118,81,20,97,35.9
30081271,3,shortness of breath,7,110,134,78,15,97,38.4
30081272,2,fall,8,81,118,80,18,97,37.5
30081273,2,headache,8,93,157,55,18,97,37.5
30081274,2,knee pain,6,70,113,116,20,91,36.5
30081275,4,knee pain,7,64,123,57,16,93,36.3
30081276,3,shortness of breath,5,72,111,84,26,95,37.3
30081277,4,fever,5,98,121,73,24,94,36.9
30081278,1,anxiety,6,91,100,83,15,95,36.5
30081279,3,laceration,1,87,120,72,14,97,36.5
30081280,4,laceration,2,55,115,88,22,98,36.5
30081281,2,fall,8,89,129,99,20,99,37.4
30081282,3,back pain,5,57,128,62,20,99,37.7
30081283,3,back pain,7,85,116,71,18,98,38.0
30081284,5,back pain,4,112,108,57,18,100,36.6
30081285,3,fever,0,62,106,90,17,95,36.0
30081286,3,chest pain,1,106,113,72,5,95,37.1
30081287,3,shortness of breath,0,114,155,91,14,97,36.9
30081288,3,fever,6,106,124,76,14,97,36.4
30081289,5,knee pain,1,77,146,60,22,100,35.3
30081290,4,fever,3,75,126,81,17,95,36.6
30081291,5,anxiety,3,91,111,92,18,97,36.5
30081292,4,headache,3,103,100,56,24,98,38.1
30081293,3,knee pain,3,81,103,93,13,97,37.5
30081294,4,abdominal pain,5,113,150,88,18,94,35.8
30081295,2,chest pain,9,66,134,74,19,96,37.1
30081296,3,chest pain,3,98,118,95,12,94,35.2
30081297,4,fever,2,66,122,75,21,99,35.1
30081298,3,headache,5,99,131,66,20,100,37.7
30081299,5,chest pain,5,67,135,103,18,98,36.1
30081300,4,chest pain,7,72,140,72,23,99,37.4
30081301,2,back pain,7,82,163,75,19,89,37.4
30081302,3,abdominal pain,1,101,87,73,15,97,36.6
30081303,2,laceration,7,96,104,65,25,99,36.4
30081304,3,anxiety,6,80,106,62,19,98,37.3
30081305,3,fever,7,83,106,71,17,100,36.0
30081306,4,chest pain,7,68,177,78,17,94,37.0
30081307,3,laceration,2,68,154,75,10,99,37.7
30081308,2,knee pain,8,78,93,97,14,98,36.0
30081309,3,shortness of breath,0,79,131,97,14,100,37.9
30081310,3,abdominal pain,2,76,83,64,16,95,34.9
30081311,4,abdominal pain,2,87,110,99,12,98,38.1
30081312,2,back pain,6,96,148,77,21,100,36.8
30081313,4,shortness of breath,1,75,89,66,21,96,36.7
30081314,3,shortness of breath,2,105,130,88,22,98,36.7
30081315,3,chest pain,0,93,96,88,21,93,37.4
30081316,2,fever,10,110,126,74,21,91,36.1
30081317,3,laceration,1,107,104,80,12,95,35.7
30081318,2,knee pain,9,97,119,54,24,100,35.8
30081319,4,laceration,3,98,114,79,19,100,37.9
30081320,4,knee pain,6,81,133,68,14,98,37.4
30081321,3,shortness of breath,2,68,147,73,15,100,38.0
30081322,3,abdominal pain,3,94,137,70,20,98,36.0
30081323,3,anxiety,0,82,111,75,15,96,39.2
30081324,3,headache,5,50,107,115,19,100,37.9
30081325,4,fall,0,70,170,117,20,93,36.7
30081326,3,chest pain,4,93,132,85,15,99,36.2
30081327,3,abdominal pain,2,84,128,73,22,94,37.3
30081328,2,fever,7,89,150,98,19,94,35.5
30081329,4,laceration,4,84,132,79,20,97,36.8
30081330,4,knee pain,4,80,117,82,21,100,37.5
30081331,3,knee pain,0,108,121,64,16,100,37.0
30081332,3,fall,2,89,116,85,23,96,37.0
30081333,2,back pain,6,82,121,77,18,95,37.6
30081334,3,fall,2,78,121,92,22,95,36.9
30081335,4,fever,1,76,91,77,18,98,37.2
30081336,3,fever,4,96,80,69,19,94,36.7
30081337,3,chest pain,5,66,116,71,19,98,36.8
30081338,3,headache,5,71,134,91,19,98,37.9
30081339,3,fall,7,100,124,69,19,94,36.6
30081340,4,shortness of breath,7,114,97,62,12,100,37.0
30081341,4,abdominal pain,1,72,165,94,20,94,35.9
30081342,3,knee pain,6,85,136,90,21,100,36.9
30081343,3,headache,3,79,140,77,24,92,36.9
30081344,3,anxiety,0,83,132,80,12,94,36.7
30081345,3,headache,0,76,115,90,14,94,37.2
30081346,3,abdominal pain,2,104,107,52,16,92,38.0
30081347,1,anxiety,9,67,125,67,17,95,36.0
30081348,2,headache,7,96,126,70,19,100,37.5
30081349,3,shortness of breath,4,102,126,68,25,99,36.0
30081350,3,abdominal pain,5,84,119,63,17,98,35.4
30081351,2,laceration,9,80,137,80,14,94,37.7
30081352,3,knee pain,5,96,116,109,21,100,36.8
30081353,4,abdominal pain,0,69,126,63,22,100,37.5
30081354,2,anxiety,8,74,130,74,13,94,36.4
30081355,3,fever,5,88,150,87,21,96,38.2
30081356,4,fall,3,63,105,54,23,93,37.0
30081357,3,chest pain,1,90,147,96,18,91,37.5
30081358,3,fever,6,74,101,72,19,95,37.3
30081359,1,laceration,7,76,127,106,20,95,36.5
30081360,4,knee pain,0,92,101,61,20,100,38.2
30081361,3,headache,0,85,119,61,14,97,36.7
30081362,2,fever,10,89,129,81,22,98,36.0
30081363,2,knee pain,10,73,125,98,23,99,37.3
30081364,2,knee pain,7,106,112,90,27,95,35.0
30081365,3,abdominal pain,6,94,117,70,17,99,37.3
30081366,4,fall,7,77,90,104,28,98,36.5
30081367,3,headache,6,109,106,98,15,90,36.8
30081368,3,chest pain,7,79,124,86,19,97,37.5
30081369,3,abdominal pain,6,115,144,75,18,97,36.1
30081370,3,shortness of breath,7,80,156,86,27,94,36.9
30081371,2,fall,8,100,120,86,16,100,35.9
30081372,3,anxiety,5,87,148,82,18,98,36.8
30081373,3,shortness of breath,7,66,107,53,13,97,35.6
30081374,4,abdominal pain,5,53,126,53,17,94,39.2
30081375,3,chest pain,6,99,97,82,13,100,36.6
30081376,4,laceration,4,111,138,63,23,100,36.9
30081377,1,knee pain,9,80,152,61,18,95,37.5
30081378,3,chest pain,7,82,71,79,20,98,36.7
30081379,2,back pain,8,67,101,87,9,95,36.0
30081380,3,shortness of breath,0,89,130,67,18,100,38.0
30081381,3,shortness of breath,6,68,118,78,16,100,37.2
30081382,2,chest pain,6,85,115,72,14,94,36.2
30081383,3,chest pain,4,81,135,93,21,95,38.2
30081384,3,shortness of breath,1,91,99,112,21,97,38.1
30081385,3,chest pain,0,73,128,74,19,94,36.4
30081386,3,headache,4,84,127,91,13,98,37.1
30081387,3,chest pain,3,73,84,76,14,100,37.7
30081388,3,headache,3,71,88,111,15,97,38.3
30081389,3,chest pain,6,93,146,50,9,95,36.6
30081390,1,anxiety,8,75,114,77,17,100,37.5
30081391,3,shortness of breath,6,119,71,82,21,94,37.1
30081392,3,shortness of breath,4,83,104,101,21,93,38.0
30081393,4,fall,1,113,124,103,19,95,37.2
30081394,3,abdominal pain,2,97,99,74,20,100,36.7
30081395,2,shortness of breath,10,58,154,101,21,96,38.0
30081396,3,chest pain,5,71,142,55,16,100,36.7
30081397,3,knee pain,2,102,172,107,18,100,37.3
30081398,3,fever,4,81,147,91,17,94,37.0
30081399,3,laceration,1,80,127,58,12,95,36.7
30081400,3,anxiety,0,73,109,63,16,100,35.9
30081401,3,headache,6,81,112,89,21,93,37.3
30081402,2,abdominal pain,9,87,106,69,17,94,37.9
30081403,3,laceration,6,61,112,113,26,94,35.9
30081404,3,chest pain,6,115,125,74,15,100,36.4
30081405,3,chest pain,7,93,145,101,12,99,37.0
30081406,3,headache,4,92,129,76,15,98,36.0
30081407,3,anxiety,0,94,97,65,20,97,36.7
30081408,1,knee pain,7,48,123,71,20,99,35.8
30081409,3,back pain,7,102,133,60,29,97,36.4
30081410,1,laceration,7,76,90,51,13,94,35.1
30081411,3,shortness of breath,5,112,119,117,17,94,36.0
30081412,2,fever,8,89,148,77,18,99,38.1
30081413,4,fall,6,74,135,99,14,96,37.1
30081414,3,fall,7,83,136,95,18,92,38.3
30081415,4,laceration,5,48,107,99,21,98,36.2
30081416,2,fall,8,73,125,51,24,97,36.1
30081417,3,abdominal pain,4,89,149,96,23,98,36.6
30081418,4,fever,2,67,155,86,17,93,37.1
30081419,2,laceration,10,68,111,84,21,98,38.0
30081420,1,back pain,6,64,142,52,22,94,36.6
30081421,4,laceration,0,88,139,69,25,95,36.6
30081422,1,laceration,8,45,161,64,15,91,37.0
30081423,1,anxiety,8,83,83,71,14,97,36.9
30081424,3,laceration,4,99,143,78,19,100,36.1
30081425,2,headache,6,64,120,67,18,98,36.4
30081426,4,back pain,7,61,128,60,21,90,35.9
30081427,1,headache,6,99,110,73,14,99,36.8
30081428,2,shortness of breath,10,62,124,96,19,90,37.0
30081429,3,knee pain,0,78,126,55,20,91,37.1
30081430,3,chest pain,1,102,130,56,18,100,37.4
30081431,4,shortness of breath,3,69,101,94,14,92,37.8
30081432,5,anxiety,3,67,126,84,22,95,36.4
30081433,3,headache,5,76,155,84,16,92,37.6
30081434,3,headache,5,80,142,65,17,95,37.8
30081435,2,abdominal pain,6,86,130,91,18,98,36.8
30081436,4,fall,3,77,140,96,18,92,37.8
30081437,2,shortness of breath,10,65,95,77,6,100,37.4
30081438,3,shortness of breath,2,104,119,41,19,96,34.6
30081439,3,chest pain,7,96,151,93,14,96,38.5
30081440,2,abdominal pain,7,74,128,88,14,100,37.6
30081441,4,laceration,7,101,98,86,18,100,35.5
30081442,3,abdominal pain,3,38,121,67,11,98,37.7
30081443,2,abdominal pain,8,92,137,80,22,97,36.4
30081444,3,fall,1,115,122,76,23,97,36.4
30081445,4,anxiety,6,80,136,87,17,96,36.7
30081446,2,abdominal pain,9,84,157,45,17,99,37.4
30081447,5,chest pain,6,94,148,71,19,96,37.0
30081448,3,headache,6,64,146,43,14,99,34.7
30081449,3,fever,5,111,106,81,18,98,38.6
30081450,2,headache,10,56,145,82,15,97,37.6
30081451,4,headache,3,87,156,93,22,98,36.6
30081452,3,anxiety,6,95,147,65,19,94,37.1
30081453,3,knee pain,6,102,119,86,17,98,36.4
30081454,4,headache,1,64,122,101,17,96,36.2
30081455,4,anxiety,2,102,113,102,15,97,37.5
30081456,3,back pain,6,83,123,84,17,93,36.5
30081457,3,fever,4,87,126,78,18,98,36.7
30081458,3,knee pain,0,73,116,79,17,93,35.8
30081459,3,back pain,7,74,100,94,21,96,38.0
30081460,3,shortness of breath,4,93,120,54,22,98,36.2
30081461,3,laceration,5,72,132,69,16,93,36.7
30081462,1,anxiety,8,77,96,75,16,97,36.9
30081463,3,fever,7,71,98,96,25,96,38.0
30081464,3,anxiety,1,94,115,87,16,98,37.7
30081465,1,headache,6,64,126,84,21,94,36.4
30081466,3,shortness of breath,5,90,110,87,17,93,37.3
30081467,4,back pain,5,77,173,54,20,94,36.9
30081468,3,chest pain,4,83,110,97,18,98,37.7
30081469,3,fall,4,80,140,91,24,97,37.0
30081470,5,fever,3,76,139,70,15,100,37.3
30081471,2,chest pain,6,80,127,76,16,98,37.0
30081472,3,anxiety,2,68,129,105,19,100,36.6
30081473,3,headache,1,91,98,61,22,98,38.3
30081474,3,back pain,5,73,127,86,26,99,37.9
30081475,3,anxiety,5,94,132,77,18,94,37.2
30081476,3,back pain,5,86,139,52,25,97,38.2
30081477,3,abdominal pain,0,32,127,47,20,96,37.0
30081478,3,chest pain,1,75,139,85,19,96,37.2
30081479,4,shortness of breath,5,47,119,80,22,91,38.1
30081480,3,fall,3,92,124,105,19,100,38.0
30081481,3,knee pain,0,64,121,92,21,97,36.8
30081482,4,fall,5,91,103,91,15,96,35.4
30081483,3,knee pain,6,73,141,88,15,91,35.8
30081484,2,headache,7,72,134,100,20,90,37.6
30081485,4,anxiety,6,84,131,66,27,95,37.4
30081486,3,knee pain,3,64,135,109,16,100,35.9
30081487,4,abdominal pain,5,83,154,68,20,92,36.1
30081488,5,anxiety,2,78,121,102,14,91,37.1
30081489,3,knee pain,5,108,146,59,20,93,36.5
30081490,4,fever,6,96,106,71,18,96,37.5
30081491,3,fever,1,70,97,80,16,95,37.6
30081492,3,laceration,4,99,148,95,17,98,37.2
30081493,3,knee pain,7,75,81,52,20,100,37.4
30081494,2,back pain,8,64,106,77,14,99,36.6
30081495,4,headache,4,84,145,82,20,96,35.0
30081496,3,chest pain,4,85,116,54,11,96,38.4
30081497,4,back pain,5,94,117,70,21,97,36.1
30081498,2,fall,10,68,144,89,15,100,37.6
30081499,3,back pain,2,86,165,72,18,93,36.5
30081500,3,abdominal pain,5,109,89,64,24,95,36.4
30081501,3,anxiety,4,79,115,103,21,97,36.3
30081502,3,headache,0,74,126,74,18,98,37.9
30081503,2,shortness of breath,8,92,121,78,20,100,38.1
30081504,3,shortness of breath,0,78,131,83,18,98,37.2
30081505,1,laceration,8,68,125,78,20,97,38.1
30081506,3,knee pain,7,88,127,101,18,100,37.6
30081507,4,knee pain,3,102,134,60,24,93,36.4
30081508,4,back pain,6,60,92,82,27,98,36.9
30081509,3,headache,6,88,135,90,14,100,36.7
30081510,1,chest pain,6,80,86,64,15,91,37.6
30081511,3,knee pain,7,92,133,58,17,100,37.4
30081512,3,shortness of breath,6,87,128,54,24,100,36.7
30081513,3,laceration,7,74,128,96,18,99,37.3
30081514,2,abdominal pain,10,62,140,80,23,98,36.5
30081515,4,chest pain,4,88,107,74,14,94,36.3
30081516,3,chest pain,0,79,165,71,18,94,38.3
30081517,3,fever,2,66,108,81,14,100,36.5
30081518,2,fall,10,84,124,68,17,96,35.1
30081519,3,headache,2,66,135,95,16,95,37.0
30081520,3,shortness of breath,4,59,146,90,20,91,36.0
30081521,3,anxiety,4,57,103,89,17,100,37.0
30081522,3,fever,6,83,123,91,16,100,37.5
30081523,2,abdominal pain,10,78,129,81,20,100,35.7
30081524,2,back pain,9,85,122,94,16,97,36.9
30081525,2,shortness of breath,6,60,138,104,25,95,37.7
30081526,3,fever,6,87,147,81,21,100,36.7
30081527,3,laceration,2,77,100,90,14,99,37.2
30081528,3,fall,3,87,92,105,17,96,37.0
30081529,2,back pain,7,65,105,55,19,94,37.6
30081530,4,shortness of breath,5,78,98,95,14,92,36.7
30081531,5,back pain,6,54,150,73,17,91,37.0
30081532,4,headache,6,58,130,90,17,100,36.9
30081533,1,laceration,8,67,139,72,15,100,36.0
30081534,2,back pain,10,86,138,72,23,98,36.8
30081535,4,headache,6,77,146,81,20,98,34.8
30081536,4,anxiety,4,103,99,58,20,100,36.6
30081537,3,back pain,3,79,136,88,21,94,36.4
30081538,4,back pain,7,107,133,101,23,100,38.0
30081539,2,chest pain,6,74,98,76,15,100,36.8
30081540,2,chest pain,9,88,135,114,19,96,36.5
30081541,2,back pain,10,107,103,70,23,98,37.3
30081542,1,abdominal pain,7,88,91,103,14,90,37.3
30081543,4,abdominal pain,5,81,105,101,13,98,36.8
30081544,3,fever,2,94,166,89,17,96,38.2
30081545,3,headache,3,113,122,87,18,99,38.3
30081546,3,shortness of breath,3,72,125,90,22,98,35.8
30081547,3,back pain,4,70,135,71,15,93,37.2
30081548,3,fever,6,75,115,90,23,96,36.7
30081549,3,back pain,0,64,159,45,8,94,37.2
30081550,4,fall,7,74,136,102,22,95,35.9
30081551,2,back pain,7,89,114,67,10,94,36.1
30081552,2,shortness of breath,7,75,149,53,11,92,37.6
30081553,4,headache,5,58,110,96,20,91,36.3
30081554,2,chest pain,6,77,104,91,13,99,36.9
30081555,3,shortness of breath,4,61,142,93,16,95,35.4
30081556,3,fever,3,81,118,96,14,97,36.9
30081557,4,fever,3,53,132,70,20,96,37.4
30081558,3,anxiety,6,84,97,73,21,93,36.5
30081559,3,fever,4,91,124,86,18,100,37.8
30081560,3,headache,1,88,101,97,12,96,36.4
30081561,3,laceration,7,68,117,74,21,93,36.8
30081562,3,abdominal pain,7,100,111,104,11,95,36.5
30081563,2,knee pain,9,76,85,64,23,97,35.3
30081564,4,fall,0,67,108,104,16,97,36.9
30081565,4,laceration,7,70,131,112,16,96,36.2
30081566,3,fever,7,108,148,80,22,98,37.2
30081567,2,shortness of breath,9,88,132,78,8,95,38.1
30081568,4,anxiety,5,91,160,70,17,99,36.6
30081569,2,shortness of breath,8,91,103,85,18,100,36.8
30081570,3,fall,4,84,85,92,19,95,37.8
30081571,3,shortness of breath,1,70,131,77,19,99,37.1
30081572,3,fall,1,72,128,83,14,98,37.1
30081573,3,headache,2,81,128,91,23,96,35.4
30081574,4,knee pain,1,78,107,52,13,98,37.0
30081575,2,headache,6,85,146,96,17,91,36.3
30081576,3,fall,0,87,112,116,20,96,36.3
30081577,3,laceration,3,62,117,61,19,95,37.2
30081578,2,chest pain,7,90,98,82,19,92,35.5
30081579,3,back pain,6,68,138,83,17,97,36.6
30081580,3,shortness of breath,6,89,123,88,25,100,37.0
30081581,2,headache,6,81,97,84,20,91,38.7
30081582,3,chest pain,4,72,111,110,22,98,37.2
30081583,3,shortness of breath,3,78,152,63,18,100,37.5
30081584,1,chest pain,10,69,137,102,18,92,37.7
30081585,4,abdominal pain,5,85,109,84,18,99,37.3
30081586,2,knee pain,7,88,134,83,22,99,36.6
30081587,2,shortness of breath,8,73,115,76,14,98,36.9
30081588,3,fall,2,83,158,97,14,96,37.8
30081589,2,fall,6,79,117,85,16,100,37.5
30081590,4,shortness of breath,5,81,123,89,17,100,38.2
30081591,4,back pain,5,107,109,74,20,97,36.8
30081592,3,shortness of breath,1,77,143,98,18,94,37.6
30081593,2,fall,8,70,148,71,19,97,36.4
30081594,4,laceration,1,103,149,87,18,96,36.7
30081595,3,shortness of breath,4,74,151,73,18,99,36.7
30081596,3,knee pain,3,105,146,101,23,98,37.8
30081597,2,fever,6,92,128,64,23,96,37.9
30081598,3,shortness of breath,0,77,143,66,15,99,35.5
30081599,2,fall,10,96,76,85,23,99,36.7
30081600,3,chest pain,2,120,115,60,23,97,37.3
30081601,3,laceration,0,66,107,54,12,90,37.8
30081602,3,anxiety,0,94,133,73,16,98,37.1
30081603,3,back pain,6,95,99,82,17,94,36.3
30081604,3,shortness of breath,2,105,111,82,19,97,38.1
30081605,3,fever,1,57,144,107,15,99,35.4
30081606,4,knee pain,7,93,121,58,11,97,36.6
30081607,2,laceration,8,78,112,55,24,96,38.5
30081608,2,back pain,9,99,125,77,15,99,36.9
30081609,4,shortness of breath,0,88,151,79,23,97,37.9
30081610,3,fall,7,72,118,65,26,97,37.2
30081611,2,back pain,7,120,150,90,23,100,38.8
30081612,4,chest pain,2,98,123,72,24,97,37.1
30081613,4,anxiety,7,88,143,91,17,94,38.0
30081614,3,abdominal pain,6,78,129,85,18,98,37.7
30081615,4,knee pain,4,106,113,73,21,94,35.7
30081616,2,chest pain,6,47,118,117,15,99,36.6
30081617,3,headache,4,69,114,91,14,97,36.7
30081618,5,fall,6,67,125,86,16,95,36.2
30081619,4,fever,1,91,134,92,15,99,36.9
30081620,5,shortness of breath,5,82,134,111,13,96,36.0
30081621,5,abdominal pain,6,93,109,98,23,98,36.6
30081622,3,knee pain,7,96,109,77,11,100,36.7
30081623,3,laceration,1,87,111,100,14,100,36.9
30081624,2,headache,6,89,99,71,10,95,36.9
30081625,3,abdominal pain,2,80,115,87,20,96,36.2
30081626,3,fall,7,88,121,73,24,97,36.6
30081627,4,back pain,7,124,137,88,13,98,36.9
30081628,3,laceration,5,93,154,92,24,97,37.5
30081629,3,back pain,3,85,136,92,13,100,35.4
30081630,3,knee pain,4,75,141,84,17,100,37.2
30081631,3,abdominal pain,4,107,87,75,25,94,37.1
30081632,4,headache,1,91,137,83,24,95,35.9
30081633,2,fall,6,91,117,69,21,94,37.4
30081634,2,back pain,10,69,134,104,15,95,37.6
30081635,3,fever,1,62,142,69,16,95,35.4
30081636,4,fever,4,91,165,75,20,96,37.0
30081637,2,abdominal pain,6,75,139,70,22,99,36.1
30081638,5,abdominal pain,4,90,138,81,16,94,36.7
30081639,3,anxiety,2,93,136,75,16,99,38.2
30081640,3,fever,5,82,115,94,19,100,37.9
30081641,3,abdominal pain,6,88,119,50,18,95,37.3
30081642,3,knee pain,2,90,114,92,22,96,37.3
30081643,3,laceration,0,90,124,63,13,94,37.1
30081644,3,knee pain,6,82,116,82,17,94,37.4
30081645,5,chest pain,4,104,139,88,23,98,36.6
30081646,3,abdominal pain,0,83,131,91,16,98,36.5
30081647,2,fever,8,97,134,81,18,100,36.5
30081648,3,back pain,5,98,122,60,21,96,37.0
30081649,3,laceration,7,95,144,51,23,97,39.0
30081650,2,knee pain,10,79,139,82,17,95,37.3
30081651,3,fall,4,74,120,78,19,98,36.5
30081652,3,fever,4,88,126,95,25,97,36.2
30081653,3,knee pain,2,113,123,81,11,100,37.5
30081654,3,anxiety,0,69,112,57,20,95,36.6
30081655,4,fall,7,60,131,52,16,98,37.1
30081656,3,headache,5,90,113,94,19,95,37.9
30081657,2,headache,8,107,76,97,21,99,36.8
30081658,2,headache,6,104,184,98,20,100,36.0
30081659,2,fever,10,53,98,94,17,98,37.4
30081660,4,abdominal pain,0,96,145,77,19,95,37.2
30081661,2,anxiety,6,54,120,58,22,99,36.8
30081662,3,anxiety,6,76,108,102,24,99,36.9
30081663,4,abdominal pain,7,65,134,90,24,92,35.9
30081664,2,headache,6,62,142,83,22,97,37.7
30081665,4,fever,4,84,125,109,16,96,37.3
30081666,3,laceration,5,60,104,79,23,94,35.1
30081667,4,laceration,3,91,160,81,19,94,38.8
30081668,3,headache,0,96,97,68,15,98,37.7
30081669,3,anxiety,3,92,103,93,26,92,37.9
30081670,4,shortness of breath,2,90,123,95,23,99,34.9
30081671,5,knee pain,0,79,113,80,25,100,35.3
30081672,3,fall,6,72,127,68,11,99,37.5
30081673,3,abdominal pain,3,85,102,79,13,93,36.6
30081674,4,shortness of breath,7,84,140,86,24,95,36.3
30081675,4,laceration,0,89,133,65,17,98,38.0
30081676,4,laceration,6,87,105,60,17,98,36.9
30081677,3,fall,0,63,138,82,11,100,36.9
30081678,3,back pain,1,82,104,93,16,98,38.0
30081679,3,anxiety,3,108,115,74,20,93,36.2
30081680,3,fall,1,91,122,90,13,94,38.2
30081681,3,fever,1,92,118,75,18,94,37.0
30081682,4,back pain,2,54,118,95,18,91,35.5
30081683,2,back pain,10,67,155,76,20,98,38.0
30081684,2,fall,9,92,121,61,15,100,37.5
30081685,3,anxiety,7,85,142,96,22,100,36.6
30081686,4,back pain,3,76,135,78,15,96,38.5
30081687,3,back pain,5,78,138,92,20,96,36.6
30081688,2,shortness of breath,9,76,138,74,25,94,37.5
30081689,3,fall,4,102,147,84,17,98,37.4
30081690,4,knee pain,4,86,142,106,13,98,36.5
30081691,2,knee pain,8,84,137,78,17,100,36.9
30081692,3,knee pain,1,65,166,79,21,99,36.7
30081693,3,laceration,2,71,143,88,16,99,37.5
30081694,3,headache,0,83,131,82,20,100,36.2
30081695,5,fall,6,82,114,93,19,100,36.2
30081696,3,knee pain,3,88,134,89,16,99,38.8
30081697,3,headache,2,91,157,65,20,95,36.4
30081698,4,abdominal pain,2,99,115,76,17,95,36.0
30081699,4,back pain,6,79,127,77,21,93,36.1
30081700,3,abdominal pain,4,107,151,70,19,95,37.8
30081701,4,fall,7,76,125,83,23,95,35.7
30081702,3,anxiety,3,54,147,83,10,97,37.2
30081703,4,back pain,7,65,85,100,22,97,36.7
30081704,4,fall,3,88,124,74,19,98,36.4
30081705,4,headache,6,96,166,56,17,100,36.9
30081706,3,laceration,0,90,133,44,10,96,36.2
30081707,4,anxiety,4,95,134,85,16,99,36.2
30081708,5,fall,5,79,84,93,17,100,37.1
30081709,3,shortness of breath,0,92,122,57,20,94,36.0
30081710,3,laceration,2,91,126,82,18,94,37.6
30081711,2,shortness of breath,6,88,128,49,23,94,36.4
30081712,3,shortness of breath,6,66,120,80,19,100,37.0
30081713,3,abdominal pain,6,88,124,64,22,97,37.0
30081714,3,knee pain,3,90,127,72,13,100,36.1
30081715,3,abdominal pain,7,91,140,56,14,100,36.8
30081716,4,fall,2,100,123,79,17,95,36.9
30081717,4,headache,7,95,145,98,12,97,37.2
30081718,3,abdominal pain,2,89,118,97,24,95,36.9
30081719,1,headache,7,109,140,114,17,100,36.4
30081720,3,knee pain,5,82,118,80,16,100,36.1
30081721,4,fever,3,101,115,63,20,94,36.5
30081722,3,abdominal pain,6,78,122,87,19,98,37.1
30081723,3,fever,1,91,142,87,15,100,37.0
30081724,3,headache,6,85,115,79,17,96,37.0
30081725,3,laceration,5,84,160,71,20,98,35.3
30081726,2,fever,7,110,117,90,18,93,36.8
30081727,3,knee pain,0,109,122,107,19,95,37.7
30081728,3,shortness of breath,1,54,132,87,16,100,36.8
30081729,3,abdominal pain,7,45,96,71,25,94,36.1
30081730,4,back pain,2,82,133,70,23,95,36.4
30081731,4,headache,4,57,127,79,18,100,37.7
30081732,5,shortness of breath,6,89,132,83,17,93,37.0
30081733,3,headache,2,113,83,97,15,99,35.7
30081734,5,anxiety,1,88,122,96,19,93,36.6
30081735,3,anxiety,4,68,88,89,15,93,38.1
30081736,4,abdominal pain,4,57,140,97,11,98,37.5
30081737,3,laceration,5,47,105,76,19,96,37.8
30081738,3,anxiety,2,81,115,52,18,96,38.5
30081739,3,anxiety,4,58,134,92,11,100,35.6
30081740,4,back pain,4,78,128,75,22,94,35.9
30081741,3,shortness of breath,4,83,147,65,17,96,36.9
30081742,4,knee pain,3,72,110,64,17,96,37.7
30081743,3,chest pain,5,96,149,67,17,91,37.2
30081744,5,laceration,2,95,111,93,16,97,36.4
30081745,3,back pain,6,73,128,64,22,99,36.9
30081746,3,chest pain,3,119,97,80,11,98,36.2
30081747,3,fever,2,70,104,70,21,95,37.8
30081748,3,fever,6,103,137,75,18,95,36.0
30081749,3,laceration,3,89,126,98,19,99,36.2
30081750,3,headache,7,53,145,95,20,97,36.5
30081751,3,knee pain,1,98,118,74,22,97,38.3
30081752,2,anxiety,9,74,112,64,22,100,37.4
30081753,4,shortness of breath,3,90,99,67,17,100,38.1
30081754,3,anxiety,5,71,102,55,19,94,36.0
30081755,5,abdominal pain,1,109,132,80,16,97,36.8
30081756,2,fall,8,60,71,93,20,100,35.5
30081757,1,chest pain,6,74,133,91,18,96,37.0
30081758,3,laceration,0,83,99,94,17,97,35.7
30081759,2,fever,8,72,129,74,13,98,38.3
30081760,4,knee pain,0,70,109,66,14,93,37.8
30081761,3,fall,5,102,120,78,21,94,36.8
30081762,4,fall,6,80,98,53,18,100,36.6
30081763,4,fever,3,92,108,72,19,98,35.4
30081764,4,abdominal pain,4,75,128,81,17,96,36.7
30081765,3,fall,3,92,128,80,17,97,36.2
30081766,3,chest pain,2,101,99,75,23,99,37.5
30081767,2,abdominal pain,9,87,121,77,27,97,37.1
30081768,3,anxiety,1,87,141,100,15,96,37.5
30081769,3,fever,2,84,127,59,15,96,39.0
30081770,2,fall,8,94,119,81,9,98,36.5
30081771,4,anxiety,4,104,128,95,18,98,37.6
30081772,5,fall,2,101,130,106,20,96,37.8
30081773,5,laceration,0,76,124,87,17,99,36.0
30081774,3,anxiety,0,109,123,70,19,94,36.4
30081775,3,laceration,3,100,111,64,16,94,36.1
30081776,4,anxiety,7,73,109,80,9,100,38.7
30081777,1,headache,10,108,113,95,18,93,37.0
30081778,1,headache,6,88,135,70,24,96,38.3
30081779,3,back pain,3,78,152,85,15,97,36.6
30081780,5,back pain,2,105,116,89,20,94,36.0
30081781,3,fever,7,78,138,97,24,100,36.7
30081782,3,fall,0,57,125,91,18,100,36.2
30081783,4,fever,6,96,132,82,20,100,36.4
30081784,1,fall,6,83,130,68,21,92,37.3
30081785,4,chest pain,4,101,131,95,24,94,37.6
30081786,3,fever,1,90,130,85,16,95,36.3
30081787,2,knee pain,6,84,140,101,21,100,36.7
30081788,2,back pain,7,88,94,64,19,99,36.4
30081789,3,headache,4,100,154,79,22,99,36.8
30081790,3,anxiety,6,98,144,86,15,94,37.9
30081791,2,headache,7,78,117,71,22,98,37.7
30081792,3,laceration,4,91,124,80,20,100,36.5
30081793,3,shortness of breath,1,82,96,94,11,98,35.9
30081794,3,headache,0,52,99,86,22,100,37.3
30081795,3,chest pain,5,66,105,91,21,93,37.5
30081796,3,headache,2,65,131,101,12,99,37.6
30081797,3,knee pain,1,101,159,95,23,98,38.1
30081798,3,laceration,0,79,165,99,26,96,37.4
30081799,3,shortness of breath,2,70,101,64,19,95,38.1
30081800,4,abdominal pain,2,91,94,83,15,97,37.8
30081801,3,back pain,1,114,93,63,16,99,36.7
30081802,4,laceration,1,61,166,91,17,97,35.8
30081803,3,headache,3,102,115,98,23,99,35.5
30081804,2,back pain,8,76,106,107,23,94,37.4
30081805,1,headache,9,107,127,71,10,91,38.1
30081806,3,shortness of breath,6,68,128,99,17,99,36.1
30081807,3,back pain,5,86,99,65,12,96,35.9
30081808,4,laceration,4,95,158,86,23,94,37.8
30081809,3,back pain,3,79,136,94,20,96,36.4
30081810,5,chest pain,6,81,153,77,18,100,35.7
30081811,3,headache,4,76,152,80,24,99,36.5
30081812,3,headache,4,90,100,50,11,97,37.1
30081813,4,back pain,5,109,108,91,17,100,37.4
30081814,5,fall,7,74,138,85,11,94,37.0
30081815,3,fall,5,72,109,75,18,97,36.0
30081816,3,knee pain,4,98,79,77,22,95,36.8
30081817,3,abdominal pain,4,78,133,85,14,96,36.5
30081818,2,laceration,7,93,100,92,18,97,36.3
30081819,3,laceration,7,88,104,72,21,100,36.8
30081820,3,knee pain,6,66,133,49,13,97,37.4
30081821,4,fall,3,93,153,91,13,96,36.6
30081822,3,back pain,3,87,134,81,10,97,37.7
30081823,3,anxiety,5,51,123,45,16,95,38.1
30081824,2,shortness of breath,8,103,95,72,19,100,36.0
30081825,3,fever,2,62,141,90,19,94,38.3
30081826,3,fall,5,79,110,59,7,97,37.4
30081827,1,abdominal pain,6,81,136,63,17,99,36.4
30081828,2,shortness of breath,10,102,114,86,20,92,35.0
30081829,2,shortness of breath,7,96,93,74,12,100,37.3
30081830,3,fall,2,102,111,54,27,95,36.7
30081831,1,headache,10,94,145,90,13,95,36.8
30081832,3,shortness of breath,5,104,90,59,14,97,37.4
30081833,3,shortness of breath,3,90,112,101,16,98,37.8
30081834,3,anxiety,3,87,151,64,19,99,36.4
30081835,3,abdominal pain,5,59,135,65,16,91,36.0
30081836,4,knee pain,5,120,133,94,20,100,36.9
30081837,4,fever,1,80,107,60,19,93,37.2
30081838,4,laceration,5,74,138,82,16,97,37.9
30081839,4,knee pain,5,72,129,90,26,96,37.0
30081840,2,headache,10,83,134,79,17,91,37.8
30081841,4,chest pain,7,114,113,77,19,100,38.5
30081842,3,headache,2,65,131,65,23,97,38.5
30081843,3,shortness of breath,6,98,123,68,19,98,36.9
30081844,4,knee pain,1,66,174,100,15,97,36.3
30081845,4,laceration,5,67,139,79,18,91,35.2
30081846,3,anxiety,0,87,117,84,16,94,35.6
30081847,4,fall,1,67,129,79,14,92,37.9
30081848,2,chest pain,7,103,143,89,13,97,37.7
30081849,2,fever,6,97,133,101,16,100,36.6
30081850,3,headache,3,67,141,65,21,94,37.6
30081851,2,headache,9,93,124,67,15,97,36.6
30081852,4,anxiety,6,104,152,61,22,99,36.7
30081853,3,back pain,1,84,150,74,14,96,37.2
30081854,2,fall,10,81,134,81,21,99,38.0
30081855,4,knee pain,7,111,108,82,19,98,36.7
30081856,4,anxiety,2,74,118,97,23,93,38.8
30081857,1,abdominal pain,6,95,136,62,13,95,36.1
30081858,3,back pain,7,122,117,100,19,95,37.2
30081859,3,headache,5,74,83,63,23,100,37.8
30081860,3,abdominal pain,7,85,178,82,19,90,37.3
30081861,4,laceration,7,102,103,88,15,100,36.6
30081862,1,anxiety,10,87,146,52,9,100,37.7
30081863,3,fall,7,70,136,86,17,99,36.7
30081864,2,abdominal pain,8,69,126,61,25,100,37.9
30081865,2,knee pain,7,94,118,85,16,96,37.5
30081866,4,laceration,7,104,132,83,25,95,37.4
30081867,3,laceration,7,48,134,92,17,99,37.0
30081868,3,chest pain,2,83,118,70,21,99,36.9
30081869,3,back pain,3,104,91,76,20,100,36.8
30081870,2,fall,10,106,93,85,18,97,35.6
30081871,3,chest pain,0,74,127,79,21,94,36.5
30081872,5,knee pain,0,73,145,66,18,94,37.4
30081873,5,knee pain,7,65,123,78,18,93,37.9
30081874,3,laceration,7,100,126,63,20,98,38.3
30081875,3,abdominal pain,6,73,138,67,11,100,37.6
30081876,3,fever,0,83,126,59,20,96,36.7
30081877,2,chest pain,10,86,129,96,20,95,36.7
30081878,4,laceration,1,76,127,47,14,92,37.9
30081879,3,shortness of breath,1,93,115,91,18,90,37.1
30081880,5,back pain,6,83,99,71,13,94,36.1
30081881,2,back pain,6,87,137,98,15,94,35.4
30081882,4,abdominal pain,4,86,110,85,21,100,36.2
30081883,2,fall,7,91,146,89,19,92,36.3
30081884,3,abdominal pain,1,101,116,91,18,100,37.1
30081885,3,back pain,6,65,141,88,24,95,37.4
30081886,2,chest pain,6,88,189,67,17,97,36.7
30081887,3,abdominal pain,2,104,119,79,17,97,36.6
30081888,1,fall,8,88,95,100,9,95,36.1
30081889,3,fall,6,79,131,60,21,98,37.7
30081890,3,laceration,0,96,113,75,18,96,36.6
30081891,4,knee pain,7,84,104,77,23,95,36.0
30081892,3,headache,4,75,153,80,22,93,37.3
30081893,2,chest pain,10,114,134,67,25,96,37.5
30081894,4,fall,1,89,129,63,18,98,37.1
30081895,3,chest pain,7,90,106,90,13,95,36.1
30081896,3,fall,3,67,106,106,13,98,36.0
30081897,3,knee pain,7,101,131,100,22,97,36.4
30081898,2,fever,10,88,116,85,21,96,39.1
30081899,3,knee pain,0,93,150,65,21,97,37.4
30081900,3,headache,6,108,139,89,19,99,35.6
30081901,3,headache,3,102,112,77,19,100,37.0
30081902,2,anxiety,7,110,115,78,20,100,36.6
30081903,3,fever,4,95,161,74,19,96,37.8
30081904,4,headache,3,99,147,93,15,97,36.4
30081905,3,knee pain,1,107,129,102,18,92,36.1
30081906,3,abdominal pain,7,103,119,82,14,99,36.6
30081907,2,anxiety,9,86,171,104,15,97,38.4
30081908,4,fever,7,83,160,74,18,95,38.0
30081909,3,fever,0,89,106,98,20,100,35.9
30081910,3,laceration,5,85,122,94,17,99,36.9
30081911,3,laceration,1,96,125,85,15,95,37.7
30081912,4,knee pain,0,96,118,94,22,94,36.4
30081913,4,headache,1,68,134,73,22,98,36.3
30081914,3,headache,7,48,115,69,16,94,35.6
30081915,3,headache,2,80,108,76,20,96,37.5
30081916,3,abdominal pain,0,116,136,73,11,97,37.6
30081917,3,chest pain,2,106,105,80,16,100,35.8
30081918,3,chest pain,6,83,153,76,16,100,38.1
30081919,3,fever,2,89,134,92,22,92,37.7
30081920,3,headache,4,95,143,95,15,94,36.4
30081921,3,back pain,2,81,145,75,22,100,35.7
30081922,3,shortness of breath,7,91,126,80,20,100,38.2
30081923,3,fever,4,54,78,103,18,99,38.3
30081924,3,fever,4,92,137,81,23,100,36.1
30081925,1,fall,10,91,122,86,19,100,37.4
30081926,4,shortness of breath,6,82,142,101,19,98,37.7
30081927,3,chest pain,1,73,132,45,7,100,36.3
30081928,3,chest pain,4,116,148,82,20,98,37.5
30081929,3,anxiety,1,103,136,74,13,92,38.1
30081930,3,back pain,7,82,100,102,25,94,37.0
30081931,3,shortness of breath,2,110,114,98,18,96,38.1
30081932,2,back pain,7,70,107,60,13,95,36.5
30081933,4,chest pain,7,89,168,48,17,100,37.1
30081934,4,knee pain,6,85,113,104,14,99,36.4
30081935,3,anxiety,7,81,122,82,8,99,35.6
30081936,4,fever,3,84,126,93,12,100,37.1
30081937,3,shortness of breath,6,99,152,77,14,95,36.6
30081938,1,headache,8,80,122,104,16,100,38.2
30081939,3,anxiety,6,67,159,76,23,98,37.1
30081940,3,back pain,1,77,109,57,19,94,37.3
30081941,1,abdominal pain,10,66,155,107,19,98,36.8
30081942,3,headache,7,96,140,73,21,94,37.0
30081943,3,laceration,6,72,160,78,13,99,36.7
30081944,3,chest pain,6,86,149,91,19,100,36.8
30081945,1,headache,9,78,136,103,16,94,36.8
30081946,4,back pain,1,90,175,67,18,99,36.7
30081947,5,shortness of breath,1,85,121,68,23,95,37.8
30081948,3,abdominal pain,0,98,111,60,17,95,37.0
30081949,2,knee pain,9,79,130,68,18,100,38.1
30081950,4,headache,5,85,87,89,19,100,36.4
30081951,2,knee pain,7,73,113,90,21,94,35.5
30081952,3,shortness of breath,5,79,143,91,11,100,37.0
30081953,3,shortness of breath,2,82,181,83,15,97,37.8
30081954,3,fever,1,83,131,60,13,100,38.7
30081955,3,knee pain,4,110,141,101,18,92,37.0
30081956,5,abdominal pain,4,92,113,79,23,95,37.9
30081957,3,back pain,1,85,139,72,20,98,37.4
30081958,3,chest pain,5,70,150,80,19,92,38.1
30081959,3,shortness of breath,0,50,131,66,22,96,36.9
30081960,3,knee pain,5,66,130,86,13,90,36.3
30081961,4,shortness of breath,2,79,163,75,16,97,37.4
30081962,4,headache,3,93,128,73,16,91,36.1
30081963,2,laceration,7,65,115,67,12,97,38.3
30081964,1,headache,6,52,86,65,23,96,38.9
30081965,3,back pain,3,81,137,105,12,99,36.7
30081966,3,back pain,2,97,135,68,21,96,37.1
30081967,3,abdominal pain,1,97,111,96,16,94,38.0
30081968,4,headache,0,68,98,94,18,95,36.7
30081969,3,shortness of breath,2,96,132,71,17,96,37.1
30081970,3,headache,5,68,135,69,17,95,36.5
30081971,3,fever,1,83,126,52,24,100,37.6
30081972,3,fall,1,88,110,82,24,100,36.3
30081973,2,back pain,6,128,115,78,18,95,38.0
30081974,4,anxiety,4,79,96,88,19,100,37.2
30081975,3,fall,3,91,112,64,17,98,36.5
30081976,4,shortness of breath,5,91,149,96,20,100,37.1
30081977,5,headache,6,84,112,93,16,96,36.0
30081978,3,chest pain,0,88,110,94,17,94,36.7
30081979,3,knee pain,3,101,139,86,21,99,37.6
30081980,4,laceration,4,95,147,85,18,92,37.6
30081981,4,fall,1,91,173,87,21,98,35.3
30081982,3,headache,5,82,107,79,25,92,36.1
30081983,4,shortness of breath,6,102,131,77,24,99,35.9
30081984,3,shortness of breath,0,82,136,79,22,100,37.0
30081985,5,chest pain,0,105,150,78,26,96,37.0
30081986,3,knee pain,3,72,131,84,16,96,36.5
30081987,2,knee pain,8,80,101,83,16,97,37.0
30081988,2,abdominal pain,7,71,133,65,18,94,36.9
30081989,4,anxiety,1,67,107,72,13,95,36.3
30081990,3,headache,2,73,110,77,17,97,37.0
30081991,1,abdominal pain,8,70,114,86,19,100,38.3
30081992,3,abdominal pain,7,90,123,91,25,95,36.7
30081993,4,laceration,5,83,142,60,23,95,35.9
30081994,5,fall,4,114,125,82,24,98,38.2
30081995,4,fall,7,71,102,104,16,99,37.2
30081996,4,chest pain,6,66,123,66,24,98,37.5
30081997,3,shortness of breath,3,82,123,51,17,96,37.2
30081998,4,back pain,1,82,110,59,9,93,37.6
30081999,2,fall,10,67,121,63,15,98,37.2
30082000,3,laceration,6,90,119,88,16,96,38.2
30082001,2,fever,7,80,92,103,19,95,37.4
30082002,4,shortness of breath,7,91,119,87,16,99,38.0
30082003,4,headache,1,98,147,56,12,98,36.6
30082004,3,fever,1,123,169,89,11,95,37.3
30082005,4,fall,1,82,116,78,11,97,37.8
30082006,4,shortness of breath,0,71,90,75,15,100,37.0
30082007,3,headache,2,64,102,66,18,95,36.3
30082008,3,headache,1,99,121,90,19,93,37.4
30082009,4,back pain,0,81,105,62,16,100,37.2
30082010,3,chest pain,5,101,147,85,9,93,37.8
30082011,3,laceration,5,50,120,56,14,96,37.7
30082012,4,shortness of breath,5,101,149,72,18,94,36.3
30082013,3,abdominal pain,7,90,119,96,17,94,37.1
30082014,3,fever,0,90,142,72,21,93,35.6
30082015,2,fall,6,98,140,91,9,98,37.5
30082016,4,abdominal pain,1,80,123,78,15,95,37.3
30082017,3,abdominal pain,2,63,125,72,19,96,36.5
30082018,5,anxiety,0,80,106,79,14,98,38.6
30082019,4,fall,2,93,133,80,22,99,38.2
30082020,2,shortness of breath,8,82,140,54,18,97,37.4
30082021,1,abdominal pain,6,84,130,61,15,97,38.3
30082022,2,headache,6,85,78,61,13,93,37.5
30082023,5,shortness of breath,1,84,81,101,20,97,37.7
30082024,1,headache,7,110,129,83,15,98,36.8
30082025,5,back pain,0,98,153,53,19,94,37.6
30082026,3,back pain,7,109,139,80,18,98,36.0
30082027,3,fever,6,74,166,76,21,95,37.3
30082028,3,chest pain,2,84,97,78,20,94,38.7
30082029,3,back pain,4,106,111,71,15,92,38.2
30082030,2,back pain,7,73,149,108,16,98,37.0
30082031,3,headache,0,82,102,73,22,100,36.6
30082032,3,shortness of breath,5,107,119,71,22,92,36.2
30082033,3,fever,2,82,132,58,14,96,36.6
30082034,2,abdominal pain,7,104,101,85,16,98,38.5
30082035,3,chest pain,0,70,150,114,18,96,35.6
30082036,4,knee pain,7,73,137,114,14,98,36.8
30082037,3,abdominal pain,5,84,124,64,28,95,38.1
30082038,1,laceration,10,83,153,57,22,94,37.8
30082039,3,fever,7,79,129,94,19,100,35.9
30082040,3,anxiety,3,79,128,103,20,98,35.9
30082041,2,anxiety,9,81,125,91,24,98,38.2
30082042,3,laceration,7,99,145,89,17,98,35.5
30082043,4,knee pain,2,108,81,87,14,100,35.9
30082044,3,fall,5,112,143,49,19,96,36.0
30082045,3,laceration,0,67,145,86,26,99,37.7
30082046,3,abdominal pain,0,68,161,55,22,100,38.8
30082047,3,chest pain,3,107,139,97,21,98,37.5
30082048,3,back pain,0,91,132,65,19,96,38.2
30082049,3,chest pain,3,104,149,86,19,96,35.7
30082050,2,anxiety,7,106,138,80,18,96,37.1
30082051,3,anxiety,5,57,130,65,23,96,36.6
30082052,3,laceration,7,90,143,97,10,96,36.2
30082053,3,laceration,5,71,107,79,22,94,37.2
30082054,4,fever,5,100,90,92,19,100,37.4
30082055,3,laceration,2,69,147,91,18,98,37.7
30082056,4,anxiety,1,85,123,79,19,100,37.4
30082057,2,back pain,7,90,143,78,13,96,37.8
30082058,3,knee pain,5,96,122,89,16,94,36.3
30082059,4,fever,3,88,96,75,12,96,36.7
30082060,3,fall,1,95,170,77,15,96,37.5
30082061,3,laceration,5,91,128,83,17,98,37.6
30082062,2,fever,9,82,101,67,28,96,37.2
30082063,3,back pain,1,88,122,76,23,95,36.5
30082064,3,knee pain,5,91,105,99,15,99,37.6
30082065,3,chest pain,5,111,106,86,22,98,37.3
30082066,2,fall,7,89,127,86,23,100,36.5
30082067,3,anxiety,7,64,151,87,12,96,35.4
30082068,4,chest pain,5,103,143,93,15,95,38.4
30082069,3,shortness of breath,4,76,104,93,18,98,35.2
30082070,4,abdominal pain,2,94,141,80,21,97,36.7
30082071,3,back pain,0,75,135,80,18,91,38.2
30082072,3,knee pain,4,85,135,90,17,99,35.9
30082073,5,fall,2,85,138,96,21,98,37.1
30082074,3,abdominal pain,7,97,114,87,19,95,37.8
30082075,3,fever,6,107,89,69,21,96,37.1
30082076,2,shortness of breath,8,85,142,101,17,96,36.3
30082077,3,fever,5,91,126,92,19,95,36.7
30082078,2,abdominal pain,6,98,165,76,20,91,35.7
30082079,3,laceration,3,110,112,82,28,100,36.7
30082080,3,headache,6,81,134,84,18,95,37.1
30082081,1,back pain,9,98,114,65,15,94,38.5
30082082,4,chest pain,7,94,85,101,24,95,35.9
30082083,3,back pain,3,76,137,71,24,100,37.8
30082084,3,chest pain,5,109,88,100,19,98,38.6
30082085,3,chest pain,3,56,146,77,18,97,35.4
30082086,4,fever,4,67,120,91,16,96,37.1
30082087,3,knee pain,6,102,107,74,14,93,37.4
30082088,1,fall,7,94,135,101,16,100,36.6
30082089,4,knee pain,7,79,117,83,18,95,36.4
30082090,3,chest pain,5,91,122,70,19,95,36.1
30082091,5,fever,1,90,91,109,19,93,37.6
30082092,3,knee pain,6,88,160,112,13,92,38.0
30082093,3,back pain,2,125,136,94,21,96,37.8
30082094,4,anxiety,0,85,109,71,15,99,37.7
30082095,1,fall,6,98,104,83,13,100,36.9
30082096,3,fall,1,83,121,70,19,97,37.4
30082097,3,laceration,2,65,127,51,23,98,35.7
30082098,4,chest pain,3,76,107,101,21,100,36.3
30082099,3,knee pain,1,102,124,76,14,98,37.1
30082100,4,knee pain,1,77,109,78,17,99,36.9
30082101,2,chest pain,10,90,143,73,17,99,37.6
30082102,3,shortness of breath,6,90,128,68,18,97,36.2
30082103,3,fall,4,96,158,88,22,96,35.8
30082104,3,chest pain,4,77,160,98,19,96,38.3
30082105,3,fever,7,104,91,70,24,96,36.2
30082106,3,anxiety,3,69,126,75,14,95,37.1
30082107,5,fall,5,71,103,77,16,94,35.2
30082108,3,headache,4,91,140,76,17,94,38.1
30082109,2,chest pain,8,78,111,65,15,99,37.7
30082110,3,laceration,1,100,133,95,23,100,38.2
30082111,2,fall,6,55,102,79,19,99,37.4
30082112,5,back pain,2,89,128,90,23,97,37.3
30082113,1,shortness of breath,7,97,79,74,19,96,36.5
30082114,4,fall,3,97,69,83,23,93,36.6
30082115,3,anxiety,3,98,139,89,15,90,36.5
30082116,2,headache,7,95,100,85,19,95,36.2
30082117,4,laceration,4,106,122,92,16,100,36.4
30082118,3,abdominal pain,4,64,116,44,8,100,36.7
30082119,3,abdominal pain,7,39,135,93,21,94,37.4
30082120,3,anxiety,6,76,138,65,26,94,36.4
30082121,3,knee pain,4,68,102,99,15,99,36.1
30082122,4,chest pain,6,78,105,90,22,98,36.5
30082123,4,fever,1,85,108,108,20,100,37.8
30082124,2,fever,10,108,86,109,14,100,38.9
30082125,2,fever,7,67,148,83,17,93,35.6
30082126,3,back pain,4,72,133,84,17,96,37.6
30082127,3,anxiety,3,106,79,66,21,92,36.7
30082128,4,anxiety,3,92,126,86,20,98,37.1
30082129,2,back pain,6,81,113,86,21,100,35.6
30082130,4,fever,3,83,132,86,18,100,36.8
30082131,2,chest pain,9,77,113,71,21,95,36.4
30082132,3,shortness of breath,5,110,128,78,15,99,37.6
30082133,4,fever,4,64,121,102,12,100,36.9
30082134,4,knee pain,2,66,142,79,21,93,37.1
30082135,3,abdominal pain,5,66,136,76,20,98,35.6
30082136,4,fall,1,76,153,80,17,98,36.9
30082137,3,anxiety,2,89,123,62,15,93,35.0
30082138,3,shortness of breath,6,111,128,72,24,98,36.9
30082139,4,back pain,7,86,112,72,21,95,36.8
30082140,2,knee pain,9,105,97,92,15,99,36.7
30082141,3,abdominal pain,6,93,139,79,18,99,38.2
30082142,3,knee pain,2,84,116,95,29,99,38.3
30082143,4,knee pain,2,72,88,57,15,98,36.5
30082144,4,shortness of breath,1,60,126,40,19,95,38.5
30082145,1,chest pain,7,91,121,98,21,92,36.2
30082146,4,knee pain,6,81,109,109,7,100,36.3
30082147,1,knee pain,7,107,116,90,17,93,36.7
30082148,3,fever,0,100,120,88,20,96,36.7
30082149,3,chest pain,7,89,126,63,23,95,37.7
30082150,3,anxiety,5,91,152,59,21,93,37.2
30082151,2,headache,8,77,152,75,19,93,36.0
30082152,2,chest pain,9,75,160,86,14,99,36.4
30082153,3,fever,0,92,114,86,18,92,35.4
30082154,2,laceration,7,81,149,109,16,97,36.4
30082155,3,knee pain,1,110,140,92,19,94,36.9
30082156,3,anxiety,6,92,136,91,20,96,37.6
30082157,4,anxiety,2,74,121,53,19,95,37.4
30082158,3,knee pain,0,102,133,105,16,98,36.7
30082159,2,headache,6,64,118,96,15,98,37.9
30082160,3,chest pain,4,95,109,81,19,95,36.9
30082161,2,fall,6,83,141,83,14,95,37.0
30082162,2,fall,6,69,141,85,17,98,36.7
30082163,3,anxiety,3,73,135,65,21,99,38.6
30082164,3,abdominal pain,5,62,117,94,17,100,37.7
30082165,2,abdominal pain,9,85,130,57,19,99,37.1
30082166,2,headache,8,97,126,67,19,99,36.1
30082167,1,fall,7,87,104,91,7,98,36.6
30082168,3,laceration,3,78,128,75,19,100,37.1
30082169,4,fever,2,101,126,69,20,100,37.3
30082170,3,headache,1,109,144,77,19,96,37.8
30082171,2,back pain,6,87,113,104,26,99,37.4
30082172,1,knee pain,6,79,129,76,22,91,36.5
30082173,3,abdominal pain,6,91,162,85,10,95,36.4
30082174,3,knee pain,7,104,132,77,17,94,37.4
30082175,1,fever,7,61,106,120,13,96,37.9
30082176,2,laceration,7,102,105,108,17,97,37.0
30082177,3,chest pain,5,111,103,94,12,99,38.2
30082178,5,shortness of breath,5,113,143,73,16,100,36.7
30082179,2,abdominal pain,8,93,143,83,13,96,37.3
30082180,2,anxiety,7,86,131,77,20,100,36.2
30082181,2,knee pain,10,88,136,70,20,100,38.5
30082182,3,chest pain,7,80,136,84,16,97,36.7
30082183,4,anxiety,5,83,147,77,19,97,36.2
30082184,3,fall,0,106,114,66,20,98,37.5
30082185,3,back pain,2,66,131,97,23,96,37.6
30082186,1,fever,6,79,126,82,23,98,36.1
30082187,2,chest pain,9,88,146,53,20,97,37.7
30082188,2,laceration,8,110,131,88,29,98,38.0
30082189,3,shortness of breath,7,63,152,68,14,95,36.7
30082190,2,fever,8,116,145,86,19,94,36.3
30082191,3,anxiety,3,89,136,82,27,100,36.5
30082192,3,anxiety,0,76,124,92,19,100,39.1
30082193,3,back pain,0,95,157,106,15,94,37.2
30082194,3,fever,7,90,129,83,14,94,37.0
30082195,5,headache,2,58,130,74,22,98,36.7
30082196,3,chest pain,5,102,116,77,19,97,36.2
30082197,1,fever,7,95,114,57,17,100,36.4
30082198,1,knee pain,10,103,136,102,11,96,37.8
30082199,4,shortness of breath,2,93,151,62,14,96,37.2
30082200,2,headache,6,69,150,79,11,100,38.0
30082201,4,fall,2,100,136,107,16,100,37.2
30082202,2,laceration,10,69,120,66,7,92,37.2
30082203,4,fever,6,99,108,70,16,97,36.5
30082204,2,fever,9,81,144,70,23,94,37.3
30082205,2,shortness of breath,8,71,150,99,25,92,37.0
30082206,2,knee pain,8,97,107,69,19,100,36.9
30082207,4,fall,5,97,115,92,15,90,38.8
30082208,3,back pain,4,72,123,100,20,94,36.7
30082209,5,laceration,1,73,146,88,20,100,36.7
30082210,1,chest pain,10,107,139,79,9,100,37.1
30082211,3,shortness of breath,2,78,137,86,18,97,35.8
30082212,3,back pain,0,88,103,89,20,99,37.3
30082213,5,abdominal pain,7,71,129,84,17,99,36.8
30082214,3,abdominal pain,3,66,126,81,16,94,36.8
30082215,2,fever,6,95,132,81,19,95,35.1
30082216,2,fall,7,77,129,57,18,98,37.4
30082217,4,chest pain,2,105,163,92,16,97,37.5
30082218,3,fall,0,70,129,84,20,99,39.3
30082219,2,abdominal pain,6,83,142,73,24,100,35.7
30082220,3,knee pain,6,89,84,60,19,96,37.1
30082221,2,abdominal pain,10,87,123,82,11,98,37.5
30082222,3,fall,6,86,124,91,18,100,37.8
30082223,4,shortness of breath,6,69,117,66,25,97,37.4
30082224,3,headache,7,106,93,81,14,98,36.4
30082225,4,back pain,6,94,116,88,22,94,36.8
30082226,4,knee pain,3,102,121,73,21,97,35.4
30082227,4,anxiety,4,104,112,96,21,99,35.4
30082228,3,fever,5,71,160,87,20,100,36.8
30082229,3,laceration,0,45,122,62,19,95,36.2
30082230,2,laceration,10,56,116,86,21,98,37.1
30082231,3,fever,7,56,148,105,17,90,38.0
30082232,1,headache,6,93,158,72,20,98,37.2
30082233,3,fall,4,89,119,82,11,95,36.1
30082234,2,back pain,6,57,116,61,32,96,36.6
30082235,3,anxiety,4,80,131,63,19,97,37.0
30082236,5,fall,4,94,103,84,8,95,36.5
30082237,3,fever,4,73,155,100,18,92,36.6
30082238,3,knee pain,2,100,134,90,27,100,35.8
30082239,3,headache,5,73,125,61,19,100,37.8
30082240,5,laceration,1,74,129,97,19,98,35.9
30082241,4,knee pain,1,86,130,77,21,99,37.8
30082242,4,anxiety,1,62,113,107,22,98,37.5
30082243,3,shortness of breath,0,71,109,73,15,98,38.3
30082244,3,chest pain,7,74,127,90,19,100,37.1
30082245,3,back pain,4,89,126,53,14,97,35.2
30082246,3,fever,6,94,79,66,10,99,37.1
30082247,3,abdominal pain,1,84,139,106,19,98,36.0
30082248,3,knee pain,5,74,134,55,22,100,36.8
30082249,3,fall,1,110,121,87,21,98,36.4
30082250,2,fever,7,53,135,68,20,92,36.0
30082251,4,shortness of breath,3,69,127,100,22,95,38.4
30082252,3,knee pain,4,68,126,74,23,99,37.1
30082253,4,knee pain,7,62,133,65,19,96,36.4
30082254,2,back pain,10,87,103,80,19,92,38.8
30082255,3,shortness of breath,4,51,113,66,17,98,37.6
30082256,3,fall,5,97,123,79,14,98,37.9
30082257,3,laceration,3,63,130,86,15,99,36.4
30082258,3,back pain,0,75,137,77,21,96,36.1
30082259,2,chest pain,8,78,132,85,13,100,36.5
30082260,5,abdominal pain,1,83,122,66,17,95,36.2
30082261,3,chest pain,0,88,119,84,21,100,36.8
30082262,4,chest pain,7,87,130,95,22,95,36.6
30082263,3,anxiety,1,114,115,105,22,100,38.4
30082264,3,shortness of breath,7,81,107,80,15,96,35.9
30082265,3,abdominal pain,4,79,153,80,13,100,37.1
30082266,3,chest pain,4,97,126,81,14,100,38.2
30082267,4,laceration,7,83,103,82,16,96,38.4
30082268,2,anxiety,6,99,92,66,22,99,37.6
30082269,2,anxiety,9,74,118,96,17,100,37.1
30082270,3,abdominal pain,2,90,160,70,20,99,37.6
30082271,4,fever,4,88,172,87,17,96,35.9
30082272,3,chest pain,5,105,127,93,16,98,37.1
30082273,1,headache,7,81,155,81,19,98,36.8
30082274,3,headache,5,114,122,69,14,98,36.7
30082275,3,anxiety,5,98,111,90,16,97,36.8
30082276,5,back pain,6,78,104,79,14,91,36.9
30082277,2,fever,9,85,140,97,21,94,37.5
30082278,5,abdominal pain,3,119,148,113,10,96,36.9
30082279,2,fever,8,89,119,67,9,100,36.5
30082280,3,knee pain,6,97,107,85,16,98,38.0
30082281,2,anxiety,6,87,113,97,16,98,34.9
30082282,2,shortness of breath,7,75,130,66,18,93,37.4
30082283,2,back pain,8,80,144,74,20,91,37.3
30082284,1,laceration,9,91,142,66,10,93,37.0
30082285,3,fall,2,77,146,57,16,94,37.2
30082286,2,laceration,8,84,128,78,15,97,37.4
30082287,3,fall,2,92,125,61,19,96,37.5
30082288,3,laceration,3,97,120,57,16,100,36.8
30082289,4,shortness of breath,5,109,132,58,16,95,36.5
30082290,1,fall,9,75,93,65,19,98,37.8
30082291,3,fever,0,84,98,80,19,100,36.4
30082292,3,fever,7,69,136,89,16,96,37.8
30082293,4,knee pain,7,90,123,77,15,94,36.7
30082294,1,knee pain,10,86,126,94,24,98,35.3
30082295,3,back pain,7,102,134,81,18,100,37.1
30082296,3,headache,1,87,140,80,17,96,35.5
30082297,2,shortness of breath,10,64,117,101,21,95,37.5
30082298,4,fall,2,85,167,88,22,93,37.4
30082299,3,anxiety,0,86,120,110,6,96,37.2
30082300,2,knee pain,9,89,145,119,19,100,36.4
30082301,3,fall,1,76,119,90,22,85,36.7
30082302,3,knee pain,7,103,146,77,14,96,37.8
30082303,3,fever,4,83,109,87,18,99,38.0
30082304,3,anxiety,6,82,105,72,11,100,36.3
30082305,1,fall,7,67,131,78,13,100,36.3
30082306,1,laceration,10,100,101,78,14,93,38.4
30082307,4,anxiety,0,97,141,81,16,97,37.0
30082308,2,laceration,7,85,116,98,19,93,36.2
30082309,3,back pain,3,92,105,54,22,96,38.8
30082310,3,laceration,6,87,109,84,20,100,36.5
30082311,3,shortness of breath,2,88,103,83,18,92,37.3
30082312,3,back pain,2,92,169,106,11,94,36.9
30082313,2,headache,10,64,135,99,17,93,38.0
30082314,3,laceration,2,77,146,84,21,100,37.3
30082315,4,back pain,4,67,112,86,17,99,38.3
30082316,3,headache,4,105,131,81,22,99,37.1
30082317,3,knee pain,4,98,162,81,24,95,37.4
30082318,2,laceration,9,101,138,68,16,97,37.2
30082319,2,fever,10,93,149,84,20,96,39.2
30082320,4,laceration,7,109,120,59,19,95,35.6
30082321,3,abdominal pain,6,103,130,92,24,100,36.9
30082322,3,back pain,5,81,158,104,15,98,37.4
30082323,3,laceration,1,58,152,121,15,97,36.6
30082324,3,knee pain,0,63,127,89,11,96,37.4
30082325,4,knee pain,4,72,102,62,15,94,37.3
30082326,2,laceration,6,109,101,84,12,100,36.5
30082327,4,shortness of breath,6,93,167,99,15,100,37.7
30082328,2,laceration,8,75,141,52,19,98,36.1
30082329,3,abdominal pain,1,108,98,86,20,99,37.5
30082330,1,abdominal pain,6,77,174,88,23,95,37.6
30082331,3,abdominal pain,3,82,140,84,13,95,36.6
30082332,3,anxiety,2,80,168,118,24,92,36.9
30082333,3,shortness of breath,5,76,123,82,26,97,36.1
30082334,3,abdominal pain,0,84,129,71,19,97,36.1
30082335,5,abdominal pain,4,82,128,87,21,94,36.8
30082336,4,laceration,3,84,108,70,21,97,37.9
30082337,2,shortness of breath,9,80,145,71,14,91,36.5
30082338,3,knee pain,2,94,96,88,12,96,36.5
30082339,3,anxiety,3,87,122,87,20,96,37.2
30082340,2,chest pain,8,77,104,85,20,100,37.7
30082341,2,fever,7,64,158,63,16,98,37.8
30082342,3,knee pain,7,105,131,89,21,96,37.2
30082343,2,abdominal pain,10,123,163,95,13,100,36.6
30082344,2,shortness of breath,7,68,87,83,16,100,37.8
30082345,3,anxiety,6,94,138,56,16,96,36.9
30082346,4,shortness of breath,6,98,133,75,23,99,37.2
30082347,4,back pain,2,97,97,69,14,100,36.1
30082348,1,abdominal pain,8,101,139,87,14,98,37.5
30082349,3,laceration,0,71,143,97,20,97,37.7
30082350,3,anxiety,1,75,119,66,16,99,37.1
30082351,3,back pain,4,88,93,93,18,99,36.6
30082352,3,abdominal pain,3,89,151,93,12,100,36.6
30082353,1,fall,10,97,151,62,23,95,36.4
30082354,3,fever,1,88,154,71,21,99,36.5
30082355,2,headache,10,100,92,79,21,95,37.5
30082356,4,fever,6,81,135,70,16,98,36.6
30082357,4,fall,2,112,131,87,21,97,36.2
30082358,4,abdominal pain,7,61,87,113,28,94,39.4
30082359,3,chest pain,7,74,131,70,15,97,36.6
30082360,5,chest pain,0,86,115,96,17,94,38.7
30082361,3,fever,5,78,160,62,10,100,38.8
30082362,3,laceration,5,97,141,91,13,91,36.5
30082363,3,fever,5,109,102,79,21,99,36.3
30082364,3,fall,7,85,135,91,18,98,36.4
30082365,5,chest pain,1,82,103,76,17,95,38.4
30082366,2,shortness of breath,7,90,117,107,15,97,36.5
30082367,4,laceration,5,69,117,68,14,92,37.3
30082368,3,fall,6,121,169,94,15,96,36.0
30082369,3,shortness of breath,1,82,149,88,21,94,36.8
30082370,3,fall,6,95,130,91,18,99,36.0
30082371,2,headache,10,99,158,103,16,98,36.3
30082372,4,anxiety,2,83,111,75,17,97,37.5
30082373,3,fall,4,91,79,95,18,97,37.6
30082374,3,laceration,3,102,125,73,21,99,36.7
30082375,3,knee pain,3,52,152,55,17,97,36.0
30082376,2,shortness of breath,9,85,123,64,18,100,38.2
30082377,1,fall,10,90,108,86,21,98,37.0
30082378,3,knee pain,1,106,106,105,18,95,37.5
30082379,3,shortness of breath,0,90,99,49,27,95,37.0
30082380,3,chest pain,3,104,114,74,20,95,38.0
30082381,1,knee pain,9,96,129,80,14,99,35.7
30082382,3,anxiety,3,65,147,76,19,93,36.6
30082383,3,headache,5,103,93,105,23,98,35.8
30082384,3,fever,4,94,102,93,22,100,37.4
30082385,4,fall,0,70,132,84,24,100,37.0
30082386,3,fall,7,113,67,87,21,98,38.0
30082387,3,chest pain,0,102,96,75,14,97,38.0
30082388,5,knee pain,4,105,126,98,21,95,37.3
30082389,3,laceration,6,79,129,84,22,96,38.0
30082390,3,fall,5,70,140,106,10,99,36.6
30082391,3,laceration,3,72,111,89,16,99,35.9
30082392,3,shortness of breath,0,102,81,92,23,97,38.4
30082393,3,laceration,2,78,125,106,16,98,37.3
30082394,1,abdominal pain,8,75,126,76,25,96,36.5
30082395,3,chest pain,4,84,105,68,22,97,36.1
30082396,3,anxiety,3,81,136,70,19,97,37.2
30082397,3,fever,0,62,107,93,12,94,36.3
30082398,2,chest pain,7,101,84,79,14,98,37.2
30082399,3,chest pain,3,108,140,64,15,98,37.2
30082400,3,fall,0,83,101,96,17,99,36.1
30082401,3,fall,2,82,137,75,18,98,37.9
30082402,2,abdominal pain,7,83,149,90,15,100,36.8
30082403,3,abdominal pain,1,54,108,45,19,100,35.1
30082404,3,anxiety,4,87,129,84,14,95,36.6
30082405,3,back pain,3,74,113,74,14,94,36.8
30082406,3,headache,2,95,142,76,18,95,36.9
30082407,3,shortness of breath,7,67,132,68,21,98,36.9
30082408,4,back pain,3,62,122,60,10,97,37.3
30082409,4,laceration,1,51,126,74,15,92,36.8
30082410,4,knee pain,4,53,130,46,22,100,37.8
30082411,3,fever,5,65,112,82,15,97,35.6
30082412,3,chest pain,0,74,121,102,17,99,36.7
30082413,3,headache,6,71,123,74,21,100,38.5
30082414,3,fever,1,82,94,74,14,93,37.3
30082415,4,headache,2,79,120,78,19,100,36.8
30082416,5,back pain,1,80,127,84,18,98,37.4
30082417,4,back pain,6,73,127,73,16,97,36.0
30082418,3,fall,2,97,117,88,22,97,36.9
30082419,3,abdominal pain,1,78,93,107,19,95,39.0
30082420,5,back pain,5,92,122,81,22,93,35.5
30082421,2,knee pain,8,87,155,100,22,95,36.2
30082422,3,back pain,4,74,114,75,11,95,37.6
30082423,3,shortness of breath,7,96,125,92,24,99,37.2
30082424,4,chest pain,7,64,95,83,21,95,36.4
30082425,3,abdominal pain,7,110,144,79,20,93,36.6
30082426,2,anxiety,10,49,144,78,14,99,36.3
30082427,2,shortness of breath,9,65,93,66,24,98,37.5
30082428,4,shortness of breath,2,59,136,88,20,95,37.0
30082429,3,abdominal pain,6,71,154,86,18,100,37.7
30082430,4,back pain,5,94,153,92,15,96,37.2
30082431,4,anxiety,0,113,135,90,21,99,36.1
30082432,4,back pain,3,108,100,66,17,97,36.9
30082433,3,knee pain,7,95,125,69,24,97,36.5
30082434,3,fall,6,67,128,75,24,100,37.4
30082435,3,headache,0,85,105,88,17,98,36.6
30082436,2,fall,6,71,84,63,12,96,37.9
30082437,2,back pain,8,90,130,54,18,95,36.7
30082438,4,abdominal pain,2,107,114,75,12,95,36.0
30082439,3,fall,1,90,123,91,16,100,37.8
30082440,3,knee pain,1,78,132,95,19,100,36.4
30082441,3,fall,4,102,104,67,17,100,36.5
30082442,2,abdominal pain,6,75,168,82,21,96,36.8
30082443,5,abdominal pain,1,83,128,62,18,96,37.8
30082444,3,fever,3,63,152,85,20,100,37.1
30082445,2,headache,8,101,114,91,14,96,35.8
30082446,2,knee pain,9,79,86,82,13,95,36.9
30082447,3,laceration,5,74,127,89,20,98,37.0
30082448,2,fever,9,63,140,81,17,95,37.1
30082449,4,fever,2,95,177,65,18,93,37.1
30082450,3,anxiety,3,96,146,83,23,99,36.7
30082451,5,chest pain,6,60,137,98,22,99,38.1
30082452,2,back pain,7,76,113,88,24,99,37.2
30082453,3,fever,1,96,101,85,20,94,38.1
30082454,3,fall,0,108,172,47,19,95,35.6
30082455,2,fever,10,70,163,103,21,94,36.0
30082456,2,laceration,10,84,131,68,19,99,39.1
30082457,2,abdominal pain,8,49,143,83,17,98,36.9
30082458,3,shortness of breath,6,95,76,92,16,99,36.5
30082459,3,headache,1,126,106,101,20,100,36.1
30082460,3,fall,1,85,125,79,20,98,35.7
30082461,2,anxiety,10,76,111,66,16,91,37.6
30082462,5,fever,2,85,111,76,15,99,35.8
30082463,3,laceration,3,98,134,75,25,100,36.4
30082464,3,chest pain,5,55,117,108,16,100,36.2
30082465,3,fever,4,95,171,83,14,100,36.2
30082466,5,shortness of breath,0,82,150,109,18,95,35.9
30082467,3,shortness of breath,1,80,113,94,22,100,36.4
30082468,3,laceration,1,90,104,108,17,96,37.1
30082469,1,headache,6,65,87,67,18,100,36.7
30082470,2,shortness of breath,6,76,101,92,15,96,37.7
30082471,3,headache,4,97,134,113,15,100,37.4
30082472,2,shortness of breath,10,110,135,64,17,99,35.6
30082473,4,shortness of breath,5,78,121,93,14,93,37.1
30082474,2,abdominal pain,6,103,114,59,19,92,35.0
30082475,4,abdominal pain,4,80,139,84,19,97,36.4
30082476,2,abdominal pain,7,97,118,93,16,92,38.1
30082477,4,fever,6,106,100,62,18,99,37.8
30082478,4,back pain,7,108,153,79,16,100,35.3
30082479,4,shortness of breath,3,83,121,78,15,98,38.2
30082480,2,abdominal pain,6,67,165,66,17,100,37.7
30082481,1,laceration,10,65,90,58,19,99,37.4
30082482,4,fever,5,91,109,55,18,94,36.0
30082483,4,fever,2,77,127,51,15,98,35.8
30082484,3,headache,1,90,108,92,16,94,37.0
30082485,2,back pain,8,106,157,67,17,100,37.3
30082486,3,abdominal pain,7,93,120,73,20,92,36.5
30082487,3,chest pain,0,99,115,75,19,93,37.0
30082488,3,anxiety,1,82,125,84,16,96,37.3
30082489,3,chest pain,2,104,125,94,17,96,36.9
30082490,4,fever,6,90,115,85,13,100,36.9
30082491,3,fall,4,84,131,111,8,98,38.3
30082492,1,headache,8,74,140,101,20,94,37.7
30082493,2,chest pain,10,85,127,74,22,92,36.3
30082494,2,headache,8,84,128,63,13,100,37.4
30082495,3,fall,2,99,159,115,20,96,36.5
30082496,3,abdominal pain,6,96,115,115,20,100,36.7
30082497,3,fever,1,78,125,103,22,95,36.4
30082498,3,shortness of breath,2,80,141,70,11,98,37.1
30082499,3,abdominal pain,5,79,92,85,15,99,36.2
30082500,5,laceration,7,66,114,74,22,98,36.5
30082501,2,abdominal pain,8,63,131,64,26,99,37.3
30082502,2,laceration,10,77,99,93,14,97,37.6
30082503,2,shortness of breath,10,81,112,93,15,99,36.5
30082504,3,headache,3,109,117,97,24,92,34.9
30082505,3,shortness of breath,7,90,121,75,22,94,36.8
30082506,2,chest pain,10,69,123,74,24,96,36.9
30082507,3,knee pain,3,81,112,84,11,98,37.3
30082508,3,laceration,3,114,128,70,25,100,37.1
30082509,3,back pain,2,106,127,90,18,96,36.7
30082510,2,chest pain,6,80,88,112,12,95,37.4
30082511,4,fever,4,84,108,105,21,98,36.5
30082512,2,fever,7,88,84,58,13,96,36.4
30082513,3,shortness of breath,3,104,172,111,14,93,37.3
30082514,4,back pain,1,86,134,74,15,99,37.1
30082515,2,anxiety,10,66,130,82,14,97,36.6
30082516,4,shortness of breath,7,59,125,78,22,96,35.4
30082517,4,anxiety,5,91,147,104,15,98,35.6
30082518,2,fall,8,95,156,75,16,94,38.1
30082519,5,laceration,0,81,96,109,16,99,36.9
30082520,3,fall,4,104,144,96,14,93,37.8
30082521,3,headache,1,94,104,88,20,97,36.8
30082522,2,anxiety,7,81,106,80,17,93,36.9
30082523,3,knee pain,6,95,90,45,21,100,36.5
30082524,3,headache,7,82,106,89,22,98,36.9
30082525,3,back pain,4,79,101,114,20,98,36.9
30082526,3,laceration,6,80,150,85,18,100,38.2
30082527,3,abdominal pain,5,76,130,71,11,96,36.7
30082528,3,shortness of breath,1,66,122,89,16,98,38.1
30082529,4,fall,0,66,125,98,17,98,37.4
30082530,3,laceration,0,90,100,79,18,94,38.1
30082531,3,fall,7,70,112,90,18,99,37.4
30082532,3,knee pain,1,72,127,81,27,93,37.8
30082533,2,headache,8,80,129,56,23,93,36.1
30082534,3,back pain,1,72,108,74,15,100,36.6
30082535,3,knee pain,7,77,132,81,22,98,37.7
30082536,2,abdominal pain,8,86,113,81,16,97,38.2
30082537,4,knee pain,1,81,118,76,23,92,37.0
30082538,2,abdominal pain,9,81,141,83,19,92,35.5
30082539,4,headache,0,95,126,54,18,98,36.3
30082540,5,back pain,3,99,118,84,20,100,37.9
30082541,4,headache,2,80,151,103,16,94,35.7
30082542,3,fever,0,92,145,66,13,96,37.4
30082543,3,back pain,0,80,137,57,16,96,36.6
30082544,2,chest pain,10,111,152,86,18,96,38.0
30082545,3,knee pain,2,90,165,73,16,96,36.1
30082546,4,fever,4,85,103,80,28,94,37.5
30082547,4,headache,4,114,136,80,14,95,35.9
30082548,4,headache,5,83,119,105,20,99,38.0
30082549,2,back pain,8,74,103,61,12,95,37.2
30082550,3,headache,6,89,138,117,22,100,37.1
30082551,4,knee pain,6,94,121,65,24,100,36.8
30082552,3,anxiety,5,112,114,73,16,100,37.7
30082553,4,laceration,1,76,108,76,21,100,37.3
30082554,3,anxiety,7,51,133,67,16,96,36.9
30082555,3,shortness of breath,7,71,128,80,13,93,36.8
30082556,4,anxiety,3,69,138,95,17,92,37.4
30082557,2,anxiety,9,79,159,53,17,94,36.3
30082558,4,laceration,2,69,134,65,16,100,37.7
30082559,4,knee pain,3,72,146,93,22,94,37.6
30082560,1,chest pain,6,102,100,82,22,95,39.2
30082561,3,headache,7,87,153,99,13,99,36.2
30082562,3,chest pain,7,77,139,99,21,95,37.5
30082563,5,laceration,0,102,141,83,16,95,36.0
30082564,3,headache,0,84,138,65,22,95,37.7
30082565,3,knee pain,5,95,118,92,18,92,36.9
30082566,3,fall,1,96,135,61,14,97,37.0
30082567,3,fall,7,110,102,129,11,97,36.5
30082568,3,anxiety,5,84,99,90,14,93,36.0
30082569,3,fever,1,83,140,77,18,100,36.4
30082570,3,laceration,4,110,141,85,15,97,36.4
30082571,3,headache,3,104,198,89,18,98,36.9
30082572,2,fever,7,116,145,79,19,93,37.1
30082573,2,fever,9,84,139,95,23,93,38.1
30082574,2,fever,8,99,107,63,20,94,37.4
30082575,2,shortness of breath,7,121,97,80,15,98,37.6
30082576,1,chest pain,10,80,132,79,15,98,36.5
30082577,3,shortness of breath,2,71,116,44,26,96,38.0
30082578,3,abdominal pain,4,87,99,88,12,97,35.8
30082579,3,headache,7,77,139,85,25,95,37.1
30082580,5,shortness of breath,5,97,107,112,17,96,37.0
30082581,3,fall,3,97,103,87,22,94,37.7
30082582,4,headache,0,73,160,68,20,98,37.3
30082583,3,chest pain,6,89,189,94,10,98,35.2
30082584,3,chest pain,7,78,130,84,13,97,37.9
30082585,3,headache,7,109,112,88,23,96,36.7
30082586,3,anxiety,4,94,109,64,18,100,37.2
30082587,3,anxiety,4,81,147,83,15,100,36.0
30082588,5,chest pain,6,98,107,85,16,100,36.0
30082589,3,anxiety,3,69,137,56,16,99,37.1
30082590,3,shortness of breath,5,92,93,92,16,95,36.2
30082591,2,fall,7,80,97,83,18,100,37.2
30082592,4,anxiety,0,66,123,74,25,94,35.6
30082593,1,headache,9,106,155,92,21,98,37.7
30082594,3,anxiety,2,106,114,87,21,98,37.3
30082595,3,anxiety,3,85,93,90,21,98,37.2
30082596,3,anxiety,4,98,109,52,10,100,36.0
30082597,4,anxiety,3,77,137,97,20,91,35.2
30082598,3,fever,6,76,140,72,13,98,37.7
30082599,3,fever,6,77,122,85,16,100,36.6
30082600,2,shortness of breath,9,82,110,81,21,100,37.4
30082601,4,abdominal pain,1,111,38,75,19,98,37.3
30082602,3,abdominal pain,2,75,124,89,22,95,37.6
30082603,5,fall,3,88,122,90,23,100,37.5
30082604,3,shortness of breath,7,83,133,61,17,96,38.5
30082605,2,shortness of breath,6,98,125,80,28,96,37.8
30082606,5,knee pain,4,97,94,98,20,94,38.2
30082607,4,shortness of breath,7,83,127,78,16,96,37.0
30082608,2,headache,10,47,135,67,15,95,36.6
30082609,3,fever,1,60,111,97,24,100,37.5
30082610,1,laceration,7,113,114,84,20,100,36.1
30082611,4,shortness of breath,4,77,142,93,16,100,35.4
30082612,3,chest pain,0,105,112,90,18,99,38.9
30082613,3,laceration,5,84,135,84,18,100,37.0
30082614,3,fall,5,64,132,114,16,96,37.7
30082615,3,chest pain,6,87,166,66,17,95,36.8
30082616,5,headache,6,63,131,91,22,93,36.5
30082617,5,laceration,3,81,124,109,14,97,37.9
30082618,1,chest pain,6,94,118,91,17,96,37.6
30082619,3,shortness of breath,3,49,113,70,22,95,36.8
30082620,3,fever,6,103,109,85,6,92,36.9
30082621,3,fever,3,72,100,77,21,91,36.5
30082622,5,fever,1,107,165,76,19,99,36.2
30082623,5,chest pain,1,80,117,76,19,94,36.6
30082624,3,headache,0,100,118,73,12,93,37.6
30082625,2,fever,10,124,114,70,25,96,37.1
30082626,3,headache,5,66,113,105,20,99,35.8
30082627,3,fall,3,67,141,70,18,95,35.8
30082628,3,laceration,5,97,131,112,17,97,36.9
30082629,3,chest pain,4,89,112,82,13,95,35.8
30082630,5,back pain,4,78,135,71,16,99,36.3
30082631,3,abdominal pain,7,75,99,102,23,96,37.5
30082632,3,abdominal pain,4,86,136,90,18,100,36.6
30082633,3,knee pain,5,56,155,76,21,95,38.0
30082634,4,headache,1,73,132,77,21,95,36.9
30082635,3,fever,7,87,135,87,15,97,37.1
30082636,2,fever,10,87,97,91,18,97,37.5
30082637,3,knee pain,0,81,140,95,18,95,36.9
30082638,3,fall,6,70,120,83,22,97,38.0
30082639,5,back pain,7,101,121,80,15,91,36.8
30082640,5,chest pain,0,81,127,76,21,96,37.2
30082641,3,anxiety,4,83,125,74,17,93,37.6
30082642,3,fever,4,93,144,90,21,97,36.5
30082643,3,knee pain,6,93,126,113,22,100,36.7
30082644,3,laceration,4,99,120,66,20,98,37.0
30082645,2,fever,7,74,71,77,15,96,35.9
30082646,2,fall,7,77,120,81,18,99,37.3
30082647,3,back pain,0,80,115,86,19,100,37.3
30082648,2,chest pain,6,63,125,109,19,92,37.0
30082649,2,shortness of breath,8,97,165,52,16,99,38.0
30082650,3,chest pain,5,93,150,68,8,94,37.8
30082651,3,headache,2,97,137,78,13,100,37.1
30082652,4,knee pain,0,73,115,71,19,93,36.4
30082653,3,anxiety,1,81,110,84,27,97,37.0
30082654,3,anxiety,7,91,122,86,16,95,36.9
30082655,3,headache,5,75,116,66,20,99,36.1
30082656,3,chest pain,4,86,147,71,25,100,37.7
30082657,3,laceration,2,81,71,83,27,100,36.5
30082658,3,laceration,6,73,130,72,15,100,36.3
30082659,3,fever,6,103,105,89,22,97,36.6
30082660,3,back pain,5,97,113,77,14,92,36.4
30082661,3,chest pain,2,88,124,76,22,97,37.9
30082662,1,laceration,7,113,134,102,19,91,37.7
30082663,2,fever,6,60,124,107,15,98,36.3
30082664,3,chest pain,5,88,65,68,17,94,37.1
30082665,3,anxiety,6,59,117,109,18,100,38.3
30082666,3,knee pain,7,74,164,76,12,96,37.1
30082667,4,headache,5,73,136,116,14,98,38.7
30082668,2,laceration,9,100,85,115,22,98,36.5
30082669,3,chest pain,3,89,108,107,7,99,39.0
30082670,3,chest pain,7,96,93,99,15,96,37.3
30082671,4,abdominal pain,6,90,98,68,19,93,37.4
30082672,3,fever,5,79,122,76,21,98,38.0
30082673,3,knee pain,4,76,131,65,20,94,36.9
30082674,3,abdominal pain,3,94,123,72,18,93,37.3
30082675,4,knee pain,2,71,103,87,20,97,35.3
30082676,3,laceration,2,97,133,92,19,97,37.7
30082677,3,back pain,6,69,132,104,26,95,38.0
30082678,3,abdominal pain,6,70,100,93,15,99,37.1
30082679,3,abdominal pain,7,97,137,66,11,100,36.9
30082680,1,back pain,7,81,126,74,21,100,35.2
30082681,4,fever,0,107,111,80,15,100,36.5
30082682,1,laceration,8,97,153,77,13,97,36.9
30082683,1,shortness of breath,8,75,118,85,15,100,37.1
30082684,4,abdominal pain,6,81,132,113,7,100,37.8
30082685,4,anxiety,6,87,95,71,11,91,38.7
30082686,4,anxiety,5,87,121,85,18,100,36.9
30082687,2,headache,10,77,117,94,10,95,37.8
30082688,4,anxiety,6,91,133,96,16,98,37.0
30082689,2,anxiety,10,67,99,92,18,95,37.1
30082690,2,fall,7,100,134,67,15,96,37.3
30082691,3,fever,2,65,124,62,7,100,37.0
30082692,3,chest pain,2,72,118,90,18,95,36.7
30082693,3,anxiety,2,95,124,107,17,96,37.8
30082694,2,headache,7,95,124,67,20,96,35.7
30082695,3,chest pain,6,100,124,65,17,98,36.6
30082696,3,knee pain,1,90,119,88,10,100,38.3
30082697,3,chest pain,7,82,100,77,21,95,36.7
30082698,2,anxiety,7,68,156,56,20,99,37.2
30082699,4,fever,6,90,109,101,15,96,35.3
30082700,3,headache,3,109,118,70,17,93,35.9
30082701,3,headache,7,75,125,67,20,94,37.5
30082702,3,abdominal pain,6,69,152,92,22,94,36.7
30082703,2,fever,7,79,157,96,21,100,37.9
30082704,4,laceration,6,89,105,84,16,92,35.8
30082705,5,chest pain,1,68,142,87,21,98,37.3
30082706,3,shortness of breath,7,98,100,65,17,99,35.9
30082707,2,anxiety,7,89,127,94,24,94,35.8
30082708,1,chest pain,9,70,108,73,13,96,36.4
30082709,3,laceration,1,86,115,81,24,100,36.7
30082710,1,knee pain,7,70,135,78,20,95,37.9
30082711,3,abdominal pain,7,53,163,90,13,89,36.4
30082712,3,fever,3,61,111,92,17,100,37.4
30082713,4,laceration,1,70,137,62,19,96,37.4
30082714,2,abdominal pain,8,88,110,92,22,100,37.3
30082715,4,fall,6,58,139,53,19,100,36.5
30082716,3,knee pain,2,101,154,72,18,100,38.0
30082717,2,laceration,6,89,143,67,13,96,37.6
30082718,3,headache,4,60,122,95,13,100,38.1
30082719,1,fall,7,85,107,100,20,95,36.8
30082720,2,chest pain,8,89,148,82,19,94,38.6
30082721,5,fall,0,72,111,89,21,97,37.0
30082722,3,laceration,4,91,95,99,14,100,39.1
30082723,3,anxiety,4,79,116,87,19,93,36.4
30082724,3,fall,7,100,124,86,27,100,36.5
30082725,1,anxiety,7,93,125,59,21,95,37.0
30082726,3,abdominal pain,4,85,147,72,13,98,39.5
30082727,3,laceration,1,96,106,79,17,98,37.2
30082728,3,shortness of breath,4,85,122,44,23,91,36.7
30082729,3,anxiety,5,89,165,89,17,97,36.6
30082730,4,abdominal pain,6,95,110,77,12,96,35.9
30082731,3,laceration,4,90,120,78,19,98,38.3
30082732,2,headache,8,100,95,67,19,93,37.1
30082733,3,back pain,5,83,124,96,5,100,38.2
30082734,2,shortness of breath,10,56,93,87,19,98,36.4
30082735,3,fall,5,67,121,63,14,100,37.8
30082736,4,knee pain,7,97,121,88,12,97,37.0
30082737,4,fever,5,84,118,81,22,95,38.1
30082738,3,laceration,6,85,143,76,16,100,37.5
30082739,2,anxiety,10,82,99,77,16,95,37.9
30082740,4,fever,1,80,132,72,18,94,37.3
30082741,3,laceration,7,63,115,63,21,100,36.3
30082742,3,knee pain,3,76,134,86,23,97,36.6
30082743,3,knee pain,5,80,116,68,21,97,37.8
30082744,3,back pain,1,88,111,73,21,99,39.2
30082745,1,headache,9,79,119,87,17,96,36.5
30082746,3,fever,0,117,135,78,16,97,36.5
30082747,3,fall,2,68,119,79,21,97,38.8
30082748,3,abdominal pain,5,85,133,98,14,100,36.6
30082749,4,fever,7,101,92,105,16,100,36.6
30082750,4,headache,1,71,127,51,17,95,35.9
30082751,3,fever,3,65,102,109,14,98,38.7
30082752,2,abdominal pain,8,70,99,80,21,100,36.0
30082753,3,abdominal pain,2,56,115,78,22,90,36.4
30082754,3,headache,1,78,152,104,25,98,36.7
30082755,4,fever,2,57,130,91,18,97,36.9
30082756,3,fall,6,83,146,86,18,100,35.9
30082757,4,shortness of breath,3,65,135,104,20,98,37.0
30082758,3,abdominal pain,6,80,122,90,12,99,36.1
30082759,3,knee pain,3,70,121,74,24,92,38.1
30082760,2,knee pain,9,90,131,84,23,99,37.5
30082761,3,anxiety,3,100,153,88,23,98,36.8
30082762,4,anxiety,4,83,134,101,18,97,36.6
30082763,3,shortness of breath,3,93,71,73,15,95,37.2
30082764,1,back pain,9,76,140,79,23,93,36.6
30082765,5,shortness of breath,1,82,120,83,16,98,36.7
30082766,2,laceration,8,75,91,110,25,100,36.0
30082767,3,abdominal pain,4,102,149,89,11,98,36.7
30082768,4,shortness of breath,4,104,100,46,24,98,37.6
30082769,5,chest pain,3,76,145,67,15,96,37.3
30082770,3,chest pain,0,80,84,86,10,100,37.8
30082771,1,chest pain,6,86,143,110,23,97,35.3
30082772,3,chest pain,2,104,122,97,18,100,38.4
30082773,3,laceration,4,77,84,80,16,97,36.9
30082774,3,fever,0,98,131,109,15,98,37.2
30082775,3,laceration,4,73,122,93,18,94,35.4
30082776,3,headache,2,100,144,54,13,100,35.7
30082777,3,chest pain,7,105,85,104,19,95,38.6
30082778,3,back pain,6,43,95,82,21,93,36.9
30082779,3,chest pain,7,92,105,72,17,95,37.1
30082780,3,knee pain,1,55,165,72,27,100,37.3
30082781,3,shortness of breath,3,74,108,70,23,98,38.4
30082782,3,laceration,5,89,118,87,21,95,37.5
30082783,2,knee pain,7,90,115,103,14,97,36.6
30082784,3,headache,4,111,150,76,18,96,37.7
30082785,2,headache,7,92,123,82,19,96,38.5
30082786,4,abdominal pain,6,82,112,90,17,93,38.3
30082787,3,abdominal pain,7,74,140,72,17,94,37.5
30082788,3,back pain,3,66,119,76,26,99,37.9
30082789,3,shortness of breath,5,83,141,72,17,97,37.4
30082790,3,anxiety,6,120,153,100,15,100,36.0
30082791,3,fever,6,105,137,97,18,95,37.0
30082792,3,abdominal pain,7,72,132,87,12,100,37.2
30082793,4,knee pain,7,95,163,89,14,96,37.3
30082794,3,knee pain,4,57,143,61,23,91,37.8
30082795,5,fever,1,105,137,97,21,93,37.8
30082796,3,shortness of breath,4,88,119,82,11,96,36.7
30082797,4,fever,7,85,145,108,22,100,35.5
30082798,3,fall,6,76,139,117,17,100,36.0
30082799,3,knee pain,0,63,140,75,17,95,37.8
30082800,4,anxiety,2,89,89,44,18,97,37.3
30082801,2,knee pain,10,98,149,86,23,91,37.6
30082802,3,chest pain,3,97,92,95,21,98,35.5
30082803,3,anxiety,5,90,131,93,17,95,37.9
30082804,3,headache,0,94,131,95,25,96,38.0
30082805,2,anxiety,10,106,161,69,17,98,34.8
30082806,3,fever,2,76,112,89,20,96,36.8
30082807,3,knee pain,6,80,139,107,21,97,37.3
30082808,3,laceration,6,65,152,78,18,98,38.6
30082809,3,fever,6,81,166,102,15,98,36.7
30082810,1,back pain,8,90,92,88,16,97,35.9
30082811,3,abdominal pain,3,110,137,75,13,100,36.1
30082812,3,fever,2,65,100,76,21,94,36.3
30082813,3,anxiety,4,96,131,60,18,100,37.5
30082814,3,headache,7,77,129,95,17,95,35.5
30082815,2,headache,9,87,130,81,17,96,35.9
30082816,3,laceration,5,93,123,84,9,96,37.0
30082817,3,knee pain,4,94,137,70,14,100,36.1
30082818,1,knee pain,8,101,146,72,18,100,36.5
30082819,4,headache,4,122,117,76,20,100,36.7
30082820,3,laceration,1,83,139,100,21,100,36.3
30082821,3,fall,5,99,104,89,21,100,38.0
30082822,3,laceration,5,81,94,66,14,95,35.6
30082823,5,fall,4,74,125,82,19,96,37.4
30082824,3,back pain,2,92,141,100,27,94,37.1
30082825,3,headache,3,82,101,106,20,97,37.2
30082826,3,headache,0,75,155,89,16,96,37.2
30082827,2,fall,9,85,134,70,20,96,38.6
30082828,2,knee pain,8,111,133,109,20,98,37.4
30082829,3,back pain,4,45,98,82,9,95,37.6
30082830,4,anxiety,1,91,140,102,15,100,36.3
30082831,3,anxiety,6,72,126,94,17,92,36.3
30082832,3,fever,2,110,100,76,17,95,37.4
30082833,2,shortness of breath,9,88,119,64,11,96,38.6
30082834,3,laceration,0,105,120,61,18,97,36.9
30082835,4,headache,4,73,144,89,23,98,36.3
30082836,5,headache,2,105,93,54,16,97,36.4
30082837,3,knee pain,2,102,136,73,16,100,36.9
30082838,2,abdominal pain,6,88,170,90,25,97,36.9
30082839,3,laceration,3,79,137,65,20,95,36.3
30082840,5,chest pain,5,98,121,77,12,97,36.1
30082841,3,abdominal pain,6,99,129,63,14,97,37.0
30082842,3,headache,6,81,126,68,17,91,37.3
30082843,2,knee pain,9,88,131,82,17,95,37.4
30082844,1,knee pain,7,80,118,88,15,98,36.5
30082845,4,shortness of breath,7,64,111,84,19,96,36.9
30082846,3,abdominal pain,5,86,107,67,20,100,37.0
30082847,5,laceration,4,76,109,62,27,97,35.8
30082848,5,chest pain,4,78,136,55,14,96,36.2
30082849,1,chest pain,10,69,121,69,20,98,38.1
30082850,3,back pain,6,89,132,69,17,96,37.6
30082851,3,anxiety,7,90,124,75,16,100,34.9
30082852,3,back pain,4,81,132,102,18,98,36.5
30082853,3,fever,0,89,101,90,20,94,37.1
30082854,3,fever,7,75,122,103,21,98,36.0
30082855,3,headache,0,75,136,79,19,97,37.6
30082856,3,fall,5,83,151,93,23,96,35.6
30082857,3,knee pain,1,78,134,67,14,96,37.4
30082858,3,headache,4,66,120,78,19,95,37.3
30082859,2,back pain,9,70,112,67,14,95,36.7
30082860,3,abdominal pain,2,111,130,92,16,93,36.5
30082861,4,knee pain,1,83,112,82,14,98,36.2
30082862,3,fall,6,99,130,76,16,99,37.1
30082863,2,fever,8,79,131,96,21,95,37.0
30082864,3,back pain,5,61,113,81,21,100,38.1
30082865,3,anxiety,3,111,83,90,20,99,37.1
30082866,3,anxiety,5,106,126,59,24,98,37.6
30082867,3,abdominal pain,1,104,107,88,11,90,36.1
30082868,2,anxiety,9,86,122,73,12,98,37.4
30082869,2,abdominal pain,7,104,85,67,21,97,37.9
30082870,4,shortness of breath,4,64,119,86,16,92,36.3
30082871,4,headache,0,103,145,71,21,95,38.0
30082872,2,abdominal pain,6,113,152,77,23,97,35.6
30082873,3,shortness of breath,2,82,113,96,13,96,37.5
30082874,3,shortness of breath,3,91,116,63,28,96,37.9
30082875,4,knee pain,7,58,160,71,12,99,37.8
30082876,3,anxiety,7,88,109,88,21,99,37.7
30082877,3,shortness of breath,7,97,95,61,16,100,37.5
30082878,3,fever,5,57,138,94,18,100,38.3
30082879,2,fever,8,94,121,71,19,90,37.4
30082880,3,anxiety,3,107,154,74,15,94,36.3
30082881,4,back pain,1,73,121,88,17,93,36.8
30082882,3,laceration,5,86,134,58,23,97,37.1
30082883,3,chest pain,6,70,118,60,11,99,36.6
30082884,3,knee pain,1,115,131,86,16,99,38.5
30082885,3,shortness of breath,0,77,112,100,20,97,36.1
30082886,5,shortness of breath,5,112,138,94,20,93,37.7
30082887,2,back pain,8,83,104,75,19,95,37.3
30082888,1,fever,10,71,115,94,15,96,37.3
30082889,3,fall,1,82,105,88,13,98,36.8
30082890,3,knee pain,7,91,113,83,30,96,36.5
30082891,3,headache,6,63,161,86,19,95,38.0
30082892,2,laceration,7,59,150,57,15,100,37.2
30082893,2,chest pain,8,79,91,60,20,98,37.3
30082894,3,fever,4,74,89,76,14,97,38.3
30082895,3,knee pain,7,86,118,90,16,95,37.6
30082896,4,chest pain,2,82,109,49,12,93,37.9
30082897,2,fever,8,84,139,83,11,97,38.1
30082898,5,shortness of breath,5,103,108,86,19,99,37.9
30082899,3,anxiety,7,116,163,66,16,100,37.1
30082900,3,back pain,5,77,162,79,12,95,37.8
30082901,3,fall,1,55,125,56,23,95,37.1
30082902,4,abdominal pain,1,96,110,89,20,95,37.9
30082903,4,knee pain,5,53,120,77,18,99,36.6
30082904,3,chest pain,0,79,115,74,13,97,36.1
30082905,3,chest pain,4,95,98,77,25,100,37.0
30082906,2,back pain,8,67,138,71,15,94,37.6
30082907,3,fever,3,96,139,94,18,100,36.5
30082908,5,fall,4,106,134,86,19,95,38.4
30082909,1,fall,8,108,117,76,16,96,36.9
30082910,4,knee pain,1,76,141,76,21,99,35.8
30082911,2,chest pain,8,86,112,93,22,93,37.0
30082912,2,abdominal pain,7,102,170,81,16,100,35.6
30082913,3,back pain,1,78,126,89,16,97,36.6
30082914,4,shortness of breath,1,95,150,91,23,97,37.3
30082915,2,back pain,7,49,92,91,17,96,36.5
30082916,2,knee pain,9,95,89,104,20,100,37.7
30082917,3,anxiety,0,85,159,95,22,98,36.8
30082918,2,anxiety,8,75,95,85,17,93,37.1
30082919,3,knee pain,0,68,126,78,24,100,37.6
30082920,4,abdominal pain,5,63,154,124,16,94,38.5
30082921,1,anxiety,8,69,128,92,17,94,36.3
30082922,2,shortness of breath,7,86,138,82,19,98,38.3
30082923,3,chest pain,1,93,125,82,13,92,36.3
30082924,3,headache,5,89,124,89,14,96,36.8
30082925,3,anxiety,0,83,146,85,15,100,36.3
30082926,3,chest pain,7,89,155,77,21,98,35.9
30082927,4,shortness of breath,3,89,116,79,14,100,37.4
30082928,2,abdominal pain,6,97,122,92,15,95,35.9
30082929,4,shortness of breath,1,105,131,53,20,94,37.0
30082930,3,abdominal pain,2,72,134,68,18,98,37.8
30082931,3,abdominal pain,5,101,144,78,17,98,36.5
30082932,2,back pain,7,75,97,89,18,88,35.2
30082933,2,laceration,9,96,112,60,15,95,38.0
30082934,2,anxiety,8,76,152,94,24,97,36.6
30082935,3,abdominal pain,7,98,117,93,19,94,36.5
30082936,4,fever,0,88,89,79,24,97,37.7
30082937,3,shortness of breath,5,69,126,54,24,100,35.9
30082938,3,fall,7,97,112,62,18,100,37.3
30082939,3,chest pain,5,83,106,57,18,97,37.2
30082940,1,abdominal pain,9,87,118,87,18,100,37.1
30082941,3,anxiety,1,100,153,80,20,97,37.3
30082942,3,headache,2,83,146,66,21,98,37.7
30082943,2,back pain,6,74,162,88,16,100,37.2
30082944,4,fever,6,95,106,80,15,99,36.7
30082945,3,chest pain,3,77,97,82,14,100,37.3
30082946,2,headache,10,75,116,83,20,95,38.0
30082947,3,laceration,7,70,175,76,22,95,37.2
30082948,3,shortness of breath,5,79,122,102,13,90,36.2
30082949,2,shortness of breath,9,81,138,71,15,100,35.4
30082950,1,fever,8,98,116,58,20,100,36.9
30082951,4,headache,6,89,171,114,20,96,37.4
30082952,3,headache,0,115,106,75,17,91,36.4
30082953,2,anxiety,10,55,134,69,17,97,37.8
30082954,1,knee pain,9,90,128,96,16,92,37.1
30082955,3,chest pain,4,100,128,75,23,97,36.9
30082956,3,chest pain,3,73,115,95,13,99,38.3
30082957,2,fall,7,74,107,80,20,98,38.4
30082958,1,headache,7,85,138,104,29,97,36.3
30082959,2,laceration,9,61,135,77,13,93,37.3
30082960,2,headache,9,115,130,71,20,98,36.5
30082961,3,anxiety,6,69,160,75,20,97,37.5
30082962,2,abdominal pain,9,97,144,71,19,100,36.8
30082963,1,laceration,7,65,94,67,20,93,37.6
30082964,2,knee pain,6,114,112,68,17,95,37.5
30082965,3,back pain,2,53,124,77,15,100,34.7
30082966,3,anxiety,6,67,119,56,15,99,36.4
30082967,2,knee pain,8,53,149,86,27,98,38.9
30082968,5,chest pain,2,70,137,85,9,95,35.5
30082969,3,shortness of breath,0,91,146,63,10,100,36.5
30082970,3,anxiety,0,86,154,96,26,96,38.2
30082971,3,fall,0,95,152,85,19,98,37.3
30082972,3,fever,7,79,156,57,21,98,37.8
30082973,3,fever,5,121,152,82,15,98,37.5
30082974,2,anxiety,8,73,92,62,13,100,37.7
30082975,3,headache,4,90,175,101,13,97,38.3
30082976,2,laceration,6,88,134,91,23,96,36.1
30082977,3,anxiety,1,71,151,70,12,95,36.4
30082978,3,fever,6,84,136,108,16,94,39.1
30082979,1,knee pain,10,89,133,122,19,100,37.1
30082980,5,knee pain,3,89,102,84,20,90,38.1
30082981,5,laceration,4,90,152,77,16,92,36.7
30082982,3,chest pain,2,81,131,102,27,100,37.6
30082983,3,chest pain,2,97,123,82,16,96,37.4
30082984,3,back pain,2,96,120,73,28,99,36.6
30082985,3,chest pain,4,96,110,80,21,95,36.6
30082986,3,fever,4,94,141,67,19,98,37.2
30082987,3,anxiety,4,100,107,68,17,93,36.4
30082988,4,shortness of breath,3,108,151,109,26,96,37.2
30082989,3,chest pain,4,62,109,86,15,98,37.1
30082990,3,laceration,7,74,85,76,23,96,36.8
30082991,4,abdominal pain,7,84,114,88,19,100,36.4
30082992,2,laceration,7,97,132,92,17,100,36.0
30082993,1,anxiety,9,77,94,88,13,95,38.0
30082994,3,headache,6,98,132,68,17,96,36.5
30082995,4,shortness of breath,1,61,149,85,17,100,36.8
30082996,4,fall,6,88,118,65,13,93,37.7
30082997,3,knee pain,7,118,114,80,16,96,35.9
30082998,2,shortness of breath,9,71,121,98,22,98,36.2
30082999,2,fall,9,76,127,113,18,98,37.1
30083000,2,fall,10,90,150,74,18,97,36.9
30083001,4,chest pain,6,93,134,86,17,94,37.7
30083002,3,headache,2,79,135,86,16,100,37.5
30083003,4,headache,3,100,102,76,21,94,37.6
30083004,2,fever,10,103,129,70,19,95,36.4
30083005,3,chest pain,6,66,138,74,16,100,36.6
30083006,5,anxiety,6,83,124,99,23,99,37.0
30083007,3,fever,4,70,115,86,22,93,36.2
30083008,2,chest pain,7,115,118,64,19,97,37.4
30083009,3,back pain,4,95,142,94,11,100,36.3
30083010,3,chest pain,7,111,98,87,24,98,36.5
30083011,3,fever,7,113,122,65,12,98,37.6
30083012,4,abdominal pain,0,118,126,97,18,98,36.4
30083013,3,abdominal pain,6,97,119,68,24,100,37.0
30083014,3,fall,6,89,122,76,21,92,36.7
30083015,4,knee pain,2,80,134,60,11,91,37.1
30083016,3,back pain,2,75,82,121,14,94,37.1
30083017,3,abdominal pain,0,78,160,63,14,100,37.1
30083018,5,abdominal pain,4,115,134,86,20,100,36.9
30083019,3,back pain,6,80,108,93,16,94,37.2
30083020,4,back pain,1,96,149,76,20,93,37.5
30083021,3,abdominal pain,2,106,109,86,21,98,36.7
30083022,5,laceration,1,99,144,93,14,95,37.8
30083023,3,headache,1,91,138,53,17,96,37.8
30083024,4,fever,3,100,141,93,18,100,36.9
30083025,3,headache,7,82,133,108,16,98,37.6
30083026,3,headache,5,80,150,89,21,97,36.3
30083027,3,knee pain,1,93,133,85,15,97,36.1
30083028,4,abdominal pain,3,90,120,92,15,96,37.7
30083029,2,knee pain,8,101,125,62,18,94,35.0
30083030,4,anxiety,6,81,128,96,21,96,36.4
30083031,4,back pain,6,94,142,74,19,99,36.4
30083032,5,fall,3,104,114,89,30,94,36.9
30083033,2,knee pain,7,81,135,51,18,94,37.0
30083034,1,laceration,8,88,117,78,14,100,37.1
30083035,3,knee pain,7,63,151,92,17,100,35.8
30083036,3,back pain,4,70,114,103,18,96,36.6
30083037,1,fall,8,87,119,83,15,100,36.1
30083038,3,anxiety,3,81,130,90,19,98,35.7
30083039,3,fall,4,86,133,70,20,91,37.0
30083040,3,fall,6,89,127,103,16,90,37.1
30083041,1,anxiety,8,85,122,83,21,93,35.6
30083042,4,anxiety,3,79,128,96,17,97,36.1
30083043,2,back pain,10,64,114,104,22,100,37.3
30083044,3,abdominal pain,3,116,86,86,15,94,36.5
30083045,3,laceration,0,59,148,80,17,95,37.1
30083046,2,abdominal pain,10,69,120,78,17,98,35.4
30083047,3,abdominal pain,2,87,109,90,15,95,36.6
30083048,2,shortness of breath,9,89,131,66,18,95,37.3
30083049,3,chest pain,2,102,106,77,16,96,37.3
30083050,4,fever,7,68,141,99,22,93,37.0
30083051,3,abdominal pain,1,88,124,70,14,99,35.2
30083052,3,abdominal pain,0,70,153,103,24,94,36.8
30083053,3,laceration,4,107,133,76,24,96,37.9
30083054,3,chest pain,0,78,108,98,18,96,35.5
30083055,3,back pain,1,89,113,62,20,89,35.9
30083056,3,chest pain,6,84,105,109,14,99,37.3
30083057,3,fall,3,98,129,73,19,97,37.4
30083058,3,knee pain,2,96,129,83,17,100,37.2
30083059,4,laceration,3,69,135,89,21,99,36.2
30083060,3,fever,3,88,121,64,25,99,36.8
30083061,4,fever,1,102,144,78,13,95,36.2
30083062,3,shortness of breath,0,99,107,101,17,99,36.5
30083063,4,anxiety,6,97,102,73,21,97,35.7
30083064,4,shortness of breath,1,103,115,89,14,88,37.2
30083065,2,abdominal pain,10,93,137,61,15,89,37.6
30083066,2,back pain,10,84,127,73,16,97,38.2
30083067,3,chest pain,1,89,128,66,21,99,37.8
30083068,4,abdominal pain,1,77,140,85,13,98,36.2
30083069,4,fall,0,63,158,82,16,94,37.6
30083070,2,laceration,9,69,145,115,10,97,38.4
30083071,4,back pain,1,76,95,81,19,99,35.4
30083072,3,anxiety,7,96,134,74,17,95,37.3
30083073,4,abdominal pain,5,66,117,77,17,94,37.5
30083074,3,laceration,2,76,110,82,14,95,37.7
30083075,3,fall,6,126,109,100,22,95,37.0
30083076,4,fall,2,89,87,105,21,100,37.4
30083077,3,anxiety,2,76,113,91,17,97,38.1
30083078,4,chest pain,2,78,102,54,25,91,36.3
30083079,1,abdominal pain,9,52,147,94,22,97,37.2
30083080,2,back pain,9,56,133,82,12,100,38.5
30083081,3,laceration,0,93,124,59,22,98,36.8
30083082,2,laceration,6,85,115,75,13,100,38.6
30083083,3,shortness of breath,7,103,124,84,16,96,36.8
30083084,5,headache,3,83,118,83,18,100,36.9
30083085,3,abdominal pain,6,65,121,87,18,100,37.5
30083086,4,knee pain,1,69,156,78,19,94,38.5
30083087,3,anxiety,1,101,133,79,22,98,37.8
30083088,3,laceration,7,101,112,68,22,97,36.2
30083089,1,knee pain,7,94,147,86,18,98,37.3
30083090,4,shortness of breath,4,112,122,68,12,95,36.9
30083091,3,fall,0,94,121,77,15,100,37.3
30083092,3,headache,1,98,112,78,13,100,37.1
30083093,3,knee pain,4,95,137,94,20,99,36.0
30083094,3,shortness of breath,5,81,115,58,25,100,36.4
30083095,2,back pain,10,108,136,86,17,91,37.5
30083096,3,abdominal pain,1,58,128,77,15,95,37.3
30083097,3,abdominal pain,1,53,100,78,13,94,37.5
30083098,3,anxiety,7,108,141,78,28,100,38.3
30083099,3,chest pain,1,94,111,83,19,95,38.3
30083100,2,headache,9,70,126,57,24,94,35.7
30083101,4,fever,6,73,117,71,12,93,37.9
30083102,2,fall,8,98,136,66,19,96,37.5
30083103,3,shortness of breath,2,113,128,75,18,94,37.1
30083104,2,anxiety,6,93,130,96,22,98,37.1
30083105,3,shortness of breath,3,100,130,70,18,96,35.9
30083106,3,shortness of breath,4,97,116,79,15,95,36.7
30083107,3,anxiety,5,63,107,67,11,96,37.4
30083108,2,anxiety,7,90,93,100,22,96,36.3
30083109,3,back pain,5,96,137,80,22,99,37.4
30083110,3,back pain,3,104,137,99,13,94,35.5
30083111,1,fall,10,68,87,84,28,98,37.1
30083112,3,chest pain,5,95,124,84,16,98,36.9
30083113,3,fall,0,89,134,66,20,91,36.3
30083114,3,abdominal pain,0,93,154,89,17,96,36.4
30083115,2,anxiety,9,71,115,73,13,95,36.3
30083116,1,chest pain,8,89,134,110,21,98,36.7
30083117,3,back pain,7,112,137,106,22,94,38.3
30083118,3,shortness of breath,6,84,152,93,19,98,37.4
30083119,2,fall,7,85,125,94,19,93,35.9
30083120,3,back pain,3,92,108,71,24,98,36.3
30083121,3,headache,4,66,136,67,15,100,37.5
30083122,4,knee pain,3,82,154,88,13,98,37.1
30083123,4,anxiety,3,90,107,63,16,94,37.2
30083124,3,shortness of breath,2,80,115,75,21,97,38.3
30083125,3,headache,5,99,112,78,16,100,37.5
30083126,4,shortness of breath,7,63,133,102,18,97,36.9
30083127,3,knee pain,7,92,87,80,25,92,38.1
30083128,3,shortness of breath,7,92,126,74,17,97,38.6
30083129,2,headache,10,104,154,67,17,98,37.4
30083130,3,fall,4,86,69,85,16,100,37.2
30083131,3,fever,2,95,102,89,18,100,35.1
30083132,4,knee pain,1,56,138,76,17,95,38.2
30083133,3,headache,3,99,141,71,10,97,36.6
30083134,2,laceration,9,74,158,76,15,97,37.6
30083135,1,abdominal pain,8,80,128,79,19,95,36.4
30083136,3,chest pain,3,92,121,81,15,94,36.5
30083137,4,abdominal pain,7,101,150,87,18,94,36.4
30083138,5,headache,1,57,113,87,25,95,37.7
30083139,2,shortness of breath,6,79,102,85,16,100,38.2
30083140,2,chest pain,7,65,119,87,19,100,36.9
30083141,5,back pain,5,73,118,89,13,95,38.1
30083142,4,anxiety,7,101,129,80,22,93,39.2
30083143,3,shortness of breath,0,73,110,72,15,99,35.7
30083144,3,fever,4,89,120,86,23,98,37.6
30083145,3,chest pain,1,108,119,107,21,100,38.1
30083146,4,shortness of breath,6,91,150,73,14,96,37.7
30083147,3,shortness of breath,1,83,103,89,19,99,35.3
30083148,3,knee pain,4,111,124,80,21,96,36.9
30083149,4,fever,5,54,135,81,19,96,37.0
30083150,4,abdominal pain,1,64,144,83,22,98,36.1
30083151,3,fever,5,95,128,76,21,100,35.7
30083152,3,fever,7,92,135,97,17,98,37.6
30083153,2,back pain,6,69,119,69,19,96,38.7
30083154,3,fever,4,98,112,63,23,98,37.4
30083155,4,shortness of breath,5,103,102,67,18,100,39.0
30083156,4,headache,5,99,154,87,18,98,36.9
30083157,4,back pain,6,83,136,84,19,100,38.0
30083158,2,abdominal pain,6,71,147,90,27,92,36.7
30083159,2,knee pain,6,62,124,55,18,95,36.1
30083160,4,abdominal pain,2,102,111,112,15,97,36.3
30083161,3,knee pain,5,89,103,54,15,100,37.9
30083162,3,laceration,4,66,126,105,22,92,36.8
30083163,3,fall,5,82,117,106,18,100,37.3
30083164,2,laceration,10,110,118,61,13,97,37.1
30083165,1,anxiety,6,69,131,68,20,92,37.0
30083166,4,anxiety,7,81,96,81,19,96,36.4
30083167,4,headache,0,72,113,85,14,97,36.8
30083168,3,headache,5,107,131,87,18,98,37.1
30083169,3,knee pain,6,75,95,103,25,98,37.5
30083170,3,chest pain,2,93,135,72,18,99,37.1
30083171,3,knee pain,2,76,93,94,19,97,36.7
30083172,1,anxiety,10,78,149,78,18,97,36.6
30083173,3,back pain,4,97,130,60,19,99,37.8
30083174,2,fall,7,84,129,90,15,99,36.4
30083175,1,back pain,10,93,110,90,20,92,36.4
30083176,3,back pain,0,92,79,84,12,99,36.9
30083177,3,chest pain,4,91,130,91,18,100,38.3
30083178,2,fever,8,73,93,51,12,96,36.8
30083179,1,chest pain,10,92,128,81,9,97,35.9
30083180,1,chest pain,10,92,107,86,20,93,37.0
30083181,3,chest pain,5,86,119,62,11,96,37.1
30083182,3,fever,6,108,131,96,18,97,38.0
30083183,4,anxiety,1,76,99,90,28,96,36.7
30083184,3,abdominal pain,0,103,97,63,18,100,36.8
30083185,3,laceration,1,91,112,70,12,96,36.7
30083186,3,back pain,7,100,116,79,24,98,36.4
30083187,3,knee pain,7,66,88,103,20,95,36.1
30083188,3,fall,3,79,96,71,17,99,37.4
30083189,5,headache,1,89,157,83,18,100,36.4
30083190,3,headache,7,85,130,65,14,88,37.8
30083191,1,chest pain,10,77,141,84,20,100,37.9
30083192,3,back pain,4,63,146,68,18,92,37.4
30083193,4,fall,4,42,110,86,17,95,37.0
30083194,2,anxiety,8,111,102,67,29,100,37.2
30083195,3,knee pain,3,95,161,97,15,98,38.1
30083196,4,abdominal pain,5,80,113,64,22,100,38.2
30083197,3,laceration,0,87,129,71,18,100,37.8
30083198,3,anxiety,1,90,132,78,16,95,36.7
30083199,1,chest pain,9,100,138,96,16,96,37.0
30083200,3,back pain,0,68,137,74,19,94,37.7
30083201,3,chest pain,0,99,151,74,12,98,35.9
30083202,3,back pain,4,97,145,96,13,100,37.4
30083203,3,laceration,1,95,106,66,24,95,36.6
30083204,2,headache,8,67,109,98,11,96,36.3
30083205,3,chest pain,5,89,151,73,16,99,36.6
30083206,3,abdominal pain,6,83,115,100,11,99,37.1
30083207,1,back pain,6,91,120,87,17,95,37.5
30083208,3,knee pain,6,58,126,62,18,100,37.4
30083209,2,shortness of breath,6,94,116,95,14,100,36.7
30083210,3,headache,0,90,151,75,21,100,36.4
30083211,4,chest pain,5,70,126,84,21,99,38.1
30083212,2,fall,6,84,130,62,13,100,35.6
30083213,4,headache,5,69,100,80,14,100,37.6
30083214,1,abdominal pain,6,80,139,94,19,99,37.8
30083215,4,laceration,3,85,124,99,28,94,36.4
30083216,3,headache,4,117,115,84,20,100,36.1
30083217,5,laceration,4,89,124,99,18,91,36.0
30083218,3,back pain,7,66,127,74,17,99,36.8
30083219,2,anxiety,6,73,113,85,20,98,38.0
30083220,3,back pain,2,85,140,81,12,96,37.0
30083221,3,fever,2,95,129,71,24,98,36.9
30083222,3,headache,6,85,121,81,15,100,36.6
30083223,3,shortness of breath,1,84,128,79,17,92,37.0
30083224,3,back pain,6,115,139,84,19,100,37.2
30083225,3,headache,3,78,102,101,17,98,36.7
30083226,3,chest pain,5,78,132,90,20,94,37.7
30083227,4,fever,3,96,77,72,15,99,37.9
30083228,3,fever,6,87,94,106,16,93,35.9
30083229,3,shortness of breath,0,91,116,73,17,98,35.5
30083230,3,anxiety,1,108,140,73,23,97,37.0
30083231,3,shortness of breath,3,84,96,66,18,95,37.0
30083232,3,fever,7,58,119,51,22,97,37.2
30083233,1,laceration,10,93,107,82,23,98,37.3
30083234,3,shortness of breath,6,92,141,74,16,100,35.9
30083235,4,shortness of breath,2,76,144,76,18,96,38.8
30083236,3,headache,6,101,113,67,22,96,38.1
30083237,2,laceration,8,96,97,62,15,95,37.2
30083238,3,knee pain,7,102,87,95,21,97,37.0
30083239,3,knee pain,4,109,121,75,15,100,37.2
30083240,3,laceration,3,107,140,53,20,100,35.4
30083241,4,fever,5,105,120,73,17,96,37.0
30083242,4,abdominal pain,4,71,139,86,12,96,36.2
30083243,4,headache,7,87,150,99,16,92,37.7
30083244,2,anxiety,10,92,150,74,14,95,38.0
30083245,4,fall,1,74,131,91,20,94,38.7
30083246,3,laceration,2,109,94,56,28,100,38.8
30083247,4,shortness of breath,3,81,112,76,18,100,37.1
30083248,4,headache,6,67,149,93,21,95,36.7
30083249,3,fever,1,64,120,109,22,94,37.1
30083250,3,laceration,1,81,161,95,16,95,36.6
30083251,3,laceration,5,96,145,82,18,96,37.4
30083252,4,back pain,0,77,110,76,18,97,36.6
30083253,3,laceration,5,60,140,102,20,92,36.4
30083254,3,back pain,7,74,119,133,18,93,35.9
30083255,3,laceration,1,95,125,78,20,97,36.7
30083256,2,headache,7,73,160,87,16,98,37.4
30083257,3,shortness of breath,2,82,108,83,10,100,38.6
30083258,3,laceration,1,83,107,88,13,97,35.4
30083259,3,abdominal pain,0,100,147,101,21,95,37.9
30083260,3,fall,0,73,101,78,14,100,37.5
30083261,3,laceration,6,66,155,56,22,100,38.1
30083262,1,back pain,10,71,119,60,13,96,38.2
30083263,2,knee pain,6,72,127,77,22,95,36.9
30083264,3,back pain,4,72,151,60,14,94,37.7
30083265,2,fall,8,64,131,85,12,100,37.6
30083266,2,abdominal pain,8,92,128,86,12,100,37.4
30083267,3,chest pain,2,63,157,86,14,95,38.2
30083268,3,anxiety,1,106,95,94,17,97,36.8
30083269,3,anxiety,0,115,126,103,20,97,36.7
30083270,3,fever,0,86,142,94,12,95,37.2
30083271,3,laceration,3,90,103,75,19,93,35.8
30083272,2,fever,8,61,169,84,18,100,38.6
30083273,3,fall,7,105,88,69,24,93,37.7
30083274,2,back pain,7,87,123,103,21,100,35.8
30083275,3,fever,0,57,133,85,12,98,37.9
30083276,3,headache,3,72,100,94,12,91,35.7
30083277,3,fall,3,86,121,87,20,96,36.6
30083278,3,fever,5,55,167,67,20,96,36.0
30083279,3,shortness of breath,7,79,120,64,19,95,37.3
30083280,3,headache,5,83,120,87,20,95,37.1
30083281,3,knee pain,7,69,97,83,17,98,36.1
30083282,3,knee pain,5,100,134,81,19,99,37.6
30083283,3,abdominal pain,4,57,119,64,18,96,37.6
30083284,1,abdominal pain,7,59,126,102,18,94,36.7
30083285,4,back pain,2,120,155,47,14,99,37.9
30083286,2,back pain,9,91,106,69,23,95,37.0
30083287,3,abdominal pain,6,73,104,93,23,97,35.4
30083288,5,fall,2,92,131,91,22,100,38.4
30083289,4,abdominal pain,4,98,120,77,13,100,37.2
30083290,3,chest pain,7,83,121,57,25,96,36.7
30083291,3,anxiety,3,113,119,84,12,100,36.4
30083292,3,fall,5,109,113,83,13,99,37.0
30083293,3,shortness of breath,3,72,148,74,19,97,37.7
30083294,4,abdominal pain,5,86,128,64,16,98,37.3
30083295,3,shortness of breath,7,102,108,69,15,96,36.4
30083296,4,back pain,2,86,178,89,15,100,36.4
30083297,3,laceration,5,103,157,79,20,98,37.4
30083298,3,laceration,6,66,140,86,19,96,36.5
30083299,2,laceration,10,77,156,77,13,97,36.0
30083300,4,shortness of breath,2,68,110,67,9,96,35.9
30083301,4,knee pain,6,70,137,85,20,89,36.9
30083302,4,fever,1,80,130,89,13,94,36.6
30083303,4,fever,4,88,128,95,19,94,38.1
30083304,2,abdominal pain,10,82,100,98,18,98,37.0
30083305,2,fever,10,92,116,76,17,97,36.7
30083306,3,laceration,5,72,116,85,20,99,37.1
30083307,2,headache,8,113,154,90,19,99,35.3
30083308,3,back pain,0,85,137,86,22,100,37.8
30083309,2,laceration,7,62,110,96,17,95,36.9
30083310,3,anxiety,0,86,108,77,15,95,37.0
30083311,3,abdominal pain,3,107,121,67,13,98,36.6
30083312,3,back pain,0,65,138,83,20,98,35.8
30083313,3,chest pain,6,106,137,108,22,99,37.6
30083314,3,fever,4,88,132,85,15,97,37.0
30083315,3,anxiety,2,65,99,77,14,98,37.1
30083316,3,fall,5,74,155,76,21,92,38.5
30083317,5,laceration,1,77,138,82,20,96,37.2
30083318,2,headache,7,109,78,79,23,100,37.0
30083319,3,fall,3,101,125,82,17,96,36.7
30083320,3,chest pain,5,102,100,101,30,93,36.1
30083321,5,fever,2,79,103,60,19,97,36.1
30083322,3,back pain,0,77,125,93,19,96,37.5
30083323,3,knee pain,1,68,154,83,17,91,35.9
30083324,3,back pain,5,39,136,78,21,96,35.6
30083325,2,headache,8,109,127,84,23,95,37.8
30083326,2,shortness of breath,6,79,126,89,14,96,37.7
30083327,3,laceration,0,104,139,79,14,100,36.4
30083328,2,knee pain,8,51,108,63,19,95,37.1
30083329,3,anxiety,0,83,143,99,17,95,37.0
30083330,4,chest pain,2,84,171,75,23,97,36.4
30083331,4,laceration,5,61,119,73,11,100,36.6
30083332,4,shortness of breath,1,49,114,105,23,98,36.8
30083333,2,anxiety,10,87,138,84,21,96,36.0
30083334,3,abdominal pain,0,103,126,76,27,95,36.7
30083335,2,knee pain,6,83,119,84,18,91,37.2
30083336,3,fall,3,106,132,71,20,94,37.9
30083337,4,chest pain,7,73,147,85,19,94,36.6
30083338,3,chest pain,0,99,99,60,21,95,36.8
30083339,2,fall,6,53,142,74,15,98,36.0
30083340,4,abdominal pain,4,91,127,117,21,99,37.7
30083341,3,fever,7,90,129,86,13,100,37.3
30083342,4,fever,2,74,108,72,20,94,37.3
30083343,4,shortness of breath,1,83,98,95,15,93,38.1
30083344,3,chest pain,3,87,142,87,27,100,36.9
30083345,4,laceration,3,93,147,85,19,92,36.4
30083346,2,headache,6,77,76,88,21,97,36.4
30083347,3,headache,5,99,118,73,16,96,36.6
30083348,3,laceration,6,109,119,82,14,97,36.5
30083349,3,headache,5,65,135,107,16,100,37.9
30083350,3,headache,5,69,114,83,17,99,36.0
30083351,5,abdominal pain,5,87,119,88,23,98,36.6
30083352,3,abdominal pain,4,79,148,106,18,100,37.2
30083353,3,knee pain,4,87,101,80,16,100,35.9
30083354,3,anxiety,0,110,116,74,19,96,37.3
30083355,3,fall,7,60,130,83,18,96,35.6
30083356,3,knee pain,0,98,124,86,23,95,36.3
30083357,2,chest pain,7,95,127,68,17,89,37.8
30083358,3,back pain,1,92,117,111,22,95,37.0
30083359,3,chest pain,6,85,142,106,13,100,35.2
30083360,3,knee pain,0,98,113,82,19,98,37.5
30083361,3,knee pain,6,116,99,88,16,99,37.0
30083362,4,fall,6,93,113,57,18,96,37.3
30083363,4,shortness of breath,1,96,141,71,10,99,36.6
30083364,4,abdominal pain,1,83,114,107,8,98,37.8
30083365,4,fever,0,76,112,62,20,99,36.9
30083366,3,shortness of breath,6,56,134,93,21,94,37.8
30083367,4,laceration,6,78,102,55,25,96,37.4
30083368,3,fever,3,83,145,67,13,97,37.4
30083369,3,anxiety,7,103,136,66,20,99,37.0
30083370,1,fall,9,92,151,95,20,96,35.7
30083371,3,fall,6,84,154,97,18,90,37.6
30083372,4,fever,4,85,116,85,18,98,36.1
30083373,3,back pain,5,106,133,76,19,99,37.0
30083374,3,laceration,1,121,123,62,26,94,38.2
30083375,4,fall,5,95,131,115,22,93,36.6
30083376,3,laceration,0,83,85,75,5,100,37.5
30083377,4,laceration,4,93,111,80,25,94,37.8
30083378,4,anxiety,4,62,85,85,13,99,37.0
30083379,3,abdominal pain,0,78,132,59,13,95,37.1
30083380,4,chest pain,7,96,129,74,15,93,36.0
30083381,3,fever,2,92,112,121,17,100,37.8
30083382,4,shortness of breath,2,88,137,104,12,99,36.4
30083383,4,abdominal pain,7,86,75,88,13,100,36.7
30083384,3,headache,2,92,140,91,19,98,36.4
30083385,3,anxiety,0,82,127,66,19,94,37.4
30083386,3,anxiety,2,89,147,84,13,94,37.6
30083387,3,laceration,1,89,125,75,15,94,36.7
30083388,2,anxiety,10,82,109,55,21,96,36.7
30083389,4,shortness of breath,4,85,120,80,18,97,38.7
30083390,3,chest pain,4,102,109,81,14,100,36.1
30083391,5,fever,6,68,112,87,16,99,36.6
30083392,3,back pain,2,111,153,70,17,100,38.9
30083393,2,knee pain,9,102,148,102,12,99,38.3
30083394,4,headache,7,96,159,84,18,100,36.5
30083395,4,fall,7,89,129,84,22,99,37.7
30083396,2,knee pain,7,62,165,71,13,96,36.6
30083397,3,anxiety,6,89,126,89,21,95,36.9
30083398,4,fever,1,68,143,91,10,100,35.6
30083399,3,fever,4,81,70,81,12,97,37.5
30083400,3,anxiety,0,76,121,75,17,93,37.7
30083401,2,headache,8,126,141,75,20,97,37.3
30083402,2,chest pain,10,81,91,89,15,97,37.1
30083403,3,laceration,6,82,145,83,21,98,36.2
30083404,3,knee pain,2,92,151,79,19,98,36.5
30083405,3,abdominal pain,7,92,160,78,16,95,37.6
30083406,3,abdominal pain,3,102,92,86,19,95,38.6
30083407,3,abdominal pain,7,67,159,83,9,98,37.4
30083408,2,headache,6,98,133,65,20,98,36.4
30083409,3,shortness of breath,5,75,149,75,12,97,38.0
30083410,2,abdominal pain,9,108,141,83,20,92,36.6
30083411,4,anxiety,6,119,114,65,22,100,35.6
30083412,1,anxiety,9,94,112,79,18,94,37.4
30083413,3,chest pain,5,82,112,108,18,93,36.4
30083414,2,headache,10,79,137,83,15,100,36.1
30083415,3,anxiety,7,112,124,67,9,98,37.4
30083416,3,chest pain,3,89,142,82,21,96,36.3
30083417,3,laceration,1,64,111,62,20,97,37.6
30083418,2,chest pain,7,114,156,98,19,99,36.3
30083419,3,fall,5,79,98,86,15,100,36.4
30083420,3,chest pain,4,79,127,69,12,92,37.1
30083421,4,chest pain,6,87,162,76,23,99,35.4
30083422,2,chest pain,9,67,124,63,16,93,35.7
30083423,3,anxiety,1,98,132,86,17,97,37.1
30083424,3,chest pain,2,72,129,91,14,98,36.3
30083425,3,headache,5,97,133,73,14,100,36.5
30083426,3,abdominal pain,1,90,125,82,19,100,36.5
30083427,3,shortness of breath,1,73,102,87,19,96,37.4
30083428,3,shortness of breath,1,93,158,74,17,96,37.1
30083429,3,chest pain,4,91,137,90,21,93,36.8
30083430,2,fever,9,82,112,88,15,99,37.2
30083431,3,fall,3,110,95,81,24,91,35.6
30083432,3,headache,4,108,124,84,20,99,37.3
30083433,2,fever,8,103,119,90,22,99,37.7
30083434,2,fall,9,83,76,94,12,93,37.2
30083435,4,knee pain,1,92,108,88,14,98,35.8
30083436,3,fall,1,80,122,117,15,94,36.9
30083437,3,headache,3,74,128,76,20,95,37.6
30083438,3,anxiety,2,85,140,87,20,97,38.0
30083439,4,chest pain,7,79,114,62,26,98,36.3
30083440,3,fall,2,83,154,74,16,96,38.0
30083441,1,laceration,6,76,155,77,17,100,37.9
30083442,3,knee pain,7,67,139,66,17,100,37.2
30083443,2,knee pain,10,97,143,83,19,97,36.7
30083444,3,shortness of breath,6,81,108,93,20,99,35.9
30083445,4,knee pain,5,64,134,77,15,97,36.2
30083446,3,knee pain,4,85,104,80,23,94,36.4
30083447,4,back pain,2,69,166,77,22,94,36.1
30083448,3,anxiety,0,70,129,85,17,95,36.5
30083449,2,laceration,7,75,101,90,25,100,36.3
30083450,1,fall,8,79,143,73,20,100,35.7
30083451,3,laceration,5,86,113,89,12,99,36.1
30083452,2,chest pain,7,90,139,67,16,96,38.4
30083453,1,fever,6,89,130,71,15,100,35.6
30083454,4,fever,7,82,167,60,18,98,35.9
30083455,3,abdominal pain,6,91,119,82,17,99,38.0
30083456,3,shortness of breath,6,93,164,82,17,92,37.7
30083457,2,anxiety,6,78,109,56,19,97,36.6
30083458,2,shortness of breath,9,105,120,73,12,100,36.1
30083459,4,chest pain,6,93,122,101,16,96,37.3
30083460,4,fever,0,65,124,57,17,92,38.0
30083461,4,back pain,1,98,126,90,16,100,36.4
30083462,1,shortness of breath,10,90,112,72,16,100,37.1
30083463,3,shortness of breath,1,73,120,83,23,99,37.6
30083464,2,headache,8,98,136,82,24,99,37.6
30083465,3,headache,0,80,99,92,22,94,35.7
30083466,2,shortness of breath,10,74,121,63,15,97,37.9
30083467,3,laceration,0,74,110,86,19,100,36.0
30083468,4,anxiety,7,84,142,73,25,99,35.9
30083469,3,anxiety,3,94,126,72,19,96,38.2
30083470,4,knee pain,0,111,111,68,14,100,37.6
30083471,3,chest pain,0,100,107,94,14,98,38.9
30083472,2,chest pain,9,112,143,87,16,98,36.2
30083473,4,chest pain,1,85,91,75,16,100,37.2
30083474,1,fever,8,63,118,84,16,93,38.0
30083475,3,fall,3,105,115,68,15,97,36.4
30083476,4,knee pain,0,81,150,89,21,92,37.2
30083477,3,laceration,0,87,135,78,9,94,38.9
30083478,2,anxiety,6,67,105,88,24,97,37.3
30083479,4,anxiety,3,65,149,71,20,97,36.6
30083480,3,fall,7,95,129,91,20,95,37.7
30083481,3,back pain,5,87,121,81,18,92,36.6
30083482,3,fever,4,66,142,81,18,98,37.6
30083483,3,headache,5,78,120,33,16,97,37.8
30083484,3,laceration,3,90,141,92,10,99,36.2
30083485,3,knee pain,2,75,122,103,22,98,35.4
30083486,2,knee pain,8,100,90,61,21,97,37.6
30083487,4,chest pain,3,111,102,65,18,97,35.8
30083488,4,headache,6,82,119,61,16,99,37.3
30083489,3,back pain,6,113,138,79,14,100,36.1
30083490,2,laceration,9,64,126,104,16,97,37.7
30083491,2,knee pain,7,81,106,82,21,99,37.7
30083492,4,headache,7,85,106,75,21,95,38.6
30083493,1,headache,10,90,169,76,21,92,36.4
30083494,3,back pain,4,74,118,66,14,100,37.2
30083495,3,abdominal pain,0,65,136,97,24,99,37.6
30083496,3,fever,2,110,136,87,19,96,36.4
30083497,1,shortness of breath,9,105,122,95,18,97,37.3
30083498,4,abdominal pain,2,71,80,66,15,96,38.4
30083499,3,fever,1,76,93,68,17,97,36.7
30083500,4,knee pain,7,86,164,59,20,95,37.1
30083501,4,chest pain,5,67,138,92,10,97,37.4
30083502,3,back pain,7,93,112,77,23,99,36.2
30083503,3,fall,0,72,133,95,22,96,36.1
30083504,2,anxiety,9,104,123,75,12,100,37.7
30083505,4,back pain,4,82,92,75,22,100,38.1
30083506,4,anxiety,5,85,168,65,24,97,37.2
30083507,3,abdominal pain,4,85,128,120,17,100,38.1
30083508,2,knee pain,9,98,138,67,18,98,37.3
30083509,3,headache,7,59,138,63,18,100,37.5
30083510,3,chest pain,3,75,116,88,16,97,36.2
30083511,4,back pain,6,87,110,47,12,97,36.5
30083512,4,fall,7,93,113,87,16,97,36.9
30083513,2,fall,7,93,106,74,23,97,36.0
30083514,3,fever,6,82,137,63,14,97,36.7
30083515,2,anxiety,8,78,121,74,23,98,37.7
30083516,4,back pain,2,109,120,88,13,96,37.7
30083517,3,laceration,0,93,104,94,21,99,37.1
30083518,4,fever,0,83,171,91,11,96,37.5
30083519,4,laceration,6,114,123,85,22,95,37.7
30083520,4,chest pain,2,71,118,87,20,100,36.7
30083521,4,laceration,7,82,111,79,23,96,37.3
30083522,3,fever,6,88,194,65,15,95,35.9
30083523,3,abdominal pain,5,98,111,83,13,99,37.3
30083524,2,knee pain,10,79,124,56,21,100,36.6
30083525,2,chest pain,10,98,99,83,16,99,36.7
30083526,3,fall,2,70,92,90,12,96,37.4
30083527,3,headache,3,78,140,86,19,96,36.0
30083528,3,fever,1,90,139,86,17,100,36.7
30083529,3,chest pain,6,97,99,83,25,98,36.7
30083530,3,shortness of breath,1,65,92,56,23,90,37.3
30083531,3,knee pain,5,88,159,63,19,99,35.7
30083532,3,anxiety,5,90,105,82,22,95,36.6
30083533,2,chest pain,8,71,145,95,23,96,37.7
30083534,4,shortness of breath,7,97,126,72,23,100,37.3
30083535,3,knee pain,5,101,139,46,12,96,37.1
30083536,3,chest pain,2,49,130,95,17,100,35.8
30083537,3,chest pain,7,94,140,77,23,96,37.4
30083538,3,anxiety,3,76,143,81,15,98,37.0
30083539,3,anxiety,3,79,130,74,18,99,36.3
30083540,2,chest pain,7,92,83,105,19,100,38.3
30083541,3,knee pain,3,86,121,65,19,97,37.7
30083542,4,fever,1,103,95,77,12,97,37.2
30083543,3,knee pain,3,116,98,71,21,96,37.1
30083544,1,fever,6,60,144,58,22,97,36.7
30083545,4,back pain,1,72,133,69,18,96,37.7
30083546,3,shortness of breath,2,94,120,77,19,100,37.6
30083547,3,fever,2,86,166,85,15,97,37.1
30083548,4,laceration,1,90,112,74,22,96,36.8
30083549,3,abdominal pain,1,79,117,55,15,100,36.7
30083550,3,laceration,4,85,135,58,19,93,36.6
30083551,4,back pain,2,67,81,66,22,97,36.9
30083552,5,fall,1,96,92,78,21,96,36.3
30083553,3,anxiety,5,65,95,81,17,92,37.5
30083554,3,knee pain,2,90,116,73,22,100,36.4
30083555,3,back pain,5,79,118,51,17,98,36.9
30083556,5,abdominal pain,7,74,134,83,22,96,36.0
30083557,4,laceration,6,76,114,58,10,97,37.1
30083558,4,shortness of breath,6,79,126,84,22,95,37.7
30083559,1,back pain,9,86,133,95,18,95,36.1
30083560,2,fever,6,97,142,72,14,97,37.9
30083561,3,fever,1,72,110,70,27,99,37.0
30083562,2,shortness of breath,9,105,96,86,16,100,37.5
30083563,2,fever,10,95,96,72,19,98,37.2
30083564,3,shortness of breath,2,79,141,84,20,100,35.4
30083565,5,headache,4,107,119,92,15,91,36.2
30083566,3,knee pain,7,98,151,64,18,100,37.2
30083567,1,abdominal pain,9,78,100,61,17,93,37.3
30083568,4,fever,0,129,109,79,15,97,38.2
30083569,4,back pain,2,94,93,100,17,98,36.2
30083570,3,shortness of breath,6,88,127,75,17,96,36.7
30083571,3,anxiety,2,91,152,55,17,92,36.7
30083572,4,abdominal pain,7,95,133,83,16,97,37.6
30083573,3,fall,0,91,132,94,16,96,36.9
30083574,2,chest pain,6,53,108,95,15,100,36.1
30083575,4,anxiety,1,72,132,91,21,95,37.1
30083576,3,anxiety,6,70,144,73,19,89,35.9
30083577,2,fall,7,82,128,74,21,97,36.0
30083578,2,fever,8,104,146,56,14,98,37.2
30083579,3,anxiety,5,81,88,83,11,96,37.5
30083580,1,shortness of breath,9,95,166,102,19,100,38.3
30083581,1,shortness of breath,9,69,124,101,18,95,38.3
30083582,1,anxiety,9,83,102,94,19,97,36.9
30083583,3,anxiety,1,81,112,76,19,98,38.4
30083584,3,fall,1,91,127,104,17,100,37.5
30083585,4,chest pain,6,96,167,65,9,95,37.2
30083586,5,fall,7,78,140,67,17,92,37.5
30083587,4,back pain,4,102,102,81,21,98,36.5
30083588,2,shortness of breath,6,103,118,49,19,100,37.7
30083589,5,laceration,4,94,142,68,21,96,37.2
30083590,2,anxiety,9,74,117,64,16,100,37.0
30083591,3,headache,7,85,133,67,21,95,36.8
30083592,3,chest pain,2,78,102,77,15,94,37.1
30083593,2,fall,9,48,150,79,23,96,36.3
30083594,3,knee pain,6,119,116,81,23,100,36.8
30083595,3,laceration,1,66,114,85,20,97,38.2
30083596,3,fever,7,60,167,93,21,96,36.9
30083597,3,fall,1,88,121,77,17,97,38.0
30083598,5,fever,2,70,124,96,14,93,37.2
30083599,1,chest pain,6,98,132,111,15,99,36.6
30083600,4,anxiety,6,64,133,91,19,92,36.3
30083601,2,laceration,9,97,105,100,17,95,35.7
30083602,3,knee pain,5,77,119,73,20,94,38.3
30083603,4,shortness of breath,1,106,154,69,18,94,37.4
30083604,3,laceration,4,101,120,68,18,97,37.6
30083605,3,laceration,2,79,159,77,17,97,36.3
30083606,1,headache,10,85,131,76,14,96,36.2
30083607,4,chest pain,7,73,143,52,15,98,37.0
30083608,3,knee pain,0,80,128,94,24,99,37.3
30083609,2,headache,9,68,124,64,13,98,37.8
30083610,5,knee pain,4,92,158,107,19,95,37.6
30083611,3,knee pain,6,85,115,76,17,93,36.3
30083612,3,anxiety,7,79,103,83,16,94,36.7
30083613,1,fever,8,73,115,77,24,96,36.8
30083614,3,shortness of breath,6,87,153,87,17,94,36.6
30083615,1,anxiety,8,72,90,80,19,94,36.7
30083616,5,abdominal pain,0,76,138,64,19,100,37.2
30083617,4,headache,3,65,152,108,13,100,35.9
30083618,3,fall,6,75,118,90,22,94,37.0
30083619,3,fever,6,103,108,93,18,96,36.2
30083620,2,anxiety,7,106,148,91,14,96,37.8
30083621,2,headache,7,71,155,104,17,97,36.8
30083622,4,shortness of breath,6,81,116,69,19,94,38.3
30083623,3,abdominal pain,7,88,120,74,28,97,36.2
30083624,3,anxiety,6,81,118,80,26,91,36.4
30083625,3,knee pain,1,71,117,80,18,100,36.4
30083626,2,anxiety,8,78,141,91,15,100,37.0
30083627,3,knee pain,3,86,139,69,12,100,36.6
30083628,5,anxiety,5,114,141,83,9,95,36.4
30083629,3,laceration,4,70,103,43,18,99,36.8
30083630,4,headache,1,88,107,72,23,97,36.8
30083631,1,chest pain,6,94,140,65,19,94,37.9
30083632,3,fall,2,93,93,66,18,94,38.2
30083633,4,shortness of breath,7,94,137,86,18,96,37.1
30083634,1,fever,7,88,131,56,20,97,36.9
30083635,4,shortness of breath,0,75,108,80,19,96,36.9
30083636,4,fall,7,79,106,71,18,100,36.9
30083637,3,abdominal pain,1,58,165,74,24,95,36.7
30083638,3,knee pain,2,88,154,79,13,95,37.4
30083639,3,anxiety,5,79,97,72,17,92,37.5
30083640,2,anxiety,10,90,98,96,19,97,36.9
30083641,2,chest pain,7,91,136,85,27,96,37.7
30083642,3,fall,4,76,108,109,17,97,35.5
30083643,3,knee pain,5,75,116,76,19,96,37.8
30083644,1,headache,6,110,127,102,15,96,36.9
30083645,3,headache,5,87,119,86,23,96,37.1
30083646,1,chest pain,8,63,157,97,22,100,36.2
30083647,2,anxiety,8,111,99,68,15,97,36.6
30083648,3,back pain,1,101,126,97,13,95,37.2
30083649,3,chest pain,3,99,131,68,17,94,35.5
30083650,3,chest pain,4,90,108,94,12,93,37.1
30083651,3,headache,2,57,138,77,18,100,37.5
30083652,1,back pain,8,70,113,94,19,99,37.5
30083653,3,fall,2,88,132,67,23,100,37.6
30083654,3,abdominal pain,6,95,116,63,17,97,36.6
30083655,3,laceration,2,70,113,94,16,92,37.6
30083656,4,headache,6,56,106,64,24,95,36.6
30083657,3,laceration,1,64,146,75,18,100,38.1
30083658,3,knee pain,3,92,123,80,19,100,37.7
30083659,2,knee pain,9,84,126,77,20,99,37.0
30083660,3,chest pain,1,101,79,76,22,97,36.6
30083661,4,abdominal pain,2,103,129,72,26,100,36.1
30083662,3,headache,7,71,113,84,20,96,36.7
30083663,3,shortness of breath,1,53,91,81,21,100,37.1
30083664,3,headache,0,95,112,67,17,93,36.7
30083665,3,fall,1,60,150,66,27,96,37.0
30083666,2,laceration,9,106,105,89,26,96,36.1
30083667,2,fall,7,92,147,94,19,100,35.3
30083668,1,laceration,6,57,140,70,18,98,37.6
30083669,3,fall,4,83,96,99,24,93,36.9
30083670,3,chest pain,3,87,97,75,26,91,37.2
30083671,2,abdominal pain,8,93,109,82,16,100,37.8
30083672,3,abdominal pain,2,95,120,66,21,94,35.7
30083673,4,knee pain,0,104,123,69,18,94,36.4
30083674,3,shortness of breath,2,94,123,84,22,91,36.7
30083675,3,knee pain,0,81,131,54,19,100,35.6
30083676,2,anxiety,8,70,112,85,16,100,37.2
30083677,3,headache,4,84,114,76,16,100,37.1
30083678,4,fall,0,101,115,95,22,97,37.2
30083679,2,chest pain,6,112,139,84,19,94,36.1
30083680,2,fall,7,79,135,110,18,96,37.9
30083681,3,anxiety,5,100,104,87,11,96,37.6
30083682,4,headache,0,75,72,84,17,97,36.5
30083683,4,fall,0,76,130,74,22,100,36.9
30083684,3,laceration,2,114,115,112,20,95,36.5
30083685,3,shortness of breath,4,91,125,108,20,92,36.5
30083686,4,back pain,0,104,121,62,14,99,38.4
30083687,3,back pain,3,90,128,66,23,99,37.1
30083688,4,knee pain,3,75,115,62,21,97,36.7
30083689,3,fall,1,82,99,81,23,96,35.7
30083690,3,laceration,3,93,150,86,21,100,35.7
30083691,4,laceration,1,68,104,87,25,100,37.6
30083692,4,shortness of breath,2,54,119,71,17,96,36.1
30083693,4,shortness of breath,5,91,111,94,15,97,37.5
30083694,5,knee pain,5,76,113,102,17,95,37.1
30083695,5,back pain,6,108,120,80,16,98,37.9
30083696,3,anxiety,3,79,123,100,21,94,35.7
30083697,2,anxiety,8,69,138,74,11,93,38.1
30083698,4,laceration,1,90,116,86,17,94,37.2
30083699,2,anxiety,6,87,91,91,14,94,37.4
30083700,2,anxiety,9,78,117,67,20,100,38.6
30083701,4,knee pain,3,102,130,84,11,99,37.2
30083702,3,headache,1,82,151,66,18,93,37.2
30083703,4,headache,7,100,93,97,18,97,36.2
30083704,3,fall,0,70,110,74,10,97,35.1
30083705,2,chest pain,9,89,100,75,16,100,37.8
30083706,4,fever,4,93,131,75,16,98,37.6
30083707,3,headache,3,96,153,84,17,99,37.6
30083708,3,abdominal pain,7,99,116,90,28,100,37.3
30083709,1,fall,6,57,102,69,18,100,35.6
30083710,3,anxiety,1,87,117,74,23,100,36.6
30083711,3,laceration,0,96,163,47,19,100,36.6
30083712,3,headache,1,84,145,73,21,100,37.2
30083713,4,abdominal pain,2,86,148,64,15,94,37.8
30083714,3,shortness of breath,0,75,134,62,19,93,37.4
30083715,4,anxiety,7,106,133,79,18,97,36.4
30083716,5,back pain,0,99,132,73,16,96,37.8
30083717,4,back pain,7,99,125,75,15,100,35.0
30083718,5,chest pain,4,77,118,49,12,100,36.5
30083719,2,knee pain,9,76,153,65,23,100,37.5
30083720,3,headache,0,123,107,91,17,96,38.2
30083721,2,knee pain,8,101,130,65,14,97,38.1
30083722,3,headache,3,96,121,90,16,96,36.8
30083723,5,fever,5,67,103,65,21,96,37.3
30083724,3,knee pain,1,91,119,80,22,100,36.6
30083725,3,anxiety,2,105,167,75,14,96,35.4
30083726,2,abdominal pain,9,96,111,64,16,97,36.6
30083727,3,knee pain,3,87,114,92,19,93,35.6
30083728,3,knee pain,2,78,110,82,17,95,36.0
30083729,3,knee pain,2,96,114,72,15,95,37.1
30083730,2,fall,10,78,130,65,21,96,36.0
30083731,4,headache,6,90,116,79,11,100,37.4
30083732,3,fall,7,74,141,75,19,97,36.9
30083733,3,back pain,2,83,121,70,12,95,36.3
30083734,3,fever,2,85,111,73,18,97,37.3
30083735,3,shortness of breath,7,76,158,76,20,100,37.3
30083736,3,knee pain,7,85,118,76,23,100,35.9
30083737,4,knee pain,1,47,127,109,23,100,35.8
30083738,5,back pain,1,98,114,71,12,95,38.6
30083739,2,laceration,8,76,132,74,10,99,36.9
30083740,4,shortness of breath,7,69,153,87,17,93,37.1
30083741,4,shortness of breath,0,98,158,93,13,98,37.2
30083742,4,fever,0,85,108,86,19,91,37.7
30083743,3,fever,5,83,153,93,24,95,36.4
30083744,3,back pain,2,108,126,58,19,99,36.7
30083745,3,knee pain,7,93,128,73,23,99,36.8
30083746,2,headache,9,94,142,58,13,100,37.0
30083747,1,shortness of breath,6,99,174,62,19,99,37.9
30083748,3,knee pain,0,72,118,98,17,92,37.4
30083749,4,back pain,6,100,88,75,25,100,36.7
30083750,3,abdominal pain,0,97,105,60,20,96,37.6
30083751,3,knee pain,5,68,119,109,12,100,37.6
30083752,3,chest pain,5,121,98,79,24,96,37.5
30083753,4,anxiety,1,85,130,86,15,95,36.6
30083754,5,fever,1,102,110,91,10,96,36.7
30083755,2,back pain,8,84,134,98,21,100,37.3
30083756,3,shortness of breath,7,100,141,64,16,99,36.9
30083757,2,laceration,7,59,119,83,15,96,37.0
30083758,3,chest pain,0,87,116,92,17,97,35.3
30083759,3,laceration,5,91,115,95,18,93,36.2
30083760,3,back pain,1,89,149,72,14,100,37.5
30083761,4,abdominal pain,0,87,125,69,18,98,37.4
30083762,1,abdominal pain,9,79,126,55,16,100,36.4
30083763,5,fever,2,68,153,71,17,96,36.3
30083764,3,knee pain,3,78,132,73,23,95,38.4
30083765,1,fall,7,100,117,55,20,100,37.8
30083766,4,back pain,1,98,92,81,13,98,36.4
30083767,3,fall,0,64,91,68,23,95,36.8
30083768,4,fall,5,101,93,70,18,88,37.1
30083769,3,fever,2,97,114,60,24,100,37.6
30083770,3,chest pain,0,68,146,83,25,93,36.6
30083771,3,back pain,1,73,173,87,13,96,36.1
30083772,5,abdominal pain,5,86,99,70,20,100,37.5
30083773,3,fall,4,99,92,69,17,100,36.4
30083774,3,knee pain,2,70,148,64,20,100,36.2
30083775,3,knee pain,3,88,130,83,14,97,36.8
30083776,3,back pain,2,115,133,97,20,97,37.1
30083777,3,knee pain,0,89,143,65,24,99,36.1
30083778,3,anxiety,0,94,123,94,17,99,38.1
30083779,3,knee pain,1,83,135,87,20,96,37.4
30083780,3,knee pain,2,86,115,93,19,93,36.9
30083781,3,anxiety,7,91,142,45,13,99,36.1
30083782,3,laceration,2,60,137,64,18,98,36.5
30083783,2,knee pain,10,94,137,105,22,96,36.4
30083784,3,knee pain,6,73,122,81,10,96,36.9
30083785,3,chest pain,2,72,87,62,15,95,37.1
30083786,3,shortness of breath,5,78,116,94,19,98,36.4
30083787,2,knee pain,10,107,108,89,20,100,36.9
30083788,3,knee pain,4,94,159,73,24,100,37.6
30083789,5,laceration,2,78,141,78,19,94,36.9
30083790,4,chest pain,3,84,125,61,13,99,38.3
30083791,5,knee pain,6,67,121,63,12,96,37.0
30083792,3,fall,4,80,116,103,22,99,38.2
30083793,4,laceration,3,95,117,92,25,98,38.0
30083794,3,back pain,2,81,135,69,18,97,38.3
30083795,5,anxiety,6,115,126,72,14,100,38.0
30083796,3,fall,7,87,132,82,16,91,37.2
30083797,2,laceration,8,81,167,70,16,98,37.1
30083798,4,laceration,4,89,131,104,19,100,36.7
30083799,4,fever,3,64,127,65,22,95,36.4
30083800,2,back pain,8,66,119,92,24,100,39.0
30083801,4,anxiety,4,73,112,97,10,97,38.1
30083802,3,headache,2,67,135,93,18,98,36.3
30083803,2,laceration,10,81,103,74,11,100,36.6
30083804,5,abdominal pain,1,91,126,67,16,96,38.2
30083805,4,knee pain,5,72,138,71,13,97,36.3
30083806,4,abdominal pain,4,66,147,90,19,92,36.1
30083807,3,headache,1,76,161,81,20,96,37.8
30083808,5,back pain,6,102,115,68,25,92,36.3
30083809,2,chest pain,7,76,121,69,18,98,35.6
30083810,2,knee pain,6,111,114,83,21,97,37.5
30083811,3,laceration,1,75,162,89,20,98,36.7
30083812,3,abdominal pain,2,79,113,95,9,96,37.5
30083813,5,shortness of breath,0,89,120,84,20,95,37.4
30083814,3,fever,7,86,95,82,21,98,36.6
30083815,4,abdominal pain,4,69,112,83,21,99,36.2
30083816,3,chest pain,4,90,137,73,13,96,36.4
30083817,3,chest pain,7,82,138,67,20,98,37.3
30083818,3,anxiety,7,106,162,83,26,99,37.2
30083819,3,fall,5,90,112,107,21,96,36.9
30083820,3,fever,3,100,104,95,16,100,37.6
30083821,3,shortness of breath,3,53,151,99,16,92,37.9
30083822,2,fever,10,67,140,105,23,98,37.0
30083823,4,abdominal pain,0,91,134,84,15,100,37.1
30083824,2,fever,9,67,117,79,16,97,36.9
30083825,3,headache,7,79,116,106,25,97,36.7
30083826,4,chest pain,1,35,131,70,10,94,38.2
30083827,2,chest pain,8,58,102,85,14,92,37.0
30083828,2,laceration,7,98,107,55,19,97,37.6
30083829,2,knee pain,8,83,123,72,7,100,35.4
30083830,3,fever,1,96,113,80,15,99,37.5
30083831,2,headache,9,105,132,79,22,97,37.5
30083832,1,knee pain,9,94,107,102,27,100,37.4
30083833,3,fever,1,58,158,109,14,93,37.0
30083834,2,fever,10,73,110,60,16,97,36.3
30083835,3,chest pain,4,110,156,105,19,95,37.4
30083836,3,laceration,2,60,111,53,17,97,38.3
30083837,3,shortness of breath,2,70,122,55,23,96,35.8
30083838,4,fall,0,71,129,77,20,99,37.4
30083839,3,headache,5,90,155,78,20,94,36.2
30083840,3,back pain,2,80,141,121,16,92,37.0
30083841,3,fall,3,98,134,76,16,97,35.9
30083842,5,laceration,0,104,155,99,15,95,36.8
30083843,3,knee pain,7,57,113,90,17,97,37.9
30083844,4,chest pain,2,71,112,68,19,94,36.8
30083845,3,shortness of breath,7,84,100,89,26,99,38.1
30083846,4,shortness of breath,0,81,162,69,15,97,35.8
30083847,2,chest pain,8,71,144,89,15,94,38.4
30083848,3,knee pain,7,86,117,69,25,96,37.0
30083849,4,back pain,7,86,119,102,17,100,37.7
30083850,3,abdominal pain,6,72,142,83,16,96,37.1
30083851,4,shortness of breath,1,85,146,70,17,92,38.5
30083852,4,fever,0,99,121,77,22,99,36.2
30083853,1,fall,7,92,100,80,16,97,37.6
30083854,3,abdominal pain,0,85,145,44,19,96,36.8
30083855,3,fever,4,91,142,94,24,94,37.2
30083856,3,fall,7,89,107,92,15,91,37.2
30083857,3,abdominal pain,1,84,122,106,14,92,37.6
30083858,4,fever,2,79,98,76,18,100,35.9
30083859,3,chest pain,4,114,127,66,16,96,38.5
30083860,2,fall,6,79,126,84,11,99,36.0
30083861,5,laceration,5,52,127,73,20,99,36.7
30083862,2,fall,8,96,151,78,18,100,37.9
30083863,3,laceration,1,96,117,78,20,97,36.0
30083864,3,headache,4,91,111,69,19,95,36.9
30083865,3,laceration,3,81,142,90,26,93,35.8
30083866,3,shortness of breath,3,68,86,103,16,100,35.8
30083867,4,fever,3,69,89,66,16,100,37.0
30083868,2,back pain,8,60,121,95,14,100,37.5
30083869,3,abdominal pain,7,81,168,45,20,96,36.9
30083870,3,laceration,7,81,145,60,21,100,37.7
30083871,4,laceration,7,75,107,83,16,98,35.8
30083872,4,headache,7,78,110,58,15,97,38.5
30083873,4,laceration,7,93,152,91,23,99,37.8
30083874,3,laceration,5,96,123,72,18,96,37.7
30083875,3,fall,4,85,107,79,20,100,37.6
30083876,5,headache,2,72,130,83,14,93,37.9
30083877,4,fever,0,97,110,80,10,100,37.0
30083878,4,back pain,5,86,115,88,20,100,36.6
30083879,3,fever,0,106,100,87,19,97,36.4
30083880,3,back pain,3,114,125,71,10,92,37.2
30083881,5,knee pain,2,117,136,93,19,100,36.5
30083882,5,fever,6,58,149,83,13,100,37.1
30083883,3,abdominal pain,6,88,170,88,18,94,37.0
30083884,3,knee pain,1,82,99,78,14,96,36.5
30083885,2,fever,9,90,149,88,21,94,35.7
30083886,4,knee pain,0,73,124,71,25,94,37.5
30083887,3,fall,4,87,132,68,17,98,36.9
30083888,3,anxiety,6,103,138,85,12,98,36.9
30083889,2,laceration,9,101,173,75,21,100,35.7
30083890,3,shortness of breath,5,78,91,74,25,97,37.0
30083891,1,chest pain,7,109,117,78,15,98,37.1
30083892,3,back pain,1,57,108,85,24,95,36.7
30083893,3,headache,3,85,113,98,12,93,36.8
30083894,2,shortness of breath,7,70,169,74,22,93,37.2
30083895,3,back pain,1,95,100,99,21,100,36.3
30083896,3,headache,6,87,94,79,14,92,37.4
30083897,3,chest pain,6,89,124,78,21,95,38.3
30083898,4,fall,1,95,119,50,15,96,37.4
30083899,4,knee pain,0,86,82,87,10,93,36.9
30083900,3,back pain,4,110,133,75,20,95,36.9
30083901,3,back pain,2,72,136,73,17,96,37.2
30083902,1,anxiety,10,91,133,61,17,95,37.3
30083903,4,abdominal pain,0,90,112,67,17,95,37.1
30083904,3,shortness of breath,4,69,117,82,10,94,35.5
30083905,3,laceration,4,108,129,69,18,100,36.4
30083906,3,laceration,7,97,113,107,16,98,37.5
30083907,2,chest pain,6,69,127,78,15,97,36.8
30083908,3,back pain,5,71,133,79,12,92,38.1
30083909,4,fall,1,93,154,81,17,100,38.1
30083910,3,shortness of breath,1,126,102,89,18,98,37.7
30083911,5,back pain,4,68,122,71,11,95,36.6
30083912,3,laceration,5,76,109,84,19,96,36.8
30083913,4,laceration,3,78,130,82,19,95,37.0
30083914,5,shortness of breath,5,86,117,59,12,93,37.0
30083915,1,headache,10,92,123,93,19,95,37.1
30083916,3,knee pain,2,86,149,64,21,99,36.5
30083917,3,chest pain,1,79,84,65,14,96,36.9
30083918,3,chest pain,1,67,144,64,20,100,38.3
30083919,3,fall,4,79,150,79,22,100,35.9
30083920,3,fall,7,112,170,72,23,97,36.9
30083921,3,laceration,2,67,148,52,14,94,36.6
30083922,3,laceration,7,67,128,90,15,93,38.2
30083923,3,anxiety,5,58,145,70,25,95,36.1
30083924,3,knee pain,7,93,159,94,18,94,37.2
30083925,3,abdominal pain,1,87,99,77,18,99,36.9
30083926,3,fever,0,76,93,109,16,97,37.3
30083927,3,fall,1,103,143,86,20,99,37.4
30083928,2,chest pain,10,78,117,83,30,96,37.1
30083929,3,chest pain,0,89,109,98,11,95,35.4
30083930,2,laceration,10,106,140,70,19,100,36.5
30083931,3,anxiety,4,117,123,55,15,100,38.2
30083932,3,chest pain,3,100,122,74,21,93,37.2
30083933,3,abdominal pain,2,96,166,62,26,99,37.0
30083934,3,laceration,5,52,107,106,15,98,36.3
30083935,2,chest pain,8,71,84,84,17,98,36.9
30083936,3,back pain,4,66,120,69,19,100,37.3
30083937,3,chest pain,4,100,97,66,14,98,37.3
30083938,3,fever,3,59,92,94,19,95,37.6
30083939,3,knee pain,6,70,100,78,21,98,36.5
30083940,3,fever,3,103,98,85,16,99,37.9
30083941,3,chest pain,4,88,112,81,14,98,36.9
30083942,4,back pain,1,88,134,88,11,97,37.0
30083943,4,shortness of breath,5,97,91,79,16,94,36.5
30083944,3,headache,4,82,105,66,21,95,37.1
30083945,3,fever,5,55,102,78,20,94,36.1
30083946,3,back pain,6,93,119,51,16,96,36.7
30083947,3,laceration,4,78,106,78,24,97,36.8
30083948,3,chest pain,5,82,103,62,14,99,38.1
30083949,2,shortness of breath,7,104,120,74,16,92,36.9
30083950,3,fall,6,88,118,78,26,97,37.2
30083951,4,chest pain,4,65,126,83,13,100,36.1
30083952,4,shortness of breath,4,81,143,77,21,98,36.5
30083953,3,anxiety,5,76,115,98,19,98,36.3
30083954,2,anxiety,9,106,129,70,25,100,38.2
30083955,3,fever,3,91,137,81,18,96,36.4
30083956,3,knee pain,0,90,146,93,18,100,37.4
30083957,4,headache,2,92,109,82,17,100,37.0
30083958,5,laceration,4,73,133,61,12,98,37.0
30083959,4,fall,0,90,112,95,17,100,36.5
30083960,1,shortness of breath,6,94,126,63,22,100,36.2
30083961,3,knee pain,0,68,92,93,22,98,37.0
30083962,4,fall,3,84,102,59,22,99,37.2
30083963,3,back pain,6,100,164,92,19,100,36.8
30083964,3,chest pain,7,85,127,65,13,100,37.3
30083965,2,headache,8,80,128,104,16,98,36.9
30083966,1,back pain,7,78,150,82,24,92,37.8
30083967,3,abdominal pain,2,67,123,87,13,96,37.3
30083968,2,shortness of breath,6,90,119,64,16,97,36.7
30083969,3,fall,7,116,141,100,24,98,36.9
30083970,3,shortness of breath,1,104,113,84,19,99,36.3
30083971,4,headache,4,85,137,68,17,98,37.3
30083972,4,anxiety,5,100,85,64,12,97,36.7
30083973,2,back pain,8,107,95,58,22,100,36.4
30083974,2,headache,8,84,136,93,10,96,35.9
30083975,3,knee pain,7,68,126,73,23,100,36.2
30083976,2,anxiety,8,93,147,48,18,96,36.7
30083977,2,chest pain,6,70,150,70,15,97,38.3
30083978,3,chest pain,6,78,128,114,19,94,39.2
30083979,2,fall,8,106,101,95,17,96,36.6
30083980,2,laceration,10,90,94,107,19,100,38.1
30083981,3,back pain,1,81,101,101,19,99,37.3
30083982,2,laceration,7,84,116,66,16,100,38.5
30083983,3,knee pain,5,102,144,101,22,91,36.9
30083984,3,laceration,7,68,111,65,17,100,37.0
30083985,4,abdominal pain,7,75,124,100,19,92,37.7
30083986,4,fever,5,110,77,119,15,100,36.9
30083987,3,chest pain,4,72,127,48,4,95,36.4
30083988,3,fever,4,104,150,65,16,96,38.0
30083989,3,anxiety,5,109,113,84,14,96,37.7
30083990,3,headache,4,73,170,94,16,100,35.6
30083991,3,anxiety,7,63,139,104,22,97,37.5
30083992,5,abdominal pain,3,87,146,69,16,97,36.2
30083993,4,abdominal pain,5,88,138,49,17,94,37.3
30083994,1,knee pain,10,77,113,75,15,96,35.3
30083995,4,shortness of breath,4,99,108,64,21,97,38.0
30083996,2,laceration,10,111,121,82,13,97,35.5
30083997,2,headache,9,75,147,67,16,100,37.2
30083998,2,abdominal pain,10,85,135,92,16,98,38.0
30083999,3,laceration,0,105,146,83,21,99,38.0
30084000,3,anxiety,1,61,170,100,24,93,37.3
30084001,2,abdominal pain,6,77,109,82,22,99,37.9
30084002,3,back pain,2,59,125,72,15,94,37.9
30084003,3,fall,7,52,95,91,20,93,37.0
30084004,4,fever,6,79,108,90,18,96,36.2
30084005,5,headache,0,71,113,59,13,100,37.7
30084006,3,knee pain,4,75,172,74,20,100,37.9
30084007,3,fall,3,96,103,75,18,96,37.2
30084008,4,headache,1,65,156,107,13,96,37.0
30084009,4,chest pain,4,89,121,63,17,99,36.6
30084010,4,abdominal pain,7,79,106,85,18,96,38.0
30084011,3,chest pain,2,68,149,97,13,98,36.2
30084012,3,back pain,3,111,147,76,16,92,36.8
30084013,2,anxiety,9,97,94,97,11,96,37.3
30084014,2,laceration,7,82,100,77,16,98,36.7
30084015,3,back pain,3,79,109,70,24,96,36.3
30084016,3,back pain,5,115,101,60,16,98,37.8
30084017,3,knee pain,3,64,131,70,20,96,37.4
30084018,2,anxiety,8,74,134,80,24,93,36.3
30084019,3,knee pain,2,81,111,93,14,97,37.2
30084020,3,abdominal pain,3,104,106,70,8,97,36.0
30084021,4,shortness of breath,5,100,111,69,25,99,36.9
30084022,4,headache,5,99,132,88,20,99,36.7
30084023,5,shortness of breath,6,79,150,75,19,100,36.4
30084024,5,chest pain,1,99,129,72,22,97,37.6
30084025,2,anxiety,10,85,119,91,16,97,37.0
30084026,3,anxiety,6,93,104,71,17,100,37.8
30084027,2,shortness of breath,9,88,99,66,18,99,37.3
30084028,4,headache,3,79,165,71,19,94,35.5
30084029,4,fever,6,105,145,75,18,95,37.3
30084030,3,headache,3,96,98,98,14,100,37.0
30084031,3,knee pain,5,101,114,91,12,93,36.7
30084032,3,back pain,2,74,98,72,20,95,36.6
30084033,2,headache,8,64,129,79,20,96,36.8
30084034,4,back pain,6,87,137,71,15,100,36.0
30084035,2,chest pain,7,92,117,95,11,96,37.5
30084036,3,abdominal pain,5,88,136,88,18,98,37.3
30084037,4,chest pain,3,64,103,85,17,100,37.1
30084038,3,knee pain,5,94,116,84,20,94,36.6
30084039,4,fever,2,91,104,76,12,95,37.5
30084040,4,shortness of breath,6,85,134,62,23,96,38.1
30084041,2,headache,10,65,142,99,24,97,36.6
30084042,2,fall,7,69,116,93,24,97,37.6
30084043,2,headache,9,64,92,73,22,95,37.2
30084044,4,knee pain,6,84,122,98,19,100,38.1
30084045,4,laceration,2,90,186,62,27,97,38.1
30084046,4,fever,1,66,124,90,16,100,37.9
30084047,3,headache,6,76,120,70,12,97,36.8
30084048,3,headache,0,87,94,77,13,99,37.3
30084049,3,headache,1,100,136,90,14,99,37.7
30084050,2,fever,6,97,109,95,21,99,36.0
30084051,2,laceration,6,79,137,93,17,100,36.9
30084052,5,fever,7,101,89,91,17,98,37.2
30084053,2,fall,6,82,145,92,13,96,37.1
30084054,4,fall,5,73,106,86,22,100,37.4
30084055,3,knee pain,4,59,154,102,25,91,37.5
30084056,4,fever,2,69,118,100,25,98,36.1
30084057,4,anxiety,7,92,80,92,19,92,36.6
30084058,3,knee pain,2,69,119,67,19,100,37.5
30084059,3,fall,7,94,102,96,15,95,37.5
30084060,2,headache,9,84,113,96,21,100,37.3
30084061,3,shortness of breath,2,89,112,116,11,96,36.3
30084062,3,back pain,6,77,117,64,15,98,35.9
30084063,4,fall,2,101,152,59,18,97,36.6
30084064,4,back pain,5,66,148,67,19,98,36.3
30084065,3,abdominal pain,0,44,76,101,15,100,36.8
30084066,2,anxiety,7,90,122,79,14,95,36.3
30084067,3,fever,2,88,82,89,19,97,37.8
30084068,3,anxiety,3,67,154,86,13,95,36.4
30084069,1,laceration,6,95,123,89,20,95,38.0
30084070,3,fall,1,114,119,78,19,96,36.0
30084071,4,anxiety,0,88,130,85,15,93,36.5
30084072,3,headache,3,88,148,92,12,94,37.7
30084073,3,back pain,6,91,119,82,19,93,36.8
30084074,3,shortness of breath,1,67,132,72,13,99,37.6
30084075,4,fall,7,76,122,81,18,100,36.8
30084076,3,knee pain,0,64,145,80,16,94,35.6
30084077,3,fever,3,76,111,70,17,96,37.8
30084078,4,shortness of breath,3,63,129,84,12,98,36.8
30084079,3,back pain,6,72,142,72,23,100,38.1
30084080,4,anxiety,3,88,159,89,16,95,36.6
30084081,3,chest pain,6,69,113,102,21,96,35.8
30084082,3,chest pain,4,85,138,79,18,90,36.5
30084083,2,shortness of breath,10,86,102,61,22,93,38.8
30084084,4,fever,2,76,122,127,22,92,36.2
30084085,3,back pain,0,53,121,95,22,100,38.3
30084086,3,headache,0,101,105,99,20,100,38.5
30084087,5,back pain,7,91,111,73,21,99,36.2
30084088,3,laceration,2,108,113,79,21,97,36.7
30084089,2,back pain,10,90,140,93,26,97,37.2
30084090,1,laceration,9,79,106,85,24,100,38.7
30084091,3,chest pain,6,82,123,81,27,93,37.2
30084092,2,abdominal pain,6,93,134,62,17,97,37.1
30084093,4,fall,1,82,131,50,18,95,36.1
30084094,3,headache,2,81,138,78,15,95,36.9
30084095,1,headache,9,90,118,80,21,97,36.0
30084096,2,fever,7,86,131,89,24,96,34.8
30084097,3,anxiety,2,120,136,78,17,98,35.7
30084098,3,anxiety,4,66,117,90,20,98,37.3
30084099,4,headache,1,73,143,97,19,100,37.1
30084100,4,headache,0,105,152,84,14,96,36.7
30084101,4,chest pain,1,88,117,79,15,100,38.1
30084102,3,fever,3,82,128,94,18,100,37.4
30084103,3,fever,7,85,134,94,21,100,36.4
30084104,3,back pain,7,79,146,85,21,100,37.9
30084105,3,fall,5,91,129,77,21,89,38.5
30084106,3,laceration,6,89,107,43,15,98,37.6
30084107,2,shortness of breath,7,104,125,87,11,92,36.8
30084108,3,laceration,6,107,164,61,22,100,36.8
30084109,2,fever,10,45,142,93,16,97,37.3
30084110,3,laceration,1,69,123,64,20,93,36.6
30084111,3,abdominal pain,1,74,103,118,12,100,38.6
30084112,2,chest pain,8,74,99,71,20,94,37.2
30084113,3,back pain,0,85,120,93,14,100,37.4
30084114,1,headache,10,100,160,73,21,93,37.2
30084115,4,knee pain,7,72,91,42,12,98,37.0
30084116,2,fever,6,78,152,79,14,94,37.8
30084117,2,shortness of breath,9,79,92,98,16,98,36.6
30084118,1,abdominal pain,9,76,100,100,16,98,37.7
30084119,3,headache,7,94,95,84,21,98,35.1
30084120,4,knee pain,3,76,124,85,12,90,37.9
30084121,3,abdominal pain,4,95,132,76,10,93,36.4
30084122,2,abdominal pain,8,97,122,61,18,95,37.0
30084123,3,fall,7,72,128,78,20,100,36.9
30084124,3,back pain,1,109,132,36,17,100,37.4
30084125,3,chest pain,1,121,127,88,16,100,37.1
30084126,3,knee pain,3,100,163,86,17,94,35.8
30084127,3,anxiety,7,74,150,64,19,100,36.9
30084128,3,headache,5,63,111,85,19,95,34.9
30084129,3,shortness of breath,1,87,117,86,21,99,38.0
30084130,3,laceration,0,49,106,87,17,95,37.2
30084131,3,abdominal pain,1,117,77,70,20,100,37.4
30084132,3,anxiety,5,98,113,57,18,99,36.6
30084133,4,fall,1,99,129,57,12,98,36.4
30084134,3,fall,5,77,145,86,18,100,37.6
30084135,2,back pain,7,91,129,67,10,100,35.5
30084136,2,knee pain,8,77,165,99,20,91,36.5
30084137,3,chest pain,2,87,137,79,14,100,37.7
30084138,3,laceration,2,86,102,97,10,99,36.6
30084139,3,back pain,7,100,135,71,24,94,35.7
30084140,3,headache,5,75,154,96,21,93,37.5
30084141,1,anxiety,10,77,136,82,18,98,36.2
30084142,3,fall,6,71,159,87,14,96,36.8
30084143,3,fall,1,53,92,96,14,94,36.4
30084144,3,chest pain,3,106,152,70,28,96,37.3
30084145,3,laceration,7,119,129,91,15,100,36.7
30084146,4,abdominal pain,6,79,107,74,26,100,37.0
30084147,3,fever,2,79,133,83,11,100,36.8
30084148,3,back pain,6,85,144,71,20,97,36.2
30084149,4,abdominal pain,0,82,102,85,21,99,39.0
30084150,4,shortness of breath,7,87,102,84,18,95,38.2
30084151,2,shortness of breath,7,89,103,71,22,100,37.4
30084152,3,anxiety,0,90,153,111,15,99,35.7
30084153,3,shortness of breath,2,62,144,82,13,100,35.9
30084154,3,fever,2,82,146,79,24,97,36.2
30084155,4,laceration,2,101,141,97,16,97,37.3
30084156,3,chest pain,0,95,128,67,21,99,35.7
30084157,1,shortness of breath,9,89,101,106,18,99,36.6
30084158,3,anxiety,2,94,142,72,15,97,38.2
30084159,2,knee pain,6,93,110,90,13,98,37.0
30084160,2,abdominal pain,8,116,112,106,15,97,36.1
30084161,4,shortness of breath,7,93,116,105,21,100,36.4
30084162,4,chest pain,1,67,82,101,23,100,37.4
30084163,2,fever,9,88,84,83,18,97,39.3
30084164,3,anxiety,6,77,105,98,12,100,38.6
30084165,4,chest pain,5,100,96,87,13,97,37.1
30084166,3,shortness of breath,2,74,165,78,14,96,35.9
30084167,3,knee pain,5,73,124,92,19,97,35.7
30084168,4,laceration,5,94,117,74,14,94,37.0
30084169,4,headache,6,71,171,94,18,95,37.6
30084170,3,shortness of breath,2,92,130,78,17,93,37.9
30084171,4,shortness of breath,0,46,90,74,12,98,36.9
30084172,4,laceration,3,81,119,78,11,94,36.4
30084173,1,fall,8,59,104,77,19,95,37.1
30084174,3,headache,5,76,121,69,14,100,36.6
30084175,2,fall,9,113,98,92,19,92,35.4
30084176,3,chest pain,2,67,73,63,15,100,37.9
30084177,5,knee pain,1,82,184,71,13,100,39.0
30084178,3,fever,5,90,94,76,17,95,37.7
30084179,4,chest pain,2,72,107,72,15,95,37.3
30084180,3,laceration,3,58,108,72,16,95,36.5
30084181,4,abdominal pain,6,57,165,86,13,98,35.3
30084182,1,fall,7,75,119,89,16,91,38.6
30084183,3,back pain,5,102,157,72,21,100,35.7
30084184,3,anxiety,1,85,114,62,18,95,38.2
30084185,3,headache,7,92,134,89,12,100,36.7
30084186,2,fever,9,61,134,66,18,93,37.3
30084187,3,back pain,7,100,128,84,13,100,38.9
30084188,3,chest pain,2,97,107,63,17,96,36.2
30084189,5,shortness of breath,4,80,110,91,16,97,37.0
30084190,3,back pain,1,121,146,71,18,95,38.0
30084191,4,fall,7,83,160,86,14,98,38.0
30084192,3,back pain,4,104,118,75,20,94,37.3
30084193,3,back pain,3,106,128,81,13,93,37.1
30084194,3,fall,5,80,88,78,20,96,37.9
30084195,3,shortness of breath,5,61,113,65,17,97,37.7
30084196,2,fall,8,69,109,59,18,100,36.7
30084197,3,headache,1,93,108,64,15,100,38.2
30084198,1,abdominal pain,6,80,99,73,13,92,36.8
30084199,3,back pain,7,83,111,83,16,100,36.0
30084200,4,back pain,7,78,117,50,10,100,36.2
30084201,3,abdominal pain,7,62,119,109,25,96,38.2
30084202,2,abdominal pain,7,82,78,91,19,94,38.6
30084203,3,chest pain,3,75,118,76,10,93,38.6
30084204,3,fall,4,51,154,83,19,97,35.7
30084205,2,chest pain,10,94,144,85,22,94,36.7
30084206,4,anxiety,6,80,142,79,17,99,36.4
30084207,2,abdominal pain,6,97,108,98,16,90,35.6
30084208,1,abdominal pain,7,76,125,80,15,95,37.0
30084209,3,abdominal pain,0,92,136,94,22,98,36.5
30084210,3,laceration,0,98,132,65,17,100,37.4
30084211,1,fall,9,102,117,80,19,93,38.4
30084212,3,back pain,0,120,120,107,14,97,38.2
30084213,2,anxiety,6,68,105,81,12,98,35.5
30084214,5,laceration,5,67,149,52,23,97,37.1
30084215,3,laceration,2,72,90,48,23,98,37.0
30084216,3,knee pain,6,92,155,98,22,91,36.1
30084217,3,back pain,0,88,119,90,18,97,36.5
30084218,3,knee pain,1,72,141,93,15,96,37.3
30084219,4,abdominal pain,7,92,124,65,23,98,38.1
30084220,3,fall,6,118,189,85,19,99,36.8
30084221,4,laceration,0,64,105,86,12,96,35.2
30084222,3,headache,6,65,127,69,26,99,37.2
30084223,4,anxiety,1,72,118,105,16,100,36.5
30084224,4,back pain,2,90,140,62,24,98,36.7
30084225,2,laceration,10,91,93,72,14,94,37.6
30084226,4,laceration,2,81,107,68,22,100,36.2
30084227,3,back pain,5,83,113,77,29,98,37.3
30084228,1,abdominal pain,7,101,136,82,23,94,36.4
30084229,3,abdominal pain,4,102,129,73,22,97,38.1
30084230,4,shortness of breath,4,72,179,84,9,97,37.8
30084231,2,fever,9,78,104,81,21,96,36.5
30084232,3,chest pain,7,91,98,68,19,96,37.5
30084233,2,abdominal pain,9,98,136,58,19,97,35.8
30084234,5,back pain,4,84,131,66,18,97,36.7
30084235,4,fever,6,90,128,106,21,94,37.2
30084236,3,back pain,7,75,130,60,18,100,37.9
30084237,4,abdominal pain,6,97,83,85,23,94,36.7
30084238,3,knee pain,1,89,101,82,22,94,37.0
30084239,3,back pain,7,87,104,101,12,100,36.6
30084240,3,fever,6,79,138,59,13,96,37.6
30084241,3,shortness of breath,4,74,119,70,19,91,38.0
30084242,3,headache,3,81,97,57,17,96,36.4
30084243,3,shortness of breath,4,74,131,79,20,96,36.7
30084244,3,chest pain,3,84,96,67,20,87,38.2
30084245,3,shortness of breath,2,88,108,101,14,99,37.6
30084246,5,fever,2,58,126,61,15,99,36.3
30084247,3,fever,7,83,147,99,18,99,36.0
30084248,3,fever,5,75,76,106,19,100,36.9
30084249,3,shortness of breath,0,84,125,64,17,93,37.5
30084250,2,chest pain,9,120,92,60,19,98,37.6
30084251,3,abdominal pain,0,90,141,47,19,100,37.2
30084252,3,abdominal pain,0,74,161,44,20,99,37.3
30084253,5,back pain,1,85,121,102,20,93,36.6
30084254,3,shortness of breath,3,61,130,56,17,95,36.8
30084255,4,laceration,6,94,136,76,12,100,36.2
30084256,4,fall,5,95,119,57,18,100,37.6
30084257,3,knee pain,7,84,133,62,13,94,37.4
30084258,3,knee pain,0,114,122,90,18,96,38.8
30084259,2,laceration,6,91,130,95,15,96,37.1
30084260,3,fall,7,78,101,84,16,97,37.1
30084261,5,fever,5,100,131,77,19,92,37.4
30084262,4,abdominal pain,3,64,135,68,13,93,36.7
30084263,3,knee pain,4,81,145,71,12,96,37.2
30084264,3,fever,1,86,137,61,18,96,36.9
30084265,3,headache,1,77,108,55,13,94,37.2
30084266,3,chest pain,1,65,138,66,24,94,36.3
30084267,2,abdominal pain,6,79,151,63,13,100,37.2
30084268,3,chest pain,0,75,138,75,19,93,37.4
30084269,3,knee pain,3,69,113,74,17,92,38.4
30084270,3,laceration,7,111,139,104,15,94,36.0
30084271,3,anxiety,3,69,131,51,13,96,36.9
30084272,3,abdominal pain,1,82,112,99,23,94,37.1
30084273,3,headache,5,77,147,87,26,93,36.4
30084274,2,back pain,10,128,108,84,21,98,36.3
30084275,4,abdominal pain,4,87,127,101,21,99,37.4
30084276,3,chest pain,7,93,105,72,19,100,37.2
30084277,1,chest pain,9,100,110,44,25,100,36.5
30084278,4,anxiety,5,93,111,74,26,96,36.9
30084279,3,abdominal pain,1,101,115,84,19,100,37.8
30084280,5,headache,3,77,123,80,11,99,36.1
30084281,4,back pain,3,77,104,85,13,94,37.4
30084282,2,chest pain,6,76,149,65,18,100,36.3
30084283,4,laceration,3,80,139,85,23,97,38.0
30084284,4,fall,4,104,157,83,21,93,37.3
30084285,2,headache,6,85,154,62,14,96,38.0
30084286,2,abdominal pain,6,68,127,68,16,97,37.3
30084287,5,fever,3,75,144,84,19,99,37.4
30084288,3,shortness of breath,4,78,108,96,21,100,37.2
30084289,4,fall,2,77,110,106,15,100,37.3
30084290,2,anxiety,9,70,94,93,18,98,36.4
30084291,2,fever,10,109,136,75,21,94,37.0
30084292,4,chest pain,2,101,127,83,17,97,36.3
30084293,3,chest pain,3,103,190,80,14,98,37.4
30084294,3,headache,6,101,98,75,18,96,37.9
30084295,5,laceration,3,93,124,64,18,94,37.4
30084296,4,anxiety,4,48,135,46,19,93,35.8
30084297,3,abdominal pain,4,104,113,53,14,100,37.2
30084298,3,fall,7,112,123,67,18,98,39.2
30084299,3,back pain,3,73,95,102,23,94,38.4
30084300,3,fever,3,97,157,63,17,94,37.1
30084301,2,abdominal pain,10,96,149,90,13,99,37.1
30084302,2,abdominal pain,6,104,107,92,7,98,37.1
30084303,3,headache,4,83,157,63,8,95,37.7
30084304,4,shortness of breath,1,81,94,74,23,92,38.3
30084305,3,fall,6,86,133,66,20,97,37.2
30084306,1,chest pain,8,79,139,55,23,97,37.4
30084307,1,back pain,10,92,143,78,14,96,36.2
30084308,3,knee pain,4,91,157,57,23,96,36.6
30084309,1,back pain,7,77,142,73,20,94,36.0
30084310,3,knee pain,6,99,127,82,20,94,38.8
30084311,5,abdominal pain,5,107,121,61,16,98,36.0
30084312,2,knee pain,8,80,177,111,14,95,36.0
30084313,3,abdominal pain,6,74,161,88,18,96,37.5
30084314,3,chest pain,0,59,114,71,13,96,36.6
30084315,4,laceration,5,90,124,82,17,100,37.6
30084316,2,fall,10,91,134,79,16,100,36.8
30084317,2,back pain,6,118,110,52,14,100,35.1
30084318,3,anxiety,1,125,122,60,21,100,37.1
30084319,3,shortness of breath,1,71,99,69,14,94,37.0
30084320,2,abdominal pain,6,78,127,63,11,96,36.6
30084321,3,shortness of breath,5,70,123,82,18,100,37.9
30084322,4,shortness of breath,0,72,85,86,16,100,35.3
30084323,3,back pain,2,85,123,93,16,92,36.3
30084324,2,chest pain,10,100,86,82,18,97,36.1
30084325,4,abdominal pain,1,105,131,86,17,94,36.3
30084326,3,laceration,1,85,116,66,18,100,36.6
30084327,3,knee pain,5,60,134,107,21,100,36.6
30084328,2,knee pain,8,72,124,79,20,98,37.1
30084329,3,abdominal pain,6,70,141,72,19,98,36.2
30084330,2,fever,8,108,114,61,15,97,37.6
30084331,3,shortness of breath,7,92,116,76,18,94,36.3
30084332,2,anxiety,8,102,131,62,20,97,37.1
30084333,5,abdominal pain,7,84,138,41,19,99,36.7
30084334,2,knee pain,10,46,115,89,18,97,37.0
30084335,3,knee pain,3,78,118,68,19,95,37.3
30084336,3,abdominal pain,5,96,129,73,20,98,36.2
30084337,2,laceration,9,97,144,51,15,93,37.1
30084338,3,abdominal pain,7,91,143,113,13,98,37.1
30084339,3,back pain,0,76,147,108,12,96,38.1
30084340,3,knee pain,1,105,125,80,17,98,37.1
30084341,4,fever,4,103,117,66,8,96,35.9
30084342,3,laceration,0,94,136,69,19,92,36.7
30084343,4,abdominal pain,7,105,111,88,18,100,36.7
30084344,2,fall,6,102,137,59,19,97,36.9
30084345,3,headache,2,93,111,71,21,93,36.6
30084346,5,back pain,6,75,89,79,13,95,36.7
30084347,3,abdominal pain,1,55,124,97,18,92,35.6
30084348,2,headache,9,66,105,73,18,97,37.5
30084349,2,anxiety,9,89,144,82,20,93,37.1
30084350,1,chest pain,9,98,72,58,17,90,37.8
30084351,2,headache,9,67,90,73,14,100,37.9
30084352,3,fall,4,83,137,56,22,96,37.2
30084353,4,anxiety,6,89,110,82,16,94,35.7
30084354,2,fever,9,116,145,76,20,97,36.8
30084355,3,abdominal pain,4,95,110,71,15,99,36.4
30084356,4,anxiety,7,75,103,80,26,100,37.3
30084357,5,laceration,0,99,118,78,15,100,37.7
30084358,3,knee pain,2,70,92,79,21,97,37.6
30084359,3,shortness of breath,6,80,119,78,16,98,37.0
30084360,2,laceration,9,69,129,97,20,99,36.9
30084361,3,back pain,1,108,144,106,20,100,36.6
30084362,4,back pain,0,73,130,93,18,97,34.8
30084363,2,chest pain,7,108,99,85,16,94,37.0
30084364,4,laceration,3,78,119,51,21,97,38.4
30084365,3,back pain,5,125,139,94,20,94,35.3
30084366,3,shortness of breath,2,86,99,100,16,98,36.1
30084367,2,anxiety,8,108,137,117,16,97,35.8
30084368,3,fever,6,94,159,65,29,97,37.1
30084369,5,fever,1,103,135,108,17,93,37.7
30084370,3,laceration,4,90,157,103,12,100,38.2
30084371,3,shortness of breath,0,87,129,62,19,98,37.2
30084372,2,abdominal pain,10,63,164,46,23,99,36.0
30084373,3,chest pain,6,108,140,95,11,98,37.4
30084374,3,abdominal pain,3,92,133,86,15,93,37.0
30084375,2,laceration,9,65,143,71,16,96,36.1
30084376,3,abdominal pain,7,87,98,89,11,96,36.6
30084377,3,fall,6,77,136,86,19,97,37.2
30084378,3,fall,3,86,83,83,21,95,36.9
30084379,4,back pain,3,93,137,87,14,98,37.3
30084380,2,back pain,6,74,128,73,11,98,37.0
30084381,3,chest pain,2,84,112,80,16,97,38.7
30084382,3,shortness of breath,1,71,169,90,16,100,35.7
30084383,2,chest pain,9,91,110,56,22,99,37.2
30084384,2,headache,8,77,94,72,13,95,37.2
30084385,3,headache,5,91,149,92,23,87,37.3
30084386,3,chest pain,5,85,166,102,24,99,35.6
30084387,3,shortness of breath,7,80,70,49,23,99,37.1
30084388,2,anxiety,10,70,107,84,20,100,37.3
30084389,3,anxiety,4,73,98,111,14,99,38.2
30084390,4,shortness of breath,2,86,154,84,17,100,37.1
30084391,3,laceration,1,104,72,87,17,99,37.3
30084392,1,laceration,6,92,132,94,15,97,35.7
30084393,4,headache,6,89,143,100,13,100,35.4
30084394,3,shortness of breath,5,101,150,86,17,100,36.3
30084395,2,back pain,7,63,140,84,12,98,37.6
30084396,4,back pain,7,87,139,94,16,98,36.8
30084397,3,knee pain,0,74,135,75,13,97,35.8
30084398,2,headache,9,81,135,59,21,96,37.4
30084399,4,anxiety,4,97,109,79,20,94,37.0
30084400,1,back pain,8,105,165,61,26,95,36.8
30084401,1,fever,8,72,132,92,17,90,36.5
30084402,4,back pain,1,93,133,93,25,96,38.4
30084403,3,laceration,2,92,131,72,19,96,37.3
30084404,3,back pain,0,103,145,86,11,95,37.9
30084405,3,headache,3,68,108,97,19,99,37.1
30084406,1,headache,10,80,143,84,15,100,39.3
30084407,4,headache,2,100,132,64,17,100,37.6
30084408,3,laceration,5,66,105,59,16,95,37.3
30084409,2,abdominal pain,10,75,124,76,11,98,38.1
30084410,4,back pain,7,105,76,52,19,97,36.5
30084411,3,anxiety,1,87,105,55,17,98,37.9
30084412,2,headache,8,74,150,82,15,96,37.7
30084413,3,back pain,7,85,127,91,8,95,37.7
30084414,4,abdominal pain,7,86,127,109,20,96,35.8
30084415,3,fall,3,93,135,71,16,97,36.7
30084416,1,abdominal pain,8,115,148,58,17,90,36.6
30084417,3,headache,0,67,151,75,26,97,36.7
30084418,4,chest pain,4,84,132,100,21,98,37.3
30084419,3,headache,1,74,113,77,19,99,37.9
30084420,1,knee pain,9,95,129,93,24,97,37.5
30084421,3,anxiety,7,89,125,92,16,97,36.2
30084422,4,laceration,0,105,124,63,25,94,36.7
30084423,3,knee pain,1,88,143,74,30,90,37.0
30084424,3,shortness of breath,4,77,141,69,11,100,37.5
30084425,3,shortness of breath,7,91,145,95,11,95,38.0
30084426,1,laceration,7,85,128,89,20,93,36.8
30084427,2,knee pain,9,88,135,65,20,92,36.9
30084428,4,fever,7,87,135,108,20,96,38.3
30084429,4,chest pain,7,80,103,68,18,94,38.0
30084430,4,headache,0,63,140,85,6,94,36.8
30084431,1,anxiety,9,90,136,95,15,96,37.0
30084432,5,fever,4,93,121,70,24,92,34.8
30084433,2,laceration,8,98,139,98,24,94,35.5
30084434,3,anxiety,0,83,150,67,18,97,37.1
30084435,1,headache,7,91,142,75,19,90,37.0
30084436,4,back pain,6,67,152,62,16,93,38.8
30084437,4,fever,2,99,122,54,21,96,37.7
30084438,2,back pain,7,80,119,91,15,98,38.0
30084439,1,fall,8,90,129,105,10,96,36.4
30084440,3,chest pain,0,69,135,78,20,96,37.5
30084441,4,laceration,0,80,137,67,14,97,37.1
30084442,3,back pain,5,93,102,74,18,97,36.2
30084443,3,laceration,4,113,121,62,15,100,37.1
30084444,3,shortness of breath,2,114,125,74,15,100,35.1
30084445,3,anxiety,6,96,102,93,15,100,37.2
30084446,3,fall,0,90,125,79,19,95,38.0
30084447,2,abdominal pain,7,93,112,85,25,97,37.0
30084448,2,headache,8,73,140,75,14,96,37.5
30084449,4,anxiety,6,76,112,71,13,94,38.0
30084450,3,anxiety,1,53,110,69,18,99,37.5
30084451,3,chest pain,3,129,131,83,20,96,38.4
30084452,3,shortness of breath,3,110,149,73,16,98,37.6
30084453,3,fall,4,93,126,96,15,97,37.8
30084454,3,laceration,0,79,137,78,15,100,35.9
30084455,2,knee pain,9,103,145,82,14,99,36.8
30084456,4,knee pain,2,106,92,67,16,94,35.5
30084457,3,headache,7,105,83,74,22,96,36.6
30084458,4,laceration,5,60,117,83,23,96,35.9
30084459,3,fever,5,104,106,93,21,100,36.3
30084460,3,headache,2,64,96,86,22,92,37.1
30084461,2,laceration,10,115,137,87,16,96,35.3
30084462,3,anxiety,4,95,109,66,20,100,36.9
30084463,3,shortness of breath,2,74,115,81,27,94,37.3
30084464,2,shortness of breath,7,68,120,85,17,100,35.8
30084465,2,anxiety,10,85,160,79,20,100,37.7
30084466,3,headache,3,74,128,84,13,94,37.6
30084467,3,knee pain,5,110,86,79,14,98,36.4
30084468,4,headache,2,95,147,72,19,94,36.5
30084469,2,fall,8,89,101,73,14,97,37.2
30084470,4,back pain,1,61,114,57,15,93,36.6
30084471,4,abdominal pain,6,97,111,79,21,94,35.4
30084472,2,chest pain,7,104,134,91,18,99,35.7
30084473,2,laceration,7,83,94,77,19,100,37.4
30084474,2,knee pain,8,83,73,60,13,94,36.9
30084475,4,abdominal pain,2,96,141,57,13,96,36.7
30084476,3,knee pain,3,69,118,87,15,94,37.9
30084477,5,knee pain,3,58,119,103,15,92,36.9
30084478,3,laceration,0,90,140,78,21,98,36.2
30084479,4,anxiety,1,54,130,76,24,95,37.7
30084480,2,knee pain,7,85,132,99,14,100,37.4
30084481,3,shortness of breath,5,101,125,73,20,100,35.8
30084482,3,fever,2,83,132,85,11,91,38.8
30084483,3,back pain,1,84,131,101,19,95,36.0
30084484,4,anxiety,4,74,97,76,19,95,37.1
30084485,3,abdominal pain,1,103,137,106,18,98,38.1
30084486,3,headache,7,82,121,63,17,98,37.9
30084487,3,chest pain,6,102,107,70,27,99,37.6
30084488,2,fall,10,85,136,79,21,100,36.7
30084489,2,abdominal pain,8,69,152,68,19,98,37.9
30084490,3,anxiety,4,87,147,85,19,95,38.3
30084491,2,shortness of breath,9,66,126,94,16,98,37.1
30084492,3,anxiety,1,85,125,76,18,93,35.8
30084493,3,chest pain,2,72,151,70,13,94,37.2
30084494,4,shortness of breath,4,69,101,74,20,97,36.4
30084495,2,headache,10,85,125,88,20,100,36.4
30084496,2,chest pain,6,78,119,89,16,95,37.2
30084497,2,chest pain,9,67,120,104,21,99,37.6
30084498,4,headache,2,83,153,63,17,97,35.6
30084499,4,fever,4,91,133,56,15,98,37.8
30084500,3,shortness of breath,5,78,114,69,23,99,37.7
30084501,3,fall,0,106,101,95,11,100,36.9
30084502,3,chest pain,4,75,115,85,21,96,36.7
30084503,3,abdominal pain,5,66,141,51,20,99,35.8
30084504,1,fall,6,79,151,88,18,98,37.5
30084505,2,fall,6,88,138,87,18,94,37.0
30084506,3,abdominal pain,2,111,137,67,22,93,37.0
30084507,1,fall,9,79,116,81,24,97,37.2
30084508,4,abdominal pain,6,67,139,81,21,98,36.8
30084509,3,abdominal pain,3,114,129,96,24,90,35.8
30084510,2,abdominal pain,8,70,92,69,22,96,37.1
30084511,1,knee pain,10,90,136,80,20,97,36.0
30084512,2,anxiety,7,96,107,72,19,91,35.9
30084513,2,laceration,9,109,135,93,19,100,37.1
30084514,4,abdominal pain,6,88,133,83,16,99,37.9
30084515,2,headache,10,56,150,100,17,97,37.0
30084516,3,chest pain,1,87,110,86,19,97,36.0
30084517,1,shortness of breath,8,82,172,96,19,99,37.9
30084518,3,laceration,2,64,108,68,13,93,38.1
30084519,3,abdominal pain,7,81,158,80,13,91,37.9
30084520,3,shortness of breath,5,65,140,97,18,95,36.0
30084521,3,laceration,0,89,145,68,25,100,36.3
30084522,2,abdominal pain,9,133,138,71,15,99,36.8
30084523,5,anxiety,3,70,63,70,19,96,37.0
30084524,3,shortness of breath,1,85,125,85,17,100,36.6
30084525,3,chest pain,2,112,113,63,18,96,36.1
30084526,4,headache,5,54,105,56,18,100,36.6
30084527,4,fever,4,62,119,100,18,97,36.3
30084528,3,fever,3,102,156,62,21,97,36.2
30084529,3,headache,2,104,129,76,18,98,36.8
30084530,3,abdominal pain,5,73,107,91,18,96,35.8
30084531,3,laceration,3,93,152,62,17,94,37.4
30084532,3,chest pain,7,82,115,46,21,96,37.5
30084533,3,shortness of breath,1,103,121,94,23,99,36.2
30084534,2,anxiety,8,88,101,77,9,96,37.8
30084535,3,back pain,2,97,140,88,16,93,36.3
30084536,3,knee pain,7,110,96,83,15,97,35.9
30084537,3,anxiety,7,82,123,67,18,91,37.2
30084538,3,shortness of breath,4,113,119,76,17,98,37.3
30084539,3,shortness of breath,7,89,146,70,9,98,35.8
30084540,4,anxiety,7,99,82,60,14,95,37.8
30084541,3,fever,3,92,137,81,13,95,36.0
30084542,3,back pain,1,96,143,79,12,97,36.5
30084543,4,chest pain,0,91,64,86,18,97,37.1
30084544,3,fever,4,94,114,97,18,98,37.5
30084545,3,abdominal pain,3,88,137,77,13,99,37.9
30084546,2,abdominal pain,10,94,127,92,16,97,37.1
30084547,3,back pain,4,92,138,94,17,95,36.0
30084548,4,back pain,4,82,123,85,22,92,35.9
30084549,2,knee pain,6,75,127,84,23,95,35.5
30084550,5,knee pain,5,110,114,75,19,99,37.7
30084551,2,laceration,7,71,144,63,17,100,35.7
30084552,4,abdominal pain,5,73,106,84,20,97,36.1
30084553,3,chest pain,6,97,146,74,18,95,36.4
30084554,3,knee pain,3,105,132,86,13,94,36.2
30084555,3,headache,4,75,111,65,14,97,37.3
30084556,2,anxiety,8,116,115,54,16,98,36.0
30084557,3,laceration,2,73,96,83,27,98,36.5
30084558,4,fall,5,84,93,80,18,96,37.1
30084559,2,chest pain,8,69,170,71,15,98,38.3
30084560,3,laceration,7,80,94,105,24,100,38.0
30084561,3,abdominal pain,7,80,98,82,18,100,37.3
30084562,4,knee pain,7,115,107,69,19,100,35.6
30084563,3,shortness of breath,4,100,122,38,17,98,38.2
30084564,4,back pain,5,85,110,60,10,87,37.4
30084565,3,knee pain,2,85,99,80,10,97,37.0
30084566,5,fever,1,71,111,45,18,96,36.9
30084567,5,shortness of breath,3,81,142,91,19,94,38.3
30084568,3,fall,1,58,98,103,12,96,36.9
30084569,1,anxiety,6,106,154,79,18,97,37.8
30084570,4,abdominal pain,7,68,152,55,17,94,37.2
30084571,4,chest pain,5,87,137,77,19,96,37.1
30084572,4,knee pain,6,107,134,93,11,95,38.0
30084573,4,fever,5,65,125,89,22,98,37.3
30084574,4,back pain,0,90,117,55,17,94,36.9
30084575,4,headache,0,68,132,80,15,93,35.5
30084576,3,anxiety,5,86,147,86,25,98,37.5
30084577,2,anxiety,9,79,108,79,11,95,36.7
30084578,3,shortness of breath,2,56,120,110,22,99,36.6
30084579,5,abdominal pain,4,65,125,66,9,100,37.0
30084580,3,knee pain,0,74,154,59,16,100,38.2
30084581,4,anxiety,1,86,126,52,20,95,37.3
30084582,3,fever,7,112,140,74,12,96,35.8
30084583,3,fall,5,87,145,71,26,99,37.5
30084584,4,laceration,0,96,119,73,23,99,36.7
30084585,3,laceration,6,82,119,82,23,99,36.8
30084586,3,fever,6,75,137,61,17,100,35.2
30084587,4,back pain,2,111,143,105,23,100,36.9
30084588,3,chest pain,1,79,116,76,24,97,36.6
30084589,3,shortness of breath,2,84,136,87,22,97,36.8
30084590,3,fall,6,90,115,72,22,100,38.1
30084591,3,chest pain,3,69,143,121,20,99,37.8
30084592,3,laceration,2,80,133,58,20,97,36.8
30084593,3,anxiety,2,94,132,62,16,97,36.3
30084594,2,headache,9,97,133,75,26,97,37.9
30084595,3,abdominal pain,7,82,122,87,19,95,36.7
30084596,3,knee pain,3,86,69,83,14,98,37.2
30084597,3,back pain,5,92,108,90,15,94,36.8
30084598,4,shortness of breath,1,84,82,96,21,100,37.0
30084599,2,back pain,9,95,114,57,21,94,37.5
30084600,3,laceration,2,80,149,91,17,99,38.1
30084601,3,chest pain,3,80,169,75,25,94,36.9
30084602,2,back pain,9,88,145,77,19,100,37.3
30084603,3,fever,6,82,123,93,22,93,38.0
30084604,2,knee pain,7,105,158,71,22,97,36.3
30084605,4,knee pain,0,92,120,85,19,100,36.7
30084606,3,back pain,1,112,130,97,22,93,36.3
30084607,3,back pain,6,81,124,75,25,97,37.6
30084608,3,fever,7,57,122,72,12,100,36.2
30084609,3,anxiety,3,76,169,84,19,97,36.5
30084610,3,back pain,3,99,144,89,23,94,37.4
30084611,5,laceration,6,65,112,86,22,99,36.9
30084612,1,anxiety,9,97,137,99,23,99,36.6
30084613,3,knee pain,1,85,142,70,19,97,37.8
30084614,2,fall,10,92,142,61,24,98,36.7
30084615,4,headache,1,105,126,101,19,96,37.5
30084616,3,headache,4,91,141,68,16,96,36.9
30084617,3,headache,1,82,128,92,23,100,37.2
30084618,1,headache,7,106,108,91,21,99,37.2
30084619,3,shortness of breath,6,64,133,80,20,99,38.0
30084620,2,laceration,9,85,117,80,15,100,35.3
30084621,1,fever,7,66,117,83,19,100,37.4
30084622,2,laceration,8,82,127,97,20,98,37.3
30084623,4,abdominal pain,5,69,137,90,17,99,36.1
30084624,1,fall,8,73,108,78,21,100,37.6
30084625,5,knee pain,2,82,150,82,26,94,36.5
30084626,4,abdominal pain,4,60,165,99,22,96,37.0
30084627,3,knee pain,2,118,108,106,17,98,36.8
30084628,1,fall,10,86,109,79,21,94,36.5
30084629,4,shortness of breath,5,100,124,78,17,100,37.3
30084630,3,headache,7,97,123,87,28,100,37.0
30084631,3,back pain,4,112,101,80,16,97,36.0
30084632,3,fever,4,97,101,76,18,94,37.8
30084633,4,laceration,0,71,137,59,21,97,36.4
30084634,5,fever,2,72,132,64,13,96,37.4
30084635,2,fall,7,107,115,66,18,93,36.5
30084636,5,headache,5,71,125,66,18,100,36.5
30084637,4,laceration,3,73,125,100,22,99,34.7
30084638,3,anxiety,5,100,152,92,19,92,36.1
30084639,3,headache,7,91,107,72,17,99,37.5
30084640,3,fever,3,84,110,77,19,95,35.8
30084641,4,fever,6,87,104,76,19,95,35.8
30084642,4,laceration,0,68,141,65,12,96,36.9
30084643,3,shortness of breath,5,86,126,69,9,87,35.7
30084644,4,fall,4,66,120,55,20,98,37.6
30084645,3,anxiety,4,94,112,71,20,100,36.3
30084646,4,knee pain,0,117,137,87,13,99,37.6
30084647,2,laceration,6,91,140,72,19,96,38.7
30084648,3,shortness of breath,0,92,118,99,14,92,36.5
30084649,2,headache,7,79,108,105,19,99,36.4
30084650,3,knee pain,0,88,143,71,21,98,37.7
30084651,1,knee pain,9,105,115,97,20,96,37.8
30084652,4,knee pain,4,86,130,91,10,97,37.3
30084653,4,headache,1,106,148,62,23,97,37.6
30084654,3,abdominal pain,0,72,158,86,16,98,38.0
30084655,5,fever,1,82,103,66,14,95,37.7
30084656,3,laceration,2,79,117,83,15,96,36.1
30084657,4,headache,2,81,100,69,20,94,36.9
30084658,3,fever,3,80,121,88,20,100,36.2
30084659,4,headache,7,66,121,78,13,97,38.0
30084660,4,chest pain,0,84,124,107,10,100,37.0
30084661,4,chest pain,2,74,130,98,20,98,37.7
30084662,4,abdominal pain,4,93,123,78,19,100,35.9
30084663,2,headache,8,59,189,86,14,99,36.1
30084664,3,laceration,7,90,126,51,13,92,37.2
30084665,3,back pain,1,94,78,77,21,95,36.1
30084666,3,fever,7,72,112,70,23,94,38.1
30084667,3,back pain,2,102,97,73,23,99,36.3
30084668,2,abdominal pain,9,91,115,80,23,99,36.8
30084669,3,anxiety,2,80,114,86,14,100,36.4
30084670,3,headache,7,83,94,106,12,100,36.8
30084671,3,knee pain,4,80,135,89,14,99,37.1
30084672,2,shortness of breath,7,82,127,76,15,91,37.1
30084673,3,laceration,0,85,129,107,21,93,37.0
30084674,3,shortness of breath,4,79,129,108,20,100,38.1
30084675,3,fever,6,97,109,70,18,99,37.1
30084676,3,back pain,2,87,118,77,23,96,37.6
30084677,3,fever,5,91,139,84,21,90,38.2
30084678,3,back pain,5,95,128,75,17,95,37.8
30084679,3,abdominal pain,5,68,117,104,19,94,35.5
30084680,3,chest pain,1,70,136,87,23,93,37.9
30084681,3,fall,2,83,130,81,23,100,36.6
30084682,5,abdominal pain,5,65,115,56,18,98,37.6
30084683,4,abdominal pain,0,97,121,64,19,98,37.8
30084684,4,laceration,6,104,88,110,14,96,36.6
30084685,5,anxiety,2,101,100,69,20,99,36.5
30084686,3,back pain,6,93,130,64,17,97,36.9
30084687,3,back pain,2,80,115,69,16,98,37.0
30084688,3,knee pain,4,102,103,97,11,90,37.2
30084689,3,shortness of breath,1,91,112,86,23,100,37.5
30084690,3,abdominal pain,6,73,106,102,21,97,38.7
30084691,3,knee pain,6,97,98,88,14,96,37.2
30084692,3,laceration,0,86,123,88,19,100,37.1
30084693,3,abdominal pain,2,79,113,108,23,97,36.9
30084694,3,fever,6,75,112,91,12,95,36.5
30084695,2,abdominal pain,6,79,123,74,13,100,37.3
30084696,3,headache,2,90,118,87,16,97,36.7
30084697,4,laceration,4,67,146,87,23,93,36.4
30084698,2,abdominal pain,10,99,110,84,29,95,38.6
30084699,3,abdominal pain,3,96,90,92,22,98,37.0
30084700,2,fever,9,85,105,79,16,93,37.3
30084701,1,fall,6,79,146,79,14,98,38.1
30084702,3,fever,0,104,80,80,18,98,36.0
30084703,5,fever,7,55,154,76,22,100,35.5
30084704,3,shortness of breath,6,104,127,80,20,100,36.9
30084705,3,knee pain,4,71,127,59,24,100,38.5
30084706,3,headache,5,41,160,58,25,99,36.7
30084707,3,back pain,3,67,99,77,26,100,36.0
30084708,3,headache,5,86,146,96,11,98,38.3
30084709,2,headache,8,98,118,93,19,96,37.3
30084710,2,anxiety,10,92,115,79,12,92,36.8
30084711,3,fever,1,103,126,70,18,100,37.3
30084712,3,chest pain,2,84,142,96,22,95,37.4
30084713,4,laceration,6,96,126,111,16,95,36.5
30084714,2,abdominal pain,6,89,155,78,16,94,37.7
30084715,3,chest pain,0,67,154,76,13,98,37.7
30084716,3,laceration,3,107,92,86,23,94,37.1
30084717,2,knee pain,6,72,153,90,16,100,36.1
30084718,3,shortness of breath,2,54,168,79,16,95,36.7
30084719,4,anxiety,2,92,136,82,14,100,38.2
30084720,2,fever,10,64,118,80,20,99,37.2
30084721,4,back pain,2,79,146,71,22,94,36.0
30084722,3,chest pain,1,95,108,52,12,99,36.2
30084723,3,fall,3,81,117,69,14,92,36.0
30084724,4,laceration,5,112,132,110,27,97,36.9
30084725,2,back pain,9,87,130,97,20,98,38.1
30084726,2,anxiety,9,89,153,66,11,95,36.8
30084727,3,fever,3,85,132,75,17,100,37.1
30084728,3,fall,4,103,97,60,15,98,36.9
30084729,3,anxiety,2,62,166,66,25,100,36.4
30084730,3,shortness of breath,7,87,137,84,23,93,36.0
30084731,3,back pain,4,79,111,80,17,100,38.2
30084732,3,fall,6,77,157,84,12,100,36.5
30084733,4,knee pain,6,108,158,95,14,97,36.3
30084734,3,laceration,5,85,110,77,15,96,37.1
30084735,3,laceration,3,60,154,103,26,98,37.8
30084736,3,abdominal pain,7,97,143,90,11,94,38.5
30084737,3,knee pain,3,92,101,77,17,95,37.0
30084738,1,headache,10,87,81,92,18,100,37.1
30084739,3,shortness of breath,3,84,124,70,17,93,36.7
30084740,3,fall,0,70,108,76,22,96,35.9
30084741,1,fall,7,62,149,75,14,97,38.4
30084742,4,anxiety,0,53,105,70,13,99,38.5
30084743,3,chest pain,2,118,152,71,17,100,38.2
30084744,4,chest pain,6,96,119,66,15,95,36.9
30084745,4,back pain,7,83,114,72,15,99,37.2
30084746,4,headache,7,97,108,68,17,98,37.6
30084747,4,knee pain,7,74,129,79,24,97,35.9
30084748,3,fall,3,94,117,70,24,92,36.7
30084749,5,anxiety,7,74,153,88,16,100,37.1
30084750,4,fall,1,80,123,75,12,94,37.1
30084751,3,anxiety,7,88,141,111,20,95,35.1
30084752,2,back pain,7,91,116,95,19,99,37.5
30084753,3,anxiety,3,68,129,66,20,94,37.5
30084754,2,headache,10,66,147,88,19,100,36.6
30084755,3,chest pain,5,46,108,86,22,99,38.1
30084756,3,chest pain,0,79,139,106,18,99,37.0
30084757,3,chest pain,6,91,110,86,16,97,36.0
30084758,3,back pain,7,49,129,82,12,99,38.5
30084759,3,abdominal pain,6,70,107,92,18,92,35.9
30084760,3,headache,5,63,120,66,15,100,36.2
30084761,3,fall,2,96,129,52,13,97,38.0
30084762,2,shortness of breath,10,71,116,73,18,98,37.4
30084763,2,fall,6,61,112,92,18,95,36.2
30084764,2,abdominal pain,7,109,142,80,17,100,36.8
30084765,3,back pain,2,66,114,91,18,93,35.3
30084766,3,anxiety,2,82,120,94,24,95,37.4
30084767,2,shortness of breath,6,74,127,74,16,95,36.2
30084768,3,fever,4,74,132,74,19,95,36.4
30084769,3,fall,5,105,122,99,15,96,36.0
30084770,3,chest pain,7,81,86,41,17,99,36.3
30084771,3,abdominal pain,3,85,130,101,19,97,35.8
30084772,3,headache,2,65,143,87,25,98,38.3
30084773,4,anxiety,5,90,152,64,13,100,35.9
30084774,3,headache,6,59,129,92,22,96,37.7
30084775,4,fall,0,77,133,74,17,100,36.1
30084776,3,fall,4,99,136,95,18,96,35.1
30084777,3,abdominal pain,3,82,116,112,17,94,36.9
30084778,3,fever,3,88,130,62,18,95,37.7
30084779,2,chest pain,10,70,141,40,20,97,38.0
30084780,3,back pain,6,116,134,84,15,95,37.4
30084781,3,laceration,6,96,144,75,17,97,38.3
30084782,3,laceration,0,99,95,83,12,97,37.5
30084783,3,fall,0,56,111,85,12,98,36.1
30084784,3,fever,7,91,120,44,17,97,37.5
30084785,5,chest pain,4,99,107,87,25,97,38.7
30084786,3,back pain,7,85,118,86,18,94,36.0
30084787,3,back pain,0,92,119,100,22,98,36.9
30084788,3,anxiety,1,73,144,91,19,100,37.8
30084789,3,back pain,4,85,110,92,22,97,36.6
30084790,2,shortness of breath,7,82,144,87,9,100,37.2
30084791,2,headache,10,75,135,67,16,99,36.5
30084792,3,fever,1,76,93,84,21,96,37.7
30084793,3,chest pain,1,116,146,69,22,95,37.3
30084794,4,headache,4,75,95,64,9,96,36.8
30084795,4,back pain,4,76,98,114,18,100,36.4
30084796,3,shortness of breath,3,105,117,108,13,98,36.9
30084797,3,shortness of breath,5,82,96,81,19,100,37.7
30084798,2,back pain,8,72,111,83,22,99,36.9
30084799,3,shortness of breath,0,90,132,87,22,91,37.8
30084800,3,laceration,0,71,153,59,18,95,36.9
30084801,2,knee pain,7,72,120,87,17,96,38.5
30084802,4,chest pain,6,106,129,54,20,97,36.5
30084803,1,chest pain,10,68,116,67,18,98,36.8
30084804,3,abdominal pain,4,70,136,93,14,94,36.8
30084805,2,laceration,8,79,141,61,19,97,40.2
30084806,3,anxiety,0,79,117,84,14,93,36.9
30084807,1,fall,6,91,159,55,19,97,36.0
30084808,3,shortness of breath,3,67,120,67,20,99,37.8
30084809,1,fever,10,85,125,105,21,98,36.8
30084810,3,abdominal pain,4,108,145,88,22,96,35.7
30084811,5,fall,0,62,165,82,20,97,37.9
30084812,3,abdominal pain,7,69,102,79,20,100,36.0
30084813,3,shortness of breath,4,74,125,64,17,96,36.2
30084814,3,shortness of breath,6,78,145,72,9,100,38.0
30084815,3,back pain,0,53,142,80,19,95,36.8
30084816,3,anxiety,5,88,113,75,10,94,38.2
30084817,2,anxiety,7,99,105,92,15,99,37.2
30084818,4,laceration,6,112,121,91,19,100,36.8
30084819,2,fall,7,89,115,75,23,100,37.4
30084820,2,abdominal pain,7,76,78,78,16,100,38.2
30084821,3,fall,1,72,93,71,17,98,36.0
30084822,2,fever,9,95,148,72,22,96,36.5
30084823,4,abdominal pain,4,73,109,48,17,96,36.7
30084824,1,anxiety,7,71,134,76,13,100,35.6
30084825,3,anxiety,7,97,140,74,12,97,36.1
30084826,3,anxiety,3,90,96,80,21,100,37.0
30084827,2,fall,6,79,173,95,22,89,37.2
30084828,4,abdominal pain,6,76,182,56,19,95,36.0
30084829,3,laceration,4,84,125,84,17,94,36.8
30084830,3,fever,1,93,123,84,19,97,37.9
30084831,2,abdominal pain,7,66,146,78,21,99,37.1
30084832,4,laceration,6,118,137,76,20,99,36.7
30084833,3,anxiety,6,99,117,47,22,98,37.0
30084834,3,back pain,4,91,144,72,8,93,36.6
30084835,3,abdominal pain,0,91,123,56,17,95,38.4
30084836,5,fever,3,72,139,70,17,96,38.1
30084837,1,back pain,10,90,102,38,22,93,37.3
30084838,3,chest pain,2,88,122,88,16,93,38.3
30084839,3,laceration,1,89,86,81,8,98,37.2
30084840,4,abdominal pain,4,95,128,92,20,100,36.3
30084841,4,knee pain,1,85,124,71,24,95,37.5
30084842,2,knee pain,8,89,108,71,22,100,36.5
30084843,3,fever,3,74,105,58,15,100,38.1
30084844,3,chest pain,7,91,106,76,19,97,35.7
30084845,3,headache,2,51,153,87,22,97,36.2
30084846,3,laceration,0,69,155,61,17,95,36.5
30084847,2,fall,10,88,94,66,16,99,35.2
30084848,1,shortness of breath,9,69,114,80,18,98,36.6
30084849,3,laceration,2,72,129,78,21,96,36.5
30084850,2,back pain,7,84,141,88,14,100,37.6
30084851,2,laceration,10,79,138,64,16,96,37.1
30084852,3,shortness of breath,0,106,112,43,15,98,38.7
30084853,2,anxiety,7,86,130,80,21,100,36.9
30084854,3,laceration,5,92,98,77,21,99,38.0
30084855,2,fever,10,78,122,66,20,99,37.0
30084856,4,abdominal pain,2,105,137,71,19,94,37.2
30084857,3,back pain,4,98,112,95,16,100,36.6
30084858,3,fall,0,104,160,65,21,97,38.5
30084859,1,laceration,10,86,138,83,20,95,37.5
30084860,3,anxiety,4,70,142,88,23,99,36.8
30084861,4,abdominal pain,4,103,146,78,26,95,35.9
30084862,3,chest pain,7,84,155,118,18,96,34.7
30084863,4,headache,7,95,153,89,20,98,36.8
30084864,4,shortness of breath,6,113,103,64,22,98,35.6
30084865,1,back pain,8,62,124,88,17,96,37.0
30084866,3,anxiety,6,102,164,66,16,99,38.0
30084867,3,fever,5,82,118,77,13,98,36.8
30084868,3,chest pain,7,78,139,70,16,100,36.9
30084869,2,laceration,6,103,138,94,15,98,37.1
30084870,2,fever,7,75,152,62,14,100,35.9
30084871,3,fever,2,62,127,110,15,95,37.3
30084872,4,fall,0,114,120,91,18,99,39.7
30084873,3,knee pain,0,105,128,51,14,98,37.0
30084874,2,headache,6,93,159,101,19,98,35.3
30084875,3,headache,5,78,155,59,10,100,38.0
30084876,3,laceration,6,46,143,94,21,98,37.7
30084877,3,laceration,2,77,165,87,14,100,36.9
30084878,4,abdominal pain,5,92,125,86,12,95,37.8
30084879,3,fall,6,100,136,64,22,99,37.0
30084880,2,fall,10,52,155,54,16,97,35.8
30084881,1,knee pain,9,36,123,75,17,100,37.1
30084882,4,anxiety,0,95,121,66,25,95,36.0
30084883,3,anxiety,0,77,131,94,16,97,36.5
30084884,2,anxiety,10,70,140,88,17,98,38.6
30084885,1,abdominal pain,9,93,134,97,19,93,37.7
30084886,1,chest pain,10,99,134,83,13,99,37.4
30084887,5,fever,0,95,140,103,17,100,35.4
30084888,3,chest pain,3,93,121,71,15,96,37.2
30084889,3,laceration,4,79,92,86,18,100,34.8
30084890,3,knee pain,7,85,143,76,20,94,36.1
30084891,2,shortness of breath,9,77,140,70,16,96,37.5
30084892,4,headache,3,81,119,82,26,94,36.2
30084893,4,back pain,7,110,124,117,20,100,36.7
30084894,4,fall,6,78,117,75,21,96,37.1
30084895,3,fever,4,82,118,76,20,100,37.2
30084896,3,headache,4,104,125,90,23,100,37.5
30084897,3,laceration,6,86,131,95,10,100,36.1
30084898,3,headache,0,91,161,105,15,100,38.1
30084899,3,headache,2,69,162,83,22,96,36.7
30084900,2,fever,9,105,91,103,15,95,36.4
30084901,4,headache,2,75,103,75,12,96,37.5
30084902,3,knee pain,1,107,101,85,18,97,36.7
30084903,3,shortness of breath,1,63,139,83,26,94,36.9
30084904,2,shortness of breath,8,77,121,83,21,92,37.0
30084905,3,anxiety,1,81,112,89,14,97,37.2
30084906,3,fever,0,56,162,82,28,98,37.2
30084907,2,headache,8,92,160,61,19,95,36.1
30084908,3,anxiety,2,82,145,77,12,100,38.4
30084909,4,knee pain,7,100,116,102,19,99,35.5
30084910,4,laceration,5,95,119,84,18,91,36.5
30084911,3,anxiety,0,42,96,49,19,95,36.7
30084912,2,anxiety,9,83,154,61,18,100,36.9
30084913,4,anxiety,3,73,106,83,21,98,37.6
30084914,2,fever,6,84,141,43,15,98,36.2
30084915,3,fever,6,96,155,76,14,99,38.1
30084916,3,anxiety,7,66,152,100,23,95,36.9
30084917,3,headache,1,96,126,90,30,95,38.5
30084918,3,knee pain,1,86,118,86,20,100,37.5
30084919,4,back pain,3,78,127,65,18,97,39.3
30084920,3,laceration,1,85,116,76,14,98,37.6
30084921,3,headache,6,109,126,81,16,96,38.0
30084922,3,fever,2,102,109,85,20,100,37.8
30084923,3,back pain,3,117,111,83,15,94,38.1
30084924,2,chest pain,8,94,124,85,21,98,37.3
30084925,5,shortness of breath,4,67,115,73,18,98,36.2
30084926,2,headache,8,99,74,80,18,100,37.0
30084927,4,fall,1,64,119,95,16,100,36.0
30084928,4,abdominal pain,1,100,124,78,18,100,37.7
30084929,3,shortness of breath,4,69,121,79,15,96,36.4
30084930,3,knee pain,5,81,136,62,22,96,36.0
30084931,3,fall,5,52,121,77,27,95,38.5
30084932,5,headache,0,64,121,79,15,100,36.8
30084933,2,chest pain,9,98,145,102,16,96,37.8
30084934,1,fall,7,82,137,88,14,95,36.6
30084935,2,shortness of breath,6,97,108,71,15,97,37.4
30084936,5,back pain,1,96,139,82,16,100,36.9
30084937,1,fever,6,80,127,61,17,95,37.0
30084938,2,fall,9,73,98,59,12,100,36.7
30084939,3,anxiety,7,50,131,84,18,100,36.4
30084940,1,knee pain,10,98,170,93,15,97,37.2
30084941,4,fall,0,61,123,67,18,94,36.9
30084942,3,abdominal pain,1,90,118,107,25,91,37.6
30084943,4,abdominal pain,5,106,101,58,17,92,37.1
30084944,4,anxiety,0,96,82,82,17,99,37.4
30084945,3,knee pain,1,105,113,67,12,92,37.5
30084946,4,chest pain,0,79,145,61,22,99,35.9
30084947,4,shortness of breath,4,85,91,81,24,95,37.5
30084948,1,anxiety,7,132,119,67,13,96,37.2
30084949,3,fever,0,81,155,82,20,96,37.3
30084950,3,fall,7,64,124,84,21,100,37.4
30084951,3,fever,0,67,105,56,13,90,37.0
30084952,4,headache,6,102,116,75,19,97,36.8
30084953,3,knee pain,2,86,119,70,14,99,37.1
30084954,3,back pain,3,74,134,101,14,97,37.9
30084955,3,knee pain,7,90,115,90,21,100,37.8
30084956,3,fever,3,51,108,76,22,96,37.1
30084957,3,fever,2,111,133,79,21,94,36.6
30084958,3,laceration,3,70,131,82,17,100,36.8
30084959,3,anxiety,7,58,76,86,15,97,36.5
30084960,5,fever,6,86,137,82,14,100,37.2
30084961,2,fall,6,89,136,69,16,96,37.4
30084962,3,fall,3,91,94,80,17,100,36.6
30084963,3,back pain,4,65,124,96,13,100,37.6
30084964,1,headache,10,91,127,103,16,100,36.3
30084965,4,abdominal pain,4,93,68,77,21,98,35.1
30084966,3,abdominal pain,2,39,118,73,24,98,36.9
30084967,3,shortness of breath,1,84,129,73,18,94,36.0
30084968,3,back pain,3,73,111,78,16,100,36.9
30084969,3,chest pain,5,98,150,93,13,93,37.2
30084970,3,anxiety,3,92,148,97,24,97,37.0
30084971,3,anxiety,4,101,113,106,16,100,36.6
30084972,3,chest pain,0,79,108,101,23,100,38.4
30084973,2,abdominal pain,6,113,138,47,18,97,36.7
30084974,3,abdominal pain,7,66,70,102,20,100,37.6
30084975,3,shortness of breath,6,92,97,55,23,97,37.9
30084976,3,laceration,7,99,117,91,17,100,37.6
30084977,3,fever,2,110,127,83,15,95,36.6
30084978,3,shortness of breath,1,89,152,60,21,98,37.5
30084979,3,knee pain,6,102,112,87,17,95,36.5
30084980,3,laceration,6,83,169,80,19,95,38.9
30084981,3,chest pain,3,102,137,95,14,97,36.4
30084982,2,abdominal pain,6,80,125,106,16,100,36.7
30084983,3,back pain,1,91,140,84,14,98,36.2
30084984,3,chest pain,5,87,116,54,22,95,37.1
30084985,3,fever,0,107,89,80,20,99,36.9
30084986,3,anxiety,7,85,143,66,22,96,36.4
30084987,3,laceration,1,63,117,84,15,95,37.3
30084988,3,abdominal pain,1,79,107,101,20,97,36.4
30084989,4,back pain,7,85,163,67,11,96,36.3
30084990,4,knee pain,0,73,105,105,26,98,36.8
30084991,4,back pain,7,96,134,99,19,95,36.5
30084992,4,anxiety,3,87,140,73,19,100,37.2
30084993,3,headache,0,65,108,97,20,95,36.5
30084994,2,anxiety,7,64,115,83,13,98,37.7
30084995,3,shortness of breath,1,91,138,68,17,97,36.4
30084996,3,back pain,7,82,126,92,22,98,36.4
30084997,5,fever,5,71,170,102,12,93,36.7
30084998,3,back pain,1,90,112,85,20,98,37.1
30084999,3,fever,2,95,131,42,27,97,36.8
30085000,3,knee pain,7,102,139,71,19,94,37.1
30085001,1,fall,7,87,121,77,18,97,37.8
30085002,2,laceration,7,85,106,60,22,99,37.7
30085003,3,fall,5,73,166,73,15,97,37.1
30085004,3,chest pain,7,116,149,86,16,92,37.4
30085005,3,chest pain,7,94,122,86,22,91,38.0
30085006,3,fever,1,88,106,94,16,100,37.6
30085007,3,anxiety,5,85,97,80,18,100,38.2
30085008,4,abdominal pain,2,86,104,80,27,97,37.0
30085009,3,abdominal pain,7,98,159,87,18,98,37.7
30085010,3,shortness of breath,7,75,121,92,17,100,37.0
30085011,3,knee pain,7,84,129,70,14,96,36.2
30085012,1,laceration,8,92,115,84,25,98,36.6
30085013,3,abdominal pain,0,68,153,67,16,97,36.8
30085014,3,laceration,1,88,116,104,20,96,35.3
30085015,2,laceration,8,78,114,33,12,97,37.1
30085016,3,fall,0,70,115,86,14,99,36.8
30085017,1,abdominal pain,8,85,114,65,18,95,38.0
30085018,4,chest pain,4,66,134,100,23,95,36.5
30085019,2,back pain,10,57,117,94,22,100,37.0
30085020,1,chest pain,7,94,142,67,17,97,36.8
30085021,3,fall,1,78,147,108,13,99,37.8
30085022,3,fall,0,63,132,101,16,89,37.2
30085023,1,headache,7,88,107,88,23,100,36.1
30085024,2,headache,8,94,131,68,15,99,38.3
30085025,2,knee pain,9,64,96,105,17,100,35.5
30085026,4,laceration,7,99,131,53,17,100,37.5
30085027,4,laceration,0,72,119,89,25,95,38.4
30085028,5,shortness of breath,0,79,93,102,21,93,38.0
30085029,3,anxiety,4,116,127,46,24,96,37.4
30085030,2,chest pain,10,90,113,105,14,95,38.6
30085031,3,fall,3,88,156,83,17,94,36.8
30085032,2,back pain,10,74,129,62,24,98,36.8
30085033,3,fall,4,101,113,88,13,98,37.5
30085034,3,fall,1,72,173,81,19,97,38.4
30085035,4,abdominal pain,5,69,107,76,5,91,37.6
30085036,3,anxiety,4,105,116,77,20,97,36.5
30085037,3,shortness of breath,1,96,138,57,16,93,36.5
30085038,4,anxiety,6,90,98,76,14,93,37.7
30085039,3,shortness of breath,2,89,138,96,21,97,38.9
30085040,2,back pain,10,84,93,64,27,100,36.9
30085041,3,fever,1,110,105,60,19,100,36.9
30085042,3,chest pain,2,111,152,80,24,100,37.1
30085043,1,fever,9,87,93,74,22,98,37.6
30085044,5,knee pain,3,106,147,80,15,100,37.5
30085045,3,back pain,2,86,130,92,16,98,36.9
30085046,3,chest pain,6,91,119,80,15,100,36.3
30085047,3,fever,4,76,122,89,14,95,37.5
30085048,4,headache,6,80,103,86,14,93,36.0
30085049,3,fever,0,76,101,84,24,96,37.9
30085050,2,abdominal pain,8,59,95,73,17,97,37.0
30085051,2,abdominal pain,8,77,147,60,17,93,37.7
30085052,3,fever,4,88,125,54,16,97,37.4
30085053,3,anxiety,1,84,136,89,18,96,37.3
30085054,4,laceration,1,100,134,52,19,100,37.9
30085055,2,back pain,6,81,114,86,18,100,36.7
30085056,5,headache,7,78,98,88,15,95,37.1
30085057,3,back pain,5,86,125,114,16,93,37.2
30085058,3,anxiety,6,77,156,98,23,97,36.7
30085059,1,fall,7,85,121,94,13,100,36.8
30085060,3,chest pain,4,86,126,85,12,95,37.3
30085061,3,knee pain,4,93,149,86,25,95,36.6
30085062,2,back pain,8,69,101,84,17,95,36.9
30085063,3,knee pain,7,100,146,75,15,96,36.6
30085064,4,chest pain,1,88,157,91,19,94,36.3
30085065,1,laceration,6,109,160,80,15,93,37.1
30085066,3,anxiety,4,81,130,93,16,95,37.5
30085067,2,headache,8,81,166,80,15,100,37.2
30085068,2,anxiety,8,82,127,90,27,98,35.5
30085069,2,anxiety,9,71,114,98,18,91,35.4
30085070,4,shortness of breath,1,94,143,78,17,97,37.5
30085071,3,abdominal pain,2,94,117,76,20,99,36.8
30085072,2,laceration,10,108,135,95,17,97,37.2
30085073,2,headache,9,95,150,88,22,92,37.0
30085074,3,fever,7,91,105,76,18,98,38.1
30085075,4,anxiety,6,102,122,61,10,96,37.5
30085076,3,headache,2,84,115,87,20,96,37.4
30085077,2,headache,6,91,102,92,16,99,37.0
30085078,2,chest pain,6,71,95,89,15,100,36.1
30085079,3,laceration,5,91,131,82,14,94,37.8
30085080,3,knee pain,0,85,111,86,18,95,37.5
30085081,1,abdominal pain,10,83,107,76,18,99,37.6
30085082,3,chest pain,7,57,157,110,21,96,37.7
30085083,2,abdominal pain,9,102,145,77,21,97,36.5
30085084,1,fall,7,106,134,74,16,100,36.2
30085085,3,fever,3,95,150,103,15,99,37.1
30085086,3,headache,5,82,103,95,19,95,36.6
30085087,3,shortness of breath,5,91,98,98,15,98,36.6
30085088,4,headache,7,90,121,55,21,100,38.6
30085089,3,back pain,1,63,121,80,19,99,36.4
30085090,3,fever,2,70,139,90,20,100,36.8
30085091,4,back pain,6,80,144,92,16,96,37.7
30085092,4,laceration,7,74,144,46,18,99,37.5
30085093,3,back pain,5,81,172,76,17,95,38.3
30085094,3,fever,2,116,139,81,28,94,37.9
30085095,3,knee pain,7,86,128,79,15,96,36.6
30085096,3,anxiety,5,82,119,61,22,94,36.2
30085097,2,shortness of breath,9,105,101,89,24,98,37.9
30085098,3,anxiety,3,88,145,92,22,96,36.9
30085099,4,fever,3,54,109,78,12,95,36.8
30085100,3,back pain,6,85,129,86,20,98,36.7
30085101,3,laceration,3,97,145,103,23,97,36.6
30085102,4,shortness of breath,1,107,112,78,13,94,37.6
30085103,1,chest pain,7,75,164,97,19,100,37.5
30085104,3,knee pain,6,114,137,86,17,95,36.6
30085105,1,knee pain,10,74,153,89,12,95,37.0
30085106,3,back pain,7,80,167,94,15,96,36.4
30085107,3,fever,1,93,114,64,21,100,37.9
30085108,3,anxiety,0,78,133,92,19,93,37.9
30085109,2,chest pain,6,84,142,75,17,98,36.3
30085110,3,fall,5,52,138,97,30,94,37.4
30085111,3,fall,6,78,144,106,26,99,36.0
30085112,4,chest pain,0,99,115,43,22,95,36.5
30085113,4,laceration,5,61,102,76,22,95,37.9
30085114,3,fall,6,66,117,105,8,96,36.6
30085115,2,fall,8,69,129,81,19,98,38.3
30085116,3,anxiety,2,90,124,93,16,98,36.9
30085117,4,fall,3,95,82,81,23,100,37.2
30085118,3,anxiety,3,57,112,40,8,100,37.4
30085119,1,shortness of breath,7,82,111,66,16,95,37.8
30085120,3,laceration,1,93,143,70,19,94,36.3
30085121,3,back pain,3,70,112,87,18,99,37.3
30085122,2,laceration,8,104,141,88,18,100,37.4
30085123,1,back pain,7,78,136,98,25,91,37.1
30085124,3,shortness of breath,4,53,127,73,20,95,36.8
30085125,2,laceration,10,92,143,69,20,99,36.4
30085126,1,fall,10,87,129,65,17,98,36.5
30085127,3,fever,3,131,129,80,21,99,38.6
30085128,2,headache,7,63,141,83,8,97,37.1
30085129,3,abdominal pain,2,105,129,63,20,94,36.3
30085130,3,abdominal pain,3,102,142,91,17,96,37.2
30085131,3,fever,0,112,139,76,19,91,36.6
30085132,1,fall,7,100,127,99,23,100,36.5
30085133,5,fever,1,83,144,112,18,97,35.7
30085134,3,abdominal pain,7,102,108,93,11,98,36.3
30085135,3,fever,6,83,115,62,14,95,36.9
30085136,4,anxiety,1,56,142,64,24,100,36.9
30085137,2,fall,8,100,82,60,17,94,36.5
30085138,3,chest pain,5,52,120,102,16,100,36.9
30085139,2,anxiety,8,95,138,66,19,94,37.6
30085140,1,fall,10,97,91,85,12,93,36.7
30085141,5,knee pain,2,91,144,78,21,98,35.9
30085142,1,anxiety,6,90,108,64,17,93,37.8
30085143,4,knee pain,6,106,134,87,25,98,36.3
30085144,3,headache,1,92,99,102,9,94,36.3
30085145,4,back pain,7,102,127,87,17,100,37.9
30085146,2,anxiety,8,68,92,88,11,96,37.3
30085147,3,headache,4,57,96,74,16,97,35.4
30085148,3,knee pain,1,81,122,76,17,92,37.4
30085149,2,laceration,7,79,130,93,22,96,37.4
30085150,2,back pain,9,80,128,57,25,97,36.6
30085151,4,knee pain,6,80,123,86,16,96,38.0
30085152,3,fall,1,80,149,112,18,100,37.7
30085153,2,fall,9,68,141,112,19,97,36.1
30085154,3,laceration,5,100,143,81,14,94,37.5
30085155,3,abdominal pain,4,103,104,84,26,100,37.1
30085156,5,laceration,7,75,104,71,13,95,37.9
30085157,2,chest pain,10,100,125,102,18,94,37.1
30085158,2,back pain,7,68,94,90,23,100,35.6
30085159,1,laceration,9,77,99,72,13,95,38.1
30085160,3,fever,0,81,130,54,25,95,37.3
30085161,3,fever,6,79,142,88,13,92,37.2
30085162,3,headache,3,107,167,75,22,100,36.5
30085163,4,knee pain,5,73,156,76,16,99,35.7
30085164,3,shortness of breath,7,85,127,84,13,93,36.8
30085165,3,abdominal pain,7,90,122,57,16,97,37.6
30085166,2,headache,10,67,165,78,20,99,37.8
30085167,3,back pain,4,102,112,76,25,96,37.7
30085168,3,fever,7,77,99,61,18,97,36.8
30085169,4,chest pain,7,91,141,86,16,99,36.2
30085170,3,fall,0,86,112,85,15,92,36.4
30085171,1,shortness of breath,7,60,124,85,14,93,36.4
30085172,4,fall,5,95,126,75,16,96,38.2
30085173,1,back pain,6,90,98,77,14,96,37.0
30085174,3,fall,0,71,139,47,24,90,38.7
30085175,2,chest pain,6,64,121,81,18,99,36.9
30085176,3,fall,2,73,142,93,19,97,36.7
30085177,3,abdominal pain,6,93,111,85,16,94,37.4
30085178,3,back pain,4,71,152,69,18,90,38.1
30085179,2,chest pain,10,92,128,67,18,93,37.7
30085180,2,laceration,6,73,134,99,23,96,36.7
30085181,5,fever,3,101,103,86,15,95,37.6
30085182,2,fall,7,95,156,60,20,99,37.5
30085183,3,shortness of breath,3,99,161,64,21,100,37.3
30085184,4,shortness of breath,5,82,121,92,16,97,36.3
30085185,2,fever,8,79,148,75,17,100,37.8
30085186,4,fall,4,97,140,77,23,99,37.4
30085187,3,laceration,2,85,144,110,17,96,35.9
30085188,2,shortness of breath,8,105,100,87,20,89,37.2
30085189,3,chest pain,4,102,148,38,15,98,38.3
30085190,2,headache,10,80,139,63,18,93,37.2
30085191,3,chest pain,0,87,104,73,17,97,37.1
30085192,2,shortness of breath,7,78,140,59,17,99,36.3
30085193,2,shortness of breath,8,67,117,78,22,89,36.9
30085194,2,laceration,7,61,111,73,16,99,37.7
30085195,2,fall,10,46,147,84,15,100,36.8
30085196,3,chest pain,5,101,141,78,18,92,35.8
30085197,2,anxiety,9,92,78,82,16,96,36.4
30085198,3,laceration,2,93,122,56,9,97,36.8
30085199,3,laceration,1,86,148,68,20,95,36.7
30085200,2,laceration,9,83,156,85,6,92,36.1
30085201,3,headache,7,112,100,89,27,100,36.8
30085202,4,abdominal pain,5,83,108,92,16,97,37.0
30085203,3,anxiety,0,69,125,94,22,100,36.4
30085204,2,chest pain,8,69,125,82,20,98,38.1
30085205,3,headache,0,92,133,72,16,100,38.5
30085206,4,fall,6,111,93,74,25,100,36.0
30085207,4,shortness of breath,7,87,140,86,24,92,37.6
30085208,2,headache,7,70,104,90,17,100,36.7
30085209,3,abdominal pain,5,92,149,67,18,100,37.1
30085210,2,headache,8,83,117,64,19,100,35.4
30085211,3,chest pain,2,81,128,81,22,93,37.6
30085212,3,knee pain,1,67,128,67,22,99,36.8
30085213,5,anxiety,6,94,122,117,16,100,36.5
30085214,3,anxiety,1,74,128,64,20,100,37.3
30085215,2,fall,10,88,144,102,12,94,37.1
30085216,2,abdominal pain,10,82,124,60,22,95,37.2
30085217,3,fall,5,108,122,79,12,100,36.8
30085218,4,fall,6,81,146,57,19,97,38.5
30085219,3,chest pain,7,85,138,103,25,97,36.8
30085220,2,fever,8,71,127,80,24,94,37.5
30085221,2,abdominal pain,6,63,116,86,27,100,37.1
30085222,3,back pain,3,91,140,101,19,94,35.7
30085223,4,anxiety,4,78,143,85,14,100,36.4
30085224,2,anxiety,7,99,151,91,25,97,37.9
30085225,4,back pain,3,56,74,66,20,99,37.5
30085226,3,anxiety,0,116,153,54,24,96,38.0
30085227,5,fever,1,107,115,83,20,93,36.7
30085228,2,shortness of breath,8,109,149,71,18,98,37.3
30085229,4,anxiety,5,100,104,74,15,99,37.8
30085230,5,knee pain,7,69,131,91,21,94,36.5
30085231,5,shortness of breath,0,90,107,131,9,90,37.3
30085232,1,fall,10,115,137,80,16,100,37.3
30085233,2,shortness of breath,7,88,79,62,12,96,36.5
30085234,3,headache,3,108,109,79,8,99,36.1
30085235,3,back pain,5,56,125,53,25,94,38.1
30085236,3,knee pain,2,90,112,82,11,98,37.2
30085237,2,knee pain,7,97,141,99,23,98,37.2
30085238,4,knee pain,6,86,123,88,19,100,36.7
30085239,3,headache,0,77,135,95,22,100,36.4
30085240,3,chest pain,7,106,141,85,13,98,36.6
30085241,4,fall,5,67,133,68,17,96,36.1
30085242,3,fall,1,86,111,100,14,94,37.4
30085243,4,headache,4,87,114,65,20,90,36.5
30085244,2,headache,6,56,124,66,19,99,37.1
30085245,3,anxiety,1,82,161,98,19,98,37.8
30085246,4,laceration,6,83,173,80,27,94,36.2
30085247,3,laceration,2,78,139,94,22,99,36.8
30085248,2,chest pain,9,88,142,88,13,99,35.9
30085249,3,laceration,4,103,166,68,31,96,37.7
30085250,5,chest pain,5,42,153,76,22,97,37.4
30085251,3,headache,4,78,130,79,16,93,36.4
30085252,3,fever,5,92,123,70,14,96,36.6
30085253,3,laceration,7,79,139,59,18,94,36.5
30085254,3,shortness of breath,6,90,128,60,15,94,36.9
30085255,2,back pain,6,73,130,93,16,97,37.1
30085256,4,knee pain,0,82,133,100,25,100,37.3
30085257,4,headache,0,78,136,80,18,98,37.1
30085258,2,chest pain,9,82,129,83,26,95,35.3
30085259,3,chest pain,1,91,87,87,23,97,36.5
30085260,3,anxiety,6,97,141,94,16,94,36.0
30085261,2,knee pain,9,89,119,87,16,97,36.0
30085262,4,chest pain,3,95,112,88,15,95,37.8
30085263,4,laceration,6,95,140,72,18,91,36.8
30085264,4,chest pain,1,75,129,61,19,94,37.9
30085265,4,fall,3,83,138,76,18,98,35.3
30085266,3,anxiety,7,81,141,73,16,93,37.0
30085267,2,anxiety,7,54,147,69,14,95,36.6
30085268,4,fall,7,116,142,87,19,94,38.3
30085269,4,anxiety,6,63,113,54,24,94,37.8
30085270,2,anxiety,6,83,157,62,14,97,37.4
30085271,2,fever,6,98,128,63,22,98,36.9
30085272,2,headache,6,92,113,79,26,97,38.1
30085273,2,shortness of breath,6,120,163,84,12,96,35.7
30085274,4,back pain,6,81,133,93,24,92,36.8
30085275,5,shortness of breath,0,72,126,105,25,97,36.7
30085276,3,back pain,5,74,126,78,21,100,36.4
30085277,3,anxiety,3,98,60,108,16,98,37.4
30085278,2,shortness of breath,10,99,120,102,22,96,36.8
30085279,3,fall,1,104,136,82,16,91,36.7
30085280,3,abdominal pain,2,89,128,67,16,95,37.2
30085281,4,knee pain,6,72,126,94,16,95,35.1
30085282,4,chest pain,6,97,109,123,17,98,37.7
30085283,4,knee pain,5,78,105,80,30,95,37.1
30085284,3,anxiety,1,95,97,79,24,95,37.0
30085285,3,back pain,1,72,121,69,28,97,37.1
30085286,2,anxiety,7,94,126,73,17,98,36.3
30085287,3,shortness of breath,3,75,140,85,15,91,37.3
30085288,2,abdominal pain,10,82,129,80,22,99,37.8
30085289,2,shortness of breath,7,92,140,93,13,98,36.8
30085290,3,anxiety,4,77,145,92,18,99,37.2
30085291,1,anxiety,6,103,134,73,22,100,38.0
30085292,4,abdominal pain,2,103,122,69,25,100,36.4
30085293,3,knee pain,7,95,149,87,15,96,35.6
30085294,3,chest pain,3,62,151,74,20,96,38.0
30085295,5,anxiety,3,114,121,72,28,94,38.8
30085296,3,headache,1,78,93,67,19,93,36.7
30085297,3,back pain,5,70,110,69,21,96,36.4
30085298,2,anxiety,9,59,144,65,21,97,37.1
30085299,3,fever,5,79,94,74,18,95,37.4
30085300,2,laceration,8,71,113,102,23,99,36.0
30085301,3,knee pain,3,89,92,64,18,100,36.5
30085302,4,laceration,7,86,79,82,20,98,38.5
30085303,3,knee pain,4,73,132,77,17,97,37.8
30085304,3,anxiety,6,76,141,61,13,94,37.5
30085305,3,anxiety,0,95,160,51,30,93,36.1
30085306,4,abdominal pain,1,117,103,71,17,94,36.5
30085307,2,knee pain,6,96,94,83,24,91,37.7
30085308,3,back pain,1,84,152,75,25,95,36.5
30085309,3,back pain,6,92,128,73,12,100,36.6
30085310,4,knee pain,2,115,109,42,21,94,35.9
30085311,2,knee pain,6,76,141,82,24,100,37.0
30085312,4,abdominal pain,0,91,123,84,14,95,37.2
30085313,3,knee pain,7,81,125,95,19,100,36.0
30085314,3,shortness of breath,7,121,78,82,20,100,36.7
30085315,3,knee pain,3,76,84,92,23,95,35.9
30085316,3,laceration,5,72,127,53,14,92,36.1
30085317,3,shortness of breath,2,74,64,60,24,100,36.6
30085318,3,back pain,5,76,132,90,14,100,37.0
30085319,2,back pain,8,72,143,57,16,99,37.4
30085320,3,anxiety,2,85,96,112,18,97,37.2
30085321,4,shortness of breath,7,79,140,68,25,95,36.6
30085322,3,abdominal pain,5,73,117,92,18,98,37.1
30085323,3,laceration,0,84,125,89,23,98,36.7
30085324,2,abdominal pain,9,90,126,88,12,93,36.4
30085325,3,anxiety,6,99,96,67,14,90,38.1
30085326,3,fever,4,84,131,59,18,99,37.0
30085327,3,knee pain,2,71,146,63,18,100,35.7
30085328,4,knee pain,3,97,88,73,21,100,36.3
30085329,2,headache,10,83,120,79,18,96,39.3
30085330,2,fall,8,80,123,73,13,91,37.4
30085331,3,anxiety,6,69,160,86,19,96,37.7
30085332,2,headache,8,116,140,102,18,99,37.2
30085333,4,laceration,2,92,135,98,19,98,37.3
30085334,3,laceration,2,71,121,87,20,96,35.6
30085335,3,fall,2,80,118,107,21,100,35.6
30085336,4,anxiety,3,114,148,84,22,97,36.8
30085337,3,shortness of breath,6,80,121,56,15,95,36.6
30085338,4,headache,3,68,106,66,17,94,38.4
30085339,4,fall,4,71,115,73,12,96,35.9
30085340,3,headache,7,75,147,80,22,99,37.3
30085341,4,fall,3,100,143,76,16,92,37.5
30085342,3,anxiety,4,90,144,106,15,100,36.1
30085343,3,fall,7,86,129,69,13,99,35.7
30085344,3,fever,6,78,122,66,14,100,36.7
30085345,3,fever,7,71,131,74,19,97,35.3
30085346,2,fall,6,98,114,71,18,95,36.4
30085347,4,shortness of breath,6,61,131,69,13,94,37.6
30085348,2,anxiety,8,68,141,82,22,93,37.3
30085349,4,anxiety,6,93,124,83,17,95,37.0
30085350,2,shortness of breath,9,70,106,131,18,100,36.6
30085351,1,shortness of breath,8,86,161,48,12,97,38.2
30085352,5,laceration,2,103,110,83,17,96,38.3
30085353,3,back pain,0,88,112,79,16,97,37.0
30085354,4,back pain,4,88,121,74,21,97,38.3
30085355,3,anxiety,6,85,145,97,13,98,36.5
30085356,2,shortness of breath,8,86,139,84,17,96,37.4
30085357,3,abdominal pain,7,60,109,63,21,100,37.2
30085358,3,fall,0,83,119,87,19,96,37.2
30085359,4,knee pain,0,102,93,79,16,97,35.9
30085360,3,fall,7,73,126,77,7,95,38.4
30085361,3,headache,4,64,95,89,17,98,37.0
30085362,3,back pain,6,93,93,68,13,99,37.7
30085363,3,chest pain,6,77,123,63,10,99,37.7
30085364,3,shortness of breath,6,80,113,61,19,100,36.7
30085365,2,abdominal pain,7,99,140,60,23,95,36.7
30085366,3,laceration,1,95,128,75,14,91,36.8
30085367,1,abdominal pain,10,85,145,81,12,94,36.6
30085368,3,fall,0,52,96,66,17,98,37.3
30085369,3,abdominal pain,3,74,109,69,8,97,39.1
30085370,3,anxiety,4,124,94,44,19,95,38.5
30085371,4,fever,2,82,126,99,23,96,35.8
30085372,4,laceration,3,99,152,79,21,100,37.1
30085373,3,laceration,1,104,137,86,20,98,37.2
30085374,4,fever,0,69,110,94,17,98,36.6
30085375,3,anxiety,5,99,108,73,16,97,37.0
30085376,3,knee pain,5,80,138,60,14,99,36.6
30085377,4,knee pain,6,76,152,82,23,98,36.2
30085378,2,anxiety,6,71,122,79,17,97,36.3
30085379,3,abdominal pain,3,67,123,96,11,100,36.4
30085380,1,fall,7,123,126,97,18,100,36.1
30085381,3,fall,7,101,117,71,17,97,36.5
30085382,3,fever,7,67,123,68,20,97,37.4
30085383,3,abdominal pain,5,85,145,72,18,98,37.3
30085384,1,chest pain,7,90,143,87,23,95,37.8
30085385,3,headache,4,74,118,70,19,93,36.3
30085386,3,fever,1,100,138,89,22,94,38.6
30085387,3,anxiety,5,76,155,56,25,95,36.1
30085388,4,laceration,0,94,141,69,18,97,36.0
30085389,3,fall,1,98,117,80,23,95,36.0
30085390,1,fever,6,65,141,112,18,99,37.2
30085391,5,laceration,0,78,144,101,17,100,35.4
30085392,2,chest pain,10,105,99,93,19,94,36.6
30085393,3,chest pain,5,65,136,104,17,98,36.3
30085394,3,chest pain,6,78,154,72,20,100,36.7
30085395,3,fall,5,62,107,101,16,95,36.9
30085396,2,chest pain,6,97,130,87,24,93,36.7
30085397,3,headache,0,96,100,101,22,96,35.0
30085398,4,fall,5,84,92,75,23,91,37.0
30085399,5,anxiety,6,81,125,82,15,97,37.0
30085400,3,chest pain,1,54,170,92,26,96,37.2
30085401,3,knee pain,3,112,127,83,15,90,37.6
30085402,4,chest pain,4,81,102,96,10,100,37.7
30085403,4,abdominal pain,2,87,126,70,26,100,38.1
30085404,3,chest pain,6,92,127,67,16,97,37.6
30085405,3,chest pain,2,68,137,95,26,96,37.3
30085406,3,laceration,0,101,121,96,9,92,36.8
30085407,2,fall,8,88,131,91,17,99,35.9
30085408,4,anxiety,4,86,162,104,27,98,37.3
30085409,3,back pain,1,90,140,79,20,97,38.1
30085410,3,knee pain,5,98,156,105,25,100,37.7
30085411,3,knee pain,3,90,106,100,21,100,37.6
30085412,3,anxiety,2,72,92,83,20,96,36.4
30085413,3,anxiety,6,78,112,63,15,100,36.6
30085414,2,back pain,6,87,123,72,18,93,37.5
30085415,3,shortness of breath,3,109,140,103,15,100,36.8
30085416,2,shortness of breath,9,90,125,69,13,98,37.3
30085417,3,headache,2,92,141,73,18,96,37.2
30085418,3,abdominal pain,0,77,128,86,22,96,37.8
30085419,4,anxiety,5,88,112,61,18,98,37.5
30085420,5,shortness of breath,0,81,110,71,16,94,37.5
30085421,1,fever,9,77,120,94,19,99,37.4
30085422,5,laceration,2,70,147,58,18,95,37.0
30085423,3,shortness of breath,2,84,105,97,16,94,37.5
30085424,2,anxiety,6,104,113,99,14,97,37.8
30085425,2,anxiety,6,65,124,85,22,99,37.2
30085426,3,fall,7,81,99,120,18,97,36.3
30085427,3,anxiety,4,89,95,67,23,98,37.4
30085428,3,laceration,1,85,137,67,18,99,36.2
30085429,4,knee pain,6,91,171,73,14,100,36.7
30085430,3,fever,5,51,123,74,21,97,35.6
30085431,3,fever,2,76,123,59,18,92,37.8
30085432,3,knee pain,1,94,115,87,19,100,37.1
30085433,3,back pain,6,82,105,89,21,95,37.6
30085434,3,fever,4,86,126,83,19,98,37.0
30085435,3,fever,3,102,154,69,21,94,36.8
30085436,3,fall,0,78,102,83,13,98,36.9
30085437,2,chest pain,8,89,119,102,14,97,37.3
30085438,2,headache,10,74,133,75,17,99,35.8
30085439,3,anxiety,6,69,162,74,18,97,37.2
30085440,4,anxiety,3,84,105,96,21,97,37.1
30085441,5,shortness of breath,6,91,145,45,15,100,37.2
30085442,3,abdominal pain,1,67,87,71,18,93,36.2
30085443,5,chest pain,7,54,143,72,16,100,36.8
30085444,4,fever,1,80,141,82,21,100,37.1
30085445,3,back pain,7,75,72,54,21,96,36.7
30085446,3,laceration,4,66,128,68,24,97,37.7
30085447,3,shortness of breath,2,108,129,68,21,100,36.8
30085448,3,chest pain,5,102,101,69,17,97,38.1
30085449,2,knee pain,6,76,142,88,20,97,36.7
30085450,3,knee pain,0,86,102,74,14,93,36.5
30085451,3,fall,4,82,126,65,21,99,37.3
30085452,2,fever,8,106,132,89,14,97,36.9
30085453,3,laceration,6,68,110,53,20,95,35.9
30085454,3,knee pain,5,95,116,91,17,99,37.4
30085455,2,back pain,6,71,142,58,13,96,37.5
30085456,4,back pain,4,88,137,95,15,99,37.6
30085457,4,fever,6,81,148,63,17,98,36.1
30085458,2,laceration,9,101,96,63,22,96,35.8
30085459,3,abdominal pain,1,93,114,75,19,100,37.4
30085460,2,abdominal pain,8,99,114,70,20,97,37.1
30085461,3,back pain,1,61,152,83,16,96,36.8
30085462,4,headache,7,66,171,99,20,97,37.9
30085463,2,headache,6,70,119,94,22,99,36.9
30085464,3,back pain,1,69,136,69,12,97,37.6
30085465,3,fall,7,79,164,79,11,100,36.6
30085466,2,knee pain,7,70,135,89,23,99,37.2
30085467,3,headache,2,106,120,51,21,99,36.5
30085468,4,knee pain,2,121,89,66,22,100,37.6
30085469,3,back pain,7,100,124,64,15,99,37.0
30085470,3,knee pain,2,92,117,76,15,98,38.4
30085471,3,laceration,5,89,127,82,25,93,36.8
30085472,3,chest pain,2,72,112,79,26,97,36.7
30085473,3,shortness of breath,6,88,101,93,17,98,36.5
30085474,3,fever,7,85,112,81,24,99,35.8
30085475,3,headache,6,101,131,81,19,96,36.8
30085476,3,fall,3,85,148,67,21,98,36.6
30085477,4,headache,6,83,128,77,19,96,35.6
30085478,3,laceration,6,88,116,54,19,92,36.1
30085479,4,headache,1,80,142,88,20,96,36.1
30085480,3,chest pain,0,84,154,96,15,100,37.6
30085481,3,knee pain,2,85,128,78,22,98,36.7
30085482,3,back pain,7,73,155,70,20,98,36.6
30085483,3,back pain,1,105,115,83,21,100,38.2
30085484,4,abdominal pain,7,108,111,95,22,98,37.3
30085485,4,headache,6,67,132,70,15,93,38.1
30085486,3,laceration,6,91,116,81,21,100,36.5
30085487,3,abdominal pain,3,90,91,97,17,99,36.5
30085488,3,back pain,0,104,153,45,22,95,38.3
30085489,2,headache,9,97,121,65,21,99,36.1
30085490,2,back pain,10,113,123,52,14,90,35.2
30085491,2,fall,6,78,137,102,21,95,36.6
30085492,3,anxiety,2,86,176,107,17,100,37.6
30085493,3,abdominal pain,6,94,122,76,12,99,36.8
30085494,3,anxiety,0,69,132,94,14,98,37.0
30085495,2,fall,6,111,90,108,16,97,36.8
30085496,4,anxiety,4,81,131,68,17,95,38.1
30085497,3,fall,2,67,143,77,21,96,37.0
30085498,5,shortness of breath,3,69,141,102,18,90,36.7
30085499,3,headache,4,70,150,85,20,99,37.8
30085500,4,laceration,6,69,123,105,19,99,36.6
30085501,2,fall,9,87,154,103,17,100,36.4
30085502,3,anxiety,2,96,124,63,17,94,36.0
30085503,2,fever,10,86,108,66,23,96,38.4
30085504,3,shortness of breath,4,85,112,68,17,98,36.2
30085505,3,chest pain,7,104,109,67,19,100,36.7
30085506,3,headache,2,88,126,94,11,100,37.5
30085507,3,fall,6,59,132,52,23,90,35.3
30085508,3,headache,3,78,98,83,19,98,36.1
30085509,2,abdominal pain,10,73,125,63,22,94,36.6
30085510,3,shortness of breath,4,66,137,72,20,98,36.9
30085511,4,knee pain,7,71,110,85,11,99,37.1
30085512,3,laceration,6,79,136,114,21,100,36.0
30085513,2,knee pain,9,108,132,70,26,97,37.6
30085514,5,abdominal pain,3,63,57,86,21,97,36.7
30085515,3,headache,4,113,139,74,19,96,37.1
30085516,4,fever,3,73,135,75,14,100,37.4
30085517,4,fall,7,96,104,79,16,98,36.6
30085518,3,fever,3,90,162,70,15,99,38.2
30085519,3,laceration,4,72,111,100,20,97,37.0
30085520,3,back pain,2,91,97,71,23,100,38.3
30085521,3,headache,6,82,131,57,19,99,37.9
30085522,3,shortness of breath,6,58,134,107,18,92,36.1
30085523,3,knee pain,4,75,151,63,14,99,38.4
30085524,2,fever,6,92,110,88,19,93,37.0
30085525,2,fever,7,68,89,107,27,99,37.5
30085526,3,laceration,1,86,95,59,17,92,37.3
30085527,3,chest pain,2,100,134,72,22,93,37.1
30085528,4,shortness of breath,2,73,100,86,14,96,37.7
30085529,4,headache,6,68,131,81,24,98,36.9
30085530,3,fever,7,103,189,83,15,96,37.8
30085531,4,headache,1,66,128,62,12,100,37.4
30085532,3,headache,0,91,132,77,15,100,37.7
30085533,2,abdominal pain,6,58,129,85,17,100,37.0
30085534,2,fever,9,80,138,91,21,98,36.8
30085535,4,anxiety,2,79,137,87,20,98,36.6
30085536,5,fever,6,84,124,76,23,96,36.8
30085537,5,back pain,1,119,95,83,16,92,36.8
30085538,3,chest pain,1,57,114,96,22,95,38.3
30085539,3,back pain,2,83,130,79,21,100,37.4
30085540,3,anxiety,0,79,124,93,22,100,37.4
30085541,4,knee pain,7,92,146,83,18,96,37.7
30085542,3,fall,3,99,108,79,20,97,36.4
30085543,2,headache,6,70,108,81,21,100,36.2
30085544,2,back pain,10,95,83,105,20,100,37.4
30085545,3,chest pain,0,53,108,71,23,99,36.6
30085546,2,fall,10,92,103,68,18,94,35.8
30085547,4,chest pain,5,98,131,60,26,94,36.1
30085548,3,chest pain,1,109,106,99,16,95,36.3
30085549,3,laceration,7,82,138,66,21,95,37.2
30085550,2,back pain,7,68,158,71,12,98,37.4
30085551,3,knee pain,7,77,120,74,25,99,36.5
30085552,4,fever,3,70,117,114,17,98,36.9
30085553,3,fever,1,75,120,64,23,100,36.3
30085554,5,anxiety,0,110,120,75,16,100,37.1
30085555,3,back pain,3,76,116,96,17,97,36.6
30085556,4,back pain,7,105,116,59,20,98,36.8
30085557,2,fall,8,108,117,77,14,97,36.2
30085558,3,fever,4,90,135,84,15,100,37.2
30085559,5,fever,2,77,116,71,14,96,36.8
30085560,3,abdominal pain,7,106,128,75,11,93,36.4
30085561,4,shortness of breath,6,53,149,75,14,96,37.0
30085562,2,abdominal pain,6,77,130,78,18,100,36.3
30085563,4,chest pain,7,72,104,75,13,97,36.4
30085564,2,fever,6,101,142,78,16,100,37.1
30085565,2,fall,6,93,154,70,22,100,36.3
30085566,2,laceration,8,87,115,96,21,97,37.4
30085567,4,headache,6,125,134,86,16,100,37.1
30085568,3,abdominal pain,0,84,139,91,18,97,37.3
30085569,3,fall,2,84,109,66,15,100,35.9
30085570,3,fever,3,74,138,102,18,91,36.6
30085571,3,anxiety,7,77,86,65,19,96,36.2
30085572,3,laceration,0,70,116,69,14,99,37.2
30085573,2,laceration,10,78,154,78,14,99,37.6
30085574,5,fall,5,84,132,106,17,94,36.9
30085575,3,laceration,3,83,96,56,19,96,38.2
30085576,3,anxiety,0,89,103,67,21,100,37.5
30085577,3,fall,0,86,131,29,23,96,36.8
30085578,4,headache,7,86,127,64,15,95,37.7
30085579,3,fall,3,91,108,83,12,100,38.0
30085580,3,back pain,7,100,103,101,18,100,37.4
30085581,2,fall,6,100,136,82,14,97,37.9
30085582,3,chest pain,6,79,139,91,13,99,37.3
30085583,3,fever,6,68,126,42,20,96,36.8
30085584,3,headache,4,75,149,66,19,100,36.1
30085585,2,headache,9,84,143,91,16,93,37.0
30085586,3,anxiety,6,113,128,82,17,98,37.1
30085587,3,fever,3,65,124,84,20,100,38.4
30085588,1,shortness of breath,10,107,87,91,14,96,36.4
30085589,3,back pain,3,74,113,65,20,99,38.3
30085590,3,fall,0,88,129,65,16,100,38.8
30085591,3,knee pain,2,120,119,109,21,97,37.7
30085592,4,back pain,7,67,93,68,15,100,36.6
30085593,4,headache,7,75,122,79,17,95,36.7
30085594,3,fever,5,97,133,82,24,100,38.1
30085595,1,shortness of breath,10,78,133,74,20,100,38.4
30085596,3,shortness of breath,3,77,132,73,15,96,37.4
30085597,2,abdominal pain,9,84,99,74,16,94,37.3
30085598,2,fall,10,81,86,79,10,94,37.7
30085599,4,fever,7,83,143,77,23,92,37.2
30085600,3,back pain,1,58,113,86,21,100,37.7
30085601,2,chest pain,10,92,131,81,20,90,37.0
30085602,2,chest pain,10,86,116,108,17,97,36.5
30085603,3,fever,7,88,156,79,16,96,37.0
30085604,1,fever,9,95,117,94,23,98,37.4
30085605,5,back pain,5,81,129,72,16,96,37.2
30085606,4,anxiety,2,79,116,107,23,95,38.4
30085607,5,back pain,3,74,117,76,23,100,36.5
30085608,3,headache,2,84,159,85,21,99,37.0
30085609,3,laceration,3,78,126,85,13,100,37.5
30085610,3,fall,6,67,130,60,16,100,37.3
30085611,3,shortness of breath,6,67,169,83,16,97,37.3
30085612,2,chest pain,10,80,110,82,16,95,36.7
30085613,3,fall,2,66,141,81,12,93,36.6
30085614,3,fall,1,87,112,92,16,92,36.6
30085615,3,anxiety,4,95,97,64,19,94,37.1
30085616,3,fever,2,79,103,66,13,92,35.7
30085617,1,back pain,6,94,122,92,15,96,36.5
30085618,3,chest pain,2,83,124,96,19,90,35.3
30085619,3,headache,3,73,145,88,22,96,36.6
30085620,4,shortness of breath,5,59,120,67,16,97,38.2
30085621,3,headache,4,86,105,89,20,97,37.9
30085622,4,chest pain,0,76,147,88,26,96,37.3
30085623,3,fever,6,79,133,79,16,92,37.3
30085624,2,laceration,8,89,140,71,19,97,34.6
30085625,3,chest pain,4,90,108,34,19,100,37.3
30085626,3,fall,5,58,135,73,12,92,37.5
30085627,1,abdominal pain,9,82,150,100,22,96,36.9
30085628,4,anxiety,4,99,104,33,16,95,37.3
30085629,4,abdominal pain,4,70,88,64,20,96,37.6
30085630,2,fall,9,86,165,79,14,98,37.7
30085631,2,shortness of breath,7,84,102,69,14,97,36.8
30085632,4,fall,0,107,118,60,22,97,35.3
30085633,3,back pain,4,99,109,72,21,100,36.7
30085634,3,headache,6,73,159,103,22,92,37.7
30085635,2,fever,6,83,126,63,18,99,36.6
30085636,3,headache,1,85,132,45,12,98,37.7
30085637,3,chest pain,0,91,125,90,16,99,36.7
30085638,3,headache,6,75,82,66,17,94,37.7
30085639,3,anxiety,7,96,119,81,22,95,37.5
30085640,1,anxiety,6,80,141,109,16,98,37.0
30085641,3,back pain,5,69,152,92,25,97,36.0
30085642,2,back pain,10,86,142,98,17,99,36.8
30085643,4,headache,2,86,114,94,17,99,36.5
30085644,4,back pain,3,72,145,102,12,100,37.6
30085645,4,chest pain,6,70,136,76,18,97,37.2
30085646,1,back pain,7,68,98,70,19,100,37.8
30085647,3,laceration,1,70,121,74,17,94,37.3
30085648,3,shortness of breath,6,117,120,69,20,99,37.3
30085649,3,chest pain,6,60,129,68,15,99,35.7
30085650,3,anxiety,1,91,160,61,12,96,36.5
30085651,3,laceration,2,68,116,84,24,96,36.5
30085652,4,anxiety,6,85,168,73,18,100,37.1
30085653,3,headache,1,91,107,100,18,99,37.5
30085654,2,laceration,10,130,123,95,20,94,37.1
30085655,3,knee pain,2,78,109,86,23,100,37.2
30085656,3,anxiety,4,103,115,100,17,92,36.0
30085657,4,chest pain,3,93,104,77,16,94,35.8
30085658,5,fever,6,64,126,131,18,100,36.3
30085659,3,anxiety,2,69,115,65,18,96,35.3
30085660,4,back pain,1,83,98,63,24,97,39.3
30085661,5,anxiety,5,103,113,65,16,95,37.8
30085662,2,laceration,9,84,127,70,17,100,36.9
30085663,3,headache,6,75,157,62,17,98,37.1
30085664,3,fall,5,77,115,80,18,100,36.4
30085665,3,headache,3,84,157,73,15,100,37.2
30085666,2,shortness of breath,6,85,137,71,21,100,38.8
30085667,1,abdominal pain,6,83,105,67,17,100,37.9
30085668,3,chest pain,0,79,159,68,26,98,37.6
30085669,3,shortness of breath,0,103,112,72,22,99,36.6
30085670,3,anxiety,0,64,127,63,19,100,36.3
30085671,2,back pain,9,79,103,85,18,97,36.4
30085672,3,back pain,1,78,129,71,25,97,36.5
30085673,4,knee pain,2,80,145,71,5,97,37.4
30085674,2,fall,6,69,144,65,19,97,37.0
30085675,3,laceration,4,80,124,108,22,97,37.0
30085676,4,knee pain,1,80,87,57,17,95,38.5
30085677,1,anxiety,6,98,103,84,14,95,37.3
30085678,4,abdominal pain,4,90,101,55,17,93,36.6
30085679,3,anxiety,2,99,143,66,15,90,37.0
30085680,2,fall,9,88,123,75,20,100,36.5
30085681,2,anxiety,10,70,125,58,22,96,35.4
30085682,2,fever,10,92,107,88,15,98,37.0
30085683,3,fall,6,83,131,106,17,98,37.2
30085684,5,headache,1,78,125,78,20,94,36.1
30085685,3,shortness of breath,6,75,126,65,15,96,36.5
30085686,3,chest pain,1,66,145,89,10,96,36.6
30085687,2,knee pain,6,84,139,97,21,99,37.9
30085688,2,fall,8,92,117,106,13,100,36.3
30085689,4,shortness of breath,7,113,139,78,19,98,36.0
30085690,3,shortness of breath,7,72,70,74,23,100,38.0
30085691,3,shortness of breath,0,92,129,70,21,99,36.8
30085692,3,chest pain,4,81,127,92,19,98,36.9
30085693,3,back pain,7,79,123,63,23,95,37.1
30085694,3,knee pain,1,97,152,91,20,98,36.9
30085695,3,knee pain,1,68,136,78,13,98,37.5
30085696,1,knee pain,8,69,67,83,19,99,36.4
30085697,2,anxiety,9,82,105,93,15,96,37.7
30085698,3,knee pain,4,96,123,71,16,99,37.5
30085699,3,headache,7,81,118,69,14,93,35.4
30085700,3,anxiety,2,87,159,94,17,100,37.2
30085701,3,fever,7,104,117,74,18,96,37.1
30085702,3,chest pain,0,74,109,51,19,98,37.7
30085703,2,abdominal pain,9,85,117,57,21,95,37.5
30085704,3,anxiety,2,84,129,83,14,99,36.0
30085705,4,back pain,7,83,93,84,17,100,35.7
30085706,3,chest pain,1,110,126,67,16,96,37.9
30085707,5,abdominal pain,7,80,87,45,15,100,37.5
30085708,3,knee pain,1,57,109,75,11,94,38.0
30085709,3,abdominal pain,2,106,149,87,17,98,36.6
30085710,1,abdominal pain,7,79,146,74,19,97,38.0
30085711,2,anxiety,6,95,107,68,11,94,37.1
30085712,3,knee pain,6,87,104,74,26,99,36.5
30085713,2,fever,10,88,153,81,23,98,35.2
30085714,4,fever,5,69,135,84,18,99,37.6
30085715,4,abdominal pain,4,67,125,114,17,98,37.4
30085716,1,chest pain,7,63,112,66,17,98,37.5
30085717,5,abdominal pain,4,51,109,83,11,96,36.2
30085718,3,fever,7,87,140,113,12,97,38.1
30085719,3,fall,6,72,137,94,28,100,37.6
30085720,3,abdominal pain,2,87,107,86,22,98,37.6
30085721,3,laceration,0,84,162,70,17,95,37.7
30085722,2,back pain,9,96,110,79,24,94,37.1
30085723,5,laceration,0,109,100,71,22,96,36.0
30085724,3,back pain,6,57,137,61,20,98,36.9
30085725,3,fall,6,115,95,71,14,94,35.4
30085726,4,fall,2,87,167,75,14,97,36.0
30085727,2,fall,9,80,101,86,18,97,36.8
30085728,3,fall,7,72,138,65,18,91,36.4
30085729,1,anxiety,9,92,103,77,16,92,37.4
30085730,3,anxiety,3,81,129,69,16,96,37.4
30085731,2,laceration,7,76,148,81,15,96,35.8
30085732,3,back pain,0,61,118,111,21,99,37.4
30085733,3,fever,0,79,134,85,23,97,37.2
30085734,2,headache,7,101,128,80,15,95,36.3
30085735,4,back pain,1,94,89,76,12,96,37.8
30085736,3,knee pain,1,84,112,74,16,96,38.1
30085737,3,abdominal pain,4,75,156,94,21,100,36.4
30085738,1,headache,9,85,132,102,11,100,36.2
30085739,4,shortness of breath,7,87,113,89,12,94,36.3
30085740,3,abdominal pain,3,73,120,80,13,100,36.1
30085741,3,knee pain,1,99,87,94,14,97,37.4
30085742,4,anxiety,4,59,148,79,20,98,36.6
30085743,4,anxiety,0,85,108,83,17,100,37.7
30085744,4,chest pain,1,90,90,49,14,96,38.6
30085745,2,anxiety,7,94,111,90,14,94,37.4
30085746,5,headache,6,85,126,96,20,99,36.1
30085747,3,fever,0,101,165,78,14,96,35.4
30085748,4,abdominal pain,0,77,118,54,25,90,37.5
30085749,3,knee pain,3,59,157,73,22,100,36.8
30085750,3,fall,6,69,125,104,14,97,36.8
30085751,3,fall,4,103,119,74,20,100,37.6
30085752,3,laceration,4,66,124,66,23,99,37.0
30085753,3,headache,2,85,118,103,22,99,37.3
30085754,2,shortness of breath,6,75,140,84,17,95,35.0
30085755,4,back pain,4,83,80,73,15,99,36.6
30085756,5,anxiety,0,83,106,78,15,92,36.6
30085757,4,headache,1,81,132,83,17,94,36.2
30085758,4,back pain,4,69,136,68,15,99,37.6
30085759,1,anxiety,9,101,150,47,20,100,38.8
30085760,3,shortness of breath,4,80,149,53,19,90,37.9
30085761,2,anxiety,7,100,116,85,17,97,37.3
30085762,4,back pain,6,74,102,77,21,98,36.1
30085763,4,shortness of breath,5,105,137,77,16,98,38.0
30085764,2,fever,8,90,128,84,21,93,37.2
30085765,2,laceration,10,56,101,122,23,100,37.2
30085766,4,fall,4,84,138,67,18,95,36.7
30085767,4,abdominal pain,1,78,132,93,19,99,37.4
30085768,3,shortness of breath,4,81,130,82,15,97,36.6
30085769,3,knee pain,3,68,134,76,15,98,36.9
30085770,3,anxiety,4,87,135,77,14,99,38.1
30085771,4,fever,7,107,118,89,22,100,35.8
30085772,4,abdominal pain,5,60,69,97,25,100,38.4
30085773,3,knee pain,7,87,100,69,21,97,36.9
30085774,3,knee pain,7,70,129,59,24,95,36.6
30085775,2,headache,8,64,112,98,16,97,36.2
30085776,3,laceration,3,75,111,80,16,96,37.3
30085777,4,abdominal pain,0,60,142,78,17,99,37.3
30085778,4,back pain,4,84,118,71,23,98,35.4
30085779,2,shortness of breath,8,95,130,76,22,97,37.3
30085780,4,abdominal pain,0,98,97,60,19,100,38.0
30085781,3,back pain,0,103,107,55,16,100,37.8
30085782,3,headache,6,68,108,61,19,100,37.0
30085783,2,chest pain,10,106,132,85,21,93,37.6
30085784,4,back pain,7,117,137,108,25,100,36.8
30085785,2,headache,8,88,150,75,20,98,37.6
30085786,2,fall,8,79,164,89,15,95,36.6
30085787,4,shortness of breath,7,64,110,78,22,97,37.5
30085788,4,anxiety,4,85,124,91,15,97,35.8
30085789,3,fall,4,86,121,88,21,95,37.6
30085790,3,fever,6,69,114,81,14,99,38.1
30085791,3,shortness of breath,4,65,102,101,13,100,37.5
30085792,4,knee pain,2,86,140,89,11,92,38.4
30085793,3,shortness of breath,7,78,145,93,27,99,37.6
30085794,4,chest pain,4,79,135,59,16,100,38.4
30085795,2,chest pain,7,71,102,68,18,94,38.6
30085796,3,laceration,6,89,113,114,13,95,36.5
30085797,4,anxiety,4,109,146,79,27,100,37.7
30085798,3,anxiety,0,93,154,69,17,100,37.1
30085799,3,laceration,0,73,129,94,17,96,37.1
30085800,3,back pain,4,123,120,79,20,96,37.5
30085801,4,back pain,2,71,173,76,28,94,35.7
30085802,3,chest pain,7,76,135,88,14,100,36.8
30085803,4,laceration,0,94,87,90,14,95,36.4
30085804,5,fever,7,77,120,78,18,98,37.4
30085805,3,fever,3,78,146,88,20,100,38.0
30085806,3,back pain,4,88,135,58,22,94,37.1
30085807,4,shortness of breath,4,78,159,77,18,100,36.1
30085808,4,shortness of breath,3,89,127,71,10,98,36.1
30085809,3,anxiety,6,81,133,72,23,96,37.8
30085810,2,fever,7,62,110,79,17,94,36.4
30085811,3,shortness of breath,6,73,113,72,17,96,37.3
30085812,2,back pain,9,84,144,83,13,97,38.0
30085813,3,knee pain,7,79,129,63,19,88,38.0
30085814,3,knee pain,7,93,151,96,14,98,36.3
30085815,3,headache,7,70,141,90,15,90,37.4
30085816,3,back pain,4,98,125,86,14,95,37.0
30085817,5,fall,1,97,107,77,19,95,36.8
30085818,2,fall,9,87,137,94,17,95,35.9
30085819,1,knee pain,8,120,118,57,26,94,37.0
30085820,3,knee pain,1,104,132,62,16,96,34.9
30085821,3,anxiety,5,78,140,82,15,93,36.9
30085822,3,fall,2,70,115,103,20,99,37.5
30085823,3,knee pain,7,99,131,72,25,96,36.4
30085824,5,headache,1,85,127,75,20,95,36.0
30085825,1,fall,6,84,149,83,17,94,36.9
30085826,3,headache,5,91,117,75,19,96,36.0
30085827,3,back pain,1,68,135,105,15,98,36.9
30085828,3,chest pain,2,48,138,61,22,95,36.7
30085829,5,shortness of breath,3,102,135,88,21,97,37.5
30085830,3,chest pain,2,97,108,89,21,96,36.3
30085831,2,laceration,7,105,142,67,22,93,35.9
30085832,3,shortness of breath,6,86,147,94,15,98,37.4
30085833,3,back pain,0,73,118,92,20,100,37.8
30085834,3,chest pain,6,101,120,91,18,96,36.0
30085835,3,abdominal pain,0,74,138,78,16,97,38.6
30085836,2,fall,10,93,110,90,20,94,36.3
30085837,4,knee pain,6,90,110,76,16,100,36.6
30085838,4,fever,4,116,112,83,14,99,37.6
30085839,3,back pain,1,94,118,84,20,100,37.1
30085840,3,shortness of breath,2,77,106,71,17,95,35.0
30085841,5,laceration,6,74,154,76,19,100,36.4
30085842,3,laceration,7,92,112,88,17,95,36.0
30085843,1,chest pain,7,70,130,64,15,93,36.7
30085844,4,headache,3,120,179,88,16,93,36.5
30085845,3,knee pain,4,80,125,88,14,97,36.3
30085846,5,fever,3,87,131,80,19,94,35.4
30085847,3,knee pain,3,97,131,93,25,95,38.5
30085848,3,knee pain,3,107,120,70,11,97,38.4
30085849,3,fall,6,81,100,61,19,97,36.7
30085850,3,knee pain,5,73,94,109,15,97,37.4
30085851,3,laceration,2,80,100,52,22,96,38.2
30085852,3,headache,7,66,141,98,18,100,35.3
30085853,3,knee pain,1,61,119,77,22,93,36.1
30085854,3,laceration,0,100,140,89,16,96,36.1
30085855,3,abdominal pain,1,72,146,76,17,95,37.3
30085856,3,abdominal pain,5,66,112,77,21,100,37.8
30085857,3,headache,1,79,101,63,19,92,37.1
30085858,2,laceration,6,95,106,62,18,95,37.1
30085859,3,back pain,2,81,123,87,15,97,36.6
30085860,3,laceration,6,76,104,97,21,94,36.6
30085861,3,knee pain,4,77,156,91,22,94,36.8
30085862,4,fever,6,93,149,79,11,99,36.2
30085863,3,shortness of breath,7,84,137,98,21,100,36.9
30085864,3,knee pain,6,95,140,71,19,96,37.1
30085865,3,laceration,0,78,128,70,11,93,36.9
30085866,3,knee pain,0,80,121,86,16,99,37.8
30085867,3,abdominal pain,6,107,109,89,24,89,36.4
30085868,2,fall,9,75,153,74,17,99,36.6
30085869,4,back pain,5,100,89,42,20,100,37.0
30085870,3,chest pain,1,86,136,94,21,93,36.4
30085871,3,headache,1,104,111,80,11,98,38.0
30085872,5,laceration,7,81,100,59,17,95,36.4
30085873,2,chest pain,6,95,126,62,23,96,37.8
30085874,1,anxiety,7,109,123,58,16,93,36.7
30085875,3,chest pain,2,76,130,100,18,97,37.5
30085876,4,knee pain,4,93,146,76,27,97,36.7
30085877,4,shortness of breath,2,109,146,83,15,98,36.6
30085878,3,back pain,4,79,129,71,19,95,38.0
30085879,3,fall,6,107,106,104,19,97,37.0
30085880,3,shortness of breath,7,70,82,105,15,99,37.1
30085881,3,knee pain,5,94,128,106,14,96,36.7
30085882,4,laceration,3,104,136,73,17,95,36.9
30085883,4,knee pain,5,79,142,101,21,100,37.2
30085884,3,laceration,1,107,171,60,25,96,36.9
30085885,4,back pain,4,69,134,96,20,98,37.5
30085886,2,abdominal pain,8,116,133,90,16,100,37.7
30085887,3,laceration,1,98,84,101,27,99,36.4
30085888,3,fever,6,98,143,52,26,97,36.3
30085889,4,fall,6,86,113,72,23,96,36.6
30085890,3,back pain,0,84,144,99,20,90,37.7
30085891,4,shortness of breath,7,92,142,81,21,99,37.1
30085892,3,chest pain,1,89,135,88,14,98,37.7
30085893,4,fever,4,91,113,91,21,95,37.2
30085894,3,chest pain,2,75,137,69,14,96,37.0
30085895,3,back pain,0,76,128,81,16,100,37.7
30085896,4,fever,5,87,105,78,11,99,36.1
30085897,4,laceration,7,70,132,64,23,100,37.3
30085898,2,anxiety,8,80,117,69,25,98,37.8
30085899,4,shortness of breath,4,115,125,111,13,95,36.5
30085900,3,headache,4,70,112,99,15,89,38.0
30085901,5,laceration,5,70,123,100,15,94,37.5
30085902,3,fever,6,83,115,87,18,97,38.2
30085903,4,knee pain,1,110,135,73,22,97,36.9
30085904,4,abdominal pain,2,59,101,101,23,94,37.8
30085905,2,headache,10,93,155,85,18,94,37.2
30085906,2,chest pain,7,90,91,84,26,98,36.8
30085907,4,back pain,1,99,157,99,17,96,36.8
30085908,2,chest pain,6,96,92,64,23,94,36.7
30085909,4,back pain,1,83,125,108,13,94,36.9
30085910,2,laceration,7,115,117,102,13,99,37.6
30085911,2,knee pain,10,101,140,84,12,96,37.2
30085912,4,knee pain,6,87,116,54,18,98,37.1
30085913,4,anxiety,0,94,135,81,20,93,37.5
30085914,3,back pain,0,102,114,93,20,94,36.2
30085915,5,fall,3,71,121,60,22,98,36.8
30085916,4,fever,7,79,121,80,14,98,37.8
30085917,2,knee pain,9,77,161,68,21,96,37.0
30085918,3,back pain,5,86,143,68,22,97,36.4
30085919,3,laceration,5,99,116,86,9,100,38.4
30085920,2,anxiety,7,81,142,71,19,95,37.5
30085921,1,laceration,9,79,126,72,13,96,36.3
30085922,2,shortness of breath,7,68,107,83,21,97,36.7
30085923,2,chest pain,7,65,105,99,18,98,36.1
30085924,5,shortness of breath,4,84,104,70,20,100,37.1
30085925,4,laceration,2,66,120,72,15,98,36.4
30085926,3,fever,4,108,149,101,18,98,37.8
30085927,4,chest pain,1,98,129,95,19,100,36.0
30085928,3,laceration,6,80,153,105,25,97,35.7
30085929,5,knee pain,3,105,100,65,12,97,36.2
30085930,4,knee pain,3,65,107,76,17,96,37.3
30085931,4,shortness of breath,1,106,138,105,28,97,38.1
30085932,3,back pain,6,74,112,101,16,99,37.9
30085933,3,back pain,3,94,131,69,19,95,36.4
30085934,3,fall,4,71,119,95,18,95,37.7
30085935,3,knee pain,5,91,122,61,12,94,37.7
30085936,3,back pain,0,77,112,75,23,100,37.2
30085937,5,abdominal pain,3,84,94,113,22,93,36.2
30085938,4,fall,6,105,102,81,17,99,36.1
30085939,2,fall,10,97,131,111,20,95,37.0
30085940,3,laceration,6,105,130,90,15,93,37.6
30085941,3,fall,7,96,125,86,17,100,37.1
30085942,3,headache,5,96,125,76,13,100,38.4
30085943,4,back pain,6,71,88,60,12,95,36.9
30085944,3,knee pain,1,77,168,63,15,96,36.5
30085945,2,chest pain,7,121,114,85,14,100,36.7
30085946,3,back pain,6,115,117,78,25,97,37.3
30085947,3,headache,0,88,93,71,20,93,38.3
30085948,2,fall,7,90,129,83,18,99,36.9
30085949,2,fever,8,81,126,104,16,96,37.8
30085950,3,laceration,5,61,72,67,12,95,37.2
30085951,3,headache,6,71,157,95,19,95,36.8
30085952,3,chest pain,7,104,108,93,16,97,38.0
30085953,3,abdominal pain,6,83,135,80,12,100,37.0
30085954,2,fall,8,75,147,65,21,100,37.8
30085955,4,headache,7,96,141,81,24,100,37.9
30085956,4,anxiety,3,79,134,62,20,100,37.1
30085957,3,abdominal pain,3,62,131,80,19,98,36.4
30085958,5,laceration,6,70,129,61,14,96,36.4
30085959,3,headache,3,82,150,62,27,100,37.5
30085960,3,knee pain,0,90,139,78,10,97,37.3
30085961,2,chest pain,8,68,115,64,22,96,37.6
30085962,2,headache,8,105,122,78,13,98,36.8
30085963,3,shortness of breath,3,79,144,64,14,97,36.7
30085964,4,fall,4,88,109,96,20,96,36.6
30085965,3,shortness of breath,2,68,110,109,12,99,36.7
30085966,3,anxiety,0,95,127,123,25,97,37.4
30085967,3,back pain,0,66,109,101,16,96,37.7
30085968,4,knee pain,5,80,114,84,17,98,37.8
30085969,4,back pain,5,69,140,72,18,94,38.1
30085970,2,shortness of breath,8,89,132,81,23,99,37.3
30085971,4,fever,5,78,131,72,19,99,37.6
30085972,2,back pain,8,104,148,82,21,100,37.2
30085973,1,fever,6,110,121,85,18,96,38.4
30085974,4,anxiety,5,106,90,66,20,91,36.5
30085975,4,shortness of breath,5,86,131,77,16,97,36.7
30085976,3,headache,2,91,102,92,16,99,37.5
30085977,5,laceration,0,93,128,81,16,98,36.0
30085978,4,abdominal pain,6,48,100,91,23,98,37.4
30085979,2,chest pain,6,58,130,59,20,97,37.4
30085980,3,anxiety,1,91,118,87,21,92,37.9
30085981,4,headache,6,71,129,93,19,100,38.5
30085982,3,laceration,0,108,97,93,20,96,38.1
30085983,2,anxiety,10,111,131,84,15,95,37.3
30085984,3,laceration,1,83,107,75,25,98,37.6
30085985,2,shortness of breath,9,71,117,52,24,96,37.6
30085986,3,headache,4,96,159,82,23,95,36.8
30085987,2,knee pain,6,110,112,68,22,100,38.0
30085988,1,laceration,6,85,130,82,20,99,37.5
30085989,2,fall,6,81,116,83,20,96,37.1
30085990,5,fever,3,71,128,64,18,97,37.1
30085991,4,abdominal pain,3,104,91,79,22,91,38.7
30085992,4,back pain,5,90,122,82,23,97,37.0
30085993,3,fever,0,61,141,74,17,100,37.4
30085994,4,chest pain,2,87,134,89,12,100,36.5
30085995,3,laceration,3,107,129,91,15,96,38.6
30085996,1,back pain,6,97,152,81,20,99,37.2
30085997,3,shortness of breath,4,89,110,63,20,96,37.2
30085998,4,knee pain,1,89,111,85,24,96,37.0
30085999,3,fall,0,75,95,71,16,99,36.7
30086000,2,fever,10,59,146,61,10,92,36.7
30086001,3,fever,7,101,101,65,9,92,36.5
30086002,3,back pain,7,64,124,82,22,100,36.9
30086003,3,headache,5,77,127,73,16,99,38.7
30086004,2,fall,6,83,126,68,11,95,36.3
30086005,2,back pain,7,88,143,82,19,95,37.6
30086006,3,chest pain,1,85,152,96,20,100,37.0
30086007,3,fever,6,93,130,93,18,100,35.7
30086008,3,laceration,4,95,104,69,20,96,36.9
30086009,3,knee pain,4,61,114,74,27,98,36.3
30086010,3,back pain,2,110,119,95,26,94,37.0
30086011,2,headache,6,99,147,111,22,93,37.8
30086012,3,chest pain,7,74,114,89,18,93,36.8
30086013,1,anxiety,8,52,144,88,20,100,36.3
30086014,3,shortness of breath,5,105,153,67,18,95,37.2
30086015,3,knee pain,7,84,129,99,23,100,37.3
30086016,3,laceration,0,82,122,76,20,100,38.0
30086017,3,fall,0,82,106,85,13,91,36.7
30086018,2,back pain,10,95,104,68,17,98,36.6
30086019,4,headache,5,95,103,80,16,95,38.2
30086020,2,shortness of breath,6,116,138,93,20,95,36.7
30086021,2,chest pain,9,59,156,75,15,99,36.5
30086022,2,laceration,10,63,124,92,16,100,38.6
30086023,4,abdominal pain,6,66,102,69,15,95,37.7
30086024,3,fall,0,99,127,76,18,97,37.0
30086025,3,laceration,6,82,142,97,23,99,37.3
30086026,3,headache,6,94,139,67,20,99,36.2
30086027,3,laceration,6,76,170,78,16,98,36.1
30086028,3,back pain,5,85,120,55,20,100,37.0
30086029,2,knee pain,7,91,153,63,19,99,36.7
30086030,4,fever,7,108,100,66,16,100,36.7
30086031,2,laceration,10,84,119,72,17,96,36.6
30086032,3,fever,2,94,146,70,18,100,36.6
30086033,4,laceration,2,87,131,71,17,95,37.3
30086034,2,fall,7,88,79,94,24,98,37.5
30086035,1,shortness of breath,9,58,121,82,18,94,36.8
30086036,3,laceration,6,86,155,113,23,92,36.9
30086037,3,shortness of breath,6,90,111,63,17,95,36.9
30086038,2,fall,10,88,121,77,19,100,37.2
30086039,3,headache,5,90,126,105,22,97,36.6
30086040,3,abdominal pain,6,112,119,77,11,98,35.7
30086041,3,fall,0,75,89,81,14,99,37.5
30086042,3,shortness of breath,4,97,121,94,23,100,36.1
30086043,2,anxiety,7,126,133,82,16,92,36.9
30086044,3,fall,7,89,137,73,19,95,37.1
30086045,2,fall,10,56,147,84,20,100,36.9
30086046,3,laceration,3,53,149,96,20,95,36.3
30086047,4,fall,5,86,155,52,18,95,37.9
30086048,4,chest pain,5,72,120,74,24,97,36.2
30086049,1,fall,6,81,130,61,18,95,37.5
30086050,3,fever,6,82,126,80,16,91,39.1
30086051,2,anxiety,8,78,113,54,21,97,37.4
30086052,5,headache,1,80,168,73,21,100,36.5
30086053,3,abdominal pain,4,104,124,63,17,93,38.0
30086054,3,anxiety,7,75,116,55,14,100,36.4
30086055,4,fall,4,79,118,96,22,91,36.6
30086056,5,anxiety,6,88,144,82,13,96,35.6
30086057,2,fall,9,107,145,56,24,100,35.6
30086058,1,abdominal pain,10,85,138,79,15,100,37.0
30086059,3,fall,4,92,101,93,24,95,36.6
30086060,1,back pain,10,47,97,80,21,97,37.7
30086061,3,knee pain,7,72,150,83,14,95,37.6
30086062,2,back pain,6,90,130,95,31,95,37.9
30086063,3,knee pain,6,116,150,102,17,99,36.7
30086064,3,laceration,4,88,145,98,19,97,35.9
30086065,3,knee pain,3,86,85,64,18,97,36.4
30086066,3,anxiety,0,80,144,83,25,95,36.4
30086067,5,anxiety,1,88,151,79,22,96,38.6
30086068,3,abdominal pain,1,110,88,88,15,98,36.6
30086069,3,anxiety,3,82,101,104,21,96,37.0
30086070,3,chest pain,2,84,122,61,18,97,37.7
30086071,2,fever,9,67,137,86,26,100,38.3
30086072,3,back pain,7,85,140,66,24,100,37.2
30086073,2,abdominal pain,9,82,115,76,13,95,37.6
30086074,4,headache,1,97,115,86,16,97,38.2
30086075,3,laceration,0,87,101,90,17,95,37.5
30086076,3,back pain,5,86,132,97,21,96,37.7
30086077,3,headache,1,88,140,101,11,95,35.8
30086078,5,shortness of breath,2,90,134,81,16,98,36.4
30086079,3,anxiety,5,87,149,72,15,100,36.8
30086080,3,chest pain,4,102,94,64,17,98,37.5
30086081,2,headache,6,75,129,82,17,96,36.1
30086082,4,abdominal pain,5,80,113,59,23,96,35.7
30086083,4,shortness of breath,3,61,120,93,18,93,37.8
30086084,3,shortness of breath,0,81,176,53,17,100,37.0
30086085,4,headache,7,52,84,87,12,93,36.0
30086086,5,fall,4,96,156,91,23,92,36.4
30086087,3,anxiety,4,106,109,81,17,98,37.1
30086088,3,shortness of breath,1,100,99,67,16,93,37.8
30086089,5,headache,0,117,108,83,11,99,37.9
30086090,3,fever,1,87,113,62,14,94,37.1
30086091,3,fever,1,81,129,67,15,100,37.2
30086092,2,headache,9,96,129,86,19,100,36.5
30086093,3,chest pain,1,92,118,68,13,96,37.7
30086094,3,anxiety,1,103,131,106,14,97,38.8
30086095,4,back pain,5,73,107,96,15,93,34.9
30086096,2,knee pain,8,97,148,75,19,94,36.5
30086097,4,knee pain,5,69,111,40,19,96,36.0
30086098,4,shortness of breath,3,75,124,85,23,94,36.5
30086099,2,shortness of breath,8,93,100,63,21,91,36.9
30086100,3,laceration,7,104,148,91,11,98,36.7
30086101,3,shortness of breath,7,74,131,98,18,98,37.0
30086102,3,chest pain,5,90,113,83,16,100,37.0
30086103,3,knee pain,6,72,120,40,23,98,35.8
30086104,4,anxiety,7,80,124,77,19,95,37.1
30086105,3,back pain,6,58,141,77,20,100,36.9
30086106,2,anxiety,6,76,91,74,15,98,37.2
30086107,3,anxiety,0,88,128,104,11,100,36.6
30086108,4,headache,7,94,96,92,23,100,37.9
30086109,3,shortness of breath,2,87,128,85,19,100,37.3
30086110,3,headache,7,88,82,72,13,94,37.0
30086111,3,headache,7,70,143,82,13,95,36.5
30086112,3,shortness of breath,5,102,117,50,15,100,37.0
30086113,3,laceration,0,102,137,97,16,100,36.8
30086114,2,fever,6,69,99,82,19,100,37.4
30086115,2,chest pain,7,89,151,46,23,100,36.4
30086116,3,back pain,5,78,137,99,20,95,36.7
30086117,4,shortness of breath,2,57,145,88,27,96,36.8
30086118,4,laceration,4,100,86,86,11,100,38.3
30086119,3,anxiety,5,86,129,76,17,93,37.5
30086120,3,laceration,5,84,157,64,15,97,37.1
30086121,3,back pain,0,88,112,103,18,97,36.8
30086122,3,abdominal pain,2,94,106,81,22,96,36.8
30086123,2,fever,9,69,125,95,23,93,36.8
30086124,3,back pain,6,105,101,100,17,92,35.9
30086125,3,fever,0,86,109,110,15,100,38.5
30086126,2,knee pain,6,62,143,69,20,95,36.8
30086127,2,fall,7,86,107,52,22,94,37.4
30086128,3,headache,2,106,145,77,14,99,37.0
30086129,2,shortness of breath,6,86,86,96,10,97,37.7
30086130,1,back pain,6,65,121,84,15,96,36.4
30086131,3,fall,5,86,96,81,21,95,36.6
30086132,3,anxiety,5,82,122,105,19,99,36.8
30086133,3,laceration,3,67,134,87,12,100,37.8
30086134,3,laceration,7,107,144,101,21,97,36.9
30086135,4,back pain,7,71,127,106,16,96,36.4
30086136,4,shortness of breath,0,69,128,62,15,94,36.4
30086137,3,laceration,4,68,82,76,20,98,36.1
30086138,3,laceration,2,98,92,64,16,94,37.9
30086139,3,shortness of breath,3,93,116,96,14,98,35.6
30086140,3,back pain,5,103,107,65,16,95,36.6
30086141,2,chest pain,8,86,126,73,17,100,36.6
30086142,4,abdominal pain,3,83,136,90,19,97,38.0
30086143,3,anxiety,3,84,127,101,12,93,36.3
30086144,3,fever,7,70,107,70,27,97,36.0
30086145,3,chest pain,3,74,119,66,11,99,36.7
30086146,3,headache,0,98,138,83,18,93,36.6
30086147,3,chest pain,2,78,112,69,18,98,36.0
30086148,3,anxiety,1,92,121,62,22,97,36.9
30086149,3,abdominal pain,3,100,149,67,11,100,36.4
30086150,2,laceration,10,82,104,79,22,100,37.9
30086151,2,chest pain,7,93,132,54,22,94,36.7
30086152,3,back pain,7,103,134,78,20,100,37.3
30086153,5,laceration,2,59,146,74,12,96,36.3
30086154,3,knee pain,5,94,135,83,15,95,38.8
30086155,3,fall,2,88,130,60,18,93,36.8
30086156,3,chest pain,4,75,118,73,18,97,36.5
30086157,4,fall,0,92,145,86,19,95,36.2
30086158,1,fall,10,112,144,80,18,98,38.0
30086159,3,chest pain,7,109,123,90,23,100,37.9
30086160,4,headache,0,80,125,99,16,96,36.7
30086161,1,headache,7,84,116,56,16,97,35.7
30086162,3,laceration,3,79,114,72,11,100,36.9
30086163,3,chest pain,3,79,107,94,23,99,36.2
30086164,3,laceration,3,74,138,92,14,97,38.0
30086165,2,abdominal pain,8,55,155,86,16,96,38.6
30086166,5,back pain,6,86,138,101,17,95,38.3
30086167,4,headache,7,84,143,83,22,100,36.5
30086168,4,headache,4,104,103,69,14,95,36.8
30086169,3,knee pain,1,93,117,62,21,98,36.1
30086170,3,chest pain,2,82,108,90,14,92,36.2
30086171,4,knee pain,3,78,144,101,11,97,36.6
30086172,3,fall,2,88,131,70,13,94,38.2
30086173,2,anxiety,6,94,70,59,16,90,36.2
30086174,4,shortness of breath,6,87,127,76,19,98,36.2
30086175,4,abdominal pain,6,108,146,74,10,96,36.2
30086176,4,fall,1,85,101,72,18,100,37.3
30086177,3,chest pain,1,91,108,88,14,100,35.8
30086178,4,knee pain,3,71,106,61,21,95,36.6
30086179,3,abdominal pain,4,72,129,78,15,99,36.4
30086180,3,fever,1,87,130,73,20,100,37.3
30086181,4,abdominal pain,1,74,142,70,20,100,37.6
30086182,2,fall,8,79,104,62,23,100,36.7
30086183,2,knee pain,10,68,108,91,17,98,37.8
30086184,3,shortness of breath,5,93,177,65,13,100,37.8
30086185,5,knee pain,2,75,145,55,17,98,37.5
30086186,4,back pain,2,96,107,86,17,97,36.8
30086187,5,chest pain,5,99,126,65,25,98,36.9
30086188,4,fever,4,70,125,78,21,100,37.1
30086189,3,anxiety,4,87,131,77,15,93,37.1
30086190,3,shortness of breath,0,82,144,67,21,95,36.6
30086191,3,back pain,4,80,115,84,21,99,38.9
30086192,2,headache,9,93,121,107,14,95,38.0
30086193,3,fever,1,79,111,81,16,99,36.9
30086194,3,back pain,1,83,133,103,26,96,36.5
30086195,5,knee pain,5,68,104,90,11,100,36.4
30086196,3,fall,7,68,120,94,15,98,38.1
30086197,5,back pain,4,107,125,90,19,100,36.8
30086198,3,shortness of breath,2,87,142,112,19,96,38.4
30086199,4,abdominal pain,7,75,119,81,11,93,36.8
30086200,3,laceration,5,94,108,79,13,94,38.0
30086201,3,shortness of breath,6,80,112,44,12,93,36.7
30086202,4,back pain,3,90,109,73,25,97,36.6
30086203,4,fever,7,96,93,95,22,95,36.7
30086204,1,laceration,6,81,109,72,25,100,36.0
30086205,2,chest pain,9,86,98,80,14,99,36.6
30086206,4,chest pain,0,75,127,78,18,98,37.5
30086207,4,headache,3,66,146,76,17,99,37.2
30086208,2,headache,10,119,110,53,24,97,36.2
30086209,3,abdominal pain,6,120,113,60,19,97,36.9
30086210,3,shortness of breath,6,110,87,72,27,96,35.5
30086211,4,chest pain,3,100,130,88,15,97,36.2
30086212,3,abdominal pain,3,70,103,82,14,94,38.2
30086213,4,abdominal pain,0,76,106,70,18,97,36.6
30086214,3,back pain,6,81,110,51,18,96,36.3
30086215,4,chest pain,6,73,122,91,23,96,37.0
30086216,3,shortness of breath,0,81,144,87,19,95,37.4
30086217,3,back pain,2,82,117,80,16,97,37.6
30086218,4,shortness of breath,5,102,127,82,12,96,37.9
30086219,4,knee pain,7,120,110,89,20,93,37.0
30086220,3,knee pain,1,43,123,86,17,92,36.3
30086221,3,shortness of breath,5,101,133,90,21,98,37.7
30086222,2,shortness of breath,9,76,99,84,11,98,36.1
30086223,4,back pain,0,42,112,81,18,95,37.7
30086224,3,back pain,0,61,136,79,17,100,37.8
30086225,3,fall,5,118,119,78,23,95,37.6
30086226,3,fever,2,104,110,97,16,100,36.7
30086227,3,headache,6,84,84,85,23,99,36.6
30086228,3,knee pain,0,100,151,98,19,97,37.8
30086229,3,back pain,6,70,125,81,9,95,37.6
30086230,2,laceration,7,107,84,82,14,97,37.0
30086231,4,headache,2,71,159,84,19,98,34.7
30086232,3,headache,3,77,165,70,14,97,37.4
30086233,2,back pain,7,59,124,79,12,99,37.2
30086234,3,back pain,1,64,126,75,18,96,37.3
30086235,5,anxiety,1,82,104,78,15,94,37.2
30086236,3,anxiety,3,91,105,93,19,99,36.4
30086237,3,fever,3,113,93,68,12,96,38.1
30086238,3,laceration,2,78,104,68,17,96,36.8
30086239,3,laceration,3,96,132,83,16,97,35.4
30086240,2,back pain,7,100,113,106,20,99,36.8
30086241,2,headache,7,74,120,86,16,99,36.9
30086242,1,headache,9,73,128,82,15,99,37.5
30086243,4,fall,2,84,125,69,18,94,38.3
30086244,4,knee pain,7,57,114,75,19,95,38.1
30086245,3,fever,6,104,115,69,25,92,36.0
30086246,4,knee pain,0,96,139,79,17,90,37.2
30086247,3,back pain,1,71,153,61,15,96,36.7
30086248,3,shortness of breath,1,77,126,79,15,99,36.1
30086249,4,knee pain,0,71,117,78,17,97,37.3
30086250,3,chest pain,0,82,140,89,18,96,36.2
30086251,3,anxiety,4,76,105,77,17,100,36.6
30086252,3,laceration,0,87,158,92,12,97,37.0
30086253,3,headache,1,83,122,85,22,96,36.8
30086254,3,abdominal pain,5,92,100,80,17,100,37.4
30086255,2,back pain,6,65,122,88,17,99,35.6
30086256,4,fever,6,70,104,63,19,97,36.3
30086257,3,fall,5,93,128,85,20,96,37.2
30086258,3,anxiety,0,92,119,108,20,95,35.5
30086259,4,shortness of breath,7,97,112,79,21,93,37.4
30086260,5,laceration,6,86,102,88,25,100,35.3
30086261,3,knee pain,4,89,98,81,21,93,35.5
30086262,2,knee pain,6,91,139,57,21,100,38.4
30086263,3,knee pain,0,85,125,81,24,91,37.4
30086264,3,knee pain,3,81,117,88,26,94,35.3
30086265,4,anxiety,6,78,134,90,9,90,36.6
30086266,2,knee pain,7,91,124,78,14,95,36.9
30086267,5,shortness of breath,4,74,77,75,16,97,37.7
30086268,4,laceration,7,84,101,93,15,93,37.0
30086269,3,knee pain,1,64,157,71,15,95,35.1
30086270,4,shortness of breath,3,92,118,68,11,94,36.8
30086271,4,fever,4,82,122,85,14,93,36.4
30086272,3,fall,1,71,108,76,20,100,36.5
30086273,4,knee pain,4,84,104,89,17,95,37.1
30086274,4,fall,7,61,113,51,12,93,36.6
30086275,3,laceration,6,91,130,85,19,99,38.2
30086276,5,back pain,6,85,90,83,20,100,37.9
30086277,2,abdominal pain,7,74,136,85,13,96,38.6
30086278,3,chest pain,0,107,145,104,21,100,36.6
30086279,3,knee pain,4,53,129,81,17,100,37.3
30086280,3,chest pain,4,91,94,70,14,97,38.0
30086281,2,headache,9,140,146,80,13,97,37.5
30086282,3,knee pain,4,69,141,62,19,91,35.9
30086283,3,anxiety,7,72,123,76,14,98,37.3
30086284,4,back pain,4,88,125,54,12,94,37.0
30086285,3,abdominal pain,2,89,143,82,26,100,36.4
30086286,4,fever,0,84,159,86,19,89,37.8
30086287,3,laceration,1,100,109,90,13,98,37.5
30086288,5,laceration,6,91,91,64,19,96,38.1
30086289,2,chest pain,6,66,100,86,15,98,35.8
30086290,3,anxiety,0,87,103,81,17,98,35.9
30086291,3,abdominal pain,2,75,122,66,13,98,38.6
30086292,4,abdominal pain,6,53,107,71,13,97,36.9
30086293,4,laceration,7,81,123,110,11,95,35.4
30086294,3,back pain,6,73,102,97,22,97,37.8
30086295,2,anxiety,8,80,108,53,21,100,35.6
30086296,4,back pain,7,74,134,85,19,95,37.2
30086297,3,shortness of breath,3,80,137,82,18,95,38.1
30086298,2,back pain,8,95,145,65,11,97,37.1
30086299,3,fall,4,109,151,100,19,98,38.6
30086300,3,abdominal pain,5,61,126,74,26,97,37.6
30086301,3,laceration,5,90,148,54,12,95,35.9
30086302,1,laceration,6,92,113,94,19,100,37.2
30086303,3,headache,3,80,162,64,22,95,37.2
30086304,3,anxiety,4,84,164,76,23,91,36.9
30086305,3,fall,2,106,112,70,19,94,37.2
30086306,2,anxiety,10,78,105,68,16,95,36.8
30086307,3,laceration,6,82,148,70,23,100,36.3
30086308,4,fever,6,106,135,68,15,96,35.9
30086309,2,knee pain,8,77,88,90,17,100,36.8
30086310,5,abdominal pain,6,63,124,80,23,97,37.1
30086311,3,back pain,3,74,121,93,17,100,35.6
30086312,4,chest pain,2,79,99,71,20,95,37.4
30086313,2,knee pain,9,76,133,80,22,98,37.1
30086314,3,anxiety,1,67,135,73,19,97,37.3
30086315,3,knee pain,3,97,103,74,21,96,36.8
30086316,3,abdominal pain,7,85,118,47,16,92,37.4
30086317,5,laceration,2,70,114,54,15,97,36.5
30086318,3,laceration,3,78,117,98,26,90,35.8
30086319,3,fever,2,68,115,54,17,100,36.5
30086320,3,shortness of breath,1,76,109,87,15,99,35.8
30086321,2,chest pain,7,104,132,91,18,100,35.1
30086322,3,fever,4,84,95,62,13,93,36.8
30086323,3,fall,2,75,107,85,17,92,35.8
30086324,4,fever,3,83,143,65,15,95,36.6
30086325,3,back pain,7,75,137,65,17,100,38.3
30086326,4,chest pain,4,79,192,78,26,95,36.9
30086327,5,knee pain,6,109,152,76,20,96,36.1
30086328,3,fall,2,54,119,100,16,89,37.7
30086329,2,shortness of breath,9,75,124,73,22,96,35.8
30086330,3,anxiety,7,77,142,41,15,96,37.1
30086331,3,chest pain,0,82,160,87,12,100,35.1
30086332,3,fall,1,96,126,71,16,100,37.3
30086333,3,headache,4,96,156,90,16,97,36.7
30086334,3,back pain,5,73,116,82,20,96,36.6
30086335,4,abdominal pain,1,65,102,83,16,94,36.0
30086336,3,shortness of breath,1,43,94,68,14,100,36.7
30086337,5,anxiety,7,97,157,86,23,96,38.3
30086338,2,back pain,7,81,134,87,17,96,36.5
30086339,3,fever,7,87,146,59,17,96,37.9
30086340,2,anxiety,8,91,121,103,20,98,35.8
30086341,3,fall,4,104,104,76,21,96,37.3
30086342,3,anxiety,6,52,124,105,19,99,36.5
30086343,2,fever,8,56,118,89,24,97,37.1
30086344,3,chest pain,4,108,147,74,24,93,37.0
30086345,3,chest pain,4,100,158,73,15,99,36.3
30086346,3,knee pain,0,82,99,72,14,95,34.7
30086347,2,abdominal pain,9,91,123,85,19,98,37.4
30086348,2,knee pain,10,118,131,100,17,97,37.2
30086349,2,shortness of breath,8,66,135,81,15,100,37.5
30086350,3,fall,5,69,144,73,10,98,37.1
30086351,3,fever,1,91,130,64,23,96,38.2
30086352,5,abdominal pain,1,80,122,98,21,89,38.3
30086353,1,knee pain,8,106,190,76,26,91,35.6
30086354,1,shortness of breath,6,70,114,64,19,100,37.4
30086355,2,anxiety,9,69,155,91,24,92,37.5
30086356,2,abdominal pain,7,90,120,82,18,96,36.8
30086357,4,anxiety,3,69,106,96,26,95,36.9
30086358,4,chest pain,0,74,151,77,12,94,37.7
30086359,3,fever,5,102,131,86,16,98,36.7
30086360,2,anxiety,7,98,119,61,18,96,36.8
30086361,2,laceration,7,112,119,36,6,93,38.2
30086362,4,abdominal pain,1,99,122,76,19,98,36.8
30086363,1,knee pain,6,84,88,96,18,100,37.7
30086364,4,fever,5,100,123,80,24,98,36.1
30086365,1,chest pain,8,98,141,71,19,94,37.1
30086366,5,chest pain,7,84,123,90,27,99,35.9
30086367,2,back pain,7,92,132,90,16,100,37.6
30086368,4,shortness of breath,5,106,146,72,16,98,36.3
30086369,5,chest pain,5,77,115,63,23,98,36.1
30086370,3,fall,4,75,122,70,22,98,36.4
30086371,3,headache,3,96,80,95,22,98,36.9
30086372,4,chest pain,2,81,152,78,20,96,36.9
30086373,2,shortness of breath,8,108,143,69,17,99,37.1
30086374,4,laceration,6,95,141,74,14,96,37.9
30086375,3,abdominal pain,3,66,128,83,17,98,36.8
30086376,3,laceration,7,98,149,102,26,95,38.1
30086377,3,abdominal pain,2,94,101,98,19,98,36.2
30086378,3,chest pain,1,52,138,59,17,97,37.0
30086379,3,fever,1,95,111,83,24,93,37.8
30086380,3,fall,5,101,114,56,27,100,37.1
30086381,3,fall,6,75,149,68,19,92,38.5
30086382,4,headache,1,97,156,68,16,92,37.4
30086383,1,anxiety,9,60,92,80,22,95,37.1
30086384,2,shortness of breath,9,57,103,98,21,96,37.2
30086385,1,anxiety,6,70,159,72,12,95,36.6
30086386,3,chest pain,0,83,93,78,19,97,35.7
30086387,3,back pain,1,87,148,66,21,97,35.8
30086388,2,shortness of breath,9,135,128,90,19,100,37.6
30086389,5,abdominal pain,5,53,101,78,17,96,38.9
30086390,4,knee pain,0,63,167,98,18,98,38.0
30086391,2,anxiety,7,66,94,75,23,100,38.2
30086392,2,abdominal pain,8,82,95,82,19,99,36.6
30086393,4,knee pain,0,80,139,72,8,97,36.5
30086394,3,abdominal pain,1,81,93,73,20,97,36.9
30086395,3,shortness of breath,2,86,126,69,19,98,35.5
30086396,3,anxiety,2,75,149,71,20,97,38.1
30086397,3,abdominal pain,1,84,140,55,21,96,36.1
30086398,3,abdominal pain,4,105,117,80,17,95,36.8
30086399,3,fever,2,94,124,84,19,100,36.8
30086400,3,abdominal pain,1,91,169,85,21,97,37.2
30086401,4,abdominal pain,3,76,142,79,17,98,37.0
30086402,2,laceration,8,73,133,95,16,99,36.6
30086403,3,headache,4,86,140,114,15,96,37.3
30086404,3,shortness of breath,0,93,122,81,11,93,37.8
30086405,3,abdominal pain,1,62,133,80,16,95,36.1
30086406,3,chest pain,3,51,114,83,20,94,36.5
30086407,3,anxiety,6,58,131,91,20,95,36.7
30086408,3,anxiety,0,93,118,84,13,94,38.7
30086409,4,headache,4,85,126,99,11,97,35.2
30086410,3,headache,4,64,138,67,24,96,36.5
30086411,4,laceration,3,85,142,80,18,92,37.3
30086412,3,back pain,1,80,108,83,18,96,35.8
30086413,3,fall,0,89,118,84,26,95,36.7
30086414,4,shortness of breath,2,47,151,70,14,94,36.8
30086415,5,back pain,5,109,100,60,19,94,36.9
30086416,3,anxiety,3,95,108,80,18,100,37.9
30086417,1,laceration,8,79,103,44,18,96,37.2
30086418,3,abdominal pain,7,106,119,71,16,95,37.9
30086419,3,back pain,5,73,141,75,15,100,38.0
30086420,2,headache,9,109,99,98,18,91,36.5
30086421,3,abdominal pain,2,55,122,73,14,100,36.1
30086422,2,abdominal pain,9,77,120,81,15,99,37.3
30086423,3,back pain,5,105,116,79,20,94,37.0
30086424,2,back pain,9,68,115,86,18,100,37.4
30086425,3,fall,0,72,117,89,14,97,36.7
30086426,3,knee pain,7,50,106,69,13,100,36.0
30086427,3,anxiety,0,75,92,73,19,97,37.6
30086428,4,knee pain,3,77,143,90,11,96,36.6
30086429,5,fall,0,71,131,81,14,100,36.4
30086430,3,laceration,7,83,72,83,22,98,37.0
30086431,5,knee pain,7,94,145,58,20,97,36.9
30086432,3,fall,4,91,116,69,20,98,37.3
30086433,3,chest pain,6,68,99,78,18,97,37.1
30086434,3,abdominal pain,1,81,127,86,20,100,36.7
30086435,3,anxiety,5,116,122,82,21,94,37.4
30086436,2,abdominal pain,9,77,110,61,23,97,38.8
30086437,3,back pain,7,70,112,67,16,93,37.3
30086438,3,shortness of breath,5,90,136,68,11,100,37.0
30086439,3,shortness of breath,3,103,119,66,15,100,38.2
30086440,3,chest pain,6,83,114,92,13,100,37.9
30086441,3,headache,0,72,144,111,14,98,36.6
30086442,3,chest pain,6,94,108,99,22,97,37.3
30086443,3,fever,2,71,82,52,17,100,36.4
30086444,2,chest pain,6,87,119,88,22,97,38.3
30086445,3,headache,7,82,114,80,15,100,37.3
30086446,1,knee pain,6,107,139,59,15,96,36.9
30086447,3,knee pain,1,74,100,103,17,92,37.3
30086448,3,headache,0,79,112,106,18,100,36.4
30086449,3,knee pain,7,105,102,63,18,99,38.2
30086450,3,back pain,0,65,131,102,16,94,38.2
30086451,3,back pain,1,81,113,62,18,90,38.2
30086452,3,chest pain,2,75,135,81,19,98,37.8
30086453,3,chest pain,6,80,129,99,21,100,34.8
30086454,3,headache,4,48,135,67,22,100,36.3
30086455,3,fall,3,98,146,69,21,100,36.5
30086456,2,abdominal pain,9,70,117,83,20,98,37.6
30086457,3,back pain,6,75,148,72,19,99,38.1
30086458,4,anxiety,7,86,121,52,18,92,37.8
30086459,3,back pain,7,81,119,82,15,98,37.2
30086460,2,back pain,6,82,101,75,15,94,36.5
30086461,1,headache,10,101,95,94,18,98,36.7
30086462,2,chest pain,6,95,103,85,16,96,36.6
30086463,2,knee pain,9,69,132,103,26,93,37.2
30086464,4,fever,5,61,114,65,12,96,36.2
30086465,4,fever,0,50,143,76,18,97,36.2
30086466,2,fall,9,79,129,96,13,100,37.7
30086467,2,back pain,8,81,116,71,23,94,37.1
30086468,2,back pain,6,98,122,83,23,96,35.8
30086469,3,abdominal pain,0,91,125,66,17,93,36.7
30086470,3,shortness of breath,6,75,99,85,20,97,37.0
30086471,2,knee pain,7,76,81,83,21,96,37.2
30086472,4,fall,0,78,127,102,16,95,37.1
30086473,1,back pain,6,88,109,87,22,98,37.4
30086474,2,shortness of breath,8,72,147,92,18,97,37.2
30086475,2,shortness of breath,10,86,97,92,19,93,38.0
30086476,3,knee pain,1,48,103,79,20,98,36.1
30086477,2,shortness of breath,10,121,116,61,23,94,36.4
30086478,2,abdominal pain,8,86,115,74,16,97,36.8
30086479,3,headache,7,95,95,56,24,100,36.5
30086480,4,knee pain,1,99,166,87,17,99,36.1
30086481,1,chest pain,10,104,102,81,21,100,37.7
30086482,2,fever,7,100,132,84,19,97,36.1
30086483,4,fall,2,78,98,74,19,94,37.5
30086484,3,fever,1,96,135,59,20,97,36.9
30086485,4,knee pain,4,70,124,78,13,95,37.8
30086486,2,abdominal pain,8,82,157,73,14,100,36.8
30086487,4,laceration,5,102,127,90,22,99,35.9
30086488,2,laceration,6,93,103,105,13,97,37.3
30086489,3,abdominal pain,0,102,75,80,24,95,36.7
30086490,3,knee pain,6,90,156,73,22,98,36.4
30086491,5,chest pain,6,129,100,66,18,99,37.2
30086492,4,abdominal pain,4,109,139,57,9,99,38.8
30086493,3,knee pain,7,94,119,100,16,94,36.9
30086494,3,fall,2,76,108,77,17,99,36.3
30086495,3,anxiety,4,71,90,81,12,97,37.3
30086496,2,knee pain,9,88,141,87,19,92,37.4
30086497,2,laceration,9,74,147,72,12,97,38.0
30086498,2,fever,8,78,93,72,13,100,36.2
30086499,3,headache,6,97,117,57,22,93,36.7
30086500,3,back pain,4,82,87,67,11,99,38.3
30086501,4,knee pain,7,86,130,64,23,100,36.3
30086502,3,shortness of breath,2,81,96,33,16,90,37.8
30086503,2,fall,10,99,137,107,21,95,37.2
30086504,4,back pain,7,90,126,80,22,100,36.9
30086505,3,anxiety,4,79,137,71,18,95,38.7
30086506,2,fever,8,66,143,98,18,99,36.8
30086507,2,fall,9,61,153,131,18,100,36.9
30086508,3,abdominal pain,7,105,103,70,16,97,37.7
30086509,4,back pain,4,83,148,97,16,92,36.5
30086510,3,shortness of breath,7,81,113,90,23,98,38.4
30086511,4,abdominal pain,4,78,133,82,23,99,36.6
30086512,3,chest pain,0,122,139,81,26,99,36.6
30086513,4,abdominal pain,7,53,93,101,13,100,36.3
30086514,1,laceration,10,78,125,68,19,100,35.2
30086515,3,chest pain,1,72,133,98,24,99,37.4
30086516,4,shortness of breath,2,114,123,60,21,98,38.6
30086517,4,headache,5,92,121,76,21,93,35.9
30086518,2,chest pain,9,104,129,74,18,97,37.0
30086519,4,chest pain,1,96,121,101,18,100,37.5
30086520,2,shortness of breath,10,78,103,76,14,98,36.9
30086521,3,anxiety,3,120,107,69,21,99,36.2
30086522,3,shortness of breath,0,118,121,95,18,99,36.0
30086523,4,anxiety,3,97,111,88,13,92,38.4
30086524,3,laceration,2,97,139,75,13,88,38.0
30086525,3,abdominal pain,7,74,93,104,24,99,36.2
30086526,3,laceration,1,89,119,54,23,100,36.7
30086527,3,fever,5,94,114,91,16,100,36.3
30086528,3,fall,7,88,105,75,19,99,36.3
30086529,3,fall,1,98,99,78,15,96,37.2
30086530,3,chest pain,1,101,89,69,20,94,36.7
30086531,3,abdominal pain,0,100,125,81,22,97,36.5
30086532,3,abdominal pain,5,77,152,90,28,95,36.6
30086533,2,headache,9,108,138,74,19,99,37.7
30086534,3,fever,7,71,117,62,17,100,37.9
30086535,2,chest pain,9,94,119,87,16,100,35.5
30086536,2,knee pain,6,73,79,87,15,94,36.7
30086537,3,knee pain,3,94,124,68,19,100,36.9
30086538,3,knee pain,2,87,135,99,16,98,36.6
30086539,3,back pain,1,69,144,102,22,95,36.8
30086540,3,back pain,4,124,131,95,15,100,36.4
30086541,2,abdominal pain,10,111,115,107,25,95,36.9
30086542,3,headache,5,76,117,91,15,97,36.9
30086543,3,chest pain,2,74,138,59,21,94,37.6
30086544,3,chest pain,6,67,105,113,19,94,37.3
30086545,3,fever,1,97,119,113,21,95,36.3
30086546,3,chest pain,5,89,114,69,27,100,36.5
30086547,3,fall,1,99,106,75,15,91,36.4
30086548,3,laceration,3,117,156,82,14,98,37.1
30086549,1,chest pain,7,76,117,67,22,95,37.2
30086550,3,fever,4,83,135,61,11,96,37.3
30086551,3,laceration,5,89,135,80,20,98,37.4
30086552,2,fever,10,105,83,85,19,98,38.1
30086553,4,fall,6,85,106,65,21,98,36.5
30086554,3,fall,6,85,138,82,15,97,36.3
30086555,3,back pain,1,99,132,56,17,99,37.4
30086556,1,chest pain,10,100,125,91,24,100,36.8
30086557,1,fall,9,87,128,78,15,97,35.9
30086558,3,back pain,0,87,113,92,12,98,37.6
30086559,3,abdominal pain,3,70,124,78,20,93,35.6
30086560,4,chest pain,1,77,116,90,21,94,36.9
30086561,4,anxiety,1,67,70,71,21,94,37.4
30086562,3,knee pain,6,110,116,73,15,99,35.8
30086563,3,laceration,4,88,156,74,18,91,37.2
30086564,4,chest pain,3,91,147,66,15,93,38.0
30086565,3,anxiety,0,72,126,82,25,95,36.0
30086566,2,back pain,10,71,125,74,23,93,35.8
30086567,3,shortness of breath,1,85,121,88,22,98,37.1
30086568,3,fall,2,84,137,107,19,98,37.2
30086569,3,shortness of breath,0,73,126,70,12,99,36.4
30086570,2,abdominal pain,10,75,124,102,16,94,37.8
30086571,2,anxiety,8,78,77,91,19,97,37.3
30086572,3,fall,6,101,108,77,12,98,36.8
30086573,2,chest pain,8,95,137,97,20,95,37.0
30086574,3,back pain,0,91,120,74,20,100,36.7
30086575,3,chest pain,0,79,115,91,17,95,36.7
30086576,4,chest pain,0,72,124,95,16,99,36.9
30086577,4,shortness of breath,1,63,96,76,14,93,37.0
30086578,4,laceration,4,84,122,75,10,96,36.2
30086579,3,abdominal pain,3,75,154,57,18,95,36.5
30086580,3,fall,1,102,96,77,10,98,36.6
30086581,1,headache,9,94,131,82,19,95,36.3
30086582,3,fall,6,82,90,67,19,94,36.7
30086583,4,back pain,4,79,120,74,17,97,36.9
30086584,2,anxiety,8,104,124,60,11,96,36.2
30086585,4,fall,3,101,114,55,14,96,37.2
30086586,1,knee pain,7,58,111,76,6,96,37.3
30086587,3,fall,2,102,149,94,18,93,36.8
30086588,3,fever,1,80,138,50,13,96,37.2
30086589,3,laceration,0,72,144,55,19,98,36.9
30086590,2,fever,8,56,124,79,10,94,36.0
30086591,3,abdominal pain,2,83,156,60,15,100,37.2
30086592,3,fever,0,104,125,68,12,100,38.5
30086593,4,knee pain,0,48,127,50,11,98,36.6
30086594,4,knee pain,1,78,113,102,16,96,37.2
30086595,3,back pain,3,59,125,95,23,99,37.4
30086596,4,fever,2,80,105,68,15,94,36.1
30086597,3,abdominal pain,3,110,135,76,18,99,37.3
30086598,4,chest pain,0,66,138,80,10,98,37.2
30086599,4,shortness of breath,3,109,142,71,21,100,36.9
30086600,3,knee pain,7,90,134,87,21,90,36.8
30086601,3,chest pain,5,67,138,79,18,99,36.0
30086602,5,knee pain,6,65,137,77,22,91,35.9
30086603,3,knee pain,2,111,118,76,20,97,38.4
30086604,2,fever,9,52,97,56,17,93,36.8
30086605,3,abdominal pain,3,86,114,78,13,92,38.8
30086606,3,fall,3,100,118,54,21,98,36.6
30086607,2,chest pain,10,67,121,47,20,100,37.3
30086608,3,fall,5,89,157,81,23,92,37.8
30086609,4,headache,2,95,97,60,21,99,36.2
30086610,2,laceration,10,120,147,84,11,98,37.3
30086611,4,laceration,3,113,119,100,16,95,37.3
30086612,3,laceration,4,46,105,84,24,100,38.7
30086613,5,shortness of breath,6,84,151,81,16,94,38.1
30086614,4,anxiety,2,86,128,74,12,93,36.7
30086615,3,laceration,7,81,88,79,16,99,36.5
30086616,5,laceration,3,100,124,66,19,95,36.0
30086617,3,anxiety,3,108,155,79,21,100,38.0
30086618,3,headache,2,56,136,96,23,100,35.8
30086619,3,shortness of breath,5,94,109,89,15,99,38.0
30086620,4,anxiety,0,98,101,65,14,100,36.6
30086621,4,chest pain,1,96,124,63,19,96,36.8
30086622,4,laceration,1,54,117,68,17,95,36.7
30086623,3,laceration,3,82,137,57,15,96,36.5
30086624,3,anxiety,1,77,115,51,14,92,37.7
30086625,4,chest pain,2,119,147,62,17,100,36.2
30086626,3,back pain,6,74,127,49,16,96,36.8
30086627,3,back pain,6,112,113,96,22,96,37.0
30086628,3,abdominal pain,3,93,139,67,13,96,35.4
30086629,3,fever,6,107,120,66,21,100,38.0
30086630,3,chest pain,0,90,100,69,22,96,37.6
30086631,4,laceration,3,61,134,88,20,92,38.3
30086632,3,shortness of breath,0,75,123,91,19,99,36.9
30086633,4,chest pain,0,83,126,99,17,94,37.5
30086634,3,laceration,1,85,132,81,21,100,36.7
30086635,3,shortness of breath,7,86,134,95,21,96,37.9
30086636,3,chest pain,0,93,114,83,12,98,38.1
30086637,5,knee pain,4,103,99,54,17,95,36.8
30086638,3,shortness of breath,7,76,133,78,14,96,37.2
30086639,3,anxiety,4,99,122,65,13,97,36.9
30086640,1,chest pain,8,80,134,85,16,93,37.6
30086641,3,headache,4,72,105,80,16,100,35.8
30086642,3,headache,1,75,88,69,22,100,38.1
30086643,2,fever,6,95,115,75,17,98,37.0
30086644,3,fever,4,84,143,97,25,100,36.6
30086645,3,abdominal pain,4,85,94,62,25,97,37.2
30086646,2,headache,7,78,140,67,22,98,36.9
30086647,3,abdominal pain,4,92,147,46,18,100,36.5
30086648,3,abdominal pain,7,104,114,62,14,97,37.9
30086649,2,fever,6,65,121,53,16,100,37.7
30086650,4,knee pain,5,90,139,83,21,91,37.4
30086651,2,laceration,10,92,150,101,16,100,37.8
30086652,1,shortness of breath,9,99,128,74,17,98,37.9
30086653,3,laceration,3,90,131,95,16,97,36.6
30086654,3,abdominal pain,6,80,98,90,21,95,36.1
30086655,4,chest pain,4,86,133,123,15,93,36.5
30086656,1,abdominal pain,7,73,129,80,22,99,36.5
30086657,3,knee pain,3,76,147,57,17,100,36.3
30086658,3,abdominal pain,5,81,114,79,14,97,36.9
30086659,4,fever,2,88,106,98,19,97,37.3
30086660,3,anxiety,5,82,100,94,16,95,36.7
30086661,5,fever,5,92,119,76,16,95,36.4
30086662,1,back pain,6,106,105,75,22,97,36.2
30086663,2,chest pain,6,90,118,86,20,98,38.0
30086664,2,headache,10,73,134,87,19,97,36.5
30086665,3,back pain,0,99,92,62,19,96,36.3
30086666,3,fever,2,87,123,97,17,92,36.5
30086667,3,headache,4,87,116,92,20,99,36.0
30086668,3,fever,6,84,138,69,16,98,37.5
30086669,1,back pain,9,67,130,88,15,95,36.7
30086670,3,fever,3,78,109,95,15,97,36.8
30086671,4,abdominal pain,3,68,122,58,16,96,37.8
30086672,2,fall,6,70,137,71,22,94,36.7
30086673,4,abdominal pain,4,83,104,119,19,97,37.0
30086674,3,headache,7,111,103,75,18,97,37.7
30086675,4,laceration,2,108,167,73,13,95,36.6
30086676,5,back pain,5,98,134,65,21,100,36.1
30086677,5,anxiety,3,75,120,125,19,95,37.9
30086678,2,headache,10,74,117,90,16,100,36.2
30086679,3,knee pain,0,79,138,100,13,100,37.4
30086680,3,laceration,1,58,118,88,15,100,37.0
30086681,3,fall,2,65,115,66,15,95,36.2
30086682,4,abdominal pain,2,85,137,76,20,97,36.3
30086683,3,shortness of breath,0,79,125,90,18,96,37.0
30086684,3,fever,6,86,176,81,12,95,36.6
30086685,3,laceration,7,67,153,73,12,100,36.8
30086686,4,abdominal pain,7,80,135,73,20,100,37.6
30086687,3,headache,0,88,157,91,16,96,37.8
30086688,1,knee pain,7,85,117,82,16,97,36.7
30086689,3,shortness of breath,1,87,99,78,19,98,37.2
30086690,2,shortness of breath,10,86,164,89,20,100,37.4
30086691,3,fever,4,101,125,79,11,94,36.3
30086692,4,abdominal pain,5,69,139,75,9,98,36.6
30086693,3,anxiety,1,101,112,115,19,97,37.5
30086694,3,laceration,2,76,143,82,22,100,37.6
30086695,3,headache,5,85,129,73,14,98,35.3
30086696,3,fever,3,69,112,86,18,99,36.8
30086697,3,headache,3,73,144,107,20,96,36.8
30086698,1,chest pain,7,100,141,59,17,92,37.2
30086699,5,fall,0,78,141,90,18,99,37.7
30086700,5,back pain,4,87,141,77,16,97,37.0
30086701,5,knee pain,6,97,123,74,17,99,37.2
30086702,3,anxiety,2,71,108,76,21,90,36.1
30086703,4,chest pain,4,81,123,96,20,94,37.4
30086704,3,anxiety,5,102,137,44,20,92,37.3
30086705,4,headache,1,83,145,63,19,96,37.6
30086706,2,anxiety,9,85,138,83,18,95,36.7
30086707,3,chest pain,4,81,132,66,21,100,35.5
30086708,5,laceration,0,86,133,75,15,100,36.8
30086709,3,back pain,2,57,144,89,22,92,37.2
30086710,3,headache,0,104,117,108,21,94,37.4
30086711,4,shortness of breath,4,74,137,68,16,92,36.6
30086712,1,back pain,6,61,124,67,17,99,37.8
30086713,3,anxiety,0,77,150,76,16,99,36.8
30086714,2,fever,9,64,128,67,21,98,37.4
30086715,1,headache,6,91,117,93,19,95,36.3
30086716,4,headache,5,85,127,74,28,93,36.8
30086717,5,fever,6,72,141,73,22,97,37.0
30086718,5,laceration,1,94,162,48,23,95,37.9
30086719,3,chest pain,0,97,113,60,16,98,35.3
30086720,3,shortness of breath,5,89,130,88,13,94,37.6
30086721,3,shortness of breath,7,50,125,85,17,91,37.5
30086722,3,fever,7,92,127,95,15,93,34.6
30086723,5,fever,7,105,133,106,22,96,37.7
30086724,3,chest pain,0,83,109,67,20,96,36.6
30086725,4,anxiety,5,80,143,74,21,97,37.2
30086726,3,shortness of breath,3,85,112,77,16,100,38.7
30086727,2,knee pain,10,84,113,75,15,96,37.0
30086728,3,fall,1,80,126,70,16,98,36.3
30086729,4,fall,6,78,140,50,16,93,37.0
30086730,4,headache,3,74,158,104,14,99,36.5
30086731,5,abdominal pain,4,89,146,79,25,93,37.8
30086732,1,shortness of breath,6,84,145,83,27,97,36.3
30086733,2,fall,7,77,94,72,22,97,36.2
30086734,4,back pain,2,97,110,74,22,94,37.3
30086735,3,headache,2,100,140,83,17,99,36.3
30086736,2,knee pain,7,71,121,100,10,98,37.1
30086737,4,fever,0,92,128,66,24,96,35.2
30086738,2,fall,10,87,135,67,21,95,37.2
30086739,3,abdominal pain,4,97,127,92,17,96,37.2
30086740,4,knee pain,0,103,160,67,16,95,36.8
30086741,4,laceration,6,70,131,79,12,93,37.4
30086742,2,back pain,8,97,132,112,17,98,38.4
30086743,3,fall,4,86,83,83,19,100,36.3
30086744,2,shortness of breath,9,89,103,112,24,98,38.1
30086745,2,shortness of breath,9,115,126,54,23,95,36.5
30086746,1,shortness of breath,7,86,140,86,19,100,37.4
30086747,3,fever,4,70,145,101,15,96,38.4
30086748,2,back pain,10,120,145,82,22,100,35.9
30086749,2,back pain,9,126,96,83,16,98,36.9
30086750,3,laceration,4,95,127,91,22,99,37.2
30086751,3,chest pain,0,110,122,98,18,99,37.3
30086752,3,knee pain,1,100,85,82,14,92,37.4
30086753,2,chest pain,9,107,68,84,12,93,36.6
30086754,3,fall,6,81,115,81,22,97,36.3
30086755,3,anxiety,7,79,151,85,13,99,36.8
30086756,3,laceration,6,86,164,61,16,100,37.8
30086757,3,shortness of breath,2,82,152,82,10,99,37.0
30086758,2,abdominal pain,8,87,136,84,16,94,36.5
30086759,2,chest pain,10,81,133,60,23,93,38.2
30086760,3,headache,3,55,116,96,15,99,35.4
30086761,1,fall,8,86,93,77,16,96,37.6
30086762,3,back pain,1,90,134,56,19,98,37.1
30086763,2,fall,8,80,109,101,18,96,37.3
30086764,3,anxiety,5,97,82,69,17,94,36.4
30086765,4,shortness of breath,4,58,150,67,19,96,35.6
30086766,4,chest pain,6,104,100,88,17,95,37.4
30086767,5,back pain,6,61,127,71,22,97,36.8
30086768,4,headache,5,96,144,65,23,98,37.7
30086769,3,anxiety,7,96,130,81,16,99,36.2
30086770,2,shortness of breath,9,124,172,66,17,99,35.9
30086771,2,laceration,10,76,115,71,15,100,36.1
30086772,1,abdominal pain,6,52,115,71,17,96,37.2
30086773,3,abdominal pain,1,112,117,76,21,96,36.4
30086774,3,chest pain,0,77,122,80,14,98,37.4
30086775,5,anxiety,3,69,148,94,17,99,38.2
30086776,3,back pain,5,65,119,87,14,97,38.6
30086777,2,knee pain,6,104,178,81,15,100,36.5
30086778,3,chest pain,5,93,89,47,18,94,37.5
30086779,3,chest pain,0,93,143,97,26,96,37.0
30086780,3,shortness of breath,6,78,117,97,15,97,36.6
30086781,1,abdominal pain,8,68,147,94,26,98,38.0
30086782,4,headache,7,98,150,65,20,98,36.8
30086783,3,anxiety,6,78,145,66,15,96,37.0
30086784,3,abdominal pain,4,88,130,70,21,97,36.5
30086785,3,laceration,7,50,138,69,25,96,36.4
30086786,3,knee pain,3,108,140,67,21,99,38.0
30086787,4,chest pain,1,79,114,97,17,98,37.0
30086788,3,fever,0,83,129,83,20,96,36.4
30086789,5,chest pain,0,77,144,87,9,93,37.7
30086790,3,anxiety,0,100,110,95,12,94,35.7
30086791,4,chest pain,0,69,88,58,17,91,37.0
30086792,3,fever,7,77,112,94,18,100,36.3
30086793,4,fall,7,83,134,97,19,97,37.1
30086794,5,abdominal pain,6,62,96,120,18,95,36.6
30086795,2,fall,6,86,161,97,16,97,36.9
30086796,3,chest pain,3,74,84,76,23,96,36.6
30086797,2,chest pain,7,113,85,92,16,96,36.5
30086798,3,shortness of breath,3,90,107,85,17,98,37.8
30086799,5,back pain,1,114,154,86,22,92,36.3
30086800,2,knee pain,8,91,93,78,23,96,36.1
30086801,4,laceration,2,91,155,83,24,95,37.5
30086802,3,headache,2,110,106,111,13,100,36.2
30086803,5,anxiety,3,82,129,76,19,92,36.5
30086804,1,headache,8,96,148,65,17,98,36.5
30086805,3,knee pain,5,87,141,118,20,100,37.2
30086806,3,headache,6,82,140,123,21,97,36.4
30086807,3,anxiety,3,88,105,79,12,96,36.6
30086808,3,back pain,2,106,155,78,19,100,35.7
30086809,3,fever,5,95,138,95,17,97,36.2
30086810,4,laceration,0,87,119,78,26,96,39.2
30086811,2,headache,6,105,146,90,22,100,36.6
30086812,5,knee pain,6,101,100,70,9,99,37.8
30086813,3,laceration,7,117,109,78,19,95,37.5
30086814,3,anxiety,2,83,98,82,26,98,38.0
30086815,5,back pain,4,109,133,79,2,98,35.7
30086816,5,laceration,7,102,138,93,16,95,38.0
30086817,5,fall,1,96,133,80,19,100,36.9
30086818,3,fever,4,86,95,62,15,97,36.1
30086819,2,fever,10,86,141,91,20,97,36.7
30086820,2,back pain,9,57,77,75,21,94,38.8
30086821,2,anxiety,8,90,92,87,14,99,36.7
30086822,3,shortness of breath,0,79,135,67,20,96,36.9
30086823,3,abdominal pain,0,65,107,86,15,99,36.2
30086824,4,fever,3,68,124,96,17,90,37.8
30086825,5,fever,6,77,90,96,13,96,36.9
30086826,3,shortness of breath,6,92,124,97,23,100,36.7
30086827,4,headache,2,66,147,71,21,93,37.7
30086828,1,abdominal pain,6,61,127,84,19,100,37.8
30086829,4,shortness of breath,4,65,105,97,21,97,39.0
30086830,2,laceration,10,77,90,78,13,97,37.3
30086831,3,headache,7,81,129,95,10,100,36.7
30086832,3,abdominal pain,7,76,131,89,12,98,37.2
30086833,3,knee pain,6,106,96,86,21,89,37.0
30086834,3,fall,4,112,91,75,18,98,36.4
30086835,2,abdominal pain,6,96,119,91,19,94,36.1
30086836,2,anxiety,7,98,130,105,19,99,35.6
30086837,3,abdominal pain,5,94,87,97,21,96,35.2
30086838,3,back pain,6,74,125,76,12,97,38.9
30086839,5,shortness of breath,2,71,124,93,20,96,37.7
30086840,3,back pain,3,85,122,109,22,97,37.1
30086841,1,fever,8,83,140,92,22,96,35.7
30086842,3,fall,7,94,116,76,19,96,36.1
30086843,3,laceration,6,102,90,82,16,96,37.2
30086844,4,anxiety,3,91,128,90,22,98,37.3
30086845,2,laceration,6,82,126,71,18,96,37.4
30086846,3,headache,7,114,123,75,18,94,37.6
30086847,3,headache,6,77,104,86,28,100,37.1
30086848,4,back pain,1,103,160,92,19,96,37.0
30086849,3,fever,3,79,155,68,18,96,35.8
30086850,2,fever,6,75,131,61,24,96,35.5
30086851,3,knee pain,2,104,144,93,19,100,38.0
30086852,4,laceration,5,63,113,88,19,100,36.7
30086853,3,shortness of breath,6,59,117,76,10,100,37.4
30086854,1,shortness of breath,7,108,143,91,19,100,38.5
30086855,4,fall,2,83,141,76,21,97,36.3
30086856,3,back pain,0,76,89,82,24,100,35.7
30086857,4,laceration,3,61,135,84,20,100,37.0
30086858,4,laceration,7,91,147,69,18,98,35.9
30086859,3,chest pain,7,87,147,53,22,100,37.2
30086860,2,fever,10,71,130,65,17,98,35.2
30086861,4,knee pain,2,104,148,82,22,96,36.8
30086862,3,fall,4,88,130,72,21,94,39.2
30086863,2,back pain,8,113,117,97,24,99,36.8
30086864,3,back pain,0,118,107,92,18,100,37.6
30086865,4,fever,4,82,139,63,14,95,35.7
30086866,4,fall,1,79,70,77,17,92,35.5
30086867,2,back pain,7,87,111,75,13,99,36.4
30086868,3,fall,4,84,108,74,18,96,35.8
30086869,3,fever,1,82,124,84,20,98,38.4
30086870,4,laceration,6,71,146,89,17,95,37.4
30086871,3,fall,7,71,139,89,21,98,39.8
30086872,3,back pain,0,77,124,101,15,95,36.0
30086873,3,chest pain,6,74,96,78,20,94,38.5
30086874,3,shortness of breath,2,87,119,75,17,99,38.0
30086875,3,fever,6,92,112,84,13,93,36.7
30086876,4,fever,7,84,83,74,21,92,37.3
30086877,1,back pain,7,94,136,73,15,98,36.6
30086878,3,anxiety,1,113,117,90,22,100,37.0
30086879,3,fall,0,63,106,75,16,96,38.2
30086880,3,fall,6,78,120,71,24,93,37.4
30086881,2,knee pain,7,80,144,94,17,98,37.9
30086882,2,knee pain,10,104,137,80,16,100,38.0
30086883,5,abdominal pain,1,107,112,81,25,97,36.7
30086884,4,shortness of breath,2,98,133,108,20,95,36.1
30086885,4,anxiety,4,82,143,55,19,94,37.1
30086886,1,knee pain,7,105,116,67,20,96,37.1
30086887,3,headache,4,113,109,72,19,100,35.7
30086888,3,fever,0,64,139,87,19,96,36.6
30086889,2,laceration,8,96,118,100,17,96,37.3
30086890,3,laceration,1,102,175,85,16,94,37.1
30086891,4,fall,6,83,104,80,26,95,37.7
30086892,3,fall,1,100,94,77,11,91,37.3
30086893,2,laceration,10,69,145,86,15,93,36.1
30086894,4,headache,6,100,114,75,18,95,37.6
30086895,4,chest pain,7,80,134,90,18,96,36.7
30086896,3,knee pain,7,93,148,76,9,100,36.8
30086897,2,anxiety,9,85,142,87,14,96,38.3
30086898,3,laceration,7,99,127,73,18,100,37.3
30086899,3,abdominal pain,5,107,151,92,15,98,37.6
30086900,3,chest pain,6,57,90,109,17,95,37.1
30086901,2,abdominal pain,7,70,139,88,14,100,37.8
30086902,3,laceration,6,86,153,92,13,99,36.3
30086903,1,back pain,6,81,108,92,20,93,37.7
30086904,3,fever,5,95,124,102,18,97,36.7
30086905,4,fall,0,102,139,115,18,100,36.8
30086906,4,laceration,4,123,156,69,20,100,36.6
30086907,3,fall,3,86,127,98,23,96,37.0
30086908,3,headache,1,106,124,118,24,97,36.9
30086909,3,knee pain,5,97,139,85,23,100,35.8
30086910,3,anxiety,5,73,101,98,14,95,37.2
30086911,3,laceration,3,93,129,48,17,95,37.4
30086912,1,abdominal pain,6,78,101,76,12,97,38.5
30086913,2,chest pain,7,94,130,55,18,91,36.7
30086914,4,laceration,2,103,118,87,16,96,38.6
30086915,3,abdominal pain,1,114,116,95,13,96,36.8
30086916,3,laceration,3,85,126,80,18,98,37.2
30086917,2,shortness of breath,7,90,110,69,12,99,35.8
30086918,3,chest pain,5,70,105,63,14,95,37.1
30086919,3,fever,2,82,135,86,24,98,36.4
30086920,2,fever,8,82,115,89,24,88,35.1
30086921,2,knee pain,9,65,142,52,15,98,36.4
30086922,3,chest pain,5,85,150,76,16,95,36.5
30086923,3,fall,6,85,125,102,18,100,37.8
30086924,2,fever,9,74,149,48,15,98,38.2
30086925,4,shortness of breath,5,98,153,81,17,98,36.5
30086926,3,headache,3,82,104,50,19,92,37.7
30086927,1,chest pain,6,101,121,83,13,100,35.5
30086928,2,back pain,7,76,131,89,23,94,36.6
30086929,2,chest pain,6,85,127,74,20,99,36.1
30086930,3,back pain,4,80,131,78,19,96,36.3
30086931,3,anxiety,2,85,121,85,20,99,38.2
30086932,3,back pain,6,78,112,72,22,91,36.6
30086933,4,abdominal pain,7,96,134,81,16,98,37.2
30086934,5,fever,3,84,94,96,17,98,36.7
30086935,3,laceration,3,74,143,70,20,93,36.8
30086936,4,laceration,4,121,129,95,19,99,36.3
30086937,3,laceration,7,68,125,71,26,98,38.3
30086938,3,laceration,1,72,128,73,21,97,36.5
30086939,2,knee pain,9,115,142,89,23,99,37.7
30086940,4,fever,5,72,137,69,17,91,38.0
30086941,3,headache,7,90,137,81,17,96,37.3
30086942,2,knee pain,9,78,135,93,16,90,37.7
30086943,4,laceration,0,59,139,67,16,97,38.3
30086944,3,knee pain,1,73,153,85,18,97,36.1
30086945,2,back pain,7,76,127,97,18,100,37.7
30086946,3,shortness of breath,6,76,121,81,15,98,36.3
30086947,5,chest pain,1,86,104,74,11,100,36.8
30086948,3,anxiety,6,66,150,91,18,97,36.5
30086949,3,abdominal pain,2,74,141,90,15,95,36.9
30086950,1,fall,7,76,131,85,14,93,36.9
30086951,3,fever,4,83,97,84,21,97,37.2
30086952,3,back pain,3,87,128,77,18,88,38.2
30086953,3,headache,4,63,125,60,15,99,36.6
30086954,3,knee pain,4,77,122,70,21,97,35.7
30086955,5,knee pain,7,83,133,87,20,92,38.4
30086956,3,shortness of breath,6,74,110,73,18,100,36.0
30086957,2,chest pain,7,76,121,93,14,94,36.8
30086958,3,anxiety,4,69,128,99,15,95,37.2
30086959,3,abdominal pain,4,66,101,64,21,99,37.4
30086960,2,abdominal pain,6,87,159,84,15,100,37.3
30086961,3,abdominal pain,0,82,106,76,21,96,36.5
30086962,4,shortness of breath,1,83,158,87,13,96,37.9
30086963,2,chest pain,6,72,137,92,13,100,37.6
30086964,3,fever,5,102,140,61,19,98,37.0
30086965,3,chest pain,6,69,127,86,17,94,38.4
30086966,4,headache,0,67,133,99,23,99,37.4
30086967,3,fever,2,73,147,77,17,98,36.1
30086968,2,abdominal pain,8,81,150,69,17,89,38.4
30086969,5,abdominal pain,5,95,113,77,9,94,34.8
30086970,2,headache,7,95,129,87,17,98,36.4
30086971,3,shortness of breath,6,79,113,85,14,97,38.9
30086972,1,chest pain,7,84,132,82,10,94,36.3
30086973,3,chest pain,5,61,147,100,25,94,36.9
30086974,3,abdominal pain,0,62,145,76,16,97,35.5
30086975,3,anxiety,2,67,108,99,11,98,36.7
30086976,3,chest pain,0,101,119,93,16,100,36.9
30086977,4,fever,1,82,140,83,17,100,36.7
30086978,3,knee pain,7,81,109,83,19,97,37.6
30086979,3,back pain,5,73,88,69,22,100,36.6
30086980,3,fever,1,92,126,70,21,97,37.8
30086981,3,back pain,5,93,132,62,19,99,36.9
30086982,3,fever,2,103,122,85,15,96,38.3
30086983,1,fall,10,85,102,60,23,96,37.8
30086984,3,shortness of breath,3,79,112,77,22,96,37.3
30086985,3,abdominal pain,0,93,130,82,20,90,36.2
30086986,4,anxiety,3,86,117,77,20,98,37.1
30086987,3,headache,5,84,122,79,14,90,37.4
30086988,1,abdominal pain,8,75,135,90,13,96,36.8
30086989,4,laceration,5,74,145,106,21,100,37.8
30086990,3,laceration,1,76,138,92,19,96,35.6
30086991,3,knee pain,7,78,124,105,21,100,36.2
30086992,3,chest pain,1,122,111,111,18,98,37.4
30086993,3,chest pain,7,71,106,83,20,100,37.0
30086994,4,fever,7,81,135,81,16,95,35.7
30086995,3,back pain,5,95,110,89,20,98,35.9
30086996,3,fever,7,91,139,101,22,97,37.5
30086997,3,headache,5,72,176,96,23,100,37.1
30086998,3,knee pain,0,85,142,83,15,98,37.2
30086999,3,laceration,2,109,125,98,20,93,37.6
30087000,3,headache,7,91,77,98,21,99,36.0
30087001,4,chest pain,7,75,122,80,16,100,37.4
30087002,4,headache,4,77,119,84,15,95,36.6
30087003,3,headache,3,85,142,76,15,98,37.1
30087004,2,anxiety,7,88,183,75,12,100,37.3
30087005,2,laceration,6,73,139,90,23,100,36.9
30087006,3,fever,0,60,133,79,18,99,37.5
30087007,3,knee pain,1,66,164,70,25,95,35.6
30087008,2,fall,6,83,169,69,18,98,36.9
30087009,3,abdominal pain,2,85,145,85,21,97,37.2
30087010,4,fever,7,102,119,73,17,99,36.7
30087011,3,headache,0,76,109,79,18,100,36.4
30087012,2,fever,10,118,98,74,24,97,36.7
30087013,4,fall,4,85,86,75,18,97,36.8
30087014,3,fever,2,107,87,68,18,97,37.2
30087015,3,abdominal pain,4,91,141,109,10,96,37.4
30087016,3,chest pain,7,94,125,71,19,98,36.9
30087017,3,fever,4,70,147,98,14,98,38.0
30087018,3,back pain,6,102,134,89,13,99,36.6
30087019,1,anxiety,6,82,101,87,24,95,36.6
30087020,2,chest pain,10,97,124,91,21,94,36.2
30087021,2,laceration,6,100,154,76,15,94,38.4
30087022,4,back pain,4,90,114,86,14,100,36.8
30087023,3,anxiety,1,69,101,96,16,98,37.0
30087024,3,fever,5,68,138,105,18,96,37.1
30087025,3,shortness of breath,5,79,131,85,17,94,36.0
30087026,3,laceration,3,102,132,72,19,96,35.9
30087027,3,knee pain,7,102,125,78,22,95,37.0
30087028,3,anxiety,4,79,113,73,15,99,36.8
30087029,3,shortness of breath,4,102,133,82,17,96,36.7
30087030,2,back pain,7,106,98,79,18,90,37.0
30087031,2,headache,6,109,106,98,20,95,35.9
30087032,3,anxiety,6,99,139,82,20,98,36.7
30087033,3,back pain,7,93,105,85,22,100,37.7
30087034,2,headache,9,84,124,72,19,94,37.6
30087035,4,fever,1,68,129,78,25,99,37.0
30087036,4,chest pain,3,76,89,73,11,94,36.9
30087037,3,knee pain,6,67,98,80,11,100,37.5
30087038,3,fall,1,92,154,82,22,97,36.8
30087039,3,knee pain,5,83,134,79,21,92,36.2
30087040,3,knee pain,2,96,165,89,15,94,37.2
30087041,3,laceration,3,94,90,106,14,98,36.1
30087042,4,laceration,0,88,127,56,22,96,36.5
30087043,5,fever,0,103,117,93,22,98,37.2
30087044,3,knee pain,1,109,145,67,18,95,36.2
30087045,2,shortness of breath,7,108,141,71,23,95,37.1
30087046,3,back pain,3,106,157,67,19,99,38.1
30087047,5,abdominal pain,3,61,130,102,22,97,37.5
30087048,5,shortness of breath,6,88,137,66,15,98,37.9
30087049,2,chest pain,6,87,132,72,22,98,36.6
30087050,2,abdominal pain,8,67,110,68,19,100,35.8
30087051,3,shortness of breath,2,78,128,97,19,95,36.9
30087052,3,fall,4,82,111,55,17,99,36.5
30087053,4,fever,2,112,116,66,19,95,36.0
30087054,3,chest pain,7,80,132,73,18,99,36.8
30087055,1,knee pain,10,110,82,94,19,100,36.5
30087056,4,laceration,2,91,101,71,16,97,38.1
30087057,3,fever,4,96,122,83,14,92,39.0
30087058,3,fall,0,88,118,93,16,94,36.9
30087059,2,chest pain,6,80,131,93,15,100,36.2
30087060,4,fever,4,92,99,104,12,98,36.2
30087061,3,back pain,0,76,108,54,19,97,36.9
30087062,3,shortness of breath,3,85,143,60,23,98,37.8
30087063,3,laceration,3,74,139,65,19,99,37.0
30087064,2,shortness of breath,9,57,117,82,16,100,36.3
30087065,2,chest pain,7,82,155,91,23,98,37.0
30087066,3,shortness of breath,1,97,129,70,14,100,35.6
30087067,3,back pain,2,97,104,71,18,94,36.2
30087068,3,abdominal pain,7,101,122,64,12,98,37.9
30087069,3,laceration,1,69,129,112,18,100,37.6
30087070,3,chest pain,7,83,125,62,8,100,38.2
30087071,1,knee pain,6,80,168,90,15,96,36.3
30087072,4,anxiety,4,90,172,48,12,100,38.3
30087073,2,chest pain,8,120,145,81,27,92,37.0
30087074,4,knee pain,1,94,130,98,20,94,36.8
30087075,4,chest pain,4,59,139,106,16,97,37.4
30087076,4,fall,5,71,126,63,15,96,35.2
30087077,2,chest pain,8,76,113,82,14,100,36.7
30087078,3,laceration,5,100,123,73,18,97,37.3
30087079,3,chest pain,0,69,116,44,16,96,37.4
30087080,3,fever,5,92,100,89,18,96,36.9
30087081,3,laceration,6,80,154,74,12,97,37.1
30087082,4,fall,4,74,153,93,24,100,37.0
30087083,3,knee pain,5,81,93,86,21,98,34.8
30087084,3,headache,2,78,129,70,24,96,36.3
30087085,5,laceration,7,91,112,65,11,99,36.7
30087086,1,anxiety,9,101,111,74,18,97,37.4
30087087,3,abdominal pain,0,80,114,100,18,95,36.8
30087088,4,fever,2,62,130,102,20,96,36.0
30087089,3,anxiety,4,99,120,62,18,94,37.2
30087090,3,anxiety,2,87,133,79,20,96,36.1
30087091,4,abdominal pain,2,97,151,89,15,95,38.4
30087092,3,shortness of breath,2,72,136,63,14,94,35.5
30087093,3,knee pain,1,90,129,74,19,100,36.4
30087094,3,abdominal pain,0,78,108,66,18,96,37.6
30087095,3,chest pain,1,82,102,70,15,95,37.2
30087096,1,abdominal pain,7,94,136,74,15,95,37.2
30087097,2,chest pain,10,77,111,83,11,100,37.1
30087098,3,fever,0,87,136,83,18,97,36.2
30087099,3,headache,0,99,127,86,19,98,36.0
30087100,2,fall,9,98,112,76,20,99,36.1
30087101,3,anxiety,5,114,112,78,20,100,36.2
30087102,4,abdominal pain,7,86,116,76,17,96,36.8
30087103,3,fever,0,99,136,65,18,99,38.1
30087104,5,fall,4,86,132,70,11,100,37.8
30087105,3,fever,5,70,133,110,18,91,36.5
30087106,3,back pain,0,53,113,49,18,94,38.0
30087107,3,chest pain,0,100,106,56,17,94,37.2
30087108,3,back pain,5,92,96,69,25,95,34.6
30087109,3,fall,2,84,156,73,18,97,38.0
30087110,3,knee pain,3,100,121,83,12,98,34.8
30087111,1,abdominal pain,6,84,116,95,18,93,37.2
30087112,2,laceration,6,102,98,77,13,93,36.4
30087113,3,fall,1,85,105,67,15,96,37.6
30087114,2,back pain,10,68,126,76,26,98,37.5
30087115,1,laceration,9,64,144,85,17,100,36.3
30087116,4,fever,5,86,127,87,18,97,37.6
30087117,1,fall,10,79,109,54,13,94,36.9
30087118,3,fever,0,73,115,80,20,95,37.2
30087119,2,shortness of breath,9,86,155,76,16,96,36.6
30087120,3,laceration,7,91,126,72,18,97,36.2
30087121,3,fall,3,92,121,90,25,98,36.9
30087122,4,laceration,3,68,108,83,21,98,37.6
30087123,4,laceration,5,117,135,67,16,98,37.1
30087124,2,fever,6,66,147,106,19,97,36.5
30087125,4,knee pain,6,68,129,128,17,99,37.6
30087126,3,knee pain,4,110,146,71,19,100,36.3
30087127,3,knee pain,0,61,137,98,19,97,36.5
30087128,4,shortness of breath,4,60,115,81,19,100,36.4
30087129,1,fall,9,71,119,92,11,96,36.8
30087130,3,back pain,4,89,134,82,20,97,37.9
30087131,3,anxiety,1,89,128,71,25,96,37.7
30087132,3,fever,1,67,109,49,19,94,37.9
30087133,3,shortness of breath,7,101,103,92,19,93,37.2
30087134,3,shortness of breath,2,95,99,91,19,100,36.5
30087135,2,knee pain,9,112,84,94,20,96,37.2
30087136,3,anxiety,6,87,136,73,14,96,36.0
30087137,1,laceration,6,70,152,55,15,97,37.0
30087138,3,abdominal pain,1,89,163,80,16,100,36.5
30087139,2,headache,6,54,110,61,16,100,36.2
30087140,4,fall,3,89,134,81,21,97,35.4
30087141,3,anxiety,3,70,114,80,20,94,35.2
30087142,3,back pain,2,85,138,64,22,100,36.8
30087143,5,laceration,4,109,144,66,19,100,37.3
30087144,3,back pain,4,98,146,75,20,94,35.7
30087145,3,laceration,7,93,120,88,15,94,36.9
30087146,3,anxiety,4,63,134,48,23,100,37.7
30087147,3,knee pain,0,94,129,62,22,95,36.6
30087148,1,knee pain,6,98,143,80,21,96,37.0
30087149,4,fall,2,82,86,64,19,94,37.5
30087150,3,anxiety,1,82,119,69,15,95,36.7
30087151,2,knee pain,7,98,141,79,23,98,38.2
30087152,3,fall,7,67,135,88,21,100,36.8
30087153,4,fall,0,84,116,88,12,99,35.9
30087154,1,chest pain,7,67,109,70,23,93,36.8
30087155,4,shortness of breath,2,78,139,83,23,98,38.0
30087156,3,abdominal pain,1,86,99,106,20,95,37.4
30087157,3,fever,4,91,136,71,18,100,36.6
30087158,3,anxiety,7,83,103,72,18,95,37.6
30087159,2,shortness of breath,10,76,110,75,17,100,36.5
30087160,3,abdominal pain,6,73,101,72,14,95,38.1
30087161,3,fall,1,99,156,76,16,96,37.6
30087162,5,fever,5,57,125,66,19,97,37.2
30087163,3,abdominal pain,3,57,127,87,17,97,37.2
30087164,2,shortness of breath,10,87,154,68,18,97,36.3
30087165,2,abdominal pain,10,98,116,93,23,94,35.2
30087166,3,knee pain,2,95,131,54,13,94,37.4
30087167,3,laceration,0,88,148,101,14,98,37.6
30087168,3,shortness of breath,0,71,109,55,17,97,37.7
30087169,1,knee pain,6,85,147,62,18,94,36.8
30087170,3,fever,0,79,157,100,20,97,37.3
30087171,2,headache,7,70,113,104,19,96,35.5
30087172,2,fever,6,98,130,62,20,100,37.9
30087173,3,shortness of breath,2,71,109,83,21,96,37.5
30087174,3,knee pain,5,77,111,45,26,99,36.1
30087175,3,knee pain,4,81,132,80,20,96,37.3
30087176,3,fever,7,85,114,115,14,98,38.4
30087177,3,laceration,1,72,121,83,17,98,37.7
30087178,4,knee pain,2,73,135,94,20,97,36.8
30087179,2,chest pain,6,106,134,88,19,90,37.3
30087180,3,laceration,4,62,141,112,24,98,36.9
30087181,3,back pain,3,91,143,74,9,100,35.8
30087182,4,abdominal pain,0,69,146,93,21,97,36.8
30087183,2,anxiety,8,72,112,77,24,95,37.2
30087184,1,shortness of breath,6,96,118,74,19,97,36.5
30087185,3,abdominal pain,5,97,162,80,18,100,38.5
30087186,4,abdominal pain,2,99,166,91,13,97,36.9
30087187,5,back pain,4,82,115,72,17,100,37.6
30087188,3,back pain,0,72,98,111,18,96,35.3
30087189,3,fever,1,93,142,77,26,98,37.2
30087190,2,back pain,6,89,116,71,22,93,36.2
30087191,2,back pain,10,85,105,82,17,92,36.4
30087192,2,headache,6,88,124,49,21,98,36.7
30087193,5,laceration,6,83,134,98,24,98,35.7
30087194,3,knee pain,2,82,116,87,18,98,37.1
30087195,3,abdominal pain,1,88,143,105,13,100,39.4
30087196,3,headache,7,50,122,47,19,99,39.2
30087197,4,chest pain,3,88,137,69,9,95,36.1
30087198,3,fall,5,90,131,81,22,93,38.2
30087199,3,shortness of breath,0,102,148,90,23,97,37.7
30087200,3,abdominal pain,4,93,119,93,22,95,35.9
30087201,3,back pain,6,60,125,68,20,97,37.5
30087202,4,knee pain,2,88,116,102,19,94,36.3
30087203,3,fall,5,68,101,68,13,93,38.1
30087204,3,abdominal pain,3,82,115,70,22,100,35.7
30087205,4,fall,5,66,105,96,16,96,37.6
30087206,4,shortness of breath,2,106,151,66,26,97,38.1
30087207,5,back pain,3,70,122,62,15,97,36.3
30087208,3,back pain,7,99,80,104,18,95,37.3
30087209,1,headache,9,58,148,67,19,97,37.3
30087210,4,shortness of breath,0,103,130,86,13,94,37.1
30087211,3,anxiety,1,74,141,76,20,100,35.9
30087212,4,back pain,7,99,108,77,16,91,37.0
30087213,2,headache,10,63,136,80,17,99,37.4
30087214,3,fever,5,99,85,105,18,99,36.7
30087215,4,headache,6,93,168,76,23,93,37.4
30087216,3,anxiety,2,81,126,71,21,100,37.5
30087217,4,shortness of breath,4,99,114,104,22,93,36.5
30087218,4,back pain,6,90,117,56,20,94,38.2
30087219,5,chest pain,3,59,122,87,10,95,37.0
30087220,3,knee pain,1,75,135,104,23,99,36.4
30087221,3,headache,6,42,149,57,14,97,38.2
30087222,3,chest pain,1,104,135,81,16,98,36.4
30087223,3,knee pain,0,89,100,64,19,99,36.9
30087224,2,shortness of breath,6,93,116,88,18,97,37.4
30087225,5,anxiety,0,113,107,90,16,93,35.0
30087226,2,chest pain,8,69,150,76,20,95,38.3
30087227,3,fall,1,95,148,75,17,100,37.2
30087228,3,anxiety,4,97,130,79,17,100,36.9
30087229,2,abdominal pain,9,47,112,76,19,94,36.5
30087230,3,laceration,4,75,138,84,18,94,36.6
30087231,2,knee pain,9,107,141,109,11,97,36.4
30087232,3,fall,1,63,94,52,16,97,37.1
30087233,3,fever,0,64,138,83,19,95,36.8
30087234,4,knee pain,6,90,85,87,20,96,37.9
30087235,2,fever,6,92,152,78,10,99,38.3
30087236,4,anxiety,4,99,103,67,16,98,37.2
30087237,3,anxiety,3,89,128,63,16,100,37.4
30087238,3,fever,1,75,127,73,18,98,36.9
30087239,3,back pain,6,108,99,96,17,93,36.9
30087240,3,laceration,3,67,125,91,22,96,37.8
30087241,4,anxiety,0,109,117,52,12,95,35.8
30087242,2,fever,7,94,103,94,14,100,36.7
30087243,1,fall,10,86,128,59,17,94,38.5
30087244,3,abdominal pain,3,65,110,104,22,93,37.3
30087245,2,anxiety,9,77,134,87,25,98,36.3
30087246,3,fever,7,62,85,76,22,96,37.3
30087247,3,back pain,3,102,97,94,20,100,35.3
30087248,2,shortness of breath,9,92,154,93,18,91,36.8
30087249,3,headache,3,79,163,80,19,99,36.9
30087250,3,chest pain,2,85,131,67,13,93,38.1
30087251,4,knee pain,7,75,169,75,15,96,36.8
30087252,2,anxiety,10,81,120,71,22,97,37.0
30087253,2,anxiety,6,90,150,62,16,90,37.9
30087254,3,headache,5,91,127,103,20,94,36.7
30087255,3,knee pain,7,91,108,86,18,94,37.1
30087256,2,chest pain,9,111,146,75,23,95,37.5
30087257,1,knee pain,6,64,148,65,18,92,37.1
30087258,3,knee pain,6,58,106,84,16,95,36.4
30087259,5,fever,3,123,134,71,12,96,37.6
30087260,3,chest pain,3,76,88,97,21,99,37.6
30087261,3,knee pain,4,109,113,95,11,93,36.0
30087262,1,laceration,8,117,153,43,11,98,37.1
30087263,3,knee pain,6,75,142,81,23,91,36.0
30087264,3,anxiety,6,77,138,61,15,100,36.2
30087265,5,abdominal pain,3,75,128,81,17,100,36.1
30087266,4,chest pain,1,93,117,79,16,97,37.7
30087267,3,laceration,7,58,133,95,14,98,38.2
30087268,3,chest pain,3,87,114,89,15,93,36.9
30087269,3,shortness of breath,3,73,136,101,19,98,38.0
30087270,2,fever,6,129,136,52,23,100,36.6
30087271,3,knee pain,6,63,104,54,12,99,37.5
30087272,5,chest pain,2,87,161,71,22,100,35.8
30087273,4,fever,2,100,135,73,18,99,37.8
30087274,4,headache,1,79,137,71,26,95,38.4
30087275,3,shortness of breath,0,86,99,54,19,98,38.0
30087276,4,fall,2,84,113,89,17,100,36.0
30087277,3,anxiety,3,95,130,66,17,98,35.8
30087278,3,headache,1,87,119,88,18,95,36.0
30087279,3,back pain,5,71,105,94,22,99,37.3
30087280,3,abdominal pain,3,108,136,76,13,97,36.6
30087281,5,abdominal pain,5,87,123,46,17,98,36.6
30087282,3,chest pain,7,93,90,72,14,97,35.9
30087283,3,shortness of breath,5,61,128,80,14,95,37.4
30087284,3,anxiety,1,87,111,71,15,94,35.6
30087285,3,headache,5,104,106,59,9,100,37.8
30087286,1,fever,9,136,78,78,21,97,37.0
30087287,3,chest pain,6,107,122,65,18,100,37.5
30087288,3,shortness of breath,7,98,115,68,15,97,37.1
30087289,3,fever,0,61,114,53,17,96,37.8
30087290,4,headache,0,85,135,75,22,95,35.6
30087291,3,knee pain,5,79,126,66,20,100,36.5
30087292,1,back pain,9,108,101,71,20,88,38.4
30087293,3,fever,6,79,101,88,18,95,37.0
30087294,2,abdominal pain,9,81,122,49,21,100,37.1
30087295,3,fall,5,71,110,51,20,96,36.4
30087296,3,laceration,4,67,133,97,22,100,36.5
30087297,4,fall,6,105,113,66,14,95,37.5
30087298,4,abdominal pain,4,74,146,89,14,95,38.5
30087299,3,back pain,5,94,149,72,18,97,37.1
30087300,5,knee pain,2,81,109,65,22,91,36.7
30087301,3,laceration,6,74,167,75,25,97,37.1
30087302,3,fever,2,97,101,85,22,92,37.6
30087303,4,back pain,0,86,157,62,14,100,37.2
30087304,2,fall,9,82,98,78,17,100,36.3
30087305,5,knee pain,2,80,112,51,16,99,37.6
30087306,3,anxiety,4,79,124,94,14,100,36.0
30087307,4,laceration,7,77,117,87,11,94,36.6
30087308,3,abdominal pain,7,69,121,93,24,97,35.0
30087309,5,anxiety,5,93,106,53,18,100,36.7
30087310,3,fall,0,87,113,72,14,97,37.1
30087311,3,abdominal pain,3,75,88,92,15,100,37.2
30087312,3,laceration,1,89,102,100,16,93,37.9
30087313,3,back pain,1,105,114,80,14,94,36.8
30087314,4,anxiety,5,82,156,104,12,93,39.1
30087315,4,shortness of breath,2,75,120,46,12,90,36.1
30087316,3,anxiety,1,94,105,72,18,100,39.3
30087317,3,headache,6,72,107,91,19,95,37.0
30087318,3,laceration,6,95,113,69,23,97,36.9
30087319,4,fever,6,57,122,67,14,94,36.0
30087320,2,anxiety,9,81,144,77,22,100,37.1
30087321,1,fall,6,83,145,53,20,95,37.1
30087322,3,chest pain,6,68,119,66,16,94,36.3
30087323,3,laceration,2,86,114,55,16,99,38.2
30087324,3,shortness of breath,1,69,117,82,20,94,36.1
30087325,2,shortness of breath,10,94,144,68,19,97,35.4
30087326,3,fever,2,77,134,91,13,97,37.5
30087327,3,anxiety,3,87,123,65,12,99,36.8
30087328,3,fall,3,87,128,74,16,97,36.3
30087329,3,back pain,3,94,125,102,19,94,36.4
30087330,3,abdominal pain,7,86,94,79,25,98,35.5
30087331,3,chest pain,4,76,148,82,18,100,37.2
30087332,2,knee pain,9,89,121,45,23,95,37.1
30087333,4,anxiety,7,118,137,76,19,97,36.3
30087334,3,headache,6,89,132,77,12,100,37.8
30087335,4,knee pain,6,71,154,88,19,92,36.8
30087336,4,laceration,4,69,110,100,10,91,36.6
30087337,3,laceration,6,58,106,88,21,97,38.0
30087338,3,headache,5,84,100,85,19,92,36.7
30087339,3,back pain,4,71,118,83,19,95,36.5
30087340,4,anxiety,3,108,64,68,17,94,35.7
30087341,2,back pain,8,117,100,75,23,98,36.1
30087342,5,shortness of breath,7,83,140,77,25,90,37.8
30087343,2,headache,8,50,124,55,21,95,37.8
30087344,3,chest pain,2,85,136,76,17,96,36.5
30087345,3,headache,6,73,107,63,27,97,36.1
30087346,4,abdominal pain,5,96,115,90,15,100,37.6
30087347,4,headache,1,75,129,105,14,98,37.8
30087348,3,shortness of breath,0,90,155,88,11,100,36.7
30087349,3,abdominal pain,1,93,118,63,14,95,37.3
30087350,4,knee pain,0,72,122,70,20,100,37.0
30087351,2,fall,6,64,120,74,13,97,37.2
30087352,3,fall,7,99,119,93,18,92,37.3
30087353,3,abdominal pain,0,75,111,70,20,100,37.5
30087354,3,abdominal pain,6,89,130,56,18,98,37.9
30087355,3,shortness of breath,7,102,135,96,18,93,37.4
30087356,4,abdominal pain,7,74,135,99,23,100,38.0
30087357,4,fall,0,99,141,62,14,100,37.7
30087358,4,chest pain,4,89,118,66,19,95,36.8
30087359,3,knee pain,6,120,129,66,29,96,35.6
30087360,3,anxiety,1,86,157,90,17,96,37.0
30087361,3,back pain,2,107,132,105,24,99,37.1
30087362,5,laceration,7,109,132,70,22,94,37.1
30087363,2,anxiety,6,88,145,86,25,100,37.0
30087364,4,headache,5,100,123,93,16,97,36.0
30087365,4,anxiety,4,107,127,84,16,92,36.6
30087366,2,headache,6,67,108,46,18,100,35.6
30087367,4,fever,4,74,116,39,18,98,37.7
30087368,3,laceration,0,94,105,99,18,95,36.4
30087369,5,laceration,3,64,84,117,16,100,38.1
30087370,4,abdominal pain,0,77,151,68,12,95,38.4
30087371,4,shortness of breath,6,75,117,52,16,95,37.0
30087372,3,headache,7,83,111,93,20,95,35.6
30087373,4,anxiety,0,74,90,110,13,100,38.1
30087374,3,chest pain,5,90,138,79,11,100,37.8
30087375,3,knee pain,3,83,118,65,10,94,36.9
30087376,1,shortness of breath,6,85,123,74,16,99,37.3
30087377,2,anxiety,9,69,96,102,23,97,37.3
30087378,3,anxiety,3,77,102,54,26,95,38.3
30087379,3,fall,0,105,131,83,30,100,38.0
30087380,4,laceration,7,84,109,86,27,100,37.4
30087381,2,fall,9,113,125,103,16,99,38.7
30087382,2,chest pain,9,88,158,66,18,97,38.3
30087383,5,laceration,3,92,122,65,15,96,38.0
30087384,1,chest pain,8,99,74,76,23,99,36.7
30087385,4,back pain,7,91,141,78,13,97,36.7
30087386,3,abdominal pain,2,96,145,64,21,98,37.0
30087387,2,chest pain,6,70,114,47,20,95,37.4
30087388,3,shortness of breath,0,89,122,80,23,95,37.3
30087389,3,fall,0,98,133,98,25,98,37.8
30087390,3,knee pain,5,90,116,82,24,94,36.8
30087391,3,fall,4,91,123,88,15,93,37.8
30087392,3,abdominal pain,0,94,121,70,21,100,36.5
30087393,3,shortness of breath,1,94,106,50,19,93,36.3
30087394,4,fall,3,94,99,58,22,100,37.3
30087395,2,back pain,8,102,113,82,25,97,35.6
30087396,3,laceration,1,84,109,82,22,93,36.7
30087397,3,chest pain,7,91,100,81,17,93,36.9
30087398,3,anxiety,5,99,120,88,15,92,35.3
30087399,1,back pain,7,103,155,83,12,95,37.5
30087400,3,chest pain,1,41,127,91,18,98,36.0
30087401,3,anxiety,7,94,101,90,20,95,36.2
30087402,5,knee pain,2,86,171,101,20,90,36.4
30087403,2,shortness of breath,10,91,131,52,20,100,37.8
30087404,3,knee pain,6,116,130,83,14,91,36.5
30087405,3,knee pain,0,64,129,86,17,100,36.9
30087406,3,back pain,2,92,106,106,14,100,36.9
30087407,3,knee pain,3,94,149,80,12,100,37.3
30087408,3,laceration,4,78,142,88,20,98,35.4
30087409,3,headache,5,105,155,70,23,98,35.9
30087410,4,fever,7,71,120,77,13,92,38.2
30087411,3,chest pain,2,94,139,66,21,97,36.7
30087412,2,laceration,9,74,136,71,26,94,37.9
30087413,3,shortness of breath,4,98,127,86,20,94,36.8
30087414,4,laceration,2,91,150,108,27,100,38.1
30087415,2,fever,10,98,112,112,14,98,37.3
30087416,2,fever,7,63,133,84,20,100,37.0
30087417,4,fever,5,94,143,85,21,99,36.6
30087418,4,knee pain,0,93,154,53,17,97,37.4
30087419,3,laceration,5,89,125,76,18,99,36.6
30087420,3,back pain,7,105,114,93,19,91,36.5
30087421,4,chest pain,0,75,120,106,22,98,36.2
30087422,3,knee pain,0,73,106,83,15,100,37.2
30087423,3,fall,3,87,139,83,17,96,36.8
30087424,3,headache,6,78,121,61,15,99,37.4
30087425,2,back pain,6,120,102,78,19,97,37.5
30087426,3,headache,7,95,113,91,23,95,36.8
30087427,3,headache,6,80,145,86,12,96,37.1
30087428,3,back pain,1,79,96,47,26,92,36.8
30087429,5,fall,2,74,126,75,20,98,37.1
30087430,3,abdominal pain,1,87,118,78,13,94,36.3
30087431,3,fever,2,78,140,67,17,98,38.1
30087432,3,chest pain,1,93,130,71,11,95,36.7
30087433,3,fever,3,84,130,95,21,100,37.4
30087434,3,chest pain,2,76,90,99,23,95,38.1
30087435,5,laceration,0,64,174,70,17,95,38.1
30087436,5,knee pain,6,74,152,63,18,99,36.5
30087437,2,back pain,10,79,118,68,15,100,37.1
30087438,3,knee pain,4,99,140,57,13,94,36.2
30087439,4,laceration,1,76,156,89,25,95,36.6
30087440,2,back pain,9,66,112,78,15,95,36.1
30087441,3,chest pain,2,98,111,96,14,96,38.5
30087442,3,fever,3,80,119,111,18,97,36.6
30087443,5,shortness of breath,0,105,98,65,17,96,37.4
30087444,1,laceration,10,80,143,94,18,95,37.2
30087445,3,headache,5,105,97,57,18,99,38.0
30087446,2,back pain,6,55,158,82,16,100,37.0
30087447,2,anxiety,8,69,100,108,21,98,37.4
30087448,2,back pain,8,82,96,95,22,97,38.2
30087449,2,knee pain,10,96,115,73,25,95,36.4
30087450,3,laceration,6,87,112,79,12,92,35.8
30087451,3,knee pain,3,84,106,56,20,95,35.9
30087452,2,fever,8,97,155,77,16,100,37.9
30087453,2,knee pain,9,86,157,88,17,95,36.5
30087454,2,laceration,10,88,103,108,22,94,37.1
30087455,3,knee pain,1,75,199,92,14,96,37.1
30087456,4,knee pain,0,105,99,79,18,96,37.2
30087457,4,abdominal pain,6,86,136,75,10,95,37.9
30087458,3,knee pain,1,126,116,49,18,99,38.1
30087459,2,knee pain,9,89,134,90,18,96,36.8
30087460,4,fall,5,79,125,78,17,95,37.4
30087461,2,laceration,7,65,145,60,13,100,36.0
30087462,4,shortness of breath,3,96,144,84,22,95,35.7
30087463,2,fall,10,102,141,74,15,90,36.4
30087464,4,knee pain,5,85,127,82,21,100,37.6
30087465,1,chest pain,9,82,138,80,23,90,36.1
30087466,1,back pain,7,72,141,109,23,94,36.9
30087467,4,headache,5,55,95,60,17,97,35.9
30087468,1,laceration,8,96,128,91,19,92,37.9
30087469,3,back pain,5,80,112,78,18,99,38.3
30087470,3,back pain,4,92,133,56,22,98,38.7
30087471,3,fall,7,103,134,56,21,95,37.4
30087472,4,headache,7,104,109,79,14,96,36.7
30087473,4,anxiety,5,64,105,95,21,100,35.7
30087474,3,anxiety,2,81,122,73,12,99,36.0
30087475,3,back pain,4,75,140,73,18,95,36.5
30087476,2,anxiety,7,109,142,84,13,100,36.9
30087477,3,anxiety,2,96,127,83,12,99,38.4
30087478,2,back pain,9,87,130,91,18,98,35.2
30087479,2,laceration,9,100,127,62,23,98,36.1
30087480,3,shortness of breath,6,70,168,50,18,95,38.6
30087481,3,laceration,4,77,153,84,22,98,36.4
30087482,2,anxiety,7,111,89,68,20,98,36.5
30087483,3,back pain,7,93,135,94,14,92,36.9
30087484,4,fever,4,105,128,79,17,100,35.1
30087485,4,abdominal pain,1,70,92,96,16,98,35.9
30087486,3,shortness of breath,1,103,149,60,16,91,37.0
30087487,4,fall,1,97,144,81,19,97,37.2
30087488,4,anxiety,6,86,114,75,18,98,37.8
30087489,4,anxiety,6,86,121,111,11,95,38.3
30087490,3,fever,5,86,145,75,13,95,37.1
30087491,3,abdominal pain,2,74,139,53,26,91,35.0
30087492,5,anxiety,3,75,127,91,26,90,37.2
30087493,4,knee pain,0,65,106,117,16,97,35.8
30087494,2,chest pain,10,87,90,92,15,94,36.6
30087495,3,chest pain,0,107,126,98,20,97,35.8
30087496,3,laceration,4,69,138,94,18,92,36.6
30087497,2,abdominal pain,9,72,79,92,17,99,37.3
30087498,3,back pain,4,94,138,96,20,97,38.3
30087499,3,laceration,5,73,116,66,17,99,37.4
30087500,2,abdominal pain,10,101,146,73,15,96,37.3
30087501,3,headache,5,100,123,77,19,94,37.4
30087502,3,abdominal pain,1,78,140,67,26,94,37.8
30087503,4,back pain,3,84,91,67,13,93,37.6
30087504,3,chest pain,6,87,144,79,21,97,37.1
30087505,2,headache,10,79,116,82,19,97,37.4
30087506,4,headache,5,91,151,79,16,99,36.3
30087507,4,back pain,4,92,82,88,16,97,37.2
30087508,3,fever,0,113,98,55,16,99,37.1
30087509,4,abdominal pain,6,74,121,70,16,95,36.3
30087510,2,back pain,7,115,88,111,15,94,37.4
30087511,4,fever,4,66,166,103,25,98,36.7
30087512,3,fever,5,81,135,81,24,97,37.2
30087513,3,laceration,1,83,123,88,17,100,37.4
30087514,3,abdominal pain,5,66,145,69,8,99,36.2
30087515,2,headache,8,75,111,79,13,97,36.2
30087516,2,shortness of breath,8,104,112,54,14,94,37.9
30087517,2,chest pain,10,65,152,63,13,96,36.7
30087518,4,fall,3,80,119,70,20,95,36.2
30087519,3,fall,3,94,110,39,19,92,36.3
30087520,3,chest pain,0,74,118,73,20,100,37.7
30087521,4,headache,1,86,116,91,14,99,37.4
30087522,3,knee pain,0,76,142,83,10,97,37.2
30087523,4,knee pain,3,97,131,69,14,100,37.6
30087524,3,headache,4,97,123,79,14,96,36.4
30087525,5,back pain,3,85,131,83,19,99,36.9
30087526,2,fever,8,64,133,54,20,100,37.7
30087527,3,laceration,0,93,109,76,18,91,38.1
30087528,5,anxiety,4,95,130,68,17,100,37.1
30087529,4,fever,6,98,134,72,15,100,37.8
30087530,4,shortness of breath,0,72,115,74,18,94,36.8
30087531,3,fall,5,88,129,92,20,99,36.4
30087532,3,laceration,3,75,134,50,21,92,36.4
30087533,4,shortness of breath,5,99,105,97,14,99,36.7
30087534,5,shortness of breath,2,89,143,74,19,98,36.9
30087535,3,laceration,0,62,117,60,22,93,36.9
30087536,3,back pain,6,83,120,85,13,96,36.1
30087537,3,fever,7,91,148,108,17,97,35.6
30087538,3,headache,7,90,85,72,18,100,37.7
30087539,3,shortness of breath,4,80,125,100,16,100,38.9
30087540,1,headache,8,77,102,71,18,97,38.5
30087541,4,shortness of breath,3,85,138,96,16,100,36.2
30087542,2,anxiety,6,91,92,94,10,97,36.5
30087543,1,headache,10,44,152,83,20,94,38.1
30087544,4,abdominal pain,2,102,105,83,19,94,35.0
30087545,3,chest pain,0,83,86,62,16,98,37.7
30087546,3,shortness of breath,2,77,115,64,15,98,35.9
30087547,3,laceration,5,57,78,78,22,92,37.5
30087548,1,laceration,8,75,101,108,12,99,37.6
30087549,5,fall,4,77,130,88,13,95,36.5
30087550,4,fall,6,107,101,83,18,91,37.1
30087551,3,fall,4,91,138,59,14,92,37.3
30087552,4,chest pain,1,66,153,89,13,100,37.8
30087553,5,laceration,5,91,132,74,16,95,35.3
30087554,4,knee pain,2,76,75,91,18,97,38.0
30087555,2,fever,10,103,101,110,24,98,38.1
30087556,3,chest pain,1,69,128,80,11,98,36.9
30087557,3,headache,4,56,134,73,15,95,36.1
30087558,3,knee pain,0,66,102,74,21,95,35.9
30087559,3,chest pain,5,87,114,54,16,97,36.7
30087560,3,anxiety,2,66,148,99,19,99,37.9
30087561,3,knee pain,3,88,158,59,17,98,36.2
30087562,2,knee pain,10,103,154,93,17,97,36.6
30087563,3,headache,1,84,121,98,23,99,37.4
30087564,3,headache,7,74,146,88,18,100,37.6
30087565,3,laceration,1,78,128,80,11,100,38.2
30087566,4,abdominal pain,4,102,104,82,15,99,37.1
30087567,3,back pain,1,44,77,84,18,98,38.6
30087568,3,fever,0,123,136,97,17,93,37.3
30087569,3,abdominal pain,0,77,178,69,15,100,35.9
30087570,4,chest pain,0,79,131,74,21,95,36.9
30087571,3,fever,3,99,153,54,19,97,34.9
30087572,2,fall,6,88,89,103,18,99,35.0
30087573,1,knee pain,10,101,100,96,16,100,37.8
30087574,3,chest pain,1,87,143,75,17,100,37.0
30087575,3,abdominal pain,6,106,130,59,20,95,36.9
30087576,2,headache,9,87,118,66,17,98,37.6
30087577,2,shortness of breath,10,113,170,75,23,96,36.7
30087578,4,headache,0,113,110,45,12,96,36.3
30087579,3,fall,6,79,149,47,19,93,37.5
30087580,3,abdominal pain,6,62,136,97,22,100,35.9
30087581,3,anxiety,6,80,138,88,19,100,37.4
30087582,3,headache,0,91,153,52,14,100,36.5
30087583,4,laceration,6,60,120,73,18,93,36.1
30087584,3,shortness of breath,7,94,128,99,9,92,37.5
30087585,1,fall,9,82,119,96,16,96,37.7
30087586,2,laceration,10,81,103,97,16,99,37.9
30087587,4,chest pain,2,96,99,64,21,97,37.6
30087588,3,anxiety,3,78,108,71,15,97,37.2
30087589,3,headache,3,110,144,85,17,97,36.3
30087590,4,laceration,7,99,113,65,16,97,35.7
30087591,4,abdominal pain,4,110,98,76,23,91,36.7
30087592,4,headache,1,80,134,126,18,92,36.4
30087593,4,shortness of breath,0,67,95,94,16,100,37.1
30087594,3,laceration,1,82,103,96,21,100,36.4
30087595,3,laceration,2,99,155,85,20,97,36.8
30087596,2,abdominal pain,7,80,128,91,15,100,37.1
30087597,3,laceration,4,85,109,105,22,96,38.0
30087598,3,fever,1,47,128,57,21,96,36.5
30087599,3,fever,6,68,161,79,19,94,39.4
30087600,3,back pain,3,87,131,69,22,95,37.7
30087601,2,fall,6,89,133,80,17,98,36.3
30087602,4,shortness of breath,7,101,122,66,16,92,37.3
30087603,3,fall,6,87,156,66,16,96,36.5
30087604,4,back pain,7,81,117,69,20,97,36.5
30087605,3,anxiety,4,73,125,91,12,99,36.9
30087606,3,back pain,0,86,134,83,13,92,38.5
30087607,2,laceration,9,106,79,84,26,100,36.3
30087608,4,anxiety,0,82,126,91,13,95,37.5
30087609,1,laceration,8,82,132,62,16,100,37.7
30087610,3,chest pain,3,86,174,69,17,98,36.2
30087611,3,chest pain,4,112,103,90,16,96,36.5
30087612,4,anxiety,5,82,150,70,13,99,37.7
30087613,4,abdominal pain,2,93,103,68,14,91,36.7
30087614,3,back pain,6,84,109,54,13,100,36.3
30087615,3,anxiety,5,95,129,62,16,90,37.2
30087616,3,fever,2,120,145,73,13,96,37.0
30087617,4,fever,2,59,113,71,23,100,37.5
30087618,3,shortness of breath,3,102,135,56,13,98,38.0
30087619,2,shortness of breath,7,97,114,83,19,97,35.0
30087620,3,anxiety,4,99,109,83,22,94,38.3
30087621,2,knee pain,10,79,138,82,17,99,37.6
30087622,3,laceration,5,68,151,71,12,100,36.7
30087623,4,headache,2,90,102,78,20,94,36.8
30087624,4,fever,2,95,173,86,23,95,37.2
30087625,3,headache,4,92,129,73,12,96,38.5
30087626,2,knee pain,10,83,160,78,21,95,36.2
30087627,4,laceration,6,73,109,83,17,98,37.0
30087628,3,chest pain,4,95,148,76,19,93,36.9
30087629,3,back pain,1,76,126,75,16,92,37.3
30087630,2,fall,6,92,87,73,22,96,36.8
30087631,3,anxiety,3,96,158,75,22,96,38.1
30087632,2,fall,7,70,140,96,18,90,37.7
30087633,4,abdominal pain,0,101,137,86,19,100,36.8
30087634,4,anxiety,3,81,134,66,15,93,37.1
30087635,3,fever,7,84,121,100,18,91,35.0
30087636,3,shortness of breath,6,82,139,86,17,97,36.4
30087637,1,back pain,6,77,107,71,15,95,37.8
30087638,3,headache,1,58,118,66,11,91,36.9
30087639,3,fall,4,76,140,72,18,95,37.5
30087640,3,shortness of breath,5,85,135,67,23,98,37.5
30087641,3,laceration,1,95,154,57,20,99,37.0
30087642,3,laceration,1,75,132,111,17,97,38.4
30087643,4,fall,0,75,156,101,18,97,35.9
30087644,4,fall,2,84,160,91,23,97,37.4
30087645,4,fever,4,89,145,105,20,96,37.1
30087646,4,shortness of breath,6,87,140,88,17,97,37.6
30087647,1,anxiety,9,100,158,51,20,96,36.3
30087648,3,abdominal pain,2,101,132,84,16,98,37.4
30087649,3,fall,1,77,113,56,13,97,35.9
30087650,2,laceration,7,67,111,59,10,90,35.8
30087651,4,anxiety,3,64,114,97,20,95,36.5
30087652,3,anxiety,1,80,116,96,12,100,37.1
30087653,3,fever,4,110,100,87,19,94,36.8
30087654,3,abdominal pain,6,84,144,86,20,94,37.8
30087655,1,fall,10,74,117,81,11,94,38.2
30087656,1,abdominal pain,7,93,130,66,14,94,37.8
30087657,3,chest pain,2,73,139,103,15,97,37.5
30087658,3,fever,3,100,137,97,13,100,36.1
30087659,2,knee pain,8,53,152,97,14,100,36.2
30087660,5,fever,1,82,127,98,19,95,36.1
30087661,3,anxiety,2,79,155,55,22,100,36.2
30087662,2,fall,6,80,161,105,15,100,37.2
30087663,5,back pain,2,94,111,62,18,97,37.4
30087664,1,abdominal pain,7,107,100,61,20,100,37.3
30087665,3,shortness of breath,1,108,114,90,19,96,36.0
30087666,3,fall,7,86,112,72,15,94,36.1
30087667,4,back pain,1,76,154,89,22,99,36.8
30087668,3,laceration,1,91,97,69,15,98,37.2
30087669,3,knee pain,7,94,128,88,18,99,38.2
30087670,3,fever,7,72,142,84,15,97,37.1
30087671,2,headache,8,93,135,64,22,94,36.9
30087672,2,anxiety,7,82,81,61,18,97,38.2
30087673,3,abdominal pain,3,86,130,102,15,97,36.6
30087674,3,fever,2,91,118,91,20,93,37.5
30087675,1,knee pain,7,75,108,96,21,100,37.6
30087676,3,fall,3,90,144,97,24,92,36.4
30087677,3,fall,6,79,111,96,28,94,37.0
30087678,4,fever,7,75,117,95,24,98,36.6
30087679,3,abdominal pain,0,110,53,81,21,95,35.7
30087680,3,shortness of breath,6,72,108,80,18,93,37.2
30087681,4,abdominal pain,7,86,163,95,24,98,37.3
30087682,3,anxiety,0,74,104,81,21,96,37.1
30087683,3,abdominal pain,5,88,136,89,15,100,36.9
30087684,3,knee pain,7,93,140,98,17,94,36.7
30087685,1,headache,6,82,122,58,23,100,37.0
30087686,2,headache,8,70,129,70,16,92,35.8
30087687,2,back pain,9,101,130,84,19,100,37.1
30087688,5,laceration,4,103,129,80,19,96,35.8
30087689,3,fall,7,114,124,91,20,99,36.4
30087690,3,knee pain,3,117,184,104,19,98,37.9
30087691,3,anxiety,7,96,65,84,14,100,36.4
30087692,3,shortness of breath,0,67,133,99,25,95,37.0
30087693,5,shortness of breath,5,76,143,59,20,100,37.2
30087694,3,back pain,3,107,141,94,18,99,37.9
30087695,3,laceration,4,73,143,79,8,92,37.2
30087696,3,anxiety,0,77,152,50,19,98,37.8
30087697,3,abdominal pain,7,72,117,62,20,99,38.2
30087698,4,fall,4,96,114,101,21,96,36.0
30087699,3,fall,0,80,161,85,14,92,37.6
30087700,2,fall,7,95,139,90,18,97,36.9
30087701,4,shortness of breath,4,85,133,96,15,97,36.4
30087702,3,headache,1,99,134,99,15,93,36.9
30087703,5,shortness of breath,3,98,142,90,19,100,35.9
30087704,3,laceration,4,67,155,57,18,100,36.2
30087705,2,fever,9,93,134,69,20,94,37.3
30087706,3,headache,3,96,162,53,16,96,36.0
30087707,3,headache,6,110,136,69,14,97,37.3
30087708,3,shortness of breath,4,85,101,62,21,99,35.7
30087709,3,back pain,5,116,116,71,16,97,36.8
30087710,3,back pain,3,78,117,47,15,99,37.8
30087711,4,fall,3,82,134,103,21,95,37.9
30087712,3,laceration,1,90,128,55,16,97,36.3
30087713,3,back pain,5,75,91,77,18,100,38.1
30087714,3,shortness of breath,4,93,114,60,26,95,37.1
30087715,3,chest pain,3,62,124,96,22,100,37.1
30087716,2,anxiety,9,95,130,80,12,100,37.7
30087717,4,anxiety,2,104,144,100,18,100,37.5
30087718,3,back pain,2,75,119,113,16,96,37.1
30087719,4,fall,1,91,132,83,15,100,36.5
30087720,3,anxiety,4,87,151,112,25,100,36.1
30087721,3,fever,7,98,122,79,13,99,36.6
30087722,3,anxiety,0,121,161,60,17,93,37.9
30087723,3,fever,3,82,155,74,19,98,37.0
30087724,3,headache,6,55,116,89,20,96,38.0
30087725,2,abdominal pain,10,92,131,86,18,95,36.4
30087726,5,shortness of breath,6,122,122,61,16,98,38.5
30087727,3,chest pain,4,84,139,97,19,100,36.4
30087728,5,anxiety,6,83,150,48,22,99,38.0
30087729,3,abdominal pain,2,57,119,88,17,98,36.9
30087730,4,back pain,0,81,128,88,20,100,36.4
30087731,2,fever,7,91,120,65,18,96,37.4
30087732,2,anxiety,9,80,138,70,19,100,35.7
30087733,3,knee pain,5,101,113,50,16,100,37.7
30087734,2,headache,8,94,103,86,18,100,36.2
30087735,3,fall,6,88,116,76,17,95,36.0
30087736,3,back pain,3,112,110,87,19,96,35.8
30087737,3,laceration,1,81,74,97,20,96,37.5
30087738,2,shortness of breath,9,88,56,79,16,99,38.0
30087739,3,shortness of breath,3,102,99,82,20,100,37.5
30087740,3,knee pain,3,88,144,80,18,100,36.9
30087741,2,knee pain,7,83,124,110,10,90,36.4
30087742,2,anxiety,6,89,141,80,24,100,37.1
30087743,2,shortness of breath,10,75,135,95,19,93,37.1
30087744,1,knee pain,8,75,135,105,23,93,36.5
30087745,3,abdominal pain,2,79,137,96,21,99,38.4
30087746,4,headache,7,77,115,87,26,97,36.5
30087747,3,anxiety,6,125,140,80,22,100,35.8
30087748,2,fall,6,100,111,83,17,97,38.0
30087749,3,shortness of breath,0,82,123,88,11,100,37.1
30087750,3,laceration,1,115,127,101,22,97,37.8
30087751,5,shortness of breath,0,81,116,77,12,100,36.2
30087752,3,fall,4,51,147,79,16,94,37.8
30087753,2,fall,10,106,110,49,23,98,36.5
30087754,1,shortness of breath,7,54,105,79,16,100,36.2
30087755,3,fever,2,66,128,65,22,97,38.4
30087756,3,fall,5,84,120,67,10,97,35.9
30087757,3,abdominal pain,4,64,110,75,16,96,36.4
30087758,2,knee pain,9,72,127,65,13,93,37.2
30087759,2,shortness of breath,7,67,116,66,18,96,36.2
30087760,2,back pain,9,112,110,79,26,96,35.7
30087761,3,knee pain,7,105,114,77,19,92,36.6
30087762,3,headache,0,92,121,88,25,94,36.1
30087763,4,laceration,4,82,121,76,17,97,35.3
30087764,2,headache,6,69,126,64,14,98,36.5
30087765,3,fever,5,87,117,68,18,96,37.1
30087766,3,knee pain,2,91,118,84,20,95,37.6
30087767,3,chest pain,0,75,130,70,22,100,35.9
30087768,3,laceration,4,100,138,94,25,98,37.6
30087769,3,anxiety,2,99,107,92,9,89,37.6
30087770,4,back pain,4,79,112,72,21,98,36.3
30087771,3,shortness of breath,0,87,120,78,16,98,37.8
30087772,1,knee pain,9,90,98,92,15,99,36.7
30087773,1,laceration,6,96,129,116,12,97,36.7
30087774,3,abdominal pain,1,83,151,100,17,94,37.6
30087775,3,anxiety,1,76,118,84,7,97,37.1
30087776,4,fever,7,97,109,79,16,92,35.8
30087777,3,fall,6,81,151,64,14,96,37.2
30087778,3,back pain,4,96,139,96,18,100,37.8
30087779,3,chest pain,4,103,131,85,24,92,37.2
30087780,2,chest pain,7,62,121,76,15,100,38.1
30087781,4,chest pain,4,81,148,86,15,97,35.7
30087782,4,shortness of breath,1,71,120,57,15,97,36.9
30087783,3,laceration,7,95,127,88,17,90,36.1
30087784,4,abdominal pain,7,74,131,59,15,95,37.4
30087785,4,laceration,7,79,132,81,16,96,37.2
30087786,3,fever,5,72,111,66,13,100,37.4
30087787,3,chest pain,0,100,85,70,17,96,36.2
30087788,3,back pain,3,95,123,99,14,91,36.1
30087789,2,abdominal pain,6,68,126,69,8,97,37.0
30087790,3,knee pain,0,63,115,89,12,95,37.1
30087791,3,fever,4,87,151,81,15,98,38.2
30087792,1,abdominal pain,7,90,118,83,15,95,38.0
30087793,4,chest pain,2,81,118,60,12,95,36.3
30087794,2,fever,6,117,129,89,20,96,36.5
30087795,5,shortness of breath,5,70,144,66,10,100,37.0
30087796,3,chest pain,1,104,118,62,20,92,36.2
30087797,3,chest pain,3,90,107,74,23,95,35.8
30087798,3,abdominal pain,1,98,104,95,24,95,35.9
30087799,2,knee pain,9,86,136,90,18,97,37.8
30087800,3,knee pain,5,56,126,105,13,100,36.4
30087801,3,headache,5,57,147,74,22,97,36.8
30087802,3,chest pain,3,71,95,69,17,95,36.2
30087803,2,back pain,6,70,106,101,23,97,38.0
30087804,4,abdominal pain,0,60,105,82,13,98,37.2
30087805,4,fall,6,73,126,75,18,92,36.0
30087806,5,fall,7,83,143,63,21,99,36.9
30087807,3,fever,6,73,106,61,14,98,36.4
30087808,3,headache,7,73,138,78,16,97,37.9
30087809,3,back pain,2,108,149,92,15,98,36.7
30087810,4,back pain,6,114,92,87,25,95,37.6
30087811,1,headache,10,79,136,74,20,96,37.0
30087812,5,headache,0,69,139,55,18,93,36.8
30087813,2,laceration,8,75,131,97,17,96,37.1
30087814,2,abdominal pain,9,78,142,69,23,100,38.3
30087815,2,headache,6,66,117,78,23,97,35.3
30087816,4,anxiety,1,66,164,78,23,93,36.6
30087817,4,laceration,7,78,108,82,21,98,36.0
30087818,3,fall,2,55,102,74,18,95,35.9
30087819,2,fever,7,73,114,87,21,100,35.5
30087820,4,fall,5,88,119,68,23,99,37.0
30087821,2,chest pain,8,71,99,72,10,95,35.5
30087822,3,fever,4,76,110,72,15,99,36.5
30087823,3,abdominal pain,2,75,103,69,17,91,36.8
30087824,3,back pain,2,88,176,84,21,95,36.8
30087825,3,laceration,5,61,122,93,19,99,36.0
30087826,4,back pain,1,89,83,74,16,98,35.9
30087827,3,anxiety,2,79,125,57,21,88,37.6
30087828,1,fall,7,94,89,65,18,100,36.7
30087829,4,back pain,7,123,111,98,15,92,36.8
30087830,2,laceration,6,60,118,74,14,93,37.8
30087831,3,chest pain,4,81,104,72,19,100,35.8
30087832,4,back pain,2,85,109,70,13,100,36.6
30087833,2,headache,8,107,122,92,14,90,38.5
30087834,3,laceration,3,38,142,74,14,93,37.5
30087835,2,abdominal pain,7,86,125,100,19,100,37.1
30087836,3,laceration,6,81,114,77,19,99,35.8
30087837,4,anxiety,0,67,129,81,9,90,36.5
30087838,3,abdominal pain,3,91,134,94,12,93,37.0
30087839,3,fever,7,77,137,55,21,98,36.3
30087840,3,fever,0,70,128,71,18,92,36.5
30087841,2,knee pain,6,99,134,87,20,93,36.8
30087842,3,abdominal pain,1,76,123,97,24,94,37.7
30087843,4,chest pain,1,80,118,77,16,100,37.4
30087844,4,shortness of breath,4,74,122,80,13,97,37.3
30087845,4,anxiety,2,72,117,85,19,92,37.8
30087846,3,laceration,6,76,117,72,15,95,36.9
30087847,3,laceration,1,75,98,76,20,94,37.7
30087848,4,knee pain,2,99,129,88,20,98,37.1
30087849,4,fall,3,136,123,70,17,97,35.8
30087850,3,abdominal pain,5,80,162,74,24,89,36.6
30087851,2,abdominal pain,6,97,121,76,15,95,36.5
30087852,5,back pain,5,113,146,81,15,100,37.1
30087853,4,shortness of breath,3,65,100,78,19,99,36.2
30087854,3,fever,7,74,107,81,17,99,34.8
30087855,2,headache,10,63,150,78,22,92,37.8
30087856,3,chest pain,3,92,94,89,11,92,38.7
30087857,3,fall,1,105,126,95,23,94,36.0
30087858,3,back pain,5,82,128,92,17,98,37.7
30087859,4,abdominal pain,3,36,103,95,15,100,36.4
30087860,5,shortness of breath,1,75,111,56,17,100,37.7
30087861,2,anxiety,8,78,126,87,10,99,36.9
30087862,4,back pain,5,85,135,85,8,96,36.6
30087863,3,chest pain,6,83,128,71,21,96,37.6
30087864,3,back pain,7,96,123,74,16,100,36.0
30087865,4,chest pain,5,90,154,78,23,95,35.8
30087866,3,laceration,4,100,130,81,18,97,36.2
30087867,4,knee pain,7,75,108,80,19,90,37.1
30087868,3,fever,4,75,114,84,20,96,36.1
30087869,3,shortness of breath,4,89,109,67,14,96,36.6
30087870,4,fall,1,96,141,101,16,99,37.2
30087871,4,anxiety,7,85,109,97,18,90,38.3
30087872,3,laceration,6,88,113,67,25,97,37.6
30087873,3,laceration,0,101,104,77,10,100,37.3
30087874,4,headache,1,84,143,68,17,99,36.9
30087875,5,laceration,4,100,109,81,21,98,37.9
30087876,2,knee pain,10,93,133,46,18,96,37.1
30087877,3,laceration,3,85,120,84,19,99,36.5
30087878,3,anxiety,7,83,160,85,25,99,37.1
30087879,3,knee pain,7,103,136,58,20,100,36.3
30087880,3,back pain,5,72,101,67,17,87,36.3
30087881,3,fever,6,77,138,60,15,97,35.5
30087882,4,headache,1,63,112,103,19,96,37.4
30087883,2,laceration,9,89,162,64,15,96,38.1
30087884,3,chest pain,3,86,116,102,19,100,35.8
30087885,4,laceration,7,77,136,93,18,94,38.5
30087886,3,chest pain,6,69,122,72,19,94,37.1
30087887,3,knee pain,4,79,149,69,18,99,37.6
30087888,3,anxiety,3,88,85,96,24,94,35.9
30087889,3,headache,3,97,131,87,20,97,37.9
30087890,4,shortness of breath,1,52,105,80,16,100,37.2
30087891,3,fall,7,92,134,97,23,93,35.9
30087892,4,chest pain,3,80,115,73,5,100,35.7
30087893,3,headache,2,71,139,97,21,98,37.3
30087894,3,shortness of breath,5,79,116,78,18,97,36.7
30087895,3,headache,3,87,141,109,19,100,37.2
30087896,3,fever,7,82,133,88,13,99,37.6
30087897,4,fever,0,84,112,71,18,98,36.6
30087898,4,anxiety,5,83,97,79,25,97,38.6
30087899,1,laceration,9,90,191,72,13,95,37.4
30087900,1,chest pain,8,84,124,102,18,93,38.4
30087901,4,knee pain,7,99,151,87,15,91,36.9
30087902,4,anxiety,6,104,117,91,11,100,37.4
30087903,5,headache,6,74,135,91,22,98,38.4
30087904,3,fall,6,90,135,84,13,99,37.0
30087905,3,fever,4,96,168,83,15,91,37.1
30087906,4,fever,7,93,141,61,18,97,37.1
30087907,5,headache,7,76,162,80,17,97,38.6
30087908,2,fever,7,107,164,84,19,96,37.9
30087909,2,knee pain,10,66,126,55,13,98,36.3
30087910,3,shortness of breath,5,51,113,86,12,97,36.8
30087911,4,back pain,3,101,110,77,18,98,37.6
30087912,4,shortness of breath,0,69,117,59,13,100,37.0
30087913,3,fever,5,90,124,81,19,99,36.0
30087914,3,knee pain,2,81,105,62,21,96,36.6
30087915,3,laceration,4,88,129,82,23,100,38.1
30087916,2,shortness of breath,7,66,113,72,11,94,38.3
30087917,3,abdominal pain,2,98,102,78,21,98,35.7
30087918,5,fall,1,105,142,68,12,94,37.6
30087919,3,knee pain,2,88,138,59,20,98,36.3
30087920,2,headache,8,81,131,95,18,100,36.7
30087921,3,back pain,2,88,116,76,15,100,36.9
30087922,4,anxiety,7,91,113,85,19,100,36.2
30087923,3,headache,5,63,107,83,22,94,36.3
30087924,3,anxiety,6,110,108,85,25,100,36.9
30087925,5,back pain,2,76,124,83,20,96,37.5
30087926,3,abdominal pain,6,80,118,112,26,95,36.6
30087927,2,anxiety,9,91,139,110,17,97,37.5
30087928,3,laceration,7,82,102,105,8,97,36.9
30087929,4,headache,1,85,76,92,16,98,36.7
30087930,3,laceration,2,58,107,82,24,95,36.6
30087931,3,headache,7,97,140,81,20,100,37.1
30087932,4,headache,6,73,139,76,20,99,37.5
30087933,2,anxiety,10,63,153,102,29,97,36.4
30087934,1,back pain,8,63,106,87,21,97,37.7
30087935,3,shortness of breath,6,103,65,50,15,96,36.8
30087936,5,back pain,0,73,107,67,11,99,37.4
30087937,2,anxiety,9,109,145,44,13,99,38.0
30087938,4,knee pain,0,85,120,64,23,96,38.2
30087939,3,abdominal pain,5,89,154,90,16,92,37.9
30087940,5,knee pain,3,100,123,92,25,98,37.5
30087941,4,headache,7,74,139,85,26,99,38.1
30087942,3,laceration,0,50,128,65,17,96,36.1
30087943,3,anxiety,6,110,131,77,15,94,36.7
30087944,2,headache,9,89,128,67,24,94,36.3
30087945,3,chest pain,1,92,146,84,20,93,37.6
30087946,3,fall,6,81,129,60,21,98,37.0
30087947,3,fall,7,81,100,84,20,97,36.8
30087948,3,fall,7,83,108,94,24,99,36.5
30087949,2,headache,6,92,100,67,22,96,37.2
30087950,4,shortness of breath,0,73,135,73,17,100,35.8
30087951,1,headache,9,60,132,85,23,93,36.7
30087952,3,back pain,5,79,124,97,20,97,37.5
30087953,4,shortness of breath,6,86,131,79,18,96,37.4
30087954,4,anxiety,7,90,128,70,22,100,37.3
30087955,3,laceration,0,66,109,87,21,97,36.4
30087956,3,chest pain,2,96,134,56,27,97,38.2
30087957,4,abdominal pain,4,76,124,56,13,97,38.3
30087958,3,knee pain,3,89,120,99,23,98,38.9
30087959,3,back pain,2,98,146,66,16,95,38.7
30087960,3,back pain,4,59,120,85,25,100,38.5
30087961,3,anxiety,5,82,104,81,21,99,37.5
30087962,4,shortness of breath,0,86,121,80,9,100,36.6
30087963,3,laceration,7,108,99,125,17,90,35.3
30087964,4,back pain,6,79,129,69,18,97,36.9
30087965,5,fever,2,76,176,79,29,98,37.8
30087966,2,knee pain,7,95,138,105,13,100,37.5
30087967,3,fall,5,89,108,79,22,100,36.9
30087968,3,shortness of breath,4,95,113,56,19,94,36.2
30087969,4,chest pain,1,64,120,103,16,96,37.9
30087970,4,anxiety,6,94,112,79,23,94,36.8
30087971,3,chest pain,2,104,128,55,21,95,36.7
30087972,5,abdominal pain,0,86,111,74,17,94,37.7
30087973,4,abdominal pain,0,69,93,66,20,100,36.9
30087974,3,fall,7,58,137,96,21,95,36.2
30087975,5,headache,1,77,97,99,21,95,37.9
30087976,2,abdominal pain,8,102,142,87,19,100,36.8
30087977,3,headache,7,95,114,90,22,93,36.6
30087978,3,shortness of breath,2,92,129,85,20,97,37.1
30087979,4,chest pain,5,87,161,77,13,98,38.0
30087980,3,laceration,5,77,129,73,16,100,37.3
30087981,3,back pain,1,94,116,101,21,97,38.8
30087982,2,back pain,8,79,102,84,13,95,38.7
30087983,4,back pain,0,107,116,100,11,97,36.1
30087984,3,back pain,3,91,148,76,23,100,37.3
30087985,3,anxiety,6,70,103,68,16,91,36.4
30087986,3,fall,4,75,143,50,18,96,37.2
30087987,4,abdominal pain,6,78,117,79,15,99,35.5
30087988,3,laceration,3,67,119,79,15,94,36.8
30087989,2,fever,6,88,128,70,21,95,36.9
30087990,5,shortness of breath,4,83,153,65,24,97,36.8
30087991,2,chest pain,10,69,135,83,20,99,36.5
30087992,4,fall,0,89,142,99,20,100,36.9
30087993,3,chest pain,3,68,127,77,17,100,37.2
30087994,3,laceration,2,99,186,71,20,100,37.7
30087995,2,abdominal pain,9,56,176,60,22,98,36.9
30087996,3,abdominal pain,7,80,105,67,26,96,36.3
30087997,3,fever,4,99,109,70,17,99,37.0
30087998,2,fall,6,80,124,70,22,98,35.9
30087999,3,abdominal pain,0,65,92,82,16,91,37.6
30088000,3,abdominal pain,1,51,117,72,25,93,37.1
30088001,3,fall,6,80,105,74,19,100,37.0
30088002,4,abdominal pain,7,105,155,70,19,99,37.3
30088003,3,fever,7,65,105,73,21,98,36.3
30088004,4,shortness of breath,2,70,111,87,20,94,35.3
30088005,5,anxiety,2,106,132,89,14,99,37.7
30088006,3,back pain,6,95,139,59,25,100,35.8
30088007,3,anxiety,4,54,144,86,20,96,36.5
30088008,5,anxiety,3,92,92,95,16,96,36.8
30088009,3,laceration,1,116,152,97,16,98,37.8
30088010,5,anxiety,7,92,96,89,17,96,38.8
30088011,5,fever,7,71,111,55,18,97,37.3
30088012,3,knee pain,2,107,106,76,14,99,37.2
30088013,3,headache,5,80,126,74,16,93,35.8
30088014,4,chest pain,1,78,108,97,16,96,37.4
30088015,2,laceration,7,51,156,53,21,99,36.9
30088016,3,chest pain,0,112,143,87,12,93,37.9
30088017,3,chest pain,7,93,125,70,18,100,36.7
30088018,3,chest pain,4,109,125,71,19,100,36.7
30088019,3,abdominal pain,7,75,142,53,14,98,36.9
30088020,3,chest pain,0,86,131,68,24,95,37.6
30088021,3,chest pain,0,83,117,68,20,95,37.2
30088022,3,laceration,5,80,132,96,21,99,37.3
30088023,3,fever,5,78,114,83,22,100,36.8
30088024,3,fall,4,98,107,97,14,96,36.8
30088025,3,knee pain,1,67,119,91,23,97,37.1
30088026,3,fever,7,66,154,66,23,96,36.2
30088027,3,chest pain,5,85,140,64,16,100,36.8
30088028,3,anxiety,0,86,146,83,18,98,36.6
30088029,3,fall,2,98,69,104,19,94,36.4
30088030,4,headache,0,83,157,46,13,100,37.2
30088031,3,back pain,6,103,139,82,21,94,37.3
30088032,4,fever,6,73,90,103,14,99,37.0
30088033,3,knee pain,4,63,150,84,21,92,37.0
30088034,3,headache,6,55,139,87,18,94,36.2
30088035,2,chest pain,7,78,164,56,13,96,36.8
30088036,3,shortness of breath,1,106,154,67,15,100,38.3
30088037,3,fall,5,76,136,88,16,95,38.2
30088038,2,laceration,9,94,103,56,15,95,38.2
30088039,2,shortness of breath,7,81,104,76,20,98,36.5
30088040,3,knee pain,4,60,125,50,22,97,36.8
30088041,4,fever,3,87,102,70,21,99,36.9
30088042,3,chest pain,7,80,91,80,20,95,37.7
30088043,3,shortness of breath,3,68,126,74,18,94,35.9
30088044,4,laceration,2,86,101,51,11,96,37.0
30088045,3,fever,5,89,143,90,16,100,37.1
30088046,3,laceration,7,97,119,78,14,98,37.3
30088047,3,knee pain,6,97,113,105,14,95,37.4
30088048,3,knee pain,3,86,126,59,23,97,37.4
30088049,3,fever,6,82,107,57,22,97,37.5
30088050,3,fall,6,120,133,92,26,97,36.8
30088051,2,anxiety,9,85,93,89,18,100,35.9
30088052,2,knee pain,9,97,158,92,22,97,37.1
30088053,4,abdominal pain,0,68,124,75,21,96,36.8
30088054,3,anxiety,0,80,155,112,20,98,39.3
30088055,1,anxiety,7,77,158,84,18,94,36.6
30088056,2,fever,8,69,130,81,20,97,36.6
30088057,4,headache,4,80,151,46,18,98,37.5
30088058,3,shortness of breath,7,91,115,40,15,98,37.3
30088059,4,abdominal pain,0,78,180,90,16,100,36.4
30088060,4,anxiety,3,76,140,74,12,95,36.6
30088061,4,fall,4,97,150,65,20,100,37.6
30088062,4,fever,7,88,136,83,20,98,36.1
30088063,3,fever,0,67,100,70,15,95,37.6
30088064,2,back pain,10,84,131,62,13,95,35.7
30088065,4,fall,7,97,132,55,12,100,37.2
30088066,3,back pain,6,99,131,74,15,93,36.6
30088067,4,knee pain,0,90,130,80,21,96,36.2
30088068,3,back pain,6,64,164,71,14,100,37.9
30088069,2,headache,7,81,159,105,21,97,36.5
30088070,3,chest pain,0,91,101,91,21,100,37.0
30088071,3,fever,6,104,111,100,21,95,38.0
30088072,3,abdominal pain,0,84,126,57,18,94,36.7
30088073,3,laceration,1,59,92,69,17,94,37.3
30088074,2,anxiety,8,77,108,83,22,95,36.9
30088075,3,fever,3,66,97,93,16,94,37.5
30088076,2,chest pain,10,98,87,93,23,100,37.8
30088077,4,abdominal pain,3,82,123,51,15,98,36.8
30088078,1,anxiety,9,80,120,63,22,96,37.8
30088079,3,back pain,5,109,97,77,18,93,38.1
30088080,3,chest pain,4,89,139,96,20,98,37.1
30088081,1,shortness of breath,9,80,143,82,13,98,39.4
30088082,3,fall,6,89,162,86,18,97,34.8
30088083,2,fall,10,67,130,58,17,93,37.1
30088084,2,shortness of breath,10,92,112,59,16,95,35.8
30088085,4,shortness of breath,4,91,130,108,21,100,36.6
30088086,3,headache,2,110,117,75,13,99,35.3
30088087,3,knee pain,4,99,158,72,22,98,37.8
30088088,3,fever,7,90,115,69,25,95,37.3
30088089,2,fall,9,91,132,98,16,93,36.3
30088090,1,back pain,9,87,130,82,18,100,37.1
30088091,4,abdominal pain,2,95,75,77,23,96,37.4
30088092,2,chest pain,10,64,143,81,15,98,36.1
30088093,4,back pain,6,69,122,76,21,94,37.7
30088094,3,knee pain,2,80,145,80,20,98,37.6
30088095,1,shortness of breath,6,87,134,85,13,94,36.3
30088096,4,knee pain,7,80,134,75,12,94,38.3
30088097,3,back pain,4,79,120,86,17,93,37.2
30088098,3,anxiety,5,86,106,87,16,92,36.6
30088099,3,laceration,0,60,103,75,21,96,37.0
30088100,3,shortness of breath,5,112,112,83,26,100,36.9
30088101,3,fall,2,86,123,93,20,94,36.5
30088102,2,laceration,10,96,124,79,19,96,37.4
30088103,4,chest pain,4,81,100,74,22,92,37.1
30088104,5,laceration,3,72,138,68,23,98,37.5
30088105,2,knee pain,6,68,135,75,20,95,37.1
30088106,2,anxiety,7,87,102,71,19,94,37.7
30088107,2,laceration,9,84,147,68,26,94,36.9
30088108,3,shortness of breath,2,75,130,77,12,95,38.2
30088109,2,shortness of breath,7,82,91,69,19,97,36.8
30088110,3,back pain,0,74,82,93,22,99,35.9
30088111,2,abdominal pain,8,98,134,76,19,100,38.2
30088112,3,fall,1,89,105,65,18,100,37.0
30088113,2,headache,7,81,159,80,20,97,37.4
30088114,2,fall,7,112,130,119,15,95,35.8
30088115,3,headache,3,67,102,63,15,100,36.2
30088116,1,chest pain,7,78,136,66,24,97,35.8
30088117,2,back pain,9,92,90,84,16,95,37.0
30088118,3,knee pain,6,106,136,84,20,93,38.0
30088119,4,back pain,2,85,147,47,16,98,36.4
30088120,4,abdominal pain,0,66,135,63,17,95,37.9
30088121,3,chest pain,0,102,129,65,18,100,37.7
30088122,3,anxiety,5,110,117,81,13,93,37.1
30088123,1,chest pain,9,114,113,78,16,99,37.2
30088124,1,knee pain,6,77,130,105,22,98,37.8
30088125,4,knee pain,6,96,115,71,16,96,36.5
30088126,3,laceration,3,71,138,60,15,90,38.5
30088127,2,shortness of breath,8,110,93,36,12,98,36.0
30088128,3,back pain,0,96,120,69,16,97,37.0
30088129,3,chest pain,5,102,105,77,24,95,38.0
30088130,3,abdominal pain,6,96,124,77,16,99,36.4
30088131,1,knee pain,9,93,114,72,22,99,36.8
30088132,4,fever,7,69,128,87,18,96,36.7
30088133,4,abdominal pain,6,90,112,86,14,97,37.2
30088134,3,fall,0,65,119,98,14,100,36.6
30088135,3,headache,0,63,137,89,17,96,37.0
30088136,5,headache,6,83,116,77,19,100,37.0
30088137,3,back pain,0,104,118,96,18,99,37.6
30088138,5,laceration,2,89,148,105,19,92,35.4
30088139,3,fall,1,77,110,82,16,98,37.1
30088140,3,chest pain,1,107,104,106,19,98,38.2
30088141,3,back pain,2,77,105,87,19,96,36.7
30088142,3,laceration,4,81,127,65,16,95,36.5
30088143,2,back pain,7,90,117,86,13,94,38.2
30088144,4,shortness of breath,5,79,164,66,21,96,35.6
30088145,2,headache,10,103,152,99,14,90,35.5
30088146,3,laceration,4,97,142,99,20,97,37.5
30088147,5,anxiety,7,112,138,86,23,100,35.8
30088148,3,abdominal pain,7,100,124,85,18,96,38.1
30088149,4,chest pain,3,103,102,69,25,95,35.5
30088150,3,fall,0,55,135,100,14,97,38.5
30088151,4,laceration,6,69,130,67,23,100,35.1
30088152,1,fever,6,83,98,83,28,97,38.0
30088153,3,abdominal pain,6,79,97,76,18,96,36.6
30088154,3,fall,5,62,142,79,21,97,37.9
30088155,3,headache,7,83,147,95,28,96,37.1
30088156,3,chest pain,6,74,125,54,19,96,37.8
30088157,3,chest pain,0,105,95,93,13,95,38.4
30088158,2,anxiety,8,96,127,79,18,97,35.9
30088159,4,abdominal pain,5,96,105,81,21,97,36.3
30088160,3,laceration,1,56,130,105,10,97,36.7
30088161,4,back pain,0,95,133,69,11,100,36.5
30088162,3,fall,5,76,147,99,23,95,36.5
30088163,3,anxiety,1,86,134,63,18,95,37.2
30088164,4,shortness of breath,5,100,105,78,18,99,37.4
30088165,3,fall,2,61,133,56,15,100,36.5
30088166,3,anxiety,0,87,134,73,19,97,36.8
30088167,3,abdominal pain,2,98,131,88,17,100,37.5
30088168,4,fall,4,81,130,93,16,98,37.1
30088169,2,fever,10,74,148,78,23,94,38.7
30088170,3,fever,3,112,107,75,24,100,37.1
30088171,3,fall,3,101,104,65,18,100,36.7
30088172,3,shortness of breath,3,76,97,73,22,100,36.6
30088173,2,abdominal pain,6,94,125,76,16,96,36.2
30088174,3,abdominal pain,1,78,151,46,13,100,37.5
30088175,3,anxiety,6,85,127,100,15,95,37.2
30088176,3,fever,2,104,65,74,16,97,36.2
30088177,3,chest pain,0,94,110,67,18,99,36.9
30088178,3,chest pain,1,91,145,72,12,100,37.5
30088179,3,knee pain,2,92,108,75,24,100,38.6
30088180,4,abdominal pain,0,93,128,94,15,98,38.4
30088181,3,fall,6,98,140,98,20,95,36.0
30088182,3,abdominal pain,1,89,137,102,18,94,36.1
30088183,3,anxiety,5,67,122,77,24,92,36.3
30088184,4,shortness of breath,4,73,118,92,16,98,37.6
30088185,3,shortness of breath,6,110,136,66,16,100,36.7
30088186,2,headache,10,108,135,86,13,100,36.3
30088187,4,back pain,6,105,135,79,16,96,36.7
30088188,2,shortness of breath,8,87,142,93,16,99,37.5
30088189,3,fall,3,87,137,52,17,94,36.5
30088190,3,laceration,7,77,109,93,23,92,38.1
30088191,4,fall,5,79,111,58,20,93,37.3
30088192,4,chest pain,5,64,130,97,13,97,36.6
30088193,2,chest pain,7,65,122,77,19,95,35.9
30088194,3,back pain,0,115,138,83,17,97,36.8
30088195,5,fever,6,64,139,76,9,94,36.8
30088196,2,chest pain,9,87,95,82,16,95,36.8
30088197,4,chest pain,7,77,130,93,20,94,38.2
30088198,2,laceration,10,100,128,87,17,93,36.2
30088199,3,headache,2,70,119,74,17,96,37.1
30088200,4,back pain,5,84,137,85,18,100,35.9
30088201,4,knee pain,4,77,105,83,13,97,37.4
30088202,2,chest pain,8,65,121,78,24,100,36.6
30088203,4,fever,0,90,135,82,17,100,36.7
30088204,4,fever,5,72,128,70,18,96,35.8
30088205,4,knee pain,5,79,104,81,14,97,37.1
30088206,3,chest pain,2,103,146,108,13,95,36.3
30088207,5,back pain,7,92,100,71,23,96,35.8
30088208,2,laceration,9,77,146,73,19,100,36.3
30088209,1,fever,7,76,146,105,23,96,37.3
30088210,3,anxiety,0,84,126,86,22,96,38.3
30088211,4,abdominal pain,3,75,116,71,14,100,35.9
30088212,4,laceration,4,90,114,96,19,95,36.4
30088213,4,shortness of breath,3,82,141,77,18,100,36.9
30088214,4,laceration,7,63,114,65,20,97,36.5
30088215,3,anxiety,5,79,112,86,22,95,37.5
30088216,4,abdominal pain,2,111,144,67,21,97,37.4
30088217,3,laceration,5,89,111,38,11,96,38.9
30088218,3,chest pain,5,83,139,77,24,97,38.0
30088219,2,chest pain,9,88,117,90,18,99,38.1
30088220,3,headache,1,92,123,98,23,97,37.7
30088221,5,shortness of breath,5,106,77,89,20,95,38.1
30088222,3,anxiety,7,79,124,75,15,96,36.1
30088223,3,knee pain,5,71,130,64,22,97,37.1
30088224,4,fall,4,96,130,111,15,100,36.0
30088225,3,fall,7,98,141,114,29,100,38.1
30088226,3,chest pain,4,86,119,76,11,96,37.7
30088227,2,anxiety,8,65,118,76,20,95,37.0
30088228,3,anxiety,1,91,127,64,14,92,37.4
30088229,2,headache,9,81,126,47,22,98,37.3
30088230,3,anxiety,1,100,121,96,16,100,36.9
30088231,3,fever,5,87,149,84,20,97,37.2
30088232,3,headache,2,88,129,56,20,100,36.5
30088233,2,anxiety,7,90,148,69,21,93,36.4
30088234,4,knee pain,6,83,134,65,15,100,36.5
30088235,2,headache,7,102,116,97,15,95,34.8
30088236,3,laceration,5,61,96,77,14,94,36.2
30088237,1,abdominal pain,6,83,109,72,20,97,38.0
30088238,3,fall,5,99,107,76,19,92,36.2
30088239,4,abdominal pain,4,89,117,57,17,98,36.9
30088240,3,back pain,5,81,123,70,22,97,38.3
30088241,3,abdominal pain,1,60,101,92,27,93,36.2
30088242,3,abdominal pain,3,97,105,66,11,97,36.0
30088243,2,back pain,7,87,89,88,16,96,37.7
30088244,3,abdominal pain,0,103,123,76,13,99,36.5
30088245,2,back pain,8,58,110,92,14,95,36.6
30088246,3,knee pain,4,95,134,76,17,99,38.4
30088247,1,knee pain,9,113,157,99,19,97,38.6
30088248,2,fever,7,90,95,77,19,94,36.6
30088249,3,headache,4,83,112,87,13,96,37.6
30088250,1,back pain,6,85,109,72,13,93,36.7
30088251,3,headache,5,91,128,93,17,100,37.2
30088252,3,abdominal pain,7,89,123,85,22,98,35.7
30088253,2,headache,6,85,136,111,19,97,37.2
30088254,3,back pain,5,92,111,55,14,100,37.0
30088255,3,shortness of breath,6,78,123,83,18,100,37.7
30088256,4,headache,7,85,113,91,21,100,36.8
30088257,4,back pain,5,62,135,87,20,100,38.9
30088258,3,headache,3,76,82,83,19,95,37.6
30088259,3,anxiety,4,64,138,91,21,92,36.9
30088260,3,anxiety,7,92,126,102,22,99,37.1
30088261,2,chest pain,7,94,111,73,12,99,36.4
30088262,3,anxiety,7,95,115,72,20,98,37.0
30088263,3,laceration,0,83,111,104,15,96,36.8
30088264,3,abdominal pain,6,102,98,94,11,96,37.0
30088265,3,headache,0,90,87,103,14,99,37.2
30088266,3,fever,5,85,131,90,17,96,36.5
30088267,3,fever,0,81,145,72,21,99,35.4
30088268,3,knee pain,7,85,128,94,17,95,36.9
30088269,3,fever,7,72,114,108,21,95,37.1
30088270,4,shortness of breath,6,82,138,58,20,94,38.1
30088271,3,chest pain,3,82,141,89,19,94,37.8
30088272,3,anxiety,2,121,143,96,11,100,36.5
30088273,3,headache,2,65,84,71,24,98,36.8
30088274,2,abdominal pain,7,57,117,79,23,91,36.5
30088275,2,anxiety,9,86,108,85,14,100,36.0
30088276,3,headache,0,67,159,78,10,95,36.8
30088277,3,chest pain,4,70,153,94,23,93,37.5
30088278,3,fall,4,79,125,76,22,100,38.0
30088279,3,chest pain,5,98,94,74,20,99,37.9
30088280,5,chest pain,1,109,132,108,19,99,35.7
30088281,1,chest pain,6,91,139,84,22,95,38.4
30088282,2,laceration,8,62,105,98,15,96,35.9
30088283,2,fever,9,66,133,60,13,95,38.2
30088284,3,knee pain,4,81,129,78,17,98,36.9
30088285,2,fall,6,102,145,48,21,97,37.4
30088286,4,shortness of breath,4,119,126,91,14,92,37.3
30088287,3,anxiety,7,92,156,95,17,100,37.0
30088288,3,abdominal pain,7,85,114,85,23,97,36.3
30088289,3,fever,1,88,104,87,15,94,38.3
30088290,4,headache,3,93,121,78,21,96,36.2
30088291,4,fever,0,114,85,75,20,94,37.0
30088292,3,back pain,3,98,138,68,21,97,37.9
30088293,3,knee pain,7,101,106,88,18,94,37.1
30088294,4,headache,4,118,135,73,18,97,36.1
30088295,3,shortness of breath,4,102,130,61,14,100,37.8
30088296,2,fever,9,105,124,83,20,100,36.9
30088297,3,back pain,6,89,138,80,13,95,36.1
30088298,3,chest pain,4,100,121,80,13,93,36.3
30088299,4,fall,0,84,129,74,16,96,37.3
30088300,2,abdominal pain,6,72,142,69,15,94,36.5
30088301,3,chest pain,7,87,135,94,16,99,37.8
30088302,3,back pain,6,77,106,103,25,99,38.5
30088303,3,laceration,6,102,132,98,17,97,37.5
30088304,2,chest pain,6,63,152,71,18,97,36.1
30088305,3,fall,2,89,109,66,18,93,37.6
30088306,3,fall,6,83,144,84,18,100,37.6
30088307,3,fever,1,98,130,74,14,98,36.1
30088308,3,shortness of breath,1,92,136,85,22,90,36.9
30088309,1,chest pain,10,77,124,89,24,91,36.6
30088310,2,chest pain,8,74,108,65,11,93,37.3
30088311,3,headache,6,58,124,72,18,94,38.0
30088312,3,chest pain,6,92,128,79,17,91,37.9
30088313,3,headache,1,106,124,76,20,100,35.2
30088314,4,chest pain,0,78,120,81,19,97,36.1
30088315,3,headache,2,72,99,88,17,98,38.5
30088316,3,shortness of breath,6,55,126,76,19,95,37.7
30088317,4,chest pain,0,89,125,76,17,100,36.5
30088318,2,abdominal pain,9,55,135,74,18,97,37.9
30088319,3,abdominal pain,1,86,103,89,20,99,36.5
30088320,1,shortness of breath,10,91,124,74,21,99,36.7
30088321,3,back pain,4,80,103,77,21,99,36.7
30088322,4,fall,3,80,140,103,19,98,37.3
30088323,3,shortness of breath,7,87,109,72,22,91,37.7
30088324,3,fall,3,81,145,71,15,100,36.6
30088325,3,laceration,0,98,119,90,19,98,37.2
30088326,3,headache,5,81,123,88,19,95,37.2
30088327,4,chest pain,6,83,112,91,16,96,37.2
30088328,3,abdominal pain,0,72,90,76,15,95,37.0
30088329,3,knee pain,0,77,92,62,15,100,37.7
30088330,3,abdominal pain,0,71,124,52,16,97,35.7
30088331,5,anxiety,4,83,159,94,21,97,36.7
30088332,3,headache,7,88,121,102,17,96,37.5
30088333,4,fever,0,81,102,81,20,95,38.0
30088334,3,anxiety,7,77,128,82,14,96,38.1
30088335,3,chest pain,7,83,152,80,18,96,36.8
30088336,2,headache,10,76,110,78,20,91,37.0
30088337,3,fall,0,88,136,93,14,95,37.1
30088338,3,back pain,5,60,122,51,25,94,35.2
30088339,3,laceration,6,102,114,76,16,95,37.7
30088340,3,fever,6,100,129,122,10,95,35.6
30088341,4,shortness of breath,0,105,108,59,26,100,36.9
30088342,3,back pain,0,88,97,105,19,96,37.0
30088343,2,fever,10,90,95,76,16,100,36.1
30088344,3,back pain,1,74,115,46,24,98,37.6
30088345,2,abdominal pain,8,66,131,93,22,96,37.2
30088346,4,chest pain,5,72,116,78,17,94,36.2
30088347,4,knee pain,7,89,147,94,16,96,36.9
30088348,3,anxiety,3,85,115,69,19,100,36.4
30088349,4,chest pain,4,66,95,46,15,95,37.8
30088350,3,headache,0,81,140,83,19,95,36.6
30088351,2,shortness of breath,10,85,116,81,12,98,35.3
30088352,2,shortness of breath,6,100,115,87,18,100,38.0
30088353,2,knee pain,9,111,106,70,19,94,37.4
30088354,2,laceration,7,71,123,66,16,97,37.8
30088355,4,anxiety,4,100,138,67,15,100,35.9
30088356,4,knee pain,0,102,138,64,13,95,37.2
30088357,2,knee pain,6,90,119,63,23,94,38.5
30088358,4,knee pain,2,83,129,72,13,97,37.7
30088359,3,laceration,5,86,119,114,21,99,36.1
30088360,3,shortness of breath,0,111,159,90,17,94,37.4
30088361,4,abdominal pain,5,103,124,74,25,97,38.3
30088362,5,abdominal pain,7,85,139,103,15,99,36.8
30088363,2,headache,9,98,146,71,22,97,37.6
30088364,2,fall,6,79,118,68,12,89,36.0
30088365,3,fall,3,104,164,85,20,100,37.9
30088366,4,fever,5,65,166,86,12,92,37.5
30088367,3,back pain,6,89,99,62,19,100,35.6
30088368,3,fever,4,88,125,60,18,93,37.8
30088369,4,knee pain,5,80,92,78,22,100,38.0
30088370,5,back pain,5,57,118,75,21,99,37.2
30088371,3,shortness of breath,0,77,130,71,15,89,38.4
30088372,3,anxiety,6,87,197,94,20,94,37.0
30088373,3,shortness of breath,7,57,135,79,21,94,37.6
30088374,3,fall,1,95,141,83,19,99,36.5
30088375,3,fall,5,88,158,68,15,100,37.0
30088376,5,abdominal pain,3,84,126,50,22,97,37.0
30088377,4,fever,2,71,114,93,8,97,38.1
30088378,1,fall,10,97,109,53,16,100,38.1
30088379,3,shortness of breath,0,89,100,81,20,98,37.3
30088380,1,chest pain,6,106,140,69,16,96,36.4
30088381,3,knee pain,1,95,144,69,17,95,35.7
30088382,5,back pain,5,101,108,72,22,97,37.8
30088383,3,abdominal pain,3,83,137,83,22,97,38.2
30088384,3,chest pain,0,93,163,69,21,98,35.9
30088385,2,abdominal pain,10,89,142,95,19,95,38.1
30088386,3,laceration,3,103,154,102,18,100,37.9
30088387,4,chest pain,1,81,73,87,23,99,37.2
30088388,3,shortness of breath,7,95,91,70,20,100,36.8
30088389,2,back pain,10,91,92,102,22,97,36.2
30088390,4,laceration,7,73,146,86,17,100,37.6
30088391,3,anxiety,6,71,123,84,16,93,37.7
30088392,2,shortness of breath,10,87,144,91,22,100,37.1
30088393,2,fall,7,101,83,69,22,95,36.8
30088394,2,back pain,9,104,154,74,26,99,36.2
30088395,4,fall,0,50,54,96,20,98,37.5
30088396,3,headache,4,91,120,67,24,100,36.7
30088397,5,shortness of breath,7,66,131,81,26,94,36.6
30088398,4,fever,2,94,122,58,14,96,36.8
30088399,3,anxiety,3,83,139,103,21,92,37.9
30088400,3,back pain,5,103,113,113,9,95,37.6
30088401,3,shortness of breath,3,93,149,79,13,96,36.4
30088402,3,anxiety,7,97,128,89,13,92,36.2
30088403,3,shortness of breath,4,79,127,99,21,100,38.0
30088404,1,fall,7,76,116,86,13,99,37.6
30088405,2,anxiety,6,93,105,66,15,98,35.2
30088406,5,shortness of breath,7,85,115,77,10,96,37.8
30088407,4,abdominal pain,6,87,103,50,11,100,36.8
30088408,4,back pain,7,89,149,48,19,100,36.8
30088409,2,fall,10,75,133,75,26,96,36.8
30088410,4,chest pain,1,81,131,28,14,95,36.8
30088411,4,chest pain,1,87,151,84,18,94,36.8
30088412,3,anxiety,0,101,99,51,15,96,36.6
30088413,3,anxiety,6,87,126,89,19,99,36.7
30088414,5,fever,3,95,92,95,15,90,38.3
30088415,4,knee pain,1,102,156,119,22,94,37.7
30088416,3,fall,2,73,93,81,14,99,36.4
30088417,4,abdominal pain,3,107,121,80,16,100,37.3
30088418,2,laceration,10,94,106,93,20,97,38.0
30088419,4,fever,2,78,109,83,19,96,37.2
30088420,3,fall,3,78,95,97,16,93,36.9
30088421,4,chest pain,5,88,128,77,17,93,37.5
30088422,3,laceration,1,73,143,83,16,100,37.0
30088423,4,shortness of breath,1,53,156,53,20,97,37.1
30088424,3,shortness of breath,1,112,138,109,20,98,36.3
30088425,3,anxiety,6,105,107,65,18,97,37.1
30088426,4,anxiety,2,101,134,82,24,99,37.2
30088427,3,abdominal pain,6,76,132,89,19,92,38.0
30088428,1,shortness of breath,7,106,81,100,12,99,36.9
30088429,3,headache,1,116,155,78,18,98,37.0
30088430,2,chest pain,7,94,146,87,25,100,35.9
30088431,3,fever,0,101,142,73,16,97,37.5
30088432,3,fever,0,80,115,67,10,100,36.3
30088433,5,abdominal pain,2,69,84,105,22,97,37.3
30088434,3,abdominal pain,3,89,122,101,16,100,36.0
30088435,3,chest pain,7,104,138,72,17,97,37.4
30088436,1,back pain,6,70,118,94,19,94,36.8
30088437,3,shortness of breath,4,83,100,85,16,94,36.6
30088438,3,chest pain,2,80,124,88,14,100,36.6
30088439,3,laceration,2,107,143,85,25,95,37.2
30088440,3,anxiety,7,82,112,109,14,100,35.4
30088441,3,laceration,2,72,132,95,21,96,34.6
30088442,2,abdominal pain,7,89,129,81,23,95,37.8
30088443,4,laceration,4,79,144,65,17,96,37.1
30088444,3,chest pain,6,94,129,84,24,98,36.6
30088445,4,abdominal pain,7,86,143,89,20,96,37.2
30088446,3,fever,4,76,122,68,24,100,37.6
30088447,1,shortness of breath,10,64,136,75,14,99,37.8
30088448,3,fall,1,87,132,62,19,97,37.3
30088449,3,fall,4,77,125,47,21,99,37.5
30088450,4,abdominal pain,7,93,85,99,18,97,39.2
30088451,3,knee pain,4,72,126,97,18,100,38.7
30088452,3,headache,3,99,131,83,19,98,36.9
30088453,2,chest pain,8,75,139,86,19,96,36.5
30088454,3,anxiety,3,95,111,83,21,98,37.5
30088455,3,abdominal pain,2,109,123,84,25,98,36.9
30088456,4,shortness of breath,5,70,125,126,21,96,36.4
30088457,4,headache,6,95,110,73,19,95,37.4
30088458,2,back pain,10,81,134,107,20,93,37.5
30088459,2,knee pain,8,103,157,74,17,93,37.3
30088460,2,anxiety,9,97,107,66,20,93,37.1
30088461,4,laceration,0,99,118,72,16,95,37.7
30088462,3,back pain,6,92,117,78,22,96,37.1
30088463,4,knee pain,6,59,147,72,15,90,37.9
30088464,4,chest pain,1,71,133,73,15,98,36.2
30088465,5,fall,4,80,147,67,21,96,37.7
30088466,2,abdominal pain,10,73,155,83,20,100,36.0
30088467,4,fever,7,97,95,78,20,93,37.0
30088468,2,back pain,9,98,148,80,21,98,37.6
30088469,2,fall,10,62,115,79,16,100,38.2
30088470,3,abdominal pain,0,98,144,86,19,97,38.9
30088471,4,knee pain,5,96,152,106,19,95,37.9
30088472,3,anxiety,5,91,103,81,12,100,38.4
30088473,4,abdominal pain,5,84,136,81,19,98,35.7
30088474,3,fever,5,84,146,63,20,100,38.3
30088475,3,shortness of breath,3,72,100,81,25,93,36.3
30088476,4,fall,2,81,127,109,17,91,37.0
30088477,3,headache,2,86,123,79,12,100,36.6
30088478,4,chest pain,2,61,161,103,18,90,37.6
30088479,2,chest pain,9,68,149,114,23,91,37.0
30088480,2,back pain,8,88,150,79,17,93,35.8
30088481,4,shortness of breath,6,100,111,96,19,100,35.7
30088482,4,anxiety,0,74,68,67,21,99,37.0
30088483,3,laceration,3,79,148,50,21,100,35.7
30088484,1,back pain,10,81,124,53,19,93,37.3
30088485,3,headache,4,58,117,76,21,97,37.4
30088486,3,fever,3,78,111,78,27,94,37.6
30088487,2,fever,10,97,121,76,17,99,36.9
30088488,3,back pain,6,67,136,86,21,100,38.0
30088489,2,headache,9,97,152,63,23,99,37.9
30088490,3,fever,6,86,111,106,19,97,37.2
30088491,3,fever,6,107,97,78,18,98,36.5
30088492,3,headache,3,81,102,92,18,96,35.9
30088493,2,fever,6,95,121,75,17,94,36.9
30088494,4,fall,0,78,123,77,19,100,36.9
30088495,4,laceration,7,74,85,56,22,94,36.3
30088496,3,laceration,6,73,153,88,18,95,36.8
30088497,4,anxiety,4,92,139,73,11,93,37.3
30088498,2,chest pain,6,85,132,107,20,98,37.0
30088499,3,laceration,7,88,129,68,26,97,36.0
30088500,4,anxiety,4,76,112,65,12,94,37.5
30088501,3,anxiety,7,98,104,92,28,98,39.0
30088502,3,fall,3,96,112,59,12,97,36.6
30088503,2,fever,8,96,80,60,15,100,36.4
30088504,3,headache,5,110,127,95,17,95,37.0
30088505,3,anxiety,6,115,163,90,22,92,37.7
30088506,4,chest pain,3,69,141,65,16,96,38.2
30088507,3,abdominal pain,0,93,129,67,20,95,38.2
30088508,2,anxiety,7,65,138,87,19,100,38.5
30088509,3,back pain,3,67,115,75,23,99,37.4
30088510,4,headache,3,47,133,69,19,97,36.4
30088511,4,laceration,3,74,118,75,21,96,38.4
30088512,3,anxiety,2,77,138,90,18,96,35.9
30088513,3,headache,1,59,147,82,12,99,35.7
30088514,3,back pain,4,82,110,79,23,94,37.5
30088515,3,anxiety,3,67,145,98,22,97,37.8
30088516,3,knee pain,4,112,119,62,18,99,37.6
30088517,3,fever,4,101,92,96,21,100,36.8
30088518,2,shortness of breath,8,88,125,102,18,93,37.4
30088519,3,fall,1,93,144,92,21,94,37.1
30088520,4,knee pain,5,107,129,91,23,98,37.1
30088521,3,headache,2,84,119,75,11,100,38.1
30088522,3,shortness of breath,5,97,117,42,15,97,36.4
30088523,2,chest pain,10,85,126,88,20,100,37.5
30088524,4,laceration,0,84,122,66,18,96,37.0
30088525,2,fever,10,85,139,56,15,98,36.2
30088526,5,fall,2,86,98,95,21,90,37.6
30088527,3,laceration,0,88,125,52,21,95,37.2
30088528,2,fever,7,86,114,92,16,100,36.7
30088529,1,fever,8,108,135,73,17,98,37.0
30088530,3,fall,7,89,81,88,24,89,37.5
30088531,4,abdominal pain,5,82,96,86,21,94,37.3
30088532,3,back pain,2,84,131,67,17,99,37.3
30088533,4,back pain,3,83,133,67,15,92,39.0
30088534,5,abdominal pain,5,94,157,95,21,98,36.0
30088535,4,shortness of breath,3,77,122,17,24,100,38.5
30088536,3,back pain,3,90,113,81,14,95,37.9
30088537,3,laceration,0,74,153,91,16,94,36.7
30088538,3,headache,0,62,141,86,20,88,37.1
30088539,3,anxiety,7,78,141,91,26,100,35.5
30088540,2,abdominal pain,10,82,108,75,26,98,38.2
30088541,5,back pain,1,95,119,88,18,95,36.3
30088542,4,fever,4,76,130,61,20,100,37.2
30088543,3,laceration,0,84,113,66,19,95,36.0
30088544,3,fall,1,121,111,61,21,97,36.8
30088545,3,laceration,5,55,120,76,16,99,37.1
30088546,1,chest pain,7,91,95,102,17,96,35.2
30088547,3,fall,7,97,163,77,16,98,37.9
30088548,3,anxiety,5,90,80,83,22,93,37.0
30088549,3,anxiety,4,106,116,90,22,95,37.8
30088550,3,anxiety,6,80,127,79,15,100,37.7
30088551,2,knee pain,7,84,115,92,19,95,36.3
30088552,1,fall,9,70,130,83,15,97,36.2
30088553,2,anxiety,7,59,169,113,15,92,36.1
30088554,3,fall,1,70,153,110,12,93,37.5
30088555,5,laceration,6,111,160,64,19,96,38.0
30088556,4,knee pain,6,86,133,47,15,94,35.6
30088557,2,back pain,10,96,127,99,27,100,38.2
30088558,3,headache,1,74,99,62,23,96,37.4
30088559,2,fall,10,78,84,85,19,96,36.4
30088560,2,laceration,7,83,114,81,21,98,36.9
30088561,5,headache,4,81,108,60,17,91,35.4
30088562,3,anxiety,0,78,111,87,12,99,37.0
30088563,3,back pain,1,89,115,62,23,100,37.5
30088564,3,abdominal pain,5,96,134,83,22,99,36.5
30088565,3,knee pain,1,104,152,61,17,95,37.0
30088566,2,chest pain,7,64,118,81,16,98,37.0
30088567,3,shortness of breath,0,67,93,70,21,97,37.3
30088568,3,chest pain,7,90,152,51,19,100,37.9
30088569,1,laceration,6,100,112,95,20,96,36.7
30088570,4,headache,6,122,120,44,10,93,37.2
30088571,3,shortness of breath,1,103,117,91,21,95,37.2
30088572,3,shortness of breath,2,92,131,68,21,100,36.4
30088573,3,fall,7,87,98,67,15,100,36.2
30088574,3,headache,5,102,134,99,15,96,37.2
30088575,3,knee pain,3,72,120,70,18,96,36.9
30088576,3,abdominal pain,7,93,134,99,19,96,37.1
30088577,3,fever,2,92,107,66,11,94,38.0
30088578,3,chest pain,5,78,152,87,19,98,36.7
30088579,4,chest pain,1,73,139,81,14,92,36.4
30088580,3,headache,0,87,140,64,20,88,38.1
30088581,2,headache,9,101,107,62,16,89,36.9
30088582,3,fever,5,57,100,96,16,97,36.4
30088583,4,fall,6,89,143,56,23,100,36.6
30088584,3,fever,3,64,136,66,20,96,36.5
30088585,3,laceration,2,80,134,105,20,97,37.4
30088586,3,abdominal pain,5,82,128,65,26,93,37.1
30088587,4,chest pain,4,113,126,92,18,96,36.6
30088588,3,headache,5,92,127,64,18,92,37.9
30088589,3,back pain,6,90,104,79,12,93,37.3
30088590,3,fall,4,77,117,76,16,99,37.3
30088591,3,laceration,6,77,102,103,16,97,37.9
30088592,1,chest pain,6,93,115,56,17,95,37.4
30088593,4,back pain,4,108,138,73,14,100,37.2
30088594,3,anxiety,3,64,130,74,21,96,35.7
30088595,1,abdominal pain,8,106,154,67,19,97,36.8
30088596,2,chest pain,9,86,122,58,17,96,37.1
30088597,3,laceration,4,114,140,94,15,97,36.2
30088598,3,anxiety,6,71,110,103,14,99,36.4
30088599,3,fall,5,116,117,70,18,96,37.3
30088600,3,headache,3,85,133,54,21,96,36.4
30088601,3,knee pain,6,97,110,85,19,100,38.5
30088602,3,shortness of breath,4,78,129,85,12,93,37.6
30088603,2,abdominal pain,6,86,119,92,17,95,37.6
30088604,3,knee pain,1,89,136,95,22,96,37.7
30088605,3,knee pain,4,102,155,112,12,99,37.9
30088606,3,laceration,5,75,97,78,22,95,36.6
30088607,3,knee pain,1,105,98,91,23,95,36.1
30088608,3,laceration,1,77,103,115,17,93,36.3
30088609,2,back pain,10,99,122,115,16,99,37.7
30088610,5,abdominal pain,0,94,120,60,19,96,37.4
30088611,2,knee pain,8,61,121,84,20,96,36.6
30088612,3,chest pain,0,72,130,99,17,98,37.2
30088613,3,abdominal pain,1,74,130,106,18,99,36.8
30088614,4,knee pain,3,53,149,78,9,99,37.2
30088615,4,anxiety,6,79,94,118,15,95,36.9
30088616,3,anxiety,1,98,110,40,17,100,36.2
30088617,2,shortness of breath,10,103,138,67,18,96,37.2
30088618,4,anxiety,1,88,119,93,10,99,37.4
30088619,2,back pain,8,75,84,79,14,98,37.4
30088620,3,laceration,2,66,133,61,17,95,38.1
30088621,5,anxiety,7,60,139,76,24,97,36.9
30088622,3,fall,3,102,152,108,20,100,37.7
30088623,4,shortness of breath,3,93,135,59,20,99,36.3
30088624,4,chest pain,3,77,125,76,21,96,37.9
30088625,3,abdominal pain,1,93,117,97,22,99,36.2
30088626,3,laceration,4,91,121,95,16,100,36.7
30088627,3,fever,7,100,120,93,22,97,37.2
30088628,3,laceration,0,85,155,54,18,97,38.0
30088629,3,abdominal pain,1,88,144,92,24,100,37.7
30088630,3,back pain,6,81,111,46,18,96,36.7
30088631,3,anxiety,0,76,105,96,28,96,36.6
30088632,2,knee pain,7,71,137,95,15,97,37.0
30088633,4,headache,1,87,162,93,14,100,37.9
30088634,2,chest pain,7,85,150,77,15,98,37.1
30088635,1,fall,9,79,113,57,19,96,37.5
30088636,3,fever,2,51,156,88,19,100,36.6
30088637,4,abdominal pain,2,76,134,93,20,100,37.2
30088638,3,laceration,3,83,108,85,17,94,37.8
30088639,3,back pain,7,74,102,89,19,98,38.3
30088640,3,chest pain,5,91,110,72,13,96,36.6
30088641,2,chest pain,8,85,98,71,22,94,36.0
30088642,2,fall,10,102,100,97,22,100,37.1
30088643,2,fall,8,77,131,79,17,95,38.8
30088644,1,headache,8,80,130,80,13,98,37.0
30088645,4,shortness of breath,0,86,110,80,26,96,36.9
30088646,3,shortness of breath,3,101,123,98,15,92,37.5
30088647,4,fever,0,97,121,77,19,95,35.3
30088648,2,fall,6,76,128,86,17,95,36.1
30088649,3,fall,0,88,134,71,23,97,35.4
30088650,3,back pain,2,86,127,59,17,97,37.8
30088651,5,abdominal pain,5,53,144,93,19,97,37.3
30088652,3,laceration,0,80,104,61,11,96,36.3
30088653,2,fever,10,99,126,77,19,97,37.4
30088654,4,shortness of breath,3,75,178,106,17,96,38.0
30088655,2,fall,9,79,112,62,16,97,38.0
30088656,1,knee pain,9,100,155,93,15,92,37.0
30088657,4,laceration,3,91,128,89,16,94,37.0
30088658,2,fever,8,93,131,75,23,100,36.8
30088659,4,fall,4,71,106,82,24,95,36.5
30088660,2,shortness of breath,6,65,108,100,18,97,38.4
30088661,3,laceration,1,104,97,54,17,100,36.8
30088662,4,shortness of breath,3,87,146,116,18,98,37.0
30088663,2,fever,8,83,129,65,27,100,37.4
30088664,5,laceration,6,107,126,74,24,97,37.0
30088665,3,chest pain,0,83,100,84,18,96,37.7
30088666,5,shortness of breath,4,90,137,67,17,93,36.5
30088667,4,laceration,3,62,134,76,19,98,35.9
30088668,3,fever,1,77,146,70,19,98,37.9
30088669,3,fever,5,111,113,72,23,94,36.8
30088670,3,chest pain,6,96,125,72,17,99,36.8
30088671,4,back pain,7,87,110,73,22,98,36.0
30088672,4,shortness of breath,3,95,146,63,20,96,35.9
30088673,3,shortness of breath,5,68,140,88,19,96,35.8
30088674,3,back pain,7,71,96,104,20,92,37.6
30088675,4,fall,5,107,131,94,24,99,37.2
30088676,2,chest pain,8,74,135,68,17,95,37.4
30088677,4,fall,1,75,124,101,12,100,38.6
30088678,3,chest pain,3,80,124,73,16,96,37.6
30088679,3,fall,4,59,105,70,9,95,36.4
30088680,3,abdominal pain,1,78,105,94,17,96,37.5
30088681,2,fever,8,85,114,90,19,99,36.3
30088682,4,fever,4,62,122,84,21,98,36.1
30088683,3,shortness of breath,3,101,91,83,14,93,36.5
30088684,2,laceration,6,106,145,82,12,96,36.4
30088685,4,fever,2,93,109,96,17,99,36.6
30088686,3,chest pain,5,88,113,88,19,96,36.3
30088687,3,headache,2,126,154,80,26,95,37.2
30088688,3,knee pain,2,118,128,76,24,95,36.4
30088689,3,chest pain,1,84,127,68,22,94,37.7
30088690,5,anxiety,5,77,138,88,21,94,36.8
30088691,5,laceration,0,74,162,73,20,100,36.3
30088692,2,headache,6,82,154,72,8,98,38.4
30088693,3,anxiety,4,57,113,72,16,100,36.6
30088694,3,fall,3,61,109,78,16,95,37.2
30088695,1,back pain,7,69,122,84,25,97,35.8
30088696,3,back pain,6,57,140,85,23,97,36.3
30088697,2,knee pain,9,83,151,98,20,95,37.2
30088698,3,headache,0,100,105,81,15,100,38.0
30088699,4,abdominal pain,5,97,121,72,17,97,37.4
30088700,3,fever,5,103,128,78,16,98,36.0
30088701,3,abdominal pain,6,77,169,90,25,94,38.3
30088702,2,chest pain,10,76,104,67,21,98,37.9
30088703,3,fall,3,81,124,100,16,95,36.3
30088704,4,headache,2,93,90,86,14,98,35.9
30088705,4,back pain,3,89,146,97,20,96,38.4
30088706,3,fall,7,79,110,105,14,95,37.7
30088707,4,back pain,2,85,106,96,17,97,37.3
30088708,1,laceration,10,85,140,68,24,100,36.2
30088709,2,knee pain,6,62,125,72,18,96,36.3
30088710,1,anxiety,6,74,117,105,21,97,36.5
30088711,3,fever,2,101,142,60,21,98,37.1
30088712,2,knee pain,9,101,101,68,17,97,36.7
30088713,5,abdominal pain,2,81,119,90,23,97,36.9
30088714,3,fall,1,85,142,90,12,95,35.9
30088715,2,abdominal pain,6,62,146,60,17,100,38.3
30088716,1,shortness of breath,8,70,117,97,20,96,38.2
30088717,4,fall,3,94,116,99,19,100,38.1
30088718,3,back pain,5,75,107,73,17,92,38.1
30088719,3,fall,6,100,116,66,17,98,36.8
30088720,3,chest pain,1,88,124,71,11,89,37.6
30088721,3,headache,4,55,127,64,21,98,37.5
30088722,4,fever,5,71,115,68,16,96,36.0
30088723,3,headache,3,64,151,69,18,100,37.1
30088724,4,shortness of breath,7,88,112,70,21,97,36.5
30088725,3,laceration,1,96,121,80,13,90,37.5
30088726,1,back pain,7,104,105,67,18,96,36.2
30088727,4,shortness of breath,6,84,154,105,20,99,37.5
30088728,3,shortness of breath,1,93,134,99,21,100,36.3
30088729,3,abdominal pain,6,107,128,87,20,100,36.6
30088730,2,chest pain,7,98,102,65,21,97,36.3
30088731,3,knee pain,3,86,131,88,12,98,36.4
30088732,3,laceration,5,90,144,79,22,98,37.2
30088733,3,knee pain,4,76,132,84,13,93,36.0
30088734,1,knee pain,8,91,111,77,14,100,37.1
30088735,4,shortness of breath,4,98,123,62,18,94,36.2
30088736,3,chest pain,6,64,107,86,16,96,37.8
30088737,3,abdominal pain,7,70,133,67,14,97,37.2
30088738,3,laceration,7,89,156,80,24,97,36.8
30088739,4,abdominal pain,5,101,91,60,20,93,37.4
30088740,3,fall,3,92,86,55,14,97,37.8
30088741,3,laceration,0,89,152,76,30,100,38.0
30088742,3,laceration,1,79,123,51,15,100,37.1
30088743,3,shortness of breath,2,98,89,70,12,100,37.1
30088744,2,headache,8,87,139,71,15,95,37.2
30088745,4,chest pain,0,104,154,84,21,100,37.6
30088746,4,shortness of breath,4,82,126,65,18,97,37.8
30088747,3,headache,5,56,138,108,19,99,39.1
30088748,4,fall,1,101,132,93,20,98,37.1
30088749,2,shortness of breath,8,78,131,89,18,100,37.7
30088750,4,back pain,1,84,135,85,19,94,38.1
30088751,3,back pain,6,67,115,94,18,96,36.6
30088752,3,fever,4,101,110,88,22,97,36.9
30088753,3,abdominal pain,3,77,108,73,12,98,37.1
30088754,3,shortness of breath,3,56,147,79,17,93,37.4
30088755,2,anxiety,8,73,109,77,22,99,37.7
30088756,2,back pain,7,92,133,57,22,100,37.1
30088757,3,abdominal pain,0,97,116,93,14,99,37.8
30088758,3,anxiety,3,97,113,90,15,91,35.7
30088759,5,abdominal pain,3,82,135,90,21,97,37.4
30088760,3,shortness of breath,0,94,142,90,24,94,38.1
30088761,4,fall,6,89,126,79,27,99,37.5
30088762,4,chest pain,7,90,136,93,19,99,37.4
30088763,4,headache,7,85,124,93,18,97,36.7
30088764,3,anxiety,3,98,147,100,18,100,35.0
30088765,3,abdominal pain,7,81,149,52,15,99,37.7
30088766,3,fall,3,101,114,77,27,99,37.4
30088767,3,headache,3,82,106,69,18,100,36.7
30088768,3,back pain,0,74,141,74,19,95,36.7
30088769,3,shortness of breath,3,104,147,101,14,97,37.7
30088770,4,chest pain,0,80,160,99,15,97,36.6
30088771,3,back pain,1,93,107,60,16,94,37.2
30088772,3,headache,0,89,137,73,19,100,37.7
30088773,2,knee pain,10,105,138,57,19,99,37.6
30088774,2,abdominal pain,7,89,106,89,23,92,37.0
30088775,3,abdominal pain,3,74,149,96,17,98,36.8
30088776,2,headache,9,89,128,89,8,98,36.6
30088777,3,headache,1,101,129,102,13,98,36.2
30088778,3,abdominal pain,0,82,150,89,13,100,37.2
30088779,3,chest pain,5,90,90,81,14,93,36.5
30088780,3,back pain,1,50,113,81,18,98,37.4
30088781,3,fall,1,80,135,86,16,92,37.6
30088782,4,anxiety,3,69,121,55,19,95,37.6
30088783,3,laceration,7,57,155,66,23,100,37.1
30088784,3,fever,2,93,166,69,19,100,37.0
30088785,3,knee pain,1,88,129,71,9,97,37.0
30088786,2,fever,7,117,97,100,15,97,36.7
30088787,3,headache,2,70,161,76,23,97,37.8
30088788,2,headache,7,61,147,82,16,95,35.7
30088789,3,anxiety,1,91,100,68,21,97,36.3
30088790,3,headache,7,85,141,94,19,98,37.1
30088791,1,back pain,10,68,109,78,17,95,36.9
30088792,3,fall,4,73,133,106,14,99,37.4
30088793,4,chest pain,5,84,109,67,23,94,35.5
30088794,4,back pain,6,80,121,79,16,97,36.5
30088795,2,fall,6,76,121,56,22,100,36.0
30088796,3,anxiety,4,75,87,67,12,94,37.9
30088797,3,headache,3,91,140,100,20,96,38.3
30088798,3,abdominal pain,4,74,135,46,12,91,36.2
30088799,3,knee pain,0,95,135,69,12,88,35.6
30088800,3,chest pain,6,64,140,69,22,94,38.3
30088801,3,shortness of breath,5,81,109,86,13,99,38.2
30088802,3,fall,0,79,148,72,16,97,36.5
30088803,3,chest pain,7,80,146,110,16,100,35.7
30088804,2,fever,10,87,148,77,15,96,38.9
30088805,5,shortness of breath,6,67,131,89,14,99,35.3
30088806,4,chest pain,5,98,129,77,19,95,36.2
30088807,3,laceration,4,64,153,52,12,93,37.0
30088808,4,chest pain,0,91,134,99,19,96,36.3
30088809,3,abdominal pain,0,97,116,87,28,99,35.3
30088810,3,knee pain,4,90,104,67,19,99,36.0
30088811,3,back pain,1,111,133,91,12,92,37.5
30088812,4,chest pain,4,119,148,96,18,95,37.6
30088813,3,shortness of breath,5,92,128,81,21,99,36.8
30088814,3,fever,5,84,95,94,15,100,37.4
30088815,3,abdominal pain,0,61,107,64,21,94,35.7
30088816,2,back pain,6,116,116,70,17,94,36.6
30088817,3,fall,7,58,104,63,24,96,37.8
30088818,3,fall,4,88,84,80,16,100,37.0
30088819,5,fall,7,75,145,75,20,93,39.0
30088820,4,back pain,1,119,151,93,19,95,38.1
30088821,3,anxiety,7,81,142,90,18,95,35.7
30088822,4,fever,7,79,125,86,18,96,36.7
30088823,2,anxiety,10,89,128,124,21,100,36.9
30088824,5,fall,3,86,126,69,16,95,37.2
30088825,3,knee pain,3,76,102,92,26,94,37.0
30088826,3,knee pain,7,94,115,90,17,95,37.1
30088827,3,knee pain,0,97,160,65,24,98,36.6
30088828,1,shortness of breath,7,79,111,77,20,96,36.9
30088829,2,headache,6,80,118,72,22,100,36.9
30088830,2,anxiety,10,105,110,72,14,100,38.4
30088831,4,fall,4,78,110,78,21,93,38.2
30088832,2,headache,6,93,139,68,22,100,36.4
30088833,5,fever,4,77,128,80,22,91,37.5
30088834,4,chest pain,0,57,129,108,26,98,37.6
30088835,3,shortness of breath,4,77,120,75,19,97,37.0
30088836,2,knee pain,9,64,129,67,17,97,38.3
30088837,2,anxiety,7,94,115,66,22,100,37.2
30088838,1,knee pain,8,91,131,89,21,94,37.5
30088839,3,anxiety,5,61,130,95,20,95,37.4
30088840,3,abdominal pain,4,90,134,54,20,91,37.6
30088841,3,shortness of breath,4,86,144,86,16,98,37.9
30088842,3,anxiety,5,86,124,89,16,95,36.7
30088843,3,back pain,1,105,139,77,22,100,38.2
30088844,3,chest pain,3,81,123,94,23,100,37.8
30088845,3,laceration,2,97,124,79,24,96,36.3
30088846,4,headache,2,85,132,88,23,96,36.4
30088847,4,laceration,4,98,97,88,21,96,37.3
30088848,3,laceration,2,85,119,63,23,96,37.0
30088849,2,shortness of breath,9,80,124,87,19,97,37.1
30088850,3,back pain,5,66,100,81,15,97,37.3
30088851,3,chest pain,0,80,125,86,15,100,37.0
30088852,3,back pain,1,91,105,88,16,98,36.1
30088853,5,abdominal pain,1,83,157,77,19,91,36.9
30088854,3,anxiety,4,70,122,68,23,96,37.3
30088855,2,fall,10,95,121,82,9,94,37.6
30088856,2,headache,8,72,126,74,12,97,37.0
30088857,3,fever,4,107,120,109,12,94,36.9
30088858,3,chest pain,7,75,133,80,17,98,37.3
30088859,3,headache,5,108,115,78,11,98,37.2
30088860,2,back pain,6,68,87,80,19,96,37.8
30088861,3,fall,1,117,125,84,16,94,37.5
30088862,3,headache,6,84,126,90,17,96,36.8
30088863,3,back pain,1,92,124,80,11,99,37.2
30088864,3,fever,3,20,146,92,20,100,37.7
30088865,3,chest pain,3,113,119,81,18,89,38.4
30088866,3,abdominal pain,6,74,142,67,18,95,37.5
30088867,4,laceration,1,57,142,88,21,97,38.0
30088868,3,abdominal pain,4,96,142,80,13,94,36.7
30088869,3,back pain,5,82,111,68,17,98,37.6
30088870,3,chest pain,2,79,120,80,12,99,34.9
30088871,3,knee pain,6,94,155,77,19,97,37.5
30088872,3,abdominal pain,7,90,154,101,16,93,37.0
30088873,3,shortness of breath,0,79,145,94,24,96,37.3
30088874,3,laceration,1,76,127,65,22,93,36.6
30088875,4,abdominal pain,2,81,161,87,17,92,37.1
30088876,3,chest pain,5,52,125,83,16,98,36.3
30088877,4,laceration,5,77,146,91,19,100,37.5
30088878,4,abdominal pain,5,79,142,90,16,93,36.7
30088879,3,chest pain,6,77,147,53,19,92,37.0
30088880,4,shortness of breath,7,104,125,68,20,96,37.8
30088881,3,back pain,2,85,98,45,9,100,36.7
30088882,5,chest pain,1,50,142,80,23,99,36.7
30088883,2,knee pain,8,103,109,67,24,97,35.9
30088884,3,fall,4,91,124,82,26,93,37.6
30088885,3,back pain,7,74,146,77,16,94,37.9
30088886,4,knee pain,1,92,162,57,20,97,38.3
30088887,3,fever,7,57,122,81,20,99,38.0
30088888,4,abdominal pain,0,70,129,63,22,93,36.3
30088889,3,chest pain,0,85,121,71,17,94,37.6
30088890,3,back pain,6,103,135,87,19,92,36.0
30088891,3,fall,4,80,154,81,22,99,36.2
30088892,3,abdominal pain,3,88,95,83,16,100,37.8
30088893,3,chest pain,1,79,93,48,18,95,37.4
30088894,2,shortness of breath,8,88,161,73,14,96,36.8
30088895,1,anxiety,7,91,145,67,11,100,37.0
30088896,3,laceration,6,85,117,94,19,100,37.1
30088897,3,abdominal pain,0,99,121,104,16,96,37.6
30088898,4,fever,4,115,125,92,21,94,37.0
30088899,4,chest pain,3,63,128,55,19,97,36.7
30088900,3,headache,4,80,143,64,18,97,37.3
30088901,3,fall,4,95,159,89,10,90,37.3
30088902,3,fall,7,70,121,110,20,97,36.4
30088903,4,knee pain,4,95,144,91,18,96,37.2
30088904,1,fever,8,79,138,70,16,98,35.9
30088905,1,fall,9,99,143,51,16,93,37.4
30088906,2,abdominal pain,6,85,110,89,19,98,36.9
30088907,2,laceration,7,79,153,103,18,100,36.7
30088908,3,fall,2,80,104,89,20,99,37.6
30088909,3,shortness of breath,3,89,124,104,17,93,37.4
30088910,3,anxiety,4,88,117,92,19,100,37.3
30088911,3,laceration,0,79,126,66,12,100,36.2
30088912,3,back pain,3,82,118,73,17,98,36.3
30088913,2,fall,10,99,141,63,20,97,36.7
30088914,1,abdominal pain,8,88,119,86,24,98,35.6
30088915,3,headache,2,97,129,58,24,96,38.5
30088916,3,abdominal pain,7,95,134,79,20,99,37.1
30088917,3,laceration,7,103,126,87,22,98,37.6
30088918,4,knee pain,0,81,123,97,21,93,37.5
30088919,2,chest pain,6,66,134,76,20,99,38.0
30088920,3,abdominal pain,6,116,68,91,17,96,37.8
30088921,3,shortness of breath,1,76,148,88,18,96,36.7
30088922,3,back pain,4,65,142,79,23,99,37.6
30088923,3,fever,3,98,80,71,11,100,36.6
30088924,3,fall,1,90,155,59,17,99,36.7
30088925,3,headache,3,101,118,123,13,100,38.5
30088926,3,chest pain,1,104,108,100,18,98,36.7
30088927,3,chest pain,0,98,107,72,15,100,37.2
30088928,3,shortness of breath,5,96,114,71,18,93,39.2
30088929,2,knee pain,6,87,97,71,14,95,37.0
30088930,3,knee pain,0,78,127,92,17,97,37.2
30088931,4,fever,7,95,134,68,14,97,36.8
30088932,3,laceration,0,92,151,82,19,100,36.6
30088933,3,abdominal pain,4,86,140,85,25,96,37.6
30088934,2,abdominal pain,6,50,167,98,18,97,36.5
30088935,3,anxiety,6,81,124,84,16,95,36.8
30088936,3,shortness of breath,2,99,96,67,18,100,37.1
30088937,3,fall,2,77,136,58,11,99,36.8
30088938,3,fever,4,86,116,102,27,91,38.0
30088939,1,shortness of breath,8,81,127,93,18,100,37.0
30088940,5,fever,4,83,115,58,18,100,35.9
30088941,4,back pain,1,92,160,86,10,97,36.9
30088942,2,chest pain,10,89,99,57,20,100,36.7
30088943,3,knee pain,5,93,138,77,17,100,36.8
30088944,4,chest pain,5,112,115,89,23,94,36.2
30088945,5,fall,1,105,122,81,16,98,38.2
30088946,2,fall,9,78,144,60,16,94,36.9
30088947,5,back pain,1,93,93,40,15,96,37.6
30088948,3,headache,1,104,162,64,13,96,37.2
30088949,3,shortness of breath,3,77,132,65,16,100,36.8
30088950,4,chest pain,5,84,106,82,17,96,36.9
30088951,3,fall,0,85,102,62,19,100,36.9
30088952,3,headache,3,108,107,54,18,100,36.5
30088953,3,fall,4,87,118,44,19,99,37.1
30088954,3,back pain,5,90,115,60,16,92,37.9
30088955,2,fall,7,100,188,94,14,98,36.2
30088956,3,abdominal pain,3,97,123,68,21,92,36.9
30088957,3,knee pain,6,72,147,105,12,99,35.8
30088958,3,knee pain,5,103,146,59,25,94,37.6
30088959,2,anxiety,7,79,117,80,14,94,37.1
30088960,3,headache,4,96,151,68,17,100,37.4
30088961,3,anxiety,5,61,133,71,18,100,37.1
30088962,3,shortness of breath,6,96,120,86,22,97,36.6
30088963,3,fall,3,70,116,88,20,99,38.5
30088964,5,chest pain,0,90,121,77,21,96,36.7
30088965,3,laceration,4,73,125,64,16,97,37.7
30088966,3,abdominal pain,5,99,161,88,20,94,37.0
30088967,3,fever,3,99,138,53,23,93,37.6
30088968,3,shortness of breath,3,89,97,87,22,96,37.5
30088969,3,anxiety,0,84,97,81,16,97,35.9
30088970,3,knee pain,4,87,106,63,18,99,38.1
30088971,4,abdominal pain,7,97,126,91,13,92,36.7
30088972,4,laceration,6,75,121,91,14,93,36.2
30088973,3,headache,4,108,110,99,25,94,37.5
30088974,2,back pain,10,95,123,76,15,100,36.8
30088975,1,knee pain,7,101,155,81,23,97,37.9
30088976,3,anxiety,5,74,146,85,14,94,36.9
30088977,3,laceration,7,96,109,62,16,100,36.7
30088978,3,fever,3,86,128,76,18,96,36.6
30088979,3,headache,1,73,137,93,16,92,36.5
30088980,3,shortness of breath,3,89,93,94,22,93,37.1
30088981,3,headache,6,57,103,108,21,96,36.3
30088982,5,anxiety,1,77,108,69,17,99,37.2
30088983,3,fever,6,89,128,71,20,100,37.7
30088984,3,knee pain,6,93,158,75,21,95,37.0
30088985,1,anxiety,9,80,125,97,18,100,38.2
30088986,2,anxiety,7,80,112,76,14,100,37.7
30088987,1,laceration,10,95,103,97,21,96,36.1
30088988,3,laceration,0,66,180,70,18,98,37.5
30088989,2,shortness of breath,6,68,110,81,22,99,37.5
30088990,2,fever,10,64,136,98,14,100,37.2
30088991,3,chest pain,5,64,145,89,18,99,36.2
30088992,3,chest pain,5,76,116,64,17,100,37.3
30088993,4,knee pain,7,79,141,74,20,93,36.8
30088994,2,fall,7,72,146,58,25,100,35.8
30088995,2,shortness of breath,6,103,153,92,19,100,38.1
30088996,3,fever,6,91,159,62,12,99,36.1
30088997,4,fall,5,91,145,94,17,96,37.2
30088998,3,fever,5,101,114,68,17,100,36.6
30088999,5,fall,5,101,124,90,20,99,37.0
30089000,4,chest pain,1,95,86,79,27,93,36.3
30089001,4,knee pain,1,97,109,76,15,100,36.8
30089002,4,headache,0,100,99,81,13,100,36.1
30089003,3,abdominal pain,0,90,138,81,18,96,36.9
30089004,3,abdominal pain,2,80,144,92,14,94,38.0
30089005,2,knee pain,10,86,126,77,20,97,36.7
30089006,3,fall,7,75,142,80,14,92,37.8
30089007,2,shortness of breath,10,75,171,88,16,93,38.0
30089008,2,fever,6,101,138,49,18,99,37.2
30089009,3,anxiety,2,108,153,79,20,99,38.2
30089010,3,laceration,6,109,118,78,17,99,35.8
30089011,2,chest pain,8,63,129,103,15,100,37.5
30089012,2,back pain,6,94,131,56,22,95,36.8
30089013,3,fall,4,80,132,61,15,96,36.9
30089014,3,abdominal pain,3,78,105,74,22,96,37.4
30089015,2,chest pain,7,99,124,41,12,98,37.2
30089016,3,knee pain,4,81,172,86,16,94,37.9
30089017,3,chest pain,0,81,102,93,19,91,35.6
30089018,4,fall,0,120,109,106,21,99,36.8
30089019,3,chest pain,2,106,136,102,22,95,36.1
30089020,3,chest pain,1,93,126,101,22,96,37.4
30089021,3,anxiety,0,84,151,82,22,98,35.8
30089022,2,abdominal pain,10,94,101,70,16,95,38.0
30089023,3,shortness of breath,3,89,171,82,25,96,36.8
30089024,2,fall,10,63,142,79,14,100,37.0
30089025,3,chest pain,4,98,146,89,19,99,37.5
30089026,3,laceration,7,100,98,66,24,97,36.1
30089027,4,headache,4,83,123,46,16,89,37.0
30089028,3,fall,6,102,118,71,20,100,36.2
30089029,4,fall,0,98,126,64,24,93,37.2
30089030,3,headache,7,93,106,71,19,100,36.3
30089031,3,anxiety,1,90,117,68,23,97,37.2
30089032,2,anxiety,10,77,98,92,17,100,37.5
30089033,1,abdominal pain,8,95,138,60,20,100,36.0
30089034,3,shortness of breath,4,73,131,80,23,97,36.8
30089035,4,anxiety,2,71,134,75,9,93,36.4
30089036,3,chest pain,7,79,147,97,14,96,37.1
30089037,4,laceration,2,80,118,81,16,98,36.4
30089038,3,shortness of breath,6,54,124,64,9,98,37.0
30089039,3,abdominal pain,0,95,138,58,18,100,37.1
30089040,1,fall,6,86,103,75,17,99,35.4
30089041,4,shortness of breath,6,63,133,73,21,99,37.8
30089042,2,fall,8,56,128,100,13,96,37.9
30089043,3,fall,6,118,121,69,14,100,36.7
30089044,4,headache,1,64,139,78,14,100,36.8
30089045,2,anxiety,9,67,135,86,17,93,36.8
30089046,3,knee pain,3,86,129,70,19,98,36.6
30089047,1,laceration,8,86,146,65,20,98,37.7
30089048,1,anxiety,9,81,131,80,9,93,35.6
30089049,3,abdominal pain,6,76,122,76,23,96,36.0
30089050,3,fall,7,72,119,71,23,97,37.9
30089051,5,laceration,6,84,88,49,13,95,36.3
30089052,3,chest pain,4,83,151,102,27,97,37.7
30089053,2,chest pain,8,80,161,100,13,98,37.9
30089054,3,headache,5,74,127,95,17,99,36.5
30089055,2,fall,7,73,91,60,12,100,38.0
30089056,2,headache,8,92,100,72,19,95,35.6
30089057,3,shortness of breath,2,90,131,72,21,97,37.2
30089058,3,chest pain,6,83,90,109,11,100,36.7
30089059,5,chest pain,0,74,112,90,22,92,36.0
30089060,3,fever,3,72,121,75,18,100,37.0
30089061,4,anxiety,4,68,106,62,25,95,36.9
30089062,2,knee pain,6,85,126,65,21,97,36.7
30089063,3,fall,0,90,143,76,19,96,36.2
30089064,2,fall,6,78,135,82,18,93,37.9
30089065,4,shortness of breath,2,93,153,89,20,100,37.4
30089066,5,knee pain,0,79,95,76,18,96,37.2
30089067,5,knee pain,5,100,98,94,16,95,36.1
30089068,2,knee pain,9,126,102,56,19,92,37.0
30089069,3,knee pain,6,52,132,94,16,97,38.5
30089070,4,knee pain,7,112,103,74,20,97,36.8
30089071,3,headache,2,90,146,59,24,96,37.0
30089072,4,abdominal pain,0,65,153,119,22,96,37.4
30089073,2,laceration,10,79,124,92,19,96,36.5
30089074,1,laceration,9,72,99,88,18,98,36.6
30089075,2,back pain,7,97,121,55,23,100,37.3
30089076,4,knee pain,0,83,118,76,14,97,37.3
30089077,2,knee pain,9,103,104,96,15,100,38.4
30089078,4,fall,4,95,108,74,19,97,38.3
30089079,3,fall,6,87,117,70,20,98,36.9
30089080,4,chest pain,4,107,124,64,16,95,36.2
30089081,3,knee pain,4,87,140,82,17,96,37.2
30089082,4,shortness of breath,0,80,109,62,12,95,36.9
30089083,3,anxiety,4,87,177,75,14,94,36.2
30089084,2,fall,7,106,108,70,17,100,35.7
30089085,3,fever,1,105,122,89,18,100,37.1
30089086,1,headache,10,77,140,42,15,92,36.9
30089087,3,headache,1,86,112,104,20,97,35.7
30089088,1,shortness of breath,8,84,110,87,16,98,36.7
30089089,2,headache,9,89,136,103,12,92,37.2
30089090,3,fall,4,112,153,94,20,98,36.8
30089091,3,abdominal pain,2,67,175,68,19,99,37.9
30089092,4,anxiety,6,77,77,86,14,98,37.8
30089093,4,knee pain,4,84,141,88,16,99,37.1
30089094,4,back pain,4,100,82,84,14,93,36.9
30089095,3,anxiety,0,62,104,89,20,100,36.4
30089096,3,anxiety,2,102,99,61,19,92,37.4
30089097,3,fever,3,108,122,94,11,95,37.9
30089098,3,headache,5,96,124,101,19,89,36.2
30089099,4,back pain,7,73,127,53,23,97,36.9
30089100,4,fever,4,97,82,79,12,98,36.1
30089101,3,fever,3,68,99,53,20,94,37.2
30089102,3,headache,4,103,125,80,21,98,36.1
30089103,3,fever,6,71,105,83,26,97,37.8
30089104,3,headache,6,55,115,104,11,98,37.0
30089105,1,anxiety,10,85,121,99,22,97,38.6
30089106,4,shortness of breath,1,93,143,95,15,94,37.1
30089107,2,headache,6,94,117,86,21,92,35.6
30089108,2,anxiety,8,90,127,83,17,98,37.2
30089109,3,headache,4,119,110,78,15,96,36.3
30089110,4,anxiety,4,69,77,71,21,99,36.9
30089111,3,abdominal pain,6,93,139,70,20,98,37.8
30089112,4,headache,5,84,151,57,10,97,37.6
30089113,3,chest pain,6,93,120,68,14,98,36.9
30089114,4,shortness of breath,0,84,126,77,15,100,37.4
30089115,3,chest pain,2,70,132,80,15,92,36.1
30089116,2,laceration,10,63,108,81,26,100,37.5
30089117,3,back pain,7,97,89,78,23,96,37.9
30089118,3,knee pain,1,105,125,72,20,93,38.9
30089119,4,laceration,1,65,132,92,21,96,36.5
30089120,3,back pain,5,96,159,93,18,92,38.2
30089121,1,laceration,7,108,119,74,18,94,37.2
30089122,1,laceration,10,86,107,44,20,100,36.0
30089123,4,back pain,4,104,132,112,22,100,37.1
30089124,3,laceration,2,84,108,62,11,93,36.9
30089125,1,fall,8,91,157,58,20,96,36.9
30089126,3,shortness of breath,3,118,127,88,20,97,38.1
30089127,4,shortness of breath,6,100,127,58,21,94,36.8
30089128,3,anxiety,3,91,116,110,12,97,37.1
30089129,3,headache,1,78,126,64,23,100,38.4
30089130,3,chest pain,0,84,112,84,14,96,37.1
30089131,3,anxiety,7,69,94,85,16,96,36.5
30089132,3,laceration,3,61,125,104,26,92,36.5
30089133,4,fall,5,71,118,82,18,94,36.3
30089134,3,fall,5,88,127,86,20,95,35.1
30089135,1,knee pain,6,80,137,67,22,95,38.2
30089136,5,laceration,6,87,127,43,18,90,38.3
30089137,3,headache,5,87,106,68,18,96,37.2
30089138,4,laceration,6,105,114,76,12,100,36.4
30089139,3,anxiety,4,70,103,94,14,99,36.5
30089140,5,knee pain,6,87,134,80,14,95,37.1
30089141,2,shortness of breath,6,74,131,93,22,92,36.8
30089142,4,abdominal pain,3,100,137,79,19,94,37.7
30089143,3,fever,7,80,106,83,22,98,37.4
30089144,3,fever,1,75,112,93,17,96,36.6
30089145,4,fall,5,57,116,58,14,95,36.9
30089146,3,laceration,0,60,88,79,19,95,37.4
30089147,3,headache,5,82,123,97,20,92,38.4
30089148,3,back pain,6,91,155,80,18,94,37.3
30089149,2,chest pain,10,101,119,65,17,92,36.1
30089150,3,abdominal pain,3,65,115,92,13,91,36.5
30089151,2,headache,8,73,129,66,17,96,37.1
30089152,4,back pain,6,72,105,106,23,99,35.9
30089153,4,fall,7,81,143,68,23,94,35.4
30089154,3,headache,4,88,128,75,18,93,36.5
30089155,4,abdominal pain,7,61,139,75,10,100,35.7
30089156,3,knee pain,0,104,144,52,19,97,37.8
30089157,3,chest pain,1,79,137,75,18,94,36.4
30089158,3,knee pain,3,80,112,75,17,95,36.7
30089159,1,laceration,6,84,133,77,11,93,36.0
30089160,4,headache,7,92,88,83,24,93,36.0
30089161,3,headache,4,85,92,70,10,95,36.1
30089162,4,fever,7,93,163,85,15,100,37.8
30089163,2,back pain,9,89,157,95,16,100,36.2
30089164,3,knee pain,4,108,157,84,17,100,36.1
30089165,3,shortness of breath,4,63,135,63,11,100,38.1
30089166,1,chest pain,6,101,127,84,11,94,36.8
30089167,3,laceration,7,90,108,96,14,92,36.6
30089168,1,abdominal pain,10,78,122,80,16,100,35.7
30089169,2,fever,7,104,121,66,15,100,38.2
30089170,3,knee pain,5,90,145,72,19,98,35.3
30089171,4,laceration,7,80,115,92,18,100,38.0
30089172,3,abdominal pain,3,73,127,89,19,95,37.0
30089173,1,headache,8,98,112,73,14,93,37.3
30089174,5,back pain,1,98,94,86,17,98,38.0
30089175,3,chest pain,0,68,140,89,16,95,36.3
30089176,1,laceration,6,93,130,73,13,100,35.9
30089177,2,shortness of breath,10,96,84,87,15,97,38.6
30089178,3,shortness of breath,4,71,116,91,15,94,37.1
30089179,4,laceration,6,96,98,65,15,98,36.0
30089180,3,headache,0,89,138,71,14,98,36.0
30089181,2,shortness of breath,9,64,135,81,14,94,38.3
30089182,3,headache,0,93,114,85,10,96,37.4
30089183,4,laceration,3,89,121,76,12,100,37.2
30089184,4,chest pain,0,67,90,80,17,97,37.8
30089185,5,back pain,4,106,137,63,20,100,37.9
30089186,4,laceration,1,81,134,74,19,98,36.8
30089187,2,headache,9,93,124,79,15,99,36.5
30089188,5,fever,7,94,124,88,16,96,36.8
30089189,3,headache,5,87,126,83,14,99,37.0
30089190,4,shortness of breath,5,78,163,84,19,97,37.0
30089191,2,fever,6,97,101,82,12,96,37.3
30089192,3,abdominal pain,2,92,139,79,19,94,36.7
30089193,4,fever,4,92,139,112,26,97,35.8
30089194,2,back pain,8,87,161,104,15,97,37.1
30089195,2,fall,7,61,144,100,15,100,36.6
30089196,3,chest pain,5,78,106,71,17,98,37.2
30089197,2,back pain,6,68,127,74,22,100,37.2
30089198,3,knee pain,4,105,143,111,10,100,37.5
30089199,3,abdominal pain,7,73,137,99,20,98,38.5
30089200,2,shortness of breath,6,110,135,66,16,100,36.7
30089201,3,fever,0,53,101,92,22,96,37.9
30089202,1,fever,7,66,122,63,10,100,36.6
30089203,4,back pain,4,96,104,46,19,99,35.9
30089204,3,laceration,1,84,108,77,19,100,36.2
30089205,2,shortness of breath,9,66,122,72,21,98,37.5
30089206,4,fever,4,103,134,72,22,94,37.7
30089207,3,fall,7,75,140,59,16,94,36.6
30089208,2,knee pain,9,91,145,101,16,100,37.1
30089209,4,laceration,6,83,138,84,23,95,36.7
30089210,3,knee pain,6,72,125,66,15,94,36.4
30089211,3,fever,0,84,81,59,27,99,36.6
30089212,2,back pain,9,87,116,70,19,88,37.9
30089213,3,fever,4,70,146,73,17,95,36.7
30089214,3,headache,1,89,149,103,21,94,37.3
30089215,3,abdominal pain,4,94,142,112,17,100,36.6
30089216,3,laceration,0,61,148,66,29,94,37.7
30089217,4,laceration,7,79,131,75,17,95,36.5
30089218,3,knee pain,7,110,104,71,17,95,36.7
30089219,4,anxiety,6,90,124,81,18,94,36.4
30089220,3,headache,4,94,120,80,12,100,36.9
30089221,3,back pain,4,61,102,67,21,96,37.2
30089222,3,laceration,3,59,167,94,19,99,37.5
30089223,4,anxiety,3,62,161,93,18,95,36.5
30089224,4,chest pain,4,60,139,58,20,99,37.0
30089225,4,knee pain,5,86,140,79,14,91,36.8
30089226,3,fever,0,79,97,60,19,99,36.7
30089227,2,abdominal pain,10,72,77,67,16,98,37.1
30089228,4,abdominal pain,5,88,114,71,18,95,36.3
30089229,3,chest pain,4,98,121,99,15,98,37.0
30089230,4,fever,7,69,146,79,17,99,37.7
30089231,4,fall,7,75,145,82,18,92,38.5
30089232,3,fever,4,61,142,81,18,98,38.3
30089233,2,shortness of breath,6,73,111,87,23,98,37.2
30089234,4,abdominal pain,1,84,111,76,16,95,37.5
30089235,3,abdominal pain,0,68,131,70,27,100,35.2
30089236,2,shortness of breath,7,74,114,72,22,97,36.2
30089237,4,chest pain,2,97,95,94,14,96,38.7
30089238,2,fall,7,83,96,97,19,94,37.0
30089239,3,fall,0,95,155,92,20,97,36.5
30089240,2,chest pain,10,92,135,66,21,95,36.3
30089241,2,fall,7,101,143,64,20,95,36.5
30089242,3,abdominal pain,3,67,89,77,18,97,36.8
30089243,3,knee pain,2,73,138,91,12,95,38.4
30089244,3,shortness of breath,3,98,120,65,22,96,36.3
30089245,3,fever,1,67,134,106,15,100,37.3
30089246,2,anxiety,6,79,139,99,18,97,37.4
30089247,3,knee pain,5,81,103,71,19,96,36.0
30089248,2,fever,6,79,117,77,9,93,36.9
30089249,3,laceration,2,78,152,91,21,97,37.0
30089250,4,abdominal pain,5,77,162,70,21,98,37.2
30089251,3,knee pain,4,78,162,80,15,97,37.1
30089252,2,laceration,6,76,98,85,18,99,39.0
30089253,3,fever,6,57,147,92,16,95,37.9
30089254,2,fall,9,108,106,86,13,95,37.1
30089255,3,back pain,3,99,82,89,19,92,36.8
30089256,3,anxiety,4,84,118,70,12,95,36.0
30089257,4,chest pain,4,90,127,87,15,96,36.7
30089258,2,chest pain,8,95,128,79,19,97,37.8
30089259,2,abdominal pain,10,88,185,106,22,97,36.6
30089260,3,headache,4,69,129,103,22,94,37.1
30089261,1,knee pain,10,76,174,76,25,100,38.0
30089262,3,headache,6,98,162,66,16,100,38.3
30089263,3,fall,2,96,97,106,25,100,37.3
30089264,4,shortness of breath,7,62,149,78,16,97,36.2
30089265,3,back pain,7,86,147,59,11,99,36.7
30089266,3,abdominal pain,3,88,117,67,14,100,38.0
30089267,2,abdominal pain,7,77,140,91,22,94,36.4
30089268,3,laceration,6,93,135,79,13,100,36.6
30089269,3,abdominal pain,6,107,108,112,16,99,37.3
30089270,3,laceration,5,90,138,111,11,96,37.0
30089271,2,shortness of breath,6,85,118,88,18,99,37.6
30089272,3,headache,5,74,114,56,15,95,37.2
30089273,3,chest pain,1,94,141,62,19,100,36.7
30089274,3,back pain,6,63,111,57,19,96,36.6
30089275,2,headache,6,96,131,70,15,92,37.7
30089276,3,anxiety,6,64,209,85,12,97,38.1
30089277,2,knee pain,9,101,84,72,15,95,37.2
30089278,3,anxiety,3,66,138,87,25,94,37.6
30089279,4,back pain,3,81,136,107,18,100,36.7
30089280,5,shortness of breath,3,66,133,78,10,100,37.6
30089281,2,shortness of breath,10,78,131,45,18,94,35.7
30089282,4,headache,0,83,110,77,20,99,38.0
30089283,3,headache,6,85,146,87,20,96,37.0
30089284,3,knee pain,4,97,134,89,9,97,36.7
30089285,3,chest pain,1,48,116,98,19,100,37.8
30089286,3,anxiety,2,68,113,89,15,93,36.3
30089287,3,headache,0,74,109,81,16,97,37.8
30089288,4,headache,3,73,95,103,18,98,37.8
30089289,3,anxiety,5,103,119,62,22,93,35.3
30089290,4,fever,0,90,110,73,17,97,37.2
30089291,1,anxiety,7,83,144,92,24,94,35.7
30089292,3,anxiety,6,74,93,57,22,94,36.3
30089293,3,abdominal pain,4,96,137,93,25,100,36.4
30089294,2,headache,6,79,154,69,30,96,37.0
30089295,2,knee pain,6,92,134,82,16,94,36.5
30089296,3,knee pain,1,89,130,69,18,97,37.4
30089297,3,back pain,7,80,75,72,19,100,37.6
30089298,3,anxiety,4,74,92,91,24,100,36.8
30089299,4,back pain,1,96,84,83,16,97,37.8
30089300,5,fever,4,80,75,82,22,100,37.8
30089301,3,abdominal pain,2,77,109,61,19,98,37.8
30089302,3,anxiety,1,77,121,82,18,99,37.5
30089303,3,chest pain,0,102,102,69,17,94,37.2
30089304,5,chest pain,6,101,107,99,16,99,37.2
30089305,3,knee pain,0,69,104,72,17,98,37.0
30089306,2,fever,9,81,125,76,25,97,37.9
30089307,4,shortness of breath,7,105,121,67,19,94,35.9
30089308,2,anxiety,7,95,155,74,24,95,36.7
30089309,3,fall,1,80,97,83,22,99,36.1
30089310,4,back pain,3,65,112,96,15,93,36.9
30089311,2,shortness of breath,7,68,102,81,19,94,36.5
30089312,4,laceration,3,86,144,71,21,100,37.0
30089313,3,abdominal pain,4,93,126,79,18,95,37.2
30089314,3,chest pain,7,87,115,65,13,97,37.4
30089315,3,anxiety,7,75,136,83,20,96,36.6
30089316,3,back pain,7,85,143,87,18,94,36.8
30089317,4,laceration,6,85,86,63,22,94,36.5
30089318,2,fever,9,98,139,86,20,98,36.6
30089319,3,fall,6,90,145,72,21,97,36.5
30089320,5,shortness of breath,3,108,165,98,22,100,37.9
30089321,2,fever,8,80,160,44,20,95,37.6
30089322,5,knee pain,4,98,108,76,17,99,36.0
30089323,3,back pain,7,72,140,66,17,100,36.7
30089324,1,fall,10,107,146,85,22,97,36.7
30089325,5,abdominal pain,1,104,115,73,16,100,37.0
30089326,3,laceration,4,71,110,96,17,100,37.7
30089327,3,laceration,2,96,116,86,14,99,38.6
30089328,3,abdominal pain,5,67,104,99,18,98,37.2
30089329,3,back pain,2,106,132,86,21,100,37.1
30089330,3,shortness of breath,0,88,118,89,17,95,36.0
30089331,2,shortness of breath,9,113,125,64,16,99,36.7
30089332,2,back pain,6,76,141,60,16,92,36.3
30089333,1,chest pain,8,67,130,62,17,94,36.4
30089334,3,headache,7,52,133,84,20,98,36.1
30089335,4,fever,6,88,114,90,21,98,37.2
30089336,3,knee pain,6,65,125,82,11,99,35.7
30089337,3,laceration,5,102,159,89,15,99,38.4
30089338,2,shortness of breath,7,99,92,67,15,95,37.8
30089339,2,chest pain,7,101,99,73,23,97,38.5
30089340,3,abdominal pain,7,86,109,98,10,93,37.5
30089341,1,anxiety,10,90,123,81,21,89,37.4
30089342,3,headache,7,101,107,69,21,97,37.3
30089343,3,fever,3,67,151,102,22,93,38.5
30089344,3,fever,7,76,151,95,15,95,37.3
30089345,3,headache,6,69,132,94,14,97,37.0
30089346,1,chest pain,9,88,110,82,18,100,38.0
30089347,3,anxiety,3,104,160,85,18,91,35.8
30089348,3,fever,0,104,129,39,20,97,36.4
30089349,3,anxiety,0,62,134,87,16,98,36.1
30089350,3,fall,5,86,123,54,20,93,38.8
30089351,3,back pain,7,76,146,104,19,96,37.1
30089352,4,back pain,6,89,110,81,22,99,37.1
30089353,3,fall,5,83,121,79,19,94,37.9
30089354,3,chest pain,1,84,131,85,21,98,37.1
30089355,1,anxiety,8,82,128,69,22,97,36.0
30089356,1,abdominal pain,8,45,131,72,18,95,36.8
30089357,2,fall,6,79,115,68,18,100,36.3
30089358,2,abdominal pain,10,84,130,81,16,89,37.0
30089359,3,abdominal pain,6,42,107,83,22,96,36.9
30089360,2,fever,7,81,152,74,18,94,39.0
30089361,2,shortness of breath,10,82,132,66,18,94,37.1
30089362,2,back pain,7,75,123,82,17,99,35.8
30089363,4,anxiety,1,67,126,80,12,97,37.8
30089364,3,laceration,4,80,83,64,15,100,38.6
30089365,2,knee pain,7,68,119,88,23,97,37.9
30089366,3,laceration,7,84,114,81,10,97,37.5
30089367,4,fall,0,84,128,71,23,96,38.6
30089368,1,knee pain,6,87,167,88,19,94,37.8
30089369,4,anxiety,2,103,148,92,19,100,37.0
30089370,3,headache,4,83,131,91,19,100,37.0
30089371,3,knee pain,0,77,136,89,19,100,36.7
30089372,3,fever,3,54,104,65,18,98,35.6
30089373,2,headache,6,83,109,87,18,100,36.8
30089374,3,shortness of breath,2,76,144,74,24,95,37.0
30089375,4,fever,0,82,113,68,23,99,37.0
30089376,2,back pain,6,114,146,100,19,97,36.7
30089377,3,chest pain,6,71,120,86,22,97,37.9
30089378,3,chest pain,5,76,136,76,20,100,35.9
30089379,3,fever,3,97,149,83,24,100,36.5
30089380,3,shortness of breath,3,83,90,77,20,96,37.3
30089381,3,back pain,6,99,141,79,19,100,36.2
30089382,3,anxiety,1,89,126,89,24,94,37.3
30089383,3,chest pain,6,92,140,79,21,100,37.1
30089384,3,fall,5,96,152,60,17,96,37.1
30089385,4,headache,1,65,129,88,28,93,37.1
30089386,5,knee pain,0,88,119,97,19,97,37.2
30089387,3,abdominal pain,5,61,141,58,15,94,38.2
30089388,4,chest pain,7,94,89,78,14,93,36.8
30089389,5,fall,3,68,128,87,17,100,36.8
30089390,5,abdominal pain,1,105,151,89,15,95,37.9
30089391,2,shortness of breath,10,49,124,58,20,100,36.5
30089392,1,fever,9,105,146,78,10,93,37.4
30089393,3,chest pain,2,61,126,86,16,94,37.9
30089394,3,headache,1,87,132,71,22,94,37.8
30089395,3,fever,5,109,147,72,19,98,36.7
30089396,2,back pain,7,97,113,83,16,88,37.0
30089397,2,headache,7,59,124,108,15,97,34.7
30089398,4,fever,7,71,138,66,16,94,38.5
30089399,3,back pain,6,86,120,55,18,98,37.6
30089400,3,shortness of breath,4,81,121,70,17,96,38.1
30089401,1,fall,7,105,141,93,16,96,36.6
30089402,4,knee pain,5,92,151,78,16,96,37.4
30089403,4,headache,7,102,139,76,20,95,37.6
30089404,3,shortness of breath,3,78,130,72,19,97,37.3
30089405,4,laceration,0,96,118,125,18,97,37.9
30089406,3,back pain,0,85,138,73,15,96,36.3
30089407,4,anxiety,6,98,124,107,15,99,37.2
30089408,3,headache,7,104,162,81,14,98,37.0
30089409,3,laceration,2,84,139,69,15,91,37.1
30089410,4,fall,7,89,112,62,10,97,38.5
30089411,3,shortness of breath,7,113,130,79,17,95,37.9
30089412,5,anxiety,3,57,140,99,16,100,37.0
30089413,3,abdominal pain,3,86,125,76,15,95,36.8
30089414,3,headache,5,95,122,76,23,100,38.8
30089415,4,headache,6,70,99,82,17,97,37.0
30089416,3,fall,7,72,127,109,22,100,36.5
30089417,3,shortness of breath,4,79,75,82,14,97,36.3
30089418,4,laceration,2,75,101,113,11,99,36.9
30089419,2,chest pain,10,58,149,79,23,99,37.4
30089420,2,chest pain,8,81,103,104,14,99,38.0
30089421,4,anxiety,2,76,75,72,12,98,36.5
30089422,3,laceration,6,100,146,95,15,94,37.5
30089423,4,knee pain,2,99,111,82,20,92,37.0
30089424,3,shortness of breath,2,91,111,92,16,98,37.8
30089425,3,back pain,6,82,133,56,18,88,37.5
30089426,3,abdominal pain,2,92,108,99,18,99,35.9
30089427,3,anxiety,0,96,107,87,16,95,37.2
30089428,3,laceration,7,63,136,62,18,93,36.8
30089429,4,back pain,7,105,140,102,17,89,37.3
30089430,3,chest pain,1,111,157,47,13,95,36.4
30089431,4,anxiety,6,103,131,102,19,99,38.8
30089432,3,laceration,0,57,109,90,19,95,36.8
30089433,2,knee pain,7,94,132,91,16,100,37.4
30089434,4,back pain,4,80,124,84,26,95,36.4
30089435,1,abdominal pain,8,47,106,81,18,99,36.6
30089436,3,chest pain,4,74,115,95,24,98,36.9
30089437,3,fall,7,117,134,58,22,98,36.5
30089438,3,anxiety,2,97,115,79,18,98,35.2
30089439,5,back pain,5,63,115,77,20,94,37.9
30089440,3,fall,0,90,119,65,18,96,36.9
30089441,4,anxiety,3,85,122,77,21,98,36.6
30089442,4,anxiety,0,110,125,88,15,94,37.4
30089443,3,laceration,5,100,131,72,31,96,36.4
30089444,3,abdominal pain,2,101,125,60,17,96,35.9
30089445,2,abdominal pain,6,98,140,92,15,100,38.5
30089446,2,headache,7,82,120,83,14,95,36.2
30089447,3,knee pain,1,98,137,99,23,96,36.3
30089448,4,back pain,7,60,153,76,19,99,37.6
30089449,4,anxiety,3,81,109,105,29,93,37.0
30089450,4,fever,4,80,117,109,26,99,36.5
30089451,3,fall,7,78,137,90,19,96,36.6
30089452,3,fall,7,73,137,70,24,97,36.6
30089453,5,fall,6,122,135,89,19,100,36.0
30089454,1,headache,10,87,146,93,22,100,35.8
30089455,2,shortness of breath,6,102,136,98,21,96,37.8
30089456,2,laceration,9,89,125,84,19,99,36.5
30089457,4,anxiety,6,102,136,72,16,93,34.9
30089458,4,fall,1,95,150,93,21,98,37.4
30089459,3,back pain,4,99,102,93,15,100,38.5
30089460,3,fever,3,90,107,100,18,94,36.6
30089461,3,shortness of breath,7,93,127,88,20,100,36.5
30089462,3,knee pain,3,70,112,68,11,93,36.5
30089463,3,fall,2,87,120,74,18,97,35.9
30089464,2,shortness of breath,6,103,127,85,18,97,36.4
30089465,4,laceration,2,110,83,65,19,92,36.8
30089466,4,knee pain,4,85,129,77,16,97,36.8
30089467,3,abdominal pain,2,82,127,85,17,99,37.8
30089468,3,anxiety,4,60,128,82,18,95,37.2
30089469,3,fall,6,99,143,69,22,99,37.6
30089470,3,chest pain,7,75,97,75,20,99,37.9
30089471,4,abdominal pain,5,93,175,81,19,88,36.8
30089472,4,fall,4,88,100,81,15,94,36.5
30089473,4,back pain,7,80,132,49,19,100,38.1
30089474,1,back pain,10,68,133,85,12,98,37.1
30089475,2,laceration,8,79,144,90,14,99,38.5
30089476,5,headache,6,87,129,76,16,100,36.4
30089477,3,back pain,3,82,148,77,19,99,37.3
30089478,4,back pain,0,88,87,91,12,97,36.9
30089479,4,abdominal pain,1,105,106,75,23,100,35.7
30089480,3,shortness of breath,5,114,126,84,14,95,36.4
30089481,3,knee pain,3,77,164,69,20,100,37.0
30089482,3,back pain,7,69,149,81,16,100,36.1
30089483,4,anxiety,6,120,139,97,17,98,37.8
30089484,4,chest pain,7,76,128,100,24,97,38.1
30089485,3,shortness of breath,3,73,116,67,17,92,38.0
30089486,4,back pain,7,76,92,72,21,96,37.7
30089487,4,fall,7,89,104,83,17,96,36.7
30089488,2,knee pain,8,80,160,70,21,92,38.2
30089489,4,fall,5,73,153,61,22,100,38.2
30089490,4,shortness of breath,2,55,134,75,12,97,36.5
30089491,1,laceration,8,87,124,106,19,95,36.5
30089492,2,laceration,8,80,131,82,12,94,37.6
30089493,2,chest pain,8,79,112,58,16,96,37.8
30089494,3,anxiety,6,91,126,87,20,95,37.1
30089495,3,fall,5,83,117,80,22,100,37.1
30089496,3,headache,0,85,140,106,11,100,38.5
30089497,4,fall,2,68,124,74,18,95,37.1
30089498,4,shortness of breath,0,105,108,82,20,96,36.3
30089499,4,back pain,4,75,117,59,20,99,36.9
30089500,2,headache,7,87,166,81,15,99,36.5
30089501,3,shortness of breath,1,63,130,82,11,91,36.1
30089502,3,shortness of breath,5,104,115,98,16,96,37.4
30089503,3,fall,0,101,91,69,21,91,37.1
30089504,3,shortness of breath,3,74,126,60,19,97,37.4
30089505,4,back pain,1,87,132,78,15,98,36.6
30089506,3,knee pain,7,91,110,82,19,95,35.5
30089507,3,back pain,3,88,133,100,19,92,35.9
30089508,4,chest pain,2,88,115,111,16,99,37.2
30089509,2,shortness of breath,9,95,97,85,23,99,36.1
30089510,3,abdominal pain,7,63,115,97,19,100,36.8
30089511,3,abdominal pain,6,103,118,64,17,90,36.1
30089512,3,anxiety,4,109,121,73,23,95,37.8
30089513,3,laceration,5,91,126,55,10,91,36.1
30089514,2,chest pain,8,102,136,66,16,97,36.3
30089515,3,fever,5,102,121,94,20,98,37.7
30089516,5,knee pain,4,99,133,61,19,98,36.9
30089517,2,knee pain,9,79,138,87,18,100,38.5
30089518,2,headache,8,47,138,81,25,97,36.8
30089519,2,laceration,7,92,127,91,20,95,37.1
30089520,5,chest pain,0,82,137,65,20,99,36.5
30089521,4,knee pain,0,72,131,71,17,100,37.6
30089522,3,shortness of breath,0,76,131,64,23,97,36.6
30089523,4,shortness of breath,3,78,119,101,15,95,36.2
30089524,3,abdominal pain,4,103,118,60,20,100,34.5
30089525,3,laceration,5,73,115,86,22,100,36.5
30089526,3,laceration,3,88,116,82,13,89,37.7
30089527,3,abdominal pain,0,112,131,58,16,100,35.5
30089528,5,chest pain,6,54,142,78,21,100,35.9
30089529,3,shortness of breath,4,106,135,60,14,100,36.9
30089530,3,shortness of breath,0,86,114,86,23,100,38.8
30089531,3,fall,0,88,142,93,19,100,36.1
30089532,3,shortness of breath,3,98,129,78,26,92,36.2
30089533,2,headache,9,89,138,83,12,100,36.2
30089534,3,fever,7,101,123,54,19,99,38.4
30089535,3,anxiety,3,51,154,64,17,98,36.2
30089536,2,shortness of breath,6,86,172,82,18,96,37.2
30089537,3,shortness of breath,0,66,120,109,15,100,35.9
30089538,4,laceration,7,102,129,91,22,97,36.1
30089539,4,abdominal pain,1,84,112,74,14,100,36.9
30089540,3,laceration,0,77,139,71,17,99,37.9
30089541,4,laceration,4,59,149,63,19,100,36.8
30089542,3,abdominal pain,1,66,128,115,8,100,36.5
30089543,3,back pain,3,76,123,97,13,100,36.1
30089544,3,laceration,0,79,96,93,16,95,37.2
30089545,2,fever,10,90,99,65,13,94,36.2
30089546,3,abdominal pain,7,99,102,82,23,95,36.5
30089547,3,shortness of breath,6,77,120,72,16,98,37.3
30089548,3,chest pain,1,54,113,91,19,93,37.7
30089549,2,anxiety,7,99,105,89,18,93,36.3
30089550,3,headache,3,80,118,70,23,93,38.1
30089551,3,back pain,3,89,122,58,13,93,37.2
30089552,2,back pain,6,86,114,61,15,100,36.4
30089553,1,knee pain,6,65,119,102,25,93,36.3
30089554,3,laceration,2,57,157,72,20,97,36.7
30089555,3,headache,7,75,94,53,10,96,38.0
30089556,2,abdominal pain,8,65,114,62,17,100,37.2
30089557,3,fall,5,77,124,83,20,95,36.3
30089558,4,laceration,3,99,115,82,15,99,36.4
30089559,3,fever,1,105,121,60,21,99,36.3
30089560,2,fall,8,70,162,66,19,99,37.4
30089561,3,chest pain,4,49,155,73,16,94,38.2
30089562,3,abdominal pain,3,108,133,64,21,98,37.1
30089563,4,abdominal pain,4,89,85,85,16,100,36.5
30089564,3,fever,3,80,135,113,25,99,37.0
30089565,3,fall,0,66,144,89,17,100,36.8
30089566,3,anxiety,5,81,137,74,26,93,37.3
30089567,3,chest pain,3,84,163,94,21,96,38.0
30089568,4,headache,4,96,111,93,18,95,37.0
30089569,3,shortness of breath,2,78,128,65,15,92,37.0
30089570,4,back pain,5,74,133,94,17,96,38.4
30089571,1,shortness of breath,9,97,152,77,16,93,36.7
30089572,2,abdominal pain,9,61,74,74,18,96,36.0
30089573,4,chest pain,0,98,120,54,24,100,38.2
30089574,4,laceration,4,80,129,83,13,97,36.8
30089575,4,abdominal pain,1,92,120,52,26,95,37.3
30089576,2,abdominal pain,6,77,74,115,17,94,36.7
30089577,3,knee pain,0,84,124,74,13,94,36.4
30089578,4,fall,2,82,140,85,13,94,37.0
30089579,4,laceration,2,87,129,106,16,99,36.2
30089580,3,knee pain,6,78,157,72,24,96,38.7
30089581,3,back pain,5,97,146,73,18,92,37.4
30089582,2,back pain,9,97,145,66,17,97,36.4
30089583,2,anxiety,6,104,137,71,13,95,35.9
30089584,3,fever,2,70,81,87,15,98,37.5
30089585,3,back pain,1,58,127,82,17,97,38.3
30089586,3,chest pain,4,96,132,122,23,95,35.7
30089587,1,fall,10,87,153,63,10,100,38.4
30089588,3,fall,5,100,104,101,12,97,37.0
30089589,5,back pain,5,73,79,94,14,92,37.3
30089590,3,back pain,4,71,142,93,20,97,36.3
30089591,4,chest pain,4,117,115,84,23,96,36.2
30089592,3,shortness of breath,5,58,155,93,21,92,36.8
30089593,4,fall,2,97,105,77,19,96,37.0
30089594,3,anxiety,4,72,101,71,18,100,38.3
30089595,4,shortness of breath,3,76,121,63,19,95,35.7
30089596,3,chest pain,0,49,125,76,25,100,37.4
30089597,2,back pain,6,73,113,60,16,99,37.5
30089598,2,anxiety,7,96,144,106,23,100,36.7
30089599,5,laceration,7,116,143,49,22,94,37.3
30089600,3,headache,2,96,118,96,20,100,37.1
30089601,4,back pain,1,123,114,90,21,100,37.4
30089602,4,anxiety,5,87,120,54,15,98,36.4
30089603,2,anxiety,6,101,133,57,11,96,37.0
30089604,3,abdominal pain,4,57,123,67,16,98,36.7
30089605,3,headache,0,89,136,76,19,100,36.7
30089606,2,back pain,10,67,131,58,13,100,37.8
30089607,1,fall,6,78,123,86,24,97,37.6
30089608,3,headache,1,76,126,89,9,94,36.8
30089609,3,abdominal pain,7,97,116,98,25,100,36.1
30089610,3,back pain,3,96,126,101,25,100,35.1
30089611,3,knee pain,1,100,127,56,19,98,37.1
30089612,4,abdominal pain,3,78,123,71,21,98,37.7
30089613,5,headache,0,98,128,62,13,96,36.7
30089614,1,abdominal pain,10,101,125,95,21,100,37.1
30089615,4,knee pain,2,92,111,63,17,93,35.9
30089616,2,chest pain,7,103,157,104,27,100,35.3
30089617,5,anxiety,6,111,109,81,21,95,37.3
30089618,3,abdominal pain,6,90,132,64,18,95,36.6
30089619,4,abdominal pain,5,85,150,45,22,99,37.5
30089620,4,chest pain,2,84,95,69,14,97,37.9
30089621,3,fever,4,62,95,69,21,94,36.5
30089622,3,headache,0,87,139,87,18,93,36.3
30089623,3,fever,6,57,156,55,20,100,37.6
30089624,3,knee pain,1,65,119,57,18,100,36.5
30089625,4,headache,7,76,130,91,19,95,37.3
30089626,3,laceration,6,79,155,101,19,100,36.6
30089627,3,anxiety,3,84,108,98,19,95,36.7
30089628,3,back pain,6,85,140,85,12,95,36.4
30089629,3,shortness of breath,6,105,105,66,17,99,36.7
30089630,3,back pain,6,67,120,56,25,97,36.0
30089631,2,shortness of breath,6,103,150,90,17,97,36.1
30089632,4,knee pain,5,99,137,89,15,97,36.6
30089633,4,headache,5,70,81,81,17,100,37.2
30089634,3,fever,4,70,135,62,20,99,36.7
30089635,3,anxiety,7,68,143,90,21,97,36.8
30089636,3,anxiety,2,65,121,80,29,98,37.1
30089637,4,fever,1,90,113,44,19,100,35.9
30089638,1,laceration,7,86,123,85,16,98,38.9
30089639,3,shortness of breath,4,86,126,68,23,96,36.9
30089640,2,anxiety,8,89,169,92,27,94,37.8
30089641,2,abdominal pain,6,77,131,91,23,97,37.3
30089642,3,shortness of breath,4,128,107,71,20,99,38.0
30089643,2,knee pain,8,103,101,84,22,94,38.4
30089644,3,abdominal pain,0,79,121,86,12,96,38.4
30089645,2,headache,8,82,143,84,13,96,36.0
30089646,4,headache,4,94,118,93,21,97,37.8
30089647,4,shortness of breath,6,109,119,93,22,100,36.6
30089648,3,abdominal pain,3,85,131,91,18,97,37.0
30089649,3,shortness of breath,4,83,128,80,18,93,34.9
30089650,3,knee pain,4,106,114,69,18,96,38.4
30089651,4,knee pain,0,95,122,64,21,99,37.8
30089652,3,knee pain,5,78,117,90,15,97,38.1
30089653,5,anxiety,4,97,168,56,22,94,35.9
30089654,4,laceration,6,78,118,77,19,96,37.1
30089655,3,shortness of breath,7,74,107,104,21,100,36.0
30089656,3,knee pain,4,88,126,74,18,93,38.4
30089657,4,anxiety,0,81,120,78,14,98,37.8
30089658,1,knee pain,7,81,97,74,13,98,37.4
30089659,2,back pain,8,71,142,89,20,92,36.3
30089660,3,abdominal pain,0,78,120,78,25,100,36.8
30089661,1,headache,6,74,110,89,18,94,36.3
30089662,3,chest pain,6,83,167,113,11,93,37.2
30089663,3,fever,6,97,94,95,17,100,37.2
30089664,3,fall,4,65,105,67,20,93,38.7
30089665,3,headache,1,88,123,73,12,100,37.3
30089666,3,knee pain,6,84,147,89,21,100,35.8
30089667,4,fall,3,78,142,59,15,100,38.4
30089668,3,laceration,4,89,139,52,18,95,35.6
30089669,4,fever,5,81,109,108,16,99,36.9
30089670,1,headache,6,103,127,85,23,99,36.4
30089671,3,knee pain,5,91,127,97,13,96,38.0
30089672,2,headache,9,71,128,97,20,100,38.4
30089673,3,shortness of breath,0,104,125,65,16,98,35.6
30089674,3,anxiety,2,91,70,49,26,96,38.7
30089675,4,chest pain,4,73,111,53,21,100,35.8
30089676,3,back pain,5,92,92,64,25,100,37.6
30089677,2,chest pain,9,109,109,100,16,100,37.3
30089678,3,anxiety,4,85,154,80,12,98,37.5
30089679,3,abdominal pain,1,75,126,65,15,96,37.4
30089680,2,knee pain,7,108,128,94,14,100,36.2
30089681,3,anxiety,6,85,123,28,22,100,35.4
30089682,3,back pain,4,90,118,87,21,92,36.3
30089683,2,fever,10,102,103,82,13,89,35.0
30089684,3,knee pain,6,90,120,79,19,100,37.7
30089685,3,knee pain,6,43,113,80,15,99,37.1
30089686,4,back pain,1,80,143,67,19,98,36.2
30089687,1,headache,7,104,104,107,15,100,38.1
30089688,2,fever,8,92,102,77,22,91,36.2
30089689,4,fever,1,93,121,71,18,98,37.7
30089690,1,headache,10,89,125,76,8,95,37.7
30089691,3,chest pain,5,111,136,74,16,97,36.5
30089692,3,headache,5,74,128,77,18,94,36.6
30089693,3,fall,5,116,97,86,15,100,37.4
30089694,3,back pain,5,85,109,97,21,95,37.9
30089695,3,abdominal pain,7,52,98,92,16,100,37.2
30089696,4,anxiety,1,83,96,81,23,96,36.8
30089697,5,anxiety,1,78,119,65,15,92,37.1
30089698,4,headache,3,95,101,70,15,96,36.7
30089699,4,shortness of breath,2,77,95,103,19,98,37.4
30089700,4,fever,0,69,160,86,12,94,36.6
30089701,3,back pain,6,86,131,78,20,96,38.0
30089702,3,back pain,2,72,154,73,23,96,35.6
30089703,3,fall,1,100,134,78,21,96,35.8
30089704,4,shortness of breath,2,91,101,87,16,100,37.6
30089705,2,shortness of breath,7,88,111,76,8,97,36.9
30089706,4,chest pain,5,63,124,69,17,94,39.1
30089707,2,headache,9,93,147,76,18,94,39.0
30089708,3,fall,5,111,124,81,18,100,37.2
30089709,3,chest pain,6,107,133,74,21,94,38.1
30089710,4,shortness of breath,7,82,106,77,20,94,36.5
30089711,3,back pain,3,103,127,86,22,94,36.0
30089712,3,chest pain,7,55,148,69,26,95,36.5
30089713,4,knee pain,7,97,101,72,19,96,37.2
30089714,4,shortness of breath,3,51,96,82,18,98,36.9
30089715,3,abdominal pain,5,109,126,93,14,92,36.9
30089716,4,fever,2,72,107,96,21,93,36.2
30089717,3,chest pain,7,94,110,101,12,94,35.8
30089718,3,back pain,4,104,125,81,18,95,36.9
30089719,1,knee pain,6,70,102,81,18,94,37.6
30089720,3,laceration,5,99,108,87,10,100,36.9
30089721,2,fever,6,91,124,77,16,98,37.9
30089722,4,knee pain,1,106,149,91,15,94,37.3
30089723,3,anxiety,1,107,154,71,16,92,37.3
30089724,5,laceration,0,122,136,69,18,99,37.4
30089725,3,anxiety,6,95,109,113,16,98,35.0
30089726,3,chest pain,6,113,89,105,23,96,38.6
30089727,5,fever,7,82,105,106,15,98,36.4
30089728,3,laceration,7,80,127,89,19,95,36.9
30089729,2,fever,10,96,75,68,14,98,37.5
30089730,2,back pain,9,85,123,101,18,95,37.1
30089731,3,chest pain,4,65,155,113,19,97,36.5
30089732,2,fall,10,108,165,74,8,98,37.1
30089733,3,knee pain,0,71,112,70,18,94,36.3
30089734,3,headache,7,65,154,78,19,92,36.9
30089735,1,abdominal pain,8,114,143,88,18,94,36.5
30089736,4,chest pain,1,73,144,87,17,99,37.2
30089737,4,back pain,7,99,136,87,24,99,38.4
30089738,3,knee pain,4,101,105,77,22,99,35.8
30089739,4,knee pain,2,88,123,69,19,94,36.2
30089740,2,anxiety,6,67,158,114,20,95,37.2
30089741,3,chest pain,5,102,121,100,14,94,36.8
30089742,4,anxiety,4,91,136,98,19,100,37.2
30089743,2,anxiety,10,103,99,67,22,96,36.4
30089744,3,anxiety,3,93,134,90,21,95,37.4
30089745,3,fall,0,86,100,83,19,96,37.4
30089746,3,shortness of breath,4,86,151,104,16,95,37.9
30089747,2,abdominal pain,9,84,110,65,21,97,37.1
30089748,2,fever,8,79,116,79,15,100,36.2
30089749,2,knee pain,6,59,125,58,18,98,36.0
30089750,5,back pain,6,77,73,85,14,93,36.7
30089751,3,fever,3,98,123,95,16,90,38.7
30089752,3,chest pain,0,82,111,46,15,95,37.9
30089753,2,laceration,9,84,138,106,21,98,37.4
30089754,3,chest pain,5,93,123,92,19,95,36.0
30089755,5,laceration,1,94,119,73,14,94,37.3
30089756,3,fever,2,81,119,79,25,99,36.3
30089757,2,laceration,10,97,141,96,15,97,37.3
30089758,3,headache,5,84,114,64,16,100,37.3
30089759,4,back pain,0,96,111,71,18,97,36.6
30089760,3,anxiety,7,74,162,93,18,96,36.8
30089761,2,headache,8,54,80,79,17,96,35.1
30089762,3,abdominal pain,3,73,128,96,25,100,37.4
30089763,5,fall,6,97,115,79,20,94,36.4
30089764,3,shortness of breath,4,102,138,55,16,100,38.0
30089765,3,fall,2,73,148,89,22,99,37.3
30089766,4,knee pain,2,116,114,103,20,91,36.0
30089767,2,knee pain,6,98,136,93,14,100,36.1
30089768,4,shortness of breath,0,77,126,75,15,97,38.8
30089769,3,chest pain,3,81,108,94,14,100,37.5
30089770,3,fall,2,75,114,84,20,98,36.3
30089771,4,fall,5,116,127,86,20,94,38.6
30089772,5,chest pain,5,72,130,81,17,94,36.3
30089773,3,fall,2,98,154,105,21,95,36.9
30089774,2,abdominal pain,7,95,158,68,21,93,37.7
30089775,4,fever,4,56,120,74,21,92,36.3
30089776,2,back pain,8,99,114,88,23,97,36.7
30089777,3,knee pain,1,85,153,85,15,100,36.4
30089778,3,anxiety,2,100,105,82,19,100,37.4
30089779,1,anxiety,6,86,124,90,18,94,36.1
30089780,3,abdominal pain,6,95,75,95,21,99,36.0
30089781,2,fever,7,102,124,75,26,98,35.9
30089782,2,abdominal pain,6,86,146,73,19,97,36.8
30089783,2,anxiety,7,84,121,94,19,90,38.0
30089784,5,back pain,4,81,102,92,21,95,38.1
30089785,3,laceration,1,115,83,106,12,97,36.4
30089786,3,laceration,7,91,152,110,14,98,38.2
30089787,3,laceration,7,95,138,89,17,99,38.1
30089788,5,shortness of breath,5,80,124,84,15,100,37.4
30089789,2,knee pain,8,74,165,97,24,100,36.6
30089790,4,abdominal pain,3,124,149,63,23,97,36.3
30089791,4,laceration,7,81,85,83,22,93,37.4
30089792,3,abdominal pain,5,84,136,83,21,99,36.1
30089793,3,fever,7,96,131,62,18,95,36.4
30089794,3,fever,6,91,139,96,19,97,37.1
30089795,3,knee pain,7,78,104,96,10,97,37.3
30089796,3,back pain,2,78,143,106,18,94,36.6
30089797,4,knee pain,0,97,163,67,22,96,37.4
30089798,3,fall,7,92,117,60,24,100,37.5
30089799,3,knee pain,3,71,156,96,19,90,37.7
30089800,3,chest pain,2,80,125,53,22,98,36.9
30089801,2,fever,10,85,155,97,20,99,37.2
30089802,4,headache,5,83,105,75,21,98,37.6
30089803,3,fall,4,65,151,85,19,96,37.1
30089804,3,chest pain,3,80,164,74,18,95,36.2
30089805,3,laceration,1,85,128,76,26,94,37.1
30089806,2,chest pain,8,63,98,71,24,92,36.5
30089807,1,laceration,9,102,98,77,16,100,37.5
30089808,2,fever,7,93,122,87,18,100,36.7
30089809,3,fever,5,83,89,83,17,94,36.4
30089810,5,laceration,1,98,101,80,23,99,36.0
30089811,4,abdominal pain,7,79,103,90,9,92,35.8
30089812,1,anxiety,6,86,140,93,14,98,37.0
30089813,3,headache,1,82,121,77,14,100,36.8
30089814,4,fever,1,82,99,97,20,92,36.6
30089815,3,laceration,2,106,141,99,19,100,36.7
30089816,3,anxiety,6,93,132,84,21,99,35.7
30089817,4,knee pain,3,78,162,80,18,93,36.5
30089818,3,headache,5,103,122,78,25,96,37.5
30089819,3,knee pain,5,73,163,86,15,97,37.4
30089820,3,back pain,0,101,96,75,18,99,37.2
30089821,4,back pain,5,81,146,81,21,100,37.7
30089822,3,anxiety,6,57,115,79,17,100,37.0
30089823,3,back pain,2,98,143,58,19,100,37.1
30089824,3,shortness of breath,0,75,114,71,22,99,36.8
30089825,4,headache,7,102,151,71,17,96,37.0
30089826,3,fall,4,67,102,67,24,91,36.9
30089827,3,fall,6,80,135,112,20,94,37.8
30089828,3,abdominal pain,2,76,139,91,23,99,34.0
30089829,2,headache,8,69,107,82,17,98,37.7
30089830,4,headache,7,73,133,90,12,99,37.8
30089831,2,fever,6,91,121,62,18,97,36.5
30089832,2,knee pain,6,74,118,71,14,95,36.4
30089833,3,fall,1,80,135,64,10,95,36.4
30089834,3,fever,4,88,53,90,15,98,36.4
30089835,3,back pain,6,86,130,60,15,100,37.6
30089836,3,shortness of breath,0,59,130,88,9,95,36.0
30089837,3,chest pain,4,83,126,76,13,97,36.7
30089838,3,fever,5,73,117,86,21,95,36.1
30089839,2,chest pain,9,101,121,92,12,95,37.0
30089840,3,laceration,1,77,124,77,16,92,37.5
30089841,4,back pain,4,94,135,66,11,95,36.2
30089842,4,abdominal pain,4,77,115,89,13,94,35.5
30089843,3,fall,2,88,105,44,17,96,36.5
30089844,3,laceration,5,45,135,79,15,90,37.4
30089845,3,back pain,6,102,148,40,19,100,36.9
30089846,3,shortness of breath,3,80,109,85,15,92,35.0
30089847,3,shortness of breath,0,90,127,79,25,97,35.3
30089848,3,knee pain,2,90,105,75,19,95,35.4
30089849,3,abdominal pain,3,83,104,84,25,95,38.4
30089850,3,laceration,2,96,112,74,21,98,35.7
30089851,3,shortness of breath,6,96,130,101,19,100,37.5
30089852,2,back pain,6,92,122,82,13,98,35.8
30089853,3,headache,6,82,145,82,18,96,38.4
30089854,4,headache,6,92,126,99,13,98,35.4
30089855,4,fever,0,57,154,82,18,100,36.6
30089856,2,chest pain,10,83,100,66,20,100,37.4
30089857,3,back pain,3,96,106,89,14,98,38.0
30089858,3,back pain,2,65,136,90,9,98,37.2
30089859,2,anxiety,8,76,125,80,12,100,37.0
30089860,4,knee pain,7,103,127,68,20,96,38.0
30089861,3,fever,3,69,103,59,10,95,36.0
30089862,1,fall,8,83,116,69,15,100,37.8
30089863,2,shortness of breath,10,87,121,102,18,100,36.4
30089864,3,anxiety,7,79,140,85,14,92,36.9
30089865,3,headache,4,96,117,108,17,94,36.7
30089866,3,back pain,1,74,143,89,21,93,37.4
30089867,4,chest pain,3,92,134,68,18,95,36.9
30089868,3,back pain,7,87,150,83,16,97,35.5
30089869,2,abdominal pain,7,76,116,67,15,100,36.8
30089870,3,fall,1,79,101,58,17,97,37.4
30089871,2,shortness of breath,8,91,140,76,22,97,35.8
30089872,4,knee pain,4,66,121,94,20,98,37.2
30089873,3,abdominal pain,2,95,86,96,17,98,37.6
30089874,2,fall,9,54,166,74,16,95,38.7
30089875,4,fall,4,107,157,86,14,100,36.2
30089876,2,abdominal pain,6,86,111,72,21,99,38.0
30089877,3,laceration,6,99,104,82,18,97,37.8
30089878,2,chest pain,10,78,123,95,20,95,37.9
30089879,4,fever,7,124,133,54,16,97,37.2
30089880,4,knee pain,6,90,112,72,15,99,36.5
30089881,3,fever,0,66,139,66,17,99,36.5
30089882,2,fever,8,97,117,61,13,98,38.6
30089883,2,fall,8,64,130,80,22,93,37.0
30089884,3,fall,3,74,104,59,25,100,37.4
30089885,3,fall,6,96,117,78,17,100,36.6
30089886,1,fall,8,74,152,69,11,100,37.8
30089887,3,abdominal pain,4,83,123,90,23,97,36.7
30089888,3,fall,3,76,158,48,21,100,36.9
30089889,3,abdominal pain,7,85,106,81,13,100,36.2
30089890,3,chest pain,3,84,110,87,12,89,37.8
30089891,4,back pain,7,97,115,93,20,97,36.5
30089892,3,knee pain,2,129,115,68,15,100,38.2
30089893,4,abdominal pain,2,70,146,57,21,94,37.0
30089894,3,shortness of breath,4,105,122,78,15,100,37.2
30089895,3,back pain,3,79,152,71,19,98,38.1
30089896,2,abdominal pain,6,89,133,94,22,97,36.8
30089897,2,knee pain,8,66,135,80,16,93,37.5
30089898,1,knee pain,9,89,129,120,17,100,37.9
30089899,4,headache,2,83,124,73,20,99,37.2
30089900,3,chest pain,3,87,110,60,24,97,36.8
30089901,2,chest pain,6,97,105,83,23,98,37.7
30089902,5,fall,2,106,154,80,26,98,36.1
30089903,2,back pain,8,95,116,97,19,100,36.7
30089904,4,laceration,5,76,141,110,21,100,36.4
30089905,3,shortness of breath,4,103,133,93,12,94,37.0
30089906,2,chest pain,8,93,131,88,23,97,36.0
30089907,4,laceration,1,93,122,85,19,99,36.7
30089908,3,fever,4,81,162,94,13,100,37.3
30089909,4,back pain,0,85,108,94,16,100,36.5
30089910,3,back pain,4,74,109,98,18,100,38.5
30089911,3,abdominal pain,6,71,130,84,19,96,37.9
30089912,3,chest pain,1,84,122,74,17,94,36.6
30089913,2,headache,10,81,118,69,22,93,38.2
30089914,4,shortness of breath,0,73,108,106,21,99,36.6
30089915,3,shortness of breath,4,101,145,78,24,93,38.4
30089916,3,headache,3,92,161,80,17,95,36.2
30089917,3,shortness of breath,1,90,140,58,19,100,37.2
30089918,3,fever,5,83,96,86,17,96,38.2
30089919,3,shortness of breath,3,82,116,102,20,96,36.4
30089920,3,laceration,2,55,102,70,21,98,36.7
30089921,3,chest pain,2,75,140,77,21,100,37.1
30089922,3,chest pain,6,87,172,63,29,98,37.5
30089923,3,shortness of breath,1,78,157,74,21,96,36.6
30089924,4,back pain,7,81,118,93,21,96,37.1
30089925,1,abdominal pain,10,110,116,57,15,97,36.7
30089926,3,abdominal pain,6,71,107,87,8,95,36.4
30089927,2,back pain,6,86,122,68,23,97,36.8
30089928,4,fall,6,84,93,80,17,100,36.9
30089929,1,headache,9,71,148,65,15,92,36.3
30089930,3,abdominal pain,4,91,119,74,17,98,36.9
30089931,3,back pain,2,73,130,92,20,94,37.7
30089932,3,chest pain,7,70,103,75,22,95,37.5
30089933,1,shortness of breath,9,87,133,93,19,97,37.6
30089934,3,laceration,3,79,145,61,18,90,37.3
30089935,3,abdominal pain,7,70,128,41,24,97,36.2
30089936,3,anxiety,3,58,149,96,19,94,37.3
30089937,3,abdominal pain,6,70,101,70,15,98,38.6
30089938,3,headache,0,101,117,82,20,97,35.7
30089939,3,anxiety,4,113,114,86,18,96,36.7
30089940,4,headache,0,91,113,92,14,99,36.5
30089941,2,shortness of breath,8,88,132,83,22,97,37.4
30089942,3,chest pain,7,92,108,66,24,97,37.4
30089943,3,anxiety,1,82,160,62,14,94,36.9
30089944,4,abdominal pain,3,90,110,66,16,97,36.2
30089945,2,back pain,9,112,124,52,20,98,37.9
30089946,3,knee pain,3,99,113,86,24,97,38.0
30089947,3,knee pain,2,93,86,64,22,100,37.8
30089948,2,headache,10,94,123,105,23,98,37.7
30089949,3,back pain,5,83,155,80,17,96,37.5
30089950,3,knee pain,1,73,155,84,17,97,35.8
30089951,3,laceration,3,93,151,74,24,96,36.9
30089952,2,fever,7,65,147,99,20,100,37.1
30089953,2,shortness of breath,7,92,100,51,20,99,37.1
30089954,4,anxiety,2,86,166,48,12,99,36.3
30089955,2,fall,6,79,117,97,15,97,37.7
30089956,4,back pain,4,58,139,57,13,99,37.0
30089957,4,fall,4,91,140,68,21,98,35.8
30089958,4,shortness of breath,7,88,135,96,23,97,37.6
30089959,3,knee pain,5,95,112,92,18,96,36.1
30089960,1,headache,9,101,134,91,17,94,37.6
30089961,3,chest pain,5,72,142,91,18,97,36.7
30089962,3,knee pain,1,96,107,102,20,93,36.8
30089963,3,back pain,7,93,161,75,16,89,36.4
30089964,3,headache,7,70,169,84,19,91,37.5
30089965,3,chest pain,3,48,124,85,9,95,36.6
30089966,5,anxiety,7,83,130,79,22,94,36.4
30089967,5,chest pain,1,83,142,87,22,98,37.2
30089968,2,laceration,9,69,150,67,14,100,37.0
30089969,3,knee pain,4,83,177,80,20,96,36.6
30089970,3,anxiety,4,68,88,67,16,99,36.3
30089971,3,fever,1,85,119,69,16,100,37.0
30089972,3,back pain,1,96,164,70,20,94,35.7
30089973,4,abdominal pain,2,80,97,95,14,95,38.4
30089974,3,knee pain,0,86,128,67,22,100,36.1
30089975,3,knee pain,4,77,119,51,21,93,36.9
30089976,3,fall,7,100,125,95,17,95,35.9
30089977,2,knee pain,10,70,148,64,17,96,38.6
30089978,3,laceration,6,83,130,88,13,99,36.1
30089979,3,chest pain,0,78,132,87,26,92,37.2
30089980,4,knee pain,4,87,78,56,15,93,37.7
30089981,1,knee pain,8,83,114,81,23,97,37.6
30089982,4,shortness of breath,2,93,114,81,15,97,36.2
30089983,3,anxiety,5,123,120,77,16,94,36.1
30089984,2,knee pain,6,92,108,77,19,99,36.9
30089985,3,laceration,6,75,139,87,21,97,37.1
30089986,2,fever,8,72,160,52,24,98,36.7
30089987,3,knee pain,1,70,109,81,13,97,38.0
30089988,3,laceration,5,68,132,87,13,91,38.3
30089989,2,anxiety,10,62,148,61,20,96,35.9
30089990,3,abdominal pain,1,73,127,82,15,100,37.0
30089991,2,shortness of breath,8,113,76,75,17,96,37.5
30089992,4,back pain,4,84,122,78,12,98,37.6
30089993,3,fall,1,107,135,117,14,97,36.7
30089994,3,anxiety,5,84,147,75,17,100,36.3
30089995,3,fall,6,68,116,86,20,97,38.3
30089996,1,fever,6,89,119,77,11,98,37.5
30089997,3,laceration,0,64,131,99,18,95,36.9
30089998,4,anxiety,5,86,159,78,17,99,37.7
30089999,4,anxiety,7,70,125,85,20,97,35.3
30090000,2,laceration,10,94,126,58,19,96,37.7
30090001,4,back pain,6,85,144,85,12,97,37.4
30090002,4,anxiety,5,81,73,77,21,100,37.6
30090003,3,abdominal pain,7,95,91,65,18,97,37.4
30090004,3,headache,4,89,135,78,16,98,37.6
30090005,1,back pain,9,93,113,103,17,98,35.2
30090006,3,laceration,3,125,146,57,23,95,36.9
30090007,2,knee pain,8,49,129,98,16,100,34.6
30090008,3,abdominal pain,7,60,149,53,15,95,36.3
30090009,2,fall,10,84,144,73,17,95,36.2
30090010,3,shortness of breath,4,91,136,97,15,95,36.0
30090011,4,knee pain,2,84,116,75,13,96,37.5
30090012,3,headache,4,92,116,106,19,97,36.8
30090013,3,headache,5,104,138,89,21,100,36.5
30090014,3,chest pain,3,65,128,51,13,91,36.1
30090015,3,back pain,5,70,111,84,14,100,36.6
30090016,3,knee pain,6,101,134,60,14,97,37.1
30090017,3,fever,1,103,136,65,19,95,37.2
30090018,4,knee pain,3,57,172,85,17,93,37.1
30090019,3,headache,3,60,103,73,17,99,37.0
30090020,3,fever,7,82,129,78,24,93,38.4
30090021,4,laceration,2,60,137,75,22,98,36.3
30090022,3,anxiety,2,127,139,90,24,93,36.2
30090023,2,fever,10,67,142,100,21,97,38.0
30090024,3,chest pain,7,101,103,72,18,95,37.4
30090025,4,chest pain,2,66,136,71,24,97,37.6
30090026,4,fall,3,94,79,56,23,94,37.2
30090027,3,headache,4,70,100,108,23,95,36.0
30090028,3,abdominal pain,1,66,128,122,17,97,36.1
30090029,3,fall,6,106,118,70,20,95,38.2
30090030,3,laceration,3,92,174,74,16,96,38.5
30090031,3,headache,0,92,94,75,17,99,37.3
30090032,3,headache,3,95,107,67,16,98,34.8
30090033,3,back pain,5,83,127,81,23,98,37.1
30090034,3,fall,3,74,162,92,9,96,36.1
30090035,3,fall,6,93,131,62,20,92,36.9
30090036,3,knee pain,4,87,131,70,14,96,36.3
30090037,4,fever,3,99,119,84,18,93,37.7
30090038,1,anxiety,10,56,107,84,14,98,37.7
30090039,4,chest pain,4,105,137,92,21,92,35.9
30090040,2,knee pain,7,61,127,123,13,91,37.1
30090041,2,shortness of breath,8,115,133,98,20,97,36.8
30090042,1,back pain,6,85,103,84,18,95,36.6
30090043,1,shortness of breath,8,84,111,91,17,94,36.3
30090044,1,back pain,7,80,147,111,17,97,35.5
30090045,3,knee pain,5,103,148,84,24,96,38.2
30090046,3,chest pain,4,85,104,94,16,98,36.9
30090047,3,headache,2,83,113,39,20,99,37.5
30090048,3,laceration,3,77,148,71,14,97,36.2
30090049,5,fall,7,44,152,108,25,99,36.7
30090050,3,headache,2,83,97,79,9,97,36.5
30090051,2,headache,10,79,157,90,13,99,37.3
30090052,3,back pain,6,69,90,69,22,100,36.5
30090053,3,shortness of breath,0,89,152,98,17,98,37.0
30090054,5,back pain,6,51,153,81,15,93,37.4
30090055,3,knee pain,6,84,127,87,21,90,37.0
30090056,4,chest pain,4,100,132,44,25,94,37.8
30090057,2,laceration,9,82,118,83,21,100,36.9
30090058,5,fall,1,124,131,56,18,90,36.7
30090059,5,abdominal pain,6,75,121,68,21,100,37.2
30090060,2,chest pain,8,98,102,93,30,95,36.8
30090061,2,back pain,8,89,100,63,17,94,37.9
30090062,3,fall,0,97,119,90,16,98,36.0
30090063,3,headache,3,92,111,55,25,93,37.3
30090064,3,anxiety,7,74,114,73,9,100,36.8
30090065,3,fever,6,117,104,80,27,94,36.7
30090066,2,shortness of breath,9,62,133,81,21,98,37.4
30090067,3,laceration,6,72,114,63,16,98,36.7
30090068,3,shortness of breath,4,59,109,74,14,100,37.1
30090069,4,abdominal pain,4,81,128,74,22,96,38.3
30090070,3,knee pain,5,76,112,101,12,93,36.9
30090071,1,back pain,7,106,128,99,20,95,35.8
30090072,2,knee pain,8,95,134,45,18,96,35.1
30090073,2,fever,8,72,97,55,16,100,37.5
30090074,3,laceration,0,88,126,80,18,96,36.6
30090075,4,anxiety,1,102,103,107,16,100,37.6
30090076,2,headache,9,80,106,70,22,100,36.0
30090077,4,anxiety,1,89,105,78,16,97,36.6
30090078,4,anxiety,1,101,107,71,13,100,37.6
30090079,3,headache,4,46,127,68,21,100,38.4
30090080,1,fever,9,83,90,62,12,98,37.6
30090081,2,laceration,9,91,141,84,18,100,36.8
30090082,3,shortness of breath,5,85,139,65,20,100,36.8
30090083,2,abdominal pain,10,84,133,108,12,98,36.0
30090084,2,laceration,9,85,107,84,17,97,37.2
30090085,1,headache,9,85,154,78,18,95,37.4
30090086,3,back pain,2,88,130,80,16,97,37.7
30090087,4,shortness of breath,2,92,150,82,18,97,37.3
30090088,2,abdominal pain,9,75,99,100,17,99,37.6
30090089,3,back pain,4,67,100,81,16,96,37.5
30090090,2,back pain,8,96,127,65,21,100,36.7
30090091,3,headache,5,99,114,96,22,100,36.7
30090092,4,laceration,4,97,133,68,15,98,38.0
30090093,2,fever,7,62,128,83,19,97,36.2
30090094,4,laceration,7,95,156,83,15,99,36.5
30090095,3,fever,5,72,109,75,24,100,37.9
30090096,4,knee pain,2,79,94,118,15,100,37.0
30090097,2,chest pain,9,93,133,75,16,96,36.6
30090098,3,back pain,2,90,135,61,18,97,37.0
30090099,3,shortness of breath,1,51,122,92,15,96,36.7
30090100,3,fever,7,106,131,110,19,99,37.0
30090101,3,chest pain,0,84,136,58,19,94,37.7
30090102,5,chest pain,1,65,98,62,15,100,37.5
30090103,4,anxiety,5,63,99,120,14,100,38.8
30090104,2,fever,7,41,119,63,22,95,37.5
30090105,2,chest pain,10,91,133,105,15,95,37.3
30090106,2,fever,6,71,126,88,14,96,36.5
30090107,4,laceration,7,73,115,66,13,94,36.0
30090108,1,back pain,8,86,85,77,18,100,36.1
30090109,2,abdominal pain,6,96,124,105,18,93,37.6
30090110,3,knee pain,4,86,86,71,27,96,37.9
30090111,3,knee pain,6,63,120,89,18,93,38.9
30090112,3,back pain,0,118,135,61,22,97,38.0
30090113,4,shortness of breath,4,100,136,83,18,100,37.2
30090114,2,fall,8,67,148,103,13,100,37.5
30090115,3,abdominal pain,3,123,119,57,19,98,36.6
30090116,3,shortness of breath,1,77,137,86,8,98,37.7
30090117,4,headache,0,78,137,73,18,100,37.3
30090118,3,abdominal pain,2,86,137,102,26,98,36.7
30090119,3,fall,3,53,101,89,14,100,36.5
30090120,3,fever,6,75,113,89,22,94,37.1
30090121,2,chest pain,10,90,118,112,19,97,37.3
30090122,3,fall,6,108,143,65,14,95,36.6
30090123,3,fall,6,103,123,64,17,100,37.8
30090124,1,shortness of breath,8,77,133,33,26,100,37.6
30090125,4,back pain,2,80,122,69,23,97,36.4
30090126,2,anxiety,8,80,115,57,15,95,37.7
30090127,2,chest pain,9,69,113,78,14,91,37.1
30090128,4,headache,6,80,110,81,14,94,37.1
30090129,3,fever,3,94,112,110,14,94,36.4
30090130,1,fall,10,81,101,74,20,96,37.5
30090131,2,knee pain,9,89,128,79,21,100,37.0
30090132,3,back pain,3,89,140,88,22,96,36.9
30090133,2,anxiety,7,92,128,78,21,95,36.4
30090134,5,laceration,3,62,109,82,26,99,36.5
30090135,3,laceration,7,101,118,69,21,100,36.5
30090136,4,chest pain,4,95,103,86,16,94,36.0
30090137,3,fall,6,96,108,99,14,94,37.6
30090138,3,laceration,2,106,90,95,20,100,36.5
30090139,3,chest pain,2,74,100,91,19,100,35.9
30090140,2,chest pain,9,54,152,63,15,100,37.3
30090141,1,headache,7,96,120,99,18,96,37.7
30090142,3,headache,5,80,140,81,18,96,36.8
30090143,4,fall,5,104,166,113,17,97,37.3
30090144,3,anxiety,2,97,140,74,14,100,35.6
30090145,2,fever,6,86,135,77,21,98,36.9
30090146,3,headache,6,86,122,79,19,95,36.6
30090147,4,fever,5,60,133,80,11,100,37.7
30090148,1,chest pain,7,94,133,81,20,98,37.0
30090149,3,anxiety,3,91,139,77,17,96,39.0
30090150,3,abdominal pain,3,65,142,72,20,97,37.8
30090151,2,fall,8,76,120,72,15,99,35.9
30090152,2,fall,7,126,133,68,15,95,37.6
30090153,4,fever,1,80,144,63,14,96,37.2
30090154,1,abdominal pain,10,70,105,89,22,93,38.7
30090155,2,fall,10,77,137,93,31,100,37.3
30090156,1,fever,10,71,184,83,21,95,37.0
30090157,5,laceration,0,78,117,66,20,91,36.7
30090158,3,shortness of breath,3,94,134,82,18,95,37.7
30090159,3,shortness of breath,1,77,119,93,17,92,37.6
30090160,3,fall,2,48,115,80,15,99,36.7
30090161,3,laceration,5,55,141,65,12,100,37.7
30090162,3,laceration,2,102,135,103,15,95,37.1
30090163,3,chest pain,0,85,128,73,24,95,36.7
30090164,3,anxiety,1,75,113,89,10,94,37.2
30090165,1,chest pain,8,94,105,57,18,98,37.1
30090166,3,anxiety,7,114,160,80,16,99,36.6
30090167,3,fall,1,88,135,77,13,100,36.5
30090168,2,laceration,6,84,120,125,13,95,35.7
30090169,1,anxiety,8,81,142,92,21,95,36.7
30090170,3,fever,5,91,125,70,19,100,37.7
30090171,4,back pain,3,74,152,69,15,97,37.4
30090172,3,laceration,0,85,98,85,18,94,37.6
30090173,3,back pain,7,97,139,69,25,95,36.5
30090174,4,back pain,2,79,116,71,15,99,37.1
30090175,3,headache,0,136,135,90,15,99,36.8
30090176,4,back pain,6,79,128,78,23,98,36.0
30090177,4,shortness of breath,2,82,134,92,14,94,37.0
30090178,3,back pain,1,103,121,71,14,93,37.3
30090179,3,abdominal pain,6,82,119,111,22,98,37.0
30090180,2,headache,6,95,135,76,18,100,37.3
30090181,2,chest pain,6,101,127,55,20,94,36.6
30090182,4,abdominal pain,6,104,105,60,16,94,39.1
30090183,4,anxiety,1,85,149,88,23,98,37.2
30090184,2,chest pain,7,86,111,110,18,100,36.4
30090185,4,abdominal pain,1,90,129,78,18,100,38.5
30090186,4,anxiety,2,90,136,100,19,94,37.3
30090187,2,chest pain,6,106,115,97,21,95,38.1
30090188,3,chest pain,3,76,120,71,21,97,36.4
30090189,4,abdominal pain,5,72,141,85,17,95,36.1
30090190,3,anxiety,7,88,134,104,20,94,37.2
30090191,3,knee pain,2,91,157,59,20,95,36.8
30090192,4,knee pain,6,69,137,84,24,98,37.8
30090193,4,fall,3,88,120,97,22,95,37.6
30090194,4,shortness of breath,7,93,113,65,16,99,37.1
30090195,3,fall,4,54,116,100,12,100,38.1
30090196,2,fall,9,71,111,92,13,97,37.3
30090197,3,fall,3,79,108,72,18,98,36.7
30090198,4,back pain,6,73,86,64,18,99,37.0
30090199,3,fall,5,100,120,77,16,97,38.4
30090200,3,chest pain,4,89,144,51,16,99,37.0
30090201,4,knee pain,7,73,160,55,17,95,36.8
30090202,3,anxiety,4,97,84,73,26,97,36.9
30090203,4,fall,3,92,129,72,20,94,36.7
30090204,3,shortness of breath,2,80,129,86,11,97,36.6
30090205,3,laceration,5,98,151,87,20,95,37.0
30090206,5,headache,4,95,127,74,12,99,37.4
30090207,3,back pain,1,81,108,83,15,94,36.1
30090208,3,laceration,2,99,145,106,10,94,36.7
30090209,4,abdominal pain,5,86,131,79,24,92,38.3
30090210,3,shortness of breath,2,75,141,75,22,98,37.3
30090211,2,abdominal pain,9,74,81,79,13,95,37.3
30090212,3,chest pain,2,78,113,62,20,100,36.9
30090213,3,anxiety,4,78,91,99,19,97,38.1
30090214,3,fall,6,87,93,68,25,97,35.5
30090215,3,fever,2,65,119,113,13,97,36.9
30090216,2,laceration,7,75,113,79,17,96,37.1
30090217,3,abdominal pain,7,106,127,80,14,93,38.6
30090218,4,fall,3,107,105,92,17,95,36.7
30090219,3,knee pain,6,77,113,95,17,100,37.2
30090220,2,laceration,7,85,119,90,12,95,36.1
30090221,3,headache,5,88,104,59,18,93,38.3
30090222,3,fall,7,70,164,91,17,100,36.8
30090223,3,fall,0,84,152,98,23,96,37.5
30090224,3,laceration,1,94,139,71,18,100,36.9
30090225,2,shortness of breath,6,81,108,83,24,97,37.6
30090226,3,fever,6,92,148,62,14,100,36.8
30090227,3,knee pain,6,98,140,83,14,100,37.0
30090228,3,chest pain,1,91,129,74,22,99,36.0
30090229,3,anxiety,7,78,109,95,22,100,36.9
30090230,3,knee pain,1,83,120,99,20,93,37.2
30090231,4,fever,2,103,159,80,22,100,36.4
30090232,3,fall,5,86,116,85,19,97,38.3
30090233,2,chest pain,7,81,161,80,14,95,35.1
30090234,3,fall,6,76,159,57,17,98,37.4
30090235,4,chest pain,7,63,153,72,21,98,36.9
30090236,3,knee pain,4,74,117,90,15,91,38.2
30090237,3,abdominal pain,1,91,129,102,18,100,36.1
30090238,2,chest pain,6,83,107,98,17,100,35.4
30090239,3,knee pain,6,94,127,84,19,94,36.0
30090240,1,back pain,7,79,116,117,13,100,36.3
30090241,3,chest pain,4,85,109,81,27,90,37.3
30090242,3,abdominal pain,3,48,117,55,20,94,37.3
30090243,2,laceration,8,65,171,69,10,95,34.6
30090244,3,back pain,2,79,139,94,22,97,36.7
30090245,3,headache,1,70,133,91,15,97,37.6
30090246,3,chest pain,2,101,119,97,19,99,37.8
30090247,5,abdominal pain,5,81,104,105,22,97,36.4
30090248,2,shortness of breath,9,93,113,57,15,98,35.9
30090249,3,abdominal pain,3,86,121,78,19,96,38.1
30090250,3,back pain,7,70,134,75,14,100,37.5
30090251,3,back pain,5,84,105,76,22,100,36.3
30090252,2,knee pain,7,83,142,96,19,95,37.9
30090253,3,knee pain,1,73,130,83,15,96,37.0
30090254,4,chest pain,1,88,109,75,23,96,35.3
30090255,3,fall,5,99,131,66,12,96,36.9
30090256,3,chest pain,2,67,106,57,16,97,36.1
30090257,3,headache,2,48,124,73,16,96,36.1
30090258,3,chest pain,0,66,102,70,17,100,37.4
30090259,4,laceration,5,65,145,76,19,100,35.9
30090260,3,headache,2,72,138,71,24,95,36.2
30090261,5,shortness of breath,0,95,112,85,17,94,36.1
30090262,3,laceration,2,83,108,90,20,100,38.9
30090263,1,shortness of breath,9,100,142,88,20,95,36.7
30090264,2,abdominal pain,6,97,137,78,21,98,37.7
30090265,3,fall,2,77,106,87,19,98,38.3
30090266,3,anxiety,1,95,127,87,14,97,35.8
30090267,3,fall,7,70,125,92,21,95,37.9
30090268,1,chest pain,6,60,122,95,14,98,36.3
30090269,2,fever,6,101,143,71,14,100,35.9
30090270,3,fever,6,60,147,85,18,95,38.6
30090271,1,chest pain,8,90,187,77,15,95,38.1
30090272,1,headache,7,97,100,61,20,100,38.0
30090273,3,abdominal pain,5,84,133,77,14,95,36.5
30090274,3,knee pain,0,116,144,63,17,97,37.4
30090275,2,headache,10,94,116,79,19,99,37.5
30090276,3,fever,3,88,147,88,24,97,36.1
30090277,1,laceration,9,84,139,69,22,98,36.6
30090278,2,headache,9,95,121,87,15,94,37.3
30090279,4,fever,0,87,131,76,26,98,35.9
30090280,3,abdominal pain,1,73,140,75,17,98,35.7
30090281,3,laceration,0,62,144,100,18,99,35.5
30090282,4,chest pain,0,101,99,115,18,100,37.4
30090283,3,fever,2,95,145,61,17,99,39.6
30090284,3,headache,1,94,119,80,18,94,38.4
30090285,3,laceration,1,75,100,88,22,99,37.1
30090286,2,abdominal pain,8,111,118,78,17,97,36.5
30090287,1,fever,9,92,136,71,14,98,36.4
30090288,3,headache,7,94,143,106,28,97,35.3
30090289,3,back pain,4,69,136,88,13,98,36.6
30090290,3,headache,0,89,147,78,18,95,37.0
30090291,2,fever,8,63,148,98,22,99,38.2
30090292,4,knee pain,3,58,133,97,19,100,37.7
30090293,3,fever,7,102,139,90,20,94,36.6
30090294,3,abdominal pain,1,78,116,95,22,100,37.1
30090295,5,fall,0,53,123,81,22,93,36.7
30090296,3,headache,0,85,139,119,20,93,37.4
30090297,4,chest pain,0,91,140,56,13,98,36.5
30090298,3,headache,0,94,122,32,15,100,38.0
30090299,4,laceration,3,65,86,70,21,96,37.3
30090300,1,knee pain,8,103,144,80,28,95,36.1
30090301,3,anxiety,6,84,104,100,23,91,36.4
30090302,2,shortness of breath,9,87,121,47,16,100,36.6
30090303,3,fall,7,79,132,73,21,97,37.3
30090304,2,headache,7,96,130,78,13,95,36.1
30090305,4,anxiety,0,92,102,94,16,98,37.5
30090306,3,shortness of breath,1,81,127,79,13,96,37.1
30090307,3,shortness of breath,1,105,144,60,14,94,37.4
30090308,3,knee pain,5,53,112,62,11,96,36.4
30090309,2,shortness of breath,9,96,94,80,14,95,37.1
30090310,3,shortness of breath,0,108,137,90,19,94,37.1
30090311,3,knee pain,5,87,120,48,15,95,37.1
30090312,2,knee pain,7,76,144,97,19,98,36.9
30090313,2,laceration,7,94,108,84,18,96,37.0
30090314,3,abdominal pain,6,78,145,52,19,95,36.4
30090315,3,headache,7,103,136,88,28,99,36.9
30090316,3,fall,1,79,100,100,14,95,36.4
30090317,3,anxiety,4,127,129,55,22,96,36.4
30090318,3,chest pain,2,66,121,77,18,96,38.0
30090319,3,knee pain,4,67,125,100,15,91,37.1
30090320,4,fever,6,76,151,76,17,97,39.3
30090321,3,fall,4,88,106,85,18,96,36.2
30090322,2,back pain,8,64,124,92,17,93,36.8
30090323,2,anxiety,9,94,158,88,16,90,36.4
30090324,2,anxiety,7,70,123,37,20,96,37.9
30090325,3,fever,3,73,129,72,21,94,39.0
30090326,1,back pain,6,80,121,118,15,100,37.0
30090327,3,shortness of breath,2,55,127,72,18,97,38.4
30090328,1,fever,9,83,142,54,16,99,37.9
30090329,4,knee pain,4,77,116,81,21,99,36.9
30090330,3,knee pain,5,67,111,58,13,99,36.8
30090331,3,fall,2,77,112,79,16,95,36.6
30090332,3,laceration,7,85,178,75,24,90,36.0
30090333,4,anxiety,4,79,144,92,21,93,37.6
30090334,5,knee pain,4,95,128,93,21,100,38.1
30090335,3,headache,7,95,133,66,28,100,37.3
30090336,3,shortness of breath,1,101,148,60,10,92,37.7
30090337,2,laceration,9,96,112,87,17,99,36.8
30090338,3,headache,5,87,117,74,22,98,36.9
30090339,4,anxiety,5,107,113,80,14,100,38.2
30090340,3,anxiety,4,84,147,86,15,96,36.0
30090341,3,knee pain,6,70,109,89,20,98,37.8
30090342,3,fever,0,106,105,78,28,94,36.2
30090343,3,fall,6,98,137,70,13,94,37.5
30090344,2,shortness of breath,7,63,107,79,14,100,36.8
30090345,5,abdominal pain,1,75,160,94,17,91,36.3
30090346,4,back pain,1,87,94,68,16,100,36.6
30090347,3,headache,3,70,135,106,22,100,37.0
30090348,1,laceration,6,98,70,95,16,100,37.2
30090349,3,chest pain,4,73,121,95,22,94,37.6
30090350,4,back pain,2,102,153,92,12,100,36.4
30090351,2,chest pain,6,82,89,66,19,100,36.4
30090352,2,shortness of breath,9,87,77,81,16,98,36.5
30090353,3,chest pain,7,62,133,85,23,98,36.5
30090354,4,anxiety,2,89,112,80,17,92,36.9
30090355,4,abdominal pain,1,91,116,72,25,100,36.7
30090356,3,chest pain,2,89,109,78,22,95,36.8
30090357,3,back pain,0,88,152,88,17,99,36.7
30090358,2,headache,9,62,105,54,15,100,36.5
30090359,2,shortness of breath,10,93,115,60,22,94,37.2
30090360,3,abdominal pain,2,92,109,91,21,99,36.9
30090361,2,fever,7,78,111,52,20,93,36.6
30090362,3,back pain,2,92,136,109,19,99,37.1
30090363,3,abdominal pain,3,98,151,61,19,97,36.5
30090364,2,anxiety,10,94,122,107,13,99,37.4
30090365,3,fever,5,99,131,81,18,96,35.8
30090366,2,fall,7,76,94,58,18,94,38.1
30090367,3,laceration,1,55,146,85,18,93,37.3
30090368,2,knee pain,10,94,177,88,15,95,36.9
30090369,3,fever,1,82,122,67,12,100,35.6
30090370,2,laceration,10,107,111,83,18,93,36.3
30090371,3,back pain,4,81,136,65,21,98,37.2
30090372,3,back pain,6,93,125,72,18,97,36.3
30090373,2,back pain,7,102,118,66,23,96,36.6
30090374,2,anxiety,7,77,102,76,17,97,37.4
30090375,4,laceration,0,90,92,68,17,99,36.8
30090376,4,fall,1,89,135,58,22,100,37.4
30090377,4,chest pain,7,94,130,54,21,96,36.8
30090378,3,laceration,7,68,115,98,23,92,37.7
30090379,3,knee pain,1,108,129,89,24,100,35.5
30090380,3,anxiety,0,78,133,80,21,92,35.5
30090381,1,headache,7,90,144,56,17,99,36.6
30090382,3,laceration,6,71,123,78,20,93,37.2
30090383,2,back pain,7,84,126,53,20,96,37.0
30090384,2,headache,10,86,110,78,12,95,38.2
30090385,1,back pain,9,92,118,54,20,97,36.9
30090386,3,abdominal pain,5,85,85,100,18,97,38.4
30090387,3,laceration,6,78,138,96,20,96,36.6
30090388,4,headache,1,73,170,77,14,100,36.6
30090389,3,fall,3,81,130,81,15,100,38.1
30090390,4,chest pain,5,76,117,84,16,98,37.3
30090391,2,back pain,8,103,129,94,19,93,38.5
30090392,3,chest pain,4,72,113,52,23,100,37.4
30090393,2,shortness of breath,6,87,128,74,20,92,36.7
30090394,3,anxiety,5,77,123,86,14,94,36.3
30090395,3,knee pain,7,81,114,81,14,98,36.3
30090396,3,knee pain,4,96,128,98,13,100,36.8
30090397,3,anxiety,1,84,104,85,13,95,37.3
30090398,3,fall,3,100,110,83,17,98,37.5
30090399,2,abdominal pain,7,84,141,63,13,99,35.9
30090400,4,anxiety,7,74,120,76,20,100,36.3
30090401,2,knee pain,6,86,134,93,18,99,36.8
30090402,2,fever,7,91,123,65,17,99,36.8
30090403,3,shortness of breath,0,73,112,76,13,97,36.2
30090404,3,laceration,3,81,125,94,20,100,37.4
30090405,2,fall,7,94,123,74,19,98,37.1
30090406,5,knee pain,4,104,118,73,15,100,37.1
30090407,1,abdominal pain,10,98,124,46,20,100,37.0
30090408,2,fever,8,88,126,107,17,99,38.0
30090409,3,fever,7,63,147,78,22,98,37.7
30090410,3,chest pain,0,90,65,74,15,98,37.0
30090411,3,shortness of breath,1,74,146,72,17,95,38.6
30090412,4,fever,6,90,145,88,21,98,37.4
30090413,2,fever,8,82,163,70,22,96,38.0
30090414,3,headache,4,81,108,60,19,90,37.1
30090415,3,fever,3,102,142,55,22,95,35.8
30090416,3,chest pain,3,117,145,104,22,97,37.6
30090417,3,headache,1,108,123,76,21,98,36.3
30090418,3,headache,0,66,134,83,27,98,37.2
30090419,2,shortness of breath,10,101,150,87,22,93,36.8
30090420,3,shortness of breath,6,101,80,71,17,100,37.0
30090421,4,chest pain,0,87,99,94,19,95,35.5
30090422,3,fall,6,95,136,70,24,92,36.8
30090423,2,laceration,6,117,103,79,12,97,38.0
30090424,3,abdominal pain,7,76,140,82,11,100,36.5
30090425,2,back pain,6,82,131,48,21,100,36.9
30090426,3,shortness of breath,6,67,146,86,23,95,36.4
30090427,2,abdominal pain,7,87,132,119,17,97,38.4
30090428,4,headache,6,102,138,68,22,93,37.3
30090429,3,headache,1,92,132,80,11,100,36.8
30090430,4,laceration,1,82,143,55,15,95,36.4
30090431,3,chest pain,4,93,105,53,20,100,36.4
30090432,2,shortness of breath,7,89,116,97,15,97,38.2
30090433,4,fall,4,118,123,76,11,91,35.8
30090434,4,chest pain,5,80,128,85,12,96,35.7
30090435,3,abdominal pain,2,111,160,98,16,97,36.1
30090436,4,headache,5,71,145,83,7,100,36.2
30090437,3,fall,6,65,111,61,17,99,37.0
30090438,3,headache,0,90,129,86,16,99,36.6
30090439,3,headache,4,82,117,96,18,97,35.2
30090440,3,headache,4,68,122,92,11,95,37.5
30090441,3,anxiety,0,64,140,69,15,96,37.0
30090442,4,abdominal pain,1,54,142,91,21,98,36.5
30090443,3,fever,3,71,138,79,14,98,36.5
30090444,3,back pain,0,99,114,81,23,98,36.7
30090445,3,chest pain,3,92,138,77,18,94,36.1
30090446,3,fall,6,92,112,77,17,96,36.8
30090447,3,headache,0,85,113,50,20,98,36.5
30090448,3,back pain,6,97,130,70,20,96,37.5
30090449,2,knee pain,6,110,118,82,17,100,36.7
30090450,3,knee pain,6,97,124,86,24,100,37.0
30090451,4,fever,6,79,96,97,17,95,37.3
30090452,5,anxiety,3,105,146,78,26,90,38.1
30090453,4,chest pain,7,68,118,81,20,95,36.5
30090454,2,chest pain,8,74,104,79,19,99,36.1
30090455,4,laceration,2,67,133,75,22,98,36.5
30090456,4,anxiety,4,82,147,86,20,94,37.7
30090457,3,laceration,1,99,135,66,19,94,38.3
30090458,2,abdominal pain,6,88,79,85,20,100,36.8
30090459,4,chest pain,4,75,115,72,16,100,37.2
30090460,3,fever,6,68,134,81,17,93,38.0
30090461,4,fever,5,85,121,93,19,94,36.9
30090462,3,chest pain,4,88,134,70,18,95,36.3
30090463,4,shortness of breath,7,87,130,88,13,98,36.7
30090464,2,abdominal pain,8,54,120,80,14,92,36.2
30090465,4,fever,6,102,129,84,24,91,37.2
30090466,3,headache,2,82,130,91,17,94,37.3
30090467,3,anxiety,5,67,122,75,20,98,37.1
30090468,3,chest pain,7,91,133,64,23,95,34.7
30090469,3,fever,7,89,109,93,29,93,37.5
30090470,2,chest pain,7,68,103,72,16,96,35.9
30090471,2,abdominal pain,7,93,142,86,14,99,36.5
30090472,5,fall,1,86,105,82,20,100,37.5
30090473,3,back pain,4,112,108,88,21,99,36.0
30090474,3,shortness of breath,3,80,127,50,18,100,36.1
30090475,3,knee pain,6,98,146,88,15,99,37.3
30090476,4,back pain,5,79,123,84,22,97,37.2
30090477,3,back pain,2,71,131,80,24,93,36.9
30090478,3,headache,0,67,169,66,20,99,36.2
30090479,3,headache,5,112,135,89,18,100,37.5
30090480,3,knee pain,4,92,93,69,22,95,37.7
30090481,3,headache,2,99,136,92,14,100,37.2
30090482,3,laceration,1,101,132,69,15,96,37.3
30090483,2,fever,7,92,88,74,22,94,37.2
30090484,3,laceration,4,85,121,79,20,100,36.6
30090485,5,fever,4,71,153,82,20,98,36.7
30090486,2,laceration,6,66,108,82,23,100,37.2
30090487,3,fall,1,91,140,79,22,100,36.8
30090488,3,chest pain,6,105,162,78,18,97,37.8
30090489,2,chest pain,9,64,134,110,14,97,37.2
30090490,1,shortness of breath,7,69,128,81,15,99,36.8
30090491,1,knee pain,6,87,126,104,14,100,38.6
30090492,3,abdominal pain,5,83,126,100,20,91,37.0
30090493,3,fever,0,95,130,99,22,100,37.1
30090494,4,chest pain,2,96,135,88,20,95,37.7
30090495,3,chest pain,6,65,151,77,16,94,37.5
30090496,2,shortness of breath,8,97,126,69,20,96,37.3
30090497,4,fall,0,88,118,75,17,98,36.2
30090498,3,headache,1,97,122,83,14,100,37.8
30090499,1,fever,7,107,86,90,15,95,37.3
30090500,3,back pain,5,89,124,79,14,93,37.7
30090501,2,anxiety,10,89,132,84,26,99,37.0
30090502,3,shortness of breath,4,61,133,84,24,97,37.5
30090503,4,shortness of breath,6,93,142,72,17,93,36.7
30090504,3,chest pain,0,96,142,67,24,100,36.9
30090505,3,shortness of breath,6,89,136,78,15,100,38.0
30090506,4,fall,7,96,112,68,16,96,36.6
30090507,3,headache,3,77,106,72,16,96,37.0
30090508,3,shortness of breath,6,90,131,69,21,96,35.7
30090509,2,chest pain,7,104,137,90,22,95,37.4
30090510,4,laceration,4,80,138,88,15,100,37.5
30090511,4,chest pain,1,113,92,80,23,93,36.8
30090512,2,knee pain,7,75,118,66,16,100,36.7
30090513,1,laceration,6,73,164,68,13,100,37.4
30090514,3,fall,4,109,169,66,16,100,36.1
30090515,3,headache,2,67,132,66,17,100,36.8
30090516,3,laceration,4,100,120,73,13,100,38.9
30090517,4,back pain,5,101,117,72,13,100,36.0
30090518,3,knee pain,5,98,129,107,16,100,37.6
30090519,3,abdominal pain,5,96,128,93,18,94,36.6
30090520,4,laceration,7,97,141,56,20,99,36.6
30090521,5,shortness of breath,6,94,138,86,24,97,37.2
30090522,3,anxiety,3,86,142,87,22,96,36.5
30090523,3,back pain,3,79,126,64,28,100,37.7
30090524,3,abdominal pain,1,110,104,82,13,93,37.7
30090525,3,knee pain,5,99,119,101,15,100,36.9
30090526,2,abdominal pain,7,62,133,122,15,95,38.3
30090527,3,shortness of breath,1,69,154,91,26,98,36.7
30090528,3,fever,3,87,141,74,10,97,37.1
30090529,2,knee pain,10,93,107,75,23,100,38.6
30090530,2,anxiety,8,60,118,83,18,100,38.7
30090531,3,abdominal pain,3,79,101,90,17,100,37.3
30090532,4,shortness of breath,7,72,120,77,18,92,36.1
30090533,3,back pain,1,104,131,64,20,97,38.0
30090534,3,chest pain,4,90,180,81,24,96,36.7
30090535,4,knee pain,6,95,125,73,13,96,36.3
30090536,3,anxiety,5,114,103,81,10,94,36.7
30090537,4,shortness of breath,2,76,142,71,21,98,36.2
30090538,3,back pain,4,92,134,88,16,100,36.1
30090539,1,anxiety,6,93,181,96,20,100,36.6
30090540,2,laceration,9,85,133,84,21,97,37.3
30090541,3,laceration,0,106,104,77,15,98,37.2
30090542,4,shortness of breath,1,83,104,69,15,97,37.7
30090543,5,chest pain,4,114,124,90,18,93,38.2
30090544,3,back pain,1,106,111,78,16,100,38.2
30090545,4,laceration,4,90,133,80,20,96,36.4
30090546,3,chest pain,1,105,96,93,23,92,37.7
30090547,5,back pain,5,109,142,96,17,96,36.6
30090548,5,knee pain,0,66,141,74,12,94,37.9
30090549,4,fever,3,88,138,94,21,99,38.0
30090550,3,headache,0,70,131,65,18,94,36.6
30090551,3,headache,6,108,147,49,17,94,37.8
30090552,2,abdominal pain,7,112,129,59,17,99,37.1
30090553,3,back pain,5,76,133,95,20,100,37.2
30090554,2,anxiety,10,64,121,101,15,92,37.0
30090555,3,fall,2,89,99,72,14,96,38.1
30090556,3,knee pain,4,93,126,79,18,100,36.7
30090557,4,back pain,2,102,125,42,22,91,37.3
30090558,4,knee pain,4,86,118,73,19,97,37.4
30090559,3,abdominal pain,3,86,100,79,16,95,38.0
30090560,2,fall,7,100,161,87,15,99,36.5
30090561,3,shortness of breath,0,101,77,75,19,99,37.4
30090562,3,abdominal pain,5,77,124,73,8,94,38.2
30090563,3,chest pain,6,98,138,66,16,96,35.8
30090564,4,shortness of breath,1,101,110,82,10,97,36.5
30090565,3,anxiety,0,110,111,95,11,98,37.8
30090566,3,anxiety,4,97,117,87,20,97,37.3
30090567,4,chest pain,3,67,119,85,18,94,35.3
30090568,3,knee pain,6,92,82,82,21,100,37.7
30090569,3,laceration,5,75,166,52,26,90,37.5
30090570,4,knee pain,1,94,104,70,16,100,36.2
30090571,3,shortness of breath,2,85,122,93,19,98,37.3
30090572,3,anxiety,3,107,125,87,18,96,36.2
30090573,5,fever,1,99,139,58,20,93,36.6
30090574,4,headache,7,78,104,113,16,96,37.4
30090575,4,fever,2,84,149,79,18,100,37.0
30090576,3,knee pain,7,89,119,82,24,100,36.1
30090577,3,headache,5,86,119,79,15,99,37.3
30090578,3,abdominal pain,4,85,122,76,13,90,37.2
30090579,4,fall,0,78,127,74,19,95,37.3
30090580,3,knee pain,6,72,98,84,22,95,36.2
30090581,4,laceration,6,62,102,78,12,100,37.7
30090582,1,fall,6,78,141,83,18,100,37.3
30090583,3,headache,0,42,116,65,15,95,38.0
30090584,3,abdominal pain,5,54,101,91,14,99,35.8
30090585,2,anxiety,9,85,86,85,15,97,37.9
30090586,3,headache,6,83,107,92,10,97,36.5
30090587,4,chest pain,4,85,117,58,23,98,37.1
30090588,4,abdominal pain,5,82,93,82,17,99,36.9
30090589,4,back pain,7,70,137,80,16,98,36.4
30090590,2,fever,9,83,127,89,22,95,37.3
30090591,3,shortness of breath,1,83,134,71,17,100,36.2
30090592,3,headache,4,102,161,80,19,97,37.6
30090593,4,headache,0,86,143,93,22,100,36.2
30090594,4,fever,2,87,118,63,13,98,37.6
30090595,2,anxiety,7,91,121,84,21,100,37.7
30090596,2,abdominal pain,6,85,130,94,21,100,36.4
30090597,3,headache,4,86,79,54,18,95,37.1
30090598,3,headache,0,119,139,59,20,95,36.7
30090599,3,anxiety,3,93,136,90,22,94,39.6
30090600,2,laceration,8,68,119,70,18,99,38.7
30090601,3,knee pain,5,99,122,73,19,93,37.2
30090602,2,fall,7,75,118,101,23,100,36.9
30090603,3,laceration,7,93,145,56,17,93,36.6
30090604,3,shortness of breath,1,114,142,44,13,96,36.0
30090605,3,abdominal pain,7,91,112,87,20,99,35.6
30090606,2,knee pain,9,75,130,111,15,98,37.3
30090607,3,shortness of breath,3,85,123,89,17,96,37.3
30090608,3,fever,2,56,157,86,21,93,37.1
30090609,4,fall,1,73,123,92,20,95,38.3
30090610,4,anxiety,2,85,121,87,22,100,36.3
30090611,3,fall,2,93,109,63,17,95,36.3
30090612,4,laceration,0,78,144,90,19,98,35.8
30090613,3,abdominal pain,5,112,92,68,22,96,37.0
30090614,3,headache,1,86,171,76,17,94,36.4
30090615,3,fever,1,121,110,102,19,99,38.6
30090616,3,headache,3,53,149,73,22,100,37.2
30090617,1,shortness of breath,9,92,121,89,16,98,36.6
30090618,3,shortness of breath,7,76,133,69,19,99,36.4
30090619,2,abdominal pain,6,80,108,88,12,95,37.0
30090620,3,abdominal pain,1,107,131,69,16,95,37.2
30090621,4,fall,3,91,139,89,17,98,36.6
30090622,2,knee pain,9,80,73,93,15,97,36.5
30090623,3,chest pain,1,40,107,65,20,94,36.7
30090624,3,fall,3,54,111,64,23,100,36.6
30090625,3,fall,6,100,120,68,19,100,38.5
30090626,3,shortness of breath,6,85,94,96,16,100,36.4
30090627,3,knee pain,2,96,122,85,19,100,35.8
30090628,3,anxiety,0,103,128,55,20,92,36.1
30090629,3,chest pain,6,78,145,52,16,91,37.5
30090630,3,anxiety,5,84,121,98,13,96,38.0
30090631,3,laceration,2,77,110,103,17,98,35.8
30090632,3,headache,5,117,116,83,16,99,37.7
30090633,4,shortness of breath,6,95,110,53,9,98,38.1
30090634,2,headache,6,85,122,89,21,97,36.6
30090635,3,chest pain,0,74,123,102,18,99,38.3
30090636,1,headache,7,114,130,76,22,98,37.3
30090637,2,back pain,9,84,122,71,13,100,37.4
30090638,4,headache,6,77,114,94,21,98,37.0
30090639,4,fever,2,88,132,87,16,100,37.3
30090640,2,laceration,6,91,152,68,22,99,37.7
30090641,2,fever,10,79,114,74,16,95,37.8
30090642,1,abdominal pain,8,96,131,60,14,96,37.8
30090643,3,back pain,4,89,175,73,17,97,36.1
30090644,3,back pain,5,101,146,76,17,98,36.5
30090645,3,abdominal pain,5,65,89,90,21,94,37.6
30090646,4,fall,7,78,118,61,16,98,37.3
30090647,3,chest pain,7,88,118,68,17,97,36.4
30090648,4,anxiety,7,115,127,84,22,95,36.5
30090649,3,chest pain,4,104,130,84,16,95,37.1
30090650,2,laceration,8,82,137,93,20,96,35.6
30090651,4,fever,1,97,122,68,20,94,34.9
30090652,2,abdominal pain,6,71,158,98,13,99,37.5
30090653,3,anxiety,5,93,147,70,23,100,36.2
30090654,1,fever,7,96,102,82,9,97,37.4
30090655,3,fall,1,80,87,58,22,97,38.7
30090656,3,headache,5,89,107,77,12,96,35.9
30090657,3,laceration,1,94,141,93,19,95,36.1
30090658,3,knee pain,6,80,110,69,19,100,37.5
30090659,3,knee pain,7,88,131,81,9,100,37.6
30090660,4,fever,4,62,126,64,15,94,37.0
30090661,2,fever,10,96,121,58,21,100,38.6
30090662,3,anxiety,0,83,55,74,13,100,36.2
30090663,3,headache,4,106,130,63,15,99,36.5
30090664,3,laceration,7,63,129,70,14,94,36.3
30090665,3,laceration,6,85,114,80,31,100,34.8
30090666,1,fall,8,99,114,89,14,98,38.3
30090667,4,shortness of breath,2,83,125,100,20,98,37.0
30090668,1,abdominal pain,7,63,132,91,23,97,36.6
30090669,3,knee pain,5,95,81,80,16,96,39.1
30090670,5,abdominal pain,1,112,135,76,13,91,38.4
30090671,2,back pain,10,111,128,81,15,100,37.7
30090672,3,fever,4,90,140,97,16,98,37.7
30090673,3,chest pain,0,114,101,88,17,95,35.8
30090674,2,fall,10,80,140,71,16,100,37.7
30090675,2,chest pain,7,107,136,96,18,96,36.3
30090676,3,back pain,4,79,108,96,22,95,35.3
30090677,4,abdominal pain,3,89,124,78,21,100,38.3
30090678,2,knee pain,6,79,140,81,18,99,36.1
30090679,3,knee pain,1,85,117,88,17,100,36.8
30090680,4,anxiety,3,69,122,88,22,99,36.6
30090681,3,shortness of breath,2,118,150,58,11,96,35.8
30090682,3,abdominal pain,4,67,95,67,22,96,37.0
30090683,3,knee pain,5,62,119,82,23,99,36.3
30090684,3,chest pain,6,112,125,54,21,100,36.2
30090685,4,anxiety,0,87,102,61,21,94,38.9
30090686,3,anxiety,0,101,152,51,16,95,38.2
30090687,5,fever,5,81,137,65,14,94,36.8
30090688,3,abdominal pain,0,83,129,77,20,100,37.9
30090689,4,fall,4,104,161,65,19,97,35.8
30090690,2,headache,8,78,151,72,19,94,36.3
30090691,4,back pain,4,89,121,118,15,98,36.7
30090692,4,headache,2,100,144,89,25,93,37.0
30090693,3,fall,3,96,114,77,22,100,36.9
30090694,3,shortness of breath,4,123,146,78,27,95,37.5
30090695,2,anxiety,7,89,154,67,20,97,36.1
30090696,3,laceration,2,118,153,57,18,96,36.3
30090697,2,back pain,6,71,142,81,14,93,35.6
30090698,3,laceration,4,97,149,90,16,100,37.6
30090699,3,chest pain,2,89,115,86,18,97,36.2
30090700,4,shortness of breath,2,83,114,57,10,92,37.6
30090701,3,fever,5,79,118,82,17,98,37.9
30090702,4,anxiety,1,104,127,89,24,100,38.3
30090703,1,knee pain,10,72,125,83,16,97,38.2
30090704,4,fall,2,75,94,64,15,100,35.9
30090705,2,headache,10,85,142,78,17,98,37.7
30090706,3,anxiety,5,93,102,101,16,100,36.3
30090707,3,fever,7,101,126,93,17,93,36.4
30090708,4,headache,4,65,105,101,20,98,37.6
30090709,1,fall,7,86,104,73,19,95,36.7
30090710,1,laceration,7,95,116,72,24,98,36.7
30090711,3,fall,5,68,133,80,20,98,36.7
30090712,3,fever,7,68,84,91,24,99,36.3
30090713,4,abdominal pain,2,68,132,55,17,98,36.5
30090714,3,back pain,1,80,141,86,16,96,35.7
30090715,3,back pain,4,88,99,72,13,94,36.7
30090716,3,knee pain,1,69,107,106,9,97,35.8
30090717,1,chest pain,7,75,127,71,21,100,36.1
30090718,3,shortness of breath,3,65,110,72,22,99,36.5
30090719,3,chest pain,5,100,88,78,16,94,35.5
30090720,4,fall,2,119,124,97,19,100,37.4
30090721,3,back pain,1,92,160,64,21,93,36.8
30090722,2,anxiety,10,93,131,100,21,93,38.3
30090723,3,shortness of breath,6,107,146,73,17,94,35.9
30090724,4,fever,2,84,125,47,25,97,36.6
30090725,2,abdominal pain,10,92,105,92,15,92,37.4
30090726,3,laceration,1,78,148,76,13,95,36.8
30090727,3,abdominal pain,6,91,104,88,15,98,37.2
30090728,3,laceration,5,66,124,86,15,98,34.9
30090729,2,fall,9,78,120,80,10,95,38.2
30090730,3,abdominal pain,5,94,118,89,25,98,36.3
30090731,3,shortness of breath,3,84,131,58,19,100,37.2
30090732,3,laceration,7,110,116,83,16,97,37.1
30090733,3,knee pain,7,104,122,88,8,94,37.1
30090734,3,abdominal pain,5,112,118,81,22,98,37.6
30090735,3,back pain,6,95,126,63,19,98,37.7
30090736,3,abdominal pain,2,78,76,73,19,94,37.5
30090737,3,laceration,6,89,170,59,21,91,36.6
30090738,3,fever,3,80,115,70,19,94,37.7
30090739,3,shortness of breath,7,96,105,72,20,97,37.3
30090740,5,abdominal pain,1,91,110,81,19,100,37.4
30090741,3,fall,5,103,129,43,17,97,35.2
30090742,3,back pain,4,71,127,88,17,97,36.6
30090743,2,anxiety,9,75,116,56,18,95,37.4
30090744,2,back pain,8,90,163,88,16,95,37.6
30090745,3,chest pain,1,77,124,87,12,90,38.1
30090746,4,anxiety,5,82,153,72,16,95,36.0
30090747,3,abdominal pain,7,93,114,92,10,95,37.2
30090748,4,back pain,7,103,157,83,13,98,37.3
30090749,4,laceration,5,74,139,76,11,94,38.8
30090750,4,fever,1,100,116,110,11,99,36.4
30090751,4,knee pain,2,67,129,87,11,93,37.5
30090752,3,anxiety,6,71,145,91,23,93,38.2
30090753,3,chest pain,0,111,108,69,20,99,36.0
30090754,3,anxiety,5,58,137,78,24,100,36.9
30090755,5,chest pain,1,70,150,72,15,90,36.3
30090756,3,anxiety,1,43,139,75,15,95,37.0
30090757,4,shortness of breath,0,72,110,79,13,88,37.9
30090758,3,knee pain,0,71,140,79,17,100,36.2
30090759,3,shortness of breath,5,83,146,104,13,93,37.4
30090760,3,fall,5,95,125,84,20,100,36.8
30090761,1,shortness of breath,7,72,122,65,15,93,37.1
30090762,3,knee pain,0,71,96,104,25,98,35.3
30090763,3,chest pain,2,109,131,66,18,100,36.0
30090764,3,back pain,2,78,86,89,14,99,36.6
30090765,3,headache,2,84,128,72,14,93,35.9
30090766,4,anxiety,6,90,90,68,22,98,38.1
30090767,4,abdominal pain,7,118,127,108,18,99,37.7
30090768,4,shortness of breath,4,91,121,82,22,97,36.9
30090769,1,fall,7,63,143,89,16,95,37.0
30090770,5,fall,7,65,133,75,12,94,36.3
30090771,3,laceration,2,85,115,62,18,96,38.3
30090772,2,fall,7,86,147,56,14,100,37.1
30090773,3,shortness of breath,3,80,115,83,16,99,37.8
30090774,3,back pain,4,102,122,97,19,92,36.7
30090775,2,fall,10,83,114,122,22,99,37.6
30090776,4,anxiety,5,77,138,72,16,97,36.8
30090777,3,fever,6,57,96,82,17,97,37.2
30090778,3,laceration,3,68,138,111,15,95,36.4
30090779,4,back pain,4,88,97,71,19,93,37.1
30090780,5,laceration,7,91,129,119,20,100,37.7
30090781,4,anxiety,1,73,112,72,21,92,37.2
30090782,4,knee pain,3,84,105,70,9,92,37.6
30090783,3,headache,4,117,166,47,17,92,37.1
30090784,3,knee pain,7,82,111,94,24,94,37.8
30090785,3,back pain,2,110,113,73,12,93,37.7
30090786,3,laceration,0,105,114,69,12,93,37.6
30090787,3,fever,7,93,175,89,17,100,35.9
30090788,3,knee pain,0,65,143,43,20,98,36.3
30090789,3,back pain,0,81,148,74,17,100,36.3
30090790,3,chest pain,5,52,114,90,15,95,36.6
30090791,3,back pain,7,91,146,66,17,100,37.5
30090792,4,laceration,4,62,134,82,13,97,37.5
30090793,3,knee pain,2,103,131,89,20,92,36.7
30090794,5,laceration,6,65,103,78,15,96,38.4
30090795,3,knee pain,4,87,122,64,24,94,36.5
30090796,1,abdominal pain,8,75,144,93,20,95,36.2
30090797,3,knee pain,2,76,94,84,16,99,37.0
30090798,2,headache,6,86,141,81,12,95,37.5
30090799,3,headache,6,104,137,74,16,100,36.2
30090800,3,headache,1,80,139,95,19,100,37.3
30090801,3,headache,5,103,120,91,19,100,38.2
30090802,3,chest pain,6,66,105,102,21,100,36.9
30090803,3,anxiety,4,79,118,108,18,95,35.9
30090804,2,shortness of breath,9,87,132,74,21,97,37.4
30090805,3,shortness of breath,1,90,105,92,18,97,37.9
30090806,3,chest pain,4,95,131,103,13,92,36.2
30090807,4,chest pain,7,105,133,69,21,94,38.9
30090808,3,fall,4,85,97,69,21,94,38.6
30090809,4,laceration,5,113,116,73,22,92,37.9
30090810,2,back pain,6,123,127,61,19,100,35.9
30090811,2,headache,8,80,125,75,16,96,38.0
30090812,5,anxiety,3,107,102,55,12,98,36.6
30090813,3,headache,1,58,141,96,21,97,36.8
30090814,3,anxiety,3,79,115,85,13,100,36.2
30090815,3,abdominal pain,7,105,94,75,25,97,36.9
30090816,3,fever,3,88,157,89,19,94,38.7
30090817,1,headache,6,69,108,72,15,98,35.8
30090818,3,shortness of breath,1,85,137,95,18,100,37.0
30090819,4,anxiety,1,59,126,93,23,100,36.3
30090820,4,shortness of breath,6,71,141,91,23,99,37.6
30090821,5,fever,5,85,122,61,21,94,36.9
30090822,3,fever,7,99,124,86,22,100,37.4
30090823,3,abdominal pain,5,92,117,84,18,98,37.1
30090824,4,fever,4,68,159,56,14,90,36.3
30090825,3,anxiety,4,87,92,83,18,97,37.5
30090826,3,shortness of breath,5,81,153,89,15,96,37.7
30090827,3,headache,7,102,115,79,28,95,38.3
30090828,4,knee pain,4,66,113,57,25,96,36.8
30090829,3,back pain,6,100,142,82,20,95,35.9
30090830,4,fever,1,98,159,89,23,94,37.2
30090831,1,abdominal pain,9,100,156,96,16,93,36.6
30090832,2,shortness of breath,10,93,119,85,11,96,35.8
30090833,3,knee pain,3,88,118,70,22,100,37.6
30090834,4,laceration,0,44,132,98,14,100,36.9
30090835,3,headache,1,116,141,103,18,98,37.4
30090836,1,abdominal pain,9,85,139,86,10,94,36.7
30090837,2,anxiety,10,100,134,82,12,100,37.3
30090838,3,back pain,6,94,114,82,16,100,38.9
30090839,3,chest pain,5,99,139,70,26,95,35.2
30090840,2,laceration,7,84,123,80,23,95,36.4
30090841,3,chest pain,3,79,131,74,18,94,36.2
30090842,3,shortness of breath,3,55,154,82,21,94,38.1
30090843,3,chest pain,6,93,95,72,9,95,36.8
30090844,2,fever,10,91,137,83,24,94,36.8
30090845,4,abdominal pain,3,114,101,69,11,98,38.2
30090846,4,shortness of breath,2,93,134,59,19,89,35.7
30090847,4,shortness of breath,7,88,119,83,19,96,36.3
30090848,5,laceration,2,86,142,90,23,99,37.4
30090849,3,chest pain,6,77,108,99,11,95,36.4
30090850,3,anxiety,0,100,104,82,15,98,37.3
30090851,3,knee pain,5,83,117,67,13,93,37.1
30090852,5,fever,4,66,134,101,26,98,38.7
30090853,3,laceration,0,85,136,69,18,97,36.7
30090854,3,back pain,6,100,109,72,13,92,37.1
30090855,4,fall,3,74,158,63,21,100,36.5
30090856,1,anxiety,8,83,162,76,13,95,36.9
30090857,3,fever,4,62,126,101,18,95,35.9
30090858,3,shortness of breath,2,89,123,67,27,99,38.1
30090859,3,back pain,1,104,132,80,12,100,38.1
30090860,5,back pain,7,83,148,88,16,99,37.9
30090861,3,abdominal pain,5,97,155,54,19,99,36.9
30090862,3,shortness of breath,1,58,145,91,19,100,37.2
30090863,1,chest pain,9,89,124,91,18,98,38.1
30090864,2,abdominal pain,10,74,161,85,16,96,37.4
30090865,3,anxiety,6,79,143,76,22,96,36.5
30090866,4,shortness of breath,2,72,168,73,25,91,37.5
30090867,2,fever,10,73,94,87,21,99,37.1
30090868,2,chest pain,6,83,102,75,13,100,37.3
30090869,3,chest pain,0,81,128,75,18,98,37.4
30090870,3,fever,7,92,141,91,25,100,36.7
30090871,3,laceration,6,82,126,100,17,95,38.7
30090872,4,laceration,6,80,118,70,22,92,36.5
30090873,3,headache,0,102,147,87,18,94,36.8
30090874,4,chest pain,1,64,122,86,14,94,37.7
30090875,2,anxiety,10,94,137,95,13,98,37.6
30090876,3,fall,1,74,141,70,14,99,37.8
30090877,3,back pain,2,96,133,78,19,94,36.2
30090878,2,abdominal pain,10,92,80,100,19,98,36.9
30090879,3,headache,3,78,85,77,17,95,36.8
30090880,3,fall,0,84,119,73,19,100,37.6
30090881,2,fever,10,93,132,110,21,98,37.0
30090882,3,fall,0,84,110,97,17,98,37.9
30090883,2,knee pain,8,81,157,97,22,95,37.9
30090884,4,abdominal pain,1,82,138,78,21,99,35.8
30090885,3,knee pain,4,92,105,93,17,96,36.8
30090886,2,chest pain,10,77,142,96,8,96,37.8
30090887,3,knee pain,6,51,119,79,19,98,35.9
30090888,4,fall,3,109,112,69,15,96,36.8
30090889,3,fall,1,109,150,81,16,99,37.9
30090890,5,anxiety,7,91,130,64,14,97,37.7
30090891,3,back pain,0,69,133,79,14,94,36.3
30090892,3,fever,4,78,88,76,25,100,35.4
30090893,4,abdominal pain,0,71,141,112,15,100,36.9
30090894,2,chest pain,10,76,125,90,20,99,35.6
30090895,3,headache,6,69,112,75,15,95,36.7
30090896,3,headache,0,89,78,82,19,98,36.1
30090897,3,laceration,0,88,122,91,18,93,37.4
30090898,3,shortness of breath,1,74,104,105,24,100,37.4
30090899,3,headache,5,86,126,81,18,98,37.0
30090900,3,headache,4,72,130,61,18,99,37.6
30090901,2,shortness of breath,9,76,145,60,13,100,36.8
30090902,5,laceration,2,71,120,63,17,90,36.3
30090903,2,shortness of breath,9,81,152,67,10,99,36.5
30090904,2,headache,8,93,101,63,24,100,36.9
30090905,3,shortness of breath,4,72,147,77,20,100,36.8
30090906,2,laceration,8,69,120,89,16,97,37.8
30090907,3,fall,6,77,124,65,19,93,37.7
30090908,3,anxiety,1,110,141,112,15,99,36.5
30090909,2,fever,10,70,120,94,15,99,37.0
30090910,3,fall,6,106,150,99,15,97,35.8
30090911,4,headache,1,80,115,78,18,96,37.2
30090912,4,knee pain,0,42,121,76,13,93,36.7
30090913,2,abdominal pain,6,70,90,84,17,99,36.7
30090914,3,knee pain,5,84,98,97,21,92,38.1
30090915,3,abdominal pain,0,68,129,88,25,94,35.7
30090916,2,headache,9,91,121,74,21,94,38.7
30090917,4,back pain,2,48,88,59,16,98,37.1
30090918,4,headache,5,81,121,79,22,100,37.1
30090919,3,anxiety,6,82,92,60,13,93,37.1
30090920,4,fever,1,62,137,97,19,98,38.1
30090921,1,back pain,6,67,127,76,19,99,37.1
30090922,3,knee pain,4,117,129,113,12,100,37.8
30090923,3,headache,5,85,134,72,13,96,38.1
30090924,3,headache,0,75,113,90,18,98,37.4
30090925,4,laceration,4,91,114,52,24,97,35.9
30090926,1,back pain,7,68,144,70,16,98,35.5
30090927,3,fever,5,108,139,109,17,97,37.7
30090928,5,laceration,2,105,146,87,20,96,37.1
30090929,3,knee pain,6,95,119,76,14,98,37.2
30090930,3,abdominal pain,6,73,104,73,16,99,36.3
30090931,1,anxiety,9,49,132,60,17,95,37.2
30090932,3,laceration,3,93,133,92,20,100,37.6
30090933,2,abdominal pain,6,77,104,81,15,93,37.0
30090934,2,fall,9,107,141,85,23,98,35.8
30090935,3,laceration,3,79,167,65,19,96,37.6
30090936,2,anxiety,8,88,127,77,16,100,37.2
30090937,4,knee pain,6,71,107,66,11,92,36.9
30090938,4,fever,6,95,115,65,16,98,37.2
30090939,2,fall,9,89,111,35,21,97,36.6
30090940,2,headache,8,104,137,75,21,96,36.8
30090941,3,chest pain,6,93,114,68,20,97,36.8
30090942,3,shortness of breath,7,82,131,75,12,99,37.5
30090943,2,knee pain,7,78,97,76,25,100,36.6
30090944,3,anxiety,4,74,109,99,20,96,37.0
30090945,3,headache,7,80,94,70,18,96,37.9
30090946,4,fever,3,96,106,76,11,95,36.7
30090947,4,back pain,0,75,105,79,18,97,37.4
30090948,5,shortness of breath,1,112,136,85,22,94,35.0
30090949,1,shortness of breath,9,103,106,93,21,97,36.7
30090950,2,shortness of breath,6,89,182,107,24,95,36.9
30090951,1,laceration,10,88,109,92,15,98,37.6
30090952,3,laceration,3,60,110,66,17,95,36.6
30090953,2,fall,9,75,110,66,18,95,37.6
30090954,3,knee pain,1,94,104,56,18,92,36.5
30090955,3,shortness of breath,2,104,146,86,19,97,36.6
30090956,3,anxiety,2,70,147,61,21,100,37.4
30090957,3,fever,4,97,126,101,18,100,38.4
30090958,1,fall,10,84,135,64,21,100,36.4
30090959,4,knee pain,7,93,156,80,20,96,36.7
30090960,3,chest pain,5,65,143,73,20,94,36.4
30090961,3,knee pain,3,60,110,82,16,100,37.3
30090962,1,back pain,6,73,132,76,13,98,36.6
30090963,1,headache,7,92,125,90,15,94,36.2
30090964,2,headache,9,61,106,96,14,96,36.8
30090965,2,shortness of breath,7,74,99,89,22,94,35.8
30090966,4,laceration,1,76,158,74,12,97,36.9
30090967,4,chest pain,5,99,138,110,23,98,35.9
30090968,2,back pain,7,90,144,80,22,96,37.2
30090969,3,anxiety,7,82,163,60,18,94,37.5
30090970,3,fall,1,79,110,69,18,100,36.4
30090971,4,fall,2,77,99,48,17,94,37.1
30090972,4,chest pain,0,85,135,93,15,97,37.3
30090973,3,laceration,2,111,110,77,21,94,36.4
30090974,2,fall,7,82,104,92,11,100,36.7
30090975,4,back pain,2,96,142,71,19,100,35.3
30090976,1,knee pain,9,60,121,78,16,100,38.0
30090977,3,back pain,5,84,118,91,19,95,37.3
30090978,4,anxiety,5,81,137,69,21,100,37.1
30090979,4,headache,3,89,101,92,14,97,37.8
30090980,3,chest pain,3,85,142,97,20,98,37.5
30090981,4,fall,7,87,114,85,17,94,37.7
30090982,3,laceration,3,105,134,69,19,94,38.0
30090983,3,shortness of breath,4,103,109,77,20,92,37.5
30090984,2,abdominal pain,6,77,111,77,20,98,35.1
30090985,3,chest pain,0,94,128,90,14,96,37.2
30090986,2,laceration,8,79,114,108,18,99,38.1
30090987,3,knee pain,5,81,106,62,21,93,36.2
30090988,4,back pain,1,96,152,46,22,96,37.0
30090989,2,shortness of breath,10,79,117,59,25,95,37.6
30090990,3,abdominal pain,6,112,97,93,15,100,37.8
30090991,2,headache,10,78,126,80,24,98,37.2
30090992,4,back pain,7,63,141,85,15,93,36.6
30090993,3,headache,3,71,93,73,23,94,36.5
30090994,2,chest pain,6,92,150,88,19,94,36.4
30090995,3,chest pain,3,111,116,81,19,100,37.9
30090996,3,laceration,5,62,132,80,23,97,37.3
30090997,3,fever,6,87,135,90,13,97,36.8
30090998,4,abdominal pain,2,104,115,95,23,99,36.2
30090999,4,abdominal pain,3,88,117,90,29,96,36.5
30091000,3,laceration,2,97,129,62,16,95,35.5
30091001,3,fall,0,69,129,99,21,96,37.0
30091002,4,headache,4,114,117,58,15,96,37.7
30091003,4,shortness of breath,7,54,130,107,20,100,37.2
30091004,3,chest pain,0,89,160,54,25,98,38.5
30091005,4,knee pain,3,78,108,99,15,98,36.4
30091006,3,abdominal pain,7,72,118,74,23,100,38.1
30091007,2,chest pain,6,97,147,53,17,94,36.7
30091008,3,back pain,2,90,95,84,15,95,37.6
30091009,2,back pain,6,90,109,91,17,97,37.3
30091010,3,headache,2,77,168,73,19,96,37.8
30091011,1,laceration,9,106,134,75,16,94,36.8
30091012,1,fall,10,80,92,65,21,100,37.7
30091013,4,knee pain,6,84,88,81,17,100,36.3
30091014,3,laceration,4,97,148,77,15,100,34.9
30091015,4,back pain,6,80,148,94,20,99,37.1
30091016,4,knee pain,1,106,152,77,22,93,37.6
30091017,3,abdominal pain,4,91,98,85,18,99,36.8
30091018,1,abdominal pain,9,89,102,47,23,94,37.3
30091019,2,back pain,8,82,115,81,18,100,36.9
30091020,4,headache,7,71,98,66,17,97,37.2
30091021,4,chest pain,5,86,113,97,17,95,36.6
30091022,4,chest pain,7,85,138,85,17,99,36.8
30091023,4,shortness of breath,0,109,117,97,21,96,36.5
30091024,3,fever,1,86,107,75,20,100,36.5
30091025,3,fever,0,83,111,65,14,97,37.2
30091026,3,anxiety,2,69,138,81,19,93,37.6
30091027,4,shortness of breath,2,70,117,94,20,100,37.5
30091028,3,headache,4,82,126,69,17,99,37.2
30091029,3,abdominal pain,0,78,134,53,18,99,37.5
30091030,3,back pain,6,105,137,78,19,97,36.5
30091031,4,abdominal pain,6,58,126,86,13,96,37.9
30091032,3,abdominal pain,2,65,111,91,14,98,37.3
30091033,2,abdominal pain,6,59,109,60,19,97,37.7
30091034,3,fall,0,96,128,83,15,100,36.2
30091035,2,fall,6,84,150,82,14,100,36.7
30091036,3,knee pain,6,82,118,76,16,91,37.3
30091037,5,knee pain,2,92,120,74,22,100,37.3
30091038,3,back pain,3,68,109,92,17,96,36.2
30091039,3,fever,2,88,137,75,12,100,36.9
30091040,4,back pain,0,52,131,79,20,95,37.3
30091041,4,anxiety,5,95,127,72,26,96,37.2
30091042,3,shortness of breath,5,64,126,78,16,100,37.6
30091043,3,chest pain,7,75,128,78,19,99,36.4
30091044,3,fever,5,80,139,64,22,100,37.4
30091045,3,chest pain,2,84,135,78,20,98,37.2
30091046,4,back pain,1,45,110,88,22,95,36.6
30091047,3,chest pain,6,85,130,46,19,94,38.3
30091048,4,fall,7,82,133,80,16,99,37.3
30091049,3,abdominal pain,2,72,165,80,20,100,38.5
30091050,3,knee pain,4,83,149,100,21,95,36.6
30091051,2,chest pain,6,73,144,72,25,98,35.4
30091052,4,anxiety,0,66,127,82,15,99,37.9
30091053,4,knee pain,7,108,80,86,21,100,37.5
30091054,2,fall,10,84,117,79,17,100,35.4
30091055,3,chest pain,1,107,107,85,18,96,36.8
30091056,4,back pain,3,87,148,85,17,100,36.9
30091057,2,laceration,6,83,126,109,20,98,36.8
30091058,3,back pain,6,93,126,61,26,95,35.7
30091059,4,fever,2,107,102,80,22,100,37.8
30091060,4,shortness of breath,3,96,101,78,17,95,35.9
30091061,3,laceration,4,80,136,76,19,97,37.3
30091062,3,knee pain,2,78,157,75,15,91,36.3
30091063,3,laceration,4,86,111,91,21,95,36.2
30091064,3,fever,1,84,103,69,13,99,36.7
30091065,3,shortness of breath,6,122,99,85,15,99,38.2
30091066,4,shortness of breath,2,84,129,78,23,92,36.4
30091067,3,shortness of breath,6,71,104,83,22,96,39.3
30091068,2,chest pain,8,109,136,81,21,94,37.5
30091069,4,shortness of breath,7,91,133,71,20,99,37.5
30091070,3,fever,0,85,117,53,17,95,35.7
30091071,3,shortness of breath,1,91,112,74,14,100,34.9
30091072,3,knee pain,1,95,155,68,15,98,36.1
30091073,3,shortness of breath,1,127,125,67,22,97,37.2
30091074,2,chest pain,7,96,130,70,16,99,36.8
30091075,3,headache,7,82,100,93,27,94,36.0
30091076,2,back pain,6,74,120,81,25,96,37.0
30091077,2,laceration,9,76,120,89,16,95,36.8
30091078,2,chest pain,9,87,81,96,21,100,38.2
30091079,4,anxiety,4,110,141,86,19,98,36.4
30091080,5,shortness of breath,7,114,108,62,12,95,35.8
30091081,3,shortness of breath,3,93,131,58,19,96,36.4
30091082,3,fever,2,59,134,79,18,98,35.3
30091083,4,knee pain,3,69,121,108,20,99,37.4
30091084,4,fever,1,76,114,76,14,98,37.1
30091085,3,anxiety,3,89,138,72,29,93,36.4
30091086,2,fall,10,96,154,100,11,98,38.4
30091087,5,fever,5,95,132,47,19,99,36.6
30091088,2,anxiety,7,80,151,53,15,96,36.6
30091089,4,headache,5,75,132,93,18,96,37.1
30091090,4,fever,4,85,119,102,18,97,35.6
30091091,3,back pain,3,74,127,55,20,97,36.8
30091092,3,fever,7,54,122,80,17,93,36.7
30091093,3,anxiety,2,92,146,72,23,94,37.9
30091094,4,anxiety,4,85,125,72,14,99,36.1
30091095,3,knee pain,4,81,96,59,19,97,38.8
30091096,4,back pain,1,68,156,75,12,98,37.5
30091097,3,fever,2,84,152,75,11,95,36.5
30091098,3,chest pain,5,115,146,64,23,91,39.1
30091099,3,back pain,2,98,124,85,20,93,37.1
30091100,2,back pain,9,102,152,82,15,95,37.1
30091101,5,headache,4,93,133,90,21,99,36.9
30091102,3,back pain,5,84,105,83,15,98,36.8
30091103,3,headache,4,92,95,85,22,98,35.7
30091104,3,back pain,3,87,122,79,19,95,38.3
30091105,3,knee pain,4,87,138,77,25,100,36.3
30091106,4,anxiety,2,64,126,86,15,100,37.8
30091107,5,fever,1,86,98,68,20,99,38.4
30091108,4,back pain,0,71,141,81,23,99,38.3
30091109,2,laceration,8,80,103,91,18,97,36.6
30091110,3,knee pain,5,87,123,77,26,96,36.0
30091111,4,chest pain,7,80,122,66,21,94,37.7
30091112,3,chest pain,1,95,132,70,17,94,38.2
30091113,3,headache,5,86,155,76,16,97,36.4
30091114,3,fever,7,88,107,98,19,99,37.5
30091115,3,knee pain,3,110,135,91,17,92,36.3
30091116,3,fever,5,62,122,62,22,96,37.3
30091117,4,fall,0,73,136,76,21,98,37.5
30091118,4,anxiety,4,67,92,94,19,94,36.8
30091119,3,anxiety,3,105,147,74,20,98,36.5
30091120,3,knee pain,6,109,124,75,17,97,37.3
30091121,3,fall,2,54,129,81,19,95,37.5
30091122,3,abdominal pain,6,95,161,69,18,96,37.1
30091123,3,abdominal pain,4,99,113,79,24,94,37.3
30091124,3,fall,1,71,114,77,18,98,35.9
30091125,3,knee pain,5,70,129,70,14,97,37.0
30091126,2,anxiety,9,85,112,98,15,100,36.2
30091127,3,shortness of breath,6,78,160,74,16,96,37.5
30091128,2,abdominal pain,9,87,138,43,23,92,36.6
30091129,4,headache,0,85,89,88,19,100,37.1
30091130,3,fever,4,91,122,73,13,96,37.4
30091131,2,shortness of breath,7,82,98,85,19,93,37.4
30091132,3,chest pain,6,90,123,59,21,94,38.3
30091133,3,laceration,2,88,96,75,18,99,38.1
30091134,2,laceration,6,98,138,95,19,99,37.6
30091135,3,fall,0,90,83,74,21,93,37.4
30091136,4,fall,6,65,143,55,22,100,37.9
30091137,3,back pain,3,77,118,83,22,97,36.7
30091138,3,laceration,6,96,174,111,14,97,36.7
30091139,3,shortness of breath,2,82,99,94,15,92,37.3
30091140,4,abdominal pain,6,73,93,57,17,94,36.9
30091141,3,anxiety,6,101,113,89,16,97,37.1
30091142,4,shortness of breath,6,69,134,76,16,95,35.8
30091143,3,abdominal pain,0,63,110,86,16,93,35.8
30091144,1,knee pain,9,99,131,59,16,97,36.3
30091145,2,laceration,8,110,138,77,19,93,37.4
30091146,4,fall,6,75,123,69,25,98,35.9
30091147,4,fall,7,97,117,89,14,96,36.8
30091148,5,shortness of breath,6,97,119,84,12,99,38.4
30091149,4,back pain,4,68,115,82,18,100,37.0
30091150,5,abdominal pain,2,79,136,91,18,94,38.8
30091151,2,back pain,6,87,117,69,29,92,37.6
30091152,4,back pain,0,115,131,37,19,95,37.5
30091153,2,chest pain,6,94,117,87,17,100,36.3
30091154,3,chest pain,5,59,123,78,13,94,35.8
30091155,4,abdominal pain,4,88,83,80,18,90,36.4
30091156,3,shortness of breath,4,94,146,102,16,100,38.3
30091157,4,fever,6,98,114,88,14,95,36.4
30091158,3,anxiety,4,102,129,106,20,96,37.9
30091159,3,chest pain,3,100,93,83,20,98,36.4
30091160,3,headache,5,84,123,89,12,98,36.0
30091161,2,chest pain,10,57,109,74,15,96,35.7
30091162,3,headache,7,67,100,64,22,98,37.6
30091163,3,headache,2,107,160,90,21,97,36.0
30091164,3,chest pain,7,67,90,90,14,100,36.9
30091165,3,chest pain,5,72,106,82,23,99,36.9
30091166,3,laceration,3,63,139,76,18,96,36.3
30091167,3,knee pain,1,85,144,71,15,96,36.6
30091168,4,laceration,3,79,98,101,21,96,35.3
30091169,3,anxiety,0,89,129,75,16,98,37.4
30091170,3,fever,5,78,131,81,23,97,37.2
30091171,3,headache,2,50,92,84,22,97,36.3
30091172,3,chest pain,6,61,127,80,17,100,36.0
30091173,3,anxiety,1,86,164,80,22,97,36.9
30091174,4,knee pain,7,81,108,84,25,100,37.1
30091175,2,shortness of breath,6,108,105,62,20,96,35.0
30091176,2,laceration,7,62,102,101,21,100,36.9
30091177,3,headache,6,90,96,85,10,98,37.0
30091178,4,anxiety,5,89,132,76,11,100,36.0
30091179,3,back pain,1,116,126,80,15,99,37.0
30091180,2,laceration,10,97,112,107,24,100,37.4
30091181,3,fever,6,83,97,76,20,99,35.0
30091182,2,knee pain,9,94,97,78,15,94,36.3
30091183,3,anxiety,7,106,154,62,17,100,36.8
30091184,5,abdominal pain,6,77,101,75,16,96,37.4
30091185,3,fever,4,82,120,89,17,95,37.5
30091186,2,laceration,10,48,143,94,15,97,36.4
30091187,2,laceration,9,78,140,83,19,100,37.9
30091188,2,shortness of breath,9,80,106,94,15,96,37.7
30091189,2,abdominal pain,6,89,126,80,17,95,38.5
30091190,5,knee pain,0,92,120,95,16,99,36.7
30091191,4,fall,5,111,112,74,14,95,36.4
30091192,2,laceration,8,73,140,74,10,98,37.3
30091193,3,shortness of breath,6,90,111,83,14,100,35.4
30091194,3,shortness of breath,6,96,149,91,16,95,37.9
30091195,3,knee pain,6,79,95,94,20,100,37.5
30091196,3,headache,4,68,141,103,23,96,37.6
30091197,3,headache,7,98,88,63,20,97,36.8
30091198,3,laceration,3,76,113,58,19,92,35.8
30091199,3,laceration,4,68,136,78,19,100,37.5
30091200,4,headache,5,93,83,44,18,96,36.6
30091201,4,fever,0,104,136,67,15,100,38.6
30091202,1,headache,10,87,113,91,17,93,38.4
30091203,3,abdominal pain,3,88,111,86,16,100,38.2
30091204,3,shortness of breath,4,53,147,86,19,91,37.1
30091205,3,abdominal pain,5,92,111,74,17,93,36.9
30091206,3,laceration,0,84,135,77,9,96,38.1
30091207,2,abdominal pain,10,68,131,75,11,96,36.0
30091208,1,back pain,10,69,94,78,21,92,36.6
30091209,3,laceration,6,82,113,66,17,97,35.9
30091210,4,chest pain,3,87,87,84,15,100,37.3
30091211,3,abdominal pain,7,76,106,60,15,98,35.5
30091212,3,abdominal pain,3,74,129,91,21,91,37.1
30091213,4,headache,6,83,146,98,21,98,37.4
30091214,5,abdominal pain,6,83,123,109,14,100,37.0
30091215,4,laceration,2,95,135,77,19,99,36.8
30091216,3,anxiety,0,98,99,66,20,99,37.2
30091217,3,fever,6,93,147,80,15,97,36.2
30091218,3,laceration,3,103,131,80,23,100,35.9
30091219,4,headache,1,99,100,72,14,93,37.2
30091220,4,abdominal pain,2,85,157,92,22,100,36.2
30091221,3,fever,2,76,114,74,18,97,36.4
30091222,4,anxiety,6,75,147,96,17,99,38.4
30091223,4,abdominal pain,2,73,140,61,16,97,36.8
30091224,3,headache,3,53,109,82,16,100,38.2
30091225,2,anxiety,9,83,130,80,17,93,36.0
30091226,3,abdominal pain,4,88,71,60,15,95,38.2
30091227,4,laceration,2,83,139,63,21,94,37.9
30091228,5,shortness of breath,5,103,132,65,16,94,39.5
30091229,3,anxiety,5,62,110,84,18,96,37.2
30091230,3,laceration,3,92,148,65,23,95,37.7
30091231,3,back pain,1,84,132,62,15,96,36.3
30091232,3,shortness of breath,6,59,139,88,14,98,37.8
30091233,3,fall,6,89,137,96,17,96,36.7
30091234,2,headache,10,107,145,51,19,96,36.2
30091235,1,headache,6,79,158,79,16,96,36.5
30091236,2,fall,10,110,82,57,24,93,35.8
30091237,2,chest pain,10,102,104,103,19,96,37.7
30091238,3,shortness of breath,5,67,160,69,10,97,37.6
30091239,4,laceration,5,82,100,53,14,94,37.1
30091240,3,headache,4,63,129,86,13,100,37.5
30091241,4,knee pain,6,68,116,99,12,99,36.3
30091242,3,abdominal pain,4,63,133,93,22,99,37.3
30091243,4,headache,1,97,126,93,16,94,37.7
30091244,3,anxiety,4,83,108,87,16,95,38.2
30091245,4,fever,1,105,123,79,17,96,37.2
30091246,4,headache,3,48,128,76,21,96,36.0
30091247,3,anxiety,2,84,102,85,13,97,36.2
30091248,2,fever,10,68,121,95,13,94,36.3
30091249,3,abdominal pain,1,83,92,74,22,100,35.7
30091250,4,headache,5,87,103,58,21,95,36.8
30091251,2,abdominal pain,7,74,133,106,13,100,37.2
30091252,3,knee pain,0,78,114,75,17,100,37.9
30091253,2,shortness of breath,10,89,147,78,19,91,38.2
30091254,3,anxiety,1,92,119,79,18,94,37.0
30091255,5,back pain,6,79,110,53,20,99,38.0
30091256,4,shortness of breath,4,84,124,46,17,98,38.0
30091257,2,abdominal pain,9,114,114,55,18,95,36.8
30091258,3,laceration,4,85,133,71,14,100,37.7
30091259,3,anxiety,5,94,106,100,16,97,37.2
30091260,3,back pain,2,94,121,74,23,94,37.1
30091261,3,chest pain,2,53,122,83,15,93,35.7
30091262,3,chest pain,7,66,135,87,17,95,36.6
30091263,4,fall,5,78,122,53,19,93,37.4
30091264,2,back pain,8,66,129,72,14,96,38.0
30091265,3,fall,2,107,67,58,21,94,37.6
30091266,4,laceration,5,102,122,97,19,95,37.4
30091267,4,back pain,6,90,149,104,20,95,38.1
30091268,4,headache,5,79,117,67,21,91,36.8
30091269,1,laceration,6,88,128,91,25,91,36.1
30091270,1,laceration,6,69,80,106,19,100,36.6
30091271,2,headache,6,92,126,70,10,92,37.7
30091272,1,headache,7,87,113,59,21,98,37.8
30091273,5,fever,1,91,128,71,19,92,37.5
30091274,4,laceration,6,103,117,52,19,95,37.8
30091275,2,abdominal pain,10,54,112,104,12,91,36.2
30091276,3,back pain,6,107,93,82,25,98,37.3
30091277,1,shortness of breath,6,57,147,86,17,100,36.6
30091278,3,anxiety,6,97,130,105,15,100,35.0
30091279,3,fall,4,68,118,89,17,91,36.7
30091280,3,fall,1,87,73,77,22,97,36.6
30091281,3,back pain,5,76,110,102,17,98,36.5
30091282,3,shortness of breath,1,91,111,78,14,100,36.1
30091283,3,shortness of breath,1,91,109,63,16,96,35.3
30091284,3,fall,1,53,107,59,17,97,36.5
30091285,5,shortness of breath,6,84,167,52,19,97,37.7
30091286,5,headache,1,94,135,94,24,98,35.9
30091287,4,shortness of breath,1,48,117,107,19,90,36.8
30091288,2,chest pain,7,68,154,95,21,95,37.3
30091289,3,fall,3,86,88,69,20,100,36.5
30091290,5,abdominal pain,3,69,102,64,18,99,37.5
30091291,4,shortness of breath,7,55,129,71,14,98,37.3
30091292,3,abdominal pain,4,80,137,75,19,98,38.2
30091293,2,abdominal pain,7,77,133,75,17,98,36.2
30091294,3,chest pain,6,105,106,58,11,100,36.9
30091295,3,fall,4,72,130,85,16,99,37.6
30091296,3,fever,2,74,143,113,19,97,37.4
30091297,3,fever,7,72,91,64,13,98,35.9
30091298,1,knee pain,10,94,114,92,26,97,37.4
30091299,3,shortness of breath,2,93,120,54,17,97,36.9
30091300,2,anxiety,8,75,94,82,17,96,37.5
30091301,3,abdominal pain,0,72,115,113,17,98,36.8
30091302,3,shortness of breath,3,81,125,64,21,98,36.7
30091303,5,abdominal pain,1,93,149,76,22,96,36.3
30091304,5,abdominal pain,6,79,139,94,27,99,37.8
30091305,4,abdominal pain,2,71,144,63,15,96,37.3
30091306,3,fall,0,71,136,88,17,97,36.8
30091307,2,fever,9,78,125,72,18,100,37.7
30091308,3,knee pain,4,90,120,92,18,93,37.5
30091309,3,fever,5,110,120,73,23,97,37.0
30091310,1,chest pain,8,87,156,53,16,96,38.3
30091311,4,fall,3,108,125,74,29,93,36.1
30091312,2,fever,9,80,117,111,13,99,37.1
30091313,2,fever,6,94,113,68,17,98,36.3
30091314,3,abdominal pain,2,83,111,73,20,94,35.9
30091315,3,knee pain,7,96,147,79,29,93,37.1
30091316,1,headache,7,89,121,112,25,96,37.5
30091317,3,laceration,4,62,133,65,22,96,37.0
30091318,3,chest pain,7,79,140,47,19,90,37.4
30091319,2,laceration,6,106,144,80,18,100,34.6
30091320,4,anxiety,2,95,147,112,18,95,35.6
30091321,1,abdominal pain,8,71,116,82,16,94,37.2
30091322,3,chest pain,2,73,130,85,21,95,35.3
30091323,4,abdominal pain,0,105,117,92,13,93,37.4
30091324,4,shortness of breath,6,100,120,77,24,98,37.1
30091325,4,shortness of breath,7,82,158,80,20,100,36.4
30091326,3,abdominal pain,7,106,133,83,19,98,36.7
30091327,5,fall,5,88,121,100,16,95,37.6
30091328,4,anxiety,5,49,148,85,20,95,37.0
30091329,4,chest pain,2,84,79,74,15,91,37.0
30091330,2,anxiety,6,72,141,90,20,95,39.3
30091331,5,fall,1,92,163,89,18,100,36.3
30091332,3,laceration,3,86,109,75,16,94,37.3
30091333,4,fall,2,86,145,94,16,96,36.2
30091334,3,fall,7,64,87,53,24,96,37.7
30091335,4,chest pain,5,105,109,56,18,96,37.0
30091336,5,headache,4,103,119,85,19,94,38.2
30091337,3,fever,1,90,156,64,22,100,36.5
30091338,3,chest pain,6,85,120,87,14,93,36.1
30091339,4,fever,0,86,137,90,18,95,38.4
30091340,4,chest pain,6,85,149,85,15,98,36.4
30091341,4,fall,7,74,149,108,19,98,36.9
30091342,3,shortness of breath,4,55,130,65,17,99,35.9
30091343,3,fever,3,75,140,76,21,97,35.6
30091344,3,fever,0,69,100,67,10,98,38.4
30091345,3,chest pain,3,89,124,98,16,99,36.9
30091346,1,chest pain,9,93,150,55,13,97,37.6
30091347,4,abdominal pain,2,87,135,91,17,97,36.6
30091348,3,headache,2,71,113,101,19,97,37.6
30091349,3,abdominal pain,7,78,114,43,22,96,38.2
30091350,3,shortness of breath,2,87,129,64,16,91,38.5
30091351,4,fall,3,90,122,100,15,97,37.4
30091352,3,abdominal pain,2,72,135,87,24,97,37.8
30091353,2,knee pain,7,103,102,71,20,94,36.0
30091354,3,fall,6,79,162,104,19,97,37.3
30091355,4,knee pain,1,74,135,55,16,98,37.3
30091356,3,abdominal pain,7,104,121,65,21,98,37.6
30091357,3,chest pain,7,94,122,54,17,96,36.2
30091358,4,fever,6,75,151,85,23,95,36.9
30091359,4,laceration,0,98,137,82,24,96,37.6
30091360,1,knee pain,10,89,115,79,19,96,36.6
30091361,4,headache,2,88,124,87,18,97,36.5
30091362,3,anxiety,2,102,83,78,14,98,36.6
30091363,4,shortness of breath,3,77,147,97,19,97,38.2
30091364,3,shortness of breath,3,82,98,81,23,97,36.1
30091365,3,headache,3,102,130,60,17,97,37.2
30091366,2,back pain,8,82,117,100,12,98,37.6
30091367,4,chest pain,3,101,142,84,15,94,35.9
30091368,3,knee pain,4,97,102,77,14,97,36.7
30091369,4,headache,1,90,150,72,13,97,36.9
30091370,2,fever,10,69,96,96,13,100,36.2
30091371,3,anxiety,3,70,107,83,16,100,37.6
30091372,3,abdominal pain,2,70,105,72,26,93,36.9
30091373,4,knee pain,3,67,163,57,17,96,37.6
30091374,3,anxiety,2,56,108,92,16,100,37.3
30091375,3,chest pain,7,70,107,76,18,100,37.0
30091376,2,chest pain,6,88,119,83,13,100,37.2
30091377,3,abdominal pain,5,104,131,67,16,100,38.0
30091378,4,shortness of breath,0,106,138,77,14,97,37.5
30091379,3,knee pain,4,75,114,75,19,96,38.5
30091380,3,headache,3,81,120,65,26,93,36.0
30091381,4,back pain,1,89,84,55,19,95,37.7
30091382,4,abdominal pain,6,78,132,56,23,100,36.5
30091383,3,abdominal pain,5,83,97,102,15,92,37.0
30091384,2,abdominal pain,8,98,112,53,23,93,38.3
30091385,1,headache,9,90,122,86,20,95,36.0
30091386,3,fever,1,84,113,103,23,98,36.7
30091387,3,anxiety,3,112,100,80,19,96,37.3
30091388,4,shortness of breath,6,76,136,92,16,93,37.2
30091389,4,back pain,4,91,137,56,22,96,38.1
30091390,3,back pain,0,82,111,84,17,94,38.1
30091391,3,anxiety,7,95,98,70,19,97,36.2
30091392,3,chest pain,7,107,133,98,17,100,35.0
30091393,3,fever,3,68,138,51,14,93,36.8
30091394,2,fever,6,102,115,77,16,100,36.1
30091395,4,shortness of breath,0,68,147,83,19,95,36.5
30091396,3,headache,5,85,107,81,9,97,37.1
30091397,3,shortness of breath,6,84,131,59,19,94,35.3
30091398,3,back pain,0,101,128,56,25,98,37.9
30091399,5,chest pain,4,100,125,94,15,93,36.9
30091400,3,fever,3,115,133,67,19,100,37.1
30091401,3,anxiety,7,83,126,63,22,98,37.4
30091402,3,chest pain,2,77,93,84,21,95,38.0
30091403,3,knee pain,1,78,112,78,21,92,37.2
30091404,4,fall,5,90,129,89,13,97,35.7
30091405,3,back pain,0,75,129,72,11,99,36.3
30091406,3,chest pain,1,88,122,119,19,99,35.9
30091407,3,chest pain,0,72,139,79,21,100,37.4
30091408,3,chest pain,2,56,141,70,13,100,37.3
30091409,3,chest pain,5,97,141,46,17,95,36.7
30091410,3,abdominal pain,2,76,112,87,18,97,35.5
30091411,3,fever,0,83,103,82,30,100,36.7
30091412,3,back pain,5,91,124,83,11,95,35.4
30091413,2,chest pain,8,102,108,88,20,95,38.2
30091414,3,fever,3,81,134,71,5,96,36.8
30091415,3,abdominal pain,1,99,173,90,21,94,35.8
30091416,3,fever,4,96,117,71,11,100,37.1
30091417,3,headache,4,70,140,74,21,99,37.8
30091418,1,abdominal pain,8,84,133,61,21,95,36.9
30091419,3,back pain,5,87,142,62,20,100,37.4
30091420,3,knee pain,3,71,133,77,18,97,36.2
30091421,2,laceration,9,76,127,70,25,98,37.7
30091422,3,anxiety,7,62,121,111,18,100,35.4
30091423,4,fever,2,113,123,103,20,100,37.6
30091424,2,abdominal pain,9,103,139,79,25,97,37.8
30091425,3,shortness of breath,7,97,105,85,12,97,38.0
30091426,3,knee pain,1,83,158,70,21,95,38.2
30091427,4,headache,2,86,143,91,11,97,37.1
30091428,1,headache,10,106,98,83,18,97,37.0
30091429,4,laceration,6,91,123,94,9,95,37.7
30091430,3,headache,6,114,122,92,18,98,38.9
30091431,3,abdominal pain,2,110,123,87,25,98,36.5
30091432,1,fall,10,83,129,53,12,100,36.4
30091433,4,anxiety,3,86,175,78,18,97,36.6
30091434,3,abdominal pain,5,79,126,80,15,93,38.0
30091435,5,laceration,7,68,151,106,19,100,37.9
30091436,3,chest pain,7,76,129,106,20,95,35.7
30091437,3,anxiety,1,94,169,66,25,98,36.9
30091438,5,back pain,3,72,119,80,20,100,37.9
30091439,3,headache,5,95,146,74,11,94,36.4
30091440,1,fall,9,80,121,53,12,100,36.1
30091441,4,anxiety,7,104,113,62,21,98,36.1
30091442,2,fall,8,103,120,82,17,96,36.3
30091443,2,anxiety,10,93,117,74,9,95,35.8
30091444,3,back pain,7,69,110,90,19,98,36.9
30091445,3,headache,5,67,137,100,15,97,37.4
30091446,3,headache,6,99,120,75,13,99,36.0
30091447,2,shortness of breath,10,105,100,69,17,95,35.9
30091448,3,abdominal pain,2,61,137,63,17,99,36.4
30091449,3,back pain,2,89,109,86,14,97,37.0
30091450,1,laceration,7,91,99,79,17,100,37.1
30091451,2,back pain,10,87,169,86,18,94,37.1
30091452,5,back pain,3,100,137,102,21,95,36.9
30091453,2,shortness of breath,6,68,131,85,14,98,37.0
30091454,2,fever,10,74,103,69,15,98,37.5
30091455,3,fever,6,101,124,49,16,95,37.6
30091456,4,shortness of breath,3,66,135,98,18,100,37.3
30091457,4,anxiety,0,103,138,79,22,95,37.7
30091458,3,knee pain,7,75,166,97,16,100,37.7
30091459,3,chest pain,5,108,123,89,15,94,37.6
30091460,4,laceration,0,87,84,71,14,99,37.2
30091461,4,abdominal pain,6,79,124,85,10,93,36.3
30091462,4,anxiety,4,80,90,68,15,99,36.8
30091463,3,laceration,7,105,148,83,16,95,34.4
30091464,2,fever,9,89,132,64,14,94,37.6
30091465,2,chest pain,7,79,109,97,17,100,36.3
30091466,4,laceration,6,72,150,67,19,100,37.1
30091467,3,laceration,3,75,161,70,20,100,37.7
30091468,1,laceration,7,81,158,84,14,96,36.0
30091469,3,fever,1,47,145,55,18,94,38.9
30091470,3,chest pain,1,62,111,71,10,100,36.6
30091471,3,chest pain,4,102,111,104,21,98,37.2
30091472,3,laceration,6,54,147,98,19,93,35.9
30091473,3,back pain,2,112,128,55,22,98,37.3
30091474,2,fever,9,87,130,90,18,98,36.6
30091475,4,chest pain,1,108,157,72,22,100,36.3
30091476,3,chest pain,0,94,118,97,18,100,35.7
30091477,1,laceration,8,96,131,80,21,95,36.2
30091478,3,fall,7,117,132,83,20,95,36.8
30091479,3,laceration,7,74,123,60,22,94,36.8
30091480,3,fall,4,96,115,69,11,91,37.4
30091481,3,shortness of breath,0,87,136,98,12,97,36.2
30091482,2,chest pain,9,59,91,71,13,100,36.5
30091483,2,back pain,10,86,160,93,21,95,37.1
30091484,1,back pain,9,87,132,71,23,98,38.2
30091485,3,back pain,3,70,141,79,14,97,37.7
30091486,2,anxiety,8,85,156,75,16,95,37.6
30091487,3,abdominal pain,6,63,133,106,16,93,36.3
30091488,4,shortness of breath,1,103,84,91,19,96,36.8
30091489,3,fall,3,98,118,115,21,94,37.5
30091490,1,knee pain,7,80,124,57,18,96,38.4
30091491,2,back pain,8,79,122,100,10,96,37.8
30091492,3,anxiety,0,96,108,103,17,94,35.9
30091493,3,laceration,3,75,123,85,15,97,38.5
30091494,4,headache,1,82,155,66,20,97,36.5
30091495,3,back pain,0,99,123,89,22,99,37.3
30091496,3,shortness of breath,2,76,104,75,17,96,36.2
30091497,3,abdominal pain,4,81,174,80,22,100,36.7
30091498,2,abdominal pain,9,79,68,67,19,94,36.3
30091499,2,fever,6,93,94,102,15,95,36.5
30091500,3,fever,4,94,105,89,14,99,37.3
30091501,3,knee pain,4,89,160,98,15,99,36.1
30091502,2,shortness of breath,6,72,127,72,12,93,36.2
30091503,2,back pain,7,75,104,87,19,99,38.0
30091504,3,headache,3,101,103,83,15,99,38.4
30091505,2,anxiety,6,101,127,83,22,96,36.2
30091506,4,chest pain,1,87,94,88,21,95,38.0
30091507,3,abdominal pain,6,79,116,88,19,99,36.6
30091508,3,chest pain,2,103,106,89,19,92,37.6
30091509,4,anxiety,5,93,186,88,15,99,38.2
30091510,2,fall,7,78,137,90,19,99,36.4
30091511,1,knee pain,10,64,133,85,19,100,36.5
30091512,4,fall,1,113,113,79,19,93,35.7
30091513,3,shortness of breath,5,87,116,76,20,96,36.0
30091514,2,laceration,8,92,132,79,11,95,37.1
30091515,3,headache,3,106,101,91,20,100,37.2
30091516,3,chest pain,0,76,146,82,13,96,37.2
30091517,2,laceration,9,83,138,101,13,95,37.4
30091518,2,fall,6,97,93,61,23,99,37.0
30091519,3,chest pain,5,86,108,90,20,95,37.2
30091520,4,fever,7,82,106,90,22,100,36.5
30091521,3,shortness of breath,0,100,84,50,21,100,36.6
30091522,5,headache,5,70,144,79,17,93,36.9
30091523,3,headache,4,75,113,62,19,98,36.9
30091524,3,shortness of breath,6,46,88,62,21,95,37.6
30091525,3,abdominal pain,3,68,112,107,16,98,37.1
30091526,2,shortness of breath,8,69,129,98,16,96,36.0
30091527,3,fever,4,117,136,89,15,100,37.8
30091528,3,laceration,0,71,122,65,18,95,36.9
30091529,4,fever,2,102,136,85,20,98,36.7
30091530,3,anxiety,6,60,141,94,19,95,36.3
30091531,3,headache,3,79,126,37,19,96,36.6
30091532,2,anxiety,10,119,155,84,16,98,36.4
30091533,4,back pain,3,97,134,64,18,98,37.7
30091534,3,shortness of breath,5,87,92,89,18,99,36.7
30091535,3,headache,6,98,120,84,23,97,35.8
30091536,5,fever,5,58,135,101,18,100,36.7
30091537,3,anxiety,2,68,94,82,17,100,37.6
30091538,3,fall,1,89,118,86,20,98,37.3
30091539,3,knee pain,2,103,144,100,20,89,36.8
30091540,2,fever,9,85,105,87,11,97,36.2
30091541,3,knee pain,2,96,109,85,14,94,36.9
30091542,3,knee pain,2,97,156,72,15,96,36.2
30091543,3,back pain,0,78,119,62,19,100,36.3
30091544,3,back pain,7,102,157,93,13,100,36.9
30091545,4,headache,4,101,150,82,20,92,36.4
30091546,3,laceration,0,86,102,96,15,97,36.5
30091547,3,fever,5,75,108,73,20,97,38.4
30091548,2,chest pain,6,76,112,72,22,100,38.1
30091549,3,back pain,2,61,111,85,26,94,36.0
30091550,3,abdominal pain,3,99,99,70,15,95,36.5
30091551,3,shortness of breath,3,68,132,89,22,97,36.1
30091552,4,fall,2,63,111,64,22,100,36.5
30091553,3,fever,3,72,133,85,24,100,36.0
30091554,1,anxiety,6,79,139,83,17,99,37.4
30091555,4,headache,4,97,157,63,13,94,36.9
30091556,3,fall,1,89,144,113,16,98,36.8
30091557,5,fever,7,80,113,52,22,98,35.1
30091558,3,fall,4,92,163,77,16,99,36.9
30091559,4,shortness of breath,3,76,146,79,20,98,36.2
30091560,3,laceration,2,97,135,102,20,98,37.1
30091561,2,fall,8,84,117,61,19,97,36.6
30091562,5,fever,4,88,113,104,21,95,37.0
30091563,4,headache,2,83,127,92,20,100,37.8
30091564,4,fever,3,78,129,81,14,96,38.7
30091565,2,laceration,8,87,120,81,18,100,36.6
30091566,3,anxiety,6,73,131,90,17,98,36.9
30091567,2,shortness of breath,9,62,139,77,16,100,36.4
30091568,2,anxiety,6,76,131,86,19,94,38.1
30091569,3,anxiety,7,116,153,54,22,99,36.4
30091570,1,back pain,6,99,119,85,21,99,38.2
30091571,3,headache,5,90,163,105,11,95,35.5
30091572,4,laceration,3,97,136,71,20,100,37.5
30091573,3,headache,0,97,133,97,21,100,37.6
30091574,2,anxiety,7,97,152,88,16,100,36.4
30091575,3,shortness of breath,7,96,110,77,14,97,37.1
30091576,4,headache,5,101,131,86,17,92,36.2
30091577,4,fall,5,96,105,85,24,97,36.1
30091578,2,back pain,10,96,141,84,23,96,38.1
30091579,2,abdominal pain,9,118,137,68,17,94,37.0
30091580,3,fever,2,91,142,60,17,96,36.2
30091581,4,abdominal pain,0,103,133,89,18,98,36.3
30091582,3,anxiety,1,91,112,57,19,97,37.4
30091583,4,fall,5,108,130,56,13,94,36.6
30091584,4,fall,3,68,110,87,18,100,37.3
30091585,1,fever,8,100,137,103,19,93,37.2
30091586,4,shortness of breath,5,87,113,77,14,100,36.9
30091587,3,chest pain,0,72,140,56,12,97,36.3
30091588,4,anxiety,0,83,127,86,24,97,36.7
30091589,3,anxiety,1,92,165,67,25,94,37.3
30091590,3,shortness of breath,0,72,148,73,16,92,37.4
30091591,5,shortness of breath,7,51,144,65,10,96,37.6
30091592,2,anxiety,8,96,120,84,27,96,36.4
30091593,4,anxiety,3,72,132,108,19,95,36.9
30091594,4,knee pain,6,105,106,80,17,89,36.9
30091595,4,fall,2,91,111,82,20,97,35.9
30091596,3,back pain,5,71,111,71,25,97,37.1
30091597,2,laceration,8,72,142,99,18,97,36.0
30091598,3,anxiety,7,112,120,108,15,100,35.2
30091599,3,headache,7,86,128,85,22,100,37.6
30091600,3,back pain,3,118,115,64,13,95,35.5
30091601,1,back pain,9,94,98,77,25,94,36.6
30091602,5,shortness of breath,1,93,141,91,23,96,36.9
30091603,2,shortness of breath,7,103,138,50,24,93,36.2
30091604,3,fever,1,105,160,79,24,100,38.2
30091605,2,shortness of breath,6,75,127,76,14,98,36.9
30091606,3,laceration,7,99,137,84,16,99,37.4
30091607,4,shortness of breath,5,75,144,86,19,92,37.7
30091608,3,chest pain,1,79,113,63,14,94,38.0
30091609,3,fever,2,98,133,80,23,96,35.3
30091610,3,chest pain,6,85,126,81,17,94,36.3
30091611,3,headache,3,80,139,78,14,97,37.2
30091612,3,chest pain,1,82,129,71,20,95,36.2
30091613,2,knee pain,6,104,128,72,19,95,36.4
30091614,1,abdominal pain,8,68,131,111,17,100,37.0
30091615,3,fall,0,73,159,72,17,94,35.4
30091616,2,headache,8,93,141,93,21,100,37.1
30091617,4,abdominal pain,4,70,107,81,15,97,36.8
30091618,3,knee pain,1,65,119,84,19,95,36.6
30091619,4,knee pain,3,75,137,83,11,97,37.0
30091620,3,anxiety,5,61,132,74,15,98,36.5
30091621,4,anxiety,0,86,129,94,13,95,37.4
30091622,3,anxiety,4,85,118,89,16,95,38.6
30091623,4,fever,5,85,120,73,29,94,36.5
30091624,4,back pain,4,102,124,95,10,98,36.2
30091625,3,shortness of breath,3,84,118,84,19,99,37.7
30091626,3,back pain,7,97,101,53,19,98,37.5
30091627,5,laceration,3,65,120,76,12,97,38.3
30091628,3,fall,4,99,95,96,11,92,36.3
30091629,5,headache,1,84,103,72,17,97,37.3
30091630,3,fall,6,125,148,76,20,97,37.5
30091631,3,headache,7,94,112,80,12,95,37.2
30091632,3,fever,1,87,136,84,18,95,36.1
30091633,2,abdominal pain,6,52,130,83,18,98,36.5
30091634,3,fall,1,79,116,108,24,95,37.0
30091635,3,back pain,0,61,141,89,18,94,36.8
30091636,3,abdominal pain,1,97,124,58,7,98,36.5
30091637,4,abdominal pain,1,84,138,82,22,94,36.2
30091638,3,headache,6,85,109,73,19,99,36.8
30091639,4,abdominal pain,3,67,137,100,20,89,36.2
30091640,3,laceration,6,73,133,96,21,96,35.4
30091641,3,abdominal pain,5,76,127,84,18,100,36.5
30091642,3,anxiety,5,86,110,64,21,94,36.3
30091643,1,anxiety,8,80,139,81,21,95,36.5
30091644,5,shortness of breath,5,109,106,92,10,93,36.7
30091645,5,abdominal pain,1,95,122,95,15,98,36.8
30091646,1,fever,9,80,122,67,21,96,37.1
30091647,3,abdominal pain,0,108,136,78,24,93,37.5
30091648,3,anxiety,2,81,150,94,21,97,37.0
30091649,2,abdominal pain,10,113,119,69,23,100,38.1
30091650,3,shortness of breath,1,96,106,67,25,96,38.4
30091651,2,chest pain,9,94,102,97,17,88,38.2
30091652,3,abdominal pain,0,76,122,84,22,97,38.0
30091653,3,back pain,0,87,139,93,18,93,34.9
30091654,2,laceration,10,99,111,95,13,98,38.3
30091655,3,abdominal pain,0,84,137,99,16,93,36.7
30091656,3,laceration,2,87,154,84,25,99,36.1
30091657,3,shortness of breath,0,107,138,71,21,100,37.2
30091658,2,shortness of breath,10,74,157,71,22,99,35.7
30091659,3,fever,6,91,124,92,19,100,38.6
30091660,4,abdominal pain,3,99,125,91,23,96,37.1
30091661,4,shortness of breath,3,88,120,85,16,97,37.5
30091662,3,anxiety,0,76,144,100,13,91,38.2
30091663,2,laceration,6,92,113,87,15,89,37.8
30091664,1,shortness of breath,10,62,166,86,12,92,37.2
30091665,4,laceration,7,74,135,51,14,99,37.0
30091666,3,headache,5,108,130,89,15,98,36.7
30091667,5,shortness of breath,2,91,85,60,11,97,38.7
30091668,3,anxiety,5,83,144,100,14,97,39.4
30091669,2,fall,7,81,106,106,19,96,36.7
30091670,2,back pain,7,55,101,67,20,100,37.0
30091671,2,headache,8,95,138,62,22,100,36.5
30091672,3,chest pain,0,92,120,72,14,96,37.1
30091673,2,fever,10,80,121,86,16,99,36.3
30091674,3,back pain,6,72,139,79,18,97,38.2
30091675,4,knee pain,7,86,145,100,18,94,36.6
30091676,2,back pain,10,94,116,89,14,96,36.6
30091677,4,abdominal pain,0,64,105,78,13,100,38.7
30091678,4,knee pain,4,104,113,64,19,96,37.3
30091679,3,chest pain,6,85,156,66,13,98,37.1
30091680,3,back pain,1,85,129,84,26,97,37.7
30091681,3,laceration,5,103,128,78,24,100,36.6
30091682,4,fever,0,92,122,84,14,98,38.0
30091683,3,knee pain,0,91,128,92,20,100,37.0
30091684,4,back pain,2,80,82,86,19,100,37.0
30091685,3,headache,5,83,154,73,18,100,36.3
30091686,3,shortness of breath,1,89,105,90,21,95,36.1
30091687,3,fever,3,88,138,104,16,97,36.0
30091688,3,abdominal pain,5,70,116,52,18,99,37.2
30091689,3,abdominal pain,1,75,145,95,24,100,37.4
30091690,3,chest pain,7,84,128,101,14,98,38.5
30091691,4,abdominal pain,5,84,125,53,17,93,37.3
30091692,2,shortness of breath,9,62,119,87,16,98,37.2
30091693,1,back pain,10,100,147,75,12,93,36.7
30091694,4,anxiety,5,87,140,71,19,96,36.5
30091695,4,knee pain,2,65,143,75,24,97,36.0
30091696,4,fever,2,99,110,74,12,99,37.7
30091697,3,abdominal pain,5,92,119,71,22,100,36.8
30091698,3,anxiety,6,95,119,82,22,96,37.9
30091699,3,headache,0,88,127,100,13,96,37.2
30091700,3,anxiety,5,81,116,98,19,95,37.6
30091701,3,knee pain,7,87,145,78,15,97,37.4
30091702,3,shortness of breath,3,59,121,95,23,92,37.4
30091703,3,back pain,0,61,135,72,23,98,38.8
30091704,3,fall,6,86,123,92,21,100,37.4
30091705,3,shortness of breath,1,70,129,76,21,94,35.6
30091706,3,back pain,5,82,152,76,15,98,35.3
30091707,3,headache,6,85,126,88,20,92,37.1
30091708,4,anxiety,6,80,128,74,21,98,37.1
30091709,2,abdominal pain,10,104,118,60,16,96,37.9
30091710,3,shortness of breath,0,77,138,95,21,99,36.3
30091711,3,fall,2,67,102,95,24,95,37.6
30091712,4,abdominal pain,1,93,138,79,14,100,35.8
30091713,3,chest pain,5,40,126,101,16,99,36.6
30091714,1,fall,6,68,128,102,17,98,37.3
30091715,3,shortness of breath,4,79,140,78,21,99,37.1
30091716,3,laceration,4,97,154,51,13,99,36.7
30091717,3,fever,4,102,113,92,35,100,36.5
30091718,3,knee pain,3,108,123,71,12,96,37.3
30091719,2,fall,8,72,98,74,24,95,36.9
30091720,3,back pain,5,85,104,85,20,97,38.8
30091721,3,knee pain,6,76,130,83,17,97,37.3
30091722,3,knee pain,1,81,108,43,18,100,36.5
30091723,3,knee pain,6,91,131,91,14,96,38.3
30091724,3,chest pain,7,77,75,80,13,98,37.6
30091725,3,laceration,5,95,100,53,25,100,37.3
30091726,3,shortness of breath,7,77,152,84,17,97,37.3
30091727,3,chest pain,6,83,166,73,24,97,36.6
30091728,2,knee pain,7,94,106,100,13,94,36.7
30091729,5,chest pain,5,94,120,93,19,93,37.6
30091730,3,anxiety,4,121,136,101,19,99,36.9
30091731,3,knee pain,1,90,125,90,18,94,37.2
30091732,3,abdominal pain,3,82,142,78,21,96,36.7
30091733,3,anxiety,6,93,137,61,19,100,37.8
30091734,5,anxiety,0,103,145,62,21,90,37.4
30091735,1,fever,6,52,148,105,16,97,38.0
30091736,4,chest pain,2,66,93,91,18,99,36.8
30091737,3,back pain,1,98,130,77,19,97,37.5
30091738,3,fall,0,105,141,85,22,96,38.3
30091739,3,shortness of breath,2,81,140,94,14,97,36.0
30091740,3,abdominal pain,5,84,121,91,14,100,37.8
30091741,3,headache,4,90,107,100,20,97,36.5
30091742,3,abdominal pain,7,111,165,104,16,100,36.7
30091743,3,back pain,2,64,100,54,20,92,37.8
30091744,2,abdominal pain,6,76,127,78,18,96,35.5
30091745,1,back pain,8,98,150,99,18,100,36.0
30091746,3,abdominal pain,1,74,126,82,18,99,36.4
30091747,1,anxiety,6,82,116,88,14,91,37.2
30091748,3,abdominal pain,0,89,132,100,13,97,37.1
30091749,4,chest pain,1,87,119,74,12,94,38.8
30091750,2,knee pain,9,98,105,97,19,94,36.8
30091751,3,fever,0,85,87,77,16,99,37.5
30091752,4,fall,5,84,153,83,16,98,37.0
30091753,4,anxiety,7,96,109,83,17,97,38.3
30091754,3,abdominal pain,0,93,134,90,27,97,36.3
30091755,3,headache,3,87,143,60,21,95,37.7
30091756,1,abdominal pain,7,55,91,79,21,100,36.9
30091757,4,shortness of breath,0,74,118,83,18,99,36.0
30091758,5,fever,4,91,108,98,14,100,38.3
30091759,2,laceration,6,104,114,59,19,93,37.1
30091760,4,abdominal pain,7,75,101,97,20,92,36.1
30091761,1,anxiety,6,123,115,69,17,100,36.4
30091762,5,back pain,2,82,143,126,20,100,36.3
30091763,4,fever,5,68,122,65,26,95,38.0
30091764,3,anxiety,3,75,133,76,15,99,37.1
30091765,4,knee pain,7,69,99,113,23,98,37.3
30091766,3,fall,6,87,130,77,13,100,38.1
30091767,3,knee pain,7,78,129,89,16,100,36.2
30091768,5,knee pain,1,78,99,71,23,98,36.5
30091769,2,anxiety,8,106,143,89,14,98,37.7
30091770,3,knee pain,5,74,118,62,10,92,37.0
30091771,1,headache,8,66,122,65,20,100,37.7
30091772,3,headache,6,83,143,64,17,100,35.5
30091773,3,back pain,7,74,120,93,21,97,36.9
30091774,1,fever,6,73,145,109,21,97,37.7
30091775,3,back pain,3,90,113,78,26,96,37.6
30091776,4,chest pain,4,96,149,95,22,98,36.6
30091777,4,fall,3,77,166,70,20,98,36.3
30091778,4,headache,4,93,148,81,16,95,36.4
30091779,1,laceration,10,63,95,110,23,95,36.3
30091780,4,back pain,2,91,133,73,29,96,36.6
30091781,3,fall,6,99,126,65,13,100,36.4
30091782,3,shortness of breath,0,72,122,95,16,100,37.3
30091783,1,headache,10,83,144,98,21,94,36.9
30091784,3,abdominal pain,2,69,106,95,21,94,36.4
30091785,3,shortness of breath,7,108,103,62,16,95,36.7
30091786,3,fall,7,81,90,57,15,100,36.4
30091787,2,headache,9,73,119,75,22,96,35.6
30091788,3,laceration,5,86,121,82,21,95,36.8
30091789,3,shortness of breath,0,85,128,82,27,94,37.4
30091790,3,fall,3,96,159,72,18,100,36.6
30091791,1,abdominal pain,10,86,120,95,17,100,37.7
30091792,2,laceration,7,58,134,72,21,92,37.2
30091793,3,anxiety,6,83,76,82,22,94,36.1
30091794,3,chest pain,5,105,138,87,14,100,36.5
30091795,3,fever,7,103,116,72,21,94,36.8
30091796,3,anxiety,7,70,141,59,19,100,38.7
30091797,2,laceration,8,87,119,37,27,99,36.8
30091798,3,anxiety,2,94,123,76,20,99,37.0
30091799,1,back pain,10,85,104,82,13,99,37.5
30091800,3,laceration,5,94,114,89,20,95,36.0
30091801,3,headache,5,116,105,91,21,100,36.4
30091802,3,chest pain,6,101,146,65,26,97,37.8
30091803,3,chest pain,0,91,146,68,23,100,37.0
30091804,4,knee pain,7,92,123,67,16,93,36.8
30091805,3,fever,6,120,108,95,16,97,36.1
30091806,3,knee pain,6,102,130,92,17,97,37.8
30091807,3,back pain,4,84,127,107,17,95,36.2
30091808,3,knee pain,5,78,80,86,20,95,36.7
30091809,3,laceration,0,109,155,44,15,100,35.5
30091810,3,laceration,5,81,174,55,17,95,37.8
30091811,3,abdominal pain,1,87,131,82,15,97,36.1
30091812,3,back pain,4,66,114,106,15,100,37.2
30091813,4,headache,0,92,129,99,17,95,37.4
30091814,3,anxiety,3,91,98,87,18,95,36.2
30091815,3,knee pain,4,80,106,82,23,100,37.1
30091816,3,headache,2,91,126,80,20,97,37.7
30091817,3,knee pain,2,85,102,64,23,95,37.7
30091818,4,shortness of breath,5,79,125,110,22,99,38.1
30091819,5,fall,2,92,115,85,27,95,36.8
30091820,3,fall,2,95,126,83,20,97,37.0
30091821,1,shortness of breath,9,47,143,45,21,99,35.6
30091822,3,anxiety,0,63,109,53,11,95,37.7
30091823,4,anxiety,2,61,97,93,14,91,36.7
30091824,3,chest pain,7,79,102,75,13,92,36.9
30091825,3,headache,6,121,142,64,12,94,37.5
30091826,3,anxiety,7,89,112,81,17,93,37.4
30091827,3,fall,0,97,131,81,18,95,38.7
30091828,3,anxiety,6,90,158,89,16,96,36.0
30091829,3,shortness of breath,3,109,118,113,17,96,36.9
30091830,2,knee pain,9,73,104,70,15,98,38.2
30091831,3,shortness of breath,3,94,119,119,17,97,36.5
30091832,5,shortness of breath,0,92,126,80,19,100,37.3
30091833,4,fever,1,101,150,87,20,100,37.2
30091834,3,back pain,5,67,144,68,19,100,36.7
30091835,4,back pain,1,46,118,100,20,100,36.4
30091836,2,laceration,9,91,132,94,25,92,38.5
30091837,2,chest pain,7,55,136,105,15,97,37.5
30091838,3,laceration,5,91,89,63,20,98,36.4
30091839,2,fall,7,83,138,80,17,91,36.5
30091840,2,headache,8,84,152,99,15,100,37.1
30091841,4,laceration,2,75,150,71,17,99,37.0
30091842,1,chest pain,8,96,148,82,20,98,36.4
30091843,2,anxiety,6,92,120,95,17,100,37.7
30091844,1,back pain,8,103,136,80,12,96,36.8
30091845,3,fall,3,79,126,73,19,100,36.1
30091846,3,laceration,7,90,95,95,17,93,36.4
30091847,3,chest pain,2,54,123,84,19,93,37.6
30091848,3,fall,0,120,168,91,12,98,37.1
30091849,4,laceration,6,71,120,65,18,93,37.0
30091850,2,laceration,9,63,114,79,12,97,35.9
30091851,3,chest pain,5,93,116,84,17,94,36.9
30091852,3,anxiety,2,63,99,71,16,98,36.5
30091853,3,back pain,3,90,122,91,20,97,36.3
30091854,3,anxiety,5,93,144,75,23,97,36.9
30091855,2,back pain,6,90,139,108,15,98,36.7
30091856,3,headache,7,96,141,84,22,100,37.4
30091857,3,knee pain,1,71,111,93,16,97,36.9
30091858,2,fall,10,73,101,80,15,96,36.7
30091859,3,laceration,1,72,126,87,17,99,39.0
30091860,3,abdominal pain,4,107,114,53,16,91,37.4
30091861,4,anxiety,0,85,128,56,17,98,37.2
30091862,4,fall,0,96,142,74,18,100,36.2
30091863,2,headache,6,76,112,68,12,100,38.6
30091864,2,fall,7,87,125,53,16,93,36.6
30091865,3,knee pain,5,117,134,81,30,98,36.7
30091866,3,abdominal pain,6,113,108,68,18,100,36.8
30091867,3,knee pain,6,88,126,77,19,93,36.2
30091868,4,shortness of breath,6,74,105,75,20,98,36.7
30091869,3,laceration,1,79,155,84,18,94,37.2
30091870,3,fever,1,64,116,121,20,100,36.2
30091871,2,chest pain,8,81,130,100,22,99,36.7
30091872,3,knee pain,1,80,121,87,25,98,37.4
30091873,3,fall,7,110,111,65,27,96,36.8
30091874,3,back pain,2,89,130,89,15,96,36.8
30091875,3,shortness of breath,0,52,99,87,11,96,36.0
30091876,3,laceration,5,78,94,84,17,97,36.7
30091877,2,fever,8,70,159,88,17,98,36.7
30091878,3,chest pain,5,81,97,59,12,100,38.3
30091879,4,anxiety,6,84,115,71,21,91,37.1
30091880,2,anxiety,8,86,109,71,26,98,36.3
30091881,3,chest pain,6,57,111,88,10,97,37.4
30091882,3,chest pain,6,89,145,66,22,96,37.4
30091883,3,shortness of breath,2,90,133,64,28,96,37.8
30091884,4,fever,7,86,112,100,23,91,35.9
30091885,2,knee pain,7,70,139,67,17,92,36.6
30091886,2,abdominal pain,6,81,114,101,22,96,37.4
30091887,2,laceration,8,91,137,59,20,95,36.9
30091888,3,fever,0,80,111,95,16,93,36.9
30091889,2,anxiety,10,96,151,79,18,100,35.6
30091890,3,anxiety,5,117,112,76,19,97,37.3
30091891,3,laceration,5,93,153,62,14,100,37.1
30091892,4,chest pain,1,118,147,89,14,100,36.8
30091893,4,laceration,6,70,122,74,16,94,37.2
30091894,2,abdominal pain,8,85,168,94,19,100,37.6
30091895,3,chest pain,7,107,106,87,22,100,36.8
30091896,4,abdominal pain,5,61,145,75,11,90,36.0
30091897,3,shortness of breath,2,94,135,85,13,100,36.2
30091898,2,anxiety,6,76,113,55,24,98,36.2
30091899,3,laceration,4,80,165,58,22,100,37.5
30091900,4,back pain,0,86,123,96,18,100,35.9
30091901,4,back pain,0,68,118,79,16,100,37.7
30091902,3,fall,1,60,78,34,19,100,38.1
30091903,3,knee pain,5,100,122,77,22,98,37.2
30091904,3,fall,7,79,116,61,14,98,35.6
30091905,3,shortness of breath,0,88,86,75,19,93,37.8
30091906,2,knee pain,6,73,133,85,18,95,35.9
30091907,2,back pain,6,106,135,69,17,100,39.4
30091908,3,anxiety,6,76,129,59,17,99,37.9
30091909,2,headache,10,71,151,105,22,93,37.7
30091910,3,fall,6,75,96,61,19,97,37.9
30091911,3,anxiety,0,96,149,84,22,100,37.2
30091912,3,back pain,6,77,110,83,17,98,38.1
30091913,3,shortness of breath,1,75,96,51,18,93,37.7
30091914,3,anxiety,2,103,138,82,12,97,37.2
30091915,3,fever,3,91,131,84,17,100,36.7
30091916,3,laceration,7,103,126,70,20,100,38.6
30091917,5,chest pain,1,83,133,73,16,97,38.2
30091918,3,chest pain,7,97,143,89,15,97,38.1
30091919,4,shortness of breath,2,96,159,112,21,98,38.7
30091920,3,headache,1,87,124,54,25,99,35.8
30091921,3,anxiety,6,97,129,91,23,96,36.0
30091922,2,abdominal pain,7,121,119,81,19,98,37.3
30091923,3,fall,4,89,123,104,21,100,37.0
30091924,3,anxiety,1,84,128,62,12,93,36.5
30091925,5,headache,6,88,99,63,13,96,37.2
30091926,4,fall,1,94,120,46,13,100,36.0
30091927,4,headache,3,96,77,64,15,96,35.5
30091928,3,knee pain,5,83,150,109,22,93,37.4
30091929,4,headache,3,81,140,105,16,99,35.8
30091930,1,back pain,6,89,134,88,17,94,36.4
30091931,3,laceration,6,101,124,97,18,93,38.1
30091932,2,laceration,6,77,108,101,17,100,37.1
30091933,1,chest pain,9,84,113,42,20,92,36.9
30091934,4,laceration,6,92,134,96,21,99,37.5
30091935,3,fever,0,83,76,61,18,95,37.1
30091936,2,shortness of breath,8,79,130,58,21,100,37.1
30091937,1,laceration,6,83,122,69,20,99,36.6
30091938,4,laceration,4,68,130,93,22,100,37.1
30091939,3,headache,6,121,115,80,20,98,36.8
30091940,3,anxiety,2,67,125,73,21,100,36.6
30091941,3,fall,5,98,138,82,18,95,36.7
30091942,3,chest pain,7,107,86,82,22,96,38.3
30091943,2,abdominal pain,9,74,139,80,16,96,37.0
30091944,3,anxiety,4,106,123,92,17,95,36.7
30091945,3,anxiety,6,88,85,65,17,95,37.5
30091946,1,back pain,9,104,162,72,14,91,38.9
30091947,3,knee pain,3,66,112,44,23,94,37.2
30091948,3,fall,2,114,93,76,18,94,37.8
30091949,1,knee pain,10,90,140,95,14,97,36.8
30091950,3,headache,6,79,145,84,18,97,37.4
30091951,3,fall,0,84,109,56,14,98,36.6
30091952,3,fever,1,91,129,75,19,98,36.4
30091953,3,abdominal pain,4,102,146,55,16,90,36.2
30091954,3,fall,2,91,108,62,22,94,37.0
30091955,4,abdominal pain,4,110,105,109,14,99,37.5
30091956,3,fever,2,71,139,81,14,96,36.8
30091957,2,chest pain,8,79,98,66,18,97,37.2
30091958,3,fever,6,57,108,82,25,97,35.0
30091959,3,anxiety,7,78,105,76,14,100,36.4
30091960,4,anxiety,2,70,108,93,13,93,37.2
30091961,4,chest pain,6,96,144,60,18,100,35.9
30091962,3,back pain,1,83,135,108,21,97,36.7
30091963,2,fall,7,90,156,96,24,100,36.1
30091964,3,back pain,2,73,108,83,22,97,37.1
30091965,3,anxiety,6,95,167,92,24,98,37.3
30091966,4,fever,4,83,104,80,20,95,36.2
30091967,2,fall,8,83,154,73,20,99,38.5
30091968,5,laceration,6,83,107,105,14,99,36.2
30091969,3,laceration,0,83,135,76,22,93,36.9
30091970,4,fall,5,71,121,108,14,100,37.2
30091971,3,laceration,1,77,128,85,9,97,37.4
30091972,5,fall,4,90,80,88,17,100,37.2
30091973,3,abdominal pain,2,66,142,82,15,100,37.0
30091974,2,fall,7,73,122,67,20,93,37.0
30091975,4,fall,3,89,110,68,19,99,36.6
30091976,3,knee pain,5,81,145,88,19,94,36.3
30091977,4,shortness of breath,5,85,155,93,18,100,38.0
30091978,3,headache,3,94,127,83,16,100,38.2
30091979,3,abdominal pain,0,66,145,79,25,96,36.3
30091980,2,knee pain,8,110,108,57,21,95,37.0
30091981,3,fever,1,92,84,100,11,98,35.9
30091982,2,knee pain,9,94,124,111,19,96,37.5
30091983,3,laceration,2,72,116,65,24,97,36.6
30091984,2,laceration,7,84,121,66,14,100,37.7
30091985,3,back pain,7,92,126,79,19,94,36.8
30091986,4,laceration,0,92,115,76,14,97,36.7
30091987,3,shortness of breath,6,80,125,83,20,97,36.3
30091988,5,knee pain,0,106,142,84,17,96,37.2
30091989,3,fall,2,89,133,85,17,100,36.5
30091990,2,shortness of breath,9,90,150,93,16,99,37.4
30091991,3,knee pain,7,79,119,68,8,100,36.8
30091992,2,shortness of breath,8,77,112,90,29,99,37.5
30091993,3,abdominal pain,5,85,101,78,17,97,36.3
30091994,5,fever,1,86,131,89,19,99,34.6
30091995,4,shortness of breath,6,100,135,105,28,92,39.4
30091996,4,anxiety,5,92,148,62,24,98,36.8
30091997,3,knee pain,5,78,143,97,22,98,37.6
30091998,2,back pain,6,87,152,86,14,98,36.7
30091999,3,knee pain,7,98,98,98,15,91,37.3
30092000,3,laceration,7,97,158,92,29,100,37.8
30092001,2,fall,10,88,153,97,19,97,36.9
30092002,3,headache,6,85,111,62,23,91,36.1
30092003,4,anxiety,4,68,137,44,10,100,37.2
30092004,3,chest pain,3,102,147,102,20,100,37.5
30092005,5,shortness of breath,6,90,112,66,23,100,36.8
30092006,3,laceration,6,86,105,89,20,99,36.4
30092007,3,anxiety,4,84,121,65,17,92,37.4
30092008,2,knee pain,7,67,136,78,17,99,37.0
30092009,3,fall,4,116,114,65,22,100,38.4
30092010,3,abdominal pain,3,88,164,100,16,95,36.2
30092011,5,knee pain,0,64,100,91,18,100,36.1
30092012,3,abdominal pain,3,98,148,86,22,95,36.3
30092013,3,back pain,1,80,111,86,20,98,37.1
30092014,2,shortness of breath,7,84,99,76,13,96,36.7
30092015,3,fall,7,80,134,69,18,100,37.2
30092016,3,anxiety,0,88,135,63,19,95,36.4
30092017,2,shortness of breath,7,101,146,88,17,100,36.6
30092018,3,back pain,1,96,138,83,24,92,36.9
30092019,4,fall,7,87,102,102,12,97,36.9
30092020,3,abdominal pain,4,83,109,54,18,98,35.4
30092021,3,knee pain,7,78,97,64,22,94,37.0
30092022,3,abdominal pain,1,88,119,74,18,93,37.4
30092023,4,fever,3,113,121,86,16,95,37.2
30092024,3,anxiety,1,96,130,90,18,98,37.3
30092025,2,fall,6,93,94,70,26,99,36.1
30092026,3,headache,0,89,151,75,21,100,35.6
30092027,1,fever,10,89,124,56,15,98,37.2
30092028,4,back pain,4,68,149,98,15,98,35.5
30092029,3,back pain,2,81,135,94,17,97,36.2
30092030,3,knee pain,5,58,157,54,15,99,36.7
30092031,4,anxiety,5,84,122,73,16,96,38.4
30092032,1,laceration,8,88,162,68,13,100,36.9
30092033,5,headache,6,107,108,95,19,97,37.9
30092034,3,fall,4,46,88,87,19,96,37.3
30092035,3,knee pain,1,90,152,64,17,100,36.3
30092036,4,headache,4,74,163,91,13,98,37.9
30092037,2,fever,8,97,148,102,22,100,36.4
30092038,3,fever,3,69,108,93,18,99,36.4
30092039,3,anxiety,1,85,147,76,18,100,36.1
30092040,3,anxiety,6,100,110,94,19,93,36.5
30092041,2,abdominal pain,6,84,141,68,23,100,36.2
30092042,5,fall,7,100,111,85,13,97,36.1
30092043,2,fall,10,88,145,94,15,97,36.7
30092044,5,laceration,3,91,148,71,18,100,36.3
30092045,3,anxiety,0,75,146,78,20,93,37.3
30092046,4,chest pain,4,72,139,80,16,97,36.9
30092047,4,fall,5,103,115,80,16,97,35.6
30092048,2,chest pain,10,84,152,75,16,98,37.1
30092049,3,back pain,7,90,152,77,13,93,36.4
30092050,3,knee pain,4,77,126,67,20,94,37.1
30092051,2,back pain,8,76,129,58,17,97,37.6
30092052,3,fever,2,84,130,87,16,100,36.1
30092053,2,knee pain,9,101,108,72,17,96,36.0
30092054,3,knee pain,2,117,153,88,20,98,37.3
30092055,3,shortness of breath,7,81,119,79,15,99,36.6
30092056,4,headache,3,116,105,75,19,93,37.6
30092057,3,fever,3,89,104,57,18,98,34.9
30092058,2,chest pain,8,99,120,80,19,100,35.4
30092059,3,laceration,6,97,93,105,9,96,36.0
30092060,3,knee pain,5,88,138,60,19,100,36.7
30092061,2,chest pain,10,87,132,49,19,98,36.2
30092062,2,fall,8,99,99,69,20,96,37.5
30092063,4,shortness of breath,3,84,167,102,20,99,35.4
30092064,3,fall,1,98,96,72,15,96,37.1
30092065,1,fall,8,112,136,87,20,97,37.6
30092066,4,headache,1,83,129,75,18,92,37.4
30092067,2,fever,7,97,158,85,16,99,37.4
30092068,3,knee pain,1,98,143,105,22,95,36.5
30092069,2,laceration,6,83,107,70,18,97,38.6
30092070,3,chest pain,2,81,111,104,11,96,37.1
30092071,3,anxiety,5,98,105,95,13,100,36.4
30092072,4,fever,2,44,147,80,21,98,39.3
30092073,2,fever,8,82,168,65,17,93,37.5
30092074,3,chest pain,5,121,81,97,16,100,36.8
30092075,3,fever,4,79,115,98,21,95,38.3
30092076,3,knee pain,5,99,132,82,14,97,37.1
30092077,3,anxiety,2,81,84,72,23,92,36.5
30092078,2,anxiety,9,56,138,83,14,95,37.6
30092079,4,headache,5,79,64,81,27,98,35.9
30092080,3,knee pain,3,102,125,88,20,94,36.4
30092081,3,anxiety,6,77,113,91,21,98,37.7
30092082,3,laceration,6,92,103,74,24,98,37.5
30092083,4,fever,7,76,137,102,15,100,35.5
30092084,3,shortness of breath,2,60,157,65,19,98,37.9
30092085,3,shortness of breath,0,112,147,101,21,100,37.1
30092086,2,abdominal pain,10,72,89,55,12,98,37.9
30092087,2,shortness of breath,7,80,107,56,18,100,35.7
30092088,5,back pain,0,71,116,67,24,94,35.7
30092089,2,chest pain,8,111,131,87,20,98,36.2
30092090,3,knee pain,7,62,104,102,7,94,37.6
30092091,3,back pain,1,105,128,96,15,94,38.4
30092092,5,fall,0,98,121,87,18,96,37.3
30092093,3,fever,3,94,130,77,18,97,35.9
30092094,2,chest pain,8,108,125,95,32,99,38.2
30092095,5,fall,6,74,154,76,21,96,37.3
30092096,3,fever,1,85,82,72,19,97,36.4
30092097,2,abdominal pain,7,92,129,78,19,99,38.4
30092098,3,anxiety,3,67,104,69,27,100,37.2
30092099,4,fever,0,66,148,76,16,100,37.7
30092100,4,abdominal pain,3,90,99,104,17,96,36.0
30092101,5,fever,4,85,152,69,18,98,38.2
30092102,5,back pain,3,64,148,86,15,97,36.5
30092103,4,back pain,2,105,97,104,15,93,36.4
30092104,3,back pain,3,108,143,99,23,100,36.2
30092105,3,fever,3,107,125,79,17,96,36.2
30092106,3,laceration,7,86,103,75,17,95,37.3
30092107,3,anxiety,1,105,115,64,18,93,36.3
30092108,3,abdominal pain,6,94,130,91,14,100,36.9
30092109,2,fall,9,69,108,105,19,95,36.6
30092110,3,back pain,5,86,149,108,10,94,36.4
30092111,4,shortness of breath,0,83,127,72,23,98,36.9
30092112,3,fever,7,67,114,75,11,95,37.2
30092113,4,fever,5,71,127,78,21,96,37.4
30092114,2,abdominal pain,10,85,156,81,13,95,37.8
30092115,3,laceration,7,95,89,88,24,98,37.0
30092116,3,chest pain,4,92,109,73,18,97,36.5
30092117,4,back pain,7,78,124,116,16,97,36.7
30092118,4,laceration,3,88,113,80,13,100,36.4
30092119,3,fall,0,70,124,75,13,94,37.5
30092120,3,shortness of breath,3,75,111,81,22,99,36.7
30092121,3,fall,7,74,131,85,20,95,37.8
30092122,2,anxiety,10,75,124,71,22,97,37.0
30092123,4,fall,7,72,110,70,18,96,36.0
30092124,3,anxiety,4,64,101,50,23,96,38.3
30092125,3,anxiety,6,130,93,51,22,91,36.5
30092126,2,anxiety,6,84,157,83,20,95,36.8
30092127,2,headache,10,95,145,42,18,100,38.5
30092128,1,fever,9,118,127,58,24,97,37.5
30092129,2,chest pain,7,73,110,53,23,100,37.0
30092130,2,fever,7,72,101,97,17,95,37.1
30092131,3,laceration,3,104,92,57,17,97,36.5
30092132,3,laceration,6,69,76,66,18,98,37.7
30092133,3,shortness of breath,0,79,95,78,21,100,37.3
30092134,3,chest pain,6,57,107,71,18,95,37.0
30092135,3,headache,3,93,130,64,16,95,36.8
30092136,2,abdominal pain,6,62,136,94,19,99,35.7
30092137,4,chest pain,7,78,141,75,14,94,37.6
30092138,2,knee pain,9,69,136,78,24,94,35.6
30092139,3,fall,7,75,136,69,16,100,37.3
30092140,2,fever,8,76,129,83,10,93,39.0
30092141,2,knee pain,8,82,110,74,13,96,37.2
30092142,3,back pain,4,92,80,92,19,99,37.5
30092143,2,headache,10,84,127,52,22,98,37.3
30092144,3,chest pain,1,79,121,51,26,98,36.8
30092145,2,headache,7,84,129,92,17,98,35.9
30092146,3,headache,2,86,123,89,16,100,37.3
30092147,3,shortness of breath,1,83,135,82,22,93,37.6
30092148,3,headache,7,81,109,76,14,95,37.2
30092149,3,knee pain,5,97,128,78,26,98,37.6
30092150,4,knee pain,2,106,155,96,14,95,37.1
30092151,3,back pain,1,87,142,83,13,100,36.7
30092152,3,fever,3,90,126,25,7,93,37.9
30092153,1,abdominal pain,6,71,115,71,17,99,36.5
30092154,3,abdominal pain,6,75,133,101,22,96,37.1
30092155,1,knee pain,7,73,86,80,13,92,37.0
30092156,3,headache,3,76,114,96,17,95,36.9
30092157,3,chest pain,3,71,142,89,21,94,37.1
30092158,2,knee pain,10,74,135,65,26,99,37.5
30092159,4,abdominal pain,3,86,146,81,12,100,37.7
30092160,3,fall,4,83,124,96,21,95,36.0
30092161,3,laceration,1,96,106,83,22,96,35.5
30092162,3,fall,1,88,122,56,17,99,38.3
30092163,3,fall,7,93,139,60,19,100,37.2
30092164,3,anxiety,1,59,106,100,13,100,36.8
30092165,4,fever,0,75,110,73,22,95,35.7
30092166,2,abdominal pain,9,88,132,93,17,92,38.4
30092167,3,fall,4,59,111,73,16,91,38.8
30092168,4,chest pain,6,83,150,64,23,96,37.3
30092169,3,headache,1,105,160,53,19,97,35.4
30092170,3,abdominal pain,2,71,119,68,17,97,37.5
30092171,3,headache,1,83,103,88,11,97,37.7
30092172,3,laceration,7,67,100,83,18,96,37.3
30092173,3,back pain,4,81,135,84,17,96,37.5
30092174,5,headache,3,100,99,75,21,98,38.1
30092175,2,headache,9,92,99,81,18,97,36.9
30092176,3,fever,3,70,122,71,19,100,36.1
30092177,3,shortness of breath,1,96,128,73,17,98,36.6
30092178,5,fever,3,106,135,74,16,100,37.1
30092179,3,laceration,1,86,109,85,22,98,37.0
30092180,3,headache,0,90,147,103,25,97,37.0
30092181,3,knee pain,0,94,159,92,14,97,37.5
30092182,3,abdominal pain,2,65,137,62,15,100,36.2
30092183,3,anxiety,4,73,130,83,8,97,35.7
30092184,4,fever,6,79,126,93,20,95,37.9
30092185,3,fever,3,111,129,60,15,97,35.8
30092186,4,back pain,0,70,119,105,19,97,38.5
30092187,2,abdominal pain,10,104,131,77,25,96,37.5
30092188,5,abdominal pain,1,75,121,95,24,98,37.3
30092189,4,laceration,0,107,148,80,9,96,37.5
30092190,3,shortness of breath,2,102,129,84,21,97,37.1
30092191,3,knee pain,2,87,164,92,7,91,38.7
30092192,2,abdominal pain,6,94,118,62,16,90,37.6
30092193,2,laceration,6,76,131,101,22,96,38.0
30092194,3,shortness of breath,0,83,117,82,11,99,36.3
30092195,4,abdominal pain,5,61,95,74,16,99,37.5
30092196,2,abdominal pain,10,100,148,106,22,95,37.4
30092197,3,fever,1,66,139,65,16,97,37.1
30092198,5,fall,5,63,90,81,16,100,37.4
30092199,3,chest pain,6,95,140,49,17,97,37.0
30092200,2,fall,8,69,132,77,19,98,36.7
30092201,3,knee pain,3,102,117,94,21,95,36.0
30092202,3,chest pain,0,63,115,73,15,99,36.9
30092203,2,knee pain,10,86,133,85,14,98,36.5
30092204,2,back pain,6,66,122,82,18,95,36.3
30092205,4,chest pain,3,87,139,90,20,93,36.6
30092206,3,knee pain,3,82,115,105,19,95,37.1
30092207,1,laceration,10,95,133,92,11,95,36.1
30092208,4,shortness of breath,5,99,139,93,19,100,36.5
30092209,4,headache,7,97,130,58,15,97,35.7
30092210,2,abdominal pain,9,76,138,95,16,98,37.0
30092211,3,fall,3,85,154,67,22,94,37.8
30092212,3,chest pain,1,101,138,90,17,97,36.5
30092213,3,knee pain,2,96,149,76,20,100,37.5
30092214,2,shortness of breath,7,82,132,46,15,100,37.4
30092215,3,fall,5,94,163,59,18,100,38.1
30092216,4,headache,2,73,92,75,14,94,38.2
30092217,3,abdominal pain,1,73,145,84,14,98,38.2
30092218,3,headache,2,54,123,71,16,98,37.7
30092219,4,back pain,2,76,129,69,17,94,35.6
30092220,3,fall,5,37,109,94,18,95,34.9
30092221,3,fall,4,60,148,70,16,100,36.2
30092222,3,knee pain,2,97,114,86,13,95,37.3
30092223,3,anxiety,3,114,124,78,15,93,36.8
30092224,3,anxiety,0,66,117,95,16,93,36.6
30092225,5,fever,3,60,146,89,21,96,36.8
30092226,4,knee pain,6,93,141,83,15,94,34.5
30092227,3,fever,0,78,107,79,21,99,38.1
30092228,3,abdominal pain,0,72,118,74,15,100,37.5
30092229,4,headache,1,78,131,66,12,96,37.2
30092230,3,fever,3,100,127,95,24,97,37.7
30092231,3,laceration,4,102,123,89,9,97,36.8
30092232,2,chest pain,9,83,150,118,15,100,37.1
30092233,3,headache,1,94,109,86,24,97,37.1
30092234,3,shortness of breath,0,88,139,99,18,92,38.3
30092235,2,back pain,8,74,111,79,18,97,37.7
30092236,4,laceration,5,99,120,104,15,96,37.2
30092237,3,laceration,2,99,130,53,14,97,37.5
30092238,4,abdominal pain,4,91,154,66,26,97,35.2
30092239,3,back pain,1,62,137,68,19,100,35.3
30092240,4,shortness of breath,0,71,136,80,22,99,36.5
30092241,4,chest pain,0,102,140,69,18,97,36.9
30092242,4,knee pain,7,65,118,91,16,94,36.0
30092243,3,fall,1,92,103,87,19,94,38.2
30092244,3,fall,6,95,115,57,18,92,37.4
30092245,3,laceration,4,74,85,89,17,99,35.7
30092246,3,back pain,6,75,128,93,10,92,35.5
30092247,4,back pain,6,98,132,66,12,97,36.2
30092248,3,fall,7,98,114,82,18,99,37.1
30092249,3,chest pain,7,87,142,88,25,97,37.7
30092250,3,shortness of breath,2,62,145,75,13,98,36.8
30092251,3,shortness of breath,5,90,96,102,20,98,36.4
30092252,3,back pain,1,68,139,70,20,97,36.8
30092253,3,knee pain,7,92,133,71,18,100,37.3
30092254,2,chest pain,8,85,150,75,25,96,37.0
30092255,3,headache,1,87,162,104,17,98,35.8
30092256,4,abdominal pain,1,81,117,66,24,90,37.8
30092257,3,fall,2,109,133,55,10,96,37.1
30092258,3,laceration,2,73,142,82,17,97,37.5
30092259,3,chest pain,4,98,94,62,19,96,37.4
30092260,3,headache,2,90,122,56,21,95,35.0
30092261,3,abdominal pain,5,119,106,82,22,95,36.7
30092262,4,fever,0,88,157,79,10,99,38.8
30092263,3,fall,2,95,134,75,18,94,35.9
30092264,3,fall,0,103,132,85,18,96,37.6
30092265,3,shortness of breath,4,81,96,70,18,97,38.4
30092266,3,abdominal pain,4,115,132,96,20,93,36.9
30092267,3,laceration,7,77,92,106,22,93,37.8
30092268,2,anxiety,6,68,122,91,19,93,37.7
30092269,3,fall,0,96,138,67,23,94,38.1
30092270,3,laceration,5,104,141,45,24,100,37.9
30092271,3,shortness of breath,0,56,116,94,19,96,37.5
30092272,2,abdominal pain,7,78,132,69,21,93,36.6
30092273,1,fever,6,92,137,71,11,96,36.7
30092274,3,fall,1,71,106,111,13,96,37.1
30092275,5,knee pain,5,73,109,71,15,100,37.4
30092276,4,chest pain,3,72,93,91,19,98,37.5
30092277,4,anxiety,0,109,104,81,20,93,35.9
30092278,4,abdominal pain,4,126,146,70,18,100,36.9
30092279,2,chest pain,7,93,124,91,22,100,36.9
30092280,3,anxiety,1,129,134,99,23,98,37.8
30092281,3,shortness of breath,6,86,110,82,15,96,37.5
30092282,3,fever,2,84,118,80,14,98,37.7
30092283,3,knee pain,0,85,127,82,27,100,36.9
30092284,3,headache,6,86,128,90,14,100,37.3
30092285,5,knee pain,0,84,116,118,18,92,36.2
30092286,3,back pain,7,95,151,65,22,93,37.4
30092287,2,chest pain,10,76,102,90,16,98,36.8
30092288,3,anxiety,0,111,173,72,23,95,36.2
30092289,4,anxiety,0,76,144,97,9,100,36.2
30092290,4,knee pain,0,97,116,76,12,98,37.1
30092291,3,back pain,1,97,148,85,18,100,37.3
30092292,3,knee pain,3,126,120,51,20,100,36.6
30092293,4,laceration,2,88,105,74,26,96,35.0
30092294,3,back pain,0,75,130,82,15,98,37.6
30092295,3,back pain,3,74,99,117,24,93,37.2
30092296,5,knee pain,4,91,109,64,17,95,35.9
30092297,3,back pain,4,120,124,80,14,100,35.6
30092298,2,chest pain,6,84,117,90,23,100,37.3
30092299,3,chest pain,1,108,174,116,19,97,36.8
30092300,4,fever,5,81,150,73,15,98,37.4
30092301,3,laceration,0,80,109,61,18,93,37.4
30092302,2,abdominal pain,10,72,101,80,20,97,35.4
30092303,3,laceration,4,102,117,89,13,96,37.6
30092304,3,fall,2,56,132,66,13,100,37.0
30092305,3,shortness of breath,4,76,122,80,18,100,37.0
30092306,4,shortness of breath,3,72,102,95,21,94,37.0
30092307,3,knee pain,0,103,128,88,19,97,36.6
30092308,1,headache,6,114,133,58,16,94,37.0
30092309,2,fall,10,61,95,119,18,97,36.1
30092310,2,anxiety,9,94,108,80,15,96,36.6
30092311,3,fever,4,95,108,81,14,100,35.7
30092312,3,chest pain,6,64,105,74,17,98,37.9
30092313,4,fever,6,79,133,80,18,98,36.2
30092314,3,shortness of breath,2,95,106,77,14,100,36.5
30092315,2,abdominal pain,10,73,123,74,14,100,37.2
30092316,3,laceration,5,90,120,81,23,93,37.5
30092317,4,headache,2,86,129,88,18,98,37.4
30092318,2,back pain,8,74,137,80,19,98,35.6
30092319,3,abdominal pain,4,75,131,102,16,100,37.3
30092320,4,knee pain,7,90,126,83,16,97,35.4
30092321,3,knee pain,3,39,154,76,19,94,37.4
30092322,3,headache,4,64,133,61,13,90,37.1
30092323,3,knee pain,0,90,127,112,13,98,36.3
30092324,3,anxiety,7,105,119,81,18,98,36.3
30092325,3,chest pain,1,49,130,85,26,99,37.1
30092326,3,chest pain,4,97,94,53,13,100,37.2
30092327,4,anxiety,7,105,114,67,20,100,36.7
30092328,1,headache,9,83,117,52,12,99,35.0
30092329,2,headache,7,73,139,78,14,96,36.7
30092330,3,anxiety,7,87,95,76,20,97,36.5
30092331,2,fall,9,89,86,58,10,98,36.0
30092332,3,headache,7,75,142,78,17,100,36.7
30092333,1,knee pain,10,88,136,85,18,100,37.8
30092334,3,headache,0,83,118,108,12,99,36.9
30092335,2,back pain,9,63,127,81,12,100,36.6
30092336,2,fall,7,73,97,51,21,98,37.0
30092337,4,back pain,2,74,135,90,19,96,38.6
30092338,3,headache,4,81,111,65,15,99,37.7
30092339,2,laceration,8,77,120,91,14,100,37.6
30092340,3,headache,2,124,151,88,21,100,37.9
30092341,3,chest pain,3,94,143,80,22,94,37.3
30092342,4,headache,2,67,144,79,13,97,35.9
30092343,2,headache,10,62,133,67,24,100,37.6
30092344,3,anxiety,2,72,121,102,16,100,37.0
30092345,3,chest pain,0,83,129,82,19,95,38.3
30092346,2,shortness of breath,8,61,122,79,19,97,37.1
30092347,1,chest pain,6,99,99,84,18,98,36.2
30092348,3,fall,3,89,114,99,18,97,36.5
30092349,3,laceration,0,80,128,60,12,92,37.5
30092350,4,chest pain,6,105,154,89,15,93,36.8
30092351,5,laceration,2,77,120,77,18,99,36.5
30092352,3,chest pain,2,84,92,70,13,100,37.4
30092353,2,fever,6,59,126,88,22,90,38.4
30092354,3,anxiety,1,92,121,86,21,98,37.6
30092355,5,chest pain,5,73,118,99,18,100,38.6
30092356,3,fall,3,49,142,76,14,95,36.9
30092357,5,chest pain,4,118,110,68,17,100,37.5
30092358,3,back pain,4,80,109,82,21,91,37.5
30092359,3,knee pain,6,114,106,110,17,100,38.1
30092360,3,anxiety,7,60,122,79,17,96,36.5
30092361,3,fall,6,81,125,67,19,97,36.7
30092362,4,knee pain,1,60,115,56,23,97,36.4
30092363,4,anxiety,0,83,162,90,17,98,37.7
30092364,3,abdominal pain,2,61,116,85,15,92,36.6
30092365,3,headache,5,81,100,51,22,100,35.0
30092366,2,headache,9,70,108,91,11,92,37.1
30092367,3,headache,6,107,158,98,22,98,36.5
30092368,3,fever,2,77,127,77,16,100,38.1
30092369,3,fever,3,79,144,77,11,92,37.3
30092370,4,abdominal pain,6,83,97,70,23,97,36.3
30092371,3,anxiety,1,87,143,85,17,96,35.2
30092372,1,back pain,6,62,140,95,11,99,36.5
30092373,3,chest pain,3,69,156,62,14,95,36.1
30092374,3,chest pain,7,61,123,99,15,97,37.1
30092375,4,headache,6,61,123,86,18,97,37.3
30092376,3,anxiety,3,93,157,84,18,95,36.1
30092377,3,fall,4,86,79,56,18,99,37.1
30092378,2,fever,9,90,141,101,16,96,37.5
30092379,3,fever,6,102,151,83,17,100,38.1
30092380,4,fall,4,76,127,105,24,95,37.3
30092381,2,fall,6,110,109,89,19,97,37.1
30092382,3,fall,0,46,122,73,17,99,36.7
30092383,2,laceration,8,82,164,100,19,100,37.8
30092384,4,abdominal pain,4,83,148,81,13,95,36.7
30092385,4,fever,3,109,150,69,20,96,36.8
30092386,4,fever,6,117,106,65,21,97,38.1
30092387,3,chest pain,5,94,166,92,20,95,36.4
30092388,3,fever,1,89,142,89,18,95,37.6
30092389,4,headache,6,72,111,71,18,94,37.0
30092390,3,abdominal pain,4,92,127,72,15,97,36.0
30092391,4,fever,7,68,121,117,18,97,36.0
30092392,2,chest pain,8,97,124,95,20,100,37.2
30092393,3,chest pain,6,111,132,82,23,96,37.0
30092394,4,anxiety,7,73,140,100,24,96,36.3
30092395,3,abdominal pain,6,101,126,71,19,98,36.7
30092396,5,abdominal pain,7,73,122,41,16,98,37.2
30092397,3,headache,3,95,96,61,21,99,37.9
30092398,2,knee pain,8,59,121,65,17,100,36.5
30092399,4,laceration,1,98,151,66,23,100,38.2
30092400,1,headache,6,101,107,59,18,97,36.3
30092401,2,back pain,8,78,131,77,20,98,36.7
30092402,4,laceration,6,66,89,62,15,96,37.5
30092403,4,chest pain,4,90,128,80,21,96,36.6
30092404,2,fall,10,91,111,77,12,95,36.6
30092405,4,anxiety,1,57,106,74,24,90,36.2
30092406,2,anxiety,9,59,127,63,24,95,37.7
30092407,2,back pain,9,54,90,100,16,98,36.8
30092408,3,anxiety,4,72,107,114,17,100,36.4
30092409,3,laceration,7,105,103,59,19,100,37.5
30092410,3,abdominal pain,1,79,109,86,17,97,36.7
30092411,3,headache,6,82,140,89,17,100,36.6
30092412,1,laceration,10,91,126,60,18,100,36.6
30092413,3,knee pain,0,77,88,69,22,100,37.9
30092414,4,fall,4,100,126,82,20,99,38.0
30092415,3,anxiety,6,84,119,93,5,99,37.7
30092416,4,laceration,5,99,125,94,21,99,35.6
30092417,4,fall,1,85,132,76,12,96,38.2
30092418,3,anxiety,1,55,137,77,22,93,37.1
30092419,4,back pain,7,99,135,77,16,100,36.7
30092420,3,fever,4,74,145,87,16,96,36.0
30092421,3,shortness of breath,5,107,164,65,18,98,36.3
30092422,2,fever,8,88,125,72,12,100,37.4
30092423,2,knee pain,6,84,111,81,12,98,35.9
30092424,3,fever,6,100,76,69,21,93,36.7
30092425,2,fall,10,110,110,88,21,96,39.3
30092426,3,shortness of breath,1,53,116,64,20,98,38.3
30092427,3,headache,2,121,117,85,17,99,38.4
30092428,3,shortness of breath,3,100,120,91,19,100,36.2
30092429,1,headache,6,84,144,113,19,95,35.5
30092430,2,knee pain,6,104,97,64,17,97,35.4
30092431,3,back pain,7,84,133,91,17,100,36.9
30092432,5,headache,3,99,92,60,19,100,36.8
30092433,2,knee pain,6,76,98,110,20,98,35.9
30092434,3,chest pain,0,70,142,85,16,94,37.0
30092435,3,back pain,1,61,137,81,15,98,37.4
30092436,2,chest pain,8,107,118,59,27,99,36.7
30092437,4,knee pain,6,84,129,75,17,96,37.2
30092438,2,laceration,10,64,115,81,14,95,36.9
30092439,3,back pain,6,80,100,85,14,100,35.7
30092440,3,headache,0,75,151,85,26,99,36.0
30092441,3,fall,3,75,117,88,12,95,37.2
30092442,5,fever,4,110,90,75,16,98,36.0
30092443,1,knee pain,10,92,157,96,12,100,36.4
30092444,1,shortness of breath,7,115,128,95,23,93,35.5
30092445,4,fall,1,82,171,86,22,94,35.5
30092446,4,abdominal pain,5,105,103,78,23,98,36.0
30092447,3,fever,0,106,122,97,22,100,35.9
30092448,2,back pain,8,65,117,96,21,97,36.4
30092449,3,chest pain,7,63,140,53,20,100,36.4
30092450,3,laceration,7,95,103,117,13,100,37.5
30092451,3,knee pain,2,98,148,69,19,97,38.2
30092452,3,shortness of breath,4,34,115,79,20,91,35.7
30092453,3,abdominal pain,4,74,132,69,18,96,37.6
30092454,4,abdominal pain,1,96,138,59,25,97,38.0
30092455,3,headache,3,69,107,72,21,97,37.8
30092456,3,anxiety,5,78,144,90,20,100,36.2
30092457,4,headache,5,74,121,82,24,99,37.3
30092458,2,laceration,10,107,120,83,17,93,37.8
30092459,2,fever,9,82,167,85,20,94,36.7
30092460,2,abdominal pain,9,93,105,84,12,93,39.7
30092461,3,shortness of breath,4,107,74,96,6,98,37.7
30092462,1,abdominal pain,6,83,109,82,16,96,36.4
30092463,3,chest pain,2,93,113,54,18,100,37.9
30092464,3,back pain,1,98,111,110,11,100,37.6
30092465,3,anxiety,6,69,124,96,14,91,36.7
30092466,2,laceration,8,95,92,97,18,100,37.4
30092467,3,fever,3,86,123,85,18,100,36.5
30092468,1,back pain,9,93,114,67,21,97,36.7
30092469,3,headache,5,47,121,77,18,100,37.3
30092470,2,laceration,7,96,163,79,16,96,37.9
30092471,2,fall,7,112,99,106,20,94,35.4
30092472,4,back pain,5,101,140,65,16,99,36.4
30092473,2,headache,10,89,114,84,17,96,36.4
30092474,4,headache,6,105,130,101,21,94,37.6
30092475,3,headache,2,100,128,103,18,100,37.2
30092476,1,fall,6,81,106,97,13,94,37.1
30092477,3,laceration,4,85,127,107,14,100,36.7
30092478,3,anxiety,6,86,138,103,19,96,38.2
30092479,3,fever,1,80,85,94,11,100,37.0
30092480,3,abdominal pain,0,109,122,91,16,93,36.8
30092481,3,laceration,0,87,155,87,23,97,38.9
30092482,5,anxiety,3,100,124,86,23,97,36.5
30092483,1,back pain,6,77,131,75,21,99,36.8
30092484,3,abdominal pain,3,70,125,82,21,95,37.4
30092485,3,anxiety,7,91,121,50,15,90,35.8
30092486,3,anxiety,6,72,158,41,17,98,37.4
30092487,4,fever,2,106,116,94,16,98,36.6
30092488,2,anxiety,6,101,109,85,12,98,36.4
30092489,1,headache,9,87,132,91,18,98,36.3
30092490,3,headache,5,83,114,91,24,100,36.6
30092491,3,fever,2,63,100,84,18,97,36.3
30092492,3,abdominal pain,0,81,132,90,21,96,36.6
30092493,3,abdominal pain,7,83,96,75,18,98,36.9
30092494,4,headache,4,75,133,91,15,96,37.7
30092495,2,back pain,9,72,134,63,21,99,36.5
30092496,3,fever,6,89,120,89,14,96,35.0
30092497,3,back pain,0,51,151,66,20,96,36.8
30092498,3,laceration,2,80,96,76,5,95,37.7
30092499,3,abdominal pain,0,55,76,79,19,97,36.8
30092500,2,abdominal pain,8,88,110,93,12,96,37.4
30092501,1,headache,8,97,125,90,24,94,36.7
30092502,3,fever,0,76,105,69,16,92,36.9
30092503,3,chest pain,1,100,116,85,21,100,36.6
30092504,3,knee pain,0,55,139,73,24,100,37.5
30092505,5,fever,2,70,117,66,19,98,37.9
30092506,3,abdominal pain,7,110,91,77,16,97,37.0
30092507,5,headache,6,72,119,87,19,98,38.9
30092508,3,fall,7,110,145,88,9,99,37.2
30092509,2,fever,10,74,124,78,16,96,36.5
30092510,3,chest pain,4,83,117,81,22,96,37.4
30092511,3,shortness of breath,3,84,143,75,19,93,38.9
30092512,3,shortness of breath,0,81,134,77,15,100,36.8
30092513,4,back pain,6,82,123,89,21,100,36.5
30092514,3,knee pain,7,94,119,108,16,96,38.0
30092515,3,fall,2,65,119,98,18,95,37.1
30092516,2,fever,10,88,109,74,21,93,36.7
30092517,4,laceration,0,97,132,65,16,95,36.1
30092518,4,shortness of breath,3,90,148,45,19,99,36.7
30092519,3,laceration,7,80,143,79,22,98,37.5
30092520,5,anxiety,3,87,103,66,16,100,35.2
30092521,4,shortness of breath,2,74,131,64,16,96,36.3
30092522,3,abdominal pain,5,83,115,68,10,99,37.7
30092523,5,back pain,1,77,119,110,16,100,37.7
30092524,3,anxiety,5,57,135,90,12,99,38.3
30092525,2,shortness of breath,6,90,98,87,22,98,37.5
30092526,3,knee pain,7,75,129,88,13,98,37.6
30092527,3,back pain,2,89,89,80,20,94,36.0
30092528,3,chest pain,1,63,137,69,13,96,37.8
30092529,3,anxiety,5,72,122,78,20,98,36.6
30092530,3,knee pain,6,97,134,59,22,95,38.8
30092531,3,fever,3,89,143,52,20,100,37.1
30092532,3,back pain,4,69,122,59,24,100,36.6
30092533,3,fall,7,91,155,84,23,100,37.3
30092534,3,knee pain,4,74,103,80,18,98,38.0
30092535,3,fever,0,74,115,67,11,95,36.4
30092536,5,fall,5,69,117,63,16,96,37.3
30092537,1,abdominal pain,8,80,128,98,17,100,37.5
30092538,3,laceration,5,85,143,84,13,97,36.0
30092539,5,fever,7,91,141,80,14,96,36.6
30092540,3,fever,3,63,139,66,19,100,36.9
30092541,3,knee pain,0,101,104,60,15,95,38.7
30092542,4,anxiety,2,81,141,88,15,100,36.7
30092543,3,knee pain,6,95,107,74,21,95,37.1
30092544,3,fever,4,78,118,113,19,100,37.9
30092545,4,fall,0,93,143,74,23,100,36.8
30092546,1,fall,6,77,98,106,16,96,37.6
30092547,2,laceration,6,97,118,57,12,100,37.1
30092548,2,shortness of breath,7,97,122,80,29,96,36.3
30092549,2,headache,6,83,82,66,15,98,37.2
30092550,3,shortness of breath,7,68,126,101,16,94,37.1
30092551,3,knee pain,7,77,122,66,16,98,37.5
30092552,2,chest pain,9,87,112,76,24,96,37.8
30092553,2,chest pain,7,86,138,70,15,100,37.5
30092554,2,abdominal pain,7,89,116,55,20,93,37.9
30092555,3,chest pain,6,104,101,67,22,94,37.1
30092556,4,laceration,1,85,117,91,23,100,36.8
30092557,5,anxiety,5,72,116,75,23,97,36.7
30092558,3,laceration,4,84,131,89,18,95,38.0
30092559,3,fall,1,78,122,86,24,96,37.0
30092560,1,fever,6,68,148,61,10,96,37.6
30092561,3,fever,0,94,162,89,16,100,37.0
30092562,3,shortness of breath,6,94,127,77,17,100,35.5
30092563,3,headache,0,86,131,67,19,97,37.1
30092564,3,fall,5,77,144,84,17,98,36.6
30092565,3,fall,1,88,115,62,20,97,36.4
30092566,3,anxiety,3,110,112,33,20,97,36.9
30092567,2,shortness of breath,9,77,135,94,15,100,37.3
30092568,3,chest pain,7,68,127,97,16,98,36.7
30092569,2,chest pain,10,93,139,49,19,96,36.7
30092570,4,headache,4,83,131,83,21,93,37.5
30092571,3,chest pain,4,93,142,68,16,100,37.1
30092572,3,back pain,5,84,117,94,8,96,37.0
30092573,2,knee pain,10,121,106,104,16,99,36.8
30092574,3,back pain,2,73,111,59,26,100,37.6
30092575,3,shortness of breath,1,74,98,69,14,95,35.4
30092576,2,laceration,6,93,159,67,19,96,36.8
30092577,3,shortness of breath,3,88,86,96,15,99,37.7
30092578,2,back pain,9,106,122,59,13,95,37.7
30092579,5,laceration,2,87,121,70,17,100,37.6
30092580,2,fall,6,74,120,68,23,96,37.2
30092581,1,fall,8,107,133,83,18,93,37.6
30092582,3,anxiety,4,99,168,67,11,96,38.3
30092583,3,knee pain,5,71,114,75,21,96,36.8
30092584,3,fall,6,92,135,53,26,95,36.2
30092585,3,headache,2,72,91,80,22,96,37.9
30092586,2,laceration,7,93,118,77,16,96,36.4
30092587,3,shortness of breath,6,69,111,69,20,99,36.4
30092588,3,anxiety,0,107,132,94,23,92,36.1
30092589,3,chest pain,1,86,166,106,14,96,38.2
30092590,3,fever,1,77,106,79,14,96,38.4
30092591,3,shortness of breath,6,94,98,61,16,94,38.1
30092592,3,back pain,5,62,117,60,21,95,37.3
30092593,3,anxiety,5,102,138,70,16,100,37.0
30092594,4,fall,1,75,94,85,26,96,36.7
30092595,3,anxiety,0,78,148,84,9,97,37.1
30092596,2,back pain,6,68,126,76,21,97,37.8
30092597,4,chest pain,3,81,166,75,17,96,37.0
30092598,3,headache,7,67,167,57,18,98,36.8
30092599,1,anxiety,9,56,141,87,16,95,36.4
30092600,3,headache,1,72,92,95,28,96,36.6
30092601,5,back pain,4,98,135,90,16,95,36.6
30092602,3,fever,6,90,128,97,14,95,37.6
30092603,4,fever,0,101,144,66,12,97,36.2
30092604,3,abdominal pain,1,69,120,109,12,99,35.5
30092605,1,fever,10,63,123,95,22,99,37.0
30092606,4,fever,2,96,160,72,10,100,37.2
30092607,4,shortness of breath,4,96,132,78,13,95,36.2
30092608,3,anxiety,7,71,115,116,16,96,37.4
30092609,3,shortness of breath,5,82,139,54,14,97,37.4
30092610,4,back pain,2,88,125,101,20,98,36.8
30092611,3,chest pain,6,76,148,96,15,100,36.1
30092612,4,shortness of breath,7,83,133,82,20,100,37.1
30092613,2,chest pain,9,72,128,64,20,97,36.4
30092614,2,back pain,9,85,118,98,17,95,37.9
30092615,3,headache,7,71,113,116,15,97,36.6
30092616,3,fall,2,103,99,89,19,100,37.4
30092617,3,abdominal pain,2,92,144,83,11,100,36.6
30092618,3,anxiety,5,104,120,87,18,94,38.7
30092619,3,fall,0,104,134,103,22,96,37.1
30092620,3,laceration,7,74,121,85,19,98,37.7
30092621,4,anxiety,7,93,139,76,26,95,38.5
30092622,4,anxiety,4,53,146,95,18,98,36.8
30092623,4,abdominal pain,3,90,106,68,10,96,36.4
30092624,4,shortness of breath,7,76,105,82,24,98,35.9
30092625,3,knee pain,5,108,100,89,26,93,37.1
30092626,2,anxiety,9,90,108,65,17,98,38.1
30092627,2,anxiety,10,70,111,96,20,94,36.4
30092628,2,fever,7,69,108,104,15,100,36.2
30092629,3,chest pain,3,104,125,126,20,98,37.2
30092630,3,shortness of breath,0,95,125,85,26,94,37.0
30092631,3,fall,6,82,111,59,20,93,36.7
30092632,4,fall,2,88,145,66,12,96,37.3
30092633,4,laceration,4,101,137,98,11,99,37.3
30092634,3,anxiety,3,95,135,65,20,96,36.2
30092635,4,anxiety,2,75,96,74,19,100,36.1
30092636,2,fall,10,82,137,97,19,99,38.2
30092637,3,chest pain,7,102,128,74,18,98,36.5
30092638,3,back pain,3,94,142,71,18,95,37.0
30092639,4,fever,6,62,152,92,23,98,36.8
30092640,3,abdominal pain,6,70,130,99,17,96,37.0
30092641,3,shortness of breath,0,86,97,114,16,94,36.4
30092642,3,fall,5,98,162,95,12,97,36.7
30092643,3,shortness of breath,7,114,116,75,17,94,37.9
30092644,4,shortness of breath,2,67,129,96,26,100,38.2
30092645,2,shortness of breath,10,86,130,86,20,96,35.1
30092646,3,chest pain,0,78,133,73,17,100,36.4
30092647,4,abdominal pain,0,82,135,69,18,96,38.6
30092648,3,fall,6,64,129,84,16,100,36.5
30092649,5,fall,3,88,137,70,16,95,37.6
30092650,2,fall,9,85,101,91,20,93,36.4
30092651,3,chest pain,7,83,149,72,14,100,38.9
30092652,3,chest pain,4,70,138,84,27,100,36.3
30092653,3,fever,4,86,134,68,20,100,37.0
30092654,2,fever,10,102,143,75,17,97,37.8
30092655,3,knee pain,3,49,144,84,19,96,36.9
30092656,1,shortness of breath,6,69,146,79,23,98,35.5
30092657,2,back pain,8,100,110,86,18,95,37.2
30092658,2,fever,10,91,84,79,8,100,37.7
30092659,3,fever,1,54,109,74,16,96,36.5
30092660,4,chest pain,2,74,130,76,25,94,36.7
30092661,3,laceration,6,82,149,77,19,99,37.0
30092662,4,laceration,5,81,128,72,20,92,37.9
30092663,3,anxiety,7,70,114,78,20,99,36.8
30092664,4,shortness of breath,5,85,134,82,16,92,36.4
30092665,3,abdominal pain,5,60,106,76,13,93,37.6
30092666,5,anxiety,5,106,107,107,16,95,38.0
30092667,4,chest pain,6,69,155,84,18,100,36.4
30092668,2,abdominal pain,10,114,115,35,25,98,37.1
30092669,3,fall,1,96,124,84,12,90,36.3
30092670,3,headache,3,88,111,84,19,89,36.9
30092671,3,abdominal pain,4,101,117,61,17,98,38.3
30092672,3,fall,7,75,135,77,22,94,37.8
30092673,1,back pain,6,82,104,72,22,98,37.6
30092674,3,back pain,7,76,121,96,12,100,35.4
30092675,3,fever,7,81,110,88,23,98,36.2
30092676,3,fever,7,102,109,65,25,99,36.8
30092677,3,anxiety,5,75,136,90,17,100,38.0
30092678,4,fever,0,73,117,69,15,100,38.6
30092679,3,anxiety,6,97,97,107,22,100,35.6
30092680,3,anxiety,4,86,131,67,21,96,36.6
30092681,3,fall,0,57,88,77,24,94,36.9
30092682,2,chest pain,6,90,81,65,14,98,36.0
30092683,4,anxiety,5,104,97,97,22,94,36.8
30092684,3,knee pain,3,55,118,93,22,100,36.5
30092685,4,headache,7,89,140,74,14,96,36.8
30092686,3,fever,5,101,137,81,18,96,35.1
30092687,4,shortness of breath,5,88,106,83,19,94,37.4
30092688,4,laceration,5,62,108,85,24,94,37.5
30092689,3,shortness of breath,4,94,134,105,22,100,36.9
30092690,1,anxiety,10,105,115,54,22,98,36.9
30092691,3,chest pain,2,71,118,70,18,97,38.9
30092692,4,knee pain,6,35,151,74,18,98,36.5
30092693,4,chest pain,3,75,108,85,23,95,36.5
30092694,3,knee pain,5,63,120,90,17,97,37.5
30092695,4,abdominal pain,2,75,98,52,23,93,37.5
30092696,3,knee pain,2,77,120,93,15,97,35.9
30092697,3,anxiety,6,75,80,65,10,99,37.5
30092698,3,fever,3,73,106,80,14,95,36.9
30092699,2,abdominal pain,6,76,118,98,13,95,36.6
30092700,3,headache,3,85,142,99,11,98,36.7
30092701,2,anxiety,6,89,148,97,14,99,35.8
30092702,1,abdominal pain,6,89,129,51,20,93,36.8
30092703,3,back pain,4,78,164,56,15,96,37.3
30092704,3,chest pain,0,91,144,53,23,97,36.7
30092705,3,fall,4,67,134,83,17,97,35.8
30092706,4,anxiety,4,96,99,64,17,100,36.5
30092707,4,laceration,1,87,117,70,22,99,37.2
30092708,4,abdominal pain,0,93,127,82,19,97,37.1
30092709,3,laceration,3,58,143,81,27,96,36.6
30092710,4,headache,3,65,100,88,15,94,36.6
30092711,3,knee pain,2,73,143,90,15,100,37.7
30092712,3,knee pain,0,99,112,95,20,94,35.7
30092713,2,fever,10,88,154,59,17,98,36.8
30092714,3,laceration,4,91,138,59,19,100,36.7
30092715,2,chest pain,9,82,145,69,24,95,37.5
30092716,4,anxiety,3,89,132,83,13,98,36.9
30092717,3,anxiety,5,75,124,55,19,95,36.6
30092718,1,back pain,6,86,124,73,26,94,37.5
30092719,2,laceration,6,106,126,72,24,95,35.0
30092720,3,anxiety,2,109,106,74,22,100,36.8
30092721,4,knee pain,0,91,109,92,21,100,37.6
30092722,5,back pain,0,98,128,56,20,100,37.1
30092723,2,chest pain,10,104,110,108,21,95,35.9
30092724,4,headache,3,88,151,77,15,99,37.5
30092725,3,headache,1,107,152,68,10,100,36.9
30092726,3,chest pain,3,83,123,84,24,100,36.2
30092727,3,knee pain,6,97,145,66,21,98,36.3
30092728,3,laceration,1,94,128,100,19,100,38.5
30092729,3,fever,5,68,125,78,21,98,35.6
30092730,3,knee pain,1,104,135,76,21,96,35.8
30092731,4,abdominal pain,2,77,131,96,20,100,36.7
30092732,3,shortness of breath,5,82,134,80,16,99,37.7
30092733,3,back pain,2,90,143,79,24,97,37.3
30092734,4,back pain,2,110,85,86,18,97,36.5
30092735,2,laceration,7,89,115,86,10,97,37.8
30092736,4,fall,4,86,134,96,13,99,35.4
30092737,3,back pain,7,93,156,73,23,95,37.4
30092738,2,fever,8,103,105,92,23,92,37.9
30092739,3,chest pain,1,47,154,87,22,94,38.7
30092740,3,chest pain,4,74,125,63,24,100,35.2
30092741,3,laceration,4,87,120,92,14,97,37.7
30092742,4,back pain,6,59,147,38,15,94,36.9
30092743,5,chest pain,2,113,102,78,17,100,37.0
30092744,3,abdominal pain,3,84,110,99,23,97,36.0
30092745,3,fall,1,92,126,104,13,96,37.8
30092746,4,fall,3,68,148,72,20,95,37.1
30092747,2,fever,7,74,135,77,16,98,37.7
30092748,3,abdominal pain,1,85,166,85,27,92,37.3
30092749,3,back pain,6,78,122,91,21,89,36.5
30092750,2,back pain,8,61,105,79,17,98,36.0
30092751,3,shortness of breath,7,77,136,83,17,97,36.9
30092752,3,abdominal pain,6,53,141,81,16,94,37.2
30092753,3,fall,4,51,139,84,12,98,36.5
30092754,3,laceration,2,99,158,96,22,100,35.8
30092755,3,fever,0,102,139,87,19,100,37.0
30092756,3,laceration,0,116,87,76,16,100,36.9
30092757,1,abdominal pain,7,88,140,69,8,100,37.3
30092758,3,anxiety,3,83,124,82,15,97,36.2
30092759,3,abdominal pain,7,92,126,69,16,98,36.1
30092760,3,knee pain,0,92,131,92,28,98,37.6
30092761,3,headache,4,72,122,89,20,99,36.8
30092762,3,knee pain,3,83,114,73,18,97,37.4
30092763,3,abdominal pain,5,69,144,91,16,96,38.3
30092764,5,back pain,6,112,155,63,16,100,36.8
30092765,3,abdominal pain,6,74,125,79,17,100,36.0
30092766,2,laceration,10,92,141,75,17,99,37.3
30092767,3,chest pain,4,50,125,68,22,98,36.2
30092768,3,abdominal pain,7,92,95,74,15,98,37.9
30092769,3,knee pain,2,94,137,39,13,91,37.0
30092770,4,headache,5,50,126,65,21,94,36.6
30092771,3,headache,1,83,158,93,14,94,36.6
30092772,4,fever,6,83,139,73,20,92,37.1
30092773,3,knee pain,2,79,110,66,17,95,39.4
30092774,3,fever,1,82,119,82,21,96,35.5
30092775,3,back pain,3,74,126,87,17,100,37.0
30092776,3,knee pain,0,87,138,56,22,97,36.8
30092777,3,back pain,3,74,112,88,14,99,37.9
30092778,4,knee pain,4,95,120,98,10,100,36.8
30092779,3,abdominal pain,6,76,70,71,24,96,38.5
30092780,1,knee pain,10,91,134,79,20,96,36.4
30092781,3,headache,1,57,127,84,16,98,38.0
30092782,4,chest pain,4,75,133,88,18,96,37.6
30092783,3,shortness of breath,5,72,164,79,15,100,36.5
30092784,4,anxiety,1,110,119,70,14,100,36.1
30092785,3,abdominal pain,1,82,128,90,21,100,37.1
30092786,2,knee pain,10,92,138,97,21,94,38.2
30092787,4,headache,3,92,103,60,24,93,35.9
30092788,2,knee pain,10,104,125,101,23,96,37.0
30092789,3,headache,2,95,122,72,17,87,37.2
30092790,5,shortness of breath,0,93,157,69,23,93,37.0
30092791,2,headache,10,85,110,93,17,99,37.1
30092792,2,fall,7,107,114,82,23,95,37.5
30092793,3,laceration,3,45,134,83,18,92,35.4
30092794,3,shortness of breath,1,73,157,94,19,96,36.5
30092795,3,fall,1,80,163,74,14,100,37.3
30092796,4,chest pain,1,105,131,83,14,99,36.4
30092797,2,abdominal pain,7,82,133,72,19,93,35.7
30092798,3,fever,1,72,153,55,22,95,37.3
30092799,2,headache,6,91,142,50,21,97,37.7
30092800,3,back pain,5,72,111,84,13,96,36.6
30092801,1,fall,10,80,100,79,13,96,37.3
30092802,3,back pain,0,73,108,91,17,100,36.7
30092803,2,headache,9,90,115,77,22,95,37.2
30092804,4,shortness of breath,1,68,112,70,20,97,35.7
30092805,5,knee pain,5,88,135,96,12,96,36.9
30092806,3,fall,2,91,114,74,17,95,36.3
30092807,3,fall,6,77,121,67,20,98,37.3
30092808,3,knee pain,0,85,93,59,26,100,37.8
30092809,4,chest pain,4,103,108,79,20,99,38.3
30092810,3,back pain,4,90,124,106,13,98,36.1
30092811,3,headache,7,119,123,70,17,100,37.0
30092812,2,fever,8,79,146,99,23,97,36.8
30092813,3,fever,7,98,95,84,12,100,36.2
30092814,3,headache,1,83,129,76,22,97,39.0
30092815,2,chest pain,8,80,98,65,11,97,38.1
30092816,4,fall,7,69,85,79,25,96,37.2
30092817,3,shortness of breath,2,79,100,52,17,99,37.0
30092818,4,shortness of breath,5,96,124,104,18,97,36.6
30092819,3,fever,2,35,126,110,23,96,36.8
30092820,4,back pain,6,81,155,54,18,94,38.1
30092821,3,chest pain,0,72,101,85,13,95,36.7
30092822,3,knee pain,7,86,109,74,19,96,36.4
30092823,3,fever,0,73,132,95,17,100,36.1
30092824,3,back pain,0,77,133,108,16,96,37.2
30092825,2,fall,7,91,109,103,19,91,37.2
30092826,3,anxiety,3,72,135,80,20,97,35.4
30092827,4,laceration,7,84,143,73,14,95,37.7
30092828,3,shortness of breath,0,84,135,86,16,97,37.7
30092829,4,fall,4,77,107,95,17,98,37.3
30092830,3,abdominal pain,7,91,126,59,11,100,37.6
30092831,4,anxiety,3,65,119,76,20,99,38.0
30092832,3,shortness of breath,3,95,119,68,17,96,36.5
30092833,4,back pain,2,80,119,73,20,99,37.0
30092834,5,knee pain,2,89,135,67,16,93,37.3
30092835,3,back pain,6,85,107,64,17,96,36.4
30092836,2,knee pain,6,104,96,81,25,98,36.3
30092837,4,anxiety,6,94,91,78,16,99,37.8
30092838,3,chest pain,6,89,86,97,19,99,37.3
30092839,3,fall,7,91,136,81,21,96,35.7
30092840,4,knee pain,5,95,144,85,17,97,37.2
30092841,3,headache,2,71,109,87,22,98,37.8
30092842,2,abdominal pain,6,67,97,33,18,90,36.4
30092843,3,fever,1,97,132,105,18,94,37.0
30092844,3,back pain,1,100,85,64,9,95,38.1
30092845,4,anxiety,2,116,80,65,21,97,36.5
30092846,4,headache,4,53,128,82,23,96,38.1
30092847,3,laceration,1,75,126,71,13,100,36.8
30092848,2,headache,9,83,111,59,20,97,37.2
30092849,4,knee pain,4,102,134,92,15,95,36.4
30092850,4,fever,2,82,102,64,15,100,36.9
30092851,2,headache,8,88,149,62,19,100,35.7
30092852,5,headache,3,104,155,97,17,97,37.0
30092853,3,chest pain,4,90,105,68,14,97,37.2
30092854,3,headache,1,90,144,81,16,94,37.5
30092855,3,fever,1,74,113,84,16,93,36.9
30092856,2,abdominal pain,6,85,142,71,20,97,36.9
30092857,3,abdominal pain,0,123,124,83,10,95,35.5
30092858,2,headache,8,80,94,82,22,100,37.7
30092859,2,back pain,8,81,110,72,23,100,36.7
30092860,3,chest pain,6,102,109,67,10,99,37.9
30092861,3,chest pain,2,78,163,71,16,98,36.7
30092862,4,chest pain,0,60,141,74,16,93,35.6
30092863,3,fall,0,88,96,88,19,96,36.5
30092864,3,headache,0,99,148,67,22,96,38.3
30092865,2,fall,10,115,121,80,20,94,38.6
30092866,3,knee pain,1,64,104,120,18,96,37.4
30092867,4,anxiety,6,89,111,96,15,95,37.6
30092868,3,laceration,1,86,105,96,17,93,37.6
30092869,2,abdominal pain,10,69,124,87,16,99,36.7
30092870,4,laceration,3,65,153,86,20,92,36.6
30092871,4,chest pain,6,78,128,53,22,98,36.2
30092872,4,anxiety,4,91,140,108,20,97,37.1
30092873,3,back pain,6,116,132,47,10,92,36.5
30092874,3,shortness of breath,2,88,154,64,21,100,35.5
30092875,4,knee pain,4,74,103,53,17,100,36.6
30092876,3,headache,7,70,120,64,15,100,37.3
30092877,4,knee pain,3,95,114,77,23,94,35.8
30092878,4,headache,7,84,125,86,12,97,37.0
30092879,4,fall,2,92,123,65,24,100,37.4
30092880,3,laceration,1,92,128,99,20,92,35.7
30092881,1,headache,7,66,117,45,18,99,36.6
30092882,2,fall,6,73,116,83,16,93,36.6
30092883,3,fever,3,93,120,72,13,100,36.6
30092884,3,laceration,5,105,92,54,21,94,37.3
30092885,4,headache,1,83,111,95,19,100,36.0
30092886,3,knee pain,0,103,110,83,19,98,36.7
30092887,3,abdominal pain,0,85,125,68,17,100,37.1
30092888,3,chest pain,2,90,117,72,11,93,36.1
30092889,4,fall,0,102,107,83,24,100,37.2
30092890,4,chest pain,3,77,128,89,17,94,37.1
30092891,3,shortness of breath,7,54,123,86,15,100,37.1
30092892,2,shortness of breath,10,96,132,77,19,100,38.2
30092893,5,chest pain,6,76,136,58,12,99,37.4
30092894,3,chest pain,4,112,111,77,17,98,36.9
30092895,4,anxiety,2,82,136,96,18,99,37.2
30092896,2,fall,8,75,139,83,15,99,37.5
30092897,4,knee pain,2,93,117,103,24,100,36.7
30092898,3,headache,6,79,119,78,18,93,36.8
30092899,2,back pain,7,54,144,86,20,95,36.2
30092900,3,shortness of breath,2,80,105,42,23,99,37.7
30092901,3,knee pain,2,65,129,90,28,95,39.4
30092902,2,abdominal pain,7,95,111,69,19,99,36.5
30092903,2,back pain,9,72,133,75,19,97,37.5
30092904,5,fever,1,80,112,56,17,93,36.4
30092905,1,shortness of breath,10,86,141,57,18,93,35.0
30092906,3,abdominal pain,4,90,131,92,17,94,36.7
30092907,2,shortness of breath,10,93,158,70,15,96,36.3
30092908,2,anxiety,7,69,123,84,18,100,36.1
30092909,3,shortness of breath,5,65,112,76,22,100,38.3
30092910,3,back pain,3,87,134,102,16,95,35.9
30092911,2,shortness of breath,6,103,109,69,14,98,38.0
30092912,3,fever,6,79,136,78,16,97,37.1
30092913,3,back pain,4,89,127,88,20,92,37.8
30092914,3,abdominal pain,6,92,118,108,16,96,37.9
30092915,3,chest pain,7,99,129,92,17,97,38.7
30092916,3,knee pain,0,81,127,67,19,99,36.9
30092917,3,knee pain,6,106,119,58,18,100,37.8
30092918,2,laceration,9,86,111,55,17,100,35.2
30092919,3,anxiety,5,71,123,50,14,93,37.5
30092920,3,knee pain,7,120,98,87,11,99,36.4
30092921,2,fever,6,72,107,91,11,100,36.8
30092922,3,shortness of breath,0,109,119,71,20,96,37.4
30092923,3,back pain,3,77,153,63,13,99,35.5
30092924,3,headache,2,67,107,82,18,97,36.8
30092925,3,headache,5,79,119,72,20,100,37.7
30092926,3,abdominal pain,6,84,99,94,18,92,37.3
30092927,4,shortness of breath,4,78,90,74,22,99,37.6
30092928,3,knee pain,0,67,119,70,19,97,36.8
30092929,4,chest pain,2,64,124,89,22,95,37.2
30092930,3,fall,0,105,120,93,22,95,36.8
30092931,2,anxiety,10,78,143,81,19,95,36.5
30092932,3,headache,3,97,99,80,22,94,36.2
30092933,2,knee pain,7,66,103,91,17,93,38.4
30092934,3,knee pain,0,102,147,78,15,93,37.1
30092935,3,laceration,2,66,101,82,21,98,38.1
30092936,4,shortness of breath,0,93,148,96,21,97,36.6
30092937,2,chest pain,10,110,136,105,16,100,36.9
30092938,3,fall,1,102,116,91,23,100,37.6
30092939,3,abdominal pain,4,90,136,79,22,99,37.6
30092940,3,knee pain,7,93,110,102,20,96,36.7
30092941,4,abdominal pain,3,99,160,65,26,97,38.0
30092942,3,chest pain,1,86,132,84,18,99,36.7
30092943,5,laceration,1,102,95,93,19,96,37.9
30092944,3,laceration,5,79,160,75,19,92,37.5
30092945,4,chest pain,2,98,148,86,14,96,37.3
30092946,3,headache,6,84,135,87,19,97,36.5
30092947,2,chest pain,8,70,90,84,16,93,36.8
30092948,4,back pain,2,87,148,89,10,95,37.4
30092949,3,back pain,7,93,179,99,27,95,36.0
30092950,3,back pain,1,82,147,88,16,100,37.9
30092951,1,back pain,8,68,139,104,22,97,37.5
30092952,2,fall,8,88,152,85,12,97,37.8
30092953,1,fall,6,66,113,97,15,96,35.5
30092954,3,knee pain,5,107,135,87,15,97,37.7
30092955,4,fall,7,101,141,74,22,97,37.4
30092956,5,knee pain,5,82,124,63,21,93,36.8
30092957,3,abdominal pain,0,85,91,76,20,99,35.8
30092958,4,fall,4,90,109,87,14,95,36.8
30092959,5,fall,0,87,151,77,17,90,37.4
30092960,4,back pain,5,81,105,53,18,96,37.4
30092961,3,shortness of breath,0,83,166,78,22,97,35.6
30092962,3,shortness of breath,2,84,105,93,23,98,37.5
30092963,3,fever,4,84,126,71,22,100,37.5
30092964,1,chest pain,9,112,118,102,9,99,35.1
30092965,5,shortness of breath,3,96,130,57,12,97,38.2
30092966,3,back pain,2,76,95,87,21,94,36.4
30092967,3,knee pain,5,106,120,69,25,95,36.6
30092968,4,anxiety,7,64,120,90,14,96,35.9
30092969,3,abdominal pain,7,97,88,98,14,98,35.2
30092970,1,laceration,9,77,93,90,16,95,35.8
30092971,3,laceration,7,89,127,95,17,92,36.9
30092972,3,knee pain,2,56,101,69,19,95,37.7
30092973,3,back pain,0,103,126,87,15,93,37.7
30092974,5,chest pain,7,91,102,77,24,97,37.8
30092975,4,knee pain,4,101,109,82,17,100,36.4
30092976,3,laceration,5,97,112,40,23,93,37.3
30092977,5,headache,4,102,93,71,19,91,37.0
30092978,3,abdominal pain,7,93,148,54,21,97,38.0
30092979,3,fever,0,86,164,88,15,95,38.6
30092980,3,anxiety,2,85,139,76,17,94,36.8
30092981,4,knee pain,2,102,85,78,17,99,36.2
30092982,2,back pain,10,96,112,83,21,99,37.6
30092983,2,fall,6,82,100,78,17,95,37.7
30092984,4,anxiety,7,73,96,75,24,92,37.6
30092985,3,laceration,6,83,115,77,21,99,37.7
30092986,3,abdominal pain,7,78,142,88,14,94,35.5
30092987,3,abdominal pain,5,98,141,66,20,91,37.1
30092988,2,headache,8,82,91,94,26,100,37.6
30092989,3,fall,7,76,137,86,12,89,36.0
30092990,3,knee pain,4,94,107,74,15,100,36.9
30092991,2,fall,10,76,108,64,15,95,36.6
30092992,2,anxiety,6,96,168,60,20,94,37.5
30092993,3,fever,7,93,123,66,15,95,37.3
30092994,3,fever,7,104,154,76,19,100,35.4
30092995,3,back pain,7,90,113,76,8,98,36.6
30092996,3,fever,6,76,164,74,20,98,36.6
30092997,2,headache,7,98,135,97,19,93,36.7
30092998,3,abdominal pain,4,103,161,85,19,95,36.5
30092999,2,chest pain,8,85,101,70,15,98,35.7
30093000,3,fall,7,79,117,78,15,100,37.2
30093001,3,fall,4,63,141,61,22,92,38.2
30093002,4,anxiety,0,74,173,69,30,100,36.6
30093003,4,knee pain,7,102,142,52,13,98,36.7
30093004,3,chest pain,0,74,140,62,14,95,36.2
30093005,4,anxiety,6,62,113,55,13,92,35.7
30093006,3,chest pain,0,123,131,75,26,100,37.6
30093007,2,knee pain,6,91,155,88,22,100,36.4
30093008,3,abdominal pain,1,98,143,92,14,92,37.2
30093009,2,chest pain,9,69,97,79,17,91,36.3
30093010,4,headache,5,54,166,70,15,91,37.5
30093011,4,anxiety,3,112,121,100,18,99,37.3
30093012,3,chest pain,0,86,156,55,13,95,37.2
30093013,2,anxiety,10,91,163,58,20,93,37.7
30093014,3,chest pain,0,88,110,83,19,94,37.0
30093015,3,shortness of breath,3,91,142,68,23,96,36.3
30093016,3,back pain,5,79,121,72,18,98,38.3
30093017,4,abdominal pain,4,86,122,102,18,97,37.5
30093018,5,anxiety,6,70,110,91,23,94,38.6
30093019,4,laceration,0,68,145,61,18,95,37.2
30093020,3,back pain,3,94,157,77,21,98,37.9
30093021,3,chest pain,0,99,114,96,19,100,36.2
30093022,3,knee pain,3,97,106,90,23,100,36.1
30093023,3,abdominal pain,0,52,120,94,17,98,36.0
30093024,2,fever,10,84,121,73,15,95,36.0
30093025,4,knee pain,4,100,108,81,25,92,36.4
30093026,4,headache,3,100,130,79,22,95,37.4
30093027,2,abdominal pain,6,93,160,60,11,98,36.7
30093028,3,chest pain,3,84,117,113,16,95,36.4
30093029,3,abdominal pain,5,71,156,88,13,96,37.5
30093030,3,laceration,1,54,109,62,9,95,36.5
30093031,3,headache,1,67,144,77,22,99,37.2
30093032,1,shortness of breath,8,74,117,90,26,100,36.4
30093033,3,knee pain,1,66,150,89,16,94,38.0
30093034,4,abdominal pain,2,63,154,90,16,94,35.8
30093035,2,abdominal pain,6,82,121,97,18,97,37.2
30093036,3,fever,0,101,145,75,21,89,36.4
30093037,3,chest pain,6,56,132,74,23,97,37.0
30093038,3,knee pain,2,98,140,103,30,96,38.9
30093039,3,fall,5,102,137,83,16,100,36.7
30093040,3,fever,4,79,113,78,22,97,37.1
30093041,4,shortness of breath,1,84,129,69,12,93,38.0
30093042,5,fall,2,99,124,67,14,100,36.9
30093043,5,headache,4,104,120,62,20,89,36.2
30093044,1,anxiety,6,88,117,58,14,100,35.0
30093045,5,knee pain,1,79,129,94,21,98,36.5
30093046,4,shortness of breath,4,116,127,71,16,100,36.4
30093047,3,headache,2,75,146,63,17,100,37.7
30093048,3,shortness of breath,6,87,120,89,22,97,38.8
30093049,4,shortness of breath,2,101,148,90,15,99,37.0
30093050,3,fever,2,110,144,77,15,100,36.4
30093051,4,shortness of breath,6,103,138,85,15,100,37.6
30093052,3,abdominal pain,5,71,122,67,18,96,37.0
30093053,3,headache,4,91,139,110,17,94,35.2
30093054,3,back pain,2,61,127,81,10,99,37.2
30093055,3,fever,7,110,140,88,18,100,36.5
30093056,3,knee pain,7,97,117,77,19,96,37.1
30093057,5,chest pain,6,113,112,71,17,93,36.4
30093058,3,abdominal pain,3,100,138,90,14,100,38.0
30093059,3,shortness of breath,1,86,136,54,19,95,37.5
30093060,3,laceration,4,85,132,88,12,98,36.7
30093061,3,shortness of breath,6,95,168,89,17,98,37.3
30093062,5,shortness of breath,1,77,137,72,22,100,36.9
30093063,3,headache,1,50,134,106,22,98,36.8
30093064,3,headache,0,70,114,77,23,96,37.3
30093065,3,chest pain,4,95,130,67,20,100,36.9
30093066,4,fall,6,107,133,73,16,98,37.6
30093067,3,fall,1,63,118,66,20,93,36.1
30093068,3,headache,0,116,128,79,12,97,36.4
30093069,3,anxiety,5,94,124,74,23,98,38.0
30093070,3,fever,2,84,158,70,23,95,35.0
30093071,2,anxiety,10,56,98,83,13,92,36.8
30093072,4,anxiety,3,90,131,122,27,93,36.4
30093073,2,back pain,8,112,123,87,20,94,37.3
30093074,2,abdominal pain,9,105,139,135,22,92,37.2
30093075,3,fall,1,89,159,66,9,89,36.7
30093076,3,shortness of breath,6,87,121,87,19,97,38.3
30093077,2,laceration,8,82,125,73,16,100,35.9
30093078,4,headache,4,81,125,57,21,98,37.4
30093079,3,knee pain,7,82,88,50,13,91,35.9
30093080,3,shortness of breath,4,73,78,73,16,96,36.6
30093081,3,chest pain,0,78,112,85,17,97,37.0
30093082,3,fever,2,91,100,88,18,95,36.8
30093083,3,back pain,3,80,128,65,11,96,37.8
30093084,3,shortness of breath,7,87,150,69,17,100,36.3
30093085,3,headache,5,110,123,83,21,93,38.0
30093086,5,laceration,3,127,153,84,15,100,37.3
30093087,3,fever,1,73,130,52,15,97,38.1
30093088,5,abdominal pain,7,83,122,78,18,100,37.5
30093089,5,fall,6,84,153,89,22,94,37.2
30093090,3,anxiety,6,56,147,93,17,96,36.3
30093091,3,knee pain,4,70,97,100,16,99,36.6
30093092,4,laceration,3,66,134,73,18,96,37.1
30093093,4,headache,6,92,116,56,15,98,38.2
30093094,3,back pain,1,103,112,92,18,98,37.4
30093095,2,fall,10,72,123,80,22,100,35.9
30093096,4,headache,5,111,135,73,18,98,35.9
30093097,2,chest pain,10,95,114,97,18,97,37.2
30093098,3,anxiety,1,97,164,88,17,95,38.0
30093099,3,abdominal pain,4,80,150,63,17,99,36.4
30093100,3,fall,2,69,124,66,18,98,36.8
30093101,4,laceration,3,86,146,110,18,95,37.4
30093102,3,shortness of breath,1,102,97,78,9,99,37.9
30093103,4,knee pain,7,83,95,103,16,98,38.1
30093104,4,knee pain,0,66,122,76,13,99,36.8
30093105,1,anxiety,6,110,144,84,22,98,38.0
30093106,3,fever,2,76,110,84,17,96,35.4
30093107,2,chest pain,6,80,138,60,12,99,36.3
30093108,3,knee pain,6,96,117,74,13,100,36.6
30093109,3,abdominal pain,4,69,148,83,12,97,37.4
30093110,3,fever,2,81,120,57,12,98,35.0
30093111,4,knee pain,0,68,108,76,11,96,37.3
30093112,3,headache,7,84,101,79,19,96,37.0
30093113,3,back pain,7,83,106,89,17,94,37.1
30093114,5,fever,1,87,112,95,27,100,36.9
30093115,2,back pain,8,81,175,95,18,100,36.7
30093116,3,fever,6,96,115,91,16,98,37.7
30093117,4,anxiety,6,93,78,78,14,96,36.4
30093118,2,fever,7,68,90,101,23,98,36.4
30093119,3,anxiety,6,85,130,83,19,98,36.6
30093120,1,shortness of breath,6,94,143,93,15,92,37.5
30093121,3,laceration,3,94,137,87,14,100,36.6
30093122,2,headache,7,76,119,98,13,98,37.9
30093123,3,chest pain,0,65,108,80,17,95,36.4
30093124,2,knee pain,9,61,144,66,21,92,37.2
30093125,3,fall,1,89,143,86,24,98,36.8
30093126,3,back pain,5,79,141,84,19,96,37.1
30093127,4,back pain,7,81,107,104,21,98,36.3
30093128,4,abdominal pain,5,84,118,94,17,97,36.5
30093129,5,abdominal pain,3,62,109,109,23,95,36.6
30093130,3,laceration,6,96,145,72,16,98,36.8
30093131,3,back pain,2,77,131,107,17,98,37.5
30093132,4,headache,4,65,152,59,14,93,37.1
30093133,3,fever,7,98,135,126,16,99,36.8
30093134,3,back pain,5,116,162,85,21,98,38.3
30093135,5,back pain,5,70,151,75,17,99,37.7
30093136,3,abdominal pain,3,70,129,80,20,97,37.1
30093137,3,abdominal pain,1,83,120,52,23,98,37.9
30093138,3,anxiety,6,74,153,65,23,97,38.0
30093139,5,back pain,5,97,121,90,22,100,37.4
30093140,2,back pain,9,59,111,69,11,100,36.0
30093141,1,fever,6,92,122,78,20,95,35.5
30093142,5,abdominal pain,6,79,165,76,18,100,36.8
30093143,2,headache,8,82,125,75,16,97,38.2
30093144,3,shortness of breath,7,89,101,88,23,99,35.1
30093145,4,fall,0,97,134,66,16,100,35.6
30093146,3,abdominal pain,7,101,119,95,19,96,36.3
30093147,2,chest pain,7,78,123,85,15,100,37.9
30093148,3,knee pain,6,104,116,77,18,95,35.7
30093149,2,knee pain,6,84,93,98,13,98,35.7
30093150,2,chest pain,6,74,201,81,23,95,36.9
30093151,1,abdominal pain,7,91,86,118,10,94,37.9
30093152,3,fever,4,82,115,94,18,96,37.0
30093153,2,chest pain,7,94,89,60,15,93,36.8
30093154,5,fall,5,95,121,91,18,92,36.8
30093155,4,anxiety,5,89,86,61,23,94,35.9
30093156,3,fever,0,88,141,65,21,93,35.1
30093157,5,abdominal pain,4,94,127,71,14,97,36.5
30093158,3,abdominal pain,5,62,126,101,18,100,36.3
30093159,4,shortness of breath,1,84,102,55,18,95,37.4
30093160,3,shortness of breath,2,94,135,90,21,97,37.4
30093161,3,fall,4,83,132,76,11,97,36.5
30093162,3,fall,7,75,151,74,28,98,38.4
30093163,3,headache,3,109,137,93,16,94,37.0
30093164,2,laceration,9,73,101,81,22,96,37.4
30093165,4,headache,2,68,143,81,16,99,35.9
30093166,3,back pain,5,78,122,113,16,96,35.7
30093167,1,headache,6,65,113,79,21,94,37.5
30093168,1,chest pain,10,87,145,112,21,93,36.9
30093169,3,knee pain,3,86,125,52,24,100,34.8
30093170,2,knee pain,9,85,133,71,10,95,37.5
30093171,3,headache,5,69,115,114,19,97,37.4
30093172,3,fall,5,80,116,71,14,98,37.1
30093173,4,back pain,7,104,123,83,13,98,37.5
30093174,2,shortness of breath,6,75,131,61,16,96,38.0
30093175,2,abdominal pain,7,66,117,61,14,96,37.4
30093176,3,headache,7,74,103,55,15,93,37.8
30093177,4,fever,4,81,146,64,19,99,38.1
30093178,4,shortness of breath,1,65,125,81,17,100,37.7
30093179,4,back pain,2,73,116,72,18,92,37.0
30093180,4,fall,6,59,140,68,19,96,37.4
30093181,3,anxiety,0,101,135,93,15,95,38.0
30093182,5,shortness of breath,7,122,132,87,20,96,37.2
30093183,3,headache,5,96,96,83,13,100,36.9
30093184,3,knee pain,1,100,99,73,14,98,37.9
30093185,2,knee pain,10,71,127,78,11,91,36.9
30093186,3,shortness of breath,5,113,96,83,13,100,37.1
30093187,5,shortness of breath,0,60,128,56,19,95,36.0
30093188,3,abdominal pain,7,89,105,77,13,97,35.5
30093189,3,laceration,4,82,112,71,21,100,37.4
30093190,3,back pain,0,78,148,101,19,97,37.4
30093191,5,laceration,6,78,118,90,20,96,37.5
30093192,2,headache,10,88,120,86,22,90,34.9
30093193,3,fall,7,97,94,64,19,96,36.8
30093194,3,abdominal pain,1,74,116,66,17,96,36.3
30093195,4,shortness of breath,3,82,99,64,14,100,36.2
30093196,3,shortness of breath,3,72,122,78,19,97,36.0
30093197,3,chest pain,5,82,133,89,18,99,36.8
30093198,2,fever,6,107,113,64,15,93,36.9
30093199,3,back pain,1,64,139,64,22,100,37.4
30093200,3,knee pain,1,72,106,76,20,96,36.8
30093201,2,laceration,8,89,136,77,20,93,37.7
30093202,3,chest pain,4,71,144,60,13,99,36.2
30093203,3,knee pain,6,72,138,43,15,95,38.1
30093204,3,fall,0,96,136,103,18,95,36.7
30093205,3,back pain,1,101,117,55,8,93,37.3
30093206,3,headache,6,91,83,57,15,95,38.4
30093207,3,knee pain,7,94,171,67,20,100,37.0
30093208,3,back pain,7,81,126,74,13,95,37.9
30093209,2,anxiety,10,80,167,79,15,98,37.6
30093210,2,laceration,6,87,114,109,18,93,37.6
30093211,3,fever,6,96,136,60,14,94,37.1
30093212,3,chest pain,3,68,136,86,21,100,37.3
30093213,3,shortness of breath,4,71,119,76,14,99,36.1
30093214,3,back pain,6,69,135,54,15,97,37.9
30093215,4,fever,0,95,127,81,15,94,35.9
30093216,3,back pain,3,94,108,116,14,100,37.2
30093217,1,headache,10,104,134,98,18,92,36.5
30093218,3,back pain,7,71,123,104,26,94,36.4
30093219,2,fever,8,78,103,80,20,95,35.0
30093220,2,fever,10,127,116,64,18,93,37.5
30093221,5,laceration,5,98,96,97,19,97,36.4
30093222,1,abdominal pain,7,87,91,71,16,96,37.3
30093223,3,fever,6,105,122,66,24,93,36.5
30093224,5,abdominal pain,0,75,121,81,19,96,36.6
30093225,4,abdominal pain,5,80,134,69,18,100,37.5
30093226,4,chest pain,0,35,134,94,16,97,36.7
30093227,3,back pain,1,96,123,93,12,99,36.9
30093228,3,back pain,5,87,159,84,19,95,37.0
30093229,3,shortness of breath,1,94,106,78,24,97,37.1
30093230,4,laceration,1,75,137,85,26,97,36.8
30093231,2,headache,9,80,114,93,21,98,37.5
30093232,4,knee pain,5,78,132,69,15,97,36.6
30093233,3,knee pain,0,100,96,32,15,95,36.5
30093234,2,fall,8,71,119,88,22,97,36.2
30093235,2,anxiety,10,86,138,85,24,95,37.3
30093236,3,fall,0,95,115,79,19,99,36.5
30093237,3,laceration,4,108,126,73,20,98,36.5
30093238,3,fever,7,97,120,78,13,100,36.5
30093239,3,chest pain,5,107,157,86,17,96,37.3
30093240,2,abdominal pain,10,106,133,72,20,100,36.2
30093241,3,back pain,1,87,147,100,27,97,37.0
30093242,3,abdominal pain,6,77,123,78,20,98,35.5
30093243,1,chest pain,10,78,109,68,11,100,37.9
30093244,3,fall,3,75,103,67,21,97,36.3
30093245,4,anxiety,5,85,98,64,10,99,35.3
30093246,2,fever,7,94,121,44,16,100,36.7
30093247,2,fever,9,103,113,80,18,99,37.4
30093248,3,abdominal pain,4,100,147,95,16,96,39.1
30093249,2,fever,10,77,157,58,24,100,37.0
30093250,3,chest pain,6,113,166,72,24,94,36.5
30093251,2,laceration,9,96,128,93,15,98,35.9
30093252,3,anxiety,2,81,157,77,18,97,36.6
30093253,2,headache,9,83,146,63,27,100,36.7
30093254,4,back pain,3,115,122,86,15,100,35.4
30093255,3,knee pain,1,85,139,81,18,97,37.8
30093256,4,fall,0,89,127,83,16,100,37.8
30093257,3,knee pain,7,74,133,81,18,99,36.2
30093258,4,headache,1,78,105,53,21,96,36.3
30093259,3,knee pain,2,69,116,81,19,96,37.6
30093260,2,headache,8,77,125,84,25,96,37.4
30093261,3,shortness of breath,2,80,131,80,16,94,36.0
30093262,5,anxiety,2,70,135,90,19,97,36.7
30093263,3,headache,5,73,116,83,12,98,36.9
30093264,1,back pain,10,59,93,45,21,97,37.1
30093265,3,abdominal pain,7,84,144,78,20,94,37.9
30093266,1,chest pain,9,93,123,84,24,93,37.6
30093267,3,chest pain,4,94,130,77,21,93,36.2
30093268,4,back pain,4,67,132,78,13,97,36.5
30093269,3,abdominal pain,7,97,114,59,22,98,37.2
30093270,3,laceration,3,68,140,93,28,97,36.6
30093271,3,knee pain,7,104,132,67,22,93,36.5
30093272,5,anxiety,0,96,126,70,17,99,36.1
30093273,5,anxiety,3,82,126,96,14,97,36.9
30093274,3,laceration,7,104,150,86,23,97,38.0
30093275,2,fall,8,92,108,87,20,97,37.1
30093276,5,anxiety,2,79,130,91,17,100,37.0
30093277,4,back pain,6,66,110,75,14,100,37.1
30093278,3,abdominal pain,5,103,80,96,17,98,36.5
30093279,3,anxiety,3,96,141,54,17,96,36.0
30093280,2,headache,6,77,93,79,15,97,36.0
30093281,3,headache,4,107,142,85,25,96,36.2
30093282,3,knee pain,4,86,123,64,12,100,36.3
30093283,4,shortness of breath,5,77,129,99,14,98,36.8
30093284,3,headache,1,73,92,88,13,98,35.6
30093285,5,headache,0,56,123,77,16,97,37.8
30093286,4,back pain,2,73,148,94,13,99,36.5
30093287,3,laceration,4,83,147,93,16,91,36.2
30093288,1,fever,9,82,103,77,20,100,37.0
30093289,4,abdominal pain,4,63,121,55,14,90,36.8
30093290,4,shortness of breath,5,93,111,88,14,97,37.4
30093291,3,headache,1,76,146,67,19,95,37.4
30093292,3,anxiety,2,100,99,69,16,94,36.6
30093293,3,back pain,4,56,133,88,19,99,35.9
30093294,1,chest pain,8,79,132,69,24,93,38.6
30093295,3,shortness of breath,4,90,115,105,20,97,37.7
30093296,1,headache,7,108,117,98,14,97,38.6
30093297,2,shortness of breath,8,74,118,67,18,96,37.2
30093298,3,back pain,5,79,112,41,14,94,35.9
30093299,3,knee pain,3,84,116,73,15,98,36.5
30093300,3,fever,6,70,119,93,23,97,37.0
30093301,2,shortness of breath,10,51,99,107,15,99,36.7
30093302,1,fall,8,94,121,71,20,96,37.3
30093303,3,shortness of breath,2,85,138,63,15,97,37.0
30093304,3,shortness of breath,6,116,132,91,14,96,37.5
30093305,2,knee pain,9,111,115,74,18,95,37.2
30093306,3,knee pain,6,66,140,55,23,100,38.5
30093307,2,anxiety,10,70,122,96,10,96,37.2
30093308,4,back pain,0,84,133,60,14,93,37.8
30093309,3,anxiety,2,98,160,91,20,93,36.4
30093310,4,back pain,3,90,114,90,18,97,36.2
30093311,3,knee pain,2,75,140,87,17,99,37.4
30093312,3,fever,2,84,132,72,18,100,36.3
30093313,3,chest pain,2,96,114,84,19,97,36.8
30093314,4,fever,6,105,121,88,21,100,36.5
30093315,2,anxiety,7,88,145,62,15,100,37.2
30093316,2,fall,7,86,103,89,15,94,37.9
30093317,3,shortness of breath,7,125,126,78,16,96,37.6
30093318,2,chest pain,8,84,122,82,24,93,36.1
30093319,5,anxiety,0,81,152,86,19,96,37.2
30093320,3,chest pain,0,103,130,114,19,92,35.7
30093321,3,abdominal pain,3,49,146,94,20,100,36.6
30093322,3,back pain,1,56,139,77,18,98,37.6
30093323,3,knee pain,0,72,129,82,19,95,38.2
30093324,3,knee pain,6,81,133,91,13,99,37.4
30093325,3,fall,1,92,120,69,21,90,36.2
30093326,4,fall,6,61,139,60,19,95,37.1
30093327,3,knee pain,2,81,139,78,15,100,37.1
30093328,4,fever,3,102,149,99,18,99,36.0
30093329,3,abdominal pain,3,66,109,78,15,92,37.4
30093330,5,knee pain,3,84,112,82,18,96,36.8
30093331,3,fever,2,80,129,86,19,98,36.9
30093332,2,fever,6,80,140,112,15,93,37.3
30093333,4,headache,4,110,147,59,7,98,37.4
30093334,4,knee pain,5,69,141,63,17,96,37.5
30093335,3,back pain,7,97,100,97,19,97,36.3
30093336,4,back pain,3,56,139,67,23,100,35.8
30093337,2,shortness of breath,7,85,115,90,18,92,37.2
30093338,3,knee pain,4,82,103,80,14,95,36.9
30093339,3,headache,3,106,119,79,18,91,37.5
30093340,2,anxiety,9,50,122,39,18,100,36.4
30093341,5,knee pain,0,93,96,97,14,97,37.5
30093342,4,headache,2,92,106,77,17,92,37.9
30093343,3,fever,3,96,111,75,15,97,37.9
30093344,5,shortness of breath,2,89,128,83,12,98,38.0
30093345,4,shortness of breath,1,82,95,79,16,100,38.0
30093346,3,anxiety,2,81,149,59,15,95,36.5
30093347,3,knee pain,6,91,135,86,28,95,35.6
30093348,2,anxiety,10,73,87,90,22,95,39.3
30093349,3,abdominal pain,6,89,115,82,22,95,37.0
30093350,3,anxiety,2,66,112,73,24,93,36.6
30093351,4,fever,5,95,89,73,20,94,37.2
30093352,5,abdominal pain,7,90,125,74,25,96,34.7
30093353,1,fever,10,68,124,83,19,94,36.0
30093354,3,fever,0,96,150,78,19,100,37.8
30093355,4,shortness of breath,7,75,128,78,18,95,36.2
30093356,3,knee pain,2,121,107,80,20,95,37.4
30093357,3,shortness of breath,7,95,127,82,21,100,36.7
30093358,3,headache,0,90,103,63,25,94,36.5
30093359,4,laceration,3,72,136,95,22,97,37.6
30093360,2,chest pain,7,100,153,70,15,98,36.4
30093361,4,fever,7,98,123,50,14,96,36.9
30093362,4,back pain,1,89,150,59,17,97,37.0
30093363,3,fall,0,117,168,63,15,99,35.9
30093364,2,chest pain,9,94,90,68,16,100,37.9
30093365,1,laceration,6,82,132,81,19,94,38.0
30093366,5,back pain,7,52,135,89,23,100,36.5
30093367,3,fall,7,94,130,68,13,99,37.7
30093368,3,abdominal pain,4,86,123,56,7,95,37.9
30093369,3,fever,2,83,135,80,15,95,38.0
30093370,3,headache,7,97,147,59,19,92,36.9
30093371,3,anxiety,0,90,148,90,17,95,37.8
30093372,3,fall,2,94,125,88,23,99,37.5
30093373,2,abdominal pain,10,83,139,84,20,96,37.1
30093374,4,fever,3,95,96,85,21,96,36.6
30093375,3,fever,5,87,114,54,20,93,36.8
30093376,3,headache,0,53,122,107,19,95,36.4
30093377,1,anxiety,8,59,115,85,16,99,35.5
30093378,3,shortness of breath,7,96,110,86,21,95,36.3
30093379,2,shortness of breath,6,108,128,85,21,91,37.3
30093380,1,chest pain,6,79,145,57,17,96,37.8
30093381,4,shortness of breath,7,49,102,81,10,96,37.7
30093382,3,back pain,4,106,175,98,19,100,38.1
30093383,4,chest pain,5,81,102,69,18,95,36.9
30093384,1,shortness of breath,9,44,106,98,25,100,36.2
30093385,3,back pain,3,100,146,84,15,99,37.0
30093386,2,headache,8,84,114,96,27,98,36.1
30093387,3,shortness of breath,7,78,114,116,22,96,37.7
30093388,3,laceration,3,72,112,99,14,92,37.6
30093389,3,shortness of breath,2,59,144,78,23,98,36.7
30093390,4,fall,2,87,111,71,13,98,37.4
30093391,2,headache,8,79,139,106,17,100,36.6
30093392,4,shortness of breath,1,65,124,80,18,95,37.0
30093393,3,headache,7,89,106,107,19,93,38.0
30093394,3,fall,1,91,137,105,25,95,36.0
30093395,3,headache,6,81,88,59,20,99,37.9
30093396,3,abdominal pain,1,65,127,73,27,97,37.4
30093397,3,fall,7,84,127,86,24,100,38.7
30093398,3,anxiety,5,102,116,59,19,92,35.5
30093399,3,headache,0,87,98,100,23,98,35.2
30093400,1,shortness of breath,7,82,109,87,29,99,37.2
30093401,3,shortness of breath,0,102,107,76,14,100,37.5
30093402,3,fall,6,78,94,68,20,96,37.8
30093403,4,back pain,2,97,80,86,21,98,36.1
30093404,3,shortness of breath,5,97,110,62,21,95,37.8
30093405,1,laceration,7,96,141,88,10,97,38.2
30093406,4,knee pain,3,77,101,68,14,96,35.9
30093407,3,laceration,3,95,108,100,22,94,35.9
30093408,1,headache,6,73,130,94,21,99,36.8
30093409,4,shortness of breath,1,75,84,104,20,98,36.8
30093410,3,chest pain,6,77,124,53,13,93,35.3
30093411,2,abdominal pain,9,112,112,95,21,97,35.8
30093412,3,fever,4,113,153,59,18,97,37.0
30093413,3,headache,2,101,134,92,17,97,39.3
30093414,3,headache,6,53,136,80,16,96,37.6
30093415,3,shortness of breath,5,73,122,67,13,98,36.3
30093416,3,anxiety,3,77,133,80,17,94,37.3
30093417,3,knee pain,7,69,165,72,23,95,37.5
30093418,3,abdominal pain,3,108,152,75,18,99,36.8
30093419,3,fall,7,71,122,95,20,96,38.2
30093420,5,abdominal pain,2,96,125,72,30,100,38.0
30093421,4,fall,4,102,131,113,12,100,36.9
30093422,5,abdominal pain,7,92,104,89,22,96,37.6
30093423,3,fall,6,75,115,74,20,100,38.4
30093424,2,back pain,10,89,140,100,18,97,37.7
30093425,2,knee pain,6,86,124,78,22,94,38.0
30093426,3,knee pain,7,81,98,77,10,100,37.2
30093427,1,fall,10,83,141,55,21,95,36.9
30093428,2,shortness of breath,10,81,87,93,19,98,36.1
30093429,3,back pain,1,92,152,101,15,99,37.1
30093430,4,back pain,2,102,132,45,20,100,37.0
30093431,3,chest pain,3,111,158,65,13,94,37.1
30093432,3,fever,0,58,124,89,18,100,37.1
30093433,3,abdominal pain,3,91,135,101,14,98,36.3
30093434,1,knee pain,6,67,125,65,23,96,36.4
30093435,3,anxiety,0,79,91,83,14,100,36.5
30093436,3,fever,1,79,126,93,16,95,36.0
30093437,3,fall,4,64,123,89,15,97,36.0
30093438,1,fever,7,99,119,72,21,95,38.6
30093439,1,chest pain,9,92,122,83,23,93,37.9
30093440,3,chest pain,1,82,136,88,23,97,37.2
30093441,3,headache,6,97,100,82,16,100,36.4
30093442,2,headache,7,81,109,67,22,100,37.4
30093443,4,back pain,2,75,157,92,18,100,36.3
30093444,2,knee pain,10,92,131,67,17,95,38.9
30093445,3,laceration,0,58,152,76,16,99,37.0
30093446,3,anxiety,0,86,140,82,18,98,37.5
30093447,4,abdominal pain,0,91,118,78,13,95,36.0
30093448,1,headache,8,84,142,55,20,93,37.1
30093449,4,back pain,3,94,119,94,18,93,38.0
30093450,2,back pain,10,82,130,93,19,99,38.8
30093451,4,fever,3,107,127,68,16,97,38.3
30093452,3,fall,2,74,112,95,20,97,37.2
30093453,3,abdominal pain,0,79,113,59,19,94,36.3
30093454,3,abdominal pain,1,80,113,82,23,95,36.2
30093455,2,headache,9,88,84,72,15,95,38.5
30093456,3,chest pain,4,100,99,72,17,95,37.3
30093457,3,chest pain,6,79,139,75,13,96,36.4
30093458,3,fever,6,79,135,108,18,94,36.3
30093459,3,back pain,1,88,103,89,22,98,37.4
30093460,5,knee pain,2,88,119,74,19,92,36.8
30093461,5,anxiety,1,73,123,69,14,96,36.5
30093462,2,fall,10,59,104,93,12,97,37.7
30093463,3,shortness of breath,0,83,128,55,17,96,36.9
30093464,2,fall,10,66,142,74,18,97,38.8
30093465,1,chest pain,8,90,83,104,24,100,37.0
30093466,4,abdominal pain,4,48,101,73,16,91,37.8
30093467,2,shortness of breath,8,68,163,60,16,99,37.0
30093468,2,chest pain,8,110,122,64,18,96,35.8
30093469,4,abdominal pain,2,71,99,73,19,97,35.9
30093470,3,fall,7,96,139,83,18,100,36.6
30093471,2,laceration,7,58,107,101,12,97,36.9
30093472,3,chest pain,6,77,144,78,12,100,37.7
30093473,5,laceration,2,70,111,61,22,98,37.8
30093474,3,headache,1,80,80,87,16,100,38.1
30093475,1,fall,10,82,132,74,23,95,37.9
30093476,1,fever,7,87,117,103,16,96,36.9
30093477,4,shortness of breath,4,86,135,86,21,96,38.0
30093478,3,back pain,4,64,126,52,23,100,35.3
30093479,4,chest pain,2,95,119,52,19,95,38.4
30093480,2,fall,7,110,120,95,22,97,36.9
30093481,1,shortness of breath,10,72,121,95,18,99,36.7
30093482,3,back pain,7,72,115,73,10,95,36.7
30093483,1,abdominal pain,6,123,108,94,9,96,37.6
30093484,3,abdominal pain,7,62,155,95,21,97,36.6
30093485,3,abdominal pain,5,84,127,100,19,90,36.7
30093486,4,fall,2,82,148,122,24,98,36.5
30093487,3,anxiety,3,94,143,95,23,100,37.0
30093488,4,laceration,6,62,143,80,25,97,38.3
30093489,4,headache,5,86,144,81,11,96,36.5
30093490,3,chest pain,3,73,122,70,16,95,35.9
30093491,3,back pain,1,75,97,87,23,97,36.5
30093492,4,laceration,2,117,147,74,25,98,36.5
30093493,5,shortness of breath,0,94,123,86,20,100,36.4
30093494,4,back pain,2,82,151,85,22,98,36.8
30093495,4,shortness of breath,3,61,108,96,23,99,36.8
30093496,3,fever,0,122,115,90,17,98,37.5
30093497,2,fever,9,66,105,64,16,91,37.8
30093498,5,abdominal pain,2,69,102,72,11,100,36.8
30093499,3,shortness of breath,5,96,120,62,16,99,37.5
30093500,3,fever,4,93,100,62,15,94,37.6
30093501,3,anxiety,7,92,95,59,22,100,35.3
30093502,2,chest pain,9,103,127,74,19,94,37.2
30093503,3,abdominal pain,0,98,119,76,19,95,36.7
30093504,4,headache,5,118,152,100,16,95,35.9
30093505,3,anxiety,2,74,121,68,15,99,36.8
30093506,3,anxiety,4,68,142,69,21,94,37.4
30093507,3,fall,2,93,134,94,14,95,37.5
30093508,4,laceration,4,83,122,69,14,90,37.3
30093509,3,fall,7,77,129,88,17,97,36.3
30093510,2,chest pain,9,106,152,69,16,100,35.6
30093511,3,fever,1,99,146,85,12,99,38.2
30093512,3,abdominal pain,6,102,129,88,12,100,38.4
30093513,5,laceration,6,85,150,94,18,100,36.6
30093514,4,headache,5,80,128,85,18,97,36.2
30093515,2,laceration,8,115,111,79,15,94,37.3
30093516,4,headache,0,81,111,87,18,94,37.7
30093517,3,anxiety,4,83,145,87,16,94,36.9
30093518,4,shortness of breath,4,105,126,59,21,98,35.6
30093519,2,chest pain,9,76,136,89,17,98,37.2
30093520,2,knee pain,10,90,104,88,16,96,38.0
30093521,1,fall,8,82,148,97,25,97,37.3
30093522,1,fall,8,81,140,74,15,94,37.1
30093523,3,laceration,1,94,149,59,22,99,37.9
30093524,2,chest pain,8,58,92,78,18,96,36.9
30093525,2,fall,6,86,110,90,20,92,35.8
30093526,1,back pain,9,70,136,64,15,93,37.7
30093527,4,chest pain,4,82,138,70,23,100,37.9
30093528,2,fever,7,94,140,92,14,91,36.1
30093529,2,shortness of breath,8,91,103,96,22,98,36.1
30093530,3,headache,7,57,139,84,18,94,38.0
30093531,4,fever,1,92,138,94,13,95,36.6
30093532,3,laceration,1,85,107,100,12,96,36.6
30093533,2,chest pain,8,89,127,112,19,93,36.9
30093534,4,chest pain,2,66,114,86,16,98,38.6
30093535,4,shortness of breath,0,75,107,77,26,99,37.1
30093536,3,anxiety,4,82,105,97,22,99,37.1
30093537,3,shortness of breath,6,99,128,74,13,98,37.5
30093538,4,laceration,1,69,79,83,24,97,36.9
30093539,3,fall,2,92,128,86,24,98,37.2
30093540,2,headache,9,83,141,98,12,100,37.9
30093541,2,headache,8,83,90,69,19,97,36.8
30093542,2,fall,8,86,127,108,19,92,36.0
30093543,3,knee pain,0,82,132,61,20,95,36.5
30093544,3,shortness of breath,7,92,102,54,21,97,37.4
30093545,3,back pain,4,83,151,64,22,91,36.5
30093546,3,laceration,3,58,123,77,23,100,38.3
30093547,5,fever,7,88,157,68,13,100,38.0
30093548,3,fall,5,82,137,63,14,94,36.8
30093549,3,knee pain,5,91,135,70,18,98,37.6
30093550,2,chest pain,8,81,84,87,16,97,36.2
30093551,2,shortness of breath,8,50,118,80,17,97,37.4
30093552,2,knee pain,8,68,110,92,6,99,35.8
30093553,3,headache,1,81,139,102,17,100,37.2
30093554,3,knee pain,6,91,127,84,21,93,36.1
30093555,3,chest pain,3,91,95,68,13,97,36.5
30093556,2,fall,7,68,125,62,21,100,36.6
30093557,4,knee pain,5,77,125,60,18,90,36.8
30093558,4,knee pain,1,68,160,94,19,98,37.8
30093559,3,fever,1,115,162,97,26,100,36.0
30093560,3,knee pain,6,94,120,57,19,99,36.9
30093561,2,shortness of breath,7,80,98,73,13,98,36.2
30093562,3,laceration,5,86,124,69,14,96,36.6
30093563,5,back pain,5,80,104,83,20,95,37.3
30093564,3,knee pain,1,90,111,55,27,100,37.5
30093565,3,fall,7,83,104,71,20,100,36.0
30093566,3,abdominal pain,4,105,136,76,14,96,35.4
30093567,2,headache,7,97,131,82,14,96,36.4
30093568,4,abdominal pain,4,102,135,94,18,97,36.6
30093569,3,headache,3,99,151,65,17,94,36.6
30093570,2,headache,7,104,134,68,18,92,36.4
30093571,5,back pain,0,100,130,90,20,93,36.5
30093572,3,chest pain,5,103,108,64,15,97,38.4
30093573,4,laceration,0,69,154,68,23,95,38.4
30093574,3,fall,6,91,128,67,24,95,38.5
30093575,2,chest pain,7,85,103,93,19,100,37.9
30093576,3,back pain,3,65,103,73,11,97,36.3
30093577,4,fall,5,117,132,115,15,96,36.0
30093578,3,fall,7,123,99,88,24,100,38.5
30093579,3,anxiety,1,114,155,80,19,94,37.4
30093580,4,shortness of breath,1,80,156,88,10,100,37.5
30093581,2,shortness of breath,8,95,149,80,26,91,36.6
30093582,4,abdominal pain,2,90,107,73,14,93,37.6
30093583,3,headache,4,87,128,70,21,97,36.2
30093584,2,headache,6,109,111,87,15,95,35.7
30093585,3,laceration,7,61,136,77,18,93,36.3
30093586,3,abdominal pain,0,82,126,89,12,94,36.5
30093587,2,back pain,8,121,136,100,19,98,37.7
30093588,3,laceration,7,94,121,61,14,100,36.0
30093589,3,fever,1,119,114,66,18,97,37.6
30093590,2,knee pain,7,94,127,86,22,97,37.9
30093591,3,knee pain,3,64,104,93,15,95,37.3
30093592,4,headache,0,87,106,64,15,92,37.9
30093593,2,chest pain,10,82,132,99,17,93,36.2
30093594,3,knee pain,4,109,113,78,13,90,37.7
30093595,3,chest pain,6,79,109,69,17,98,37.1
30093596,3,back pain,5,76,156,82,23,97,36.6
30093597,2,anxiety,9,60,100,71,18,95,36.7
30093598,4,knee pain,0,66,112,62,16,100,36.0
30093599,2,fever,6,95,135,62,18,98,36.7
30093600,3,chest pain,5,58,97,64,18,93,35.2
30093601,4,fall,4,81,125,85,21,92,35.9
30093602,3,shortness of breath,1,90,124,64,25,96,37.4
30093603,3,fall,7,82,160,73,18,95,35.3
30093604,3,fall,6,82,124,80,20,94,36.1
30093605,3,chest pain,0,93,137,85,15,100,36.4
30093606,3,fever,4,92,134,97,19,96,36.6
30093607,3,anxiety,3,98,146,89,23,99,37.2
30093608,3,chest pain,5,100,122,100,21,99,36.1
30093609,5,chest pain,2,81,106,88,22,98,35.1
30093610,2,back pain,7,101,138,87,10,96,37.6
30093611,3,laceration,7,105,115,56,19,97,36.3
30093612,3,fall,6,96,117,78,20,91,36.2
30093613,3,anxiety,4,95,125,65,19,97,36.5
30093614,3,back pain,0,106,110,72,20,100,38.4
30093615,2,fever,7,101,118,91,15,99,36.2
30093616,4,anxiety,2,96,107,75,20,96,37.2
30093617,5,fever,6,76,126,62,22,96,36.9
30093618,3,shortness of breath,3,116,129,70,18,95,37.1
30093619,2,fall,9,102,140,101,15,97,38.3
30093620,3,fever,7,68,139,60,22,96,37.1
30093621,1,shortness of breath,8,63,124,59,11,94,36.6
30093622,3,abdominal pain,7,70,87,60,25,100,38.2
30093623,3,laceration,6,80,75,103,21,93,36.6
30093624,3,back pain,0,77,121,54,21,97,37.8
30093625,3,headache,4,71,109,92,12,99,37.7
30093626,5,chest pain,0,56,146,94,18,98,37.6
30093627,5,shortness of breath,5,97,152,90,22,98,37.4
30093628,3,anxiety,3,75,125,78,17,89,37.9
30093629,4,knee pain,6,73,127,71,19,99,36.7
30093630,4,back pain,4,83,128,76,14,94,37.2
30093631,3,fever,2,105,112,70,20,96,37.3
30093632,3,anxiety,6,71,105,68,22,99,37.7
30093633,3,laceration,2,71,120,68,19,95,37.8
30093634,4,fever,1,92,119,79,21,99,37.3
30093635,4,knee pain,6,98,119,97,12,98,37.0
30093636,3,knee pain,2,88,101,73,11,100,37.1
30093637,3,headache,0,83,159,79,18,97,37.0
30093638,3,abdominal pain,7,120,162,82,17,98,37.4
30093639,3,anxiety,3,77,108,85,22,94,36.9
30093640,4,headache,5,95,151,92,12,95,36.2
30093641,3,knee pain,1,32,123,89,21,95,38.2
30093642,2,knee pain,7,81,111,112,13,95,36.1
30093643,4,chest pain,7,100,119,91,16,96,37.3
30093644,2,back pain,10,78,120,84,22,96,36.8
30093645,1,back pain,8,73,99,75,21,95,36.8
30093646,3,chest pain,4,125,101,71,17,97,36.3
30093647,5,headache,7,92,119,79,16,93,37.7
30093648,3,chest pain,5,96,153,108,19,100,37.5
30093649,3,back pain,0,99,125,86,16,98,37.9
30093650,4,fall,3,88,121,82,15,94,36.4
30093651,4,shortness of breath,5,87,132,77,20,98,38.1
30093652,3,chest pain,5,74,139,64,20,100,36.1
30093653,4,laceration,3,71,114,102,15,97,37.5
30093654,3,headache,0,93,128,77,15,98,37.4
30093655,1,anxiety,10,66,133,89,10,97,37.3
30093656,3,shortness of breath,6,91,143,111,19,93,35.7
30093657,3,shortness of breath,3,84,147,92,23,92,38.4
30093658,3,fall,2,53,129,70,12,92,37.6
30093659,2,fall,9,101,97,85,19,98,37.6
30093660,4,fall,5,87,125,77,14,95,36.9
30093661,4,fever,4,80,119,74,19,96,36.9
30093662,1,knee pain,6,93,125,111,14,97,36.4
30093663,2,anxiety,10,97,131,80,16,93,37.2
30093664,5,abdominal pain,4,74,124,106,22,95,37.4
30093665,3,fall,6,81,121,103,26,100,37.4
30093666,4,abdominal pain,1,83,125,90,17,100,36.0
30093667,3,abdominal pain,0,87,114,92,17,100,37.4
30093668,4,fever,1,108,120,70,18,97,35.3
30093669,3,anxiety,6,75,109,89,19,98,36.1
30093670,3,fall,6,103,147,93,21,100,37.7
30093671,2,back pain,10,99,119,86,17,94,36.6
30093672,3,fall,2,94,124,66,23,96,37.7
30093673,3,shortness of breath,5,70,108,87,26,97,38.0
30093674,3,fall,0,52,104,65,10,94,36.1
30093675,4,fever,7,85,122,71,18,99,36.9
30093676,3,shortness of breath,6,77,105,72,20,96,38.3
30093677,3,knee pain,7,34,117,56,16,99,36.5
30093678,3,laceration,0,71,128,63,16,100,37.0
30093679,3,abdominal pain,2,80,136,101,15,93,37.1
30093680,3,back pain,0,72,145,86,17,99,37.5
30093681,3,anxiety,2,74,131,53,20,95,35.5
30093682,3,abdominal pain,1,100,111,83,21,93,37.9
30093683,3,laceration,1,96,119,81,16,97,36.2
30093684,4,abdominal pain,6,78,76,100,14,94,37.0
30093685,3,fall,4,95,118,71,22,96,37.8
30093686,3,chest pain,5,86,154,49,19,94,37.0
30093687,3,shortness of breath,1,90,166,75,9,95,37.6
30093688,3,knee pain,1,50,84,104,13,99,37.3
30093689,2,fever,8,59,120,91,24,98,39.4
30093690,3,shortness of breath,0,85,131,68,17,99,37.1
30093691,3,laceration,2,87,106,97,17,99,36.5
30093692,3,back pain,0,88,107,78,25,95,37.7
30093693,4,knee pain,3,85,148,90,20,97,36.7
30093694,2,back pain,9,84,121,87,22,98,37.4
30093695,3,chest pain,6,105,138,74,14,95,34.2
30093696,3,laceration,4,91,134,75,20,96,35.6
30093697,4,laceration,3,92,153,73,24,94,37.7
30093698,4,knee pain,6,85,125,85,9,97,37.1
30093699,1,laceration,7,87,108,71,18,100,38.2
30093700,2,laceration,9,64,130,82,17,100,37.7
30093701,3,laceration,7,82,136,97,12,100,36.9
30093702,4,fever,1,84,107,63,16,96,37.9
30093703,3,back pain,6,83,114,86,23,98,38.3
30093704,3,abdominal pain,4,83,116,85,18,100,36.8
30093705,3,laceration,3,87,112,57,17,98,35.3
30093706,3,fever,4,87,120,87,13,96,37.6
30093707,3,fall,0,72,141,81,18,94,36.5
30093708,2,headache,10,87,109,79,19,98,38.1
30093709,3,anxiety,5,94,138,71,20,94,37.6
30093710,1,anxiety,8,58,116,91,20,98,36.3
30093711,3,back pain,5,96,138,60,14,96,37.4
30093712,4,shortness of breath,0,111,173,99,16,98,37.5
30093713,3,shortness of breath,5,81,165,86,12,96,36.9
30093714,4,headache,5,71,76,105,27,99,36.8
30093715,4,knee pain,5,92,103,91,10,96,36.7
30093716,3,back pain,3,107,145,63,20,96,35.3
30093717,3,headache,0,102,138,85,12,94,36.7
30093718,2,knee pain,9,84,135,82,20,98,36.4
30093719,4,fever,7,95,137,91,16,97,36.9
30093720,2,back pain,10,121,122,87,20,93,37.7
30093721,1,fall,8,87,126,68,12,98,37.7
30093722,1,back pain,7,93,132,64,16,95,35.6
30093723,4,headache,7,54,141,75,13,98,35.3
30093724,4,headache,4,82,132,88,20,96,36.7
30093725,3,headache,4,89,124,55,15,100,35.3
30093726,3,anxiety,4,88,122,100,20,93,37.2
30093727,3,laceration,4,102,112,70,11,92,36.5
30093728,4,anxiety,0,92,111,77,18,93,35.9
30093729,3,fever,0,80,125,74,20,100,36.8
30093730,3,anxiety,7,91,149,86,25,100,36.8
30093731,2,chest pain,10,88,106,77,18,96,38.6
30093732,4,chest pain,3,77,174,80,8,99,37.9
30093733,3,fall,7,79,97,102,9,97,37.2
30093734,3,anxiety,4,57,106,96,23,98,36.7
30093735,1,laceration,7,97,151,80,15,97,38.3
30093736,3,knee pain,7,75,130,58,22,98,34.9
30093737,4,fever,3,79,160,92,15,100,38.8
30093738,3,fall,4,72,148,108,20,100,37.5
30093739,4,back pain,0,78,96,67,16,99,37.9
30093740,3,fall,4,94,143,100,11,91,37.7
30093741,3,fall,4,84,105,73,21,93,36.3
30093742,3,knee pain,5,78,159,75,21,94,35.8
30093743,1,knee pain,7,47,167,91,14,94,37.0
30093744,5,anxiety,0,100,113,83,16,100,37.2
30093745,4,anxiety,7,78,120,72,16,96,37.7
30093746,3,shortness of breath,7,84,117,57,19,91,36.4
30093747,3,laceration,6,97,101,83,18,93,36.9
30093748,2,fall,10,92,127,89,18,100,37.1
30093749,3,headache,5,75,155,52,23,93,36.8
30093750,3,laceration,7,72,117,49,18,98,37.6
30093751,5,chest pain,7,70,151,67,9,98,36.2
30093752,2,fever,7,90,140,73,9,96,36.2
30093753,2,fever,7,95,121,83,18,96,36.5
30093754,5,anxiety,3,87,124,73,18,98,37.2
30093755,3,laceration,3,93,128,83,23,98,35.5
30093756,3,fall,5,79,131,57,20,95,37.6
30093757,4,abdominal pain,6,85,101,73,16,96,36.2
30093758,2,laceration,9,84,103,71,17,99,37.5
30093759,4,back pain,7,108,122,62,22,94,37.9
30093760,3,fall,2,105,143,92,23,100,36.8
30093761,3,chest pain,3,91,170,88,13,93,37.9
30093762,3,back pain,5,75,119,91,17,97,35.8
30093763,3,fall,7,95,154,109,16,100,36.9
30093764,3,abdominal pain,0,92,138,59,19,100,36.7
30093765,3,fever,4,74,130,78,19,96,36.7
30093766,5,shortness of breath,0,93,94,81,17,91,36.0
30093767,4,headache,6,86,101,56,18,96,37.1
30093768,4,anxiety,1,87,137,58,15,93,37.2
30093769,3,fall,6,83,118,90,22,96,36.9
30093770,3,laceration,5,65,112,83,10,96,35.6
30093771,3,fever,0,85,105,86,16,93,36.4
30093772,4,anxiety,4,63,138,64,18,98,37.3
30093773,4,fall,6,97,140,67,13,96,36.9
30093774,4,headache,1,69,143,98,19,95,38.1
30093775,2,knee pain,10,92,126,57,19,97,36.8
30093776,4,anxiety,1,78,129,89,13,97,36.0
30093777,3,laceration,5,96,136,97,22,97,36.5
30093778,3,back pain,3,91,115,82,17,98,37.2
30093779,4,laceration,1,76,98,86,16,98,36.3
30093780,5,laceration,3,58,121,90,27,96,37.5
30093781,2,chest pain,6,68,159,75,16,100,36.8
30093782,4,fall,6,91,126,72,21,98,37.6
30093783,5,shortness of breath,4,89,133,80,12,97,36.2
30093784,3,shortness of breath,5,78,133,89,22,97,36.0
30093785,3,chest pain,0,88,130,82,23,93,35.8
30093786,3,shortness of breath,1,84,107,70,18,99,38.5
30093787,3,anxiety,2,71,116,78,18,92,36.6
30093788,3,shortness of breath,6,96,128,34,17,98,37.2
30093789,2,abdominal pain,7,61,115,69,16,96,38.4
30093790,3,anxiety,2,57,139,94,21,94,36.8
30093791,5,fever,7,65,79,79,16,92,36.4
30093792,2,fever,7,101,111,60,18,96,36.6
30093793,2,fall,6,98,126,71,9,96,36.8
30093794,3,laceration,6,80,123,52,21,99,37.5
30093795,3,knee pain,0,87,156,77,18,100,36.2
30093796,4,back pain,6,70,132,85,20,94,36.7
30093797,3,shortness of breath,0,69,121,84,17,93,37.1
30093798,2,knee pain,9,73,146,74,15,96,37.1
30093799,2,shortness of breath,8,68,153,65,22,96,37.9
30093800,3,abdominal pain,7,68,137,66,16,94,37.1
30093801,2,knee pain,8,89,153,59,21,100,35.7
30093802,2,fever,9,94,119,73,14,93,36.8
30093803,3,chest pain,1,102,127,99,19,98,36.6
30093804,3,back pain,5,86,139,103,12,98,37.2
30093805,5,abdominal pain,3,76,121,95,19,96,36.2
30093806,4,fever,4,105,150,81,16,94,35.6
30093807,4,anxiety,3,94,126,63,23,99,37.1
30093808,3,fall,6,85,177,77,17,99,37.2
30093809,1,back pain,10,86,126,77,19,93,37.0
30093810,2,back pain,10,69,151,78,17,100,36.3
30093811,1,knee pain,6,68,113,91,20,95,35.8
30093812,3,fever,1,104,133,71,22,95,37.2
30093813,2,knee pain,7,94,126,68,15,90,37.1
30093814,3,knee pain,7,65,107,85,21,97,37.1
30093815,3,fever,5,82,129,79,20,95,36.7
30093816,2,fall,9,95,129,51,12,97,36.9
30093817,3,fever,6,58,147,73,16,95,38.1
30093818,4,shortness of breath,6,87,131,90,19,96,37.2
30093819,4,knee pain,3,84,116,75,20,92,37.7
30093820,3,abdominal pain,6,89,94,70,18,97,36.9
30093821,5,abdominal pain,0,87,177,82,18,97,38.0
30093822,2,knee pain,9,80,154,71,25,91,37.0
30093823,4,laceration,0,87,140,73,19,100,37.7
30093824,3,chest pain,1,108,166,75,18,98,36.8
30093825,2,back pain,10,79,157,79,17,99,36.9
30093826,2,knee pain,6,85,104,109,20,97,36.3
30093827,3,shortness of breath,5,81,138,81,19,93,36.7
30093828,3,fall,2,62,113,38,18,95,37.3
30093829,4,knee pain,1,79,139,69,23,96,37.1
30093830,3,abdominal pain,3,59,121,40,12,99,38.4
30093831,5,fever,6,62,154,63,14,98,37.5
30093832,2,shortness of breath,9,91,106,76,19,96,38.6
30093833,2,chest pain,10,73,116,72,19,99,37.4
30093834,5,anxiety,6,97,140,103,18,100,37.1
30093835,2,fall,7,79,106,62,7,97,37.0
30093836,2,knee pain,6,81,121,58,19,98,37.3
30093837,3,chest pain,5,92,155,81,19,91,37.1
30093838,4,headache,4,64,125,81,14,98,37.1
30093839,4,knee pain,1,49,152,79,20,100,37.9
30093840,4,shortness of breath,5,75,141,79,20,100,36.7
30093841,2,headache,6,99,74,70,16,99,37.9
30093842,2,laceration,7,47,151,92,24,100,36.8
30093843,4,back pain,1,98,134,111,13,100,35.8
30093844,3,headache,5,60,157,110,25,99,37.0
30093845,3,back pain,1,106,100,48,14,93,36.1
30093846,4,back pain,6,87,142,65,26,96,37.4
30093847,2,knee pain,9,71,111,93,17,97,37.8
30093848,3,knee pain,5,77,130,74,16,98,36.9
30093849,3,laceration,7,74,88,68,13,100,37.0
30093850,2,abdominal pain,7,98,144,62,21,97,37.1
30093851,3,anxiety,0,80,140,50,23,95,35.7
30093852,4,fever,2,86,78,66,21,100,39.4
30093853,5,chest pain,4,87,114,93,17,94,37.1
30093854,4,abdominal pain,5,92,136,89,23,100,37.6
30093855,2,abdominal pain,10,109,101,85,16,98,38.3
30093856,3,headache,3,115,173,69,26,96,36.0
30093857,3,laceration,0,73,151,91,19,94,37.5
30093858,3,headache,2,103,139,98,14,97,38.0
30093859,3,laceration,6,78,139,83,25,94,36.5
30093860,3,laceration,4,107,130,68,22,96,38.1
30093861,2,fall,8,79,155,67,20,96,36.7
30093862,1,laceration,10,61,116,73,18,100,37.1
30093863,3,knee pain,0,82,101,119,12,93,36.4
30093864,3,laceration,6,75,113,47,22,97,37.0
30093865,3,back pain,7,81,154,78,15,90,37.6
30093866,3,laceration,7,87,151,83,22,98,37.1
30093867,3,abdominal pain,0,73,128,99,18,99,36.0
30093868,4,fever,3,62,113,75,17,94,37.6
30093869,4,laceration,5,61,141,73,19,94,36.2
30093870,3,fall,0,57,79,62,17,96,37.5
30093871,3,fever,4,79,101,78,18,93,37.2
30093872,4,anxiety,5,54,119,65,31,97,37.2
30093873,3,knee pain,4,95,136,103,24,92,35.2
30093874,3,abdominal pain,2,75,134,91,14,100,36.8
30093875,4,abdominal pain,6,55,139,91,18,97,37.6
30093876,2,laceration,6,93,123,104,21,97,38.5
30093877,3,anxiety,6,93,123,105,23,93,37.5
30093878,4,knee pain,1,95,119,92,22,98,37.2
30093879,2,abdominal pain,10,97,142,101,20,94,36.2
30093880,3,knee pain,5,101,178,62,8,95,36.3
30093881,3,knee pain,6,76,125,80,20,97,37.7
30093882,4,fall,3,106,116,90,15,99,37.3
30093883,2,laceration,7,113,130,51,15,94,38.2
30093884,4,fall,1,111,131,99,18,96,38.4
30093885,1,anxiety,6,66,154,75,19,98,37.0
30093886,3,fall,3,115,116,79,12,98,37.8
30093887,3,fever,0,74,131,95,19,96,36.5
30093888,2,anxiety,7,79,128,52,17,95,38.4
30093889,3,fever,2,103,136,85,14,95,37.3
30093890,3,back pain,2,94,107,74,17,95,38.2
30093891,3,anxiety,2,104,143,115,23,91,39.3
30093892,3,headache,6,70,110,59,19,91,36.6
30093893,3,headache,6,86,128,67,25,100,37.8
30093894,3,back pain,0,92,106,80,23,99,35.9
30093895,2,abdominal pain,7,90,115,75,22,96,38.3
30093896,3,anxiety,4,87,107,69,19,99,37.7
30093897,2,anxiety,9,90,134,71,15,97,37.4
30093898,3,headache,0,82,119,99,15,100,36.8
30093899,4,fever,6,96,130,96,21,95,36.6
30093900,2,abdominal pain,8,79,125,76,18,100,37.2
30093901,4,chest pain,7,73,113,84,20,94,36.1
30093902,2,knee pain,8,106,115,76,22,97,36.5
30093903,2,shortness of breath,7,99,131,78,23,94,38.0
30093904,4,chest pain,6,92,135,109,16,98,36.4
30093905,3,fever,1,82,163,80,17,99,37.6
30093906,3,headache,6,124,144,80,16,100,36.9
30093907,3,chest pain,2,67,107,47,15,90,37.0
30093908,3,headache,6,97,114,46,21,97,37.2
30093909,2,chest pain,8,106,154,58,22,99,37.3
30093910,2,laceration,10,82,117,95,15,98,36.9
30093911,2,laceration,10,96,123,101,19,84,35.3
30093912,3,knee pain,7,91,101,102,16,98,36.7
30093913,3,laceration,4,90,140,80,15,97,37.2
30093914,3,headache,0,102,128,91,17,94,36.3
30093915,4,fall,3,81,127,56,18,93,36.4
30093916,3,back pain,1,96,113,91,12,100,35.9
30093917,4,anxiety,5,71,130,76,17,94,37.7
30093918,4,knee pain,1,98,147,85,26,98,38.7
30093919,4,laceration,4,84,140,93,21,97,37.6
30093920,1,shortness of breath,10,84,143,87,28,96,36.5
30093921,3,knee pain,3,61,118,87,15,97,36.7
30093922,3,shortness of breath,7,79,123,71,21,97,36.0
30093923,3,chest pain,1,85,107,74,18,100,37.2
30093924,2,back pain,8,77,147,58,16,94,37.0
30093925,2,fall,9,92,124,81,17,98,37.0
30093926,3,anxiety,2,87,107,69,19,91,36.2
30093927,3,laceration,4,94,126,60,19,99,36.5
30093928,3,laceration,6,76,132,84,19,96,38.0
30093929,3,back pain,7,81,90,111,24,98,36.1
30093930,3,shortness of breath,0,112,153,57,10,99,37.1
30093931,3,fever,6,111,120,101,23,95,36.4
30093932,4,anxiety,0,116,154,82,21,95,36.0
30093933,1,abdominal pain,8,107,127,62,19,94,36.3
30093934,3,back pain,0,77,137,78,18,95,36.6
30093935,4,back pain,6,109,125,95,18,90,37.7
30093936,4,shortness of breath,5,87,142,75,19,100,35.3
30093937,4,fever,7,95,132,60,15,99,36.2
30093938,2,back pain,9,88,112,92,23,100,36.3
30093939,3,headache,7,86,148,97,18,94,36.5
30093940,3,laceration,0,96,107,105,17,93,37.4
30093941,3,laceration,3,72,97,72,17,100,38.4
30093942,5,chest pain,5,59,127,86,20,94,36.9
30093943,5,headache,7,59,118,82,9,91,36.8
30093944,3,laceration,5,58,139,74,20,97,37.5
30093945,3,abdominal pain,6,81,119,37,21,97,36.8
30093946,3,fever,6,82,138,86,19,94,37.1
30093947,3,shortness of breath,6,82,134,84,14,100,37.4
30093948,4,abdominal pain,1,82,93,89,21,97,35.9
30093949,3,knee pain,6,79,112,84,17,100,37.4
30093950,2,fever,10,71,132,71,15,100,36.9
30093951,3,anxiety,0,80,104,77,18,100,37.0
30093952,3,laceration,2,68,122,93,12,95,36.5
30093953,3,fall,7,109,113,98,19,93,36.4
30093954,3,headache,7,55,103,71,20,100,37.1
30093955,3,fever,0,72,106,77,19,97,36.2
30093956,3,shortness of breath,3,61,148,74,18,95,35.9
30093957,3,fever,5,97,134,53,17,93,35.8
30093958,3,laceration,7,62,123,93,21,95,36.8
30093959,2,abdominal pain,6,90,145,77,15,95,38.1
30093960,4,knee pain,6,90,148,83,14,100,36.4
30093961,3,knee pain,0,81,84,121,15,98,37.0
30093962,3,fall,3,93,107,72,19,97,38.1
30093963,4,chest pain,2,118,143,83,14,98,36.1
30093964,2,fever,8,92,126,95,18,100,36.3
30093965,3,abdominal pain,6,95,124,64,16,100,36.0
30093966,1,fall,6,77,103,88,20,100,37.7
30093967,3,fever,2,78,100,76,16,95,36.9
30093968,2,shortness of breath,7,69,157,78,15,98,36.7
30093969,3,knee pain,4,95,134,79,16,96,37.2
30093970,3,shortness of breath,5,109,149,98,25,93,37.2
30093971,3,knee pain,7,74,106,81,23,99,37.1
30093972,3,knee pain,4,109,81,74,17,93,36.1
30093973,3,laceration,1,99,119,79,17,100,36.2
30093974,2,chest pain,9,72,137,71,17,96,37.1
30093975,4,fever,7,116,137,64,22,93,38.4
30093976,3,laceration,5,96,108,102,21,91,37.1
30093977,3,chest pain,2,87,123,100,22,100,36.9
30093978,3,knee pain,2,99,149,58,22,99,37.8
30093979,3,abdominal pain,7,88,114,76,22,97,38.1
30093980,4,back pain,6,76,121,71,13,100,37.1
30093981,3,headache,4,56,111,79,14,100,35.9
30093982,3,laceration,4,63,108,68,19,99,37.0
30093983,3,chest pain,6,87,133,76,17,98,36.1
30093984,3,fall,0,77,114,81,23,97,36.3
30093985,3,abdominal pain,2,111,123,83,18,95,37.6
30093986,3,shortness of breath,4,88,132,65,15,96,34.9
30093987,2,fever,10,89,104,108,15,100,37.4
30093988,3,abdominal pain,0,87,143,79,16,98,35.6
30093989,3,fever,6,64,117,95,19,98,37.0
30093990,2,laceration,7,83,101,78,24,97,36.9
30093991,3,chest pain,4,106,98,53,20,98,37.7
30093992,3,laceration,7,97,115,82,15,93,37.0
30093993,3,shortness of breath,2,65,135,77,14,88,37.7
30093994,2,abdominal pain,9,107,123,92,18,100,36.7
30093995,3,chest pain,3,56,108,79,24,94,36.7
30093996,3,laceration,4,69,163,87,19,91,38.7
30093997,4,fall,2,58,115,87,17,93,36.9
30093998,2,back pain,10,89,131,91,16,97,37.9
30093999,3,headache,3,95,118,64,16,98,37.7
30094000,3,fall,0,74,143,82,23,98,37.6
30094001,3,abdominal pain,7,46,110,88,21,93,37.0
30094002,3,laceration,7,85,129,78,22,96,36.4
30094003,3,back pain,0,68,99,71,16,91,36.8
30094004,4,laceration,7,89,120,68,17,100,37.5
30094005,3,fall,3,76,148,76,20,98,36.9
30094006,4,abdominal pain,0,81,117,82,17,95,38.5
30094007,3,headache,0,117,100,104,20,93,38.3
30094008,2,fall,9,89,109,82,22,94,37.6
30094009,4,abdominal pain,1,88,145,97,22,95,36.7
30094010,3,fever,3,78,137,55,16,95,38.2
30094011,3,chest pain,0,78,151,82,16,100,37.1
30094012,3,anxiety,7,60,139,78,21,100,36.0
30094013,3,fall,1,95,146,103,20,91,37.6
30094014,4,headache,2,76,131,44,19,92,37.5
30094015,3,headache,7,86,132,61,17,98,36.7
30094016,2,knee pain,6,77,119,59,16,100,37.6
30094017,2,fever,6,102,144,70,16,95,35.7
30094018,3,anxiety,5,73,111,48,23,97,37.5
30094019,3,fever,4,94,122,56,13,95,37.3
30094020,3,anxiety,0,79,111,86,16,94,38.2
30094021,3,anxiety,2,86,139,84,21,96,36.3
30094022,3,headache,2,82,89,121,22,95,37.7
30094023,3,shortness of breath,6,106,112,90,17,97,37.4
30094024,3,fever,7,86,135,66,18,93,37.3
30094025,2,laceration,9,106,138,61,16,97,37.4
30094026,4,abdominal pain,7,91,127,101,18,95,36.3
30094027,3,laceration,7,90,116,95,19,98,38.1
30094028,3,knee pain,2,96,139,86,23,94,36.4
30094029,3,headache,2,86,116,110,14,94,36.4
30094030,2,abdominal pain,9,105,141,75,11,99,36.8
30094031,3,abdominal pain,2,96,151,63,25,95,36.6
30094032,3,laceration,5,93,136,84,16,96,36.8
30094033,5,fever,7,92,131,79,15,100,36.0
30094034,3,knee pain,4,104,136,78,12,98,37.1
30094035,3,fever,3,83,145,96,18,94,37.3
30094036,3,laceration,7,69,126,82,14,100,37.5
30094037,2,fall,7,67,133,43,24,97,37.6
30094038,3,abdominal pain,2,76,137,75,21,97,36.6
30094039,3,back pain,6,97,98,93,19,96,38.0
30094040,3,laceration,7,77,132,66,15,97,36.0
30094041,3,headache,1,83,128,92,20,97,35.7
30094042,2,laceration,10,90,98,53,18,100,38.2
30094043,4,laceration,3,76,121,78,19,97,36.5
30094044,2,fall,10,102,123,78,13,95,36.7
30094045,5,fall,7,95,150,85,21,98,39.1
30094046,3,abdominal pain,3,92,122,80,16,95,37.5
30094047,3,headache,1,74,155,81,18,98,36.5
30094048,2,laceration,6,99,119,70,11,95,35.8
30094049,3,fever,6,81,131,77,15,100,36.2
30094050,3,anxiety,0,72,132,113,19,92,37.6
30094051,3,knee pain,3,105,123,91,20,99,38.5
30094052,3,anxiety,0,101,140,94,23,94,37.5
30094053,3,anxiety,4,78,102,83,20,97,37.2
30094054,3,anxiety,5,113,76,92,12,97,36.1
30094055,3,fall,5,80,126,64,17,98,37.7
30094056,3,fever,0,86,153,50,18,97,36.1
30094057,3,fall,2,74,146,96,19,95,37.8
30094058,4,fever,3,72,95,84,20,98,38.4
30094059,3,abdominal pain,1,102,170,66,21,97,37.5
30094060,3,anxiety,0,71,152,93,14,99,36.7
30094061,3,fever,7,85,147,83,12,97,37.6
30094062,4,back pain,3,101,116,62,25,100,37.7
30094063,4,anxiety,4,83,131,77,20,94,37.6
30094064,3,fall,2,118,140,94,18,94,37.8
30094065,4,shortness of breath,2,73,124,71,6,97,38.4
30094066,3,knee pain,1,106,137,73,15,95,37.0
30094067,2,fall,10,103,147,84,13,99,36.1
30094068,3,back pain,3,72,148,72,23,99,36.7
30094069,5,abdominal pain,3,76,96,57,15,99,38.2
30094070,4,knee pain,4,50,132,63,27,92,36.9
30094071,3,back pain,7,69,127,114,24,100,36.6
30094072,4,chest pain,6,57,118,111,13,100,37.4
30094073,3,headache,1,84,126,59,18,95,37.5
30094074,3,chest pain,7,104,114,86,26,100,35.9
30094075,4,abdominal pain,3,74,130,48,21,94,37.9
30094076,5,back pain,1,68,140,99,22,100,37.5
30094077,4,headache,0,80,122,88,15,95,36.5
30094078,4,laceration,4,86,115,99,23,93,36.9
30094079,3,laceration,3,109,125,60,19,94,35.6
30094080,4,shortness of breath,4,79,128,92,18,100,37.5
30094081,2,fever,8,92,123,88,22,97,37.2
30094082,3,fall,5,97,81,70,21,93,36.7
30094083,2,chest pain,8,73,131,106,8,100,37.2
30094084,4,anxiety,3,122,147,71,16,97,39.3
30094085,3,fall,1,69,135,60,22,95,36.1
30094086,3,abdominal pain,0,87,109,87,20,97,36.8
30094087,4,back pain,3,63,146,79,8,96,37.1
30094088,3,chest pain,4,112,121,70,15,96,38.2
30094089,3,headache,6,111,154,83,14,96,37.7
30094090,3,back pain,4,91,108,69,16,98,36.3
30094091,2,fall,10,57,144,71,20,100,37.6
30094092,3,fall,3,110,87,80,18,98,37.1
30094093,3,back pain,2,69,125,50,21,95,37.4
30094094,3,back pain,0,90,133,55,14,97,36.1
30094095,4,knee pain,1,90,106,82,19,99,37.2
30094096,2,laceration,10,82,143,62,20,95,38.0
30094097,3,chest pain,6,60,121,73,15,95,36.4
30094098,3,laceration,2,108,131,97,14,96,36.2
30094099,4,shortness of breath,2,69,114,77,27,100,38.0
30094100,4,fall,3,63,114,71,21,95,36.9
30094101,3,fever,2,94,96,43,17,94,37.2
30094102,2,fever,8,58,147,80,17,96,36.7
30094103,3,chest pain,4,78,86,81,20,100,37.2
30094104,3,knee pain,3,81,125,104,13,99,37.6
30094105,3,abdominal pain,0,89,109,71,15,96,38.3
30094106,3,knee pain,3,88,148,52,13,93,36.8
30094107,3,abdominal pain,2,56,109,89,20,98,37.1
30094108,2,chest pain,8,76,103,73,21,93,37.6
30094109,2,headache,7,88,130,73,24,95,37.5
30094110,3,laceration,1,100,148,34,21,97,37.8
30094111,3,knee pain,5,87,155,84,18,92,37.2
30094112,2,chest pain,9,49,172,94,20,99,36.8
30094113,3,knee pain,1,84,148,72,17,99,36.7
30094114,4,shortness of breath,3,60,90,82,24,98,36.3
30094115,1,abdominal pain,9,92,114,93,14,96,37.1
30094116,3,back pain,4,88,163,101,16,97,38.3
30094117,2,back pain,9,75,136,96,22,95,36.9
30094118,3,fever,6,83,156,74,16,97,36.0
30094119,5,abdominal pain,6,87,143,89,24,97,37.5
30094120,2,shortness of breath,8,72,125,66,10,91,36.0
30094121,3,chest pain,2,81,140,65,14,95,37.1
30094122,2,anxiety,10,70,85,74,12,98,37.1
30094123,3,anxiety,4,74,113,101,17,96,37.1
30094124,3,laceration,4,71,152,102,17,100,38.3
30094125,3,back pain,0,83,103,83,16,100,37.3
30094126,4,shortness of breath,2,48,104,57,22,96,35.8
30094127,4,fall,5,84,148,86,24,95,37.0
30094128,4,laceration,7,94,119,55,11,100,37.1
30094129,3,chest pain,4,87,103,58,18,96,37.7
30094130,3,headache,3,97,123,52,17,99,35.2
30094131,3,shortness of breath,0,76,141,83,17,98,36.8
30094132,5,fall,2,77,117,84,20,95,39.1
30094133,3,abdominal pain,6,93,146,69,15,92,37.4
30094134,3,shortness of breath,2,101,83,98,13,94,37.7
30094135,3,headache,0,92,159,68,15,96,37.2
30094136,4,back pain,7,78,105,75,16,97,37.1
30094137,2,chest pain,9,104,110,89,11,100,37.8
30094138,4,fall,2,107,127,69,18,99,36.1
30094139,3,headache,4,79,146,72,15,95,37.4
30094140,3,laceration,1,94,154,91,22,99,36.0
30094141,3,laceration,0,103,137,100,16,92,36.4
30094142,3,shortness of breath,5,86,129,97,22,97,36.8
30094143,4,shortness of breath,0,64,162,87,19,93,36.9
30094144,3,abdominal pain,6,87,134,81,19,96,37.2
30094145,4,abdominal pain,6,75,140,77,20,98,36.5
30094146,1,abdominal pain,8,84,153,73,21,96,37.4
30094147,2,fall,6,73,146,89,19,99,38.1
30094148,3,fall,7,97,127,67,18,97,37.2
30094149,3,abdominal pain,4,75,127,60,16,98,36.1
30094150,4,anxiety,4,105,84,84,14,99,36.0
30094151,2,shortness of breath,7,55,128,67,16,98,37.2
30094152,3,fever,7,80,110,63,20,94,36.6
30094153,2,anxiety,7,85,119,92,12,95,39.0
30094154,2,headache,7,69,145,52,18,94,37.4
30094155,4,back pain,7,85,88,67,24,100,37.3
30094156,2,fever,6,86,123,72,13,100,36.4
30094157,4,anxiety,6,100,120,66,18,98,37.2
30094158,4,knee pain,4,89,120,86,17,97,37.7
30094159,2,back pain,6,96,112,65,22,98,36.8
30094160,4,abdominal pain,2,83,145,68,18,98,35.9
30094161,4,headache,5,82,110,67,21,98,36.6
30094162,3,fever,2,90,93,82,20,96,38.0
30094163,3,anxiety,3,106,152,59,20,92,36.2
30094164,5,shortness of breath,7,79,163,93,22,98,36.6
30094165,4,fever,6,61,170,55,13,100,37.4
30094166,3,fall,6,89,136,70,17,99,37.2
30094167,2,laceration,6,94,115,80,11,95,35.1
30094168,2,back pain,10,69,138,106,22,100,37.0
30094169,5,knee pain,5,82,138,107,17,95,37.8
30094170,4,shortness of breath,2,89,122,77,11,98,35.7
30094171,3,anxiety,7,84,107,85,17,98,36.9
30094172,3,laceration,2,84,121,79,21,98,37.0
30094173,2,anxiety,6,83,119,70,16,96,38.4
30094174,2,laceration,6,66,129,96,16,94,35.9
30094175,3,anxiety,5,89,101,61,17,100,37.8
30094176,4,anxiety,3,103,121,68,17,100,36.0
30094177,4,headache,4,98,122,105,18,98,36.5
30094178,2,anxiety,6,90,83,60,17,98,36.0
30094179,2,shortness of breath,8,67,120,87,14,99,36.9
30094180,3,knee pain,1,71,87,81,20,96,35.7
30094181,2,laceration,9,103,121,77,20,100,37.6
30094182,3,back pain,6,83,121,81,25,98,37.3
30094183,3,anxiety,5,76,128,71,18,90,36.8
30094184,4,fall,3,102,139,75,13,95,36.9
30094185,4,knee pain,6,87,87,87,18,96,36.2
30094186,4,back pain,1,112,119,94,17,96,36.0
30094187,2,headache,8,102,104,70,20,99,36.4
30094188,3,anxiety,3,87,110,88,20,95,36.6
30094189,3,back pain,7,77,153,48,24,100,36.1
30094190,4,anxiety,5,88,126,69,12,97,36.5
30094191,3,fall,6,59,136,73,19,97,37.5
30094192,3,abdominal pain,1,78,129,86,14,99,37.4
30094193,4,knee pain,5,65,134,59,13,97,37.6
30094194,3,fever,7,94,77,75,19,96,36.8
30094195,4,chest pain,0,86,140,64,17,98,37.5
30094196,4,anxiety,4,91,121,75,24,91,35.9
30094197,3,fever,6,89,129,62,26,95,35.4
30094198,3,fall,4,104,136,90,19,92,36.6
30094199,4,shortness of breath,5,107,101,55,23,99,38.1
30094200,4,fever,6,94,134,77,17,99,37.4
30094201,3,fever,6,107,103,84,18,94,36.4
30094202,1,back pain,10,95,104,73,22,94,37.4
30094203,3,laceration,7,78,107,68,15,96,36.3
30094204,2,shortness of breath,7,106,97,84,21,100,37.4
30094205,2,shortness of breath,8,58,154,79,20,96,37.2
30094206,2,anxiety,7,99,110,89,18,100,36.4
30094207,3,back pain,6,95,137,93,20,96,38.0
30094208,3,chest pain,0,89,136,94,11,95,38.7
30094209,3,back pain,3,89,119,57,20,98,35.6
30094210,3,headache,6,63,127,95,21,100,36.6
30094211,2,back pain,8,86,135,58,21,95,35.9
30094212,4,laceration,3,78,145,74,15,97,36.7
30094213,3,anxiety,1,74,88,77,22,100,36.9
30094214,3,abdominal pain,6,74,143,99,25,95,37.5
30094215,3,fall,4,104,159,69,15,97,36.8
30094216,3,abdominal pain,3,83,132,74,21,100,36.6
30094217,4,fall,0,83,142,91,17,96,36.4
30094218,1,headache,6,100,144,68,20,100,36.6
30094219,3,fever,3,77,160,60,16,93,36.1
30094220,2,laceration,9,98,143,63,18,98,36.0
30094221,2,fever,6,95,135,82,9,93,37.2
30094222,3,anxiety,5,72,131,82,15,100,38.6
30094223,3,back pain,4,75,115,97,21,93,37.6
30094224,4,abdominal pain,7,71,118,104,24,94,35.0
30094225,3,headache,6,110,144,79,17,100,35.8
30094226,2,back pain,8,109,68,94,22,93,36.9
30094227,4,shortness of breath,4,94,152,61,15,98,37.5
30094228,3,fall,5,86,110,109,14,98,38.0
30094229,3,shortness of breath,0,61,98,48,17,100,38.4
30094230,3,abdominal pain,2,63,120,84,10,95,36.6
30094231,4,fall,4,69,134,68,16,97,37.0
30094232,3,chest pain,0,61,109,84,20,93,36.0
30094233,3,headache,5,89,114,91,13,98,36.6
30094234,3,shortness of breath,5,83,140,94,18,97,36.0
30094235,4,headache,1,83,147,65,13,99,36.0
30094236,3,anxiety,5,103,82,87,14,98,36.8
30094237,2,abdominal pain,9,89,109,97,14,100,36.3
30094238,3,fall,2,81,122,73,19,94,38.7
30094239,3,shortness of breath,5,74,122,83,16,98,37.9
30094240,3,fall,5,94,120,50,18,96,38.9
30094241,3,knee pain,3,77,117,91,13,99,35.6
30094242,1,chest pain,10,105,196,41,20,94,36.1
30094243,2,knee pain,6,91,142,71,24,94,37.0
30094244,4,headache,7,102,144,81,17,93,37.7
30094245,3,fever,4,103,129,45,16,95,35.1
30094246,3,fall,2,105,112,104,15,100,37.6
30094247,5,knee pain,5,61,135,59,18,97,38.2
30094248,3,anxiety,2,90,126,70,10,96,38.1
30094249,3,fever,7,98,157,80,14,98,35.6
30094250,2,laceration,9,53,129,60,17,92,38.8
30094251,3,knee pain,3,100,109,45,17,97,37.3
30094252,3,anxiety,7,106,120,87,10,98,36.6
30094253,3,anxiety,7,79,120,78,17,91,37.6
30094254,2,anxiety,6,98,140,99,25,94,37.1
30094255,3,headache,0,89,146,80,16,97,36.6
30094256,3,fall,6,63,102,101,13,100,37.7
30094257,2,back pain,6,80,106,69,15,93,36.6
30094258,3,anxiety,0,61,157,60,24,99,37.5
30094259,2,fall,8,71,133,92,19,97,36.6
30094260,2,headache,8,97,137,94,17,97,37.9
30094261,3,back pain,0,84,128,83,17,94,38.0
30094262,2,fever,8,70,108,85,18,98,38.1
30094263,4,fall,4,89,150,74,12,99,37.4
30094264,3,fall,5,70,125,95,17,97,36.3
30094265,2,back pain,8,97,134,95,19,96,36.2
30094266,5,chest pain,0,106,160,83,18,100,37.0
30094267,4,abdominal pain,2,84,111,76,14,99,37.5
30094268,2,fever,10,76,99,81,17,97,37.1
30094269,3,headache,0,88,146,98,15,96,37.7
30094270,5,fever,0,84,142,86,19,100,37.2
30094271,2,anxiety,7,53,78,90,16,97,36.7
30094272,3,abdominal pain,3,63,119,83,19,100,36.6
30094273,1,laceration,9,105,109,95,26,96,35.7
30094274,2,knee pain,9,68,127,73,17,100,37.4
30094275,3,laceration,2,73,96,46,15,92,36.1
30094276,4,fall,6,82,128,92,19,96,37.6
30094277,3,knee pain,7,100,141,102,13,96,37.0
30094278,4,knee pain,2,78,112,67,15,95,36.2
30094279,3,knee pain,3,89,110,90,21,98,37.1
30094280,5,knee pain,7,73,145,69,22,94,35.7
30094281,3,knee pain,5,102,100,90,15,100,37.0
30094282,1,fever,6,94,138,80,18,97,38.3
30094283,2,shortness of breath,7,88,147,95,22,97,36.2
30094284,4,fever,5,81,161,66,17,97,37.2
30094285,3,anxiety,3,88,138,92,10,98,36.5
30094286,3,back pain,2,93,107,57,21,97,36.9
30094287,2,laceration,7,78,128,56,14,98,37.6
30094288,2,fall,6,46,141,71,18,86,36.2
30094289,3,chest pain,6,72,130,97,19,100,37.5
30094290,3,anxiety,2,88,128,78,18,95,37.0
30094291,4,shortness of breath,5,61,92,99,10,98,37.4
30094292,4,knee pain,5,65,125,49,17,98,38.5
30094293,3,knee pain,4,103,152,62,22,95,37.0
30094294,3,fever,1,74,116,79,16,99,37.4
30094295,4,fever,3,90,143,93,16,95,36.1
30094296,2,fall,8,71,129,93,18,97,36.1
30094297,3,back pain,7,81,137,73,18,92,36.1
30094298,5,back pain,3,81,147,82,21,95,36.5
30094299,4,anxiety,2,87,142,75,16,97,36.8
30094300,5,fever,2,59,118,97,21,99,36.1
30094301,3,back pain,5,88,134,91,17,97,38.2
30094302,3,shortness of breath,1,93,128,55,16,100,36.4
30094303,3,anxiety,1,104,117,71,18,100,37.6
30094304,3,back pain,0,93,141,70,16,96,38.1
30094305,3,anxiety,2,98,140,84,16,96,35.8
30094306,3,abdominal pain,2,84,91,35,26,100,35.7
30094307,1,fever,8,68,114,94,17,97,38.0
30094308,4,shortness of breath,6,76,117,60,21,98,37.1
30094309,3,abdominal pain,6,132,106,82,14,100,35.4
30094310,4,back pain,5,74,152,83,23,91,36.6
30094311,3,fever,2,67,107,67,24,99,38.4
30094312,4,laceration,1,93,66,53,19,99,37.1
30094313,4,anxiety,7,67,117,69,18,96,37.8
30094314,2,fever,8,92,160,65,23,97,36.3
30094315,3,fall,0,86,137,81,21,96,38.3
30094316,3,shortness of breath,0,85,126,85,21,96,37.1
30094317,3,fall,7,66,120,93,20,100,37.5
30094318,4,abdominal pain,5,66,118,75,9,96,36.6
30094319,3,chest pain,3,98,140,70,18,94,37.2
30094320,3,anxiety,3,80,96,91,6,98,35.9
30094321,3,laceration,3,106,137,88,21,95,36.2
30094322,2,headache,9,99,133,60,24,94,37.6
30094323,3,back pain,0,88,130,59,18,99,35.3
30094324,3,knee pain,2,75,138,60,16,99,36.3
30094325,3,abdominal pain,1,89,135,83,17,97,38.2
30094326,2,fever,8,88,169,90,29,100,37.1
30094327,4,shortness of breath,3,87,122,92,15,92,36.1
30094328,2,back pain,6,63,143,84,18,100,36.3
30094329,3,back pain,3,87,133,114,19,90,36.7
30094330,3,anxiety,1,46,126,62,15,95,36.5
30094331,3,laceration,3,78,129,60,16,98,36.2
30094332,3,knee pain,6,101,146,69,19,100,36.8
30094333,3,headache,3,89,134,93,18,98,35.2
30094334,4,knee pain,0,78,125,60,14,95,36.7
30094335,2,shortness of breath,7,91,109,69,22,99,36.3
30094336,2,anxiety,10,86,141,74,21,98,37.3
30094337,3,laceration,0,99,88,62,11,99,36.0
30094338,4,shortness of breath,0,55,133,97,15,100,37.7
30094339,3,back pain,6,86,139,82,17,99,37.4
30094340,3,knee pain,1,89,147,100,17,94,36.9
30094341,3,laceration,4,107,134,91,14,98,37.2
30094342,3,back pain,1,75,98,99,15,99,37.5
30094343,3,fall,4,65,129,97,16,95,38.2
30094344,4,laceration,7,75,110,78,17,100,37.7
30094345,1,laceration,8,67,111,66,20,94,36.7
30094346,2,chest pain,7,90,148,95,18,100,37.7
30094347,3,laceration,0,71,124,83,21,100,37.5
30094348,3,anxiety,7,72,105,86,24,100,35.5
30094349,3,back pain,0,93,156,59,17,96,37.1
30094350,3,headache,5,85,164,69,24,96,37.4
30094351,3,back pain,6,90,106,78,18,98,38.4
30094352,4,fever,2,89,130,65,16,100,38.9
30094353,3,chest pain,6,88,74,52,17,97,36.7
30094354,3,abdominal pain,2,58,122,102,19,95,37.1
30094355,4,anxiety,0,101,131,60,12,100,36.9
30094356,3,anxiety,1,64,98,90,17,92,37.8
30094357,2,headache,7,54,128,71,18,100,36.8
30094358,2,abdominal pain,7,96,135,67,14,100,35.4
30094359,3,fever,0,85,100,59,18,94,37.3
30094360,3,anxiety,5,88,115,82,22,95,36.9
30094361,5,abdominal pain,1,58,110,80,18,91,36.2
30094362,3,chest pain,1,81,115,85,15,98,36.7
30094363,5,shortness of breath,7,64,162,86,11,96,38.2
30094364,4,abdominal pain,2,111,84,67,13,86,37.7
30094365,3,anxiety,7,94,87,54,21,97,36.6
30094366,3,laceration,1,72,114,76,13,100,35.9
30094367,3,chest pain,5,91,153,56,23,99,37.6
30094368,4,anxiety,2,68,97,94,20,100,36.6
30094369,3,shortness of breath,6,57,102,101,18,96,37.4
30094370,3,headache,4,78,129,71,15,97,37.0
30094371,4,fever,3,68,129,74,28,96,37.5
30094372,4,shortness of breath,2,101,146,84,14,100,37.9
30094373,3,abdominal pain,1,58,120,89,15,90,36.0
30094374,4,anxiety,1,53,128,76,16,100,36.6
30094375,3,knee pain,3,94,106,53,23,93,37.5
30094376,2,knee pain,8,80,95,87,21,100,37.9
30094377,2,headache,7,92,129,69,23,100,37.3
30094378,3,fever,5,62,106,49,18,93,36.0
30094379,3,knee pain,6,86,132,83,14,95,36.4
30094380,3,shortness of breath,1,119,127,76,13,97,36.1
30094381,4,headache,7,104,72,82,14,96,35.9
30094382,3,fall,2,80,121,65,5,100,37.1
30094383,3,shortness of breath,3,60,84,61,15,99,36.8
30094384,3,headache,4,93,129,121,16,95,36.2
30094385,2,laceration,10,101,151,69,20,96,37.2
30094386,3,headache,4,74,161,105,25,93,36.2
30094387,3,shortness of breath,3,84,119,79,18,99,37.6
30094388,4,shortness of breath,5,89,118,63,14,93,37.5
30094389,3,fever,5,86,118,51,11,93,36.7
30094390,3,shortness of breath,5,103,165,61,11,92,36.6
30094391,3,fall,2,101,124,85,21,98,37.7
30094392,3,knee pain,1,127,109,93,12,96,36.4
30094393,3,back pain,5,83,102,53,12,91,37.1
30094394,2,back pain,6,115,152,84,20,97,37.3
30094395,3,back pain,2,97,127,68,23,90,37.3
30094396,2,back pain,6,65,124,67,17,98,37.6
30094397,3,abdominal pain,5,94,130,77,17,100,37.8
30094398,3,back pain,4,83,105,69,14,98,37.9
30094399,3,fall,1,100,142,47,18,97,37.8
30094400,3,chest pain,1,83,140,66,18,98,37.5
30094401,3,fever,3,99,140,78,16,94,36.6
30094402,4,anxiety,2,81,119,98,18,96,37.4
30094403,1,fever,6,92,121,99,23,91,35.7
30094404,4,anxiety,3,80,100,81,14,96,36.3
30094405,3,knee pain,2,96,110,79,14,97,36.4
30094406,3,chest pain,0,64,142,79,18,96,36.4
30094407,4,back pain,0,63,148,116,25,98,36.9
30094408,4,knee pain,2,98,168,75,23,94,37.0
30094409,2,headache,9,88,116,64,19,100,38.3
30094410,3,fall,0,101,113,108,21,99,37.6
30094411,4,headache,3,66,105,61,18,100,38.3
30094412,5,knee pain,1,66,122,107,24,99,36.1
30094413,3,fall,3,80,118,97,18,98,37.0
30094414,3,headache,7,69,161,95,14,93,37.4
30094415,3,headache,3,78,159,80,13,96,37.7
30094416,1,chest pain,10,87,134,61,16,97,37.7
30094417,5,shortness of breath,7,112,177,62,18,96,36.2
30094418,3,abdominal pain,4,101,112,85,15,90,36.8
30094419,2,abdominal pain,6,79,143,87,22,98,37.5
30094420,1,headache,9,88,104,83,17,94,36.1
30094421,3,headache,3,68,141,84,24,93,37.8
30094422,3,abdominal pain,5,75,144,57,21,92,36.1
30094423,3,shortness of breath,4,106,157,85,18,96,38.5
30094424,1,back pain,9,65,126,96,18,100,35.8
30094425,3,anxiety,6,93,161,75,24,94,37.6
30094426,5,fall,7,104,134,98,16,95,37.4
30094427,2,back pain,6,97,149,75,13,100,37.8
30094428,3,headache,6,68,137,82,19,97,37.2
30094429,5,fall,1,97,129,81,15,96,37.3
30094430,1,fever,6,87,130,89,15,90,36.5
30094431,4,abdominal pain,0,124,137,67,23,94,35.4
30094432,2,abdominal pain,10,111,139,93,20,100,36.9
30094433,3,abdominal pain,3,55,149,81,19,100,37.1
30094434,4,fall,1,51,84,85,20,100,37.2
30094435,3,chest pain,6,69,126,98,17,100,35.3
30094436,4,fever,1,97,124,99,24,96,36.5
30094437,4,chest pain,2,93,89,71,14,100,36.2
30094438,2,headache,7,105,147,78,16,97,37.9
30094439,3,knee pain,4,76,146,90,17,97,35.2
30094440,3,abdominal pain,7,59,117,84,22,96,36.2
30094441,4,back pain,7,112,105,65,17,95,37.4
30094442,3,knee pain,5,84,129,64,15,99,35.9
30094443,3,abdominal pain,7,70,93,74,20,100,36.9
30094444,2,chest pain,10,61,161,72,17,97,37.3
30094445,3,headache,0,96,158,84,18,99,37.5
30094446,3,fall,5,73,118,102,15,93,35.3
30094447,3,fall,2,91,135,101,20,98,37.5
30094448,3,fall,4,98,132,80,20,99,37.1
30094449,2,fall,6,94,146,75,14,100,35.5
30094450,3,fever,6,90,104,65,12,88,37.4
30094451,4,fall,2,82,163,69,14,95,37.1
30094452,2,anxiety,7,81,101,84,14,99,36.0
30094453,5,anxiety,0,83,113,94,14,93,36.0
30094454,3,anxiety,7,97,134,85,19,100,36.9
30094455,3,abdominal pain,7,91,117,61,22,90,38.2
30094456,5,laceration,5,63,95,90,19,95,37.5
30094457,5,fever,0,84,131,90,15,97,37.3
30094458,4,headache,5,92,153,63,14,98,37.2
30094459,3,fall,2,56,112,95,21,96,38.3
30094460,2,back pain,6,54,137,79,13,100,38.3
30094461,4,abdominal pain,1,86,130,90,14,88,36.3
30094462,3,shortness of breath,5,77,106,86,17,97,36.3
30094463,2,anxiety,9,99,125,81,15,100,35.3
30094464,2,abdominal pain,7,118,106,88,27,95,36.0
30094465,2,back pain,7,77,117,85,21,100,36.7
30094466,3,back pain,4,69,106,90,20,98,37.4
30094467,3,laceration,7,59,107,93,20,92,37.5
30094468,5,chest pain,1,89,139,117,21,97,35.4
30094469,3,chest pain,4,86,142,87,18,96,37.1
30094470,3,knee pain,2,90,119,80,18,100,37.5
30094471,3,chest pain,0,104,109,74,12,93,37.0
30094472,3,laceration,2,87,173,82,22,100,37.7
30094473,3,abdominal pain,1,104,110,67,19,100,37.1
30094474,3,laceration,1,102,123,97,18,93,36.3
30094475,2,knee pain,9,88,104,81,23,96,36.9
30094476,3,fall,1,102,128,78,19,99,35.9
30094477,3,laceration,4,54,133,110,19,100,38.1
30094478,3,fever,7,96,136,84,21,96,38.5
30094479,4,laceration,6,98,128,94,11,94,36.6
30094480,4,abdominal pain,4,108,79,91,13,99,36.5
30094481,2,shortness of breath,9,102,140,89,18,98,36.1
30094482,2,fever,10,115,114,105,16,93,37.2
30094483,3,chest pain,6,84,90,93,12,98,37.4
30094484,3,laceration,6,73,119,93,17,94,36.1
30094485,2,laceration,10,102,153,59,17,93,37.5
30094486,5,fall,3,101,87,61,17,93,38.4
30094487,3,anxiety,3,92,139,91,28,98,36.8
30094488,4,knee pain,7,56,139,77,23,97,37.3
30094489,3,fall,5,62,99,67,23,100,38.2
30094490,2,knee pain,9,58,111,57,16,95,37.5
30094491,3,knee pain,6,78,170,76,20,96,37.6
30094492,3,knee pain,7,89,133,86,15,99,37.9
30094493,3,anxiety,6,94,117,63,10,94,38.4
30094494,3,shortness of breath,3,85,119,95,23,97,37.9
30094495,2,knee pain,7,71,99,74,18,100,36.8
30094496,1,abdominal pain,8,102,125,90,21,100,38.7
30094497,2,abdominal pain,10,79,127,82,17,93,37.7
30094498,3,fever,7,90,137,113,16,100,36.6
30094499,3,back pain,3,71,88,93,24,96,37.6
30094500,4,abdominal pain,6,83,93,78,16,93,37.1
30094501,3,fall,1,90,140,83,20,96,36.9
30094502,2,abdominal pain,6,77,99,81,26,100,36.5
30094503,3,abdominal pain,5,108,169,55,20,94,36.6
30094504,2,fall,9,77,113,96,19,96,36.6
30094505,3,abdominal pain,3,84,87,78,16,100,36.8
30094506,2,abdominal pain,8,86,111,29,20,97,37.4
30094507,3,back pain,0,101,123,109,19,95,36.7
30094508,2,knee pain,10,80,100,100,19,91,37.0
30094509,4,laceration,7,119,134,82,30,100,37.4
30094510,3,chest pain,0,108,109,78,16,94,37.7
30094511,3,shortness of breath,2,89,124,62,16,95,37.9
30094512,4,laceration,7,74,126,92,23,96,37.6
30094513,1,abdominal pain,6,78,141,83,19,96,38.1
30094514,3,back pain,7,72,129,100,21,100,37.8
30094515,2,anxiety,7,108,117,79,18,94,35.9
30094516,4,chest pain,5,78,113,69,17,90,37.3
30094517,3,fall,0,76,165,99,18,97,37.8
30094518,3,anxiety,3,80,82,71,16,96,37.3
30094519,4,chest pain,2,73,123,96,15,98,34.7
30094520,3,laceration,3,78,137,85,21,98,37.3
30094521,1,anxiety,10,93,115,90,16,96,35.7
30094522,3,knee pain,3,86,119,77,20,94,37.7
30094523,3,chest pain,1,69,129,82,21,97,37.5
30094524,3,fall,3,100,150,38,14,96,35.8
30094525,4,anxiety,1,104,123,92,18,100,36.1
30094526,3,anxiety,4,90,151,90,22,95,36.7
30094527,3,headache,0,79,131,83,24,99,35.6
30094528,3,back pain,5,89,100,71,17,93,37.4
30094529,3,anxiety,2,72,95,54,16,93,36.2
30094530,2,fever,10,90,114,69,13,96,38.2
30094531,3,back pain,4,69,127,101,17,100,37.0
30094532,4,abdominal pain,3,98,149,82,18,97,37.0
30094533,4,fever,4,88,130,102,21,94,37.2
30094534,3,fall,2,99,147,54,10,95,36.1
30094535,4,back pain,3,84,113,76,18,100,36.7
30094536,3,chest pain,1,84,114,74,17,100,37.1
30094537,3,back pain,1,93,101,76,21,96,36.1
30094538,4,chest pain,0,75,110,86,12,98,36.1
30094539,3,shortness of breath,5,106,101,42,21,100,37.4
30094540,3,chest pain,2,59,105,79,17,100,37.7
30094541,2,fall,9,63,165,72,17,99,38.1
30094542,2,laceration,6,70,127,64,21,94,38.7
30094543,3,headache,1,93,138,73,20,96,37.7
30094544,4,anxiety,6,92,113,69,20,96,37.3
30094545,3,shortness of breath,6,88,124,73,21,95,37.5
30094546,2,abdominal pain,6,87,123,70,19,100,37.2
30094547,3,shortness of breath,4,60,142,98,16,99,35.5
30094548,4,knee pain,6,86,107,86,11,95,37.2
30094549,5,fever,7,86,126,59,19,100,37.8
30094550,2,fever,6,61,147,73,12,93,36.6
30094551,3,headache,4,112,132,48,18,100,38.7
30094552,4,anxiety,7,96,112,101,16,89,35.9
30094553,2,shortness of breath,6,84,103,91,20,96,35.3
30094554,2,fall,7,75,125,70,15,97,36.1
30094555,3,chest pain,2,96,138,81,22,95,38.0
30094556,3,chest pain,1,112,117,101,20,94,37.3
30094557,2,knee pain,8,80,128,106,19,98,37.2
30094558,2,fever,8,92,143,71,21,95,36.2
30094559,4,anxiety,1,104,125,79,18,98,37.6
30094560,3,anxiety,4,69,123,86,15,94,37.6
30094561,4,anxiety,3,75,127,72,19,92,36.3
30094562,2,chest pain,9,92,117,95,18,94,35.8
30094563,1,chest pain,7,93,123,131,20,95,37.2
30094564,1,laceration,9,87,109,85,21,98,37.9
30094565,3,laceration,3,77,145,44,17,98,37.0
30094566,5,shortness of breath,6,96,116,76,16,94,36.2
30094567,3,chest pain,5,79,149,100,16,92,36.4
30094568,4,knee pain,3,74,113,80,17,99,36.7
30094569,3,fever,6,66,133,84,20,95,38.2
30094570,3,fever,1,78,118,83,23,100,37.9
30094571,2,abdominal pain,6,93,95,103,11,98,35.3
30094572,2,shortness of breath,6,107,136,85,12,95,37.1
30094573,3,back pain,5,82,109,107,17,96,36.1
30094574,4,laceration,7,51,117,88,24,93,38.0
30094575,4,fall,2,87,119,81,24,100,36.6
30094576,5,shortness of breath,4,88,145,80,17,94,36.3
30094577,3,fever,6,80,139,110,18,100,37.8
30094578,1,fall,10,83,126,69,17,100,37.2
30094579,3,chest pain,3,79,111,74,15,94,38.1
30094580,3,fall,3,82,132,95,20,92,37.8
30094581,4,abdominal pain,2,92,117,102,9,98,36.0
30094582,2,abdominal pain,6,88,103,68,14,100,37.2
30094583,3,anxiety,6,73,138,92,19,94,38.1
30094584,3,chest pain,2,99,112,71,19,95,35.9
30094585,4,back pain,3,67,123,89,25,96,36.7
30094586,3,back pain,7,72,106,69,16,93,37.6
30094587,3,shortness of breath,3,87,141,61,12,97,38.3
30094588,1,headache,9,84,137,71,16,98,38.1
30094589,2,back pain,9,88,99,58,9,91,37.0
30094590,3,fall,1,89,118,56,16,96,35.9
30094591,4,back pain,0,68,111,79,15,95,36.6
30094592,3,laceration,5,103,147,78,15,97,37.6
30094593,3,fall,7,82,114,82,25,100,36.1
30094594,2,abdominal pain,9,89,143,105,15,99,36.6
30094595,3,anxiety,6,70,117,80,17,93,36.6
30094596,3,fall,1,89,142,78,17,91,37.0
30094597,4,headache,0,40,112,71,21,96,36.4
30094598,3,fall,2,110,134,57,16,99,37.0
30094599,3,knee pain,5,95,112,105,22,100,37.3
30094600,1,back pain,10,72,128,96,20,100,35.8
30094601,3,fever,1,95,121,91,25,100,36.3
30094602,3,abdominal pain,0,96,129,82,22,100,37.4
30094603,3,shortness of breath,4,77,142,64,21,98,36.2
30094604,3,chest pain,7,67,122,85,20,97,37.2
30094605,2,fever,8,86,119,62,15,89,35.8
30094606,3,knee pain,7,136,123,75,19,100,35.8
30094607,3,fall,7,93,116,65,24,95,36.7
30094608,5,fever,7,74,136,87,19,94,37.6
30094609,3,headache,4,61,128,106,23,100,36.0
30094610,3,shortness of breath,1,69,158,105,14,99,38.5
30094611,3,laceration,4,118,104,95,15,98,37.7
30094612,2,fall,7,84,99,86,13,93,36.5
30094613,3,abdominal pain,2,83,137,95,9,93,36.0
30094614,3,laceration,6,66,127,71,21,100,36.4
30094615,4,fall,3,78,111,60,18,98,38.0
30094616,4,laceration,2,77,169,70,18,95,36.2
30094617,4,abdominal pain,1,111,119,52,15,94,37.2
30094618,2,abdominal pain,8,79,98,75,17,96,37.4
30094619,4,shortness of breath,5,77,115,73,16,89,37.4
30094620,4,shortness of breath,4,76,151,65,22,99,36.7
30094621,2,laceration,8,74,141,73,18,93,36.1
30094622,3,anxiety,2,86,152,80,19,97,37.8
30094623,3,chest pain,2,82,137,45,9,96,37.1
30094624,3,back pain,6,76,116,64,17,100,36.8
30094625,2,fall,10,59,154,124,17,97,37.3
30094626,2,abdominal pain,7,59,157,76,12,96,36.3
30094627,3,chest pain,2,97,141,96,13,96,35.5
30094628,4,back pain,1,91,174,94,20,91,36.7
30094629,3,shortness of breath,1,97,103,61,23,100,37.8
30094630,3,headache,7,88,130,90,21,95,37.0
30094631,2,laceration,8,72,121,78,18,97,36.5
30094632,3,headache,6,104,111,76,18,92,36.7
30094633,3,back pain,5,68,95,96,17,96,37.3
30094634,5,laceration,0,97,131,90,12,100,37.8
30094635,3,fever,6,67,117,61,15,99,36.6
30094636,4,shortness of breath,5,75,94,76,14,97,36.7
30094637,4,fever,6,91,112,82,9,96,37.3
30094638,3,fever,2,86,119,93,19,100,36.9
30094639,5,shortness of breath,4,90,124,75,17,100,36.9
30094640,4,anxiety,7,102,112,89,14,100,35.6
30094641,1,chest pain,8,65,111,88,17,94,36.3
30094642,3,fever,2,95,131,85,15,96,37.6
30094643,3,laceration,7,69,146,49,18,98,37.3
30094644,4,abdominal pain,0,78,133,99,19,97,36.8
30094645,2,anxiety,6,87,133,70,23,95,36.7
30094646,3,knee pain,5,94,127,80,25,95,36.7
30094647,5,chest pain,5,82,145,53,18,96,36.5
30094648,4,fever,4,118,137,91,12,100,35.5
30094649,4,fall,6,77,104,84,24,94,35.1
30094650,2,abdominal pain,6,106,130,58,22,94,37.0
30094651,2,knee pain,7,87,131,80,19,97,37.6
30094652,2,back pain,9,106,103,103,18,100,38.0
30094653,3,shortness of breath,4,99,152,93,8,100,37.3
30094654,1,anxiety,9,87,112,63,22,97,35.6
30094655,3,back pain,2,93,113,58,20,99,37.8
30094656,3,abdominal pain,0,50,142,73,10,94,37.6
30094657,3,fall,5,100,130,72,16,96,36.8
30094658,3,chest pain,4,92,108,64,20,91,35.1
30094659,2,fall,9,114,126,111,17,99,38.7
30094660,2,chest pain,7,57,158,74,20,95,37.8
30094661,3,laceration,7,73,105,107,18,97,36.7
30094662,3,chest pain,1,76,129,86,18,94,38.0
30094663,5,laceration,7,86,154,74,25,98,37.3
30094664,3,abdominal pain,6,86,106,94,16,96,38.6
30094665,3,fever,3,98,97,81,25,96,36.9
30094666,3,anxiety,1,105,116,107,18,94,36.4
30094667,3,chest pain,2,88,163,78,11,100,36.5
30094668,3,chest pain,2,124,129,76,22,93,36.9
30094669,4,chest pain,7,86,136,95,14,93,37.2
30094670,3,knee pain,6,77,135,80,24,94,35.5
30094671,4,shortness of breath,7,85,102,82,24,98,37.8
30094672,2,shortness of breath,8,125,156,75,22,94,36.2
30094673,2,shortness of breath,8,102,102,77,20,91,36.1
30094674,2,fever,8,94,113,101,22,92,36.3
30094675,4,laceration,5,41,146,70,14,96,38.4
30094676,1,fever,6,48,108,44,15,98,36.3
30094677,2,laceration,7,90,128,67,21,100,36.5
30094678,5,laceration,0,105,126,92,21,99,36.7
30094679,3,fever,6,67,99,104,24,95,36.5
30094680,2,abdominal pain,10,98,127,64,23,97,36.4
30094681,5,abdominal pain,3,92,128,71,18,99,36.3
30094682,1,abdominal pain,7,88,153,85,13,96,35.9
30094683,3,back pain,3,98,134,84,14,96,36.5
30094684,3,knee pain,1,80,120,67,11,97,36.4
30094685,4,shortness of breath,6,75,149,72,18,100,38.3
30094686,3,abdominal pain,6,75,119,74,21,92,37.6
30094687,3,headache,0,92,137,78,16,100,36.6
30094688,2,knee pain,9,86,122,72,14,100,36.0
30094689,2,headache,9,94,112,97,21,93,37.3
30094690,3,anxiety,0,83,149,100,18,97,37.6
30094691,2,shortness of breath,10,87,117,70,20,98,37.1
30094692,3,chest pain,0,69,124,68,19,100,37.5
30094693,3,abdominal pain,0,74,138,69,16,100,35.4
30094694,3,knee pain,7,70,117,72,11,95,37.3
30094695,2,chest pain,7,94,139,67,15,95,37.4
30094696,5,fall,1,79,90,83,20,95,36.1
30094697,3,fall,0,102,154,69,18,100,37.1
30094698,2,headache,6,76,114,94,16,98,37.2
30094699,2,fall,8,107,108,67,20,97,36.1
30094700,2,abdominal pain,10,100,132,67,15,99,36.3
30094701,3,headache,3,73,123,61,16,97,37.1
30094702,5,shortness of breath,4,104,112,102,8,91,36.8
30094703,4,shortness of breath,6,87,79,72,22,97,36.1
30094704,3,laceration,0,80,79,91,25,96,36.2
30094705,3,fever,3,88,128,51,15,96,38.4
30094706,3,headache,2,103,145,97,19,94,37.1
30094707,3,back pain,4,96,159,111,22,100,36.8
30094708,4,back pain,4,83,145,68,21,99,37.4
30094709,2,shortness of breath,9,70,136,81,19,94,38.0
30094710,4,fall,4,80,124,67,22,98,36.7
30094711,3,back pain,3,73,152,57,11,96,36.4
30094712,3,shortness of breath,2,82,101,111,13,100,36.2
30094713,3,anxiety,2,92,106,71,20,98,37.7
30094714,2,shortness of breath,9,93,149,119,9,97,37.3
30094715,3,fever,7,66,160,68,16,92,35.2
30094716,4,fall,2,93,99,90,17,97,35.9
30094717,2,back pain,10,78,100,65,19,93,37.6
30094718,3,anxiety,5,67,119,77,15,100,38.5
30094719,3,shortness of breath,2,72,75,71,15,97,36.1
30094720,3,fever,1,82,132,101,19,95,37.5
30094721,3,shortness of breath,3,92,123,79,13,97,37.6
30094722,2,back pain,7,106,122,78,21,100,35.4
30094723,3,fall,2,79,128,50,18,100,36.2
30094724,2,anxiety,9,64,133,66,24,96,37.0
30094725,3,abdominal pain,1,55,156,63,17,97,36.1
30094726,3,back pain,0,99,145,85,17,98,37.6
30094727,4,abdominal pain,7,59,127,78,16,93,36.3
30094728,3,knee pain,0,98,119,70,23,96,37.6
30094729,5,fall,7,56,111,71,18,95,37.1
30094730,4,knee pain,0,82,164,96,20,99,36.7
30094731,5,back pain,1,90,154,60,15,96,36.0
30094732,3,laceration,6,77,169,69,23,95,38.0
30094733,3,back pain,2,70,138,85,18,98,36.5
30094734,3,headache,2,104,128,79,19,98,36.3
30094735,2,anxiety,10,68,139,84,19,98,37.9
30094736,3,laceration,5,64,126,79,17,100,37.1
30094737,3,headache,6,65,120,105,13,96,37.2
30094738,2,fever,6,57,128,58,23,92,37.0
30094739,4,shortness of breath,7,106,160,84,19,91,38.9
30094740,3,shortness of breath,5,76,133,77,23,97,37.7
30094741,3,fall,4,91,81,58,23,96,38.5
30094742,3,back pain,4,59,130,42,15,93,37.5
30094743,3,anxiety,5,99,129,83,14,98,38.1
30094744,4,fall,5,66,152,90,19,100,35.6
30094745,3,abdominal pain,3,66,127,98,9,93,37.1
30094746,5,headache,2,84,107,94,19,98,36.9
30094747,2,fever,10,73,151,104,16,96,36.7
30094748,2,back pain,10,127,126,65,19,99,36.8
30094749,3,chest pain,0,65,130,93,9,99,36.5
30094750,2,chest pain,7,122,115,92,12,100,37.8
30094751,3,back pain,0,101,144,119,17,100,36.4
30094752,5,laceration,7,65,121,107,18,95,35.5
30094753,3,abdominal pain,5,78,128,84,16,100,37.3
30094754,4,knee pain,7,89,150,101,13,98,35.9
30094755,3,fall,5,84,161,60,20,100,35.0
30094756,3,headache,4,91,118,71,19,99,36.6
30094757,3,abdominal pain,0,105,116,44,15,100,37.5
30094758,1,abdominal pain,8,88,116,86,20,95,37.8
30094759,4,shortness of breath,6,80,168,75,22,100,37.9
30094760,3,headache,1,72,111,71,11,90,37.6
30094761,3,fever,0,93,141,78,18,98,37.1
30094762,4,laceration,4,78,145,70,12,100,37.0
30094763,2,back pain,8,78,168,104,16,99,36.9
30094764,3,shortness of breath,2,74,123,77,14,97,37.8
30094765,2,chest pain,9,92,117,80,18,96,37.0
30094766,4,abdominal pain,4,75,127,81,23,90,36.9
30094767,5,abdominal pain,6,85,134,80,16,100,35.0
30094768,3,fall,2,91,135,76,20,99,38.1
30094769,3,shortness of breath,4,105,100,106,15,96,37.9
30094770,3,chest pain,3,61,128,82,15,98,37.2
30094771,3,shortness of breath,4,80,101,90,16,97,36.1
30094772,4,anxiety,4,83,120,45,17,98,35.6
30094773,3,shortness of breath,7,99,130,73,7,97,37.5
30094774,3,chest pain,0,81,147,50,22,92,36.1
30094775,3,shortness of breath,3,72,143,70,19,92,36.4
30094776,4,chest pain,3,75,137,65,19,98,36.1
30094777,4,fever,6,79,145,66,26,96,37.8
30094778,4,shortness of breath,6,106,101,90,23,92,36.4
30094779,5,anxiety,4,108,34,74,25,97,36.6
30094780,3,back pain,6,83,167,88,18,99,36.0
30094781,3,fall,7,105,152,58,22,100,37.7
30094782,2,abdominal pain,8,87,124,75,16,100,37.1
30094783,1,chest pain,7,80,109,81,9,100,37.5
30094784,3,shortness of breath,0,85,139,72,25,94,37.2
30094785,2,anxiety,10,82,150,54,17,100,38.1
30094786,4,anxiety,4,86,94,94,17,92,36.3
30094787,4,laceration,6,94,124,83,17,95,37.2
30094788,3,chest pain,1,79,119,61,15,94,37.4
30094789,3,abdominal pain,7,72,93,71,15,100,38.2
30094790,4,fall,7,91,138,84,16,98,38.0
30094791,2,shortness of breath,9,75,105,101,18,93,37.2
30094792,3,fall,0,83,107,81,24,95,35.8
30094793,3,chest pain,4,76,126,88,22,99,38.1
30094794,4,knee pain,7,60,119,112,13,95,35.8
30094795,4,headache,7,86,91,87,13,99,36.8
30094796,4,back pain,1,85,109,102,25,100,37.4
30094797,3,fall,1,84,144,78,15,94,37.8
30094798,3,knee pain,3,87,137,92,19,96,37.9
30094799,3,laceration,5,66,117,70,15,94,38.5
30094800,2,shortness of breath,7,119,121,88,19,88,37.6
30094801,5,abdominal pain,3,65,95,58,22,100,37.2
30094802,4,abdominal pain,0,60,129,80,12,95,36.3
30094803,4,fall,3,79,151,70,19,99,36.3
30094804,3,back pain,0,68,120,89,12,94,35.9
30094805,2,knee pain,6,94,108,75,19,93,36.5
30094806,3,anxiety,3,116,160,97,14,97,35.9
30094807,3,shortness of breath,6,104,112,99,21,99,37.5
30094808,3,laceration,7,100,118,81,18,97,36.0
30094809,2,fever,6,96,182,94,23,96,36.9
30094810,3,anxiety,0,87,72,96,21,92,36.7
30094811,4,fever,2,73,100,74,14,100,36.1
30094812,4,fever,2,114,132,84,12,97,36.8
30094813,4,knee pain,5,73,129,98,16,98,38.4
30094814,3,laceration,6,105,126,89,19,96,35.9
30094815,3,chest pain,7,118,106,86,16,100,37.7
30094816,3,chest pain,1,91,100,114,13,97,35.9
30094817,3,shortness of breath,3,89,119,69,23,100,38.0
30094818,3,shortness of breath,6,61,152,93,21,96,37.4
30094819,3,fall,6,62,95,60,7,95,37.2
30094820,3,back pain,7,55,120,70,10,99,37.8
30094821,3,knee pain,2,97,108,75,18,97,36.6
30094822,3,knee pain,7,98,131,61,18,97,38.3
30094823,3,shortness of breath,3,92,127,70,15,97,36.3
30094824,3,anxiety,4,89,129,87,19,97,37.2
30094825,5,shortness of breath,2,106,136,83,25,98,36.2
30094826,2,knee pain,6,104,108,96,14,94,36.8
30094827,3,anxiety,1,81,114,99,16,95,38.2
30094828,3,fall,5,68,112,99,15,98,39.1
30094829,3,fever,4,79,170,60,16,94,36.2
30094830,3,headache,1,92,123,62,18,96,36.3
30094831,3,chest pain,0,77,117,71,20,100,38.8
30094832,3,abdominal pain,1,76,95,79,15,100,37.4
30094833,1,anxiety,7,48,75,89,18,100,37.1
30094834,2,anxiety,9,84,131,70,24,96,37.0
30094835,4,knee pain,4,99,114,91,17,96,36.7
30094836,3,fall,1,104,131,92,14,96,37.8
30094837,4,back pain,1,72,138,69,14,92,36.7
30094838,3,fall,6,78,135,83,26,100,35.8
30094839,3,laceration,7,82,175,89,19,97,36.5
30094840,4,anxiety,3,82,110,97,13,96,36.3
30094841,4,fall,5,110,89,95,17,93,37.0
30094842,3,chest pain,0,97,140,75,24,97,37.5
30094843,3,shortness of breath,1,50,108,62,12,99,36.0
30094844,3,knee pain,6,91,112,94,23,96,37.5
30094845,5,back pain,1,85,126,66,20,100,38.0
30094846,4,chest pain,5,87,144,73,17,94,37.8
30094847,3,headache,7,83,127,67,25,100,36.6
30094848,3,fall,0,70,115,90,21,100,35.6
30094849,3,back pain,6,81,131,101,19,95,37.6
30094850,4,anxiety,1,104,147,99,26,97,37.5
30094851,3,chest pain,7,68,95,69,18,94,36.6
30094852,2,knee pain,9,70,148,90,20,97,35.5
30094853,3,chest pain,0,96,104,91,22,97,36.4
30094854,4,abdominal pain,1,55,103,68,15,96,36.3
30094855,3,anxiety,5,125,102,100,14,98,37.0
30094856,2,laceration,6,72,138,79,23,98,38.3
30094857,2,fall,9,94,160,78,19,100,37.8
30094858,5,shortness of breath,3,96,110,62,20,94,37.4
30094859,3,fever,0,73,120,89,22,90,36.6
30094860,3,fever,7,101,93,66,19,100,37.5
30094861,3,chest pain,2,92,143,104,14,100,36.5
30094862,2,chest pain,7,119,89,56,19,100,36.9
30094863,2,abdominal pain,10,64,131,88,14,95,35.9
30094864,3,shortness of breath,3,82,117,90,21,98,37.2
30094865,4,laceration,1,70,120,79,14,97,37.0
30094866,4,back pain,7,98,103,85,14,94,36.9
30094867,2,abdominal pain,6,59,117,93,19,94,37.1
30094868,1,fall,10,69,81,80,14,95,37.5
30094869,4,abdominal pain,3,92,106,96,21,96,35.8
30094870,4,fall,4,120,103,77,21,97,37.7
30094871,2,shortness of breath,8,72,155,100,14,92,36.1
30094872,4,headache,1,78,94,85,15,97,36.6
30094873,2,fall,8,88,120,99,10,95,38.1
30094874,4,chest pain,5,92,157,100,18,94,38.4
30094875,3,headache,2,107,191,94,17,100,34.8
30094876,2,chest pain,9,87,102,91,21,97,36.4
30094877,4,back pain,1,67,120,67,18,97,36.8
30094878,3,knee pain,0,98,118,57,19,95,36.5
30094879,4,knee pain,2,88,130,83,14,98,37.2
30094880,4,chest pain,1,74,114,97,15,100,38.4
30094881,3,laceration,2,80,112,105,19,100,38.7
30094882,3,abdominal pain,0,73,141,76,16,99,36.0
30094883,4,headache,1,88,116,92,23,93,36.4
30094884,1,back pain,6,102,134,63,21,99,36.3
30094885,2,shortness of breath,7,68,165,80,18,95,37.6
30094886,4,knee pain,0,92,146,71,20,94,35.7
30094887,1,abdominal pain,10,76,151,87,27,98,36.6
30094888,3,fever,1,88,69,106,12,98,37.0
30094889,5,headache,7,90,103,81,18,92,35.1
30094890,2,fall,10,90,112,78,20,94,37.7
30094891,2,abdominal pain,8,84,132,98,19,100,36.3
30094892,2,fever,8,83,132,85,24,98,37.9
30094893,4,knee pain,0,73,133,88,11,100,37.5
30094894,4,anxiety,4,63,161,72,18,97,36.8
30094895,3,anxiety,2,60,100,62,18,98,36.5
30094896,2,back pain,10,75,128,78,29,94,34.9
30094897,3,fever,4,76,120,106,9,92,37.0
30094898,4,knee pain,2,77,161,86,30,100,36.6
30094899,1,abdominal pain,10,71,127,75,18,95,37.7
30094900,4,abdominal pain,6,62,126,40,12,97,36.7
30094901,4,abdominal pain,6,103,144,81,17,96,36.8
30094902,2,back pain,6,107,110,79,19,97,35.4
30094903,3,knee pain,7,103,142,69,23,100,36.9
30094904,3,fever,0,107,141,101,15,98,37.4
30094905,3,chest pain,0,84,125,112,22,97,38.3
30094906,4,laceration,6,103,108,90,18,98,38.0
30094907,2,abdominal pain,10,73,124,74,20,94,37.0
30094908,4,knee pain,5,94,137,87,16,94,36.0
30094909,4,chest pain,0,81,129,95,17,96,36.7
30094910,3,fever,3,81,155,100,15,100,36.4
30094911,3,abdominal pain,7,91,154,39,20,97,36.6
30094912,2,abdominal pain,6,82,117,65,11,93,35.6
30094913,1,fall,6,94,119,100,20,99,37.2
30094914,3,anxiety,1,83,151,70,21,100,36.7
30094915,1,anxiety,10,89,114,87,21,93,35.4
30094916,4,fall,7,62,135,66,15,94,37.6
30094917,3,back pain,2,78,120,80,19,100,37.4
30094918,3,anxiety,4,118,148,87,18,93,36.8
30094919,5,knee pain,5,89,126,90,19,100,37.5
30094920,4,fall,7,88,117,78,20,99,36.6
30094921,4,laceration,1,71,125,104,20,99,37.3
30094922,3,fall,2,67,131,86,17,98,37.4
30094923,3,knee pain,6,97,167,85,9,97,37.0
30094924,4,laceration,4,88,114,91,16,94,36.5
30094925,2,back pain,8,85,116,76,13,95,36.7
30094926,3,headache,0,102,124,77,19,100,39.1
30094927,3,fever,0,61,135,100,19,100,37.3
30094928,3,chest pain,5,84,166,47,9,93,37.1
30094929,3,fall,7,51,115,103,21,97,39.7
30094930,3,anxiety,0,107,117,82,16,98,37.6
30094931,2,anxiety,7,95,98,83,15,97,37.3
30094932,3,shortness of breath,1,73,183,74,16,94,36.8
30094933,5,shortness of breath,4,85,134,80,16,97,37.7
30094934,3,headache,0,84,138,94,17,96,38.0
30094935,3,fever,7,99,143,88,20,95,36.4
30094936,4,fall,6,96,109,102,21,99,36.6
30094937,2,fall,10,100,134,75,22,92,36.9
30094938,4,laceration,4,109,96,63,23,96,37.5
30094939,3,laceration,4,94,113,75,18,99,37.1
30094940,3,laceration,2,79,167,82,20,88,36.6
30094941,3,knee pain,4,83,128,67,15,97,35.8
30094942,3,fall,0,69,124,66,23,100,37.4
30094943,4,chest pain,1,68,134,65,17,98,37.1
30094944,4,abdominal pain,2,43,132,91,25,100,37.5
30094945,3,abdominal pain,7,90,133,100,22,99,36.8
30094946,1,back pain,8,87,125,72,17,100,38.0
30094947,4,back pain,1,87,132,88,20,94,37.6
30094948,2,headache,9,105,130,97,21,96,37.1
30094949,3,headache,1,74,127,80,23,95,35.7
30094950,4,fall,5,70,96,82,17,95,36.0
30094951,3,abdominal pain,1,88,125,72,20,95,37.0
30094952,2,knee pain,10,106,155,59,10,97,37.0
30094953,5,abdominal pain,4,65,131,91,23,97,36.2
30094954,3,chest pain,3,104,91,63,13,97,35.2
30094955,4,shortness of breath,4,101,115,82,21,99,36.8
30094956,1,headache,7,101,106,86,16,93,37.3
30094957,3,fever,7,58,136,52,18,98,37.3
30094958,3,chest pain,4,89,119,57,22,94,37.5
30094959,4,knee pain,2,81,118,76,11,95,36.1
30094960,3,fall,3,93,119,104,20,96,38.4
30094961,2,fall,8,69,153,83,18,99,37.4
30094962,3,abdominal pain,1,81,124,62,18,96,36.0
30094963,5,chest pain,5,93,100,66,17,97,36.6
30094964,3,abdominal pain,3,101,136,80,18,98,37.5
30094965,3,shortness of breath,3,100,152,49,16,93,37.6
30094966,3,laceration,6,74,137,95,16,92,36.7
30094967,3,fever,0,101,106,75,12,96,37.5
30094968,3,laceration,0,73,130,72,22,89,37.0
30094969,3,anxiety,6,75,135,66,23,94,37.6
30094970,5,headache,5,89,118,71,21,92,34.9
30094971,2,fall,6,64,143,66,14,100,36.2
30094972,4,abdominal pain,7,85,124,55,18,96,36.6
30094973,5,fever,0,56,114,95,21,98,37.1
30094974,3,fever,3,104,74,59,13,96,37.2
30094975,3,shortness of breath,4,71,87,96,19,97,36.2
30094976,3,fever,3,92,117,88,17,92,36.5
30094977,3,shortness of breath,5,85,126,96,16,100,38.0
30094978,1,fever,10,94,132,92,26,92,36.9
30094979,1,laceration,10,70,114,79,17,96,36.0
30094980,3,abdominal pain,2,100,87,75,10,90,37.7
30094981,2,anxiety,9,81,131,110,15,96,37.5
30094982,1,abdominal pain,10,76,111,75,15,100,34.6
30094983,2,fever,10,93,101,72,21,98,36.4
30094984,3,anxiety,0,64,170,76,17,96,37.7
30094985,3,knee pain,4,93,113,78,24,97,36.3
30094986,2,chest pain,9,79,142,80,19,92,38.6
30094987,3,fever,5,71,118,85,21,99,36.3
30094988,3,laceration,2,98,113,97,18,94,38.2
30094989,3,shortness of breath,4,80,122,68,28,100,37.7
30094990,3,abdominal pain,3,76,132,93,25,95,37.5
30094991,2,shortness of breath,9,86,106,73,27,100,36.9
30094992,4,headache,0,81,104,72,18,96,36.7
30094993,5,laceration,1,84,126,107,20,100,35.7
30094994,3,knee pain,7,84,104,68,12,98,37.1
30094995,1,back pain,8,64,144,56,17,94,37.7
30094996,4,knee pain,2,104,174,76,16,94,36.3
30094997,2,laceration,7,80,133,81,18,97,36.5
30094998,4,fever,6,78,139,114,17,97,36.0
30094999,3,shortness of breath,7,81,147,78,23,96,37.4
30095000,3,back pain,3,69,95,78,22,99,36.0
30095001,3,laceration,6,96,119,87,17,92,37.0
30095002,3,shortness of breath,1,104,129,77,21,95,36.8
30095003,2,abdominal pain,10,92,139,100,18,96,37.1
30095004,3,back pain,3,83,130,72,19,99,36.2
30095005,3,fever,2,88,119,72,12,100,37.9
30095006,1,shortness of breath,10,56,129,65,21,92,36.8
30095007,3,fall,2,93,87,94,11,94,35.3
30095008,3,headache,7,90,123,81,19,98,36.9
30095009,2,abdominal pain,9,85,107,87,20,95,36.7
30095010,4,back pain,4,101,126,50,30,96,38.1
30095011,4,abdominal pain,5,101,84,90,21,93,36.7
30095012,4,anxiety,3,99,96,96,19,98,37.5
30095013,2,fall,10,81,81,74,20,95,36.8
30095014,5,laceration,6,77,135,71,20,95,36.5
30095015,2,laceration,9,79,151,94,16,100,38.6
30095016,2,chest pain,8,67,139,73,15,95,35.5
30095017,2,shortness of breath,8,92,113,72,21,97,37.3
30095018,3,laceration,5,79,124,104,19,93,37.1
30095019,4,laceration,1,83,120,97,17,95,36.6
30095020,3,knee pain,2,99,120,93,22,91,36.6
30095021,2,anxiety,6,96,108,64,14,92,37.8
30095022,3,chest pain,3,91,124,120,15,95,36.4
30095023,2,anxiety,10,67,118,54,22,96,36.9
30095024,2,abdominal pain,7,81,151,85,12,97,36.8
30095025,3,chest pain,7,95,175,95,26,96,38.2
30095026,3,chest pain,6,93,139,63,15,97,36.1
30095027,1,fall,7,122,108,74,22,94,37.0
30095028,4,chest pain,1,87,139,76,15,93,36.1
30095029,3,shortness of breath,0,100,141,91,14,97,36.4
30095030,3,shortness of breath,2,58,94,109,20,94,36.5
30095031,3,shortness of breath,7,93,81,88,25,100,37.2
30095032,3,fall,2,73,159,48,16,99,36.6
30095033,3,abdominal pain,4,72,124,69,20,94,34.7
30095034,5,anxiety,4,110,129,73,14,92,37.8
30095035,3,fever,4,82,143,68,18,100,36.5
30095036,3,laceration,0,74,97,79,9,97,36.4
30095037,4,fall,4,94,109,62,21,92,36.6
30095038,3,back pain,3,75,132,89,16,98,36.5
30095039,4,shortness of breath,5,102,144,63,20,99,36.6
30095040,4,abdominal pain,7,97,92,70,20,93,38.3
30095041,3,fall,7,89,102,68,25,94,38.4
30095042,5,laceration,0,73,150,109,16,95,37.3
30095043,3,shortness of breath,1,79,76,84,19,98,36.7
30095044,2,chest pain,10,102,111,89,16,97,36.6
30095045,3,back pain,2,86,128,79,19,89,38.4
30095046,2,fever,9,115,155,90,15,100,37.2
30095047,3,shortness of breath,4,77,118,82,14,97,36.7
30095048,3,fever,0,83,113,92,14,100,37.8
30095049,3,fever,0,67,100,127,14,93,36.9
30095050,3,headache,2,53,131,60,20,100,36.4
30095051,4,fever,2,69,103,56,17,95,37.3
30095052,3,anxiety,4,71,108,71,19,100,36.8
30095053,4,shortness of breath,3,60,162,82,27,95,37.0
30095054,4,fall,5,99,115,92,24,100,37.8
30095055,3,anxiety,0,99,111,103,12,96,36.2
30095056,3,fever,0,62,144,81,22,100,38.2
30095057,2,abdominal pain,7,83,134,66,18,96,35.8
30095058,5,back pain,5,73,142,80,20,95,38.0
30095059,2,shortness of breath,9,69,127,102,10,100,36.7
30095060,3,back pain,0,71,94,80,15,97,37.0
30095061,2,chest pain,9,70,126,77,21,100,38.8
30095062,3,laceration,2,46,158,48,23,97,36.9
30095063,3,anxiety,4,64,131,99,13,96,36.7
30095064,3,shortness of breath,4,74,112,83,26,100,36.1
30095065,4,anxiety,7,89,126,73,21,96,35.2
30095066,4,anxiety,2,85,144,89,16,93,37.1
30095067,3,abdominal pain,1,108,121,64,21,97,36.3
30095068,2,chest pain,7,70,128,74,16,98,37.8
30095069,5,laceration,5,67,123,92,25,92,35.4
30095070,4,laceration,7,84,138,41,19,98,37.0
30095071,2,fever,6,86,123,49,16,95,38.1
30095072,3,back pain,2,99,146,94,16,100,37.7
30095073,3,back pain,7,77,99,66,17,99,38.2
30095074,2,back pain,7,82,95,73,23,100,36.7
30095075,3,anxiety,6,67,135,76,14,94,37.0
30095076,3,headache,2,69,133,71,17,96,37.4
30095077,1,fall,6,72,131,97,13,92,37.0
30095078,3,fall,2,82,118,92,15,91,37.8
30095079,4,chest pain,1,106,80,90,12,100,36.4
30095080,3,headache,2,54,136,68,13,94,36.5
30095081,3,fever,2,78,126,79,21,99,37.7
30095082,4,shortness of breath,2,78,129,99,20,100,37.9
30095083,5,back pain,6,76,111,81,16,100,37.6
30095084,2,fever,6,68,129,76,18,100,37.9
30095085,4,chest pain,3,72,122,98,19,97,36.9
30095086,4,laceration,7,71,127,109,14,97,37.2
30095087,3,knee pain,2,90,108,74,20,96,37.3
30095088,3,shortness of breath,3,84,121,51,15,97,35.7
30095089,3,anxiety,2,47,99,64,18,95,37.4
30095090,4,abdominal pain,7,91,112,83,22,98,37.3
30095091,3,laceration,6,86,90,84,17,95,37.3
30095092,3,back pain,3,91,154,61,14,92,36.9
30095093,4,chest pain,4,77,151,86,21,99,36.9
30095094,3,fall,2,78,109,88,13,96,36.4
30095095,1,abdominal pain,7,86,121,76,27,100,37.6
30095096,3,laceration,3,75,83,100,17,100,37.0
30095097,3,fall,5,48,112,95,9,99,37.3
30095098,4,chest pain,6,95,118,99,18,96,36.7
30095099,3,headache,0,84,144,83,15,97,36.6
30095100,3,fall,5,86,112,67,13,97,36.4
30095101,3,fever,2,81,138,87,15,99,38.7
30095102,4,fever,1,74,153,79,18,95,36.4
30095103,3,anxiety,0,107,130,74,21,94,36.3
30095104,4,anxiety,3,109,125,66,18,98,37.7
30095105,3,fever,7,93,144,75,20,97,36.5
30095106,4,anxiety,3,104,126,92,15,96,36.6
30095107,3,fall,1,66,143,74,15,97,37.5
30095108,4,anxiety,2,103,96,92,23,91,36.6
30095109,3,laceration,4,82,102,65,20,94,35.9
30095110,1,fall,8,89,156,64,22,99,36.9
30095111,3,back pain,7,95,131,76,21,98,38.2
30095112,3,abdominal pain,0,79,138,80,25,100,37.5
30095113,2,knee pain,8,85,117,75,23,96,34.6
30095114,3,laceration,3,72,147,111,15,100,36.8
30095115,5,back pain,3,68,127,103,16,100,36.8
30095116,3,shortness of breath,7,97,106,78,21,100,39.0
30095117,3,laceration,5,92,126,46,15,90,35.7
30095118,4,anxiety,0,83,129,68,21,95,35.9
30095119,3,headache,4,56,140,94,25,98,37.2
30095120,3,fever,6,84,141,79,19,96,36.0
30095121,3,abdominal pain,7,64,161,101,15,91,37.4
30095122,2,back pain,10,59,160,103,24,94,38.6
30095123,5,knee pain,2,111,134,82,20,97,36.3
30095124,3,chest pain,4,77,167,68,15,100,35.4
30095125,4,abdominal pain,6,86,113,56,25,94,37.4
30095126,2,knee pain,8,79,112,81,9,100,37.9
30095127,3,laceration,5,123,123,78,16,98,37.0
30095128,2,knee pain,10,81,154,73,18,100,36.7
30095129,3,knee pain,6,116,143,89,24,99,36.5
30095130,4,back pain,4,88,132,69,16,98,36.8
30095131,3,shortness of breath,7,86,104,84,28,100,36.9
30095132,3,back pain,7,83,135,96,20,99,37.0
30095133,3,abdominal pain,4,85,130,88,13,93,37.7
30095134,3,anxiety,3,93,109,90,20,92,37.3
30095135,3,anxiety,7,91,83,57,22,95,37.6
30095136,4,knee pain,5,78,100,76,17,96,37.8
30095137,3,abdominal pain,2,103,158,80,18,95,35.5
30095138,3,headache,6,48,143,78,16,100,35.9
30095139,3,shortness of breath,6,72,134,87,18,95,36.4
30095140,3,back pain,0,109,91,82,14,100,37.0
30095141,3,chest pain,6,87,117,68,21,95,37.9
30095142,3,abdominal pain,0,91,86,54,21,96,37.5
30095143,5,knee pain,0,64,126,99,17,98,37.8
30095144,3,laceration,2,96,114,89,20,95,36.1
30095145,3,fever,4,74,111,87,16,98,37.4
30095146,4,knee pain,4,72,126,77,21,96,37.4
30095147,3,shortness of breath,0,59,145,71,18,92,35.7
30095148,1,abdominal pain,6,101,91,96,12,96,36.9
30095149,2,fall,8,90,108,92,18,97,36.8
30095150,4,laceration,1,98,119,69,24,100,37.1
30095151,4,laceration,7,85,110,89,21,100,35.1
30095152,4,fall,7,72,121,69,25,100,37.1
30095153,3,headache,1,107,113,75,23,100,37.3
30095154,2,knee pain,10,89,124,81,18,99,36.4
30095155,1,knee pain,6,82,125,83,19,99,38.1
30095156,3,chest pain,5,101,101,88,18,97,37.1
30095157,3,fever,0,87,137,68,20,95,38.3
30095158,4,shortness of breath,2,78,108,87,26,99,36.9
30095159,3,fever,1,98,100,74,15,98,36.6
30095160,3,chest pain,2,64,131,95,10,95,37.0
30095161,4,abdominal pain,5,80,136,70,23,99,37.6
30095162,2,laceration,7,77,135,81,15,93,35.9
30095163,4,anxiety,2,60,118,92,19,98,36.4
30095164,3,chest pain,7,79,112,75,13,92,37.5
30095165,3,headache,3,75,145,63,18,95,36.5
30095166,3,anxiety,1,100,140,85,17,97,37.7
30095167,4,chest pain,3,85,134,78,19,99,36.4
30095168,3,headache,3,86,154,87,14,98,37.3
30095169,3,fever,5,70,94,83,16,93,36.6
30095170,3,anxiety,6,100,88,78,20,97,37.1
30095171,4,chest pain,2,81,99,81,21,100,38.2
30095172,3,knee pain,4,87,113,90,19,95,38.4
30095173,2,abdominal pain,10,62,151,90,16,99,36.7
30095174,3,laceration,0,111,143,71,14,93,35.6
30095175,2,headache,9,90,135,70,18,96,37.7
30095176,5,knee pain,5,98,121,109,18,100,36.0
30095177,3,back pain,2,109,144,89,26,96,36.8
30095178,3,shortness of breath,6,83,101,96,18,98,36.9
30095179,4,headache,5,80,132,72,15,94,36.2
30095180,5,knee pain,0,92,130,62,18,94,36.3
30095181,5,chest pain,7,71,136,88,16,98,38.5
30095182,2,fall,9,79,105,81,22,95,36.5
30095183,4,laceration,5,69,137,91,13,99,36.6
30095184,3,fall,5,70,135,90,19,94,35.7
30095185,3,chest pain,7,95,122,54,18,96,36.1
30095186,3,chest pain,4,79,109,87,30,92,38.5
30095187,5,headache,4,61,83,79,16,99,37.2
30095188,1,fever,9,99,94,62,22,91,36.6
30095189,4,laceration,2,51,116,61,17,100,37.1
30095190,3,fever,6,57,142,87,16,100,36.4
30095191,3,laceration,3,94,130,97,8,100,37.9
30095192,5,back pain,6,71,121,86,16,90,38.1
30095193,3,fever,3,88,77,71,17,93,37.7
30095194,3,chest pain,1,84,162,64,16,98,37.4
30095195,3,fall,1,80,143,71,20,100,36.7
30095196,4,back pain,0,104,154,100,13,97,37.2
30095197,2,laceration,7,95,129,85,14,93,38.9
30095198,4,headache,2,87,178,76,19,96,36.8
30095199,1,back pain,7,105,121,63,21,99,37.4
30095200,3,back pain,7,79,133,78,17,93,36.1
30095201,3,headache,5,107,129,82,22,96,37.0
30095202,4,shortness of breath,5,78,91,84,25,96,37.4
30095203,3,abdominal pain,7,78,111,76,24,100,37.9
30095204,4,fever,5,88,130,73,22,99,36.5
30095205,2,back pain,8,87,106,84,14,100,35.8
30095206,3,headache,5,74,115,60,16,100,37.0
30095207,2,laceration,8,73,128,76,19,95,35.9
30095208,2,abdominal pain,7,91,147,68,18,97,36.4
30095209,3,fever,1,86,149,54,19,93,35.3
30095210,3,shortness of breath,6,96,146,95,15,100,37.4
30095211,3,headache,3,92,125,87,22,99,37.0
30095212,3,anxiety,3,92,117,98,15,96,37.8
30095213,2,fall,7,101,166,91,24,100,36.7
30095214,3,anxiety,3,98,143,90,21,100,37.1
30095215,2,fever,6,73,137,89,14,100,36.0
30095216,3,fever,4,85,122,64,23,100,36.9
30095217,3,back pain,7,74,152,66,16,99,35.1
30095218,3,fever,4,74,133,69,16,100,35.4
30095219,3,abdominal pain,1,85,123,98,22,96,37.6
30095220,2,headache,9,97,139,75,16,96,37.3
30095221,4,back pain,1,88,110,77,20,100,36.3
30095222,2,headache,9,80,138,86,23,100,37.6
30095223,4,anxiety,4,75,139,76,22,98,37.8
30095224,4,fall,5,46,150,85,15,93,36.9
30095225,4,shortness of breath,4,87,176,92,15,100,37.6
30095226,3,abdominal pain,4,83,133,86,13,93,37.1
30095227,2,headache,8,112,97,64,16,100,37.1
30095228,3,knee pain,2,103,141,75,12,100,37.7
30095229,2,back pain,6,82,109,71,19,93,36.8
30095230,4,headache,4,65,113,60,18,97,36.1
30095231,4,abdominal pain,5,104,147,75,13,95,36.2
30095232,5,knee pain,1,104,132,83,22,98,36.1
30095233,2,back pain,6,105,80,92,21,93,37.9
30095234,5,fever,2,83,114,84,15,98,37.2
30095235,3,fall,5,68,135,87,20,97,36.2
30095236,3,abdominal pain,6,79,149,66,17,97,36.8
30095237,1,shortness of breath,10,82,117,68,13,99,37.0
30095238,2,fall,7,74,92,73,21,99,36.6
30095239,3,laceration,0,80,135,83,21,93,36.9
30095240,1,back pain,7,73,107,98,23,95,37.9
30095241,3,knee pain,0,70,135,90,19,99,37.1
30095242,3,abdominal pain,2,61,136,79,20,97,36.6
30095243,3,chest pain,0,89,137,70,19,100,37.4
30095244,4,shortness of breath,7,100,123,83,17,99,35.0
30095245,3,anxiety,4,92,132,83,17,100,37.2
30095246,3,chest pain,5,74,89,88,13,98,37.6
30095247,4,knee pain,6,87,86,105,16,100,38.5
30095248,3,knee pain,3,85,146,77,18,94,35.0
30095249,3,anxiety,7,90,128,93,20,100,37.6
30095250,3,back pain,3,79,108,99,23,96,36.6
30095251,4,laceration,4,95,133,74,13,100,36.3
30095252,3,anxiety,3,73,91,87,29,93,38.0
30095253,3,chest pain,3,112,118,78,12,96,36.6
30095254,3,fall,7,107,147,51,13,93,36.2
30095255,5,fever,3,70,127,116,29,96,35.5
30095256,3,back pain,6,80,138,76,21,96,37.9
30095257,2,back pain,8,104,128,71,15,95,37.0
30095258,2,fall,10,94,109,86,18,98,37.4
30095259,3,laceration,2,103,113,78,16,93,36.8
30095260,3,headache,6,91,121,78,19,95,36.8
30095261,4,chest pain,2,97,85,80,17,98,37.8
30095262,3,fever,7,114,117,65,19,100,37.2
30095263,4,abdominal pain,4,96,109,83,22,97,36.5
30095264,2,fever,6,81,113,101,18,96,35.7
30095265,5,fever,6,72,129,81,17,100,36.2
30095266,2,fever,10,89,116,75,13,93,37.7
30095267,3,fall,7,74,100,110,12,91,36.6
30095268,5,fall,6,76,141,79,21,97,36.4
30095269,3,chest pain,6,91,149,73,24,96,36.5
30095270,2,shortness of breath,7,87,120,71,17,98,35.9
30095271,5,chest pain,6,67,118,81,21,100,38.1
30095272,2,anxiety,7,62,109,86,19,96,36.5
30095273,1,fever,6,87,116,84,19,98,37.3
30095274,4,back pain,3,63,126,80,24,98,37.8
30095275,3,anxiety,7,61,116,91,14,98,36.3
30095276,3,fall,2,85,118,69,19,91,37.1
30095277,5,headache,7,56,111,77,20,100,39.5
30095278,3,headache,6,89,116,79,22,95,35.7
30095279,4,anxiety,6,75,127,64,16,95,36.8
30095280,3,knee pain,7,61,126,104,21,100,36.6
30095281,3,chest pain,7,66,123,52,21,92,37.2
30095282,1,headache,10,89,127,80,12,98,36.2
30095283,3,fever,1,99,88,57,19,97,36.8
30095284,3,abdominal pain,2,88,106,81,20,100,38.7
30095285,4,back pain,3,85,128,63,18,97,35.5
30095286,1,abdominal pain,9,85,115,90,18,94,34.4
30095287,5,knee pain,6,70,93,64,17,98,37.9
30095288,3,laceration,5,85,116,104,17,97,37.6
30095289,3,laceration,6,108,105,76,21,100,37.1
30095290,3,abdominal pain,6,101,114,78,21,95,36.5
30095291,4,back pain,1,110,130,56,18,97,36.5
30095292,3,chest pain,7,97,151,80,14,97,36.3
30095293,4,abdominal pain,3,87,144,102,16,95,36.8
30095294,3,chest pain,2,92,155,67,22,98,36.1
30095295,4,chest pain,3,73,120,81,16,97,37.7
30095296,3,shortness of breath,4,65,106,109,25,97,36.4
30095297,3,laceration,3,104,127,84,24,93,37.3
30095298,3,anxiety,3,84,124,63,17,97,36.3
30095299,3,abdominal pain,5,94,123,105,18,95,38.3
30095300,3,anxiety,6,99,106,74,18,96,35.3
30095301,3,back pain,1,67,129,78,16,95,36.8
30095302,2,shortness of breath,10,77,107,81,15,94,35.8
30095303,2,knee pain,9,112,161,79,26,91,37.4
30095304,4,shortness of breath,2,81,98,84,19,97,38.9
30095305,3,fever,2,95,119,75,13,95,36.1
30095306,3,knee pain,2,79,137,93,21,91,37.9
30095307,1,fever,10,62,135,103,20,97,37.8
30095308,3,fever,1,81,114,65,17,100,37.8
30095309,3,chest pain,4,86,130,91,21,99,36.0
30095310,4,anxiety,4,84,112,72,19,94,36.2
30095311,3,chest pain,2,78,135,73,17,97,37.1
30095312,2,shortness of breath,8,58,135,96,19,95,35.6
30095313,4,shortness of breath,6,103,136,59,17,96,38.2
30095314,3,abdominal pain,4,83,119,86,9,100,36.9
30095315,2,laceration,10,84,145,97,19,93,38.2
30095316,4,headache,3,110,116,82,20,93,37.1
30095317,3,back pain,7,101,116,76,23,94,37.5
30095318,4,shortness of breath,6,83,138,110,17,96,36.4
30095319,3,back pain,4,81,143,107,13,98,37.3
30095320,2,laceration,6,109,127,81,19,92,36.7
30095321,3,knee pain,7,98,154,83,20,100,38.2
30095322,2,knee pain,7,78,97,104,19,95,37.1
30095323,5,fall,5,61,124,72,17,96,38.1
30095324,3,fall,1,114,128,90,12,99,38.9
30095325,3,back pain,0,75,102,72,16,100,36.9
30095326,4,laceration,7,96,127,96,22,100,37.3
30095327,4,knee pain,3,85,117,66,21,100,36.5
30095328,3,anxiety,3,84,110,80,21,98,38.3
30095329,3,fever,7,92,136,81,22,97,36.2
30095330,1,anxiety,10,104,123,77,13,100,36.5
30095331,3,anxiety,0,77,128,80,26,98,35.9
30095332,3,headache,4,118,137,57,22,93,36.2
30095333,2,chest pain,8,86,134,88,14,98,36.3
30095334,4,fall,7,81,131,106,10,100,36.3
30095335,2,anxiety,8,85,102,78,13,97,35.9
30095336,4,knee pain,4,86,119,61,20,98,37.1
30095337,4,shortness of breath,1,84,149,78,26,100,37.1
30095338,4,abdominal pain,7,90,144,107,20,98,37.5
30095339,3,abdominal pain,5,79,125,68,17,94,36.5
30095340,3,laceration,4,94,60,68,18,96,37.5
30095341,3,fall,5,66,121,92,14,94,37.3
30095342,2,back pain,7,86,136,63,19,96,36.9
30095343,3,back pain,1,89,144,102,20,98,36.9
30095344,3,fever,7,102,101,88,15,96,36.6
30095345,3,knee pain,1,103,144,59,20,100,37.3
30095346,3,shortness of breath,5,98,83,71,18,99,37.7
30095347,3,chest pain,2,81,143,86,20,97,37.9
30095348,4,abdominal pain,4,100,121,50,23,93,37.5
30095349,2,anxiety,8,105,104,93,18,91,38.2
30095350,2,back pain,7,91,122,79,12,98,37.8
30095351,1,laceration,7,84,126,89,22,100,36.0
30095352,3,abdominal pain,7,60,139,66,13,96,36.9
30095353,2,anxiety,10,74,139,63,16,93,37.8
30095354,4,laceration,5,60,109,84,21,89,37.2
30095355,3,chest pain,5,85,70,96,16,94,37.9
30095356,3,fall,7,99,124,74,11,98,36.9
30095357,5,anxiety,6,91,129,79,7,93,36.3
30095358,3,anxiety,6,82,139,75,19,96,37.6
30095359,4,chest pain,0,91,151,73,16,100,36.9
30095360,4,knee pain,3,86,110,70,14,92,36.9
30095361,3,laceration,6,83,134,83,23,99,36.1
30095362,2,fall,9,94,72,122,17,96,36.0
30095363,3,abdominal pain,0,78,118,73,22,97,37.2
30095364,3,knee pain,0,95,149,64,15,96,37.6
30095365,3,shortness of breath,4,83,141,92,23,96,36.9
30095366,3,headache,3,77,150,95,23,97,36.5
30095367,5,headache,7,97,141,88,15,100,38.2
30095368,3,back pain,6,82,100,76,18,92,37.3
30095369,3,fever,2,79,109,77,20,96,38.0
30095370,3,fever,2,90,128,68,20,98,37.3
30095371,4,back pain,7,77,103,106,19,99,37.9
30095372,3,back pain,6,106,124,84,14,97,38.0
30095373,3,laceration,2,106,135,82,22,92,39.2
30095374,3,laceration,3,89,148,94,20,100,36.2
30095375,5,fever,6,86,174,86,22,91,38.3
30095376,3,knee pain,5,91,121,72,20,97,36.4
30095377,2,shortness of breath,7,96,109,102,25,97,37.5
30095378,2,shortness of breath,7,81,123,72,23,94,37.1
30095379,4,fall,2,63,148,79,20,95,36.3
30095380,3,anxiety,2,86,117,68,20,96,36.9
30095381,4,shortness of breath,2,83,144,70,18,92,37.1
30095382,5,shortness of breath,2,81,103,101,23,99,35.4
30095383,3,abdominal pain,3,103,114,84,15,94,39.3
30095384,3,shortness of breath,0,72,116,103,14,96,36.3
30095385,3,abdominal pain,7,72,144,94,22,100,38.1
30095386,3,headache,5,69,100,117,16,96,39.3
30095387,3,headache,3,94,118,69,13,96,37.8
30095388,4,back pain,2,65,94,79,17,92,36.0
30095389,3,laceration,3,75,131,93,18,97,37.1
30095390,4,chest pain,3,75,133,92,19,96,38.5
30095391,5,fall,0,92,147,107,21,100,36.7
30095392,3,knee pain,6,83,121,86,13,100,37.2
30095393,4,fever,4,56,131,91,13,96,37.8
30095394,3,back pain,5,99,139,83,18,99,37.5
30095395,3,headache,3,84,125,87,14,97,37.1
30095396,3,knee pain,4,65,139,90,18,100,36.5
30095397,4,fever,4,63,153,92,17,91,36.8
30095398,3,knee pain,1,88,146,95,21,98,36.7
30095399,3,anxiety,0,57,110,90,18,97,37.6
30095400,2,fall,7,78,122,84,13,98,37.7
30095401,4,laceration,4,83,121,58,17,94,37.9
30095402,4,knee pain,5,70,117,84,18,97,37.1
30095403,3,chest pain,2,87,144,73,31,97,36.7
30095404,4,back pain,2,80,130,93,19,93,36.6
30095405,3,abdominal pain,2,70,89,65,20,96,36.5
30095406,3,abdominal pain,7,71,126,69,10,94,36.2
30095407,3,anxiety,0,83,104,92,22,100,37.1
30095408,3,headache,1,83,116,91,19,93,36.9
30095409,4,fever,0,84,107,74,22,95,36.9
30095410,3,fever,1,101,109,98,20,99,35.9
30095411,3,anxiety,5,90,150,106,13,93,36.3
30095412,2,laceration,7,100,124,87,18,99,37.1
30095413,4,abdominal pain,3,111,136,57,18,99,37.1
30095414,4,back pain,0,93,148,85,19,100,38.0
30095415,4,fever,6,105,163,105,20,96,36.6
30095416,4,fever,7,97,109,114,22,98,36.9
30095417,3,knee pain,6,84,136,72,20,96,37.3
30095418,3,headache,7,87,109,93,18,95,36.4
30095419,3,abdominal pain,7,82,113,45,15,97,36.6
30095420,2,anxiety,9,63,133,93,20,98,37.6
30095421,2,fall,6,84,94,73,17,98,37.4
30095422,3,abdominal pain,6,78,122,89,15,99,36.6
30095423,3,fall,4,83,123,67,9,94,36.6
30095424,5,shortness of breath,3,93,122,69,25,96,36.1
30095425,5,shortness of breath,3,94,117,77,20,97,34.9
30095426,3,abdominal pain,0,97,132,83,19,100,37.9
30095427,3,chest pain,5,92,106,84,17,100,37.9
30095428,2,headache,7,86,95,99,21,100,37.0
30095429,2,fever,6,73,115,101,14,95,39.0
30095430,4,shortness of breath,5,82,127,84,14,99,37.8
30095431,2,laceration,9,79,130,69,21,97,37.4
30095432,4,laceration,0,97,134,76,21,100,36.7
30095433,3,laceration,7,68,122,78,12,93,38.3
30095434,3,back pain,2,76,128,90,19,95,39.4
30095435,3,fever,3,77,101,89,14,98,37.2
30095436,3,fall,5,88,120,66,19,99,36.5
30095437,4,laceration,5,109,169,52,16,96,34.9
30095438,3,shortness of breath,2,66,128,60,13,98,37.2
30095439,3,fever,3,82,156,71,20,99,36.7
30095440,2,headache,9,109,138,88,23,96,36.8
30095441,4,fever,5,79,116,79,22,98,38.1
30095442,3,fall,0,74,97,75,17,93,35.4
30095443,5,knee pain,1,57,118,66,24,95,36.1
30095444,3,shortness of breath,1,88,127,80,21,94,37.0
30095445,3,shortness of breath,2,82,139,89,10,96,35.7
30095446,3,fall,0,72,141,50,14,95,37.3
30095447,4,laceration,0,74,164,68,18,94,35.5
30095448,3,abdominal pain,0,72,135,71,24,96,38.3
30095449,3,fall,7,77,104,78,21,98,37.7
30095450,4,back pain,3,76,99,83,17,96,34.9
30095451,3,fever,4,69,133,95,15,98,36.5
30095452,2,anxiety,10,71,156,74,19,95,37.5
30095453,3,fall,4,64,117,90,20,98,37.0
30095454,2,fall,10,103,133,86,17,97,36.7
30095455,3,laceration,4,89,155,77,20,92,37.0
30095456,2,abdominal pain,9,81,135,53,17,97,37.3
30095457,2,headache,8,68,95,69,13,96,37.7
30095458,2,chest pain,10,81,100,92,16,97,36.9
30095459,1,fever,7,79,137,109,18,92,35.8
30095460,5,shortness of breath,4,71,121,58,23,94,36.3
30095461,1,fall,9,74,137,64,18,96,38.0
30095462,2,fever,9,91,115,96,20,100,35.8
30095463,3,fever,1,74,106,75,14,99,36.9
30095464,3,fall,6,89,146,103,22,100,37.8
30095465,5,chest pain,2,78,109,63,20,98,37.5
30095466,3,chest pain,6,86,175,91,23,100,37.9
30095467,4,anxiety,0,78,134,67,22,94,36.3
30095468,3,back pain,7,88,131,50,18,100,36.3
30095469,3,abdominal pain,1,84,118,90,18,93,36.2
30095470,4,fever,4,86,124,81,27,97,36.5
30095471,3,anxiety,7,80,119,58,18,99,36.1
30095472,3,anxiety,2,71,107,84,17,91,37.8
30095473,1,fever,8,76,94,64,20,96,36.6
30095474,3,anxiety,0,79,94,92,17,95,36.6
30095475,3,laceration,5,97,128,100,17,92,36.8
30095476,3,shortness of breath,3,81,109,105,23,91,38.3
30095477,3,fall,5,76,117,85,22,100,38.3
30095478,4,laceration,1,61,120,78,10,91,37.1
30095479,2,abdominal pain,6,83,164,83,19,97,35.4
30095480,3,fall,2,84,75,77,25,98,36.4
30095481,3,fever,0,76,107,58,16,98,37.2
30095482,2,headache,6,87,132,33,14,97,36.7
30095483,3,back pain,5,88,112,139,13,92,36.9
30095484,4,laceration,4,85,124,92,20,100,37.7
30095485,3,chest pain,0,76,143,92,18,95,38.2
30095486,1,chest pain,7,77,141,61,23,100,36.7
30095487,4,fall,1,102,143,71,13,98,37.0
30095488,4,fever,4,61,118,60,20,100,36.5
30095489,3,headache,2,82,89,79,22,100,37.8
30095490,3,chest pain,7,83,150,81,22,90,37.0
30095491,4,anxiety,6,94,125,67,21,93,35.6
30095492,3,headache,0,86,89,98,16,100,37.7
30095493,3,knee pain,1,96,90,86,22,100,37.4
30095494,3,abdominal pain,0,78,93,64,16,97,36.4
30095495,4,chest pain,0,90,103,105,24,100,36.7
30095496,5,knee pain,7,59,110,104,16,97,38.4
30095497,3,back pain,0,86,115,85,23,98,35.8
30095498,3,shortness of breath,3,76,126,82,26,100,36.8
30095499,2,abdominal pain,7,77,137,64,19,100,36.6
30095500,3,headache,6,73,149,90,25,94,36.1
30095501,3,fever,3,106,131,76,21,96,35.2
30095502,3,abdominal pain,5,100,126,96,17,97,36.8
30095503,3,headache,0,58,131,93,21,98,36.6
30095504,1,shortness of breath,7,85,121,70,17,93,37.1
30095505,2,laceration,7,70,149,113,14,100,37.0
30095506,3,chest pain,3,97,140,91,19,99,37.2
30095507,2,fever,10,84,137,82,14,98,37.6
30095508,3,headache,7,99,128,69,13,93,36.7
30095509,3,headache,1,59,125,76,11,100,38.4
30095510,3,chest pain,6,73,117,63,22,93,37.0
30095511,3,shortness of breath,6,73,98,69,18,100,36.9
30095512,3,knee pain,2,103,103,42,19,94,36.3
30095513,3,shortness of breath,7,102,100,81,21,97,37.9
30095514,1,headache,7,82,123,90,19,94,37.7
30095515,3,back pain,5,67,133,79,14,98,37.3
30095516,3,shortness of breath,0,68,163,86,21,95,37.3
30095517,4,fall,4,79,136,104,14,99,35.5
30095518,3,abdominal pain,6,65,160,81,20,92,36.4
30095519,3,back pain,7,101,145,80,12,98,38.0
30095520,3,knee pain,2,97,148,57,20,96,36.5
30095521,1,knee pain,10,80,125,127,13,100,37.2
30095522,4,laceration,1,99,111,79,18,98,38.2
30095523,2,abdominal pain,10,103,117,103,17,96,37.0
30095524,3,fever,5,82,88,78,17,95,37.2
30095525,3,chest pain,5,73,136,68,17,92,37.1
30095526,4,fever,1,85,132,64,15,99,37.0
30095527,2,knee pain,8,96,137,84,12,97,37.3
30095528,3,headache,3,103,145,89,20,99,36.7
30095529,2,chest pain,7,65,144,87,13,100,38.3
30095530,2,abdominal pain,6,108,150,86,19,94,38.1
30095531,3,abdominal pain,7,89,119,108,17,97,38.0
30095532,3,knee pain,4,91,139,87,16,94,38.1
30095533,3,chest pain,7,70,122,113,13,98,37.0
30095534,3,abdominal pain,5,75,108,65,16,95,36.0
30095535,3,fall,6,99,143,85,16,95,37.0
30095536,4,fever,6,89,138,75,16,96,37.4
30095537,3,shortness of breath,1,62,124,74,15,95,36.3
30095538,2,back pain,8,105,128,103,16,100,37.4
30095539,3,back pain,7,73,143,73,17,97,37.4
30095540,3,headache,0,98,139,76,17,99,34.8
30095541,1,laceration,9,79,148,81,22,96,37.7
30095542,3,abdominal pain,1,57,131,77,22,99,37.4
30095543,3,headache,1,65,138,78,20,96,36.7
30095544,3,abdominal pain,7,95,137,75,19,95,38.0
30095545,2,shortness of breath,7,81,157,80,27,99,38.6
30095546,3,chest pain,3,81,163,77,22,100,37.3
30095547,5,fever,1,101,130,95,30,98,36.5
30095548,3,fever,5,81,157,54,23,97,37.2
30095549,2,shortness of breath,6,99,136,79,13,96,37.2
30095550,2,chest pain,8,55,121,72,20,98,37.0
30095551,3,fall,5,74,122,109,16,97,35.6
30095552,2,back pain,7,77,117,94,15,89,38.0
30095553,4,shortness of breath,2,95,114,61,10,92,37.0
30095554,2,anxiety,6,72,167,79,16,98,38.0
30095555,4,headache,7,116,128,114,13,99,36.4
30095556,3,laceration,2,66,101,79,23,97,36.8
30095557,3,abdominal pain,3,103,114,79,21,96,36.5
30095558,3,abdominal pain,2,91,149,87,19,96,38.0
30095559,4,abdominal pain,7,70,121,107,14,98,37.7
30095560,2,fever,8,75,118,72,19,92,37.6
30095561,4,back pain,4,66,156,77,26,96,37.3
30095562,4,knee pain,1,75,126,73,16,96,36.3
30095563,4,fall,4,60,97,76,19,98,37.3
30095564,2,shortness of breath,8,92,125,69,18,95,38.6
30095565,3,knee pain,2,85,133,84,13,98,36.7
30095566,3,abdominal pain,3,91,98,83,13,100,36.9
30095567,2,abdominal pain,7,102,124,83,18,98,35.3
30095568,5,fever,6,104,140,89,18,95,36.4
30095569,2,knee pain,7,71,103,65,23,92,36.3
30095570,3,abdominal pain,1,87,110,70,10,98,37.4
30095571,2,fall,10,104,132,84,16,95,37.2
30095572,4,shortness of breath,2,88,116,89,21,100,36.0
30095573,3,chest pain,0,81,136,82,16,99,37.2
30095574,4,back pain,7,93,123,68,18,100,37.2
30095575,3,anxiety,3,70,125,78,21,98,37.9
30095576,3,back pain,7,93,125,85,16,94,37.7
30095577,2,back pain,9,112,136,72,14,99,36.9
30095578,3,anxiety,5,120,121,91,15,96,36.0
30095579,3,shortness of breath,4,76,123,73,24,93,36.9
30095580,3,anxiety,4,106,119,102,20,95,36.1
30095581,3,back pain,4,66,118,55,17,98,36.7
30095582,3,shortness of breath,7,98,126,87,19,96,36.3
30095583,3,back pain,1,88,128,66,17,100,36.7
30095584,5,chest pain,6,74,154,90,18,99,37.1
30095585,3,abdominal pain,7,98,118,79,16,96,38.0
30095586,4,back pain,3,74,109,102,22,93,37.0
30095587,4,knee pain,4,126,113,65,24,98,37.5
30095588,3,knee pain,6,104,157,107,22,100,37.3
30095589,3,knee pain,3,96,144,86,23,96,36.8
30095590,2,laceration,8,66,121,51,16,90,36.3
30095591,3,headache,5,60,115,107,14,97,36.4
30095592,3,chest pain,3,68,142,113,13,100,37.2
30095593,3,chest pain,7,90,137,58,11,94,39.3
30095594,3,back pain,5,62,124,74,23,97,36.6
30095595,3,anxiety,7,84,117,82,8,93,37.2
30095596,3,laceration,1,99,105,87,21,91,36.7
30095597,5,knee pain,0,95,120,93,22,93,39.0
30095598,2,back pain,7,42,109,69,24,93,36.7
30095599,2,shortness of breath,7,108,107,106,18,96,36.9
30095600,2,anxiety,7,100,142,97,20,100,37.7
30095601,3,fall,4,85,125,71,25,99,39.0
30095602,2,anxiety,6,74,141,77,20,95,36.7
30095603,3,anxiety,1,95,95,83,17,100,37.5
30095604,2,anxiety,6,70,133,93,20,99,37.4
30095605,1,anxiety,8,64,153,93,16,92,38.8
30095606,4,headache,0,96,123,68,20,98,37.8
30095607,4,fall,5,108,111,72,21,97,38.4
30095608,4,shortness of breath,2,63,93,69,22,100,36.0
30095609,3,chest pain,7,85,80,75,15,95,35.4
30095610,2,fall,10,75,128,82,24,100,37.5
30095611,1,anxiety,9,92,126,65,25,100,37.7
30095612,3,fall,4,82,120,86,25,95,37.8
30095613,2,shortness of breath,10,75,138,90,19,99,36.7
30095614,3,fever,5,72,119,86,20,91,37.0
30095615,2,headache,8,111,111,64,13,98,37.6
30095616,3,knee pain,1,79,117,97,9,97,36.8
30095617,1,knee pain,7,93,113,53,13,92,38.0
30095618,3,fall,6,74,138,79,16,100,36.9
30095619,1,fever,7,85,135,104,24,99,36.1
30095620,3,headache,2,72,115,70,14,98,38.4
30095621,2,knee pain,6,107,138,79,20,99,37.6
30095622,3,knee pain,2,73,134,72,19,98,37.3
30095623,2,laceration,7,77,102,88,20,95,37.7
30095624,2,headache,6,74,126,89,19,95,37.9
30095625,2,chest pain,6,108,126,56,14,99,37.9
30095626,3,shortness of breath,2,84,122,93,25,95,38.3
30095627,2,anxiety,10,95,134,82,19,100,39.1
30095628,3,back pain,1,56,135,87,22,100,36.8
30095629,5,chest pain,4,77,149,103,11,100,35.8
30095630,3,chest pain,2,79,129,81,16,98,36.3
30095631,3,headache,0,84,137,58,22,96,36.5
30095632,3,laceration,4,93,93,76,17,100,37.4
30095633,1,back pain,9,91,121,76,16,100,36.8
30095634,3,shortness of breath,2,80,139,76,23,94,36.5
30095635,2,shortness of breath,9,105,151,77,18,100,38.0
30095636,2,headache,10,101,141,83,20,98,37.5
30095637,3,knee pain,4,64,89,83,15,100,36.2
30095638,3,headache,4,120,161,65,25,97,36.6
30095639,3,knee pain,2,71,133,41,22,99,36.3
30095640,3,chest pain,5,91,85,65,22,97,36.1
30095641,3,chest pain,0,76,111,90,13,93,37.8
30095642,2,fever,7,69,89,86,14,100,37.5
30095643,3,knee pain,2,79,107,74,18,98,36.3
30095644,4,fall,2,83,131,107,16,93,37.1
30095645,3,back pain,6,56,114,71,12,95,37.2
30095646,5,laceration,0,94,136,101,20,97,37.0
30095647,4,anxiety,2,82,108,66,20,92,37.9
30095648,2,shortness of breath,9,89,135,81,17,93,36.3
30095649,4,shortness of breath,1,95,154,106,16,96,37.5
30095650,2,laceration,10,86,124,97,17,100,37.1
30095651,2,anxiety,7,83,112,78,21,96,37.5
30095652,3,shortness of breath,1,96,106,69,19,100,36.5
30095653,2,fall,7,80,158,77,15,95,35.5
30095654,3,abdominal pain,3,99,142,100,22,96,37.8
30095655,1,anxiety,10,71,130,79,13,98,36.2
30095656,4,fall,2,64,98,78,17,96,37.8
30095657,3,knee pain,0,64,110,46,19,93,38.2
30095658,3,knee pain,2,80,120,72,17,95,36.9
30095659,3,headache,7,103,168,79,17,100,36.5
30095660,4,headache,6,64,149,46,21,97,38.1
30095661,3,anxiety,7,96,110,109,13,99,35.9
30095662,4,knee pain,3,86,112,80,22,100,36.9
30095663,4,laceration,5,74,138,92,20,98,37.1
30095664,4,knee pain,3,98,119,89,17,97,37.1
30095665,3,back pain,1,83,107,85,22,98,36.2
30095666,1,shortness of breath,10,78,114,97,25,90,36.2
30095667,2,chest pain,6,70,104,75,20,96,37.9
30095668,4,anxiety,3,83,137,68,27,99,38.2
30095669,4,shortness of breath,0,79,88,79,21,91,37.9
30095670,3,anxiety,3,79,136,80,25,90,36.8
30095671,3,knee pain,3,98,99,96,12,98,36.8
30095672,3,laceration,4,84,159,62,22,98,36.5
30095673,3,fall,6,79,112,65,21,98,36.7
30095674,3,back pain,7,72,134,89,21,97,36.2
30095675,5,fall,0,91,103,89,22,97,36.2
30095676,3,back pain,0,102,137,98,14,99,37.9
30095677,3,laceration,2,93,111,97,12,93,37.7
30095678,3,anxiety,3,90,137,95,14,100,37.6
30095679,3,back pain,7,96,115,81,15,96,37.9
30095680,2,headache,10,87,153,73,21,98,37.1
30095681,3,fever,3,92,101,82,20,96,37.4
30095682,3,knee pain,4,69,116,101,15,100,37.2
30095683,5,headache,4,72,110,61,18,96,36.9
30095684,3,laceration,4,62,163,91,13,94,37.3
30095685,4,chest pain,6,81,178,116,23,95,37.4
30095686,4,anxiety,2,81,121,71,18,97,37.0
30095687,3,back pain,7,82,102,96,15,95,37.6
30095688,2,fall,10,71,110,55,15,94,37.6
30095689,5,chest pain,7,84,106,64,19,99,36.7
30095690,3,back pain,3,127,133,86,10,100,36.8
30095691,1,fall,6,88,89,113,18,97,37.7
30095692,5,headache,7,85,149,70,17,100,37.0
30095693,3,shortness of breath,3,95,119,69,21,98,37.1
30095694,3,anxiety,2,86,169,89,14,92,38.5
30095695,3,fall,4,54,149,80,18,95,37.1
30095696,3,anxiety,2,61,150,75,18,96,37.0
30095697,1,headache,10,90,122,85,21,96,37.1
30095698,2,back pain,10,92,88,69,17,98,36.8
30095699,3,headache,5,86,115,81,13,95,37.1
30095700,3,knee pain,5,77,144,77,19,100,36.9
30095701,3,abdominal pain,1,86,164,70,18,100,36.9
30095702,4,shortness of breath,5,78,143,86,12,100,37.7
30095703,3,shortness of breath,2,81,151,81,21,99,36.8
30095704,5,knee pain,6,79,96,81,13,94,36.8
30095705,5,shortness of breath,1,90,125,86,18,100,37.9
30095706,2,chest pain,7,84,122,86,18,97,36.9
30095707,4,abdominal pain,6,85,126,74,14,94,37.3
30095708,3,abdominal pain,1,96,130,80,10,100,37.5
30095709,4,back pain,3,90,133,65,22,98,37.9
30095710,4,fever,1,81,125,85,13,96,37.1
30095711,4,anxiety,4,90,84,85,14,97,36.4
30095712,3,back pain,6,92,120,86,14,94,36.1
30095713,4,laceration,2,61,140,80,23,96,36.1
30095714,2,chest pain,9,99,124,98,21,99,37.5
30095715,3,abdominal pain,3,93,104,89,12,99,37.0
30095716,3,fall,2,72,117,84,18,92,37.1
30095717,3,laceration,7,74,131,103,16,93,36.9
30095718,3,fall,6,88,130,70,20,98,37.0
30095719,3,laceration,4,87,99,70,18,97,38.1
30095720,4,fever,4,94,140,66,15,98,37.2
30095721,3,fever,7,98,118,67,16,95,36.5
30095722,3,chest pain,1,78,144,97,22,95,39.1
30095723,3,laceration,6,55,127,97,17,97,36.2
30095724,3,laceration,0,102,130,101,16,93,38.9
30095725,2,back pain,6,78,140,75,21,98,36.7
30095726,3,knee pain,4,78,146,75,19,99,37.7
30095727,5,shortness of breath,3,81,102,106,14,97,36.4
30095728,3,laceration,0,90,126,110,12,100,36.3
30095729,3,headache,7,92,133,63,8,99,36.9
30095730,3,back pain,5,79,134,86,20,98,36.9
30095731,4,knee pain,7,87,107,82,17,89,36.9
30095732,4,fall,0,95,116,73,20,99,37.7
30095733,3,shortness of breath,5,109,121,83,20,96,36.9
30095734,3,anxiety,2,93,114,30,15,100,37.8
30095735,3,headache,1,100,124,79,19,100,37.2
30095736,3,fall,5,89,131,64,20,97,36.4
30095737,4,chest pain,3,80,109,75,12,99,37.2
30095738,3,fever,2,113,125,89,18,97,37.4
30095739,2,headache,7,82,117,86,12,99,37.2
30095740,3,abdominal pain,0,84,122,72,15,96,38.4
30095741,3,anxiety,3,67,101,37,14,98,38.6
30095742,4,headache,1,63,135,81,18,100,36.5
30095743,3,headache,0,70,164,91,15,100,37.3
30095744,3,fall,6,91,113,68,18,97,37.7
30095745,4,chest pain,3,63,150,81,22,96,38.0
30095746,2,chest pain,10,89,132,97,15,98,36.7
30095747,4,anxiety,4,101,124,85,18,98,37.2
30095748,3,anxiety,4,58,173,85,8,100,38.2
30095749,3,chest pain,5,86,154,99,22,94,36.0
30095750,3,back pain,5,116,143,84,15,87,37.1
30095751,3,fall,5,119,93,95,22,97,37.1
30095752,2,laceration,7,73,108,108,11,92,36.2
30095753,3,chest pain,5,78,139,74,17,97,37.9
30095754,2,laceration,8,79,151,75,12,95,37.7
30095755,5,fall,3,86,121,84,11,98,37.4
30095756,3,abdominal pain,1,63,139,58,19,98,36.1
30095757,2,abdominal pain,10,88,117,66,17,100,38.1
30095758,3,fever,4,76,99,116,20,96,36.7
30095759,2,chest pain,7,62,103,67,16,100,37.1
30095760,2,chest pain,8,83,159,98,16,98,35.5
30095761,3,fever,6,92,117,83,15,96,37.1
30095762,4,shortness of breath,3,86,139,71,15,100,36.5
30095763,3,back pain,5,90,89,96,18,97,35.9
30095764,2,back pain,8,107,89,73,23,100,38.0
30095765,4,fall,7,73,153,99,16,91,38.4
30095766,3,anxiety,0,56,91,74,20,100,36.1
30095767,3,laceration,4,99,121,49,17,96,37.3
30095768,4,knee pain,2,100,160,87,19,100,38.2
30095769,4,fever,7,80,177,84,13,97,36.5
30095770,4,shortness of breath,2,75,103,101,19,97,37.8
30095771,2,headache,8,85,119,87,21,98,35.8
30095772,3,fever,7,66,135,69,17,91,38.7
30095773,1,chest pain,6,70,103,88,20,100,37.0
30095774,2,anxiety,6,104,135,90,21,95,35.8
30095775,3,shortness of breath,6,71,142,84,18,98,38.5
30095776,5,fall,1,80,128,95,21,95,38.5
30095777,2,headache,10,95,165,63,18,99,36.7
30095778,2,fever,7,70,107,75,16,98,37.0
30095779,4,shortness of breath,2,67,148,63,11,98,38.2
30095780,4,abdominal pain,4,56,97,90,14,100,36.3
30095781,3,knee pain,2,76,90,67,30,98,36.8
30095782,3,laceration,0,76,115,77,19,98,35.5
30095783,3,headache,2,91,129,58,18,98,37.3
30095784,4,laceration,0,65,109,55,16,97,37.3
30095785,3,chest pain,4,67,119,56,21,96,35.0
30095786,3,knee pain,6,65,143,130,13,99,37.8
30095787,2,anxiety,9,97,117,96,25,96,38.0
30095788,3,anxiety,2,65,133,92,23,100,36.6
30095789,4,knee pain,3,88,83,56,17,98,35.7
30095790,3,shortness of breath,3,83,135,58,22,100,36.5
30095791,3,shortness of breath,2,97,125,52,15,97,37.0
30095792,3,chest pain,5,77,119,83,11,96,37.8
30095793,3,anxiety,6,76,107,102,18,95,37.6
30095794,4,knee pain,2,103,138,66,16,93,37.3
30095795,4,fever,6,114,138,70,17,97,35.7
30095796,4,shortness of breath,6,104,150,77,17,91,38.1
30095797,1,abdominal pain,6,84,137,98,19,95,35.5
30095798,4,laceration,4,80,138,77,16,95,36.1
30095799,2,knee pain,7,67,112,99,23,97,35.9
30095800,3,fever,1,90,185,71,12,95,36.9
30095801,3,back pain,5,97,122,96,12,94,37.1
30095802,3,fall,2,91,119,90,20,100,36.9
30095803,4,shortness of breath,2,85,120,85,23,96,37.1
30095804,4,headache,7,91,104,74,19,94,37.2
30095805,3,fever,3,54,119,86,27,96,35.7
30095806,3,abdominal pain,2,85,101,80,24,100,36.3
30095807,2,fall,7,103,144,89,19,95,37.8
30095808,3,fall,2,96,132,88,16,100,36.0
30095809,3,headache,7,72,103,75,15,98,36.3
30095810,2,chest pain,9,62,129,99,17,92,35.8
30095811,2,fall,9,68,138,74,24,94,38.0
30095812,3,shortness of breath,2,88,107,67,23,99,37.4
30095813,3,shortness of breath,4,71,116,80,17,100,37.5
30095814,2,back pain,9,91,84,96,14,96,38.6
30095815,4,knee pain,0,119,128,92,15,95,36.2
30095816,4,abdominal pain,1,105,151,79,14,99,37.4
30095817,3,fall,2,94,133,48,18,94,35.7
30095818,3,fall,2,69,125,90,20,91,36.1
30095819,3,headache,0,86,122,64,23,98,36.8
30095820,2,abdominal pain,7,86,119,79,7,99,37.5
30095821,3,headache,0,90,88,77,13,100,36.7
30095822,4,laceration,6,79,115,79,25,97,37.4
30095823,3,knee pain,4,91,91,73,22,95,36.7
30095824,3,fall,7,87,130,91,20,100,35.6
30095825,3,back pain,3,104,95,62,12,94,36.7
30095826,3,laceration,1,69,120,88,18,97,36.7
30095827,4,back pain,4,111,136,119,23,96,36.7
30095828,3,laceration,6,65,123,74,14,97,36.7
30095829,1,laceration,9,83,124,74,23,100,36.9
30095830,4,anxiety,1,87,140,80,13,95,36.5
30095831,4,fever,7,93,99,58,18,91,37.1
30095832,4,abdominal pain,7,94,150,51,22,96,37.5
30095833,2,anxiety,9,72,131,100,17,94,37.1
30095834,3,knee pain,0,41,139,80,21,95,36.7
30095835,2,shortness of breath,6,85,136,61,18,96,37.5
30095836,3,anxiety,0,85,149,43,18,91,36.3
30095837,3,knee pain,4,116,127,58,14,99,37.2
30095838,3,chest pain,2,92,134,77,13,97,38.1
30095839,4,fall,2,92,119,90,21,96,38.6
30095840,3,laceration,1,91,98,77,18,93,37.2
30095841,3,knee pain,0,89,119,91,19,95,36.9
30095842,3,shortness of breath,2,75,128,56,21,94,36.2
30095843,2,fall,8,83,111,58,21,97,37.7
30095844,3,shortness of breath,1,92,138,79,16,87,38.7
30095845,2,laceration,6,92,101,76,18,94,37.1
30095846,4,fever,3,73,128,84,20,95,36.9
30095847,3,fall,6,93,127,80,19,99,36.9
30095848,2,knee pain,6,72,120,60,30,100,37.0
30095849,1,laceration,7,105,132,79,12,97,37.2
30095850,2,fever,7,66,137,100,20,97,37.4
30095851,5,laceration,2,74,107,85,10,99,37.1
30095852,3,chest pain,4,104,107,92,26,95,36.7
30095853,3,fall,7,117,127,72,19,100,37.1
30095854,1,knee pain,8,52,106,112,17,95,37.2
30095855,1,fever,8,85,107,110,16,99,36.3
30095856,3,chest pain,5,89,115,76,15,98,36.7
30095857,2,laceration,6,69,107,89,16,100,37.4
30095858,3,shortness of breath,6,97,110,90,22,94,36.9
30095859,3,headache,0,45,135,96,22,95,37.6
30095860,3,fall,3,89,135,104,16,96,37.3
30095861,4,abdominal pain,3,88,99,59,19,100,36.1
30095862,2,headache,9,83,95,84,19,94,37.1
30095863,5,chest pain,5,75,129,69,10,98,36.8
30095864,3,chest pain,4,105,137,64,26,91,39.2
30095865,5,fever,6,106,84,112,22,96,38.2
30095866,2,fever,6,98,135,83,20,97,36.5
30095867,4,chest pain,3,83,127,102,18,97,36.2
30095868,3,shortness of breath,7,79,119,68,24,99,37.4
30095869,3,knee pain,0,53,116,68,13,97,37.8
30095870,3,fever,7,74,157,91,20,94,36.4
30095871,3,fever,5,72,161,76,18,96,36.5
30095872,3,shortness of breath,1,72,109,91,20,100,37.4
30095873,3,anxiety,3,69,112,77,16,100,36.7
30095874,3,abdominal pain,7,79,125,78,17,95,36.6
30095875,3,knee pain,0,78,143,99,26,97,35.8
30095876,3,back pain,2,81,135,79,22,93,36.6
30095877,3,knee pain,2,94,139,61,20,94,37.8
30095878,3,abdominal pain,3,70,130,52,20,99,35.8
30095879,3,anxiety,1,84,112,66,21,92,35.5
30095880,3,chest pain,2,69,109,88,19,95,37.0
30095881,3,back pain,6,67,114,101,20,97,37.4
30095882,3,headache,2,103,137,54,17,94,36.5
30095883,4,fever,7,104,137,78,24,100,37.5
30095884,4,fever,6,91,99,76,15,96,35.9
30095885,2,laceration,8,106,146,102,17,97,39.0
30095886,3,back pain,6,81,134,59,19,96,36.3
30095887,4,fever,2,81,142,85,23,100,37.8
30095888,5,fever,3,90,110,93,10,99,38.0
30095889,4,anxiety,2,87,127,76,22,96,36.5
30095890,4,chest pain,0,48,98,62,18,100,36.5
30095891,2,headache,10,105,153,69,24,97,38.7
30095892,4,fever,4,71,113,101,21,95,37.0
30095893,3,anxiety,5,79,100,83,14,96,36.1
30095894,1,back pain,10,84,130,76,25,94,37.4
30095895,2,shortness of breath,9,90,129,85,21,100,37.0
30095896,3,abdominal pain,3,73,119,85,21,95,36.3
30095897,2,chest pain,10,86,99,101,16,100,36.7
30095898,3,abdominal pain,4,78,150,76,15,98,37.2
30095899,3,shortness of breath,5,112,132,89,23,97,37.2
30095900,3,chest pain,2,72,114,105,16,97,36.6
30095901,2,knee pain,6,74,101,93,18,96,37.3
30095902,3,abdominal pain,0,73,89,108,19,95,37.5
30095903,4,fall,4,76,99,64,23,99,37.0
30095904,3,fever,2,69,120,83,13,99,37.3
30095905,3,shortness of breath,1,88,139,98,23,95,36.7
30095906,5,back pain,2,61,151,86,22,100,37.6
30095907,4,anxiety,4,81,106,57,18,94,37.1
30095908,3,laceration,0,97,136,81,17,100,36.6
30095909,3,abdominal pain,3,90,126,83,25,96,36.5
30095910,3,back pain,2,63,115,77,16,97,36.8
30095911,3,shortness of breath,7,89,144,82,22,100,35.6
30095912,3,back pain,3,78,109,61,19,96,37.9
30095913,3,laceration,7,49,110,106,17,91,37.1
30095914,3,back pain,4,60,101,88,24,95,37.7
30095915,5,abdominal pain,6,45,124,90,16,97,38.2
30095916,2,laceration,7,99,114,62,25,98,36.9
30095917,4,shortness of breath,5,81,122,70,16,100,35.7
30095918,2,back pain,9,110,133,99,10,97,37.6
30095919,4,anxiety,4,86,136,54,23,96,36.2
30095920,4,headache,3,78,87,61,16,99,37.1
30095921,4,fever,2,77,95,78,19,93,37.1
30095922,2,back pain,10,55,133,70,20,95,36.7
30095923,3,back pain,0,102,111,69,16,98,37.1
30095924,3,laceration,2,71,116,105,18,95,37.6
30095925,1,knee pain,6,62,121,73,11,93,36.8
30095926,4,chest pain,0,77,123,64,18,96,38.0
30095927,4,headache,1,67,100,67,16,95,35.9
30095928,3,shortness of breath,5,75,122,93,17,97,36.6
30095929,3,back pain,1,105,151,93,20,95,36.3
30095930,2,anxiety,8,89,156,67,22,93,35.7
30095931,3,back pain,7,95,128,93,20,94,37.2
30095932,3,knee pain,0,57,101,74,17,98,38.5
30095933,2,shortness of breath,6,95,163,96,17,96,37.1
30095934,3,fever,3,62,159,108,14,95,37.0
30095935,3,anxiety,2,100,96,78,21,99,37.4
30095936,4,abdominal pain,0,73,143,75,16,98,36.2
30095937,4,abdominal pain,1,57,148,81,17,100,36.2
30095938,3,knee pain,6,90,109,98,21,98,39.2
30095939,1,knee pain,7,92,150,89,23,99,37.1
30095940,3,abdominal pain,1,88,134,61,24,100,37.7
30095941,3,knee pain,0,84,100,70,21,100,37.7
30095942,3,anxiety,1,80,71,84,21,100,36.7
30095943,2,knee pain,10,74,136,97,22,98,35.7
30095944,2,abdominal pain,9,81,110,62,23,91,37.9
30095945,2,laceration,7,98,156,65,22,100,35.4
30095946,4,anxiety,0,92,128,70,16,98,37.4
30095947,3,headache,7,71,118,78,22,91,36.9
30095948,5,fever,4,96,121,78,8,96,37.0
30095949,4,laceration,2,110,118,76,24,97,37.1
30095950,3,back pain,5,83,119,55,24,95,37.0
30095951,3,fever,0,81,129,81,17,95,36.8
30095952,4,laceration,4,78,143,74,16,100,38.6
30095953,1,headache,7,78,116,100,11,95,36.9
30095954,3,laceration,4,82,143,102,14,93,36.6
30095955,2,shortness of breath,10,74,141,85,19,98,37.4
30095956,5,knee pain,0,63,160,79,18,92,35.7
30095957,4,laceration,3,106,105,79,18,91,37.1
30095958,3,back pain,5,79,124,12,23,96,36.6
30095959,3,laceration,6,69,154,87,17,98,37.1
30095960,3,laceration,6,100,130,83,21,95,36.3
30095961,3,shortness of breath,5,99,104,73,12,95,37.5
30095962,1,headache,9,89,135,70,25,94,37.1
30095963,1,anxiety,10,87,103,91,16,98,36.3
30095964,4,laceration,4,77,107,84,18,97,37.5
30095965,3,fall,7,73,95,89,18,97,37.8
30095966,2,anxiety,6,80,120,70,23,96,36.5
30095967,1,headache,8,125,103,108,14,93,36.8
30095968,2,headache,6,79,127,66,12,100,37.0
30095969,2,anxiety,9,100,122,88,15,98,37.3
30095970,3,abdominal pain,2,94,111,111,20,96,35.9
30095971,3,anxiety,2,96,130,93,22,98,36.7
30095972,4,chest pain,0,80,85,91,18,100,37.3
30095973,3,knee pain,0,63,128,97,16,95,38.1
30095974,3,abdominal pain,7,88,150,99,20,94,36.2
30095975,5,knee pain,6,82,104,93,20,96,36.2
30095976,5,shortness of breath,4,96,81,92,9,100,37.7
30095977,3,shortness of breath,3,109,118,100,13,100,36.8
30095978,1,fall,7,81,122,82,12,94,37.9
30095979,3,anxiety,6,71,110,60,15,98,35.9
30095980,2,fever,7,100,112,72,19,95,34.8
30095981,3,abdominal pain,1,64,124,100,13,94,36.9
30095982,3,abdominal pain,3,80,125,95,20,100,38.2
30095983,2,fall,6,88,86,53,22,98,36.8
30095984,3,back pain,3,87,115,70,18,99,36.9
30095985,3,headache,1,52,128,67,13,99,37.7
30095986,3,abdominal pain,4,82,132,75,22,98,37.8
30095987,3,abdominal pain,4,107,118,63,21,99,37.3
30095988,1,back pain,8,85,88,83,16,99,37.9
30095989,3,back pain,2,75,165,61,16,94,36.5
30095990,3,headache,6,113,106,84,20,95,37.6
30095991,3,knee pain,5,71,131,59,20,98,38.7
30095992,3,fever,6,82,127,86,15,100,38.5
30095993,3,back pain,7,78,126,85,14,97,36.6
30095994,5,knee pain,0,82,94,65,12,98,37.1
30095995,3,shortness of breath,1,81,136,87,21,94,37.1
30095996,2,chest pain,8,98,168,78,15,97,37.0
30095997,3,anxiety,7,94,121,91,18,96,37.2
30095998,2,chest pain,10,73,109,63,17,96,37.2
30095999,2,shortness of breath,9,96,128,73,15,97,36.3
30096000,3,knee pain,7,76,64,97,16,98,37.5
30096001,5,headache,4,99,109,89,24,94,36.2
30096002,3,chest pain,3,73,107,73,19,96,36.7
30096003,4,knee pain,6,79,139,92,22,99,38.5
30096004,3,laceration,5,89,101,94,18,100,37.2
30096005,3,knee pain,0,76,113,79,18,94,35.3
30096006,3,fall,0,100,95,70,19,100,36.6
30096007,3,anxiety,4,121,139,59,25,97,37.6
30096008,1,headache,9,88,94,58,20,99,36.5
30096009,3,shortness of breath,2,46,154,67,20,100,36.5
30096010,4,chest pain,2,80,101,75,18,97,36.9
30096011,4,shortness of breath,0,113,120,101,15,100,38.6
30096012,3,laceration,1,75,89,96,13,97,35.6
30096013,3,back pain,7,101,119,83,7,98,37.8
30096014,3,anxiety,1,78,125,80,20,98,37.1
30096015,3,abdominal pain,4,97,139,80,17,93,38.4
30096016,4,knee pain,2,83,135,91,9,98,36.6
30096017,3,shortness of breath,7,90,124,103,21,94,37.0
30096018,3,headache,1,92,101,83,16,98,36.1
30096019,2,fever,10,79,111,84,17,98,36.1
30096020,4,back pain,3,99,125,71,19,100,37.3
30096021,3,fever,5,77,92,76,15,96,36.1
30096022,4,anxiety,7,75,142,82,20,94,37.8
30096023,4,anxiety,7,76,145,90,21,93,36.9
30096024,1,back pain,8,80,137,65,12,96,37.4
30096025,4,back pain,1,93,108,111,19,95,37.3
30096026,1,fever,8,95,96,80,25,93,36.8
30096027,2,headache,8,75,179,87,16,97,36.5
30096028,3,fever,6,84,114,77,15,97,36.9
30096029,4,laceration,1,105,123,106,11,100,38.1
30096030,5,laceration,6,65,162,82,23,95,38.0
30096031,3,shortness of breath,2,107,104,85,22,98,37.6
30096032,3,fall,6,66,122,106,18,96,36.4
30096033,3,abdominal pain,0,72,130,94,23,98,37.4
30096034,3,headache,6,83,114,65,16,92,36.1
30096035,3,knee pain,1,70,135,68,16,98,36.6
30096036,3,abdominal pain,5,71,143,90,15,92,37.8
30096037,3,knee pain,5,61,72,78,18,99,36.2
30096038,2,headache,10,76,117,98,11,94,35.2
30096039,4,anxiety,6,93,142,69,17,93,35.9
30096040,3,fall,7,90,150,87,17,96,37.8
30096041,1,shortness of breath,9,107,131,90,23,94,36.1
30096042,3,anxiety,3,88,121,79,16,100,37.3
30096043,3,headache,3,74,101,94,24,98,38.2
30096044,3,chest pain,3,57,117,86,16,99,37.3
30096045,3,abdominal pain,2,78,124,73,15,93,35.3
30096046,3,back pain,3,78,125,66,18,98,37.4
30096047,3,headache,2,115,106,66,18,94,36.4
30096048,4,chest pain,5,102,96,72,20,94,37.0
30096049,3,shortness of breath,7,89,136,65,14,100,37.2
30096050,3,fever,5,86,131,91,21,95,37.6
30096051,3,fall,5,52,140,56,17,100,37.4
30096052,3,chest pain,5,66,100,74,20,95,35.9
30096053,1,back pain,10,75,101,92,25,96,36.0
30096054,2,knee pain,9,95,189,88,13,100,37.8
30096055,3,back pain,5,70,110,82,24,99,36.1
30096056,3,fall,5,66,139,92,23,97,36.1
30096057,4,chest pain,7,86,144,76,18,93,36.3
30096058,3,anxiety,7,86,78,65,18,97,36.8
30096059,4,fall,4,92,160,64,16,97,37.5
30096060,3,fall,4,95,131,62,17,99,38.3
30096061,3,anxiety,0,80,96,88,17,98,36.9
30096062,3,shortness of breath,6,75,133,68,19,93,36.9
30096063,3,shortness of breath,7,92,111,88,12,99,37.3
30096064,3,fever,7,63,128,94,17,95,37.2
30096065,4,fall,2,96,117,71,28,98,37.0
30096066,3,laceration,6,81,107,76,19,95,37.4
30096067,2,laceration,7,75,107,102,14,99,36.8
30096068,3,shortness of breath,5,116,94,80,15,100,36.8
30096069,3,fall,6,56,138,68,19,99,37.5
30096070,3,fall,5,88,109,85,15,100,36.5
30096071,3,shortness of breath,3,75,142,85,24,94,38.5
30096072,2,fall,9,90,119,72,9,99,38.3
30096073,3,headache,7,94,90,68,19,98,37.7
30096074,3,laceration,6,92,144,79,15,88,38.5
30096075,3,headache,2,81,150,103,18,98,39.1
30096076,4,back pain,7,101,140,98,21,100,37.7
30096077,3,shortness of breath,0,88,133,62,18,100,36.4
30096078,2,shortness of breath,8,74,136,92,17,89,37.2
30096079,4,fall,7,79,99,67,17,99,37.8
30096080,4,laceration,3,79,118,96,19,95,37.5
30096081,3,back pain,3,81,98,69,16,100,37.0
30096082,3,laceration,0,80,135,96,19,100,35.9
30096083,5,back pain,7,121,162,115,15,96,36.4
30096084,3,chest pain,0,94,103,98,18,92,36.9
30096085,5,abdominal pain,3,90,124,68,18,95,37.5
30096086,2,fall,9,109,127,106,9,94,38.4
30096087,2,fever,8,59,121,83,18,98,36.4
30096088,3,laceration,5,79,112,89,20,99,36.9
30096089,5,headache,4,94,139,98,11,98,35.6
30096090,3,headache,1,87,113,75,19,94,37.8
30096091,3,anxiety,1,45,133,70,21,100,37.4
30096092,3,knee pain,4,80,175,66,20,98,37.3
30096093,3,anxiety,0,72,126,83,17,100,38.1
30096094,3,laceration,2,61,125,94,22,93,37.9
30096095,3,shortness of breath,6,94,100,65,17,97,36.6
30096096,3,headache,2,64,112,112,14,95,37.3
30096097,3,laceration,0,96,69,78,15,98,36.6
30096098,4,fall,7,90,127,43,8,95,36.8
30096099,3,headache,4,59,108,68,23,96,37.0
30096100,5,anxiety,1,71,135,111,18,96,37.1
30096101,5,shortness of breath,7,93,109,97,17,99,37.6
30096102,2,knee pain,8,77,114,64,11,94,37.4
30096103,1,back pain,10,104,135,65,15,94,36.9
30096104,2,shortness of breath,7,70,117,62,16,96,37.1
30096105,3,shortness of breath,5,100,170,63,22,100,37.8
30096106,3,fall,2,78,161,64,15,95,36.2
30096107,3,fever,6,101,126,55,18,97,36.8
30096108,2,fever,9,85,115,88,18,94,36.7
30096109,2,anxiety,7,89,155,80,17,97,36.5
30096110,3,headache,5,89,129,50,15,95,37.0
30096111,3,shortness of breath,4,77,122,77,18,96,36.6
30096112,1,laceration,7,74,139,86,18,98,38.0
30096113,3,shortness of breath,7,120,118,85,22,100,36.4
30096114,3,headache,1,73,103,63,19,93,37.0
30096115,4,laceration,5,93,121,92,16,96,37.1
30096116,3,abdominal pain,4,95,139,75,12,97,36.9
30096117,2,shortness of breath,6,73,82,77,18,95,37.5
30096118,3,back pain,0,50,132,74,15,100,37.0
30096119,2,laceration,10,68,118,88,20,95,36.7
30096120,4,knee pain,0,69,94,67,13,95,36.1
30096121,3,back pain,0,62,98,85,27,96,36.5
30096122,2,shortness of breath,6,79,152,75,26,92,38.9
30096123,2,knee pain,10,78,101,77,15,95,38.1
30096124,2,back pain,7,68,103,57,15,87,37.0
30096125,3,anxiety,4,91,150,70,18,94,36.3
30096126,3,fall,0,83,105,77,20,92,36.2
30096127,4,fall,3,70,120,85,26,90,37.4
30096128,3,knee pain,4,71,141,87,20,100,36.2
30096129,3,shortness of breath,5,68,122,68,23,94,35.9
30096130,5,fever,6,82,105,51,20,96,36.0
30096131,3,abdominal pain,5,85,71,79,17,97,38.0
30096132,3,shortness of breath,1,93,120,86,15,100,38.1
30096133,3,fall,4,77,139,53,18,98,38.3
30096134,4,fall,5,83,118,47,16,98,37.8
30096135,3,laceration,3,62,135,88,20,99,38.4
30096136,4,laceration,5,68,118,48,21,100,36.8
30096137,4,fever,7,82,147,80,20,97,36.4
30096138,3,shortness of breath,0,90,136,80,14,96,37.2
30096139,5,shortness of breath,3,104,75,91,25,96,35.9
30096140,3,laceration,2,74,139,82,17,96,36.0
30096141,3,headache,2,66,117,76,13,93,37.0
30096142,4,shortness of breath,1,79,114,95,21,97,37.0
30096143,3,fall,0,83,142,86,13,98,36.5
30096144,3,back pain,7,56,123,104,16,94,36.9
30096145,2,back pain,8,94,137,68,13,96,37.9
30096146,2,fall,10,75,120,73,14,99,36.6
30096147,3,back pain,2,102,109,67,17,97,38.7
30096148,2,fever,9,77,125,53,17,97,36.6
30096149,3,fall,5,96,113,65,11,100,34.7
30096150,2,headache,7,86,133,83,19,100,36.1
30096151,3,fever,6,116,169,105,11,96,36.6
30096152,2,knee pain,8,94,115,95,17,97,37.3
30096153,3,headache,3,96,92,95,14,97,36.5
30096154,2,chest pain,7,89,105,90,15,94,37.3
30096155,3,knee pain,6,74,112,57,17,89,37.8
30096156,2,fever,8,87,127,72,23,92,38.1
30096157,1,abdominal pain,7,90,106,85,15,93,37.1
30096158,1,abdominal pain,10,90,150,66,10,94,36.7
30096159,3,fall,1,108,121,57,19,98,36.5
30096160,1,abdominal pain,8,66,127,87,22,99,37.3
30096161,3,chest pain,2,90,113,85,15,99,37.4
30096162,3,chest pain,3,121,114,65,15,98,37.0
30096163,3,abdominal pain,4,79,128,86,20,98,36.7
30096164,4,chest pain,7,90,129,84,23,93,37.1
30096165,3,chest pain,7,95,96,65,16,95,36.9
30096166,3,abdominal pain,2,96,157,92,21,100,35.5
30096167,3,chest pain,7,93,121,79,16,98,38.0
30096168,1,knee pain,9,94,101,86,18,96,37.1
30096169,1,shortness of breath,9,91,111,74,14,100,37.0
30096170,1,fall,7,74,122,80,19,94,37.5
30096171,3,headache,2,99,136,83,15,95,37.3
30096172,2,headache,9,66,150,60,16,99,37.3
30096173,2,knee pain,9,116,106,90,22,100,36.9
30096174,2,headache,6,83,104,75,17,90,37.2
30096175,3,back pain,0,153,143,88,18,95,37.6
30096176,4,chest pain,0,72,133,62,17,97,35.8
30096177,4,shortness of breath,0,82,143,66,25,95,36.6
30096178,4,laceration,5,88,150,83,20,92,36.6
30096179,3,headache,4,80,121,85,17,100,36.5
30096180,3,back pain,2,91,123,67,17,96,36.7
30096181,2,headache,8,58,121,103,13,97,36.6
30096182,3,back pain,4,92,119,45,23,97,37.2
30096183,5,laceration,4,55,109,83,20,92,36.0
30096184,3,back pain,6,94,153,50,14,100,37.0
30096185,2,shortness of breath,9,83,125,102,15,91,37.3
30096186,3,laceration,3,94,120,66,26,98,38.9
30096187,3,knee pain,5,69,143,76,16,100,36.9
30096188,3,headache,1,76,117,72,18,97,35.7
30096189,3,abdominal pain,0,83,104,86,19,100,37.0
30096190,5,fall,4,93,148,89,18,95,37.2
30096191,3,abdominal pain,6,75,132,118,23,95,36.5
30096192,3,abdominal pain,1,99,125,62,14,97,36.9
30096193,2,fever,9,74,125,95,17,93,36.1
30096194,3,chest pain,1,79,123,79,17,96,36.9
30096195,4,laceration,4,62,112,55,25,99,37.8
30096196,1,headache,8,102,108,76,15,94,37.6
30096197,4,headache,5,94,171,88,17,100,37.3
30096198,3,back pain,6,99,110,81,16,95,35.3
30096199,3,laceration,7,77,128,70,18,99,37.4
30096200,3,fall,3,97,128,86,16,98,37.5
30096201,3,shortness of breath,7,108,140,101,12,93,36.9
30096202,3,chest pain,4,96,117,91,14,96,36.8
30096203,3,shortness of breath,1,55,126,90,18,100,36.5
30096204,3,back pain,1,83,133,57,16,94,39.1
30096205,4,anxiety,0,93,86,56,22,99,36.5
30096206,3,laceration,6,78,129,71,13,96,36.3
30096207,3,back pain,6,89,125,75,22,99,36.0
30096208,3,laceration,7,51,157,90,20,98,37.2
30096209,1,anxiety,10,60,126,45,18,96,38.4
30096210,4,back pain,0,74,114,97,9,92,36.6
30096211,5,fever,7,78,132,90,19,94,36.7
30096212,2,fall,7,98,107,96,20,95,38.3
30096213,3,fall,2,82,132,35,16,97,36.6
30096214,3,abdominal pain,0,88,120,82,20,100,37.5
30096215,2,fall,6,80,97,69,21,98,37.2
30096216,3,fever,0,85,100,97,23,100,35.8
30096217,3,fall,0,63,133,86,17,95,37.5
30096218,2,anxiety,7,76,137,91,17,92,36.5
30096219,1,fever,8,62,176,55,19,99,37.8
30096220,4,knee pain,0,84,130,91,14,97,37.4
30096221,4,laceration,5,68,155,75,14,96,37.9
30096222,4,knee pain,2,64,107,90,24,93,36.6
30096223,3,anxiety,0,78,129,95,16,96,36.5
30096224,4,headache,1,68,140,84,18,96,36.3
30096225,3,knee pain,7,89,142,78,19,97,37.4
30096226,3,abdominal pain,4,83,125,86,12,96,36.8
30096227,5,abdominal pain,2,90,112,77,28,96,36.9
30096228,1,shortness of breath,6,93,150,63,14,100,37.0
30096229,4,abdominal pain,5,70,128,63,21,94,37.1
30096230,3,fever,1,111,121,55,18,98,37.6
30096231,4,anxiety,4,96,104,55,17,100,37.1
30096232,4,laceration,6,72,34,92,25,94,36.4
30096233,4,anxiety,1,75,103,91,20,97,37.2
30096234,1,chest pain,8,79,91,86,19,92,37.5
30096235,3,shortness of breath,6,52,92,85,16,99,38.0
30096236,1,fall,8,90,102,74,23,100,38.3
30096237,3,chest pain,4,86,115,84,23,99,37.2
30096238,3,fall,4,80,98,79,19,97,36.9
30096239,3,laceration,0,99,118,72,20,100,36.1
30096240,3,headache,0,67,116,77,19,95,36.9
30096241,3,back pain,0,73,128,75,18,100,37.4
30096242,3,anxiety,2,91,126,101,18,100,37.5
30096243,3,shortness of breath,5,75,123,86,16,97,38.0
30096244,4,fall,4,73,130,64,20,97,36.9
30096245,3,headache,5,68,151,78,17,97,36.9
30096246,3,laceration,6,85,117,73,19,98,37.4
30096247,3,chest pain,4,90,121,62,17,96,36.3
30096248,4,anxiety,2,78,148,106,19,94,36.7
30096249,2,chest pain,9,87,130,55,18,98,38.2
30096250,3,anxiety,2,113,103,109,20,100,35.8
30096251,4,anxiety,3,61,136,66,17,96,38.2
30096252,3,fever,1,75,150,75,20,96,36.1
30096253,1,back pain,6,71,124,91,14,91,38.7
30096254,4,shortness of breath,0,84,104,90,25,100,35.5
30096255,1,fever,9,91,130,83,23,95,36.6
30096256,3,headache,5,86,108,58,24,100,37.3
30096257,3,abdominal pain,4,91,120,55,15,96,38.0
30096258,4,abdominal pain,1,86,145,74,8,94,36.2
30096259,4,abdominal pain,2,82,126,103,15,100,35.8
30096260,3,abdominal pain,2,77,124,88,23,96,37.0
30096261,3,laceration,5,71,112,104,17,94,36.4
30096262,4,chest pain,5,94,135,92,24,100,37.0
30096263,2,back pain,7,74,124,71,17,97,37.3
30096264,3,headache,7,87,141,110,26,100,38.7
30096265,2,headache,7,109,124,48,17,100,36.2
30096266,3,laceration,5,90,113,82,22,100,36.9
30096267,1,knee pain,8,94,151,58,23,95,36.7
30096268,4,shortness of breath,0,75,100,98,16,99,36.3
30096269,3,back pain,1,87,140,91,16,95,37.3
30096270,4,chest pain,4,73,137,89,14,97,37.2
30096271,3,headache,0,118,133,80,19,98,36.6
30096272,3,shortness of breath,6,66,140,105,20,98,35.9
30096273,2,shortness of breath,10,58,144,99,19,99,37.0
30096274,2,headache,7,109,135,75,18,99,37.7
30096275,5,abdominal pain,4,79,104,87,15,94,36.8
30096276,3,chest pain,3,75,148,78,24,100,36.4
30096277,3,anxiety,4,118,123,83,13,99,37.1
30096278,2,knee pain,9,80,141,63,18,99,36.5
30096279,3,shortness of breath,7,84,140,73,13,97,36.3
30096280,1,fall,6,44,125,80,15,98,38.0
30096281,3,abdominal pain,3,58,145,88,17,90,37.2
30096282,3,abdominal pain,1,100,164,94,20,98,37.2
30096283,2,fall,8,88,145,78,23,100,37.4
30096284,1,fever,10,68,103,89,22,93,36.0
30096285,3,shortness of breath,4,69,132,87,20,94,37.2
30096286,3,back pain,5,100,137,89,22,100,38.0
30096287,3,laceration,1,81,129,69,20,100,38.5
30096288,3,headache,4,85,153,58,16,100,37.7
30096289,3,abdominal pain,4,66,98,79,29,97,38.0
30096290,2,back pain,7,90,127,91,18,97,37.4
30096291,4,chest pain,7,97,98,76,24,93,37.7
30096292,4,chest pain,6,86,129,94,17,99,35.7
30096293,3,fall,5,76,111,95,18,100,37.1
30096294,3,chest pain,5,115,106,67,16,94,35.6
30096295,3,shortness of breath,6,87,151,63,18,97,36.0
30096296,2,headache,6,75,97,96,15,100,37.8
30096297,5,fall,5,70,115,84,16,97,36.7
30096298,4,abdominal pain,4,72,127,74,19,94,37.2
30096299,3,shortness of breath,5,90,112,68,14,88,37.5
30096300,4,shortness of breath,4,96,137,78,17,93,36.9
30096301,2,back pain,8,92,140,79,29,96,37.8
30096302,2,knee pain,10,72,128,69,33,100,37.1
30096303,2,headache,10,102,105,79,12,96,37.4
30096304,5,knee pain,6,90,144,83,24,100,36.5
30096305,3,fall,5,83,119,81,19,98,38.4
30096306,3,knee pain,4,93,90,101,18,98,36.7
30096307,1,fever,6,69,89,73,13,94,37.9
30096308,3,knee pain,0,94,119,63,18,95,37.8
30096309,3,fall,2,77,124,38,17,99,37.0
30096310,3,fall,2,107,92,91,18,95,36.3
30096311,3,back pain,1,98,107,77,25,95,37.2
30096312,4,chest pain,7,68,137,78,21,97,36.8
30096313,4,knee pain,6,63,129,88,18,100,36.8
30096314,5,fever,2,76,118,102,21,94,37.0
30096315,3,headache,5,98,127,108,20,100,38.0
30096316,3,anxiety,3,85,110,105,23,98,36.7
30096317,4,fall,7,73,122,110,20,100,35.7
30096318,4,fever,0,96,124,93,16,100,35.7
30096319,3,fall,2,75,106,99,18,94,37.7
30096320,3,laceration,0,74,115,95,13,93,37.2
30096321,2,back pain,6,84,122,69,15,96,37.3
30096322,2,knee pain,8,89,132,35,17,100,36.7
30096323,3,headache,0,89,119,92,14,92,36.9
30096324,3,abdominal pain,6,85,124,92,16,97,36.0
30096325,3,laceration,2,80,149,80,19,100,37.2
30096326,4,knee pain,3,71,167,71,19,99,38.1
30096327,5,abdominal pain,3,105,121,94,27,97,37.3
30096328,3,chest pain,4,96,170,96,15,99,38.6
30096329,3,fall,4,109,102,116,18,99,37.6
30096330,3,chest pain,2,80,105,102,22,97,38.8
30096331,4,abdominal pain,6,93,108,83,22,96,36.1
30096332,3,chest pain,3,81,150,66,21,100,38.1
30096333,1,abdominal pain,7,78,115,86,14,99,37.6
30096334,5,abdominal pain,6,102,139,102,16,88,36.6
30096335,3,anxiety,2,123,158,57,24,99,37.8
30096336,3,abdominal pain,3,71,133,80,15,98,36.9
30096337,4,back pain,3,100,122,79,17,93,37.4
30096338,4,back pain,6,93,123,90,22,100,36.7
30096339,3,anxiety,3,101,168,84,11,97,37.0
30096340,3,anxiety,5,86,137,77,21,95,37.5
30096341,3,chest pain,3,92,103,91,19,96,35.6
30096342,4,back pain,0,104,99,81,16,98,37.5
30096343,3,anxiety,2,83,146,73,15,91,36.9
30096344,4,fall,6,78,112,86,17,100,36.5
30096345,4,laceration,2,96,145,88,20,98,35.9
30096346,1,back pain,6,91,155,63,12,94,36.9
30096347,4,anxiety,3,101,116,92,26,91,36.7
30096348,2,laceration,8,93,107,83,17,100,35.7
30096349,4,anxiety,0,56,128,104,17,98,37.4
30096350,5,shortness of breath,2,85,148,81,18,97,35.9
30096351,3,fall,7,83,76,104,23,99,36.9
30096352,5,fever,1,93,114,101,18,96,35.9
30096353,4,fall,6,69,97,84,14,98,36.3
30096354,3,shortness of breath,5,89,104,67,21,95,36.4
30096355,3,fever,0,85,89,76,16,98,37.7
30096356,1,fever,10,85,135,81,15,100,36.7
30096357,3,chest pain,6,71,145,92,25,97,36.3
30096358,4,back pain,7,71,129,68,22,97,36.5
30096359,3,shortness of breath,5,88,123,70,14,100,35.8
30096360,3,knee pain,4,92,102,101,20,89,36.7
30096361,3,laceration,5,99,118,68,19,97,36.9
30096362,2,anxiety,8,91,113,104,15,93,38.0
30096363,3,laceration,6,78,88,60,22,93,37.7
30096364,3,fall,5,80,134,70,12,100,38.0
30096365,2,back pain,10,79,123,77,18,97,37.7
30096366,3,laceration,6,86,159,86,20,98,36.2
30096367,1,anxiety,7,107,123,63,17,92,35.5
30096368,3,back pain,5,86,112,79,18,95,37.3
30096369,2,headache,9,85,122,83,18,99,37.4
30096370,3,anxiety,2,123,147,68,14,91,37.9
30096371,5,anxiety,2,87,95,63,26,96,36.0
30096372,2,fall,7,97,102,82,14,97,36.0
30096373,3,fall,4,95,140,76,15,97,36.7
30096374,1,laceration,7,67,134,93,19,100,35.5
30096375,3,back pain,3,68,112,71,20,95,37.3
30096376,3,knee pain,2,108,155,94,23,93,37.7
30096377,4,abdominal pain,5,93,126,91,18,90,37.6
30096378,4,back pain,1,92,151,64,16,96,37.4
30096379,2,anxiety,7,75,116,76,8,97,36.6
30096380,2,knee pain,7,87,80,74,17,99,37.3
30096381,3,headache,5,102,134,84,17,99,37.5
30096382,2,fall,7,79,142,59,20,94,36.8
30096383,5,headache,7,83,90,91,19,98,35.9
30096384,3,fall,4,71,83,88,15,94,37.6
30096385,3,headache,5,78,186,100,8,94,36.8
30096386,4,shortness of breath,0,83,129,38,16,93,36.7
30096387,4,knee pain,7,96,130,105,22,91,36.8
30096388,3,abdominal pain,0,81,131,105,14,94,37.3
30096389,2,fall,8,74,140,72,16,99,36.8
30096390,3,fall,1,84,120,109,20,100,37.1
30096391,2,chest pain,7,92,124,64,25,98,37.0
30096392,3,headache,2,99,138,87,25,93,36.9
30096393,4,knee pain,4,76,156,71,19,95,36.3
30096394,3,back pain,3,67,144,77,22,93,39.3
30096395,4,laceration,2,97,144,74,22,99,38.3
30096396,2,knee pain,6,79,121,64,13,91,36.1
30096397,2,headache,7,84,146,92,18,96,37.6
30096398,2,laceration,10,76,106,42,17,99,36.9
30096399,4,back pain,3,84,100,63,19,98,37.5
30096400,3,headache,6,83,117,70,18,93,36.2
30096401,4,shortness of breath,7,66,101,64,17,97,36.6
30096402,2,anxiety,7,99,153,92,15,100,36.6
30096403,3,laceration,3,79,139,81,21,100,35.6
30096404,3,headache,6,55,112,65,13,92,36.3
30096405,3,chest pain,2,92,136,98,15,97,37.1
30096406,2,fever,9,95,122,84,17,91,36.3
30096407,3,fall,4,42,116,86,18,93,37.3
30096408,3,fever,1,83,114,92,23,95,36.3
30096409,3,fall,3,71,115,58,12,95,38.0
30096410,3,abdominal pain,2,97,138,89,25,100,38.5
30096411,4,chest pain,7,52,139,81,17,95,37.9
30096412,3,anxiety,7,83,121,68,17,94,37.1
30096413,5,shortness of breath,6,77,130,97,15,99,37.5
30096414,3,anxiety,7,82,108,85,19,96,37.1
30096415,3,laceration,4,46,182,93,17,100,36.7
30096416,3,shortness of breath,6,82,161,75,15,99,38.0
30096417,2,shortness of breath,6,60,132,57,17,97,37.6
30096418,2,chest pain,8,101,107,84,19,99,36.8
30096419,3,laceration,4,58,151,84,16,98,37.4
30096420,4,fall,1,97,136,89,15,100,34.9
30096421,3,laceration,3,94,129,82,18,94,36.2
30096422,3,anxiety,7,81,91,79,17,97,37.2
30096423,3,fever,4,98,123,68,16,98,36.8
30096424,3,abdominal pain,7,86,92,70,14,100,37.7
30096425,2,fever,7,72,114,87,23,94,36.5
30096426,3,fall,4,91,134,87,28,94,37.2
30096427,3,fever,1,60,110,86,22,99,37.6
30096428,2,abdominal pain,9,75,119,83,15,93,36.0
30096429,3,headache,6,75,149,89,24,97,37.6
30096430,3,chest pain,4,83,126,89,16,95,36.2
30096431,3,fall,3,103,101,81,15,96,36.8
30096432,1,laceration,7,98,137,81,19,99,37.2
30096433,2,back pain,7,79,110,100,14,100,35.9
30096434,3,shortness of breath,7,84,135,93,25,97,34.9
30096435,3,back pain,2,91,163,69,13,95,38.1
30096436,2,headache,9,81,145,57,24,99,36.9
30096437,3,laceration,7,92,122,56,24,96,38.6
30096438,4,abdominal pain,6,82,122,91,18,100,35.9
30096439,3,fever,4,114,130,85,15,95,36.1
30096440,3,fever,1,121,104,76,20,95,37.6
30096441,3,laceration,2,68,119,69,20,97,37.7
30096442,4,chest pain,0,106,117,99,19,96,36.3
30096443,3,abdominal pain,4,101,132,95,15,97,36.6
30096444,3,laceration,1,66,138,96,23,97,37.7
30096445,4,knee pain,3,88,116,64,21,100,37.1
30096446,2,chest pain,6,77,114,88,17,100,35.5
30096447,3,knee pain,4,91,117,68,20,97,36.3
30096448,1,headache,6,77,95,54,18,96,36.9
30096449,5,abdominal pain,1,98,150,76,14,96,37.8
30096450,5,back pain,5,76,120,84,17,94,37.7
30096451,3,chest pain,2,67,122,78,17,100,37.7
30096452,2,shortness of breath,9,70,165,77,15,100,36.9
30096453,3,shortness of breath,1,63,125,50,24,92,37.3
30096454,3,abdominal pain,4,70,132,88,20,97,35.5
30096455,4,shortness of breath,7,78,135,89,17,99,36.7
30096456,3,fall,1,87,138,78,12,97,37.9
30096457,3,fall,7,72,120,91,21,98,38.4
30096458,2,laceration,8,43,85,80,18,96,37.4
30096459,3,back pain,2,79,162,45,16,98,36.6
30096460,2,headache,6,109,97,96,26,96,38.5
30096461,3,fall,0,77,103,74,20,100,36.6
30096462,3,chest pain,3,74,141,97,21,100,36.9
30096463,3,anxiety,5,96,137,64,16,98,36.6
30096464,3,fall,6,80,155,49,24,100,35.7
30096465,5,shortness of breath,3,93,143,90,15,94,37.4
30096466,3,headache,2,61,114,100,22,98,36.6
30096467,4,fall,1,102,140,61,24,100,37.4
30096468,2,knee pain,10,95,164,71,18,100,35.5
30096469,3,chest pain,0,101,126,71,23,98,36.8
30096470,4,chest pain,2,75,108,75,16,96,35.8
30096471,3,shortness of breath,0,99,89,65,20,99,37.2
30096472,4,knee pain,5,79,100,84,25,96,37.7
30096473,3,fever,7,67,133,89,13,99,37.0
30096474,3,abdominal pain,5,66,103,80,14,97,37.3
30096475,4,headache,2,87,107,75,25,96,38.8
30096476,3,anxiety,3,97,123,91,19,99,36.6
30096477,3,laceration,4,73,108,92,16,99,37.0
30096478,3,knee pain,6,95,113,80,20,98,39.0
30096479,2,chest pain,7,85,114,93,14,98,36.2
30096480,4,chest pain,0,82,133,91,22,97,37.2
30096481,2,anxiety,7,70,119,85,24,95,37.2
30096482,3,shortness of breath,1,86,84,68,18,99,37.9
30096483,3,abdominal pain,4,93,117,88,16,97,37.5
30096484,3,knee pain,3,86,120,88,17,96,35.6
30096485,5,abdominal pain,5,114,128,103,27,99,36.9
30096486,4,chest pain,1,93,167,71,16,100,37.7
30096487,2,back pain,10,87,89,79,17,100,37.2
30096488,3,chest pain,7,81,117,87,19,100,37.7
30096489,2,shortness of breath,8,84,131,83,10,99,36.2
30096490,4,back pain,3,93,119,91,22,94,37.1
30096491,4,fall,1,71,136,74,12,94,37.3
30096492,4,knee pain,4,58,136,61,21,95,37.7
30096493,2,laceration,8,97,111,53,15,99,35.9
30096494,3,shortness of breath,0,72,106,72,21,100,36.6
30096495,3,knee pain,1,100,139,84,8,92,36.6
30096496,5,back pain,4,63,136,60,20,99,36.7
30096497,1,headache,9,46,101,105,16,98,37.0
30096498,2,knee pain,7,76,120,67,18,96,38.5
30096499,3,abdominal pain,1,100,140,49,14,93,38.5
30096500,3,knee pain,5,78,149,88,23,100,36.8
30096501,3,fall,3,107,107,75,20,98,36.8
30096502,4,fever,1,92,89,74,17,93,37.4
30096503,3,knee pain,2,80,102,71,17,98,37.0
30096504,3,laceration,5,113,117,71,18,95,38.1
30096505,4,knee pain,3,93,142,83,14,96,37.4
30096506,3,shortness of breath,7,74,127,70,17,95,35.5
30096507,3,back pain,3,91,125,95,17,99,36.5
30096508,4,abdominal pain,0,91,144,58,20,98,39.4
30096509,3,laceration,1,75,143,61,24,91,38.3
30096510,2,fall,10,102,119,63,16,95,37.4
30096511,4,headache,3,74,106,89,24,96,36.2
30096512,3,laceration,6,65,127,68,17,94,36.8
30096513,3,knee pain,5,76,126,84,18,90,36.7
30096514,3,headache,3,78,132,100,23,97,38.3
30096515,4,fever,5,74,134,70,21,100,36.2
30096516,2,knee pain,10,87,134,104,13,96,37.5
30096517,3,chest pain,7,100,119,69,28,100,37.4
30096518,5,fever,3,58,88,68,13,97,35.3
30096519,2,headache,6,110,131,79,16,90,36.3
30096520,3,laceration,6,74,139,87,18,99,38.1
30096521,3,anxiety,4,61,108,84,11,100,37.0
30096522,3,fall,7,79,94,92,19,90,39.0
30096523,3,knee pain,1,77,114,84,23,100,36.4
30096524,3,chest pain,5,96,140,62,15,96,36.7
30096525,3,shortness of breath,2,101,131,77,17,99,36.6
30096526,2,fall,9,83,127,74,14,92,35.0
30096527,3,abdominal pain,1,94,118,77,21,95,37.0
30096528,4,fever,2,100,110,58,17,94,38.1
30096529,3,fever,3,69,140,95,19,94,37.8
30096530,2,chest pain,9,91,159,83,15,99,35.7
30096531,3,fever,2,58,123,69,19,91,37.1
30096532,4,abdominal pain,3,73,116,77,20,97,36.8
30096533,3,shortness of breath,2,96,116,73,19,98,37.1
30096534,4,back pain,5,55,127,85,13,97,37.2
30096535,1,shortness of breath,7,100,132,78,18,100,37.3
30096536,2,back pain,10,87,134,74,14,99,37.1
30096537,3,knee pain,6,93,112,68,18,100,38.4
30096538,3,anxiety,3,75,119,49,25,100,37.4
30096539,3,laceration,2,69,115,80,20,98,36.5
30096540,4,headache,4,65,130,67,14,100,36.5
30096541,2,fever,9,80,136,73,21,97,36.5
30096542,1,fall,10,90,126,100,17,96,36.6
30096543,3,fall,0,103,111,90,22,100,36.7
30096544,3,headache,6,84,125,77,22,99,36.7
30096545,3,fever,2,76,135,58,20,93,37.4
30096546,3,laceration,1,78,116,78,21,99,37.1
30096547,2,fall,10,72,114,78,19,100,37.4
30096548,1,anxiety,10,69,152,68,20,99,36.4
30096549,1,fever,9,102,105,100,16,98,36.1
30096550,3,laceration,6,103,133,88,13,95,35.9
30096551,3,anxiety,5,83,89,66,21,96,37.2
30096552,3,back pain,7,83,120,96,13,100,36.8
30096553,3,headache,2,74,147,67,21,100,36.7
30096554,3,abdominal pain,4,82,116,115,19,97,36.8
30096555,4,abdominal pain,7,61,125,97,18,100,36.8
30096556,3,back pain,3,97,149,100,15,100,37.9
30096557,3,back pain,5,92,108,79,20,95,38.3
30096558,3,fall,6,82,151,55,18,95,37.2
30096559,3,fever,4,87,115,89,10,100,36.8
30096560,4,headache,6,93,136,104,18,97,37.3
30096561,2,abdominal pain,8,42,150,79,20,95,36.2
30096562,3,laceration,2,84,114,73,25,96,36.5
30096563,3,shortness of breath,2,73,111,84,18,99,34.7
30096564,1,headache,10,82,103,96,20,100,37.8
30096565,1,laceration,10,102,131,89,18,96,37.8
30096566,3,shortness of breath,7,88,130,72,14,96,38.1
30096567,4,headache,1,65,135,55,15,96,35.9
30096568,3,back pain,3,86,134,92,18,100,35.5
30096569,4,anxiety,7,103,120,80,23,98,37.2
30096570,2,back pain,7,68,133,40,13,92,36.5
30096571,3,fever,0,76,104,64,25,97,36.4
30096572,4,fever,1,77,137,81,22,97,37.4
30096573,2,fall,7,79,138,84,23,100,36.1
30096574,4,fever,0,75,122,49,22,97,36.9
30096575,2,shortness of breath,10,71,124,65,18,100,36.1
30096576,5,headache,0,72,184,62,13,97,37.1
30096577,3,shortness of breath,3,101,106,82,17,97,36.5
30096578,4,abdominal pain,2,90,128,128,14,96,37.9
30096579,3,anxiety,2,91,160,88,21,96,36.7
30096580,2,anxiety,9,83,100,106,22,93,36.2
30096581,2,fever,10,88,152,82,21,98,37.4
30096582,3,chest pain,0,81,121,95,19,96,36.6
30096583,2,abdominal pain,9,79,127,76,21,97,37.5
30096584,3,laceration,6,64,160,99,18,100,37.3
30096585,3,anxiety,6,81,122,59,18,94,37.3
30096586,4,shortness of breath,6,70,115,103,22,100,37.1
30096587,3,shortness of breath,0,79,108,65,23,95,36.4
30096588,4,fall,0,86,139,84,21,93,36.1
30096589,2,knee pain,7,78,150,66,19,93,37.8
30096590,5,anxiety,6,98,112,92,17,98,37.0
30096591,3,laceration,5,71,123,67,16,96,36.1
30096592,3,back pain,4,67,141,83,14,97,36.0
30096593,3,chest pain,0,68,136,75,19,99,36.1
30096594,4,shortness of breath,5,123,122,87,22,100,36.8
30096595,3,laceration,2,90,127,92,14,99,38.4
30096596,1,back pain,6,91,121,66,19,98,38.1
30096597,3,abdominal pain,4,91,128,69,13,96,37.1
30096598,3,back pain,7,80,138,81,16,90,36.0
30096599,2,anxiety,10,77,131,93,17,100,36.2
30096600,3,abdominal pain,0,73,161,83,15,92,37.1
30096601,2,fall,9,61,140,75,10,93,37.2
30096602,3,laceration,0,72,137,105,22,94,39.0
30096603,3,headache,6,118,102,106,13,97,36.3
30096604,4,back pain,7,90,127,86,22,100,37.2
30096605,4,shortness of breath,3,123,133,107,21,95,37.3
30096606,4,chest pain,0,107,127,80,18,95,37.5
30096607,4,abdominal pain,1,79,104,123,26,93,36.4
30096608,3,chest pain,3,53,111,73,13,97,37.5
30096609,3,knee pain,5,81,138,97,9,96,36.9
30096610,3,laceration,4,97,113,100,19,93,36.8
30096611,3,knee pain,5,64,141,68,14,100,38.2
30096612,5,fall,4,113,126,67,14,95,37.9
30096613,2,abdominal pain,9,59,151,53,22,100,38.3
30096614,3,shortness of breath,1,107,171,68,20,92,38.0
30096615,3,chest pain,6,100,94,87,19,98,37.8
30096616,1,knee pain,7,71,145,71,15,97,37.9
30096617,3,chest pain,3,62,137,80,15,94,36.4
30096618,3,shortness of breath,1,78,133,93,17,95,37.6
30096619,4,abdominal pain,0,62,121,80,24,98,36.7
30096620,4,fever,4,62,133,93,22,98,37.3
30096621,4,chest pain,5,81,153,77,21,86,37.4
30096622,2,back pain,8,115,114,108,21,99,36.6
30096623,3,fall,4,71,129,70,19,97,37.0
30096624,3,headache,3,111,134,97,12,94,37.5
30096625,4,anxiety,5,88,140,99,11,94,37.3
30096626,4,fever,7,99,126,63,18,97,37.0
30096627,4,laceration,1,96,116,88,7,100,36.9
30096628,3,fever,1,90,124,86,18,93,38.2
30096629,3,knee pain,4,80,118,75,19,95,36.4
30096630,3,laceration,4,88,124,86,14,97,37.7
30096631,2,headache,7,92,148,59,22,96,36.7
30096632,3,shortness of breath,0,81,117,123,16,100,36.1
30096633,3,shortness of breath,2,86,133,81,21,94,37.9
30096634,3,knee pain,0,90,140,91,18,98,38.3
30096635,2,laceration,9,85,133,81,16,92,36.8
30096636,5,back pain,2,63,108,77,18,100,36.0
30096637,1,shortness of breath,8,68,105,90,23,97,37.5
30096638,3,knee pain,7,120,108,87,17,97,35.7
30096639,3,fever,7,97,130,75,19,96,37.6
30096640,3,anxiety,0,71,118,93,17,97,36.7
30096641,3,abdominal pain,4,98,123,67,20,100,36.3
30096642,2,anxiety,6,105,114,82,24,100,36.5
30096643,3,fever,1,84,101,76,14,99,36.3
30096644,2,chest pain,9,88,104,76,16,90,36.8
30096645,4,shortness of breath,0,86,171,92,21,98,36.1
30096646,4,fever,7,81,119,70,15,97,35.6
30096647,3,abdominal pain,2,51,104,73,18,94,35.8
30096648,1,abdominal pain,10,93,130,98,12,96,37.2
30096649,2,knee pain,9,97,111,92,17,97,36.8
30096650,2,anxiety,6,71,140,79,22,100,36.5
30096651,3,fall,2,77,119,71,17,96,37.0
30096652,4,headache,5,63,114,80,18,100,36.4
30096653,3,fever,3,83,148,69,18,94,37.3
30096654,4,chest pain,1,106,114,116,26,96,36.7
30096655,3,chest pain,7,105,114,72,13,97,37.5
30096656,3,knee pain,6,77,135,100,17,93,35.2
30096657,2,abdominal pain,8,80,117,73,12,91,36.4
30096658,3,knee pain,0,94,140,91,18,95,35.9
30096659,1,knee pain,8,86,131,88,18,96,36.4
30096660,2,back pain,7,82,123,81,15,95,36.8
30096661,3,abdominal pain,6,95,128,76,16,100,36.6
30096662,2,abdominal pain,9,94,98,64,17,93,36.9
30096663,3,shortness of breath,1,97,104,83,14,96,37.0
30096664,3,abdominal pain,3,66,121,66,13,99,36.9
30096665,3,knee pain,6,99,155,95,14,100,37.0
30096666,3,fall,2,90,123,68,18,98,37.3
30096667,2,fever,6,105,133,61,18,95,38.4
30096668,4,laceration,3,106,107,98,15,99,37.1
30096669,4,fever,0,81,123,84,20,100,36.3
30096670,3,laceration,0,88,102,88,14,92,36.9
30096671,3,chest pain,2,114,109,84,21,96,36.8
30096672,2,chest pain,6,95,165,85,14,100,36.3
30096673,3,fever,3,77,114,89,17,99,37.0
30096674,3,fever,7,71,116,112,21,96,37.2
30096675,4,knee pain,6,102,167,105,14,94,37.3
30096676,4,knee pain,6,67,124,75,17,100,39.6
30096677,3,back pain,3,74,118,76,20,96,37.7
30096678,3,chest pain,1,85,126,110,19,95,37.8
30096679,4,fever,6,79,151,66,22,95,38.2
30096680,3,chest pain,1,89,126,78,20,95,35.8
30096681,4,shortness of breath,1,86,111,97,20,96,35.3
30096682,3,abdominal pain,7,73,159,83,18,97,36.5
30096683,3,knee pain,3,70,150,59,22,100,37.6
30096684,3,headache,7,92,118,83,26,98,36.4
30096685,3,knee pain,0,66,135,90,20,96,35.9
30096686,3,laceration,1,79,141,77,19,96,38.7
30096687,2,abdominal pain,10,89,96,83,15,100,36.4
30096688,4,abdominal pain,0,84,141,76,15,94,36.9
30096689,3,fever,3,78,117,94,27,97,38.8
30096690,2,knee pain,9,89,132,47,21,93,38.0
30096691,3,back pain,2,54,154,97,13,92,35.9
30096692,3,shortness of breath,6,62,80,86,16,100,36.9
30096693,3,fall,5,112,101,80,21,94,39.5
30096694,4,shortness of breath,6,92,135,80,12,91,35.7
30096695,2,anxiety,10,81,143,77,12,95,36.1
30096696,1,anxiety,8,86,145,93,20,100,36.7
30096697,3,shortness of breath,4,76,124,55,12,94,39.4
30096698,4,abdominal pain,5,70,122,86,16,96,37.1
30096699,3,fever,0,89,136,56,15,95,36.6
30096700,5,chest pain,0,101,129,80,19,89,36.6
30096701,2,chest pain,10,56,115,74,22,98,36.7
30096702,4,laceration,2,66,134,92,20,96,35.6
30096703,1,fall,10,120,128,89,16,96,35.3
30096704,3,fall,6,77,129,99,23,98,36.7
30096705,2,chest pain,7,98,130,96,23,95,38.0
30096706,3,chest pain,4,68,122,61,21,99,37.9
30096707,3,back pain,5,73,98,92,13,97,36.5
30096708,5,knee pain,0,84,110,108,11,98,36.1
30096709,3,shortness of breath,0,61,155,61,20,91,35.9
30096710,2,back pain,10,104,86,67,19,100,37.4
30096711,3,fall,5,95,134,77,10,98,36.5
30096712,2,laceration,9,69,158,84,16,97,37.0
30096713,4,chest pain,2,86,133,104,25,96,37.7
30096714,2,anxiety,7,61,128,79,23,93,36.8
30096715,3,back pain,5,77,123,100,9,97,37.2
30096716,3,laceration,0,77,127,57,19,100,37.8
30096717,3,abdominal pain,5,90,120,75,20,98,37.1
30096718,2,headache,9,83,132,79,16,96,36.7
30096719,3,laceration,3,85,107,78,24,95,35.2
30096720,4,fall,3,60,120,72,17,97,36.3
30096721,4,knee pain,4,69,116,81,15,99,38.4
30096722,3,fever,2,74,113,78,19,95,36.9
30096723,3,back pain,4,62,122,94,15,97,37.2
30096724,2,shortness of breath,9,81,119,88,22,96,38.3
30096725,2,anxiety,10,90,127,70,16,99,37.6
30096726,3,anxiety,5,102,104,96,12,95,37.7
30096727,4,chest pain,4,76,101,61,21,96,37.4
30096728,4,headache,0,91,129,84,14,95,38.1
30096729,3,anxiety,3,95,148,79,21,94,38.4
30096730,3,laceration,7,93,150,75,14,92,36.9
30096731,4,chest pain,1,116,91,129,19,97,36.7
30096732,5,fall,6,70,126,62,15,98,37.7
30096733,4,fall,1,88,113,79,17,95,37.3
30096734,5,laceration,2,89,105,89,20,88,36.9
30096735,4,anxiety,6,44,154,79,19,100,37.5
30096736,3,headache,2,78,131,87,21,98,38.1
30096737,1,knee pain,7,83,114,68,16,96,37.7
30096738,2,back pain,9,91,126,58,12,97,36.7
30096739,3,anxiety,2,84,133,69,13,93,37.7
30096740,3,shortness of breath,0,97,127,84,10,100,37.5
30096741,3,shortness of breath,4,90,143,68,15,100,36.6
30096742,4,headache,3,81,113,68,17,95,36.8
30096743,3,headache,5,97,112,69,19,99,37.6
30096744,3,fever,5,64,137,65,14,95,37.3
30096745,5,back pain,3,68,100,46,20,100,37.7
30096746,3,headache,1,89,111,68,18,95,37.3
30096747,2,fever,10,73,149,99,14,95,37.0
30096748,3,abdominal pain,3,89,94,77,19,98,37.3
30096749,3,fever,3,98,119,73,15,97,37.0
30096750,1,headache,9,73,92,51,25,97,36.8
30096751,3,fall,1,89,99,80,23,100,37.2
30096752,3,headache,0,81,142,71,17,97,36.6
30096753,3,anxiety,0,89,102,91,16,100,37.3
30096754,3,chest pain,6,91,122,93,15,95,36.9
30096755,3,fever,5,110,143,89,23,100,36.5
30096756,3,anxiety,6,70,133,81,17,100,36.7
30096757,3,chest pain,2,90,100,99,21,97,35.5
30096758,3,fever,3,95,114,71,21,94,36.6
30096759,4,headache,7,83,155,60,12,99,36.7
30096760,2,fever,6,82,107,78,18,92,36.4
30096761,3,fever,1,100,120,85,21,100,38.2
30096762,4,abdominal pain,7,82,111,62,19,100,36.9
30096763,4,fever,5,95,132,89,16,100,39.0
30096764,2,laceration,6,90,113,112,21,93,36.3
30096765,1,abdominal pain,9,66,70,91,17,94,37.5
30096766,3,abdominal pain,6,78,102,74,18,97,36.9
30096767,3,headache,2,76,128,90,21,91,35.6
30096768,3,chest pain,3,75,148,61,17,96,37.1
30096769,3,fall,1,86,127,78,19,94,35.6
30096770,3,knee pain,2,75,127,95,16,100,37.4
30096771,3,chest pain,0,60,111,89,20,98,37.2
30096772,3,shortness of breath,0,78,127,101,16,97,37.3
30096773,3,headache,6,86,109,92,14,99,37.0
30096774,3,headache,1,88,121,70,24,94,37.1
30096775,2,headache,8,92,113,87,19,93,37.8
30096776,4,laceration,3,89,127,120,26,94,37.6
30096777,3,fall,3,79,151,97,18,100,37.6
30096778,4,shortness of breath,1,49,120,96,14,98,37.4
30096779,3,back pain,0,98,138,80,19,97,36.4
30096780,5,fever,0,114,127,79,17,100,37.8
30096781,4,chest pain,3,83,111,74,21,96,37.3
30096782,3,headache,0,70,118,91,14,100,37.5
30096783,3,anxiety,3,106,101,72,20,96,37.3
30096784,3,anxiety,4,88,146,87,8,99,36.8
30096785,3,headache,0,73,125,82,16,100,36.4
30096786,3,chest pain,4,75,124,50,22,96,36.1
30096787,4,back pain,4,97,133,79,10,99,36.7
30096788,2,shortness of breath,8,102,150,107,23,93,37.4
30096789,2,back pain,7,74,106,76,28,93,37.2
30096790,4,anxiety,0,101,133,78,15,95,36.3
30096791,3,abdominal pain,3,73,87,91,15,96,37.7
30096792,4,anxiety,7,90,87,81,22,99,36.8
30096793,2,knee pain,6,112,121,93,11,98,37.8
30096794,3,laceration,3,83,134,84,23,96,35.4
30096795,3,headache,2,88,127,95,22,95,37.9
30096796,5,knee pain,0,96,118,89,23,99,37.0
30096797,4,fever,2,118,126,67,16,93,36.0
30096798,4,fall,1,86,160,75,10,98,37.0
30096799,2,knee pain,7,70,120,64,21,92,37.4
30096800,3,anxiety,3,93,92,66,11,100,35.8
30096801,3,back pain,4,77,117,60,9,97,37.3
30096802,3,chest pain,2,87,137,71,16,96,35.0
30096803,3,fall,4,86,142,48,14,98,37.4
30096804,2,anxiety,6,73,166,76,16,95,37.4
30096805,4,laceration,2,102,135,113,14,94,38.5
30096806,4,knee pain,4,91,163,95,19,94,38.0
30096807,3,laceration,2,72,145,81,17,94,37.6
30096808,3,laceration,7,72,147,76,22,96,37.8
30096809,5,headache,7,98,144,90,19,97,36.7
30096810,4,fall,6,109,140,100,22,100,36.7
30096811,3,anxiety,2,82,130,95,30,96,37.0
30096812,2,shortness of breath,8,78,134,66,17,94,37.0
30096813,3,back pain,2,80,138,102,16,100,35.8
30096814,3,headache,0,69,126,88,24,94,37.5
30096815,3,shortness of breath,0,95,102,49,21,93,38.5
30096816,3,abdominal pain,4,80,108,83,16,99,38.1
30096817,3,anxiety,0,86,84,75,17,94,36.2
30096818,3,headache,0,80,134,85,21,94,36.9
30096819,3,back pain,7,79,139,72,19,99,36.5
30096820,3,fall,3,76,116,67,16,99,39.2
30096821,3,headache,3,83,88,77,19,95,36.7
30096822,3,back pain,4,67,122,104,16,97,36.9
30096823,2,anxiety,10,75,122,75,20,100,37.1
30096824,3,chest pain,2,84,117,57,24,100,38.2
30096825,3,abdominal pain,2,73,133,67,14,100,39.0
30096826,3,back pain,6,99,130,67,21,97,37.5
30096827,2,chest pain,6,98,105,84,25,95,36.6
30096828,3,fever,7,78,144,71,22,94,36.0
30096829,3,abdominal pain,3,73,89,86,25,94,39.0
30096830,3,anxiety,3,55,144,103,15,99,37.5
30096831,3,chest pain,5,88,163,82,18,100,34.2
30096832,4,headache,2,95,111,91,23,97,37.8
30096833,3,headache,4,66,126,93,12,100,37.3
30096834,3,knee pain,5,86,157,75,16,97,37.2
30096835,3,laceration,0,69,90,83,10,96,38.1
30096836,3,laceration,1,57,116,100,19,100,36.1
30096837,3,headache,3,68,124,77,14,98,37.7
30096838,2,abdominal pain,8,78,133,90,22,95,36.9
30096839,3,laceration,6,78,166,70,20,100,36.4
30096840,5,headache,1,73,130,64,14,95,36.4
30096841,3,knee pain,5,74,146,106,16,100,37.5
30096842,3,shortness of breath,3,98,139,69,17,91,38.3
30096843,5,headache,4,85,136,95,25,97,37.0
30096844,3,headache,0,74,132,81,16,100,36.2
30096845,4,anxiety,3,77,141,65,18,95,37.6
30096846,3,chest pain,4,78,134,66,20,96,37.0
30096847,3,chest pain,0,95,152,76,26,91,36.8
30096848,3,headache,7,89,114,54,15,93,35.9
30096849,3,abdominal pain,4,50,112,86,16,100,36.6
30096850,4,fall,3,96,140,57,12,94,37.0
30096851,2,fever,10,73,136,66,19,93,37.0
30096852,2,shortness of breath,10,83,136,84,10,95,37.5
30096853,4,knee pain,1,66,94,65,16,97,37.4
30096854,3,fall,0,114,115,77,13,97,36.6
30096855,3,laceration,6,95,117,91,14,96,35.6
30096856,1,headache,8,69,144,88,13,95,37.5
30096857,1,fever,9,85,107,99,19,100,36.6
30096858,3,laceration,3,71,153,66,15,95,35.6
30096859,5,back pain,2,83,123,93,17,100,35.9
30096860,3,fever,5,83,120,97,16,99,36.9
30096861,3,shortness of breath,2,91,131,45,14,100,36.5
30096862,3,shortness of breath,7,76,109,111,22,94,36.0
30096863,2,shortness of breath,6,96,94,106,18,100,36.0
30096864,3,knee pain,0,81,106,77,27,99,38.2
30096865,3,anxiety,0,87,128,105,22,97,37.7
30096866,4,shortness of breath,1,84,140,78,20,100,37.3
30096867,2,knee pain,6,97,144,78,25,100,37.1
30096868,3,fall,0,104,147,90,16,98,35.3
30096869,3,abdominal pain,6,84,123,102,19,92,36.1
30096870,2,anxiety,7,120,106,101,21,89,36.9
30096871,4,knee pain,1,84,98,96,21,100,37.1
30096872,3,chest pain,7,109,143,81,21,98,37.1
30096873,5,back pain,2,87,143,39,24,98,36.6
30096874,3,abdominal pain,5,82,128,86,11,97,36.9
30096875,4,anxiety,7,89,143,94,16,100,36.8
30096876,3,abdominal pain,2,87,144,78,19,96,37.5
30096877,3,headache,2,76,140,76,20,95,36.7
30096878,2,fall,9,110,128,91,23,99,36.1
30096879,2,chest pain,8,84,152,97,17,97,36.1
30096880,4,fall,6,113,168,96,20,95,36.6
30096881,1,chest pain,9,72,108,91,17,95,35.3
30096882,4,knee pain,2,108,137,103,24,97,36.2
30096883,2,fever,6,79,112,78,22,97,37.2
30096884,3,fever,2,87,106,77,17,90,36.2
30096885,4,chest pain,2,70,139,90,16,94,36.9
30096886,4,laceration,1,90,144,86,20,93,37.0
30096887,4,laceration,4,90,120,90,10,96,37.8
30096888,3,back pain,0,99,122,111,15,98,38.0
30096889,3,fall,7,68,115,74,20,100,37.5
30096890,4,shortness of breath,1,73,128,67,10,95,36.5
30096891,3,abdominal pain,1,75,130,85,12,95,36.2
30096892,5,laceration,0,44,135,83,18,94,36.3
30096893,3,back pain,5,110,120,89,16,90,36.7
30096894,2,back pain,6,78,109,66,21,100,36.5
30096895,3,shortness of breath,5,86,145,59,19,90,38.2
30096896,2,back pain,10,77,122,52,19,99,35.6
30096897,3,headache,5,70,109,62,13,98,36.3
30096898,4,abdominal pain,7,72,141,75,15,92,38.0
30096899,1,laceration,9,48,127,90,11,96,35.1
30096900,2,shortness of breath,9,78,131,74,16,95,38.6
30096901,3,shortness of breath,2,70,117,77,14,100,37.1
30096902,2,back pain,10,72,126,75,16,98,37.5
30096903,3,headache,5,46,115,65,20,95,37.4
30096904,5,laceration,1,78,114,70,17,100,36.2
30096905,3,knee pain,7,104,162,60,12,97,36.1
30096906,3,back pain,7,65,122,74,16,94,36.0
30096907,3,knee pain,7,54,104,71,22,95,38.3
30096908,4,fever,4,93,116,102,23,95,37.1
30096909,3,back pain,7,102,155,74,15,93,38.3
30096910,1,anxiety,6,98,160,60,19,97,36.4
30096911,3,shortness of breath,2,86,135,64,16,94,38.4
30096912,4,knee pain,0,117,130,93,11,97,37.0
30096913,4,shortness of breath,3,87,128,72,22,94,36.5
30096914,2,fall,9,87,129,80,17,97,36.8
30096915,3,abdominal pain,7,80,152,72,15,95,37.5
30096916,1,chest pain,7,97,118,87,16,94,37.5
30096917,4,knee pain,3,71,121,66,16,100,36.2
30096918,3,anxiety,3,70,122,48,7,98,37.0
30096919,4,abdominal pain,4,80,150,78,20,93,38.8
30096920,3,abdominal pain,5,89,143,85,23,100,37.4
30096921,2,chest pain,7,106,134,111,15,98,36.6
30096922,3,headache,7,88,147,70,15,96,36.5
30096923,3,headache,7,84,122,89,24,99,37.3
30096924,3,shortness of breath,3,72,112,72,20,96,36.6
30096925,2,shortness of breath,7,75,141,61,19,96,35.5
30096926,1,headache,9,97,154,95,14,98,36.6
30096927,2,laceration,10,91,146,86,12,94,36.4
30096928,3,anxiety,2,58,115,94,14,97,36.2
30096929,3,knee pain,7,78,110,74,14,98,35.4
30096930,4,chest pain,1,63,130,112,20,100,37.4
30096931,3,shortness of breath,3,78,143,77,22,99,36.7
30096932,3,knee pain,3,61,109,74,16,98,36.6
30096933,3,abdominal pain,4,80,123,66,16,95,38.7
30096934,2,back pain,8,89,116,57,18,100,37.7
30096935,3,knee pain,4,93,126,98,22,96,36.6
30096936,3,fall,6,90,153,67,20,100,37.3
30096937,5,chest pain,7,88,136,112,21,96,36.3
30096938,3,fever,7,49,102,123,17,99,36.8
30096939,4,laceration,1,78,156,100,12,94,36.5
30096940,3,headache,6,88,166,65,18,93,36.5
30096941,1,fever,8,99,110,52,19,98,37.1
30096942,4,knee pain,1,91,149,83,25,95,36.6
30096943,2,abdominal pain,8,75,172,97,19,98,36.0
30096944,3,laceration,4,76,130,83,19,96,37.4
30096945,2,abdominal pain,6,98,121,71,15,100,36.8
30096946,1,anxiety,10,99,136,71,18,94,37.7
30096947,3,fever,1,74,95,97,19,98,36.7
30096948,4,shortness of breath,4,78,139,82,11,97,38.1
30096949,4,abdominal pain,5,87,104,84,18,97,37.4
30096950,3,abdominal pain,1,84,128,51,10,98,37.7
30096951,1,back pain,9,59,165,81,11,99,35.1
30096952,2,chest pain,7,91,118,96,15,96,35.6
30096953,2,laceration,6,90,84,65,13,95,37.8
30096954,3,chest pain,5,83,133,70,24,100,36.2
30096955,2,headache,6,52,127,123,20,100,36.2
30096956,2,fall,8,93,117,76,12,98,36.5
30096957,4,fall,0,91,122,99,19,98,36.8
30096958,3,shortness of breath,2,85,154,78,17,100,36.6
30096959,3,fall,4,86,152,83,10,97,36.0
30096960,3,chest pain,1,68,129,49,18,100,36.8
30096961,3,headache,5,82,161,87,13,99,36.9
30096962,4,anxiety,3,85,128,95,17,89,36.6
30096963,3,back pain,5,78,121,94,13,99,37.4
30096964,3,shortness of breath,1,82,107,46,17,100,36.9
30096965,3,fall,4,109,126,74,17,91,36.9
30096966,3,back pain,2,90,109,65,21,95,36.8
30096967,2,headache,10,123,122,44,22,100,35.7
30096968,3,chest pain,7,104,126,78,14,98,38.1
30096969,3,headache,0,65,119,85,11,98,36.6
30096970,3,laceration,2,79,90,90,10,96,36.0
30096971,4,headache,4,94,110,112,14,100,37.5
30096972,5,fall,7,82,119,81,22,99,38.1
30096973,3,headache,5,91,104,80,21,95,37.0
30096974,3,knee pain,4,69,118,72,19,98,37.4
30096975,3,headache,0,100,162,85,13,99,37.2
30096976,1,fall,7,64,106,87,15,95,38.2
30096977,4,chest pain,1,100,114,69,23,95,37.5
30096978,4,laceration,1,68,110,81,23,100,36.7
30096979,4,back pain,6,100,135,85,19,97,36.2
30096980,3,knee pain,6,85,121,78,24,100,37.3
30096981,5,headache,7,105,131,93,20,93,37.2
30096982,3,abdominal pain,2,84,136,67,19,99,37.6
30096983,3,back pain,2,63,124,73,23,96,36.6
30096984,3,headache,1,114,140,80,24,100,37.7
30096985,2,fever,8,96,92,102,17,100,36.6
30096986,3,abdominal pain,1,117,157,79,25,98,37.7
30096987,3,shortness of breath,6,98,137,86,24,100,37.9
30096988,5,fall,1,67,152,68,19,95,36.1
30096989,3,shortness of breath,5,102,107,69,19,96,36.8
30096990,3,abdominal pain,0,101,148,85,15,100,36.3
30096991,3,chest pain,0,59,119,82,18,100,36.3
30096992,3,back pain,3,102,152,96,17,94,37.5
30096993,3,abdominal pain,2,75,107,63,18,95,37.5
30096994,3,chest pain,6,90,100,81,19,100,35.9
30096995,4,knee pain,5,98,149,85,20,100,36.7
30096996,2,laceration,7,77,143,90,28,97,38.4
30096997,3,headache,2,103,125,69,21,98,35.1
30096998,2,shortness of breath,7,81,131,93,17,99,37.0
30096999,2,fever,6,86,128,95,21,99,34.8
30097000,3,anxiety,6,101,118,101,17,99,36.9
30097001,2,laceration,8,97,132,57,25,100,37.5
30097002,4,abdominal pain,7,108,157,88,15,98,36.5
30097003,4,laceration,6,69,133,74,23,99,36.7
30097004,3,fever,2,85,119,57,19,93,36.8
30097005,3,chest pain,7,92,136,79,22,99,37.9
30097006,3,anxiety,3,84,122,59,12,100,37.3
30097007,3,back pain,2,79,129,67,19,96,36.0
30097008,3,abdominal pain,6,127,119,78,11,94,36.8
30097009,1,shortness of breath,6,94,139,116,12,98,36.3
30097010,3,knee pain,5,109,150,93,22,98,35.6
30097011,2,back pain,6,88,116,59,24,95,37.6
30097012,4,abdominal pain,5,95,125,96,17,98,36.8
30097013,2,chest pain,6,71,164,95,21,95,37.8
30097014,4,laceration,4,74,132,81,17,94,37.2
30097015,3,knee pain,1,76,117,80,17,97,37.5
30097016,3,shortness of breath,4,78,101,69,17,91,38.0
30097017,4,laceration,6,95,141,100,22,97,36.4
30097018,3,fever,0,76,109,69,19,99,38.1
30097019,2,anxiety,10,52,116,67,21,98,37.0
30097020,3,knee pain,1,86,115,63,20,94,36.0
30097021,2,abdominal pain,10,101,128,81,15,99,38.2
30097022,3,chest pain,3,96,118,88,16,97,35.9
30097023,3,anxiety,6,94,130,74,18,99,36.5
30097024,4,fever,3,77,101,93,18,98,38.1
30097025,3,shortness of breath,3,87,168,97,12,94,36.4
30097026,2,fever,6,86,170,66,18,98,38.0
30097027,3,laceration,1,101,140,67,18,96,37.4
30097028,3,laceration,3,101,155,105,22,94,36.7
30097029,3,fall,0,88,131,52,19,100,37.3
30097030,3,fever,3,98,82,57,19,100,36.4
30097031,2,shortness of breath,10,86,97,103,15,99,35.8
30097032,4,fever,3,78,130,85,18,94,36.3
30097033,4,shortness of breath,7,78,91,76,14,97,36.4
30097034,2,anxiety,7,78,151,66,13,99,36.3
30097035,5,chest pain,7,88,102,77,20,96,36.8
30097036,2,knee pain,10,85,125,70,18,97,37.6
30097037,2,shortness of breath,9,71,136,107,17,98,36.9
30097038,2,back pain,6,77,115,79,11,94,38.1
30097039,3,laceration,7,68,139,73,22,92,36.9
30097040,3,anxiety,5,91,121,105,17,99,37.1
30097041,3,knee pain,5,86,121,99,20,98,36.6
30097042,3,headache,1,73,86,76,20,98,37.3
30097043,4,headache,7,96,139,93,15,97,38.2
30097044,2,chest pain,8,98,125,76,20,99,37.5
30097045,3,fever,6,86,135,85,18,99,36.2
30097046,2,laceration,8,94,145,73,15,94,37.5
30097047,5,anxiety,5,76,130,89,21,100,37.3
30097048,3,fall,6,93,139,63,20,88,36.8
30097049,3,anxiety,0,87,146,89,17,99,36.8
30097050,3,shortness of breath,2,92,112,88,21,98,36.7
30097051,2,fever,10,69,131,90,18,95,38.4
30097052,4,laceration,6,106,141,85,16,95,36.0
30097053,5,back pain,6,90,124,87,20,100,35.6
30097054,4,headache,3,104,97,65,16,98,36.9
30097055,3,fall,3,104,155,89,13,98,37.0
30097056,4,back pain,7,93,104,75,27,99,37.6
30097057,3,headache,5,99,130,83,16,98,36.3
30097058,1,chest pain,10,55,71,45,15,98,36.1
30097059,4,laceration,1,61,127,97,19,92,36.9
30097060,1,anxiety,8,71,144,104,24,98,36.2
30097061,4,shortness of breath,4,76,110,73,13,98,37.3
30097062,2,fever,9,84,152,72,28,100,35.7
30097063,2,abdominal pain,9,81,113,110,16,95,36.5
30097064,3,chest pain,7,105,131,100,18,100,36.1
30097065,3,back pain,2,70,151,105,21,94,36.5
30097066,2,abdominal pain,10,107,128,62,20,97,38.3
30097067,3,abdominal pain,4,90,138,80,20,100,36.6
30097068,3,anxiety,7,92,109,93,16,96,36.1
30097069,3,back pain,6,75,127,65,12,97,37.0
30097070,3,laceration,1,83,139,117,14,96,37.8
30097071,3,fall,6,115,108,67,21,95,35.7
30097072,4,fever,3,76,146,67,10,96,36.5
30097073,4,anxiety,0,79,129,74,22,95,37.4
30097074,3,shortness of breath,3,99,144,90,15,99,37.5
30097075,5,shortness of breath,5,105,97,61,13,95,37.4
30097076,3,anxiety,4,74,124,104,20,93,37.7
30097077,3,fever,6,98,114,100,24,98,36.8
30097078,2,back pain,10,73,132,82,24,91,36.8
30097079,3,anxiety,7,66,126,81,17,96,37.4
30097080,3,knee pain,5,90,87,96,21,94,37.1
30097081,3,abdominal pain,2,102,138,64,14,97,37.2
30097082,3,chest pain,5,97,91,51,18,95,38.0
30097083,2,anxiety,6,80,113,80,13,96,36.1
30097084,3,anxiety,4,98,111,77,20,98,37.4
30097085,2,back pain,8,78,98,74,15,99,36.3
30097086,3,laceration,1,111,119,105,17,96,37.2
30097087,3,headache,2,78,132,64,20,100,37.0
30097088,3,chest pain,1,69,140,89,23,97,38.7
30097089,3,headache,7,93,156,94,14,97,38.3
30097090,4,knee pain,3,78,148,88,13,95,37.5
30097091,4,chest pain,7,109,117,74,21,94,38.2
30097092,2,fall,10,85,122,59,18,97,37.4
30097093,3,anxiety,3,71,121,71,23,94,38.0
30097094,2,shortness of breath,7,79,129,81,30,95,36.4
30097095,2,chest pain,6,78,124,84,13,96,37.1
30097096,4,back pain,1,76,97,76,23,100,37.9
30097097,3,headache,2,93,109,93,26,97,36.4
30097098,3,anxiety,3,72,124,86,25,94,37.8
30097099,3,shortness of breath,1,87,112,53,14,97,36.7
30097100,3,abdominal pain,0,70,108,74,26,99,36.3
30097101,2,back pain,7,76,115,75,20,95,36.6
30097102,2,headache,10,93,134,85,20,95,36.9
30097103,4,back pain,3,72,136,64,10,97,37.2
30097104,1,chest pain,10,112,112,78,15,98,37.1
30097105,2,fall,7,71,116,92,10,100,37.8
30097106,3,chest pain,7,74,114,69,19,95,36.8
30097107,4,anxiety,1,97,98,75,25,93,36.8
30097108,2,shortness of breath,7,108,128,77,24,99,36.4
30097109,2,laceration,10,84,123,72,13,97,37.9
30097110,3,knee pain,4,66,82,87,17,97,36.2
30097111,3,back pain,7,81,147,97,15,100,36.4
30097112,2,laceration,6,89,120,75,10,97,37.2
30097113,3,headache,0,68,100,75,15,99,35.8
30097114,3,fall,4,104,137,73,18,99,36.7
30097115,2,back pain,10,100,136,74,19,97,37.3
30097116,3,anxiety,4,83,107,68,23,100,38.0
30097117,3,knee pain,6,69,116,88,15,96,35.6
30097118,4,laceration,1,94,118,88,17,95,35.9
30097119,4,abdominal pain,3,57,94,75,18,92,37.3
30097120,3,knee pain,5,78,139,89,20,94,37.4
30097121,4,headache,0,69,135,86,21,97,36.4
30097122,3,headache,1,82,76,67,29,95,37.6
30097123,3,headache,0,92,136,87,23,96,37.6
30097124,3,chest pain,0,83,101,75,11,97,37.1
30097125,4,anxiety,4,94,149,86,10,100,36.1
30097126,3,fall,5,77,111,97,21,98,37.2
30097127,4,back pain,2,66,99,70,17,95,38.5
30097128,4,knee pain,1,87,104,96,12,99,35.1
30097129,3,abdominal pain,7,94,126,78,26,95,37.1
30097130,3,chest pain,5,101,119,78,13,94,36.9
30097131,3,back pain,4,102,108,68,16,94,38.2
30097132,3,anxiety,0,92,126,49,22,95,36.7
30097133,3,anxiety,5,104,124,94,18,95,38.1
30097134,3,chest pain,2,84,126,104,16,99,37.3
30097135,5,laceration,5,64,118,95,21,97,36.8
30097136,3,fall,2,93,136,71,14,96,37.5
30097137,5,abdominal pain,2,90,110,74,19,97,37.4
30097138,3,laceration,7,82,109,65,19,98,36.2
30097139,3,fever,0,100,106,103,19,96,38.0
30097140,2,laceration,7,72,121,94,16,97,36.9
30097141,3,fever,2,105,129,56,16,99,36.8
30097142,3,abdominal pain,7,99,119,94,14,100,36.6
30097143,3,headache,7,81,129,98,19,94,36.1
30097144,3,chest pain,1,93,139,83,21,100,36.3
30097145,2,knee pain,8,96,152,70,13,98,34.2
30097146,3,fall,0,79,135,101,26,95,36.0
30097147,3,anxiety,1,88,130,83,20,96,38.4
30097148,2,fever,9,84,158,78,22,98,36.7
30097149,3,headache,5,98,123,85,14,94,37.1
30097150,4,abdominal pain,7,84,130,81,13,97,36.0
30097151,2,fall,6,85,135,97,11,93,37.2
30097152,3,shortness of breath,3,77,122,63,13,99,36.3
30097153,4,laceration,2,76,117,64,14,95,37.1
30097154,3,abdominal pain,6,61,131,77,26,100,37.0
30097155,3,fever,1,83,135,64,26,95,36.8
30097156,3,laceration,3,60,133,78,17,100,36.2
30097157,3,abdominal pain,7,82,89,71,22,100,36.2
30097158,3,shortness of breath,6,77,104,100,25,98,37.2
30097159,3,fall,3,63,153,91,22,91,37.2
30097160,3,shortness of breath,5,77,123,78,15,100,36.7
30097161,3,fever,2,90,130,77,24,99,36.9
30097162,1,abdominal pain,8,66,133,63,22,100,36.8
30097163,3,chest pain,5,90,120,78,13,100,36.1
30097164,2,fall,8,72,110,99,17,100,36.1
30097165,3,fever,3,71,152,99,12,100,38.0
30097166,3,knee pain,7,98,161,60,22,100,37.7
30097167,4,chest pain,4,81,145,63,18,99,37.0
30097168,2,headache,9,88,167,98,18,95,37.5
30097169,3,shortness of breath,1,68,91,80,15,95,36.4
30097170,3,headache,0,88,104,87,23,100,36.7
30097171,2,abdominal pain,6,75,181,87,15,100,36.8
30097172,1,fever,8,99,127,93,20,97,38.1
30097173,3,anxiety,4,97,131,103,18,100,37.5
30097174,3,headache,1,65,150,90,21,97,35.8
30097175,3,shortness of breath,0,104,109,91,16,94,35.6
30097176,4,fever,4,82,112,109,17,95,38.1
30097177,3,laceration,6,85,156,71,20,96,38.1
30097178,2,back pain,8,83,134,98,12,100,36.2
30097179,3,chest pain,4,103,125,92,20,94,37.9
30097180,4,headache,4,93,124,52,22,96,36.9
30097181,3,abdominal pain,0,84,114,71,20,98,37.6
30097182,1,shortness of breath,7,68,127,69,10,97,35.3
30097183,3,fever,3,93,112,75,20,99,36.7
30097184,4,anxiety,0,79,122,108,14,100,35.7
30097185,2,chest pain,9,81,102,88,19,98,36.0
30097186,3,chest pain,5,108,99,125,16,91,37.9
30097187,3,anxiety,0,77,118,84,20,95,37.5
30097188,1,shortness of breath,8,66,131,66,18,99,36.8
30097189,2,fall,10,79,135,83,13,96,36.4
30097190,2,headache,6,88,124,72,22,97,36.7
30097191,3,abdominal pain,0,99,131,73,22,99,37.3
30097192,3,fall,3,80,118,105,23,99,37.4
30097193,3,knee pain,3,86,104,83,17,99,36.2
30097194,4,abdominal pain,4,85,102,76,21,100,37.7
30097195,3,back pain,4,83,112,54,19,94,36.5
30097196,3,shortness of breath,2,95,147,84,22,93,37.2
30097197,2,chest pain,10,69,157,63,17,99,36.8
30097198,2,back pain,6,81,137,86,13,94,37.5
30097199,2,fever,9,64,143,77,21,100,37.3
30097200,3,abdominal pain,1,107,121,78,11,100,38.7
30097201,3,back pain,5,113,115,90,13,94,37.4
30097202,3,shortness of breath,5,69,93,78,26,98,37.5
30097203,1,fever,6,83,110,90,15,100,37.5
30097204,2,abdominal pain,8,90,123,78,11,94,36.2
30097205,3,anxiety,2,83,128,79,20,97,36.6
30097206,4,abdominal pain,3,45,105,107,19,96,37.7
30097207,3,headache,3,93,140,91,17,99,36.8
30097208,3,shortness of breath,1,86,105,56,15,91,36.9
30097209,3,shortness of breath,7,77,141,90,24,99,36.8
30097210,4,fever,2,112,153,57,14,95,38.2
30097211,3,shortness of breath,3,90,121,58,17,100,38.2
30097212,5,shortness of breath,1,98,156,78,13,97,36.5
30097213,3,fever,1,95,116,86,16,92,36.9
30097214,4,anxiety,2,69,141,80,18,100,37.1
30097215,3,anxiety,2,76,136,93,17,98,38.1
30097216,1,fever,10,102,95,37,19,100,36.6
30097217,3,chest pain,6,122,155,58,23,91,36.4
30097218,3,laceration,7,78,117,73,17,97,36.7
30097219,4,shortness of breath,2,73,128,75,25,97,39.6
30097220,3,laceration,4,99,118,60,13,98,37.2
30097221,2,headache,8,65,116,85,19,100,36.1
30097222,3,chest pain,5,104,106,108,16,100,37.3
30097223,3,fever,6,99,171,92,17,100,37.8
30097224,3,headache,6,88,139,84,16,98,36.1
30097225,3,anxiety,3,50,162,87,22,100,36.8
30097226,2,shortness of breath,6,61,141,77,15,96,36.6
30097227,4,knee pain,0,77,126,93,19,98,35.9
30097228,4,abdominal pain,1,98,136,54,18,99,37.6
30097229,3,headache,0,82,108,83,21,94,36.8
30097230,5,chest pain,3,90,133,59,18,97,37.4
30097231,2,laceration,10,88,124,71,22,95,38.5
30097232,3,back pain,0,84,131,79,17,98,36.6
30097233,3,headache,3,96,134,84,18,100,36.4
30097234,3,fever,3,60,150,100,19,94,36.2
30097235,4,headache,5,79,94,80,20,100,37.9
30097236,2,shortness of breath,8,106,125,87,17,100,36.3
30097237,3,laceration,3,84,136,100,14,98,37.5
30097238,3,fever,7,79,115,89,15,96,35.6
30097239,4,abdominal pain,4,80,112,56,25,98,36.8
30097240,3,abdominal pain,3,79,140,105,22,96,36.5
30097241,3,headache,3,118,140,94,20,96,37.2
30097242,3,headache,2,87,124,101,18,98,37.7
30097243,4,abdominal pain,1,71,108,99,25,100,36.2
30097244,2,chest pain,6,80,115,77,16,100,36.3
30097245,5,back pain,2,108,161,76,22,97,37.7
30097246,3,shortness of breath,2,50,113,103,18,100,36.0
30097247,3,fever,7,97,91,92,17,100,36.7
30097248,3,abdominal pain,3,88,155,93,18,99,37.5
30097249,2,fever,10,57,112,90,19,98,36.7
30097250,4,fall,3,110,168,81,19,96,37.0
30097251,3,laceration,1,112,117,85,15,97,37.9
30097252,3,back pain,5,95,106,66,17,100,37.3
30097253,3,abdominal pain,0,84,119,85,16,93,37.7
30097254,4,abdominal pain,0,111,108,87,23,99,37.6
30097255,4,abdominal pain,5,72,109,126,25,100,37.1
30097256,3,laceration,3,91,144,69,23,97,36.6
30097257,5,headache,2,61,102,78,20,100,38.8
30097258,4,chest pain,0,49,129,65,23,100,35.3
30097259,5,knee pain,4,64,123,65,13,98,35.6
30097260,3,headache,0,87,124,73,21,97,36.8
30097261,4,chest pain,1,68,96,88,16,100,36.4
30097262,3,shortness of breath,2,74,137,77,21,95,35.7
30097263,3,anxiety,6,58,158,68,10,100,38.0
30097264,3,headache,1,114,110,57,18,94,37.9
30097265,3,fall,4,82,103,101,16,93,37.2
30097266,2,knee pain,6,97,120,57,15,100,37.7
30097267,3,chest pain,5,52,124,68,19,99,37.3
30097268,3,shortness of breath,0,73,173,100,14,100,36.7
30097269,3,headache,0,79,114,79,22,95,38.2
30097270,4,back pain,5,71,98,90,23,97,37.7
30097271,3,fall,7,64,119,109,11,95,37.5
30097272,3,fall,5,66,173,84,16,98,36.1
30097273,3,fever,7,69,105,76,21,100,37.9
30097274,3,laceration,2,71,152,96,18,100,37.4
30097275,3,chest pain,7,101,102,89,11,98,37.3
30097276,3,fever,3,108,130,81,8,97,38.0
30097277,5,fever,2,85,144,111,25,95,37.4
30097278,3,fall,5,72,121,67,20,98,36.9
30097279,3,knee pain,4,80,127,73,19,92,38.2
30097280,3,back pain,2,98,133,78,14,96,37.3
30097281,4,laceration,3,69,108,68,18,94,36.5
30097282,3,fall,4,88,90,93,27,99,37.9
30097283,4,fall,5,95,130,88,12,95,37.3
30097284,3,headache,2,89,118,96,20,94,37.7
30097285,3,back pain,1,92,169,76,10,98,37.3
30097286,1,knee pain,6,87,101,87,20,96,35.4
30097287,4,fever,0,74,137,89,13,97,36.2
30097288,2,chest pain,8,89,146,87,24,96,36.9
30097289,2,shortness of breath,10,94,124,109,14,95,37.6
30097290,2,headache,6,58,147,101,25,97,36.9
30097291,3,back pain,0,84,160,66,19,94,36.3
30097292,4,back pain,2,84,134,74,17,93,35.7
30097293,3,knee pain,4,73,169,76,18,100,36.7
30097294,1,knee pain,9,101,115,81,21,95,36.2
30097295,3,headache,6,80,143,89,16,97,36.7
30097296,3,fever,3,80,139,72,13,100,35.4
30097297,3,back pain,3,54,126,72,19,92,36.7
30097298,1,abdominal pain,8,75,124,50,22,95,37.1
30097299,4,headache,1,94,105,73,21,95,36.3
30097300,3,chest pain,7,93,108,98,20,100,37.6
30097301,2,abdominal pain,7,84,89,77,16,94,37.3
30097302,3,laceration,6,85,88,72,17,96,36.6
30097303,3,back pain,7,111,109,90,14,95,37.9
30097304,3,knee pain,1,97,117,85,22,97,37.1
30097305,3,shortness of breath,7,112,106,87,19,100,37.5
30097306,1,chest pain,6,87,167,97,15,100,36.7
30097307,3,chest pain,5,99,131,102,20,100,38.3
30097308,3,shortness of breath,3,90,153,87,14,95,38.7
30097309,4,shortness of breath,5,74,150,76,14,95,37.4
30097310,3,headache,0,90,101,72,14,96,36.4
30097311,3,fall,3,72,88,90,13,96,36.6
30097312,2,back pain,7,82,120,64,13,96,39.7
30097313,2,knee pain,10,89,159,77,20,96,37.7
30097314,4,chest pain,3,97,105,83,19,100,37.9
30097315,5,fever,1,81,132,61,12,96,37.8
30097316,3,fever,6,85,111,55,8,98,36.3
30097317,3,back pain,5,86,106,83,15,96,38.2
30097318,4,knee pain,1,85,162,66,20,91,36.5
30097319,3,chest pain,7,85,148,78,17,93,39.1
30097320,3,anxiety,3,83,143,87,17,100,37.2
30097321,5,shortness of breath,7,85,141,105,14,99,37.0
30097322,3,headache,5,88,125,80,22,100,35.9
30097323,2,chest pain,8,82,103,54,18,96,37.1
30097324,3,chest pain,5,69,106,69,24,96,37.7
30097325,3,chest pain,1,67,97,76,18,96,37.0
30097326,3,back pain,6,94,127,52,20,97,37.0
30097327,1,headache,8,96,118,87,17,99,37.4
30097328,3,chest pain,7,95,129,75,26,96,36.3
30097329,3,fever,0,89,129,101,22,100,38.0
30097330,2,headache,8,85,159,90,21,92,38.1
30097331,3,laceration,1,76,142,63,17,94,36.7
30097332,3,headache,4,87,127,92,15,94,36.1
30097333,2,chest pain,9,116,144,48,17,92,37.9
30097334,3,fever,4,87,185,104,19,95,38.2
30097335,2,fall,10,92,130,103,27,98,36.4
30097336,2,laceration,6,85,80,65,18,95,37.2
30097337,3,shortness of breath,2,89,126,101,15,100,37.4
30097338,3,knee pain,4,92,127,109,25,93,36.7
30097339,3,laceration,4,80,154,72,14,96,36.4
30097340,5,anxiety,1,92,102,80,26,96,37.9
30097341,2,fever,9,102,122,87,13,94,35.4
30097342,2,fever,9,82,107,38,17,95,36.6
30097343,1,headache,10,88,143,73,16,98,36.2
30097344,3,abdominal pain,4,62,131,78,20,93,36.9
30097345,3,fall,6,89,94,95,21,99,36.8
30097346,3,shortness of breath,2,66,145,96,10,99,36.9
30097347,3,fall,7,103,180,91,11,98,35.7
30097348,2,back pain,10,91,129,74,16,95,36.3
30097349,5,back pain,6,87,142,66,24,98,37.2
30097350,2,headache,6,94,151,75,16,100,37.1
30097351,3,laceration,4,108,122,108,20,100,36.8
30097352,2,anxiety,7,74,106,83,16,97,36.2
30097353,2,headache,7,90,116,81,15,99,36.9
30097354,1,abdominal pain,8,110,126,91,15,99,36.5
30097355,3,anxiety,3,99,129,72,14,98,37.3
30097356,3,fever,3,90,149,100,14,98,36.9
30097357,2,shortness of breath,8,97,161,83,16,99,36.7
30097358,3,abdominal pain,7,79,99,66,16,98,38.0
30097359,2,chest pain,7,65,105,98,21,94,38.1
30097360,4,anxiety,0,95,119,63,11,94,36.1
30097361,3,abdominal pain,6,95,112,91,23,96,37.3
30097362,3,fall,6,74,144,65,21,95,36.4
30097363,2,knee pain,6,68,161,100,20,96,36.8
30097364,3,headache,5,77,155,117,18,100,35.8
30097365,4,shortness of breath,6,100,96,102,18,100,38.8
30097366,3,laceration,7,103,163,75,13,97,36.4
30097367,3,back pain,2,92,132,90,20,96,36.4
30097368,3,shortness of breath,6,86,148,69,16,95,36.5
30097369,4,fall,0,83,140,84,19,92,37.1
30097370,4,fall,3,76,97,122,13,93,37.1
30097371,4,back pain,3,97,113,58,29,99,36.3
30097372,3,shortness of breath,7,89,113,74,19,97,37.4
30097373,3,fall,0,90,120,90,27,95,36.8
30097374,3,back pain,4,80,130,83,18,99,35.0
30097375,2,shortness of breath,8,89,86,87,18,96,37.4
30097376,2,chest pain,7,71,122,65,21,96,37.0
30097377,2,fever,9,86,122,68,14,99,36.6
30097378,1,laceration,8,79,118,94,20,96,37.2
30097379,4,fever,4,87,140,90,15,100,37.4
30097380,2,back pain,8,90,122,88,19,98,35.9
30097381,3,knee pain,6,103,201,62,21,98,37.5
30097382,4,knee pain,1,108,111,93,17,98,37.9
30097383,3,anxiety,4,88,145,92,23,100,37.6
30097384,3,abdominal pain,5,64,155,70,17,100,36.9
30097385,4,back pain,1,70,120,52,16,100,37.9
30097386,2,abdominal pain,6,92,119,61,18,100,36.1
30097387,3,headache,7,85,156,81,16,99,37.0
30097388,3,anxiety,1,83,123,77,17,98,38.1
30097389,3,headache,1,47,91,82,9,95,36.1
30097390,3,headache,6,94,160,83,22,98,38.7
30097391,2,shortness of breath,9,71,116,73,17,100,37.3
30097392,3,knee pain,5,97,133,74,16,94,37.3
30097393,2,shortness of breath,10,68,120,82,17,96,37.4
30097394,3,back pain,3,76,149,107,19,91,36.2
30097395,4,laceration,1,97,129,79,19,100,36.4
30097396,3,shortness of breath,4,71,112,92,28,96,37.4
30097397,2,fall,8,100,124,95,20,96,37.9
30097398,4,abdominal pain,1,78,143,94,16,97,37.1
30097399,3,shortness of breath,6,94,126,79,20,100,35.9
30097400,3,laceration,4,73,98,55,17,100,36.9
30097401,2,abdominal pain,8,110,131,81,12,95,36.6
30097402,2,headache,10,66,116,89,20,96,37.6
30097403,3,fever,7,101,134,72,16,92,35.8
30097404,3,abdominal pain,3,110,157,77,17,100,36.6
30097405,4,back pain,0,82,149,69,10,96,36.5
30097406,2,knee pain,10,75,163,73,17,100,36.2
30097407,3,anxiety,4,100,126,71,18,91,37.9
30097408,2,abdominal pain,7,61,107,70,21,100,36.3
30097409,2,laceration,6,69,134,86,25,92,36.8
30097410,3,fall,0,104,136,81,23,97,36.6
30097411,2,knee pain,8,61,128,67,9,95,36.6
30097412,3,laceration,5,86,120,66,17,97,37.1
30097413,4,laceration,4,68,110,88,20,94,36.5
30097414,4,fall,4,102,77,74,14,95,36.4
30097415,5,chest pain,6,94,134,83,17,100,36.8
30097416,3,headache,0,89,101,93,14,96,35.9
30097417,1,chest pain,6,89,127,69,21,99,37.6
30097418,4,back pain,2,107,103,85,12,100,37.3
30097419,4,fall,4,106,96,78,15,96,38.2
30097420,4,laceration,0,70,120,52,20,96,35.9
30097421,2,fever,6,79,127,93,23,100,38.7
30097422,3,chest pain,7,72,113,75,22,95,37.1
30097423,2,laceration,8,89,163,69,16,99,37.0
30097424,3,headache,1,101,137,86,19,95,36.4
30097425,3,laceration,3,71,120,43,18,98,35.7
30097426,4,headache,2,68,102,77,21,96,37.8
30097427,5,headache,6,47,124,53,18,100,36.4
30097428,3,back pain,2,74,106,95,18,100,39.0
30097429,3,anxiety,5,93,111,82,20,89,37.2
30097430,3,fever,7,84,92,68,13,97,37.7
30097431,3,headache,1,42,121,93,16,100,35.9
30097432,4,fall,0,96,132,67,16,100,35.8
30097433,2,chest pain,10,108,143,82,21,92,37.4
30097434,1,anxiety,7,100,157,52,26,95,36.5
30097435,4,chest pain,3,101,129,99,13,100,36.7
30097436,5,anxiety,3,109,145,48,14,100,36.5
30097437,4,shortness of breath,4,72,129,100,21,97,36.6
30097438,4,chest pain,7,89,133,69,19,99,37.4
30097439,4,anxiety,0,73,119,72,13,96,39.0
30097440,3,abdominal pain,4,84,113,47,19,96,37.4
30097441,4,anxiety,2,73,98,99,17,100,37.9
30097442,1,chest pain,6,103,114,74,16,98,36.2
30097443,4,abdominal pain,1,84,129,89,18,99,37.7
30097444,3,knee pain,2,76,130,76,19,94,36.7
30097445,4,shortness of breath,3,70,123,78,22,95,37.8
30097446,4,anxiety,7,96,137,86,20,96,36.7
30097447,2,abdominal pain,7,96,120,87,18,96,37.8
30097448,4,abdominal pain,4,96,129,73,16,99,37.7
30097449,3,chest pain,2,84,134,70,16,99,38.5
30097450,4,chest pain,2,99,99,90,17,92,38.4
30097451,2,headache,6,80,110,119,20,95,36.5
30097452,1,anxiety,6,98,146,80,23,100,37.9
30097453,3,fever,7,95,113,88,11,99,37.3
30097454,2,abdominal pain,10,71,96,79,21,95,37.2
30097455,2,headache,8,63,105,77,20,92,37.2
30097456,3,laceration,6,73,113,91,22,99,36.8
30097457,3,back pain,3,69,114,84,24,100,36.7
30097458,2,shortness of breath,10,75,170,86,15,100,36.2
30097459,3,abdominal pain,1,111,82,94,12,99,37.6
30097460,5,anxiety,6,62,118,65,15,99,36.7
30097461,3,anxiety,0,93,152,90,21,100,36.3
30097462,3,back pain,0,66,152,83,20,90,36.2
30097463,3,anxiety,0,101,151,85,14,97,35.6
30097464,3,back pain,2,93,121,90,19,95,36.2
30097465,2,shortness of breath,6,100,125,93,19,96,37.5
30097466,4,knee pain,3,121,131,82,24,95,37.5
30097467,3,shortness of breath,2,90,162,95,22,97,37.8
30097468,2,back pain,7,81,84,77,15,96,37.0
30097469,2,laceration,10,73,163,84,13,100,37.4
30097470,3,abdominal pain,1,116,140,52,19,94,37.2
30097471,2,fall,7,91,137,97,24,100,37.1
30097472,3,fall,6,103,134,78,25,100,37.9
30097473,3,abdominal pain,0,82,107,105,16,96,37.5
30097474,3,laceration,2,92,121,83,19,99,36.2
30097475,4,knee pain,0,57,110,91,16,94,37.0
30097476,5,shortness of breath,1,60,122,57,18,93,37.8
30097477,3,back pain,3,82,126,73,13,94,35.5
30097478,3,back pain,4,66,100,66,21,94,35.7
30097479,3,fall,5,69,137,97,17,95,37.6
30097480,2,knee pain,7,88,126,64,24,99,36.3
30097481,3,fever,2,65,145,109,18,98,36.7
30097482,3,fall,0,78,136,81,17,98,37.8
30097483,2,anxiety,10,52,115,75,13,100,37.2
30097484,3,shortness of breath,1,78,126,55,16,100,37.6
30097485,1,fall,6,101,145,51,10,100,36.3
30097486,3,back pain,4,91,92,70,17,91,37.1
30097487,4,fall,7,61,115,65,17,98,38.1
30097488,1,anxiety,10,79,114,75,14,98,37.0
30097489,4,laceration,0,107,139,103,20,96,38.0
30097490,3,fever,2,89,113,83,16,100,37.1
30097491,4,laceration,7,75,122,61,13,99,37.4
30097492,2,headache,9,62,101,62,17,100,37.4
30097493,2,anxiety,7,104,115,84,13,99,37.0
30097494,3,back pain,4,81,130,71,19,95,37.0
30097495,3,fever,3,94,119,71,18,97,36.2
30097496,3,fever,1,99,128,65,12,95,38.3
30097497,4,abdominal pain,4,75,110,96,23,99,36.5
30097498,3,knee pain,2,82,111,98,16,92,37.6
30097499,3,abdominal pain,3,86,139,74,17,93,35.8
30097500,3,fever,3,94,149,82,16,95,37.2
30097501,3,knee pain,4,86,123,67,21,100,35.1
30097502,5,laceration,0,90,126,90,21,99,36.3
30097503,1,fever,10,85,97,76,25,98,38.3
30097504,2,anxiety,9,78,145,93,20,100,36.7
30097505,3,fever,7,93,117,87,13,100,38.7
30097506,4,shortness of breath,7,99,140,82,22,96,35.9
30097507,4,back pain,3,81,118,84,20,94,36.6
30097508,5,knee pain,6,108,125,84,8,100,37.3
30097509,3,laceration,4,88,108,84,20,96,36.7
30097510,3,fever,1,67,127,98,20,95,37.5
30097511,3,abdominal pain,1,84,113,85,16,95,37.4
30097512,3,fever,4,61,88,94,21,100,37.4
30097513,3,chest pain,5,75,102,77,18,100,37.5
30097514,4,fall,5,73,85,83,16,100,36.8
30097515,3,abdominal pain,0,69,119,66,18,100,37.4
30097516,5,knee pain,4,78,132,101,12,94,37.9
30097517,3,abdominal pain,5,96,114,76,24,98,36.7
30097518,3,abdominal pain,2,94,123,73,19,97,36.2
30097519,4,fever,6,83,107,47,15,99,36.0
30097520,2,shortness of breath,9,76,159,72,17,94,38.2
30097521,4,abdominal pain,0,99,103,79,11,97,37.5
30097522,3,knee pain,7,65,125,86,14,100,37.9
30097523,3,anxiety,6,98,127,86,16,97,37.3
30097524,3,headache,5,74,145,73,20,98,36.6
30097525,2,laceration,6,55,156,93,18,100,36.7
30097526,3,headache,7,67,128,68,19,92,36.5
30097527,3,back pain,0,87,105,90,26,96,35.9
30097528,5,chest pain,0,77,96,39,18,100,36.8
30097529,2,fall,7,58,109,68,20,97,36.8
30097530,2,chest pain,7,91,109,67,27,91,35.9
30097531,4,back pain,5,71,113,66,11,100,35.3
30097532,3,chest pain,2,78,114,94,22,100,38.0
30097533,2,chest pain,6,108,138,61,21,97,37.4
30097534,3,shortness of breath,5,102,153,109,20,96,36.4
30097535,2,shortness of breath,7,78,124,102,19,98,36.7
30097536,3,shortness of breath,5,85,157,78,22,95,37.2
30097537,2,headache,6,91,121,62,10,100,37.8
30097538,4,headache,4,82,113,90,18,97,36.8
30097539,4,chest pain,2,98,120,85,22,97,37.4
30097540,3,shortness of breath,6,113,149,51,19,100,36.8
30097541,3,headache,3,67,121,89,20,91,35.8
30097542,3,chest pain,4,74,113,106,14,96,36.3
30097543,3,knee pain,7,118,129,66,25,99,36.9
30097544,3,abdominal pain,5,84,121,21,16,92,37.8
30097545,2,fall,8,67,102,80,23,95,38.1
30097546,4,back pain,5,88,144,77,19,95,37.0
30097547,4,abdominal pain,3,93,133,96,19,99,39.3
30097548,3,anxiety,0,91,122,106,19,94,37.1
30097549,4,knee pain,7,99,97,70,21,97,36.2
30097550,3,fever,3,88,101,43,14,95,37.7
30097551,4,headache,4,50,118,110,14,98,38.2
30097552,3,laceration,5,107,115,89,22,96,36.5
30097553,2,abdominal pain,9,80,108,86,17,99,35.6
30097554,3,headache,6,91,129,108,15,87,35.6
30097555,3,shortness of breath,7,87,102,91,21,100,37.3
30097556,3,laceration,3,63,119,58,16,94,38.2
30097557,4,knee pain,4,78,101,81,21,95,35.9
30097558,3,anxiety,4,60,113,95,16,99,38.4
30097559,4,abdominal pain,4,99,144,62,16,100,35.6
30097560,4,abdominal pain,5,111,156,90,20,99,37.2
30097561,3,headache,4,91,133,84,17,97,37.3
30097562,3,fever,2,80,138,83,14,98,36.7
30097563,3,anxiety,3,85,102,82,23,99,37.0
30097564,4,anxiety,5,98,157,75,14,98,36.8
30097565,3,headache,5,50,132,50,12,98,36.8
30097566,3,headache,5,72,163,78,16,95,36.9
30097567,2,fall,7,67,87,103,21,93,37.7
30097568,5,laceration,2,94,130,81,17,96,36.8
30097569,3,shortness of breath,5,90,172,84,13,96,37.8
30097570,4,shortness of breath,3,57,99,63,12,100,37.1
30097571,4,fall,6,94,123,95,23,93,36.0
30097572,3,abdominal pain,0,73,132,66,18,94,35.8
30097573,2,knee pain,7,89,145,101,19,98,37.4
30097574,2,chest pain,8,124,114,70,20,98,37.2
30097575,3,abdominal pain,6,98,106,85,21,87,36.4
30097576,3,anxiety,4,72,86,43,25,97,36.4
30097577,2,headache,7,79,147,66,16,95,37.8
30097578,3,knee pain,2,92,132,79,10,95,36.7
30097579,4,laceration,0,80,144,85,16,97,36.9
30097580,3,fall,7,79,151,85,13,100,36.4
30097581,4,headache,0,76,114,100,23,95,37.5
30097582,3,knee pain,1,98,127,69,16,97,35.8
30097583,4,fever,2,80,121,87,21,96,37.1
30097584,3,laceration,4,84,130,76,15,96,36.8
30097585,4,headache,6,71,129,81,19,97,36.8
30097586,3,shortness of breath,6,73,119,80,15,93,36.4
30097587,2,knee pain,9,100,118,73,14,84,37.3
30097588,2,fever,7,101,113,58,21,92,37.0
30097589,4,fever,7,87,122,86,17,96,37.7
30097590,1,laceration,6,76,134,87,12,96,36.4
30097591,3,abdominal pain,5,81,172,69,17,98,36.4
30097592,4,abdominal pain,1,67,102,97,11,95,37.5
30097593,3,laceration,5,87,102,79,19,94,38.7
30097594,4,back pain,4,100,118,89,16,96,36.6
30097595,3,laceration,1,74,133,108,10,92,37.2
30097596,3,knee pain,5,86,114,95,25,97,37.6
30097597,3,knee pain,4,64,111,80,20,98,37.1
30097598,3,laceration,3,92,156,90,22,94,36.3
30097599,2,shortness of breath,6,111,142,66,17,95,37.9
30097600,2,knee pain,9,68,116,84,15,96,37.9
30097601,3,back pain,3,103,115,91,13,100,35.3
30097602,3,chest pain,5,78,132,67,18,94,38.0
30097603,4,anxiety,7,107,136,70,16,96,37.2
30097604,4,anxiety,5,97,153,59,16,100,35.5
30097605,3,knee pain,2,101,100,48,13,97,36.0
30097606,4,headache,6,94,101,104,16,100,38.4
30097607,3,headache,3,107,117,60,16,100,37.2
30097608,2,chest pain,7,81,125,71,18,100,37.1
30097609,4,knee pain,2,46,165,104,14,96,36.3
30097610,3,abdominal pain,0,75,150,90,21,95,36.3
30097611,1,back pain,8,53,111,86,22,100,37.7
30097612,3,knee pain,3,87,122,54,17,94,37.0
30097613,3,fall,0,79,154,83,19,98,36.7
30097614,4,fall,5,99,162,59,20,97,37.3
30097615,1,back pain,9,95,120,67,16,91,37.9
30097616,3,headache,7,85,115,72,20,100,37.4
30097617,3,anxiety,3,58,123,54,17,99,36.3
30097618,3,headache,2,109,108,55,22,96,38.2
30097619,3,fever,1,70,137,84,24,96,36.8
30097620,3,back pain,5,85,97,67,18,100,36.3
30097621,3,abdominal pain,3,105,127,81,20,100,35.6
30097622,4,headache,0,90,159,98,15,95,36.2
30097623,3,knee pain,6,69,121,86,16,94,36.7
30097624,3,anxiety,6,87,135,73,19,95,37.4
30097625,2,abdominal pain,6,93,129,90,20,100,36.2
30097626,3,headache,1,100,141,71,18,91,36.2
30097627,4,shortness of breath,0,77,95,81,19,98,36.6
30097628,4,shortness of breath,3,76,121,72,19,96,36.9
30097629,3,laceration,4,76,169,91,20,96,38.0
30097630,3,chest pain,6,83,101,101,17,95,35.8
30097631,2,laceration,10,82,107,67,27,90,37.2
30097632,2,fever,6,99,109,93,18,100,38.7
30097633,3,fever,1,78,103,73,15,98,37.5
30097634,3,fall,3,86,117,77,20,100,38.0
30097635,3,knee pain,2,84,133,96,14,98,36.5
30097636,2,laceration,8,86,147,75,20,99,37.3
30097637,2,laceration,9,96,89,79,20,96,36.7
30097638,3,chest pain,4,79,157,102,17,95,36.8
30097639,3,knee pain,7,73,123,70,22,100,36.8
30097640,3,abdominal pain,6,91,123,85,14,93,38.1
30097641,4,fall,4,71,131,77,19,98,38.2
30097642,3,headache,6,114,128,70,23,97,37.2
30097643,3,knee pain,6,69,155,65,20,95,37.0
30097644,3,back pain,4,87,124,66,18,96,36.5
30097645,1,shortness of breath,9,87,116,96,17,97,37.2
30097646,3,fever,3,104,130,59,18,89,38.0
30097647,1,shortness of breath,8,88,155,79,16,95,36.4
30097648,5,fever,7,96,134,92,15,98,37.1
30097649,2,back pain,6,94,154,64,20,96,37.5
30097650,3,fever,4,96,135,58,25,91,38.5
30097651,1,laceration,9,101,139,80,19,98,37.9
30097652,3,headache,2,103,128,88,10,94,37.0
30097653,3,laceration,4,80,117,78,21,96,38.0
30097654,3,anxiety,0,101,145,101,13,97,38.8
30097655,3,knee pain,5,81,139,78,19,96,37.0
30097656,3,shortness of breath,7,100,121,69,17,95,36.2
30097657,3,abdominal pain,6,95,138,70,13,97,38.0
30097658,3,fall,1,87,120,72,18,100,35.1
30097659,4,back pain,6,100,132,66,21,93,36.4
30097660,4,shortness of breath,4,86,115,88,20,96,37.8
30097661,4,knee pain,0,87,98,76,14,100,37.1
30097662,3,chest pain,7,97,119,102,9,94,34.7
30097663,3,knee pain,7,92,154,88,17,96,38.1
30097664,3,chest pain,1,88,128,50,22,95,36.3
30097665,3,back pain,7,87,126,87,17,95,36.9
30097666,1,fall,6,88,137,73,17,96,36.6
30097667,3,knee pain,1,82,149,81,24,97,37.0
30097668,5,headache,1,89,95,56,15,95,38.1
30097669,2,anxiety,9,83,149,54,14,94,36.6
30097670,2,headache,9,67,117,79,14,93,36.6
30097671,3,knee pain,0,102,123,77,13,96,37.6
30097672,5,laceration,5,79,153,86,17,94,37.4
30097673,3,fever,4,99,90,110,21,97,37.0
30097674,3,back pain,0,75,133,65,19,95,37.1
30097675,3,fever,2,105,146,62,21,93,36.9
30097676,1,knee pain,8,83,130,72,15,100,37.9
30097677,4,chest pain,6,111,143,76,17,97,35.5
30097678,4,anxiety,2,75,153,88,15,94,36.2
30097679,4,knee pain,6,91,150,66,19,95,36.8
30097680,3,fall,0,86,115,79,13,97,38.2
30097681,3,back pain,3,52,119,62,18,97,37.1
30097682,5,anxiety,4,62,123,75,19,100,36.8
30097683,4,back pain,4,81,132,77,16,100,38.1
30097684,3,fall,6,83,151,100,7,94,37.4
30097685,3,anxiety,4,68,120,95,17,100,37.6
30097686,4,chest pain,2,98,118,79,14,100,37.2
30097687,2,anxiety,7,94,119,107,17,98,36.4
30097688,4,fever,4,76,108,49,20,96,36.6
30097689,3,chest pain,7,76,132,77,9,98,36.5
30097690,3,chest pain,3,96,111,104,12,95,36.1
30097691,3,fall,3,89,127,97,25,96,35.6
30097692,3,anxiety,6,75,127,93,19,93,35.8
30097693,3,abdominal pain,6,97,143,56,20,98,38.0
30097694,2,chest pain,10,95,108,68,18,96,36.7
30097695,2,anxiety,7,75,80,79,19,98,38.1
30097696,3,laceration,6,96,120,61,18,100,36.5
30097697,4,anxiety,0,105,134,89,18,100,35.9
30097698,4,anxiety,6,56,144,60,19,91,36.0
30097699,4,chest pain,5,88,140,53,18,100,38.3
30097700,4,back pain,2,86,113,66,20,96,37.6
30097701,3,fever,7,102,133,90,18,97,38.3
30097702,4,knee pain,0,70,127,81,19,94,37.3
30097703,5,fever,7,95,98,85,22,98,37.4
30097704,2,knee pain,9,103,101,66,16,97,37.6
30097705,3,chest pain,0,109,112,89,17,100,37.3
30097706,3,laceration,5,63,132,95,18,100,36.5
30097707,2,fall,8,90,145,81,19,100,36.2
30097708,2,headache,8,70,143,88,14,98,36.8
30097709,3,fall,2,105,95,109,13,100,36.9
30097710,2,shortness of breath,10,99,133,87,23,99,36.7
30097711,3,back pain,3,88,114,83,15,94,37.5
30097712,3,back pain,1,94,125,71,16,100,37.0
30097713,1,shortness of breath,9,81,123,98,21,95,37.2
30097714,3,chest pain,3,74,128,85,17,97,37.1
30097715,4,abdominal pain,3,68,102,111,20,97,36.3
30097716,2,abdominal pain,8,76,81,71,16,95,36.8
30097717,2,back pain,7,68,115,77,22,97,37.2
30097718,3,abdominal pain,2,96,102,92,21,98,38.1
30097719,3,laceration,0,73,115,96,12,99,35.9
30097720,4,laceration,0,105,104,91,10,100,38.0
30097721,3,chest pain,7,64,157,88,20,100,37.4
30097722,3,headache,5,89,94,87,21,97,36.5
30097723,4,back pain,4,71,116,102,10,96,35.9
30097724,3,anxiety,2,78,140,78,18,100,37.7
30097725,4,headache,3,64,125,92,21,100,38.1
30097726,4,fever,5,96,142,90,11,95,37.1
30097727,2,fever,9,95,170,66,17,100,36.6
30097728,3,anxiety,2,89,151,81,18,92,36.6
30097729,2,knee pain,8,83,121,89,15,96,37.2
30097730,2,anxiety,8,64,128,67,9,96,35.8
30097731,4,anxiety,2,72,122,66,16,94,36.2
30097732,3,shortness of breath,3,112,132,84,16,97,36.9
30097733,3,headache,3,76,139,60,22,100,35.6
30097734,4,laceration,2,94,128,102,23,98,36.3
30097735,3,back pain,4,86,150,25,20,100,36.7
30097736,3,chest pain,2,107,134,108,9,95,37.8
30097737,3,anxiety,2,100,139,75,14,98,37.9
30097738,3,shortness of breath,0,70,131,62,18,94,37.0
30097739,3,laceration,4,77,101,101,19,94,37.1
30097740,4,laceration,2,85,140,64,17,97,36.1
30097741,3,back pain,4,80,119,80,15,100,36.1
30097742,5,anxiety,3,103,124,97,18,92,37.6
30097743,1,chest pain,9,100,155,88,20,99,38.7
30097744,4,laceration,1,115,108,76,18,99,37.4
30097745,3,anxiety,6,102,140,82,20,97,37.0
30097746,3,shortness of breath,5,76,140,70,16,96,37.2
30097747,4,knee pain,7,92,133,72,21,95,36.6
30097748,3,headache,3,94,126,81,20,98,35.8
30097749,3,abdominal pain,4,66,112,86,19,97,36.3
30097750,3,knee pain,2,94,131,98,21,99,36.5
30097751,5,chest pain,7,93,107,72,13,90,36.9
30097752,5,back pain,3,68,94,84,11,97,37.0
30097753,3,knee pain,3,44,95,92,19,96,36.7
30097754,3,anxiety,5,96,108,106,18,93,35.9
30097755,5,headache,0,61,108,79,21,96,36.5
30097756,3,chest pain,3,66,155,83,15,90,37.4
30097757,4,headache,5,106,136,42,18,92,36.8
30097758,4,chest pain,2,98,145,50,16,94,36.8
30097759,5,laceration,1,119,149,78,27,100,37.4
30097760,5,laceration,3,97,134,57,23,94,36.9
30097761,4,laceration,7,115,137,110,16,99,38.1
30097762,3,headache,1,59,96,86,23,96,37.2
30097763,4,knee pain,2,98,129,93,9,96,37.4
30097764,3,headache,5,90,127,93,17,100,37.8
30097765,4,laceration,1,106,113,80,13,92,37.1
30097766,2,back pain,10,71,170,69,16,97,37.2
30097767,4,fever,4,92,159,99,20,99,37.0
30097768,4,back pain,0,67,141,64,16,91,37.0
30097769,3,headache,4,89,150,93,16,98,35.4
30097770,3,abdominal pain,3,73,123,92,16,98,38.4
30097771,2,anxiety,8,116,120,70,18,98,36.9
30097772,3,fever,5,83,122,70,20,95,37.4
30097773,3,abdominal pain,3,76,127,88,18,94,39.2
30097774,3,back pain,0,113,145,88,21,96,37.8
30097775,3,back pain,2,97,131,82,19,100,37.9
30097776,3,laceration,2,114,127,82,27,93,37.9
30097777,3,fall,1,71,119,105,21,96,36.6
30097778,2,knee pain,7,108,120,56,17,100,37.1
30097779,5,shortness of breath,1,90,122,94,17,95,36.5
30097780,3,back pain,5,81,133,92,17,93,36.2
30097781,4,back pain,7,90,93,70,17,99,37.6
30097782,3,shortness of breath,1,76,117,63,23,99,37.1
30097783,2,fever,7,109,151,75,19,90,37.5
30097784,3,back pain,6,97,133,74,23,100,37.0
30097785,3,knee pain,0,92,126,85,21,100,37.1
30097786,5,shortness of breath,2,90,118,76,13,96,36.8
30097787,4,chest pain,5,97,122,80,11,93,36.6
30097788,3,knee pain,0,97,70,89,15,93,36.6
30097789,3,fall,1,70,139,55,22,91,37.3
30097790,3,headache,4,80,69,89,16,100,37.8
30097791,3,shortness of breath,1,87,114,68,22,93,37.0
30097792,3,anxiety,7,71,115,48,15,99,36.0
30097793,3,chest pain,4,84,129,104,15,95,36.2
30097794,3,back pain,3,103,158,75,25,91,38.3
30097795,3,fall,3,73,169,77,21,98,37.2
30097796,3,chest pain,3,69,165,73,20,98,36.0
30097797,3,headache,7,92,99,81,23,100,37.8
30097798,4,back pain,0,90,118,72,17,92,36.9
30097799,1,abdominal pain,8,108,112,61,10,90,36.1
30097800,3,abdominal pain,6,81,132,91,18,94,39.0
30097801,4,abdominal pain,0,92,130,74,19,97,38.2
30097802,3,back pain,2,118,123,64,14,96,37.8
30097803,3,knee pain,5,94,147,78,21,99,37.6
30097804,3,knee pain,3,61,156,57,16,97,38.0
30097805,4,chest pain,1,92,135,70,27,100,36.2
30097806,4,anxiety,4,100,120,112,14,96,37.2
30097807,2,shortness of breath,8,59,93,87,19,97,36.7
30097808,3,anxiety,6,93,82,73,14,98,37.7
30097809,3,anxiety,0,109,112,83,19,95,37.5
30097810,4,headache,1,105,116,89,21,96,36.0
30097811,3,knee pain,3,66,108,78,18,98,35.9
30097812,4,shortness of breath,7,70,128,65,25,94,36.4
30097813,3,chest pain,7,79,133,98,24,94,36.8
30097814,4,anxiety,1,107,166,65,17,100,36.9
30097815,4,laceration,3,69,82,69,25,92,36.1
30097816,4,back pain,1,101,122,71,23,99,37.6
30097817,3,headache,2,102,138,100,21,92,37.4
30097818,3,knee pain,2,82,154,76,18,99,37.4
30097819,4,fall,2,88,149,87,14,91,38.1
30097820,2,chest pain,6,101,148,65,16,97,37.1
30097821,3,laceration,0,97,106,89,21,97,35.7
30097822,3,anxiety,0,96,112,71,15,95,35.1
30097823,3,fall,3,63,158,97,16,100,37.4
30097824,1,back pain,9,107,135,64,20,94,37.1
30097825,2,fall,9,96,116,92,17,93,37.5
30097826,2,shortness of breath,10,109,83,84,11,96,36.6
30097827,4,back pain,0,100,115,78,19,100,37.3
30097828,2,headache,10,87,116,64,19,97,36.0
30097829,4,knee pain,7,105,158,72,17,100,37.8
30097830,3,knee pain,6,103,112,77,21,97,37.2
30097831,2,chest pain,6,89,149,67,19,97,36.4
30097832,3,headache,4,107,106,78,10,93,37.5
30097833,3,back pain,1,92,152,64,21,100,36.6
30097834,3,headache,1,76,102,73,18,94,36.9
30097835,3,anxiety,4,74,103,47,20,100,36.4
30097836,3,shortness of breath,2,78,108,76,17,99,38.3
30097837,3,chest pain,4,95,126,100,19,97,35.8
30097838,4,laceration,4,63,143,90,15,98,37.3
30097839,3,knee pain,1,87,137,93,20,96,36.7
30097840,3,shortness of breath,2,89,133,83,18,97,36.8
30097841,3,chest pain,7,105,130,96,22,98,37.5
30097842,3,anxiety,5,63,140,74,25,96,36.4
30097843,3,knee pain,2,88,124,95,18,98,36.3
30097844,4,fever,4,88,119,76,23,97,35.8
30097845,4,laceration,4,87,128,81,12,98,36.1
30097846,5,chest pain,5,67,112,80,22,95,38.7
30097847,3,fever,7,104,122,69,16,98,37.4
30097848,2,laceration,9,94,126,95,22,97,38.2
30097849,3,anxiety,2,64,136,72,19,99,36.1
30097850,3,laceration,7,78,116,79,15,100,37.3
30097851,3,abdominal pain,4,100,108,55,17,100,35.9
30097852,4,chest pain,7,93,149,56,21,98,37.8
30097853,3,laceration,0,68,149,86,13,94,37.4
30097854,4,headache,4,76,118,65,15,94,37.5
30097855,2,chest pain,10,82,160,66,14,92,37.4
30097856,3,chest pain,1,82,126,80,15,99,37.3
30097857,2,laceration,8,86,123,101,17,96,37.1
30097858,2,fever,8,64,131,78,20,100,36.2
30097859,3,chest pain,7,109,142,88,19,98,36.5
30097860,3,chest pain,1,93,128,91,23,98,36.5
30097861,5,knee pain,6,92,122,76,20,97,37.5
30097862,3,shortness of breath,4,78,104,86,24,95,36.5
30097863,3,headache,1,73,127,77,21,100,36.9
30097864,2,fever,8,82,149,54,15,95,37.0
30097865,5,chest pain,0,69,137,67,15,94,36.9
30097866,3,fever,2,101,107,79,17,98,36.0
30097867,3,anxiety,0,76,140,95,16,94,37.8
30097868,3,fall,2,80,124,90,18,99,36.2
30097869,3,knee pain,4,88,120,74,20,99,36.8
30097870,2,fall,7,49,135,56,21,99,36.9
30097871,3,shortness of breath,1,104,120,84,19,93,37.2
30097872,3,back pain,4,85,143,79,17,100,35.9
30097873,4,anxiety,6,120,134,48,21,95,37.5
30097874,3,anxiety,5,80,134,58,13,95,36.3
30097875,4,abdominal pain,2,88,136,80,16,94,37.5
30097876,5,fall,1,98,129,80,10,100,37.3
30097877,3,fall,6,104,128,62,21,96,36.1
30097878,3,knee pain,5,65,133,63,18,96,36.6
30097879,4,chest pain,6,99,115,70,19,95,38.2
30097880,3,shortness of breath,2,97,98,96,20,100,36.1
30097881,2,chest pain,7,104,105,84,17,98,36.4
30097882,5,chest pain,4,85,159,79,18,96,38.2
30097883,3,fever,5,77,87,79,20,100,36.3
30097884,3,abdominal pain,7,99,111,74,17,100,37.6
30097885,3,chest pain,2,106,84,92,13,100,36.9
30097886,3,headache,6,74,128,63,12,94,36.8
30097887,3,abdominal pain,5,67,130,87,17,92,37.4
30097888,3,headache,4,60,125,88,22,92,37.3
30097889,2,headache,6,104,165,95,24,95,38.2
30097890,2,back pain,10,103,113,62,17,94,35.5
30097891,3,chest pain,4,120,155,77,21,96,37.6
30097892,3,headache,3,84,156,93,18,95,36.6
30097893,2,abdominal pain,10,114,107,62,19,100,37.6
30097894,2,knee pain,8,79,113,92,15,96,37.5
30097895,2,laceration,7,79,141,53,18,100,37.4
30097896,5,shortness of breath,2,74,158,64,24,99,36.7
30097897,3,chest pain,4,88,120,59,21,96,37.1
30097898,2,chest pain,8,91,128,71,17,97,37.6
30097899,3,knee pain,3,88,146,67,14,97,36.5
30097900,3,back pain,5,112,119,47,17,94,36.7
30097901,4,laceration,1,109,117,56,23,100,37.2
30097902,3,headache,5,94,148,85,23,94,38.4
30097903,1,back pain,10,90,134,101,14,95,37.3
30097904,3,back pain,4,77,124,78,18,98,37.9
30097905,3,fever,4,101,128,82,21,94,36.9
30097906,2,fever,9,76,123,81,12,93,35.5
30097907,3,abdominal pain,4,84,134,73,17,100,37.8
30097908,4,chest pain,1,67,132,83,17,91,36.7
30097909,2,fever,8,113,88,83,23,97,36.7
30097910,3,back pain,4,83,111,103,14,100,36.1
30097911,1,back pain,8,114,107,96,12,99,37.7
30097912,3,fall,6,62,153,106,12,100,36.1
30097913,3,headache,7,73,141,96,14,99,36.8
30097914,3,anxiety,7,111,111,95,15,95,36.9
30097915,3,headache,5,95,141,110,20,97,37.7
30097916,4,knee pain,7,95,74,64,13,98,37.6
30097917,3,headache,3,72,140,59,19,93,38.7
30097918,5,fever,5,101,114,75,15,94,36.7
30097919,2,shortness of breath,7,116,126,95,17,100,37.3
30097920,2,chest pain,10,82,114,82,22,94,37.0
30097921,3,abdominal pain,1,75,122,99,17,98,37.6
30097922,3,chest pain,5,96,121,74,23,94,36.8
30097923,3,fall,6,65,124,91,17,100,36.4
30097924,3,laceration,5,69,154,94,20,99,36.2
30097925,3,anxiety,3,83,121,75,16,94,36.9
30097926,5,back pain,4,80,119,58,13,100,35.8
30097927,3,fever,3,98,132,82,25,92,38.3
30097928,2,headache,6,59,91,91,10,94,37.3
30097929,2,shortness of breath,6,87,126,47,24,98,37.2
30097930,3,shortness of breath,1,72,139,99,21,97,36.8
30097931,3,shortness of breath,5,96,138,96,13,97,36.4
30097932,3,back pain,5,57,138,79,15,100,37.6
30097933,4,chest pain,2,73,116,96,14,100,37.8
30097934,3,fever,5,83,154,90,19,99,37.4
30097935,1,back pain,9,99,126,88,18,99,36.5
30097936,4,chest pain,3,66,124,87,20,93,36.5
30097937,2,fever,8,82,132,87,15,92,38.9
30097938,4,shortness of breath,2,71,129,88,20,99,36.4
30097939,2,laceration,9,85,128,90,18,96,38.3
30097940,1,knee pain,7,72,113,93,16,100,37.7
30097941,3,fever,3,41,102,86,16,100,37.9
30097942,3,abdominal pain,2,75,125,102,13,94,38.3
30097943,3,fall,6,105,143,86,18,92,36.6
30097944,3,abdominal pain,4,86,127,93,20,98,36.6
30097945,2,chest pain,10,72,133,92,22,100,36.5
30097946,4,headache,7,72,154,78,18,95,37.1
30097947,2,headache,10,75,130,81,16,95,37.1
30097948,4,anxiety,7,75,152,87,18,94,38.1
30097949,4,back pain,4,75,84,81,25,95,36.6
30097950,4,anxiety,3,81,89,74,17,100,37.7
30097951,2,laceration,10,65,108,70,19,96,37.9
30097952,2,abdominal pain,8,86,159,78,18,94,35.6
30097953,4,headache,3,81,110,82,14,99,37.4
30097954,3,chest pain,4,77,147,59,7,96,36.7
30097955,3,laceration,2,100,100,122,14,93,37.0
30097956,3,abdominal pain,3,83,116,101,17,100,36.8
30097957,4,knee pain,5,74,123,82,22,97,35.8
30097958,3,knee pain,7,88,109,87,17,94,37.7
30097959,3,chest pain,1,78,133,71,22,99,37.2
30097960,2,fall,10,98,91,101,20,96,36.2
30097961,3,headache,3,104,154,100,16,93,35.9
30097962,3,anxiety,4,93,125,83,19,96,37.2
30097963,3,chest pain,6,86,126,86,16,92,37.7
30097964,3,anxiety,1,107,119,51,12,93,37.5
30097965,5,headache,0,44,120,71,16,98,36.4
30097966,1,shortness of breath,9,83,97,75,18,97,38.3
30097967,4,knee pain,4,97,98,89,21,97,38.2
30097968,1,chest pain,9,114,112,92,18,100,35.7
30097969,3,chest pain,2,96,132,96,17,100,34.6
30097970,3,back pain,6,73,153,82,20,94,36.2
30097971,3,shortness of breath,6,71,112,88,20,99,37.2
30097972,2,headache,6,79,147,104,16,97,37.5
30097973,5,back pain,6,80,140,64,14,100,36.7
30097974,3,chest pain,7,117,112,99,18,95,37.3
30097975,3,headache,7,61,154,75,17,100,37.6
30097976,2,fever,7,76,155,61,17,94,36.5
30097977,3,knee pain,7,55,136,77,15,96,37.1
30097978,2,fall,7,104,124,94,17,93,37.0
30097979,4,knee pain,1,100,121,69,14,97,38.3
30097980,4,abdominal pain,6,99,86,84,14,99,36.5
30097981,4,back pain,1,99,142,109,22,96,35.9
30097982,3,chest pain,7,80,149,59,12,99,37.5
30097983,3,laceration,3,102,103,71,21,92,38.4
30097984,5,laceration,5,88,100,57,16,95,34.9
30097985,2,laceration,8,63,110,76,14,100,36.3
30097986,1,fever,7,73,126,78,16,96,35.5
30097987,4,knee pain,5,81,122,87,22,94,36.5
30097988,3,chest pain,2,85,97,84,13,100,36.9
30097989,3,fever,7,102,133,64,21,98,36.9
30097990,2,fall,6,101,124,65,15,91,36.8
30097991,2,chest pain,6,102,121,89,21,98,35.9
30097992,3,chest pain,5,50,145,64,14,95,37.6
30097993,3,knee pain,6,84,115,70,16,92,37.7
30097994,3,fever,0,93,122,80,19,92,36.1
30097995,2,back pain,7,106,138,92,17,92,35.6
30097996,3,laceration,3,80,129,63,17,96,37.9
30097997,2,laceration,9,85,130,91,21,99,37.3
30097998,3,anxiety,1,94,180,104,17,100,37.0
30097999,3,chest pain,0,83,95,118,9,98,38.4
30098000,3,fever,7,101,102,79,24,94,37.5
30098001,4,fever,6,86,103,98,15,95,36.1
30098002,4,shortness of breath,6,78,108,68,14,100,36.4
30098003,3,laceration,2,83,124,93,12,96,37.8
30098004,2,headache,6,105,144,86,21,94,36.6
30098005,3,fever,1,88,117,72,25,97,36.4
30098006,3,laceration,2,86,123,86,19,100,36.9
30098007,4,knee pain,3,88,132,89,22,99,36.9
30098008,1,chest pain,10,83,139,87,25,91,37.6
30098009,5,fever,5,87,126,81,14,96,36.7
30098010,3,anxiety,2,103,105,94,17,99,37.5
30098011,3,fall,2,66,151,82,17,92,37.8
30098012,4,headache,6,57,136,87,21,98,36.7
30098013,4,fever,6,79,130,83,25,97,36.8
30098014,3,laceration,5,93,95,72,20,97,37.6
30098015,3,back pain,6,94,143,68,16,94,37.9
30098016,5,back pain,5,94,122,87,25,96,37.3
30098017,3,headache,0,75,115,58,18,96,36.8
30098018,2,fall,6,69,176,52,16,98,36.8
30098019,3,anxiety,1,85,149,56,17,91,36.7
30098020,3,fall,4,86,136,97,14,98,35.7
30098021,2,chest pain,9,88,154,87,20,97,36.6
30098022,3,shortness of breath,4,119,113,73,24,98,37.1
30098023,2,back pain,7,81,109,100,19,96,37.0
30098024,2,fever,8,61,109,97,15,94,38.0
30098025,2,knee pain,7,66,148,74,18,95,37.5
30098026,4,back pain,2,94,95,90,18,95,37.3
30098027,5,abdominal pain,1,104,100,97,21,100,37.0
30098028,4,chest pain,0,80,132,91,18,99,37.6
30098029,2,anxiety,10,45,159,72,8,96,35.5
30098030,3,fever,7,70,135,93,15,99,36.8
30098031,3,knee pain,3,82,141,85,22,92,36.7
30098032,3,abdominal pain,0,74,168,93,24,95,36.9
30098033,3,shortness of breath,5,86,102,50,14,97,38.3
30098034,3,shortness of breath,1,81,117,59,13,98,36.0
30098035,3,back pain,2,63,105,75,16,97,37.5
30098036,4,knee pain,6,74,150,86,19,91,35.5
30098037,3,fall,5,69,134,34,13,95,37.4
30098038,2,abdominal pain,9,68,99,44,12,97,38.1
30098039,3,shortness of breath,2,92,120,81,21,100,37.9
30098040,3,headache,4,71,147,84,13,100,37.3
30098041,3,anxiety,6,87,131,87,22,100,34.9
30098042,4,headache,6,73,124,98,13,91,37.0
30098043,2,knee pain,7,91,129,93,22,100,38.3
30098044,3,abdominal pain,4,90,145,76,13,97,35.8
30098045,3,back pain,5,75,153,84,15,95,36.8
30098046,3,chest pain,0,92,105,61,15,92,37.2
30098047,3,laceration,6,84,132,68,23,95,37.9
30098048,3,abdominal pain,4,70,158,68,25,98,36.3
30098049,3,back pain,3,102,93,63,24,94,36.5
30098050,3,fever,4,89,107,93,21,95,37.4
30098051,3,fall,0,62,114,59,16,100,36.9
30098052,5,shortness of breath,3,67,114,59,21,97,37.0
30098053,1,knee pain,7,86,138,85,22,98,36.9
30098054,3,shortness of breath,5,100,138,99,25,94,36.5
30098055,4,headache,2,75,119,94,25,99,34.8
30098056,3,anxiety,3,120,113,111,22,98,37.5
30098057,3,headache,0,112,105,80,21,97,37.3
30098058,4,laceration,2,59,140,99,18,95,37.8
30098059,2,abdominal pain,8,78,122,60,11,98,37.0
30098060,3,shortness of breath,6,79,105,89,19,91,36.9
30098061,3,laceration,2,80,115,91,22,96,37.0
30098062,3,chest pain,1,88,143,89,17,92,36.8
30098063,3,knee pain,4,84,101,86,14,92,37.6
30098064,3,fever,5,90,89,86,20,100,35.9
30098065,1,abdominal pain,7,84,115,89,16,100,36.1
30098066,4,fall,5,90,105,101,23,100,36.9
30098067,3,laceration,4,105,133,104,16,94,37.0
30098068,4,chest pain,0,88,129,51,20,99,37.4
30098069,3,fall,4,100,118,92,26,98,38.1
30098070,3,knee pain,2,81,138,71,14,100,35.7
30098071,4,back pain,5,87,136,71,15,100,38.9
30098072,2,fever,9,72,130,92,22,100,34.9
30098073,3,knee pain,1,85,163,95,21,100,35.9
30098074,3,back pain,5,105,103,73,13,100,36.1
30098075,3,back pain,2,88,118,100,24,93,37.3
30098076,4,headache,4,72,135,65,20,98,38.5
30098077,1,shortness of breath,9,111,126,61,21,96,36.8
30098078,5,laceration,4,81,120,89,19,100,37.4
30098079,3,shortness of breath,2,98,131,88,16,100,37.5
30098080,3,shortness of breath,4,82,143,89,25,100,36.0
30098081,3,abdominal pain,6,94,135,102,15,96,38.0
30098082,2,anxiety,9,111,146,103,21,96,37.0
30098083,3,chest pain,1,91,99,95,22,98,37.5
30098084,4,chest pain,5,81,126,80,13,94,36.6
30098085,2,headache,10,71,86,83,23,94,37.3
30098086,2,shortness of breath,6,61,129,72,13,100,35.5
30098087,5,chest pain,4,61,132,78,18,100,36.7
30098088,3,back pain,7,72,123,87,16,98,37.4
30098089,4,back pain,4,87,139,58,18,93,38.2
30098090,1,chest pain,8,68,127,54,13,97,36.3
30098091,4,back pain,5,93,103,76,15,100,37.9
30098092,2,knee pain,7,92,124,79,13,100,35.4
30098093,3,abdominal pain,7,76,143,114,21,100,36.5
30098094,1,fall,6,76,106,92,18,94,37.1
30098095,2,fall,9,77,139,80,19,100,36.6
30098096,2,laceration,6,62,117,71,20,99,36.3
30098097,2,chest pain,8,91,115,58,16,100,35.8
30098098,2,anxiety,6,92,135,65,18,92,35.4
30098099,3,knee pain,1,60,92,83,14,97,37.6
30098100,3,fever,6,107,132,61,12,97,37.0
30098101,3,chest pain,6,91,76,64,17,96,36.4
30098102,2,headache,9,70,100,86,24,93,36.7
30098103,3,anxiety,1,95,126,100,26,100,37.6
30098104,2,knee pain,6,62,97,78,27,94,36.6
30098105,3,chest pain,4,72,83,90,20,93,37.6
30098106,2,shortness of breath,9,83,157,80,22,97,36.2
30098107,3,fall,0,124,127,89,23,97,36.8
30098108,4,fever,0,85,113,67,5,97,35.8
30098109,3,chest pain,2,120,108,95,14,95,37.8
30098110,3,abdominal pain,4,101,114,85,27,91,35.6
30098111,3,headache,4,100,111,72,19,100,36.7
30098112,3,laceration,1,94,132,85,23,100,36.1
30098113,3,chest pain,7,50,152,74,19,99,36.8
30098114,3,fever,6,56,127,70,21,100,37.5
30098115,3,back pain,2,89,149,94,18,100,35.5
30098116,3,shortness of breath,1,97,123,75,19,93,35.8
30098117,1,fall,10,113,125,104,15,95,39.4
30098118,4,shortness of breath,1,90,87,77,16,95,37.5
30098119,3,abdominal pain,4,89,123,80,21,92,37.6
30098120,1,fall,9,78,130,70,19,100,37.7
30098121,3,fall,5,79,136,85,20,98,37.2
30098122,5,fall,1,95,123,110,13,97,37.0
30098123,2,anxiety,9,75,137,100,13,94,38.0
30098124,3,shortness of breath,3,88,130,73,11,97,36.9
30098125,4,back pain,2,84,101,72,17,95,37.4
30098126,3,chest pain,4,59,97,78,17,100,36.0
30098127,2,headache,7,73,132,95,14,100,37.9
30098128,3,knee pain,3,92,161,82,19,95,37.0
30098129,3,anxiety,6,91,116,54,20,94,37.5
30098130,4,shortness of breath,3,57,143,62,7,96,36.8
30098131,2,headache,10,70,124,65,20,95,37.1
30098132,4,laceration,6,63,144,75,15,95,36.7
30098133,2,shortness of breath,8,70,148,75,19,98,37.4
30098134,3,chest pain,7,91,139,59,22,100,37.4
30098135,4,chest pain,1,107,105,84,13,95,36.0
30098136,2,abdominal pain,8,90,165,79,20,94,36.7
30098137,3,fever,5,55,141,86,16,98,38.8
30098138,3,fever,0,84,156,84,17,98,36.8
30098139,3,abdominal pain,4,93,115,71,22,95,38.6
30098140,3,shortness of breath,1,80,119,74,15,97,37.2
30098141,4,chest pain,5,76,149,93,22,93,37.2
30098142,3,fall,3,84,134,70,16,96,36.6
30098143,3,fall,4,94,123,65,10,97,38.2
30098144,3,laceration,0,98,163,96,24,93,35.7
30098145,3,abdominal pain,3,93,144,72,21,97,36.6
30098146,3,chest pain,0,76,115,63,20,98,37.6
30098147,3,anxiety,4,69,102,66,22,93,36.4
30098148,3,shortness of breath,5,70,146,97,20,100,38.4
30098149,3,knee pain,7,87,148,67,15,99,36.4
30098150,4,abdominal pain,6,70,112,69,20,98,37.4
30098151,4,knee pain,4,98,125,87,19,95,37.6
30098152,3,back pain,6,66,140,61,15,100,36.2
30098153,3,abdominal pain,5,87,138,107,19,95,37.6
30098154,2,fever,6,70,118,89,12,99,35.8
30098155,2,anxiety,6,97,116,87,24,93,36.4
30098156,3,abdominal pain,5,57,99,88,13,96,38.5
30098157,5,fever,5,108,175,99,15,100,35.2
30098158,3,headache,1,99,123,61,27,90,37.5
30098159,4,shortness of breath,7,85,136,76,23,100,36.9
30098160,3,chest pain,1,113,156,69,19,99,36.3
30098161,4,fall,6,84,127,78,18,90,37.2
30098162,3,fall,1,64,110,69,26,100,38.6
30098163,2,shortness of breath,6,118,83,65,15,92,37.0
30098164,4,knee pain,6,87,114,94,19,96,35.9
30098165,2,abdominal pain,8,94,125,107,18,98,36.4
30098166,3,shortness of breath,6,71,120,69,18,99,38.1
30098167,4,fever,5,75,103,78,22,93,36.4
30098168,2,knee pain,10,88,119,77,14,97,37.2
30098169,3,chest pain,4,73,149,90,18,96,37.0
30098170,3,laceration,4,81,142,58,19,95,35.6
30098171,4,chest pain,4,64,107,52,20,95,37.9
30098172,3,back pain,5,67,135,70,13,100,37.3
30098173,3,knee pain,4,99,133,83,23,93,37.1
30098174,3,chest pain,6,96,137,71,17,100,36.4
30098175,3,knee pain,1,71,106,98,17,99,36.6
30098176,3,chest pain,7,94,121,82,13,96,36.5
30098177,3,abdominal pain,4,83,141,65,13,95,36.3
30098178,4,shortness of breath,6,98,153,101,22,96,36.5
30098179,5,fall,0,67,88,68,22,93,37.2
30098180,2,abdominal pain,7,82,156,70,12,99,37.1
30098181,3,laceration,2,107,95,64,13,100,37.2
30098182,2,laceration,9,110,111,77,16,96,36.0
30098183,3,fever,0,68,152,75,19,93,36.8
30098184,4,knee pain,0,82,97,56,17,96,36.6
30098185,3,knee pain,5,106,163,85,25,99,36.0
30098186,3,fever,1,91,92,77,21,100,35.9
30098187,4,abdominal pain,7,85,123,97,20,100,36.8
30098188,5,back pain,3,82,126,104,18,96,36.7
30098189,4,fall,5,95,155,98,20,97,36.6
30098190,3,chest pain,3,89,105,67,24,97,36.6
30098191,2,abdominal pain,6,89,122,91,13,97,39.4
30098192,2,shortness of breath,6,65,72,75,17,92,37.9
30098193,1,back pain,10,72,132,70,18,100,37.8
30098194,5,anxiety,3,71,145,75,21,97,38.0
30098195,2,back pain,7,90,156,102,20,93,36.6
30098196,4,anxiety,2,118,116,79,23,96,36.5
30098197,3,laceration,2,72,135,88,20,98,36.4
30098198,3,chest pain,3,60,97,85,19,97,35.1
30098199,1,laceration,8,65,134,84,15,100,37.5
30098200,3,fever,2,101,114,99,20,96,37.1
30098201,3,anxiety,3,93,112,87,8,99,37.2
30098202,2,laceration,6,77,107,74,18,94,38.5
30098203,1,fall,7,102,69,90,18,96,36.9
30098204,3,back pain,7,82,134,73,12,97,35.9
30098205,5,headache,0,85,122,68,22,93,36.7
30098206,3,back pain,4,88,138,61,10,99,35.8
30098207,3,fall,7,79,130,85,17,100,36.7
30098208,3,laceration,3,88,140,112,20,100,36.2
30098209,3,headache,3,85,167,47,21,97,34.9
30098210,3,headache,1,67,132,71,22,92,37.1
30098211,3,fever,1,97,135,69,23,95,36.2
30098212,2,anxiety,8,85,99,83,21,97,37.5
30098213,3,back pain,7,119,142,95,17,99,36.1
30098214,4,headache,4,100,161,121,15,97,36.1
30098215,5,headache,6,95,137,112,18,97,37.6
30098216,3,headache,2,90,127,85,21,99,36.8
30098217,2,anxiety,10,85,133,97,24,99,35.8
30098218,3,fever,7,84,124,90,11,100,37.2
30098219,2,laceration,8,74,111,103,16,99,37.2
30098220,2,chest pain,6,58,83,51,20,96,36.1
30098221,3,shortness of breath,0,74,103,73,12,95,36.3
30098222,3,fall,1,77,144,80,16,94,37.6
30098223,5,chest pain,3,97,82,79,16,96,38.2
30098224,2,headache,7,100,120,81,18,100,36.5
30098225,3,fever,2,94,129,74,20,99,36.8
30098226,4,abdominal pain,2,99,118,88,17,99,36.4
30098227,3,shortness of breath,2,90,115,86,18,97,35.6
30098228,3,knee pain,3,93,140,70,16,96,36.3
30098229,4,chest pain,2,74,143,86,17,95,37.8
30098230,4,headache,0,92,147,93,18,95,38.2
30098231,2,laceration,10,82,76,114,16,100,38.7
30098232,4,fever,0,77,118,66,30,88,37.4
30098233,3,laceration,7,91,120,68,25,99,38.4
30098234,2,anxiety,8,89,117,87,13,96,38.3
30098235,3,fall,3,97,103,89,15,93,36.1
30098236,3,fever,7,69,118,48,17,96,37.6
30098237,3,back pain,7,98,128,78,22,90,36.8
30098238,3,abdominal pain,0,65,109,76,15,93,37.2
30098239,3,knee pain,4,80,96,71,24,92,36.2
30098240,4,chest pain,3,73,73,56,23,100,37.5
30098241,3,anxiety,2,99,91,58,17,95,38.8
30098242,3,back pain,0,80,121,77,16,100,37.6
30098243,2,headache,7,83,120,67,11,96,35.8
30098244,2,chest pain,8,80,109,98,17,93,36.4
30098245,3,chest pain,6,84,90,62,16,99,36.4
30098246,3,fall,5,113,121,96,17,99,38.2
30098247,4,laceration,1,81,142,82,16,93,36.1
30098248,2,anxiety,8,61,135,57,19,91,37.1
30098249,3,abdominal pain,7,89,140,108,18,96,36.7
30098250,3,fever,1,92,139,54,23,98,36.4
30098251,4,anxiety,2,97,121,80,12,98,36.4
30098252,4,laceration,0,94,142,78,25,99,36.3
30098253,4,shortness of breath,4,87,104,87,23,100,37.2
30098254,3,shortness of breath,3,93,127,100,12,99,37.1
30098255,5,fall,0,112,135,68,16,98,37.6
30098256,3,laceration,5,71,148,94,23,95,37.1
30098257,3,chest pain,5,79,122,96,21,98,36.8
30098258,2,knee pain,10,90,162,55,18,100,37.1
30098259,3,laceration,4,64,109,68,17,100,36.7
30098260,4,knee pain,7,78,97,91,19,96,36.8
30098261,2,knee pain,8,93,120,83,18,96,36.1
30098262,3,laceration,0,92,117,75,26,98,37.6
30098263,3,knee pain,3,64,101,72,17,94,35.8
30098264,2,back pain,10,75,119,77,18,97,38.3
30098265,2,headache,7,88,142,91,19,95,37.9
30098266,4,laceration,4,85,111,74,13,98,36.5
30098267,3,fall,5,105,103,80,18,96,37.9
30098268,4,chest pain,3,62,113,82,20,100,36.7
30098269,3,abdominal pain,0,72,102,90,31,100,37.0
30098270,3,fever,4,91,137,97,13,100,36.8
30098271,2,anxiety,8,82,114,79,24,95,36.9
30098272,4,fall,3,91,145,58,18,100,37.5
30098273,3,abdominal pain,2,107,124,84,15,96,38.0
30098274,3,abdominal pain,7,94,134,61,13,95,38.1
30098275,4,laceration,4,94,123,85,17,99,35.8
30098276,4,headache,6,95,110,104,17,92,36.2
30098277,2,knee pain,10,93,138,76,11,94,37.6
30098278,1,chest pain,7,75,115,75,17,95,36.7
30098279,3,chest pain,7,73,140,61,25,98,37.7
30098280,2,shortness of breath,6,88,112,96,17,95,37.8
30098281,4,fever,6,91,134,84,16,98,36.6
30098282,2,headache,7,81,118,113,15,96,37.8
30098283,4,fall,1,101,126,69,16,98,38.3
30098284,3,chest pain,3,76,128,88,16,97,36.3
30098285,2,knee pain,8,64,122,85,18,96,36.7
30098286,3,fever,4,120,135,60,21,96,35.4
30098287,3,abdominal pain,7,77,122,87,20,94,35.5
30098288,3,fever,6,88,155,93,17,99,37.5
30098289,3,laceration,7,95,136,85,15,95,36.9
30098290,3,back pain,5,73,126,55,16,100,36.6
30098291,5,fever,6,70,153,91,19,93,37.4
30098292,3,shortness of breath,4,73,98,85,19,96,37.0
30098293,3,anxiety,1,88,158,102,11,95,37.1
30098294,2,back pain,7,79,134,68,19,100,35.6
30098295,3,fever,3,77,85,86,19,96,37.2
30098296,3,laceration,6,107,110,83,15,93,38.1
30098297,2,headache,9,65,131,81,17,94,35.9
30098298,3,laceration,0,70,111,75,18,99,35.9
30098299,3,shortness of breath,0,69,122,80,14,97,36.9
30098300,3,knee pain,3,95,128,78,19,97,37.4
30098301,3,anxiety,4,86,156,69,14,92,37.8
30098302,3,shortness of breath,0,99,100,90,13,92,36.3
30098303,2,back pain,6,67,121,55,12,99,38.2
30098304,3,chest pain,5,122,158,74,17,100,37.0
30098305,3,abdominal pain,4,93,118,63,14,93,38.8
30098306,3,fall,4,91,133,69,18,96,37.0
30098307,3,chest pain,1,64,114,72,23,98,37.5
30098308,4,knee pain,4,81,127,100,18,90,36.0
30098309,3,shortness of breath,1,129,125,91,17,99,36.8
30098310,2,fever,10,84,106,94,17,94,37.5
30098311,3,back pain,4,83,91,89,19,100,37.3
30098312,2,anxiety,8,82,114,79,17,97,36.8
30098313,3,abdominal pain,3,77,126,83,14,92,37.8
30098314,3,abdominal pain,3,106,153,102,22,100,36.4
30098315,3,fever,5,98,125,81,17,100,36.2
30098316,3,headache,6,95,152,90,16,99,36.8
30098317,4,chest pain,7,97,112,55,22,96,36.9
30098318,3,headache,4,71,150,72,25,97,38.2
30098319,3,laceration,7,58,116,51,18,99,38.8
30098320,4,fall,0,113,162,117,9,99,37.2
30098321,4,abdominal pain,2,44,136,77,19,100,37.7
30098322,3,knee pain,6,66,134,74,21,97,37.3
30098323,3,abdominal pain,3,87,100,88,19,95,37.4
30098324,4,fall,3,100,134,100,20,95,38.8
30098325,3,headache,5,70,146,81,19,99,37.7
30098326,3,anxiety,1,92,121,81,24,97,37.0
30098327,2,anxiety,10,90,148,60,23,97,36.3
30098328,4,knee pain,7,60,96,68,18,90,35.2
30098329,2,fever,6,82,114,74,13,93,36.5
30098330,2,abdominal pain,7,100,149,92,23,98,37.3
30098331,4,back pain,2,82,132,97,20,100,37.4
30098332,2,shortness of breath,10,95,100,87,14,97,37.8
30098333,5,abdominal pain,3,86,98,89,20,100,38.1
30098334,2,anxiety,10,102,109,53,15,92,36.6
30098335,1,chest pain,7,70,100,103,13,100,35.3
30098336,4,chest pain,5,103,129,76,15,98,38.3
30098337,2,shortness of breath,7,102,140,99,19,89,36.2
30098338,2,abdominal pain,7,79,128,103,14,97,38.1
30098339,4,shortness of breath,3,98,82,80,12,96,36.4
30098340,4,chest pain,2,80,126,71,13,95,36.4
30098341,3,knee pain,5,86,108,84,16,96,37.3
30098342,3,chest pain,1,67,87,75,15,94,37.7
30098343,4,fall,2,66,115,74,23,95,37.3
30098344,2,fall,8,73,143,84,18,94,35.9
30098345,2,fall,7,80,132,97,25,100,37.2
30098346,2,shortness of breath,7,87,170,82,13,100,36.6
30098347,3,fever,7,99,102,53,12,100,37.2
30098348,3,anxiety,6,77,138,70,13,95,35.6
30098349,5,laceration,7,74,153,85,22,100,37.3
30098350,2,fall,7,76,127,84,16,93,36.8
30098351,4,knee pain,3,62,139,76,18,95,36.4
30098352,3,chest pain,2,101,145,88,24,95,37.2
30098353,2,laceration,6,62,108,61,18,95,37.2
30098354,4,fall,4,95,146,78,22,93,36.5
30098355,3,laceration,6,75,130,103,19,97,37.7
30098356,3,back pain,3,66,109,85,16,96,37.1
30098357,3,chest pain,0,99,120,74,21,100,36.9
30098358,3,knee pain,7,116,121,79,15,95,36.5
30098359,3,shortness of breath,1,66,143,86,12,98,36.7
30098360,2,knee pain,9,82,125,64,14,99,35.9
30098361,3,shortness of breath,2,74,119,64,15,99,37.2
30098362,4,fall,6,91,131,86,13,100,37.0
30098363,4,laceration,5,34,118,92,8,89,37.6
30098364,1,anxiety,7,87,130,63,14,94,36.5
30098365,5,headache,2,102,131,83,13,95,35.7
30098366,5,laceration,0,92,107,68,25,92,36.1
30098367,4,anxiety,1,88,163,94,26,96,37.6
30098368,3,abdominal pain,0,81,129,78,11,97,36.8
30098369,4,abdominal pain,7,69,113,56,15,100,37.2
30098370,3,knee pain,1,85,136,78,18,100,37.8
30098371,3,chest pain,3,70,124,86,15,95,37.8
30098372,5,anxiety,7,84,113,68,14,95,36.3
30098373,4,anxiety,2,92,126,80,21,98,34.3
30098374,3,laceration,0,106,119,94,21,100,36.7
30098375,3,abdominal pain,7,85,140,60,16,95,35.6
30098376,3,anxiety,4,79,140,75,14,94,37.1
30098377,3,back pain,2,54,104,85,12,100,35.9
30098378,3,chest pain,3,89,152,86,16,92,38.0
30098379,4,fall,3,98,121,94,20,98,36.8
30098380,3,headache,7,91,131,71,26,97,38.3
30098381,1,headache,8,104,174,93,22,99,36.4
30098382,3,back pain,1,80,107,69,9,97,38.2
30098383,3,back pain,3,84,130,109,13,97,38.2
30098384,2,chest pain,7,84,129,70,28,100,37.6
30098385,2,shortness of breath,7,80,137,97,17,99,37.7
30098386,2,shortness of breath,6,95,108,81,18,99,36.4
30098387,3,shortness of breath,7,94,108,99,25,100,37.6
30098388,2,fall,8,92,132,74,21,99,36.1
30098389,3,abdominal pain,3,103,108,85,25,97,37.0
30098390,3,shortness of breath,1,99,123,61,14,92,36.5
30098391,3,back pain,1,78,116,63,21,99,37.1
30098392,3,fever,0,93,123,68,23,96,38.6
30098393,2,abdominal pain,6,85,118,74,23,96,36.6
30098394,3,laceration,7,92,102,84,19,97,36.7
30098395,4,back pain,4,72,150,87,15,100,35.3
30098396,2,knee pain,9,87,142,85,23,99,36.8
30098397,4,abdominal pain,2,86,134,92,22,98,36.5
30098398,3,shortness of breath,3,110,126,49,13,100,36.8
30098399,4,back pain,2,106,130,93,13,97,37.3
30098400,3,laceration,4,91,140,82,13,100,36.3
30098401,3,laceration,4,67,142,67,19,96,36.4
30098402,3,chest pain,0,89,139,79,22,98,37.2
30098403,4,headache,5,86,166,88,24,92,37.1
30098404,3,shortness of breath,1,88,99,86,16,100,37.7
30098405,3,knee pain,4,92,117,63,17,100,36.7
30098406,3,anxiety,4,80,80,80,25,98,37.5
30098407,3,knee pain,1,79,146,85,10,100,37.8
30098408,4,back pain,5,80,123,88,18,97,36.8
30098409,2,anxiety,6,66,159,102,25,99,37.1
30098410,3,headache,4,101,127,68,17,96,36.1
30098411,3,anxiety,7,116,133,76,25,96,36.6
30098412,3,back pain,1,84,149,99,25,95,36.9
30098413,3,fever,0,113,140,67,19,99,37.6
30098414,3,laceration,2,92,160,60,22,98,37.2
30098415,4,back pain,3,111,105,92,21,93,37.4
30098416,2,abdominal pain,6,83,150,70,16,96,35.6
30098417,3,fever,7,112,109,76,14,97,38.0
30098418,2,knee pain,9,78,147,117,26,94,38.7
30098419,3,back pain,0,83,95,93,15,97,36.3
30098420,2,fever,8,105,89,73,21,96,37.0
30098421,1,back pain,6,94,133,85,14,94,36.1
30098422,3,fall,4,69,109,86,18,92,36.4
30098423,2,fall,8,100,134,76,23,93,36.3
30098424,3,headache,3,90,148,53,19,96,38.4
30098425,2,chest pain,8,83,118,69,17,98,37.3
30098426,4,chest pain,2,87,111,79,17,100,38.2
30098427,3,back pain,4,87,140,79,11,93,36.7
30098428,2,back pain,7,87,124,79,25,91,37.3
30098429,5,headache,3,76,138,95,26,99,36.8
30098430,3,fever,4,55,97,85,10,96,37.6
30098431,3,headache,2,74,121,93,21,100,37.9
30098432,2,fall,7,88,169,83,14,95,36.3
30098433,4,shortness of breath,1,37,98,72,11,98,37.9
30098434,3,knee pain,3,78,115,52,21,98,37.3
30098435,5,anxiety,2,93,126,106,20,97,36.3
30098436,4,laceration,1,75,157,91,13,98,35.5
30098437,4,headache,5,81,103,43,21,97,38.1
30098438,3,fever,2,74,117,42,21,96,37.3
30098439,4,headache,0,95,112,83,20,93,36.6
30098440,3,knee pain,6,76,123,87,18,99,36.9
30098441,2,laceration,9,88,106,78,17,100,36.7
30098442,4,headache,0,69,129,75,15,100,37.4
30098443,4,fall,0,108,121,74,13,100,35.5
30098444,2,abdominal pain,9,82,102,66,19,97,37.7
30098445,2,knee pain,7,58,114,91,24,100,37.0
30098446,3,abdominal pain,4,108,148,110,17,89,36.4
30098447,2,abdominal pain,7,69,110,95,23,92,37.7
30098448,3,anxiety,6,92,117,100,17,95,36.0
30098449,5,shortness of breath,2,93,95,98,15,95,37.1
30098450,4,back pain,3,94,107,78,19,94,36.9
30098451,3,fall,7,108,133,99,17,96,38.5
30098452,2,fever,8,85,107,102,12,99,38.4
30098453,2,fall,10,70,140,110,16,96,37.6
30098454,1,fever,7,63,125,107,14,95,36.8
30098455,3,fall,5,115,117,79,21,98,35.5
30098456,2,abdominal pain,10,91,156,73,24,98,36.0
30098457,2,fever,6,90,130,64,20,92,36.2
30098458,1,fever,8,76,110,73,24,96,38.7
30098459,3,fever,5,74,160,80,13,100,37.9
30098460,2,shortness of breath,7,98,121,67,19,99,35.8
30098461,2,back pain,9,103,153,99,20,98,36.8
30098462,3,shortness of breath,2,81,151,122,25,98,35.9
30098463,4,knee pain,6,104,113,88,11,99,37.3
30098464,3,back pain,4,88,171,69,27,98,38.3
30098465,2,abdominal pain,10,91,154,90,19,100,37.1
30098466,3,headache,3,72,111,92,16,96,37.0
30098467,3,fall,5,75,97,69,17,100,35.9
30098468,4,anxiety,3,77,98,90,17,93,38.5
30098469,3,back pain,4,104,138,48,19,94,38.0
30098470,5,laceration,4,69,107,70,24,95,36.9
30098471,3,abdominal pain,0,93,124,109,25,99,36.4
30098472,3,laceration,0,95,138,95,17,97,37.6
30098473,4,back pain,0,90,99,94,17,95,36.1
30098474,3,shortness of breath,4,86,128,95,16,98,37.3
30098475,3,knee pain,5,75,147,49,16,100,37.5
30098476,4,fever,0,73,116,81,9,95,37.7
30098477,4,anxiety,7,115,105,62,21,96,37.8
30098478,5,chest pain,1,70,136,88,25,93,35.1
30098479,4,anxiety,7,103,73,91,14,100,36.4
30098480,4,knee pain,3,74,142,91,18,97,37.3
30098481,3,fall,6,62,107,84,21,93,36.0
30098482,3,fever,0,99,99,89,14,100,37.8
30098483,4,headache,1,85,84,78,20,92,38.0
30098484,1,fall,9,88,123,66,16,93,37.2
30098485,2,chest pain,10,106,97,82,20,100,36.8
30098486,3,abdominal pain,3,102,137,85,18,99,36.3
30098487,3,back pain,6,104,141,59,29,100,37.1
30098488,3,anxiety,3,83,135,72,13,97,35.9
30098489,1,abdominal pain,9,94,137,84,22,93,35.9
30098490,3,chest pain,1,94,119,71,22,99,37.5
30098491,3,chest pain,3,88,101,80,19,99,35.9
30098492,2,chest pain,6,77,130,67,19,97,38.1
30098493,2,shortness of breath,8,58,119,100,14,94,35.9
30098494,3,anxiety,1,77,152,57,25,92,38.1
30098495,4,fever,2,82,116,64,9,98,37.0
30098496,3,headache,5,66,118,60,24,100,36.0
30098497,3,shortness of breath,5,80,136,61,23,96,36.8
30098498,4,abdominal pain,0,87,142,95,16,100,36.8
30098499,4,shortness of breath,2,79,89,75,23,94,36.9
30098500,4,fall,2,72,122,86,17,99,36.6
30098501,2,fall,8,44,159,79,15,98,36.6
30098502,4,anxiety,3,80,141,82,22,94,37.0
30098503,3,shortness of breath,1,86,162,50,21,100,37.0
30098504,3,laceration,7,96,154,78,12,99,37.8
30098505,2,shortness of breath,9,89,122,69,18,95,36.2
30098506,3,headache,3,88,123,99,21,100,37.5
30098507,3,anxiety,5,89,138,83,18,98,37.1
30098508,2,anxiety,7,85,114,61,12,88,36.5
30098509,3,abdominal pain,6,74,139,86,12,98,37.7
30098510,2,back pain,10,78,141,78,19,100,37.0
30098511,4,back pain,7,76,110,92,19,100,38.0
30098512,3,laceration,4,78,110,48,17,96,37.8
30098513,4,headache,5,88,133,98,27,97,36.4
30098514,3,anxiety,2,118,146,69,25,95,37.1
30098515,3,fall,3,83,129,87,18,95,36.5
30098516,3,back pain,3,52,156,94,22,93,37.0
30098517,3,shortness of breath,1,89,128,90,19,95,36.8
30098518,3,knee pain,3,97,136,79,19,95,37.4
30098519,3,anxiety,7,105,106,84,16,94,36.6
30098520,4,abdominal pain,5,85,126,70,20,98,35.2
30098521,4,anxiety,4,99,126,55,15,95,36.2
30098522,5,laceration,1,44,132,65,24,100,37.2
30098523,5,anxiety,3,64,126,63,10,100,36.7
30098524,4,abdominal pain,4,59,137,81,22,97,37.2
30098525,3,chest pain,2,82,125,65,21,94,37.2
30098526,3,laceration,1,56,117,100,17,100,37.0
30098527,4,chest pain,6,78,124,83,19,96,38.4
30098528,3,fall,2,84,107,65,14,97,36.2
30098529,4,fever,5,59,130,85,23,98,35.7
30098530,3,fever,1,78,118,70,17,94,37.5
30098531,3,anxiety,0,91,131,74,20,96,35.4
30098532,2,knee pain,7,100,148,84,11,100,36.6
30098533,4,fever,1,82,130,90,24,95,37.0
30098534,3,headache,0,90,132,51,14,91,36.8
30098535,4,fall,2,75,142,61,14,94,36.9
30098536,3,fever,5,90,152,70,18,98,36.5
30098537,4,shortness of breath,2,83,124,81,10,100,37.4
30098538,4,chest pain,2,85,136,85,22,95,36.7
30098539,3,chest pain,1,70,124,106,18,99,38.1
30098540,2,anxiety,7,90,118,88,16,98,36.5
30098541,3,fever,2,85,79,78,19,98,37.5
30098542,4,anxiety,0,130,138,75,16,95,37.7
30098543,4,anxiety,3,83,106,79,23,96,37.2
30098544,3,laceration,7,99,122,77,17,94,36.0
30098545,3,anxiety,7,100,132,71,14,99,37.4
30098546,3,fever,0,88,124,95,10,94,37.5
30098547,4,headache,7,67,155,86,10,94,36.2
30098548,3,abdominal pain,7,72,127,97,15,98,35.9
30098549,2,knee pain,6,92,146,102,11,96,36.3
30098550,3,fall,3,82,121,83,10,98,37.2
30098551,3,back pain,0,71,118,71,17,98,37.2
30098552,1,fall,7,89,107,74,10,95,35.9
30098553,4,fall,0,93,130,59,22,97,37.1
30098554,3,shortness of breath,7,83,123,78,16,93,36.5
30098555,3,shortness of breath,0,83,124,77,20,100,37.7
30098556,3,fall,1,51,130,62,15,98,36.9
30098557,3,fall,6,59,156,57,16,99,36.4
30098558,5,chest pain,0,87,103,77,19,97,36.2
30098559,3,anxiety,0,81,193,90,19,98,36.6
30098560,4,fever,3,108,126,96,16,97,37.1
30098561,3,knee pain,7,110,77,64,19,97,37.4
30098562,4,shortness of breath,5,73,82,61,19,100,35.7
30098563,4,knee pain,7,93,121,90,20,98,37.3
30098564,2,abdominal pain,10,69,129,105,15,100,38.7
30098565,4,laceration,4,69,144,80,12,93,37.3
30098566,2,abdominal pain,9,82,117,45,16,100,35.6
30098567,3,chest pain,0,99,85,96,16,98,37.9
30098568,4,laceration,1,71,153,76,13,95,38.1
30098569,4,headache,6,79,138,73,24,97,35.9
30098570,4,headache,1,68,97,87,16,100,35.8
30098571,3,laceration,6,91,125,94,18,97,38.0
30098572,3,chest pain,1,100,138,97,18,98,37.2
30098573,3,fever,6,100,84,91,15,93,36.7
30098574,3,knee pain,4,82,128,96,18,99,37.5
30098575,2,fall,10,74,136,74,23,97,36.6
30098576,3,abdominal pain,4,72,132,77,24,94,37.0
30098577,4,laceration,3,30,123,72,17,96,38.0
30098578,3,chest pain,0,106,122,81,17,96,36.8
30098579,3,laceration,7,81,120,66,14,93,37.0
30098580,3,knee pain,1,68,140,75,19,92,37.1
30098581,1,back pain,7,110,135,85,18,95,37.0
30098582,2,knee pain,8,70,104,96,25,95,36.6
30098583,3,shortness of breath,0,108,137,90,17,100,37.5
30098584,3,abdominal pain,7,89,141,84,19,98,35.9
30098585,3,back pain,4,68,123,73,22,100,36.0
30098586,3,shortness of breath,5,82,125,79,20,99,36.6
30098587,2,anxiety,10,80,122,52,19,92,36.7
30098588,3,fever,0,109,108,98,27,100,37.4
30098589,4,shortness of breath,4,69,133,60,22,92,36.0
30098590,1,chest pain,6,92,98,91,18,97,36.8
30098591,3,back pain,4,96,115,77,22,97,37.3
30098592,2,shortness of breath,8,115,135,74,26,100,37.3
30098593,2,laceration,10,101,121,82,16,99,36.2
30098594,4,fall,2,80,117,89,17,94,37.0
30098595,4,headache,0,77,113,43,21,99,36.7
30098596,2,fall,10,93,143,90,19,100,36.9
30098597,4,fever,2,105,103,107,20,94,37.5
30098598,4,back pain,0,99,138,72,18,100,38.0
30098599,3,knee pain,6,84,143,102,15,94,37.6
30098600,3,fall,7,98,156,70,17,95,37.4
30098601,3,anxiety,4,73,113,83,14,96,35.9
30098602,4,fever,4,108,70,94,24,98,36.5
30098603,3,fever,5,73,141,97,20,94,37.0
30098604,2,headache,7,72,121,88,15,95,35.6
30098605,2,laceration,6,83,109,102,20,92,37.0
30098606,3,laceration,0,92,112,86,20,100,37.8
30098607,2,anxiety,9,85,109,86,17,98,36.6
30098608,3,knee pain,2,97,98,82,20,94,37.5
30098609,3,anxiety,7,99,152,84,18,91,36.1
30098610,3,chest pain,0,74,107,83,15,98,36.8
30098611,3,knee pain,3,99,91,86,19,95,36.8
30098612,2,knee pain,7,79,145,101,18,97,36.6
30098613,4,abdominal pain,6,57,105,87,21,98,37.1
30098614,4,abdominal pain,4,84,126,58,18,95,36.8
30098615,3,fever,7,87,138,98,23,97,38.1
30098616,4,shortness of breath,1,76,129,94,22,97,37.6
30098617,3,shortness of breath,1,78,99,58,18,96,36.2
30098618,2,chest pain,9,59,145,93,16,99,36.0
30098619,3,anxiety,1,77,123,77,17,96,36.5
30098620,4,knee pain,6,72,134,106,12,90,37.1
30098621,3,abdominal pain,1,83,154,87,17,96,36.1
30098622,3,fever,0,93,97,68,15,100,37.0
30098623,3,headache,3,98,130,106,20,100,38.3
30098624,3,shortness of breath,0,59,129,62,23,96,37.3
30098625,2,anxiety,9,104,106,91,14,99,37.6
30098626,3,fall,4,67,120,111,16,93,36.6
30098627,4,fall,3,95,84,64,16,99,37.0
30098628,3,headache,1,60,152,84,16,97,36.1
30098629,5,fever,2,73,143,60,13,93,37.7
30098630,2,headache,10,76,98,72,23,97,36.6
30098631,2,headache,8,82,125,78,19,98,35.5
30098632,3,laceration,6,98,100,61,10,92,36.0
30098633,5,back pain,1,111,120,91,14,100,38.5
30098634,3,anxiety,6,122,117,71,11,94,37.7
30098635,3,laceration,3,115,157,101,19,94,37.4
30098636,4,fever,6,85,142,70,16,94,37.6
30098637,2,anxiety,10,78,142,67,19,98,38.3
30098638,2,fever,6,80,95,94,16,95,36.7
30098639,3,headache,4,91,127,78,19,96,35.7
30098640,3,fall,3,68,150,96,22,96,36.2
30098641,3,anxiety,2,114,163,84,19,99,36.8
30098642,3,fall,0,75,121,93,20,99,36.5
30098643,4,fever,4,90,146,81,15,95,35.3
30098644,3,abdominal pain,7,102,122,67,18,94,37.3
30098645,2,fever,7,92,128,58,19,93,37.1
30098646,3,fall,3,110,120,70,27,96,35.8
30098647,3,laceration,5,96,92,40,28,97,36.4
30098648,4,fall,0,89,157,92,13,97,37.5
30098649,3,back pain,5,74,114,91,22,100,36.9
30098650,3,laceration,0,94,117,67,12,97,37.5
30098651,4,back pain,3,71,148,93,20,98,38.6
30098652,1,knee pain,7,82,130,86,22,94,38.9
30098653,2,chest pain,7,82,133,85,18,96,37.1
30098654,2,back pain,10,55,149,100,19,100,35.7
30098655,3,chest pain,2,75,100,110,12,92,36.8
30098656,2,knee pain,6,65,128,89,15,93,37.1
30098657,3,shortness of breath,7,84,138,89,17,93,37.6
30098658,3,fever,2,68,123,90,18,96,36.6
30098659,4,fever,0,66,106,98,19,96,34.8
30098660,3,headache,1,84,138,82,15,92,37.4
30098661,2,laceration,8,77,162,112,20,97,35.7
30098662,1,headache,8,86,119,87,11,97,38.8
30098663,3,fever,0,79,121,118,23,100,36.9
30098664,3,fever,2,108,118,108,20,97,36.6
30098665,4,back pain,5,86,92,91,23,99,36.7
30098666,2,knee pain,6,95,124,72,16,97,36.0
30098667,2,anxiety,9,110,134,78,14,96,37.6
30098668,3,fever,2,90,149,74,22,100,36.8
30098669,1,headache,6,105,120,82,22,98,36.8
30098670,3,back pain,5,88,123,54,20,96,37.5
30098671,3,knee pain,0,107,151,94,13,97,36.1
30098672,3,shortness of breath,1,86,106,77,15,98,37.1
30098673,4,fall,2,86,131,78,15,93,37.2
30098674,3,chest pain,3,85,137,78,15,99,38.3
30098675,3,headache,3,84,94,81,18,94,37.0
30098676,1,fall,7,94,135,87,15,100,37.9
30098677,4,fever,3,80,134,69,22,100,37.0
30098678,2,anxiety,6,94,144,93,14,100,37.4
30098679,3,back pain,1,99,106,74,22,96,37.8
30098680,1,abdominal pain,6,74,107,83,18,95,36.6
30098681,3,fall,1,80,149,75,20,99,37.3
30098682,3,knee pain,1,78,142,83,13,96,35.5
30098683,3,fever,6,79,112,89,26,98,37.8
30098684,2,back pain,7,93,106,79,15,100,38.1
30098685,3,abdominal pain,7,89,150,103,20,98,37.9
30098686,3,headache,7,77,112,78,14,95,36.8
30098687,3,anxiety,1,81,123,63,12,100,37.3
30098688,5,anxiety,0,75,142,87,21,93,38.3
30098689,3,abdominal pain,0,105,118,79,22,97,37.2
30098690,2,headache,8,113,159,86,17,100,36.6
30098691,2,fever,6,102,116,88,20,97,37.5
30098692,2,fall,9,72,126,100,13,97,36.9
30098693,4,fall,2,89,116,62,22,98,36.1
30098694,2,anxiety,8,107,146,63,21,99,36.7
30098695,3,shortness of breath,2,77,136,68,16,96,36.5
30098696,3,headache,3,71,108,76,11,100,36.6
30098697,3,abdominal pain,5,98,121,74,25,94,35.8
30098698,3,knee pain,2,89,122,88,20,94,35.8
30098699,3,fever,6,46,155,90,21,96,37.0
30098700,5,knee pain,5,61,139,66,16,95,37.9
30098701,4,headache,4,87,102,91,21,99,35.5
30098702,4,headache,7,75,109,83,11,100,36.6
30098703,4,back pain,4,68,116,50,22,100,36.5
30098704,3,fever,0,74,85,65,14,100,37.5
30098705,3,chest pain,1,80,130,86,22,96,36.5
30098706,2,fall,6,96,127,72,14,100,36.2
30098707,2,fall,6,89,142,96,20,96,36.5
30098708,3,back pain,7,91,131,66,20,95,37.5
30098709,3,fall,1,59,125,77,15,94,36.7
30098710,4,shortness of breath,7,109,147,74,9,100,38.0
30098711,5,back pain,5,55,130,92,10,100,38.0
30098712,3,laceration,5,103,87,73,13,95,35.8
30098713,3,anxiety,0,77,112,55,17,88,37.5
30098714,4,chest pain,4,108,139,71,15,95,37.3
30098715,1,fall,8,65,109,81,22,97,37.1
30098716,3,knee pain,3,67,139,109,12,100,36.6
30098717,3,knee pain,0,57,128,96,18,98,37.2
30098718,2,fever,7,96,127,60,23,100,37.0
30098719,5,back pain,1,83,119,100,19,96,38.1
30098720,3,headache,6,88,121,91,25,95,37.1
30098721,3,chest pain,4,59,141,70,20,94,37.7
30098722,5,fall,2,70,141,60,14,94,37.8
30098723,2,fall,10,94,149,62,26,100,35.8
30098724,4,abdominal pain,5,88,110,101,25,95,38.0
30098725,4,knee pain,1,99,148,72,18,93,37.7
30098726,3,fall,7,94,104,65,24,92,37.7
30098727,4,fever,2,45,119,70,22,94,36.3
30098728,3,shortness of breath,2,91,144,75,15,96,37.2
30098729,3,abdominal pain,5,98,128,76,19,94,38.3
30098730,3,knee pain,2,54,107,73,22,96,35.5
30098731,2,laceration,9,54,122,102,20,99,38.1
30098732,5,headache,5,106,119,101,17,98,37.0
30098733,3,anxiety,0,65,91,84,19,100,35.8
30098734,3,anxiety,4,100,109,77,20,96,37.9
30098735,3,anxiety,4,103,86,83,16,96,37.1
30098736,4,back pain,3,84,143,89,9,93,37.9
30098737,4,chest pain,2,68,164,103,15,96,36.6
30098738,3,headache,0,116,155,84,21,93,36.8
30098739,3,chest pain,5,59,168,77,26,95,35.6
30098740,3,fever,4,94,115,91,24,99,36.2
30098741,2,fever,7,96,120,105,26,94,36.2
30098742,5,anxiety,3,54,155,94,15,94,36.4
30098743,4,headache,6,71,136,76,17,97,36.8
30098744,3,fall,2,71,103,80,22,97,36.8
30098745,3,knee pain,3,118,129,55,23,95,38.0
30098746,3,fever,6,90,127,96,20,95,37.5
30098747,3,fever,5,60,113,85,18,100,37.1
30098748,5,fever,2,72,125,76,24,94,36.9
30098749,2,laceration,6,75,151,79,16,96,37.4
30098750,3,abdominal pain,5,110,145,74,25,97,36.7
30098751,2,knee pain,10,97,129,94,24,98,38.1
30098752,3,anxiety,3,88,133,82,15,93,38.2
30098753,3,headache,4,102,119,95,21,100,36.4
30098754,2,shortness of breath,10,82,98,67,16,100,37.5
30098755,2,headache,9,93,114,62,11,98,37.4
30098756,4,chest pain,3,100,112,76,19,93,36.7
30098757,1,knee pain,10,55,120,89,15,99,37.2
30098758,4,back pain,6,75,146,62,20,94,37.5
30098759,3,abdominal pain,7,62,106,85,19,100,37.4
30098760,1,chest pain,8,81,82,105,17,97,36.1
30098761,3,headache,2,56,103,51,23,93,36.7
30098762,1,fever,10,69,128,69,20,95,36.6
30098763,5,back pain,3,97,134,80,22,96,36.8
30098764,3,headache,0,86,146,69,26,99,36.9
30098765,3,laceration,7,90,122,67,17,99,38.1
30098766,3,anxiety,5,99,122,57,18,88,37.0
30098767,2,chest pain,7,49,146,97,19,96,36.1
30098768,3,back pain,2,78,143,82,14,97,38.1
30098769,3,abdominal pain,1,106,123,55,16,92,35.9
30098770,3,headache,7,66,135,76,21,93,37.7
30098771,4,laceration,0,94,141,82,28,99,36.8
30098772,5,fever,5,78,128,68,9,94,38.4
30098773,3,fever,6,77,97,83,14,98,37.8
30098774,3,anxiety,3,96,164,72,20,97,36.4
30098775,3,back pain,0,88,108,70,14,96,36.8
30098776,2,fever,6,89,118,50,9,100,36.8
30098777,5,fall,0,85,151,59,13,96,38.4
30098778,3,knee pain,3,58,136,74,17,98,36.9
30098779,4,anxiety,5,87,106,87,15,100,35.7
30098780,3,abdominal pain,3,91,111,93,18,97,36.3
30098781,3,laceration,7,89,149,85,14,99,37.2
30098782,2,headache,8,87,148,72,18,99,36.5
30098783,3,anxiety,3,80,120,96,16,94,37.8
30098784,3,fall,7,95,118,79,19,100,37.3
30098785,5,chest pain,5,84,89,65,16,94,37.8
30098786,3,chest pain,2,97,112,82,18,96,38.0
30098787,3,back pain,3,88,116,80,10,100,36.7
30098788,2,back pain,9,79,92,64,17,98,35.6
30098789,4,fever,3,111,117,76,18,93,37.8
30098790,2,abdominal pain,9,52,107,88,18,94,37.3
30098791,4,shortness of breath,7,73,92,91,20,100,36.6
30098792,2,abdominal pain,8,88,153,103,14,97,37.7
30098793,3,shortness of breath,5,71,107,61,18,99,37.0
30098794,4,fall,5,103,117,82,17,96,37.0
30098795,3,fall,4,94,109,82,11,99,36.4
30098796,3,headache,1,94,113,101,11,94,37.3
30098797,2,knee pain,7,58,79,80,19,86,37.6
30098798,4,anxiety,0,104,119,72,10,97,37.2
30098799,2,chest pain,6,114,135,60,14,99,36.1
30098800,4,headache,0,88,115,53,20,96,37.1
30098801,3,back pain,5,56,115,96,26,100,37.6
30098802,3,chest pain,0,99,146,84,15,97,37.9
30098803,5,anxiety,1,90,128,109,15,99,36.5
30098804,5,chest pain,4,89,88,66,14,92,36.0
30098805,2,back pain,9,78,121,77,18,97,37.6
30098806,3,back pain,3,80,154,77,12,99,36.5
30098807,3,anxiety,4,80,135,74,16,100,38.5
30098808,2,back pain,8,68,139,66,15,100,38.2
30098809,4,fever,4,86,147,50,20,97,37.1
30098810,2,laceration,7,53,121,77,12,93,36.8
30098811,2,abdominal pain,10,55,156,79,9,97,37.2
30098812,3,fever,0,82,135,53,17,96,36.7
30098813,2,back pain,7,91,121,85,19,100,37.9
30098814,3,laceration,3,109,153,56,25,98,37.1
30098815,1,abdominal pain,10,75,165,72,21,96,36.9
30098816,3,fall,5,82,122,82,21,97,37.3
30098817,3,abdominal pain,1,117,107,93,20,100,36.4
30098818,4,knee pain,3,90,170,72,15,96,36.5
30098819,4,chest pain,7,96,141,67,20,100,37.3
30098820,2,abdominal pain,7,73,130,80,18,95,36.9
30098821,2,headache,9,84,129,101,13,100,36.4
30098822,2,abdominal pain,8,83,154,79,26,94,35.7
30098823,3,chest pain,5,100,141,80,21,94,37.6
30098824,2,shortness of breath,6,92,122,55,18,98,36.0
30098825,3,back pain,6,103,145,85,22,94,36.4
30098826,5,fever,5,116,132,75,19,93,36.5
30098827,3,headache,7,83,91,83,22,96,37.1
30098828,3,abdominal pain,4,62,128,106,22,94,37.4
30098829,4,chest pain,0,102,169,67,18,99,36.3
30098830,4,headache,4,94,116,62,23,99,36.0
30098831,3,knee pain,4,61,118,65,14,100,37.6
30098832,3,anxiety,5,108,119,100,19,96,37.1
30098833,3,fall,2,91,115,72,20,97,35.8
30098834,3,back pain,2,72,126,111,13,99,37.1
30098835,3,chest pain,0,71,144,62,21,100,36.5
30098836,3,chest pain,1,104,133,91,23,97,36.6
30098837,3,shortness of breath,6,100,101,70,16,92,38.3
30098838,2,laceration,10,73,125,79,15,92,36.3
30098839,4,back pain,2,100,145,100,15,94,38.0
30098840,3,chest pain,3,103,125,62,23,96,37.2
30098841,3,back pain,7,109,79,101,12,100,36.2
30098842,2,headache,9,100,139,44,12,97,36.9
30098843,2,abdominal pain,6,79,138,64,25,99,36.6
30098844,5,abdominal pain,6,104,130,91,11,99,36.0
30098845,2,fall,7,79,138,82,26,97,36.8
30098846,4,chest pain,0,81,88,82,12,98,38.5
30098847,3,chest pain,1,73,131,76,15,100,36.5
30098848,3,abdominal pain,1,94,138,99,16,94,37.1
30098849,3,anxiety,1,115,118,81,23,95,36.9
30098850,3,fever,5,80,83,85,27,99,36.6
30098851,3,headache,2,97,113,86,10,100,36.8
30098852,3,back pain,3,73,125,101,16,95,37.6
30098853,5,chest pain,6,79,160,71,16,100,37.8
30098854,3,shortness of breath,6,49,142,78,28,97,36.9
30098855,3,headache,5,93,148,106,16,100,37.2
30098856,1,chest pain,8,112,157,84,19,100,36.8
30098857,1,knee pain,8,75,163,96,21,94,36.8
30098858,2,knee pain,8,81,122,98,18,98,36.6
30098859,3,laceration,1,72,115,91,24,94,36.9
30098860,4,fall,5,90,104,72,17,100,37.7
30098861,4,chest pain,4,68,105,84,25,96,36.6
30098862,3,laceration,7,70,138,86,13,96,37.2
30098863,5,abdominal pain,0,78,139,83,16,93,38.3
30098864,1,knee pain,6,85,85,55,20,94,37.5
30098865,3,abdominal pain,4,80,115,93,22,99,35.9
30098866,3,abdominal pain,1,105,144,65,13,95,36.3
30098867,3,knee pain,3,88,114,75,18,96,36.7
30098868,3,anxiety,5,84,114,76,13,95,37.8
30098869,2,shortness of breath,9,89,149,81,17,95,36.9
30098870,4,shortness of breath,4,85,96,89,21,97,37.6
30098871,3,fall,2,83,146,62,24,98,36.5
30098872,1,fall,10,88,157,71,13,95,37.3
30098873,4,abdominal pain,6,66,120,65,12,97,36.1
30098874,2,headache,9,91,109,62,17,96,36.8
30098875,1,shortness of breath,6,87,122,88,20,98,35.9
30098876,4,fever,0,83,162,70,16,95,36.7
30098877,3,fever,7,108,155,86,15,93,37.0
30098878,5,fall,6,85,123,67,16,97,36.6
30098879,2,knee pain,6,72,123,83,18,94,37.1
30098880,5,back pain,2,80,105,82,18,100,36.2
30098881,2,abdominal pain,8,105,130,58,20,96,37.8
30098882,3,anxiety,1,108,143,82,13,100,35.2
30098883,4,fever,4,62,113,77,15,96,38.7
30098884,4,back pain,0,79,130,89,20,100,36.3
30098885,1,abdominal pain,6,118,140,96,19,100,36.8
30098886,2,chest pain,7,69,109,58,13,98,36.5
30098887,2,knee pain,8,114,102,73,17,99,36.9
30098888,3,headache,1,92,112,70,28,98,37.1
30098889,2,fall,8,106,130,77,20,99,36.4
30098890,4,fall,2,67,103,64,23,95,37.5
30098891,3,laceration,5,100,132,86,21,99,36.7
30098892,2,fever,8,67,180,87,20,100,37.9
30098893,3,knee pain,7,96,126,100,16,97,37.3
30098894,4,headache,1,87,136,107,25,96,37.6
30098895,3,headache,5,87,151,78,21,96,37.6
30098896,4,headache,5,87,103,62,22,95,37.8
30098897,3,chest pain,5,96,144,71,22,92,37.4
30098898,2,abdominal pain,9,89,145,99,27,98,38.2
30098899,3,laceration,7,81,107,68,16,94,37.6
30098900,4,fever,0,77,110,71,15,100,36.2
30098901,2,abdominal pain,7,104,106,82,17,96,36.2
30098902,4,shortness of breath,5,85,125,58,15,96,38.6
30098903,3,headache,7,93,122,60,19,96,37.5
30098904,3,abdominal pain,1,108,128,68,14,100,37.2
30098905,3,knee pain,1,52,120,82,17,92,36.9
30098906,5,chest pain,1,62,138,82,28,98,37.8
30098907,2,anxiety,7,72,121,74,19,99,37.2
30098908,2,chest pain,7,103,134,73,19,95,37.3
30098909,1,fall,9,79,126,90,20,98,35.7
30098910,2,knee pain,8,63,92,79,14,96,38.3
30098911,5,anxiety,6,70,79,78,20,100,36.4
30098912,1,fever,8,100,124,65,18,99,37.5
30098913,3,back pain,5,73,131,60,18,96,37.2
30098914,5,fever,0,71,112,81,15,98,36.2
30098915,2,abdominal pain,8,77,143,81,16,97,36.4
30098916,4,chest pain,3,84,131,59,14,94,36.1
30098917,4,chest pain,1,86,140,95,20,99,35.8
30098918,3,anxiety,3,82,134,71,20,100,36.8
30098919,4,fall,4,68,128,96,19,94,37.3
30098920,4,headache,7,66,119,88,18,97,35.6
30098921,3,shortness of breath,2,92,117,94,15,99,35.6
30098922,2,chest pain,8,76,115,83,23,94,37.2
30098923,4,back pain,2,83,136,80,18,95,36.0
30098924,3,knee pain,3,93,130,87,19,96,37.1
30098925,3,abdominal pain,4,71,134,73,24,96,38.1
30098926,4,laceration,0,91,126,51,19,100,36.7
30098927,3,fever,6,89,150,84,19,98,38.0
30098928,2,chest pain,10,94,115,62,23,93,36.3
30098929,4,shortness of breath,2,63,114,99,14,100,37.5
30098930,3,back pain,6,99,138,57,20,98,36.7
30098931,5,chest pain,2,79,125,88,19,100,36.9
30098932,3,back pain,7,95,140,98,19,96,37.8
30098933,2,headache,6,76,111,71,10,100,36.3
30098934,4,laceration,5,91,115,76,23,100,37.0
30098935,3,laceration,4,88,110,103,18,98,37.0
30098936,2,fall,7,88,107,102,13,95,37.1
30098937,2,fall,9,88,112,56,20,96,37.0
30098938,4,back pain,4,105,132,69,18,100,38.1
30098939,3,headache,5,71,97,80,16,93,37.2
30098940,2,knee pain,8,82,113,73,10,99,36.5
30098941,3,shortness of breath,5,76,128,76,21,99,36.4
30098942,3,chest pain,2,80,103,80,18,100,37.3
30098943,3,headache,5,62,89,113,19,98,36.7
30098944,3,abdominal pain,1,60,116,90,18,98,36.0
30098945,3,laceration,6,74,128,67,14,100,36.4
30098946,3,laceration,5,67,108,69,14,93,36.5
30098947,3,back pain,7,77,148,93,22,99,37.4
30098948,3,fall,2,88,105,75,21,97,38.0
30098949,2,headache,8,87,126,82,13,100,37.4
30098950,2,back pain,9,97,136,91,17,98,36.6
30098951,3,knee pain,2,67,157,76,18,100,36.1
30098952,2,headache,7,81,136,57,7,96,38.1
30098953,3,chest pain,3,85,130,64,19,93,36.4
30098954,3,fever,7,77,106,82,17,96,38.2
30098955,2,fall,8,99,114,105,21,99,37.7
30098956,3,headache,1,70,181,78,14,93,37.3
30098957,3,knee pain,1,91,112,64,20,98,38.0
30098958,3,laceration,3,82,162,61,14,98,36.1
30098959,4,laceration,5,65,120,76,17,90,37.2
30098960,3,back pain,0,94,108,96,20,92,36.9
30098961,2,headache,6,95,106,61,16,100,36.8
30098962,4,anxiety,0,85,125,117,11,96,37.3
30098963,4,laceration,4,84,122,91,15,99,36.2
30098964,3,fall,4,82,92,96,12,94,37.9
30098965,3,headache,0,101,75,52,15,97,36.3
30098966,3,knee pain,0,75,102,85,18,97,36.3
30098967,3,fever,3,84,138,60,18,94,35.6
30098968,3,abdominal pain,0,77,98,94,15,97,37.6
30098969,2,fall,8,70,120,71,21,93,35.7
30098970,4,back pain,2,70,132,79,20,98,38.5
30098971,3,abdominal pain,1,82,131,88,20,95,36.7
30098972,2,fever,10,114,120,68,18,99,36.8
30098973,2,fever,6,104,119,76,21,100,38.0
30098974,3,shortness of breath,2,73,162,66,21,97,36.6
30098975,3,headache,3,85,155,75,18,100,36.1
30098976,4,chest pain,4,76,109,110,17,94,36.2
30098977,2,chest pain,8,84,118,58,21,97,38.0
30098978,1,anxiety,6,123,93,118,14,96,39.2
30098979,4,laceration,7,64,127,61,21,95,36.7
30098980,4,chest pain,2,82,91,79,9,94,37.0
30098981,3,chest pain,3,95,120,65,17,97,37.2
30098982,2,headache,7,91,129,91,16,98,36.0
30098983,3,shortness of breath,5,95,130,106,16,92,37.8
30098984,4,chest pain,0,80,129,77,17,100,38.0
30098985,3,shortness of breath,2,88,107,93,24,100,37.2
30098986,3,anxiety,7,93,111,78,13,98,36.5
30098987,3,fall,2,114,114,64,13,96,36.6
30098988,4,chest pain,4,98,93,61,25,97,37.1
30098989,3,fall,2,85,112,77,20,99,37.9
30098990,4,anxiety,1,78,126,91,16,100,36.1
30098991,4,chest pain,0,97,112,84,18,98,38.1
30098992,4,anxiety,4,92,85,91,24,95,36.4
30098993,1,knee pain,6,103,99,80,14,94,37.5
30098994,3,abdominal pain,5,60,133,92,17,100,36.7
30098995,3,shortness of breath,1,82,157,72,17,99,37.4
30098996,3,abdominal pain,5,58,107,103,21,94,35.9
30098997,3,chest pain,6,95,143,83,20,94,37.9
30098998,3,shortness of breath,1,103,121,61,25,97,36.6
30098999,2,fever,9,74,136,83,16,94,36.9
30099000,2,shortness of breath,9,76,132,56,11,98,37.0
30099001,3,fall,4,117,132,72,18,100,36.7
30099002,4,chest pain,0,77,130,73,21,94,36.8
30099003,4,chest pain,2,54,138,63,22,99,36.4
30099004,4,knee pain,2,88,150,79,17,99,36.6
30099005,4,fall,5,80,135,91,21,100,35.5
30099006,4,back pain,2,85,101,73,16,91,36.3
30099007,3,laceration,5,93,139,76,17,95,37.2
30099008,3,shortness of breath,1,94,111,76,18,99,36.7
30099009,5,shortness of breath,7,69,132,78,16,100,36.4
30099010,4,knee pain,7,96,146,83,24,98,37.4
30099011,4,anxiety,5,92,110,48,24,97,36.8
30099012,3,anxiety,0,81,109,77,11,93,38.2
30099013,3,fever,5,82,124,89,17,95,38.2
30099014,4,chest pain,0,96,130,103,17,97,37.6
30099015,5,headache,5,118,128,115,28,97,36.9
30099016,5,fever,3,83,73,87,24,97,37.3
30099017,3,anxiety,5,57,115,68,17,100,37.0
30099018,4,fever,3,103,117,60,7,100,37.7
30099019,3,laceration,3,120,130,107,20,94,34.5
30099020,4,laceration,1,82,149,93,19,95,35.6
30099021,3,fall,3,88,115,111,24,98,38.1
30099022,3,anxiety,0,83,105,65,15,99,37.9
30099023,5,abdominal pain,0,102,137,58,18,96,37.1
30099024,1,laceration,8,71,120,62,23,95,37.8
30099025,3,knee pain,4,98,105,62,16,99,36.8
30099026,4,knee pain,5,76,120,69,14,98,38.3
30099027,3,anxiety,7,102,123,98,19,96,37.0
30099028,3,shortness of breath,2,82,145,98,18,93,35.4
30099029,3,laceration,1,105,107,91,12,96,36.0
30099030,3,fall,1,79,105,56,23,100,37.5
30099031,3,shortness of breath,2,78,165,83,12,92,36.3
30099032,2,back pain,10,81,136,71,24,99,37.1
30099033,4,chest pain,0,94,125,80,21,99,37.6
30099034,4,anxiety,1,88,104,67,20,95,37.4
30099035,5,back pain,4,84,85,91,15,99,36.4
30099036,3,fall,2,65,176,84,13,96,37.5
30099037,3,fall,2,95,125,83,18,91,37.2
30099038,2,anxiety,9,101,131,84,19,98,36.8
30099039,3,laceration,0,75,131,91,21,93,37.5
30099040,3,headache,7,95,106,77,24,97,36.9
30099041,5,chest pain,0,76,82,66,23,93,36.5
30099042,5,knee pain,0,80,122,69,21,94,37.7
30099043,3,knee pain,1,48,140,74,20,98,36.1
30099044,4,headache,1,77,140,90,17,97,37.6
30099045,3,chest pain,4,86,94,101,10,96,36.2
30099046,2,shortness of breath,9,74,109,50,21,97,38.5
30099047,1,anxiety,9,69,137,70,24,100,37.8
30099048,4,abdominal pain,7,71,135,66,16,96,36.5
30099049,3,laceration,0,91,139,83,10,100,38.6
30099050,3,laceration,1,81,135,78,15,93,37.4
30099051,3,headache,6,74,140,81,21,100,36.4
30099052,2,back pain,9,96,148,85,13,98,37.9
30099053,2,anxiety,10,79,101,51,21,98,36.6
30099054,3,abdominal pain,0,91,100,51,16,100,36.7
30099055,4,abdominal pain,0,106,85,89,17,97,37.8
30099056,3,fall,3,89,119,87,14,98,36.8
30099057,3,abdominal pain,3,73,145,75,23,93,36.5
30099058,3,anxiety,2,93,79,63,20,98,38.4
30099059,3,headache,1,110,131,78,13,95,36.7
30099060,3,laceration,1,102,149,85,22,97,37.0
30099061,4,knee pain,4,76,142,63,13,100,36.6
30099062,3,fever,6,60,88,75,10,96,38.4
30099063,3,shortness of breath,7,82,123,94,16,96,37.1
30099064,3,abdominal pain,4,61,88,77,23,100,37.4
30099065,2,headache,9,103,142,98,13,94,36.6
30099066,2,shortness of breath,10,85,133,61,20,100,35.7
30099067,3,anxiety,6,104,106,88,20,93,36.3
30099068,3,fever,1,105,132,61,19,96,38.1
30099069,3,fever,0,87,121,67,20,99,36.4
30099070,3,headache,5,68,131,120,18,100,38.0
30099071,4,abdominal pain,1,81,89,88,25,92,37.1
30099072,1,fever,7,75,126,67,21,100,36.6
30099073,3,shortness of breath,1,84,117,95,22,97,37.8
30099074,3,anxiety,1,93,129,86,22,100,36.6
30099075,3,abdominal pain,6,73,124,90,15,93,37.6
30099076,3,headache,0,86,71,99,20,92,35.4
30099077,4,chest pain,3,78,116,80,22,99,37.9
30099078,1,back pain,7,69,130,98,13,97,36.3
30099079,3,laceration,7,82,121,82,9,98,37.2
30099080,3,headache,4,101,130,75,22,98,36.3
30099081,5,fever,7,96,121,74,19,99,36.1
30099082,2,knee pain,7,95,105,75,19,100,38.2
30099083,3,anxiety,5,84,178,90,27,97,38.6
30099084,3,fever,2,88,124,111,17,94,36.7
30099085,3,chest pain,6,76,110,89,19,100,36.2
30099086,3,fall,4,71,111,59,10,98,38.3
30099087,2,abdominal pain,10,92,122,72,16,97,37.9
30099088,3,back pain,4,86,94,86,27,93,35.8
30099089,2,chest pain,6,63,134,71,23,94,37.2
30099090,3,headache,6,77,120,61,23,98,37.8
30099091,4,headache,0,88,138,98,22,98,36.7
30099092,3,fall,7,83,118,88,15,96,36.9
30099093,4,knee pain,5,109,140,91,14,97,38.2
30099094,4,anxiety,6,102,126,94,12,96,35.3
30099095,3,anxiety,4,79,97,42,16,95,37.6
30099096,2,fever,6,62,127,55,19,100,38.5
30099097,3,headache,0,75,107,70,17,93,37.9
30099098,5,knee pain,1,75,152,79,17,99,38.1
30099099,3,chest pain,5,81,135,59,21,94,37.8
30099100,2,anxiety,7,73,142,83,26,100,37.7
30099101,4,fever,7,106,119,87,14,95,35.1
30099102,4,chest pain,1,75,158,68,11,96,36.5
30099103,2,back pain,9,86,130,83,20,96,35.3
30099104,3,back pain,6,92,135,84,20,100,36.7
30099105,3,shortness of breath,6,80,123,77,14,95,37.0
30099106,4,abdominal pain,5,83,128,76,23,100,36.3
30099107,4,fever,1,53,133,74,22,100,38.3
30099108,2,laceration,8,96,121,100,11,96,36.7
30099109,2,headache,8,89,138,74,21,92,36.7
30099110,4,fever,2,71,137,109,17,98,36.8
30099111,3,fall,2,87,127,72,18,97,36.9
30099112,4,knee pain,2,89,108,92,17,95,37.0
30099113,1,fever,9,87,132,86,19,97,36.5
30099114,3,anxiety,5,101,150,65,14,96,36.6
30099115,4,fall,7,84,143,46,17,93,37.6
30099116,5,knee pain,5,101,152,79,6,99,37.6
30099117,4,anxiety,3,80,141,100,19,100,37.2
30099118,3,laceration,6,76,118,61,22,100,35.5
30099119,4,back pain,7,67,152,88,15,100,37.7
30099120,5,knee pain,7,90,132,74,20,95,37.0
30099121,5,back pain,5,53,126,94,19,94,36.7
30099122,3,chest pain,5,77,157,75,19,92,36.0
30099123,4,anxiety,6,79,130,110,25,98,37.6
30099124,3,headache,6,83,114,80,20,100,35.9
30099125,3,chest pain,3,86,135,95,18,100,37.3
30099126,4,back pain,2,107,154,63,12,96,38.5
30099127,3,knee pain,2,67,123,65,21,99,36.0
30099128,3,knee pain,3,79,130,110,22,100,37.2
30099129,2,laceration,7,95,102,72,15,97,36.4
30099130,3,anxiety,7,83,112,86,18,92,37.4
30099131,2,laceration,9,99,128,45,17,99,36.2
30099132,2,chest pain,8,93,137,76,20,94,35.6
30099133,3,anxiety,5,54,152,102,20,95,37.1
30099134,4,laceration,3,72,103,63,20,97,37.0
30099135,3,abdominal pain,2,65,129,74,16,100,37.3
30099136,3,abdominal pain,5,78,97,82,20,100,36.4
30099137,3,back pain,3,89,110,54,21,96,37.6
30099138,5,fall,5,105,137,83,20,94,37.5
30099139,4,shortness of breath,6,102,113,96,8,100,36.8
30099140,3,headache,0,72,125,56,20,98,34.9
30099141,3,fever,3,76,108,56,19,100,37.1
30099142,3,anxiety,4,99,121,96,21,97,37.6
30099143,3,anxiety,7,109,111,66,22,100,36.5
30099144,3,headache,2,68,119,82,15,97,37.9
30099145,4,fever,6,87,96,80,14,98,37.6
30099146,3,anxiety,6,78,139,79,16,95,35.9
30099147,3,abdominal pain,1,93,124,63,26,98,37.2
30099148,5,chest pain,4,94,124,88,19,91,38.2
30099149,3,laceration,7,73,130,84,19,92,36.5
30099150,2,shortness of breath,7,67,104,78,22,93,36.0
30099151,3,abdominal pain,0,84,175,53,16,95,37.4
30099152,3,chest pain,2,79,113,105,9,97,35.7
30099153,2,fever,9,81,127,61,16,99,36.6
30099154,4,abdominal pain,4,108,137,80,14,95,37.3
30099155,3,fever,1,95,110,74,26,95,37.5
30099156,4,abdominal pain,2,88,132,69,20,96,36.9
30099157,4,fall,3,102,119,67,18,95,37.5
30099158,3,chest pain,4,88,133,80,19,99,37.0
30099159,3,back pain,3,99,141,59,19,100,37.5
30099160,3,fever,4,80,150,102,19,100,37.0
30099161,3,fever,3,93,135,107,17,96,38.5
30099162,1,anxiety,6,78,131,83,25,100,36.5
30099163,4,chest pain,2,80,124,85,16,97,36.8
30099164,3,shortness of breath,3,51,121,87,18,94,36.1
30099165,5,knee pain,3,78,154,89,16,100,35.6
30099166,3,abdominal pain,7,79,105,111,18,100,35.2
30099167,1,fever,7,115,93,92,20,96,37.9
30099168,4,knee pain,2,90,102,66,19,100,37.9
30099169,3,back pain,1,83,125,55,16,97,36.4
30099170,3,abdominal pain,0,94,140,88,17,100,36.9
30099171,2,headache,6,79,113,56,22,92,37.2
30099172,4,fall,7,87,142,97,13,100,37.5
30099173,3,abdominal pain,0,97,127,86,20,97,36.3
30099174,2,knee pain,6,98,116,85,18,99,36.7
30099175,2,shortness of breath,7,110,128,115,19,98,37.1
30099176,4,fall,1,82,119,87,17,93,35.8
30099177,1,back pain,8,88,169,62,16,95,37.9
30099178,3,knee pain,0,91,123,89,13,92,36.5
30099179,3,shortness of breath,0,76,101,70,8,100,36.7
30099180,3,back pain,2,103,110,58,17,95,37.5
30099181,2,shortness of breath,6,73,106,69,21,96,37.3
30099182,4,shortness of breath,6,68,68,81,17,97,37.6
30099183,2,headache,10,83,122,82,20,98,36.9
30099184,1,shortness of breath,9,75,140,79,15,96,36.8
30099185,1,fever,9,85,149,62,15,91,38.0
30099186,4,laceration,4,71,106,70,17,93,37.6
30099187,3,shortness of breath,1,105,116,84,12,99,35.1
30099188,4,anxiety,5,76,135,94,12,98,35.5
30099189,3,headache,6,85,137,70,25,95,38.5
30099190,3,back pain,0,70,125,85,17,94,36.9
30099191,3,knee pain,7,95,125,72,18,97,36.3
30099192,3,fever,4,83,69,91,17,100,36.4
30099193,3,fever,5,106,141,75,19,95,36.5
30099194,4,chest pain,2,70,143,79,14,100,35.1
30099195,4,fever,7,71,157,94,14,95,36.7
30099196,2,back pain,6,67,138,105,18,97,37.1
30099197,4,fever,7,69,155,89,22,92,37.2
30099198,2,knee pain,10,84,138,78,17,94,36.6
30099199,3,abdominal pain,2,81,108,88,21,99,35.5
30099200,3,fall,3,69,156,77,14,95,35.9
30099201,3,back pain,1,58,121,82,16,99,37.4
30099202,3,fall,7,118,136,52,15,92,36.7
30099203,2,back pain,8,94,87,72,17,96,38.4
30099204,4,abdominal pain,5,71,115,93,22,97,36.7
30099205,3,anxiety,3,98,154,74,17,93,37.0
30099206,2,fall,8,82,108,87,18,100,36.7
30099207,4,laceration,6,90,117,72,13,96,37.4
30099208,4,headache,1,117,125,82,18,100,36.5
30099209,4,laceration,2,76,173,104,20,96,37.5
30099210,3,headache,1,88,136,80,22,97,37.3
30099211,2,headache,7,92,112,79,17,98,36.1
30099212,2,shortness of breath,10,57,154,98,22,92,36.1
30099213,2,knee pain,8,82,139,99,20,99,36.3
30099214,3,back pain,1,98,125,65,24,96,36.9
30099215,5,back pain,4,78,96,59,10,97,37.3
30099216,3,chest pain,5,76,102,98,12,97,36.9
30099217,3,knee pain,4,99,122,62,10,93,36.6
30099218,3,abdominal pain,6,88,123,106,21,97,35.8
30099219,3,anxiety,2,59,148,78,18,95,35.3
30099220,4,chest pain,7,83,102,90,11,99,37.2
30099221,3,anxiety,2,95,118,96,19,94,37.9
30099222,3,back pain,7,81,113,47,10,96,37.0
30099223,2,shortness of breath,10,78,131,72,17,97,37.7
30099224,3,abdominal pain,6,98,124,46,22,96,37.8
30099225,3,fall,2,92,104,56,16,98,37.2
30099226,3,anxiety,4,98,131,68,18,97,35.1
30099227,3,abdominal pain,2,72,132,60,22,97,38.7
30099228,4,fever,5,55,132,78,14,95,36.1
30099229,2,back pain,6,92,117,74,22,98,37.1
30099230,3,shortness of breath,0,60,101,82,22,100,36.2
30099231,3,anxiety,0,91,129,89,18,94,36.6
30099232,3,headache,0,77,155,66,16,95,35.3
30099233,3,headache,0,82,124,66,22,94,36.4
30099234,4,fever,2,53,142,49,13,91,37.7
30099235,3,knee pain,1,47,136,91,19,96,37.3
30099236,3,fever,0,66,136,83,21,98,36.8
30099237,5,knee pain,4,107,114,100,15,98,37.1
30099238,3,laceration,7,76,135,78,17,98,37.3
30099239,3,headache,0,50,115,77,18,100,36.8
30099240,3,abdominal pain,7,92,104,67,20,94,36.7
30099241,2,shortness of breath,7,70,149,76,17,96,38.0
30099242,2,knee pain,6,66,101,95,12,100,36.5
30099243,3,laceration,4,95,105,87,17,94,37.0
30099244,2,knee pain,9,95,145,66,22,97,36.1
30099245,3,anxiety,0,72,135,81,17,97,36.0
30099246,2,laceration,7,96,111,70,17,95,37.7
30099247,3,knee pain,2,91,143,74,18,94,37.2
30099248,3,anxiety,0,61,150,80,18,92,38.5
30099249,3,fall,3,88,113,91,16,95,37.2
30099250,3,laceration,3,71,129,65,13,100,36.1
30099251,5,fall,3,65,113,99,25,92,36.0
30099252,3,shortness of breath,3,62,136,93,16,100,37.9
30099253,3,headache,0,94,119,73,18,99,37.4
30099254,4,anxiety,4,87,100,77,20,97,37.2
30099255,3,fall,2,73,155,56,14,98,36.6
30099256,3,shortness of breath,0,87,136,80,17,98,35.5
30099257,3,shortness of breath,2,80,111,100,15,100,36.6
30099258,2,abdominal pain,7,92,120,110,12,89,36.0
30099259,2,chest pain,6,101,135,91,18,98,36.5
30099260,3,shortness of breath,1,100,106,69,15,97,37.6
30099261,3,headache,4,81,154,79,14,93,37.5
30099262,4,shortness of breath,7,67,120,80,13,99,37.1
30099263,3,back pain,2,82,122,102,20,100,37.7
30099264,4,abdominal pain,7,96,132,77,17,100,37.4
30099265,3,headache,7,82,93,93,14,95,36.7
30099266,3,fall,4,78,118,75,22,99,35.1
30099267,3,laceration,6,98,150,93,11,97,36.5
30099268,4,shortness of breath,7,103,104,115,14,100,36.0
30099269,4,fall,7,79,121,99,20,99,37.9
30099270,3,laceration,4,100,96,82,22,99,36.7
30099271,4,anxiety,1,96,74,86,28,93,37.5
30099272,4,fever,7,67,119,93,17,99,37.2
30099273,3,knee pain,5,80,157,90,24,100,37.1
30099274,4,fall,2,95,128,67,28,100,36.4
30099275,4,chest pain,7,75,116,72,15,93,37.0
30099276,3,laceration,5,77,118,91,19,97,36.1
30099277,2,laceration,8,58,81,79,8,97,36.7
30099278,5,laceration,4,96,132,74,22,98,37.8
30099279,1,chest pain,8,87,153,82,18,96,36.9
30099280,4,chest pain,2,93,162,86,23,96,34.7
30099281,3,fall,1,93,133,62,19,96,36.6
30099282,3,fever,3,104,140,73,17,93,36.6
30099283,3,headache,6,89,153,88,13,100,36.4
30099284,3,knee pain,6,89,113,106,19,98,37.1
30099285,3,knee pain,1,71,144,95,16,95,38.4
30099286,3,fall,6,102,152,88,18,96,37.3
30099287,5,chest pain,5,65,122,76,12,100,36.7
30099288,2,shortness of breath,7,119,116,53,14,100,36.6
30099289,3,fever,0,88,117,88,16,92,36.2
30099290,3,fall,4,83,100,77,8,94,36.0
30099291,2,knee pain,6,81,122,106,24,97,37.4
30099292,4,anxiety,3,72,128,95,19,98,35.6
30099293,3,chest pain,3,69,106,89,20,96,38.7
30099294,2,anxiety,10,102,156,74,17,99,37.7
30099295,3,knee pain,5,97,104,93,20,100,37.6
30099296,3,chest pain,7,97,114,81,14,97,36.2
30099297,5,shortness of breath,3,102,118,81,26,94,35.6
30099298,3,abdominal pain,2,79,146,59,9,98,35.1
30099299,3,shortness of breath,1,70,131,69,20,93,35.9
30099300,2,fall,8,93,114,105,18,99,37.1
30099301,3,anxiety,2,87,134,108,15,96,37.1
30099302,3,anxiety,4,98,125,66,22,98,36.8
30099303,3,back pain,0,101,129,83,20,93,36.1
30099304,4,back pain,3,66,138,70,14,98,36.9
30099305,5,knee pain,5,88,145,53,20,98,36.1
30099306,1,knee pain,8,89,125,68,13,95,36.6
30099307,3,fever,1,97,121,71,13,97,37.0
30099308,3,chest pain,7,91,123,79,13,100,35.0
30099309,3,abdominal pain,5,89,143,61,17,97,37.2
30099310,3,fall,5,90,148,81,12,98,37.4
30099311,2,chest pain,8,64,128,70,18,94,36.1
30099312,2,back pain,8,106,152,88,23,94,37.7
30099313,3,laceration,2,99,155,97,19,100,37.0
30099314,2,anxiety,8,71,116,107,17,93,36.1
30099315,3,laceration,5,82,124,74,17,97,37.1
30099316,3,shortness of breath,6,85,103,91,10,100,37.5
30099317,3,abdominal pain,4,115,121,67,23,99,36.2
30099318,2,fall,8,91,107,80,18,93,37.4
30099319,3,shortness of breath,4,80,113,86,18,100,35.8
30099320,3,fall,3,87,121,63,16,96,38.2
30099321,2,fall,8,74,111,82,19,99,36.8
30099322,4,fever,0,74,123,85,16,97,36.4
30099323,4,knee pain,3,71,124,78,18,97,36.5
30099324,1,headache,10,71,91,75,15,96,39.3
30099325,4,laceration,4,66,149,84,23,97,37.6
30099326,3,anxiety,1,66,121,86,16,100,36.7
30099327,3,headache,1,97,151,86,17,94,37.3
30099328,3,abdominal pain,0,83,113,91,20,93,37.0
30099329,3,anxiety,4,60,94,78,20,99,35.9
30099330,3,headache,6,79,81,69,11,96,36.8
30099331,3,anxiety,4,86,129,72,25,99,38.0
30099332,4,knee pain,4,93,141,75,20,94,38.6
30099333,5,laceration,6,99,103,71,28,93,36.8
30099334,3,chest pain,6,97,115,83,21,96,36.4
30099335,3,anxiety,1,91,102,67,16,96,36.7
30099336,3,chest pain,5,75,145,105,22,94,37.7
30099337,4,abdominal pain,2,93,157,68,21,91,37.3
30099338,2,fall,8,86,149,76,18,90,37.4
30099339,3,fever,6,92,111,54,18,95,36.8
30099340,1,laceration,8,89,146,60,16,96,36.2
30099341,4,shortness of breath,2,73,99,100,19,96,36.5
30099342,3,headache,4,83,134,78,19,100,37.0
30099343,3,knee pain,0,65,153,72,20,98,36.8
30099344,3,knee pain,2,103,125,100,25,99,37.4
30099345,4,laceration,1,98,119,91,25,98,38.1
30099346,4,shortness of breath,7,94,141,57,18,100,36.1
30099347,3,fever,6,87,111,48,21,97,37.4
30099348,2,headache,9,96,135,70,8,100,36.3
30099349,4,anxiety,4,75,110,90,18,100,35.4
30099350,3,shortness of breath,5,82,106,74,12,99,35.9
30099351,2,fever,8,66,130,72,18,98,36.8
30099352,4,anxiety,7,96,91,85,9,98,37.4
30099353,3,anxiety,1,91,150,106,20,97,37.1
30099354,4,shortness of breath,1,68,138,63,10,96,37.9
30099355,3,fall,5,67,97,65,26,98,36.1
30099356,3,abdominal pain,6,80,128,70,22,100,36.7
30099357,3,chest pain,1,81,144,94,18,97,37.3
30099358,3,knee pain,3,79,178,98,19,99,38.0
30099359,2,abdominal pain,10,78,114,83,13,100,36.4
30099360,3,knee pain,0,77,160,61,20,97,36.6
30099361,3,laceration,1,59,123,76,21,92,36.9
30099362,3,anxiety,3,84,154,79,21,98,37.6
30099363,3,anxiety,1,75,134,79,26,100,38.1
30099364,4,headache,3,82,152,62,23,100,35.6
30099365,3,fall,4,107,125,108,24,100,37.9
30099366,3,abdominal pain,5,91,108,94,17,100,37.3
30099367,3,anxiety,1,87,143,91,19,100,37.2
30099368,3,fall,3,112,128,104,13,98,37.0
30099369,2,chest pain,6,92,128,50,15,91,36.5
30099370,2,back pain,6,78,103,75,25,97,37.2
30099371,3,knee pain,5,101,122,88,20,91,37.1
30099372,4,laceration,7,58,78,92,15,100,38.3
30099373,4,anxiety,1,112,110,60,18,97,37.6
30099374,2,laceration,7,103,131,81,16,97,36.5
30099375,3,chest pain,7,92,112,85,13,94,36.3
30099376,4,headache,3,100,98,89,13,96,37.2
30099377,1,abdominal pain,7,104,154,106,20,96,37.3
30099378,3,headache,2,91,138,88,27,96,36.7
30099379,2,knee pain,6,65,79,74,16,97,37.0
30099380,4,shortness of breath,6,85,126,76,15,93,37.9
30099381,5,headache,7,74,149,43,17,97,36.2
30099382,2,anxiety,9,98,168,78,12,98,36.6
30099383,5,anxiety,2,69,151,99,13,99,38.2
30099384,3,fever,7,91,134,76,19,93,38.3
30099385,3,knee pain,5,98,136,85,17,97,39.5
30099386,4,abdominal pain,4,110,129,100,14,90,36.1
30099387,2,fall,10,97,133,45,11,100,36.8
30099388,2,anxiety,7,106,116,104,14,94,36.7
30099389,3,knee pain,2,96,123,107,15,99,36.6
30099390,2,knee pain,9,74,103,67,22,100,38.1
30099391,3,fever,5,68,146,72,13,94,37.2
30099392,3,fall,5,85,116,67,18,99,37.2
30099393,3,chest pain,7,107,120,89,20,96,38.2
30099394,3,knee pain,4,102,165,54,23,100,35.7
30099395,4,headache,0,88,132,74,12,92,36.9
30099396,3,fever,3,81,152,66,17,99,36.2
30099397,2,fever,6,76,103,82,16,98,36.7
30099398,3,fall,0,93,97,74,23,96,37.7
30099399,3,anxiety,0,101,110,98,12,95,36.8
30099400,3,shortness of breath,3,75,114,70,15,97,37.0
30099401,3,knee pain,5,91,109,81,26,97,37.5
30099402,3,knee pain,7,83,147,90,18,93,37.4
30099403,4,laceration,6,86,159,58,13,100,38.1
30099404,3,laceration,0,108,114,80,22,98,36.3
30099405,3,back pain,4,90,148,56,25,100,37.1
30099406,4,fever,4,107,164,77,16,90,36.9
30099407,4,anxiety,1,80,138,89,20,98,37.3
30099408,3,abdominal pain,1,75,156,65,16,98,38.1
30099409,3,back pain,6,93,147,77,18,95,36.6
30099410,4,back pain,7,62,85,83,17,100,37.0
30099411,2,anxiety,10,88,127,85,19,96,36.0
30099412,3,knee pain,1,94,113,85,19,98,36.9
30099413,2,shortness of breath,6,75,106,93,18,100,37.1
30099414,3,abdominal pain,4,104,127,91,11,94,37.4
30099415,3,back pain,7,67,84,73,12,98,36.8
30099416,5,headache,1,76,108,91,12,97,37.3
30099417,3,fall,3,70,155,103,19,98,36.8
30099418,3,fever,7,82,116,78,22,97,37.1
30099419,5,chest pain,6,110,115,112,20,98,35.5
30099420,3,fever,2,71,160,56,15,96,36.0
30099421,1,fall,7,88,121,66,22,95,37.3
30099422,3,knee pain,7,82,114,74,14,99,36.5
30099423,4,fall,6,98,108,69,18,94,37.6
30099424,3,fall,7,68,88,63,17,100,36.9
30099425,3,back pain,2,91,121,98,17,97,35.8
30099426,3,fall,0,84,103,83,15,96,36.4
30099427,1,fever,9,100,110,67,17,96,36.6
30099428,3,knee pain,0,71,142,86,23,100,36.8
30099429,4,chest pain,7,90,96,92,13,91,37.0
30099430,4,fall,3,100,136,107,20,99,36.9
30099431,3,knee pain,0,117,111,61,24,94,36.4
30099432,3,fall,7,83,113,109,19,96,36.9
30099433,5,fall,3,70,102,76,16,94,37.6
30099434,4,fall,6,105,144,74,15,100,37.6
30099435,3,anxiety,4,101,142,66,21,96,35.6
30099436,3,chest pain,2,113,142,77,20,95,37.8
30099437,4,fall,7,92,100,84,24,98,37.8
30099438,3,abdominal pain,6,87,124,41,9,95,36.3
30099439,4,knee pain,4,73,134,92,17,98,36.1
30099440,2,laceration,7,75,149,92,23,91,37.6
30099441,3,anxiety,2,88,152,74,19,93,37.2
30099442,2,shortness of breath,9,103,129,98,26,97,37.7
30099443,4,knee pain,2,86,138,88,18,99,36.1
30099444,4,laceration,7,105,98,67,18,98,38.0
30099445,3,laceration,5,73,127,97,15,100,37.0
30099446,4,headache,5,87,91,89,11,95,35.9
30099447,4,knee pain,6,78,118,51,19,100,36.9
30099448,3,back pain,0,86,133,96,17,95,37.7
30099449,3,headache,4,81,150,73,13,95,35.5
30099450,3,abdominal pain,7,84,64,92,6,98,37.2
30099451,3,knee pain,5,78,118,81,18,99,36.1
30099452,4,back pain,6,101,106,60,19,100,37.8
30099453,4,laceration,7,110,145,68,11,100,36.9
30099454,4,shortness of breath,5,86,130,69,15,97,38.4
30099455,2,fall,8,88,125,60,15,99,37.4
30099456,3,shortness of breath,6,69,133,71,15,100,37.7
30099457,3,knee pain,5,88,129,69,17,95,37.1
30099458,2,anxiety,6,75,120,82,13,97,37.7
30099459,3,laceration,6,75,104,99,21,97,36.7
30099460,3,fall,2,93,139,74,6,98,36.0
30099461,3,chest pain,1,76,143,88,18,97,38.1
30099462,2,fever,7,116,165,111,16,99,37.8
30099463,3,anxiety,4,75,147,75,19,100,37.4
30099464,4,fall,3,92,142,79,22,91,37.3
30099465,3,anxiety,4,74,147,65,18,97,36.3
30099466,3,headache,1,109,96,92,17,97,37.5
30099467,3,fall,7,60,119,83,17,98,36.1
30099468,4,abdominal pain,6,105,139,77,13,100,37.5
30099469,4,shortness of breath,2,112,148,87,19,97,35.7
30099470,2,fever,7,89,129,79,21,100,35.4
30099471,4,headache,4,78,131,105,23,96,36.5
30099472,3,laceration,2,113,72,75,18,96,35.4
30099473,5,fall,1,70,116,73,19,94,37.1
30099474,4,fever,6,89,133,67,14,94,37.5
30099475,3,chest pain,3,97,113,75,14,96,35.4
30099476,3,shortness of breath,6,79,102,83,22,98,36.4
30099477,3,headache,4,86,128,109,20,93,36.0
30099478,3,abdominal pain,2,75,101,88,16,97,37.1
30099479,3,anxiety,7,66,139,75,22,96,36.1
30099480,3,headache,1,76,118,87,20,95,36.5
30099481,4,fever,2,100,115,112,14,99,37.9
30099482,3,chest pain,6,71,106,72,18,100,37.0
30099483,3,fever,6,89,125,76,19,100,38.5
30099484,5,laceration,0,111,143,81,13,96,36.5
30099485,2,fall,10,87,119,94,17,98,36.4
30099486,3,abdominal pain,3,116,117,64,19,96,36.9
30099487,4,anxiety,3,88,105,89,24,94,37.7
30099488,3,back pain,6,95,152,72,16,97,39.3
30099489,3,fever,5,59,138,88,11,95,37.0
30099490,3,back pain,4,89,138,71,20,93,36.2
30099491,4,fall,1,103,142,73,20,99,36.4
30099492,3,fall,3,93,102,83,14,90,37.1
30099493,2,shortness of breath,10,61,122,56,18,100,37.0
30099494,3,fall,5,83,122,97,17,100,37.2
30099495,3,abdominal pain,3,80,129,64,23,98,38.4
30099496,3,fever,3,88,134,78,18,98,37.3
30099497,3,abdominal pain,0,75,111,75,21,95,39.1
30099498,4,back pain,2,108,143,75,15,95,38.0
30099499,1,fall,9,55,158,99,20,100,37.7
30099500,4,fever,1,58,128,86,20,96,36.9
30099501,3,fever,6,82,116,78,18,96,35.5
30099502,3,anxiety,5,81,112,65,22,97,37.4
30099503,2,knee pain,8,89,135,74,24,95,36.7
30099504,3,fall,2,87,124,78,19,100,37.9
30099505,3,fever,7,61,147,77,11,96,37.4
30099506,3,laceration,0,88,105,70,16,97,38.1
30099507,5,chest pain,0,94,122,71,20,95,36.4
30099508,3,abdominal pain,4,78,121,96,22,94,36.2
30099509,3,fall,3,117,116,79,18,96,37.0
30099510,2,laceration,8,80,116,82,26,97,37.0
30099511,3,fever,5,80,130,92,20,95,37.1
30099512,3,fever,2,94,141,92,20,95,37.3
30099513,3,laceration,5,74,106,89,17,97,36.4
30099514,2,abdominal pain,7,75,103,55,19,91,35.1
30099515,5,abdominal pain,2,75,142,76,22,95,36.5
30099516,3,laceration,7,95,115,88,14,98,36.5
30099517,4,anxiety,7,84,127,75,16,100,36.0
30099518,3,back pain,1,109,123,68,20,97,36.8
30099519,3,headache,7,83,139,75,21,99,37.2
30099520,3,shortness of breath,4,90,110,67,16,95,35.9
30099521,3,back pain,4,96,162,73,14,99,38.2
30099522,3,knee pain,0,101,146,83,16,98,37.2
30099523,3,fall,4,81,122,87,21,95,37.1
30099524,4,back pain,4,72,153,93,18,96,38.1
30099525,4,laceration,5,67,87,71,21,92,37.7
30099526,3,chest pain,3,69,151,82,17,95,38.0
30099527,3,fall,2,92,149,92,25,96,37.5
30099528,2,back pain,8,114,135,81,17,95,38.7
30099529,3,laceration,3,98,80,64,20,100,35.2
30099530,3,back pain,5,61,98,68,18,100,37.6
30099531,3,fever,5,69,123,79,21,100,36.8
30099532,3,abdominal pain,2,60,148,63,20,100,36.4
30099533,3,fall,1,78,164,90,17,99,38.3
30099534,3,fever,6,116,85,92,15,97,37.1
30099535,3,fever,4,69,142,97,19,93,36.4
30099536,1,fall,10,103,117,96,18,99,36.1
30099537,3,chest pain,3,80,131,59,10,98,38.2
30099538,3,shortness of breath,5,56,170,111,17,100,37.8
30099539,3,fever,3,68,130,81,15,94,37.2
30099540,3,shortness of breath,6,87,146,82,21,95,36.9
30099541,3,shortness of breath,5,107,107,48,11,94,36.1
30099542,2,shortness of breath,10,74,155,90,20,96,36.1
30099543,3,shortness of breath,6,70,99,64,15,97,37.0
30099544,3,laceration,1,97,124,78,13,98,37.6
30099545,3,laceration,0,72,85,56,16,100,35.8
30099546,4,chest pain,6,110,132,64,21,96,35.7
30099547,3,shortness of breath,5,96,111,48,14,97,37.0
30099548,4,knee pain,7,81,150,85,18,100,37.4
30099549,2,back pain,10,72,176,95,17,99,37.2
30099550,3,back pain,2,86,150,60,20,100,37.1
30099551,3,back pain,0,47,142,71,13,100,37.0
30099552,3,back pain,1,74,135,66,15,94,36.9
30099553,3,laceration,2,110,136,83,24,100,36.0
30099554,3,headache,2,89,111,57,24,98,37.3
30099555,4,abdominal pain,7,93,143,101,26,96,37.5
30099556,3,chest pain,5,81,116,60,19,96,37.8
30099557,3,fall,5,87,131,62,12,97,37.7
30099558,4,abdominal pain,3,82,86,76,28,96,36.3
30099559,3,fall,3,76,149,80,15,99,36.9
30099560,4,fever,7,96,128,75,20,92,37.8
30099561,3,back pain,7,77,138,88,17,94,37.8
30099562,3,laceration,4,96,125,48,22,93,36.3
30099563,3,anxiety,7,78,89,82,15,96,37.0
30099564,3,anxiety,0,86,124,61,21,98,36.9
30099565,3,abdominal pain,6,78,111,99,19,99,36.0
30099566,3,laceration,0,67,131,77,23,97,37.9
30099567,4,knee pain,3,64,111,83,15,92,37.2
30099568,4,headache,4,92,148,62,23,100,37.5
30099569,3,fall,2,105,140,81,20,96,36.3
30099570,2,shortness of breath,10,109,118,76,18,97,36.5
30099571,4,knee pain,6,79,133,54,21,93,36.9
30099572,4,abdominal pain,3,83,118,107,13,98,35.3
30099573,2,headache,8,66,145,69,16,93,36.6
30099574,5,headache,3,62,170,79,15,96,36.0
30099575,3,anxiety,2,102,114,83,8,100,36.8
30099576,3,fever,5,94,117,90,16,97,36.7
30099577,5,abdominal pain,1,99,119,87,17,98,37.1
30099578,4,anxiety,7,102,142,88,22,97,37.3
30099579,2,anxiety,8,76,148,69,14,96,36.1
30099580,2,back pain,10,76,119,94,17,95,35.7
30099581,2,laceration,8,90,129,102,22,96,36.5
30099582,3,chest pain,7,108,122,91,15,95,37.6
30099583,5,knee pain,4,75,137,69,20,99,36.8
30099584,3,back pain,1,81,123,111,20,93,35.1
30099585,4,anxiety,6,88,119,95,22,97,37.0
30099586,3,headache,5,106,124,121,19,94,36.9
30099587,4,abdominal pain,5,62,169,90,23,96,38.1
30099588,4,chest pain,0,67,104,65,12,95,38.9
30099589,3,chest pain,7,84,119,96,12,92,36.7
30099590,3,fall,2,94,114,92,30,98,37.4
30099591,3,knee pain,1,88,105,80,17,97,35.7
30099592,1,back pain,8,77,114,77,17,100,35.6
30099593,3,abdominal pain,6,102,96,87,18,93,37.7
30099594,4,back pain,1,86,125,79,18,97,38.4
30099595,4,laceration,4,87,146,61,15,92,36.6
30099596,3,chest pain,1,97,132,79,22,100,36.7
30099597,4,knee pain,5,106,126,80,22,91,37.7
30099598,3,headache,3,94,58,99,16,91,36.9
30099599,2,laceration,9,67,103,65,20,99,37.7
30099600,2,knee pain,6,92,131,81,20,100,37.0
30099601,4,headache,6,88,132,87,25,100,37.1
30099602,3,knee pain,2,110,169,82,13,100,35.8
30099603,3,knee pain,4,96,117,109,25,96,36.2
30099604,3,headache,5,67,108,65,18,98,37.2
30099605,3,shortness of breath,4,74,106,81,8,97,37.4
30099606,4,headache,1,80,186,114,23,100,37.2
30099607,3,chest pain,7,68,141,83,13,98,38.1
30099608,5,back pain,1,104,115,85,20,100,37.2
30099609,2,fall,9,68,131,83,23,99,37.4
30099610,3,shortness of breath,4,61,128,64,22,95,37.5
30099611,4,shortness of breath,1,70,142,76,15,100,37.7
30099612,3,abdominal pain,6,82,133,111,18,96,36.1
30099613,3,anxiety,6,107,147,78,13,97,36.3
30099614,3,chest pain,6,78,131,59,18,97,34.8
30099615,1,chest pain,10,95,130,95,18,96,37.9
30099616,3,knee pain,3,75,95,73,17,97,38.1
30099617,5,knee pain,1,99,92,77,16,94,37.4
30099618,2,shortness of breath,8,92,126,105,15,92,35.5
30099619,2,back pain,6,103,138,109,14,97,37.3
30099620,3,fall,0,68,111,107,21,96,37.0
30099621,3,headache,3,96,101,96,23,98,36.3
30099622,1,chest pain,9,73,140,83,22,94,36.2
30099623,3,abdominal pain,7,95,96,90,22,100,37.1
30099624,3,knee pain,2,77,127,51,17,95,36.7
30099625,2,anxiety,8,86,145,93,15,95,37.9
30099626,2,shortness of breath,10,82,127,72,17,94,37.0
30099627,2,back pain,9,63,108,85,22,98,36.9
30099628,3,shortness of breath,2,81,120,45,25,100,36.0
30099629,3,abdominal pain,1,79,102,83,18,97,36.8
30099630,4,laceration,2,81,107,88,24,98,37.8
30099631,3,shortness of breath,1,106,144,90,10,97,38.2
30099632,2,fall,6,108,120,58,21,97,37.4
30099633,5,headache,7,67,135,54,15,100,36.9
30099634,3,chest pain,6,65,86,97,23,100,37.0
30099635,3,back pain,4,75,143,94,22,95,37.7
30099636,3,chest pain,1,111,128,74,6,93,37.7
30099637,2,fever,8,72,97,57,22,99,37.4
30099638,3,headache,6,95,108,105,14,96,38.2
30099639,3,anxiety,4,82,127,84,19,100,38.2
30099640,5,chest pain,3,71,131,83,19,96,35.4
30099641,3,chest pain,0,76,131,94,20,100,38.6
30099642,1,shortness of breath,10,110,118,78,11,99,34.8
30099643,4,knee pain,2,82,120,69,23,95,36.9
30099644,3,fall,6,75,143,81,21,94,37.0
30099645,4,laceration,3,76,123,88,14,99,36.7
30099646,2,anxiety,8,79,123,91,19,96,36.4
30099647,3,shortness of breath,7,80,123,86,17,96,37.2
30099648,2,fall,9,101,111,77,24,98,37.5
30099649,3,chest pain,1,89,116,95,19,99,37.4
30099650,2,anxiety,7,101,120,75,9,100,36.5
30099651,3,knee pain,4,107,134,85,14,95,36.9
30099652,4,shortness of breath,0,77,146,80,17,95,37.4
30099653,3,fall,4,114,114,76,16,100,37.0
30099654,3,chest pain,4,65,95,72,17,94,36.6
30099655,3,knee pain,7,82,106,81,26,96,37.5
30099656,3,anxiety,0,113,96,95,14,94,36.2
30099657,4,laceration,7,95,110,82,22,98,36.3
30099658,3,fall,1,77,117,64,15,97,36.6
30099659,5,shortness of breath,1,78,138,90,16,98,37.7
30099660,2,chest pain,8,85,147,101,14,99,36.5
30099661,3,anxiety,2,104,142,58,26,94,37.0
30099662,4,back pain,0,94,108,58,10,100,38.3
30099663,3,chest pain,1,119,149,38,24,98,36.8
30099664,4,fall,5,80,138,73,14,97,36.7
30099665,3,back pain,2,93,123,79,21,97,36.6
30099666,1,knee pain,8,80,111,86,22,98,36.9
30099667,4,fall,3,67,77,91,18,97,37.6
30099668,1,laceration,7,93,138,85,21,100,36.9
30099669,3,back pain,5,95,98,91,15,97,37.1
30099670,2,laceration,7,69,122,51,9,95,36.6
30099671,2,fall,8,71,133,103,14,97,36.8
30099672,4,headache,0,76,126,73,18,95,36.7
30099673,3,abdominal pain,6,84,133,66,21,97,37.5
30099674,3,anxiety,6,105,111,82,21,100,37.5
30099675,4,headache,1,72,160,102,17,98,37.2
30099676,3,headache,4,63,125,84,9,100,36.2
30099677,3,anxiety,0,115,144,96,17,96,35.7
30099678,4,chest pain,5,81,134,65,19,97,36.3
30099679,3,anxiety,1,75,124,98,18,97,38.3
30099680,3,shortness of breath,1,82,170,79,12,93,36.6
30099681,4,chest pain,1,72,123,87,16,91,36.3
30099682,4,anxiety,6,77,121,105,14,92,37.7
30099683,3,shortness of breath,7,66,105,80,21,92,36.3
30099684,2,laceration,6,85,148,71,18,97,37.0
30099685,3,anxiety,5,73,141,72,11,100,37.1
30099686,3,knee pain,6,99,86,74,19,95,36.0
30099687,3,laceration,5,77,99,79,21,98,37.3
30099688,3,fall,6,116,123,68,15,98,36.8
30099689,2,laceration,10,78,114,101,21,99,36.7
30099690,3,knee pain,4,105,107,49,21,100,38.3
30099691,3,headache,0,103,116,98,21,97,36.9
30099692,3,shortness of breath,2,96,147,77,19,96,36.6
30099693,4,abdominal pain,5,87,107,89,14,100,35.9
30099694,2,knee pain,7,91,134,66,23,97,38.3
30099695,4,chest pain,3,99,154,71,21,96,37.5
30099696,4,knee pain,3,39,135,95,18,98,37.6
30099697,4,headache,2,79,111,66,17,93,37.7
30099698,3,knee pain,3,110,133,105,15,94,36.7
30099699,3,back pain,2,98,135,94,19,100,38.0
30099700,4,fever,0,77,117,59,24,100,38.1
30099701,3,shortness of breath,3,78,122,54,19,95,36.8
30099702,4,anxiety,7,86,134,67,18,96,36.2
30099703,3,laceration,0,102,152,60,14,99,36.6
30099704,4,anxiety,0,60,133,77,22,100,38.0
30099705,3,shortness of breath,3,69,158,102,22,95,36.3
30099706,3,fever,1,66,170,88,17,99,38.0
30099707,3,laceration,6,73,173,76,25,99,36.7
30099708,4,anxiety,5,108,111,73,14,98,36.7
30099709,3,headache,1,101,120,73,18,97,37.6
30099710,1,headache,7,72,133,88,18,99,37.6
30099711,2,anxiety,6,69,144,71,19,100,37.5
30099712,4,laceration,1,82,110,71,13,99,38.2
30099713,3,fever,5,78,165,103,19,100,37.6
30099714,3,headache,1,77,146,87,14,96,37.7
30099715,3,back pain,6,113,122,96,18,98,37.6
30099716,5,anxiety,4,102,149,37,10,93,36.1
30099717,2,headache,10,81,128,75,16,100,37.2
30099718,3,knee pain,3,72,100,91,22,99,36.4
30099719,2,abdominal pain,9,89,105,64,17,100,37.5
30099720,3,fever,5,93,138,81,25,96,37.3
30099721,3,fever,3,106,146,69,26,100,35.8
30099722,4,knee pain,6,44,135,82,13,100,38.3
30099723,3,fall,3,108,149,83,24,100,37.3
30099724,3,anxiety,1,64,145,70,21,95,37.9
30099725,2,knee pain,10,79,124,72,21,99,35.2
30099726,4,chest pain,1,86,116,103,21,95,39.0
30099727,1,chest pain,10,76,103,47,15,94,38.4
30099728,3,knee pain,2,78,108,74,18,97,36.2
30099729,3,shortness of breath,0,87,124,86,25,100,38.2
30099730,3,fall,1,84,89,56,21,95,37.3
30099731,3,back pain,4,84,166,55,13,96,36.2
30099732,3,anxiety,0,84,137,83,24,97,37.5
30099733,1,fever,10,88,120,68,19,97,37.4
30099734,3,fever,1,111,141,69,17,94,36.9
30099735,2,chest pain,8,83,154,82,15,99,36.3
30099736,3,fever,6,97,149,92,14,98,36.7
30099737,4,back pain,0,107,115,71,20,96,36.4
30099738,4,knee pain,5,104,106,74,25,97,35.6
30099739,3,shortness of breath,2,78,109,93,20,95,37.3
30099740,2,back pain,9,96,104,57,19,95,35.2
30099741,3,knee pain,2,87,122,65,22,100,37.9
30099742,1,headache,6,80,143,85,17,95,35.2
30099743,4,laceration,4,97,126,65,21,100,37.9
30099744,3,fall,3,84,127,86,17,95,36.8
30099745,3,laceration,0,84,158,81,8,100,36.7
30099746,3,anxiety,2,93,151,76,19,97,37.2
30099747,4,anxiety,0,108,93,93,19,90,34.8
30099748,3,fall,7,83,125,51,22,97,36.2
30099749,3,anxiety,5,98,128,75,17,96,37.0
30099750,1,anxiety,7,56,125,64,25,98,36.1
30099751,3,chest pain,5,80,114,59,16,97,37.2
30099752,3,back pain,5,75,134,107,17,94,36.6
30099753,3,abdominal pain,4,93,122,57,22,97,37.9
30099754,3,fever,4,117,111,92,12,98,37.0
30099755,2,headache,10,75,114,72,18,96,35.9
30099756,3,shortness of breath,1,49,114,68,12,100,36.0
30099757,3,abdominal pain,7,79,125,79,17,96,37.2
30099758,3,back pain,3,96,102,64,17,97,36.7
30099759,2,back pain,6,84,163,70,21,94,38.1
30099760,4,anxiety,0,105,103,82,24,95,37.8
30099761,2,chest pain,8,100,133,89,13,97,37.5
30099762,3,fever,4,55,96,72,20,93,38.5
30099763,4,abdominal pain,4,83,143,58,13,100,37.1
30099764,4,fall,6,70,133,78,25,100,37.0
30099765,3,knee pain,5,80,136,74,14,95,37.6
30099766,2,abdominal pain,6,101,116,87,13,93,36.2
30099767,2,shortness of breath,7,56,126,95,19,97,36.4
30099768,2,fever,8,100,119,67,24,94,36.7
30099769,3,abdominal pain,3,97,114,98,15,94,36.2
30099770,2,fall,8,77,122,65,21,100,36.5
30099771,5,headache,4,71,132,104,17,100,38.8
30099772,3,headache,7,114,117,104,18,100,37.2
30099773,4,anxiety,3,71,103,66,17,99,35.3
30099774,4,chest pain,1,78,97,72,21,100,36.7
30099775,4,shortness of breath,7,105,135,74,18,98,37.8
30099776,3,knee pain,0,98,150,85,20,98,36.9
30099777,3,headache,5,99,143,88,15,97,38.8
30099778,1,chest pain,6,105,99,72,17,95,37.4
30099779,2,back pain,7,64,121,79,17,100,37.9
30099780,5,anxiety,3,84,123,70,23,90,37.3
30099781,3,laceration,4,70,101,102,18,98,36.2
30099782,1,anxiety,7,85,144,106,11,96,36.8
30099783,4,knee pain,3,112,139,102,13,96,35.9
30099784,3,knee pain,0,93,101,102,14,97,37.2
30099785,3,laceration,2,56,125,65,20,90,37.3
30099786,3,fever,7,90,145,44,12,100,36.1
30099787,4,laceration,0,96,127,81,17,91,36.4
30099788,3,anxiety,3,94,130,101,16,98,38.0
30099789,3,abdominal pain,3,103,94,89,25,100,38.2
30099790,2,knee pain,10,94,139,92,19,93,37.8
30099791,5,anxiety,6,81,123,72,19,100,37.2
30099792,3,headache,5,88,147,76,18,98,36.5
30099793,3,abdominal pain,5,75,119,64,25,100,37.5
30099794,4,knee pain,0,118,113,51,17,99,36.8
30099795,4,chest pain,6,109,155,69,18,100,37.4
30099796,4,headache,2,83,145,55,13,92,36.9
30099797,4,fall,4,105,120,99,13,95,37.1
30099798,1,headache,6,76,85,95,13,98,38.3
30099799,2,shortness of breath,7,67,109,60,10,100,36.8
30099800,2,back pain,6,71,104,82,22,98,37.9
30099801,3,chest pain,4,56,118,84,20,96,37.4
30099802,3,fever,4,85,146,87,21,93,38.0
30099803,2,knee pain,7,58,126,82,20,97,36.9
30099804,3,laceration,4,94,88,100,20,92,37.3
30099805,3,abdominal pain,0,77,104,77,17,95,37.2
30099806,3,fever,0,85,106,86,19,100,37.0
30099807,4,fall,3,78,149,114,16,99,36.9
30099808,4,knee pain,3,78,110,95,18,97,37.0
30099809,3,fall,3,80,145,51,17,100,37.1
30099810,4,abdominal pain,0,122,176,72,18,96,37.0
30099811,2,chest pain,6,95,122,85,15,93,38.2
30099812,3,knee pain,5,81,115,77,29,99,36.4
30099813,2,anxiety,9,89,112,90,15,100,36.0
30099814,2,laceration,9,70,145,91,23,92,36.9
30099815,3,headache,7,61,141,89,20,99,37.7
30099816,4,shortness of breath,1,95,128,116,15,96,35.9
30099817,2,knee pain,8,111,127,67,19,94,37.4
30099818,3,fever,4,63,139,102,20,100,35.9
30099819,2,fall,6,96,121,61,17,96,37.8
30099820,3,headache,0,80,150,51,23,93,36.2
30099821,4,abdominal pain,5,69,166,69,27,98,37.2
30099822,3,anxiety,4,95,123,60,22,97,38.1
30099823,4,headache,5,76,116,84,16,96,37.8
30099824,3,back pain,7,84,119,105,16,90,36.7
30099825,4,anxiety,2,91,156,87,24,97,38.7
30099826,3,knee pain,0,101,148,74,26,93,37.0
30099827,3,knee pain,3,101,108,88,18,100,38.1
30099828,5,chest pain,0,86,128,96,15,98,36.3
30099829,3,headache,0,65,96,73,13,95,35.9
30099830,3,anxiety,1,71,108,99,22,100,37.8
30099831,3,abdominal pain,0,93,120,74,20,92,36.1
30099832,3,chest pain,6,80,153,74,17,99,36.2
30099833,3,fall,6,84,128,83,12,94,36.1
30099834,2,knee pain,10,90,118,74,21,94,37.7
30099835,2,fall,9,102,125,66,21,100,37.4
30099836,4,fever,1,83,136,51,14,96,36.9
30099837,3,shortness of breath,0,81,139,81,26,98,36.7
30099838,2,anxiety,9,74,137,103,14,95,37.6
30099839,3,laceration,2,66,127,88,8,93,37.2
30099840,2,headache,9,94,134,105,16,100,36.6
30099841,2,back pain,10,87,132,90,20,94,36.6
30099842,3,shortness of breath,0,79,147,77,21,93,37.2
30099843,3,anxiety,5,100,123,93,25,96,37.6
30099844,3,chest pain,3,98,100,67,14,97,38.5
30099845,3,shortness of breath,3,68,147,88,18,100,36.9
30099846,3,fever,4,71,180,62,24,99,36.4
30099847,3,headache,0,127,142,34,17,95,36.4
30099848,2,headache,10,88,135,80,13,100,35.7
30099849,3,headache,3,97,111,91,13,96,36.8
30099850,1,shortness of breath,9,87,126,96,20,98,38.0
30099851,4,fever,3,84,142,91,13,90,35.8
30099852,3,headache,7,84,138,87,19,92,36.0
30099853,2,laceration,10,120,120,54,23,98,36.7
30099854,2,fever,6,85,129,98,13,97,37.6
30099855,1,shortness of breath,6,92,108,69,20,99,37.0
30099856,3,abdominal pain,7,105,114,74,24,100,37.5
30099857,2,chest pain,7,95,115,71,16,100,38.1
30099858,3,abdominal pain,0,95,129,71,24,94,38.2
30099859,3,fever,0,76,107,95,18,98,36.1
30099860,3,fall,2,86,131,96,24,92,37.1
30099861,3,chest pain,5,96,127,53,18,97,37.2
30099862,3,back pain,7,78,147,82,17,100,38.3
30099863,3,abdominal pain,7,65,114,84,20,91,37.7
30099864,3,chest pain,0,94,117,111,21,97,36.8
30099865,3,knee pain,6,76,116,111,19,96,37.2
30099866,3,fever,4,94,104,68,15,96,35.6
30099867,3,shortness of breath,6,84,128,93,12,93,35.9
30099868,3,chest pain,0,106,102,64,18,99,36.5
30099869,3,chest pain,4,102,131,66,19,96,38.8
30099870,2,chest pain,7,92,112,82,5,99,36.3
30099871,4,chest pain,2,88,116,81,16,94,37.6
30099872,4,fall,4,69,153,71,24,95,35.7
30099873,3,fever,5,75,153,95,19,100,37.2
30099874,2,fall,10,114,119,92,26,97,37.7
30099875,3,chest pain,7,110,144,103,14,98,37.1
30099876,3,back pain,0,72,125,72,26,98,37.5
30099877,2,shortness of breath,9,90,142,90,22,88,37.0
30099878,3,chest pain,6,78,131,78,24,100,36.2
30099879,4,headache,1,90,118,57,19,97,37.8
30099880,1,abdominal pain,7,97,149,97,12,97,35.9
30099881,3,abdominal pain,2,77,148,81,28,98,36.7
30099882,3,back pain,6,90,153,48,23,97,37.2
30099883,3,chest pain,2,76,123,83,17,100,37.5
30099884,3,fever,2,84,156,102,16,93,37.2
30099885,4,fever,1,99,167,81,20,97,36.0
30099886,3,fever,2,77,113,98,15,98,38.1
30099887,3,shortness of breath,2,104,128,78,20,100,36.5
30099888,2,fever,9,75,114,79,19,99,38.0
30099889,3,anxiety,2,113,114,60,16,89,38.0
30099890,3,headache,2,49,98,68,11,95,36.4
30099891,4,anxiety,4,99,109,70,26,96,37.3
30099892,3,chest pain,3,78,113,70,20,100,36.3
30099893,3,abdominal pain,4,78,169,74,17,95,37.3
30099894,4,shortness of breath,5,108,107,93,22,97,38.0
30099895,3,laceration,4,85,139,65,21,97,37.7
30099896,4,headache,0,87,150,86,15,95,37.8
30099897,4,back pain,0,83,104,71,13,95,37.2
30099898,2,laceration,8,84,108,83,19,97,38.0
30099899,4,anxiety,6,83,114,73,16,99,36.1
30099900,3,knee pain,3,81,122,101,9,91,37.5
30099901,3,chest pain,2,104,93,102,18,99,35.7
30099902,3,laceration,2,81,127,86,17,98,35.2
30099903,3,fever,4,86,133,77,19,99,35.8
30099904,3,chest pain,7,50,140,71,15,98,37.6
30099905,3,fever,7,79,110,93,17,97,38.1
30099906,3,anxiety,7,84,142,77,22,98,37.7
30099907,3,fall,4,75,118,71,13,97,38.0
30099908,5,anxiety,1,83,131,90,22,100,36.2
30099909,3,anxiety,4,76,122,53,22,90,36.4
30099910,3,fever,6,107,129,46,16,100,37.3
30099911,3,laceration,2,72,112,77,20,97,37.9
30099912,2,fall,10,81,135,61,18,96,36.6
30099913,3,knee pain,1,103,117,64,19,98,36.8
30099914,2,fever,10,67,99,83,18,95,36.2
30099915,3,laceration,7,77,111,57,14,96,38.0
30099916,3,abdominal pain,6,109,130,91,17,96,37.6
30099917,3,anxiety,4,100,113,78,13,95,36.0
30099918,3,abdominal pain,2,95,102,79,15,99,36.8
30099919,3,chest pain,3,92,114,69,13,95,36.5
30099920,2,laceration,9,70,130,91,21,98,36.7
30099921,4,abdominal pain,6,79,123,67,16,98,38.6
30099922,1,shortness of breath,6,74,148,61,20,94,35.2
30099923,2,shortness of breath,6,83,113,87,21,100,37.3
30099924,2,anxiety,6,86,129,73,16,100,35.5
30099925,4,back pain,3,93,140,73,20,98,36.0
30099926,4,fall,5,89,129,50,21,94,36.7
30099927,3,headache,2,105,100,83,11,95,36.7
30099928,3,fall,6,95,112,68,25,97,37.6
30099929,3,headache,0,73,133,83,18,99,36.2
30099930,3,knee pain,7,82,130,85,7,93,37.1
30099931,3,fall,7,67,123,92,16,94,36.3
30099932,3,headache,4,86,114,79,14,98,36.1
30099933,3,back pain,3,96,83,80,21,95,38.3
30099934,2,knee pain,10,69,113,78,13,96,36.1
30099935,4,fall,6,79,85,74,16,98,36.4
30099936,3,fever,0,88,148,71,21,98,38.1
30099937,2,anxiety,10,75,126,81,17,89,37.4
30099938,3,shortness of breath,7,98,109,77,15,100,36.5
30099939,3,fall,5,69,145,72,21,100,36.8
30099940,1,laceration,10,97,144,55,17,95,35.1
30099941,3,abdominal pain,3,90,154,97,23,92,38.3
30099942,3,shortness of breath,3,63,129,107,17,95,35.5
30099943,3,abdominal pain,6,94,118,52,26,95,35.8
30099944,3,back pain,7,78,140,52,14,100,37.8
30099945,3,fall,0,112,118,60,17,97,36.8
30099946,3,anxiety,5,100,110,95,19,86,37.8
30099947,3,abdominal pain,5,96,167,69,15,96,38.3
30099948,5,fall,6,80,167,92,23,94,38.6
30099949,3,anxiety,7,85,143,78,18,99,37.4
30099950,3,shortness of breath,4,52,120,65,14,100,37.1
30099951,3,fever,2,79,147,55,14,99,37.0
30099952,3,back pain,4,82,134,87,21,93,36.6
30099953,3,knee pain,4,82,125,102,11,96,36.7
30099954,2,shortness of breath,6,84,118,60,23,90,38.7
30099955,4,anxiety,7,101,116,86,23,97,36.6
30099956,3,shortness of breath,6,115,102,86,25,100,36.8
30099957,4,abdominal pain,2,96,97,99,19,94,37.0
30099958,5,abdominal pain,6,53,70,68,17,99,36.0
30099959,3,chest pain,1,97,139,85,18,95,36.9
30099960,3,abdominal pain,6,92,86,104,18,100,35.3
30099961,3,headache,3,93,122,107,20,100,36.4
30099962,3,knee pain,3,59,152,45,19,100,37.5
30099963,3,back pain,6,108,156,77,12,95,37.4
30099964,3,anxiety,5,99,146,73,14,89,37.3
30099965,3,abdominal pain,3,120,160,90,20,99,36.6
30099966,3,laceration,2,75,165,73,23,95,37.5
30099967,4,abdominal pain,1,108,107,79,6,98,37.8
30099968,5,chest pain,2,97,92,73,14,98,36.2
30099969,3,anxiety,2,74,120,75,25,100,36.7
30099970,3,shortness of breath,1,95,109,89,10,99,36.4
30099971,3,headache,4,110,146,72,14,91,37.0
30099972,2,back pain,7,94,145,102,15,89,37.7
30099973,4,back pain,2,69,158,75,19,98,38.2
30099974,3,chest pain,0,105,136,87,16,100,35.7
30099975,3,back pain,7,72,75,65,20,95,36.1
30099976,3,anxiety,7,68,149,73,14,96,35.8
30099977,3,abdominal pain,0,93,148,63,18,94,35.8
30099978,3,chest pain,7,86,120,76,18,99,37.7
30099979,2,fever,7,78,108,114,14,94,37.5
30099980,3,anxiety,0,87,99,91,18,95,35.6
30099981,3,fever,3,79,110,82,20,92,36.4
30099982,3,knee pain,6,111,108,66,16,98,38.0
30099983,5,shortness of breath,1,80,136,101,14,95,37.3
30099984,3,fall,6,97,140,74,17,100,37.7
30099985,3,chest pain,7,85,160,62,19,97,37.7
30099986,2,anxiety,9,79,117,58,16,100,36.6
30099987,3,chest pain,4,92,134,118,28,97,37.0
30099988,3,laceration,0,87,139,87,13,93,36.9
30099989,2,headache,7,103,118,74,15,96,38.4
30099990,3,fall,3,92,132,81,20,99,35.9
30099991,3,anxiety,6,95,144,87,11,96,37.7
30099992,3,headache,7,88,119,102,13,96,37.4
30099993,4,chest pain,7,92,124,85,22,96,36.9
30099994,3,chest pain,7,75,127,75,19,99,36.8
30099995,3,knee pain,2,93,118,81,16,97,36.5
30099996,3,anxiety,6,72,118,72,21,99,35.8
30099997,2,chest pain,6,70,104,72,12,100,37.3
30099998,4,knee pain,7,86,123,85,14,95,35.9
30099999,3,laceration,2,84,146,95,18,96,37.1
30100000,3,knee pain,6,70,145,60,12,100,36.4
30100001,3,shortness of breath,7,97,117,76,14,97,36.8
30100002,3,chest pain,1,99,87,76,21,100,37.1
30100003,3,back pain,2,69,95,100,20,97,35.8
30100004,5,knee pain,3,73,149,79,13,99,36.2
30100005,4,fall,5,103,97,77,12,98,37.4
30100006,4,anxiety,7,94,188,104,17,97,37.3
30100007,3,anxiety,1,114,130,74,14,98,38.5
30100008,3,headache,5,97,120,79,11,97,36.5
30100009,3,abdominal pain,1,80,131,78,16,99,36.8
30100010,4,anxiety,3,92,128,74,16,97,37.5
30100011,3,fever,6,94,122,88,16,98,36.3
30100012,3,anxiety,0,84,122,93,16,92,38.0
30100013,2,chest pain,8,67,115,56,16,93,36.6
30100014,4,shortness of breath,5,71,126,86,17,94,36.9
30100015,2,knee pain,9,68,124,102,13,100,37.7
30100016,3,knee pain,1,82,115,79,21,95,38.1
30100017,4,chest pain,1,75,131,83,27,98,36.7
30100018,2,chest pain,10,32,135,80,17,99,37.2
30100019,3,knee pain,5,85,128,73,14,98,39.0
30100020,3,shortness of breath,0,64,133,99,12,98,38.3
30100021,3,headache,2,76,116,71,18,100,36.8
30100022,3,fever,3,87,134,49,8,96,37.5
30100023,3,fever,3,93,113,72,13,97,37.1
30100024,3,laceration,6,88,148,64,12,97,35.8
30100025,1,headache,7,51,158,82,16,96,36.4
30100026,3,chest pain,5,71,114,70,20,93,35.3
30100027,3,anxiety,2,65,122,97,19,97,37.0
30100028,3,back pain,0,114,94,88,22,98,36.7
30100029,3,laceration,7,69,134,73,21,96,36.4
30100030,1,laceration,8,101,104,92,25,97,35.8
30100031,3,fever,5,75,122,71,18,95,36.7
30100032,3,anxiety,6,84,92,81,15,98,37.7
30100033,5,fall,1,99,139,119,15,97,37.1
30100034,3,anxiety,5,89,125,94,17,95,36.2
30100035,5,shortness of breath,5,74,150,104,19,97,36.8
30100036,3,chest pain,2,83,115,65,16,97,37.1
30100037,3,chest pain,2,87,87,86,20,94,37.3
30100038,2,shortness of breath,8,67,69,81,17,100,37.1
30100039,4,abdominal pain,1,103,110,100,20,92,36.5
30100040,2,back pain,10,92,117,76,18,95,38.2
30100041,5,fever,0,104,127,68,12,99,37.0
30100042,5,laceration,2,98,150,118,22,98,35.8
30100043,1,back pain,8,89,150,70,21,100,36.2
30100044,4,fever,6,61,114,70,18,100,38.0
30100045,2,anxiety,10,102,139,68,13,100,36.2
30100046,3,shortness of breath,1,61,100,67,20,91,37.7
30100047,5,knee pain,3,114,130,62,13,100,36.3
30100048,1,abdominal pain,10,88,108,80,27,92,37.3
30100049,3,anxiety,4,72,127,63,16,100,36.8
30100050,2,fall,8,127,104,62,16,97,35.8
30100051,3,chest pain,2,104,144,90,19,94,37.4
30100052,3,shortness of breath,6,93,135,86,12,99,38.6
30100053,3,fever,3,96,98,64,17,100,38.8
30100054,4,anxiety,4,98,106,70,20,97,36.4
30100055,4,fever,7,98,94,98,16,98,35.5
30100056,2,laceration,8,87,136,80,19,91,35.8
30100057,1,anxiety,6,77,164,86,14,99,35.2
30100058,3,headache,7,72,156,71,21,98,34.9
30100059,2,headache,8,98,112,85,16,95,36.4
30100060,2,back pain,8,94,99,80,24,98,35.6
30100061,3,laceration,7,74,106,78,15,95,37.8
30100062,1,chest pain,7,69,116,106,22,98,36.8
30100063,4,laceration,4,83,94,95,14,100,37.3
30100064,2,chest pain,7,54,124,90,13,98,37.2
30100065,3,headache,5,94,138,81,13,100,36.2
30100066,5,back pain,2,89,111,90,19,93,36.9
30100067,1,knee pain,8,116,130,66,15,97,37.9
30100068,2,fever,8,83,108,108,17,98,36.1
30100069,5,back pain,5,71,148,105,19,97,35.9
30100070,3,headache,0,70,116,48,8,97,37.1
30100071,4,fever,4,77,128,84,14,99,37.3
30100072,4,shortness of breath,2,106,85,67,13,97,37.1
30100073,1,knee pain,8,81,149,67,15,100,37.0
30100074,3,fever,5,124,112,58,12,99,38.0
30100075,4,fever,0,77,121,90,24,97,36.9
30100076,4,fever,2,92,117,75,24,94,36.5
30100077,5,fever,1,97,133,76,17,98,36.7
30100078,3,chest pain,2,94,118,108,21,98,37.9
30100079,3,abdominal pain,7,107,103,86,19,97,35.8
30100080,4,fever,1,94,121,83,17,99,37.6
30100081,3,back pain,7,118,90,85,27,98,34.4
30100082,4,headache,1,84,114,45,17,99,36.8
30100083,4,shortness of breath,7,122,127,102,15,94,37.1
30100084,3,chest pain,1,101,88,94,14,97,36.5
30100085,1,headache,6,70,103,78,28,93,38.1
30100086,3,shortness of breath,1,76,179,86,14,100,35.7
30100087,2,fever,9,96,134,114,12,93,38.4
30100088,3,knee pain,4,81,139,108,23,97,36.2
30100089,1,knee pain,6,59,127,90,20,100,35.5
30100090,3,fall,0,95,131,80,20,96,37.2
30100091,5,fever,4,94,141,83,21,100,36.0
30100092,5,shortness of breath,5,94,137,64,15,96,36.0
30100093,5,laceration,3,60,134,88,15,97,38.1
30100094,4,fall,5,114,122,56,18,96,36.6
30100095,2,laceration,9,80,156,98,18,100,35.4
30100096,4,fall,1,99,143,82,20,100,37.2
30100097,3,fall,2,78,108,80,11,95,37.0
30100098,2,fever,7,76,147,78,19,100,36.4
30100099,3,anxiety,2,127,122,99,14,97,36.9
30100100,3,shortness of breath,1,54,121,80,17,95,36.4
30100101,3,back pain,5,73,145,79,20,97,37.1
30100102,2,anxiety,9,83,117,82,23,99,37.7
30100103,3,fever,1,88,124,116,16,100,38.1
30100104,5,anxiety,7,95,123,77,14,94,37.1
30100105,3,anxiety,7,108,112,75,15,92,37.1
30100106,3,fever,2,88,99,64,19,100,36.5
30100107,4,anxiety,1,92,148,94,23,100,37.4
30100108,3,chest pain,2,71,133,65,20,100,36.5
30100109,3,abdominal pain,5,90,127,99,19,100,38.1
30100110,3,headache,1,63,150,89,20,95,36.9
30100111,2,laceration,7,72,144,84,20,98,35.2
30100112,3,knee pain,7,80,151,51,19,95,37.2
30100113,3,abdominal pain,4,63,111,87,12,95,36.1
30100114,3,fall,5,75,134,110,16,96,37.6
30100115,3,fever,5,58,110,94,22,100,38.6
30100116,4,headache,0,91,111,72,18,100,35.0
30100117,3,fever,2,81,134,76,8,93,36.0
30100118,3,chest pain,4,68,124,85,22,100,37.6
30100119,3,fever,6,75,125,77,23,97,38.9
30100120,2,chest pain,9,101,136,87,19,98,35.7
30100121,3,chest pain,7,84,106,79,25,98,36.7
30100122,3,headache,0,74,135,86,17,98,36.6
30100123,3,anxiety,0,79,107,108,24,97,36.2
30100124,2,back pain,10,60,138,107,18,96,38.9
30100125,4,fall,2,84,131,69,15,100,36.8
30100126,3,abdominal pain,3,104,97,93,22,100,36.8
30100127,4,headache,0,66,155,95,18,98,35.9
30100128,4,chest pain,7,89,129,82,23,98,37.7
30100129,5,abdominal pain,2,68,125,101,18,100,37.2
30100130,5,fever,0,82,152,92,20,100,37.9
30100131,5,knee pain,1,93,138,73,22,93,37.3
30100132,3,shortness of breath,5,77,120,82,21,100,37.0
30100133,4,chest pain,1,92,101,65,14,100,36.3
30100134,3,chest pain,7,61,122,80,16,95,37.0
30100135,3,anxiety,5,94,62,96,20,100,38.4
30100136,3,fever,3,92,133,77,19,100,36.9
30100137,2,headache,10,66,115,53,17,92,37.3
30100138,2,back pain,6,63,129,104,11,96,37.0
30100139,3,headache,6,83,118,68,21,93,37.4
30100140,4,shortness of breath,0,61,139,86,13,93,38.2
30100141,3,headache,7,92,130,64,20,95,36.4
30100142,2,fall,10,82,130,85,13,99,36.1
30100143,5,shortness of breath,1,67,115,43,17,99,37.4
30100144,3,knee pain,5,61,152,73,16,99,37.0
30100145,3,abdominal pain,2,95,129,76,17,96,37.3
30100146,4,anxiety,4,77,130,44,21,100,37.1
30100147,4,knee pain,7,76,128,90,13,98,38.1
30100148,3,knee pain,4,82,128,65,24,100,37.1
30100149,3,back pain,0,88,108,72,22,93,37.1
30100150,3,knee pain,1,123,105,71,12,91,37.7
30100151,5,abdominal pain,1,88,116,76,29,98,36.8
30100152,3,chest pain,6,81,127,108,17,93,36.0
30100153,4,back pain,1,54,153,77,23,94,37.0
30100154,3,laceration,1,98,111,61,20,98,36.9
30100155,4,fall,0,95,147,61,21,96,38.1
30100156,3,headache,3,71,156,75,14,96,38.0
30100157,3,fever,7,57,137,70,17,99,36.9
30100158,3,laceration,6,72,119,81,20,92,37.7
30100159,1,fall,9,80,106,69,24,97,37.0
30100160,3,fever,4,74,158,68,17,100,37.1
30100161,3,knee pain,4,69,122,81,14,97,36.2
30100162,3,shortness of breath,7,72,152,68,22,99,37.6
30100163,3,abdominal pain,0,92,114,73,19,97,38.4
30100164,3,fever,2,101,96,75,14,100,37.6
30100165,3,shortness of breath,2,108,131,77,13,98,36.4
30100166,2,knee pain,7,83,76,73,16,98,37.8
30100167,1,fever,8,93,149,72,17,96,37.6
30100168,3,headache,0,91,132,53,13,100,38.6
30100169,4,knee pain,6,82,129,108,11,94,37.1
30100170,4,laceration,6,77,116,76,16,100,36.4
30100171,3,chest pain,1,80,139,91,12,95,37.2
30100172,3,anxiety,1,93,119,88,21,99,36.9
30100173,3,headache,1,84,106,67,19,88,36.2
30100174,3,back pain,4,94,116,70,17,96,37.9
30100175,3,laceration,4,79,169,79,19,99,37.7
30100176,3,abdominal pain,0,86,128,88,25,100,36.3
30100177,2,abdominal pain,8,94,105,51,21,100,36.7
30100178,5,chest pain,7,83,145,69,18,99,36.2
30100179,3,abdominal pain,3,99,98,73,9,99,36.4
30100180,3,abdominal pain,6,53,122,104,17,96,37.0
30100181,2,knee pain,10,96,121,76,11,88,35.2
30100182,3,anxiety,4,91,151,75,16,99,36.7
30100183,4,abdominal pain,1,85,110,89,13,100,36.9
30100184,2,back pain,10,90,144,56,25,99,37.9
30100185,2,fever,6,66,129,90,21,99,34.9
30100186,4,shortness of breath,0,81,124,69,19,99,37.2
30100187,3,fall,6,106,114,71,23,99,36.8
30100188,3,knee pain,7,68,140,78,21,99,35.5
30100189,3,back pain,5,87,156,74,19,96,37.3
30100190,3,fall,5,51,112,79,9,98,36.8
30100191,3,knee pain,3,93,145,110,23,100,36.5
30100192,2,shortness of breath,9,100,121,70,20,100,36.8
30100193,2,abdominal pain,6,100,112,44,22,97,36.5
30100194,3,abdominal pain,4,82,129,66,13,98,38.4
30100195,4,knee pain,3,102,99,82,24,99,38.7
30100196,3,shortness of breath,1,90,101,69,10,96,38.0
30100197,3,chest pain,0,90,109,86,16,96,37.7
30100198,2,laceration,6,66,123,81,16,96,37.9
30100199,4,knee pain,0,77,129,44,13,99,36.7
30100200,3,fall,5,71,122,74,18,93,37.1
30100201,2,fall,8,110,128,92,17,95,37.0
30100202,3,abdominal pain,2,92,122,96,20,95,36.6
30100203,2,laceration,8,87,108,95,14,99,37.3
30100204,5,anxiety,4,86,131,72,17,95,36.1
30100205,3,anxiety,2,93,142,82,20,98,37.2
30100206,4,chest pain,7,75,121,95,18,100,37.2
30100207,4,shortness of breath,0,74,95,84,11,94,35.9
30100208,3,laceration,4,90,107,86,11,95,37.8
30100209,5,shortness of breath,5,101,115,77,26,100,37.4
30100210,5,back pain,1,100,105,57,15,98,37.3
30100211,3,headache,4,101,120,93,13,100,35.9
30100212,5,fall,1,87,125,79,24,97,38.0
30100213,2,anxiety,6,99,93,65,25,99,36.5
30100214,3,back pain,2,73,141,75,17,91,37.5
30100215,4,anxiety,4,68,159,71,15,93,37.3
30100216,3,knee pain,1,78,128,96,20,98,37.8
30100217,3,abdominal pain,0,49,111,81,17,100,36.8
30100218,3,anxiety,7,96,138,72,13,95,37.1
30100219,3,shortness of breath,3,77,135,94,18,100,36.8
30100220,4,anxiety,3,78,150,78,20,100,35.6
30100221,3,laceration,0,95,118,87,24,100,37.0
30100222,4,laceration,4,101,154,106,20,95,36.4
30100223,3,fall,2,68,110,92,24,98,36.5
30100224,3,abdominal pain,0,75,135,84,14,95,36.4
30100225,3,fever,3,83,124,69,24,95,36.2
30100226,3,chest pain,2,82,83,88,21,95,37.3
30100227,2,abdominal pain,6,106,137,92,14,93,37.9
30100228,5,abdominal pain,3,96,103,80,21,98,36.7
30100229,1,chest pain,10,66,122,87,23,98,36.6
30100230,5,knee pain,1,68,113,81,23,99,36.2
30100231,2,abdominal pain,7,72,117,107,16,96,36.2
30100232,2,anxiety,6,97,126,84,13,97,38.9
30100233,3,knee pain,0,93,104,77,23,96,35.9
30100234,2,laceration,7,83,126,77,20,100,37.3
30100235,4,shortness of breath,1,97,141,59,16,96,36.2
30100236,3,laceration,0,74,151,72,17,98,37.1
30100237,4,anxiety,2,76,109,76,22,98,35.7
30100238,3,back pain,1,63,109,64,7,97,36.8
30100239,3,fever,0,91,104,60,19,95,35.8
30100240,4,laceration,3,89,173,72,22,99,38.6
30100241,3,laceration,0,77,115,61,19,100,37.1
30100242,3,fever,6,107,176,93,18,100,37.1
30100243,3,fall,1,93,153,83,13,100,37.7
30100244,3,fall,3,109,130,107,16,93,36.0
30100245,5,abdominal pain,7,76,119,70,22,99,38.2
30100246,3,fever,3,83,120,73,21,100,37.0
30100247,4,back pain,3,93,132,71,17,95,38.1
30100248,3,knee pain,7,105,146,81,18,96,37.4
30100249,3,shortness of breath,5,92,141,80,20,99,38.5
30100250,3,headache,6,93,128,89,19,91,37.3
30100251,4,knee pain,0,88,131,105,20,95,35.9
30100252,2,fever,7,89,119,75,18,98,38.0
30100253,3,knee pain,6,91,141,89,15,94,37.2
30100254,5,chest pain,5,101,113,80,23,99,36.8
30100255,3,knee pain,7,74,127,77,18,100,36.9
30100256,3,chest pain,4,99,152,89,20,96,36.8
30100257,4,chest pain,7,115,116,81,18,100,36.9
30100258,2,anxiety,6,73,121,79,27,100,36.5
30100259,3,fall,4,77,160,71,16,99,38.7
30100260,2,fever,6,82,73,67,7,90,37.3
30100261,3,chest pain,4,65,86,102,21,100,36.2
30100262,3,knee pain,3,71,141,108,18,92,37.9
30100263,2,shortness of breath,6,65,137,77,23,100,36.9
30100264,3,headache,2,117,132,86,18,97,35.7
30100265,3,headache,5,86,140,69,19,96,36.9
30100266,3,back pain,4,81,146,83,17,97,35.7
30100267,3,back pain,4,97,102,75,16,93,35.9
30100268,3,chest pain,3,100,79,83,17,99,36.6
30100269,3,shortness of breath,1,70,102,59,26,96,36.1
30100270,4,shortness of breath,7,66,128,66,16,100,38.5
30100271,3,knee pain,3,99,144,76,20,93,37.5
30100272,4,abdominal pain,2,75,109,96,25,96,37.3
30100273,3,knee pain,6,81,124,88,19,99,37.6
30100274,3,fever,5,111,103,64,21,96,37.6
30100275,3,fever,6,91,98,72,12,93,37.3
30100276,3,back pain,1,81,133,93,13,93,37.0
30100277,3,shortness of breath,4,62,119,113,19,96,36.4
30100278,3,abdominal pain,1,102,158,59,19,95,37.4
30100279,4,headache,7,72,69,84,18,98,36.8
30100280,3,laceration,5,73,157,78,18,98,36.1
30100281,3,headache,6,98,122,83,15,95,37.5
30100282,5,knee pain,5,98,146,65,26,99,37.8
30100283,3,knee pain,5,84,143,68,20,100,37.4
30100284,4,headache,6,57,155,93,10,91,37.0
30100285,3,anxiety,7,74,101,108,24,93,36.2
30100286,3,fall,3,107,125,89,20,98,36.1
30100287,3,back pain,6,92,146,76,17,96,36.9
30100288,3,chest pain,5,94,49,94,16,99,36.3
30100289,5,headache,1,82,135,61,12,99,37.4
30100290,3,back pain,4,75,88,101,15,100,37.4
30100291,1,headache,10,78,141,71,15,100,36.5
30100292,3,back pain,5,87,132,89,20,93,36.4
30100293,2,laceration,10,95,140,105,20,92,36.2
30100294,2,headache,8,79,103,72,17,90,37.1
30100295,4,anxiety,1,77,143,100,16,96,37.2
30100296,3,back pain,2,83,149,70,20,94,36.5
30100297,1,fever,10,80,141,75,17,99,38.1
30100298,4,anxiety,6,99,108,95,16,99,37.0
30100299,3,fever,7,94,120,79,22,99,36.7
30100300,4,back pain,7,75,111,88,20,98,37.1
30100301,3,fall,4,64,130,77,23,94,37.8
30100302,4,abdominal pain,6,69,114,82,17,96,36.1
30100303,3,headache,5,92,141,85,20,90,37.3
30100304,4,knee pain,4,96,142,63,20,91,36.8
30100305,2,chest pain,9,93,102,75,18,100,37.6
30100306,4,abdominal pain,2,72,100,101,19,98,37.1
30100307,3,chest pain,1,74,149,62,26,95,36.1
30100308,2,anxiety,9,94,128,89,14,99,35.5
30100309,3,laceration,3,91,133,81,17,100,36.7
30100310,3,laceration,7,90,110,78,20,96,36.1
30100311,4,fall,4,63,139,63,16,100,36.0
30100312,3,back pain,2,99,157,78,14,99,37.5
30100313,4,fever,4,88,119,95,14,97,37.5
30100314,3,back pain,7,82,105,76,15,96,36.1
30100315,4,anxiety,0,112,134,87,16,96,37.2
30100316,3,shortness of breath,6,85,138,77,17,100,36.7
30100317,3,shortness of breath,4,94,107,49,20,95,36.7
30100318,4,headache,3,79,122,77,23,99,38.1
30100319,2,laceration,8,78,127,62,23,93,36.2
30100320,3,anxiety,3,82,124,57,19,99,35.0
30100321,3,anxiety,2,64,107,80,7,94,36.9
30100322,3,fever,7,85,116,77,17,99,38.3
30100323,4,shortness of breath,0,83,142,81,15,98,36.6
30100324,3,abdominal pain,7,86,109,91,21,100,37.3
30100325,3,fall,5,72,172,87,26,97,37.3
30100326,4,anxiety,3,98,120,60,14,99,37.8
30100327,3,chest pain,3,71,110,92,17,100,37.0
30100328,3,chest pain,3,79,101,99,17,97,37.2
30100329,3,fall,4,107,113,65,14,94,36.6
30100330,3,abdominal pain,0,119,120,39,16,98,36.6
30100331,3,chest pain,3,58,119,74,20,94,36.0
30100332,5,laceration,4,103,158,64,15,97,38.0
30100333,4,back pain,3,83,106,103,26,98,37.6
30100334,2,shortness of breath,10,97,131,50,15,99,37.3
30100335,3,fever,3,73,117,72,17,97,37.4
30100336,4,anxiety,4,107,107,108,17,98,37.6
30100337,4,shortness of breath,6,95,123,69,19,96,37.3
30100338,2,laceration,6,107,135,84,15,99,37.2
30100339,4,abdominal pain,0,78,114,87,20,94,37.0
30100340,4,laceration,7,66,90,49,18,96,37.7
30100341,3,fall,2,71,125,58,18,95,36.9
30100342,2,shortness of breath,9,105,119,112,16,98,37.1
30100343,4,knee pain,5,85,162,88,19,99,36.5
30100344,4,headache,4,69,129,76,16,99,35.9
30100345,3,fever,3,123,165,60,15,96,36.6
30100346,4,back pain,1,80,137,84,17,96,36.3
30100347,4,shortness of breath,7,66,88,95,15,100,38.2
30100348,3,headache,4,76,150,82,26,95,37.9
30100349,4,chest pain,5,87,121,64,18,95,37.0
30100350,2,back pain,8,73,119,85,19,96,37.7
30100351,4,abdominal pain,3,83,171,83,23,96,37.2
30100352,3,laceration,1,67,135,63,14,96,37.8
30100353,3,fall,6,96,121,50,19,100,38.0
30100354,3,fall,6,106,119,80,20,98,37.4
30100355,4,back pain,1,95,99,81,17,92,36.8
30100356,3,headache,2,90,150,99,17,100,37.0
30100357,2,abdominal pain,6,82,91,80,14,96,36.7
30100358,3,shortness of breath,2,76,86,110,21,100,37.6
30100359,1,shortness of breath,7,69,133,96,22,94,37.0
30100360,1,fall,10,83,141,103,19,97,36.5
30100361,3,knee pain,7,79,150,92,20,95,36.6
30100362,3,fever,4,94,120,67,22,98,38.0
30100363,2,fever,6,65,115,96,22,99,36.0
30100364,3,knee pain,2,64,121,75,14,94,35.4
30100365,3,fever,7,72,111,112,13,96,36.9
30100366,2,fever,8,74,138,108,14,92,36.8
30100367,3,knee pain,3,88,153,97,25,96,37.1
30100368,4,laceration,6,82,110,78,17,98,37.0
30100369,3,headache,5,86,124,84,11,97,37.1
30100370,3,laceration,7,100,152,71,19,96,37.0
30100371,2,knee pain,9,67,134,60,15,95,36.9
30100372,1,laceration,8,85,136,87,15,95,37.1
30100373,4,laceration,6,111,115,81,17,96,34.6
30100374,5,knee pain,6,71,113,82,18,95,38.4
30100375,4,laceration,2,87,124,45,19,99,36.9
30100376,5,chest pain,2,91,129,84,22,96,36.0
30100377,3,fever,5,73,97,88,22,97,36.8
30100378,3,anxiety,0,77,111,69,7,100,36.0
30100379,3,fall,6,96,119,93,14,92,38.1
30100380,2,chest pain,8,77,121,97,23,98,37.4
30100381,3,anxiety,6,83,145,84,26,98,36.1
30100382,4,fall,0,103,145,89,17,91,37.7
30100383,2,headache,10,80,139,59,17,100,37.0
30100384,4,headache,1,90,115,82,14,93,37.7
30100385,5,headache,6,104,95,71,20,99,37.5
30100386,2,chest pain,8,76,135,78,24,98,36.9
30100387,3,fever,5,99,116,82,22,100,37.2
30100388,4,laceration,2,106,156,76,15,100,37.3
30100389,3,knee pain,1,114,102,78,15,97,36.8
30100390,4,headache,2,85,150,85,16,97,37.4
30100391,2,knee pain,9,81,116,56,16,96,37.3
30100392,2,anxiety,9,106,133,59,16,97,36.5
30100393,2,fever,6,84,89,88,32,100,35.9
30100394,3,headache,5,74,109,73,16,94,36.7
30100395,4,abdominal pain,0,76,146,83,17,100,36.7
30100396,3,laceration,1,82,132,86,15,95,37.2
30100397,3,knee pain,6,88,110,70,17,97,37.6
30100398,4,headache,3,91,119,75,19,100,36.1
30100399,3,shortness of breath,3,60,146,95,6,99,36.6
30100400,4,shortness of breath,4,93,164,102,21,92,37.4
30100401,2,laceration,9,90,133,100,15,100,37.9
30100402,4,knee pain,4,72,141,76,15,99,37.5
30100403,3,abdominal pain,5,80,121,88,27,100,38.1
30100404,3,laceration,3,82,109,61,20,99,36.8
30100405,3,fall,6,92,90,72,12,98,36.6
30100406,4,shortness of breath,7,83,130,69,19,97,38.3
30100407,3,abdominal pain,0,80,95,85,23,90,36.2
30100408,2,shortness of breath,9,86,99,95,19,95,39.0
30100409,2,fever,9,67,126,89,19,93,36.9
30100410,3,fall,2,78,101,87,13,99,37.0
30100411,3,laceration,6,76,112,46,13,98,37.0
30100412,3,laceration,7,95,146,91,13,90,36.8
30100413,3,shortness of breath,1,87,130,74,21,98,37.5
30100414,4,headache,2,99,150,83,23,99,38.2
30100415,3,anxiety,5,87,114,63,16,92,35.6
30100416,3,shortness of breath,0,63,159,70,16,98,37.8
30100417,4,abdominal pain,5,95,116,72,21,92,37.1
30100418,3,chest pain,4,83,108,77,14,100,37.1
30100419,3,back pain,2,104,103,79,20,98,36.8
30100420,3,headache,0,90,87,88,20,92,36.9
30100421,3,knee pain,4,96,122,76,18,95,35.8
30100422,3,headache,4,109,142,75,14,98,36.1
30100423,5,chest pain,5,63,169,83,13,100,36.7
30100424,4,shortness of breath,5,77,105,100,11,99,37.0
30100425,3,headache,1,78,103,76,15,93,36.7
30100426,2,knee pain,9,94,110,85,20,99,35.8
30100427,4,fever,7,85,118,72,24,97,35.5
30100428,3,laceration,0,80,109,81,18,100,36.6
30100429,2,shortness of breath,10,71,141,75,14,94,37.5
30100430,3,laceration,2,103,114,106,20,100,36.6
30100431,2,headache,6,92,103,78,17,98,38.6
30100432,4,laceration,4,77,156,82,16,99,35.7
30100433,3,headache,1,78,136,87,12,99,35.9
30100434,3,chest pain,0,80,155,79,13,100,36.5
30100435,4,fever,0,86,134,75,22,99,37.0
30100436,3,headache,3,78,121,106,13,98,35.9
30100437,1,headache,10,43,148,69,16,100,37.5
30100438,3,fall,6,88,115,81,16,94,36.6
30100439,4,headache,7,90,111,94,20,100,37.3
30100440,3,headache,2,62,93,92,19,100,37.4
30100441,3,fall,1,95,132,88,14,100,37.5
30100442,3,anxiety,6,63,162,82,21,91,37.6
30100443,3,laceration,3,102,95,103,13,100,37.8
30100444,3,knee pain,6,95,158,72,23,96,36.8
30100445,3,back pain,5,110,147,83,15,96,36.6
30100446,3,fever,6,58,104,81,18,98,36.0
30100447,3,chest pain,6,77,99,117,13,91,37.1
30100448,4,chest pain,2,82,155,95,13,91,38.4
30100449,4,laceration,4,91,133,93,18,98,37.1
30100450,3,headache,7,80,136,80,22,97,36.7
30100451,3,headache,7,97,142,77,26,93,36.9
30100452,3,abdominal pain,3,98,162,88,16,100,36.8
30100453,3,headache,3,96,120,87,13,98,38.3
30100454,4,fever,3,50,93,69,17,96,37.1
30100455,3,shortness of breath,0,71,146,78,21,100,38.0
30100456,4,chest pain,6,89,135,120,16,95,36.8
30100457,3,fever,6,90,153,60,15,95,36.7
30100458,2,abdominal pain,9,86,126,87,18,96,37.5
30100459,3,laceration,2,110,125,85,17,95,37.7
30100460,3,fever,3,89,133,95,19,99,37.1
30100461,3,shortness of breath,2,74,148,75,14,99,36.1
30100462,4,laceration,6,62,99,73,20,96,37.3
30100463,5,fever,2,88,113,48,19,98,36.7
30100464,4,abdominal pain,6,37,187,60,14,100,37.9
30100465,3,laceration,5,71,105,84,30,90,37.1
30100466,5,shortness of breath,1,71,114,82,23,98,36.8
30100467,3,chest pain,1,74,135,84,18,100,36.7
30100468,4,knee pain,5,87,122,92,25,97,37.2
30100469,5,laceration,3,79,114,64,18,93,35.7
30100470,2,knee pain,9,90,135,95,25,94,35.9
30100471,3,headache,1,105,136,91,22,100,37.3
30100472,3,chest pain,3,104,133,57,26,96,37.2
30100473,4,shortness of breath,2,67,124,85,18,98,37.3
30100474,2,headache,8,79,131,73,24,98,38.4
30100475,5,fall,1,108,109,67,28,94,37.5
30100476,3,fever,3,55,151,58,20,99,37.1
30100477,3,chest pain,1,99,134,88,13,100,36.1
30100478,3,abdominal pain,2,73,128,88,19,98,35.7
30100479,4,anxiety,5,92,145,48,17,97,35.7
30100480,5,headache,2,54,90,59,19,99,38.1
30100481,5,headache,1,90,134,55,18,100,35.7
30100482,3,chest pain,2,80,162,63,21,100,36.8
30100483,4,laceration,0,65,146,82,16,96,36.8
30100484,3,fall,7,87,108,90,18,100,36.6
30100485,3,shortness of breath,6,76,117,98,24,100,37.3
30100486,4,fever,0,94,143,112,21,96,37.1
30100487,3,anxiety,0,89,109,114,18,96,37.5
30100488,3,knee pain,3,89,115,89,12,96,37.6
30100489,3,knee pain,2,81,145,74,24,93,36.6
30100490,3,abdominal pain,0,92,133,66,18,91,37.2
30100491,1,laceration,10,101,124,91,14,97,35.4
30100492,1,knee pain,6,80,124,90,21,100,37.4
30100493,1,knee pain,7,96,125,75,14,98,37.7
30100494,1,fall,10,105,125,71,18,96,37.3
30100495,3,headache,4,110,135,118,13,100,36.9
30100496,1,anxiety,7,79,140,79,17,91,37.7
30100497,4,shortness of breath,6,93,127,91,16,94,38.0
30100498,3,back pain,7,91,109,97,15,100,36.5
30100499,3,laceration,3,92,137,72,15,94,37.4
30100500,4,headache,6,76,124,83,17,96,37.2
30100501,3,anxiety,4,84,115,72,12,99,36.0
30100502,3,chest pain,7,85,92,96,16,100,37.2
30100503,3,headache,5,80,142,87,14,99,38.1
30100504,3,shortness of breath,7,83,110,83,18,100,36.6
30100505,3,headache,5,103,105,59,17,100,38.1
30100506,3,chest pain,3,63,131,61,21,97,37.9
30100507,3,headache,2,73,129,90,20,100,37.4
30100508,3,anxiety,3,64,163,95,23,100,36.4
30100509,2,anxiety,6,91,99,79,18,97,37.0
30100510,3,fever,2,50,114,76,16,94,37.4
30100511,3,anxiety,1,59,129,77,17,96,37.5
30100512,3,laceration,1,79,94,66,15,100,38.2
30100513,3,fall,0,77,96,66,14,95,37.0
30100514,3,fever,0,88,135,95,24,99,36.5
30100515,4,shortness of breath,7,100,102,71,17,91,37.0
30100516,5,fever,6,87,101,93,20,100,37.1
30100517,3,laceration,3,64,124,65,16,100,36.1
30100518,3,back pain,4,71,125,86,7,100,38.1
30100519,2,anxiety,6,81,119,97,15,97,37.7
30100520,2,chest pain,9,80,135,56,20,97,36.8
30100521,3,chest pain,4,85,115,64,17,95,36.3
30100522,3,laceration,0,94,115,80,18,95,37.0
30100523,3,fall,6,92,142,83,20,100,36.0
30100524,5,fever,5,60,120,91,19,97,36.9
30100525,3,shortness of breath,7,86,139,84,20,99,37.8
30100526,2,fall,7,95,140,83,13,91,38.0
30100527,3,knee pain,0,84,153,74,15,99,35.4
30100528,2,chest pain,7,102,138,91,10,97,37.1
30100529,3,laceration,2,68,129,81,25,100,35.7
30100530,3,back pain,6,72,176,57,23,99,36.6
30100531,5,chest pain,1,59,121,70,29,96,36.5
30100532,2,shortness of breath,6,77,144,71,16,100,38.0
30100533,4,fever,7,96,122,85,14,97,37.2
30100534,3,fever,6,74,151,56,21,95,38.4
30100535,3,chest pain,7,54,138,61,20,98,36.8
30100536,3,knee pain,2,96,115,113,19,100,36.7
30100537,2,anxiety,9,74,72,101,15,99,37.7
30100538,4,fever,0,78,106,64,12,93,36.1
30100539,2,knee pain,6,95,91,94,11,93,37.6
30100540,3,headache,6,123,140,90,11,98,37.3
30100541,3,fever,4,94,144,64,25,95,37.8
30100542,3,abdominal pain,4,99,147,72,12,94,35.6
30100543,4,shortness of breath,2,51,108,80,20,97,37.6
30100544,3,fever,5,102,98,89,23,98,38.4
30100545,3,abdominal pain,3,77,105,86,21,96,37.2
30100546,3,laceration,2,119,153,125,16,96,36.2
30100547,4,back pain,0,91,137,86,20,94,36.0
30100548,3,fever,7,91,85,93,14,99,36.7
30100549,3,anxiety,7,83,123,96,23,98,36.3
30100550,3,knee pain,5,68,153,87,11,100,36.4
30100551,3,anxiety,2,100,139,121,17,94,37.0
30100552,2,headache,9,128,138,66,22,97,38.9
30100553,2,back pain,9,73,143,78,21,99,37.8
30100554,2,knee pain,9,82,141,108,24,93,36.9
30100555,4,chest pain,4,81,157,105,22,100,38.3
30100556,4,fall,5,105,102,89,14,96,38.3
30100557,4,anxiety,4,61,113,92,17,96,36.5
30100558,4,knee pain,3,85,139,85,22,100,36.6
30100559,3,anxiety,0,71,104,103,12,98,36.6
30100560,3,fall,2,89,106,69,21,100,35.2
30100561,4,anxiety,5,96,152,91,17,100,36.5
30100562,5,back pain,4,91,90,103,19,99,36.5
30100563,4,anxiety,5,59,153,90,15,100,35.6
30100564,3,abdominal pain,3,90,92,79,11,91,37.3
30100565,3,abdominal pain,0,96,115,56,20,98,38.4
30100566,3,shortness of breath,2,109,137,66,22,97,37.1
30100567,3,shortness of breath,3,103,127,80,28,98,36.3
30100568,3,knee pain,1,66,102,81,15,100,38.1
30100569,2,chest pain,6,103,119,86,23,100,37.2
30100570,1,headache,8,96,87,75,21,96,36.8
30100571,2,abdominal pain,9,72,104,113,16,100,37.4
30100572,4,abdominal pain,7,91,100,84,22,96,36.7
30100573,2,anxiety,7,86,129,89,20,100,37.4
30100574,3,headache,5,84,120,70,18,100,36.9
30100575,3,fever,0,85,121,73,21,94,37.5
30100576,4,headache,4,103,145,95,23,93,36.6
30100577,1,headache,9,70,125,85,18,94,37.5
30100578,3,abdominal pain,7,83,115,55,20,99,36.6
30100579,2,knee pain,6,73,145,92,15,99,36.5
30100580,4,chest pain,2,106,130,75,19,100,37.6
30100581,3,headache,6,73,118,67,24,96,35.6
30100582,4,chest pain,6,94,119,67,18,99,37.6
30100583,3,anxiety,0,77,154,87,21,98,37.8
30100584,1,headache,8,79,113,79,23,100,36.9
30100585,4,knee pain,1,107,100,60,29,95,38.2
30100586,3,knee pain,4,86,119,93,23,93,37.7
30100587,4,headache,2,121,104,83,23,94,37.6
30100588,3,abdominal pain,4,60,113,57,20,93,38.2
30100589,3,headache,7,82,69,81,20,98,36.7
30100590,3,abdominal pain,6,82,88,78,20,100,37.2
30100591,3,shortness of breath,7,71,118,82,18,98,37.2
30100592,3,back pain,6,54,116,72,14,100,37.8
30100593,2,back pain,10,82,107,61,13,95,38.2
30100594,4,chest pain,4,107,149,106,20,98,36.8
30100595,3,anxiety,0,82,154,93,18,92,37.9
30100596,3,laceration,7,116,113,100,22,98,36.4
30100597,4,shortness of breath,7,84,141,61,17,100,36.5
30100598,3,anxiety,7,75,122,99,23,94,36.6
30100599,3,back pain,1,86,123,82,24,92,37.1
30100600,2,knee pain,8,73,104,106,25,100,36.8
30100601,1,laceration,10,91,115,69,20,97,36.1
30100602,3,headache,4,99,107,70,11,95,37.1
30100603,2,fever,6,89,124,79,17,100,37.7
30100604,2,fever,6,90,131,72,13,100,37.4
30100605,3,laceration,1,59,123,82,9,96,35.1
30100606,3,abdominal pain,4,62,106,94,16,97,37.5
30100607,3,fever,6,55,114,94,24,97,36.6
30100608,4,laceration,1,83,129,88,14,97,36.7
30100609,3,headache,2,96,139,107,29,99,35.9
30100610,1,back pain,10,91,148,94,19,100,38.8
30100611,1,headache,9,53,142,82,17,94,37.3
30100612,2,anxiety,8,98,130,114,16,98,36.4
30100613,1,fever,7,91,129,79,25,97,37.6
30100614,2,knee pain,7,102,121,61,18,94,37.7
30100615,3,shortness of breath,3,98,130,88,16,96,37.7
30100616,3,back pain,5,117,124,100,15,96,37.9
30100617,4,abdominal pain,0,98,132,100,16,100,36.8
30100618,3,headache,2,103,112,89,23,99,37.1
30100619,2,knee pain,10,99,127,78,14,95,34.9
30100620,2,fall,10,88,122,75,22,99,37.6
30100621,4,knee pain,7,109,144,96,25,96,37.1
30100622,3,fever,7,68,137,93,20,100,36.2
30100623,3,anxiety,0,46,125,121,14,98,36.1
30100624,2,fall,6,90,129,52,21,98,36.9
30100625,3,chest pain,3,105,111,79,15,98,37.2
30100626,2,back pain,6,70,111,68,21,100,37.1
30100627,3,chest pain,5,88,145,105,17,99,37.1
30100628,2,fever,8,96,129,91,27,96,37.1
30100629,4,back pain,6,94,109,52,14,97,36.5
30100630,3,shortness of breath,4,79,98,47,21,100,36.0
30100631,3,anxiety,7,107,131,97,21,100,37.7
30100632,3,knee pain,3,101,140,47,19,92,36.2
30100633,3,knee pain,5,89,105,46,26,100,37.0
30100634,2,shortness of breath,8,69,113,59,15,95,37.2
30100635,3,headache,0,78,122,69,15,100,38.1
30100636,2,chest pain,10,79,102,87,17,100,35.9
30100637,4,back pain,4,118,115,82,21,100,36.8
30100638,3,back pain,0,97,156,105,19,100,38.0
30100639,3,knee pain,4,89,132,87,20,99,37.1
30100640,3,anxiety,6,72,111,87,9,100,37.8
30100641,3,shortness of breath,1,96,77,98,21,94,36.0
30100642,3,laceration,7,89,156,100,14,95,37.8
30100643,4,headache,3,71,135,109,18,100,36.0
30100644,3,shortness of breath,0,54,155,67,20,100,37.1
30100645,4,shortness of breath,5,110,120,84,19,99,36.6
30100646,2,chest pain,9,89,118,82,20,98,37.1
30100647,3,fall,7,67,111,55,16,95,37.8
30100648,5,anxiety,0,42,144,73,14,96,36.4
30100649,3,knee pain,2,81,148,70,19,97,37.4
30100650,4,shortness of breath,1,81,143,85,20,100,36.9
30100651,1,fever,8,102,90,79,20,99,37.8
30100652,2,laceration,6,64,108,76,20,100,37.9
30100653,3,abdominal pain,5,85,113,79,11,99,37.8
30100654,1,headache,9,85,145,79,18,98,35.9
30100655,3,abdominal pain,3,81,132,69,23,99,35.7
30100656,4,headache,5,91,153,58,17,95,38.6
30100657,1,fall,10,67,117,96,16,98,36.9
30100658,5,chest pain,0,81,138,68,17,99,37.8
30100659,3,fever,2,83,135,69,18,100,36.4
30100660,4,shortness of breath,2,85,128,67,14,100,37.4
30100661,3,shortness of breath,0,102,147,62,6,98,37.1
30100662,3,knee pain,0,78,131,62,22,96,36.7
30100663,3,knee pain,6,93,135,62,15,98,36.3
30100664,5,headache,3,78,134,74,22,100,36.1
30100665,4,anxiety,3,77,107,81,12,97,36.5
30100666,3,chest pain,6,88,145,90,16,98,37.6
30100667,3,fall,2,56,149,64,20,98,39.7
30100668,2,abdominal pain,9,72,116,95,16,95,37.0
30100669,3,laceration,3,102,101,89,17,97,36.9
30100670,3,anxiety,1,83,109,92,23,100,37.2
30100671,3,laceration,1,74,102,74,18,97,37.4
30100672,3,anxiety,7,85,147,84,17,94,35.4
30100673,4,back pain,7,107,134,70,21,100,38.3
30100674,3,fall,7,87,135,63,12,92,36.9
30100675,3,knee pain,5,94,118,89,24,100,36.8
30100676,4,shortness of breath,7,81,128,61,22,97,37.1
30100677,2,knee pain,7,120,128,81,15,92,35.6
30100678,3,anxiety,7,57,113,82,20,96,37.9
30100679,2,chest pain,8,63,109,85,19,95,38.8
30100680,3,fall,7,103,129,66,18,91,38.5
30100681,2,back pain,9,54,130,87,21,97,37.3
30100682,2,anxiety,9,78,114,69,17,96,37.4
30100683,2,knee pain,6,79,94,81,21,93,36.7
30100684,3,fall,5,91,126,81,17,95,36.7
30100685,4,knee pain,3,75,109,99,18,100,38.2
30100686,3,fever,4,80,105,79,24,94,36.6
30100687,3,anxiety,4,87,158,102,17,94,36.3
30100688,4,shortness of breath,4,104,86,83,10,99,37.4
30100689,4,anxiety,1,100,106,75,24,97,37.7
30100690,2,anxiety,9,60,123,55,34,100,36.4
30100691,4,headache,2,81,120,100,20,97,36.1
30100692,4,laceration,2,94,143,69,17,94,36.7
30100693,2,chest pain,9,84,115,60,20,100,36.1
30100694,3,laceration,1,72,132,101,19,91,36.9
30100695,2,fever,9,97,111,84,20,97,38.5
30100696,2,chest pain,6,69,141,102,24,95,37.1
30100697,1,abdominal pain,8,115,103,81,23,94,37.9
30100698,2,shortness of breath,8,95,134,79,20,92,36.4
30100699,3,knee pain,5,83,161,119,22,97,37.9
30100700,4,abdominal pain,4,92,133,74,19,94,36.0
30100701,5,laceration,2,96,123,68,22,99,36.9
30100702,3,fever,4,82,143,95,25,95,36.1
30100703,2,fall,9,70,112,77,23,98,37.3
30100704,2,knee pain,10,59,91,90,12,100,37.4
30100705,5,anxiety,2,69,97,85,13,97,37.1
30100706,5,chest pain,0,106,130,86,23,100,37.3
30100707,2,fever,7,85,105,98,16,100,37.9
30100708,3,headache,5,65,121,53,19,96,37.0
30100709,4,fever,6,85,84,57,20,95,36.7
30100710,3,anxiety,3,66,97,96,14,97,37.5
30100711,3,chest pain,1,94,101,71,20,94,36.1
30100712,3,laceration,2,65,136,89,23,95,37.6
30100713,4,back pain,7,68,100,38,16,100,38.2
30100714,3,chest pain,4,77,140,111,15,96,37.4
30100715,5,back pain,0,59,108,57,17,100,35.2
30100716,4,headache,6,89,105,76,20,100,37.3
30100717,3,chest pain,2,66,147,69,16,96,37.1
30100718,4,back pain,0,63,110,57,8,98,36.7
30100719,3,fever,2,67,121,105,11,98,36.8
30100720,3,anxiety,7,70,119,57,19,99,36.1
30100721,2,laceration,9,66,127,88,30,96,36.4
30100722,3,abdominal pain,7,80,141,84,19,97,36.7
30100723,1,chest pain,9,71,152,87,11,97,36.8
30100724,2,back pain,10,88,127,69,12,100,37.8
30100725,3,fall,3,96,138,65,16,97,35.4
30100726,3,fever,3,72,128,99,18,100,38.1
30100727,3,back pain,0,87,133,69,8,96,38.1
30100728,3,knee pain,2,90,133,83,26,97,36.4
30100729,4,fall,4,100,153,90,23,100,38.4
30100730,3,knee pain,7,97,128,86,20,94,38.5
30100731,3,back pain,5,85,123,83,8,94,37.2
30100732,3,fever,1,89,149,58,14,96,35.7
30100733,3,laceration,4,90,122,82,17,100,36.6
30100734,2,fall,6,117,120,84,17,93,37.3
30100735,5,headache,3,88,159,65,17,97,36.0
30100736,2,anxiety,10,56,133,87,14,100,36.9
30100737,2,chest pain,7,73,116,64,15,92,36.3
30100738,3,knee pain,2,98,120,67,20,99,35.1
30100739,4,fall,3,125,141,68,18,96,37.6
30100740,2,abdominal pain,10,90,106,86,15,100,37.3
30100741,3,chest pain,6,96,132,72,13,100,37.7
30100742,3,chest pain,0,84,88,67,23,91,36.5
30100743,3,fall,1,93,105,87,17,97,37.1
30100744,3,chest pain,7,67,124,64,19,94,38.0
30100745,3,chest pain,0,77,170,69,11,97,35.3
30100746,3,headache,6,79,140,58,19,99,35.1
30100747,3,chest pain,2,83,170,82,14,96,37.2
30100748,2,anxiety,7,64,132,96,21,97,37.2
30100749,4,fever,7,74,160,65,19,96,36.3
30100750,3,laceration,5,86,112,111,17,100,37.5
30100751,4,chest pain,0,82,139,84,17,95,38.0
30100752,3,back pain,5,78,153,89,24,98,37.7
30100753,2,headache,9,62,138,68,24,97,36.2
30100754,2,fall,7,88,80,74,17,92,36.9
30100755,3,shortness of breath,0,103,144,81,21,96,37.1
30100756,2,chest pain,6,75,160,73,18,100,37.5
30100757,2,headache,10,86,105,84,23,100,36.4
30100758,4,fever,3,84,119,93,14,97,37.8
30100759,3,abdominal pain,4,92,93,76,11,97,37.7
30100760,4,knee pain,5,96,145,62,20,99,37.4
30100761,3,abdominal pain,4,104,109,94,15,95,37.1
30100762,5,abdominal pain,7,84,135,92,21,98,38.0
30100763,2,fall,8,104,117,89,14,96,35.8
30100764,1,headache,8,66,100,72,19,95,35.6
30100765,4,knee pain,2,78,106,65,23,97,36.3
30100766,2,abdominal pain,7,65,134,101,23,98,35.7
30100767,3,chest pain,2,97,139,98,16,95,37.4
30100768,3,fever,1,82,116,64,22,100,38.0
30100769,1,fall,7,50,83,91,14,100,36.3
30100770,4,fall,6,68,122,73,12,100,37.4
30100771,2,anxiety,7,89,128,87,25,98,36.2
30100772,4,shortness of breath,5,92,127,82,23,92,35.5
30100773,3,back pain,6,98,117,87,21,95,36.9
30100774,4,chest pain,2,86,128,81,15,93,35.6
30100775,3,anxiety,0,84,119,92,14,100,38.3
30100776,3,anxiety,6,99,94,78,16,99,36.6
30100777,5,back pain,2,96,117,102,19,96,38.2
30100778,1,anxiety,9,77,140,79,18,100,37.1
30100779,5,laceration,6,57,106,96,11,96,37.8
30100780,1,fever,8,67,94,92,24,100,37.7
30100781,5,shortness of breath,7,88,160,71,16,93,35.6
30100782,5,knee pain,4,99,124,77,15,100,36.8
30100783,4,fever,3,92,125,66,17,97,37.1
30100784,5,back pain,4,95,107,86,23,100,36.9
30100785,3,fever,2,67,103,87,22,94,36.6
30100786,4,fever,5,93,127,75,17,96,38.0
30100787,3,fall,7,76,99,74,19,99,38.0
30100788,4,fall,3,100,96,76,11,98,37.8
30100789,4,abdominal pain,2,77,131,95,17,90,37.2
30100790,3,fever,1,93,120,76,24,96,36.7
30100791,3,knee pain,7,89,126,88,18,98,37.3
30100792,3,anxiety,7,47,110,73,16,97,38.5
30100793,3,chest pain,3,78,129,79,18,97,35.8
30100794,2,abdominal pain,9,48,149,69,17,99,37.4
30100795,5,abdominal pain,6,83,161,95,24,96,37.7
30100796,3,abdominal pain,0,112,127,71,18,98,37.1
30100797,3,laceration,1,69,119,64,21,93,37.6
30100798,3,shortness of breath,1,94,128,94,20,99,37.7
30100799,4,back pain,0,74,100,85,15,100,37.7
30100800,3,headache,7,75,163,51,20,97,38.5
30100801,1,anxiety,10,79,121,72,20,91,36.6
30100802,3,anxiety,2,63,136,110,20,95,36.5
30100803,5,shortness of breath,5,102,113,73,18,99,36.8
30100804,3,back pain,2,81,139,73,18,97,37.4
30100805,1,laceration,9,72,123,70,21,97,37.7
30100806,3,headache,1,84,84,92,19,97,38.2
30100807,3,anxiety,3,96,140,92,18,95,37.1
30100808,3,abdominal pain,1,87,121,94,18,100,37.2
30100809,3,abdominal pain,7,85,114,75,15,97,37.4
30100810,3,abdominal pain,2,83,130,74,17,97,36.6
30100811,3,shortness of breath,0,99,127,97,24,96,34.8
30100812,4,abdominal pain,5,86,99,54,14,98,37.7
30100813,2,fever,10,87,112,68,7,98,36.6
30100814,3,fever,4,85,125,78,14,94,36.7
30100815,4,knee pain,6,74,118,73,19,96,35.9
30100816,2,shortness of breath,6,92,95,80,23,95,37.0
30100817,1,back pain,9,96,111,79,19,100,37.4
30100818,4,chest pain,7,73,141,61,20,98,35.6
30100819,4,anxiety,5,60,93,90,20,100,36.4
30100820,4,shortness of breath,3,83,107,82,9,94,35.1
30100821,4,knee pain,2,83,121,87,13,99,37.0
30100822,3,back pain,7,87,131,85,18,99,36.6
30100823,5,knee pain,7,98,72,69,14,93,39.0
30100824,3,fall,3,109,137,74,18,97,38.1
30100825,3,shortness of breath,3,88,111,68,22,100,36.7
30100826,3,back pain,4,82,134,89,18,100,37.1
30100827,2,back pain,6,106,100,92,14,99,35.5
30100828,2,fall,10,65,121,109,14,100,37.6
30100829,3,abdominal pain,2,86,98,113,19,92,35.9
30100830,3,fall,1,83,112,74,24,95,37.2
30100831,5,anxiety,4,90,104,80,9,100,37.3
30100832,5,headache,7,95,111,87,15,100,36.6
30100833,3,fever,7,73,110,101,20,100,36.0
30100834,2,fever,6,74,150,58,18,100,37.3
30100835,3,fever,3,95,140,90,17,94,37.3
30100836,5,chest pain,5,78,149,78,19,98,37.2
30100837,2,chest pain,10,81,122,86,13,100,36.3
30100838,4,laceration,2,66,111,70,11,100,36.4
30100839,3,anxiety,5,81,90,89,18,100,37.3
30100840,3,laceration,6,115,133,69,15,96,38.2
30100841,3,headache,6,87,113,88,15,99,36.6
30100842,3,chest pain,7,75,105,59,24,99,38.7
30100843,4,knee pain,2,87,112,124,15,97,37.2
30100844,3,fever,0,90,133,81,28,99,36.0
30100845,4,fall,2,80,143,66,18,92,37.9
30100846,3,headache,7,60,122,78,19,92,36.6
30100847,3,fall,1,98,150,66,21,95,37.9
30100848,3,abdominal pain,1,113,129,89,14,100,37.0
30100849,4,anxiety,7,96,104,66,23,100,35.3
30100850,4,headache,7,74,118,107,20,92,38.3
30100851,2,anxiety,10,90,126,68,11,94,38.2
30100852,3,shortness of breath,4,93,132,74,13,97,38.1
30100853,4,fall,4,89,167,87,19,95,37.4
30100854,1,chest pain,6,80,99,70,13,95,37.4
30100855,5,fall,4,112,146,63,13,100,37.2
30100856,3,chest pain,3,100,165,83,9,100,36.8
30100857,3,shortness of breath,0,82,121,70,22,100,37.4
30100858,5,back pain,2,81,115,85,22,96,36.3
30100859,3,abdominal pain,4,84,120,80,20,98,36.8
30100860,2,fever,6,85,126,80,16,97,38.6
30100861,3,knee pain,7,122,106,76,23,98,38.8
30100862,4,abdominal pain,3,85,138,77,20,98,36.3
30100863,3,laceration,6,117,117,104,24,97,36.3
30100864,1,fall,6,80,156,82,17,96,37.5
30100865,5,laceration,1,73,139,77,12,95,36.6
30100866,2,laceration,9,85,132,88,26,92,37.2
30100867,3,fall,5,67,132,64,11,100,38.0
30100868,2,knee pain,8,74,110,68,20,97,38.7
30100869,2,anxiety,9,64,122,74,20,94,36.5
30100870,3,fall,7,95,169,71,20,100,36.4
30100871,2,laceration,6,95,138,56,20,96,39.0
30100872,3,back pain,2,89,88,71,14,96,36.2
30100873,4,anxiety,4,99,109,90,27,97,37.1
30100874,3,shortness of breath,7,65,73,65,21,98,38.6
30100875,2,laceration,9,101,128,61,18,99,37.0
30100876,3,chest pain,6,73,140,80,22,100,38.6
30100877,4,back pain,6,79,94,56,23,96,36.9
30100878,3,fever,3,94,80,94,17,95,36.3
30100879,3,abdominal pain,2,102,154,111,22,97,36.8
30100880,3,chest pain,3,106,132,96,16,99,39.2
30100881,2,shortness of breath,7,74,140,59,17,99,37.0
30100882,1,back pain,6,89,130,72,21,100,36.5
30100883,1,abdominal pain,6,75,128,103,25,95,37.8
30100884,3,fever,7,53,143,86,21,100,36.0
30100885,3,back pain,5,94,97,68,17,98,38.1
30100886,3,laceration,5,87,107,82,21,97,36.8
30100887,3,fall,0,74,116,98,15,98,38.3
30100888,2,fall,10,96,92,87,15,97,36.5
30100889,3,anxiety,3,85,77,62,9,98,36.8
30100890,2,fever,7,88,107,94,22,96,37.0
30100891,1,knee pain,7,82,76,88,11,100,36.4
30100892,3,fever,1,97,137,77,29,95,36.8
30100893,4,back pain,3,84,146,82,14,96,36.3
30100894,2,headache,6,68,111,56,17,93,37.4
30100895,5,shortness of breath,3,73,135,74,20,97,36.3
30100896,4,fever,7,72,123,115,17,97,37.5
30100897,4,fall,0,82,123,63,21,96,35.9
30100898,5,headache,1,70,133,82,13,98,37.6
30100899,4,laceration,2,117,85,66,16,96,36.5
30100900,4,headache,1,92,136,55,15,100,36.4
30100901,3,laceration,0,92,169,79,14,99,36.8
30100902,3,headache,5,82,131,99,17,98,38.3
30100903,2,anxiety,7,58,116,73,23,98,36.7
30100904,3,headache,0,88,102,62,12,98,37.8
30100905,3,knee pain,6,92,120,83,22,98,37.7
30100906,3,chest pain,1,80,120,69,16,95,37.5
30100907,4,fall,4,114,159,68,24,95,37.6
30100908,3,fall,5,100,166,82,19,99,36.3
30100909,3,back pain,6,73,165,96,19,99,37.8
30100910,3,laceration,3,89,133,93,22,92,36.6
30100911,3,shortness of breath,1,93,134,80,4,97,38.1
30100912,2,fall,6,103,105,95,20,96,37.5
30100913,4,fever,7,95,101,63,27,98,35.4
30100914,3,headache,5,104,120,84,9,98,36.8
30100915,3,abdominal pain,7,88,125,94,24,95,36.2
30100916,3,chest pain,4,78,135,91,18,98,37.1
30100917,4,fever,0,84,122,73,17,95,36.2
30100918,3,fever,2,94,133,73,8,90,36.1
30100919,3,fall,3,96,158,73,23,90,37.4
30100920,3,laceration,7,83,115,84,26,96,36.6
30100921,4,back pain,2,78,158,87,29,89,37.0
30100922,4,chest pain,6,92,160,80,20,100,37.1
30100923,2,abdominal pain,7,87,128,91,13,93,35.1
30100924,4,back pain,2,76,77,94,10,99,36.6
30100925,3,chest pain,1,87,122,90,16,98,37.8
30100926,5,chest pain,3,63,130,93,17,96,36.2
30100927,4,abdominal pain,2,100,134,92,14,100,35.5
30100928,3,anxiety,7,75,124,86,16,99,37.0
30100929,5,abdominal pain,0,75,125,75,20,100,38.4
30100930,3,laceration,5,105,123,80,14,97,36.7
30100931,2,anxiety,8,111,93,67,18,97,38.3
30100932,2,back pain,8,105,128,83,18,95,35.7
30100933,3,knee pain,2,114,130,61,18,100,38.0
30100934,5,fall,2,84,137,68,20,96,36.3
30100935,3,fever,7,92,133,94,16,94,36.6
30100936,4,fever,1,85,122,88,10,99,35.9
30100937,3,back pain,6,87,122,69,19,98,37.2
30100938,3,anxiety,2,101,143,84,17,99,36.3
30100939,3,headache,4,102,125,66,22,99,37.0
30100940,2,chest pain,8,75,122,84,15,94,37.6
30100941,3,shortness of breath,2,48,153,77,22,100,36.1
30100942,2,abdominal pain,10,100,133,58,18,100,36.3
30100943,3,headache,2,94,122,75,20,100,36.8
30100944,2,anxiety,7,80,134,89,21,100,36.3
30100945,3,anxiety,0,83,141,56,13,96,37.3
30100946,3,headache,7,107,116,89,16,100,36.2
30100947,5,laceration,6,107,131,87,10,99,37.3
30100948,4,anxiety,3,87,128,71,21,100,38.9
30100949,4,knee pain,5,67,106,57,26,97,37.8
30100950,4,knee pain,3,110,109,88,21,97,37.9
30100951,3,fall,4,109,158,82,14,95,37.5
30100952,3,fall,1,97,138,67,18,96,36.4
30100953,3,fall,6,93,130,61,15,94,35.9
30100954,4,laceration,4,86,92,55,13,93,38.1
30100955,4,shortness of breath,7,71,123,91,22,95,37.2
30100956,3,fever,3,79,131,85,19,100,36.9
30100957,2,laceration,10,117,154,84,19,95,37.1
30100958,4,knee pain,2,66,133,74,20,96,36.8
30100959,3,fever,6,67,140,92,24,94,37.5
30100960,2,chest pain,6,90,111,63,23,97,34.5
30100961,3,abdominal pain,5,70,127,61,19,100,35.8
30100962,3,fever,0,65,142,92,18,100,36.7
30100963,3,fall,6,70,95,64,16,99,37.1
30100964,3,knee pain,3,72,145,91,12,96,37.4
30100965,4,fever,4,84,120,58,17,99,38.1
30100966,3,back pain,6,91,129,82,19,93,36.3
30100967,3,headache,6,101,104,81,14,99,36.6
30100968,2,laceration,10,72,124,95,12,96,37.8
30100969,3,fever,5,83,108,120,18,98,37.2
30100970,3,chest pain,2,107,143,80,19,93,36.8
30100971,2,abdominal pain,8,94,151,98,22,100,36.7
30100972,3,knee pain,3,86,116,81,21,98,37.2
30100973,2,fall,8,93,138,72,22,96,37.9
30100974,3,chest pain,3,95,130,65,17,97,36.7
30100975,1,anxiety,8,87,156,78,17,100,36.8
30100976,1,knee pain,10,89,119,95,18,97,35.1
30100977,3,headache,6,61,147,81,20,94,37.9
30100978,3,fall,1,78,90,74,23,95,36.3
30100979,4,back pain,4,78,129,79,16,94,38.1
30100980,3,headache,1,88,112,90,21,100,38.5
30100981,3,fall,0,79,153,116,17,97,37.7
30100982,4,chest pain,1,73,94,48,17,100,37.7
30100983,2,abdominal pain,7,75,95,95,21,95,37.5
30100984,3,laceration,5,90,148,88,12,100,36.4
30100985,3,laceration,3,82,101,64,21,98,37.3
30100986,4,chest pain,0,104,169,73,21,98,35.5
30100987,5,fall,3,86,137,48,14,95,36.5
30100988,4,laceration,1,71,123,74,15,99,36.9
30100989,3,fever,0,90,107,77,23,97,37.2
30100990,1,shortness of breath,10,84,130,66,16,97,36.8
30100991,2,shortness of breath,8,90,149,80,25,99,37.1
30100992,3,back pain,7,95,142,85,22,94,36.8
30100993,3,laceration,1,83,124,101,15,92,37.1
30100994,2,anxiety,6,103,112,82,17,95,37.2
30100995,3,fever,1,86,177,61,23,100,36.7
30100996,3,back pain,1,88,149,49,17,98,36.8
30100997,2,chest pain,9,105,103,63,13,93,37.7
30100998,3,abdominal pain,4,106,126,113,17,100,36.9
30100999,3,fall,6,99,138,73,24,94,37.0
30101000,3,shortness of breath,4,90,138,77,19,99,37.8
30101001,4,abdominal pain,4,74,142,62,15,92,37.5
30101002,3,laceration,2,106,150,78,24,94,37.7
30101003,1,laceration,9,97,106,65,9,93,36.5
30101004,2,back pain,9,112,139,57,17,92,36.5
30101005,1,fever,6,94,105,74,18,99,36.4
30101006,3,back pain,2,76,145,99,21,100,37.7
30101007,3,knee pain,6,71,107,87,24,86,36.3
30101008,5,abdominal pain,6,95,104,111,18,96,36.8
30101009,3,fever,5,98,138,80,21,97,37.8
30101010,3,abdominal pain,2,100,113,102,10,100,37.3
30101011,3,knee pain,7,118,111,61,21,95,37.5
30101012,5,laceration,3,82,147,83,16,100,36.1
30101013,3,fall,6,103,98,29,12,94,36.7
30101014,3,fever,1,95,137,91,14,96,38.8
30101015,3,headache,4,63,86,91,13,99,37.9
30101016,2,headache,8,94,115,105,13,95,37.3
30101017,2,chest pain,8,108,79,73,18,100,35.4
30101018,4,back pain,7,88,95,38,16,94,36.4
30101019,2,anxiety,9,75,139,75,16,90,36.4
30101020,3,headache,2,84,97,67,19,93,36.9
30101021,2,fall,6,108,142,83,14,100,37.2
30101022,5,headache,2,81,121,77,18,95,36.1
30101023,3,laceration,1,79,114,48,18,100,36.1
30101024,2,fall,9,110,104,58,22,99,36.7
30101025,5,fever,5,83,127,97,13,93,36.6
30101026,3,anxiety,7,68,120,95,17,94,38.6
30101027,4,headache,0,76,100,92,13,100,37.0
30101028,5,anxiety,7,87,107,62,20,100,37.3
30101029,3,anxiety,2,82,105,77,19,100,35.6
30101030,4,anxiety,6,122,104,93,21,100,37.1
30101031,4,knee pain,5,90,136,102,16,98,36.9
30101032,3,fall,7,90,113,86,13,95,38.1
30101033,3,back pain,6,113,117,88,20,100,37.6
30101034,3,back pain,0,57,127,70,17,98,37.7
30101035,2,fall,8,82,127,63,15,95,36.5
30101036,3,back pain,4,81,90,104,22,98,36.4
30101037,3,fall,3,77,114,83,24,100,37.9
30101038,3,anxiety,1,99,124,80,15,95,36.5
30101039,3,shortness of breath,7,97,153,59,18,99,37.3
30101040,3,knee pain,7,75,138,90,17,95,36.1
30101041,2,back pain,9,81,118,64,26,96,36.6
30101042,4,fall,4,74,131,98,15,94,37.2
30101043,2,fever,10,73,142,81,18,98,36.0
30101044,3,laceration,0,76,93,85,16,97,36.8
30101045,4,shortness of breath,4,77,116,77,18,97,37.7
30101046,3,shortness of breath,5,70,151,77,19,96,37.2
30101047,2,headache,6,84,94,54,23,100,37.4
30101048,2,abdominal pain,6,73,111,85,19,95,36.2
30101049,2,chest pain,10,99,141,102,20,100,35.9
30101050,3,fall,4,99,130,84,15,96,37.2
30101051,3,anxiety,2,98,56,58,15,98,38.5
30101052,3,back pain,1,87,134,92,22,94,37.2
30101053,5,laceration,5,95,119,68,23,93,37.4
30101054,3,fall,0,61,132,64,18,95,36.9
30101055,5,knee pain,7,74,137,97,17,96,36.9
30101056,2,back pain,8,118,100,90,18,96,36.7
30101057,3,chest pain,1,91,117,78,19,95,37.1
30101058,3,fall,7,84,114,109,25,98,36.0
30101059,1,back pain,10,92,127,69,11,100,37.1
30101060,3,knee pain,2,77,110,99,17,95,37.9
30101061,4,anxiety,1,103,122,84,17,99,36.2
30101062,2,knee pain,8,97,98,104,17,94,38.1
30101063,4,headache,0,102,142,61,16,100,36.9
30101064,3,fever,2,59,103,90,18,100,37.3
30101065,3,headache,1,88,157,93,20,91,36.5
30101066,3,back pain,2,83,117,62,19,94,38.1
30101067,2,back pain,10,75,133,105,23,96,37.1
30101068,4,knee pain,3,80,151,51,18,100,36.8
30101069,1,headache,6,123,148,104,25,98,38.7
30101070,3,fall,0,62,139,77,17,96,38.0
30101071,3,back pain,5,71,121,84,16,97,38.5
30101072,2,chest pain,9,71,149,104,13,96,38.0
30101073,3,anxiety,3,105,166,71,16,97,37.1
30101074,3,fever,3,72,132,105,18,96,36.6
30101075,5,headache,7,77,95,81,13,94,37.8
30101076,3,fall,6,99,96,58,15,97,36.6
30101077,3,fever,4,48,141,95,20,99,37.4
30101078,2,laceration,6,72,118,89,19,95,38.0
30101079,3,abdominal pain,3,95,137,87,22,98,36.9
30101080,3,fever,3,96,112,96,18,97,37.7
30101081,2,abdominal pain,10,103,181,57,16,91,37.3
30101082,4,headache,3,89,127,85,19,98,38.0
30101083,3,headache,7,79,114,76,15,97,37.2
30101084,2,fall,8,80,134,67,24,98,38.0
30101085,3,fall,5,78,143,103,21,99,35.6
30101086,3,anxiety,7,57,104,68,21,97,37.4
30101087,4,knee pain,7,67,128,81,20,98,37.5
30101088,2,headache,9,101,116,57,19,95,38.7
30101089,4,headache,2,77,146,86,16,96,36.7
30101090,3,fever,4,71,123,73,28,100,37.7
30101091,2,fever,8,93,117,92,14,97,35.8
30101092,3,headache,5,88,120,104,18,100,37.0
30101093,3,fever,7,99,121,68,21,92,35.0
30101094,3,knee pain,0,86,121,94,17,98,36.3
30101095,2,anxiety,10,95,137,91,13,99,37.3
30101096,2,back pain,7,72,116,70,10,95,36.9
30101097,5,laceration,3,75,130,69,12,95,37.8
30101098,2,fall,7,83,159,72,20,94,36.8
30101099,3,laceration,4,72,98,59,19,96,37.2
30101100,2,anxiety,10,87,160,46,9,94,36.1
30101101,3,laceration,4,46,124,106,19,99,36.9
30101102,4,anxiety,7,89,103,70,15,95,36.8
30101103,2,headache,9,110,151,99,21,100,37.5
30101104,3,fall,6,90,148,87,23,97,34.9
30101105,2,chest pain,7,76,122,66,15,99,37.5
30101106,3,chest pain,0,85,111,72,25,95,37.8
30101107,4,fall,6,84,142,98,18,97,37.2
30101108,4,laceration,2,90,99,43,22,95,36.4
30101109,4,chest pain,4,77,105,83,18,96,36.2
30101110,3,fever,5,108,133,83,16,92,36.2
30101111,3,fever,1,67,133,97,17,97,36.9
30101112,3,headache,0,89,121,66,17,92,37.1
30101113,3,shortness of breath,2,120,112,59,22,93,34.9
30101114,4,shortness of breath,1,103,114,92,13,98,36.6
30101115,3,fall,0,84,149,64,16,100,37.9
30101116,4,shortness of breath,5,104,119,71,19,98,36.3
30101117,4,fall,1,94,110,88,20,95,38.1
30101118,3,abdominal pain,4,80,141,85,19,100,35.3
30101119,4,abdominal pain,3,109,131,83,16,97,37.0
30101120,3,shortness of breath,1,123,127,108,16,96,36.4
30101121,3,fever,3,86,140,79,16,91,36.8
30101122,2,back pain,6,80,161,76,21,100,37.1
30101123,3,back pain,5,79,133,105,24,97,38.2
30101124,3,shortness of breath,5,47,135,72,21,99,37.3
30101125,3,abdominal pain,5,87,166,82,18,97,36.2
30101126,4,anxiety,7,56,119,73,15,94,35.2
30101127,3,fall,2,83,125,64,16,97,37.0
30101128,3,back pain,3,70,132,66,18,98,36.1
30101129,3,abdominal pain,6,75,121,97,18,99,37.9
30101130,3,laceration,5,89,100,70,17,95,37.6
30101131,3,laceration,1,97,135,77,26,96,36.4
30101132,3,headache,4,107,105,106,22,96,36.4
30101133,3,chest pain,3,81,149,101,21,99,37.4
30101134,3,shortness of breath,3,95,106,77,20,98,36.1
30101135,3,abdominal pain,6,89,129,97,16,100,36.9
30101136,3,fall,3,99,130,55,20,94,36.1
30101137,1,anxiety,10,77,118,115,15,93,37.7
30101138,4,anxiety,4,95,154,90,14,96,38.2
30101139,5,laceration,0,84,131,53,20,100,38.4
30101140,3,fall,3,82,131,104,16,98,36.2
30101141,2,knee pain,7,44,128,59,26,100,36.2
30101142,3,anxiety,7,98,113,111,18,98,36.8
30101143,3,anxiety,5,105,115,70,25,96,37.1
30101144,3,back pain,2,71,106,76,17,100,37.2
30101145,2,laceration,7,82,189,75,22,95,36.5
30101146,1,headache,10,74,136,74,24,95,38.2
30101147,4,abdominal pain,6,91,130,99,15,96,37.5
30101148,5,knee pain,0,91,109,70,14,100,35.5
30101149,3,shortness of breath,7,99,112,77,20,97,35.1
30101150,3,knee pain,6,64,112,79,21,96,38.2
30101151,4,fever,6,87,123,97,17,97,38.0
30101152,3,abdominal pain,1,74,107,87,15,98,37.5
30101153,2,shortness of breath,10,118,132,102,24,100,36.8
30101154,3,anxiety,2,62,126,80,25,100,37.4
30101155,3,headache,6,89,126,86,18,96,34.9
30101156,2,shortness of breath,8,109,137,87,25,99,36.9
30101157,1,back pain,10,86,107,78,17,100,37.5
30101158,3,back pain,0,81,108,78,19,99,37.4
30101159,3,laceration,5,99,162,88,14,95,38.1
30101160,3,abdominal pain,1,62,131,80,17,96,38.2
30101161,3,fever,4,92,87,80,13,96,36.2
30101162,2,abdominal pain,10,126,103,79,11,98,36.6
30101163,2,headache,10,80,145,86,29,96,37.7
30101164,3,knee pain,5,91,95,70,19,100,37.1
30101165,3,knee pain,0,82,109,98,15,99,37.5
30101166,3,back pain,0,66,134,88,18,98,36.8
30101167,3,knee pain,3,78,122,89,19,94,35.9
30101168,2,back pain,10,97,111,58,15,94,37.8
30101169,3,abdominal pain,2,99,91,76,21,100,38.2
30101170,2,fall,9,96,144,89,15,99,37.4
30101171,3,chest pain,7,82,137,72,16,98,37.4
30101172,2,chest pain,9,77,160,62,18,99,37.2
30101173,2,fall,6,71,106,84,17,94,37.6
30101174,4,shortness of breath,5,99,160,86,15,93,37.3
30101175,3,anxiety,3,75,113,76,19,95,37.5
30101176,3,laceration,2,33,113,111,15,92,36.7
30101177,3,back pain,2,96,105,58,21,95,36.9
30101178,3,headache,5,69,118,100,15,96,37.3
30101179,4,back pain,1,82,128,97,28,98,36.1
30101180,2,shortness of breath,8,67,111,117,12,97,38.4
30101181,3,fall,5,82,128,89,21,100,35.9
30101182,2,fall,9,78,110,107,18,97,36.7
30101183,2,back pain,6,99,129,77,18,95,35.5
30101184,4,abdominal pain,6,98,108,101,24,97,36.1
30101185,2,chest pain,8,95,170,74,16,100,37.0
30101186,4,anxiety,5,80,108,84,13,92,35.4
30101187,1,fever,6,73,132,78,15,96,36.2
30101188,3,knee pain,4,96,120,72,16,94,35.8
30101189,4,abdominal pain,6,105,138,74,17,91,36.4
30101190,3,fever,6,81,105,87,16,100,37.5
30101191,1,back pain,7,87,135,82,18,100,38.1
30101192,4,chest pain,3,87,134,51,14,98,38.1
30101193,3,abdominal pain,1,94,139,80,20,98,37.0
30101194,3,shortness of breath,3,82,125,69,23,98,36.6
30101195,1,laceration,6,97,142,87,20,97,37.4
30101196,3,fall,1,83,123,72,18,99,36.5
30101197,2,back pain,8,94,149,101,20,96,35.6
30101198,4,headache,1,66,128,90,17,94,36.6
30101199,3,fall,7,82,105,60,16,94,36.7
30101200,3,anxiety,6,100,106,45,22,100,37.1
30101201,3,fever,2,107,115,85,10,99,36.7
30101202,3,fever,7,81,117,79,24,94,37.1
30101203,3,headache,0,80,133,64,19,96,36.4
30101204,4,chest pain,5,74,138,87,16,95,36.4
30101205,3,chest pain,7,62,106,86,17,100,36.9
30101206,4,laceration,1,98,119,78,20,99,37.0
30101207,4,anxiety,4,105,143,67,21,93,37.1
30101208,3,back pain,0,104,139,93,27,99,36.8
30101209,3,fall,3,100,140,82,21,94,37.0
30101210,2,back pain,7,111,112,80,27,96,36.9
30101211,4,chest pain,3,115,101,86,9,97,35.5
30101212,2,shortness of breath,7,86,156,85,21,100,37.8
30101213,4,shortness of breath,1,81,133,86,17,96,37.9
30101214,4,fall,1,55,116,99,11,95,36.5
30101215,2,anxiety,10,55,127,71,17,99,36.3
30101216,4,headache,0,66,114,88,9,96,38.6
30101217,2,fall,8,81,108,70,19,97,37.2
30101218,3,chest pain,4,66,130,74,23,97,38.2
30101219,3,headache,5,90,118,81,17,99,37.8
30101220,4,back pain,4,84,123,116,17,95,34.6
30101221,4,knee pain,6,92,145,92,19,100,37.0
30101222,3,shortness of breath,7,75,116,91,23,98,37.6
30101223,2,chest pain,8,92,134,87,19,100,36.9
30101224,2,chest pain,7,76,137,75,17,99,36.9
30101225,1,headache,6,109,106,76,13,98,37.7
30101226,3,fever,4,89,145,63,16,99,36.4
30101227,5,fall,5,80,112,102,14,99,37.3
30101228,4,chest pain,1,66,113,90,19,97,35.9
30101229,3,anxiety,2,105,128,51,23,96,38.1
30101230,3,laceration,0,36,129,54,25,100,37.1
30101231,3,abdominal pain,5,82,160,64,20,98,36.6
30101232,3,fever,6,90,86,57,18,97,37.1
30101233,3,laceration,2,89,101,82,21,100,36.5
30101234,4,knee pain,1,99,129,118,20,94,36.4
30101235,3,fever,6,97,141,64,19,92,36.8
30101236,3,chest pain,5,76,135,95,17,100,38.1
30101237,4,headache,1,76,123,49,22,96,37.0
30101238,3,shortness of breath,0,82,110,50,21,100,36.8
30101239,2,fall,9,61,137,97,16,97,36.7
30101240,2,knee pain,8,73,128,96,24,92,36.5
30101241,1,fall,8,81,105,59,15,99,36.9
30101242,3,headache,5,96,128,74,15,96,38.6
30101243,2,fall,8,86,127,98,19,100,36.8
30101244,3,chest pain,7,97,122,87,13,99,37.0
30101245,3,fever,7,95,99,86,21,96,35.8
30101246,3,chest pain,0,99,114,65,22,96,37.6
30101247,3,anxiety,6,75,156,90,16,99,35.8
30101248,4,laceration,6,129,159,86,17,97,36.0
30101249,3,fall,6,86,159,92,13,100,36.9
30101250,3,laceration,4,83,137,77,18,99,36.8
30101251,3,back pain,5,84,164,95,14,98,37.6
30101252,3,fall,7,69,115,91,18,96,37.5
30101253,5,chest pain,1,80,145,77,21,99,36.7
30101254,3,back pain,6,72,132,78,22,100,36.0
30101255,2,back pain,8,91,113,89,19,98,36.1
30101256,3,shortness of breath,6,116,151,64,16,94,37.3
30101257,3,fever,0,83,93,73,16,93,37.2
30101258,4,headache,0,97,122,80,12,93,37.3
30101259,3,headache,5,70,126,85,20,93,36.2
30101260,1,chest pain,8,99,97,57,17,96,37.1
30101261,2,knee pain,8,80,112,100,17,98,37.2
30101262,4,laceration,4,88,135,70,18,97,36.8
30101263,2,knee pain,8,78,118,76,13,94,36.2
30101264,3,back pain,2,74,117,75,17,97,37.8
30101265,2,shortness of breath,6,95,133,71,15,96,36.4
30101266,3,shortness of breath,5,76,95,94,26,92,37.0
30101267,4,laceration,0,88,130,107,21,98,36.6
30101268,3,fall,4,90,110,92,21,100,38.2
30101269,3,headache,7,95,152,95,21,96,37.8
30101270,3,anxiety,3,86,117,83,25,100,37.3
30101271,2,abdominal pain,10,78,139,70,15,98,37.6
30101272,3,fall,3,84,130,101,18,100,36.8
30101273,4,fever,7,99,140,62,19,100,38.2
30101274,3,knee pain,2,107,121,105,11,97,36.6
30101275,3,headache,0,84,106,71,20,97,37.2
30101276,3,anxiety,0,48,132,95,19,99,36.4
30101277,3,headache,7,86,149,87,17,98,38.6
30101278,3,knee pain,5,78,136,70,22,100,37.7
30101279,4,back pain,1,68,147,81,19,97,37.6
30101280,4,headache,4,74,132,89,23,92,37.4
30101281,4,knee pain,5,113,169,83,16,94,37.1
30101282,1,fever,8,90,181,96,16,100,37.1
30101283,3,chest pain,4,78,101,96,16,98,37.4
30101284,3,laceration,5,84,117,86,20,95,36.8
30101285,3,knee pain,5,76,136,88,15,98,36.3
30101286,3,shortness of breath,6,49,135,107,17,95,37.5
30101287,4,shortness of breath,7,99,161,117,26,100,36.3
30101288,4,fall,1,86,158,100,22,95,36.9
30101289,3,shortness of breath,2,102,113,83,18,100,37.9
30101290,3,headache,4,85,105,83,11,96,36.5
30101291,3,shortness of breath,6,102,114,76,21,100,37.3
30101292,3,anxiety,5,71,117,75,16,100,38.2
30101293,3,chest pain,7,53,141,52,14,100,36.9
30101294,3,back pain,6,89,112,85,20,99,35.6
30101295,3,fever,6,119,118,60,17,95,37.1
30101296,5,fever,5,103,144,73,13,97,35.9
30101297,4,laceration,0,96,91,73,12,98,36.9
30101298,4,back pain,6,77,124,93,18,94,35.1
30101299,3,anxiety,1,89,151,79,15,97,37.8
30101300,3,shortness of breath,0,77,75,50,16,92,37.3
30101301,3,back pain,2,81,145,98,21,99,37.5
30101302,3,anxiety,4,61,155,76,18,100,36.6
30101303,3,knee pain,3,66,150,77,25,94,37.2
30101304,2,headache,9,75,135,80,16,96,38.1
30101305,4,chest pain,3,79,135,78,15,93,35.4
30101306,1,abdominal pain,6,111,117,68,19,94,35.8
30101307,4,anxiety,7,70,74,71,16,92,36.7
30101308,4,chest pain,0,64,125,83,17,94,36.0
30101309,3,abdominal pain,4,55,126,103,16,95,36.3
30101310,3,anxiety,7,107,115,104,18,100,38.6
30101311,3,headache,7,56,129,71,17,93,37.4
30101312,4,laceration,3,69,83,73,22,99,35.4
30101313,4,knee pain,6,86,128,97,19,99,37.6
30101314,3,chest pain,0,69,116,87,9,99,37.0
30101315,3,anxiety,5,73,124,46,14,95,37.2
30101316,4,abdominal pain,2,77,136,79,20,99,37.8
30101317,3,back pain,6,88,102,73,16,100,37.9
30101318,3,headache,2,89,150,87,25,95,37.9
30101319,3,chest pain,0,105,125,84,19,92,37.2
30101320,3,chest pain,7,65,139,74,21,96,37.7
30101321,3,back pain,2,102,117,67,18,98,37.9
30101322,3,shortness of breath,7,83,72,91,14,100,37.6
30101323,3,chest pain,3,97,110,69,19,99,37.1
30101324,2,laceration,10,94,114,90,21,93,36.8
30101325,3,fever,3,76,122,82,19,93,37.1
30101326,3,back pain,1,89,103,94,17,96,37.2
30101327,4,knee pain,5,98,116,79,18,96,36.7
30101328,3,anxiety,3,88,139,95,15,100,38.2
30101329,3,headache,2,100,143,81,6,95,35.9
30101330,4,fall,6,73,112,88,18,98,36.6
30101331,5,shortness of breath,2,77,113,73,17,94,36.7
30101332,3,back pain,6,91,130,97,17,97,37.3
30101333,5,anxiety,4,84,128,72,17,100,37.5
30101334,3,headache,7,74,131,52,19,93,37.6
30101335,3,shortness of breath,3,72,132,73,17,99,36.9
30101336,4,abdominal pain,3,86,139,95,19,97,36.8
30101337,1,laceration,10,79,127,77,20,91,37.1
30101338,3,headache,3,99,144,68,25,95,36.4
30101339,4,anxiety,3,90,154,64,12,99,35.5
30101340,3,back pain,5,120,130,101,18,93,35.7
30101341,4,shortness of breath,1,82,129,69,26,98,36.4
30101342,4,back pain,2,90,119,68,24,95,37.0
30101343,3,shortness of breath,1,70,132,59,16,98,38.0
30101344,3,laceration,3,100,145,80,19,94,36.5
30101345,3,abdominal pain,7,85,119,90,24,99,36.3
30101346,4,headache,6,93,101,63,18,98,37.3
30101347,3,shortness of breath,2,91,136,64,26,100,35.6
30101348,3,headache,5,86,147,62,15,97,37.9
30101349,5,chest pain,0,68,108,99,16,99,36.8
30101350,4,anxiety,0,74,114,78,12,96,37.8
30101351,3,shortness of breath,4,113,142,82,16,98,37.2
30101352,3,shortness of breath,3,62,125,105,16,98,38.1
30101353,3,chest pain,4,125,136,96,17,99,38.5
30101354,3,knee pain,6,64,94,59,21,100,37.5
30101355,3,shortness of breath,0,105,105,67,20,96,36.6
30101356,3,chest pain,5,44,103,66,14,95,36.5
30101357,2,back pain,10,84,106,77,10,100,36.8
30101358,2,headache,9,95,140,68,27,100,37.3
30101359,4,fall,6,97,156,91,19,94,37.0
30101360,3,headache,2,132,125,93,19,99,36.6
30101361,3,chest pain,3,87,110,107,18,99,38.7
30101362,3,laceration,7,76,118,79,22,99,36.1
30101363,2,headache,8,77,104,61,17,95,38.0
30101364,4,back pain,6,84,156,81,14,96,35.6
30101365,2,chest pain,6,84,119,91,21,96,36.4
30101366,4,abdominal pain,7,96,112,66,21,97,36.5
30101367,3,back pain,5,83,123,88,19,95,37.8
30101368,4,fever,3,95,136,89,20,97,37.2
30101369,3,anxiety,0,92,129,83,20,100,37.1
30101370,3,laceration,7,81,130,47,14,100,38.3
30101371,4,anxiety,4,76,77,95,11,94,37.4
30101372,3,headache,2,98,96,75,20,96,37.2
30101373,3,abdominal pain,3,96,144,83,21,100,38.0
30101374,4,knee pain,6,61,111,69,23,91,37.4
30101375,3,headache,4,71,97,66,12,100,36.1
30101376,3,anxiety,2,86,123,97,23,94,38.1
30101377,3,fever,6,96,146,86,15,96,36.7
30101378,2,shortness of breath,6,70,129,70,27,94,35.8
30101379,3,fever,3,93,107,71,18,100,37.6
30101380,2,anxiety,8,88,128,87,22,100,37.1
30101381,3,fever,2,69,92,98,19,97,36.5
30101382,3,shortness of breath,6,89,138,81,16,94,36.9
30101383,4,laceration,1,108,137,45,18,100,39.3
30101384,3,chest pain,6,73,135,88,20,100,36.8
30101385,2,back pain,6,88,125,87,15,97,37.0
30101386,2,laceration,6,75,126,106,22,98,37.0
30101387,4,laceration,2,69,99,77,21,93,37.3
30101388,3,fall,0,95,134,68,19,94,37.9
30101389,3,laceration,3,89,99,65,11,100,37.7
30101390,3,abdominal pain,3,92,146,62,16,97,38.2
30101391,4,chest pain,0,102,138,117,17,92,36.4
30101392,4,knee pain,4,119,115,95,17,100,36.1
30101393,4,fall,4,57,122,83,25,94,37.8
30101394,3,knee pain,4,63,133,98,14,94,37.7
30101395,3,back pain,5,94,119,89,18,98,37.5
30101396,3,fever,5,91,140,82,15,95,38.2
30101397,3,laceration,0,74,130,86,18,92,37.0
30101398,2,chest pain,9,84,102,70,17,95,35.8
30101399,3,back pain,0,44,138,82,22,97,37.2
30101400,3,headache,1,73,110,69,11,97,36.8
30101401,3,back pain,5,94,127,71,19,97,38.7
30101402,2,abdominal pain,8,89,116,77,21,96,37.9
30101403,2,chest pain,6,90,113,94,22,96,36.1
30101404,3,chest pain,6,76,129,105,11,97,37.3
30101405,5,shortness of breath,7,78,115,94,18,95,37.1
30101406,2,fall,7,59,79,60,18,95,35.6
30101407,3,chest pain,1,91,130,77,13,95,36.6
30101408,4,chest pain,3,66,151,87,20,100,36.9
30101409,3,laceration,4,71,112,79,20,97,37.6
30101410,4,knee pain,7,65,138,91,21,100,37.3
30101411,4,laceration,4,94,109,77,19,96,37.1
30101412,4,back pain,5,77,114,104,18,100,38.6
30101413,3,fever,4,59,78,69,22,98,37.2
30101414,1,shortness of breath,7,69,123,79,18,97,37.3
30101415,3,back pain,4,93,140,76,16,100,38.1
30101416,2,headache,6,85,123,78,16,95,35.3
30101417,2,laceration,7,99,84,95,12,96,36.9
30101418,2,chest pain,6,111,97,72,23,99,37.1
30101419,3,abdominal pain,2,88,126,71,27,100,38.4
30101420,2,abdominal pain,7,82,131,68,17,96,37.6
30101421,3,laceration,5,87,128,81,20,99,35.9
30101422,2,headache,7,104,143,83,22,95,36.5
30101423,3,fall,2,57,102,80,17,94,38.1
30101424,3,back pain,4,95,163,87,18,96,37.8
30101425,3,fall,4,87,152,105,17,100,36.6
30101426,5,shortness of breath,0,107,128,73,11,96,36.4
30101427,5,anxiety,1,82,137,124,17,94,38.1
30101428,3,back pain,4,75,109,70,18,100,37.9
30101429,4,fall,3,109,103,78,20,99,36.4
30101430,3,back pain,4,71,124,99,13,90,35.9
30101431,3,shortness of breath,7,96,157,88,15,93,36.5
30101432,3,chest pain,2,68,131,105,16,94,38.0
30101433,3,abdominal pain,1,100,112,82,16,100,37.7
30101434,4,anxiety,4,52,85,80,19,94,37.0
30101435,4,anxiety,1,81,120,76,20,97,39.2
30101436,3,fall,7,100,119,64,17,94,39.1
30101437,3,fall,5,120,110,109,22,95,37.3
30101438,5,fall,0,70,126,62,22,98,38.0
30101439,3,abdominal pain,4,68,120,79,20,97,36.9
30101440,2,fall,8,44,138,59,14,94,36.7
30101441,2,headache,6,68,102,66,13,97,35.6
30101442,2,shortness of breath,7,71,125,67,19,96,36.3
30101443,1,abdominal pain,10,103,94,69,7,92,37.6
30101444,4,knee pain,2,90,114,87,23,100,36.5
30101445,3,shortness of breath,6,116,136,51,17,99,37.6
30101446,2,headache,10,73,87,89,22,100,37.0
30101447,3,abdominal pain,4,74,130,74,11,95,36.4
30101448,3,shortness of breath,6,78,139,126,10,100,36.6
30101449,2,knee pain,9,85,90,75,24,96,37.2
30101450,2,chest pain,9,84,149,92,18,95,37.4
30101451,2,fall,10,70,138,77,22,96,38.0
30101452,3,knee pain,7,110,132,127,13,100,35.9
30101453,4,anxiety,4,75,156,67,24,95,37.6
30101454,2,anxiety,6,85,130,115,23,100,38.8
30101455,2,anxiety,10,64,153,51,12,100,37.2
30101456,4,anxiety,5,97,119,77,18,96,38.6
30101457,3,chest pain,1,71,127,96,15,99,38.0
30101458,2,anxiety,10,99,103,49,13,96,37.0
30101459,3,knee pain,2,92,129,88,26,99,37.4
30101460,3,chest pain,0,97,145,60,9,89,35.4
30101461,3,chest pain,3,59,157,91,18,97,36.2
30101462,3,fever,1,79,97,62,17,95,37.2
30101463,4,fall,3,53,154,67,19,88,35.5
30101464,3,back pain,0,94,146,71,22,100,36.6
30101465,3,anxiety,4,94,162,90,14,94,37.0
30101466,2,back pain,9,105,114,89,12,100,36.4
30101467,4,anxiety,4,98,131,70,12,94,36.9
30101468,3,fall,6,90,85,83,15,94,36.6
30101469,3,laceration,4,96,119,38,12,99,38.6
30101470,2,laceration,9,116,122,98,22,96,36.0
30101471,3,back pain,5,110,112,88,23,97,37.4
30101472,3,headache,6,87,123,81,17,96,37.5
30101473,3,fever,4,95,131,61,19,96,36.8
30101474,2,chest pain,6,98,109,93,17,94,36.1
30101475,3,laceration,5,59,139,110,15,94,37.3
30101476,3,back pain,7,59,129,88,18,94,36.2
30101477,3,anxiety,1,102,147,80,16,96,37.2
30101478,3,fever,4,104,138,74,16,96,37.1
30101479,3,shortness of breath,4,95,100,91,22,94,37.6
30101480,3,chest pain,6,87,142,96,17,94,38.3
30101481,4,shortness of breath,7,98,190,105,23,93,36.8
30101482,2,anxiety,10,114,114,80,13,99,37.8
30101483,5,back pain,7,69,112,89,20,99,38.0
30101484,4,back pain,7,98,144,84,24,92,37.6
30101485,2,fever,6,75,123,74,23,100,36.9
30101486,3,headache,1,98,144,79,17,94,36.9
30101487,4,abdominal pain,7,68,137,121,22,97,37.1
30101488,1,back pain,8,68,166,64,14,98,36.7
30101489,4,anxiety,7,79,141,64,23,98,37.4
30101490,5,knee pain,5,95,121,83,19,95,38.0
30101491,2,chest pain,6,85,108,67,15,93,37.1
30101492,2,chest pain,9,90,136,111,17,96,37.4
30101493,3,anxiety,6,106,132,81,13,96,36.9
30101494,2,knee pain,8,83,121,72,14,95,37.1
30101495,2,shortness of breath,7,91,84,98,17,96,37.5
30101496,4,abdominal pain,4,60,99,80,15,94,36.6
30101497,3,fever,1,88,158,58,20,95,37.2
30101498,4,shortness of breath,7,59,124,85,12,98,37.5
30101499,3,fall,7,106,148,100,21,100,36.9
30101500,3,chest pain,4,117,109,68,19,100,36.8
30101501,2,knee pain,9,95,83,75,18,96,36.7
30101502,3,laceration,6,94,151,72,18,98,37.4
30101503,2,anxiety,8,79,164,92,19,91,37.4
30101504,4,shortness of breath,6,91,127,79,14,98,36.8
30101505,3,chest pain,6,77,95,82,20,98,37.2
30101506,3,anxiety,6,59,141,77,26,95,37.7
30101507,2,fever,9,81,156,64,23,96,37.2
30101508,4,back pain,4,101,127,90,21,100,36.5
30101509,2,headache,10,88,113,67,15,94,37.3
30101510,5,fall,6,77,115,76,18,100,38.5
30101511,4,headache,1,96,110,71,20,98,36.6
30101512,4,anxiety,0,108,93,70,17,91,37.0
30101513,4,knee pain,1,88,105,55,18,100,36.9
30101514,3,abdominal pain,0,101,138,82,23,100,37.2
30101515,3,anxiety,2,80,149,81,16,91,37.1
30101516,3,chest pain,1,89,119,74,19,96,35.6
30101517,3,laceration,5,89,138,88,19,94,36.1
30101518,4,anxiety,0,95,138,75,23,94,36.3
30101519,3,abdominal pain,3,95,91,86,14,98,37.5
30101520,3,abdominal pain,2,65,132,96,13,93,36.8
30101521,3,laceration,3,78,131,78,11,100,35.6
30101522,4,chest pain,2,83,112,76,21,100,37.4
30101523,3,back pain,6,83,109,62,22,94,37.2
30101524,2,fever,7,106,88,112,19,99,37.1
30101525,4,headache,6,87,128,92,19,100,38.0
30101526,5,abdominal pain,2,76,106,72,15,92,37.5
30101527,3,anxiety,2,105,128,104,24,94,37.4
30101528,3,abdominal pain,1,77,98,70,15,98,37.5
30101529,3,fever,3,82,136,115,22,98,36.1
30101530,3,anxiety,0,84,119,86,14,98,36.7
30101531,3,fever,7,96,112,84,16,91,37.7
30101532,2,fall,6,92,128,90,18,99,34.8
30101533,2,knee pain,6,72,96,75,17,98,36.3
30101534,3,shortness of breath,4,97,145,79,19,97,35.9
30101535,3,back pain,6,92,118,73,23,95,36.6
30101536,2,abdominal pain,6,82,144,87,19,92,36.5
30101537,3,laceration,2,78,107,67,21,100,37.0
30101538,3,back pain,3,75,140,90,16,98,37.4
30101539,2,abdominal pain,7,78,110,110,18,98,35.7
30101540,3,chest pain,1,106,69,65,18,98,36.5
30101541,3,back pain,5,97,159,71,20,92,39.0
30101542,3,back pain,6,96,89,75,12,97,37.4
30101543,1,chest pain,7,82,125,80,16,93,36.7
30101544,4,fall,4,87,137,70,18,99,36.9
30101545,3,chest pain,5,135,113,95,13,95,38.4
30101546,4,back pain,3,102,102,84,15,98,37.1
30101547,3,fever,3,93,99,89,7,98,35.8
30101548,3,fever,6,111,148,85,17,97,36.6
30101549,4,anxiety,0,87,130,76,22,91,37.1
30101550,3,headache,1,73,175,62,17,96,37.2
30101551,4,fall,7,81,114,105,17,93,38.4
30101552,2,laceration,6,99,137,77,23,100,37.4
30101553,1,shortness of breath,7,97,114,87,16,98,36.5
30101554,3,fall,1,63,160,83,16,100,38.0
30101555,2,abdominal pain,8,87,114,112,16,96,38.0
30101556,3,knee pain,4,94,137,63,21,96,36.8
30101557,1,fall,9,77,104,54,16,97,36.3
30101558,3,abdominal pain,4,95,119,81,25,94,37.6
30101559,3,shortness of breath,0,73,128,70,23,100,37.3
30101560,2,abdominal pain,6,70,112,89,17,94,36.8
30101561,2,shortness of breath,9,99,133,82,20,97,37.0
30101562,4,fall,1,80,159,91,12,96,36.3
30101563,3,laceration,0,93,114,69,14,95,36.6
30101564,3,fever,1,91,134,57,19,96,37.5
30101565,4,anxiety,0,70,108,85,22,96,37.9
30101566,3,abdominal pain,4,98,126,104,17,94,37.2
30101567,2,shortness of breath,10,66,125,102,20,96,36.3
30101568,1,knee pain,10,81,92,61,12,100,36.3
30101569,3,laceration,7,87,116,86,19,95,37.4
30101570,3,back pain,3,62,123,80,22,97,37.2
30101571,3,fall,1,91,115,69,17,98,37.8
30101572,4,headache,1,96,109,108,17,100,37.9
30101573,3,chest pain,3,95,119,82,19,94,37.6
30101574,1,laceration,7,71,82,72,25,99,36.1
30101575,2,knee pain,9,95,153,67,15,95,36.7
30101576,3,laceration,5,80,181,64,25,100,37.1
30101577,3,laceration,2,78,150,78,13,98,38.6
30101578,3,laceration,6,86,106,76,14,97,38.3
30101579,4,abdominal pain,5,72,115,69,20,96,37.1
30101580,1,fever,8,108,139,91,16,100,37.5
30101581,3,anxiety,6,95,115,41,17,94,37.8
30101582,3,shortness of breath,3,96,114,80,26,96,36.4
30101583,4,abdominal pain,5,81,119,88,14,92,37.3
30101584,1,shortness of breath,8,65,95,90,13,100,37.5
30101585,2,fall,9,100,138,79,19,97,35.9
30101586,3,fever,5,81,81,76,20,95,37.5
30101587,4,abdominal pain,3,89,152,78,21,97,37.0
30101588,4,back pain,6,90,135,76,21,97,36.9
30101589,3,anxiety,6,96,116,41,22,92,38.6
30101590,3,fall,5,77,142,60,28,95,37.7
30101591,4,back pain,3,70,93,75,18,97,36.3
30101592,4,shortness of breath,2,84,106,82,17,95,37.0
30101593,3,knee pain,5,79,113,94,18,100,37.7
30101594,3,chest pain,6,83,114,86,18,100,36.3
30101595,3,shortness of breath,3,98,48,81,21,96,37.2
30101596,2,laceration,7,72,142,79,24,97,38.0
30101597,3,fever,0,63,98,123,10,91,37.2
30101598,1,chest pain,9,47,123,87,18,100,37.0
30101599,3,fall,0,70,131,73,14,100,35.8
30101600,1,shortness of breath,10,112,124,90,18,100,37.5
30101601,4,headache,3,98,126,74,16,100,37.7
30101602,2,back pain,6,83,65,77,14,100,37.5
30101603,3,knee pain,1,114,96,64,14,100,36.5
30101604,3,laceration,0,91,138,93,15,97,38.1
30101605,2,chest pain,8,67,116,52,17,94,36.3
30101606,3,knee pain,5,92,124,84,17,94,36.8
30101607,4,back pain,5,93,107,87,14,95,35.9
30101608,3,knee pain,3,58,99,77,15,94,36.2
30101609,3,shortness of breath,1,76,121,65,18,99,37.4
30101610,3,fever,2,90,144,80,11,100,37.3
30101611,3,fall,7,88,108,94,22,98,36.7
30101612,3,shortness of breath,7,96,107,95,17,98,36.0
30101613,3,anxiety,5,89,110,73,12,96,36.4
30101614,3,knee pain,1,97,138,100,19,98,36.0
30101615,2,shortness of breath,7,91,135,81,20,95,37.3
30101616,2,anxiety,6,74,128,65,18,98,37.2
30101617,4,fall,1,83,126,60,16,97,35.9
30101618,1,back pain,6,75,135,62,19,94,35.0
30101619,5,headache,2,74,123,70,18,98,36.7
30101620,4,headache,2,84,117,68,25,92,37.8
30101621,2,knee pain,8,69,101,67,17,98,36.6
30101622,3,chest pain,0,79,109,88,18,97,37.2
30101623,3,fall,5,74,131,73,18,95,37.2
30101624,3,laceration,4,77,88,93,20,100,36.6
30101625,1,abdominal pain,8,88,155,103,22,98,37.4
30101626,2,headache,6,84,129,64,14,94,36.6
30101627,4,headache,4,80,102,98,12,100,35.1
30101628,4,fall,3,68,114,51,17,94,36.8
30101629,3,fever,4,69,95,50,16,92,37.3
30101630,3,back pain,3,87,96,84,16,97,37.6
30101631,4,abdominal pain,0,93,126,90,18,94,37.2
30101632,4,back pain,6,102,128,78,20,94,36.8
30101633,3,abdominal pain,4,60,129,81,16,98,36.9
30101634,4,chest pain,4,104,94,78,18,99,36.1
30101635,3,shortness of breath,7,87,152,68,20,97,37.0
30101636,4,knee pain,6,105,126,85,12,96,36.8
30101637,2,fall,8,99,112,56,22,99,37.6
30101638,2,headache,7,72,125,67,17,93,37.0
30101639,2,laceration,10,74,115,88,15,94,34.7
30101640,3,chest pain,1,97,138,69,13,99,36.9
30101641,3,chest pain,4,76,108,84,25,93,36.4
30101642,3,fall,3,78,90,69,21,97,36.0
30101643,4,fall,7,85,143,66,11,100,38.5
30101644,2,abdominal pain,9,111,118,57,23,99,37.4
30101645,3,abdominal pain,0,96,148,83,24,99,37.1
30101646,3,laceration,4,85,148,98,19,98,36.4
30101647,3,fall,2,91,129,79,18,98,36.6
30101648,3,laceration,3,86,118,89,20,99,36.2
30101649,2,headache,8,66,129,72,21,95,37.4
30101650,4,fall,2,92,124,98,29,94,37.5
30101651,3,knee pain,0,92,135,87,17,97,37.1
30101652,5,laceration,4,94,104,60,26,100,38.3
30101653,3,chest pain,6,105,120,86,19,98,35.3
30101654,1,laceration,10,66,114,72,12,93,36.0
30101655,1,headache,8,82,145,94,17,98,36.7
30101656,2,knee pain,7,90,145,63,14,96,37.3
30101657,2,back pain,8,77,111,80,22,99,37.3
30101658,2,anxiety,6,77,87,63,13,98,36.0
30101659,2,abdominal pain,7,96,137,94,17,100,38.3
30101660,3,fever,4,76,126,114,22,100,37.8
30101661,3,shortness of breath,0,83,144,71,20,98,37.4
30101662,5,anxiety,4,52,134,65,19,99,37.0
30101663,4,anxiety,3,94,115,78,17,100,36.7
30101664,4,chest pain,4,91,131,78,16,97,36.9
30101665,4,knee pain,0,91,123,103,28,98,38.0
30101666,3,laceration,4,103,153,97,18,96,37.9
30101667,4,abdominal pain,3,69,108,63,20,100,37.2
30101668,2,knee pain,8,83,116,110,23,100,37.9
30101669,4,headache,7,72,106,81,16,100,37.2
30101670,5,shortness of breath,2,86,112,85,18,97,36.6
30101671,3,back pain,5,111,122,89,15,97,37.4
30101672,2,back pain,8,65,102,76,11,96,37.9
30101673,3,chest pain,5,75,150,90,17,95,37.4
30101674,2,fall,9,87,115,84,22,99,36.1
30101675,3,headache,7,87,123,55,20,100,36.0
30101676,4,knee pain,0,91,155,103,19,94,36.3
30101677,3,headache,3,75,128,95,12,97,37.7
30101678,1,anxiety,8,115,95,78,13,93,37.4
30101679,3,headache,4,96,64,79,18,92,37.5
30101680,4,anxiety,2,77,152,86,15,97,36.5
30101681,3,fever,0,107,137,83,15,95,37.0
30101682,3,shortness of breath,1,100,140,80,19,94,37.7
30101683,3,fall,7,91,140,92,23,95,36.8
30101684,3,back pain,2,80,95,81,22,95,36.7
30101685,4,abdominal pain,0,91,101,93,17,92,36.4
30101686,2,headache,7,83,123,84,15,95,36.0
30101687,3,back pain,1,110,144,84,14,93,38.2
30101688,2,fever,8,86,118,58,24,91,37.5
30101689,2,fever,9,88,145,64,12,100,35.8
30101690,2,chest pain,6,84,124,78,19,100,35.0
30101691,2,back pain,10,79,164,107,16,96,37.3
30101692,3,laceration,6,85,153,82,13,100,36.7
30101693,2,headache,8,68,123,75,11,95,38.4
30101694,3,fever,3,77,124,92,20,100,38.2
30101695,2,anxiety,10,120,118,98,16,91,36.3
30101696,4,fever,1,108,119,78,18,94,36.2
30101697,3,anxiety,1,90,130,64,23,93,37.8
30101698,2,knee pain,8,85,135,91,15,97,37.7
30101699,3,back pain,1,72,138,92,17,97,37.4
30101700,2,shortness of breath,9,101,135,59,13,100,37.7
30101701,3,shortness of breath,2,73,117,88,14,98,37.6
30101702,3,chest pain,2,109,128,69,21,99,36.7
30101703,2,headache,9,95,116,62,20,95,37.2
30101704,3,fever,7,100,158,55,19,99,36.9
30101705,1,laceration,10,85,154,70,16,100,36.5
30101706,3,knee pain,3,72,123,83,19,100,37.4
30101707,3,back pain,6,66,138,95,25,98,37.0
30101708,2,back pain,7,105,103,58,19,97,38.9
30101709,2,chest pain,8,81,116,83,18,100,37.1
30101710,3,anxiety,0,93,151,69,16,95,36.7
30101711,3,anxiety,6,86,100,87,15,97,37.4
30101712,3,back pain,7,104,104,55,16,96,36.6
30101713,1,back pain,9,88,111,85,14,96,37.6
30101714,3,headache,3,91,101,65,17,97,37.4
30101715,3,fever,4,69,109,79,14,99,36.6
30101716,5,abdominal pain,1,81,122,90,16,97,37.9
30101717,4,headache,7,88,106,81,15,99,35.7
30101718,3,chest pain,2,99,189,46,24,98,37.2
30101719,5,laceration,4,56,148,75,17,100,37.2
30101720,5,chest pain,2,85,106,94,15,100,36.5
30101721,4,fall,6,96,149,92,17,98,36.8
30101722,5,fall,5,76,113,79,21,96,37.4
30101723,1,shortness of breath,10,87,171,59,26,96,38.2
30101724,3,fall,1,107,120,78,20,97,36.7
30101725,2,back pain,10,120,161,48,16,91,37.9
30101726,3,chest pain,7,81,137,70,24,95,36.0
30101727,4,fever,0,113,117,90,19,94,35.7
30101728,2,fever,7,107,148,88,19,95,36.5
30101729,3,back pain,1,94,109,77,19,99,37.1
30101730,2,headache,6,91,112,87,9,100,37.0
30101731,3,laceration,0,91,102,67,22,95,38.2
30101732,4,knee pain,0,120,112,75,13,95,35.4
30101733,3,fall,7,72,143,78,21,100,38.2
30101734,5,headache,5,105,129,101,21,95,37.0
30101735,3,laceration,4,114,116,89,17,98,37.3
30101736,2,headache,10,65,138,47,19,96,35.7
30101737,3,chest pain,2,82,132,73,16,99,37.0
30101738,3,anxiety,5,82,132,73,17,89,35.6
30101739,3,fall,2,63,159,92,17,94,35.9
30101740,3,fall,1,76,133,92,26,98,35.5
30101741,3,fall,4,78,101,84,19,98,35.9
30101742,3,knee pain,4,102,132,69,20,97,36.7
30101743,3,shortness of breath,2,80,136,66,21,100,36.9
30101744,3,abdominal pain,6,95,154,107,20,96,38.7
30101745,3,headache,3,107,119,81,23,97,36.8
30101746,4,headache,6,76,101,110,17,95,35.6
30101747,3,headache,7,110,91,75,18,95,36.9
30101748,3,fever,5,80,130,48,14,91,35.7
30101749,2,shortness of breath,8,85,131,51,16,100,37.3
30101750,3,laceration,6,84,135,59,11,90,36.8
30101751,3,chest pain,1,89,103,81,19,100,37.5
30101752,2,fall,9,64,141,39,11,99,35.7
30101753,3,headache,6,95,126,51,21,97,35.7
30101754,3,headache,4,70,120,49,17,96,35.4
30101755,3,fall,1,86,135,100,17,97,37.5
30101756,2,shortness of breath,10,94,124,95,16,98,37.3
30101757,3,back pain,0,98,116,77,18,95,36.5
30101758,4,headache,4,64,114,74,23,96,38.3
30101759,4,laceration,1,79,111,73,18,98,35.8
30101760,3,knee pain,4,50,147,75,19,96,37.3
30101761,3,headache,2,82,73,81,16,94,35.6
30101762,3,abdominal pain,0,90,131,71,16,98,35.7
30101763,4,headache,5,109,126,97,17,95,37.0
30101764,3,fall,2,74,133,84,16,94,38.2
30101765,3,fever,3,78,144,104,25,93,37.7
30101766,3,abdominal pain,0,83,116,57,9,97,36.5
30101767,5,shortness of breath,0,82,117,68,20,95,36.5
30101768,4,abdominal pain,6,83,90,65,26,96,35.6
30101769,3,headache,3,84,147,59,19,98,36.4
30101770,3,chest pain,2,70,129,105,20,94,37.4
30101771,3,knee pain,3,67,131,68,17,96,38.5
30101772,3,fall,2,94,78,93,23,98,37.8
30101773,3,abdominal pain,0,69,139,97,17,97,38.7
30101774,4,laceration,5,85,146,65,19,99,37.4
30101775,3,chest pain,2,88,154,92,14,98,36.6
30101776,2,headache,9,107,77,108,18,94,37.1
30101777,2,fall,7,101,157,61,17,100,37.4
30101778,3,back pain,5,87,135,91,21,94,37.1
30101779,2,back pain,8,95,123,76,28,100,36.9
30101780,5,chest pain,1,121,133,57,17,93,36.7
30101781,5,fall,0,109,79,59,17,95,36.8
30101782,3,fever,2,53,150,98,11,98,36.3
30101783,3,shortness of breath,7,113,109,85,14,99,36.5
30101784,5,shortness of breath,0,82,105,79,25,100,37.1
30101785,3,back pain,6,81,115,74,13,97,36.9
30101786,4,shortness of breath,5,89,138,124,19,93,36.1
30101787,2,laceration,6,107,117,101,15,100,36.0
30101788,4,fever,2,82,95,100,21,98,37.2
30101789,4,fall,5,96,115,106,19,98,35.9
30101790,2,laceration,10,105,124,89,17,90,36.8
30101791,3,headache,2,81,134,96,18,96,37.7
30101792,3,shortness of breath,3,92,99,83,22,99,36.8
30101793,3,fall,6,83,108,99,14,97,37.9
30101794,3,laceration,5,93,100,77,22,100,37.4
30101795,1,abdominal pain,8,67,140,108,17,100,37.3
30101796,2,abdominal pain,10,77,121,51,13,98,38.1
30101797,5,abdominal pain,4,103,126,63,15,94,36.2
30101798,4,headache,6,67,132,85,12,99,37.8
30101799,4,chest pain,2,100,106,73,17,95,37.7
30101800,2,back pain,8,96,126,95,15,100,37.2
30101801,2,fever,6,92,138,109,18,99,36.9
30101802,2,anxiety,8,112,93,89,18,94,37.9
30101803,3,headache,0,91,120,91,20,98,36.9
30101804,2,shortness of breath,7,61,113,94,20,97,36.9
30101805,4,shortness of breath,6,125,138,87,25,94,37.2
30101806,3,shortness of breath,2,77,106,89,15,100,36.8
30101807,5,back pain,6,108,131,65,9,95,37.4
30101808,5,anxiety,3,79,129,68,16,100,37.5
30101809,2,fall,7,104,92,121,16,100,37.1
30101810,3,shortness of breath,0,48,105,86,22,99,37.2
30101811,4,headache,3,88,138,60,12,99,37.2
30101812,2,chest pain,6,86,120,75,21,100,37.6
30101813,3,back pain,5,74,108,93,17,100,36.7
30101814,4,back pain,2,78,66,70,18,92,36.7
30101815,3,fall,7,96,116,82,17,96,36.8
30101816,3,back pain,5,91,128,67,11,100,38.5
30101817,3,fall,2,79,146,78,11,98,36.8
30101818,4,back pain,7,74,134,96,16,91,36.5
30101819,2,knee pain,6,92,100,74,10,99,36.9
30101820,4,abdominal pain,1,86,105,105,11,98,37.8
30101821,4,chest pain,1,75,151,53,17,96,37.8
30101822,3,headache,7,85,116,66,12,100,36.9
30101823,3,fever,2,83,137,71,11,97,37.6
30101824,4,abdominal pain,3,92,119,72,17,93,36.8
30101825,3,anxiety,7,95,114,79,17,100,37.8
30101826,3,laceration,3,60,131,102,16,97,38.5
30101827,1,abdominal pain,6,85,94,77,11,95,36.5
30101828,3,shortness of breath,1,103,125,59,24,94,37.6
30101829,3,fall,6,84,153,86,23,97,36.8
30101830,3,headache,6,75,137,94,19,99,37.5
30101831,2,laceration,6,82,139,41,19,99,36.4
30101832,3,anxiety,5,94,136,61,20,100,37.0
30101833,4,fall,4,98,118,78,16,94,36.5
30101834,1,headache,8,85,111,71,19,94,36.2
30101835,3,headache,6,81,130,114,16,90,36.7
30101836,4,knee pain,5,81,141,107,27,100,36.0
30101837,3,fall,6,93,91,73,12,97,35.9
30101838,3,fever,4,98,141,75,19,93,36.5
30101839,3,chest pain,2,98,136,68,17,97,37.5
30101840,4,knee pain,0,77,131,87,15,96,36.2
30101841,4,shortness of breath,1,85,148,61,20,96,37.1
30101842,2,anxiety,10,98,138,69,23,100,37.2
30101843,3,headache,1,72,144,87,20,100,37.0
30101844,2,shortness of breath,6,74,146,77,14,99,35.7
30101845,3,abdominal pain,4,105,128,90,21,91,37.1
30101846,3,headache,3,45,122,71,24,100,36.9
30101847,2,anxiety,6,78,116,99,15,99,37.5
30101848,2,knee pain,7,71,122,82,24,98,38.1
30101849,3,knee pain,7,80,134,88,26,98,37.0
30101850,3,chest pain,5,111,121,63,14,97,36.8
30101851,4,fever,6,103,135,118,22,95,37.7
30101852,3,headache,2,83,131,77,18,100,36.4
30101853,3,chest pain,1,77,119,66,14,97,36.1
30101854,2,knee pain,10,69,133,108,17,100,36.5
30101855,3,chest pain,0,78,152,82,14,92,36.9
30101856,4,shortness of breath,3,57,140,70,18,95,38.4
30101857,4,chest pain,3,95,134,98,21,99,37.0
30101858,1,knee pain,9,59,137,88,22,96,36.9
30101859,2,shortness of breath,6,66,124,66,16,93,36.1
30101860,3,knee pain,3,74,120,85,16,95,36.0
30101861,3,chest pain,2,94,89,83,19,95,37.4
30101862,2,anxiety,6,80,125,52,18,91,37.9
30101863,3,chest pain,0,79,90,57,11,100,37.3
30101864,3,chest pain,6,103,138,100,21,93,36.2
30101865,3,chest pain,0,86,135,77,21,94,36.5
30101866,3,fever,5,95,139,70,19,99,37.5
30101867,4,fever,7,80,116,64,7,96,35.6
30101868,2,fall,9,83,105,92,13,94,36.9
30101869,2,back pain,6,101,132,95,17,92,38.1
30101870,3,abdominal pain,4,102,99,80,24,99,38.2
30101871,2,back pain,7,79,127,78,10,100,37.7
30101872,4,chest pain,2,87,94,86,9,99,36.3
30101873,2,laceration,7,101,105,87,20,97,37.2
30101874,1,anxiety,8,78,139,74,21,100,37.3
30101875,2,back pain,6,104,162,89,16,98,37.4
30101876,3,laceration,0,78,143,63,16,93,37.4
30101877,3,laceration,4,79,119,71,22,95,37.6
30101878,3,fever,4,50,93,74,25,95,36.2
30101879,3,anxiety,1,54,100,75,17,99,36.5
30101880,2,anxiety,6,101,118,92,12,100,36.6
30101881,3,chest pain,0,76,105,90,19,98,36.0
30101882,3,knee pain,0,76,106,48,19,99,37.3
30101883,4,knee pain,7,64,137,110,16,97,36.6
30101884,2,headache,8,81,138,84,30,97,35.8
30101885,3,laceration,6,74,112,107,19,96,36.3
30101886,1,back pain,8,77,128,70,18,100,35.6
30101887,3,abdominal pain,3,80,109,94,15,100,37.1
30101888,2,back pain,6,88,95,33,11,100,36.6
30101889,2,anxiety,7,86,126,51,20,100,37.0
30101890,3,knee pain,5,82,91,54,15,99,35.5
30101891,3,fever,5,75,122,65,13,94,35.5
30101892,5,abdominal pain,2,92,117,81,14,97,38.7
30101893,5,fall,0,94,126,86,17,97,37.6
30101894,3,laceration,6,74,134,104,25,99,36.1
30101895,3,anxiety,6,96,115,91,17,95,37.1
30101896,3,back pain,4,77,141,94,18,95,37.2
30101897,3,laceration,6,84,96,75,14,98,36.7
30101898,2,chest pain,10,70,148,81,22,98,36.7
30101899,2,chest pain,9,95,88,72,27,94,35.5
30101900,4,knee pain,6,77,153,79,20,96,37.3
30101901,3,fall,0,76,148,66,17,98,36.9
30101902,3,back pain,1,84,133,60,13,98,36.2
30101903,4,chest pain,1,118,106,96,19,96,38.2
30101904,3,chest pain,1,91,137,87,17,98,37.8
30101905,4,shortness of breath,3,103,117,47,20,100,35.8
30101906,3,fever,1,60,144,74,19,99,37.6
30101907,2,knee pain,6,91,108,94,15,100,37.4
30101908,4,laceration,3,100,141,84,15,90,37.5
30101909,4,anxiety,3,93,99,81,19,100,38.4
30101910,4,fall,5,69,138,65,18,97,36.1
30101911,4,back pain,5,86,134,82,16,92,35.5
30101912,2,fever,9,92,132,78,18,100,36.3
30101913,3,knee pain,1,62,146,69,20,100,36.1
30101914,3,laceration,0,108,144,91,22,97,36.2
30101915,4,chest pain,7,83,119,79,14,97,37.9
30101916,4,fever,7,94,142,103,23,100,37.7
30101917,3,shortness of breath,0,95,102,71,24,100,37.4
30101918,3,shortness of breath,1,81,119,71,19,100,37.4
30101919,3,chest pain,7,66,151,81,21,100,37.3
30101920,3,abdominal pain,4,87,121,95,21,94,35.5
30101921,3,headache,7,79,121,81,18,96,37.5
30101922,3,fall,2,86,182,91,17,98,37.1
30101923,4,shortness of breath,6,82,129,94,17,94,38.1
30101924,4,fall,2,90,126,120,19,100,37.4
30101925,3,chest pain,0,119,97,74,20,94,36.5
30101926,3,headache,1,70,114,80,11,96,37.2
30101927,2,back pain,9,77,125,68,19,98,34.9
30101928,3,headache,1,68,139,93,12,93,37.1
30101929,4,knee pain,6,96,148,77,15,94,37.1
30101930,3,chest pain,1,90,108,88,22,96,38.1
30101931,3,shortness of breath,0,96,107,65,17,94,36.3
30101932,2,chest pain,6,90,156,60,20,95,36.3
30101933,3,knee pain,1,85,117,76,25,100,37.2
30101934,4,chest pain,3,82,99,77,15,100,37.6
30101935,3,anxiety,5,117,124,72,29,95,35.6
30101936,3,shortness of breath,0,118,107,73,14,93,37.4
30101937,2,chest pain,10,78,135,72,15,93,37.3
30101938,3,fall,5,77,135,53,17,95,36.0
30101939,2,chest pain,7,97,106,56,13,100,37.9
30101940,4,anxiety,6,93,135,76,14,99,37.4
30101941,3,anxiety,1,78,103,89,14,100,36.8
30101942,3,anxiety,5,113,128,91,11,98,37.9
30101943,4,shortness of breath,2,98,107,71,23,97,37.4
30101944,5,fever,1,101,100,103,18,97,37.8
30101945,2,laceration,8,72,128,68,18,95,37.0
30101946,3,chest pain,0,90,162,112,20,97,36.7
30101947,3,shortness of breath,6,112,151,77,18,94,37.5
30101948,4,fever,2,73,131,71,20,97,37.5
30101949,2,anxiety,8,74,120,74,20,97,35.9
30101950,4,chest pain,5,90,99,103,18,100,36.1
30101951,3,shortness of breath,5,79,115,60,21,99,37.4
30101952,4,headache,1,87,122,99,21,97,36.7
30101953,5,anxiety,0,94,123,66,20,97,36.8
30101954,3,chest pain,5,78,147,73,16,100,36.6
30101955,3,abdominal pain,4,97,157,75,17,94,37.8
30101956,2,laceration,9,94,166,91,13,96,35.6
30101957,4,headache,4,88,110,68,21,88,35.9
30101958,3,shortness of breath,2,75,106,102,20,96,35.5
30101959,3,headache,6,112,107,68,14,94,37.0
30101960,3,back pain,1,91,103,67,21,93,37.9
30101961,4,knee pain,4,72,125,76,22,99,37.7
30101962,3,laceration,2,98,82,70,18,98,36.4
30101963,3,headache,0,86,119,88,16,99,37.4
30101964,3,knee pain,5,107,123,102,17,100,36.9
30101965,3,anxiety,1,86,138,88,14,99,37.7
30101966,4,laceration,7,59,113,90,17,94,36.7
30101967,2,fall,6,86,118,82,22,99,37.0
30101968,3,fever,7,90,118,73,22,100,36.7
30101969,2,fall,9,102,132,88,25,97,36.9
30101970,3,fall,5,76,142,82,14,96,37.2
30101971,3,headache,2,75,139,83,9,95,36.6
30101972,4,fever,1,48,125,76,18,98,35.9
30101973,3,fall,3,100,145,89,20,100,36.6
30101974,3,knee pain,3,65,124,109,17,100,37.3
30101975,2,back pain,7,97,114,64,18,100,36.6
30101976,3,fever,1,60,140,116,17,95,36.9
30101977,3,headache,6,88,163,72,15,98,36.0
30101978,3,anxiety,2,117,126,69,19,100,37.2
30101979,5,fall,5,83,118,104,24,93,37.4
30101980,3,chest pain,2,100,123,70,15,100,37.1
30101981,4,back pain,1,89,135,94,16,97,36.9
30101982,3,laceration,2,98,134,99,24,97,37.7
30101983,3,back pain,3,73,178,66,27,100,37.1
30101984,3,fall,1,64,104,43,13,99,37.1
30101985,2,shortness of breath,6,83,115,102,23,92,36.1
30101986,2,fever,8,60,132,83,22,94,37.9
30101987,3,knee pain,7,111,113,109,25,100,37.8
30101988,2,knee pain,9,79,152,103,20,100,38.8
30101989,3,anxiety,0,70,125,64,16,91,37.4
30101990,4,headache,3,107,155,84,21,97,37.6
30101991,3,headache,5,80,129,77,19,99,35.4
30101992,3,back pain,1,96,102,75,16,98,36.1
30101993,3,headache,3,65,116,69,16,95,36.3
30101994,4,fall,4,93,120,87,19,98,37.2
30101995,4,shortness of breath,6,87,140,91,18,100,36.0
30101996,4,headache,5,97,118,94,18,100,37.0
30101997,4,laceration,2,98,113,97,14,97,38.0
30101998,2,fall,8,91,133,58,17,93,36.0
30101999,2,anxiety,10,68,145,105,9,100,37.0
30102000,3,abdominal pain,6,77,131,76,20,94,37.1
30102001,2,back pain,7,85,134,100,11,96,37.5
30102002,4,chest pain,0,75,130,74,15,95,36.7
30102003,3,back pain,3,59,111,73,27,95,37.7
30102004,2,headache,10,95,150,44,20,97,37.0
30102005,4,back pain,1,75,132,54,13,100,36.5
30102006,1,knee pain,7,77,119,65,18,96,36.3
30102007,3,chest pain,2,88,140,105,22,100,37.3
30102008,2,knee pain,7,68,114,78,25,95,38.4
30102009,3,knee pain,2,97,90,78,17,99,36.6
30102010,3,laceration,7,95,95,84,13,100,36.8
30102011,4,back pain,3,79,176,70,14,97,36.4
30102012,3,shortness of breath,3,96,101,76,19,97,37.1
30102013,4,knee pain,0,65,146,117,18,94,38.1
30102014,3,knee pain,0,107,147,75,17,100,38.0
30102015,2,shortness of breath,6,114,112,71,12,97,36.3
30102016,5,laceration,5,98,126,81,23,99,37.2
30102017,3,headache,5,69,149,76,14,100,37.1
30102018,3,knee pain,6,63,134,66,13,97,36.9
30102019,3,fever,4,106,122,89,20,95,36.7
30102020,4,fall,3,90,141,52,12,99,36.8
30102021,3,knee pain,1,118,152,95,26,95,36.9
30102022,3,anxiety,5,84,131,115,13,90,36.4
30102023,2,fever,7,100,93,80,14,95,37.2
30102024,3,fever,6,91,144,80,17,93,38.4
30102025,4,abdominal pain,4,99,144,40,23,100,37.3
30102026,3,chest pain,0,81,147,107,20,97,37.0
30102027,3,fever,1,86,131,73,21,97,37.0
30102028,3,anxiety,2,86,122,69,15,100,36.6
30102029,2,back pain,6,81,85,60,22,100,38.4
30102030,3,headache,2,67,121,68,11,100,37.6
30102031,3,fall,7,52,104,82,28,93,38.7
30102032,1,shortness of breath,6,61,162,106,16,100,36.9
30102033,1,shortness of breath,8,99,139,80,13,95,38.3
30102034,4,headache,0,99,124,52,19,100,36.0
30102035,2,laceration,10,93,133,81,22,99,37.2
30102036,4,abdominal pain,4,73,112,94,13,96,35.7
30102037,3,abdominal pain,4,95,92,66,22,97,36.0
30102038,1,fall,10,92,106,52,14,93,36.6
30102039,3,chest pain,2,88,144,75,19,94,37.0
30102040,3,abdominal pain,3,106,143,89,26,94,39.6
30102041,2,back pain,6,82,112,84,20,100,34.6
30102042,3,knee pain,0,90,120,77,17,92,38.1
30102043,3,chest pain,2,64,132,103,18,96,37.2
30102044,3,abdominal pain,0,51,145,73,21,98,36.9
30102045,2,chest pain,8,117,90,83,17,97,38.0
30102046,3,headache,6,76,142,87,19,95,36.9
30102047,3,fever,5,77,137,75,11,96,36.7
30102048,2,knee pain,8,98,149,82,20,96,35.7
30102049,4,fever,5,91,109,90,14,94,37.8
30102050,3,shortness of breath,5,84,89,73,23,98,36.0
30102051,3,abdominal pain,3,75,126,97,21,98,37.1
30102052,2,back pain,7,95,99,64,11,100,37.7
30102053,3,back pain,5,107,116,83,20,93,37.9
30102054,5,fever,3,79,118,70,24,99,37.4
30102055,1,headache,8,74,111,72,16,100,36.3
30102056,3,back pain,7,90,97,115,20,100,37.9
30102057,2,abdominal pain,6,102,117,87,20,98,36.0
30102058,3,headache,1,106,149,90,24,99,37.0
30102059,2,fever,8,95,167,61,16,96,36.6
30102060,2,knee pain,7,73,108,93,15,94,36.2
30102061,2,fall,9,111,111,97,21,99,35.3
30102062,1,shortness of breath,6,91,102,61,18,97,37.6
30102063,3,knee pain,6,97,113,92,11,99,34.8
30102064,2,chest pain,7,72,84,91,19,96,36.8
30102065,2,laceration,8,95,137,76,18,95,37.4
30102066,5,anxiety,0,82,114,98,9,96,34.9
30102067,5,laceration,4,83,129,69,16,95,37.7
30102068,4,anxiety,0,64,106,101,20,98,37.4
30102069,3,back pain,5,87,131,80,14,96,36.2
30102070,4,chest pain,4,90,115,90,14,95,37.8
30102071,3,headache,2,98,88,76,19,100,37.4
30102072,2,fall,6,104,104,107,19,97,37.8
30102073,4,back pain,2,64,105,59,23,94,36.5
30102074,3,shortness of breath,4,56,134,52,19,97,35.9
30102075,2,abdominal pain,8,92,125,83,23,96,37.4
30102076,3,fall,5,85,111,85,17,96,36.7
30102077,4,laceration,0,101,117,123,11,96,35.8
30102078,3,fall,5,102,111,69,23,97,37.5
30102079,3,fever,7,76,127,62,21,95,37.2
30102080,3,headache,7,102,102,72,16,94,35.9
30102081,4,laceration,7,84,110,78,17,98,38.1
30102082,3,back pain,0,83,128,103,24,95,38.0
30102083,3,shortness of breath,1,93,130,105,22,92,36.9
30102084,3,laceration,4,78,144,85,17,92,35.6
30102085,3,fever,3,75,161,50,18,96,38.0
30102086,4,fever,4,69,115,70,14,93,37.2
30102087,3,laceration,6,88,138,78,22,94,37.9
30102088,4,knee pain,2,75,161,63,15,98,37.0
30102089,2,knee pain,7,83,116,67,24,98,38.6
30102090,4,fall,4,79,121,76,24,94,37.2
30102091,2,back pain,10,96,146,88,14,100,37.1
30102092,4,laceration,4,94,113,79,10,96,36.4
30102093,4,shortness of breath,4,63,183,75,17,99,37.3
30102094,5,shortness of breath,6,79,156,85,19,96,36.8
30102095,3,back pain,5,95,138,78,14,98,36.4
30102096,3,knee pain,0,79,102,66,20,93,37.3
30102097,1,abdominal pain,9,90,141,61,18,98,37.4
30102098,3,fever,6,92,146,91,19,95,38.0
30102099,2,back pain,6,60,130,75,19,95,37.8
30102100,5,laceration,6,62,138,64,20,97,36.6
30102101,3,fall,3,88,106,90,15,98,37.2
30102102,3,back pain,2,81,133,61,21,100,35.6
30102103,3,laceration,0,100,133,96,14,97,36.4
30102104,4,laceration,2,82,141,71,18,96,36.3
30102105,3,headache,3,77,136,57,12,97,37.4
30102106,5,headache,5,84,131,75,12,96,37.6
30102107,3,chest pain,7,98,82,96,19,98,35.4
30102108,3,abdominal pain,3,102,135,89,12,94,36.8
30102109,4,fall,5,85,107,66,13,100,35.4
30102110,4,abdominal pain,7,78,108,82,19,94,38.3
30102111,3,back pain,3,72,140,55,12,99,37.7
30102112,4,laceration,6,90,140,82,19,98,37.0
30102113,2,shortness of breath,8,102,145,113,13,96,37.2
30102114,3,knee pain,2,75,130,85,18,98,36.8
30102115,4,knee pain,5,69,132,76,23,93,37.4
30102116,3,shortness of breath,2,88,149,81,14,95,37.4
30102117,3,chest pain,4,96,132,88,20,95,36.3
30102118,3,abdominal pain,1,83,128,112,15,94,36.5
30102119,3,fever,2,90,180,67,15,100,37.5
30102120,4,anxiety,2,75,127,53,26,100,37.8
30102121,4,back pain,3,83,123,94,18,100,37.0
30102122,2,shortness of breath,7,66,120,78,21,99,36.2
30102123,2,shortness of breath,7,86,139,93,15,96,35.5
30102124,3,fever,0,86,145,89,14,98,35.7
30102125,3,abdominal pain,6,81,115,99,16,96,36.6
30102126,2,fever,8,123,113,52,13,96,37.5
30102127,4,knee pain,0,95,135,80,15,95,36.9
30102128,3,knee pain,1,95,123,55,17,100,37.0
30102129,2,headache,6,71,115,100,13,100,36.6
30102130,3,fever,4,67,108,83,15,98,35.9
30102131,3,abdominal pain,6,109,149,99,15,100,35.5
30102132,3,knee pain,7,76,142,48,24,92,35.6
30102133,3,chest pain,4,69,132,90,19,95,38.2
30102134,2,chest pain,10,102,148,75,17,100,37.0
30102135,3,fall,3,92,114,89,20,96,36.8
30102136,3,laceration,4,79,113,76,20,88,36.4
30102137,5,chest pain,6,72,121,50,20,94,36.6
30102138,2,back pain,7,89,125,62,25,97,37.1
30102139,4,abdominal pain,1,96,95,78,15,97,37.8
30102140,5,anxiety,5,101,145,87,11,98,36.0
30102141,3,anxiety,0,100,130,42,13,98,37.1
30102142,3,knee pain,0,118,139,69,26,93,37.8
30102143,3,knee pain,6,81,122,93,16,100,37.0
30102144,3,headache,0,81,141,79,16,100,38.4
30102145,4,shortness of breath,0,93,74,99,21,99,36.7
30102146,4,abdominal pain,1,109,130,59,14,98,36.8
30102147,5,knee pain,3,85,92,64,21,91,38.1
30102148,3,knee pain,5,93,119,60,17,93,36.6
30102149,2,headache,6,102,114,72,16,96,36.7
30102150,3,shortness of breath,2,68,147,102,15,100,37.6
30102151,2,laceration,9,64,111,80,18,93,36.4
30102152,1,abdominal pain,9,87,115,102,24,100,37.2
30102153,3,abdominal pain,2,87,83,85,13,96,37.0
30102154,4,headache,6,80,123,71,21,100,36.9
30102155,4,anxiety,6,77,121,59,23,100,37.4
30102156,4,knee pain,1,65,146,73,18,95,36.6
30102157,3,knee pain,2,76,112,73,19,100,38.0
30102158,2,fall,7,62,130,93,20,100,38.1
30102159,3,knee pain,3,78,116,69,18,97,36.2
30102160,3,fall,3,77,94,61,19,97,37.7
30102161,2,fall,8,80,133,69,18,96,35.9
30102162,3,headache,5,89,115,69,20,97,35.7
30102163,4,back pain,4,95,123,83,23,96,38.0
30102164,2,abdominal pain,6,67,105,67,21,93,38.1
30102165,2,fall,9,85,138,83,19,93,37.2
30102166,5,knee pain,7,74,102,80,15,97,37.5
30102167,3,laceration,4,117,143,66,17,90,36.4
30102168,3,fever,2,76,105,69,19,90,37.2
30102169,3,anxiety,1,93,107,104,16,100,39.0
30102170,3,anxiety,2,103,143,76,17,98,37.0
30102171,3,shortness of breath,4,98,110,75,14,100,35.6
30102172,4,anxiety,1,102,114,96,12,100,35.8
30102173,3,shortness of breath,7,83,144,69,19,98,36.2
30102174,3,fever,2,81,96,89,22,97,37.7
30102175,4,knee pain,2,75,91,84,20,100,35.9
30102176,3,fever,1,132,144,59,19,94,37.2
30102177,2,anxiety,6,83,157,97,18,100,37.5
30102178,2,abdominal pain,9,78,126,88,15,95,36.5
30102179,2,abdominal pain,10,93,115,75,19,99,36.7
30102180,4,abdominal pain,7,66,145,65,19,99,36.3
30102181,3,fall,7,88,152,104,16,98,36.1
30102182,3,knee pain,0,90,168,77,11,98,38.2
30102183,2,anxiety,10,90,110,109,21,99,37.3
30102184,4,back pain,7,80,140,123,7,95,36.3
30102185,1,laceration,6,75,122,78,19,98,36.6
30102186,3,laceration,3,102,107,57,18,99,37.4
30102187,2,chest pain,7,84,142,80,19,96,37.7
30102188,4,fever,7,85,136,64,16,95,37.7
30102189,3,chest pain,7,62,136,76,17,93,36.3
30102190,3,knee pain,5,91,126,81,21,94,36.0
30102191,4,headache,5,57,92,78,16,93,36.4
30102192,3,chest pain,2,90,136,88,25,99,38.0
30102193,3,knee pain,0,98,94,65,16,95,37.1
30102194,4,fall,2,102,115,81,25,94,37.6
30102195,3,headache,0,89,154,89,19,99,34.9
30102196,2,headache,7,97,134,87,19,100,36.7
30102197,1,headache,7,91,111,70,17,99,36.5
30102198,3,abdominal pain,1,112,115,106,16,96,37.1
30102199,3,headache,0,109,104,69,17,93,35.6
30102200,3,shortness of breath,4,80,116,93,14,97,38.2
30102201,4,laceration,4,110,142,96,21,100,37.6
30102202,3,shortness of breath,5,106,130,82,14,93,37.0
30102203,2,laceration,8,82,118,86,22,97,35.8
30102204,1,back pain,10,55,153,80,21,99,36.3
30102205,4,back pain,6,75,103,96,28,99,37.7
30102206,3,shortness of breath,6,95,144,92,15,96,38.0
30102207,4,shortness of breath,2,66,145,98,14,98,37.0
30102208,3,fall,3,99,124,81,19,100,36.6
30102209,3,fall,1,94,116,49,19,98,37.9
30102210,3,abdominal pain,0,69,134,94,20,95,36.3
30102211,2,laceration,6,96,142,102,15,95,36.3
30102212,3,knee pain,3,109,134,76,13,100,37.4
30102213,3,headache,2,83,125,53,23,100,38.5
30102214,3,anxiety,3,65,122,84,17,90,36.6
30102215,3,headache,4,103,110,55,19,100,37.6
30102216,2,fever,7,86,174,75,21,98,35.4
30102217,3,fever,4,70,119,110,21,97,37.0
30102218,1,back pain,10,85,143,77,12,99,36.7
30102219,3,headache,6,116,147,105,20,96,36.8
30102220,3,headache,7,67,119,92,25,99,36.9
30102221,3,fall,1,78,119,83,16,95,37.4
30102222,2,laceration,7,71,138,49,11,99,37.3
30102223,3,abdominal pain,4,87,110,89,19,91,38.1
30102224,3,shortness of breath,7,72,114,88,16,91,37.9
30102225,4,anxiety,6,104,111,83,16,92,36.6
30102226,4,shortness of breath,2,68,125,72,22,96,36.7
30102227,2,fall,7,80,103,89,22,99,36.4
30102228,2,anxiety,7,83,116,79,18,92,37.5
30102229,4,shortness of breath,5,101,155,93,20,99,36.6
30102230,3,abdominal pain,6,90,123,89,21,100,36.0
30102231,5,back pain,7,64,149,52,21,96,36.6
30102232,3,back pain,0,90,103,89,18,92,37.9
30102233,3,abdominal pain,3,79,96,69,20,97,37.0
30102234,3,anxiety,2,100,141,75,16,100,36.2
30102235,5,back pain,6,95,117,67,20,98,38.0
30102236,3,laceration,7,87,124,83,25,100,36.5
30102237,2,headache,7,84,117,99,16,94,36.7
30102238,3,headache,0,84,89,81,16,96,35.9
30102239,3,shortness of breath,4,82,109,61,21,100,37.6
30102240,3,abdominal pain,7,71,99,96,19,98,37.8
30102241,5,laceration,3,59,114,56,17,93,37.7
30102242,2,fall,8,81,142,89,17,95,37.1
30102243,2,fall,9,80,122,63,16,95,37.4
30102244,2,fever,9,84,119,67,18,95,36.8
30102245,2,anxiety,8,111,89,80,22,100,37.0
30102246,3,fall,7,75,107,72,28,97,36.7
30102247,1,chest pain,9,118,169,68,21,100,35.8
30102248,5,fever,3,93,110,108,18,97,37.2
30102249,3,shortness of breath,5,93,104,74,16,99,38.8
30102250,4,back pain,2,72,145,95,20,100,36.8
30102251,4,knee pain,3,67,93,109,19,95,36.2
30102252,4,fever,7,78,112,72,18,99,36.7
30102253,3,fever,1,86,119,98,30,100,36.4
30102254,2,anxiety,10,87,128,57,12,98,36.9
30102255,3,headache,5,98,123,62,19,96,36.6
30102256,2,headache,10,76,155,90,23,100,38.3
30102257,3,headache,5,84,135,53,21,97,36.4
30102258,3,shortness of breath,0,75,124,81,22,100,37.4
30102259,3,knee pain,4,93,137,51,18,99,36.9
30102260,3,knee pain,5,98,159,56,14,100,36.8
30102261,4,chest pain,2,95,126,81,13,98,36.0
30102262,4,back pain,4,61,122,76,13,95,36.8
30102263,3,fever,4,94,137,85,16,96,37.3
30102264,3,laceration,1,63,135,88,11,100,36.4
30102265,2,knee pain,9,94,151,90,14,100,37.4
30102266,3,headache,0,81,111,71,10,98,38.8
30102267,3,headache,4,67,122,83,20,92,36.8
30102268,3,fever,1,69,128,84,17,97,36.6
30102269,4,laceration,7,55,95,67,18,88,36.1
30102270,3,knee pain,7,116,136,86,17,95,34.3
30102271,2,laceration,7,58,107,79,16,100,36.1
30102272,3,fever,3,56,150,65,15,100,36.7
30102273,3,abdominal pain,0,51,106,47,9,95,37.6
30102274,4,shortness of breath,6,71,123,89,22,96,36.8
30102275,3,headache,1,102,157,48,18,96,38.5
30102276,3,chest pain,3,93,124,92,21,96,37.3
30102277,2,fever,7,59,117,88,11,96,37.1
30102278,2,anxiety,6,75,169,94,15,98,36.2
30102279,3,chest pain,7,88,125,68,16,99,37.7
30102280,4,fall,0,99,154,90,5,97,37.6
30102281,4,laceration,7,84,138,95,19,99,36.7
30102282,3,fall,6,63,87,66,12,99,37.2
30102283,3,abdominal pain,6,70,140,97,17,100,37.3
30102284,4,abdominal pain,2,80,140,100,19,100,38.5
30102285,2,shortness of breath,6,58,112,54,23,98,36.4
30102286,1,abdominal pain,8,74,99,87,20,92,37.8
30102287,3,abdominal pain,6,94,120,100,26,97,35.7
30102288,3,shortness of breath,4,63,123,82,21,95,37.9
30102289,2,laceration,9,79,102,86,19,95,35.5
30102290,3,back pain,3,81,135,96,24,92,36.6
30102291,2,laceration,6,83,135,73,16,95,37.0
30102292,3,fall,0,94,141,89,11,97,36.9
30102293,3,chest pain,5,93,120,82,26,98,37.5
30102294,4,shortness of breath,4,70,154,72,16,100,37.0
30102295,3,laceration,5,62,132,104,15,100,36.5
30102296,3,knee pain,0,58,131,68,22,98,36.9
30102297,3,abdominal pain,0,72,132,65,17,100,36.9
30102298,2,shortness of breath,10,99,92,70,16,100,38.4
30102299,4,abdominal pain,0,99,90,89,16,92,37.7
30102300,3,fall,3,94,138,81,13,89,37.2
30102301,3,abdominal pain,0,97,155,87,13,99,37.3
30102302,3,knee pain,0,86,147,67,18,99,37.8
30102303,1,shortness of breath,10,83,138,91,15,95,35.5
30102304,3,headache,3,80,114,66,17,95,36.7
30102305,2,back pain,10,114,120,85,20,99,37.1
30102306,4,shortness of breath,4,92,159,88,17,96,36.0
30102307,2,knee pain,9,93,130,63,10,96,36.1
30102308,3,headache,6,93,123,93,6,98,36.9
30102309,3,knee pain,2,87,105,85,27,87,36.2
30102310,3,shortness of breath,4,94,123,89,28,94,38.0
30102311,3,fall,2,86,138,100,19,100,34.5
30102312,3,shortness of breath,0,79,161,44,22,97,37.6
30102313,4,fall,2,78,145,90,15,95,37.7
30102314,1,knee pain,10,48,145,90,17,97,36.0
30102315,2,knee pain,6,67,109,82,14,96,37.6
30102316,3,back pain,5,99,103,84,16,97,36.4
30102317,2,back pain,10,95,129,105,25,100,36.8
30102318,3,back pain,7,115,152,57,9,97,37.6
30102319,3,chest pain,4,103,168,69,8,98,36.7
30102320,3,shortness of breath,7,97,134,75,21,98,36.6
30102321,1,abdominal pain,6,102,136,94,23,100,36.5
30102322,2,laceration,7,74,135,68,21,95,36.3
30102323,2,laceration,6,67,125,98,18,100,36.3
30102324,4,shortness of breath,2,118,162,90,16,99,35.6
30102325,5,headache,2,65,142,79,20,92,37.5
30102326,2,abdominal pain,9,84,144,85,25,100,36.2
30102327,1,headache,6,87,107,70,13,92,37.5
30102328,2,knee pain,8,71,179,55,14,95,37.3
30102329,3,fall,3,87,150,88,20,98,36.6
30102330,2,chest pain,6,81,145,69,20,95,36.8
30102331,1,laceration,9,81,98,79,23,94,37.5
30102332,1,chest pain,8,102,147,82,19,99,37.4
30102333,3,headache,2,88,119,63,16,96,37.2
30102334,4,shortness of breath,4,83,143,78,19,99,36.1
30102335,4,abdominal pain,2,93,115,62,22,100,37.8
30102336,3,fever,2,70,130,71,15,100,36.1
30102337,3,headache,0,92,139,89,21,96,38.5
30102338,4,headache,4,105,124,71,24,100,36.5
30102339,3,abdominal pain,2,77,151,82,23,94,38.0
30102340,5,laceration,6,90,145,81,16,100,36.6
30102341,1,chest pain,9,62,132,105,13,100,36.1
30102342,4,chest pain,7,90,143,81,14,96,38.0
30102343,2,knee pain,10,67,145,54,17,93,36.3
30102344,3,headache,0,89,122,90,19,99,36.2
30102345,4,shortness of breath,7,80,94,81,23,94,36.7
30102346,3,headache,5,95,127,103,19,99,36.9
30102347,4,laceration,6,119,110,74,14,98,36.8
30102348,1,abdominal pain,6,80,104,76,16,98,36.5
30102349,4,fever,2,85,116,106,19,93,36.6
30102350,3,fall,5,98,95,76,18,100,36.7
30102351,3,laceration,0,67,125,48,21,99,36.7
30102352,3,abdominal pain,6,68,93,89,20,94,36.8
30102353,3,abdominal pain,6,91,130,102,14,97,38.2
30102354,2,abdominal pain,8,112,127,57,21,100,37.0
30102355,2,headache,6,88,134,58,17,96,35.6
30102356,3,fall,2,90,120,104,15,94,36.7
30102357,3,chest pain,7,61,136,103,20,100,37.5
30102358,3,laceration,2,84,148,70,22,99,38.6
30102359,3,fever,3,102,99,81,14,98,37.2
30102360,3,laceration,6,77,110,54,19,94,37.0
30102361,3,chest pain,1,100,147,76,24,100,37.0
30102362,3,headache,3,82,81,86,8,94,38.6
30102363,3,headache,5,71,145,92,14,97,36.4
30102364,3,back pain,7,95,139,93,20,94,36.3
30102365,4,abdominal pain,2,98,115,45,19,96,36.2
30102366,3,anxiety,6,64,135,106,13,98,35.9
30102367,3,shortness of breath,6,81,130,66,7,97,37.2
30102368,4,headache,5,83,152,67,27,100,38.6
30102369,2,fever,8,126,129,60,15,96,38.7
30102370,3,back pain,0,93,125,90,21,100,38.0
30102371,3,knee pain,0,65,112,71,16,100,37.0
30102372,3,chest pain,0,94,118,79,22,95,36.7
30102373,3,laceration,7,99,108,85,20,93,35.7
30102374,3,abdominal pain,1,54,115,65,13,100,38.2
30102375,4,laceration,0,99,131,75,18,95,36.3
30102376,1,headache,8,87,116,58,20,99,36.9
30102377,5,knee pain,2,77,93,56,18,96,37.2
30102378,3,fall,2,110,144,69,14,95,37.3
30102379,2,chest pain,8,93,125,93,19,99,36.5
30102380,3,abdominal pain,4,86,108,57,26,96,37.1
30102381,4,chest pain,1,87,139,79,13,88,36.9
30102382,3,shortness of breath,6,71,146,77,14,96,37.6
30102383,3,knee pain,1,87,125,70,18,96,37.0
30102384,2,fever,8,76,121,97,15,99,36.4
30102385,3,back pain,5,82,87,86,17,96,36.9
30102386,3,abdominal pain,5,101,117,87,20,100,38.0
30102387,3,knee pain,0,77,155,56,11,97,36.2
30102388,3,knee pain,2,107,139,89,17,96,36.7
30102389,3,anxiety,2,108,153,75,15,97,36.2
30102390,3,fall,4,94,130,88,19,99,35.7
30102391,2,shortness of breath,10,58,107,110,14,95,36.9
30102392,2,back pain,8,70,87,90,15,95,36.1
30102393,3,laceration,4,64,157,76,11,99,37.1
30102394,4,fall,0,90,112,81,16,95,36.6
30102395,3,fall,1,80,136,80,10,97,37.1
30102396,3,abdominal pain,2,68,128,75,9,100,38.1
30102397,4,headache,5,98,109,107,25,95,36.4
30102398,5,abdominal pain,3,91,140,76,22,97,36.2
30102399,3,knee pain,7,66,145,89,16,100,35.4
30102400,3,anxiety,4,77,143,75,14,98,36.8
30102401,2,fever,8,83,101,87,15,99,35.5
30102402,3,back pain,4,82,123,73,19,99,37.0
30102403,3,laceration,5,69,112,83,27,100,37.5
30102404,4,shortness of breath,2,141,134,72,20,100,37.1
30102405,3,back pain,5,74,136,66,26,98,37.3
30102406,4,laceration,3,86,163,101,15,94,36.8
30102407,3,shortness of breath,3,66,133,83,21,95,35.5
30102408,3,chest pain,2,81,151,88,19,93,38.1
30102409,3,laceration,5,81,124,87,18,98,39.3
30102410,3,headache,0,87,105,75,21,94,36.2
30102411,3,back pain,3,73,108,68,26,98,36.6
30102412,3,chest pain,7,78,148,73,16,98,37.9
30102413,5,shortness of breath,3,70,111,76,16,100,36.7
30102414,4,fall,0,71,134,106,21,94,36.2
30102415,3,knee pain,2,67,137,78,17,99,36.8
30102416,3,chest pain,3,77,113,85,18,94,35.9
30102417,3,fever,2,73,134,93,17,97,37.8
30102418,1,abdominal pain,9,77,96,63,17,91,36.9
30102419,3,back pain,0,92,127,106,21,91,37.1
30102420,3,headache,7,74,131,68,20,98,36.2
30102421,3,fall,5,96,126,77,17,97,36.1
30102422,4,fever,7,67,107,87,19,98,37.5
30102423,3,chest pain,4,97,131,87,24,96,36.7
30102424,3,anxiety,5,81,142,87,14,99,37.9
30102425,3,laceration,7,67,137,79,25,95,37.2
30102426,4,abdominal pain,4,84,123,64,16,92,38.3
30102427,3,back pain,6,86,132,110,19,100,36.0
30102428,5,knee pain,5,59,146,96,20,95,36.9
30102429,2,knee pain,7,64,114,87,14,95,36.8
30102430,5,fever,3,100,96,85,20,98,37.6
30102431,2,fever,7,85,104,82,18,100,37.2
30102432,3,abdominal pain,0,101,126,82,22,100,36.9
30102433,3,laceration,2,78,124,64,29,97,37.6
30102434,1,anxiety,10,82,107,60,21,92,35.8
30102435,2,abdominal pain,6,82,123,60,26,94,36.4
30102436,3,laceration,0,52,146,92,24,95,37.2
30102437,2,back pain,10,68,161,74,19,97,36.9
30102438,3,knee pain,7,96,102,82,15,100,37.1
30102439,3,laceration,0,112,132,74,15,100,37.2
30102440,3,abdominal pain,7,76,121,94,16,94,36.9
30102441,2,laceration,9,84,105,98,22,99,37.6
30102442,3,laceration,0,90,107,91,18,98,36.6
30102443,3,back pain,6,97,134,78,16,98,37.6
30102444,3,fall,3,98,141,88,22,93,37.5
30102445,2,knee pain,7,84,119,64,15,97,36.8
30102446,4,abdominal pain,1,56,117,64,24,95,36.2
30102447,4,chest pain,3,68,120,88,20,100,38.0
30102448,3,shortness of breath,6,71,146,79,11,94,39.1
30102449,4,headache,6,101,125,78,18,96,36.5
30102450,2,fever,7,58,152,87,13,93,37.8
30102451,3,fall,0,69,167,83,22,92,37.2
30102452,3,back pain,5,91,90,74,22,95,37.2
30102453,2,knee pain,6,88,122,66,16,96,36.0
30102454,2,abdominal pain,9,87,150,95,21,95,36.2
30102455,3,knee pain,6,99,114,100,15,98,37.5
30102456,4,chest pain,2,77,153,116,21,95,36.1
30102457,5,laceration,5,71,107,85,20,92,37.5
30102458,2,anxiety,8,72,124,47,15,95,37.8
30102459,3,abdominal pain,7,89,125,61,21,98,38.5
30102460,4,knee pain,7,91,135,75,16,97,36.3
30102461,3,headache,6,79,118,61,15,98,36.7
30102462,3,headache,3,109,105,103,19,100,37.9
30102463,3,fever,0,69,130,86,22,100,37.7
30102464,3,fall,6,77,137,85,18,90,35.8
30102465,2,laceration,6,93,124,97,17,98,37.0
30102466,3,fever,5,117,129,88,21,97,36.0
30102467,2,back pain,7,113,111,92,14,98,38.4
30102468,5,fever,2,86,149,72,23,97,38.5
30102469,4,fall,4,93,130,60,23,92,37.0
30102470,2,abdominal pain,10,93,128,69,13,96,36.4
30102471,1,shortness of breath,7,79,140,54,17,96,35.1
30102472,2,abdominal pain,10,99,153,74,20,96,35.9
30102473,3,abdominal pain,6,102,113,70,17,99,38.1
30102474,3,headache,7,95,127,73,15,98,36.7
30102475,5,anxiety,7,78,147,95,19,96,36.4
30102476,3,abdominal pain,0,87,135,65,19,96,37.5
30102477,5,chest pain,2,87,134,100,17,96,36.4
30102478,1,back pain,7,85,117,78,10,98,36.6
30102479,2,laceration,6,66,128,95,17,100,37.0
30102480,1,anxiety,9,100,125,99,12,98,37.7
30102481,4,abdominal pain,7,61,121,78,13,94,37.6
30102482,4,headache,5,90,105,70,23,91,37.2
30102483,3,fall,4,84,152,85,13,99,37.1
30102484,2,abdominal pain,7,97,96,89,14,94,37.6
30102485,3,back pain,0,92,147,71,16,98,35.9
30102486,5,abdominal pain,5,93,118,94,16,99,37.0
30102487,3,fever,4,90,103,75,24,100,36.4
30102488,3,laceration,6,92,120,87,22,93,37.2
30102489,2,laceration,10,89,116,61,15,95,37.4
30102490,2,anxiety,10,100,126,94,23,100,36.7
30102491,4,fever,4,75,122,85,15,95,36.0
30102492,2,headache,6,102,94,66,12,98,38.0
30102493,3,laceration,3,65,115,88,17,97,34.6
30102494,3,anxiety,2,102,110,60,23,97,37.3
30102495,3,fall,2,83,130,66,17,92,36.5
30102496,5,fall,4,85,125,70,23,95,37.9
30102497,3,fever,0,117,129,81,15,96,37.1
30102498,1,headache,6,84,118,110,16,93,37.9
30102499,3,abdominal pain,4,94,154,81,20,95,37.4
30102500,4,knee pain,3,88,135,87,10,98,37.3
30102501,3,abdominal pain,6,64,132,52,20,98,37.5
30102502,2,headache,10,101,96,75,20,100,36.3
30102503,2,laceration,8,108,142,72,22,95,36.0
30102504,5,fever,5,108,107,108,19,99,36.7
30102505,3,shortness of breath,4,68,109,70,19,96,36.7
30102506,4,headache,2,72,135,104,17,96,36.8
30102507,5,fever,6,70,119,73,14,96,36.8
30102508,3,fall,5,66,115,94,15,100,36.1
30102509,3,headache,0,66,144,98,24,91,37.3
30102510,4,fall,6,91,124,56,27,100,36.7
30102511,4,laceration,0,77,122,101,16,97,37.5
30102512,2,fever,9,88,146,86,12,98,36.9
30102513,3,shortness of breath,5,84,134,84,18,99,36.4
30102514,3,anxiety,0,95,123,74,19,98,36.5
30102515,3,knee pain,5,90,130,70,17,100,36.8
30102516,1,back pain,10,108,100,95,19,94,37.8
30102517,2,fever,9,67,130,87,21,89,36.7
30102518,3,knee pain,2,121,126,88,19,100,36.8
30102519,3,back pain,6,95,106,87,16,100,37.6
30102520,3,knee pain,6,83,92,82,11,100,35.8
30102521,3,headache,6,58,118,89,16,91,36.2
30102522,4,anxiety,1,80,102,83,20,100,36.9
30102523,2,fever,10,67,111,81,25,97,36.3
30102524,3,back pain,2,102,120,77,15,95,38.0
30102525,4,fall,3,71,142,88,14,98,37.7
30102526,2,anxiety,9,116,158,71,25,97,37.8
30102527,4,back pain,6,87,131,80,23,98,37.3
30102528,2,knee pain,7,86,131,99,21,98,37.3
30102529,3,headache,5,88,133,89,24,89,38.3
30102530,4,anxiety,0,99,115,75,13,95,35.2
30102531,3,headache,7,96,110,75,12,93,36.2
30102532,4,headache,3,95,128,49,17,100,37.2
30102533,4,chest pain,2,96,159,78,17,98,38.1
30102534,3,knee pain,2,70,117,85,15,98,34.8
30102535,2,fever,9,70,116,88,22,100,37.2
30102536,2,fall,9,53,131,85,19,95,36.4
30102537,3,back pain,4,92,134,108,20,97,37.1
30102538,3,chest pain,2,114,139,83,16,97,36.7
30102539,4,chest pain,4,81,74,67,20,99,35.9
30102540,4,laceration,6,82,140,78,16,92,36.2
30102541,3,anxiety,0,91,126,61,15,95,35.5
30102542,2,back pain,9,98,119,35,10,99,37.2
30102543,5,chest pain,6,103,136,68,16,100,37.3
30102544,3,knee pain,3,54,165,73,19,100,37.4
30102545,3,shortness of breath,2,102,120,58,16,97,36.3
30102546,2,fever,7,129,188,89,21,100,37.5
30102547,2,chest pain,9,96,140,78,14,97,37.8
30102548,2,anxiety,7,94,150,57,18,95,37.4
30102549,2,laceration,6,50,131,84,21,93,36.5
30102550,4,fever,5,60,149,78,18,100,36.7
30102551,4,headache,4,82,163,87,11,97,36.8
30102552,4,knee pain,5,108,113,69,23,100,36.0
30102553,3,chest pain,1,102,115,79,24,90,35.8
30102554,1,headache,8,116,142,77,18,100,35.1
30102555,3,abdominal pain,3,109,147,102,18,95,36.1
30102556,3,headache,6,72,109,69,14,98,36.3
30102557,4,fever,5,86,124,53,20,95,37.3
30102558,3,fall,2,90,137,96,9,97,38.1
30102559,3,fever,1,104,147,87,23,100,39.3
30102560,3,fall,0,98,145,86,11,100,38.0
30102561,4,knee pain,0,94,98,91,17,96,36.5
30102562,3,knee pain,5,90,127,64,13,95,36.4
30102563,1,back pain,10,70,104,89,21,95,38.1
30102564,4,fall,2,55,137,56,19,96,36.5
30102565,3,fall,0,111,119,91,14,96,37.7
30102566,2,abdominal pain,6,114,93,84,16,95,37.8
30102567,3,chest pain,5,99,149,100,13,97,35.5
30102568,2,anxiety,6,87,127,112,19,99,36.4
30102569,4,abdominal pain,4,80,123,76,16,100,36.7
30102570,3,knee pain,0,107,142,76,24,99,36.9
30102571,3,headache,7,83,104,71,19,95,36.7
30102572,4,abdominal pain,0,90,141,81,20,100,37.5
30102573,3,chest pain,6,108,125,71,16,95,35.5
30102574,1,anxiety,7,86,140,79,14,94,38.0
30102575,2,shortness of breath,7,105,109,75,16,94,36.3
30102576,2,anxiety,10,93,146,63,15,96,37.4
30102577,3,fever,6,105,119,99,25,100,37.6
30102578,3,knee pain,1,102,130,85,14,100,36.7
30102579,2,headache,8,80,140,64,11,98,37.0
30102580,3,fall,5,62,129,79,19,96,38.5
30102581,3,headache,0,64,138,95,21,98,38.0
30102582,2,abdominal pain,6,100,105,66,20,96,35.2
30102583,4,shortness of breath,5,85,139,69,19,100,36.6
30102584,3,chest pain,4,78,114,83,17,99,36.3
30102585,3,abdominal pain,1,75,106,83,23,98,37.4
30102586,3,knee pain,7,63,97,112,18,96,37.2
30102587,3,shortness of breath,0,85,155,75,23,100,37.2
30102588,3,chest pain,6,67,118,67,22,98,36.0
30102589,3,fever,2,85,139,66,17,98,35.8
30102590,3,back pain,7,107,140,115,16,100,35.2
30102591,2,chest pain,9,73,136,71,13,92,37.1
30102592,5,fall,3,99,122,60,24,98,38.4
30102593,3,abdominal pain,7,96,116,78,20,100,35.9
30102594,3,headache,1,63,148,88,21,94,38.4
30102595,3,back pain,3,49,156,64,13,96,38.1
30102596,3,anxiety,7,82,157,76,17,93,35.2
30102597,4,knee pain,0,74,119,65,20,96,37.8
30102598,3,fever,0,95,144,89,21,98,37.6
30102599,3,fever,5,75,84,102,16,98,37.8
30102600,3,fever,7,75,106,83,21,98,36.5
30102601,3,anxiety,6,67,102,70,21,100,38.4
30102602,3,chest pain,1,96,115,97,22,100,37.6
30102603,1,fall,6,76,143,80,21,96,36.2
30102604,3,chest pain,3,97,143,62,17,100,37.1
30102605,3,back pain,0,105,134,70,23,96,35.2
30102606,3,anxiety,5,98,94,83,17,97,35.8
30102607,1,headache,6,84,140,51,29,96,35.7
30102608,3,chest pain,2,77,113,87,21,89,36.2
30102609,3,anxiety,3,74,145,82,18,95,35.6
30102610,3,abdominal pain,1,94,106,107,23,97,36.2
30102611,3,abdominal pain,6,113,110,92,17,100,36.7
30102612,4,anxiety,1,78,138,63,15,100,36.5
30102613,3,laceration,6,82,132,87,17,92,35.7
30102614,4,laceration,7,112,153,87,24,92,37.3
30102615,2,fall,7,105,135,84,23,97,36.2
30102616,3,fall,3,69,117,49,16,100,37.5
30102617,3,back pain,0,86,127,86,12,90,36.8
30102618,3,fall,4,93,95,65,19,96,37.4
30102619,3,chest pain,2,64,116,72,16,94,35.9
30102620,2,abdominal pain,7,99,162,75,19,96,37.6
30102621,3,anxiety,6,79,118,77,17,97,37.3
30102622,2,headache,7,84,123,65,16,97,37.9
30102623,3,shortness of breath,2,97,146,76,20,97,37.2
30102624,3,laceration,2,82,125,81,21,96,37.5
30102625,3,shortness of breath,6,83,112,75,31,97,36.0
30102626,2,fever,9,85,113,74,16,98,36.9
30102627,2,fall,10,84,140,83,22,96,36.5
30102628,2,knee pain,10,99,139,100,25,92,37.4
30102629,3,anxiety,1,85,111,83,24,97,35.6
30102630,3,chest pain,1,95,107,64,12,96,36.2
30102631,3,anxiety,2,87,123,73,15,95,39.3
30102632,4,headache,0,66,143,90,20,98,37.3
30102633,3,fall,0,65,111,78,17,100,37.0
30102634,3,fever,4,102,126,107,20,95,36.7
30102635,3,chest pain,1,84,100,84,24,94,36.5
30102636,3,fall,5,118,133,93,20,93,37.1
30102637,1,laceration,6,71,105,84,16,95,37.0
30102638,3,headache,3,48,118,66,13,89,36.3
30102639,3,fever,7,84,124,92,14,95,37.8
30102640,2,shortness of breath,8,78,129,104,11,91,36.1
30102641,2,laceration,7,97,91,60,23,100,37.2
30102642,1,back pain,6,76,109,90,20,94,38.0
30102643,3,fever,4,112,145,93,17,100,37.9
30102644,3,anxiety,1,102,122,75,20,98,37.2
30102645,4,anxiety,6,91,120,68,23,100,36.3
30102646,3,shortness of breath,4,92,76,65,16,94,37.3
30102647,3,headache,3,93,164,59,17,94,38.2
30102648,3,anxiety,5,81,111,84,14,100,38.3
30102649,3,knee pain,0,59,104,92,16,98,37.2
30102650,5,fever,5,89,154,63,26,97,37.3
30102651,1,knee pain,7,86,168,92,13,100,36.3
30102652,3,fall,0,64,120,84,16,100,38.2
30102653,2,knee pain,10,80,123,80,18,98,36.8
30102654,3,shortness of breath,5,67,101,72,19,96,36.6
30102655,3,headache,4,84,151,118,12,97,36.9
30102656,4,anxiety,4,97,116,65,18,100,37.7
30102657,3,anxiety,4,101,99,64,15,99,36.9
30102658,4,shortness of breath,5,93,102,70,22,96,35.7
30102659,5,abdominal pain,1,75,109,85,17,96,37.9
30102660,3,fall,7,77,125,88,19,99,35.7
30102661,3,back pain,0,83,123,104,19,95,38.1
30102662,3,laceration,0,94,128,115,20,98,35.7
30102663,3,abdominal pain,0,92,183,112,18,99,36.1
30102664,2,fever,7,112,52,92,13,98,36.6
30102665,3,laceration,5,82,149,88,15,96,36.3
30102666,2,shortness of breath,7,64,113,81,13,97,35.8
30102667,2,laceration,9,108,107,89,18,96,36.9
30102668,3,shortness of breath,5,64,110,81,14,98,37.0
30102669,4,shortness of breath,1,77,141,118,19,96,37.2
30102670,5,fall,4,52,106,79,22,94,37.7
30102671,2,anxiety,9,110,101,70,18,91,37.4
30102672,3,headache,3,107,146,94,15,98,36.9
30102673,3,shortness of breath,4,118,89,87,15,100,36.7
30102674,3,shortness of breath,1,66,144,79,18,98,38.4
30102675,1,headache,6,88,123,111,19,100,37.6
30102676,3,abdominal pain,0,88,108,56,14,100,37.0
30102677,3,anxiety,6,86,165,87,19,92,36.5
30102678,5,shortness of breath,7,62,83,79,22,98,37.2
30102679,4,back pain,2,66,140,105,18,96,36.6
30102680,2,abdominal pain,9,73,150,82,15,94,37.7
30102681,5,chest pain,7,108,94,77,19,100,37.5
30102682,4,laceration,1,87,146,90,14,93,36.3
30102683,3,laceration,6,103,145,67,14,99,37.1
30102684,4,fever,2,85,125,61,26,97,37.9
30102685,3,anxiety,4,83,149,102,27,94,37.6
30102686,4,chest pain,7,96,138,64,11,100,36.4
30102687,1,abdominal pain,8,96,121,90,19,93,38.1
30102688,3,chest pain,0,77,152,90,16,100,37.6
30102689,3,laceration,6,57,133,84,25,91,38.1
30102690,3,headache,4,96,108,72,25,98,37.7
30102691,3,fever,1,83,114,88,14,94,36.5
30102692,3,laceration,2,112,125,37,23,100,35.9
30102693,2,laceration,9,80,96,69,14,98,37.5
30102694,3,anxiety,0,68,113,67,20,93,37.9
30102695,3,fever,5,88,161,85,20,97,38.1
30102696,3,laceration,7,97,126,81,20,100,37.7
30102697,3,headache,6,111,146,82,17,100,37.2
30102698,4,back pain,7,63,142,57,20,96,37.5
30102699,3,abdominal pain,1,87,105,78,13,98,37.5
30102700,4,back pain,5,74,119,90,21,98,36.3
30102701,2,fall,9,102,98,109,24,99,36.8
30102702,3,fever,7,73,108,102,16,94,37.9
30102703,5,back pain,3,97,131,58,21,95,36.5
30102704,4,anxiety,3,114,154,77,20,100,36.6
30102705,1,fever,9,84,114,90,16,100,37.7
30102706,3,anxiety,7,106,150,68,20,92,36.2
30102707,3,shortness of breath,0,73,130,80,15,94,37.7
30102708,3,back pain,0,77,105,76,23,100,37.8
30102709,3,chest pain,6,94,107,87,16,96,36.7
30102710,4,knee pain,2,94,153,77,22,91,37.2
30102711,3,anxiety,4,77,91,114,16,100,36.1
30102712,3,shortness of breath,1,117,113,84,20,98,36.8
30102713,3,chest pain,3,74,119,88,17,100,36.3
30102714,5,anxiety,4,76,155,65,21,94,37.1
30102715,4,laceration,1,89,117,78,20,97,38.7
30102716,4,fall,5,81,163,65,23,100,37.3
30102717,3,abdominal pain,7,99,140,67,16,100,37.0
30102718,3,laceration,6,93,142,92,15,95,37.4
30102719,1,laceration,10,109,101,77,21,100,37.0
30102720,5,anxiety,2,71,139,47,17,97,37.0
30102721,3,anxiety,6,98,110,70,27,99,37.1
30102722,3,abdominal pain,0,70,122,60,21,98,38.0
30102723,4,shortness of breath,7,112,119,91,26,96,37.1
30102724,1,abdominal pain,8,75,118,70,20,100,36.7
30102725,3,laceration,7,86,131,67,20,93,36.1
30102726,2,abdominal pain,6,80,101,63,20,98,36.9
30102727,2,fever,6,76,141,102,22,100,35.6
30102728,4,fever,7,72,144,83,22,95,35.3
30102729,4,anxiety,0,88,79,78,22,93,38.6
30102730,3,back pain,4,94,116,52,19,99,36.5
30102731,5,anxiety,3,57,125,84,14,96,38.3
30102732,3,abdominal pain,5,99,124,80,13,96,38.0
30102733,4,headache,6,101,135,58,13,97,37.9
30102734,3,laceration,0,69,149,79,23,100,37.0
30102735,4,chest pain,5,101,125,65,17,100,36.6
30102736,1,back pain,9,100,136,58,18,97,36.9
30102737,3,abdominal pain,5,58,120,102,18,99,37.4
30102738,2,back pain,8,75,141,68,16,98,36.6
30102739,4,headache,1,78,141,82,10,95,38.0
30102740,5,chest pain,3,86,97,66,14,97,37.0
30102741,2,laceration,8,70,121,103,18,98,37.5
30102742,4,knee pain,5,73,99,91,10,100,38.1
30102743,3,headache,5,75,87,88,22,100,35.7
30102744,3,chest pain,6,85,168,66,17,98,36.0
30102745,3,shortness of breath,5,68,120,79,15,99,36.8
30102746,4,laceration,7,68,118,89,24,100,36.8
30102747,3,shortness of breath,0,99,126,88,18,95,37.2
30102748,3,fall,6,76,89,74,18,97,35.4
30102749,3,chest pain,0,86,132,78,16,94,35.2
30102750,3,back pain,0,91,71,77,24,96,36.5
30102751,2,abdominal pain,6,89,129,78,14,94,36.2
30102752,2,laceration,7,68,102,52,12,100,36.8
30102753,3,abdominal pain,0,75,144,62,16,100,37.2
30102754,1,chest pain,8,92,118,71,14,95,36.9
30102755,3,anxiety,1,85,135,73,14,100,36.4
30102756,3,chest pain,2,68,119,89,13,100,36.4
30102757,3,chest pain,6,83,115,73,22,98,35.7
30102758,3,anxiety,7,96,141,92,12,93,36.9
30102759,3,fall,3,77,138,68,15,96,37.3
30102760,3,shortness of breath,0,61,112,58,18,99,37.3
30102761,3,headache,5,101,108,111,18,92,37.0
30102762,4,shortness of breath,0,60,140,79,22,98,37.6
30102763,3,shortness of breath,7,88,146,88,18,100,36.0
30102764,2,back pain,9,90,99,104,14,100,37.6
30102765,1,shortness of breath,7,74,96,78,20,97,35.7
30102766,1,anxiety,6,88,171,89,16,99,36.6
30102767,3,chest pain,1,80,132,68,15,94,36.7
30102768,3,abdominal pain,0,99,130,77,7,96,37.0
30102769,3,knee pain,0,97,119,98,21,90,36.8
30102770,3,knee pain,0,71,113,81,23,99,37.6
30102771,2,back pain,9,107,114,72,19,98,37.6
30102772,4,laceration,1,58,121,83,18,100,36.7
30102773,3,fall,0,78,114,89,21,94,36.5
30102774,3,shortness of breath,6,64,120,114,19,92,36.4
30102775,3,abdominal pain,1,66,136,108,20,95,35.7
30102776,3,headache,5,85,132,89,23,98,38.1
30102777,2,fever,6,86,136,88,12,93,37.4
30102778,2,fall,9,59,161,72,24,100,37.0
30102779,4,chest pain,0,123,155,125,25,90,36.9
30102780,3,shortness of breath,6,62,149,95,15,96,35.8
30102781,4,fall,3,98,107,72,24,96,37.4
30102782,3,headache,0,66,145,89,25,99,36.8
30102783,4,laceration,2,71,119,75,18,90,37.1
30102784,3,laceration,5,113,119,74,18,96,36.8
30102785,2,laceration,9,69,130,93,23,99,36.9
30102786,4,anxiety,5,103,114,91,18,98,36.9
30102787,3,fall,1,80,92,76,19,86,37.0
30102788,2,fall,9,86,109,58,20,100,37.6
30102789,3,knee pain,0,89,145,87,19,100,37.8
30102790,4,anxiety,3,85,118,69,22,94,37.5
30102791,3,back pain,5,85,97,92,19,100,37.7
30102792,2,fever,9,84,115,105,16,95,37.4
30102793,5,headache,4,73,104,74,24,95,37.9
30102794,2,laceration,8,99,129,85,17,96,37.7
30102795,3,chest pain,3,92,135,90,19,94,37.6
30102796,3,knee pain,2,101,144,78,18,100,36.9
30102797,3,back pain,2,116,116,113,19,96,36.6
30102798,2,anxiety,9,98,133,56,20,98,37.7
30102799,5,laceration,0,85,106,92,21,95,35.8
30102800,3,back pain,5,78,138,70,18,100,36.5
30102801,3,fever,0,97,102,106,16,99,37.4
30102802,2,headache,7,74,106,85,14,96,35.5
30102803,4,anxiety,3,94,137,57,17,100,36.7
30102804,4,headache,6,98,159,99,8,94,37.1
30102805,4,anxiety,3,82,126,94,14,92,37.6
30102806,3,knee pain,5,54,137,102,20,98,38.0
30102807,3,shortness of breath,6,77,137,76,17,97,37.4
30102808,3,shortness of breath,4,76,119,103,21,98,37.4
30102809,3,headache,1,103,118,77,17,99,37.3
30102810,3,chest pain,4,91,138,103,20,100,37.3
30102811,3,fall,5,93,155,87,20,100,37.6
30102812,3,fall,3,57,136,81,18,92,38.0
30102813,3,abdominal pain,4,77,153,82,20,95,37.3
30102814,2,chest pain,9,91,131,92,19,96,36.6
30102815,3,knee pain,6,60,100,67,16,98,37.1
30102816,3,fever,4,80,131,89,22,94,37.4
30102817,3,headache,0,83,137,83,18,94,36.5
30102818,3,knee pain,4,118,100,96,17,90,37.3
30102819,4,laceration,7,94,118,83,25,99,36.3
30102820,3,chest pain,0,80,138,59,17,98,35.9
30102821,3,chest pain,2,70,100,74,17,97,36.3
30102822,3,laceration,4,61,159,81,18,93,36.0
30102823,4,laceration,5,66,99,83,16,100,37.2
30102824,1,laceration,9,47,152,66,19,96,37.4
30102825,3,chest pain,2,93,149,74,20,97,36.7
30102826,5,knee pain,7,101,107,89,19,92,37.4
30102827,3,fall,3,95,121,84,25,95,36.9
30102828,2,abdominal pain,7,50,117,103,16,94,37.7
30102829,2,fever,6,85,104,91,17,100,37.7
30102830,2,anxiety,8,89,103,77,20,97,37.5
30102831,4,fever,3,100,86,85,24,95,36.9
30102832,4,fever,0,98,126,77,21,95,37.0
30102833,3,anxiety,6,96,170,66,34,100,36.3
30102834,5,fever,0,103,89,90,21,100,38.0
30102835,2,knee pain,7,77,116,61,15,96,35.8
30102836,3,knee pain,3,106,125,55,21,98,36.6
30102837,4,headache,3,68,136,85,17,94,36.9
30102838,3,headache,5,96,132,86,17,97,37.2
30102839,4,headache,1,81,109,74,19,96,37.1
30102840,3,abdominal pain,4,76,122,90,19,92,36.4
30102841,5,anxiety,2,87,137,62,15,97,35.1
30102842,2,shortness of breath,7,115,130,79,21,100,37.6
30102843,2,abdominal pain,8,87,131,92,12,99,36.4
30102844,2,abdominal pain,10,73,109,72,20,97,37.3
30102845,3,fall,0,77,125,84,28,95,36.5
30102846,1,back pain,9,103,93,80,17,97,35.8
30102847,4,anxiety,2,72,130,67,22,97,36.4
30102848,4,shortness of breath,7,75,136,88,17,100,37.1
30102849,5,shortness of breath,6,82,127,65,18,92,36.2
30102850,3,fall,7,84,59,102,21,99,36.0
30102851,3,knee pain,7,110,172,87,19,92,37.6
30102852,2,headache,7,96,112,77,23,94,37.6
30102853,3,knee pain,3,70,126,92,21,99,38.1
30102854,1,knee pain,8,71,158,64,14,97,36.1
30102855,3,shortness of breath,5,98,108,34,17,92,38.0
30102856,3,headache,5,56,160,81,15,94,35.3
30102857,1,headache,8,80,116,80,25,98,37.0
30102858,1,back pain,7,86,155,70,22,100,37.5
30102859,3,shortness of breath,6,75,151,83,15,98,37.4
30102860,4,fever,2,88,120,89,16,99,36.8
30102861,3,laceration,1,104,123,82,17,94,38.7
30102862,4,back pain,2,93,109,79,18,92,37.4
30102863,4,abdominal pain,7,72,123,73,15,96,37.6
30102864,4,fever,4,104,155,72,16,100,36.7
30102865,4,fall,7,91,108,79,24,95,36.9
30102866,4,abdominal pain,0,70,118,61,10,97,35.9
30102867,1,laceration,7,87,122,59,18,98,36.7
30102868,1,abdominal pain,6,69,129,82,21,97,38.5
30102869,3,chest pain,5,78,170,100,17,100,37.2
30102870,3,fever,1,65,147,75,19,96,37.2
30102871,4,headache,7,72,115,75,18,100,36.2
30102872,3,fever,3,71,155,70,20,100,38.1
30102873,3,back pain,2,78,135,53,15,96,37.4
30102874,3,anxiety,5,91,100,70,12,97,36.8
30102875,3,fever,1,109,117,82,22,100,36.2
30102876,2,anxiety,10,90,109,59,13,98,36.2
30102877,3,knee pain,4,89,156,99,25,96,35.3
30102878,5,chest pain,1,95,125,85,21,98,35.2
30102879,3,abdominal pain,4,99,139,71,19,96,36.5
30102880,3,knee pain,4,98,126,96,19,95,37.1
30102881,2,back pain,10,82,112,89,21,100,37.0
30102882,3,chest pain,4,80,165,76,17,97,35.0
30102883,3,knee pain,0,94,124,72,11,98,37.8
30102884,4,anxiety,4,91,147,86,14,100,36.8
30102885,3,knee pain,5,75,169,87,16,92,36.9
30102886,3,knee pain,6,92,127,82,17,90,38.0
30102887,3,anxiety,5,101,96,72,18,100,35.4
30102888,5,fall,0,64,111,78,22,98,37.8
30102889,2,headache,6,80,126,100,24,100,36.2
30102890,4,knee pain,2,80,132,49,22,97,37.8
30102891,3,chest pain,2,80,104,62,20,100,37.7
30102892,3,abdominal pain,7,69,129,72,16,93,37.1
30102893,2,headache,9,94,134,65,12,97,36.2
30102894,3,knee pain,1,83,131,82,14,97,37.6
30102895,1,shortness of breath,7,107,174,71,12,94,36.7
30102896,1,fever,10,99,147,73,24,100,35.3
30102897,2,anxiety,8,79,147,75,14,100,37.1
30102898,1,laceration,8,100,106,57,19,98,36.7
30102899,3,fever,7,61,124,87,12,96,37.9
30102900,3,fever,7,91,148,103,16,97,36.7
30102901,4,anxiety,3,109,131,97,14,95,37.6
30102902,3,shortness of breath,6,85,149,78,19,95,37.8
30102903,5,headache,1,88,125,62,19,97,38.1
30102904,2,fall,6,83,172,91,18,98,37.5
30102905,2,back pain,9,69,131,82,22,94,38.8
30102906,3,knee pain,0,72,104,70,18,98,37.6
30102907,1,fall,7,101,105,86,21,100,36.4
30102908,4,abdominal pain,1,108,117,80,16,100,36.9
30102909,4,knee pain,6,65,138,130,19,99,37.7
30102910,3,headache,0,75,146,61,19,99,36.8
30102911,1,chest pain,10,73,100,46,11,100,38.6
30102912,4,abdominal pain,7,89,155,80,22,96,38.3
30102913,3,fever,3,84,122,88,15,96,37.2
30102914,5,headache,1,67,120,73,13,97,36.4
30102915,3,knee pain,4,89,107,48,13,96,37.0
30102916,2,shortness of breath,6,92,126,77,17,95,37.4
30102917,2,shortness of breath,9,83,117,97,11,95,36.3
30102918,3,anxiety,3,80,111,76,15,95,37.8
30102919,2,back pain,7,127,128,89,23,94,36.7
30102920,1,headache,10,81,162,57,19,98,37.1
30102921,3,abdominal pain,2,83,123,66,17,95,37.3
30102922,3,abdominal pain,6,82,151,75,21,100,37.1
30102923,3,fever,5,76,115,98,20,97,37.2
30102924,3,fever,1,92,112,63,25,97,36.4
30102925,3,laceration,1,82,139,64,18,100,37.8
30102926,2,fall,10,95,131,46,18,98,36.8
30102927,1,chest pain,10,65,118,106,21,98,37.7
30102928,4,fever,4,85,141,76,18,94,36.5
30102929,2,knee pain,7,87,144,67,26,97,36.5
30102930,3,shortness of breath,0,65,141,90,19,100,37.1
30102931,3,knee pain,5,102,123,55,17,100,35.4
30102932,3,knee pain,6,80,105,77,24,96,37.6
30102933,5,laceration,1,64,97,87,15,97,35.3
30102934,3,chest pain,5,109,133,89,14,100,37.3
30102935,2,anxiety,8,96,138,92,18,95,36.4
30102936,3,chest pain,1,65,155,81,10,99,37.2
30102937,3,abdominal pain,4,60,126,90,19,92,37.4
30102938,2,anxiety,10,80,93,75,12,92,37.8
30102939,2,anxiety,6,79,113,75,17,98,37.7
30102940,3,laceration,2,74,110,86,17,98,36.6
30102941,3,abdominal pain,4,88,106,76,24,96,36.1
30102942,2,back pain,8,71,158,81,18,98,37.3
30102943,4,fever,4,75,94,74,11,97,37.0
30102944,4,knee pain,1,99,145,93,14,95,36.3
30102945,3,laceration,7,75,124,98,17,96,37.1
30102946,4,back pain,2,80,110,74,17,94,37.5
30102947,2,fall,7,72,117,71,9,97,37.1
30102948,2,back pain,6,111,87,65,18,100,36.5
30102949,3,fever,3,93,123,86,24,92,37.2
30102950,3,back pain,3,98,121,88,17,91,37.4
30102951,4,anxiety,5,52,107,95,18,99,37.6
30102952,5,fall,3,102,123,97,18,98,37.7
30102953,5,chest pain,7,58,97,93,22,100,36.8
30102954,2,abdominal pain,8,81,113,71,21,98,35.6
30102955,3,chest pain,4,90,136,54,20,100,36.8
30102956,3,fever,0,130,113,85,16,92,38.5
30102957,2,back pain,6,80,148,85,17,98,38.2
30102958,4,knee pain,2,70,95,104,18,97,37.2
30102959,5,fall,4,105,127,80,23,97,37.0
30102960,3,headache,1,87,130,79,16,95,36.9
30102961,3,abdominal pain,1,79,136,68,23,94,35.2
30102962,3,fever,5,88,92,68,13,97,37.0
30102963,3,fall,0,72,92,66,16,100,37.2
30102964,3,laceration,2,96,94,68,17,98,37.1
30102965,3,fever,5,69,133,96,27,100,36.7
30102966,2,back pain,9,100,124,55,20,100,36.0
30102967,3,back pain,1,70,134,87,20,100,35.8
30102968,3,shortness of breath,4,90,121,66,26,95,37.9
30102969,5,knee pain,7,87,99,73,15,100,37.5
30102970,4,knee pain,3,91,140,62,17,93,36.1
30102971,3,laceration,0,81,147,66,20,93,36.9
30102972,3,abdominal pain,1,72,111,81,14,95,38.0
30102973,3,back pain,0,68,100,89,16,94,37.7
30102974,3,back pain,6,98,99,103,18,93,37.6
30102975,3,shortness of breath,0,71,125,99,14,100,37.8
30102976,3,abdominal pain,2,90,72,108,11,96,36.5
30102977,4,laceration,0,75,141,112,17,100,36.7
30102978,3,abdominal pain,4,101,142,75,19,94,35.8
30102979,3,anxiety,7,92,88,90,14,100,37.0
30102980,4,laceration,6,83,163,74,22,96,35.7
30102981,3,laceration,1,92,119,99,15,98,37.4
30102982,3,laceration,5,111,131,97,15,97,37.4
30102983,1,back pain,10,85,134,66,14,100,37.6
30102984,1,back pain,10,95,96,74,16,100,37.9
30102985,2,knee pain,6,79,97,103,19,96,37.6
30102986,3,fever,5,67,128,81,9,96,37.3
30102987,1,fall,10,94,105,80,21,98,37.9
30102988,4,shortness of breath,7,101,92,68,17,91,37.5
30102989,5,knee pain,7,78,142,67,17,96,36.8
30102990,3,anxiety,6,95,131,91,14,95,36.8
30102991,4,chest pain,2,75,106,69,26,100,37.0
30102992,2,shortness of breath,8,64,110,84,17,94,36.2
30102993,3,fever,1,84,160,66,25,95,38.0
30102994,3,fever,5,85,125,78,17,96,37.0
30102995,2,fall,10,73,159,51,18,97,36.6
30102996,3,chest pain,2,85,170,86,15,97,38.4
30102997,2,laceration,8,93,121,89,10,100,37.7
30102998,2,anxiety,7,81,111,96,15,92,37.5
30102999,4,fall,4,63,113,91,18,98,36.5
30103000,3,fever,4,80,94,71,24,100,37.4
30103001,5,back pain,3,110,115,81,17,98,38.2
30103002,2,anxiety,6,77,117,76,10,100,35.9
30103003,3,back pain,1,85,118,59,23,98,39.2
30103004,3,knee pain,7,88,166,44,19,94,37.3
30103005,2,anxiety,10,69,161,94,16,96,36.6
30103006,4,anxiety,4,97,129,82,17,100,37.3
30103007,3,chest pain,5,69,95,70,19,100,36.7
30103008,4,fever,4,80,122,64,18,100,36.9
30103009,2,fever,10,78,165,66,15,96,37.3
30103010,4,back pain,3,93,114,65,28,99,37.2
30103011,4,back pain,6,92,105,89,24,95,37.4
30103012,5,fever,3,67,139,65,23,94,37.0
30103013,3,laceration,4,98,115,83,18,100,37.6
30103014,3,laceration,1,74,152,79,11,92,35.6
30103015,3,fever,7,93,117,81,20,92,37.4
30103016,3,headache,1,98,80,98,18,100,39.0
30103017,3,knee pain,7,74,147,63,15,96,37.5
30103018,3,laceration,3,93,124,79,19,96,38.0
30103019,4,abdominal pain,4,56,141,59,19,97,37.7
30103020,3,laceration,0,77,140,77,19,90,37.1
30103021,3,knee pain,5,96,95,98,17,100,37.2
30103022,1,laceration,9,85,102,94,20,96,37.8
30103023,3,anxiety,7,63,132,70,14,93,38.1
30103024,3,fever,1,104,119,80,21,100,36.8
30103025,4,fall,1,112,127,69,17,96,37.1
30103026,3,fall,6,86,134,91,22,99,37.8
30103027,4,back pain,1,79,162,71,18,94,36.8
30103028,3,fall,0,108,146,78,18,94,37.1
30103029,3,laceration,7,81,122,89,15,100,37.8
30103030,4,fall,4,77,117,59,13,95,38.0
30103031,3,knee pain,0,70,119,83,23,94,38.1
30103032,3,headache,7,106,132,86,21,99,37.6
30103033,3,laceration,3,93,105,123,11,95,36.6
30103034,2,anxiety,9,93,147,97,26,99,37.2
30103035,3,back pain,6,85,118,74,19,96,37.9
30103036,3,shortness of breath,7,99,76,99,19,98,37.7
30103037,3,headache,4,97,160,83,19,100,37.7
30103038,5,back pain,5,85,97,78,26,94,36.6
30103039,3,chest pain,7,68,65,69,15,96,36.4
30103040,3,fever,0,74,176,66,27,98,37.9
30103041,5,back pain,5,58,152,97,20,95,36.6
30103042,5,fall,3,77,101,67,13,100,37.2
30103043,4,headache,7,94,126,61,11,98,38.0
30103044,2,laceration,10,76,148,104,18,96,38.7
30103045,3,fever,7,68,167,79,15,93,36.3
30103046,2,chest pain,7,90,114,77,14,97,37.3
30103047,3,back pain,6,62,112,81,19,100,36.5
30103048,3,shortness of breath,2,77,117,91,23,99,35.3
30103049,4,anxiety,5,82,113,97,11,98,37.6
30103050,3,fever,1,58,144,82,17,96,39.5
30103051,3,fever,7,81,91,72,17,97,37.4
30103052,2,fever,10,98,109,49,12,98,38.4
30103053,2,fever,8,82,133,86,20,96,36.2
30103054,4,fall,5,104,128,103,21,100,37.1
30103055,2,anxiety,10,84,94,77,19,97,37.0
30103056,4,knee pain,4,91,99,65,22,92,37.4
30103057,1,anxiety,9,74,122,90,21,95,37.6
30103058,3,laceration,3,80,118,97,15,100,36.5
30103059,5,headache,7,76,144,104,16,97,36.2
30103060,2,fall,8,85,143,48,19,97,38.1
30103061,3,laceration,4,81,127,65,17,96,37.4
30103062,3,anxiety,5,77,145,76,20,95,37.2
30103063,3,fever,2,87,113,86,17,95,36.5
30103064,3,fever,1,100,154,85,17,100,38.3
30103065,3,shortness of breath,7,126,110,94,18,99,37.7
30103066,3,laceration,0,89,110,81,21,94,36.9
30103067,3,laceration,7,105,131,113,19,96,36.3
30103068,3,headache,6,83,145,81,11,94,38.0
30103069,3,fever,7,70,110,60,22,93,35.3
30103070,5,fever,6,88,144,56,23,95,36.0
30103071,5,laceration,6,80,112,90,21,99,38.1
30103072,3,back pain,3,85,147,87,12,94,36.5
30103073,4,shortness of breath,6,104,110,105,16,100,36.9
30103074,2,fall,10,54,109,49,23,99,36.4
30103075,4,chest pain,5,89,136,93,22,93,37.1
30103076,2,fall,7,58,100,67,22,98,36.3
30103077,4,headache,6,104,106,67,18,94,38.2
30103078,2,shortness of breath,10,78,118,55,16,98,37.0
30103079,3,shortness of breath,6,85,151,72,17,94,37.2
30103080,2,chest pain,6,78,112,70,19,100,37.3
30103081,2,laceration,9,84,94,121,18,100,36.1
30103082,3,back pain,7,94,103,82,16,94,37.4
30103083,2,fall,7,97,91,96,13,97,35.1
30103084,3,chest pain,6,87,152,107,19,96,36.0
30103085,3,abdominal pain,1,72,149,89,16,99,35.5
30103086,3,abdominal pain,2,92,116,97,21,100,37.1
30103087,2,shortness of breath,7,61,128,72,18,95,37.5
30103088,5,fall,1,76,145,92,21,100,35.3
30103089,3,chest pain,4,87,125,82,11,96,36.9
30103090,4,knee pain,5,74,134,76,15,99,37.6
30103091,3,back pain,2,75,143,81,20,92,36.6
30103092,2,knee pain,8,69,139,74,17,98,37.0
30103093,4,fall,7,88,87,102,12,100,36.5
30103094,2,shortness of breath,8,85,149,82,15,100,37.5
30103095,4,headache,3,91,134,71,19,94,36.2
30103096,3,headache,0,68,139,66,25,97,36.4
30103097,3,knee pain,3,91,112,92,20,97,38.5
30103098,3,headache,3,71,110,109,24,98,36.8
30103099,5,laceration,1,99,147,71,16,100,36.7
30103100,5,headache,7,101,125,59,22,100,37.9
30103101,5,laceration,5,85,120,67,19,98,37.6
30103102,3,laceration,4,100,121,97,18,93,37.5
30103103,2,back pain,10,91,127,90,18,98,38.8
30103104,3,shortness of breath,6,48,143,82,21,99,38.6
30103105,3,shortness of breath,1,83,146,86,21,99,36.1
30103106,4,knee pain,6,94,68,65,16,93,36.9
30103107,4,abdominal pain,5,52,121,83,20,97,37.2
30103108,3,headache,7,104,117,98,14,100,35.3
30103109,3,abdominal pain,0,110,145,93,18,94,36.9
30103110,3,abdominal pain,6,101,139,77,19,98,36.5
30103111,3,back pain,5,96,177,68,16,94,36.9
30103112,2,anxiety,10,60,107,83,18,100,37.3
30103113,1,chest pain,8,88,136,54,21,94,34.8
30103114,3,shortness of breath,2,86,153,65,14,100,38.5
30103115,4,headache,1,94,121,95,17,97,35.2
30103116,2,laceration,7,96,138,94,15,93,37.5
30103117,3,laceration,4,96,112,100,22,100,36.8
30103118,4,fall,3,100,139,96,17,97,36.4
30103119,2,anxiety,8,69,135,94,21,97,36.0
30103120,4,fall,0,87,108,77,22,91,36.6
30103121,3,anxiety,3,66,86,89,16,96,37.2
30103122,3,anxiety,0,86,109,97,21,95,35.8
30103123,4,back pain,7,72,109,111,18,96,36.1
30103124,1,headache,6,95,129,76,21,100,36.6
30103125,3,fall,4,99,130,69,9,97,36.0
30103126,4,shortness of breath,6,81,139,64,18,99,37.5
30103127,3,abdominal pain,0,66,64,108,14,100,37.2
30103128,3,fever,1,101,117,74,25,94,36.0
30103129,3,fever,4,90,130,52,18,95,38.0
30103130,5,anxiety,3,102,141,90,21,95,36.8
30103131,2,abdominal pain,6,112,117,50,14,100,36.2
30103132,3,knee pain,1,79,109,85,26,92,37.3
30103133,2,anxiety,6,86,140,100,11,91,36.1
30103134,3,anxiety,1,95,102,93,19,98,37.2
30103135,3,shortness of breath,0,102,117,79,13,93,37.1
30103136,4,laceration,5,92,110,91,22,96,37.4
30103137,3,fever,3,89,135,96,11,96,38.1
30103138,3,knee pain,7,74,125,65,6,95,36.4
30103139,4,abdominal pain,7,74,166,42,18,96,36.9
30103140,2,back pain,8,89,141,33,13,95,37.8
30103141,4,back pain,4,105,120,85,17,98,38.1
30103142,3,abdominal pain,2,78,97,76,15,99,37.3
30103143,3,back pain,1,98,139,87,23,98,37.5
30103144,3,knee pain,4,79,127,66,13,94,37.1
30103145,2,anxiety,9,77,130,68,25,98,35.0
30103146,4,anxiety,0,90,105,114,20,96,36.5
30103147,3,shortness of breath,4,100,124,80,25,93,38.5
30103148,3,headache,2,68,114,93,18,100,36.4
30103149,3,abdominal pain,1,72,141,71,15,95,37.1
30103150,3,abdominal pain,0,70,145,57,19,100,36.4
30103151,2,laceration,6,111,125,108,21,98,37.9
30103152,3,knee pain,7,76,130,69,20,95,37.5
30103153,3,fever,3,78,97,77,23,100,36.6
30103154,3,chest pain,7,100,142,90,24,97,37.1
30103155,4,headache,3,86,128,91,20,100,36.1
30103156,3,anxiety,3,91,142,75,19,98,35.0
30103157,2,knee pain,7,81,90,79,18,97,38.3
30103158,3,abdominal pain,6,89,101,85,13,95,38.0
30103159,3,laceration,4,71,118,73,13,97,36.8
30103160,2,chest pain,10,92,138,83,17,97,37.0
30103161,5,shortness of breath,3,79,107,69,19,95,37.6
30103162,4,back pain,7,69,92,68,19,94,36.5
30103163,4,back pain,3,69,143,70,19,96,35.7
30103164,3,chest pain,0,114,106,87,20,94,37.5
30103165,3,headache,6,68,109,88,20,96,37.8
30103166,3,shortness of breath,2,74,111,102,21,100,37.5
30103167,3,fever,1,100,115,84,18,97,37.3
30103168,3,shortness of breath,3,86,114,81,15,98,36.7
30103169,2,fall,6,103,126,116,14,100,37.1
30103170,5,laceration,6,80,121,66,15,98,36.6
30103171,4,headache,0,88,135,92,11,94,36.5
30103172,3,chest pain,0,122,149,82,23,94,36.2
30103173,3,fall,5,91,140,74,15,100,36.1
30103174,4,anxiety,1,75,94,76,12,96,36.2
30103175,3,fall,3,105,91,89,19,100,36.9
30103176,5,laceration,5,79,137,85,24,98,36.1
30103177,1,anxiety,8,71,130,84,13,99,36.8
30103178,5,shortness of breath,0,73,94,83,7,96,37.9
30103179,2,anxiety,7,101,98,95,14,99,36.7
30103180,2,anxiety,8,103,125,74,15,96,37.2
30103181,3,back pain,7,111,134,94,14,97,36.3
30103182,4,headache,4,82,116,92,20,96,36.7
30103183,3,shortness of breath,1,87,132,86,27,93,37.7
30103184,4,chest pain,7,93,158,72,19,94,36.7
30103185,3,knee pain,5,83,120,98,12,98,35.8
30103186,3,abdominal pain,0,101,105,84,19,97,36.9
30103187,3,fever,1,109,96,75,22,100,36.2
30103188,3,fall,5,106,114,80,22,99,36.9
30103189,4,fever,7,82,159,91,18,97,35.9
30103190,4,laceration,6,77,118,77,19,100,37.0
30103191,3,abdominal pain,5,82,74,82,21,97,39.5
30103192,4,anxiety,1,73,108,99,17,98,36.1
30103193,3,knee pain,3,82,121,88,19,97,37.1
30103194,3,knee pain,3,79,121,72,15,93,36.5
30103195,2,shortness of breath,6,67,151,80,25,95,36.8
30103196,3,abdominal pain,0,100,146,55,20,94,36.3
30103197,4,fall,1,92,132,94,21,98,37.9
30103198,3,fall,1,83,118,91,19,96,37.4
30103199,4,headache,5,94,135,69,15,100,36.4
30103200,3,fall,6,85,119,99,18,99,36.6
30103201,3,fall,5,54,158,67,30,100,36.2
30103202,3,back pain,4,80,137,74,16,94,35.5
30103203,5,laceration,5,91,155,72,15,96,38.8
30103204,3,headache,5,126,124,57,12,91,37.8
30103205,2,headache,8,98,110,75,19,97,36.5
30103206,3,headache,6,45,145,88,14,93,37.5
30103207,3,fever,4,64,139,67,18,98,38.4
30103208,3,shortness of breath,2,76,139,91,16,100,37.9
30103209,3,fever,4,74,137,86,12,97,37.3
30103210,3,headache,6,65,179,60,23,96,36.1
30103211,4,knee pain,3,58,132,85,19,96,37.8
30103212,3,chest pain,1,85,118,79,25,97,35.9
30103213,3,chest pain,2,93,127,69,18,96,37.6
30103214,2,laceration,6,74,110,104,15,95,35.6
30103215,4,back pain,7,79,129,82,17,91,36.5
30103216,3,shortness of breath,4,76,151,86,23,93,37.1
30103217,3,abdominal pain,4,83,91,72,21,97,36.2
30103218,3,abdominal pain,2,91,117,93,22,95,35.9
30103219,3,fall,7,112,116,62,19,94,36.8
30103220,2,fever,7,87,138,107,6,96,36.4
30103221,2,knee pain,7,93,106,91,18,91,36.7
30103222,4,shortness of breath,4,67,132,102,20,98,37.2
30103223,1,back pain,10,75,125,90,11,96,37.1
30103224,3,fall,5,44,137,79,17,100,36.6
30103225,3,headache,1,107,110,102,13,95,36.4
30103226,3,fall,4,62,118,85,20,96,36.0
30103227,3,back pain,2,83,120,92,17,95,35.8
30103228,3,anxiety,7,95,111,88,21,100,36.2
30103229,3,laceration,0,68,148,78,19,94,37.0
30103230,3,back pain,6,79,127,75,17,96,37.6
30103231,3,knee pain,3,102,149,80,21,98,37.1
30103232,3,shortness of breath,3,77,127,64,22,96,36.4
30103233,4,back pain,2,96,107,94,19,100,36.3
30103234,4,back pain,5,113,120,64,11,97,36.6
30103235,2,knee pain,9,61,95,45,19,98,37.9
30103236,2,knee pain,7,70,128,83,20,94,37.7
30103237,4,anxiety,0,67,109,72,22,100,36.5
30103238,3,fever,4,77,104,80,19,100,36.0
30103239,4,laceration,4,100,150,106,22,97,36.3
30103240,3,laceration,6,88,145,64,20,95,37.4
30103241,3,abdominal pain,7,118,93,61,19,93,38.4
30103242,2,anxiety,10,93,86,76,19,90,36.8
30103243,3,chest pain,2,81,128,72,22,96,36.8
30103244,2,fall,8,83,151,75,22,94,36.1
30103245,3,anxiety,6,87,111,82,8,99,36.6
30103246,3,fever,1,96,127,80,17,92,37.7
30103247,4,chest pain,0,75,171,95,19,97,36.6
30103248,3,back pain,1,73,109,70,16,98,37.7
30103249,2,abdominal pain,6,107,106,94,20,95,37.6
30103250,4,fever,0,73,126,103,17,93,37.6
30103251,3,anxiety,0,89,102,104,17,99,38.3
30103252,3,abdominal pain,1,63,134,86,13,100,37.4
30103253,3,chest pain,4,81,129,67,15,90,37.4
30103254,4,chest pain,3,71,76,70,19,96,37.2
30103255,4,fall,2,75,138,82,20,98,38.2
30103256,3,knee pain,2,99,128,99,16,99,38.0
30103257,3,fever,5,84,112,66,19,89,37.7
30103258,4,fall,6,81,129,109,15,97,36.3
30103259,4,back pain,0,71,120,93,15,95,37.3
30103260,4,fever,2,61,118,81,25,92,37.2
30103261,3,anxiety,1,101,140,67,25,94,36.6
30103262,2,back pain,10,90,123,77,18,97,37.7
30103263,2,shortness of breath,7,74,109,96,18,97,39.4
30103264,4,headache,4,78,122,93,20,100,37.5
30103265,3,back pain,5,77,150,81,19,99,35.9
30103266,5,fall,0,65,157,76,23,94,36.7
30103267,2,fever,9,108,149,63,14,99,37.7
30103268,3,laceration,0,70,161,93,15,95,37.7
30103269,5,knee pain,5,92,123,86,19,100,36.8
30103270,1,fall,9,110,144,71,22,96,36.6
30103271,2,knee pain,9,58,125,69,20,100,36.6
30103272,4,knee pain,0,112,89,65,21,95,39.0
30103273,3,knee pain,3,79,120,84,10,97,37.7
30103274,5,laceration,2,82,140,83,20,97,37.6
30103275,3,shortness of breath,1,71,160,89,14,96,38.0
30103276,3,shortness of breath,2,83,121,69,9,98,36.3
30103277,3,anxiety,3,116,89,104,13,93,37.0
30103278,4,shortness of breath,1,76,100,66,20,93,37.7
30103279,2,headache,6,72,102,91,24,98,37.1
30103280,3,fever,6,108,119,61,24,99,37.9
30103281,3,fever,6,82,114,78,17,95,36.9
30103282,3,fever,4,92,137,108,17,93,36.3
30103283,2,knee pain,9,102,131,111,21,97,36.5
30103284,3,abdominal pain,0,79,94,81,17,96,36.8
30103285,4,fever,6,85,99,83,15,98,36.7
30103286,4,abdominal pain,3,96,142,83,19,99,37.3
30103287,3,laceration,4,73,141,74,15,97,37.5
30103288,2,fever,7,118,116,80,15,95,36.9
30103289,1,chest pain,9,100,121,109,21,97,37.7
30103290,3,headache,0,64,96,63,12,91,36.4
30103291,3,fever,1,52,115,74,11,100,36.6
30103292,2,headache,6,63,120,92,16,94,36.3
30103293,2,back pain,8,84,154,85,13,100,37.1
30103294,3,headache,7,102,132,88,24,100,38.1
30103295,5,fall,5,77,106,90,13,100,36.6
30103296,4,shortness of breath,2,62,129,67,26,99,37.3
30103297,3,chest pain,1,77,130,90,17,94,38.3
30103298,3,shortness of breath,2,80,128,75,13,96,37.0
30103299,4,laceration,7,118,104,88,18,100,36.8
30103300,1,fall,8,85,140,62,19,100,36.8
30103301,3,fall,2,99,126,74,21,95,34.7
30103302,2,anxiety,7,79,129,97,19,99,37.1
30103303,2,back pain,10,96,126,76,23,94,37.2
30103304,3,fall,6,91,135,82,17,100,36.7
30103305,3,fever,0,92,146,88,19,93,38.0
30103306,1,laceration,9,96,111,94,17,95,37.0
30103307,3,knee pain,6,83,129,81,14,98,36.5
30103308,5,shortness of breath,4,81,143,60,21,95,37.1
30103309,2,headache,8,86,118,97,15,92,35.4
30103310,3,knee pain,2,85,115,84,13,95,35.9
30103311,3,fever,7,80,106,125,25,98,36.2
30103312,3,chest pain,4,73,111,83,18,97,37.1
30103313,4,laceration,0,93,138,82,20,100,37.7
30103314,4,knee pain,0,73,129,86,18,97,37.2
30103315,1,fever,9,97,113,71,23,99,36.1
30103316,3,abdominal pain,3,85,105,98,17,97,36.2
30103317,3,knee pain,2,88,148,100,16,98,38.0
30103318,3,chest pain,0,81,90,90,17,92,37.2
30103319,3,back pain,5,75,116,86,14,96,39.1
30103320,3,laceration,4,67,117,80,21,99,36.9
30103321,3,anxiety,4,75,111,75,20,96,36.0
30103322,3,abdominal pain,5,74,153,64,21,100,37.6
30103323,3,fall,3,75,120,95,18,95,37.2
30103324,3,fall,1,96,97,79,14,100,37.6
30103325,3,back pain,4,83,174,104,15,91,37.5
30103326,4,chest pain,2,115,145,87,17,94,37.3
30103327,2,fall,9,82,116,68,15,98,37.6
30103328,2,abdominal pain,8,70,133,83,23,96,37.2
30103329,3,shortness of breath,7,95,113,84,15,97,36.8
30103330,4,laceration,4,82,118,88,12,100,38.2
30103331,3,knee pain,3,82,152,70,18,94,37.9
30103332,2,fall,9,99,129,54,22,95,36.6
30103333,2,knee pain,6,102,111,95,23,99,36.6
30103334,4,abdominal pain,0,84,108,87,17,100,37.8
30103335,3,abdominal pain,7,50,151,109,24,95,36.3
30103336,3,back pain,6,74,136,84,19,100,36.6
30103337,3,laceration,7,75,126,77,15,97,36.8
30103338,4,abdominal pain,0,67,95,68,15,95,37.3
30103339,3,fall,4,64,112,88,21,96,35.8
30103340,3,fever,1,91,134,75,11,96,37.9
30103341,3,abdominal pain,3,78,105,85,17,96,37.1
30103342,5,shortness of breath,2,90,135,75,19,98,37.9
30103343,3,abdominal pain,3,95,132,90,19,97,36.8
30103344,3,back pain,0,105,153,72,8,92,36.2
30103345,4,fall,4,96,111,80,11,98,36.4
30103346,4,abdominal pain,4,100,93,78,22,98,35.9
30103347,3,shortness of breath,3,59,124,73,20,96,37.8
30103348,4,back pain,6,103,128,68,21,100,35.2
30103349,3,laceration,7,93,122,114,19,100,37.1
30103350,2,chest pain,10,143,120,95,12,100,37.3
30103351,3,fall,3,95,95,93,13,96,37.8
30103352,2,knee pain,7,94,127,61,22,95,37.1
30103353,3,shortness of breath,1,72,143,64,14,98,36.4
30103354,4,fever,7,79,101,74,22,100,37.3
30103355,3,headache,7,83,140,79,23,98,37.4
30103356,4,knee pain,4,75,143,90,11,97,37.0
30103357,1,abdominal pain,7,97,109,83,26,93,38.2
30103358,3,fever,2,76,133,67,21,100,37.8
30103359,3,chest pain,5,91,99,80,15,100,39.2
30103360,4,knee pain,4,78,123,91,24,95,36.8
30103361,3,chest pain,1,75,91,85,22,99,36.4
30103362,2,abdominal pain,9,60,126,87,17,95,38.4
30103363,3,shortness of breath,7,73,114,94,20,96,37.7
30103364,2,fever,9,75,107,83,14,97,36.9
30103365,3,back pain,0,68,138,72,18,93,37.8
30103366,4,back pain,3,88,135,52,20,98,37.1
30103367,3,headache,3,57,98,51,11,97,36.9
30103368,3,fever,7,68,106,80,21,96,38.0
30103369,3,shortness of breath,6,61,126,94,17,96,38.2
30103370,2,anxiety,6,84,118,91,19,100,36.0
30103371,3,chest pain,0,92,99,83,15,95,36.1
30103372,2,headache,10,75,130,74,16,97,38.7
30103373,3,shortness of breath,6,77,120,96,16,95,37.6
30103374,2,abdominal pain,6,103,120,70,21,96,37.8
30103375,3,anxiety,2,83,141,70,13,93,38.5
30103376,4,chest pain,1,104,93,85,21,96,38.1
30103377,3,shortness of breath,4,108,119,72,15,96,37.3
30103378,4,knee pain,1,90,132,65,19,95,37.5
30103379,3,abdominal pain,3,94,78,97,11,95,36.3
30103380,3,knee pain,7,95,131,115,19,98,36.7
30103381,2,shortness of breath,6,94,143,65,15,97,36.8
30103382,3,knee pain,3,84,136,82,13,94,37.7
30103383,4,headache,6,86,90,102,16,99,35.5
30103384,2,fall,6,85,134,87,21,99,37.1
30103385,3,anxiety,5,74,135,54,22,99,37.1
30103386,1,shortness of breath,8,80,141,75,21,91,37.0
30103387,4,fever,7,73,166,88,21,100,36.2
30103388,5,chest pain,6,100,105,87,13,97,38.0
30103389,2,fall,8,60,122,81,21,96,33.8
30103390,3,shortness of breath,5,84,115,81,19,95,36.9
30103391,3,anxiety,7,68,161,85,18,96,36.7
30103392,3,anxiety,4,84,118,95,22,98,37.1
30103393,3,headache,6,81,143,87,16,100,37.3
30103394,3,knee pain,6,96,134,84,18,96,38.5
30103395,2,fall,6,93,140,78,18,96,37.1
30103396,3,abdominal pain,0,92,125,70,17,93,36.6
30103397,3,fever,2,79,104,80,13,97,37.1
30103398,3,back pain,3,93,119,77,17,94,37.0
30103399,3,anxiety,3,62,108,105,21,100,36.6
30103400,3,knee pain,5,92,98,104,12,96,36.5
30103401,4,chest pain,4,85,131,95,23,100,36.5
30103402,3,anxiety,3,88,118,53,24,93,36.9
30103403,2,chest pain,10,99,108,91,17,95,38.3
30103404,4,fall,6,100,131,106,15,98,36.5
30103405,3,laceration,6,77,115,92,23,96,38.6
30103406,4,anxiety,0,65,129,84,23,97,37.3
30103407,3,headache,0,54,125,85,17,96,36.1
30103408,4,fever,2,79,165,78,17,96,37.7
30103409,3,knee pain,3,90,124,70,21,96,36.1
30103410,2,knee pain,9,81,121,98,20,98,37.0
30103411,4,fever,4,65,141,60,15,100,37.0
30103412,3,abdominal pain,4,103,127,59,22,95,35.1
30103413,3,anxiety,0,82,138,78,24,99,36.8
30103414,3,fall,7,80,117,74,17,100,35.6
30103415,3,laceration,1,89,88,78,22,100,36.5
30103416,3,fall,1,66,109,71,17,98,35.2
30103417,5,headache,1,71,126,92,16,97,37.2
30103418,3,fall,3,99,123,87,20,94,36.9
30103419,3,anxiety,4,66,143,93,21,99,36.1
30103420,3,chest pain,6,110,139,94,17,95,38.2
30103421,4,knee pain,5,60,152,76,15,98,37.7
30103422,3,knee pain,2,93,112,83,26,98,37.1
30103423,3,headache,7,87,103,99,15,96,35.5
30103424,3,knee pain,7,83,122,75,13,97,36.3
30103425,3,back pain,3,43,137,65,12,94,34.7
30103426,4,knee pain,0,72,143,63,15,93,37.6
30103427,1,abdominal pain,9,112,116,95,20,100,38.0
30103428,1,back pain,8,106,123,82,14,100,35.8
30103429,3,laceration,6,66,120,63,21,97,37.7
30103430,3,shortness of breath,6,64,130,59,23,98,36.8
30103431,2,chest pain,6,66,125,77,18,96,37.0
30103432,4,knee pain,6,91,130,83,22,95,36.0
30103433,3,shortness of breath,1,116,120,49,20,100,37.9
30103434,3,shortness of breath,0,77,125,82,25,100,37.5
30103435,3,knee pain,0,75,160,80,25,100,36.7
30103436,4,abdominal pain,6,93,114,68,13,95,37.0
30103437,1,knee pain,10,103,116,100,13,98,38.1
30103438,2,back pain,8,77,125,97,27,94,36.5
30103439,4,fall,7,68,152,72,11,95,37.1
30103440,3,abdominal pain,0,101,121,93,9,92,38.0
30103441,2,fever,8,96,123,66,18,98,37.3
30103442,1,fall,6,93,171,58,26,99,37.6
30103443,2,back pain,7,87,117,86,21,96,35.4
30103444,4,chest pain,5,94,133,62,21,100,37.9
30103445,1,shortness of breath,7,106,99,107,23,95,37.7
30103446,2,fever,7,85,112,85,24,99,35.8
30103447,2,laceration,10,99,110,78,17,96,35.8
30103448,4,back pain,2,74,129,93,16,100,36.6
30103449,3,chest pain,0,103,142,74,14,99,36.1
30103450,2,fever,6,123,127,81,16,96,36.7
30103451,2,fever,10,68,116,56,18,98,37.9
30103452,3,headache,0,92,131,110,13,99,36.0
30103453,4,fever,7,83,139,84,21,96,37.3
30103454,4,chest pain,6,87,100,84,26,95,35.3
30103455,3,anxiety,6,94,129,103,18,93,37.3
30103456,4,chest pain,2,92,107,63,16,98,35.8
30103457,3,headache,6,87,119,85,15,96,36.1
30103458,3,knee pain,6,85,98,94,16,93,37.3
30103459,4,knee pain,5,86,149,79,22,100,37.3
30103460,4,anxiety,6,108,127,68,26,94,36.7
30103461,3,shortness of breath,6,78,113,68,13,93,38.6
30103462,2,knee pain,6,100,128,60,12,95,38.6
30103463,4,abdominal pain,0,78,116,79,13,95,37.5
30103464,2,knee pain,6,58,143,81,12,94,36.9
30103465,3,knee pain,5,64,128,74,26,100,36.5
30103466,3,shortness of breath,1,93,152,87,14,100,37.8
30103467,3,knee pain,5,76,113,52,23,97,36.8
30103468,2,abdominal pain,7,94,104,96,10,100,37.0
30103469,3,back pain,1,73,139,64,15,99,35.8
30103470,3,knee pain,3,86,131,99,18,97,37.0
30103471,2,knee pain,9,78,128,85,20,100,38.2
30103472,3,abdominal pain,7,88,148,75,18,98,37.5
30103473,4,fall,1,97,131,77,25,92,37.5
30103474,3,back pain,7,83,114,102,27,98,36.7
30103475,3,back pain,0,99,125,85,15,99,37.1
30103476,2,laceration,8,94,151,92,23,99,36.9
30103477,4,fever,1,81,118,97,16,100,37.7
30103478,3,chest pain,7,93,123,80,22,97,37.2
30103479,3,fall,2,77,136,81,18,92,34.7
30103480,3,chest pain,5,56,109,93,17,93,37.5
30103481,3,abdominal pain,7,74,114,81,15,95,36.5
30103482,2,shortness of breath,10,112,131,92,19,94,35.8
30103483,3,chest pain,7,93,114,91,19,98,39.0
30103484,3,shortness of breath,4,81,150,88,23,95,37.5
30103485,4,laceration,3,102,137,94,20,98,37.4
30103486,5,laceration,1,66,135,70,21,98,36.4
30103487,4,fall,0,87,151,71,14,93,37.1
30103488,3,anxiety,5,78,120,52,18,100,36.1
30103489,3,abdominal pain,1,86,143,78,12,92,37.8
30103490,3,anxiety,3,72,139,75,27,97,35.2
30103491,3,fall,4,74,153,105,19,96,36.3
30103492,4,fall,5,75,129,109,24,97,37.5
30103493,2,fall,10,84,104,89,20,97,36.5
30103494,3,fever,6,91,148,89,14,100,37.4
30103495,4,headache,7,105,127,78,13,97,38.8
30103496,4,anxiety,4,94,151,72,18,99,36.8
30103497,1,anxiety,6,96,136,95,17,100,38.1
30103498,3,abdominal pain,3,73,86,109,17,99,37.3
30103499,3,abdominal pain,6,87,88,72,16,98,37.2
30103500,2,shortness of breath,10,100,134,51,16,95,36.4
30103501,3,back pain,6,89,116,53,21,99,38.1
30103502,2,shortness of breath,7,85,144,70,16,100,36.5
30103503,2,chest pain,10,81,99,69,24,100,37.4
30103504,4,headache,7,107,146,85,25,100,38.0
30103505,4,shortness of breath,1,90,116,80,10,96,36.8
30103506,3,fever,7,99,108,60,23,95,37.9
30103507,4,abdominal pain,4,90,105,73,15,99,36.7
30103508,2,shortness of breath,7,96,144,79,23,96,37.3
30103509,3,laceration,2,82,134,70,21,95,35.3
30103510,3,shortness of breath,2,91,102,91,20,96,36.5
30103511,3,knee pain,5,82,125,83,17,97,37.5
30103512,3,fever,7,87,99,105,22,100,37.2
30103513,3,laceration,6,52,149,77,14,96,38.0
30103514,2,shortness of breath,8,93,118,97,19,99,36.7
30103515,4,back pain,6,66,135,90,15,96,36.6
30103516,3,knee pain,6,96,147,78,15,94,36.3
30103517,3,back pain,7,67,143,60,21,97,36.3
30103518,3,fall,1,77,109,78,20,96,36.7
30103519,2,fever,7,77,102,79,17,94,35.7
30103520,4,anxiety,1,54,115,102,15,99,37.7
30103521,2,fall,9,56,105,101,16,92,36.1
30103522,3,fever,4,82,141,62,15,98,37.0
30103523,3,shortness of breath,3,119,119,63,18,95,37.9
30103524,4,knee pain,6,81,115,75,13,95,36.6
30103525,3,shortness of breath,0,58,110,90,15,97,38.1
30103526,3,chest pain,4,73,109,71,21,99,38.0
30103527,5,fall,0,94,98,52,13,97,37.3
30103528,3,shortness of breath,5,75,138,85,19,96,37.5
30103529,4,shortness of breath,3,70,148,83,18,100,37.9
30103530,3,abdominal pain,7,88,116,77,24,97,35.1
30103531,3,knee pain,3,86,109,59,22,98,38.1
30103532,3,shortness of breath,6,67,156,57,17,93,39.3
30103533,4,anxiety,4,93,130,98,19,89,36.3
30103534,4,knee pain,7,98,121,77,20,96,36.1
30103535,4,knee pain,5,74,100,114,19,96,36.8
30103536,3,back pain,6,107,83,77,19,94,38.0
30103537,3,abdominal pain,1,97,124,64,14,100,37.6
30103538,3,anxiety,0,86,110,69,20,99,36.9
30103539,2,back pain,10,85,99,45,19,93,36.4
30103540,2,headache,9,84,127,73,11,96,38.0
30103541,3,back pain,2,80,95,72,20,94,36.0
30103542,3,back pain,7,100,148,91,16,100,37.3
30103543,4,headache,7,71,105,71,15,97,37.4
30103544,2,anxiety,10,85,128,69,13,97,37.6
30103545,4,laceration,5,78,124,65,19,97,36.1
30103546,4,headache,0,72,100,60,19,95,36.0
30103547,5,chest pain,3,79,149,105,17,98,36.4
30103548,4,back pain,3,83,102,79,22,99,36.4
30103549,3,fall,4,87,125,77,21,99,37.1
30103550,2,abdominal pain,9,78,136,66,13,96,36.8
30103551,3,fever,6,119,131,77,22,94,36.2
30103552,2,shortness of breath,7,93,159,105,15,99,37.3
30103553,3,headache,7,53,128,81,19,95,36.8
30103554,4,back pain,7,102,141,95,19,94,37.3
30103555,4,shortness of breath,2,107,97,60,9,98,35.5
30103556,3,back pain,7,98,150,71,22,98,36.6
30103557,3,fever,4,113,116,70,17,100,37.1
30103558,2,laceration,10,117,124,94,16,98,35.2
30103559,4,shortness of breath,4,91,97,84,17,100,36.6
30103560,3,headache,3,75,140,65,13,97,37.0
30103561,3,shortness of breath,4,94,134,72,15,93,36.0
30103562,3,fever,4,103,182,74,23,97,35.8
30103563,3,chest pain,2,72,135,92,11,94,37.2
30103564,3,fever,0,101,128,88,19,95,37.7
30103565,2,fever,10,74,119,44,17,97,37.2
30103566,3,chest pain,1,70,108,65,20,96,36.9
30103567,3,anxiety,4,108,95,53,18,96,36.2
30103568,3,fall,4,88,133,67,17,100,36.8
30103569,3,back pain,2,90,130,49,19,94,37.9
30103570,2,headache,8,78,154,80,10,94,37.9
30103571,4,fever,3,94,124,81,22,92,37.5
30103572,3,fall,7,82,125,78,18,100,35.9
30103573,3,laceration,6,84,112,72,17,91,36.7
30103574,2,back pain,8,69,111,73,18,97,37.3
30103575,3,knee pain,0,83,130,97,19,95,36.2
30103576,3,shortness of breath,0,93,117,73,14,100,38.0
30103577,3,fall,3,74,107,87,16,100,35.7
30103578,3,headache,7,105,112,86,19,94,35.8
30103579,4,shortness of breath,1,93,136,87,13,98,35.3
30103580,3,fever,1,82,141,71,19,96,36.1
30103581,3,laceration,4,76,117,70,16,100,37.5
30103582,2,fever,7,107,94,95,16,98,36.4
30103583,2,fall,10,110,115,73,24,98,37.3
30103584,3,back pain,4,81,140,76,20,99,37.3
30103585,3,headache,3,99,118,88,8,98,36.7
30103586,3,anxiety,3,102,85,68,19,93,36.4
30103587,3,anxiety,7,93,112,73,19,93,36.0
30103588,4,fever,3,62,156,67,15,91,38.5
30103589,4,anxiety,2,93,105,88,26,93,37.6
30103590,2,shortness of breath,9,82,105,43,25,100,38.6
30103591,3,shortness of breath,2,74,127,88,16,100,37.5
30103592,3,back pain,0,87,92,65,16,97,37.0
30103593,2,abdominal pain,9,57,104,53,19,99,36.4
30103594,3,shortness of breath,4,82,75,102,18,97,36.8
30103595,3,anxiety,7,117,123,67,16,92,36.7
30103596,2,headache,7,71,134,65,17,95,36.6
30103597,3,fever,1,99,118,73,20,100,37.6
30103598,3,headache,2,66,110,37,18,93,36.4
30103599,3,fall,6,98,114,68,24,99,37.3
30103600,3,shortness of breath,5,71,133,77,22,100,36.3
30103601,2,chest pain,9,93,128,100,15,95,37.3
30103602,3,knee pain,3,91,131,101,18,97,37.3
30103603,2,abdominal pain,9,117,108,89,19,99,37.2
30103604,3,fall,2,99,150,62,21,91,35.8
30103605,2,back pain,9,82,110,87,19,95,35.9
30103606,4,abdominal pain,1,70,133,47,19,99,36.0
30103607,3,anxiety,3,96,102,95,19,95,37.3
30103608,2,chest pain,10,92,127,83,17,97,35.6
30103609,3,headache,4,95,136,97,23,92,38.6
30103610,4,anxiety,2,85,87,100,19,96,37.3
30103611,3,chest pain,7,72,133,57,18,100,37.2
30103612,3,knee pain,3,103,121,84,20,100,38.4
30103613,2,fever,9,63,110,90,18,91,38.3
30103614,5,headache,3,48,128,89,19,95,35.6
30103615,3,back pain,0,81,128,70,19,92,38.5
30103616,3,chest pain,4,76,126,73,13,97,36.2
30103617,4,chest pain,6,112,136,107,21,94,36.7
30103618,3,headache,2,87,134,102,13,100,36.5
30103619,3,abdominal pain,6,98,90,66,22,96,38.4
30103620,3,abdominal pain,4,67,91,79,22,100,36.6
30103621,3,fever,5,99,115,66,17,100,37.2
30103622,3,abdominal pain,7,121,136,66,21,100,37.8
30103623,3,knee pain,2,92,164,84,13,99,36.7
30103624,2,shortness of breath,6,79,105,62,15,98,37.5
30103625,1,laceration,7,91,112,95,17,100,39.3
30103626,4,abdominal pain,4,55,109,83,15,100,36.5
30103627,3,fall,2,80,120,80,17,100,36.5
30103628,2,laceration,10,109,103,86,13,90,37.2
30103629,3,headache,7,104,90,82,22,98,37.2
30103630,1,fever,7,56,124,60,17,96,37.3
30103631,4,abdominal pain,6,88,139,80,15,98,37.7
30103632,4,back pain,5,85,149,67,14,100,36.5
30103633,4,fever,4,100,118,87,16,100,37.8
30103634,3,anxiety,3,91,135,99,14,100,36.1
30103635,3,fever,7,111,155,78,14,99,36.9
30103636,2,laceration,7,79,163,95,13,93,36.6
30103637,3,chest pain,3,71,122,77,23,94,36.5
30103638,5,fever,6,80,125,67,21,99,38.3
30103639,3,laceration,1,103,135,87,17,97,38.5
30103640,2,knee pain,9,70,107,98,16,100,36.8
30103641,1,fall,9,80,151,91,14,98,37.5
30103642,3,back pain,0,60,116,63,19,97,36.5
30103643,2,anxiety,8,72,85,66,20,98,38.0
30103644,3,back pain,7,94,130,66,18,100,37.0
30103645,2,fever,7,71,145,49,12,92,37.5
30103646,3,fever,0,103,112,83,15,95,37.0
30103647,4,shortness of breath,2,85,127,75,6,93,36.3
30103648,3,abdominal pain,1,99,135,85,15,100,37.4
30103649,3,back pain,5,99,143,99,21,91,37.6
30103650,2,fever,7,96,126,74,19,100,37.4
30103651,3,chest pain,5,86,90,83,18,96,37.0
30103652,4,shortness of breath,3,89,76,98,20,98,37.1
30103653,3,knee pain,1,97,121,66,15,94,37.2
30103654,3,back pain,0,66,169,59,22,98,37.1
30103655,2,chest pain,8,135,140,85,14,97,36.6
30103656,3,back pain,2,72,130,57,14,92,36.8
30103657,4,knee pain,0,71,124,95,21,98,35.5
30103658,3,knee pain,0,126,81,100,24,100,38.6
30103659,2,laceration,7,103,128,71,19,95,37.6
30103660,3,fever,1,83,107,70,16,94,35.8
30103661,2,laceration,9,93,141,82,22,93,38.3
30103662,3,knee pain,4,77,121,99,18,92,38.4
30103663,4,fall,4,82,116,78,18,98,35.7
30103664,4,back pain,2,65,115,98,18,98,37.4
30103665,3,fever,5,81,107,87,19,93,38.1
30103666,3,fall,2,99,125,91,24,93,37.0
30103667,2,fever,8,66,114,68,19,92,37.0
30103668,4,fever,0,56,144,89,13,98,36.8
30103669,5,shortness of breath,1,74,172,94,12,96,37.1
30103670,3,chest pain,7,65,129,89,20,97,37.8
30103671,5,chest pain,5,81,120,51,27,94,36.2
30103672,3,chest pain,4,104,137,78,16,100,37.7
30103673,3,fall,7,71,128,95,19,99,36.1
30103674,3,chest pain,1,78,119,72,20,94,37.0
30103675,3,shortness of breath,5,94,139,67,19,98,36.9
30103676,2,knee pain,8,106,106,71,21,92,37.1
30103677,3,chest pain,2,89,161,89,13,100,36.9
30103678,5,knee pain,4,95,158,111,22,95,37.3
30103679,4,anxiety,6,67,117,108,24,95,37.2
30103680,3,abdominal pain,0,98,116,114,8,93,38.8
30103681,2,laceration,8,82,121,99,19,100,37.5
30103682,2,back pain,8,97,127,82,14,97,36.3
30103683,5,chest pain,6,77,140,68,16,98,37.0
30103684,3,knee pain,0,69,146,85,17,96,36.7
30103685,5,fall,2,85,150,82,17,95,36.7
30103686,4,anxiety,0,91,123,91,20,96,38.2
30103687,3,chest pain,5,77,123,89,27,96,37.7
30103688,4,headache,2,88,133,120,20,99,37.4
30103689,3,laceration,1,72,129,75,16,94,35.6
30103690,3,fever,7,76,139,96,13,96,36.9
30103691,3,knee pain,1,78,137,92,16,100,37.6
30103692,3,abdominal pain,5,89,122,106,17,100,35.8
30103693,3,laceration,0,76,93,107,17,100,37.7
30103694,3,fever,7,92,112,100,18,97,37.6
30103695,3,shortness of breath,3,86,134,85,14,100,35.3
30103696,3,back pain,1,73,128,67,13,100,36.8
30103697,3,abdominal pain,1,69,155,100,20,99,36.0
30103698,3,anxiety,1,85,129,93,18,98,36.3
30103699,3,fall,0,76,112,91,10,100,36.7
30103700,3,fever,1,94,112,71,15,96,36.9
30103701,3,anxiety,6,60,114,68,21,94,36.3
30103702,3,headache,2,90,151,82,16,100,38.1
30103703,3,knee pain,1,123,121,71,24,99,38.1
30103704,3,back pain,3,81,105,82,26,99,37.8
30103705,3,headache,5,103,109,78,15,96,35.7
30103706,3,back pain,3,59,117,73,21,100,36.3
30103707,3,back pain,0,118,124,63,21,100,37.1
30103708,3,shortness of breath,5,107,101,75,20,96,37.0
30103709,3,back pain,7,84,166,69,21,100,37.7
30103710,1,chest pain,8,107,120,71,23,97,38.3
30103711,3,headache,3,71,141,102,20,96,37.0
30103712,1,headache,6,65,105,75,22,93,37.6
30103713,4,back pain,2,102,140,91,16,92,37.5
30103714,3,fever,4,91,121,93,17,95,36.4
30103715,3,shortness of breath,3,73,143,79,19,97,36.3
30103716,3,abdominal pain,0,90,110,71,18,99,36.0
30103717,4,fever,0,90,126,98,21,95,37.3
30103718,1,fall,6,98,141,57,15,99,35.8
30103719,3,shortness of breath,2,64,128,96,20,98,36.0
30103720,5,anxiety,6,84,84,94,24,96,35.9
30103721,3,fever,2,75,113,97,14,98,39.0
30103722,3,chest pain,6,104,76,84,17,96,36.7
30103723,1,fever,7,67,132,77,19,98,37.3
30103724,2,knee pain,10,104,92,102,14,99,36.1
30103725,3,chest pain,0,103,118,95,23,100,36.3
30103726,3,anxiety,5,90,139,78,19,96,37.4
30103727,3,abdominal pain,5,82,131,62,9,100,36.4
30103728,3,fall,5,103,145,74,20,99,37.6
30103729,4,abdominal pain,3,84,131,86,24,96,37.4
30103730,3,anxiety,7,76,130,72,11,100,36.7
30103731,3,fever,7,114,125,84,14,100,38.0
30103732,2,knee pain,10,93,77,84,12,98,36.5
30103733,4,back pain,0,62,140,91,23,98,37.3
30103734,3,fall,5,96,113,78,15,98,37.5
30103735,3,fall,7,87,131,70,9,98,36.7
30103736,3,anxiety,2,64,139,85,15,95,37.8
30103737,2,shortness of breath,6,72,100,85,20,92,37.4
30103738,3,headache,4,77,125,94,16,100,35.9
30103739,3,anxiety,2,101,121,90,17,96,36.4
30103740,4,knee pain,7,78,121,64,24,100,37.4
30103741,1,anxiety,6,107,106,91,20,100,36.8
30103742,3,anxiety,3,94,97,65,14,92,36.9
30103743,3,laceration,1,76,141,74,19,96,37.7
30103744,3,back pain,7,76,126,81,18,97,37.4
30103745,3,anxiety,4,70,142,77,17,96,38.2
30103746,4,fever,4,94,122,75,17,94,37.1
30103747,3,headache,7,79,121,64,25,93,36.4
30103748,3,laceration,2,96,124,79,21,99,37.0
30103749,3,chest pain,3,85,156,83,22,96,37.9
30103750,4,shortness of breath,1,76,118,93,16,100,36.4
30103751,1,laceration,7,72,85,67,13,95,38.4
30103752,2,knee pain,8,80,125,75,20,93,36.2
30103753,2,knee pain,8,79,141,59,17,94,37.4
30103754,3,back pain,0,65,142,82,14,93,36.4
30103755,3,laceration,2,97,115,72,13,96,37.0
30103756,4,chest pain,0,55,83,51,13,97,36.4
30103757,3,knee pain,2,76,148,91,9,97,35.5
30103758,3,fall,5,74,111,108,19,95,36.6
30103759,3,shortness of breath,6,89,97,91,25,100,38.8
30103760,4,laceration,4,81,112,89,16,100,37.0
30103761,3,fall,3,64,111,96,20,100,38.4
30103762,2,anxiety,9,72,119,65,20,97,35.7
30103763,1,shortness of breath,7,102,130,91,16,98,36.3
30103764,3,anxiety,0,83,141,88,18,95,36.1
30103765,3,laceration,2,77,118,96,21,93,36.1
30103766,2,abdominal pain,8,87,88,92,18,95,36.5
30103767,2,anxiety,8,73,143,86,16,92,35.9
30103768,3,back pain,4,47,142,50,29,94,36.0
30103769,4,fever,0,66,124,66,19,93,36.8
30103770,5,anxiety,1,89,142,57,6,100,37.1
30103771,3,laceration,1,53,122,83,16,98,37.1
30103772,3,laceration,4,89,125,69,16,94,37.8
30103773,4,knee pain,6,91,135,97,8,98,36.6
30103774,3,anxiety,0,89,158,68,20,99,37.9
30103775,3,laceration,3,89,128,80,14,96,36.1
30103776,3,shortness of breath,0,97,162,52,14,99,36.3
30103777,3,shortness of breath,3,107,117,84,17,93,38.2
30103778,3,shortness of breath,6,84,139,79,21,93,36.5
30103779,4,shortness of breath,7,90,145,58,17,92,37.8
30103780,3,anxiety,4,73,118,70,16,94,36.1
30103781,3,chest pain,2,82,151,87,16,100,37.0
30103782,3,laceration,5,74,106,86,22,100,37.0
30103783,3,chest pain,2,62,153,79,16,90,37.4
30103784,1,chest pain,8,78,144,39,25,99,35.4
30103785,3,knee pain,4,98,190,56,28,93,36.6
30103786,3,fever,4,99,148,97,20,100,35.7
30103787,3,anxiety,4,62,154,73,22,94,35.3
30103788,3,laceration,0,67,134,71,21,98,36.8
30103789,4,fall,2,99,156,82,16,94,37.7
30103790,3,headache,0,78,138,96,18,98,37.5
30103791,5,fever,4,84,138,86,17,99,35.5
30103792,3,laceration,4,66,127,56,10,92,37.9
30103793,2,fever,9,69,122,101,13,96,38.1
30103794,4,laceration,4,81,108,94,17,92,36.9
30103795,4,fever,0,113,142,95,15,98,36.8
30103796,3,chest pain,0,93,120,77,15,100,37.1
30103797,3,back pain,4,71,127,64,12,100,34.9
30103798,5,shortness of breath,2,80,146,73,22,100,37.9
30103799,5,knee pain,3,71,97,58,19,100,37.2
30103800,3,anxiety,7,77,119,73,23,95,37.3
30103801,4,chest pain,4,73,108,89,19,88,38.8
30103802,4,anxiety,2,104,136,86,23,98,36.8
30103803,3,abdominal pain,0,77,103,75,13,94,37.4
30103804,3,shortness of breath,0,79,140,85,18,92,36.9
30103805,3,abdominal pain,4,76,179,88,21,100,35.9
30103806,3,anxiety,7,87,116,83,20,95,38.1
30103807,3,fever,2,69,90,88,15,98,36.8
30103808,3,knee pain,0,77,138,66,20,94,37.0
30103809,3,back pain,6,81,163,90,21,100,37.0
30103810,4,back pain,6,109,156,90,14,92,38.0
30103811,4,back pain,2,90,111,104,16,98,36.8
30103812,3,laceration,2,76,119,85,18,97,36.1
30103813,4,headache,5,122,98,81,17,98,36.1
30103814,3,fever,2,61,110,85,18,100,37.5
30103815,2,abdominal pain,6,84,124,83,17,98,35.8
30103816,4,shortness of breath,1,81,161,83,19,97,37.2
30103817,4,laceration,4,73,158,85,14,100,37.6
30103818,3,fall,6,98,118,103,22,99,36.4
30103819,4,chest pain,1,79,84,75,11,97,36.1
30103820,4,chest pain,6,70,171,67,17,100,36.7
30103821,3,back pain,1,63,147,93,22,96,36.0
30103822,2,chest pain,8,76,113,80,22,98,36.8
30103823,2,shortness of breath,6,118,114,74,18,100,37.8
30103824,3,fall,5,53,129,75,23,96,37.9
30103825,2,fever,7,101,165,69,21,100,36.2
30103826,4,fever,4,83,161,82,21,95,36.3
30103827,4,headache,5,100,138,74,18,92,37.1
30103828,2,laceration,7,72,96,95,18,93,36.8
30103829,3,back pain,6,72,102,69,9,98,36.6
30103830,3,chest pain,4,64,141,75,15,100,37.2
30103831,3,back pain,0,77,136,76,18,100,38.5
30103832,3,abdominal pain,7,98,98,60,16,100,36.6
30103833,3,knee pain,3,101,100,80,18,97,37.3
30103834,2,knee pain,9,128,135,81,17,100,37.1
30103835,4,laceration,2,58,113,83,17,92,35.8
30103836,4,chest pain,2,93,107,76,17,94,37.0
30103837,2,fever,8,91,137,45,18,97,37.6
30103838,2,laceration,10,91,149,79,13,97,36.8
30103839,3,fever,4,112,97,112,15,95,37.9
30103840,3,fever,5,80,194,96,19,100,37.1
30103841,2,headache,6,66,110,94,17,98,36.5
30103842,3,anxiety,6,66,125,67,13,99,36.6
30103843,3,fall,2,66,106,89,18,100,36.5
30103844,4,headache,5,97,164,91,22,95,37.6
30103845,3,headache,0,69,118,63,16,95,36.4
30103846,3,back pain,3,96,137,99,18,95,37.0
30103847,2,anxiety,8,90,103,83,18,97,36.1
30103848,3,shortness of breath,7,77,134,87,17,96,36.5
30103849,3,anxiety,7,100,116,66,10,94,37.9
30103850,4,fall,4,86,75,63,18,96,36.4
30103851,2,abdominal pain,8,95,139,76,19,89,38.6
30103852,3,headache,6,60,150,104,16,97,36.3
30103853,2,laceration,10,110,134,91,17,95,35.9
30103854,3,headache,4,92,156,80,22,97,38.1
30103855,4,anxiety,0,89,144,66,20,100,36.6
30103856,3,back pain,4,60,142,63,17,97,37.0
30103857,3,chest pain,5,87,158,81,20,96,37.3
30103858,3,back pain,4,99,131,73,16,93,37.7
30103859,3,shortness of breath,6,84,107,69,16,96,36.0
30103860,3,knee pain,7,93,102,67,16,96,38.4
30103861,4,headache,5,85,111,100,13,93,36.6
30103862,3,fall,2,95,137,98,13,96,36.3
30103863,4,headache,3,68,132,94,16,97,38.3
30103864,3,anxiety,2,65,146,90,13,99,37.4
30103865,3,back pain,2,78,150,71,11,98,37.4
30103866,4,abdominal pain,4,70,113,88,23,98,38.1
30103867,4,fall,5,82,128,74,21,100,37.5
30103868,2,back pain,10,69,174,76,17,98,37.2
30103869,5,fall,4,76,153,106,13,100,36.6
30103870,3,anxiety,1,100,110,90,21,94,37.1
30103871,3,back pain,5,106,127,102,21,97,36.9
30103872,3,fever,0,69,109,84,23,97,37.0
30103873,3,fall,1,68,134,63,16,97,38.3
30103874,2,headache,8,72,132,80,25,100,36.0
30103875,3,laceration,0,61,113,67,21,97,37.0
30103876,3,fever,0,101,121,73,19,95,36.8
30103877,4,shortness of breath,7,93,136,84,15,92,36.0
30103878,3,chest pain,0,107,137,81,24,97,35.3
30103879,2,fever,6,89,87,92,12,94,36.9
30103880,2,fall,8,56,112,75,20,97,35.5
30103881,3,fever,7,75,111,80,16,100,37.1
30103882,4,headache,4,71,142,129,21,96,37.8
30103883,4,shortness of breath,4,98,111,94,24,99,37.3
30103884,4,fever,0,71,99,85,17,95,36.7
30103885,3,laceration,1,87,112,67,18,100,37.9
30103886,4,chest pain,2,75,119,75,26,96,37.0
30103887,2,back pain,8,75,78,83,10,93,36.6
30103888,5,shortness of breath,7,88,121,90,16,95,36.1
30103889,3,abdominal pain,3,58,84,99,13,90,36.8
30103890,1,laceration,6,73,127,74,17,99,38.3
30103891,2,abdominal pain,6,90,103,92,22,95,37.0
30103892,3,fever,6,83,131,86,19,93,37.7
30103893,4,laceration,4,90,115,71,17,96,37.8
30103894,1,fall,9,64,100,64,23,90,36.4
30103895,4,fall,0,80,153,73,20,93,37.5
30103896,3,fever,4,46,137,74,17,99,37.8
30103897,2,shortness of breath,9,93,107,63,18,100,37.0
30103898,2,anxiety,7,98,145,92,17,99,37.2
30103899,3,back pain,7,84,137,79,17,97,38.3
30103900,3,abdominal pain,3,97,132,99,20,100,37.0
30103901,2,fever,8,108,147,106,18,99,34.9
30103902,2,chest pain,7,83,120,90,23,95,38.3
30103903,5,laceration,0,62,94,76,10,94,34.9
30103904,3,shortness of breath,2,111,105,96,14,96,37.3
30103905,3,shortness of breath,4,80,139,97,19,97,39.2
30103906,3,headache,2,96,139,96,19,93,35.5
30103907,3,shortness of breath,2,69,172,73,20,99,37.4
30103908,3,anxiety,4,97,135,59,18,93,36.0
30103909,2,knee pain,10,101,144,62,15,96,36.6
30103910,3,anxiety,3,94,144,76,15,99,35.7
30103911,2,chest pain,7,95,101,83,12,98,38.4
30103912,4,back pain,5,101,132,93,14,100,36.6
30103913,2,fever,7,80,113,61,14,97,36.7
30103914,2,laceration,6,65,135,88,18,95,36.9
30103915,5,knee pain,3,93,119,95,19,98,36.9
30103916,2,headache,10,49,147,77,21,99,37.1
30103917,2,fever,8,91,145,69,23,96,36.4
30103918,3,chest pain,1,78,103,71,16,97,36.9
30103919,3,chest pain,6,76,104,48,13,96,37.5
30103920,3,laceration,0,92,144,80,22,97,37.6
30103921,3,headache,4,81,120,87,15,95,36.0
30103922,4,chest pain,6,79,109,86,19,94,36.7
30103923,4,anxiety,0,78,120,53,16,95,36.3
30103924,1,abdominal pain,7,74,137,103,15,100,37.3
30103925,4,shortness of breath,3,82,99,111,27,95,38.7
30103926,4,shortness of breath,0,84,166,71,18,96,37.7
30103927,3,fever,6,81,153,90,17,92,37.4
30103928,3,laceration,4,97,137,70,20,96,36.6
30103929,3,abdominal pain,7,112,112,86,13,98,36.1
30103930,3,abdominal pain,1,87,130,95,24,96,37.9
30103931,3,knee pain,7,87,144,76,13,96,38.0
30103932,2,chest pain,9,66,121,65,15,100,36.7
30103933,4,anxiety,4,68,117,81,17,97,36.5
30103934,4,fall,5,93,105,84,12,94,37.1
30103935,5,knee pain,4,92,142,96,23,92,36.9
30103936,4,shortness of breath,0,109,119,67,21,98,38.0
30103937,4,fall,1,103,117,100,15,100,37.7
30103938,3,abdominal pain,5,82,130,83,22,97,37.2
30103939,4,shortness of breath,4,76,103,100,22,94,37.5
30103940,5,headache,6,99,121,55,26,100,35.4
30103941,2,anxiety,10,87,100,89,19,100,37.0
30103942,3,laceration,7,68,117,72,18,100,36.1
30103943,4,fever,7,80,109,79,17,96,36.4
30103944,5,fall,0,117,154,74,20,97,36.2
30103945,5,back pain,7,82,119,64,15,100,36.6
30103946,4,back pain,4,70,139,74,23,96,37.1
30103947,2,shortness of breath,6,83,147,48,20,98,35.8
30103948,3,anxiety,5,82,126,76,14,96,37.9
30103949,2,abdominal pain,6,84,114,85,17,100,36.8
30103950,4,headache,4,89,113,80,18,99,37.0
30103951,3,fall,2,88,105,70,14,99,37.6
30103952,3,abdominal pain,4,61,108,86,22,96,37.1
30103953,3,fall,5,107,108,93,18,98,35.7
30103954,4,fever,4,66,129,89,21,99,38.1
30103955,5,headache,2,77,118,73,21,100,36.0
30103956,2,headache,6,99,120,128,21,97,35.2
30103957,3,laceration,2,79,139,82,8,100,38.9
30103958,3,back pain,4,123,152,93,21,95,36.1
30103959,4,back pain,6,110,100,89,15,99,36.9
30103960,5,back pain,4,70,103,113,19,97,37.3
30103961,2,knee pain,10,99,123,93,18,100,38.2
30103962,3,headache,0,93,143,74,15,99,37.0
30103963,2,shortness of breath,7,66,143,82,14,100,37.5
30103964,3,laceration,7,92,126,106,14,96,36.7
30103965,1,anxiety,7,87,136,76,20,93,36.5
30103966,2,back pain,6,73,135,64,21,95,35.9
30103967,2,headache,6,73,132,73,13,99,37.4
30103968,3,headache,0,63,83,93,11,100,36.7
30103969,5,fall,1,97,136,105,22,97,36.9
30103970,1,headache,6,69,107,57,11,100,37.4
30103971,3,knee pain,0,106,96,95,24,96,36.4
30103972,2,anxiety,8,77,153,92,23,99,36.4
30103973,3,back pain,0,66,103,78,20,100,37.7
30103974,5,chest pain,1,110,133,82,20,93,36.2
30103975,3,shortness of breath,1,100,130,79,19,100,39.1
30103976,3,chest pain,3,95,152,105,13,94,37.6
30103977,3,fall,0,94,89,88,21,94,36.9
30103978,3,laceration,1,75,143,77,18,97,38.1
30103979,2,chest pain,7,76,107,61,21,97,39.1
30103980,4,fall,6,117,137,52,19,97,35.8
30103981,4,headache,7,93,126,98,21,99,36.4
30103982,5,abdominal pain,7,86,138,85,11,98,36.5
30103983,3,abdominal pain,7,98,107,64,15,99,37.0
30103984,4,fall,2,92,145,68,19,99,36.9
30103985,3,back pain,4,64,112,76,14,92,37.2
30103986,4,fever,2,91,129,88,16,91,38.0
30103987,2,back pain,8,99,165,80,11,98,37.4
30103988,3,laceration,0,91,130,104,19,100,36.8
30103989,2,abdominal pain,8,101,104,87,13,96,36.7
30103990,3,fever,0,74,132,42,20,96,38.0
30103991,3,chest pain,1,83,93,75,18,98,35.6
30103992,3,shortness of breath,1,76,106,106,25,96,37.2
30103993,2,shortness of breath,9,86,145,85,17,97,36.8
30103994,2,laceration,10,131,115,83,17,95,36.7
30103995,4,shortness of breath,5,74,134,66,21,99,37.0
30103996,3,knee pain,6,72,140,51,17,99,37.5
30103997,4,fever,5,101,95,60,19,99,36.1
30103998,3,fever,5,93,128,81,12,94,37.0
30103999,4,knee pain,0,91,106,68,19,97,36.4
30104000,4,abdominal pain,6,99,140,61,21,98,37.2
30104001,4,laceration,2,91,120,66,20,96,36.9
30104002,3,headache,5,94,142,56,8,96,37.7
30104003,3,anxiety,1,99,188,92,19,91,37.0
30104004,3,knee pain,2,74,111,77,18,94,36.9
30104005,2,fall,8,109,128,89,11,97,35.9
30104006,3,fever,3,110,121,88,16,95,36.9
30104007,2,headache,6,88,151,85,15,97,38.2
30104008,3,chest pain,0,96,90,52,20,98,36.6
30104009,4,abdominal pain,7,108,100,83,20,98,36.5
30104010,2,fall,7,77,117,111,13,100,35.9
30104011,3,fever,6,102,129,100,19,91,37.2
30104012,4,abdominal pain,3,111,89,84,22,98,36.1
30104013,3,knee pain,2,87,144,100,19,94,37.0
30104014,4,chest pain,4,88,93,103,22,93,37.7
30104015,2,fall,9,95,116,97,21,100,35.6
30104016,3,anxiety,4,91,108,74,17,98,36.9
30104017,3,back pain,2,101,167,80,22,96,37.7
30104018,2,knee pain,7,96,108,100,18,95,35.7
30104019,2,back pain,10,69,99,80,23,100,36.8
30104020,1,laceration,8,98,160,89,14,99,36.4
30104021,3,headache,5,81,105,91,21,100,38.4
30104022,3,fall,6,86,144,63,21,96,35.8
30104023,3,knee pain,2,99,101,68,17,100,38.8
30104024,4,abdominal pain,5,110,134,95,19,100,37.1
30104025,4,headache,5,60,122,56,22,90,35.6
30104026,3,laceration,7,107,108,65,16,98,36.4
30104027,2,shortness of breath,9,78,116,104,17,91,37.6
30104028,4,headache,7,103,122,88,24,98,37.1
30104029,4,fever,5,87,113,74,19,91,37.2
30104030,2,anxiety,6,61,155,106,11,93,37.4
30104031,2,fever,10,82,127,61,18,95,35.7
30104032,4,knee pain,7,91,157,85,18,98,36.4
30104033,3,abdominal pain,1,100,154,100,13,100,36.1
30104034,3,headache,1,86,130,58,16,97,37.5
30104035,4,chest pain,3,93,115,90,13,100,36.3
30104036,2,chest pain,6,84,116,69,19,95,37.3
30104037,5,fever,5,67,121,55,21,97,38.4
30104038,1,back pain,6,70,120,73,15,97,35.6
30104039,3,fever,2,82,130,60,13,97,38.5
30104040,3,abdominal pain,7,70,110,109,24,96,36.4
30104041,3,abdominal pain,4,85,141,74,18,97,37.9
30104042,3,anxiety,1,75,105,92,17,96,35.4
30104043,2,chest pain,9,66,141,97,22,97,36.6
30104044,5,shortness of breath,6,84,130,83,18,98,37.6
30104045,3,back pain,1,71,131,103,22,91,39.2
30104046,3,laceration,0,80,99,73,20,96,37.3
30104047,3,fall,6,112,131,89,19,100,35.5
30104048,3,fall,3,100,133,86,24,97,37.0
30104049,3,back pain,5,87,137,99,19,98,37.0
30104050,3,knee pain,5,122,117,84,16,94,35.9
30104051,4,back pain,1,79,110,93,18,95,36.9
30104052,4,chest pain,0,74,111,118,15,93,37.8
30104053,4,abdominal pain,3,77,99,89,17,99,36.8
30104054,3,back pain,2,82,109,76,21,95,38.2
30104055,4,abdominal pain,1,78,126,103,18,96,37.5
30104056,4,fever,3,80,131,61,15,91,36.9
30104057,3,fall,2,65,115,73,25,94,37.5
30104058,4,abdominal pain,0,86,128,65,12,99,37.6
30104059,3,laceration,1,93,116,97,23,100,37.7
30104060,2,headache,7,83,98,67,16,98,37.2
30104061,3,fever,7,86,129,77,12,92,37.8
30104062,2,anxiety,7,86,122,64,14,92,35.2
30104063,3,abdominal pain,3,72,141,93,16,94,36.8
30104064,3,shortness of breath,6,111,176,69,21,97,36.3
30104065,3,chest pain,3,97,111,71,10,97,35.8
30104066,3,abdominal pain,7,93,117,69,18,96,36.3
30104067,2,shortness of breath,8,89,105,69,15,100,36.7
30104068,1,knee pain,8,99,143,101,15,100,37.0
30104069,3,shortness of breath,2,97,96,104,10,97,36.9
30104070,5,knee pain,4,112,133,66,24,99,38.1
30104071,3,fall,3,103,147,95,14,92,35.8
30104072,3,fall,7,83,154,79,15,97,36.9
30104073,3,back pain,7,91,120,73,16,100,36.1
30104074,3,anxiety,2,85,114,77,14,99,37.4
30104075,2,headache,9,56,111,57,16,93,37.7
30104076,3,fall,3,79,114,94,21,94,36.6
30104077,3,fall,3,63,153,80,19,100,36.2
30104078,3,knee pain,6,93,125,66,15,96,36.7
30104079,4,chest pain,7,78,100,96,22,100,36.9
30104080,3,fever,0,91,99,73,23,91,37.7
30104081,5,abdominal pain,7,70,144,77,16,94,37.0
30104082,3,back pain,0,78,97,102,19,95,36.2
30104083,3,headache,2,109,98,47,14,97,36.9
30104084,4,chest pain,7,82,139,83,14,90,37.9
30104085,4,knee pain,5,89,102,89,17,98,38.3
30104086,2,fever,9,76,123,33,14,94,36.3
30104087,3,abdominal pain,3,84,133,66,27,97,37.6
30104088,3,laceration,6,76,123,82,15,95,38.7
30104089,3,back pain,1,56,134,83,16,97,36.6
30104090,2,chest pain,8,72,157,100,19,100,37.9
30104091,1,back pain,6,88,109,82,19,94,36.7
30104092,3,shortness of breath,0,107,112,88,24,99,37.1
30104093,2,fever,9,82,128,78,15,97,37.2
30104094,3,fever,5,86,130,77,19,100,36.0
30104095,3,headache,2,78,104,86,25,100,37.2
30104096,2,headache,8,86,112,76,16,95,37.2
30104097,4,back pain,1,77,141,77,18,99,36.6
30104098,3,abdominal pain,7,89,138,82,14,93,37.7
30104099,3,headache,2,84,164,105,16,94,36.4
30104100,3,laceration,0,67,130,87,21,97,36.4
30104101,3,fall,3,55,148,86,19,96,38.0
30104102,3,headache,4,70,155,102,15,100,37.9
30104103,2,abdominal pain,9,66,138,87,18,100,37.1
30104104,3,knee pain,0,92,121,74,21,100,38.1
30104105,3,laceration,2,47,122,113,22,93,37.1
30104106,4,fall,1,98,141,76,21,98,36.5
30104107,3,back pain,6,68,145,75,15,100,37.5
30104108,3,knee pain,0,93,123,67,23,94,36.4
30104109,3,abdominal pain,7,86,115,61,18,96,36.5
30104110,3,chest pain,0,79,134,63,14,100,36.9
30104111,3,fall,2,79,92,110,22,94,37.8
30104112,5,abdominal pain,4,97,128,84,15,96,37.0
30104113,4,shortness of breath,7,96,92,82,27,100,37.1
30104114,3,back pain,1,72,119,75,13,97,38.4
30104115,4,anxiety,7,101,100,76,22,95,37.0
30104116,4,headache,3,87,112,56,20,100,36.6
30104117,3,anxiety,1,77,148,62,13,100,37.0
30104118,2,headache,10,81,127,92,16,91,37.9
30104119,4,anxiety,6,62,113,79,18,100,37.6
30104120,3,fall,2,72,135,86,23,95,36.2
30104121,4,knee pain,2,56,135,93,20,99,36.8
30104122,3,shortness of breath,4,81,164,59,16,97,38.0
30104123,4,fever,4,53,124,73,17,100,36.9
30104124,3,knee pain,7,75,85,74,19,97,36.9
30104125,5,fall,0,73,98,107,20,93,37.6
30104126,4,fever,5,62,102,75,15,96,35.1
30104127,3,abdominal pain,5,101,133,103,22,99,36.2
30104128,4,headache,0,73,94,82,19,94,37.1
30104129,3,abdominal pain,6,79,91,66,17,97,37.0
30104130,4,fall,3,97,98,85,14,97,37.5
30104131,3,back pain,2,81,109,98,8,93,38.3
30104132,3,fever,4,81,134,91,20,100,37.9
30104133,3,fall,4,97,111,69,17,97,38.6
30104134,4,headache,3,77,145,105,13,99,36.8
30104135,4,back pain,3,71,147,72,21,90,38.2
30104136,2,shortness of breath,7,71,124,81,15,100,36.3
30104137,3,back pain,4,76,122,79,24,98,37.4
30104138,3,back pain,7,88,131,83,21,96,38.3
30104139,4,chest pain,7,91,114,79,21,96,35.9
30104140,3,chest pain,5,104,106,65,18,97,35.8
30104141,3,back pain,6,81,106,106,25,95,36.5
30104142,3,back pain,6,101,170,79,21,97,37.1
30104143,4,knee pain,2,93,114,76,18,97,36.5
30104144,4,anxiety,3,100,170,89,14,97,36.8
30104145,3,anxiety,1,95,146,57,19,96,37.6
30104146,2,abdominal pain,6,78,146,91,19,92,37.2
30104147,2,back pain,8,62,104,79,24,94,36.6
30104148,3,headache,3,93,100,107,25,91,36.3
30104149,3,abdominal pain,7,69,131,68,18,100,37.1
30104150,3,chest pain,3,84,174,86,18,94,37.6
30104151,3,laceration,7,76,133,96,24,97,36.4
30104152,5,shortness of breath,2,92,129,115,23,97,36.7
30104153,3,abdominal pain,7,101,146,80,13,95,38.6
30104154,4,back pain,5,84,108,107,15,95,36.5
30104155,3,fall,2,75,109,67,20,100,38.0
30104156,3,abdominal pain,6,83,133,103,18,98,38.2
30104157,3,anxiety,0,74,121,93,16,100,37.1
30104158,4,chest pain,0,104,101,84,20,100,37.5
30104159,3,headache,4,85,85,55,24,92,37.9
30104160,2,fall,7,86,127,106,11,100,36.3
30104161,2,shortness of breath,10,80,100,93,15,96,36.8
30104162,3,laceration,5,87,138,74,15,97,36.1
30104163,3,chest pain,1,73,129,95,16,92,36.3
30104164,3,chest pain,6,81,109,110,16,99,37.1
30104165,3,fever,6,99,147,89,17,95,36.7
30104166,4,laceration,2,110,132,50,20,95,36.4
30104167,2,shortness of breath,8,88,134,89,19,100,37.5
30104168,2,shortness of breath,10,81,154,95,17,94,37.6
30104169,4,chest pain,4,100,112,71,22,90,36.3
30104170,3,laceration,6,52,164,71,17,94,36.0
30104171,3,knee pain,4,101,103,94,19,94,37.8
30104172,3,knee pain,6,68,118,68,14,100,36.6
30104173,3,laceration,6,94,113,86,19,95,37.4
30104174,2,back pain,6,84,127,80,18,99,37.3
30104175,4,laceration,0,117,127,88,17,93,37.5
30104176,3,fall,1,114,148,93,15,97,37.6
30104177,3,abdominal pain,3,75,153,94,24,92,37.5
30104178,2,headache,9,57,99,107,19,98,37.5
30104179,3,fever,2,99,111,110,29,97,36.7
30104180,3,laceration,3,127,92,65,20,93,38.0
30104181,3,fall,0,101,141,108,20,97,36.5
30104182,3,back pain,2,77,97,82,17,96,37.3
30104183,3,abdominal pain,3,60,130,70,19,97,35.1
30104184,2,laceration,10,104,100,92,19,97,36.9
30104185,3,fall,5,81,126,70,21,99,36.4
30104186,3,fall,4,85,123,68,22,98,35.5
30104187,3,shortness of breath,4,97,106,85,17,96,37.8
30104188,3,fall,0,76,70,85,18,97,36.5
30104189,3,laceration,1,54,131,83,21,96,36.4
30104190,2,anxiety,8,91,130,64,21,98,38.1
30104191,2,fever,6,90,126,80,18,96,35.8
30104192,3,knee pain,2,85,134,92,22,90,36.5
30104193,1,abdominal pain,10,70,139,86,23,98,35.8
30104194,3,headache,6,77,134,46,24,94,35.0
30104195,3,shortness of breath,3,82,96,82,18,96,39.0
30104196,3,back pain,1,113,103,74,16,100,37.8
30104197,3,knee pain,0,75,110,112,19,95,37.5
30104198,3,abdominal pain,6,86,102,92,17,98,37.3
30104199,2,fever,6,101,141,80,18,100,37.2
30104200,3,shortness of breath,3,109,122,82,12,100,37.0
30104201,3,fever,1,115,111,49,17,95,36.8
30104202,2,abdominal pain,9,77,128,97,19,100,36.7
30104203,3,anxiety,1,115,170,63,18,93,37.4
30104204,4,headache,7,77,118,80,28,97,35.2
30104205,3,shortness of breath,6,80,145,74,18,99,36.1
30104206,1,knee pain,7,77,106,113,20,97,36.2
30104207,3,laceration,0,65,130,73,19,97,37.0
30104208,4,knee pain,0,91,138,63,25,96,37.7
30104209,3,fever,1,81,133,92,20,99,36.3
30104210,3,shortness of breath,4,84,125,79,16,95,37.6
30104211,3,back pain,7,71,140,99,18,99,37.1
30104212,2,laceration,10,97,78,70,22,98,38.0
30104213,3,anxiety,3,95,118,89,17,97,38.0
30104214,4,fall,0,76,143,77,18,100,37.0
30104215,3,chest pain,7,97,111,100,24,92,37.2
30104216,3,back pain,6,86,101,95,18,98,36.4
30104217,3,headache,2,72,166,93,18,96,36.6
30104218,3,abdominal pain,6,90,103,62,29,100,37.7
30104219,3,fall,5,98,132,69,17,100,37.3
30104220,3,fall,5,77,130,99,25,95,37.3
30104221,3,laceration,5,77,144,80,14,96,35.4
30104222,3,laceration,5,83,128,85,17,95,36.4
30104223,3,chest pain,7,68,102,85,19,99,37.6
30104224,3,chest pain,6,67,141,91,16,98,37.5
30104225,3,laceration,1,94,115,60,17,93,35.6
30104226,4,fever,4,93,127,104,12,92,37.0
30104227,1,chest pain,8,107,138,88,19,95,36.4
30104228,2,back pain,9,114,113,97,16,100,37.9
30104229,2,anxiety,6,60,111,112,18,97,37.4
30104230,5,knee pain,3,88,164,88,22,97,37.8
30104231,4,abdominal pain,4,76,102,79,21,98,37.2
30104232,4,knee pain,4,98,143,91,15,98,35.9
30104233,4,laceration,6,91,120,72,15,94,38.5
30104234,3,chest pain,6,68,112,91,16,91,36.4
30104235,3,abdominal pain,0,104,126,80,18,100,37.6
30104236,3,fall,3,75,147,84,22,95,35.3
30104237,2,back pain,9,85,154,53,17,97,38.3
30104238,4,fever,2,99,125,78,16,100,38.5
30104239,2,headache,7,75,124,73,21,100,37.2
30104240,3,fever,3,97,109,87,22,99,36.8
30104241,3,fall,1,99,99,88,15,98,37.4
30104242,3,fever,2,85,126,87,19,100,36.7
30104243,3,fever,0,73,148,36,24,97,37.2
30104244,2,fall,7,82,125,97,23,95,38.8
30104245,3,anxiety,6,97,108,103,22,94,38.6
30104246,3,abdominal pain,1,104,93,72,19,98,37.5
30104247,4,headache,7,75,120,82,22,97,35.4
30104248,2,shortness of breath,10,101,138,90,18,100,37.5
30104249,3,fever,2,89,133,91,20,92,37.1
30104250,2,anxiety,9,88,133,94,17,96,37.5
30104251,3,knee pain,3,66,143,96,16,97,36.6
30104252,3,fever,3,106,122,84,19,96,37.9
30104253,3,headache,4,115,152,98,18,95,38.3
30104254,4,shortness of breath,7,103,108,88,15,92,38.3
30104255,3,abdominal pain,6,101,105,52,16,100,36.6
30104256,3,shortness of breath,5,54,139,81,14,100,37.9
30104257,3,knee pain,5,58,120,67,20,98,38.3
30104258,3,shortness of breath,4,76,102,74,15,96,36.4
30104259,2,chest pain,7,63,105,82,13,100,36.8
30104260,1,anxiety,10,88,118,98,19,100,37.8
30104261,2,chest pain,8,91,141,60,19,95,36.6
30104262,1,fever,6,89,135,37,21,96,36.2
30104263,3,abdominal pain,2,111,115,107,20,90,36.5
30104264,3,laceration,5,114,129,97,18,97,36.3
30104265,5,back pain,2,75,122,77,15,97,38.8
30104266,3,laceration,3,100,113,92,27,100,36.6
30104267,3,chest pain,3,74,117,56,26,100,39.4
30104268,2,back pain,10,89,113,90,20,95,38.1
30104269,2,chest pain,10,99,141,100,17,99,35.7
30104270,3,fall,2,55,152,76,13,99,36.6
30104271,2,headache,8,81,130,87,13,94,37.8
30104272,3,abdominal pain,7,93,128,53,14,99,36.6
30104273,3,knee pain,3,53,130,51,24,93,36.7
30104274,3,fever,4,87,133,108,20,98,36.0
30104275,3,shortness of breath,0,81,126,72,11,97,36.7
30104276,3,shortness of breath,6,93,120,94,18,100,37.3
30104277,4,headache,4,77,169,96,18,92,36.9
30104278,4,laceration,6,103,146,61,14,97,35.9
30104279,3,abdominal pain,2,106,148,88,18,97,37.7
30104280,3,laceration,5,89,113,91,18,97,37.6
30104281,5,knee pain,5,55,116,97,15,92,37.0
30104282,3,laceration,1,68,157,76,19,99,36.3
30104283,3,shortness of breath,3,70,115,88,25,93,36.4
30104284,2,anxiety,8,102,128,84,19,97,37.4
30104285,4,shortness of breath,4,95,127,77,16,100,36.6
30104286,4,headache,3,63,127,92,15,97,37.2
30104287,1,shortness of breath,8,104,83,66,20,99,36.3
30104288,3,fall,4,111,145,84,15,98,37.0
30104289,4,headache,5,82,137,98,20,97,36.9
30104290,3,anxiety,5,72,128,89,19,91,37.9
30104291,2,shortness of breath,6,77,182,115,17,94,37.3
30104292,2,chest pain,8,58,140,74,20,100,36.0
30104293,3,headache,4,77,138,67,17,96,37.6
30104294,3,knee pain,6,79,81,76,26,100,38.4
30104295,2,laceration,6,69,134,67,15,100,37.2
30104296,3,chest pain,6,106,126,82,23,95,36.0
30104297,2,fall,7,84,129,80,20,96,37.6
30104298,3,laceration,2,77,128,85,12,97,36.2
30104299,3,knee pain,5,44,114,86,14,96,36.5
30104300,2,anxiety,8,80,107,90,10,99,36.8
30104301,1,fever,9,87,117,57,21,100,36.7
30104302,3,fall,6,105,117,104,12,94,37.0
30104303,2,fall,6,74,139,80,17,98,36.3
30104304,3,back pain,6,86,154,66,10,99,37.3
30104305,3,fall,5,88,111,57,19,100,37.2
30104306,3,shortness of breath,1,81,149,91,21,96,36.4
30104307,2,knee pain,8,102,90,93,18,98,38.5
30104308,3,anxiety,3,84,148,85,12,97,37.9
30104309,3,abdominal pain,3,79,133,74,18,98,37.0
30104310,3,laceration,4,90,138,76,17,98,37.0
30104311,3,fall,3,58,140,95,20,95,37.0
30104312,2,fever,8,101,133,47,19,99,36.9
30104313,3,fever,0,124,90,85,15,99,37.7
30104314,1,fall,9,81,125,80,13,99,35.9
30104315,4,fall,3,65,118,87,11,95,37.4
30104316,4,headache,1,87,135,82,19,94,37.1
30104317,3,fall,2,99,107,54,19,93,36.8
30104318,4,fever,4,90,115,68,16,97,36.6
30104319,4,shortness of breath,5,95,121,74,20,95,36.6
30104320,3,shortness of breath,3,101,136,49,15,98,37.2
30104321,5,headache,4,92,142,88,13,94,36.7
30104322,1,anxiety,9,69,154,78,17,95,36.7
30104323,3,shortness of breath,4,84,116,75,28,95,36.7
30104324,4,abdominal pain,5,83,117,87,18,96,36.7
30104325,2,fever,9,84,116,65,17,99,36.0
30104326,3,laceration,7,100,128,76,13,98,37.3
30104327,4,back pain,6,84,99,91,21,97,38.1
30104328,3,laceration,2,69,121,80,26,97,38.7
30104329,2,shortness of breath,6,97,158,111,15,98,37.2
30104330,2,anxiety,8,133,141,84,20,94,37.0
30104331,3,knee pain,7,71,127,103,21,99,37.0
30104332,3,fever,0,102,100,87,24,98,37.9
30104333,4,chest pain,5,96,133,67,19,96,35.5
30104334,1,abdominal pain,7,61,128,82,26,93,36.3
30104335,3,fever,1,73,120,75,19,99,35.6
30104336,3,laceration,7,107,137,89,20,96,37.5
30104337,4,fever,7,87,142,77,13,92,35.9
30104338,3,shortness of breath,1,80,140,76,21,95,36.5
30104339,3,back pain,7,86,71,86,19,95,37.6
30104340,3,fall,2,78,127,89,22,90,38.1
30104341,2,anxiety,10,74,153,84,17,98,36.9
30104342,3,laceration,0,74,101,69,19,98,37.3
30104343,1,back pain,7,76,93,87,15,91,37.5
30104344,5,abdominal pain,0,59,106,76,11,96,36.8
30104345,3,laceration,4,62,105,88,17,98,37.3
30104346,3,back pain,1,133,125,71,14,100,35.4
30104347,3,chest pain,7,84,129,98,17,98,37.1
30104348,3,headache,0,100,83,98,21,94,36.5
30104349,3,back pain,3,91,107,54,22,91,36.3
30104350,2,fall,7,94,128,81,18,97,37.5
30104351,4,back pain,7,92,138,65,12,93,37.0
30104352,3,shortness of breath,2,85,102,70,13,100,37.2
30104353,2,laceration,9,91,115,64,17,91,36.8
30104354,3,chest pain,7,89,118,98,17,99,36.6
30104355,1,fever,9,79,141,91,18,91,36.2
30104356,3,fall,4,98,144,78,19,97,36.9
30104357,3,fall,7,120,132,80,25,97,36.6
30104358,4,anxiety,4,99,135,72,23,94,36.2
30104359,3,back pain,0,89,142,85,19,100,37.8
30104360,3,back pain,4,79,97,93,17,95,36.5
30104361,3,shortness of breath,4,93,97,57,18,93,36.9
30104362,3,back pain,6,57,105,107,25,99,36.5
30104363,2,shortness of breath,8,61,169,94,19,99,37.6
30104364,4,knee pain,6,77,130,70,17,97,36.3
30104365,3,knee pain,6,89,142,100,16,100,36.3
30104366,3,abdominal pain,2,96,119,80,16,99,36.1
30104367,3,anxiety,1,61,132,82,13,93,35.7
30104368,3,chest pain,7,65,94,107,16,96,37.6
30104369,3,anxiety,0,60,141,75,15,94,38.1
30104370,3,abdominal pain,1,69,139,86,16,98,37.4
30104371,2,abdominal pain,8,48,134,85,22,93,37.0
30104372,4,chest pain,2,47,118,109,20,93,36.8
30104373,3,chest pain,3,99,130,83,14,97,36.3
30104374,3,fall,6,85,138,65,21,94,36.6
30104375,4,headache,5,60,105,78,13,94,38.5
30104376,3,knee pain,0,73,108,83,20,95,36.9
30104377,4,anxiety,1,71,132,94,12,100,37.1
30104378,5,chest pain,5,81,114,80,23,94,35.5
30104379,3,anxiety,7,84,107,51,14,92,38.3
30104380,1,fall,8,90,123,80,16,99,37.3
30104381,3,chest pain,1,90,109,124,18,93,37.2
30104382,3,abdominal pain,1,90,141,95,19,100,37.6
30104383,4,fever,2,103,143,89,16,100,37.6
30104384,3,anxiety,2,75,152,90,14,97,36.2
30104385,1,shortness of breath,8,84,106,107,17,100,38.3
30104386,4,anxiety,0,80,129,88,18,92,37.1
30104387,3,back pain,4,95,130,59,15,97,38.2
30104388,2,knee pain,9,97,94,89,16,100,36.0
30104389,2,chest pain,6,90,125,77,21,95,37.3
30104390,2,abdominal pain,6,100,123,108,13,97,37.1
30104391,3,headache,5,92,128,86,16,98,38.5
30104392,3,headache,7,99,103,78,16,94,37.0
30104393,4,shortness of breath,7,110,129,58,18,96,35.9
30104394,4,abdominal pain,3,71,145,64,15,99,38.3
30104395,1,fall,8,92,139,75,21,96,36.4
30104396,2,chest pain,10,92,118,56,25,98,37.9
30104397,3,shortness of breath,3,105,89,93,15,100,35.4
30104398,4,abdominal pain,0,103,126,62,21,98,37.0
30104399,3,abdominal pain,6,95,144,58,18,97,37.0
30104400,3,chest pain,6,85,155,83,9,96,38.1
30104401,4,fall,6,85,129,93,17,95,35.9
30104402,3,anxiety,6,75,132,41,24,96,37.8
30104403,4,fall,1,77,149,100,16,97,36.7
30104404,3,chest pain,2,92,144,69,18,93,38.3
30104405,3,fever,2,91,138,54,11,99,37.7
30104406,3,fall,5,77,132,90,20,96,36.6
30104407,4,abdominal pain,5,84,120,111,14,93,36.6
30104408,3,headache,3,85,119,64,15,100,36.9
30104409,4,shortness of breath,2,67,122,72,13,95,36.4
30104410,4,laceration,0,91,116,87,19,98,37.6
30104411,2,laceration,8,76,153,76,15,97,36.7
30104412,4,chest pain,7,116,117,84,21,100,35.7
30104413,2,chest pain,7,80,141,55,14,96,38.6
30104414,4,laceration,5,82,120,86,28,94,37.2
30104415,4,back pain,4,77,167,55,24,95,38.7
30104416,3,back pain,1,114,148,69,16,97,37.0
30104417,3,laceration,4,94,105,66,15,95,36.9
30104418,1,chest pain,7,80,116,57,26,99,36.8
30104419,2,back pain,10,88,87,93,9,100,38.8
30104420,4,abdominal pain,7,96,102,76,19,94,36.2
30104421,3,knee pain,6,95,101,74,19,97,38.2
30104422,2,laceration,6,88,131,55,14,95,36.1
30104423,1,shortness of breath,9,102,97,78,29,100,36.5
30104424,3,laceration,0,86,131,62,9,100,37.3
30104425,3,headache,1,76,111,84,22,97,37.1
30104426,3,abdominal pain,6,74,99,68,14,98,36.4
30104427,4,back pain,6,74,115,69,25,100,36.9
30104428,2,abdominal pain,6,87,125,88,19,100,37.6
30104429,2,knee pain,9,69,118,101,16,98,36.1
30104430,2,fall,10,88,187,76,10,97,37.4
30104431,3,abdominal pain,3,81,116,96,20,100,36.5
30104432,3,shortness of breath,6,107,133,98,12,96,38.1
30104433,3,chest pain,0,98,108,78,25,96,38.9
30104434,2,chest pain,8,67,118,63,16,95,37.9
30104435,5,headache,7,78,120,77,17,97,37.2
30104436,3,chest pain,4,73,107,79,19,97,36.0
30104437,1,laceration,7,91,109,72,25,97,37.5
30104438,3,anxiety,3,90,131,102,17,100,36.9
30104439,2,chest pain,10,87,120,69,18,93,37.8
30104440,3,headache,3,61,131,86,11,94,37.5
30104441,4,fall,4,102,133,83,16,100,37.0
30104442,1,shortness of breath,9,55,126,68,19,94,36.9
30104443,3,fall,7,97,118,33,16,93,37.7
30104444,3,anxiety,0,61,143,87,19,99,37.1
30104445,4,anxiety,4,74,127,70,21,97,36.3
30104446,1,shortness of breath,7,99,134,90,22,96,36.7
30104447,2,knee pain,10,63,170,94,19,96,36.6
30104448,4,back pain,4,77,127,73,15,97,37.1
30104449,2,back pain,10,89,117,87,21,94,36.6
30104450,3,abdominal pain,5,76,116,61,16,97,38.1
30104451,3,knee pain,5,88,129,74,18,99,37.1
30104452,3,chest pain,5,55,124,85,20,93,36.1
30104453,1,back pain,6,122,137,54,11,100,37.4
30104454,1,anxiety,8,100,146,78,22,97,38.2
30104455,3,fever,6,76,119,76,14,91,36.5
30104456,3,abdominal pain,5,97,104,102,20,100,36.5
30104457,3,shortness of breath,3,77,101,66,17,93,36.5
30104458,2,knee pain,7,104,149,97,22,94,36.1
30104459,3,laceration,5,49,132,96,19,100,37.4
30104460,3,fever,4,95,109,77,21,95,39.0
30104461,4,abdominal pain,3,80,119,102,20,97,35.0
30104462,4,back pain,3,102,142,63,17,95,37.9
30104463,4,abdominal pain,2,93,128,72,20,93,36.3
30104464,3,laceration,5,83,157,83,18,100,36.6
30104465,2,abdominal pain,7,95,116,80,16,100,36.9
30104466,3,anxiety,2,80,131,76,17,99,36.4
30104467,3,knee pain,0,70,101,49,13,99,36.4
30104468,3,headache,1,77,152,69,19,99,37.0
30104469,4,chest pain,5,63,135,112,13,93,36.0
30104470,2,laceration,9,116,129,72,20,97,37.9
30104471,2,fever,7,89,130,90,10,96,38.3
30104472,3,anxiety,7,82,131,89,13,98,36.1
30104473,4,abdominal pain,0,88,115,60,17,99,35.9
30104474,3,anxiety,3,77,114,74,14,96,36.7
30104475,2,anxiety,9,77,128,84,20,94,36.6
30104476,3,shortness of breath,5,62,111,89,17,94,39.0
30104477,4,anxiety,5,63,161,93,24,94,37.7
30104478,2,fever,6,54,83,79,17,97,36.7
30104479,4,abdominal pain,3,76,139,74,24,93,37.0
30104480,1,fever,7,71,138,76,19,95,36.7
30104481,3,chest pain,0,78,108,63,21,97,35.7
30104482,4,shortness of breath,2,59,133,78,22,97,37.0
30104483,3,abdominal pain,5,77,113,77,19,98,37.4
30104484,3,fall,1,93,161,79,16,99,36.2
30104485,4,chest pain,2,94,158,77,17,100,37.2
30104486,2,back pain,7,106,137,84,11,100,36.6
30104487,3,knee pain,7,100,128,90,15,99,36.6
30104488,3,fever,5,84,118,73,18,96,37.0
30104489,3,chest pain,6,93,139,80,18,93,36.6
30104490,2,fever,6,96,67,71,16,97,38.4
30104491,3,headache,7,110,134,68,19,92,36.6
30104492,3,knee pain,1,79,119,84,19,98,37.2
30104493,3,fall,1,89,126,83,18,96,37.5
30104494,5,knee pain,0,90,127,95,16,97,38.0
30104495,3,anxiety,6,84,90,90,6,97,36.5
30104496,3,laceration,0,87,118,83,20,96,35.3
30104497,1,laceration,9,54,108,81,23,96,38.0
30104498,2,abdominal pain,9,98,119,56,23,99,36.4
30104499,4,headache,7,107,133,95,23,92,37.8
30104500,4,shortness of breath,3,64,107,84,14,97,38.1
30104501,3,laceration,5,75,108,75,22,93,37.9
30104502,3,back pain,0,83,134,91,22,99,36.7
30104503,3,headache,1,69,119,70,23,92,36.3
30104504,3,back pain,0,75,81,79,14,94,35.3
30104505,2,fall,7,76,92,91,20,85,37.4
30104506,3,back pain,3,91,127,95,21,95,37.9
30104507,2,fall,10,110,133,88,16,96,37.1
30104508,4,knee pain,0,84,100,94,16,96,37.6
30104509,3,back pain,6,82,137,74,24,95,37.0
30104510,2,fall,10,105,105,88,18,98,36.9
30104511,2,shortness of breath,7,81,120,56,16,99,36.7
30104512,3,fall,5,85,117,86,11,93,37.7
30104513,3,back pain,7,103,125,68,19,100,36.1
30104514,3,abdominal pain,7,75,132,45,22,95,36.4
30104515,3,fever,4,48,124,98,9,100,37.2
30104516,3,fall,4,97,100,86,19,100,37.7
30104517,4,anxiety,7,84,140,73,17,92,38.7
30104518,2,fever,8,86,154,87,20,97,37.7
30104519,4,fever,0,100,140,94,16,95,38.1
30104520,4,shortness of breath,5,85,131,67,16,95,36.1
30104521,3,knee pain,1,97,123,70,17,95,36.2
30104522,2,knee pain,9,77,132,73,14,95,36.2
30104523,3,abdominal pain,5,63,118,88,19,93,36.4
30104524,5,back pain,3,90,85,55,21,95,37.0
30104525,2,headache,7,113,112,90,17,93,37.7
30104526,3,fall,5,72,118,97,25,93,36.1
30104527,4,back pain,5,87,141,81,15,96,36.9
30104528,3,anxiety,2,73,106,75,15,93,38.4
30104529,3,headache,1,91,111,79,16,100,35.9
30104530,3,fall,4,82,75,66,12,97,35.9
30104531,3,laceration,6,85,124,72,17,96,37.4
30104532,3,back pain,7,103,106,93,14,99,37.8
30104533,3,abdominal pain,5,82,125,77,16,100,35.7
30104534,2,chest pain,9,55,133,68,15,95,37.3
30104535,3,back pain,4,100,133,97,19,98,37.2
30104536,4,abdominal pain,2,64,106,55,24,97,37.8
30104537,3,back pain,6,94,118,83,17,96,37.0
30104538,5,chest pain,7,87,117,69,9,94,37.3
30104539,4,fall,7,114,143,91,20,94,37.5
30104540,3,shortness of breath,3,93,120,76,13,96,38.5
30104541,4,laceration,1,96,134,64,12,94,38.6
30104542,2,anxiety,10,96,104,73,17,99,36.8
30104543,4,headache,5,80,122,58,10,98,36.6
30104544,3,anxiety,2,87,139,92,20,96,37.4
30104545,4,knee pain,3,74,143,72,19,93,38.6
30104546,4,headache,4,74,139,102,27,94,37.1
30104547,2,headache,7,97,122,67,22,96,37.6
30104548,3,chest pain,6,101,109,81,18,98,36.3
30104549,3,back pain,4,80,122,95,30,95,36.8
30104550,4,fever,3,69,138,130,23,98,38.5
30104551,5,shortness of breath,4,93,143,75,18,100,36.8
30104552,3,anxiety,0,64,115,55,21,95,36.5
30104553,4,shortness of breath,4,105,140,108,15,96,37.5
30104554,3,chest pain,1,93,158,71,14,95,37.2
30104555,5,anxiety,1,84,121,96,13,95,36.8
30104556,3,laceration,1,82,122,93,22,94,35.9
30104557,1,shortness of breath,8,97,137,63,16,95,37.5
30104558,2,knee pain,10,93,82,95,18,97,37.8
30104559,1,anxiety,8,115,147,84,12,100,36.5
30104560,2,fall,6,112,113,82,21,94,35.5
30104561,3,anxiety,0,82,104,72,18,96,36.7
30104562,3,shortness of breath,7,34,137,98,12,100,38.6
30104563,4,chest pain,3,74,134,80,16,96,36.1
30104564,4,back pain,4,105,95,75,16,96,36.4
30104565,4,shortness of breath,7,102,99,44,14,92,38.0
30104566,3,shortness of breath,7,65,111,87,15,98,37.4
30104567,3,back pain,3,71,136,74,19,100,36.4
30104568,3,fall,7,109,105,92,18,96,36.5
30104569,3,abdominal pain,3,126,118,79,19,93,36.5
30104570,3,laceration,2,101,115,66,13,100,36.3
30104571,3,shortness of breath,1,83,138,76,10,93,38.0
30104572,3,anxiety,7,80,147,75,19,99,35.7
30104573,3,anxiety,3,95,135,88,20,95,37.2
30104574,3,chest pain,2,83,100,87,14,99,36.9
30104575,3,shortness of breath,6,94,116,87,18,92,36.7
30104576,4,abdominal pain,1,105,110,102,15,95,36.6
30104577,2,headache,7,101,141,58,21,98,37.2
30104578,3,chest pain,7,124,130,86,13,100,37.5
30104579,4,back pain,1,85,119,91,26,98,37.0
30104580,3,laceration,0,81,145,93,18,97,36.7
30104581,3,knee pain,7,94,105,79,8,98,36.4
30104582,3,shortness of breath,3,68,149,92,20,92,37.9
30104583,3,knee pain,3,101,136,77,13,97,38.7
30104584,3,headache,6,86,110,79,19,98,36.8
30104585,3,back pain,2,92,127,74,11,93,37.2
30104586,3,chest pain,3,80,139,87,28,93,38.2
30104587,3,fever,4,114,120,103,18,98,37.2
30104588,4,knee pain,3,73,108,83,13,99,37.4
30104589,3,anxiety,4,81,120,63,24,96,34.9
30104590,5,abdominal pain,5,85,139,100,17,97,36.6
30104591,3,chest pain,0,81,156,91,21,94,36.2
30104592,3,laceration,7,102,115,74,12,100,37.8
30104593,3,abdominal pain,7,83,94,63,20,100,38.6
30104594,5,fall,0,100,124,76,21,98,37.7
30104595,1,fall,8,115,128,87,14,96,37.0
30104596,3,knee pain,1,87,99,90,15,100,35.9
30104597,4,shortness of breath,1,62,140,76,16,97,39.3
30104598,3,shortness of breath,2,85,146,77,17,100,37.6
30104599,3,shortness of breath,5,61,112,76,16,100,37.3
30104600,3,laceration,2,50,114,103,14,94,36.7
30104601,2,back pain,8,75,134,98,23,97,36.6
30104602,3,fever,3,99,136,52,12,93,38.2
30104603,3,anxiety,0,60,144,73,15,97,38.0
30104604,3,chest pain,1,74,138,94,17,90,35.6
30104605,4,abdominal pain,1,67,131,72,20,99,37.3
30104606,2,shortness of breath,8,79,144,114,16,98,37.7
30104607,3,laceration,6,75,107,76,19,98,37.1
30104608,3,chest pain,4,107,132,86,19,94,35.9
30104609,4,back pain,0,84,130,64,23,97,36.2
30104610,4,back pain,4,81,106,64,9,98,37.9
30104611,3,laceration,4,104,117,77,19,93,38.0
30104612,3,fever,1,96,124,79,12,95,38.1
30104613,3,abdominal pain,5,67,115,79,19,98,35.9
30104614,3,abdominal pain,2,67,126,67,18,98,37.3
30104615,3,shortness of breath,7,109,140,79,12,98,36.2
30104616,3,chest pain,0,101,142,93,17,100,38.0
30104617,2,chest pain,8,82,114,72,16,100,36.7
30104618,2,chest pain,6,104,102,97,26,96,36.4
30104619,3,abdominal pain,3,80,145,57,11,94,37.8
30104620,4,back pain,4,87,141,81,20,99,36.3
30104621,4,fever,7,79,98,74,25,100,35.9
30104622,3,chest pain,3,89,106,88,20,99,37.8
30104623,2,headache,10,89,131,53,15,97,37.8
30104624,3,fall,7,99,94,83,24,98,36.7
30104625,5,headache,6,88,105,87,22,96,36.7
30104626,2,fall,6,84,117,69,20,97,36.9
30104627,2,headache,8,71,124,80,18,94,36.9
30104628,2,headache,6,79,150,94,16,98,36.1
30104629,4,back pain,5,116,104,86,19,95,36.5
30104630,2,abdominal pain,8,86,124,65,16,100,35.4
30104631,3,fever,2,105,129,72,20,100,38.3
30104632,3,laceration,2,71,126,87,19,98,38.5
30104633,3,back pain,3,72,155,72,22,93,36.9
30104634,2,fever,10,84,116,69,11,100,36.4
30104635,3,abdominal pain,7,84,129,81,16,93,36.6
30104636,4,abdominal pain,2,92,94,109,12,96,38.2
30104637,3,fever,3,66,170,78,17,93,37.3
30104638,3,shortness of breath,3,110,131,102,22,99,34.9
30104639,3,fall,5,91,147,88,14,97,38.2
30104640,3,fall,7,90,110,87,13,98,36.9
30104641,4,anxiety,0,77,99,79,15,95,36.8
30104642,4,headache,7,103,128,70,18,94,35.7
30104643,3,anxiety,5,99,129,70,22,93,37.0
30104644,3,fall,3,97,151,87,20,100,36.1
30104645,5,shortness of breath,0,85,124,92,16,92,37.1
30104646,4,headache,1,76,76,76,17,100,37.3
30104647,5,back pain,1,88,158,81,12,97,37.9
30104648,2,anxiety,6,114,124,75,19,100,37.4
30104649,4,abdominal pain,1,97,104,88,16,99,35.3
30104650,3,shortness of breath,7,97,134,111,17,98,37.2
30104651,3,fever,1,89,133,79,13,100,36.7
30104652,4,anxiety,1,93,131,74,18,93,38.1
30104653,2,abdominal pain,6,85,137,94,24,99,35.7
30104654,3,shortness of breath,5,82,147,84,26,96,35.4
30104655,3,back pain,1,83,137,90,15,95,36.2
30104656,2,abdominal pain,10,85,133,52,16,95,36.7
30104657,2,headache,9,97,137,62,12,98,35.7
30104658,4,headache,1,72,132,79,15,93,38.2
30104659,3,back pain,3,67,148,64,15,100,36.6
30104660,5,laceration,1,93,111,93,18,97,35.5
30104661,4,headache,3,89,141,86,14,100,37.4
30104662,5,abdominal pain,5,92,106,89,20,99,37.8
30104663,4,anxiety,1,90,133,93,16,93,37.8
30104664,4,shortness of breath,7,116,124,74,21,100,38.2
30104665,4,fall,1,72,156,82,18,88,37.2
30104666,4,knee pain,6,75,127,97,18,95,37.0
30104667,4,fall,1,92,120,89,13,94,37.6
30104668,3,abdominal pain,7,101,118,88,18,99,38.6
30104669,3,chest pain,7,98,108,94,23,100,36.7
30104670,1,anxiety,7,90,131,90,17,100,37.2
30104671,3,laceration,5,77,128,94,24,100,38.7
30104672,3,laceration,6,104,111,72,21,95,37.6
30104673,3,laceration,3,103,108,66,25,99,37.3
30104674,2,back pain,6,58,145,90,14,100,37.9
30104675,4,fall,2,89,139,68,22,99,37.1
30104676,4,fall,5,68,116,87,18,92,37.2
30104677,3,knee pain,2,105,125,53,22,100,38.0
30104678,4,chest pain,3,107,116,69,24,100,36.2
30104679,1,knee pain,8,95,112,90,20,94,35.7
30104680,3,fall,2,89,112,82,22,100,36.9
30104681,3,headache,7,103,142,71,19,95,37.5
30104682,2,abdominal pain,10,87,141,91,21,99,35.6
30104683,3,chest pain,6,88,101,83,10,91,37.5
30104684,3,fever,1,84,115,78,16,96,36.9
30104685,2,chest pain,7,89,151,65,19,100,36.9
30104686,3,chest pain,5,82,112,71,19,95,37.7
30104687,3,chest pain,5,70,134,84,15,94,38.2
30104688,2,headache,6,74,118,72,22,96,35.9
30104689,3,shortness of breath,6,85,115,96,19,99,36.6
30104690,5,laceration,1,77,87,77,18,96,38.1
30104691,3,headache,1,93,150,83,22,90,36.9
30104692,4,knee pain,4,60,116,68,11,100,37.6
30104693,2,laceration,6,99,138,104,18,92,35.7
30104694,3,anxiety,1,48,141,64,23,100,36.4
30104695,3,headache,4,71,119,99,18,92,37.2
30104696,3,fall,3,81,148,71,23,98,36.6
30104697,3,anxiety,4,58,111,82,26,100,37.5
30104698,5,laceration,4,110,116,90,24,100,38.2
30104699,3,shortness of breath,1,80,156,78,25,93,37.4
30104700,3,back pain,7,81,132,96,19,98,37.3
30104701,3,anxiety,0,86,125,76,13,97,36.1
30104702,4,abdominal pain,7,74,85,63,21,93,36.7
30104703,4,fall,5,60,123,68,17,98,37.6
30104704,3,shortness of breath,5,113,118,90,21,92,37.1
30104705,2,back pain,10,75,69,72,14,100,36.4
30104706,4,fall,7,104,95,101,19,93,37.2
30104707,3,fever,0,61,145,62,10,100,36.6
30104708,3,anxiety,7,112,134,116,11,94,38.4
30104709,3,back pain,5,73,146,51,14,99,35.4
30104710,3,headache,4,53,132,60,19,97,36.1
30104711,2,laceration,8,105,104,71,15,95,38.8
30104712,5,fall,6,77,142,84,14,98,37.1
30104713,2,back pain,7,63,131,88,21,100,36.9
30104714,3,fall,6,93,142,66,14,100,36.6
30104715,3,headache,5,107,126,75,24,92,36.7
30104716,3,laceration,2,127,94,59,20,100,37.9
30104717,3,back pain,6,62,122,88,17,96,37.5
30104718,3,abdominal pain,4,83,110,87,15,94,34.9
30104719,4,back pain,1,111,134,101,16,91,37.0
30104720,2,fever,6,91,108,75,17,97,36.4
30104721,3,back pain,7,103,145,87,14,96,36.2
30104722,2,headache,10,60,143,98,10,99,36.3
30104723,3,fall,7,105,147,69,19,97,36.7
30104724,3,back pain,1,85,139,53,24,98,37.7
30104725,3,anxiety,3,86,139,95,23,97,36.4
30104726,4,fever,5,93,104,83,17,100,36.5
30104727,3,anxiety,0,138,141,78,16,94,37.1
30104728,3,fever,4,77,115,57,15,93,36.9
30104729,5,chest pain,2,84,132,105,20,100,36.8
30104730,2,knee pain,7,93,142,93,20,99,37.0
30104731,4,fever,0,88,145,87,22,98,38.4
30104732,3,fall,4,95,119,87,16,100,37.0
30104733,3,chest pain,5,100,116,97,21,100,36.2
30104734,3,laceration,1,101,123,83,14,100,37.5
30104735,4,fever,0,60,126,69,24,93,34.8
30104736,3,chest pain,1,76,135,80,21,98,37.0
30104737,2,anxiety,8,111,97,125,22,93,36.4
30104738,3,knee pain,5,92,132,61,20,99,36.6
30104739,2,fever,10,100,154,85,16,100,37.5
30104740,2,back pain,8,72,131,86,21,94,37.0
30104741,4,abdominal pain,7,79,135,78,20,99,37.2
30104742,4,chest pain,4,97,150,77,17,98,37.0
30104743,4,back pain,7,77,124,71,10,98,37.7
30104744,4,anxiety,6,79,128,93,17,98,36.9
30104745,2,abdominal pain,7,115,108,81,22,100,38.2
30104746,2,chest pain,8,53,146,73,20,94,36.7
30104747,2,fever,9,101,130,83,10,92,35.8
30104748,4,fever,1,107,131,55,14,95,38.6
30104749,3,headache,0,98,110,79,9,90,36.8
30104750,2,laceration,10,73,78,72,13,96,36.6
30104751,4,chest pain,2,77,124,96,21,100,37.6
30104752,5,abdominal pain,1,66,100,94,19,97,38.1
30104753,3,knee pain,0,92,127,88,16,92,36.8
30104754,3,shortness of breath,6,79,145,74,18,97,37.3
30104755,4,anxiety,6,82,138,91,23,99,36.4
30104756,2,knee pain,6,73,150,106,18,93,36.3
30104757,3,back pain,1,95,119,73,19,95,36.1
30104758,3,headache,1,75,121,86,18,100,36.9
30104759,3,anxiety,7,87,123,83,18,94,37.2
30104760,3,abdominal pain,3,114,150,77,12,94,37.1
30104761,4,headache,7,75,146,91,5,100,37.2
30104762,5,fall,4,81,91,89,17,94,36.6
30104763,4,back pain,1,91,87,82,23,95,37.4
30104764,3,chest pain,0,102,116,88,22,100,37.6
30104765,2,abdominal pain,9,93,88,56,18,97,37.4
30104766,3,chest pain,7,74,99,61,21,97,37.1
30104767,3,laceration,2,80,109,64,15,97,37.6
30104768,5,fever,4,94,135,56,17,90,37.0
30104769,2,abdominal pain,6,90,118,72,20,96,35.9
30104770,3,chest pain,4,78,122,68,10,95,36.1
30104771,3,laceration,1,60,119,75,23,100,36.7
30104772,3,fall,4,78,123,75,5,100,37.1
30104773,3,knee pain,3,99,78,87,21,92,36.0
30104774,4,back pain,6,75,106,92,18,99,36.6
30104775,1,chest pain,10,93,146,75,24,93,37.1
30104776,3,shortness of breath,7,76,122,86,12,94,37.0
30104777,3,chest pain,1,104,128,62,22,97,36.9
30104778,3,back pain,7,96,119,97,7,98,36.4
30104779,3,anxiety,1,91,125,55,23,96,37.5
30104780,4,headache,1,87,125,93,22,98,36.7
30104781,2,laceration,6,89,102,90,17,100,37.6
30104782,3,headache,3,78,128,80,15,99,38.0
30104783,4,abdominal pain,2,104,120,107,14,99,36.0
30104784,1,abdominal pain,6,105,132,53,16,99,36.9
30104785,3,back pain,7,93,112,81,15,93,36.1
30104786,3,shortness of breath,0,95,106,81,17,100,37.1
30104787,3,fever,0,108,149,84,19,98,36.2
30104788,3,abdominal pain,2,71,114,67,19,99,37.3
30104789,3,chest pain,6,97,152,75,25,93,37.5
30104790,2,fever,9,88,155,99,19,94,37.0
30104791,4,laceration,2,122,105,105,22,95,38.3
30104792,4,anxiety,4,68,98,89,19,99,36.9
30104793,3,fever,0,97,85,83,26,96,36.4
30104794,4,laceration,5,83,161,92,14,99,37.4
30104795,4,laceration,0,78,136,57,20,92,37.7
30104796,3,shortness of breath,1,95,125,99,16,96,36.5
30104797,3,knee pain,0,77,152,75,16,95,37.2
30104798,4,fever,3,91,127,79,20,100,36.7
30104799,4,laceration,2,126,119,98,21,100,36.3
30104800,1,fall,8,113,127,90,13,98,36.5
30104801,1,abdominal pain,7,54,115,77,20,94,36.7
30104802,4,anxiety,7,91,134,75,17,99,37.0
30104803,3,shortness of breath,2,61,139,91,14,96,36.6
30104804,4,anxiety,2,91,130,65,21,100,37.5
30104805,3,fever,5,92,129,91,17,99,36.7
30104806,3,laceration,5,85,108,71,23,100,36.4
30104807,3,headache,1,94,113,67,23,96,36.3
30104808,2,knee pain,10,101,117,66,11,99,37.3
30104809,3,fever,1,83,120,82,21,97,37.0
30104810,3,back pain,6,99,153,75,13,97,36.3
30104811,2,fever,6,95,133,72,8,94,36.4
30104812,4,fever,0,110,89,71,13,96,35.7
30104813,4,shortness of breath,2,107,137,90,19,94,37.7
30104814,2,knee pain,6,74,93,94,17,94,36.0
30104815,4,headache,4,98,117,54,18,98,36.8
30104816,4,back pain,2,96,149,86,16,98,37.4
30104817,2,chest pain,6,84,126,113,17,97,37.1
30104818,4,back pain,2,78,127,76,23,91,37.4
30104819,3,chest pain,0,71,112,86,22,99,36.0
30104820,3,laceration,3,80,142,82,26,98,37.2
30104821,3,shortness of breath,4,75,109,61,21,100,36.1
30104822,3,anxiety,7,111,115,81,16,98,37.7
30104823,4,shortness of breath,5,85,141,96,20,96,36.4
30104824,2,headache,10,103,139,71,18,98,37.0
30104825,3,laceration,2,93,113,106,18,95,37.2
30104826,3,fever,4,94,153,90,24,94,36.6
30104827,3,shortness of breath,1,73,124,82,22,100,37.1
30104828,3,anxiety,4,99,158,102,17,97,35.6
30104829,3,abdominal pain,2,73,98,70,16,99,37.2
30104830,5,headache,7,89,111,78,14,93,36.4
30104831,1,abdominal pain,9,85,126,106,15,98,37.6
30104832,3,laceration,6,96,117,68,17,96,35.8
30104833,3,knee pain,4,96,109,79,18,98,37.0
30104834,3,fever,2,95,85,70,13,97,38.2
30104835,5,abdominal pain,4,102,76,73,18,95,37.6
30104836,3,knee pain,4,83,105,102,11,100,37.0
30104837,4,laceration,3,88,156,100,10,98,37.2
30104838,3,chest pain,3,78,124,76,17,95,38.8
30104839,1,fall,7,101,144,83,27,98,35.4
30104840,4,fall,0,89,109,76,18,94,37.0
30104841,3,fever,2,102,136,76,13,97,38.2
30104842,1,chest pain,7,78,129,57,14,99,37.6
30104843,3,knee pain,1,91,112,68,16,91,38.1
30104844,3,abdominal pain,5,90,115,60,20,100,36.2
30104845,4,anxiety,6,112,109,93,21,97,36.8
30104846,2,anxiety,10,77,104,107,17,100,38.1
30104847,3,fall,0,75,130,74,11,94,37.4
30104848,4,fever,4,83,126,103,18,99,36.7
30104849,2,laceration,7,106,95,72,27,93,37.9
30104850,2,shortness of breath,8,109,114,87,15,98,37.3
30104851,2,laceration,8,74,123,66,16,97,37.3
30104852,4,anxiety,6,93,137,99,23,100,37.6
30104853,2,abdominal pain,9,88,127,106,19,97,37.4
30104854,4,shortness of breath,5,95,117,35,17,98,36.1
30104855,3,shortness of breath,1,89,127,85,13,90,36.7
30104856,5,headache,5,64,119,70,23,96,35.1
30104857,3,anxiety,1,72,128,81,18,98,36.8
30104858,3,shortness of breath,7,100,150,71,19,99,38.0
30104859,1,knee pain,10,112,116,81,16,95,35.6
30104860,3,back pain,0,70,152,62,18,99,36.7
30104861,2,knee pain,8,83,123,111,23,100,36.3
30104862,4,anxiety,5,81,99,111,24,97,36.8
30104863,4,knee pain,6,116,125,96,20,98,37.4
30104864,2,abdominal pain,9,109,138,85,15,95,36.8
30104865,3,fever,6,102,176,75,17,96,36.3
30104866,3,back pain,3,90,132,79,22,99,37.6
30104867,4,knee pain,1,87,91,83,11,96,37.2
30104868,2,shortness of breath,6,95,125,81,17,98,36.3
30104869,3,shortness of breath,5,83,100,88,13,94,35.6
30104870,2,chest pain,10,81,140,84,15,97,38.5
30104871,2,abdominal pain,6,82,129,81,13,88,37.0
30104872,3,laceration,7,76,109,81,15,99,36.5
30104873,4,fever,1,109,117,92,20,97,37.0
30104874,3,shortness of breath,1,89,111,99,18,99,36.9
30104875,3,fall,0,62,155,91,20,92,36.9
30104876,1,back pain,8,89,143,84,16,100,37.6
30104877,2,back pain,6,100,150,71,17,100,36.6
30104878,3,knee pain,4,93,142,100,22,91,36.9
30104879,3,anxiety,2,81,77,99,17,95,36.8
30104880,3,laceration,6,85,120,59,8,93,35.9
30104881,4,fever,5,75,123,87,17,100,38.0
30104882,3,knee pain,3,55,148,73,19,92,36.7
30104883,2,fall,8,70,149,103,20,99,38.0
30104884,1,shortness of breath,7,87,137,63,20,97,37.4
30104885,3,laceration,2,94,134,80,13,95,35.1
30104886,4,anxiety,2,87,142,84,24,100,36.7
30104887,1,headache,10,83,144,69,21,100,36.6
30104888,4,chest pain,5,68,129,81,22,96,38.0
30104889,3,abdominal pain,4,66,120,99,11,100,37.9
30104890,4,anxiety,2,93,122,74,16,90,35.8
30104891,3,back pain,6,78,131,80,14,96,37.1
30104892,3,shortness of breath,5,84,134,68,17,99,37.3
30104893,3,abdominal pain,3,74,179,64,21,100,36.9
30104894,3,knee pain,3,94,133,78,20,99,36.2
30104895,3,back pain,1,75,135,81,15,96,37.1
30104896,2,shortness of breath,7,84,100,100,15,93,37.9
30104897,3,abdominal pain,2,74,117,96,22,97,38.0
30104898,5,laceration,5,82,138,84,18,93,36.7
30104899,1,laceration,10,86,130,75,23,93,38.1
30104900,3,laceration,5,93,118,90,21,98,36.5
30104901,3,back pain,4,79,123,73,18,98,38.4
30104902,2,shortness of breath,7,84,128,67,19,98,38.2
30104903,4,fever,1,98,145,78,22,99,37.3
30104904,5,chest pain,1,92,151,92,21,96,35.9
30104905,3,abdominal pain,2,83,112,86,17,98,37.0
30104906,3,shortness of breath,2,93,122,79,14,94,37.1
30104907,3,fever,4,92,119,73,18,96,37.3
30104908,3,laceration,7,84,128,85,23,97,37.3
30104909,4,knee pain,5,64,123,95,19,94,38.0
30104910,3,laceration,0,63,153,65,20,100,37.0
30104911,3,fever,2,75,125,62,16,97,36.5
30104912,3,fever,1,107,129,74,18,100,36.8
30104913,3,knee pain,0,89,89,77,23,100,37.6
30104914,5,knee pain,3,84,88,103,20,94,37.5
30104915,3,back pain,4,82,101,93,25,99,36.7
30104916,2,abdominal pain,7,88,132,83,17,97,37.1
30104917,4,anxiety,4,79,112,71,17,96,36.8
30104918,4,headache,6,99,113,84,16,95,37.7
30104919,3,back pain,1,83,117,79,19,97,37.8
30104920,3,fall,2,84,126,88,14,94,36.0
30104921,4,fever,0,49,139,62,20,96,36.8
30104922,2,headache,10,101,119,76,10,100,36.3
30104923,4,back pain,5,111,150,90,18,99,36.8
30104924,2,fever,6,65,137,53,15,98,37.4
30104925,3,headache,2,66,108,85,21,94,37.4
30104926,3,back pain,4,107,90,86,15,95,35.6
30104927,4,chest pain,2,95,118,69,19,97,38.5
30104928,3,laceration,7,80,145,86,9,96,36.4
30104929,4,shortness of breath,0,114,142,90,21,99,36.7
30104930,3,fever,6,89,110,66,21,97,37.4
30104931,3,knee pain,2,96,121,95,15,98,35.9
30104932,2,chest pain,6,88,136,72,13,97,37.4
30104933,3,back pain,6,108,160,75,23,96,37.1
30104934,4,chest pain,7,86,120,94,19,90,37.6
30104935,2,shortness of breath,7,87,82,60,17,93,35.8
30104936,2,back pain,6,97,134,81,15,99,37.2
30104937,3,fever,4,78,150,78,21,97,35.8
30104938,3,abdominal pain,7,68,123,73,25,100,35.9
30104939,3,back pain,4,125,118,88,20,94,38.4
30104940,3,fever,1,84,165,88,19,93,37.9
30104941,4,fever,4,83,111,104,18,96,37.2
30104942,3,knee pain,5,105,139,67,14,94,37.2
30104943,4,abdominal pain,2,66,152,106,15,99,37.4
30104944,3,abdominal pain,2,89,111,72,17,99,37.4
30104945,4,laceration,7,96,107,79,10,100,36.2
30104946,4,headache,3,103,117,83,25,97,37.0
30104947,2,back pain,7,83,90,86,19,100,39.0
30104948,2,abdominal pain,8,83,97,91,20,95,36.6
30104949,2,anxiety,9,93,144,82,23,97,38.0
30104950,2,fever,8,77,170,66,16,92,37.1
30104951,5,shortness of breath,3,83,128,61,15,98,36.5
30104952,3,anxiety,2,100,116,80,18,94,37.3
30104953,4,laceration,0,83,109,92,12,94,36.0
30104954,3,fever,2,64,99,68,13,99,37.5
30104955,3,shortness of breath,1,78,162,80,10,97,37.0
30104956,3,abdominal pain,1,104,116,91,15,93,36.1
30104957,5,laceration,7,83,128,91,16,100,36.5
30104958,4,laceration,6,55,97,86,22,98,38.8
30104959,3,headache,2,71,109,63,23,99,35.7
30104960,3,laceration,5,75,109,82,22,97,36.8
30104961,2,fever,10,82,120,61,18,94,37.0
30104962,4,knee pain,2,101,128,112,6,98,36.5
30104963,2,abdominal pain,9,112,136,82,24,91,36.9
30104964,3,knee pain,0,71,120,119,17,95,37.7
30104965,2,chest pain,9,94,96,80,12,98,37.9
30104966,3,anxiety,3,119,99,74,14,94,37.0
30104967,2,headache,6,80,148,66,17,95,37.3
30104968,3,fever,2,94,117,81,16,100,36.2
30104969,2,fever,10,92,135,68,22,94,37.0
30104970,3,knee pain,6,77,128,84,20,100,37.9
30104971,3,anxiety,2,71,117,47,22,95,36.3
30104972,3,chest pain,7,82,136,87,18,97,36.5
30104973,4,headache,7,80,118,64,15,98,35.3
30104974,3,back pain,5,70,141,86,13,96,38.3
30104975,3,abdominal pain,0,78,109,69,15,97,37.2
30104976,3,shortness of breath,7,82,118,66,13,100,36.2
30104977,3,shortness of breath,4,73,89,110,14,92,38.4
30104978,3,shortness of breath,1,86,142,62,18,99,36.8
30104979,3,anxiety,7,85,96,79,24,99,37.5
30104980,4,fever,6,76,119,105,12,95,36.2
30104981,2,fall,8,99,132,84,20,95,37.9
30104982,3,laceration,5,89,133,103,15,97,35.9
30104983,3,abdominal pain,2,119,141,91,16,97,37.0
30104984,4,knee pain,2,48,127,107,21,94,36.8
30104985,4,back pain,5,94,148,66,23,99,36.9
30104986,3,laceration,0,112,129,92,17,98,35.9
30104987,4,abdominal pain,2,83,112,67,18,100,37.2
30104988,4,abdominal pain,2,87,137,79,23,96,38.0
30104989,3,knee pain,2,94,133,90,16,95,37.3
30104990,3,abdominal pain,1,97,151,72,24,99,36.0
30104991,4,fever,3,59,132,81,18,99,37.6
30104992,3,headache,6,72,124,68,17,99,34.6
30104993,3,shortness of breath,5,82,138,106,12,94,37.2
30104994,1,back pain,10,106,126,84,10,98,37.6
30104995,3,anxiety,3,92,125,92,19,100,38.2
30104996,4,abdominal pain,0,75,104,63,16,96,39.0
30104997,3,fall,7,91,118,75,18,100,38.1
30104998,3,shortness of breath,7,86,122,109,19,98,36.8
30104999,3,abdominal pain,7,88,115,74,11,97,36.8
30105000,3,abdominal pain,4,88,96,81,22,92,38.4
30105001,4,knee pain,7,112,131,60,22,99,38.3
30105002,1,fever,8,102,154,88,21,97,37.5
30105003,2,abdominal pain,7,96,108,74,21,95,35.8
30105004,3,laceration,0,72,151,86,11,94,38.2
30105005,3,abdominal pain,1,59,152,65,6,99,37.2
30105006,3,abdominal pain,0,81,83,87,14,100,36.7
30105007,2,headache,7,80,88,61,19,100,36.9
30105008,3,laceration,5,90,151,72,20,97,36.9
30105009,3,abdominal pain,7,53,131,82,17,96,36.6
30105010,2,chest pain,6,98,130,67,16,100,36.3
30105011,2,fever,8,77,152,91,19,99,38.6
30105012,2,knee pain,8,70,120,66,21,94,37.2
30105013,1,headache,7,64,152,84,17,99,36.2
30105014,3,fall,5,83,115,85,19,97,36.2
30105015,3,laceration,5,82,152,93,22,98,35.8
30105016,1,headache,6,81,129,89,22,93,39.1
30105017,2,fever,8,76,102,76,16,96,35.9
30105018,3,chest pain,6,91,143,80,11,94,36.7
30105019,2,back pain,10,109,116,80,30,98,36.8
30105020,3,fever,4,75,108,103,16,95,36.7
30105021,2,fall,8,100,138,79,23,96,35.9
30105022,4,chest pain,4,83,125,87,23,95,36.8
30105023,2,shortness of breath,10,75,125,88,17,99,37.4
30105024,4,chest pain,7,97,106,90,20,100,37.7
30105025,3,abdominal pain,4,112,142,86,19,100,36.9
30105026,2,shortness of breath,6,88,129,70,17,97,37.5
30105027,3,shortness of breath,3,78,99,71,15,97,36.1
30105028,1,chest pain,6,58,127,93,15,100,36.6
30105029,5,headache,4,98,107,76,20,96,37.0
30105030,3,laceration,3,77,104,75,25,97,37.6
30105031,5,back pain,7,104,106,81,10,100,36.0
30105032,3,headache,3,86,154,80,22,100,37.4
30105033,5,fever,7,81,110,81,16,92,37.7
30105034,3,headache,0,65,146,105,10,92,37.1
30105035,3,fall,3,103,107,96,18,95,37.4
30105036,3,chest pain,3,86,139,85,25,94,36.0
30105037,2,knee pain,6,113,130,95,20,91,38.1
30105038,3,laceration,6,64,136,62,13,100,35.8
30105039,3,laceration,3,88,118,80,19,95,37.6
30105040,4,fever,5,80,101,97,11,100,37.1
30105041,5,laceration,3,92,104,98,20,96,36.7
30105042,3,fall,3,94,125,77,19,98,38.2
30105043,2,shortness of breath,6,82,96,76,17,95,37.3
30105044,2,anxiety,8,74,162,84,15,100,36.9
30105045,4,anxiety,2,104,148,73,16,93,35.6
30105046,3,chest pain,2,80,117,77,19,100,37.6
30105047,4,fever,4,90,144,70,14,91,36.9
30105048,3,fall,2,92,140,79,17,100,37.0
30105049,4,shortness of breath,1,109,107,57,26,99,38.8
30105050,1,fever,7,103,122,74,13,100,37.3
30105051,2,abdominal pain,7,113,100,70,12,97,37.5
30105052,4,back pain,2,88,90,103,20,100,35.9
30105053,3,fever,5,70,128,59,22,95,39.4
30105054,2,anxiety,9,98,103,91,16,100,37.0
30105055,3,laceration,3,90,132,120,24,100,37.3
30105056,4,laceration,2,109,162,83,15,100,36.3
30105057,3,fever,2,109,137,106,15,100,37.1
30105058,3,shortness of breath,4,83,146,84,11,99,37.1
30105059,1,shortness of breath,9,91,119,74,15,100,37.3
30105060,2,chest pain,6,75,104,124,16,97,37.1
30105061,3,chest pain,0,94,143,85,16,97,38.3
30105062,2,fall,9,105,137,57,14,94,38.1
30105063,4,abdominal pain,3,102,109,65,18,97,37.5
30105064,3,shortness of breath,1,91,111,62,24,94,37.8
30105065,3,knee pain,7,87,138,80,18,95,37.5
30105066,3,headache,3,103,97,96,15,95,37.6
30105067,3,shortness of breath,4,94,120,68,24,92,37.2
30105068,3,laceration,5,69,147,58,15,100,36.4
30105069,3,chest pain,6,78,145,81,21,100,37.5
30105070,1,shortness of breath,8,84,115,63,18,100,37.1
30105071,1,headache,8,73,92,102,24,98,35.6
30105072,3,shortness of breath,0,74,110,65,13,94,36.0
30105073,3,fall,1,74,123,76,24,100,37.9
30105074,2,back pain,10,85,106,88,17,100,35.7
30105075,4,shortness of breath,4,105,114,97,23,100,37.2
30105076,2,chest pain,7,111,124,79,16,99,36.8
30105077,3,fall,1,91,140,65,16,94,36.7
30105078,3,laceration,4,91,117,93,26,96,36.6
30105079,3,back pain,3,93,126,71,11,93,37.9
30105080,5,anxiety,1,111,124,84,23,93,35.4
30105081,3,chest pain,4,56,101,97,17,95,35.6
30105082,3,laceration,5,60,147,81,18,95,37.3
30105083,4,shortness of breath,4,90,147,75,18,97,37.5
30105084,3,anxiety,7,91,118,77,21,96,36.3
30105085,4,fall,0,78,113,88,19,95,36.0
30105086,3,headache,0,82,130,78,21,97,36.3
30105087,3,fever,2,93,125,105,16,95,36.7
30105088,3,back pain,3,99,99,86,19,96,36.9
30105089,3,fever,6,59,93,94,12,100,37.2
30105090,4,fever,3,67,131,83,19,96,37.7
30105091,5,knee pain,5,67,117,61,12,100,37.3
30105092,3,headache,5,68,139,89,19,100,35.1
30105093,4,fever,4,98,145,63,23,99,36.6
30105094,2,headache,9,88,111,80,15,90,37.4
30105095,1,headache,10,76,117,70,11,96,36.6
30105096,3,laceration,0,68,84,98,22,99,36.2
30105097,4,fever,2,95,129,78,20,90,36.4
30105098,3,anxiety,1,84,139,105,15,95,37.8
30105099,4,fever,1,85,115,65,26,99,35.3
30105100,4,abdominal pain,4,93,163,88,18,100,37.6
30105101,3,laceration,2,105,143,85,11,100,38.2
30105102,4,abdominal pain,2,90,139,74,13,97,36.1
30105103,4,laceration,0,95,136,66,16,93,36.5
30105104,3,anxiety,3,74,130,70,15,100,36.8
30105105,4,abdominal pain,4,86,89,95,20,99,36.6
30105106,3,laceration,0,87,120,82,18,97,36.3
30105107,1,chest pain,10,93,129,97,20,96,37.8
30105108,3,fall,6,47,91,59,17,100,37.3
30105109,3,abdominal pain,2,81,133,65,13,96,37.4
30105110,3,back pain,4,89,155,74,13,95,36.2
30105111,3,laceration,6,84,130,77,14,100,36.7
30105112,4,knee pain,0,81,151,108,11,95,36.5
30105113,3,abdominal pain,7,79,116,67,13,97,37.2
30105114,3,fever,1,73,114,69,26,94,37.0
30105115,4,fever,3,76,130,99,18,100,37.7
30105116,3,knee pain,6,106,132,80,14,95,36.7
30105117,3,back pain,3,78,123,95,17,96,36.6
30105118,3,knee pain,0,76,109,87,20,94,38.2
30105119,3,abdominal pain,7,102,98,99,16,99,38.0
30105120,2,anxiety,10,97,123,70,15,97,36.0
30105121,3,fall,2,86,168,60,15,98,36.1
30105122,1,shortness of breath,7,94,124,99,11,99,35.0
30105123,2,fall,9,87,130,96,25,95,36.8
30105124,2,fever,8,91,122,88,22,99,36.1
30105125,3,laceration,4,99,117,76,17,95,36.7
30105126,3,knee pain,4,80,103,93,17,97,35.8
30105127,1,fall,6,70,161,50,19,93,36.0
30105128,3,laceration,4,92,135,69,19,98,36.5
30105129,4,laceration,1,103,145,76,18,94,38.2
30105130,2,headache,8,72,111,84,24,100,37.0
30105131,3,fall,1,112,124,84,15,100,35.9
30105132,3,fever,1,102,124,88,18,97,35.9
30105133,4,chest pain,4,75,89,69,23,94,36.4
30105134,3,chest pain,7,81,113,118,22,97,37.3
30105135,1,back pain,6,89,145,76,23,95,35.4
30105136,3,chest pain,0,65,123,70,16,99,35.8
30105137,3,back pain,5,75,146,83,20,93,35.6
30105138,4,chest pain,1,87,165,91,17,97,37.0
30105139,3,back pain,6,81,89,93,22,93,36.1
30105140,3,shortness of breath,0,57,116,110,19,95,37.8
30105141,3,fall,0,85,120,89,18,96,38.2
30105142,3,chest pain,7,68,96,71,19,94,35.7
30105143,3,fall,5,62,115,81,26,94,36.8
30105144,4,knee pain,2,70,102,62,24,95,36.2
30105145,5,fever,2,72,98,61,19,97,38.6
30105146,4,anxiety,0,95,137,98,19,100,36.7
30105147,4,laceration,3,91,126,86,30,96,36.7
30105148,3,fever,1,88,82,72,12,94,37.1
30105149,2,chest pain,9,112,126,81,22,100,37.6
30105150,3,headache,0,65,130,85,21,99,37.4
30105151,3,anxiety,2,76,112,67,19,96,36.3
30105152,3,fall,7,73,152,51,20,100,38.1
30105153,4,headache,0,92,127,71,19,94,37.2
30105154,2,anxiety,10,54,131,67,18,98,38.1
30105155,3,fall,5,86,127,99,16,95,36.8
30105156,3,knee pain,4,66,106,66,16,99,37.0
30105157,3,headache,5,88,134,83,16,92,36.9
30105158,3,fever,1,85,130,111,16,96,37.7
30105159,3,chest pain,0,77,99,84,21,96,37.6
30105160,2,shortness of breath,8,83,90,88,13,100,36.2
30105161,2,shortness of breath,10,89,117,58,18,100,36.0
30105162,3,anxiety,4,87,137,81,16,96,37.2
30105163,5,anxiety,4,71,136,65,15,98,37.7
30105164,3,fever,6,80,129,65,18,95,36.6
30105165,3,abdominal pain,6,93,85,69,17,94,36.5
30105166,3,shortness of breath,1,54,109,78,22,98,35.8
30105167,3,back pain,5,98,98,74,12,92,37.8
30105168,3,fever,5,70,121,89,16,100,37.6
30105169,3,abdominal pain,2,80,121,58,23,98,36.3
30105170,4,fall,0,62,160,70,17,100,35.9
30105171,3,abdominal pain,3,111,132,81,23,99,35.6
30105172,3,anxiety,2,88,102,83,29,100,37.3
30105173,3,laceration,6,82,142,83,19,94,37.7
30105174,2,back pain,9,79,144,72,10,96,37.5
30105175,4,laceration,0,88,170,37,10,93,37.6
30105176,3,chest pain,1,109,127,94,19,98,36.5
30105177,4,back pain,6,68,115,78,18,100,37.2
30105178,3,abdominal pain,6,90,146,87,23,100,36.8
30105179,3,knee pain,1,94,103,62,6,93,36.8
30105180,2,headache,10,80,120,70,16,96,36.9
30105181,2,shortness of breath,10,73,107,86,23,97,37.2
30105182,3,shortness of breath,0,87,126,57,24,98,37.3
30105183,4,abdominal pain,0,87,119,89,7,99,37.5
30105184,4,chest pain,7,88,114,94,20,97,37.5
30105185,3,headache,6,80,80,42,17,91,37.7
30105186,2,knee pain,6,89,157,85,14,94,37.4
30105187,3,headache,6,86,103,74,21,96,38.9
30105188,3,laceration,1,97,125,77,19,100,38.0
30105189,4,laceration,5,86,107,68,25,96,37.4
30105190,4,anxiety,4,111,116,91,21,94,39.1
30105191,4,chest pain,3,83,101,76,21,96,36.8
30105192,3,headache,6,105,113,85,18,97,36.8
30105193,2,knee pain,10,64,145,68,10,96,38.5
30105194,4,abdominal pain,0,58,113,91,23,96,38.0
30105195,1,anxiety,6,77,128,105,22,100,36.9
30105196,3,abdominal pain,2,70,144,93,14,100,37.9
30105197,3,anxiety,5,89,122,62,19,91,37.6
30105198,3,fall,7,78,156,75,18,100,38.3
30105199,3,fever,5,100,169,69,17,97,36.6
30105200,2,knee pain,7,79,97,66,12,96,35.8
30105201,2,laceration,10,86,102,70,17,93,37.5
30105202,3,laceration,6,76,122,73,20,97,37.5
30105203,5,anxiety,3,69,114,79,12,96,37.5
30105204,3,headache,1,87,116,79,17,95,37.2
30105205,4,chest pain,6,107,111,84,19,96,37.7
30105206,3,fall,0,65,147,81,14,97,38.1
30105207,3,abdominal pain,7,85,102,83,15,96,36.5
30105208,4,chest pain,7,81,116,95,17,96,36.9
30105209,4,chest pain,1,93,124,94,23,100,37.6
30105210,4,laceration,4,117,127,75,22,95,34.7
30105211,3,laceration,1,106,164,45,10,97,38.5
30105212,1,anxiety,10,105,101,109,17,98,36.6
30105213,2,back pain,9,79,93,77,14,92,37.4
30105214,3,anxiety,6,91,109,83,13,95,36.2
30105215,5,back pain,0,75,125,94,14,100,34.4
30105216,2,knee pain,9,81,117,68,11,100,35.9
30105217,4,back pain,0,74,164,85,14,96,37.5
30105218,2,fall,8,94,114,70,19,95,37.7
30105219,4,fall,2,88,133,75,16,95,38.2
30105220,2,chest pain,9,72,144,93,20,100,36.1
30105221,3,shortness of breath,3,98,121,99,24,100,37.3
30105222,4,knee pain,0,61,146,93,20,96,36.1
30105223,4,shortness of breath,7,95,161,64,19,100,36.7
30105224,3,fall,0,77,124,72,18,93,35.9
30105225,3,chest pain,6,48,139,81,12,93,38.5
30105226,3,fall,2,80,153,67,17,91,36.3
30105227,2,headache,10,76,122,48,16,97,36.0
30105228,3,shortness of breath,4,54,141,84,21,94,37.0
30105229,3,fever,1,83,113,64,15,98,36.6
30105230,4,shortness of breath,2,97,129,99,21,91,35.4
30105231,3,anxiety,7,112,117,80,15,93,35.9
30105232,3,knee pain,0,80,139,71,19,95,37.1
30105233,1,fall,10,88,129,93,17,98,36.3
30105234,4,back pain,1,67,135,85,18,98,35.5
30105235,3,laceration,6,96,134,72,10,96,36.0
30105236,2,back pain,9,70,120,76,18,96,37.0
30105237,3,fever,2,83,94,91,19,93,37.9
30105238,3,back pain,5,103,134,88,20,92,36.5
30105239,3,fall,0,86,104,70,20,100,37.1
30105240,4,fall,2,72,106,82,20,97,35.8
30105241,2,anxiety,10,65,116,58,19,99,37.2
30105242,1,back pain,10,86,119,102,18,100,37.3
30105243,3,anxiety,7,129,92,76,23,93,37.0
30105244,3,abdominal pain,0,71,125,66,19,98,35.3
30105245,3,headache,0,90,113,91,19,97,37.0
30105246,3,laceration,0,108,68,89,20,96,37.3
30105247,2,knee pain,10,79,132,94,11,99,38.3
30105248,2,shortness of breath,9,70,81,92,16,96,36.6
30105249,3,knee pain,5,83,95,92,20,100,35.5
30105250,3,knee pain,5,76,123,105,16,93,36.4
30105251,4,fever,0,93,144,83,13,96,36.8
30105252,3,chest pain,1,92,155,93,17,99,36.6
30105253,3,chest pain,7,70,153,59,20,97,36.7
30105254,2,back pain,7,55,162,65,15,94,36.9
30105255,3,fall,0,67,95,71,20,94,38.0
30105256,2,shortness of breath,7,105,118,64,19,100,37.3
30105257,3,knee pain,6,84,145,74,11,95,37.0
30105258,3,shortness of breath,3,104,123,51,19,99,38.4
30105259,3,shortness of breath,6,80,108,98,17,96,38.3
30105260,3,fever,6,79,111,91,22,99,36.5
30105261,3,back pain,3,97,113,72,12,97,37.3
30105262,3,headache,7,53,131,100,24,95,37.6
30105263,3,abdominal pain,0,104,97,71,20,99,38.6
30105264,3,fall,2,85,103,103,17,95,35.4
30105265,3,headache,2,94,89,65,25,100,37.8
30105266,3,shortness of breath,1,61,121,74,19,100,37.5
30105267,3,laceration,7,102,137,78,10,99,37.3
30105268,3,laceration,5,70,112,70,26,94,36.7
30105269,3,laceration,7,99,120,94,7,100,36.4
30105270,2,chest pain,8,80,122,59,17,95,38.3
30105271,5,abdominal pain,2,100,124,69,15,97,37.4
30105272,3,knee pain,6,70,146,98,19,98,37.2
30105273,2,abdominal pain,6,78,112,76,19,99,37.6
30105274,3,shortness of breath,4,73,148,80,14,95,37.5
30105275,3,abdominal pain,7,85,105,48,22,100,37.6
30105276,3,shortness of breath,4,85,98,94,22,99,35.5
30105277,3,headache,5,66,127,72,25,97,37.5
30105278,2,fever,9,110,130,91,12,98,36.0
30105279,2,shortness of breath,7,59,155,74,18,98,36.8
30105280,4,fever,1,45,106,31,19,96,37.5
30105281,3,chest pain,4,93,87,97,15,97,38.3
30105282,5,headache,1,67,119,106,22,92,35.6
30105283,3,anxiety,3,86,132,81,18,99,35.1
30105284,4,fever,6,71,123,40,27,93,37.5
30105285,2,shortness of breath,7,77,125,105,22,97,35.8
30105286,3,anxiety,3,84,125,67,19,97,37.0
30105287,2,anxiety,6,77,114,81,9,98,37.9
30105288,3,anxiety,4,65,106,113,13,97,36.7
30105289,3,laceration,7,98,121,81,28,99,36.6
30105290,4,abdominal pain,1,74,113,108,25,100,37.1
30105291,3,fall,3,67,71,71,21,97,35.9
30105292,5,back pain,6,100,116,53,21,94,36.4
30105293,2,fall,7,81,127,73,20,98,36.2
30105294,3,laceration,1,92,172,92,10,89,37.5
30105295,3,fall,3,88,157,67,19,98,37.1
30105296,3,fever,3,77,125,93,19,92,38.2
30105297,4,knee pain,3,83,140,73,24,97,35.7
30105298,4,knee pain,0,78,132,75,13,96,37.2
30105299,3,abdominal pain,3,89,120,88,12,93,36.8
30105300,3,anxiety,2,92,90,73,20,97,36.3
30105301,3,headache,2,91,139,114,21,100,35.7
30105302,4,back pain,6,118,123,44,19,97,37.3
30105303,4,abdominal pain,5,49,146,90,24,99,37.6
30105304,3,knee pain,3,77,125,73,13,100,37.0
30105305,4,fall,0,64,142,68,27,96,36.5
30105306,2,shortness of breath,6,137,122,49,21,97,35.8
30105307,3,headache,3,75,142,104,16,96,38.0
30105308,4,fever,1,95,128,84,14,93,36.3
30105309,3,fall,4,63,121,99,24,97,36.6
30105310,4,chest pain,7,97,148,82,18,95,36.9
30105311,3,knee pain,3,75,140,84,19,95,36.4
30105312,2,shortness of breath,9,92,82,81,25,97,37.6
30105313,3,fall,1,86,114,73,20,91,36.9
30105314,4,back pain,5,87,107,70,17,97,36.8
30105315,2,fall,10,67,97,78,17,99,36.7
30105316,4,laceration,1,88,145,74,27,95,38.1
30105317,3,laceration,0,78,116,51,21,97,37.8
30105318,3,shortness of breath,1,80,109,61,18,93,37.5
30105319,2,anxiety,9,79,154,91,20,99,36.4
30105320,3,headache,2,85,105,71,27,99,36.5
30105321,3,fall,0,76,145,82,15,100,36.6
30105322,2,shortness of breath,10,71,98,58,18,100,35.8
30105323,1,abdominal pain,7,72,100,74,18,97,38.4
30105324,3,back pain,7,73,90,76,11,94,36.2
30105325,4,fever,4,90,107,57,18,100,35.6
30105326,2,back pain,6,72,127,54,21,97,36.1
30105327,3,fever,2,86,126,62,16,100,37.0
30105328,3,anxiety,0,70,128,92,14,100,37.9
30105329,2,fever,7,106,158,89,20,96,36.5
30105330,3,abdominal pain,7,82,103,73,16,95,36.2
30105331,2,back pain,7,81,145,57,20,98,36.5
30105332,3,chest pain,1,79,143,93,21,95,35.3
30105333,3,chest pain,3,102,125,83,23,98,38.2
30105334,4,headache,7,73,103,64,16,95,36.3
30105335,3,back pain,6,107,126,57,20,93,35.6
30105336,2,anxiety,10,76,148,78,16,100,36.8
30105337,3,fall,5,55,161,55,23,96,36.5
30105338,4,anxiety,4,117,131,76,16,95,36.2
30105339,4,headache,5,96,155,78,16,95,37.7
30105340,3,shortness of breath,6,85,131,87,22,100,38.4
30105341,4,headache,7,109,125,88,25,93,37.6
30105342,3,back pain,6,99,118,97,23,100,37.2
30105343,4,shortness of breath,7,112,120,66,16,88,36.7
30105344,3,fever,3,78,90,87,24,94,36.7
30105345,4,back pain,7,76,124,93,24,97,37.3
30105346,4,chest pain,6,82,135,87,8,87,37.2
30105347,3,knee pain,1,77,128,90,23,96,36.9
30105348,3,laceration,1,60,81,101,12,99,36.0
30105349,4,knee pain,0,81,115,73,11,99,38.0
30105350,2,back pain,9,89,133,88,23,100,36.1
30105351,2,chest pain,9,68,133,114,24,96,36.2
30105352,4,knee pain,6,80,123,101,20,100,37.0
30105353,2,knee pain,9,83,91,68,18,98,37.1
30105354,4,chest pain,5,105,107,49,10,100,37.3
30105355,5,knee pain,7,93,131,94,15,97,37.5
30105356,5,knee pain,2,74,129,68,10,100,37.8
30105357,3,anxiety,4,89,106,74,12,100,37.9
30105358,3,shortness of breath,7,114,110,64,17,93,38.0
30105359,3,fall,0,80,142,80,14,97,36.3
30105360,4,headache,0,68,115,81,22,99,36.7
30105361,2,back pain,9,90,119,68,11,100,37.2
30105362,3,chest pain,4,93,144,61,25,95,37.3
30105363,3,knee pain,0,73,137,87,23,99,37.2
30105364,4,knee pain,2,67,138,86,22,99,36.7
30105365,3,fall,4,62,154,81,18,93,37.0
30105366,3,back pain,2,84,115,75,23,96,36.9
30105367,1,knee pain,7,85,143,66,25,97,37.9
30105368,3,fever,6,93,99,107,19,96,38.1
30105369,4,fall,1,82,113,78,18,93,37.6
30105370,3,knee pain,3,107,177,51,24,99,36.5
30105371,3,shortness of breath,2,80,95,72,18,92,36.2
30105372,3,back pain,2,94,112,62,19,95,38.4
30105373,3,laceration,7,52,79,62,16,97,36.8
30105374,2,shortness of breath,9,93,101,92,21,100,38.0
30105375,3,chest pain,2,87,105,81,14,100,35.8
30105376,3,headache,0,116,144,54,25,96,36.7
30105377,3,back pain,0,121,110,86,15,93,37.0
30105378,3,fever,5,107,126,79,13,100,36.9
30105379,3,fever,7,84,123,67,10,97,38.3
30105380,3,laceration,4,78,119,84,19,97,37.5
30105381,2,fall,8,107,123,74,19,88,37.1
30105382,3,shortness of breath,3,70,104,105,30,100,35.8
30105383,3,anxiety,1,68,114,56,27,94,37.9
30105384,3,back pain,7,82,118,90,16,97,36.0
30105385,2,headache,8,88,118,83,11,98,35.7
30105386,3,back pain,3,47,123,76,14,95,37.4
30105387,4,abdominal pain,5,75,175,63,15,98,37.4
30105388,3,abdominal pain,1,74,110,102,18,100,37.3
30105389,3,chest pain,6,77,115,67,16,97,36.4
30105390,3,laceration,7,78,139,94,28,96,36.1
30105391,2,knee pain,10,88,116,94,19,94,37.0
30105392,1,abdominal pain,8,100,128,59,16,94,36.7
30105393,2,laceration,6,79,145,65,11,95,37.5
30105394,4,abdominal pain,1,98,123,84,13,94,37.3
30105395,3,chest pain,1,83,105,95,9,99,37.1
30105396,2,knee pain,10,77,143,99,17,100,36.8
30105397,4,anxiety,3,96,114,67,13,99,37.9
30105398,2,abdominal pain,10,78,113,83,20,99,37.5
30105399,3,laceration,6,102,117,84,17,97,37.2
30105400,2,fall,8,81,124,74,19,100,36.9
30105401,4,back pain,3,108,128,94,20,97,35.5
30105402,3,fever,4,92,87,72,12,98,36.8
30105403,3,back pain,1,86,120,61,16,100,35.9
30105404,4,fever,3,81,134,51,17,100,38.4
30105405,3,laceration,7,57,126,63,13,97,37.3
30105406,3,headache,1,91,127,57,16,96,35.9
30105407,4,back pain,6,73,133,77,20,94,36.9
30105408,4,fever,2,53,117,72,21,97,36.9
30105409,3,laceration,1,81,132,51,19,100,36.4
30105410,2,fall,6,95,101,88,21,92,38.2
30105411,4,headache,7,78,127,73,23,88,36.9
30105412,3,fever,1,57,100,84,19,100,37.1
30105413,4,back pain,2,97,107,66,20,100,37.9
30105414,3,abdominal pain,1,113,129,75,20,95,35.2
30105415,4,back pain,0,73,115,77,23,96,37.1
30105416,3,chest pain,6,58,110,66,22,96,37.0
30105417,3,laceration,2,88,123,78,13,94,36.4
30105418,2,fall,6,103,106,51,18,99,35.9
30105419,3,headache,4,81,141,65,15,98,36.6
30105420,3,knee pain,3,79,154,78,18,97,35.7
30105421,1,knee pain,7,73,129,84,25,100,37.0
30105422,3,abdominal pain,4,118,137,81,21,99,37.4
30105423,3,fall,0,104,129,79,23,100,38.0
30105424,3,abdominal pain,3,53,122,94,20,97,37.6
30105425,3,back pain,0,102,141,90,17,98,37.3
30105426,3,abdominal pain,1,66,112,76,18,96,37.4
30105427,2,anxiety,6,109,114,92,16,100,37.1
30105428,4,back pain,7,100,149,71,20,94,38.9
30105429,3,laceration,4,89,136,93,10,98,37.6
30105430,3,fever,4,93,92,86,18,96,37.6
30105431,2,fall,10,89,151,78,13,100,37.6
30105432,3,knee pain,2,118,125,81,17,99,37.4
30105433,4,laceration,0,90,166,80,18,90,35.2
30105434,4,knee pain,2,117,120,80,15,90,35.9
30105435,3,knee pain,4,98,140,85,30,95,37.4
30105436,3,laceration,7,65,122,72,20,99,37.0
30105437,2,fall,7,91,155,87,18,100,37.2
30105438,4,fall,0,91,136,90,17,94,37.9
30105439,3,chest pain,5,71,148,94,19,97,36.6
30105440,3,back pain,4,76,116,57,16,92,37.2
30105441,2,knee pain,9,70,141,76,22,96,37.7
30105442,3,fever,4,91,146,87,19,95,35.5
30105443,3,fall,6,107,142,82,21,99,37.2
30105444,2,knee pain,6,98,132,83,28,95,35.5
30105445,3,chest pain,4,89,91,121,25,97,37.5
30105446,4,anxiety,4,125,147,104,14,97,36.2
30105447,4,shortness of breath,7,102,114,73,18,100,37.9
30105448,3,chest pain,1,82,135,64,23,97,37.7
30105449,2,laceration,7,88,110,63,23,93,37.8
30105450,3,shortness of breath,6,82,157,74,16,99,36.0
30105451,4,headache,5,91,129,59,20,97,36.2
30105452,4,fever,4,73,120,88,26,96,38.2
30105453,3,headache,3,102,141,72,6,94,37.8
30105454,4,chest pain,3,104,160,94,11,96,37.0
30105455,3,abdominal pain,7,106,163,57,12,92,36.8
30105456,3,laceration,1,77,126,57,15,97,37.2
30105457,3,anxiety,4,92,120,62,15,99,37.1
30105458,3,chest pain,0,84,95,96,16,94,37.5
30105459,4,knee pain,1,74,107,109,19,100,37.6
30105460,4,fall,0,52,159,73,25,89,36.5
30105461,4,laceration,6,86,171,95,16,97,36.2
30105462,3,laceration,4,73,146,104,21,99,37.8
30105463,3,knee pain,2,88,131,102,20,98,37.6
30105464,3,fever,7,89,92,66,24,100,35.7
30105465,3,laceration,2,94,131,79,16,100,37.1
30105466,3,headache,4,83,125,118,23,93,35.8
30105467,3,abdominal pain,4,108,156,57,18,100,36.5
30105468,3,abdominal pain,5,97,136,75,17,95,36.9
30105469,3,laceration,6,96,166,78,20,99,35.7
30105470,3,fall,0,69,122,68,19,98,37.0
30105471,3,chest pain,4,62,140,123,21,99,36.9
30105472,3,headache,3,93,125,68,18,99,36.4
30105473,5,knee pain,4,94,133,71,17,94,37.1
30105474,5,shortness of breath,7,79,104,74,23,96,38.5
30105475,3,anxiety,4,88,157,76,22,100,37.8
30105476,4,headache,5,85,137,95,19,100,37.3
30105477,3,back pain,1,63,144,75,20,97,38.2
30105478,3,back pain,0,105,105,54,16,94,39.0
30105479,3,fall,7,90,138,79,19,96,36.9
30105480,3,shortness of breath,2,82,136,123,11,100,37.0
30105481,3,fall,0,77,99,71,19,94,37.5
30105482,3,abdominal pain,3,72,133,69,21,97,37.2
30105483,3,headache,0,84,130,78,19,97,37.7
30105484,4,shortness of breath,7,84,110,56,12,93,38.6
30105485,3,shortness of breath,6,50,131,89,21,100,37.2
30105486,3,back pain,2,103,102,95,17,99,36.7
30105487,4,shortness of breath,1,69,157,59,19,100,36.7
30105488,4,shortness of breath,2,102,139,114,19,99,38.8
30105489,3,back pain,4,98,129,56,23,99,37.9
30105490,3,fall,0,81,123,68,23,95,36.4
30105491,3,back pain,0,94,122,107,19,97,37.3
30105492,3,fever,5,87,148,84,16,98,36.2
30105493,3,back pain,3,69,107,90,15,98,38.1
30105494,3,fall,3,63,125,74,18,99,36.8
30105495,3,fever,7,87,126,91,24,98,37.6
30105496,2,shortness of breath,8,45,115,87,17,97,36.9
30105497,2,back pain,7,82,87,82,20,94,38.4
30105498,3,headache,2,97,118,73,19,96,38.2
30105499,3,back pain,6,80,137,59,16,91,36.7
30105500,3,back pain,6,68,115,61,17,96,38.0
30105501,3,fall,5,58,116,60,16,99,37.0
30105502,3,back pain,3,63,126,69,20,99,37.4
30105503,3,laceration,2,79,71,79,25,96,37.0
30105504,3,fall,1,89,105,97,17,100,37.5
30105505,4,headache,6,66,132,90,11,99,36.0
30105506,3,back pain,2,90,138,90,23,100,37.6
30105507,3,anxiety,1,95,93,78,15,100,37.5
30105508,3,back pain,1,80,129,58,21,98,36.8
30105509,2,abdominal pain,10,104,142,89,14,97,37.9
30105510,3,back pain,7,97,133,88,15,96,37.4
30105511,2,fall,7,114,113,100,19,97,37.8
30105512,3,back pain,1,92,111,73,17,96,36.9
30105513,4,back pain,6,112,93,65,18,99,37.6
30105514,4,shortness of breath,7,66,115,70,15,99,36.4
30105515,3,laceration,0,89,126,55,16,96,39.0
30105516,4,anxiety,0,86,167,91,16,96,37.8
30105517,3,knee pain,4,101,77,104,20,96,37.7
30105518,3,abdominal pain,2,80,132,71,19,93,38.0
30105519,3,fever,4,92,103,97,11,100,36.0
30105520,4,laceration,5,86,144,100,23,96,37.4
30105521,2,abdominal pain,8,73,157,76,10,95,36.5
30105522,3,laceration,3,93,106,95,16,100,36.9
30105523,4,back pain,3,115,103,69,18,95,37.8
30105524,3,fever,1,72,132,67,15,97,36.2
30105525,3,knee pain,6,80,154,100,16,91,37.9
30105526,3,back pain,7,74,134,95,24,100,37.6
30105527,4,headache,3,106,124,68,22,94,36.0
30105528,3,anxiety,3,101,101,104,17,96,36.2
30105529,3,anxiety,0,90,138,80,20,97,36.8
30105530,3,shortness of breath,2,73,122,78,20,95,36.0
30105531,4,anxiety,3,82,139,87,14,94,35.9
30105532,3,headache,5,62,125,86,21,96,38.6
30105533,3,abdominal pain,4,101,149,94,21,100,37.8
30105534,3,chest pain,2,84,137,73,17,97,37.1
30105535,3,laceration,1,58,188,59,16,92,37.5
30105536,4,abdominal pain,4,99,138,78,17,100,36.9
30105537,3,anxiety,6,119,130,116,18,98,39.1
30105538,5,anxiety,5,91,91,91,16,97,36.5
30105539,2,laceration,7,64,112,95,11,98,38.6
30105540,2,headache,8,71,98,79,14,97,36.8
30105541,2,fall,9,58,103,79,13,98,38.3
30105542,4,abdominal pain,7,95,123,65,26,96,36.0
30105543,3,abdominal pain,5,96,117,118,18,90,36.1
30105544,4,headache,1,79,131,93,15,97,37.5
30105545,3,laceration,1,85,138,111,22,98,36.9
30105546,3,fall,6,78,131,86,15,100,36.9
30105547,4,knee pain,1,123,119,68,16,100,37.1
30105548,3,knee pain,7,72,114,80,17,98,37.1
30105549,3,shortness of breath,2,95,114,77,12,99,37.2
30105550,3,headache,6,100,150,75,20,94,36.5
30105551,2,shortness of breath,8,75,137,81,12,95,37.5
30105552,3,headache,3,80,113,88,20,99,36.6
30105553,5,knee pain,4,71,121,107,18,100,37.6
30105554,4,back pain,3,80,112,113,27,94,37.4
30105555,3,back pain,3,101,111,86,17,96,35.6
30105556,3,anxiety,4,76,87,82,18,99,36.3
30105557,2,abdominal pain,10,62,110,76,25,100,36.4
30105558,3,knee pain,1,68,110,101,23,100,37.1
30105559,3,fever,4,95,126,73,17,99,38.0
30105560,2,headache,9,85,107,66,19,100,37.9
30105561,2,chest pain,8,78,94,84,22,97,36.6
30105562,3,laceration,4,87,124,89,24,96,37.1
30105563,4,shortness of breath,7,60,123,71,16,97,38.7
30105564,3,fall,5,76,107,83,16,94,36.6
30105565,3,shortness of breath,6,61,124,76,16,100,36.7
30105566,2,headache,8,92,142,99,22,100,37.3
30105567,3,laceration,0,77,155,95,24,99,36.4
30105568,3,knee pain,2,81,113,87,13,97,35.6
30105569,3,laceration,6,99,135,75,22,97,37.0
30105570,2,back pain,10,63,159,91,19,89,36.9
30105571,3,headache,1,107,141,109,15,100,37.2
30105572,3,laceration,1,80,131,49,20,100,38.6
30105573,2,fever,6,123,144,75,20,100,35.8
30105574,4,fever,2,78,105,55,17,96,37.9
30105575,2,fall,7,101,149,119,14,97,36.9
30105576,3,back pain,7,118,157,106,24,96,36.2
30105577,2,fever,6,118,121,54,17,97,37.7
30105578,3,knee pain,6,99,117,86,16,98,37.6
30105579,3,anxiety,1,87,129,88,18,97,38.0
30105580,4,headache,3,100,127,73,10,97,36.0
30105581,1,anxiety,8,92,143,62,14,92,36.5
30105582,4,back pain,3,80,140,93,13,95,37.4
30105583,3,fever,5,97,136,93,15,97,38.5
30105584,3,shortness of breath,1,67,143,99,16,95,36.0
30105585,3,back pain,7,74,148,93,10,95,36.6
30105586,3,anxiety,2,96,135,51,15,100,37.5
30105587,1,shortness of breath,8,102,107,95,18,93,36.1
30105588,4,chest pain,0,97,101,81,15,100,36.0
30105589,3,back pain,2,93,171,105,18,93,36.6
30105590,3,headache,5,76,111,85,16,99,36.1
30105591,2,knee pain,10,84,98,104,29,97,37.7
30105592,3,chest pain,4,109,121,73,18,95,37.1
30105593,3,back pain,3,76,155,94,27,98,35.9
30105594,5,shortness of breath,2,112,120,97,13,98,35.6
30105595,3,anxiety,5,106,129,63,20,100,37.1
30105596,2,fever,10,96,121,70,13,100,36.6
30105597,3,anxiety,5,79,162,59,16,100,36.5
30105598,4,chest pain,4,71,134,80,17,100,37.7
30105599,4,fever,6,112,120,64,18,100,35.7
30105600,3,fall,1,108,144,68,15,99,36.6
30105601,5,fever,4,88,129,64,18,100,37.4
30105602,4,fall,3,81,87,92,17,95,37.6
30105603,4,knee pain,6,86,131,80,18,93,36.7
30105604,3,knee pain,2,86,156,82,22,96,38.2
30105605,2,anxiety,7,88,155,108,22,96,36.7
30105606,4,knee pain,5,88,140,75,16,100,35.8
30105607,3,laceration,3,82,147,66,23,95,38.0
30105608,3,headache,7,87,137,73,23,100,38.2
30105609,4,shortness of breath,6,81,134,57,12,100,37.7
30105610,3,chest pain,4,92,156,79,13,96,36.7
30105611,2,fall,9,67,106,49,19,96,37.8
30105612,2,anxiety,10,98,154,125,11,100,36.4
30105613,3,fever,6,78,125,75,20,97,36.9
30105614,3,shortness of breath,6,53,101,71,21,100,37.7
30105615,3,anxiety,4,111,125,92,20,96,36.7
30105616,2,fall,9,86,110,86,22,100,37.0
30105617,4,headache,0,71,130,74,13,96,38.0
30105618,3,headache,1,95,125,94,14,97,37.5
30105619,5,headache,7,77,135,99,15,100,34.9
30105620,3,back pain,2,86,105,78,16,99,36.9
30105621,2,back pain,8,94,144,93,23,99,37.6
30105622,3,headache,4,92,107,71,24,98,36.8
30105623,1,abdominal pain,6,83,120,87,24,98,36.4
30105624,3,headache,3,103,102,96,15,99,37.0
30105625,4,abdominal pain,4,94,152,99,27,92,36.5
30105626,2,anxiety,8,106,145,85,18,98,36.9
30105627,4,laceration,4,58,112,87,17,98,36.3
30105628,4,knee pain,4,89,82,85,13,93,36.4
30105629,3,fall,0,65,128,86,11,100,37.6
30105630,4,anxiety,0,86,152,96,18,100,38.1
30105631,3,fever,5,94,105,70,22,96,36.1
30105632,4,back pain,1,86,78,75,13,97,37.3
30105633,3,anxiety,7,89,145,112,19,100,36.3
30105634,3,laceration,7,95,103,90,19,98,37.8
30105635,2,anxiety,10,90,132,67,15,93,35.7
30105636,1,laceration,6,54,132,57,21,100,36.7
30105637,3,fall,3,88,68,96,17,92,35.2
30105638,2,knee pain,7,74,83,114,18,94,37.6
30105639,3,headache,2,89,114,61,15,95,36.9
30105640,3,back pain,6,94,97,89,17,96,38.6
30105641,4,headache,6,77,148,54,16,97,36.9
30105642,3,abdominal pain,3,87,141,76,14,100,36.9
30105643,3,knee pain,5,97,106,87,25,98,36.6
30105644,2,fever,10,70,147,63,20,100,36.5
30105645,3,back pain,2,113,86,112,18,93,37.4
30105646,1,knee pain,6,92,132,65,21,100,35.7
30105647,2,headache,7,107,133,68,25,100,36.9
30105648,3,chest pain,3,97,113,80,22,94,36.8
30105649,4,abdominal pain,2,88,111,93,24,98,36.1
30105650,3,knee pain,1,73,157,84,21,97,37.6
30105651,2,headache,9,79,142,66,14,93,37.6
30105652,3,fever,1,102,95,68,18,96,37.1
30105653,3,abdominal pain,0,89,114,80,17,94,37.7
30105654,4,shortness of breath,6,80,146,91,21,96,37.3
30105655,5,knee pain,5,89,127,111,20,96,36.8
30105656,2,shortness of breath,10,88,131,71,17,100,37.2
30105657,3,knee pain,4,32,127,68,21,97,36.6
30105658,4,fall,3,99,120,53,26,98,36.5
30105659,2,fever,6,106,103,97,16,96,37.3
30105660,2,fall,8,91,144,70,16,95,38.4
30105661,1,knee pain,9,86,127,70,19,95,36.6
30105662,3,abdominal pain,6,87,151,79,19,95,36.1
30105663,2,knee pain,6,82,115,66,17,100,36.2
30105664,3,back pain,3,80,90,65,29,98,37.4
30105665,3,chest pain,3,98,111,97,20,95,37.0
30105666,4,chest pain,2,97,130,59,15,92,37.9
30105667,5,knee pain,3,70,137,95,18,100,36.4
30105668,3,abdominal pain,5,81,153,81,16,97,37.6
30105669,4,laceration,3,139,166,83,22,98,35.7
30105670,2,fever,7,104,115,82,19,95,37.1
30105671,2,chest pain,9,96,133,63,23,99,37.8
30105672,2,anxiety,6,57,145,99,21,91,36.2
30105673,2,headache,7,89,148,73,17,99,37.2
30105674,3,chest pain,6,61,139,65,18,99,37.8
30105675,3,knee pain,2,67,66,73,14,91,36.8
30105676,4,laceration,7,76,103,67,17,98,36.5
30105677,3,laceration,3,106,141,74,16,94,37.2
30105678,3,headache,6,77,122,64,21,96,36.9
30105679,1,anxiety,9,72,119,80,18,99,36.8
30105680,3,shortness of breath,7,99,138,84,23,97,36.8
30105681,4,shortness of breath,7,86,108,64,18,94,35.6
30105682,3,abdominal pain,2,78,124,88,11,93,37.9
30105683,3,knee pain,4,77,132,98,16,95,37.2
30105684,3,chest pain,5,73,120,85,22,94,36.5
30105685,4,back pain,4,96,145,95,20,94,37.0
30105686,3,anxiety,1,82,115,79,20,93,36.8
30105687,2,knee pain,6,85,121,82,19,100,37.5
30105688,3,back pain,7,74,156,112,17,96,37.1
30105689,4,headache,3,104,76,81,17,100,37.6
30105690,5,fall,1,99,149,76,19,94,36.9
30105691,3,chest pain,1,78,123,91,19,99,37.7
30105692,4,abdominal pain,5,62,152,88,16,100,35.9
30105693,3,headache,7,73,99,71,19,100,37.4
30105694,3,abdominal pain,7,84,113,98,18,97,37.7
30105695,3,anxiety,6,72,132,89,23,93,37.6
30105696,2,laceration,6,93,138,69,14,96,38.8
30105697,3,chest pain,0,61,100,85,20,100,37.8
30105698,2,chest pain,8,75,153,112,15,93,35.3
30105699,3,anxiety,6,105,102,74,20,95,37.7
30105700,2,fall,8,89,123,51,16,100,36.9
30105701,3,shortness of breath,7,53,122,108,15,94,38.0
30105702,3,laceration,0,53,101,56,17,100,38.2
30105703,2,shortness of breath,10,89,118,58,16,100,38.5
30105704,4,laceration,3,69,84,49,22,100,37.7
30105705,2,fall,6,52,135,81,19,89,38.0
30105706,4,anxiety,4,100,134,93,13,94,36.7
30105707,3,anxiety,5,70,142,63,24,100,36.7
30105708,3,anxiety,0,90,106,97,19,92,37.1
30105709,3,laceration,5,71,108,72,21,98,37.4
30105710,2,headache,10,53,162,50,25,94,37.1
30105711,4,headache,0,116,132,64,15,97,37.0
30105712,4,chest pain,5,69,155,77,13,94,36.7
30105713,3,anxiety,4,65,127,94,12,95,37.0
30105714,4,shortness of breath,5,88,84,70,17,94,36.5
30105715,3,fall,5,85,152,74,20,100,36.3
30105716,3,shortness of breath,2,84,140,49,21,100,37.6
30105717,3,knee pain,6,92,151,82,18,96,37.1
30105718,3,chest pain,0,73,123,76,12,97,36.7
30105719,4,fever,5,92,89,74,17,99,37.6
30105720,3,chest pain,0,82,141,60,19,99,38.2
30105721,5,headache,4,86,109,93,25,100,35.8
30105722,3,laceration,3,96,88,71,12,93,36.7
30105723,3,shortness of breath,3,80,134,47,17,96,35.9
30105724,4,knee pain,1,70,142,93,16,95,35.9
30105725,4,laceration,3,80,117,55,22,97,37.0
30105726,3,laceration,5,86,145,86,16,98,37.5
30105727,3,chest pain,0,95,124,106,18,99,37.2
30105728,3,knee pain,6,87,108,117,16,97,37.5
30105729,1,back pain,8,72,102,60,14,94,36.9
30105730,4,headache,2,80,100,89,20,95,37.6
30105731,3,laceration,3,90,119,65,21,91,37.5
30105732,3,knee pain,0,72,112,82,9,100,37.3
30105733,2,chest pain,8,120,99,50,16,95,37.8
30105734,3,fever,3,88,132,72,13,98,38.2
30105735,3,laceration,6,73,129,91,19,97,36.5
30105736,3,headache,2,74,136,91,12,95,37.3
30105737,3,fall,1,66,142,72,25,98,37.0
30105738,4,chest pain,6,104,148,75,17,96,37.3
30105739,3,fall,4,90,136,103,12,100,37.0
30105740,3,anxiety,5,88,149,66,18,100,35.7
30105741,3,laceration,4,84,166,71,10,94,36.7
30105742,5,knee pain,1,91,118,62,19,100,35.9
30105743,3,knee pain,3,103,128,99,21,95,36.0
30105744,4,chest pain,4,106,130,65,31,99,36.0
30105745,4,back pain,0,88,127,84,15,100,36.5
30105746,3,shortness of breath,4,93,124,77,17,92,36.8
30105747,4,chest pain,3,72,93,111,18,96,35.9
30105748,3,shortness of breath,0,109,133,74,22,94,36.3
30105749,5,anxiety,1,116,158,86,19,96,35.6
30105750,3,knee pain,6,73,100,87,17,95,36.3
30105751,3,anxiety,3,86,149,97,15,97,38.2
30105752,3,abdominal pain,2,83,82,84,15,100,37.3
30105753,5,anxiety,0,109,120,82,14,100,38.7
30105754,5,chest pain,0,120,117,84,19,91,36.9
30105755,2,shortness of breath,7,90,147,59,20,97,37.5
30105756,3,fever,2,73,116,88,21,92,38.0
30105757,4,shortness of breath,2,79,113,71,13,99,36.2
30105758,3,abdominal pain,6,84,128,79,14,97,37.1
30105759,3,anxiety,5,93,115,61,14,92,35.6
30105760,1,laceration,10,66,120,102,29,97,35.9
30105761,2,shortness of breath,6,88,142,68,18,100,35.5
30105762,2,shortness of breath,7,85,110,73,22,97,37.1
30105763,3,headache,6,79,144,89,18,100,36.3
30105764,3,chest pain,4,65,127,85,12,100,36.9
30105765,3,fever,1,62,88,82,30,97,36.2
30105766,4,laceration,4,83,138,76,26,96,36.9
30105767,1,fever,8,93,124,77,17,96,37.7
30105768,3,chest pain,1,78,129,102,22,93,36.5
30105769,3,anxiety,5,93,104,76,17,99,37.1
30105770,3,fall,6,73,111,77,18,98,36.6
30105771,4,abdominal pain,3,89,98,62,15,97,36.7
30105772,4,knee pain,6,83,131,79,15,100,39.0
30105773,3,laceration,4,85,110,82,13,99,37.3
30105774,3,fall,6,97,134,100,16,93,37.3
30105775,3,fall,6,84,161,65,20,92,38.4
30105776,5,laceration,5,73,127,60,21,97,35.3
30105777,4,chest pain,2,67,121,78,23,96,36.4
30105778,1,abdominal pain,7,117,115,83,15,100,38.2
30105779,3,knee pain,0,68,127,97,23,100,37.7
30105780,2,headache,6,96,107,98,21,99,37.5
30105781,3,laceration,3,83,75,72,17,99,37.3
30105782,3,headache,0,107,131,85,19,100,38.3
30105783,3,fever,2,101,150,88,18,97,35.8
30105784,3,shortness of breath,6,89,125,81,18,97,36.3
30105785,3,laceration,5,97,109,91,21,96,36.4
30105786,3,shortness of breath,3,89,135,103,15,96,36.6
30105787,3,abdominal pain,4,59,119,98,21,100,36.8
30105788,2,chest pain,10,90,111,88,19,100,37.7
30105789,3,fall,1,94,115,104,24,94,37.1
30105790,2,knee pain,7,68,108,73,18,98,36.4
30105791,3,fever,2,77,146,81,20,93,37.3
30105792,5,abdominal pain,2,78,116,97,13,93,37.3
30105793,4,anxiety,6,64,117,75,22,100,36.8
30105794,3,chest pain,5,85,139,50,14,100,37.4
30105795,3,chest pain,2,61,136,99,18,99,37.0
30105796,4,fall,2,97,144,75,16,94,37.7
30105797,4,shortness of breath,4,90,144,73,22,97,36.1
30105798,2,anxiety,9,92,99,98,15,95,36.4
30105799,4,shortness of breath,6,65,115,94,28,92,36.9
30105800,2,headache,9,71,112,79,21,98,37.5
30105801,3,fever,4,64,156,103,16,95,37.4
30105802,5,anxiety,5,73,118,87,23,93,37.7
30105803,4,laceration,4,68,111,51,3,88,36.7
30105804,3,headache,4,84,106,76,17,98,38.4
30105805,3,fever,2,85,144,58,17,97,36.8
30105806,3,abdominal pain,3,85,137,90,18,93,37.0
30105807,2,fall,8,69,135,85,20,100,36.3
30105808,4,back pain,5,84,141,71,21,99,36.6
30105809,3,abdominal pain,3,84,98,80,21,100,38.6
30105810,3,chest pain,6,59,126,76,25,100,36.2
30105811,4,abdominal pain,3,87,117,62,18,96,36.9
30105812,2,fall,9,86,136,84,21,100,38.0
30105813,3,shortness of breath,7,96,117,95,15,100,35.6
30105814,3,fever,2,90,65,102,20,96,36.7
30105815,2,abdominal pain,8,81,112,56,26,97,36.2
30105816,4,laceration,2,86,106,93,23,96,36.0
30105817,2,shortness of breath,6,101,120,92,17,96,36.6
30105818,3,headache,6,101,108,84,18,97,36.3
30105819,2,laceration,9,107,107,79,27,99,35.2
30105820,3,abdominal pain,5,90,119,69,14,100,36.4
30105821,3,shortness of breath,6,72,121,82,19,97,36.6
30105822,3,abdominal pain,1,103,128,82,14,96,35.8
30105823,3,anxiety,3,77,136,92,18,90,37.0
30105824,3,headache,3,68,113,54,14,100,36.1
30105825,4,anxiety,1,100,103,100,19,100,36.4
30105826,3,headache,2,87,96,99,19,100,37.6
30105827,3,back pain,2,79,127,85,17,93,36.0
30105828,3,fall,3,100,114,72,13,95,37.4
30105829,2,headache,9,98,126,62,20,99,36.7
30105830,3,chest pain,4,89,88,77,14,100,38.1
30105831,2,knee pain,10,66,115,84,21,97,36.7
30105832,3,fall,0,103,138,65,15,91,36.8
30105833,1,headache,6,74,110,65,25,91,35.8
30105834,3,chest pain,0,79,143,97,13,98,37.6
30105835,2,knee pain,7,84,129,80,17,93,38.1
30105836,3,back pain,6,72,134,68,13,97,36.8
30105837,1,fall,6,71,112,67,18,92,38.0
30105838,4,fall,6,85,134,84,23,98,36.2
30105839,3,fever,3,71,130,69,20,100,36.2
30105840,4,chest pain,0,108,118,50,23,98,35.9
30105841,2,fever,9,82,90,78,20,96,36.6
30105842,3,abdominal pain,5,111,127,109,21,91,37.3
30105843,5,abdominal pain,4,84,120,89,21,96,36.8
30105844,4,fall,0,96,138,93,24,97,36.4
30105845,4,fever,6,100,132,76,18,91,37.8
30105846,4,shortness of breath,3,98,128,46,20,92,37.7
30105847,3,laceration,0,73,100,71,15,96,37.3
30105848,4,back pain,3,66,120,53,24,93,37.2
30105849,4,fever,2,55,161,79,18,95,37.2
30105850,2,anxiety,7,102,117,70,15,98,36.5
30105851,3,laceration,6,90,98,96,20,92,37.1
30105852,3,fall,7,69,123,100,16,93,37.1
30105853,5,laceration,4,74,97,89,20,94,37.2
30105854,3,headache,4,104,134,85,18,99,37.5
30105855,1,back pain,6,64,123,82,22,96,37.1
30105856,3,chest pain,4,88,163,65,14,98,37.1
30105857,2,back pain,6,101,117,71,19,95,37.0
30105858,3,back pain,3,64,130,95,17,95,37.5
30105859,1,fever,6,69,117,77,22,98,35.9
30105860,4,knee pain,5,67,128,82,15,100,38.4
30105861,3,abdominal pain,0,57,117,86,11,94,36.6
30105862,3,headache,2,89,108,89,21,95,37.4
30105863,2,headache,8,75,64,82,15,95,36.5
30105864,2,shortness of breath,10,79,136,106,9,93,38.0
30105865,3,knee pain,7,98,85,110,25,94,38.6
30105866,2,anxiety,7,79,126,49,18,98,35.7
30105867,3,laceration,7,77,149,93,21,99,38.1
30105868,4,anxiety,1,95,119,85,22,99,37.0
30105869,5,back pain,2,67,115,63,15,99,38.2
30105870,4,knee pain,3,83,156,84,20,97,38.0
30105871,4,knee pain,3,69,112,60,19,95,37.7
30105872,4,laceration,2,68,143,66,19,94,38.4
30105873,4,fever,6,56,145,107,14,96,36.6
30105874,3,back pain,3,82,82,65,22,95,37.3
30105875,1,chest pain,10,70,142,58,22,97,36.5
30105876,3,fever,5,92,100,88,10,92,36.6
30105877,2,fever,10,93,102,81,13,98,36.8
30105878,2,knee pain,8,80,105,78,22,100,37.9
30105879,3,laceration,6,82,112,80,16,100,37.1
30105880,5,fall,3,90,117,78,16,95,37.6
30105881,3,anxiety,1,69,144,96,19,98,36.9
30105882,2,shortness of breath,7,98,108,88,17,96,36.4
30105883,3,laceration,4,88,123,57,22,98,37.3
30105884,4,chest pain,6,119,133,102,18,95,38.3
30105885,4,fever,1,70,130,102,20,99,37.6
30105886,2,fall,8,89,113,116,18,99,36.1
30105887,3,fall,6,64,140,78,21,96,37.1
30105888,3,fall,1,99,131,85,9,97,36.4
30105889,3,fever,6,87,98,70,14,91,36.6
30105890,2,fever,10,82,132,89,18,100,37.1
30105891,3,anxiety,0,102,123,91,16,99,36.0
30105892,3,headache,5,88,137,80,21,100,37.0
30105893,5,shortness of breath,1,94,106,82,15,98,35.9
30105894,3,knee pain,4,61,111,95,23,93,36.4
30105895,3,fall,3,76,142,79,16,98,36.9
30105896,3,chest pain,7,66,118,79,26,95,36.8
30105897,3,chest pain,0,85,105,73,25,100,36.5
30105898,4,shortness of breath,0,75,120,54,16,92,37.6
30105899,3,fall,2,64,148,83,18,97,37.7
30105900,4,anxiety,2,104,129,82,30,92,38.2
30105901,2,fever,6,95,108,79,16,97,37.6
30105902,3,knee pain,4,93,165,90,15,99,35.1
30105903,3,anxiety,0,80,128,67,17,100,37.6
30105904,3,fever,3,84,120,60,12,96,36.7
30105905,3,anxiety,4,92,119,58,20,96,35.7
30105906,3,back pain,5,97,116,83,11,95,37.2
30105907,3,headache,7,86,131,83,21,92,36.7
30105908,3,laceration,3,69,91,76,21,100,36.9
30105909,3,laceration,7,78,91,71,23,99,37.9
30105910,4,laceration,3,75,133,77,22,95,37.6
30105911,3,chest pain,3,61,116,86,22,100,36.8
30105912,2,headache,7,56,114,87,20,97,37.0
30105913,1,laceration,6,94,143,66,20,89,38.1
30105914,3,chest pain,3,81,70,75,20,100,36.6
30105915,3,laceration,1,87,159,100,14,94,37.7
30105916,4,knee pain,7,65,154,81,11,96,36.5
30105917,4,knee pain,7,50,95,62,19,100,36.9
30105918,3,fall,6,76,147,74,26,96,35.3
30105919,4,knee pain,6,100,117,114,20,93,37.1
30105920,5,chest pain,5,98,122,81,20,96,38.1
30105921,3,headache,1,93,144,86,16,96,37.0
30105922,4,abdominal pain,2,84,81,90,18,97,36.7
30105923,3,chest pain,0,77,116,52,23,98,38.7
30105924,4,back pain,0,73,141,66,20,96,36.6
30105925,3,anxiety,2,86,130,74,16,92,36.9
30105926,3,chest pain,6,60,143,90,21,100,38.2
30105927,2,back pain,6,86,126,71,22,98,37.0
30105928,3,abdominal pain,7,84,139,75,18,98,36.9
30105929,3,fever,0,75,86,102,14,96,37.5
30105930,3,shortness of breath,6,72,123,92,19,97,36.7
30105931,5,laceration,3,109,132,95,23,99,37.0
30105932,3,knee pain,6,95,119,94,9,100,37.1
30105933,3,headache,4,69,117,82,26,98,37.4
30105934,4,laceration,3,83,130,70,16,97,35.4
30105935,3,laceration,4,76,98,99,26,96,37.9
30105936,2,anxiety,10,62,147,76,22,94,37.4
30105937,3,anxiety,4,98,143,55,22,98,37.4
30105938,3,knee pain,0,73,126,78,23,100,37.1
30105939,4,back pain,4,127,104,104,21,98,38.1
30105940,2,abdominal pain,9,80,117,71,19,100,37.1
30105941,3,knee pain,2,85,113,118,23,98,37.2
30105942,4,abdominal pain,2,80,70,100,12,92,37.8
30105943,3,laceration,7,81,111,110,23,94,37.0
30105944,3,abdominal pain,3,112,136,90,12,94,36.7
30105945,4,abdominal pain,2,65,143,90,23,94,37.3
30105946,4,headache,4,96,106,51,13,97,36.2
30105947,3,shortness of breath,3,92,142,72,13,96,36.7
30105948,3,shortness of breath,0,59,141,77,11,100,35.4
30105949,3,shortness of breath,0,98,115,67,28,100,37.7
30105950,3,shortness of breath,5,71,133,74,23,97,36.9
30105951,3,chest pain,0,72,110,93,17,94,37.2
30105952,2,back pain,9,92,141,79,13,100,36.4
30105953,4,abdominal pain,2,72,120,84,21,99,36.6
30105954,3,back pain,4,102,120,91,21,92,35.5
30105955,3,headache,6,63,134,102,22,95,37.9
30105956,3,laceration,6,108,113,68,18,98,38.6
30105957,2,knee pain,6,72,112,83,19,97,39.9
30105958,3,knee pain,0,77,130,68,15,98,36.2
30105959,3,abdominal pain,1,47,122,63,17,89,37.3
30105960,3,fever,1,94,117,73,25,97,37.1
30105961,3,knee pain,4,115,120,92,20,92,37.8
30105962,3,chest pain,1,76,154,68,12,97,37.0
30105963,4,chest pain,4,96,152,97,18,92,37.5
30105964,5,anxiety,3,75,115,93,21,93,36.9
30105965,3,shortness of breath,2,82,124,62,21,98,37.1
30105966,3,laceration,6,97,153,54,18,94,37.2
30105967,3,fall,5,93,113,99,21,98,38.2
30105968,3,fall,3,94,122,85,18,97,37.2
30105969,3,shortness of breath,7,77,139,71,18,95,37.9
30105970,3,anxiety,2,103,99,76,23,89,37.8
30105971,3,chest pain,3,119,137,79,19,96,37.2
30105972,5,abdominal pain,2,84,111,79,23,98,36.1
30105973,3,shortness of breath,2,52,172,78,15,95,37.6
30105974,4,shortness of breath,7,56,147,89,14,95,38.2
30105975,3,abdominal pain,1,89,121,77,16,97,36.1
30105976,4,laceration,5,59,128,44,21,96,36.7
30105977,3,headache,3,71,137,66,11,96,37.2
30105978,3,back pain,6,102,172,86,17,99,37.8
30105979,4,headache,4,104,129,77,17,96,37.4
30105980,1,fall,6,70,93,74,22,100,37.2
30105981,3,fall,1,55,132,112,25,97,36.6
30105982,3,headache,0,55,121,83,20,91,37.8
30105983,3,anxiety,0,82,114,50,14,89,36.4
30105984,2,fever,9,61,142,97,24,100,36.5
30105985,3,chest pain,3,99,138,82,15,97,37.7
30105986,4,anxiety,6,73,138,102,17,94,37.4
30105987,3,fever,2,101,130,75,24,97,36.5
30105988,3,headache,0,86,102,70,14,97,36.6
30105989,2,fever,7,93,103,68,21,98,38.1
30105990,4,laceration,5,102,149,81,22,100,35.2
30105991,2,laceration,10,95,126,100,21,100,37.1
30105992,4,chest pain,0,99,129,75,15,100,36.8
30105993,5,back pain,2,71,125,48,18,94,36.9
30105994,3,abdominal pain,6,88,114,80,17,100,36.7
30105995,4,laceration,2,84,119,98,12,97,36.6
30105996,3,laceration,2,85,105,91,16,98,35.7
30105997,1,back pain,9,78,127,65,22,96,37.4
30105998,3,chest pain,3,86,152,85,12,96,37.3
30105999,1,headache,9,86,82,95,18,95,38.7
30106000,4,fall,2,72,116,92,16,100,37.6
30106001,4,fever,2,91,168,92,20,93,36.3
30106002,2,headache,9,110,116,62,16,96,37.5
30106003,3,fall,1,87,135,88,20,95,37.0
30106004,3,chest pain,7,88,120,65,20,98,38.7
30106005,3,chest pain,4,57,117,91,18,97,37.2
30106006,3,shortness of breath,4,120,111,85,19,94,38.2
30106007,3,headache,2,100,140,85,16,95,36.7
30106008,3,knee pain,7,97,123,79,13,94,36.8
30106009,4,back pain,5,91,127,112,16,94,38.1
30106010,3,abdominal pain,6,81,149,93,21,95,35.7
30106011,3,fever,5,61,154,99,12,99,34.8
30106012,3,chest pain,0,87,155,87,20,93,36.6
30106013,3,anxiety,5,84,117,93,21,100,37.2
30106014,3,headache,3,67,110,82,17,97,38.1
30106015,3,chest pain,7,118,169,78,13,100,35.9
30106016,3,chest pain,2,82,166,95,23,98,38.2
30106017,3,back pain,3,84,131,34,15,97,36.4
30106018,2,anxiety,8,106,105,74,16,98,35.4
30106019,2,anxiety,9,103,104,84,21,96,37.1
30106020,4,shortness of breath,7,67,136,73,17,98,36.6
30106021,3,fall,3,77,138,77,21,97,36.6
30106022,3,back pain,3,91,142,103,18,98,36.6
30106023,3,knee pain,0,72,135,79,20,99,37.7
30106024,3,fever,0,106,120,81,22,99,36.5
30106025,4,chest pain,3,105,96,93,18,99,37.1
30106026,3,chest pain,7,63,111,111,16,98,38.1
30106027,4,chest pain,5,84,139,85,26,100,36.6
30106028,1,abdominal pain,9,87,104,76,14,97,37.1
30106029,2,fall,6,79,110,99,15,98,36.4
30106030,2,headache,6,76,107,87,18,100,37.9
30106031,2,back pain,10,75,132,66,15,91,38.2
30106032,2,back pain,6,112,115,74,11,97,38.7
30106033,5,abdominal pain,1,101,111,99,23,98,36.6
30106034,3,knee pain,0,99,116,113,14,98,37.4
30106035,3,fever,1,89,101,84,19,99,36.2
30106036,3,headache,2,79,98,68,12,99,39.2
30106037,3,anxiety,7,109,140,76,12,100,36.9
30106038,2,abdominal pain,9,102,127,97,12,98,37.1
30106039,1,abdominal pain,6,64,124,57,17,96,37.1
30106040,3,anxiety,5,76,151,66,20,98,37.4
30106041,4,knee pain,2,82,104,79,11,100,36.8
30106042,4,shortness of breath,4,103,104,66,17,92,37.3
30106043,3,knee pain,5,56,125,109,19,97,37.0
30106044,2,knee pain,6,96,121,75,16,95,35.9
30106045,4,fever,6,88,128,111,17,100,37.6
30106046,3,abdominal pain,2,58,113,58,13,97,37.5
30106047,3,fall,4,107,121,88,15,97,36.7
30106048,3,chest pain,3,90,145,80,18,99,38.1
30106049,4,shortness of breath,2,111,110,78,14,93,37.1
30106050,3,shortness of breath,6,82,95,90,23,100,36.0
30106051,4,anxiety,0,67,118,94,19,100,37.7
30106052,3,laceration,5,100,113,69,11,95,36.8
30106053,3,fever,7,87,112,47,23,94,35.9
30106054,3,knee pain,2,76,136,96,12,97,36.5
30106055,2,back pain,6,57,87,91,23,100,36.0
30106056,4,abdominal pain,5,66,115,78,18,96,35.9
30106057,3,laceration,6,82,116,65,18,99,38.2
30106058,3,shortness of breath,5,63,95,70,19,94,35.9
30106059,5,shortness of breath,5,110,121,69,21,100,38.3
30106060,3,knee pain,7,77,114,76,15,97,36.9
30106061,2,knee pain,7,102,121,99,18,96,37.4
30106062,3,shortness of breath,7,96,166,88,7,97,36.5
30106063,3,back pain,1,98,153,68,16,98,36.7
30106064,3,fall,4,107,148,88,22,100,35.8
30106065,3,fever,6,83,161,73,13,100,38.1
30106066,2,chest pain,6,82,126,100,15,98,35.5
30106067,3,laceration,7,124,109,66,23,100,36.7
30106068,3,abdominal pain,7,82,118,71,19,98,36.3
30106069,3,shortness of breath,1,75,150,75,14,93,37.2
30106070,3,fever,1,88,140,83,25,90,37.3
30106071,3,chest pain,3,83,118,106,17,97,37.4
30106072,4,abdominal pain,6,97,147,103,13,95,36.4
30106073,5,laceration,2,71,149,69,20,100,35.9
30106074,1,anxiety,6,85,179,84,18,96,36.6
30106075,4,headache,7,70,92,73,10,97,37.4
30106076,3,chest pain,2,96,120,86,14,100,37.6
30106077,2,fall,10,66,130,75,14,94,35.6
30106078,1,abdominal pain,6,82,127,103,19,96,37.4
30106079,3,laceration,4,100,100,95,22,99,36.1
30106080,3,headache,3,84,133,99,19,98,38.1
30106081,1,back pain,10,75,83,120,22,97,36.9
30106082,3,abdominal pain,2,62,96,83,16,100,37.2
30106083,3,knee pain,7,104,168,107,17,96,37.2
30106084,4,back pain,7,96,132,57,15,97,35.9
30106085,3,knee pain,6,71,142,86,18,99,36.7
30106086,3,anxiety,5,68,101,119,17,97,37.9
30106087,3,fever,3,82,130,62,13,97,36.0
30106088,3,back pain,2,111,100,64,22,98,36.7
30106089,4,headache,7,100,106,68,15,94,37.5
30106090,4,chest pain,7,73,130,69,25,96,38.1
30106091,3,shortness of breath,5,68,141,98,13,97,37.3
30106092,3,shortness of breath,6,90,130,25,11,95,35.0
30106093,3,laceration,1,91,130,77,19,97,37.8
30106094,3,abdominal pain,5,89,138,63,23,97,37.3
30106095,3,headache,2,80,144,83,22,94,36.0
30106096,4,knee pain,1,89,120,77,14,100,36.6
30106097,3,knee pain,0,90,154,87,15,99,38.0
30106098,4,shortness of breath,5,80,95,100,18,95,35.3
30106099,3,laceration,3,79,118,85,13,96,37.1
30106100,4,chest pain,1,65,158,75,23,96,36.8
30106101,1,abdominal pain,9,81,97,89,21,94,38.4
30106102,5,abdominal pain,2,67,126,53,24,96,36.8
30106103,3,shortness of breath,4,93,101,76,23,95,36.3
30106104,2,shortness of breath,8,102,125,99,16,100,36.4
30106105,1,back pain,10,68,113,90,20,97,37.8
30106106,3,knee pain,3,82,123,102,28,95,36.8
30106107,5,fever,6,98,109,83,25,98,35.7
30106108,3,chest pain,7,71,123,67,17,99,36.8
30106109,3,anxiety,3,73,103,72,19,100,36.7
30106110,3,anxiety,3,93,149,101,10,100,38.9
30106111,4,anxiety,3,72,88,87,19,94,36.4
30106112,3,knee pain,6,85,161,74,26,100,37.5
30106113,4,fever,7,60,122,83,11,100,36.5
30106114,3,chest pain,5,97,137,78,14,98,39.2
30106115,1,fever,7,102,90,84,13,95,36.1
30106116,2,fever,9,98,120,88,18,96,36.4
30106117,3,abdominal pain,6,91,122,95,18,96,38.0
30106118,3,fever,3,76,165,67,19,98,37.6
30106119,4,laceration,6,101,112,81,17,95,38.6
30106120,3,knee pain,6,98,105,108,13,96,34.7
30106121,3,headache,2,77,142,90,15,94,37.9
30106122,3,knee pain,7,68,98,93,25,95,36.8
30106123,2,fever,9,61,142,72,25,100,37.1
30106124,2,fever,10,87,127,104,21,100,36.6
30106125,3,chest pain,5,97,146,64,25,96,37.3
30106126,4,fever,0,53,149,117,25,98,37.2
30106127,3,knee pain,0,101,121,57,20,92,37.2
30106128,3,fever,5,95,101,49,17,100,37.3
30106129,2,abdominal pain,9,62,151,51,21,92,36.7
30106130,4,back pain,5,85,132,73,15,94,37.3
30106131,4,fever,3,84,109,86,16,93,38.0
30106132,2,headache,6,94,117,74,18,93,36.8
30106133,3,chest pain,2,58,144,72,14,94,37.8
30106134,3,fall,2,89,95,68,19,95,37.2
30106135,3,knee pain,1,88,151,90,17,94,36.8
30106136,3,abdominal pain,6,85,96,84,19,95,36.6
30106137,3,shortness of breath,2,83,143,104,23,97,37.4
30106138,4,shortness of breath,4,100,134,84,22,95,37.0
30106139,3,anxiety,6,75,104,96,13,97,36.8
30106140,2,chest pain,7,86,123,96,20,98,36.3
30106141,3,headache,7,68,122,80,15,94,37.7
30106142,2,shortness of breath,7,83,139,80,16,96,36.7
30106143,3,chest pain,4,113,102,89,15,99,37.4
30106144,2,abdominal pain,9,91,102,74,18,100,36.9
30106145,3,chest pain,2,73,133,119,25,99,36.9
30106146,3,fall,5,82,130,83,21,95,37.8
30106147,3,anxiety,5,83,130,63,14,100,37.8
30106148,4,chest pain,0,75,121,69,14,100,35.1
30106149,4,back pain,6,68,131,85,14,94,38.5
30106150,3,headache,5,77,128,98,17,97,36.2
30106151,3,laceration,4,89,124,86,18,100,35.8
30106152,3,fever,6,68,139,79,17,99,34.9
30106153,4,abdominal pain,2,78,163,90,19,97,35.8
30106154,4,headache,7,101,150,71,23,97,36.8
30106155,3,chest pain,1,97,116,61,21,98,37.1
30106156,2,fever,10,84,145,74,18,94,38.0
30106157,3,headache,2,60,94,73,15,100,37.8
30106158,4,knee pain,3,96,70,75,24,100,36.3
30106159,3,fever,6,101,105,68,14,91,36.8
30106160,3,back pain,2,50,111,54,16,99,37.4
30106161,2,abdominal pain,10,82,130,115,28,95,37.5
30106162,4,shortness of breath,7,74,132,89,20,96,37.7
30106163,4,chest pain,5,88,89,52,19,94,37.4
30106164,4,fever,2,78,135,81,17,98,38.1
30106165,3,knee pain,6,99,89,50,17,90,36.6
30106166,3,fall,5,88,143,124,17,100,36.8
30106167,2,laceration,6,97,123,103,21,97,36.9
30106168,3,abdominal pain,4,77,95,83,14,98,37.2
30106169,3,knee pain,4,88,142,77,18,100,37.2
30106170,2,fall,9,79,82,65,15,100,36.6
30106171,1,knee pain,7,66,129,84,20,99,36.4
30106172,3,laceration,5,103,190,106,21,94,36.8
30106173,4,anxiety,0,96,125,84,9,100,36.0
30106174,3,knee pain,2,77,119,81,23,96,36.1
30106175,3,chest pain,7,87,127,81,26,93,37.8
30106176,3,laceration,5,99,173,64,26,97,38.3
30106177,5,fever,7,72,107,87,19,96,38.1
30106178,2,fever,9,76,121,83,19,97,37.1
30106179,4,laceration,5,78,119,92,19,94,36.3
30106180,4,fever,6,77,153,64,18,100,35.9
30106181,5,chest pain,4,84,138,64,23,96,38.1
30106182,2,back pain,10,85,141,80,25,96,37.6
30106183,3,knee pain,3,81,122,106,21,96,36.7
30106184,4,headache,2,85,132,70,19,94,37.5
30106185,3,fall,1,99,131,65,20,94,36.6
30106186,3,chest pain,2,80,140,102,20,100,36.6
30106187,3,fever,1,72,93,51,14,99,37.1
30106188,3,knee pain,2,84,114,98,16,94,37.8
30106189,3,fall,7,93,98,80,19,100,37.1
30106190,5,fever,6,88,108,81,13,90,36.3
30106191,4,shortness of breath,4,96,103,73,15,97,37.6
30106192,3,back pain,2,110,119,76,19,100,35.2
30106193,4,fever,0,101,114,106,11,97,37.6
30106194,3,shortness of breath,6,75,94,60,20,100,35.8
30106195,4,abdominal pain,3,109,143,89,14,100,36.5
30106196,3,shortness of breath,6,104,106,72,18,92,35.9
30106197,2,headache,10,78,141,65,26,95,37.1
30106198,3,chest pain,2,63,104,81,19,97,35.3
30106199,3,anxiety,6,73,133,101,18,98,37.7
30106200,3,chest pain,0,88,101,81,17,94,37.3
30106201,3,fever,0,86,140,71,23,97,36.2
30106202,2,knee pain,6,77,98,86,16,97,38.4
30106203,4,fall,5,82,172,76,15,98,38.9
30106204,5,headache,3,81,107,94,23,99,36.5
30106205,3,fall,2,88,154,77,25,94,36.7
30106206,2,chest pain,7,98,111,61,17,98,37.1
30106207,3,fever,1,94,129,74,15,96,37.9
30106208,3,shortness of breath,0,61,159,108,13,91,37.5
30106209,3,knee pain,7,85,119,75,22,100,36.7
30106210,3,anxiety,5,88,152,76,20,96,38.3
30106211,4,knee pain,1,84,144,80,20,95,36.7
30106212,3,knee pain,2,65,118,60,14,99,36.4
30106213,3,fever,2,101,122,97,18,95,37.7
30106214,3,abdominal pain,2,75,84,86,14,100,35.4
30106215,3,shortness of breath,4,95,113,68,22,93,37.7
30106216,5,shortness of breath,1,64,118,85,24,94,35.7
30106217,3,abdominal pain,0,69,125,77,15,99,37.7
30106218,2,fall,8,72,162,71,20,94,36.4
30106219,4,shortness of breath,1,90,102,61,19,96,37.8
30106220,2,laceration,8,77,137,78,20,98,37.9
30106221,4,abdominal pain,4,72,136,83,18,94,35.0
30106222,2,knee pain,10,65,105,46,14,97,36.9
30106223,3,back pain,5,110,104,93,15,99,37.9
30106224,3,headache,1,61,150,101,17,94,39.1
30106225,3,shortness of breath,6,76,149,74,14,96,36.9
30106226,3,back pain,6,89,92,86,14,98,36.8
30106227,4,fall,1,101,99,84,12,100,37.0
30106228,3,knee pain,2,92,122,88,22,98,36.4
30106229,2,laceration,8,82,103,95,11,99,36.4
30106230,2,chest pain,6,88,155,67,15,100,37.5
30106231,1,abdominal pain,6,69,142,66,15,98,36.9
30106232,2,anxiety,8,60,126,83,22,90,37.3
30106233,3,fever,2,94,134,71,19,99,38.4
30106234,2,abdominal pain,10,106,120,63,16,94,36.3
30106235,2,chest pain,6,94,101,73,17,98,38.2
30106236,3,chest pain,2,94,146,67,18,96,37.0
30106237,3,headache,5,84,113,97,10,96,37.5
30106238,3,anxiety,3,89,168,107,13,96,36.6
30106239,3,chest pain,5,81,129,72,15,93,36.7
30106240,3,anxiety,3,95,126,52,25,94,35.7
30106241,3,laceration,1,80,150,69,18,93,36.5
30106242,3,anxiety,6,89,132,85,21,95,35.1
30106243,3,knee pain,5,63,110,79,23,95,37.8
30106244,3,back pain,0,96,79,96,20,95,36.0
30106245,3,back pain,4,93,111,90,22,97,37.0
30106246,3,laceration,1,76,207,90,12,97,38.0
30106247,3,anxiety,0,80,123,73,17,91,36.3
30106248,4,back pain,3,70,164,87,16,100,37.5
30106249,4,abdominal pain,3,95,141,78,14,96,37.4
30106250,3,shortness of breath,0,75,145,76,17,97,36.9
30106251,2,chest pain,6,77,116,84,26,97,37.7
30106252,3,shortness of breath,6,68,126,52,26,100,36.6
30106253,3,laceration,7,34,129,72,15,96,36.2
30106254,2,back pain,6,81,96,85,19,96,37.3
30106255,2,anxiety,7,86,148,69,22,97,36.4
30106256,4,fever,0,115,143,87,17,99,38.5
30106257,3,fever,4,68,141,108,20,96,36.3
30106258,4,anxiety,6,77,129,99,12,100,37.5
30106259,4,fever,1,84,144,85,15,97,37.1
30106260,2,chest pain,9,69,119,89,22,93,38.6
30106261,2,headache,10,73,166,63,18,96,36.1
30106262,3,abdominal pain,4,103,146,107,14,95,38.8
30106263,3,knee pain,7,62,102,55,18,96,37.8
30106264,5,abdominal pain,5,85,107,76,15,100,35.4
30106265,2,back pain,9,88,125,78,13,98,37.1
30106266,3,fever,7,106,150,53,21,97,37.0
30106267,3,shortness of breath,7,93,129,90,21,95,37.1
30106268,3,shortness of breath,5,65,121,78,12,96,37.0
30106269,3,knee pain,6,92,155,65,22,93,35.9
30106270,3,chest pain,0,72,109,106,14,94,38.0
30106271,3,shortness of breath,6,86,101,62,19,100,38.1
30106272,2,laceration,10,73,120,95,14,100,37.4
30106273,3,shortness of breath,3,63,103,81,15,99,37.7
30106274,3,abdominal pain,6,95,103,66,19,100,37.8
30106275,3,chest pain,5,102,93,47,20,100,36.9
30106276,3,fall,6,74,138,92,21,98,36.3
30106277,3,knee pain,3,91,98,91,10,94,35.7
30106278,3,abdominal pain,4,84,121,105,20,98,37.1
30106279,3,headache,7,104,124,81,22,98,37.0
30106280,3,chest pain,1,73,138,65,24,98,36.9
30106281,3,fever,5,82,140,87,23,100,37.2
30106282,3,headache,2,77,124,94,19,95,37.0
30106283,4,fall,1,92,159,83,19,94,37.3
30106284,2,back pain,6,82,142,68,21,96,37.8
30106285,1,knee pain,6,99,129,59,17,97,35.4
30106286,4,headache,3,79,125,57,20,97,36.7
30106287,3,fever,6,84,169,61,24,95,36.0
30106288,3,fall,4,84,160,72,19,95,34.5
30106289,3,laceration,2,55,143,97,14,97,36.9
30106290,5,chest pain,2,98,140,71,12,99,37.0
30106291,4,chest pain,4,84,149,104,22,95,36.7
30106292,5,fever,5,86,162,90,10,97,36.1
30106293,3,knee pain,5,106,100,84,19,97,37.2
30106294,3,shortness of breath,4,90,76,49,17,93,37.0
30106295,4,fever,4,99,123,72,16,100,37.5
30106296,3,knee pain,6,86,147,88,17,99,36.8
30106297,4,shortness of breath,5,101,89,62,7,100,36.8
30106298,4,fever,6,68,139,72,21,98,37.6
30106299,3,headache,2,68,118,78,17,93,37.6
30106300,4,back pain,4,45,126,102,20,92,37.7
30106301,4,abdominal pain,6,73,112,86,19,94,36.8
30106302,4,shortness of breath,0,96,155,58,17,98,36.7
30106303,3,fall,0,88,129,85,20,95,36.5
30106304,5,shortness of breath,2,76,182,65,24,99,37.1
30106305,2,fall,9,90,119,72,19,97,38.0
30106306,2,chest pain,7,75,124,54,13,96,37.5
30106307,3,knee pain,2,97,118,80,19,95,36.5
30106308,1,chest pain,9,108,86,91,21,91,37.8
30106309,3,fever,0,91,141,92,16,92,36.9
30106310,3,laceration,1,89,109,53,16,99,36.5
30106311,4,headache,0,89,137,91,13,97,36.3
30106312,3,abdominal pain,4,80,104,113,21,98,36.1
30106313,3,back pain,3,84,113,127,11,94,37.7
30106314,2,chest pain,7,56,123,65,15,93,37.9
30106315,4,abdominal pain,1,91,116,87,19,98,38.3
30106316,3,anxiety,1,48,133,95,22,92,39.0
30106317,3,knee pain,3,84,117,70,13,98,36.4
30106318,3,abdominal pain,4,60,138,91,15,100,36.8
30106319,3,headache,5,90,125,93,18,93,37.6
30106320,3,fall,5,75,114,116,17,94,36.8
30106321,3,headache,7,66,169,82,16,99,37.1
30106322,3,knee pain,2,89,137,108,12,96,37.3
30106323,3,chest pain,1,86,130,83,17,100,36.7
30106324,2,chest pain,6,67,136,77,5,93,36.7
30106325,3,laceration,2,90,164,85,11,96,37.3
30106326,5,knee pain,5,77,98,81,17,97,37.4
30106327,3,back pain,5,69,96,100,19,92,36.2
30106328,3,headache,7,98,111,85,16,95,37.4
30106329,2,fever,6,78,130,57,20,93,38.7
30106330,3,knee pain,2,91,122,75,19,97,37.4
30106331,5,abdominal pain,2,72,132,90,22,98,39.3
30106332,3,chest pain,1,71,117,67,15,100,37.1
30106333,4,back pain,1,82,142,60,17,100,37.2
30106334,2,knee pain,6,65,142,63,20,99,37.4
30106335,3,abdominal pain,1,109,121,58,21,89,37.0
30106336,1,back pain,8,81,125,104,13,94,36.4
30106337,3,anxiety,2,79,155,71,18,97,38.4
30106338,5,anxiety,2,108,134,80,16,100,36.8
30106339,2,back pain,7,66,118,108,12,96,34.4
30106340,3,fever,1,110,163,98,15,98,37.7
30106341,3,laceration,7,87,139,84,22,96,36.6
30106342,3,fall,6,90,125,100,15,97,36.0
30106343,2,laceration,9,85,129,89,23,96,37.6
30106344,3,back pain,6,69,114,95,21,100,36.1
30106345,3,anxiety,1,105,131,67,21,97,36.8
30106346,3,shortness of breath,0,98,153,93,26,96,38.1
30106347,2,headache,9,75,138,90,25,98,35.9
30106348,3,laceration,4,102,132,89,23,97,37.5
30106349,2,laceration,8,94,104,89,14,95,37.2
30106350,4,chest pain,0,84,136,92,12,97,37.0
30106351,3,fever,4,91,135,70,18,100,36.8
30106352,3,chest pain,5,111,95,100,22,97,38.5
30106353,1,fall,9,120,165,95,29,96,36.6
30106354,4,shortness of breath,0,86,85,68,23,95,37.1
30106355,1,laceration,7,82,110,70,18,96,37.2
30106356,3,back pain,4,81,145,90,10,100,36.9
30106357,5,back pain,6,83,89,57,14,97,36.2
30106358,3,headache,7,104,156,66,20,98,36.5
30106359,3,knee pain,1,95,105,64,26,100,38.4
30106360,3,knee pain,0,82,72,88,16,97,36.5
30106361,4,fall,3,90,134,83,26,98,37.4
30106362,3,knee pain,5,88,150,63,16,94,34.7
30106363,3,fever,0,78,158,90,16,99,36.1
30106364,2,anxiety,7,64,133,61,13,96,37.0
30106365,2,knee pain,7,85,118,65,15,99,37.8
30106366,1,back pain,10,89,106,89,19,100,36.6
30106367,4,shortness of breath,1,107,128,83,12,97,36.5
30106368,3,fever,7,75,122,67,14,100,36.9
30106369,2,fever,10,80,104,100,24,100,35.8
30106370,3,laceration,4,94,143,100,19,95,34.5
30106371,2,laceration,7,82,128,75,24,100,37.7
30106372,3,abdominal pain,5,101,110,86,25,94,37.3
30106373,4,fall,0,67,78,91,16,97,36.5
30106374,4,laceration,0,73,144,79,18,94,38.1
30106375,3,chest pain,6,69,117,88,18,97,38.3
30106376,2,fall,8,91,114,106,15,96,36.3
30106377,5,abdominal pain,6,77,133,88,23,100,37.9
30106378,3,shortness of breath,5,86,127,69,13,99,37.2
30106379,4,abdominal pain,7,75,97,61,20,100,37.3
30106380,4,back pain,3,86,116,105,19,98,35.7
30106381,3,anxiety,1,63,105,57,15,91,36.9
30106382,4,fever,1,80,117,65,23,97,36.7
30106383,3,knee pain,7,121,120,92,15,92,37.0
30106384,3,fever,6,105,131,78,22,93,36.1
30106385,3,fall,6,111,120,70,15,100,36.5
30106386,3,shortness of breath,2,88,124,88,15,97,37.2
30106387,1,abdominal pain,6,80,104,84,23,94,37.6
30106388,4,headache,7,111,167,91,17,97,37.1
30106389,4,knee pain,2,69,127,81,15,100,36.2
30106390,4,fall,1,75,124,82,21,95,36.1
30106391,1,abdominal pain,8,111,114,62,16,96,37.4
30106392,3,abdominal pain,7,89,104,77,18,97,36.7
30106393,4,anxiety,3,83,86,91,14,99,37.6
30106394,3,shortness of breath,2,88,128,81,17,94,36.6
30106395,3,fall,6,91,149,77,20,95,37.4
30106396,3,knee pain,5,106,157,71,22,97,38.1
30106397,3,shortness of breath,4,82,131,54,16,99,37.6
30106398,1,back pain,6,107,136,90,13,98,34.5
30106399,4,anxiety,6,80,150,67,16,99,36.2
30106400,3,knee pain,1,91,127,76,18,99,37.6
30106401,4,fever,5,84,159,87,11,100,35.9
30106402,3,abdominal pain,2,81,139,47,22,94,36.5
30106403,5,headache,6,97,149,70,20,96,35.9
30106404,3,anxiety,0,95,81,83,22,96,37.4
30106405,4,shortness of breath,7,84,132,74,14,100,36.9
30106406,4,anxiety,2,63,122,77,16,98,36.5
30106407,2,headache,10,95,106,73,20,99,37.3
30106408,2,laceration,6,76,114,81,16,99,36.7
30106409,3,abdominal pain,6,98,139,81,17,93,36.8
30106410,2,fever,6,63,171,96,21,91,38.1
30106411,2,headache,10,84,119,57,15,100,36.8
30106412,3,laceration,3,100,125,66,14,100,36.4
30106413,3,abdominal pain,5,71,117,96,24,91,35.9
30106414,3,abdominal pain,1,81,113,97,18,94,36.9
30106415,3,shortness of breath,5,73,128,81,19,95,34.0
30106416,3,laceration,1,82,123,70,12,97,36.7
30106417,3,chest pain,1,92,118,99,17,95,36.3
30106418,3,fever,3,106,149,95,25,99,37.7
30106419,3,knee pain,1,78,106,71,12,95,37.1
30106420,3,fall,0,50,140,84,19,95,37.2
30106421,5,headache,0,88,148,84,15,99,38.5
30106422,2,laceration,7,113,134,86,20,100,36.8
30106423,3,headache,7,100,113,63,16,96,36.7
30106424,2,knee pain,6,113,99,70,20,92,38.1
30106425,3,abdominal pain,7,94,112,70,22,99,38.0
30106426,2,headache,9,86,119,83,19,97,37.7
30106427,1,abdominal pain,6,95,103,68,30,99,37.2
30106428,3,anxiety,2,76,100,79,15,93,36.5
30106429,3,anxiety,5,89,123,56,17,98,37.9
30106430,1,chest pain,8,63,139,79,16,100,37.3
30106431,4,fall,4,68,91,63,23,91,35.5
30106432,5,shortness of breath,0,84,109,69,28,94,36.8
30106433,3,chest pain,7,103,105,86,21,96,37.2
30106434,2,anxiety,8,116,131,121,15,91,38.1
30106435,3,headache,4,91,96,73,17,100,37.0
30106436,3,fever,0,87,156,79,21,97,36.8
30106437,4,chest pain,3,107,134,67,14,92,37.9
30106438,2,headache,6,61,152,69,18,98,36.3
30106439,3,back pain,5,75,121,77,23,93,36.1
30106440,1,headache,10,105,112,77,20,89,35.9
30106441,2,laceration,7,112,161,72,19,99,37.6
30106442,3,shortness of breath,6,100,110,89,16,93,36.2
30106443,3,chest pain,7,56,107,69,22,98,37.3
30106444,4,headache,3,94,148,70,20,95,35.7
30106445,3,fever,0,74,134,80,17,98,36.6
30106446,2,abdominal pain,10,95,109,97,18,94,35.4
30106447,3,headache,0,93,123,90,15,96,36.4
30106448,3,shortness of breath,6,103,115,85,16,99,36.3
30106449,3,chest pain,0,75,133,79,22,91,36.5
30106450,4,fall,7,100,118,77,20,96,36.6
30106451,5,fall,7,82,128,63,15,98,35.9
30106452,2,fall,9,86,122,81,13,96,36.0
30106453,3,shortness of breath,0,94,107,85,19,96,37.3
30106454,4,fall,3,74,143,73,5,97,37.3
30106455,3,back pain,5,67,84,73,16,99,37.3
30106456,3,fever,6,97,144,84,17,97,38.4
30106457,3,shortness of breath,3,119,149,83,16,98,37.5
30106458,3,anxiety,0,85,144,99,16,100,37.6
30106459,3,headache,0,97,147,89,21,97,35.6
30106460,3,fever,6,81,78,66,11,94,36.4
30106461,3,back pain,1,73,135,72,18,100,38.3
30106462,3,laceration,6,82,149,86,25,96,36.8
30106463,3,abdominal pain,2,83,110,66,17,99,36.9
30106464,4,laceration,5,98,117,56,17,95,37.4
30106465,2,chest pain,9,73,99,85,19,100,37.9
30106466,3,shortness of breath,3,105,132,73,28,97,38.7
30106467,2,fever,10,89,139,79,16,96,38.0
30106468,3,abdominal pain,0,114,109,87,13,100,37.3
30106469,2,laceration,9,85,161,71,26,100,35.0
30106470,2,laceration,9,85,110,73,20,98,36.2
30106471,3,shortness of breath,1,85,120,97,17,98,37.4
30106472,2,anxiety,9,103,110,71,21,95,38.2
30106473,3,fall,6,93,151,77,21,99,38.0
30106474,3,fever,3,84,143,53,16,100,36.4
30106475,1,knee pain,8,103,124,67,15,100,36.8
30106476,3,chest pain,0,78,124,74,19,96,36.8
30106477,2,chest pain,10,91,128,80,23,97,37.6
30106478,4,back pain,7,107,113,72,20,99,36.3
30106479,3,shortness of breath,6,51,105,84,15,93,37.3
30106480,2,abdominal pain,8,73,123,98,21,96,37.9
30106481,4,abdominal pain,2,61,128,59,22,99,37.7
30106482,3,back pain,0,106,142,61,19,94,38.3
30106483,3,fall,7,99,109,65,15,100,35.3
30106484,3,fall,4,75,123,85,18,98,38.8
30106485,2,shortness of breath,9,76,101,74,14,96,38.5
30106486,3,fall,6,76,148,90,14,98,36.5
30106487,2,fall,7,103,126,62,15,98,37.2
30106488,3,chest pain,7,89,109,63,20,96,38.4
30106489,4,back pain,0,84,124,60,16,100,37.3
30106490,3,headache,3,90,104,85,23,92,37.1
30106491,2,knee pain,6,71,122,84,18,97,36.6
30106492,4,knee pain,4,89,130,65,23,100,37.3
30106493,3,fall,2,85,128,76,15,98,37.1
30106494,3,chest pain,5,75,134,75,14,94,37.6
30106495,3,abdominal pain,6,92,128,75,21,100,37.1
30106496,2,fever,9,94,106,64,15,97,36.9
30106497,3,laceration,2,83,124,76,29,98,36.8
30106498,2,knee pain,6,98,130,63,11,97,37.0
30106499,3,headache,6,105,148,80,20,95,37.1
30106500,3,headache,1,88,137,71,15,96,36.5
30106501,3,shortness of breath,3,45,118,84,12,95,36.0
30106502,3,back pain,3,106,120,79,19,96,36.9
30106503,3,laceration,7,83,137,98,22,94,37.6
30106504,2,shortness of breath,6,84,127,65,22,96,36.3
30106505,4,anxiety,7,74,82,47,16,97,35.6
30106506,1,chest pain,7,111,139,75,14,100,36.7
30106507,3,headache,1,88,125,76,15,97,36.9
30106508,3,fall,0,87,101,96,18,99,36.0
30106509,2,anxiety,8,111,151,89,16,91,36.7
30106510,4,headache,2,76,145,62,18,94,38.0
30106511,2,fever,9,95,108,72,18,92,35.9
30106512,2,chest pain,8,101,128,103,21,100,36.8
30106513,4,anxiety,3,95,128,93,16,96,36.4
30106514,3,fall,2,68,104,78,19,96,36.7
30106515,3,fall,4,91,142,70,22,96,37.4
30106516,2,shortness of breath,10,75,137,63,15,95,37.0
30106517,4,back pain,1,84,132,100,14,99,36.5
30106518,4,knee pain,0,91,130,87,16,95,35.6
30106519,2,chest pain,7,79,161,82,14,97,35.8
30106520,4,fall,0,64,90,88,16,100,36.4
30106521,4,laceration,1,69,127,96,15,97,35.1
30106522,2,fever,10,71,111,79,13,95,37.6
30106523,2,laceration,9,83,135,77,13,97,36.9
30106524,4,laceration,6,99,119,116,19,96,36.1
30106525,3,knee pain,1,96,131,96,19,99,36.4
30106526,4,laceration,5,101,100,76,22,92,37.5
30106527,3,abdominal pain,0,67,106,54,18,100,36.9
30106528,4,headache,6,75,98,54,19,97,37.4
30106529,4,shortness of breath,1,95,124,76,24,99,37.7
30106530,3,fever,2,82,91,53,18,95,36.5
30106531,3,laceration,4,76,145,70,11,98,35.0
30106532,2,fall,8,87,111,116,23,100,36.8
30106533,3,knee pain,0,80,148,76,18,96,36.0
30106534,3,chest pain,1,80,132,64,17,94,36.9
30106535,4,anxiety,6,83,115,85,15,92,38.0
30106536,1,abdominal pain,7,94,145,57,18,96,37.5
30106537,3,chest pain,2,102,160,88,12,93,36.5
30106538,4,headache,3,93,144,65,21,95,35.0
30106539,2,shortness of breath,7,98,122,107,17,92,38.2
30106540,3,fever,7,114,103,79,19,100,38.4
30106541,4,back pain,6,83,110,66,17,98,36.6
30106542,2,headache,6,80,119,85,17,95,38.0
30106543,3,laceration,3,114,89,74,19,97,36.7
30106544,5,fever,5,67,168,71,24,99,36.4
30106545,3,fall,4,76,129,71,14,96,37.6
30106546,1,abdominal pain,7,101,118,68,12,97,37.2
30106547,2,chest pain,9,69,142,65,21,100,35.0
30106548,3,fall,3,60,135,106,23,98,36.3
30106549,3,fall,7,119,96,105,19,96,35.5
30106550,3,shortness of breath,0,80,150,98,18,95,37.0
30106551,1,anxiety,7,84,128,110,15,95,36.5
30106552,2,back pain,8,100,111,90,20,100,37.1
30106553,4,fall,5,85,124,87,13,94,36.5
30106554,4,laceration,0,96,108,83,13,97,35.5
30106555,3,fall,4,84,127,85,22,100,37.2
30106556,2,anxiety,7,87,102,85,10,100,36.7
30106557,3,back pain,6,101,130,75,13,91,37.5
30106558,3,laceration,1,123,148,65,20,97,36.9
30106559,3,knee pain,0,67,113,112,15,99,37.3
30106560,4,laceration,1,81,126,86,19,94,36.2
30106561,2,fall,6,112,113,84,14,98,36.3
30106562,2,back pain,8,111,114,53,22,100,36.6
30106563,5,fall,5,70,138,93,18,99,37.1
30106564,3,laceration,0,82,163,78,18,97,36.0
30106565,3,anxiety,2,105,97,70,17,97,38.6
30106566,3,back pain,0,100,89,102,23,98,36.9
30106567,3,knee pain,2,77,138,73,20,93,37.0
30106568,3,back pain,7,36,130,58,16,95,37.4
30106569,3,laceration,6,79,124,63,21,92,37.8
30106570,4,abdominal pain,7,62,166,75,23,98,37.1
30106571,4,chest pain,6,91,123,87,17,97,37.5
30106572,5,fall,2,91,146,90,22,96,37.5
30106573,2,fall,8,72,115,68,22,95,37.3
30106574,3,laceration,6,89,117,86,17,97,36.2
30106575,2,laceration,6,104,117,66,19,97,37.0
30106576,3,anxiety,6,85,102,82,21,98,37.1
30106577,3,chest pain,3,81,139,80,16,99,36.7
30106578,3,back pain,0,55,105,99,21,94,38.3
30106579,3,laceration,5,69,146,78,20,93,37.4
30106580,2,anxiety,8,78,114,102,12,94,37.6
30106581,3,fever,7,108,132,79,24,95,37.0
30106582,5,chest pain,6,80,88,60,18,93,37.0
30106583,2,knee pain,6,61,168,51,17,96,37.3
30106584,3,knee pain,0,73,133,78,17,97,38.3
30106585,4,abdominal pain,3,67,95,97,12,98,37.1
30106586,2,anxiety,10,60,115,57,12,99,37.6
30106587,3,fever,2,98,122,62,19,92,38.1
30106588,4,knee pain,5,63,113,79,22,98,36.2
30106589,3,laceration,1,78,131,68,20,91,37.3
30106590,1,knee pain,8,61,138,79,20,97,37.4
30106591,3,knee pain,5,101,123,71,14,98,37.7
30106592,3,knee pain,4,104,73,76,9,97,37.2
30106593,2,fall,7,93,89,91,15,97,37.1
30106594,3,chest pain,3,100,95,64,14,88,35.5
30106595,3,anxiety,0,82,154,56,15,95,36.8
30106596,3,laceration,1,92,126,61,9,91,35.9
30106597,3,anxiety,0,92,133,96,21,95,36.7
30106598,2,knee pain,6,105,139,61,14,94,36.1
30106599,3,shortness of breath,5,110,113,99,17,96,37.5
30106600,4,abdominal pain,2,73,133,65,22,99,38.1
30106601,1,headache,10,96,115,96,14,100,36.1
30106602,3,back pain,4,76,149,108,14,100,36.0
30106603,3,abdominal pain,0,78,108,85,16,94,38.2
30106604,4,chest pain,2,80,129,60,21,94,36.8
30106605,4,anxiety,7,89,146,63,17,94,38.7
30106606,3,headache,5,98,125,75,14,100,36.3
30106607,4,chest pain,2,80,110,74,16,100,38.0
30106608,1,knee pain,10,82,140,50,23,99,36.2
30106609,3,headache,6,96,119,81,16,96,37.2
30106610,3,headache,1,77,107,55,15,98,35.2
30106611,3,fever,4,89,115,71,20,92,36.8
30106612,4,shortness of breath,4,81,82,90,18,99,36.8
30106613,4,knee pain,7,72,100,103,25,99,38.4
30106614,4,anxiety,3,89,167,82,17,92,35.7
30106615,2,anxiety,6,69,137,86,7,97,35.5
30106616,3,anxiety,7,118,104,84,20,98,36.9
30106617,2,shortness of breath,6,75,122,68,26,97,37.4
30106618,5,fever,0,83,136,94,18,99,37.7
30106619,3,headache,6,95,118,68,20,93,37.2
30106620,2,chest pain,10,66,152,76,20,99,38.7
30106621,2,laceration,6,97,105,91,16,100,38.3
30106622,3,fever,6,82,117,75,12,95,35.2
30106623,3,fever,0,88,171,85,24,94,37.1
30106624,2,fever,8,82,119,101,19,98,36.2
30106625,3,abdominal pain,3,126,93,62,18,92,36.3
30106626,2,back pain,10,63,121,106,9,95,35.6
30106627,3,abdominal pain,5,67,104,90,20,96,36.9
30106628,3,anxiety,0,106,94,97,14,100,38.1
30106629,5,fall,0,90,115,80,17,98,35.5
30106630,3,fall,6,77,130,66,20,100,38.1
30106631,3,anxiety,3,91,140,65,24,92,36.7
30106632,2,fall,9,78,143,81,19,96,37.5
30106633,2,anxiety,7,64,124,113,16,100,36.7
30106634,2,fever,7,74,133,94,17,98,37.8
30106635,5,back pain,1,100,140,82,17,100,36.6
30106636,2,laceration,9,105,94,89,21,93,37.2
30106637,3,laceration,5,83,148,84,18,91,36.8
30106638,3,back pain,4,91,118,65,17,96,36.0
30106639,3,headache,2,93,162,74,20,100,37.4
30106640,4,chest pain,4,52,128,98,16,98,37.4
30106641,4,chest pain,4,99,122,71,19,98,37.2
30106642,3,shortness of breath,5,70,144,69,16,94,37.2
30106643,3,laceration,3,88,146,112,14,100,36.2
30106644,1,back pain,9,84,143,68,25,91,36.6
30106645,4,anxiety,6,85,153,72,23,96,37.1
30106646,3,shortness of breath,1,70,141,51,22,96,37.1
30106647,3,headache,7,77,104,62,22,94,36.3
30106648,4,chest pain,0,57,147,100,13,95,37.0
30106649,3,shortness of breath,5,85,168,104,12,97,38.1
30106650,3,laceration,7,137,147,46,18,94,36.0
30106651,3,back pain,7,83,153,89,20,97,38.5
30106652,4,fall,1,108,113,68,22,95,37.9
30106653,3,abdominal pain,2,88,83,76,19,100,38.3
30106654,4,knee pain,2,71,122,83,14,96,37.4
30106655,3,shortness of breath,1,98,125,70,15,93,37.5
30106656,3,knee pain,1,107,110,88,15,97,36.5
30106657,2,anxiety,6,73,134,86,21,96,35.4
30106658,3,headache,0,84,137,65,18,100,36.9
30106659,3,headache,4,73,135,109,25,93,37.0
30106660,2,headache,9,80,137,88,19,100,37.0
30106661,3,back pain,2,82,102,71,14,95,38.6
30106662,3,abdominal pain,7,111,141,67,7,97,38.4
30106663,3,laceration,5,86,121,90,16,100,36.7
30106664,3,headache,5,105,85,80,14,99,37.4
30106665,3,abdominal pain,3,114,124,95,24,100,37.5
30106666,3,knee pain,2,75,114,63,17,93,36.3
30106667,3,fall,6,82,137,94,18,99,36.0
30106668,4,headache,6,81,154,80,23,92,36.1
30106669,3,abdominal pain,5,58,111,63,9,96,36.4
30106670,3,headache,5,77,96,95,23,93,36.9
30106671,2,headache,9,99,116,71,14,97,37.5
30106672,3,fall,2,117,103,80,12,96,35.2
30106673,3,fall,2,82,142,86,21,96,37.0
30106674,4,headache,7,102,107,70,15,94,37.4
30106675,3,back pain,3,55,156,97,21,99,36.9
30106676,5,laceration,2,78,119,68,20,91,36.4
30106677,1,headache,7,91,167,71,10,99,38.3
30106678,2,anxiety,7,95,122,54,18,98,37.3
30106679,3,headache,5,113,139,70,23,95,38.3
30106680,4,shortness of breath,7,91,161,93,16,95,37.1
30106681,3,shortness of breath,3,84,120,76,24,95,36.2
30106682,3,back pain,0,63,123,90,20,100,37.1
30106683,3,abdominal pain,6,81,151,72,18,95,36.3
30106684,3,chest pain,5,88,122,63,28,96,37.1
30106685,3,shortness of breath,5,95,124,83,18,98,37.8
30106686,1,chest pain,7,78,130,72,16,99,37.7
30106687,3,knee pain,3,51,129,77,14,100,37.6
30106688,2,shortness of breath,10,96,136,86,18,97,38.7
30106689,4,fall,7,91,130,81,18,96,37.6
30106690,3,chest pain,2,77,136,59,19,99,37.1
30106691,3,fever,0,91,124,89,21,100,38.0
30106692,3,fall,7,77,107,98,17,97,36.2
30106693,4,abdominal pain,1,110,84,96,6,99,37.5
30106694,2,chest pain,8,96,153,98,23,98,36.2
30106695,4,shortness of breath,2,82,123,60,12,98,36.8
30106696,4,back pain,4,65,148,84,20,95,37.7
30106697,5,anxiety,2,111,98,50,21,100,38.1
30106698,4,fall,3,92,129,54,20,99,37.9
30106699,2,abdominal pain,9,87,119,73,18,100,36.3
30106700,3,laceration,6,106,116,77,22,99,35.8
30106701,4,abdominal pain,2,67,137,73,16,99,35.3
30106702,3,knee pain,0,71,97,66,17,99,38.4
30106703,3,headache,1,69,122,89,31,94,36.4
30106704,3,shortness of breath,0,95,128,69,16,99,36.8
30106705,2,fall,8,64,119,78,22,100,37.2
30106706,4,abdominal pain,7,73,141,66,23,95,36.9
30106707,3,knee pain,2,114,126,72,20,98,36.2
30106708,4,fall,5,104,103,86,25,96,36.3
30106709,3,fall,2,110,111,97,21,94,37.9
30106710,3,fall,4,54,126,75,16,97,35.8
30106711,4,laceration,5,92,119,73,17,96,37.5
30106712,5,chest pain,1,83,149,80,27,100,37.7
30106713,2,back pain,10,71,110,67,21,97,38.5
30106714,3,chest pain,3,78,133,83,4,93,38.3
30106715,3,anxiety,6,57,139,86,16,95,37.6
30106716,3,fever,6,69,125,89,21,90,36.6
30106717,1,knee pain,10,107,121,80,17,96,37.4
30106718,2,fall,7,86,128,81,25,99,35.8
30106719,3,laceration,3,110,119,91,21,98,35.8
30106720,4,abdominal pain,6,81,130,66,21,95,35.9
30106721,3,knee pain,2,95,122,79,20,99,37.6
30106722,3,fall,0,96,122,38,16,100,37.3
30106723,4,anxiety,1,75,108,82,20,96,37.2
30106724,3,chest pain,7,92,99,91,18,99,37.3
30106725,4,anxiety,7,84,119,77,16,99,37.9
30106726,3,headache,5,96,107,68,26,96,36.3
30106727,3,shortness of breath,2,83,120,75,15,95,36.8
30106728,3,abdominal pain,5,99,107,75,17,97,36.7
30106729,3,knee pain,3,102,142,74,16,97,36.3
30106730,3,fever,4,72,84,86,18,99,35.0
30106731,5,headache,4,41,143,100,20,92,36.7
30106732,3,knee pain,1,87,142,60,18,100,36.6
30106733,3,chest pain,2,86,124,79,12,92,37.2
30106734,4,abdominal pain,4,62,79,98,21,96,36.8
30106735,3,back pain,6,91,174,74,19,99,37.1
30106736,3,laceration,7,124,126,62,19,97,36.9
30106737,5,headache,2,74,111,94,21,100,38.3
30106738,4,anxiety,1,83,136,79,16,94,36.8
30106739,1,fever,7,84,139,89,14,96,38.0
30106740,4,fall,2,81,94,93,17,98,37.6
30106741,4,chest pain,7,78,121,68,18,97,37.6
30106742,3,shortness of breath,5,89,111,98,17,100,37.8
30106743,3,anxiety,0,90,98,61,18,98,37.2
30106744,2,knee pain,8,104,147,96,15,94,36.3
30106745,3,fever,4,82,117,87,19,99,37.5
30106746,1,anxiety,8,101,125,73,17,98,37.1
30106747,3,chest pain,4,101,111,53,18,97,36.6
30106748,3,shortness of breath,4,97,129,70,17,96,38.2
30106749,3,back pain,4,73,127,82,22,98,37.1
30106750,4,headache,5,92,140,54,19,98,36.5
30106751,3,chest pain,1,80,131,90,15,95,35.7
30106752,5,knee pain,1,111,151,79,25,99,36.6
30106753,2,shortness of breath,6,111,100,89,15,97,37.5
30106754,3,laceration,6,84,152,91,16,100,38.5
30106755,2,headache,8,76,88,96,20,96,37.5
30106756,3,fall,2,105,96,99,19,94,36.8
30106757,2,shortness of breath,9,68,114,68,12,97,36.1
30106758,2,laceration,8,99,103,60,16,98,36.6
30106759,2,back pain,10,118,118,64,16,95,37.4
30106760,4,fall,6,96,118,64,18,97,37.3
30106761,4,knee pain,1,102,127,92,8,100,36.9
30106762,3,back pain,6,76,110,56,20,97,36.5
30106763,3,headache,4,120,139,66,16,94,38.3
30106764,2,back pain,6,97,95,80,23,95,36.3
30106765,3,anxiety,7,110,141,96,16,99,37.4
30106766,2,fall,7,112,118,67,21,97,37.0
30106767,3,fever,5,64,146,68,14,99,38.0
30106768,3,laceration,4,73,57,84,21,96,37.4
30106769,3,shortness of breath,0,94,114,57,21,96,36.7
30106770,3,back pain,4,77,98,93,19,98,35.9
30106771,3,laceration,7,71,112,70,17,99,37.3
30106772,4,fall,4,105,128,85,14,93,37.2
30106773,3,fever,2,79,121,88,22,94,37.5
30106774,4,chest pain,5,92,100,82,14,97,37.6
30106775,4,chest pain,4,73,133,79,22,96,37.3
30106776,4,headache,0,91,123,101,24,100,37.5
30106777,3,chest pain,5,86,137,84,17,96,36.9
30106778,3,chest pain,1,101,140,79,14,98,36.0
30106779,3,fall,5,93,135,101,14,100,37.8
30106780,3,abdominal pain,0,78,131,74,22,94,36.1
30106781,3,laceration,6,83,112,92,12,100,37.2
30106782,3,knee pain,3,73,158,77,18,98,36.3
30106783,3,fever,3,79,139,86,25,99,36.9
30106784,3,laceration,7,82,101,134,14,98,37.4
30106785,3,abdominal pain,4,78,124,64,17,97,37.7
30106786,3,chest pain,1,90,135,56,19,96,37.1
30106787,4,shortness of breath,1,108,121,68,18,97,35.1
30106788,3,headache,2,78,107,67,19,95,36.9
30106789,4,anxiety,4,94,129,95,16,100,36.0
30106790,3,laceration,7,91,150,60,24,95,37.0
30106791,2,chest pain,6,77,97,88,14,94,37.2
30106792,3,headache,6,87,108,64,14,100,35.6
30106793,3,chest pain,5,86,123,82,14,100,38.0
30106794,5,laceration,2,79,144,79,21,97,36.6
30106795,2,fall,7,76,136,81,26,95,38.7
30106796,2,back pain,6,78,128,92,25,100,37.6
30106797,2,headache,6,67,145,88,28,96,36.4
30106798,2,fever,6,77,150,79,17,95,36.5
30106799,3,laceration,2,68,146,53,13,97,36.6
30106800,4,shortness of breath,6,71,124,64,22,96,36.5
30106801,5,knee pain,7,78,103,88,20,95,37.8
30106802,3,shortness of breath,7,99,105,105,17,99,38.2
30106803,4,knee pain,2,75,127,109,22,100,37.1
30106804,1,fall,7,77,117,120,23,97,36.7
30106805,4,knee pain,2,83,99,65,15,94,37.5
30106806,4,back pain,2,90,116,72,23,97,38.0
30106807,3,abdominal pain,4,93,131,106,16,93,36.0
30106808,3,back pain,7,85,133,82,18,99,37.3
30106809,3,fall,1,90,137,61,16,100,37.7
30106810,4,headache,5,82,105,93,10,94,36.8
30106811,3,chest pain,7,77,114,91,22,95,36.3
30106812,3,knee pain,3,105,109,73,25,97,36.8
30106813,3,chest pain,1,77,140,101,19,100,36.5
30106814,2,fever,10,82,112,83,13,98,36.7
30106815,3,fall,1,91,140,78,18,100,36.8
30106816,3,fall,1,86,136,106,14,91,36.4
30106817,3,headache,2,70,141,78,9,100,37.0
30106818,3,laceration,7,87,113,82,17,98,36.6
30106819,3,headache,4,76,97,77,15,100,36.0
30106820,1,abdominal pain,8,84,127,97,16,97,36.8
30106821,4,shortness of breath,7,91,137,85,23,94,37.8
30106822,3,laceration,7,85,101,73,19,94,37.4
30106823,3,fever,0,80,148,113,21,97,37.5
30106824,3,fall,7,84,161,56,17,98,38.0
30106825,3,anxiety,4,79,118,85,14,95,36.0
30106826,3,headache,6,80,122,82,18,99,37.1
30106827,4,knee pain,3,91,147,86,24,97,35.6
30106828,3,chest pain,2,83,126,86,11,100,38.5
30106829,4,fever,3,95,130,89,20,96,36.9
30106830,3,laceration,5,103,155,71,19,97,37.2
30106831,2,headache,8,90,100,70,21,96,36.3
30106832,2,back pain,7,90,138,79,21,100,35.8
30106833,3,shortness of breath,0,105,92,57,12,97,36.7
30106834,3,laceration,6,79,87,77,24,98,36.8
30106835,3,chest pain,4,77,118,75,22,99,37.2
30106836,3,headache,0,72,152,84,20,96,37.4
30106837,2,laceration,8,65,121,89,18,98,37.5
30106838,3,fall,0,90,124,67,24,98,37.7
30106839,5,fever,1,100,138,94,20,95,36.0
30106840,3,fever,2,73,90,85,17,93,38.2
30106841,4,laceration,7,85,149,80,24,100,36.8
30106842,2,fall,9,52,117,87,11,100,35.5
30106843,4,chest pain,5,101,137,48,18,100,37.1
30106844,4,shortness of breath,3,89,124,73,19,94,36.9
30106845,2,anxiety,10,76,127,75,24,93,36.4
30106846,3,fever,4,44,115,77,23,99,37.1
30106847,3,knee pain,0,95,99,90,17,93,35.8
30106848,3,chest pain,0,67,124,67,17,100,37.8
30106849,5,knee pain,6,82,108,69,9,96,36.8
30106850,3,knee pain,4,59,144,65,19,96,36.6
30106851,3,headache,4,93,143,85,24,100,36.9
30106852,5,chest pain,6,79,112,65,9,97,37.0
30106853,3,fall,4,84,109,89,22,97,38.7
30106854,2,fever,10,87,135,49,13,91,37.6
30106855,3,shortness of breath,2,85,123,80,28,95,37.8
30106856,3,shortness of breath,4,84,147,69,23,97,36.8
30106857,1,back pain,7,95,123,79,20,100,38.5
30106858,3,back pain,7,74,149,84,12,96,35.7
30106859,3,knee pain,4,80,105,86,20,94,36.6
30106860,3,back pain,3,77,133,90,22,96,36.7
30106861,2,abdominal pain,9,97,117,68,22,100,36.4
30106862,4,fall,2,61,115,79,22,93,36.7
30106863,3,knee pain,5,96,135,86,13,90,37.8
30106864,3,knee pain,1,92,109,103,20,99,36.2
30106865,3,chest pain,6,68,140,80,20,100,37.1
30106866,4,knee pain,2,95,129,52,20,97,36.7
30106867,3,abdominal pain,4,61,89,96,13,98,37.7
30106868,3,back pain,4,86,126,79,15,100,36.8
30106869,3,fall,7,81,140,77,24,100,36.3
30106870,3,chest pain,2,91,104,92,18,96,36.9
30106871,3,fever,6,102,143,71,12,97,37.5
30106872,3,laceration,5,103,130,77,14,100,38.1
30106873,3,shortness of breath,3,76,152,73,16,97,37.0
30106874,3,headache,2,64,137,76,13,96,36.1
30106875,2,abdominal pain,7,61,141,73,9,90,36.1
30106876,4,anxiety,3,114,113,82,22,93,36.8
30106877,4,knee pain,0,67,106,91,18,100,38.7
30106878,4,chest pain,2,58,83,66,14,96,36.9
30106879,2,knee pain,9,93,113,79,17,96,36.4
30106880,3,knee pain,4,88,122,68,20,95,38.1
30106881,2,fall,7,83,135,99,15,98,37.0
30106882,2,anxiety,9,63,100,82,17,97,36.2
30106883,4,anxiety,7,88,99,84,18,97,38.0
30106884,4,shortness of breath,5,70,98,88,19,96,37.7
30106885,3,fever,4,69,89,97,23,100,36.1
30106886,3,headache,6,81,137,103,19,93,38.3
30106887,4,back pain,7,89,153,89,22,96,37.0
30106888,2,knee pain,7,80,122,82,23,100,37.0
30106889,4,fall,0,80,93,87,21,96,37.4
30106890,2,fever,8,92,102,93,18,93,36.0
30106891,3,headache,2,116,129,85,18,100,36.6
30106892,2,abdominal pain,9,84,153,91,22,98,37.8
30106893,3,headache,7,92,105,83,12,96,38.0
30106894,3,chest pain,4,59,123,83,13,99,36.6
30106895,2,fever,9,103,123,84,20,97,35.6
30106896,3,anxiety,1,97,110,81,15,100,38.3
30106897,3,chest pain,6,74,121,76,18,97,36.8
30106898,5,knee pain,7,92,131,101,13,96,36.6
30106899,4,anxiety,4,90,114,68,15,100,36.8
30106900,3,fall,0,79,100,98,16,94,36.6
30106901,3,back pain,5,87,137,75,20,95,37.4
30106902,4,abdominal pain,0,61,121,79,22,98,37.6
30106903,3,back pain,2,76,163,65,23,100,36.0
30106904,3,back pain,1,62,87,75,16,95,37.9
30106905,3,shortness of breath,3,77,120,78,20,99,37.6
30106906,3,shortness of breath,1,89,82,57,21,99,38.5
30106907,3,shortness of breath,2,102,133,84,15,98,37.0
30106908,2,fall,10,85,112,55,23,99,36.7
30106909,3,back pain,4,74,140,82,24,97,38.2
30106910,3,shortness of breath,1,92,115,92,15,98,37.5
30106911,4,laceration,0,42,91,82,18,98,38.0
30106912,3,knee pain,7,85,135,68,21,94,37.6
30106913,3,fever,5,94,99,88,19,95,35.5
30106914,3,knee pain,2,86,81,65,19,96,35.7
30106915,5,back pain,3,93,139,98,16,99,35.5
30106916,3,knee pain,7,72,117,89,13,96,37.3
30106917,3,shortness of breath,7,78,103,69,22,94,37.9
30106918,3,headache,5,107,158,101,15,96,35.6
30106919,3,abdominal pain,1,86,132,83,24,100,36.5
30106920,3,fever,5,106,156,65,16,92,37.0
30106921,3,fall,0,75,118,95,21,95,36.8
30106922,4,fall,4,87,99,69,14,100,37.8
30106923,3,headache,0,82,103,95,19,95,35.4
30106924,3,abdominal pain,0,90,145,89,17,100,36.6
30106925,3,chest pain,1,77,130,100,18,94,37.3
30106926,4,shortness of breath,0,93,112,69,20,92,36.9
30106927,3,knee pain,2,59,112,73,16,99,37.1
30106928,2,headache,8,79,125,75,13,94,36.6
30106929,3,fever,5,94,141,56,20,92,37.3
30106930,2,back pain,8,64,143,89,17,98,36.6
30106931,4,abdominal pain,4,86,137,83,18,95,36.0
30106932,3,laceration,7,62,181,99,13,100,36.8
30106933,2,fall,9,91,118,67,14,98,37.6
30106934,3,knee pain,3,79,111,73,22,100,37.3
30106935,5,anxiety,7,75,124,68,21,100,37.0
30106936,3,chest pain,1,79,110,82,16,99,37.6
30106937,2,back pain,6,87,132,92,14,99,36.9
30106938,3,fall,7,82,141,80,21,100,38.4
30106939,2,knee pain,7,90,155,79,19,96,37.5
30106940,3,back pain,7,98,99,71,23,96,36.0
30106941,3,anxiety,3,88,79,81,16,95,37.8
30106942,4,shortness of breath,6,98,123,83,13,92,35.0
30106943,3,headache,4,86,138,79,13,96,37.0
30106944,3,headache,4,77,132,93,21,98,35.7
30106945,1,fall,10,95,140,76,15,94,37.1
30106946,3,fall,4,99,137,95,15,97,37.0
30106947,4,abdominal pain,4,78,148,96,15,97,36.7
30106948,3,anxiety,2,90,90,103,19,98,36.9
30106949,3,laceration,5,91,128,90,11,100,35.0
30106950,5,chest pain,5,103,134,55,15,97,38.3
30106951,4,shortness of breath,5,85,156,81,20,95,38.0
30106952,3,anxiety,6,91,100,92,22,100,36.7
30106953,4,laceration,1,88,164,64,23,100,36.3
30106954,3,laceration,0,104,134,57,23,95,38.0
30106955,4,chest pain,4,75,126,84,11,93,36.9
30106956,5,back pain,6,57,123,65,14,97,37.4
30106957,3,fever,5,89,154,98,28,94,34.7
30106958,3,laceration,6,75,157,108,26,100,36.8
30106959,3,anxiety,0,68,98,91,20,99,35.0
30106960,3,chest pain,4,63,106,75,18,97,36.9
30106961,2,fall,6,78,125,56,17,96,37.5
30106962,3,fever,4,90,111,80,19,96,38.3
30106963,4,chest pain,1,97,118,53,14,93,37.1
30106964,2,knee pain,9,86,90,103,21,95,37.1
30106965,3,knee pain,3,58,107,67,14,100,37.0
30106966,1,laceration,8,79,124,66,18,100,36.6
30106967,3,chest pain,2,82,145,110,22,100,37.0
30106968,2,knee pain,9,81,141,81,18,96,35.1
30106969,3,back pain,6,113,134,83,19,100,38.2
30106970,2,knee pain,9,55,112,68,19,98,37.4
30106971,2,abdominal pain,10,115,139,62,15,100,37.1
30106972,4,abdominal pain,2,79,133,66,22,98,35.8
30106973,3,chest pain,5,62,75,83,20,97,37.0
30106974,3,shortness of breath,0,83,161,89,26,96,36.7
30106975,4,fever,6,102,110,82,18,96,37.3
30106976,4,anxiety,0,93,102,52,18,95,36.7
30106977,3,fever,5,103,110,77,22,98,36.3
30106978,3,back pain,7,66,107,81,13,98,37.9
30106979,4,back pain,5,106,82,72,17,100,37.6
30106980,4,back pain,3,97,94,54,16,97,36.3
30106981,2,abdominal pain,9,68,126,77,10,100,36.5
30106982,2,fever,10,61,124,92,15,98,37.2
30106983,3,shortness of breath,4,118,118,88,20,100,36.8
30106984,3,chest pain,6,81,124,85,19,94,35.9
30106985,3,anxiety,1,91,166,67,19,93,36.2
30106986,1,chest pain,6,105,112,124,14,95,36.5
30106987,4,knee pain,4,67,133,59,17,100,37.3
30106988,3,back pain,5,82,126,96,12,95,37.3
30106989,3,shortness of breath,6,108,147,90,22,95,37.0
30106990,3,fall,4,81,144,69,21,92,38.0
30106991,2,headache,10,96,146,82,13,100,37.3
30106992,4,fever,4,69,132,76,15,97,36.5
30106993,3,chest pain,7,82,116,75,17,99,37.7
30106994,3,laceration,0,109,184,66,17,93,36.3
30106995,4,shortness of breath,0,51,114,83,10,97,37.7
30106996,4,back pain,6,99,103,82,27,95,37.0
30106997,3,knee pain,5,77,133,75,23,100,36.8
30106998,2,anxiety,6,97,135,101,16,95,36.6
30106999,3,laceration,1,84,112,71,22,97,37.0
30107000,4,headache,5,66,79,95,19,93,36.8
30107001,4,headache,6,67,133,74,17,99,36.3
30107002,3,anxiety,7,72,124,81,9,100,36.8
30107003,3,headache,7,99,130,84,10,93,36.9
30107004,5,anxiety,1,77,130,97,22,98,37.8
30107005,2,anxiety,7,79,115,87,18,95,36.2
30107006,4,chest pain,3,108,88,90,14,98,36.3
30107007,3,headache,5,103,152,89,18,97,37.4
30107008,3,laceration,3,72,127,86,13,99,37.7
30107009,3,abdominal pain,6,89,136,72,15,97,37.5
30107010,3,back pain,6,69,152,103,17,95,37.5
30107011,2,chest pain,8,82,157,65,23,99,36.8
30107012,2,headache,9,76,121,87,18,97,37.0
30107013,1,shortness of breath,10,84,134,86,17,100,36.1
30107014,4,chest pain,4,71,118,64,25,100,36.8
30107015,4,fall,2,106,109,92,16,92,37.0
30107016,3,headache,4,90,114,66,22,96,36.3
30107017,2,shortness of breath,8,68,154,79,20,97,36.5
30107018,3,back pain,4,85,114,83,16,100,36.5
30107019,4,chest pain,2,108,100,88,22,99,36.5
30107020,4,abdominal pain,3,93,132,90,21,100,38.1
30107021,2,headache,8,100,134,85,10,99,37.7
30107022,2,headache,9,88,121,90,16,97,37.6
30107023,2,fever,10,58,110,72,17,96,37.6
30107024,3,headache,1,88,141,69,34,99,36.7
30107025,2,headache,9,94,89,79,18,98,36.5
30107026,3,anxiety,7,64,107,87,22,97,36.8
30107027,3,headache,5,111,88,86,18,95,36.5
30107028,4,back pain,7,105,122,77,24,95,37.6
30107029,3,anxiety,2,98,137,82,14,97,38.4
30107030,3,knee pain,0,87,130,87,14,99,35.0
30107031,4,fever,6,113,103,80,14,98,36.5
30107032,3,laceration,5,86,120,77,19,100,37.9
30107033,4,back pain,0,112,135,75,25,97,37.9
30107034,3,shortness of breath,4,77,141,70,14,93,37.9
30107035,3,knee pain,5,74,104,74,18,96,38.1
30107036,3,headache,0,81,116,105,17,100,35.7
30107037,4,fall,2,81,139,84,20,97,36.5
30107038,2,fall,6,92,117,74,17,95,37.1
30107039,5,back pain,1,79,129,103,19,100,36.8
30107040,4,laceration,3,94,101,95,24,100,37.4
30107041,3,shortness of breath,3,61,130,76,20,97,38.9
30107042,3,back pain,2,82,108,84,21,97,37.2
30107043,3,laceration,3,108,122,87,16,100,36.8
30107044,3,headache,2,97,93,93,15,100,37.9
30107045,3,fever,4,81,133,85,19,93,37.5
30107046,3,fall,4,82,136,92,22,99,35.9
30107047,4,headache,2,92,117,93,17,100,37.4
30107048,3,chest pain,0,94,149,95,20,98,36.2
30107049,4,knee pain,4,83,115,63,15,99,37.0
30107050,3,anxiety,6,65,149,58,25,100,37.2
30107051,3,fall,1,104,108,95,20,98,35.8
30107052,3,shortness of breath,0,63,93,69,24,98,35.2
30107053,2,abdominal pain,9,87,141,65,25,98,37.0
30107054,4,fall,4,60,91,64,22,96,37.0
30107055,3,anxiety,7,80,126,71,23,99,37.0
30107056,3,fall,3,82,105,70,14,98,34.6
30107057,3,abdominal pain,1,95,121,76,13,93,36.6
30107058,3,fever,4,90,86,86,19,99,37.1
30107059,2,back pain,6,74,93,80,14,100,37.7
30107060,1,fever,7,99,127,88,12,100,37.1
30107061,3,laceration,0,48,103,82,22,95,37.2
30107062,3,fall,4,77,122,103,9,91,37.6
30107063,2,chest pain,6,94,124,83,7,96,38.2
30107064,3,chest pain,2,71,121,66,17,93,37.7
30107065,3,fall,0,105,115,56,15,100,37.2
30107066,4,anxiety,2,105,115,96,22,95,36.3
30107067,2,fall,6,98,136,78,14,99,36.7
30107068,3,back pain,2,52,127,64,19,96,36.8
30107069,3,headache,2,86,151,67,21,96,35.7
30107070,1,anxiety,8,83,149,76,13,99,36.7
30107071,4,headache,0,84,119,94,22,100,36.9
30107072,3,shortness of breath,3,98,138,74,21,90,36.9
30107073,3,shortness of breath,0,86,145,58,24,97,36.7
30107074,4,anxiety,5,85,138,63,13,96,38.1
30107075,3,back pain,3,66,166,75,15,93,36.7
30107076,2,shortness of breath,8,67,120,38,19,95,36.3
30107077,3,chest pain,7,75,76,89,21,100,36.8
30107078,3,shortness of breath,7,88,133,70,17,92,36.4
30107079,3,chest pain,7,83,124,86,14,96,37.4
30107080,3,knee pain,7,81,163,93,16,99,36.2
30107081,3,abdominal pain,3,91,135,71,20,90,36.3
30107082,2,laceration,8,82,115,79,19,94,36.8
30107083,3,anxiety,4,95,150,77,15,97,38.6
30107084,2,fall,6,64,122,70,13,100,37.4
30107085,2,back pain,7,49,112,100,7,100,35.3
30107086,3,knee pain,0,87,107,86,25,96,37.3
30107087,2,shortness of breath,9,94,99,82,21,91,38.9
30107088,3,laceration,2,80,107,72,20,100,36.7
30107089,3,fever,1,72,130,92,15,94,37.5
30107090,3,abdominal pain,1,104,110,84,18,95,37.4
30107091,3,anxiety,2,93,119,72,16,97,36.9
30107092,2,fever,6,79,98,85,21,96,36.7
30107093,3,back pain,7,74,136,61,11,100,36.1
30107094,2,knee pain,6,85,116,39,21,95,36.5
30107095,2,shortness of breath,6,63,122,84,20,100,36.5
30107096,4,chest pain,0,115,120,88,21,98,39.5
30107097,4,back pain,4,72,119,121,18,100,37.4
30107098,3,fall,5,117,125,86,10,94,38.7
30107099,3,shortness of breath,0,88,132,41,13,95,37.2
30107100,5,anxiety,4,90,121,75,22,100,36.5
30107101,4,back pain,1,54,114,56,19,99,36.1
30107102,2,chest pain,9,87,104,79,20,100,36.5
30107103,4,headache,2,70,115,93,19,95,37.7
30107104,4,knee pain,2,78,137,78,16,92,37.4
30107105,3,anxiety,0,75,150,87,11,95,37.0
30107106,3,fever,5,76,105,67,14,92,38.1
30107107,2,anxiety,10,85,137,71,17,96,37.1
30107108,4,knee pain,4,109,95,105,8,97,37.1
30107109,2,anxiety,10,91,86,70,15,96,37.1
30107110,3,back pain,0,75,137,72,15,95,34.8
30107111,2,abdominal pain,6,77,113,79,25,96,36.2
30107112,3,back pain,4,58,105,75,20,100,37.3
30107113,3,chest pain,5,68,117,73,12,100,38.5
30107114,2,abdominal pain,6,81,125,107,15,92,35.9
30107115,3,chest pain,4,105,153,84,22,97,36.3
30107116,5,abdominal pain,5,85,133,73,24,100,37.1
30107117,5,abdominal pain,0,90,114,66,23,97,36.1
30107118,3,back pain,0,68,124,59,23,97,37.4
30107119,4,chest pain,6,57,125,95,22,94,38.3
30107120,3,abdominal pain,0,91,121,95,23,100,38.1
30107121,4,abdominal pain,2,77,114,69,17,98,36.1
30107122,5,anxiety,3,79,148,100,14,94,36.9
30107123,5,abdominal pain,7,111,112,71,18,98,37.6
30107124,3,chest pain,3,77,134,77,17,97,37.4
30107125,3,anxiety,3,69,96,114,27,100,35.8
30107126,2,chest pain,7,90,123,77,29,97,37.6
30107127,2,chest pain,9,92,141,81,15,93,37.2
30107128,3,laceration,1,70,117,89,19,100,36.4
30107129,3,chest pain,5,118,97,87,18,99,36.4
30107130,2,back pain,7,85,119,99,24,89,36.7
30107131,2,laceration,8,94,135,93,19,100,34.1
30107132,2,anxiety,6,84,107,88,15,99,37.4
30107133,3,fever,4,102,136,62,20,97,38.9
30107134,3,laceration,1,87,127,102,21,100,38.1
30107135,5,back pain,4,103,111,88,7,99,36.2
30107136,3,anxiety,1,61,121,101,11,96,35.1
30107137,1,headache,7,72,116,55,12,97,36.5
30107138,4,fall,4,68,129,91,24,100,37.7
30107139,3,back pain,1,75,124,93,14,99,37.4
30107140,3,shortness of breath,4,123,124,85,18,93,36.0
30107141,3,laceration,0,82,134,101,14,99,37.2
30107142,3,back pain,6,83,120,65,13,93,37.1
30107143,3,knee pain,1,99,110,77,23,100,37.6
30107144,2,knee pain,10,87,154,88,13,97,37.0
30107145,4,headache,0,105,142,108,23,95,37.3
30107146,4,anxiety,4,98,112,84,15,93,35.3
30107147,5,abdominal pain,7,77,130,66,17,95,36.4
30107148,3,chest pain,2,74,135,80,21,93,36.4
30107149,1,chest pain,8,88,85,73,13,99,37.0
30107150,4,chest pain,2,76,94,92,16,99,37.9
30107151,3,chest pain,3,86,148,62,11,93,37.3
30107152,2,anxiety,6,104,107,88,15,100,36.9
30107153,3,chest pain,0,91,120,91,17,100,37.3
30107154,3,knee pain,3,120,137,81,23,100,38.4
30107155,3,headache,1,75,127,82,17,98,35.8
30107156,3,fever,5,101,131,72,14,95,35.7
30107157,5,shortness of breath,1,43,125,72,25,98,37.1
30107158,3,chest pain,5,103,71,84,18,98,36.6
30107159,3,shortness of breath,2,100,135,86,20,100,36.3
30107160,4,chest pain,2,89,96,57,25,98,38.7
30107161,2,shortness of breath,7,108,129,64,17,94,37.2
30107162,3,knee pain,2,72,106,71,17,96,36.1
30107163,4,abdominal pain,6,55,122,89,16,100,37.5
30107164,3,shortness of breath,6,68,101,87,18,97,35.5
30107165,4,anxiety,1,80,112,79,20,100,36.7
30107166,3,fall,2,62,123,52,20,97,36.9
30107167,3,abdominal pain,6,79,112,87,17,94,36.8
30107168,3,laceration,1,56,130,75,18,95,36.4
30107169,2,fever,10,86,140,90,17,97,38.7
30107170,2,anxiety,10,79,121,53,15,96,37.1
30107171,2,abdominal pain,7,76,146,84,19,92,36.5
30107172,3,laceration,4,92,62,60,19,94,37.5
30107173,1,knee pain,8,84,128,86,22,92,37.1
30107174,3,headache,7,73,136,67,17,98,35.3
30107175,3,chest pain,3,101,148,61,16,100,35.8
30107176,3,knee pain,6,72,110,99,19,100,37.3
30107177,3,laceration,3,104,116,83,16,98,38.1
30107178,5,laceration,3,108,134,91,18,97,37.1
30107179,5,chest pain,3,78,122,92,15,96,36.6
30107180,1,chest pain,10,90,172,84,15,96,38.8
30107181,3,anxiety,3,67,119,83,18,95,36.0
30107182,3,chest pain,3,86,148,82,14,95,38.4
30107183,4,fever,0,81,153,94,18,99,36.8
30107184,3,knee pain,1,63,114,55,14,91,37.7
30107185,3,anxiety,3,121,127,77,18,100,36.8
30107186,3,headache,0,90,129,70,16,93,37.3
30107187,3,abdominal pain,3,94,111,79,18,96,36.7
30107188,1,anxiety,8,76,98,48,18,94,36.9
30107189,3,back pain,6,87,122,91,14,98,37.6
30107190,3,knee pain,1,72,127,77,21,94,37.9
30107191,3,fever,5,116,114,89,15,94,36.1
30107192,2,knee pain,6,62,148,90,18,98,36.6
30107193,4,fall,2,72,151,97,13,92,37.0
30107194,5,abdominal pain,0,100,100,93,15,95,36.8
30107195,3,back pain,6,101,118,71,30,100,37.2
30107196,3,fall,2,86,140,71,17,95,37.0
30107197,4,shortness of breath,4,73,153,48,11,100,39.0
30107198,3,abdominal pain,3,69,128,50,17,100,37.9
30107199,3,headache,7,93,130,101,20,100,36.8
30107200,2,abdominal pain,8,73,119,95,24,100,37.1
30107201,3,headache,2,101,143,100,8,99,36.8
30107202,3,fall,0,74,139,104,17,97,36.5
30107203,3,shortness of breath,5,93,156,88,18,94,36.5
30107204,3,abdominal pain,6,86,112,70,8,97,36.8
30107205,3,shortness of breath,7,90,91,79,15,100,36.3
30107206,3,abdominal pain,7,90,130,74,16,96,38.1
30107207,3,headache,7,70,124,85,14,96,37.3
30107208,2,knee pain,6,91,112,80,15,100,37.8
30107209,3,headache,5,82,139,76,17,97,36.2
30107210,4,shortness of breath,6,87,161,91,20,97,37.1
30107211,3,fever,1,86,107,91,19,96,37.6
30107212,3,headache,5,83,83,75,15,99,37.2
30107213,5,fever,2,82,117,68,21,96,37.1
30107214,2,back pain,10,97,130,55,15,100,37.5
30107215,2,headache,10,62,114,88,24,93,37.8
30107216,3,fall,2,102,129,59,20,99,37.2
30107217,3,anxiety,6,78,125,65,16,98,37.6
30107218,3,knee pain,3,66,122,103,17,97,36.9
30107219,3,chest pain,1,53,109,89,7,99,36.5
30107220,3,back pain,6,93,130,73,25,95,36.3
30107221,3,chest pain,6,67,122,97,18,92,37.4
30107222,2,laceration,9,74,126,110,13,96,37.4
30107223,4,fever,7,85,129,112,13,94,37.8
30107224,4,chest pain,5,76,125,81,21,94,38.8
30107225,3,headache,6,54,147,85,17,98,37.5
30107226,3,chest pain,0,88,99,77,14,96,37.0
30107227,3,laceration,1,101,128,79,16,97,35.7
30107228,3,knee pain,5,86,130,70,19,99,38.1
30107229,3,headache,7,89,129,83,17,99,37.6
30107230,3,knee pain,0,105,124,79,19,94,37.9
30107231,3,knee pain,4,74,111,84,20,100,37.2
30107232,3,laceration,7,85,142,79,23,97,37.7
30107233,4,laceration,7,70,126,75,16,92,36.5
30107234,3,headache,3,94,126,95,11,100,37.1
30107235,5,shortness of breath,2,68,102,66,18,97,38.5
30107236,3,knee pain,0,74,151,74,21,93,36.9
30107237,5,chest pain,7,105,79,81,19,99,36.9
30107238,2,laceration,6,69,101,100,17,100,36.8
30107239,4,shortness of breath,0,103,100,89,17,100,36.9
30107240,5,laceration,0,60,98,67,18,97,37.9
30107241,3,fall,5,112,135,68,17,95,36.6
30107242,3,anxiety,5,93,129,79,19,96,38.1
30107243,2,anxiety,6,105,124,101,16,100,36.8
30107244,2,abdominal pain,6,88,152,87,18,100,36.6
30107245,4,knee pain,0,94,123,69,15,95,37.0
30107246,4,back pain,4,74,129,71,11,99,37.7
30107247,3,headache,3,95,135,77,15,100,38.1
30107248,3,knee pain,6,87,110,56,23,98,38.0
30107249,3,headache,5,82,96,58,25,100,37.2
30107250,2,laceration,6,67,118,81,19,96,37.0
30107251,3,fall,5,80,147,72,18,95,36.8
30107252,3,fever,0,66,107,92,29,98,36.7
30107253,4,fever,4,99,122,58,25,99,36.6
30107254,2,back pain,6,106,123,43,18,98,37.3
30107255,3,back pain,3,87,127,57,24,99,36.6
30107256,2,chest pain,7,95,166,76,20,97,37.4
30107257,3,chest pain,5,90,114,95,21,94,36.8
30107258,4,chest pain,0,74,103,101,23,97,36.4
30107259,1,laceration,10,109,113,83,18,96,37.6
30107260,3,chest pain,5,114,166,86,20,97,36.6
30107261,4,headache,1,105,112,101,16,97,35.5
30107262,4,laceration,3,71,137,107,10,100,37.5
30107263,1,laceration,6,105,125,72,19,96,37.3
30107264,4,anxiety,2,95,96,74,15,94,37.8
30107265,4,back pain,4,85,124,83,20,94,37.4
30107266,2,knee pain,8,100,117,65,18,98,37.5
30107267,3,chest pain,0,78,102,78,16,99,36.0
30107268,2,fever,7,93,127,86,13,100,36.7
30107269,3,fever,3,104,122,82,16,100,34.9
30107270,3,back pain,3,98,119,87,13,95,37.9
30107271,2,chest pain,10,85,122,78,25,100,36.8
30107272,5,headache,6,61,126,76,21,99,37.7
30107273,3,knee pain,3,102,87,60,25,97,36.3
30107274,3,abdominal pain,4,81,115,77,12,100,37.0
30107275,3,shortness of breath,4,68,102,87,18,100,36.8
30107276,3,anxiety,1,96,122,73,19,96,36.9
30107277,3,laceration,0,90,151,99,19,92,36.8
30107278,3,fall,6,79,88,67,22,94,37.4
30107279,5,anxiety,1,62,107,67,10,99,37.7
30107280,3,fall,5,64,102,93,23,99,37.1
30107281,1,abdominal pain,9,80,119,69,15,99,37.6
30107282,2,laceration,10,107,147,79,15,97,38.8
30107283,4,chest pain,2,89,114,92,15,100,36.8
30107284,2,abdominal pain,7,76,140,71,19,96,36.1
30107285,3,laceration,0,98,110,97,17,96,38.7
30107286,4,anxiety,1,106,118,77,20,90,36.2
30107287,4,back pain,4,94,154,75,18,100,35.8
30107288,3,abdominal pain,1,82,156,106,21,98,38.1
30107289,3,knee pain,6,85,145,69,22,98,37.7
30107290,3,shortness of breath,2,84,104,93,20,94,36.7
30107291,4,fever,0,89,142,98,16,100,38.1
30107292,3,laceration,2,65,154,92,17,100,36.4
30107293,3,knee pain,5,66,145,62,20,91,37.7
30107294,3,chest pain,4,56,144,67,14,93,37.7
30107295,4,laceration,0,84,114,97,21,93,36.7
30107296,2,anxiety,9,76,113,84,12,100,37.1
30107297,3,laceration,2,72,67,69,21,97,36.3
30107298,3,abdominal pain,4,81,139,95,20,93,37.3
30107299,3,fever,7,93,110,92,9,95,37.3
30107300,2,back pain,8,84,182,57,15,98,37.1
30107301,3,fever,1,63,128,74,23,100,36.4
30107302,3,chest pain,4,87,147,77,16,97,37.7
30107303,4,headache,3,98,153,56,11,100,36.2
30107304,3,laceration,1,77,95,85,20,91,37.0
30107305,3,fever,6,72,135,75,27,90,35.7
30107306,4,fall,3,64,115,82,15,94,37.6
30107307,3,fall,7,78,128,87,17,96,37.0
30107308,3,knee pain,3,75,113,96,18,95,38.0
30107309,3,chest pain,2,69,108,75,20,93,37.1
30107310,3,laceration,5,107,81,73,12,96,37.0
30107311,3,shortness of breath,4,109,123,80,11,94,35.4
30107312,3,chest pain,5,85,128,65,23,98,35.9
30107313,3,knee pain,5,100,104,57,17,100,37.4
30107314,4,shortness of breath,1,61,171,68,16,89,37.0
30107315,4,anxiety,1,82,157,99,18,98,38.6
30107316,3,anxiety,3,124,86,89,14,97,36.4
30107317,5,knee pain,6,81,129,83,18,98,37.2
30107318,1,fall,9,73,126,84,13,98,37.4
30107319,3,chest pain,5,70,96,78,18,92,36.0
30107320,3,anxiety,6,69,117,76,16,100,37.6
30107321,3,fever,2,105,136,79,16,94,36.7
30107322,3,knee pain,4,90,152,68,20,100,36.3
30107323,3,chest pain,0,118,104,86,15,98,37.1
30107324,4,back pain,2,84,114,68,19,89,36.3
30107325,3,fever,5,86,132,64,17,100,35.9
30107326,3,abdominal pain,5,84,122,73,22,100,36.8
30107327,3,back pain,3,81,110,77,22,97,36.7
30107328,2,shortness of breath,8,82,130,88,18,92,37.2
30107329,3,abdominal pain,3,90,106,69,21,97,36.3
30107330,2,knee pain,10,98,120,74,14,92,35.8
30107331,4,shortness of breath,7,84,110,82,22,97,37.9
30107332,3,fall,2,98,111,101,16,98,37.4
30107333,3,fever,7,76,119,76,12,96,36.9
30107334,2,back pain,6,94,131,60,21,98,36.5
30107335,1,headache,8,81,156,96,24,94,37.4
30107336,2,back pain,8,101,122,101,24,97,37.9
30107337,3,knee pain,0,88,153,107,19,93,36.8
30107338,3,fever,1,62,137,61,18,96,35.9
30107339,3,headache,4,88,134,67,23,93,35.8
30107340,3,shortness of breath,5,66,120,80,24,89,38.6
30107341,3,chest pain,1,115,125,86,24,100,35.8
30107342,3,chest pain,6,89,147,66,11,93,37.2
30107343,3,knee pain,5,75,134,84,14,95,36.5
30107344,3,shortness of breath,0,78,99,97,15,99,37.9
30107345,3,laceration,7,126,175,88,14,94,37.0
30107346,2,laceration,10,79,132,84,11,97,36.6
30107347,4,anxiety,5,77,143,80,23,95,36.7
30107348,4,back pain,5,100,138,77,13,92,38.0
30107349,3,shortness of breath,6,80,107,64,17,99,37.2
30107350,3,back pain,3,92,110,70,23,99,35.9
30107351,3,fall,2,87,117,82,11,100,38.1
30107352,3,chest pain,4,104,93,84,16,97,37.1
30107353,4,anxiety,6,66,94,78,28,94,37.9
30107354,3,knee pain,3,67,104,70,24,99,37.7
30107355,3,fever,1,86,150,72,23,93,36.5
30107356,3,back pain,1,68,137,67,20,100,35.9
30107357,3,anxiety,7,107,142,51,22,99,36.6
30107358,5,chest pain,0,74,116,84,17,98,37.5
30107359,3,fever,0,95,101,66,19,99,36.9
30107360,2,back pain,9,52,116,81,12,99,37.2
30107361,3,fall,7,72,166,46,25,92,37.6
30107362,5,laceration,7,101,155,66,10,99,37.3
30107363,1,knee pain,10,69,124,97,26,97,36.5
30107364,4,shortness of breath,2,110,137,77,25,99,36.5
30107365,4,headache,6,91,127,87,14,100,37.4
30107366,3,anxiety,7,73,110,46,21,97,37.9
30107367,3,knee pain,5,63,153,96,17,97,36.7
30107368,3,anxiety,5,78,106,66,17,96,36.9
30107369,4,chest pain,2,86,129,92,17,100,37.9
30107370,2,shortness of breath,8,75,105,68,16,100,38.9
30107371,4,laceration,5,77,101,44,15,97,36.9
30107372,4,anxiety,0,80,130,63,17,94,37.1
30107373,3,fall,1,66,112,84,22,99,36.4
30107374,3,back pain,6,74,116,91,11,97,36.7
30107375,3,shortness of breath,6,79,100,83,18,93,35.6
30107376,1,back pain,6,92,100,76,14,92,38.2
30107377,2,abdominal pain,6,73,137,127,15,98,37.8
30107378,3,fall,6,98,100,74,14,100,36.7
30107379,4,anxiety,1,105,95,67,20,100,35.8
30107380,4,abdominal pain,7,76,108,65,23,96,35.7
30107381,3,chest pain,2,62,143,60,19,100,37.9
30107382,3,back pain,5,69,151,79,15,97,37.0
30107383,1,laceration,9,89,117,85,19,100,35.7
30107384,3,abdominal pain,2,91,119,62,19,98,36.9
30107385,3,knee pain,1,84,120,59,17,96,37.3
30107386,3,back pain,0,81,142,79,22,95,37.0
30107387,2,headache,8,99,155,85,12,100,38.4
30107388,3,laceration,0,84,158,88,21,96,36.6
30107389,3,back pain,0,98,123,99,16,94,37.2
30107390,3,knee pain,5,102,78,96,15,99,36.3
30107391,3,laceration,1,74,174,80,20,96,37.3
30107392,4,abdominal pain,1,94,137,72,13,98,36.4
30107393,1,chest pain,7,114,131,95,16,100,37.1
30107394,3,back pain,6,74,105,72,16,92,35.7
30107395,4,abdominal pain,1,76,158,82,21,96,36.9
30107396,4,headache,0,91,108,77,14,94,36.7
30107397,3,knee pain,2,79,104,67,13,95,36.5
30107398,3,chest pain,5,90,106,87,12,99,38.1
30107399,4,anxiety,5,97,121,79,16,97,38.2
30107400,3,back pain,4,108,108,72,25,97,37.5
30107401,3,fall,2,98,154,62,17,93,37.4
30107402,3,fever,1,88,149,97,17,93,37.6
30107403,5,knee pain,7,86,131,94,18,100,37.1
30107404,3,knee pain,2,82,85,73,13,93,37.0
30107405,3,laceration,4,77,174,73,19,100,36.7
30107406,3,fall,6,110,145,81,19,98,37.3
30107407,2,anxiety,7,64,126,61,16,94,37.7
30107408,1,knee pain,8,70,93,95,18,97,35.5
30107409,2,abdominal pain,8,77,108,77,27,96,38.1
30107410,3,fall,3,54,96,79,24,97,38.0
30107411,3,fall,6,80,119,70,16,99,36.2
30107412,3,shortness of breath,4,63,142,69,17,96,36.3
30107413,4,abdominal pain,0,61,123,80,21,100,37.4
30107414,4,laceration,5,75,146,98,23,100,38.2
30107415,5,back pain,5,88,141,53,16,99,37.3
30107416,4,back pain,6,77,133,72,17,92,36.4
30107417,2,fever,8,93,132,81,16,96,36.7
30107418,3,anxiety,0,97,124,74,18,100,37.4
30107419,4,anxiety,6,99,101,82,24,95,35.9
30107420,3,laceration,7,100,160,61,21,97,37.0
30107421,2,abdominal pain,10,99,143,99,21,94,36.5
30107422,4,fever,5,94,124,87,26,94,37.6
30107423,4,shortness of breath,1,97,96,95,16,92,38.6
30107424,5,shortness of breath,4,73,109,86,16,95,36.9
30107425,2,knee pain,7,86,97,69,18,94,35.8
30107426,3,fever,2,76,125,107,17,95,36.6
30107427,3,back pain,7,66,128,84,22,95,36.5
30107428,4,headache,5,101,122,64,16,95,36.0
30107429,4,back pain,7,95,141,70,23,96,37.2
30107430,4,laceration,7,116,136,103,25,91,36.6
30107431,4,back pain,7,89,105,70,16,96,36.5
30107432,3,abdominal pain,7,90,106,59,19,95,37.0
30107433,3,shortness of breath,7,105,134,62,18,97,37.6
30107434,3,fever,5,86,116,82,17,92,37.2
30107435,3,headache,6,65,129,81,11,96,36.6
30107436,3,laceration,3,100,124,33,15,96,37.5
30107437,4,chest pain,3,73,140,104,23,98,37.7
30107438,4,headache,1,74,122,66,23,95,37.7
30107439,3,chest pain,3,99,131,106,26,94,35.9
30107440,3,anxiety,0,94,125,72,19,92,36.2
30107441,2,chest pain,8,70,129,89,10,96,36.7
30107442,3,fever,1,64,145,83,14,100,37.5
30107443,3,fever,5,93,131,80,24,98,37.0
30107444,3,back pain,1,105,89,58,17,97,37.9
30107445,3,anxiety,5,102,150,89,21,91,36.0
30107446,4,knee pain,3,75,111,82,17,95,37.5
30107447,3,headache,4,87,118,78,18,97,37.8
30107448,3,chest pain,2,98,164,67,22,96,37.6
30107449,3,shortness of breath,1,91,132,66,21,97,37.4
30107450,3,abdominal pain,5,98,144,93,22,100,36.4
30107451,3,abdominal pain,0,65,159,71,13,97,37.0
30107452,2,fall,6,99,137,83,18,100,36.8
30107453,4,shortness of breath,0,90,117,104,16,92,37.9
30107454,4,laceration,4,98,120,77,18,100,37.2
30107455,4,anxiety,7,87,111,97,23,96,37.6
30107456,5,laceration,0,105,127,53,22,100,37.0
30107457,4,shortness of breath,2,100,122,80,15,93,35.6
30107458,3,knee pain,2,74,128,80,14,95,35.7
30107459,5,abdominal pain,1,86,105,76,22,100,37.3
30107460,5,chest pain,6,102,146,95,18,100,36.2
30107461,2,headache,9,88,126,81,16,95,37.5
30107462,3,chest pain,0,87,102,87,13,99,37.6
30107463,3,shortness of breath,1,98,170,91,4,98,37.0
30107464,3,fall,3,99,132,101,17,98,37.3
30107465,2,laceration,6,83,120,98,14,96,36.6
30107466,3,chest pain,7,74,105,72,20,95,36.7
30107467,3,fall,5,79,109,107,17,100,36.1
30107468,4,laceration,7,71,100,87,17,100,38.1
30107469,3,abdominal pain,5,99,132,45,21,88,37.2
30107470,2,laceration,8,85,158,91,22,93,37.5
30107471,3,knee pain,3,88,100,65,15,96,36.2
30107472,3,abdominal pain,3,104,137,82,24,99,38.2
30107473,3,headache,5,80,148,57,20,96,37.7
30107474,3,fever,4,76,151,72,15,100,37.1
30107475,4,laceration,4,58,113,93,15,100,37.9
30107476,4,chest pain,1,94,112,95,18,98,37.4
30107477,4,back pain,2,59,119,75,19,95,36.9
30107478,4,abdominal pain,6,96,125,74,23,97,37.2
30107479,3,knee pain,5,107,138,86,19,95,38.2
30107480,2,laceration,8,84,165,81,21,99,36.5
30107481,4,shortness of breath,6,94,118,84,21,96,37.0
30107482,2,laceration,9,114,124,101,19,98,37.0
30107483,3,anxiety,2,131,92,73,12,96,36.8
30107484,4,shortness of breath,2,75,126,105,12,93,37.9
30107485,4,abdominal pain,7,84,137,81,19,97,35.5
30107486,3,anxiety,5,102,109,57,18,98,37.9
30107487,3,shortness of breath,7,70,97,83,16,95,38.0
30107488,2,fever,9,69,127,70,14,98,37.4
30107489,3,fall,3,95,155,82,11,99,35.3
30107490,3,fall,1,70,131,64,16,96,37.5
30107491,3,chest pain,3,83,107,80,16,96,38.2
30107492,3,laceration,2,79,123,99,14,100,37.2
30107493,5,knee pain,6,109,121,94,21,99,36.6
30107494,3,anxiety,7,81,168,96,15,92,35.9
30107495,3,chest pain,5,104,134,58,10,95,36.8
30107496,3,laceration,4,67,123,85,14,99,38.4
30107497,4,laceration,5,99,143,81,18,91,37.6
30107498,1,knee pain,10,62,137,78,20,97,37.4
30107499,3,anxiety,5,95,102,67,9,99,37.5
30107500,4,anxiety,4,70,122,124,16,93,36.4
30107501,1,back pain,6,97,76,117,16,94,37.2
30107502,2,headache,9,97,124,86,11,96,36.2
30107503,4,back pain,4,74,96,116,14,100,37.2
30107504,3,headache,6,107,126,81,20,92,37.1
30107505,4,fever,5,74,111,65,19,93,37.4
30107506,4,abdominal pain,2,64,139,57,26,91,37.9
30107507,4,headache,2,122,141,84,16,100,36.0
30107508,4,anxiety,5,89,124,82,22,94,36.3
30107509,2,fever,9,109,154,79,15,93,37.7
30107510,4,anxiety,1,71,91,87,19,95,37.2
30107511,4,headache,3,102,119,53,17,100,36.8
30107512,2,anxiety,9,78,154,78,15,92,36.7
30107513,3,abdominal pain,4,89,114,77,16,94,35.8
30107514,3,anxiety,5,72,123,77,20,100,38.1
30107515,3,shortness of breath,1,91,111,61,17,91,36.8
30107516,3,fever,1,85,110,78,19,99,37.4
30107517,3,knee pain,1,63,123,82,8,97,38.3
30107518,3,laceration,6,91,128,91,18,95,36.8
30107519,4,headache,1,86,150,89,23,96,37.1
30107520,3,laceration,5,110,114,63,18,96,38.1
30107521,3,knee pain,3,85,102,97,17,99,35.5
30107522,3,shortness of breath,0,74,125,68,10,94,36.9
30107523,3,chest pain,5,69,155,88,14,99,37.0
30107524,4,fall,5,85,103,53,19,100,35.3
30107525,4,fever,2,91,121,90,15,94,37.6
30107526,2,fever,7,84,135,101,17,98,35.7
30107527,1,knee pain,10,87,147,81,12,93,36.9
30107528,3,anxiety,7,104,110,75,18,96,37.6
30107529,2,anxiety,9,80,121,96,19,95,36.8
30107530,4,laceration,7,79,103,51,17,100,37.1
30107531,1,knee pain,6,63,133,61,11,96,37.3
30107532,4,abdominal pain,3,107,100,103,20,100,37.8
30107533,4,anxiety,3,90,115,99,23,99,37.0
30107534,2,headache,7,66,121,79,17,95,35.8
30107535,3,abdominal pain,6,66,117,58,17,97,37.7
30107536,3,knee pain,7,109,124,58,19,97,36.7
30107537,4,anxiety,6,81,143,87,11,93,38.2
30107538,2,chest pain,7,97,131,83,18,93,37.5
30107539,3,fever,3,51,158,77,17,99,37.5
30107540,3,knee pain,3,85,151,94,14,94,38.2
30107541,3,abdominal pain,5,92,129,61,17,97,35.7
30107542,4,anxiety,2,95,107,61,18,95,36.7
30107543,2,chest pain,10,91,141,91,18,95,38.2
30107544,2,abdominal pain,10,87,117,79,21,98,37.8
30107545,5,anxiety,1,91,153,99,14,100,36.8
30107546,2,anxiety,10,94,145,102,15,95,37.0
30107547,3,fall,4,76,115,90,24,95,37.3
30107548,5,back pain,2,84,114,68,19,91,35.9
30107549,2,shortness of breath,7,102,106,78,21,93,35.8
30107550,3,back pain,4,80,109,86,14,99,37.3
30107551,2,knee pain,8,87,142,51,17,96,36.7
30107552,3,abdominal pain,2,79,98,73,17,98,36.0
30107553,3,shortness of breath,0,102,109,63,23,97,36.2
30107554,2,shortness of breath,7,95,112,83,20,98,37.9
30107555,3,fall,5,115,121,81,17,99,36.2
30107556,4,chest pain,3,89,122,67,18,95,37.0
30107557,4,shortness of breath,5,78,153,81,8,94,36.0
30107558,3,fall,5,92,99,91,23,97,37.0
30107559,3,headache,4,70,157,71,20,94,38.0
30107560,2,shortness of breath,9,102,133,82,21,94,36.7
30107561,4,shortness of breath,0,96,100,65,22,100,37.7
30107562,4,back pain,0,94,108,82,17,98,36.1
30107563,2,abdominal pain,9,57,130,92,15,95,36.2
30107564,3,fall,2,110,105,60,16,96,36.6
30107565,4,fever,7,105,123,87,14,95,36.5
30107566,3,fever,4,86,108,93,17,92,36.2
30107567,5,chest pain,3,106,142,75,23,95,37.4
30107568,4,knee pain,7,96,153,89,15,100,38.1
30107569,3,headache,4,66,134,78,20,98,36.8
30107570,3,laceration,0,57,129,61,18,96,36.4
30107571,2,abdominal pain,8,91,127,94,23,95,37.8
30107572,5,shortness of breath,6,85,133,101,16,97,37.1
30107573,4,chest pain,1,94,134,64,19,95,36.9
30107574,3,laceration,0,82,100,80,13,100,37.0
30107575,4,knee pain,6,105,119,96,20,98,36.6
30107576,4,knee pain,2,85,108,63,24,96,36.7
30107577,3,back pain,5,76,116,85,9,95,37.0
30107578,5,laceration,2,98,111,82,13,98,36.7
30107579,2,laceration,10,102,126,93,15,100,36.3
30107580,3,shortness of breath,3,93,126,75,14,97,37.6
30107581,4,anxiety,7,82,102,76,12,96,37.1
30107582,4,anxiety,6,85,156,98,19,97,36.3
30107583,3,laceration,1,86,118,81,17,96,35.5
30107584,3,back pain,2,69,92,60,17,98,38.1
30107585,5,headache,7,89,109,99,20,96,35.7
30107586,3,laceration,7,83,147,82,16,95,35.7
30107587,2,anxiety,8,123,149,65,18,94,36.9
30107588,3,anxiety,5,61,144,96,14,95,36.2
30107589,3,fall,0,86,141,90,18,98,36.4
30107590,4,shortness of breath,4,97,152,79,11,99,36.9
30107591,1,knee pain,7,58,124,94,22,97,37.9
30107592,3,abdominal pain,1,89,116,90,16,93,36.8
30107593,3,abdominal pain,2,92,130,55,19,99,36.3
30107594,4,chest pain,7,98,116,85,18,93,36.1
30107595,3,knee pain,5,101,122,84,13,98,37.4
30107596,3,fever,6,107,142,103,16,100,35.9
30107597,3,anxiety,4,97,133,75,18,100,38.9
30107598,3,fever,4,106,140,55,27,100,37.0
30107599,1,fall,6,87,138,67,22,92,36.3
30107600,3,fall,6,103,123,88,15,95,35.5
30107601,3,shortness of breath,6,95,112,95,22,100,37.8
30107602,4,shortness of breath,1,107,74,74,18,95,36.2
30107603,3,shortness of breath,4,80,110,73,22,100,38.6
30107604,3,back pain,5,82,122,73,21,96,37.0
30107605,3,laceration,0,72,152,91,17,95,36.4
30107606,4,fever,4,88,139,49,15,95,37.7
30107607,4,headache,0,77,125,131,17,99,37.8
30107608,4,fever,3,69,100,70,17,88,36.9
30107609,3,fall,6,91,145,73,19,96,37.1
30107610,3,abdominal pain,2,60,133,75,24,96,36.8
30107611,3,shortness of breath,2,67,148,72,14,96,37.6
30107612,3,fall,4,81,124,70,18,100,36.8
30107613,5,abdominal pain,4,89,141,67,9,98,36.2
30107614,2,fever,9,83,134,75,16,95,36.8
30107615,3,chest pain,1,78,156,82,22,96,36.4
30107616,4,laceration,5,92,146,80,13,98,37.2
30107617,3,laceration,3,78,122,87,26,96,36.2
30107618,3,fall,5,98,117,74,19,97,38.0
30107619,3,laceration,3,81,134,78,17,96,37.0
30107620,2,fall,7,94,100,100,20,93,35.6
30107621,3,shortness of breath,3,70,157,92,24,91,36.7
30107622,3,chest pain,6,114,128,91,18,96,36.4
30107623,5,abdominal pain,3,78,107,91,15,100,36.6
30107624,2,chest pain,8,76,126,51,23,99,37.7
30107625,3,headache,5,94,137,69,15,100,38.3
30107626,1,fever,10,98,124,76,19,96,37.4
30107627,4,headache,0,76,101,91,21,97,37.1
30107628,3,headache,3,108,142,52,19,95,37.3
30107629,4,knee pain,3,100,141,74,18,98,37.2
30107630,4,chest pain,2,81,151,67,21,98,37.8
30107631,2,fever,8,90,120,59,24,95,37.3
30107632,5,abdominal pain,5,57,162,92,21,95,36.7
30107633,4,fall,6,86,102,64,18,99,36.5
30107634,3,knee pain,3,104,123,108,24,97,38.0
30107635,4,knee pain,0,56,131,93,19,96,37.2
30107636,3,anxiety,1,72,126,102,19,100,36.3
30107637,3,anxiety,6,66,131,89,18,99,37.2
30107638,3,anxiety,6,84,110,73,16,100,36.1
30107639,3,anxiety,1,65,133,76,17,94,36.0
30107640,5,fever,4,62,104,105,21,95,37.4
30107641,3,knee pain,2,86,160,85,20,92,37.1
30107642,3,shortness of breath,3,95,157,85,18,98,36.8
30107643,3,headache,5,78,140,104,15,94,36.5
30107644,5,fever,7,99,90,105,18,95,36.8
30107645,3,knee pain,6,84,140,85,12,96,36.6
30107646,3,abdominal pain,4,69,144,68,21,92,36.5
30107647,3,laceration,5,82,125,67,27,94,37.6
30107648,3,fever,7,71,116,85,17,99,36.2
30107649,5,fever,5,63,138,96,15,95,37.0
30107650,5,laceration,5,97,115,103,19,98,38.1
30107651,3,knee pain,0,93,143,92,16,100,37.2
30107652,3,chest pain,7,89,129,89,15,96,37.1
30107653,5,chest pain,6,70,135,89,21,100,36.3
30107654,3,laceration,2,85,112,85,26,95,35.8
30107655,4,back pain,5,75,113,76,19,98,35.3
30107656,1,fever,10,88,153,105,17,99,36.9
30107657,3,fever,6,105,105,89,17,96,37.3
30107658,3,laceration,2,74,104,55,13,97,37.3
30107659,3,headache,0,85,102,57,13,98,35.9
30107660,3,shortness of breath,6,76,136,71,21,96,37.4
30107661,3,knee pain,3,89,118,76,18,98,36.8
30107662,5,fall,2,104,168,85,16,93,37.0
30107663,2,anxiety,9,87,138,66,11,97,36.3
30107664,4,fall,3,118,149,92,21,99,36.7
30107665,3,chest pain,3,94,137,59,13,93,37.1
30107666,3,shortness of breath,1,80,114,70,15,97,36.6
30107667,3,knee pain,5,83,141,45,23,98,37.8
30107668,3,headache,0,72,100,71,25,100,37.5
30107669,3,fever,0,87,104,68,12,99,37.7
30107670,3,laceration,5,95,111,94,12,96,36.4
30107671,4,chest pain,1,122,108,92,14,94,38.3
30107672,3,back pain,0,72,117,81,18,97,35.3
30107673,2,abdominal pain,6,95,133,69,20,100,36.7
30107674,3,abdominal pain,1,103,108,75,17,98,37.4
30107675,3,headache,0,98,156,64,14,100,37.5
30107676,3,knee pain,6,95,103,83,18,96,37.3
30107677,2,laceration,7,74,124,74,15,100,37.2
30107678,3,fall,6,97,146,88,14,97,36.4
30107679,4,headache,7,99,104,78,12,99,36.4
30107680,2,shortness of breath,6,83,134,93,15,94,35.5
30107681,3,laceration,7,75,159,94,18,95,37.5
30107682,3,knee pain,4,85,131,77,15,95,36.5
30107683,2,laceration,8,94,97,59,15,94,36.8
30107684,2,anxiety,7,64,140,86,17,94,37.5
30107685,2,abdominal pain,6,83,167,62,17,98,36.9
30107686,3,fall,1,98,124,62,21,96,37.5
30107687,4,shortness of breath,4,93,118,64,14,97,37.7
30107688,3,shortness of breath,0,84,117,83,13,100,36.6
30107689,3,shortness of breath,0,43,130,101,17,97,37.0
30107690,3,headache,7,106,136,48,17,100,37.7
30107691,1,fall,9,98,141,112,21,91,36.3
30107692,5,fall,1,99,93,100,13,99,36.7
30107693,3,abdominal pain,5,109,125,79,19,100,37.1
30107694,3,back pain,2,91,122,103,24,95,37.6
30107695,3,abdominal pain,3,84,154,87,14,98,37.1
30107696,3,shortness of breath,5,94,111,79,22,98,36.3
30107697,2,shortness of breath,9,93,117,82,15,100,38.0
30107698,4,fall,5,86,124,82,21,97,37.5
30107699,3,laceration,4,101,125,81,13,92,37.1
30107700,3,anxiety,5,105,95,44,23,95,37.9
30107701,3,back pain,0,107,118,82,23,96,35.9
30107702,3,knee pain,4,104,108,88,18,93,36.0
30107703,2,laceration,10,79,137,95,25,99,37.7
30107704,4,knee pain,4,78,98,76,15,100,36.4
30107705,2,laceration,7,98,134,83,15,100,36.5
30107706,5,anxiety,6,79,124,74,15,98,37.4
30107707,3,headache,3,99,134,45,20,96,36.3
30107708,4,shortness of breath,4,97,110,69,27,99,36.8
30107709,3,knee pain,1,100,145,99,14,96,37.7
30107710,1,back pain,9,88,116,87,15,98,37.0
30107711,3,anxiety,4,119,95,71,22,94,36.7
30107712,3,back pain,5,69,129,79,10,95,36.7
30107713,3,headache,3,72,109,97,14,96,38.7
30107714,2,back pain,10,83,138,105,14,100,38.1
30107715,2,fever,8,74,97,66,20,100,38.1
30107716,3,fall,4,86,92,85,21,100,37.9
30107717,2,knee pain,8,62,136,74,18,97,37.1
30107718,3,headache,2,62,102,80,17,97,36.9
30107719,3,chest pain,5,83,108,72,22,95,38.5
30107720,3,abdominal pain,4,96,113,81,19,96,37.8
30107721,3,shortness of breath,4,73,89,90,23,98,37.0
30107722,3,anxiety,7,70,146,66,24,93,37.7
30107723,3,abdominal pain,0,69,111,61,22,98,38.1
30107724,4,anxiety,7,51,148,95,23,94,36.4
30107725,2,headache,7,47,108,96,13,97,37.7
30107726,3,fall,0,80,118,84,16,96,36.2
30107727,3,shortness of breath,6,85,155,85,23,100,37.2
30107728,3,headache,3,93,127,80,19,99,37.2
30107729,3,headache,4,98,142,84,22,95,36.8
30107730,2,back pain,9,65,123,114,15,96,37.7
30107731,2,shortness of breath,10,78,120,82,13,96,35.6
30107732,4,knee pain,4,74,109,79,15,96,35.2
30107733,2,chest pain,10,100,144,73,19,99,37.7
30107734,3,abdominal pain,1,71,148,86,20,95,38.6
30107735,4,shortness of breath,7,74,131,75,19,100,35.9
30107736,2,knee pain,10,101,122,57,16,97,36.9
30107737,3,back pain,2,79,144,111,20,97,37.2
30107738,3,laceration,7,100,114,66,13,91,37.1
30107739,3,abdominal pain,5,90,177,78,14,100,38.1
30107740,5,headache,5,73,104,111,23,96,37.4
30107741,4,chest pain,6,88,101,90,16,98,35.3
30107742,4,chest pain,5,66,93,103,22,94,35.8
30107743,3,laceration,4,71,148,74,23,100,35.9
30107744,3,fever,0,78,139,84,22,92,39.9
30107745,4,abdominal pain,7,81,129,93,21,100,37.6
30107746,4,fever,7,79,120,57,23,95,36.8
30107747,4,headache,4,88,129,66,20,98,36.6
30107748,3,knee pain,2,98,98,44,24,98,36.2
30107749,3,fall,3,89,116,88,18,93,37.6
30107750,4,fall,5,87,129,86,28,97,37.1
30107751,3,shortness of breath,6,82,162,47,19,98,36.6
30107752,3,knee pain,6,80,107,59,12,100,38.0
30107753,3,back pain,4,85,121,64,20,98,37.9
30107754,4,back pain,3,72,124,56,21,100,37.3
30107755,4,abdominal pain,6,87,155,76,13,100,37.7
30107756,5,fall,1,59,118,89,21,95,36.3
30107757,3,headache,7,103,139,93,21,100,37.9
30107758,1,abdominal pain,6,76,84,65,18,96,37.7
30107759,4,shortness of breath,7,79,109,89,16,98,36.1
30107760,3,fever,3,98,141,49,23,95,38.4
30107761,3,abdominal pain,3,91,124,67,18,100,37.2
30107762,2,fever,9,96,111,80,13,95,35.7
30107763,3,headache,5,92,116,110,26,99,38.8
30107764,4,shortness of breath,3,78,138,82,12,97,37.6
30107765,4,abdominal pain,1,99,94,88,23,96,36.1
30107766,2,shortness of breath,7,90,141,83,18,100,37.8
30107767,2,anxiety,9,68,115,77,20,96,36.8
30107768,2,laceration,7,66,141,74,20,99,37.0
30107769,3,abdominal pain,7,74,142,82,23,94,36.2
30107770,5,anxiety,2,95,163,65,18,94,37.5
30107771,3,laceration,6,101,99,67,18,99,35.9
30107772,2,anxiety,6,89,149,75,18,100,38.5
30107773,3,headache,5,66,127,45,13,98,37.6
30107774,3,abdominal pain,5,93,131,78,12,100,37.3
30107775,3,abdominal pain,1,73,124,86,18,93,35.6
30107776,2,knee pain,9,90,95,72,14,96,36.2
30107777,5,laceration,3,82,98,68,22,100,37.0
30107778,4,fever,4,74,107,83,13,96,36.6
30107779,3,chest pain,4,67,115,110,12,93,37.8
30107780,2,abdominal pain,9,101,128,103,10,100,37.4
30107781,3,fall,3,71,121,72,14,97,37.6
30107782,3,knee pain,7,72,133,106,14,93,37.6
30107783,3,abdominal pain,6,95,101,67,19,100,38.2
30107784,3,fever,6,97,74,65,12,97,36.6
30107785,4,laceration,2,91,161,84,20,95,36.4
30107786,2,anxiety,8,100,120,100,16,96,37.2
30107787,3,knee pain,4,85,119,114,15,98,36.4
30107788,5,chest pain,2,88,132,84,25,98,36.5
30107789,4,headache,7,72,129,96,12,93,36.6
30107790,3,knee pain,7,81,152,99,21,100,36.4
30107791,3,fever,7,89,118,71,25,92,37.3
30107792,3,anxiety,0,95,143,68,15,95,36.8
30107793,1,fall,9,76,102,71,18,97,37.8
30107794,3,shortness of breath,0,70,100,59,22,100,37.7
30107795,4,laceration,7,86,101,85,17,92,36.2
30107796,3,chest pain,3,111,139,71,16,100,37.2
30107797,3,fall,6,74,149,92,14,100,38.2
30107798,3,laceration,7,102,96,89,19,95,36.1
30107799,1,abdominal pain,7,95,127,65,17,100,36.4
30107800,3,knee pain,4,71,129,96,13,99,35.2
30107801,3,anxiety,5,84,124,46,18,98,36.6
30107802,3,chest pain,7,96,133,86,16,92,37.1
30107803,4,abdominal pain,4,90,175,57,15,100,36.1
30107804,3,back pain,1,76,113,60,20,100,35.3
30107805,1,laceration,6,77,102,62,21,97,35.6
30107806,3,back pain,0,114,118,96,24,99,37.6
30107807,3,fall,7,82,143,85,24,95,38.1
30107808,2,headache,8,84,140,68,22,100,37.2
30107809,3,chest pain,5,89,135,64,17,97,37.6
30107810,4,headache,2,106,148,101,15,100,38.4
30107811,3,chest pain,1,90,139,84,21,95,36.2
30107812,4,back pain,3,105,116,108,16,93,37.5
30107813,4,chest pain,2,91,115,92,23,100,37.4
30107814,2,laceration,8,100,147,85,21,98,36.6
30107815,3,anxiety,6,78,95,58,25,97,37.4
30107816,5,chest pain,5,86,130,85,15,98,36.6
30107817,3,anxiety,3,86,157,88,10,94,38.5
30107818,3,knee pain,3,80,146,82,25,98,37.8
30107819,1,abdominal pain,9,89,109,79,13,99,37.1
30107820,4,shortness of breath,2,106,174,94,24,95,37.6
30107821,3,anxiety,7,80,122,83,25,95,35.4
30107822,3,fall,6,75,118,75,18,99,36.7
30107823,4,fever,0,90,121,78,18,93,36.5
30107824,3,headache,3,78,136,79,16,100,37.3
30107825,3,fever,7,57,98,97,20,93,36.3
30107826,4,chest pain,7,63,134,53,16,95,37.7
30107827,4,fall,1,68,113,70,17,94,37.0
30107828,3,anxiety,4,83,131,80,24,98,37.8
30107829,3,headache,3,74,124,98,19,96,36.8
30107830,3,laceration,0,83,131,99,19,92,37.3
30107831,4,knee pain,7,88,158,97,19,92,35.9
30107832,3,back pain,5,95,117,54,20,99,37.2
30107833,3,fever,5,72,136,89,20,99,35.6
30107834,2,chest pain,8,65,119,66,13,99,37.1
30107835,3,back pain,2,94,114,117,21,96,37.9
30107836,4,abdominal pain,1,94,133,64,23,94,34.6
30107837,3,abdominal pain,3,78,129,89,17,97,36.6
30107838,3,shortness of breath,4,71,141,79,21,94,36.9
30107839,3,abdominal pain,6,96,109,70,21,93,37.2
30107840,4,laceration,3,69,131,89,15,97,35.8
30107841,2,anxiety,10,108,107,78,14,94,37.0
30107842,3,anxiety,7,96,105,97,12,100,37.2
30107843,3,laceration,2,76,139,79,13,97,37.0
30107844,3,back pain,2,79,119,91,21,97,37.3
30107845,3,abdominal pain,5,88,128,64,16,97,35.9
30107846,2,headache,7,59,149,87,18,94,37.1
30107847,3,knee pain,6,80,134,80,15,92,37.1
30107848,3,laceration,1,72,142,103,24,100,37.6
30107849,2,abdominal pain,7,77,143,71,20,95,36.4
30107850,2,abdominal pain,10,92,116,94,14,98,36.0
30107851,3,fall,7,71,98,98,16,98,38.2
30107852,3,headache,3,129,125,84,20,100,37.0
30107853,4,laceration,4,89,94,98,16,94,35.2
30107854,2,shortness of breath,7,76,143,64,17,98,38.5
30107855,3,back pain,0,85,125,100,19,95,35.9
30107856,4,abdominal pain,2,97,119,78,23,99,38.4
30107857,3,anxiety,3,66,144,62,14,100,36.6
30107858,1,shortness of breath,6,82,140,89,25,99,37.8
30107859,2,fever,9,96,116,84,21,96,37.8
30107860,4,abdominal pain,6,97,132,103,21,92,38.1
30107861,4,abdominal pain,2,107,122,38,17,98,37.7
30107862,2,fall,9,76,109,80,14,100,37.4
30107863,4,knee pain,6,89,162,63,13,93,37.8
30107864,3,abdominal pain,4,105,109,110,20,96,36.6
30107865,3,chest pain,1,84,124,47,16,97,37.2
30107866,3,fever,6,64,125,75,16,92,36.6
30107867,4,anxiety,1,96,138,70,21,93,36.4
30107868,4,abdominal pain,2,75,165,61,21,99,36.9
30107869,5,headache,4,79,125,98,16,99,36.0
30107870,2,laceration,6,71,151,69,17,100,37.0
30107871,4,anxiety,7,71,120,89,17,96,37.2
30107872,3,headache,1,72,100,114,23,93,35.4
30107873,4,fall,3,86,124,122,22,100,38.5
30107874,2,anxiety,8,81,124,45,13,96,36.3
30107875,2,anxiety,6,103,176,85,16,97,37.0
30107876,4,headache,1,74,88,110,22,100,36.0
30107877,4,shortness of breath,1,85,133,76,13,100,37.2
30107878,3,chest pain,0,73,107,82,19,100,36.4
30107879,4,abdominal pain,1,94,135,88,21,100,37.0
30107880,2,chest pain,8,96,131,94,21,100,35.8
30107881,3,knee pain,5,97,123,78,16,100,36.2
30107882,3,shortness of breath,5,91,112,66,25,100,36.7
30107883,3,abdominal pain,6,83,145,63,12,95,37.7
30107884,1,laceration,9,100,139,89,19,95,36.8
30107885,1,shortness of breath,6,72,123,92,16,95,36.6
30107886,1,fever,6,94,117,60,22,99,38.4
30107887,4,shortness of breath,0,72,129,77,14,95,37.5
30107888,2,headache,10,78,149,77,15,98,35.7
30107889,3,shortness of breath,6,96,98,73,20,95,37.0
30107890,5,shortness of breath,0,103,90,79,12,100,36.6
30107891,5,fever,5,69,136,57,10,93,37.0
30107892,3,laceration,0,115,159,46,19,93,37.2
30107893,3,anxiety,5,91,113,83,17,100,35.8
30107894,4,chest pain,0,75,138,67,19,99,37.3
30107895,4,shortness of breath,6,79,117,101,18,100,36.8
30107896,2,laceration,10,77,118,60,20,95,37.3
30107897,2,laceration,8,91,127,81,20,100,37.1
30107898,4,back pain,5,93,141,71,17,99,36.7
30107899,2,fever,8,90,137,78,21,97,39.2
30107900,4,fever,7,105,86,83,19,97,37.8
30107901,4,back pain,2,84,128,78,18,98,36.2
30107902,2,anxiety,8,89,128,70,19,95,36.9
30107903,4,laceration,3,99,117,68,17,100,37.3
30107904,3,back pain,3,103,86,77,22,98,37.6
30107905,3,abdominal pain,2,95,130,78,18,100,35.3
30107906,3,laceration,4,124,125,84,17,93,37.1
30107907,5,fall,5,110,115,79,21,100,36.8
30107908,3,fever,3,88,149,76,13,99,37.9
30107909,3,abdominal pain,2,65,97,64,14,100,37.2
30107910,4,anxiety,0,95,110,51,16,96,38.5
30107911,3,shortness of breath,6,78,90,65,18,96,36.5
30107912,4,shortness of breath,1,102,195,82,22,96,36.9
30107913,4,headache,6,93,120,82,19,100,37.0
30107914,3,headache,7,53,125,66,16,100,37.3
30107915,3,fall,7,71,133,79,18,94,37.8
30107916,4,knee pain,6,110,95,83,23,96,38.3
30107917,2,knee pain,10,69,85,73,20,100,38.2
30107918,3,laceration,7,97,73,80,21,94,36.3
30107919,3,knee pain,6,84,165,92,17,97,36.8
30107920,4,fall,7,100,110,78,20,97,35.8
30107921,5,back pain,7,75,129,71,20,96,37.7
30107922,4,anxiety,2,98,117,111,12,90,38.1
30107923,3,chest pain,1,62,95,88,16,96,35.5
30107924,3,back pain,1,93,112,88,19,100,39.2
30107925,2,back pain,6,97,120,109,20,97,37.0
30107926,3,chest pain,3,107,134,61,16,97,37.4
30107927,2,knee pain,9,80,122,118,20,95,35.8
30107928,4,laceration,0,87,131,109,24,97,37.6
30107929,3,anxiety,5,101,141,61,26,93,37.2
30107930,3,knee pain,4,41,133,81,14,93,36.6
30107931,2,headache,8,95,131,98,20,94,37.3
30107932,4,laceration,2,94,154,102,19,98,36.0
30107933,4,laceration,0,96,103,78,16,100,37.6
30107934,4,shortness of breath,4,73,105,83,20,97,38.1
30107935,3,chest pain,0,61,135,70,18,98,36.9
30107936,3,back pain,7,59,127,69,12,99,36.5
30107937,3,knee pain,6,72,86,85,21,98,37.7
30107938,4,headache,5,72,122,98,22,100,36.5
30107939,3,knee pain,0,89,117,53,11,98,36.8
30107940,4,knee pain,0,86,183,93,17,97,37.1
30107941,3,fall,6,83,119,102,11,97,38.5
30107942,3,knee pain,4,101,135,60,18,96,37.2
30107943,3,headache,3,77,97,105,10,98,37.0
30107944,3,shortness of breath,2,85,142,86,11,97,35.7
30107945,3,laceration,5,80,151,67,16,93,36.6
30107946,2,anxiety,8,76,117,66,20,97,36.6
30107947,3,headache,5,106,110,96,16,97,35.4
30107948,3,chest pain,6,87,130,92,21,100,37.4
30107949,3,abdominal pain,3,75,117,72,17,92,36.4
30107950,3,back pain,2,72,147,83,18,92,36.8
30107951,4,headache,4,79,81,57,12,95,36.6
30107952,3,shortness of breath,0,109,114,86,19,99,36.5
30107953,3,knee pain,5,97,142,69,20,91,36.7
30107954,3,shortness of breath,2,69,160,83,18,97,35.6
30107955,3,knee pain,4,130,111,91,22,100,36.7
30107956,3,chest pain,7,58,128,69,22,100,36.2
30107957,3,laceration,2,91,127,85,17,99,37.0
30107958,3,fall,4,74,148,100,20,95,38.3
30107959,4,anxiety,1,139,123,85,20,99,36.5
30107960,4,abdominal pain,1,66,161,95,17,96,38.4
30107961,3,chest pain,7,91,111,71,19,96,36.1
30107962,4,knee pain,5,67,122,61,19,94,36.4
30107963,3,back pain,0,100,131,68,19,97,38.6
30107964,3,shortness of breath,5,75,161,57,20,93,37.3
30107965,2,chest pain,6,71,115,78,22,96,37.1
30107966,3,fever,6,82,123,106,16,96,37.4
30107967,3,shortness of breath,0,53,103,77,26,97,37.3
30107968,2,laceration,6,100,77,88,20,99,34.8
30107969,3,abdominal pain,7,85,140,71,11,100,37.6
30107970,4,chest pain,0,98,144,69,21,97,36.9
30107971,3,fever,3,84,166,77,14,96,36.6
30107972,3,anxiety,0,91,138,69,14,99,36.3
30107973,3,laceration,3,80,91,86,15,99,36.8
30107974,3,laceration,2,101,133,88,14,92,37.0
30107975,3,fall,2,78,111,79,20,100,36.9
30107976,4,abdominal pain,7,106,135,81,13,100,35.7
30107977,3,laceration,7,42,121,70,21,96,37.2
30107978,3,fever,1,106,162,85,16,96,37.0
30107979,2,chest pain,7,76,99,91,11,96,37.1
30107980,2,shortness of breath,6,83,82,99,20,98,36.9
30107981,3,laceration,1,108,135,73,12,93,37.4
30107982,3,laceration,0,82,136,75,23,98,37.3
30107983,5,fever,4,70,141,75,23,95,37.2
30107984,3,anxiety,6,54,118,92,18,100,38.5
30107985,2,fall,9,102,99,71,22,99,36.2
30107986,3,fall,5,109,81,70,14,97,36.4
30107987,2,laceration,9,73,161,77,24,100,36.6
30107988,4,fever,5,78,121,71,16,100,36.9
30107989,3,abdominal pain,4,107,153,86,20,100,37.7
30107990,3,fall,7,93,125,78,22,94,37.3
30107991,3,laceration,0,66,114,121,20,92,36.0
30107992,3,chest pain,7,98,155,80,18,94,37.9
30107993,3,back pain,7,109,148,82,17,98,37.8
30107994,5,chest pain,3,92,135,58,27,97,36.4
30107995,4,fever,6,102,119,78,17,95,37.2
30107996,2,anxiety,6,89,117,88,21,91,37.8
30107997,3,fall,2,57,137,85,17,99,36.1
30107998,3,chest pain,4,92,156,69,16,96,37.2
30107999,3,shortness of breath,6,100,106,105,20,96,37.7
30108000,3,abdominal pain,3,78,85,69,13,98,37.4
30108001,2,shortness of breath,8,90,140,57,14,95,36.4
30108002,3,fall,5,82,134,92,20,99,37.5
30108003,3,fall,6,79,124,56,22,100,36.2
30108004,3,chest pain,7,67,114,71,17,100,37.1
30108005,3,fall,2,56,132,50,24,92,38.2
30108006,5,headache,0,98,130,66,26,97,38.6
30108007,2,abdominal pain,6,84,111,71,10,99,37.3
30108008,4,fall,6,74,140,82,21,98,36.1
30108009,3,chest pain,6,95,126,41,14,98,36.7
30108010,3,headache,4,77,134,92,14,95,37.8
30108011,2,laceration,7,102,121,102,13,98,37.1
30108012,3,shortness of breath,3,82,126,75,19,96,36.3
30108013,3,back pain,7,104,143,68,16,95,37.0
30108014,3,abdominal pain,2,69,160,79,12,94,35.7
30108015,3,laceration,5,80,117,66,18,100,37.5
30108016,1,fall,7,78,131,75,21,94,37.3
30108017,3,chest pain,4,75,133,87,16,95,36.9
30108018,4,back pain,1,95,129,67,11,100,37.4
30108019,2,anxiety,8,82,150,73,17,96,37.6
30108020,3,headache,0,56,108,84,21,95,37.9
30108021,4,knee pain,0,94,132,76,17,98,38.0
30108022,3,shortness of breath,7,96,115,95,27,97,36.4
30108023,3,anxiety,5,88,111,54,19,98,37.8
30108024,3,fall,0,111,102,76,13,100,39.1
30108025,4,chest pain,2,67,125,72,19,99,36.4
30108026,3,anxiety,4,67,109,68,20,95,37.3
30108027,2,chest pain,8,89,100,70,22,96,37.5
30108028,2,knee pain,6,79,126,85,12,94,35.8
30108029,3,knee pain,4,81,113,69,18,99,37.2
30108030,5,back pain,4,70,125,97,19,93,37.4
30108031,2,headache,6,79,138,63,17,100,35.6
30108032,4,fall,7,74,128,66,17,97,37.6
30108033,3,fever,1,107,145,95,19,98,36.6
30108034,4,laceration,2,84,125,111,11,99,38.2
30108035,3,back pain,7,98,146,91,20,99,36.9
30108036,3,laceration,6,78,121,81,26,100,37.9
30108037,2,anxiety,8,92,141,81,20,99,38.4
30108038,2,back pain,10,97,112,36,19,100,36.6
30108039,3,fever,6,102,139,78,14,94,36.1
30108040,3,laceration,2,64,136,106,15,96,37.6
30108041,3,fall,6,96,143,83,22,97,39.1
30108042,4,shortness of breath,5,77,168,83,13,97,37.4
30108043,3,laceration,2,78,136,102,21,88,37.5
30108044,2,anxiety,8,112,129,65,15,98,36.4
30108045,1,fever,9,99,119,91,18,100,38.0
30108046,3,anxiety,0,67,118,89,21,91,36.9
30108047,3,fever,1,115,122,67,21,95,35.9
30108048,1,headache,9,113,128,87,20,99,38.8
30108049,1,laceration,8,86,153,64,15,95,38.2
30108050,4,back pain,7,68,118,87,22,98,35.5
30108051,2,headache,10,70,140,70,22,99,37.1
30108052,3,chest pain,7,71,144,97,21,100,37.5
30108053,1,headache,10,76,147,65,22,95,38.4
30108054,2,abdominal pain,9,111,150,101,22,98,36.9
30108055,4,anxiety,1,107,158,57,18,91,36.9
30108056,3,anxiety,7,89,170,92,15,96,37.3
30108057,3,anxiety,2,77,147,86,14,100,36.3
30108058,4,back pain,5,73,138,89,14,100,37.3
30108059,3,chest pain,5,90,141,101,20,99,38.7
30108060,4,knee pain,0,86,166,82,17,97,34.9
30108061,4,laceration,2,74,146,100,17,97,37.5
30108062,4,knee pain,4,88,131,100,22,100,36.7
30108063,3,back pain,5,99,116,74,17,93,36.7
30108064,2,back pain,10,77,146,60,18,98,37.6
30108065,4,shortness of breath,7,121,136,81,18,100,36.4
30108066,3,shortness of breath,1,99,126,71,17,100,37.0
30108067,3,anxiety,4,77,132,82,18,94,36.5
30108068,3,chest pain,6,96,98,88,14,96,36.7
30108069,3,chest pain,4,77,134,92,16,94,37.9
30108070,2,knee pain,10,95,151,100,15,100,36.5
30108071,4,laceration,4,95,165,110,22,97,37.6
30108072,3,laceration,4,113,123,84,14,100,37.6
30108073,3,knee pain,1,95,146,96,23,99,37.9
30108074,3,laceration,0,72,110,79,28,97,38.0
30108075,4,laceration,2,76,90,70,19,99,36.5
30108076,3,anxiety,0,100,91,74,16,97,37.1
30108077,3,anxiety,7,73,152,73,17,96,37.8
30108078,1,laceration,8,70,141,85,16,98,35.0
30108079,2,back pain,9,94,119,96,11,98,35.7
30108080,3,back pain,4,101,123,48,20,100,37.7
30108081,4,knee pain,1,98,135,100,20,95,37.3
30108082,2,fall,9,74,109,75,18,95,36.5
30108083,3,anxiety,2,85,94,77,18,94,37.1
30108084,3,fever,7,70,160,79,17,93,38.2
30108085,2,laceration,7,87,155,60,8,100,35.9
30108086,4,knee pain,7,75,141,73,18,99,36.9
30108087,5,fever,5,87,135,85,23,95,38.5
30108088,3,chest pain,0,81,112,69,15,99,37.6
30108089,3,fever,3,99,126,42,20,95,37.1
30108090,3,chest pain,6,70,123,72,17,100,37.7
30108091,3,anxiety,4,78,112,118,14,94,37.2
30108092,3,fever,2,86,125,75,16,99,37.4
30108093,2,back pain,9,103,136,105,20,99,36.1
30108094,2,knee pain,7,115,107,75,21,99,35.9
30108095,4,abdominal pain,0,83,86,84,20,94,36.7
30108096,2,back pain,9,84,103,76,14,97,35.0
30108097,3,anxiety,0,105,147,57,19,93,35.5
30108098,3,anxiety,4,55,119,85,16,97,37.0
30108099,3,knee pain,1,62,92,98,15,100,37.7
30108100,3,chest pain,6,73,142,86,21,100,38.3
30108101,4,shortness of breath,2,101,146,69,22,100,37.1
30108102,2,laceration,7,87,106,90,16,96,37.4
30108103,3,back pain,1,84,138,59,15,99,36.1
30108104,3,headache,4,72,76,81,21,97,36.3
30108105,3,abdominal pain,6,84,132,82,16,94,38.0
30108106,3,fall,6,81,140,80,21,96,37.2
30108107,3,laceration,3,76,112,37,22,99,37.3
30108108,2,back pain,8,85,87,87,11,94,37.9
30108109,1,abdominal pain,8,79,132,78,17,100,36.1
30108110,3,fever,0,81,125,73,20,99,38.1
30108111,3,back pain,5,71,107,90,14,92,37.6
30108112,4,fever,1,82,133,74,19,100,37.9
30108113,3,laceration,5,59,151,72,29,99,38.0
30108114,3,laceration,5,98,117,69,22,95,38.0
30108115,3,knee pain,5,87,149,79,18,97,36.7
30108116,3,headache,2,102,127,35,19,100,38.0
30108117,3,headache,5,69,110,96,20,98,36.1
30108118,3,fall,5,90,132,101,16,96,37.6
30108119,1,headache,6,66,122,88,25,100,37.8
30108120,3,headache,6,87,94,59,26,100,37.2
30108121,3,back pain,0,78,136,75,23,96,36.3
30108122,3,laceration,7,100,120,96,16,97,37.7
30108123,3,anxiety,2,74,114,93,21,95,37.0
30108124,5,knee pain,1,87,111,48,15,99,36.9
30108125,4,laceration,2,68,106,81,17,94,36.3
30108126,3,fever,3,73,123,75,13,96,38.2
30108127,4,fever,7,89,121,61,15,99,37.8
30108128,1,fall,8,76,79,96,15,93,35.9
30108129,3,back pain,6,64,107,85,17,96,37.3
30108130,3,fever,2,85,146,72,21,95,37.8
30108131,3,headache,5,96,117,99,19,98,36.5
30108132,4,chest pain,2,71,123,92,18,97,37.6
30108133,4,abdominal pain,6,78,126,97,18,91,37.1
30108134,3,headache,6,85,92,81,25,95,36.2
30108135,4,fever,6,66,166,93,20,100,36.7
30108136,4,fall,5,92,78,59,18,99,37.3
30108137,1,fever,6,88,156,66,18,96,37.6
30108138,4,abdominal pain,7,100,140,99,23,94,37.2
30108139,1,shortness of breath,9,77,96,118,18,96,37.1
30108140,4,fever,7,64,128,130,19,100,36.8
30108141,3,knee pain,7,69,122,82,21,95,36.7
30108142,1,shortness of breath,9,71,144,93,22,92,38.5
30108143,3,abdominal pain,3,81,137,59,13,100,37.3
30108144,3,anxiety,2,75,116,64,22,98,37.6
30108145,2,laceration,7,78,121,69,15,97,37.9
30108146,3,laceration,7,86,117,52,19,100,37.5
30108147,3,fever,1,76,164,66,17,99,36.1
30108148,3,abdominal pain,4,70,145,73,11,100,35.4
30108149,1,abdominal pain,9,76,134,89,21,96,37.5
30108150,5,back pain,4,99,164,93,18,94,36.8
30108151,1,laceration,7,87,155,75,19,98,35.2
30108152,4,shortness of breath,2,60,127,96,18,100,36.8
30108153,3,anxiety,1,76,79,84,24,97,37.5
30108154,2,fever,10,53,73,76,17,100,37.4
30108155,3,chest pain,3,109,151,90,15,100,36.6
30108156,2,anxiety,8,110,128,78,17,98,37.1
30108157,3,laceration,2,105,120,76,23,99,36.4
30108158,4,headache,0,46,121,108,19,99,36.0
30108159,2,chest pain,9,80,125,77,13,95,37.5
30108160,3,abdominal pain,7,94,120,85,22,93,36.7
30108161,3,back pain,7,72,153,88,15,100,36.8
30108162,3,fall,0,100,155,77,17,100,37.2
30108163,4,anxiety,3,73,126,93,20,95,38.0
30108164,3,fever,2,95,128,78,18,98,38.3
30108165,5,fever,2,65,114,83,15,95,36.1
30108166,3,headache,3,65,127,97,22,97,36.7
30108167,3,abdominal pain,0,88,107,106,24,95,35.6
30108168,1,laceration,9,59,134,49,20,99,36.6
30108169,3,abdominal pain,3,107,122,73,9,99,37.5
30108170,4,knee pain,2,62,127,90,13,97,36.8
30108171,3,fever,3,85,158,90,19,97,37.1
30108172,4,fall,1,92,139,88,22,93,37.7
30108173,2,laceration,8,79,141,78,23,94,37.2
30108174,3,fall,1,91,111,76,24,96,37.1
30108175,4,fever,4,94,131,75,20,100,38.0
30108176,2,chest pain,10,81,124,95,20,98,37.5
30108177,2,shortness of breath,9,80,117,105,16,98,38.1
30108178,3,back pain,6,92,125,73,13,95,36.3
30108179,3,chest pain,5,81,108,46,19,94,37.2
30108180,3,back pain,3,76,173,64,10,96,36.3
30108181,4,chest pain,3,102,102,91,16,96,36.5
30108182,2,fever,9,89,112,73,25,100,37.5
30108183,4,anxiety,4,110,139,122,16,97,36.6
30108184,3,fever,2,85,127,69,24,94,38.0
30108185,3,laceration,2,103,133,74,18,98,37.1
30108186,4,anxiety,0,94,125,83,14,100,38.5
30108187,3,fever,1,76,127,71,18,100,37.4
30108188,2,back pain,7,75,136,71,25,96,37.3
30108189,4,fever,6,98,156,82,17,96,38.3
30108190,4,shortness of breath,1,83,97,82,18,99,35.4
30108191,3,fall,6,92,129,80,19,98,37.6
30108192,5,knee pain,1,88,157,87,11,96,36.6
30108193,3,abdominal pain,3,82,94,77,19,99,37.9
30108194,3,headache,2,80,124,68,21,93,35.2
30108195,3,chest pain,6,87,123,76,22,98,37.5
30108196,4,knee pain,7,109,108,68,19,94,37.6
30108197,3,anxiety,4,70,138,78,17,95,37.5
30108198,3,abdominal pain,6,47,109,98,20,96,37.6
30108199,3,knee pain,0,106,152,66,20,99,35.4
30108200,3,headache,6,71,123,74,23,100,38.2
30108201,3,headache,1,91,96,76,16,100,37.3
30108202,3,back pain,3,91,117,75,9,96,36.4
30108203,3,back pain,3,89,98,73,27,97,37.8
30108204,3,knee pain,1,53,55,72,20,99,35.4
30108205,3,laceration,7,72,114,65,20,100,38.2
30108206,3,back pain,1,82,114,59,13,98,36.9
30108207,2,anxiety,7,103,144,78,15,95,37.2
30108208,4,anxiety,4,90,149,89,18,90,36.1
30108209,4,chest pain,6,85,130,74,20,98,38.1
30108210,2,fall,10,75,132,87,21,94,36.6
30108211,3,anxiety,3,97,117,82,24,98,37.7
30108212,3,fever,0,70,158,87,16,95,36.9
30108213,3,abdominal pain,1,80,146,82,21,97,36.1
30108214,4,abdominal pain,4,60,102,94,12,95,36.9
30108215,3,knee pain,2,87,118,77,19,93,36.3
30108216,4,fall,2,108,134,79,22,100,38.0
30108217,3,back pain,2,93,119,81,29,100,36.5
30108218,3,abdominal pain,3,85,172,100,21,99,35.8
30108219,4,abdominal pain,5,81,121,97,19,96,38.1
30108220,3,headache,0,76,108,100,16,99,37.9
30108221,4,shortness of breath,1,96,135,49,20,96,36.5
30108222,3,shortness of breath,6,78,141,75,22,97,37.2
30108223,3,shortness of breath,2,69,111,77,11,100,37.2
30108224,3,fever,1,116,136,83,20,97,36.8
30108225,4,anxiety,6,84,144,51,22,98,36.5
30108226,3,fever,5,62,106,93,15,95,37.2
30108227,2,abdominal pain,9,88,139,69,17,98,36.8
30108228,2,shortness of breath,8,76,114,81,19,98,37.4
30108229,3,headache,7,92,105,46,13,95,36.2
30108230,4,chest pain,3,92,154,94,19,94,37.2
30108231,3,laceration,5,110,120,80,19,100,36.4
30108232,2,shortness of breath,7,97,103,81,19,92,36.9
30108233,4,headache,2,79,104,89,20,100,36.0
30108234,3,fever,7,107,168,72,20,96,37.9
30108235,4,headache,7,83,123,86,21,95,36.3
30108236,3,fever,1,89,151,107,27,99,36.2
30108237,3,headache,5,54,147,68,16,97,36.6
30108238,3,abdominal pain,6,71,97,48,14,94,38.2
30108239,3,fall,2,99,116,77,15,97,38.0
30108240,3,fall,2,75,105,78,19,100,36.8
30108241,2,fall,8,74,110,73,18,96,36.7
30108242,4,abdominal pain,7,58,116,101,6,100,36.7
30108243,5,laceration,0,111,145,71,17,99,37.0
30108244,2,knee pain,9,73,131,88,17,94,36.1
30108245,2,shortness of breath,10,99,140,93,18,93,38.1
30108246,3,abdominal pain,5,80,126,86,18,96,35.9
30108247,3,shortness of breath,1,78,142,61,20,100,36.8
30108248,3,knee pain,7,85,118,83,16,94,35.9
30108249,3,fall,3,99,161,81,19,100,35.9
30108250,3,fall,6,103,111,73,20,96,36.5
30108251,3,back pain,1,75,139,73,21,100,36.2
30108252,3,laceration,5,77,191,89,22,95,35.8
30108253,4,back pain,2,80,147,58,17,100,38.0
30108254,3,back pain,5,77,124,74,17,99,37.8
30108255,3,abdominal pain,2,84,112,61,13,97,34.9
30108256,4,headache,4,96,142,50,21,98,39.1
30108257,3,headache,6,68,124,88,15,100,35.2
30108258,2,chest pain,8,99,141,64,18,100,36.4
30108259,3,headache,2,59,151,90,22,98,36.8
30108260,3,fall,6,98,117,88,16,100,36.4
30108261,5,laceration,6,84,135,83,13,98,36.8
30108262,1,abdominal pain,7,70,118,67,17,97,36.0
30108263,3,chest pain,4,99,155,61,17,94,36.6
30108264,2,shortness of breath,10,124,124,81,17,98,38.0
30108265,3,fever,2,85,104,116,19,94,37.0
30108266,3,shortness of breath,6,96,103,82,17,95,36.5
30108267,3,laceration,6,77,132,111,19,95,37.1
30108268,3,laceration,4,105,131,91,14,95,36.8
30108269,3,laceration,3,93,108,89,18,100,35.3
30108270,3,knee pain,2,108,107,83,26,95,35.9
30108271,4,fever,5,100,124,70,17,100,37.7
30108272,3,knee pain,0,94,92,81,14,96,38.3
30108273,3,headache,0,57,148,73,20,92,38.4
30108274,4,chest pain,6,107,127,96,24,99,37.8
30108275,2,chest pain,8,67,91,82,18,100,38.3
30108276,2,headache,9,109,114,94,16,100,37.9
30108277,3,fall,7,89,113,98,13,100,35.8
30108278,3,fever,0,73,113,71,21,98,37.0
30108279,4,knee pain,0,93,157,75,14,98,37.5
30108280,4,abdominal pain,2,86,114,74,23,99,37.1
30108281,4,back pain,2,79,98,85,20,98,38.2
30108282,2,abdominal pain,10,108,162,93,15,97,35.8
30108283,4,shortness of breath,1,92,149,56,12,95,36.6
30108284,3,back pain,7,48,151,56,18,91,36.6
30108285,4,chest pain,2,71,135,79,16,96,36.5
30108286,4,headache,3,73,121,77,20,93,36.7
30108287,3,knee pain,6,57,131,63,15,100,37.1
30108288,4,chest pain,3,115,92,75,22,100,37.1
30108289,3,fall,0,50,124,89,11,93,37.4
30108290,4,back pain,0,80,123,69,17,90,36.0
30108291,3,abdominal pain,4,55,111,90,10,100,37.4
30108292,4,fall,7,80,110,78,17,98,37.1
30108293,4,laceration,4,84,123,85,17,93,36.8
30108294,3,knee pain,3,61,128,76,22,98,36.9
30108295,3,laceration,4,87,120,102,19,96,36.9
30108296,2,back pain,7,82,143,61,17,97,38.4
30108297,3,anxiety,3,82,93,88,19,95,37.6
30108298,3,fever,0,71,143,74,12,92,35.9
30108299,3,headache,7,72,120,41,19,97,36.8
30108300,3,back pain,3,98,127,73,22,90,36.7
30108301,3,knee pain,6,89,126,63,15,93,36.6
30108302,2,laceration,6,66,100,83,16,90,37.5
30108303,2,headache,10,99,130,61,19,94,36.0
30108304,5,back pain,5,98,109,74,15,93,36.5
30108305,4,headache,4,67,100,65,10,96,36.4
30108306,3,fever,1,110,96,44,13,100,38.2
30108307,1,back pain,6,78,158,88,8,94,38.0
30108308,1,fall,7,86,133,79,21,96,37.3
30108309,5,laceration,1,69,112,84,18,98,37.8
30108310,3,anxiety,4,104,111,90,20,97,36.8
30108311,3,knee pain,3,75,131,63,19,100,37.6
30108312,3,shortness of breath,3,114,134,67,20,92,37.1
30108313,1,headache,9,76,128,73,24,95,36.9
30108314,4,anxiety,4,79,115,67,14,93,37.2
30108315,4,chest pain,3,106,142,62,14,96,36.9
30108316,4,knee pain,0,72,151,73,15,93,36.8
30108317,1,fever,6,76,119,78,17,97,35.9
30108318,4,shortness of breath,7,53,105,53,21,96,36.8
30108319,3,back pain,6,110,146,85,15,91,38.0
30108320,3,anxiety,3,88,91,64,18,98,37.8
30108321,2,fever,9,61,133,91,15,100,36.4
30108322,4,abdominal pain,0,95,131,88,15,97,35.5
30108323,3,knee pain,2,78,141,65,23,100,35.9
30108324,4,back pain,7,64,124,70,20,96,36.6
30108325,1,chest pain,8,80,162,83,10,94,36.5
30108326,4,fever,5,69,126,61,20,97,37.4
30108327,3,shortness of breath,0,71,161,105,18,97,37.0
30108328,4,knee pain,1,112,110,68,17,98,37.3
30108329,4,headache,1,84,126,87,15,90,37.0
30108330,3,abdominal pain,6,67,113,110,13,100,37.5
30108331,3,back pain,7,74,132,66,20,95,37.1
30108332,2,shortness of breath,10,71,124,72,17,100,38.2
30108333,1,knee pain,9,64,95,100,16,99,36.7
30108334,1,headache,6,77,119,72,15,96,37.1
30108335,4,chest pain,5,103,132,71,10,100,35.4
30108336,2,abdominal pain,6,78,106,75,23,95,38.3
30108337,3,shortness of breath,0,75,138,61,19,100,35.0
30108338,3,laceration,3,76,160,72,19,100,36.0
30108339,5,abdominal pain,4,73,64,90,22,93,37.8
30108340,3,headache,3,104,139,87,17,94,36.4
30108341,3,laceration,3,80,109,87,23,100,37.0
30108342,3,back pain,2,80,134,98,15,97,37.1
30108343,5,fever,3,80,103,86,15,98,37.2
30108344,3,chest pain,5,115,142,75,22,98,37.3
30108345,3,anxiety,6,61,106,76,8,100,37.3
30108346,2,laceration,6,98,151,64,18,94,37.8
30108347,3,fall,7,63,132,68,20,98,37.0
30108348,2,chest pain,8,82,133,86,12,97,37.3
30108349,3,laceration,1,98,128,74,17,99,37.6
30108350,5,shortness of breath,1,88,97,53,17,100,36.2
30108351,5,anxiety,1,87,105,97,17,100,36.6
30108352,2,shortness of breath,8,70,111,78,18,97,38.0
30108353,3,headache,2,81,113,96,15,97,36.7
30108354,3,anxiety,1,72,128,59,14,93,37.2
30108355,3,fever,3,91,140,78,18,93,35.8
30108356,5,back pain,6,76,102,79,9,95,36.5
30108357,3,fever,3,92,141,90,15,100,37.3
30108358,4,anxiety,1,83,143,48,12,100,36.1
30108359,4,chest pain,1,80,144,84,10,97,36.2
30108360,4,anxiety,2,102,127,67,15,100,36.2
30108361,3,back pain,4,67,112,76,14,96,37.7
30108362,4,anxiety,1,74,137,79,21,99,37.4
30108363,4,chest pain,7,94,145,94,21,99,36.6
30108364,2,laceration,10,96,158,100,22,97,36.8
30108365,3,knee pain,1,100,116,90,18,98,38.3
30108366,4,knee pain,1,116,106,81,19,97,36.9
30108367,2,shortness of breath,8,86,111,76,23,100,37.4
30108368,4,laceration,7,86,123,87,18,95,37.0
30108369,5,knee pain,1,76,141,93,25,100,39.7
30108370,3,shortness of breath,2,86,132,74,19,97,37.2
30108371,3,chest pain,5,73,125,70,21,97,36.3
30108372,2,laceration,6,85,137,96,22,90,36.9
30108373,4,chest pain,1,84,146,93,15,100,36.4
30108374,1,shortness of breath,6,95,120,72,13,98,36.3
30108375,3,laceration,5,78,141,85,20,97,36.7
30108376,3,knee pain,4,76,157,89,17,96,37.2
30108377,2,headache,10,58,104,75,14,95,36.0
30108378,2,fall,8,98,102,85,19,100,36.5
30108379,3,laceration,4,87,123,79,24,98,35.8
30108380,4,anxiety,4,99,144,62,16,94,35.9
30108381,3,fall,5,72,96,70,18,96,36.9
30108382,3,back pain,0,69,123,71,19,97,36.6
30108383,3,chest pain,0,64,117,88,14,95,36.2
30108384,3,fall,2,95,100,97,18,96,37.7
30108385,3,fever,4,77,111,79,15,95,38.1
30108386,3,shortness of breath,5,79,103,88,20,100,37.4
30108387,3,shortness of breath,0,95,136,98,21,99,36.7
30108388,3,fall,0,104,141,94,20,100,37.2
30108389,3,laceration,1,83,122,105,19,100,37.0
30108390,3,back pain,1,85,139,85,18,91,38.5
30108391,3,fall,6,76,114,84,23,96,36.3
30108392,4,shortness of breath,2,97,151,111,25,100,37.2
30108393,2,shortness of breath,7,92,102,91,16,97,38.1
30108394,4,shortness of breath,1,95,136,59,25,100,37.2
30108395,2,back pain,7,72,127,78,11,94,36.1
30108396,3,fever,6,79,131,72,19,96,36.2
30108397,2,fever,7,92,136,93,18,94,37.4
30108398,5,headache,1,85,120,77,18,100,37.8
30108399,3,shortness of breath,7,77,105,62,13,97,36.8
30108400,3,abdominal pain,5,71,125,81,19,87,37.2
30108401,5,fever,5,86,115,116,12,100,36.6
30108402,3,chest pain,4,108,104,66,21,93,36.5
30108403,4,shortness of breath,1,97,133,60,20,94,37.0
30108404,3,fever,4,99,111,83,17,94,36.4
30108405,4,headache,1,83,122,79,17,94,36.6
30108406,3,headache,7,88,128,79,18,97,35.7
30108407,3,abdominal pain,3,58,129,47,18,97,37.5
30108408,4,chest pain,7,84,168,38,19,98,37.8
30108409,3,fall,1,78,88,72,16,97,36.7
30108410,3,headache,5,86,116,79,13,96,37.7
30108411,3,back pain,0,72,149,90,16,93,39.4
30108412,3,fever,5,91,104,49,8,99,37.2
30108413,2,back pain,6,105,108,58,20,95,37.1
30108414,3,fever,1,105,71,88,16,97,39.1
30108415,5,laceration,4,115,110,56,18,92,36.4
30108416,4,abdominal pain,6,64,91,75,19,98,37.0
30108417,3,laceration,2,100,120,80,14,91,37.0
30108418,4,fever,6,86,96,77,17,94,37.5
30108419,4,shortness of breath,6,103,137,70,7,93,36.8
30108420,3,anxiety,5,51,138,95,17,99,38.0
30108421,3,knee pain,7,99,121,83,17,100,36.5
30108422,4,laceration,3,86,134,78,15,97,36.4
30108423,4,shortness of breath,4,65,137,53,23,100,38.4
30108424,2,headache,8,63,109,79,26,96,37.0
30108425,4,shortness of breath,6,79,128,80,15,99,37.1
30108426,3,abdominal pain,0,71,119,93,19,98,37.5
30108427,4,knee pain,4,67,112,96,20,95,37.0
30108428,4,anxiety,6,58,83,61,23,97,35.8
30108429,1,abdominal pain,7,104,123,71,17,96,37.3
30108430,3,anxiety,0,53,94,62,19,98,37.6
30108431,2,fall,9,75,145,65,17,96,36.7
30108432,2,abdominal pain,9,105,96,65,15,94,37.6
30108433,2,abdominal pain,7,97,118,79,19,96,36.8
30108434,3,abdominal pain,6,108,127,81,17,96,37.6
30108435,3,anxiety,5,99,103,87,18,99,37.7
30108436,3,shortness of breath,4,82,119,87,17,95,37.9
30108437,4,knee pain,0,87,150,64,16,96,36.9
30108438,3,anxiety,2,92,130,85,17,100,38.6
30108439,4,fall,0,86,108,84,19,98,37.4
30108440,3,chest pain,7,109,136,78,18,100,36.8
30108441,4,knee pain,7,97,124,100,21,96,36.2
30108442,3,shortness of breath,0,100,138,81,21,95,38.4
30108443,2,back pain,8,77,179,70,14,100,37.7
30108444,3,shortness of breath,5,68,115,76,19,97,37.1
30108445,3,shortness of breath,4,104,112,97,15,90,37.3
30108446,3,abdominal pain,6,104,111,80,13,99,37.5
30108447,2,headache,8,108,141,80,16,91,37.0
30108448,2,chest pain,6,101,141,49,22,96,36.3
30108449,4,knee pain,2,91,131,67,19,100,36.9
30108450,3,fall,6,78,110,58,20,95,36.3
30108451,4,knee pain,6,104,145,76,18,100,37.6
30108452,3,shortness of breath,3,100,136,74,15,96,37.9
30108453,4,back pain,1,88,106,92,16,100,36.3
30108454,3,shortness of breath,0,93,112,77,19,100,36.8
30108455,3,back pain,4,64,125,97,20,97,37.1
30108456,3,knee pain,6,45,137,69,13,100,36.3
30108457,3,back pain,5,99,100,62,15,100,37.1
30108458,3,shortness of breath,2,83,125,96,15,91,37.6
30108459,2,headache,10,65,128,56,22,94,36.6
30108460,3,knee pain,6,98,140,75,18,100,36.8
30108461,3,knee pain,2,73,113,71,20,96,37.8
30108462,3,abdominal pain,2,60,144,68,22,97,37.4
30108463,2,back pain,10,57,125,95,20,100,36.8
30108464,3,back pain,1,84,140,52,16,97,37.6
30108465,2,fever,9,99,118,69,20,97,37.1
30108466,3,fall,5,100,118,97,18,96,35.8
30108467,5,shortness of breath,0,119,128,94,17,96,36.5
30108468,3,chest pain,2,77,116,71,13,100,36.2
30108469,3,chest pain,1,87,118,70,20,95,36.7
30108470,3,anxiety,4,112,107,71,18,97,37.7
30108471,2,anxiety,10,72,106,76,12,99,37.6
30108472,3,fever,1,91,134,88,20,99,37.5
30108473,3,abdominal pain,3,105,94,69,18,100,36.5
30108474,4,chest pain,7,91,164,93,25,99,37.1
30108475,3,headache,6,102,84,60,18,94,37.6
30108476,3,headache,2,77,103,85,21,98,37.7
30108477,5,chest pain,5,107,131,97,17,94,35.9
30108478,2,shortness of breath,8,71,161,78,12,96,37.4
30108479,4,fever,7,64,144,68,16,97,36.6
30108480,2,chest pain,7,83,125,87,21,96,34.5
30108481,3,chest pain,1,77,110,92,24,97,37.7
30108482,3,shortness of breath,7,94,155,87,16,94,35.1
30108483,3,anxiety,3,84,142,77,17,100,35.9
30108484,3,shortness of breath,7,76,127,66,19,98,36.3
30108485,4,chest pain,2,58,101,99,17,100,36.8
30108486,4,anxiety,0,97,128,70,19,91,37.5
30108487,3,headache,2,72,145,83,20,93,37.3
30108488,4,shortness of breath,2,115,111,44,18,98,35.2
30108489,3,headache,6,115,156,61,23,90,37.7
30108490,3,laceration,7,82,157,69,19,95,37.7
30108491,3,anxiety,6,73,152,48,17,97,36.9
30108492,3,fall,2,79,145,44,19,94,36.5
30108493,1,headache,6,96,118,95,14,94,36.4
30108494,4,laceration,3,90,136,79,18,91,37.0
30108495,3,chest pain,2,61,120,97,10,98,37.4
30108496,3,back pain,1,97,139,56,18,100,36.4
30108497,4,laceration,4,80,150,82,21,95,37.2
30108498,4,knee pain,0,90,130,98,19,94,37.2
30108499,5,back pain,3,85,127,55,29,97,36.2
30108500,4,abdominal pain,3,73,111,100,17,99,36.5
30108501,3,abdominal pain,3,78,151,62,9,100,36.0
30108502,5,fever,6,62,104,89,7,96,35.1
30108503,3,fall,4,60,124,68,18,95,37.3
30108504,3,abdominal pain,0,92,119,62,21,99,36.7
30108505,3,laceration,6,79,139,105,21,96,37.8
30108506,4,shortness of breath,1,105,136,97,27,100,36.6
30108507,2,headache,9,67,131,71,14,99,37.1
30108508,2,headache,10,102,118,69,17,96,34.9
30108509,2,chest pain,6,81,154,87,23,99,36.6
30108510,3,fever,4,105,116,58,14,99,38.0
30108511,4,anxiety,2,84,113,84,16,94,35.4
30108512,3,knee pain,4,115,145,109,14,92,37.8
30108513,2,chest pain,9,95,110,78,14,100,37.7
30108514,3,fever,2,66,110,65,18,96,37.4
30108515,3,laceration,0,93,132,67,23,93,34.7
30108516,2,chest pain,9,80,145,94,17,100,36.7
30108517,3,chest pain,7,87,67,73,19,100,35.8
30108518,3,abdominal pain,6,68,93,82,16,97,36.4
30108519,3,back pain,7,72,122,89,20,100,37.8
30108520,1,knee pain,10,86,113,49,21,97,37.5
30108521,2,laceration,9,94,89,78,22,100,37.4
30108522,3,laceration,1,61,147,55,17,93,36.8
30108523,3,headache,0,71,106,83,23,99,35.6
30108524,4,laceration,1,89,136,86,17,96,36.7
30108525,3,chest pain,2,98,130,80,16,95,36.7
30108526,3,anxiety,1,108,107,58,15,95,36.5
30108527,2,laceration,8,72,142,71,13,100,37.5
30108528,5,shortness of breath,2,90,112,50,16,99,37.6
30108529,3,shortness of breath,6,73,156,59,17,99,36.4
30108530,3,headache,4,72,105,89,24,100,37.5
30108531,4,abdominal pain,4,73,146,80,20,93,37.8
30108532,3,shortness of breath,1,77,122,71,11,100,37.2
30108533,3,anxiety,1,103,88,95,18,95,36.9
30108534,2,anxiety,7,93,147,86,18,96,37.2
30108535,4,fall,4,69,100,83,18,97,37.9
30108536,3,abdominal pain,1,73,124,87,17,97,36.2
30108537,3,laceration,5,55,121,71,17,100,35.9
30108538,4,shortness of breath,0,73,114,85,17,98,38.1
30108539,3,back pain,1,104,135,95,17,98,35.5
30108540,3,shortness of breath,7,75,108,67,24,100,35.7
30108541,3,anxiety,6,90,96,62,21,98,36.8
30108542,3,chest pain,6,102,134,85,16,98,38.4
30108543,2,chest pain,9,89,142,101,16,100,36.9
30108544,2,chest pain,10,99,140,113,20,99,37.2
30108545,3,knee pain,3,68,138,91,18,98,36.8
30108546,3,fall,6,64,134,76,14,99,35.6
30108547,2,fever,6,80,70,91,21,97,36.5
30108548,4,fall,4,83,153,69,22,100,36.9
30108549,3,laceration,2,83,126,75,21,93,36.4
30108550,2,chest pain,10,86,104,90,23,96,36.9
30108551,4,knee pain,4,84,163,72,17,91,38.7
30108552,3,chest pain,0,93,124,56,20,99,37.6
30108553,3,abdominal pain,2,91,127,73,20,97,37.3
30108554,3,knee pain,3,82,127,59,18,99,37.5
30108555,4,anxiety,3,67,109,75,20,100,37.6
30108556,3,knee pain,3,80,115,76,14,98,36.6
30108557,3,headache,5,100,146,59,13,98,37.4
30108558,3,knee pain,5,88,135,64,14,92,36.2
30108559,3,headache,1,72,146,65,21,97,36.4
30108560,2,fever,8,89,140,71,10,99,36.1
30108561,3,back pain,7,99,158,95,20,100,36.2
30108562,3,fever,0,81,102,86,13,96,37.5
30108563,2,abdominal pain,7,89,106,92,19,93,37.2
30108564,3,fall,7,127,147,87,12,100,36.0
30108565,3,fall,7,84,113,75,19,98,39.3
30108566,2,knee pain,6,77,130,65,20,98,37.5
30108567,3,shortness of breath,1,86,134,72,10,100,37.6
30108568,2,laceration,8,82,152,93,19,98,37.8
30108569,3,back pain,0,98,116,49,17,94,37.0
30108570,2,shortness of breath,10,64,124,64,12,99,38.4
30108571,1,fall,6,72,118,75,14,95,37.4
30108572,3,back pain,5,96,101,107,15,95,36.5
30108573,5,back pain,1,92,113,54,18,98,36.9
30108574,1,chest pain,6,94,100,85,14,99,37.9
30108575,2,shortness of breath,7,80,114,68,25,98,36.2
30108576,3,abdominal pain,6,63,88,78,13,100,37.1
30108577,3,laceration,4,125,146,80,20,88,38.4
30108578,3,anxiety,5,86,134,64,14,98,38.0
30108579,3,chest pain,4,80,125,66,17,100,36.3
30108580,3,back pain,0,57,117,58,14,98,38.7
30108581,2,fall,10,76,141,82,14,91,37.3
30108582,3,anxiety,6,93,109,85,17,96,36.8
30108583,3,anxiety,3,66,98,86,14,98,37.1
30108584,3,fever,5,48,124,61,18,95,36.9
30108585,3,abdominal pain,2,82,102,75,17,98,37.4
30108586,2,headache,9,82,121,60,22,92,39.3
30108587,3,abdominal pain,3,67,108,61,17,99,36.8
30108588,3,fever,2,71,105,78,20,100,37.2
30108589,4,fever,0,91,123,99,17,100,37.2
30108590,3,fall,4,101,122,64,15,98,36.8
30108591,3,anxiety,2,103,142,61,19,96,38.2
30108592,1,chest pain,6,117,160,97,23,93,37.3
30108593,3,anxiety,1,90,135,95,22,100,36.8
30108594,4,shortness of breath,3,77,141,67,12,94,38.6
30108595,2,anxiety,6,84,128,56,19,98,36.5
30108596,2,fever,7,71,137,74,25,96,38.2
30108597,5,abdominal pain,4,90,133,72,19,95,37.1
30108598,2,headache,8,64,167,105,13,97,36.5
30108599,3,anxiety,1,107,96,46,19,95,37.7
30108600,3,abdominal pain,3,81,121,118,18,96,37.4
30108601,3,abdominal pain,3,52,107,56,18,93,36.5
30108602,2,shortness of breath,6,121,131,86,17,97,35.6
30108603,3,headache,4,74,144,84,16,95,36.4
30108604,3,laceration,7,74,166,97,14,99,37.1
30108605,3,laceration,4,57,116,63,11,94,36.1
30108606,3,fall,6,82,143,85,17,97,37.5
30108607,4,abdominal pain,2,70,145,78,17,97,37.5
30108608,4,chest pain,4,96,138,78,17,96,37.1
30108609,3,laceration,1,80,146,113,20,98,36.2
30108610,3,fall,6,83,106,65,17,96,36.7
30108611,3,laceration,7,70,91,75,12,100,36.9
30108612,4,fever,7,108,129,102,24,89,35.5
30108613,5,headache,3,75,115,95,17,98,35.8
30108614,2,shortness of breath,7,92,141,48,17,98,37.5
30108615,2,chest pain,9,103,98,95,22,99,37.8
30108616,2,chest pain,7,102,97,49,14,97,36.0
30108617,3,chest pain,7,97,128,81,18,99,37.3
30108618,3,knee pain,7,80,109,70,8,92,38.9
30108619,3,laceration,2,52,121,78,27,97,37.5
30108620,2,chest pain,9,92,131,92,24,95,37.3
30108621,4,back pain,1,97,118,68,12,96,37.2
30108622,2,fall,6,80,129,54,18,93,35.1
30108623,3,laceration,5,71,141,118,14,95,36.2
30108624,2,chest pain,7,94,116,57,23,95,36.7
30108625,3,anxiety,5,93,119,76,13,98,36.6
30108626,3,fall,5,85,141,81,16,100,38.0
30108627,3,shortness of breath,1,90,150,70,17,89,37.5
30108628,3,headache,5,101,135,101,13,99,35.9
30108629,4,back pain,7,73,103,59,15,93,37.9
30108630,2,back pain,7,62,109,100,15,97,37.2
30108631,2,abdominal pain,8,83,128,105,18,96,37.7
30108632,3,chest pain,2,109,142,74,16,95,36.0
30108633,3,anxiety,0,75,154,88,19,94,37.8
30108634,2,chest pain,6,71,129,55,14,98,36.2
30108635,3,knee pain,5,87,120,98,20,96,36.9
30108636,3,knee pain,7,89,168,100,13,100,36.2
30108637,3,knee pain,4,94,141,73,11,100,38.1
30108638,3,chest pain,0,81,112,81,23,95,36.0
30108639,2,shortness of breath,7,84,106,85,9,95,37.7
30108640,4,headache,7,98,110,57,26,94,36.3
30108641,2,back pain,7,61,127,56,16,92,36.2
30108642,3,headache,6,116,136,72,16,97,37.0
30108643,3,chest pain,0,97,107,81,12,93,37.2
30108644,3,abdominal pain,5,79,153,74,16,98,36.8
30108645,3,fever,5,101,116,89,18,95,36.5
30108646,3,laceration,2,101,134,58,18,92,37.7
30108647,4,fall,4,83,134,73,12,97,36.9
30108648,2,anxiety,8,99,140,87,17,100,37.6
30108649,3,fever,4,89,120,94,23,98,37.4
30108650,3,knee pain,0,83,123,80,21,95,36.8
30108651,3,fever,3,70,117,88,17,96,35.8
30108652,3,shortness of breath,5,79,157,86,15,98,37.6
30108653,3,fever,4,83,104,93,14,97,37.8
30108654,3,laceration,2,82,150,101,13,98,36.9
30108655,3,laceration,6,103,102,77,18,100,36.1
30108656,4,back pain,5,76,98,101,20,96,37.4
30108657,3,shortness of breath,5,81,121,68,18,100,36.2
30108658,3,back pain,7,75,116,93,16,97,37.3
30108659,2,fall,7,107,130,77,19,96,37.3
30108660,2,abdominal pain,9,99,143,92,21,99,36.1
30108661,3,fever,3,69,120,84,18,99,36.8
30108662,4,shortness of breath,3,70,122,63,18,94,36.6
30108663,3,fall,2,80,117,85,21,95,35.6
30108664,3,chest pain,5,62,120,60,19,97,37.0
30108665,2,shortness of breath,9,94,60,86,21,99,36.1
30108666,3,laceration,5,79,112,85,26,97,38.1
30108667,4,shortness of breath,7,85,132,76,20,96,36.4
30108668,4,anxiety,0,106,124,78,16,96,39.2
30108669,5,fever,0,78,92,116,18,92,37.2
30108670,1,fever,7,109,149,57,15,97,35.7
30108671,3,anxiety,3,75,105,65,15,99,36.4
30108672,3,back pain,2,77,127,62,17,92,37.2
30108673,3,abdominal pain,0,93,170,60,15,100,38.0
30108674,5,anxiety,1,100,151,80,11,99,36.7
30108675,3,laceration,1,69,137,74,18,93,36.4
30108676,3,fever,5,80,164,49,22,98,37.9
30108677,3,back pain,5,74,170,62,14,100,38.3
30108678,3,knee pain,1,75,106,80,12,92,37.7
30108679,3,fall,2,92,106,80,13,100,36.1
30108680,2,back pain,10,88,82,90,19,97,38.0
30108681,3,fever,5,76,152,89,14,92,36.7
30108682,3,headache,6,79,134,72,15,94,38.5
30108683,4,chest pain,3,70,144,90,17,97,38.0
30108684,3,chest pain,5,85,116,102,20,95,37.5
30108685,1,fever,8,66,129,79,14,98,37.0
30108686,3,anxiety,2,99,130,86,22,99,37.1
30108687,4,fever,3,49,130,92,18,99,37.7
30108688,3,chest pain,1,114,131,57,14,99,37.8
30108689,3,back pain,1,89,139,62,25,96,37.2
30108690,4,fever,4,103,97,80,22,99,36.4
30108691,3,anxiety,3,88,150,83,20,91,37.7
30108692,3,laceration,7,93,112,53,15,100,37.7
30108693,2,fever,6,85,128,73,22,97,37.3
30108694,3,headache,2,79,155,84,20,97,35.6
30108695,2,knee pain,7,96,115,62,16,99,37.0
30108696,3,fall,2,68,112,88,21,94,37.8
30108697,3,laceration,5,68,110,88,17,93,37.8
30108698,4,shortness of breath,0,85,159,85,17,100,37.0
30108699,2,knee pain,9,78,119,97,20,100,37.1
30108700,3,anxiety,6,71,145,108,11,97,37.4
30108701,2,laceration,8,85,148,89,15,93,38.5
30108702,3,shortness of breath,0,57,167,53,18,92,36.7
30108703,1,chest pain,8,102,144,88,17,100,38.2
30108704,3,knee pain,3,89,118,67,17,93,36.1
30108705,3,headache,3,71,159,92,13,99,38.1
30108706,3,anxiety,1,108,135,75,20,95,36.5
30108707,3,anxiety,0,76,98,76,11,96,36.3
30108708,5,fever,0,87,136,86,19,100,36.2
30108709,3,chest pain,4,79,118,84,19,96,36.6
30108710,3,anxiety,7,85,119,93,14,100,35.3
30108711,3,fall,3,91,131,80,17,98,36.4
30108712,5,chest pain,1,87,128,80,14,93,38.5
30108713,3,shortness of breath,4,77,135,84,14,95,36.9
30108714,3,headache,2,73,135,78,15,95,37.2
30108715,5,fall,1,60,91,76,13,99,37.2
30108716,4,chest pain,1,98,99,82,11,94,37.7
30108717,2,shortness of breath,7,74,145,89,16,99,37.1
30108718,3,laceration,5,87,129,96,20,98,37.1
30108719,4,anxiety,2,94,129,58,23,96,34.8
30108720,3,knee pain,7,74,133,93,16,94,37.8
30108721,3,fall,3,65,116,79,17,96,35.9
30108722,2,abdominal pain,10,78,139,96,20,95,37.3
30108723,3,shortness of breath,2,92,113,68,21,97,35.3
30108724,1,knee pain,7,80,96,84,12,98,37.6
30108725,3,fall,6,78,110,93,19,98,37.5
30108726,3,shortness of breath,2,95,100,56,19,95,36.6
30108727,3,headache,0,103,123,65,17,92,36.9
30108728,3,fall,6,91,86,70,13,97,36.8
30108729,4,headache,4,76,145,65,15,97,37.2
30108730,3,abdominal pain,3,88,138,61,14,98,37.5
30108731,4,abdominal pain,3,94,125,76,21,95,37.4
30108732,2,shortness of breath,9,73,100,79,18,94,38.2
30108733,3,chest pain,2,92,96,79,9,99,36.3
30108734,4,shortness of breath,1,80,117,71,15,100,35.4
30108735,4,shortness of breath,0,96,125,91,24,100,36.5
30108736,4,laceration,5,78,127,57,17,95,37.0
30108737,2,chest pain,9,96,138,68,17,92,37.5
30108738,3,shortness of breath,5,92,154,78,15,97,35.7
30108739,2,fall,8,87,164,78,26,97,37.4
30108740,2,back pain,7,88,116,93,17,93,35.4
30108741,3,fall,4,106,142,67,16,100,36.8
30108742,3,headache,0,110,134,51,17,100,37.3
30108743,3,abdominal pain,7,86,108,83,24,94,37.3
30108744,2,abdominal pain,7,114,144,106,18,98,37.6
30108745,3,shortness of breath,6,101,125,81,18,98,36.5
30108746,3,abdominal pain,4,100,134,74,22,100,38.1
30108747,3,headache,6,94,131,67,16,94,35.5
30108748,2,chest pain,7,82,108,67,14,98,35.9
30108749,3,back pain,4,75,106,88,13,96,38.0
30108750,3,laceration,3,82,141,72,28,100,38.1
30108751,3,abdominal pain,3,92,113,91,18,97,37.1
30108752,4,fever,6,97,130,85,22,98,37.1
30108753,3,shortness of breath,2,84,155,77,21,96,36.6
30108754,5,shortness of breath,0,66,145,77,17,94,37.2
30108755,3,anxiety,6,69,147,78,15,97,37.1
30108756,2,laceration,10,94,133,73,15,95,36.6
30108757,3,abdominal pain,1,69,126,77,15,95,37.7
30108758,2,shortness of breath,10,80,118,98,19,96,37.0
30108759,3,back pain,7,103,120,103,21,100,36.2
30108760,4,anxiety,6,72,116,86,20,95,37.6
30108761,3,fall,5,69,148,78,28,100,37.5
30108762,2,fall,6,85,102,81,18,98,37.7
30108763,3,back pain,5,60,146,75,29,94,37.1
30108764,4,headache,7,55,142,55,13,100,38.1
30108765,3,headache,7,63,102,90,15,94,37.2
30108766,4,fever,1,70,111,91,14,94,37.2
30108767,4,anxiety,1,91,142,77,23,94,37.8
30108768,2,back pain,10,59,144,75,20,99,38.1
30108769,3,back pain,5,77,143,90,13,100,37.3
30108770,2,knee pain,9,98,133,57,13,95,37.0
30108771,2,knee pain,7,52,137,90,24,97,35.8
30108772,3,chest pain,5,98,152,80,22,96,37.8
30108773,3,chest pain,3,83,159,80,27,91,36.6
30108774,3,knee pain,5,88,167,79,13,93,36.4
30108775,3,shortness of breath,0,77,121,92,19,98,37.3
30108776,3,chest pain,3,108,116,103,19,100,37.2
30108777,4,laceration,1,79,115,75,23,98,36.3
30108778,3,headache,4,89,135,86,9,98,36.8
30108779,3,fall,7,100,106,91,17,95,36.9
30108780,2,headache,9,82,94,99,20,97,36.8
30108781,5,back pain,7,69,106,79,21,94,35.6
30108782,3,abdominal pain,3,81,99,54,16,100,36.2
30108783,4,anxiety,6,72,117,71,22,99,35.8
30108784,3,laceration,4,95,137,90,22,100,36.9
30108785,5,laceration,0,64,122,86,20,98,36.1
30108786,3,knee pain,0,121,109,106,22,99,37.1
30108787,3,fever,6,79,116,60,18,95,36.7
30108788,3,headache,6,86,103,81,13,92,38.1
30108789,2,chest pain,10,82,123,91,19,97,38.2
30108790,3,knee pain,0,104,110,83,21,99,37.0
30108791,4,abdominal pain,5,95,103,110,19,98,36.5
30108792,3,back pain,4,82,145,84,20,95,37.1
30108793,4,laceration,7,71,92,92,12,95,35.1
30108794,2,fever,10,91,109,64,20,100,36.7
30108795,4,fall,2,73,121,106,11,96,37.4
30108796,2,headache,10,88,122,77,21,99,37.4
30108797,2,knee pain,10,81,116,82,24,100,35.7
30108798,3,anxiety,0,81,146,59,19,98,36.8
30108799,3,headache,5,76,103,87,18,96,37.2
30108800,2,fever,7,96,137,90,20,92,37.3
30108801,3,laceration,6,41,136,72,24,98,38.1
30108802,3,chest pain,3,81,107,94,14,98,36.5
30108803,4,fever,6,52,117,76,10,94,37.1
30108804,2,knee pain,6,72,119,86,15,94,36.6
30108805,3,abdominal pain,7,81,148,86,9,94,37.2
30108806,3,chest pain,1,61,127,84,20,97,37.6
30108807,4,knee pain,4,83,97,87,22,98,36.5
30108808,2,headache,6,95,149,78,24,100,37.8
30108809,5,fever,7,80,116,88,17,93,37.5
30108810,5,shortness of breath,7,92,135,74,17,98,36.5
30108811,4,fever,3,70,158,84,19,93,37.2
30108812,3,shortness of breath,2,78,126,70,17,95,38.0
30108813,2,headache,6,83,100,109,18,97,36.3
30108814,3,back pain,6,87,104,94,19,98,37.2
30108815,5,fall,1,72,157,77,16,96,36.8
30108816,2,laceration,8,69,120,92,19,93,38.4
30108817,2,laceration,8,69,124,100,15,99,35.9
30108818,4,fall,6,88,111,79,20,100,35.7
30108819,3,chest pain,7,89,82,61,21,99,36.4
30108820,3,back pain,6,95,115,83,16,96,36.2
30108821,3,back pain,2,98,170,41,21,93,35.8
30108822,3,fever,5,61,146,75,24,98,37.9
30108823,2,knee pain,8,100,145,77,11,94,36.7
30108824,1,abdominal pain,7,113,88,79,12,91,37.4
30108825,4,chest pain,4,101,140,48,20,95,37.1
30108826,3,shortness of breath,1,77,116,68,18,98,37.8
30108827,4,fall,0,75,124,64,27,99,38.1
30108828,3,chest pain,3,102,109,79,15,95,36.4
30108829,4,laceration,6,103,116,93,26,100,36.1
30108830,4,chest pain,3,95,106,79,26,98,37.0
30108831,3,knee pain,2,95,94,79,9,99,34.6
30108832,3,shortness of breath,6,95,81,80,14,92,37.2
30108833,2,anxiety,6,77,126,85,10,95,38.2
30108834,3,fall,0,66,123,114,16,96,36.7
30108835,4,back pain,3,95,127,91,20,97,36.6
30108836,3,back pain,4,76,112,82,21,100,36.6
30108837,1,laceration,6,99,140,84,12,100,35.4
30108838,4,fall,5,90,91,80,23,97,37.5
30108839,3,chest pain,2,88,133,102,15,95,36.1
30108840,4,anxiety,1,106,119,64,17,92,36.6
30108841,4,shortness of breath,0,75,145,101,18,100,37.1
30108842,4,anxiety,3,86,138,45,15,97,37.1
30108843,1,laceration,6,60,127,110,17,97,37.6
30108844,3,fever,1,91,130,65,19,98,37.2
30108845,2,back pain,6,108,109,85,20,98,37.0
30108846,4,back pain,3,58,105,81,18,100,37.6
30108847,3,chest pain,4,85,109,106,20,100,37.6
30108848,3,anxiety,0,88,139,50,14,98,35.9
30108849,4,chest pain,1,66,132,61,17,97,36.8
30108850,3,shortness of breath,2,109,130,93,13,99,38.8
30108851,2,back pain,9,86,124,85,19,97,36.1
30108852,3,abdominal pain,3,103,129,109,13,93,37.8
30108853,2,headache,6,77,171,75,22,100,37.7
30108854,4,chest pain,3,113,77,79,18,100,36.4
30108855,2,headache,10,27,118,91,17,97,37.7
30108856,3,laceration,0,87,146,72,21,100,37.1
30108857,3,anxiety,2,87,116,66,20,100,38.5
30108858,3,fever,1,71,129,74,15,97,36.5
30108859,5,anxiety,4,53,117,62,15,92,36.9
30108860,2,anxiety,10,73,151,92,23,98,36.4
30108861,5,headache,0,45,126,67,24,91,36.8
30108862,2,fall,8,70,126,99,22,98,36.6
30108863,3,anxiety,5,87,115,85,14,100,36.5
30108864,3,chest pain,2,91,126,65,19,96,37.6
30108865,3,fever,0,62,131,63,13,97,37.5
30108866,3,abdominal pain,1,92,128,100,18,97,37.4
30108867,4,laceration,2,94,142,83,21,97,36.3
30108868,3,headache,2,86,137,99,17,96,36.5
30108869,2,knee pain,10,80,115,71,13,94,36.6
30108870,3,headache,6,87,140,58,12,98,37.3
30108871,2,headache,9,96,88,89,14,97,37.4
30108872,3,headache,2,62,129,68,17,98,36.9
30108873,5,fever,0,81,125,87,17,97,37.1
30108874,3,chest pain,7,71,119,85,17,93,37.4
30108875,3,shortness of breath,7,73,126,72,14,96,37.5
30108876,2,abdominal pain,10,91,105,31,15,100,35.6
30108877,3,anxiety,0,85,114,66,18,100,37.2
30108878,3,abdominal pain,3,96,133,87,25,96,38.5
30108879,4,chest pain,0,99,166,90,21,93,36.6
30108880,3,knee pain,1,111,136,76,18,100,37.2
30108881,4,shortness of breath,5,85,103,84,21,100,38.3
30108882,3,anxiety,2,113,130,71,16,96,38.6
30108883,3,laceration,2,75,118,86,17,92,37.2
30108884,3,fever,1,72,136,76,20,99,36.7
30108885,4,shortness of breath,2,73,112,70,16,100,37.0
30108886,3,fall,4,116,130,68,23,95,38.1
30108887,3,laceration,6,97,137,53,19,95,36.0
30108888,2,laceration,6,78,138,81,13,91,36.9
30108889,4,chest pain,3,55,102,88,9,99,35.7
30108890,2,headache,6,67,124,98,21,99,37.4
30108891,2,laceration,7,67,89,62,19,97,37.5
30108892,4,chest pain,2,100,117,125,10,100,37.2
30108893,3,fall,7,79,138,93,19,99,37.8
30108894,3,headache,4,108,147,75,15,94,36.7
30108895,3,headache,1,60,114,54,17,94,35.7
30108896,3,headache,2,88,115,80,18,96,36.5
30108897,2,laceration,10,53,141,79,16,100,37.6
30108898,3,anxiety,5,92,124,110,14,96,37.4
30108899,3,laceration,0,87,134,101,17,97,37.4
30108900,3,abdominal pain,5,100,113,92,16,100,36.5
30108901,4,shortness of breath,3,84,156,105,18,94,37.6
30108902,5,chest pain,1,75,132,78,17,96,38.3
30108903,3,knee pain,0,61,130,79,17,100,38.1
30108904,2,fall,9,91,130,75,22,96,37.1
30108905,5,knee pain,4,96,100,71,22,93,37.0
30108906,2,fever,10,58,124,78,19,96,36.4
30108907,3,back pain,0,87,109,65,15,88,35.7
30108908,3,knee pain,3,58,119,94,24,94,36.1
30108909,1,anxiety,8,89,146,59,16,98,37.8
30108910,1,chest pain,6,73,73,79,23,100,36.5
30108911,2,laceration,10,66,148,56,20,97,37.1
30108912,3,laceration,7,95,134,79,18,100,37.9
30108913,3,chest pain,6,73,130,98,16,100,36.1
30108914,4,laceration,4,78,73,75,21,96,38.0
30108915,2,chest pain,9,112,143,76,18,95,35.8
30108916,3,back pain,0,111,142,51,16,94,37.9
30108917,2,back pain,6,93,140,79,21,93,36.6
30108918,3,back pain,4,74,153,85,13,95,36.6
30108919,3,chest pain,1,75,138,66,24,95,36.4
30108920,4,back pain,2,61,113,88,17,100,36.9
30108921,3,laceration,5,66,142,77,16,92,37.0
30108922,3,shortness of breath,2,99,101,89,20,95,36.9
30108923,3,knee pain,0,73,118,62,18,95,36.6
30108924,3,chest pain,1,96,97,78,14,96,36.5
30108925,4,knee pain,5,105,135,79,26,100,37.7
30108926,1,fever,10,94,118,91,22,93,36.8
30108927,3,headache,0,119,122,69,16,95,35.8
30108928,3,abdominal pain,6,99,114,94,21,96,38.9
30108929,4,anxiety,3,98,92,63,20,97,37.7
30108930,3,shortness of breath,5,77,153,74,17,93,37.0
30108931,2,fever,6,106,142,77,24,100,36.6
30108932,4,fever,0,82,87,70,15,96,36.8
30108933,3,headache,3,104,136,89,18,93,35.9
30108934,2,knee pain,9,88,75,71,16,97,35.9
30108935,5,fever,4,66,128,108,12,99,38.4
30108936,3,abdominal pain,6,90,129,79,22,100,37.8
30108937,4,fall,1,79,137,86,22,96,38.9
30108938,2,shortness of breath,8,83,105,54,19,100,37.7
30108939,3,fall,0,80,167,75,24,92,37.0
30108940,3,fever,3,63,145,67,20,94,35.9
30108941,3,abdominal pain,7,83,141,77,15,98,37.7
30108942,4,abdominal pain,1,82,97,87,17,95,36.5
30108943,3,shortness of breath,2,96,118,78,15,95,37.9
30108944,3,laceration,3,87,141,94,17,93,37.5
30108945,3,laceration,6,94,149,58,12,96,37.4
30108946,3,laceration,5,93,155,93,13,92,37.4
30108947,4,chest pain,7,88,131,60,17,96,37.3
30108948,3,back pain,2,60,122,76,19,96,37.4
30108949,3,abdominal pain,5,90,128,87,20,93,35.9
30108950,3,shortness of breath,0,94,113,72,19,97,36.4
30108951,3,back pain,6,102,103,72,19,97,37.6
30108952,4,knee pain,0,95,141,64,20,95,38.6
30108953,4,knee pain,1,120,113,84,10,98,35.6
30108954,3,abdominal pain,1,64,121,81,16,96,36.3
30108955,4,fall,1,68,169,65,16,100,36.6
30108956,3,chest pain,5,100,114,82,16,97,36.5
30108957,3,headache,7,121,159,96,20,99,37.4
30108958,3,abdominal pain,7,94,109,82,19,100,37.1
30108959,2,laceration,9,65,150,68,15,97,37.4
30108960,3,laceration,5,84,138,70,17,92,36.9
30108961,4,knee pain,6,93,133,106,21,94,36.5
30108962,3,fever,1,36,118,83,20,98,36.6
30108963,3,back pain,4,82,106,51,22,98,37.5
30108964,5,chest pain,7,93,99,92,15,94,37.7
30108965,3,laceration,7,67,78,66,17,100,37.0
30108966,3,fall,7,70,126,89,12,97,37.1
30108967,3,laceration,0,99,134,72,19,96,36.8
30108968,5,chest pain,2,90,157,69,18,90,36.0
30108969,3,fall,0,99,109,62,20,93,38.7
30108970,3,anxiety,6,69,119,82,15,100,37.2
30108971,3,shortness of breath,7,92,147,93,19,100,36.2
30108972,3,laceration,0,72,150,64,19,95,35.9
30108973,3,abdominal pain,2,99,158,64,15,99,37.9
30108974,4,headache,1,106,128,48,13,99,35.0
30108975,3,shortness of breath,1,91,119,83,14,100,37.4
30108976,5,laceration,3,67,155,65,26,93,36.4
30108977,3,knee pain,2,66,151,80,14,97,36.2
30108978,3,headache,0,93,136,75,21,96,36.4
30108979,3,knee pain,0,83,116,65,9,97,36.1
30108980,2,back pain,6,69,127,70,16,98,37.0
30108981,2,back pain,7,71,145,112,14,95,37.0
30108982,3,fever,2,60,113,58,20,95,36.5
30108983,3,knee pain,2,88,116,83,13,91,36.8
30108984,3,laceration,3,82,114,71,20,91,37.2
30108985,3,headache,3,57,161,83,25,100,35.7
30108986,3,fall,7,86,143,107,22,94,37.3
30108987,3,headache,5,102,166,84,16,99,36.1
30108988,3,abdominal pain,0,103,126,82,15,100,38.2
30108989,3,headache,0,78,140,47,12,98,37.0
30108990,3,chest pain,7,103,135,77,17,96,36.5
30108991,4,chest pain,3,78,155,61,17,96,36.2
30108992,4,laceration,6,71,144,70,19,100,37.2
30108993,2,abdominal pain,10,63,125,105,26,100,38.2
30108994,3,laceration,3,87,118,56,16,95,38.0
30108995,3,shortness of breath,2,104,121,110,13,95,37.5
30108996,4,headache,6,76,111,62,22,99,37.0
30108997,4,fever,5,82,133,95,17,94,36.7
30108998,3,abdominal pain,4,85,103,108,21,92,37.6
30108999,4,shortness of breath,2,105,133,79,14,96,37.0
30109000,3,knee pain,7,75,112,109,17,94,36.6
30109001,4,back pain,3,107,88,73,20,95,38.6
30109002,3,shortness of breath,0,74,129,89,16,92,35.6
30109003,1,chest pain,6,83,136,80,23,94,36.0
30109004,2,headache,9,100,134,99,22,95,37.7
30109005,3,laceration,2,87,162,71,16,98,37.4
30109006,3,shortness of breath,0,108,134,67,18,96,37.7
30109007,2,back pain,10,55,88,73,22,95,37.6
30109008,3,abdominal pain,6,83,135,61,16,95,36.7
30109009,3,abdominal pain,4,92,128,95,20,97,36.4
30109010,3,chest pain,4,94,113,86,20,95,37.5
30109011,3,knee pain,0,54,117,95,28,95,35.2
30109012,3,laceration,3,83,116,64,23,96,35.3
30109013,3,fever,4,110,97,77,18,98,37.3
30109014,3,laceration,5,86,93,58,18,95,38.1
30109015,3,laceration,4,92,147,72,18,100,39.7
30109016,3,shortness of breath,2,88,104,86,20,93,36.6
30109017,2,knee pain,9,106,91,106,20,97,35.7
30109018,4,knee pain,4,90,117,58,15,97,37.3
30109019,3,shortness of breath,6,87,133,83,14,100,38.7
30109020,2,anxiety,6,63,143,86,26,93,36.2
30109021,5,abdominal pain,0,103,151,79,13,99,37.2
30109022,3,headache,0,73,128,67,21,99,37.3
30109023,2,anxiety,8,75,154,72,23,99,37.3
30109024,4,back pain,3,45,109,85,12,95,36.9
30109025,3,chest pain,7,89,105,95,8,95,37.8
30109026,3,abdominal pain,2,104,155,86,18,99,36.6
30109027,4,shortness of breath,3,70,143,67,17,98,37.1
30109028,3,anxiety,3,91,138,81,14,94,36.4
30109029,3,shortness of breath,4,78,128,68,19,93,37.1
30109030,3,anxiety,7,83,99,53,22,100,36.4
30109031,5,laceration,0,70,125,83,22,100,37.6
30109032,4,chest pain,7,96,124,83,24,95,37.6
30109033,2,fall,10,82,137,77,13,100,37.0
30109034,3,laceration,1,86,146,74,12,100,37.3
30109035,2,back pain,7,83,128,97,14,99,36.6
30109036,3,anxiety,5,89,114,106,20,94,38.5
30109037,3,abdominal pain,1,69,136,57,15,95,38.2
30109038,3,headache,7,78,137,85,16,91,37.6
30109039,3,fever,4,84,89,91,19,92,39.4
30109040,3,chest pain,6,62,102,77,19,90,37.6
30109041,3,knee pain,7,101,129,112,14,100,36.0
30109042,3,shortness of breath,1,85,180,80,14,99,37.6
30109043,3,fall,7,78,92,68,15,97,37.8
30109044,1,laceration,6,117,120,58,16,94,36.9
30109045,2,knee pain,7,114,134,106,16,93,36.3
30109046,2,fall,7,87,115,100,21,94,36.3
30109047,4,back pain,7,79,133,83,17,97,37.0
30109048,2,headache,8,73,147,101,23,93,36.5
30109049,3,fever,1,90,103,99,13,95,37.3
30109050,2,back pain,8,68,101,80,9,98,36.7
30109051,1,fever,7,79,118,73,22,99,36.9
30109052,5,fever,5,73,100,65,19,95,38.1
30109053,3,back pain,3,99,129,85,14,97,37.6
30109054,1,back pain,7,109,141,78,19,96,37.1
30109055,3,chest pain,1,80,96,53,21,95,37.8
30109056,4,fall,3,74,134,84,13,93,36.1
30109057,3,fall,6,88,108,79,16,94,36.4
30109058,3,fever,5,91,128,66,28,95,36.0
30109059,2,fall,9,113,128,87,19,99,37.6
30109060,1,headache,9,90,90,69,15,100,37.4
30109061,3,laceration,7,88,117,88,16,98,36.5
30109062,1,fever,7,107,140,81,15,98,36.3
30109063,3,headache,1,75,141,94,16,94,38.0
30109064,2,chest pain,8,62,121,60,18,95,35.9
30109065,5,shortness of breath,3,92,102,81,12,100,37.3
30109066,2,back pain,6,74,116,64,21,98,37.1
30109067,3,fall,1,77,104,80,19,97,37.4
30109068,3,headache,4,108,116,83,23,98,36.4
30109069,3,knee pain,2,72,160,89,21,93,38.0
30109070,3,abdominal pain,1,69,136,88,16,100,36.5
30109071,4,back pain,1,75,135,105,21,97,37.2
30109072,3,back pain,2,93,132,74,22,98,38.1
30109073,3,headache,2,85,91,93,10,96,37.5
30109074,1,headache,8,90,112,90,21,95,36.8
30109075,3,laceration,1,89,134,82,15,94,36.2
30109076,3,laceration,0,98,126,65,21,98,37.4
30109077,4,abdominal pain,1,83,113,78,24,95,36.9
30109078,4,shortness of breath,0,82,101,115,28,99,35.6
30109079,4,fever,1,73,131,71,24,97,37.7
30109080,4,fall,2,73,135,89,8,95,37.5
30109081,5,chest pain,0,111,155,79,19,95,36.4
30109082,2,laceration,8,109,111,80,16,96,36.5
30109083,3,laceration,6,84,122,55,13,98,36.4
30109084,2,anxiety,7,92,115,81,20,91,37.4
30109085,3,back pain,6,88,147,83,16,95,37.2
30109086,5,laceration,6,107,123,93,20,98,37.2
30109087,2,headache,10,98,99,103,26,99,37.5
30109088,4,anxiety,1,88,127,66,22,88,36.2
30109089,4,back pain,6,98,108,90,18,97,36.3
30109090,3,headache,2,93,127,80,23,95,35.6
30109091,3,shortness of breath,5,85,107,87,25,96,37.8
30109092,4,fever,3,80,156,71,17,93,37.3
30109093,3,shortness of breath,5,90,106,75,23,100,38.1
30109094,4,fall,1,98,155,48,16,96,36.5
30109095,3,headache,6,76,109,75,26,95,36.5
30109096,3,laceration,3,73,124,91,18,99,36.7
30109097,3,fever,7,64,120,82,14,94,35.6
30109098,3,chest pain,0,87,125,86,16,98,36.0
30109099,2,chest pain,7,83,126,92,18,99,36.0
30109100,3,fall,1,75,99,91,20,100,37.6
30109101,2,fall,6,74,115,80,18,94,37.3
30109102,3,anxiety,6,91,122,54,15,98,38.7
30109103,2,headache,10,76,121,83,18,100,38.1
30109104,3,headache,3,94,113,94,14,100,36.7
30109105,2,headache,6,79,121,66,20,99,37.5
30109106,3,headache,2,90,94,83,17,91,37.1
30109107,3,fever,0,110,138,58,18,97,36.6
30109108,3,laceration,1,75,144,81,22,97,37.0
30109109,3,shortness of breath,3,90,116,66,19,94,36.0
30109110,3,anxiety,2,72,121,113,2,97,36.4
30109111,4,shortness of breath,6,80,144,77,20,97,37.2
30109112,4,headache,0,105,129,69,10,100,37.7
30109113,2,anxiety,7,86,154,70,26,94,37.2
30109114,2,shortness of breath,6,82,79,103,17,93,37.0
30109115,5,headache,6,93,109,65,16,96,35.4
30109116,3,abdominal pain,3,84,143,89,12,94,36.3
30109117,2,headache,7,107,138,66,20,100,38.0
30109118,3,laceration,6,90,113,92,19,91,35.8
30109119,3,fall,4,67,167,98,17,97,36.8
30109120,3,chest pain,0,55,131,59,12,98,37.4
30109121,3,fall,1,114,133,66,19,98,35.6
30109122,1,shortness of breath,10,103,132,75,18,100,36.0
30109123,2,laceration,7,73,129,85,12,93,38.5
30109124,2,fall,9,86,116,56,12,100,37.0
30109125,3,laceration,3,85,108,64,20,98,37.1
30109126,2,back pain,8,72,110,82,20,93,36.8
30109127,4,chest pain,5,74,148,77,14,100,37.6
30109128,3,back pain,5,96,172,67,13,95,36.7
30109129,3,chest pain,4,95,105,55,16,97,36.6
30109130,2,anxiety,8,78,142,85,17,96,37.4
30109131,3,abdominal pain,5,89,140,82,15,96,36.4
30109132,4,back pain,6,105,158,69,20,96,36.8
30109133,3,laceration,6,71,121,81,19,93,37.2
30109134,3,back pain,4,110,139,92,13,96,37.5
30109135,2,laceration,9,93,92,82,24,100,36.4
30109136,4,fall,0,69,125,67,17,92,36.8
30109137,3,fall,7,75,124,71,14,99,36.9
30109138,3,laceration,2,94,95,66,16,100,37.5
30109139,3,back pain,2,88,171,72,19,100,37.3
30109140,3,back pain,1,104,146,83,19,99,36.2
30109141,1,headache,10,84,97,92,29,98,37.8
30109142,1,fever,7,94,103,79,19,93,35.6
30109143,3,knee pain,7,83,164,66,20,95,36.8
30109144,3,laceration,7,69,106,72,24,97,36.8
30109145,3,fall,0,78,153,99,18,94,37.0
30109146,3,fall,0,90,143,78,14,99,37.7
30109147,3,knee pain,0,63,116,68,19,96,37.1
30109148,4,abdominal pain,3,82,148,86,12,100,38.4
30109149,3,knee pain,1,81,138,33,10,91,37.7
30109150,4,shortness of breath,3,85,125,89,18,100,37.3
30109151,4,knee pain,4,80,151,70,19,96,36.6
30109152,3,shortness of breath,2,76,108,82,16,98,37.5
30109153,1,headache,10,61,137,60,19,96,37.5
30109154,3,abdominal pain,2,71,134,82,16,96,37.5
30109155,5,knee pain,1,102,140,52,19,96,36.4
30109156,2,fall,9,97,118,90,14,97,37.1
30109157,4,knee pain,7,73,121,106,14,96,36.4
30109158,3,anxiety,7,76,97,102,19,91,37.6
30109159,2,abdominal pain,6,90,134,82,18,93,37.6
30109160,2,anxiety,6,72,133,81,20,91,37.7
30109161,4,shortness of breath,4,95,89,80,14,99,36.7
30109162,5,chest pain,5,70,99,85,21,91,36.3
30109163,3,abdominal pain,2,87,118,110,18,99,37.0
30109164,3,knee pain,7,89,114,96,19,97,36.9
30109165,4,headache,6,105,135,81,17,100,35.8
30109166,3,fever,0,67,140,72,23,100,38.0
30109167,3,anxiety,3,84,80,80,23,92,37.8
30109168,5,shortness of breath,4,80,104,78,22,90,36.3
30109169,3,fall,3,73,141,58,16,97,36.7
30109170,3,knee pain,3,82,114,89,17,94,36.9
30109171,3,headache,3,73,177,77,18,96,38.1
30109172,4,laceration,3,89,134,79,12,94,36.2
30109173,4,headache,5,68,122,78,11,97,37.2
30109174,4,shortness of breath,7,94,118,99,13,98,37.0
30109175,2,abdominal pain,7,85,146,88,21,93,36.7
30109176,3,abdominal pain,3,68,127,90,23,97,37.4
30109177,3,back pain,0,97,85,81,19,98,36.7
30109178,2,abdominal pain,8,95,153,87,19,96,36.2
30109179,3,laceration,0,100,163,96,15,97,36.9
30109180,4,laceration,1,75,79,90,19,100,37.3
30109181,2,anxiety,6,90,132,74,22,93,37.8
30109182,3,back pain,5,76,101,93,19,92,36.2
30109183,3,shortness of breath,6,62,136,90,28,97,36.3
30109184,2,headache,7,105,116,91,17,100,37.0
30109185,3,fever,6,106,121,95,20,94,36.6
30109186,3,laceration,0,94,130,90,11,99,36.8
30109187,4,laceration,0,72,123,87,20,98,36.1
30109188,3,headache,2,83,123,95,21,100,37.3
30109189,3,knee pain,6,87,152,77,19,94,37.5
30109190,3,chest pain,7,65,114,72,15,93,37.1
30109191,3,knee pain,3,110,107,76,19,100,37.1
30109192,4,shortness of breath,7,66,151,85,12,98,38.3
30109193,4,headache,0,102,141,109,22,100,38.2
30109194,4,laceration,3,90,127,91,13,93,36.8
30109195,3,abdominal pain,0,76,118,67,15,95,37.3
30109196,3,fall,4,76,103,73,15,100,37.2
30109197,3,knee pain,7,85,159,88,20,99,37.7
30109198,4,headache,7,118,149,94,17,99,37.2
30109199,2,back pain,8,83,98,101,20,98,37.2
30109200,3,fall,7,107,146,41,22,95,35.9
30109201,3,chest pain,5,110,90,96,18,100,37.2
30109202,4,knee pain,2,80,133,65,18,93,35.8
30109203,2,fall,8,111,117,93,13,100,37.1
30109204,5,knee pain,0,75,136,51,17,95,36.4
30109205,3,anxiety,2,68,138,98,19,100,37.9
30109206,3,chest pain,3,65,144,75,26,99,39.7
30109207,3,laceration,2,76,105,61,23,97,36.3
30109208,4,back pain,7,97,111,87,21,93,37.0
30109209,3,headache,2,81,112,57,13,95,37.7
30109210,3,headache,4,93,132,60,18,100,36.9
30109211,2,laceration,10,109,101,65,19,94,38.5
30109212,3,anxiety,2,43,126,132,16,100,37.7
30109213,4,shortness of breath,1,94,136,64,14,91,36.8
30109214,3,laceration,5,79,120,84,20,93,37.7
30109215,3,chest pain,4,81,126,89,22,98,36.7
30109216,3,abdominal pain,4,69,132,82,20,96,36.8
30109217,3,knee pain,3,85,113,59,22,95,36.8
30109218,3,fever,3,74,133,64,17,95,36.2
30109219,2,shortness of breath,8,58,126,105,23,94,37.9
30109220,5,headache,4,91,121,69,11,98,37.7
30109221,3,laceration,6,79,106,106,22,99,37.0
30109222,3,fever,2,97,112,66,14,100,37.7
30109223,4,laceration,0,105,121,82,12,96,37.3
30109224,3,shortness of breath,0,83,92,77,8,94,36.9
30109225,3,chest pain,0,75,104,96,16,100,37.4
30109226,3,headache,2,69,119,97,16,100,36.8
30109227,5,anxiety,7,91,116,95,13,99,37.6
30109228,4,anxiety,5,98,124,83,23,94,38.0
30109229,3,back pain,2,53,120,82,19,95,38.0
30109230,3,back pain,5,85,141,96,11,97,37.7
30109231,3,back pain,5,70,158,100,24,92,36.1
30109232,5,fall,0,75,130,101,9,99,38.1
30109233,2,knee pain,6,66,144,118,13,94,36.6
30109234,4,abdominal pain,7,115,143,64,23,98,37.4
30109235,3,headache,5,96,98,88,19,98,37.0
30109236,3,fall,3,93,118,55,16,99,37.3
30109237,2,knee pain,7,120,99,60,20,99,37.8
30109238,2,fever,10,109,140,94,16,100,36.2
30109239,3,back pain,5,100,140,76,15,100,39.0
30109240,5,anxiety,4,78,102,81,18,100,37.3
30109241,3,anxiety,3,70,120,81,17,96,37.3
30109242,3,fall,0,63,159,59,19,94,37.9
30109243,2,chest pain,7,91,128,96,15,96,36.0
30109244,3,shortness of breath,0,91,147,93,21,97,36.8
30109245,2,anxiety,10,93,130,97,16,98,37.3
30109246,4,back pain,7,83,114,62,23,100,37.0
30109247,3,headache,2,106,114,76,20,100,38.5
30109248,2,fever,7,85,105,74,20,94,37.6
30109249,4,knee pain,4,69,112,94,19,95,37.0
30109250,3,chest pain,0,77,144,64,14,94,37.1
30109251,1,chest pain,8,71,120,50,23,94,35.4
30109252,4,anxiety,3,96,111,64,21,93,38.6
30109253,1,chest pain,9,103,118,86,16,97,34.9
30109254,3,fever,3,85,117,82,19,97,38.0
30109255,3,anxiety,4,82,124,78,16,94,36.9
30109256,3,chest pain,7,71,119,95,22,99,36.5
30109257,3,anxiety,3,91,139,70,16,99,36.6
30109258,2,headache,8,91,103,92,15,95,37.4
30109259,2,anxiety,10,99,131,60,17,100,38.5
30109260,5,back pain,0,107,122,91,16,96,36.8
30109261,2,anxiety,8,91,139,89,21,100,36.4
30109262,4,knee pain,6,94,174,81,20,98,36.2
30109263,3,shortness of breath,6,74,90,93,12,97,36.8
30109264,3,laceration,4,63,100,83,28,100,37.2
30109265,2,anxiety,7,79,160,89,17,100,36.8
30109266,2,anxiety,7,101,134,89,16,98,36.2
30109267,4,fall,2,89,113,109,21,96,35.8
30109268,3,fall,7,78,112,71,17,96,36.6
30109269,4,abdominal pain,6,84,119,75,17,100,37.2
30109270,4,abdominal pain,3,82,146,78,12,94,36.4
30109271,3,chest pain,6,54,128,57,8,100,35.9
30109272,4,fall,6,92,135,68,21,98,37.3
30109273,3,fever,2,84,141,50,16,98,36.0
30109274,3,knee pain,7,86,155,88,18,99,37.0
30109275,3,headache,6,76,137,81,19,100,37.8
30109276,3,knee pain,1,77,150,76,14,100,39.3
30109277,4,shortness of breath,7,108,134,67,23,95,36.2
30109278,2,fever,8,76,167,61,18,98,38.5
30109279,1,laceration,9,95,125,86,23,99,36.6
30109280,4,anxiety,3,81,141,83,20,94,37.2
30109281,2,laceration,8,83,142,74,21,100,37.3
30109282,4,abdominal pain,4,83,108,79,20,97,37.1
30109283,4,headache,2,56,130,99,16,97,36.8
30109284,3,shortness of breath,4,84,129,77,16,96,37.9
30109285,2,abdominal pain,7,82,146,69,12,99,37.5
30109286,2,anxiety,9,64,157,77,18,100,35.9
30109287,2,fall,7,85,139,75,22,99,36.9
30109288,5,chest pain,6,99,122,79,13,100,37.0
30109289,4,headache,7,78,122,86,17,100,37.9
30109290,2,anxiety,7,66,128,73,17,100,37.6
30109291,4,fever,0,76,102,84,13,95,37.6
30109292,4,fall,4,99,119,91,13,95,37.2
30109293,3,laceration,5,114,121,79,22,97,36.3
30109294,2,back pain,9,93,115,46,14,95,36.3
30109295,5,laceration,6,72,106,66,23,100,38.5
30109296,2,anxiety,7,85,83,105,25,97,36.6
30109297,2,abdominal pain,7,68,124,82,26,100,36.9
30109298,3,knee pain,4,95,123,96,20,96,37.0
30109299,2,chest pain,6,78,154,89,23,98,37.3
30109300,2,knee pain,8,103,126,83,17,99,38.0
30109301,4,abdominal pain,6,93,125,93,22,98,36.3
30109302,2,knee pain,9,86,117,80,14,100,38.9
30109303,3,shortness of breath,2,108,156,69,18,93,35.7
30109304,3,anxiety,0,69,114,56,8,96,35.8
30109305,3,chest pain,7,98,104,89,27,94,37.2
30109306,3,fever,2,118,146,81,17,98,35.9
30109307,5,chest pain,0,94,84,76,17,96,35.7
30109308,3,shortness of breath,7,113,127,80,19,92,37.4
30109309,1,abdominal pain,7,50,144,113,20,100,38.1
30109310,1,abdominal pain,10,78,144,91,21,94,38.4
30109311,3,shortness of breath,5,82,126,74,16,94,35.9
30109312,3,fever,7,93,132,77,19,97,37.8
30109313,1,fall,8,79,120,89,23,95,36.8
30109314,1,abdominal pain,6,87,161,103,19,93,36.0
30109315,2,fever,9,106,150,71,19,95,35.3
30109316,4,chest pain,3,94,77,96,14,97,36.5
30109317,3,fever,0,98,116,89,16,95,36.6
30109318,2,back pain,6,85,143,51,14,99,36.4
30109319,4,anxiety,7,95,168,80,15,98,37.9
30109320,4,abdominal pain,4,58,112,82,27,94,38.1
30109321,3,knee pain,1,78,117,74,17,96,37.3
30109322,2,anxiety,9,98,141,75,19,97,37.1
30109323,3,anxiety,1,104,116,94,22,96,37.3
30109324,4,laceration,4,48,167,88,18,96,36.8
30109325,2,shortness of breath,7,88,139,87,18,94,37.1
30109326,3,chest pain,7,80,121,64,8,95,38.4
30109327,4,laceration,2,92,91,84,13,92,35.9
30109328,3,anxiety,4,85,134,85,20,96,36.4
30109329,5,chest pain,5,90,152,79,9,96,37.0
30109330,3,anxiety,2,92,131,64,14,96,36.2
30109331,3,laceration,7,90,146,76,23,99,36.5
30109332,2,knee pain,10,79,126,97,18,91,37.8
30109333,3,headache,7,75,130,57,10,100,37.9
30109334,2,fever,7,91,113,73,25,96,37.4
30109335,4,knee pain,6,67,126,79,21,96,36.7
30109336,4,shortness of breath,6,62,142,95,10,91,37.2
30109337,3,laceration,5,85,153,98,22,99,37.7
30109338,3,anxiety,1,93,139,106,20,98,37.4
30109339,3,back pain,1,97,110,52,18,100,38.7
30109340,3,fall,3,96,145,97,17,96,36.1
30109341,3,fall,5,94,112,77,14,96,36.8
30109342,2,laceration,9,90,128,59,15,99,36.4
30109343,2,fall,6,118,147,94,18,92,36.7
30109344,3,shortness of breath,1,75,133,70,23,99,38.1
30109345,1,fall,6,107,126,121,19,96,35.1
30109346,3,chest pain,3,70,142,70,20,92,36.3
30109347,3,fever,1,73,158,82,12,94,38.1
30109348,4,laceration,0,110,129,55,11,100,37.8
30109349,3,laceration,2,96,144,74,17,98,37.3
30109350,3,shortness of breath,7,62,151,84,19,100,37.8
30109351,3,laceration,5,89,118,61,13,95,37.5
30109352,3,fall,2,85,124,73,18,95,37.9
30109353,2,anxiety,8,101,131,69,18,95,36.5
30109354,3,laceration,5,95,124,96,16,96,37.1
30109355,4,fever,4,85,96,85,24,98,35.7
30109356,2,back pain,9,77,110,92,13,95,37.6
30109357,3,fever,5,84,121,50,16,100,37.0
30109358,3,anxiety,7,79,145,55,11,98,37.4
30109359,3,fever,4,71,171,88,20,94,36.1
30109360,3,abdominal pain,4,75,147,91,22,100,36.8
30109361,3,back pain,1,80,139,88,21,96,37.2
30109362,3,back pain,1,98,97,93,20,96,37.3
30109363,3,chest pain,7,75,114,60,23,99,37.3
30109364,3,back pain,6,74,113,71,21,98,35.3
30109365,3,fever,6,75,103,71,11,99,35.1
30109366,3,back pain,2,75,129,97,26,96,36.4
30109367,2,fever,10,85,113,70,18,94,38.0
30109368,4,headache,0,88,128,93,17,99,37.4
30109369,5,fall,5,59,118,100,17,99,36.4
30109370,3,fever,3,98,153,86,19,96,37.1
30109371,3,abdominal pain,6,104,133,65,21,92,37.4
30109372,3,laceration,6,70,132,81,22,95,37.3
30109373,3,anxiety,3,78,114,66,17,96,38.0
30109374,2,anxiety,6,85,139,81,15,94,36.4
30109375,3,fall,3,82,117,88,24,96,36.6
30109376,3,chest pain,1,106,119,74,21,100,36.7
30109377,3,laceration,6,92,125,88,20,96,37.5
30109378,3,abdominal pain,7,70,106,65,23,95,38.0
30109379,3,laceration,5,66,122,94,20,96,36.7
30109380,3,fever,2,76,128,85,15,96,36.6
30109381,3,shortness of breath,7,95,129,95,22,94,36.6
30109382,3,fever,1,96,118,91,19,98,37.0
30109383,2,chest pain,7,108,143,85,15,99,36.8
30109384,1,back pain,8,96,102,105,22,100,37.7
30109385,4,knee pain,4,81,114,88,23,100,37.1
30109386,3,fever,5,69,122,61,24,100,37.4
30109387,4,laceration,0,79,112,76,21,100,38.7
30109388,3,fever,1,88,125,82,14,94,35.8
30109389,1,laceration,9,63,165,90,20,100,36.7
30109390,3,fall,2,67,150,59,21,100,35.9
30109391,4,back pain,0,93,116,101,20,95,38.2
30109392,3,chest pain,3,78,121,98,16,100,37.6
30109393,4,laceration,4,98,107,61,23,96,36.6
30109394,1,chest pain,6,93,128,106,15,99,37.4
30109395,3,shortness of breath,4,88,111,60,14,97,38.4
30109396,2,shortness of breath,9,98,146,80,19,99,37.3
30109397,2,chest pain,7,83,101,83,19,96,36.7
30109398,4,headache,5,97,121,57,18,100,38.0
30109399,3,headache,5,94,95,106,23,94,36.7
30109400,5,shortness of breath,1,110,98,89,16,95,37.4
30109401,3,chest pain,3,89,146,110,15,98,37.1
30109402,2,fever,8,68,112,80,22,94,37.5
30109403,3,chest pain,0,115,147,85,15,95,37.1
30109404,5,chest pain,5,64,148,89,20,94,35.3
30109405,4,fever,3,103,155,78,22,98,36.5
30109406,3,chest pain,6,64,122,71,17,94,38.0
30109407,2,knee pain,6,77,104,63,24,95,37.8
30109408,3,abdominal pain,7,93,137,79,19,94,37.2
30109409,4,shortness of breath,3,81,129,40,20,96,38.0
30109410,3,fever,6,78,101,55,15,97,38.7
30109411,1,laceration,10,60,119,59,20,99,35.5
30109412,4,laceration,6,60,138,61,15,99,36.7
30109413,3,chest pain,1,76,149,51,13,100,36.1
30109414,3,chest pain,6,101,124,80,19,90,38.4
30109415,2,fall,8,88,114,74,15,94,37.2
30109416,4,laceration,1,96,115,86,19,92,35.9
30109417,3,fall,6,91,129,89,26,97,37.6
30109418,5,headache,2,77,113,117,12,100,36.7
30109419,2,abdominal pain,7,87,111,87,11,100,37.0
30109420,3,shortness of breath,2,79,174,85,13,100,35.5
30109421,3,shortness of breath,1,115,103,85,14,100,35.0
30109422,5,fall,2,61,165,69,17,97,37.6
30109423,3,back pain,0,102,126,80,14,97,37.9
30109424,2,headache,7,72,128,70,26,95,37.9
30109425,4,chest pain,0,73,137,67,17,97,37.0
30109426,2,fall,10,77,117,85,16,89,37.5
30109427,3,fall,0,62,111,72,18,95,36.7
30109428,2,laceration,6,111,86,76,19,96,37.9
30109429,5,headache,7,66,150,82,17,95,35.8
30109430,3,headache,1,89,128,60,11,100,35.6
30109431,3,anxiety,3,95,156,70,18,92,37.2
30109432,3,knee pain,5,86,135,65,18,95,37.0
30109433,1,back pain,10,69,110,113,26,97,36.5
30109434,3,back pain,1,107,133,84,17,94,36.7
30109435,3,chest pain,0,88,116,100,23,100,37.1
30109436,3,fever,2,93,155,81,11,95,38.0
30109437,3,fall,3,105,112,95,21,100,37.5
30109438,4,back pain,6,102,154,94,11,96,38.0
30109439,3,abdominal pain,3,82,148,70,27,95,36.5
30109440,3,shortness of breath,4,81,115,101,16,98,36.5
30109441,3,back pain,2,73,131,96,19,97,37.2
30109442,3,abdominal pain,7,100,151,93,12,100,36.7
30109443,2,abdominal pain,10,96,129,84,18,100,37.9
30109444,3,abdominal pain,1,64,155,83,21,100,37.2
30109445,4,anxiety,3,67,128,86,17,96,38.1
30109446,3,laceration,3,80,120,53,20,100,36.7
30109447,4,back pain,6,92,112,99,22,96,37.0
30109448,4,knee pain,0,100,108,68,17,100,36.4
30109449,3,knee pain,0,108,160,60,15,100,36.8
30109450,3,back pain,6,91,150,76,17,93,37.6
30109451,3,laceration,1,96,109,100,24,96,35.7
30109452,2,shortness of breath,6,70,124,93,13,96,35.8
30109453,2,chest pain,10,79,113,75,21,95,37.3
30109454,3,knee pain,2,90,134,82,18,97,37.6
30109455,5,anxiety,3,64,109,91,18,96,36.6
30109456,3,knee pain,7,65,129,76,12,97,36.8
30109457,3,back pain,4,64,103,80,25,97,36.7
30109458,4,fall,3,125,113,79,18,94,35.3
30109459,2,fall,9,75,125,83,21,100,37.2
30109460,2,fever,10,95,130,88,22,98,36.9
30109461,3,back pain,2,87,118,64,20,90,37.1
30109462,5,headache,7,69,77,98,19,94,36.5
30109463,4,abdominal pain,3,46,155,116,20,100,37.7
30109464,4,back pain,1,65,121,73,15,94,36.0
30109465,3,knee pain,7,79,132,76,22,100,38.1
30109466,3,shortness of breath,4,86,99,80,21,94,36.6
30109467,4,anxiety,5,68,140,87,20,97,36.6
30109468,2,shortness of breath,9,85,99,59,16,95,36.7
30109469,2,laceration,10,92,97,79,17,91,38.0
30109470,2,fall,6,91,97,73,13,97,36.8
30109471,2,shortness of breath,9,69,101,98,22,100,36.3
30109472,3,knee pain,0,93,126,96,8,93,36.5
30109473,2,knee pain,10,82,107,99,20,99,37.5
30109474,3,shortness of breath,0,78,126,67,16,94,36.9
30109475,3,knee pain,6,78,123,69,17,99,36.3
30109476,2,abdominal pain,7,54,139,52,18,94,36.7
30109477,3,shortness of breath,2,101,147,114,17,96,37.0
30109478,3,fever,3,72,130,89,17,100,37.9
30109479,4,laceration,4,104,141,62,18,96,36.0
30109480,3,laceration,0,71,129,75,14,94,36.6
30109481,3,knee pain,1,96,116,86,16,100,35.7
30109482,3,laceration,7,89,142,68,21,100,37.8
30109483,2,shortness of breath,7,80,107,85,14,96,37.5
30109484,3,anxiety,1,70,134,110,25,99,35.9
30109485,3,knee pain,4,98,97,100,14,98,37.6
30109486,3,knee pain,4,109,123,72,19,97,36.8
30109487,4,chest pain,7,91,143,65,19,97,36.4
30109488,3,laceration,7,97,149,67,20,96,36.8
30109489,3,headache,4,110,112,75,22,99,37.4
30109490,2,fever,8,79,145,71,19,93,36.3
30109491,3,fall,2,83,115,59,20,96,36.7
30109492,3,knee pain,3,77,120,101,19,99,37.5
30109493,3,abdominal pain,7,58,144,56,19,93,36.4
30109494,5,shortness of breath,1,98,154,80,21,99,38.2
30109495,2,knee pain,7,66,128,73,18,95,36.6
30109496,3,shortness of breath,2,105,145,74,16,91,37.4
30109497,1,back pain,8,91,111,97,17,96,38.1
30109498,3,fall,0,81,133,77,25,94,37.0
30109499,3,fever,3,109,139,76,15,96,38.4
30109500,3,back pain,0,75,128,83,10,96,37.6
30109501,5,fall,1,90,153,60,17,99,37.1
30109502,2,abdominal pain,9,84,94,73,23,95,36.6
30109503,1,chest pain,10,74,134,74,18,98,36.5
30109504,4,knee pain,1,91,139,90,16,94,36.5
30109505,3,fall,4,109,126,61,18,95,38.0
30109506,4,anxiety,3,79,83,115,24,100,36.4
30109507,4,shortness of breath,3,94,159,89,13,96,37.3
30109508,2,abdominal pain,8,102,116,44,21,96,38.1
30109509,1,chest pain,9,85,105,107,20,92,36.9
30109510,3,back pain,5,77,129,83,17,92,37.7
30109511,2,shortness of breath,6,97,140,40,24,94,37.1
30109512,3,headache,7,61,113,115,15,97,35.8
30109513,4,chest pain,6,97,82,86,9,100,35.8
30109514,2,fall,6,79,121,88,21,99,37.5
30109515,2,headache,10,70,131,113,23,94,37.9
30109516,3,fall,2,77,147,108,18,95,35.8
30109517,3,knee pain,4,78,120,62,16,89,37.0
30109518,2,anxiety,6,92,127,83,23,100,38.6
30109519,3,chest pain,4,75,102,65,16,93,35.5
30109520,3,anxiety,3,103,97,84,11,97,35.6
30109521,1,laceration,7,113,119,104,16,96,37.0
30109522,4,shortness of breath,7,116,123,79,17,98,37.5
30109523,4,fever,0,98,114,95,26,100,38.1
30109524,3,fever,6,79,91,85,14,98,37.1
30109525,2,shortness of breath,8,96,95,74,18,98,35.7
30109526,3,chest pain,2,36,102,83,29,98,36.8
30109527,4,back pain,1,75,140,68,16,99,35.6
30109528,4,anxiety,0,98,154,77,15,93,37.0
30109529,3,fall,2,95,121,76,21,97,37.0
30109530,4,abdominal pain,0,64,153,82,20,96,36.6
30109531,4,anxiety,5,104,134,101,15,95,36.5
30109532,3,headache,2,83,129,84,15,97,37.2
30109533,3,chest pain,6,63,136,100,17,99,36.5
30109534,3,laceration,2,110,93,49,12,100,36.5
30109535,4,anxiety,0,82,138,81,16,94,36.9
30109536,3,fever,5,108,93,75,23,100,36.6
30109537,1,anxiety,10,58,97,96,19,98,37.6
30109538,3,anxiety,6,81,102,102,27,99,37.9
30109539,3,back pain,2,84,111,48,22,94,37.7
30109540,3,anxiety,0,94,133,89,21,96,36.8
30109541,2,chest pain,7,86,104,66,19,99,36.9
30109542,3,chest pain,1,88,142,97,20,97,37.7
30109543,3,knee pain,3,88,156,122,12,97,38.8
30109544,2,fever,7,68,93,103,19,99,37.8
30109545,4,back pain,7,89,147,104,23,97,36.9
30109546,3,chest pain,2,75,142,68,22,98,37.5
30109547,3,laceration,6,94,124,88,16,94,37.3
30109548,3,knee pain,0,105,122,89,18,100,38.0
30109549,3,knee pain,3,87,113,84,9,99,35.3
30109550,3,shortness of breath,4,83,134,72,19,96,36.7
30109551,4,anxiety,6,94,142,98,12,93,37.0
30109552,2,anxiety,9,97,110,92,26,100,36.7
30109553,3,knee pain,5,108,109,101,15,100,36.2
30109554,5,chest pain,4,80,164,103,20,94,36.6
30109555,3,fever,5,94,121,85,14,95,37.8
30109556,3,fall,6,112,112,84,18,96,36.6
30109557,3,back pain,7,81,136,70,20,96,38.3
30109558,3,headache,7,78,124,78,22,95,37.2
30109559,4,fall,4,100,110,98,20,99,36.1
30109560,3,headache,5,92,99,92,16,100,35.9
30109561,4,fever,4,81,135,95,19,95,37.8
30109562,2,shortness of breath,6,105,147,83,18,94,38.0
30109563,3,back pain,6,75,96,83,12,92,36.8
30109564,4,headache,5,97,110,68,22,100,36.9
30109565,3,fever,0,38,145,82,17,97,36.9
30109566,3,headache,5,72,144,93,26,100,38.0
30109567,2,knee pain,10,93,127,76,15,95,37.6
30109568,2,anxiety,10,62,146,71,18,99,35.6
30109569,2,fall,6,99,116,109,19,97,35.5
30109570,3,laceration,4,104,127,101,15,96,37.9
30109571,3,chest pain,6,88,157,67,19,95,35.9
30109572,3,fall,0,79,103,110,12,94,36.3
30109573,1,abdominal pain,7,88,96,76,22,98,37.4
30109574,2,knee pain,9,86,109,78,19,95,37.5
30109575,2,fall,8,97,145,88,22,92,35.5
30109576,3,fall,3,76,112,85,21,94,37.5
30109577,3,shortness of breath,7,94,111,73,20,98,37.1
30109578,5,shortness of breath,2,97,117,66,15,100,36.6
30109579,4,fall,3,78,105,101,13,96,37.4
30109580,3,headache,6,113,118,91,20,97,36.8
30109581,3,fall,5,93,117,87,17,100,36.5
30109582,3,back pain,6,101,138,77,18,97,37.4
30109583,4,laceration,5,93,145,84,20,100,35.1
30109584,3,back pain,2,90,105,78,31,100,38.3
30109585,3,headache,6,86,164,79,23,98,36.1
30109586,3,headache,7,69,133,76,14,97,36.4
30109587,4,fall,0,90,139,101,20,99,39.3
30109588,3,back pain,0,90,127,85,21,92,36.4
30109589,2,fever,7,46,138,75,8,100,38.6
30109590,1,anxiety,10,89,100,69,17,93,36.5
30109591,2,headache,10,71,148,83,18,98,37.6
30109592,4,chest pain,7,112,115,88,25,97,37.1
30109593,3,abdominal pain,5,72,128,61,20,96,37.7
30109594,4,headache,6,93,100,84,18,90,38.2
30109595,4,anxiety,6,78,179,65,10,98,37.5
30109596,2,laceration,10,84,128,50,18,90,37.0
30109597,3,fall,6,94,103,67,12,99,36.3
30109598,3,anxiety,5,74,120,78,17,98,37.1
30109599,3,fall,7,88,124,92,23,95,37.4
30109600,3,chest pain,2,109,114,66,16,95,37.3
30109601,2,headache,10,86,81,99,14,97,36.4
30109602,3,headache,3,91,126,93,17,99,37.7
30109603,3,chest pain,0,114,122,84,20,98,35.7
30109604,3,headache,6,69,122,96,19,100,36.8
30109605,3,anxiety,1,91,115,84,20,98,35.7
30109606,2,fall,7,91,82,48,17,96,36.1
30109607,3,fall,0,95,85,70,16,98,37.7
30109608,4,fever,7,105,123,79,13,97,36.5
30109609,3,shortness of breath,5,101,110,82,14,94,37.3
30109610,3,fall,0,106,126,84,15,99,36.3
30109611,3,knee pain,7,111,140,94,13,96,36.0
30109612,3,laceration,3,87,109,88,19,98,36.7
30109613,5,abdominal pain,4,90,88,59,22,97,36.9
30109614,3,headache,3,76,122,78,10,93,37.4
30109615,4,headache,7,94,132,72,20,97,36.7
30109616,4,back pain,5,110,109,86,21,97,37.0
30109617,3,shortness of breath,7,67,132,85,17,96,37.9
30109618,5,chest pain,7,74,111,61,21,97,36.6
30109619,3,headache,2,91,152,87,20,100,36.1
30109620,4,anxiety,7,48,110,87,13,100,36.2
30109621,1,laceration,8,70,111,107,15,97,36.1
30109622,4,anxiety,5,82,149,82,18,98,36.5
30109623,4,fall,1,82,104,74,9,99,36.6
30109624,1,back pain,10,115,136,70,17,100,37.6
30109625,3,knee pain,1,72,156,103,13,100,39.2
30109626,3,fall,2,90,99,79,20,100,36.9
30109627,3,abdominal pain,2,66,119,48,17,98,37.1
30109628,2,knee pain,6,90,113,94,13,94,37.3
30109629,1,headache,10,98,126,77,17,97,37.9
30109630,3,abdominal pain,7,119,111,75,19,97,37.3
30109631,4,abdominal pain,6,89,149,72,18,100,36.9
30109632,2,laceration,10,96,112,75,20,100,37.3
30109633,3,abdominal pain,4,82,146,84,19,94,38.2
30109634,3,shortness of breath,1,90,99,87,20,100,37.7
30109635,3,chest pain,6,91,95,91,18,95,37.2
30109636,4,shortness of breath,1,77,133,67,25,98,37.5
30109637,2,fall,9,90,142,77,22,95,36.7
30109638,3,shortness of breath,0,96,134,76,14,92,36.4
30109639,3,back pain,1,96,122,77,24,100,37.3
30109640,3,headache,7,82,109,80,19,95,35.3
30109641,3,anxiety,5,88,104,81,24,100,37.3
30109642,4,chest pain,1,84,167,61,23,89,37.0
30109643,3,fall,5,69,103,94,20,100,38.4
30109644,3,shortness of breath,2,63,144,82,30,100,36.3
30109645,2,knee pain,8,80,126,88,17,93,37.1
30109646,3,fall,7,103,103,89,23,96,36.6
30109647,4,chest pain,0,91,143,85,19,96,37.0
30109648,4,fever,7,112,146,91,21,100,37.0
30109649,1,anxiety,6,73,126,74,25,99,36.4
30109650,3,headache,5,79,116,53,19,98,37.1
30109651,3,fall,4,119,125,65,20,100,37.2
30109652,3,shortness of breath,7,95,148,91,24,98,36.6
30109653,3,laceration,0,85,77,88,20,97,37.9
30109654,3,fall,2,88,156,65,8,94,37.3
30109655,4,laceration,2,70,109,119,14,98,36.1
30109656,3,headache,4,97,109,83,16,97,36.6
30109657,4,fall,6,93,112,92,16,92,37.5
30109658,5,headache,4,76,127,90,10,96,38.2
30109659,4,fall,0,100,115,89,19,97,37.9
30109660,3,headache,6,103,121,95,22,100,35.6
30109661,3,fever,2,81,115,116,20,100,38.4
30109662,3,abdominal pain,5,73,116,76,20,100,37.2
30109663,4,knee pain,1,73,119,78,18,98,37.8
30109664,3,back pain,1,90,156,87,20,96,35.5
30109665,4,headache,1,91,134,70,15,97,36.9
30109666,5,abdominal pain,0,81,139,81,19,95,36.9
30109667,3,knee pain,6,72,144,93,18,97,37.5
30109668,3,abdominal pain,2,105,130,61,23,95,37.7
30109669,3,anxiety,2,81,154,62,20,98,36.5
30109670,3,fever,7,63,149,45,20,100,36.9
30109671,4,knee pain,6,50,129,75,15,98,36.2
30109672,2,fever,10,97,144,46,16,97,36.2
30109673,2,chest pain,9,117,156,80,22,95,36.7
30109674,4,fall,5,99,106,112,14,99,37.7
30109675,1,anxiety,9,83,148,92,21,100,37.2
30109676,2,laceration,10,77,125,60,18,99,36.0
30109677,2,chest pain,8,88,133,87,16,96,36.9
30109678,4,laceration,6,93,121,71,17,95,36.0
30109679,3,laceration,0,93,108,91,13,98,38.1
30109680,3,fever,1,79,178,88,14,100,37.0
30109681,3,back pain,3,85,101,103,21,97,35.5
30109682,1,knee pain,8,81,108,66,18,97,37.1
30109683,4,anxiety,7,85,132,110,16,93,38.4
30109684,3,anxiety,5,96,141,100,22,98,38.0
30109685,3,anxiety,7,72,118,69,19,100,36.2
30109686,1,headache,9,80,153,57,13,97,36.6
30109687,4,back pain,5,89,185,96,18,97,35.6
30109688,3,headache,5,78,118,68,19,100,36.3
30109689,3,knee pain,4,76,142,88,17,100,36.7
30109690,4,fever,1,93,89,71,19,97,37.6
30109691,3,headache,7,97,126,87,23,97,37.7
30109692,3,knee pain,6,85,125,65,19,98,37.2
30109693,3,knee pain,2,90,112,61,16,91,37.3
30109694,3,chest pain,7,70,166,75,13,98,36.6
30109695,5,abdominal pain,2,94,117,74,23,99,38.0
30109696,3,back pain,2,72,106,76,10,98,36.3
30109697,4,headache,7,88,113,50,18,95,36.3
30109698,3,back pain,5,90,141,113,21,100,38.5
30109699,3,back pain,4,75,133,77,21,95,35.0
30109700,4,fever,5,101,125,98,17,96,37.3
30109701,4,anxiety,6,80,128,115,20,94,36.2
30109702,3,abdominal pain,2,97,152,71,21,94,36.7
30109703,2,abdominal pain,9,78,151,101,24,97,36.5
30109704,5,abdominal pain,0,98,120,75,25,93,37.1
30109705,4,fever,0,121,170,57,14,100,36.7
30109706,2,headache,7,100,123,96,14,99,37.2
30109707,3,shortness of breath,3,83,102,79,18,91,38.0
30109708,3,anxiety,2,71,132,88,13,97,37.2
30109709,5,chest pain,5,74,121,79,18,95,37.0
30109710,4,shortness of breath,6,73,172,78,24,100,36.9
30109711,3,laceration,6,101,143,66,13,98,36.8
30109712,3,laceration,5,70,128,71,23,99,36.2
30109713,2,headache,7,86,152,75,21,97,35.0
30109714,2,fall,10,91,143,98,18,100,37.4
30109715,2,abdominal pain,6,62,120,71,11,98,38.3
30109716,1,chest pain,7,108,144,91,18,98,35.4
30109717,4,laceration,6,93,156,65,22,99,37.7
30109718,2,chest pain,9,92,125,55,19,90,36.5
30109719,3,fever,2,74,104,80,19,94,37.3
30109720,4,headache,5,85,150,97,21,92,37.2
30109721,4,fall,0,88,151,73,22,98,36.5
30109722,3,fall,0,85,130,76,18,95,36.6
30109723,3,fall,1,93,131,91,10,94,38.0
30109724,2,fall,7,98,134,67,13,96,37.7
30109725,2,anxiety,7,84,118,76,16,100,36.7
30109726,2,chest pain,7,77,132,107,14,96,37.9
30109727,4,back pain,0,79,99,82,22,100,38.9
30109728,3,fever,3,72,108,73,20,100,37.1
30109729,4,headache,6,82,136,107,16,93,37.4
30109730,5,shortness of breath,4,76,138,63,24,96,37.4
30109731,3,back pain,1,68,131,76,16,93,36.1
30109732,2,knee pain,6,80,133,78,21,96,38.1
30109733,2,chest pain,10,97,107,74,13,94,36.8
30109734,3,anxiety,4,61,118,65,17,100,37.3
30109735,1,headache,10,81,128,79,18,98,36.5
30109736,2,fever,9,86,157,81,11,98,38.0
30109737,3,fever,3,86,103,65,22,100,36.8
30109738,3,anxiety,0,51,115,80,20,99,37.5
30109739,4,anxiety,5,73,174,86,21,100,36.8
30109740,2,headache,6,86,120,95,19,94,37.2
30109741,4,anxiety,0,104,139,63,14,94,37.0
30109742,3,shortness of breath,2,87,140,77,25,100,37.4
30109743,4,knee pain,4,98,116,100,23,97,37.1
30109744,3,headache,2,73,114,72,21,96,37.2
30109745,4,chest pain,4,102,148,72,16,97,37.4
30109746,3,fever,4,86,123,89,26,92,36.8
30109747,3,laceration,6,74,142,73,12,100,37.1
30109748,3,chest pain,2,86,164,84,20,96,36.6
30109749,2,knee pain,6,68,92,59,19,96,36.3
30109750,4,abdominal pain,1,102,121,65,19,96,35.2
30109751,4,chest pain,5,88,113,79,26,98,37.3
30109752,2,shortness of breath,9,100,142,77,23,100,35.0
30109753,5,back pain,6,62,113,81,17,100,36.8
30109754,4,headache,2,55,120,70,14,97,36.4
30109755,4,laceration,6,92,116,67,14,95,36.2
30109756,3,knee pain,0,121,138,113,12,100,35.5
30109757,3,fever,0,69,153,88,19,96,37.1
30109758,3,knee pain,0,86,142,90,17,100,36.7
30109759,2,back pain,8,87,101,74,20,99,37.1
30109760,3,laceration,3,82,125,76,15,99,37.6
30109761,1,shortness of breath,9,82,102,78,20,97,37.2
30109762,3,headache,2,85,154,92,19,100,37.5
30109763,3,fever,0,89,146,84,18,95,36.4
30109764,3,fever,3,101,114,89,17,97,37.0
30109765,3,knee pain,1,111,91,51,17,97,38.1
30109766,3,abdominal pain,6,86,138,91,20,96,36.6
30109767,3,fall,0,84,124,89,12,99,36.7
30109768,4,knee pain,7,70,125,95,18,100,35.3
30109769,2,knee pain,10,75,144,71,18,96,38.3
30109770,3,chest pain,4,78,152,42,14,96,37.1
30109771,3,fever,0,118,130,83,15,97,36.8
30109772,3,laceration,1,71,114,94,19,98,36.4
30109773,2,shortness of breath,9,91,143,76,18,100,36.4
30109774,3,anxiety,1,119,164,94,26,98,36.6
30109775,3,chest pain,2,58,124,63,23,99,37.0
30109776,2,fall,7,59,127,76,20,99,38.7
30109777,2,headache,6,77,146,55,18,100,37.7
30109778,2,fever,8,95,132,59,17,98,37.6
30109779,3,anxiety,0,87,133,72,9,99,37.4
30109780,3,abdominal pain,6,70,126,64,22,98,36.7
30109781,4,shortness of breath,5,73,107,87,11,98,37.2
30109782,5,fever,7,78,85,75,19,90,37.2
30109783,3,fever,2,78,134,71,16,98,37.7
30109784,3,fever,2,75,120,79,21,97,36.5
30109785,3,fever,0,103,171,63,16,99,37.4
30109786,3,laceration,2,109,102,87,18,97,36.5
30109787,5,fall,7,81,125,88,11,100,37.3
30109788,3,laceration,1,100,95,72,17,100,37.8
30109789,3,laceration,1,67,115,91,16,95,37.5
30109790,3,fever,3,100,97,84,25,100,38.4
30109791,3,fever,0,103,118,74,26,93,37.2
30109792,3,anxiety,3,70,102,48,24,93,37.5
30109793,3,back pain,5,84,152,100,16,95,36.7
30109794,4,back pain,2,94,110,73,18,100,35.9
30109795,4,fall,4,91,85,61,24,99,37.6
30109796,3,headache,2,85,118,58,11,97,37.0
30109797,4,headache,2,113,110,82,18,95,37.5
30109798,3,back pain,3,70,147,54,20,98,36.2
30109799,3,headache,0,86,97,67,19,94,36.9
30109800,3,headache,6,107,133,81,26,100,36.5
30109801,3,back pain,5,82,100,110,21,97,38.2
30109802,4,abdominal pain,7,83,151,75,14,96,36.6
30109803,3,chest pain,7,93,152,59,13,95,37.2
30109804,3,laceration,7,77,129,85,20,94,37.1
30109805,2,shortness of breath,8,90,98,64,21,95,37.6
30109806,3,fever,7,95,156,98,19,100,36.8
30109807,5,abdominal pain,4,74,122,112,20,100,35.7
30109808,1,shortness of breath,10,79,126,62,19,97,36.0
30109809,4,shortness of breath,7,74,122,71,18,98,37.3
30109810,3,chest pain,2,98,117,94,16,98,36.1
30109811,3,headache,2,115,80,68,17,98,37.3
30109812,3,fever,5,84,121,104,19,98,36.9
30109813,2,anxiety,6,86,150,65,24,98,36.5
30109814,3,fever,2,87,117,91,22,99,38.7
30109815,3,fall,1,68,129,81,17,98,37.7
30109816,3,chest pain,5,88,102,69,16,92,36.1
30109817,3,laceration,4,78,114,50,13,98,36.1
30109818,5,fall,0,78,124,59,18,97,37.7
30109819,4,knee pain,7,80,123,74,18,95,37.3
30109820,4,knee pain,4,77,120,101,20,96,36.9
30109821,4,fever,1,107,156,70,21,94,38.0
30109822,4,headache,1,81,113,84,15,100,36.1
30109823,3,headache,1,91,116,65,20,96,38.4
30109824,3,chest pain,3,93,118,99,20,98,37.1
30109825,4,abdominal pain,3,87,120,80,25,100,36.3
30109826,3,chest pain,7,88,120,62,17,99,36.8
30109827,2,chest pain,6,76,110,87,21,95,37.3
30109828,2,fever,9,76,112,63,27,97,38.2
30109829,3,shortness of breath,3,80,123,78,25,100,37.5
30109830,3,back pain,2,102,128,81,21,98,37.8
30109831,3,fever,6,64,133,67,23,97,38.3
30109832,2,abdominal pain,10,89,132,69,19,98,37.1
30109833,4,laceration,6,100,140,79,20,98,37.1
30109834,4,abdominal pain,2,73,103,93,18,96,37.6
30109835,3,fall,3,69,126,84,19,100,38.0
30109836,3,shortness of breath,6,72,118,81,19,89,38.0
30109837,3,headache,6,105,131,95,17,97,37.0
30109838,4,headache,0,72,129,95,18,97,37.6
30109839,3,headache,7,57,124,90,22,98,38.5
30109840,2,laceration,6,68,117,96,10,100,35.9
30109841,4,chest pain,3,117,152,82,17,99,37.2
30109842,5,back pain,4,83,119,74,19,95,38.1
30109843,3,knee pain,0,85,114,74,20,96,36.4
30109844,3,laceration,1,96,104,59,15,95,36.3
30109845,5,knee pain,4,82,101,80,14,100,37.2
30109846,1,shortness of breath,8,71,105,87,18,99,37.4
30109847,4,chest pain,1,66,127,63,19,92,37.0
30109848,3,abdominal pain,1,99,102,59,17,99,35.9
30109849,3,anxiety,3,77,125,93,16,98,37.6
30109850,3,fever,5,113,117,91,12,99,37.0
30109851,2,shortness of breath,7,78,110,87,15,100,36.3
30109852,4,knee pain,0,71,108,90,14,92,37.8
30109853,4,headache,3,108,96,96,20,99,37.0
30109854,2,anxiety,7,77,137,83,19,96,36.8
30109855,3,abdominal pain,1,76,131,96,19,95,36.4
30109856,4,fever,1,70,104,78,23,98,36.4
30109857,3,knee pain,4,69,112,78,22,95,37.7
30109858,3,back pain,7,89,89,75,17,100,37.3
30109859,2,chest pain,9,93,124,87,18,98,36.5
30109860,5,anxiety,7,104,94,90,21,99,37.6
30109861,3,knee pain,3,82,162,51,18,94,36.2
30109862,2,shortness of breath,8,96,127,113,12,95,36.8
30109863,2,anxiety,9,95,132,78,17,91,35.1
30109864,4,headache,6,80,129,52,24,98,37.1
30109865,3,anxiety,2,70,127,69,14,96,37.5
30109866,3,fever,2,78,126,103,20,92,37.6
30109867,2,chest pain,8,86,96,84,15,96,36.3
30109868,3,knee pain,0,106,120,46,19,100,37.3
30109869,4,abdominal pain,4,95,149,75,16,95,37.1
30109870,4,back pain,2,68,122,78,17,99,37.4
30109871,3,fall,2,100,145,78,18,94,36.5
30109872,2,fall,8,76,157,86,22,95,37.7
30109873,3,back pain,5,99,160,80,20,98,36.9
30109874,2,shortness of breath,6,76,104,87,25,95,36.9
30109875,3,fever,3,75,154,71,19,99,37.1
30109876,3,back pain,2,74,137,65,25,93,37.7
30109877,3,headache,0,93,144,67,22,100,37.1
30109878,3,anxiety,1,82,111,77,15,93,38.7
30109879,2,abdominal pain,9,81,136,80,24,94,36.8
30109880,3,knee pain,0,83,121,99,15,98,36.7
30109881,3,abdominal pain,5,58,93,99,18,99,36.2
30109882,2,headache,6,79,102,74,29,93,37.0
30109883,3,knee pain,7,95,134,78,25,100,37.7
30109884,2,headache,10,103,113,87,12,96,36.6
30109885,3,abdominal pain,6,98,112,78,16,99,36.2
30109886,3,back pain,1,61,128,66,15,97,36.7
30109887,3,fever,1,71,144,100,17,94,37.4
30109888,3,fall,3,103,102,65,20,93,36.7
30109889,1,chest pain,8,82,116,59,24,100,36.5
30109890,5,back pain,3,86,142,60,16,98,35.9
30109891,3,chest pain,7,68,85,74,19,96,36.5
30109892,4,laceration,0,90,151,70,8,99,37.7
30109893,3,fall,1,55,122,100,19,99,38.5
30109894,2,fall,10,95,130,91,23,100,38.1
30109895,3,headache,0,82,152,74,14,99,36.8
30109896,3,knee pain,5,75,114,74,17,91,37.2
30109897,3,laceration,1,100,123,83,26,95,37.0
30109898,4,fall,7,91,135,84,12,100,37.5
30109899,1,chest pain,9,99,89,82,15,100,37.2
30109900,3,chest pain,1,66,131,87,18,93,35.7
30109901,4,shortness of breath,5,92,142,79,14,94,35.7
30109902,2,knee pain,9,112,134,76,14,99,35.6
30109903,3,headache,4,91,119,80,17,93,35.7
30109904,3,fall,3,100,139,78,19,98,37.5
30109905,3,knee pain,3,61,76,58,20,100,37.8
30109906,1,anxiety,6,85,117,73,14,97,36.3
30109907,4,shortness of breath,3,94,116,80,16,99,37.1
30109908,3,back pain,7,77,132,69,21,92,37.9
30109909,1,anxiety,7,77,107,80,20,98,36.3
30109910,3,fall,5,97,137,82,21,97,37.0
30109911,2,chest pain,8,118,148,77,11,99,36.1
30109912,4,fall,2,82,126,69,23,100,37.8
30109913,3,abdominal pain,6,74,147,89,15,98,37.2
30109914,3,chest pain,7,102,115,87,20,99,37.3
30109915,3,fall,4,96,111,115,13,100,38.1
30109916,2,fall,10,71,128,73,21,96,37.2
30109917,3,back pain,5,69,137,97,13,94,36.4
30109918,3,knee pain,1,91,149,72,12,99,36.6
30109919,1,fall,6,94,123,86,16,94,36.6
30109920,2,fever,7,92,132,47,19,100,36.3
30109921,1,headache,9,93,130,91,20,100,36.8
30109922,1,chest pain,10,110,118,68,13,98,35.6
30109923,3,anxiety,1,81,117,88,24,100,37.0
30109924,2,anxiety,8,67,114,75,17,94,38.1
30109925,3,fall,4,97,118,78,17,96,36.0
30109926,1,laceration,9,59,123,78,19,96,36.9
30109927,1,headache,6,69,135,81,13,97,36.8
30109928,2,knee pain,7,83,120,92,22,100,37.3
30109929,3,fever,2,58,132,70,20,100,35.8
30109930,4,shortness of breath,3,83,120,60,14,95,36.4
30109931,3,headache,5,85,120,89,20,95,36.8
30109932,3,anxiety,0,95,122,67,23,98,38.5
30109933,2,shortness of breath,6,82,113,68,19,95,38.0
30109934,2,fever,6,90,130,101,22,96,35.1
30109935,3,chest pain,4,91,119,100,17,94,36.4
30109936,4,chest pain,0,109,73,71,17,98,37.0
30109937,3,chest pain,5,71,154,68,21,96,37.0
30109938,2,shortness of breath,8,81,122,61,11,100,37.4
30109939,3,knee pain,0,110,133,83,21,92,37.0
30109940,3,back pain,0,70,138,94,23,91,36.9
30109941,3,abdominal pain,1,93,146,56,14,96,36.7
30109942,3,laceration,4,99,99,80,15,98,35.4
30109943,2,fall,10,76,149,61,18,99,36.8
30109944,2,headache,10,92,92,87,16,100,36.4
30109945,3,headache,3,98,146,101,16,95,37.2
30109946,5,fall,6,109,143,64,14,93,38.0
30109947,2,anxiety,10,92,133,87,21,97,37.4
30109948,3,anxiety,1,85,123,66,19,95,35.5
30109949,3,fever,1,96,105,68,16,100,37.3
30109950,3,laceration,5,94,121,101,13,97,35.8
30109951,2,fall,6,85,101,72,26,95,35.6
30109952,3,anxiety,0,118,123,79,22,95,36.4
30109953,3,laceration,7,110,144,63,21,97,38.2
30109954,3,shortness of breath,3,105,133,61,16,100,37.9
30109955,3,anxiety,4,79,114,72,15,97,37.2
30109956,3,fever,6,84,179,105,12,97,36.7
30109957,4,laceration,2,82,133,77,26,98,36.5
30109958,3,fever,5,76,134,64,22,96,36.8
30109959,3,abdominal pain,2,67,149,74,14,96,35.8
30109960,2,shortness of breath,7,87,108,63,22,95,37.3
30109961,3,anxiety,4,83,115,78,17,97,37.1
30109962,3,anxiety,5,108,123,78,16,99,37.5
30109963,3,anxiety,7,75,112,80,12,93,36.1
30109964,4,abdominal pain,1,81,133,98,15,94,38.6
30109965,2,laceration,9,97,178,71,15,95,37.5
30109966,1,chest pain,7,81,77,71,14,100,36.6
30109967,3,abdominal pain,2,68,128,82,11,95,37.1
30109968,3,chest pain,3,54,130,59,25,94,35.9
30109969,2,fever,8,79,119,112,18,94,37.0
30109970,3,fever,1,99,106,89,21,100,36.3
30109971,3,anxiety,0,63,119,74,14,93,36.9
30109972,2,chest pain,6,87,114,82,12,97,36.8
30109973,3,abdominal pain,2,74,139,82,23,100,36.2
30109974,3,laceration,3,102,142,77,20,95,36.2
30109975,4,fever,3,91,119,71,20,97,38.2
30109976,1,abdominal pain,8,93,147,91,24,94,37.3
30109977,4,headache,4,101,138,92,18,97,36.0
30109978,3,laceration,3,94,130,85,16,98,37.7
30109979,4,shortness of breath,3,85,130,70,14,97,37.6
30109980,3,laceration,4,106,144,59,15,100,37.7
30109981,1,fall,7,75,124,81,27,97,35.7
30109982,3,laceration,6,73,105,99,17,98,37.6
30109983,3,shortness of breath,2,97,146,92,21,100,37.8
30109984,4,knee pain,1,80,136,54,18,96,36.3
30109985,1,knee pain,8,94,154,63,16,93,37.8
30109986,2,abdominal pain,8,82,107,80,21,98,37.9
30109987,4,shortness of breath,7,113,125,103,16,97,38.7
30109988,3,anxiety,1,67,117,67,17,100,37.4
30109989,3,abdominal pain,6,92,114,94,15,99,36.8
30109990,3,abdominal pain,0,64,134,89,18,98,35.7
30109991,2,knee pain,7,71,121,55,21,96,38.5
30109992,4,headache,4,78,140,63,15,97,37.6
30109993,3,laceration,4,100,100,77,20,94,36.2
30109994,4,chest pain,1,103,99,71,23,95,37.4
30109995,3,fall,2,78,107,85,14,92,36.4
30109996,5,anxiety,0,79,117,76,19,99,37.2
30109997,3,back pain,4,67,132,58,11,96,36.4
30109998,4,shortness of breath,0,64,115,91,21,95,36.7
30109999,4,headache,5,88,97,92,12,93,36.3
30110000,2,headache,8,99,84,81,23,100,37.1
30110001,3,back pain,3,66,124,95,22,93,38.4
30110002,3,headache,6,60,93,81,17,94,36.6
30110003,2,fall,9,87,157,128,12,99,38.4
30110004,3,back pain,5,94,139,75,21,100,36.1
30110005,3,abdominal pain,1,77,109,88,27,96,36.3
30110006,3,fever,7,98,128,69,17,99,38.0
30110007,3,laceration,1,80,159,50,26,99,36.2
30110008,4,back pain,5,72,143,73,14,98,36.8
30110009,1,abdominal pain,6,96,116,67,24,98,36.8
30110010,3,chest pain,2,107,130,97,18,96,37.2
30110011,2,laceration,10,81,109,80,23,99,37.3
30110012,3,anxiety,5,84,130,68,23,96,36.1
30110013,3,back pain,2,91,154,99,21,96,36.8
30110014,2,fever,7,97,97,89,19,95,36.6
30110015,2,laceration,6,102,153,92,12,95,36.7
30110016,3,abdominal pain,2,80,151,89,21,100,36.4
30110017,2,fall,7,88,129,56,16,98,36.5
30110018,3,fall,2,72,103,72,19,100,36.4
30110019,3,laceration,4,73,143,100,24,95,36.4
30110020,2,laceration,10,95,133,74,28,100,37.2
30110021,2,fall,7,64,140,60,16,97,37.7
30110022,4,shortness of breath,2,106,160,77,16,95,36.1
30110023,3,back pain,5,108,118,82,20,97,36.1
30110024,3,shortness of breath,2,82,120,63,22,96,36.7
30110025,3,back pain,0,88,163,57,14,96,37.7
30110026,4,headache,7,85,149,91,23,100,35.7
30110027,2,abdominal pain,10,104,107,98,13,100,37.5
30110028,3,laceration,6,112,143,39,21,96,36.1
30110029,3,abdominal pain,5,98,145,49,17,100,37.5
30110030,2,chest pain,6,103,128,98,16,97,37.5
30110031,3,back pain,2,83,143,103,19,95,36.1
30110032,2,shortness of breath,7,74,120,85,18,95,35.8
30110033,2,shortness of breath,6,96,103,72,16,100,37.6
30110034,3,chest pain,7,95,103,89,16,100,36.3
30110035,3,anxiety,1,104,102,64,21,94,37.5
30110036,3,headache,1,64,121,69,22,96,37.8
30110037,4,abdominal pain,0,95,172,77,19,100,36.2
30110038,5,abdominal pain,4,115,123,95,18,95,36.9
30110039,4,fever,6,122,135,79,16,95,37.6
30110040,3,shortness of breath,6,73,148,86,15,98,35.8
30110041,3,back pain,0,90,97,83,12,100,36.3
30110042,2,back pain,7,90,117,62,25,100,36.4
30110043,4,knee pain,6,87,126,81,21,96,36.6
30110044,3,abdominal pain,2,74,130,62,22,96,38.1
30110045,2,shortness of breath,6,82,143,64,14,98,35.9
30110046,2,knee pain,7,77,161,87,18,96,35.3
30110047,3,knee pain,2,90,151,85,26,100,36.6
30110048,3,abdominal pain,3,61,96,90,19,98,36.6
30110049,2,back pain,10,103,161,55,16,96,36.7
30110050,2,shortness of breath,9,70,115,90,18,100,36.6
30110051,5,shortness of breath,3,77,126,85,22,98,36.0
30110052,3,fever,2,82,135,86,12,97,35.6
30110053,3,back pain,6,85,142,97,20,99,37.9
30110054,4,abdominal pain,6,61,122,75,22,100,38.1
30110055,2,anxiety,6,112,144,69,22,97,36.4
30110056,4,anxiety,2,73,123,82,13,97,36.7
30110057,3,headache,1,95,131,56,18,91,37.1
30110058,2,chest pain,7,99,149,94,16,100,36.3
30110059,3,anxiety,5,100,141,108,16,95,36.7
30110060,3,shortness of breath,3,86,155,56,20,100,36.8
30110061,3,back pain,5,95,124,95,21,98,37.5
30110062,2,chest pain,10,101,117,66,19,89,37.9
30110063,3,fever,5,84,115,88,18,93,37.5
30110064,3,shortness of breath,6,69,127,83,20,100,37.0
30110065,5,abdominal pain,2,98,116,87,13,100,37.5
30110066,3,fall,4,94,129,68,16,97,36.0
30110067,3,abdominal pain,5,92,126,70,17,100,38.1
30110068,3,fever,1,75,145,50,16,100,37.7
30110069,2,headache,9,91,107,79,19,93,38.0
30110070,3,headache,3,80,102,65,21,98,37.8
30110071,4,knee pain,7,96,114,61,22,99,37.4
30110072,2,fever,10,85,125,92,20,97,33.9
30110073,3,anxiety,1,81,123,71,10,93,36.9
30110074,2,abdominal pain,9,89,94,104,17,91,38.0
30110075,2,headache,6,88,146,89,23,97,37.5
30110076,3,fall,3,70,151,75,12,96,37.0
30110077,3,anxiety,6,65,120,84,19,95,36.8
30110078,4,chest pain,3,85,98,60,18,100,36.4
30110079,3,laceration,6,76,99,102,23,100,38.4
30110080,5,back pain,0,94,119,78,12,98,36.5
30110081,2,headache,9,69,140,102,10,98,36.7
30110082,5,knee pain,3,96,130,85,17,94,38.5
30110083,3,headache,4,63,170,93,15,95,37.1
30110084,3,headache,1,85,128,92,24,95,36.8
30110085,3,headache,3,70,99,81,19,97,37.6
30110086,3,shortness of breath,6,72,119,80,23,100,38.1
30110087,2,headache,7,55,97,97,23,98,37.8
30110088,3,back pain,5,110,84,52,18,95,36.0
30110089,2,fever,8,94,108,73,20,97,36.5
30110090,4,headache,4,66,104,58,18,94,37.6
30110091,5,chest pain,4,97,138,105,16,97,37.2
30110092,3,shortness of breath,7,84,92,67,19,91,37.3
30110093,2,abdominal pain,10,96,118,97,17,98,36.1
30110094,2,fall,9,70,147,85,22,100,38.1
30110095,4,headache,0,55,141,47,12,100,36.6
30110096,3,chest pain,7,81,148,73,19,100,36.9
30110097,2,chest pain,7,101,118,82,16,98,37.1
30110098,4,laceration,6,66,118,85,12,93,36.8
30110099,4,laceration,0,103,148,74,25,100,37.0
30110100,4,abdominal pain,7,87,134,66,18,98,38.7
30110101,4,abdominal pain,7,110,144,66,17,95,37.5
30110102,2,fall,10,102,166,105,23,98,35.6
30110103,2,abdominal pain,6,84,126,74,23,95,36.8
30110104,2,fall,6,106,132,53,17,99,38.0
30110105,4,knee pain,4,93,99,96,24,97,36.1
30110106,3,shortness of breath,6,73,134,104,22,98,37.9
30110107,3,knee pain,7,69,108,59,25,100,36.1
30110108,3,abdominal pain,2,89,113,85,19,99,35.9
30110109,3,fall,6,106,142,87,15,97,37.1
30110110,3,shortness of breath,2,100,111,59,14,98,37.2
30110111,3,chest pain,5,72,138,74,20,98,37.0
30110112,2,headache,9,78,122,85,11,91,37.5
30110113,3,laceration,4,71,114,117,7,99,38.2
30110114,3,back pain,0,105,90,76,25,95,37.8
30110115,5,chest pain,3,90,136,75,16,96,36.8
30110116,3,fall,7,73,125,97,12,96,36.7
30110117,1,abdominal pain,8,100,111,76,14,98,38.9
30110118,3,shortness of breath,3,102,136,71,16,96,36.9
30110119,2,back pain,8,86,119,87,13,97,37.5
30110120,3,fever,5,70,107,95,12,99,36.4
30110121,3,fever,7,84,129,59,18,97,36.0
30110122,4,abdominal pain,4,78,124,88,14,97,38.1
30110123,3,fall,1,107,82,66,15,95,37.0
30110124,3,fall,5,89,118,115,18,98,37.2
30110125,1,knee pain,6,82,141,81,15,96,37.8
30110126,2,fall,6,90,113,111,19,100,37.7
30110127,2,fall,10,91,116,105,17,92,37.2
30110128,5,headache,0,92,128,71,17,100,37.8
30110129,3,chest pain,7,95,126,86,19,92,37.3
30110130,3,headache,0,101,137,89,15,98,38.2
30110131,3,abdominal pain,6,76,115,80,22,100,37.1
30110132,3,knee pain,4,100,164,95,16,97,37.9
30110133,3,fever,1,80,159,62,17,96,39.3
30110134,5,anxiety,7,90,143,48,25,96,37.5
30110135,2,fall,10,68,164,77,18,96,37.2
30110136,4,abdominal pain,0,82,122,87,19,96,36.0
30110137,2,fall,8,74,132,79,22,98,36.0
30110138,3,laceration,0,105,119,89,22,90,36.4
30110139,3,back pain,3,84,128,85,15,97,37.6
30110140,2,chest pain,6,87,132,70,17,100,36.9
30110141,2,fall,6,97,123,68,17,97,38.4
30110142,1,fall,7,84,110,99,17,97,36.1
30110143,3,headache,0,79,118,112,21,97,37.0
30110144,4,knee pain,6,78,118,63,18,96,37.1
30110145,3,chest pain,5,67,112,93,22,92,36.3
30110146,3,headache,6,78,125,76,22,94,36.5
30110147,3,anxiety,5,71,146,81,15,96,36.6
30110148,4,chest pain,5,86,137,47,19,97,37.9
30110149,4,fall,2,87,131,88,14,99,37.1
30110150,3,shortness of breath,7,80,121,52,20,97,34.1
30110151,3,fall,3,91,101,102,20,95,37.9
30110152,1,knee pain,8,70,161,70,18,91,36.9
30110153,4,fever,1,85,161,94,16,94,36.3
30110154,3,laceration,3,91,122,56,24,94,36.3
30110155,2,headache,8,106,100,70,18,99,35.9
30110156,3,headache,0,89,137,72,16,95,35.9
30110157,4,chest pain,3,79,137,98,26,98,34.9
30110158,3,headache,0,87,121,101,13,100,36.3
30110159,3,anxiety,3,86,130,106,14,96,36.4
30110160,2,chest pain,8,89,151,74,17,93,36.3
30110161,3,laceration,3,71,143,69,16,99,35.4
30110162,3,back pain,4,90,146,86,18,100,37.9
30110163,4,anxiety,5,81,108,61,20,96,35.4
30110164,3,fall,4,77,95,76,14,91,35.5
30110165,2,shortness of breath,7,97,106,124,15,100,37.0
30110166,3,anxiety,7,60,105,86,19,96,36.8
30110167,3,chest pain,5,80,105,86,26,97,36.9
30110168,3,laceration,5,86,150,102,27,98,37.3
30110169,1,back pain,10,79,158,105,15,100,36.4
30110170,4,abdominal pain,4,86,152,92,22,98,36.2
30110171,3,chest pain,6,97,123,74,14,98,36.9
30110172,3,chest pain,7,85,111,69,19,99,36.3
30110173,2,headache,10,80,127,77,23,94,36.9
30110174,2,shortness of breath,6,61,145,65,18,97,36.2
30110175,4,abdominal pain,6,88,119,70,24,94,37.5
30110176,4,laceration,7,73,143,94,14,96,37.5
30110177,2,anxiety,9,95,114,93,18,92,36.7
30110178,2,laceration,8,92,144,101,12,97,37.7
30110179,3,anxiety,6,94,139,126,14,97,35.3
30110180,3,knee pain,3,82,150,87,17,98,37.8
30110181,4,back pain,1,68,157,86,19,97,36.5
30110182,1,knee pain,9,74,154,83,23,96,37.4
30110183,3,knee pain,6,72,112,87,15,97,36.3
30110184,2,laceration,7,97,104,72,12,97,37.9
30110185,3,chest pain,7,82,153,76,24,99,38.0
30110186,3,abdominal pain,7,46,143,58,21,96,36.6
30110187,1,knee pain,8,105,124,66,23,99,37.2
30110188,4,fall,3,77,97,60,20,95,37.6
30110189,3,knee pain,7,78,88,72,11,96,36.7
30110190,3,headache,2,104,178,99,18,94,36.7
30110191,3,abdominal pain,4,80,145,93,16,95,37.2
30110192,4,chest pain,1,69,138,58,20,100,37.9
30110193,3,fever,2,93,85,97,9,100,37.3
30110194,3,abdominal pain,5,80,138,69,16,99,36.4
30110195,4,headache,1,92,154,84,12,94,38.4
30110196,2,chest pain,7,95,128,60,16,96,36.9
30110197,2,back pain,9,86,75,77,8,97,38.1
30110198,3,anxiety,4,88,127,77,14,93,37.9
30110199,3,shortness of breath,1,78,110,83,15,100,37.4
30110200,2,abdominal pain,10,84,110,88,13,98,37.0
30110201,5,shortness of breath,6,37,158,92,26,99,36.2
30110202,3,laceration,6,117,142,115,17,98,37.7
30110203,3,headache,4,85,110,69,23,96,36.2
30110204,3,shortness of breath,3,90,96,62,24,95,36.8
30110205,3,abdominal pain,6,59,144,63,15,99,37.2
30110206,2,chest pain,9,92,134,63,27,99,35.8
30110207,2,abdominal pain,9,99,122,74,18,91,37.4
30110208,3,headache,3,84,152,72,21,95,37.6
30110209,3,fall,5,86,98,99,15,98,36.5
30110210,4,fall,0,82,128,62,17,100,38.2
30110211,3,abdominal pain,1,97,120,93,23,100,37.9
30110212,3,fall,6,83,131,92,18,97,37.8
30110213,3,back pain,1,91,118,79,22,98,35.7
30110214,4,laceration,0,85,141,77,14,100,37.8
30110215,3,anxiety,2,72,156,71,19,100,36.0
30110216,3,knee pain,0,106,96,74,13,87,37.5
30110217,4,knee pain,1,110,158,47,19,100,36.3
30110218,3,shortness of breath,1,100,173,70,19,95,36.4
30110219,3,abdominal pain,1,74,75,61,20,98,36.9
30110220,3,abdominal pain,0,71,111,86,16,99,37.6
30110221,4,shortness of breath,2,63,114,95,21,95,36.1
30110222,3,abdominal pain,0,109,125,100,15,99,37.3
30110223,3,knee pain,3,88,121,79,22,100,35.9
30110224,3,laceration,7,80,114,81,16,100,37.1
30110225,3,anxiety,1,78,122,68,15,92,38.1
30110226,1,laceration,10,97,118,81,13,96,36.7
30110227,3,fall,5,77,123,64,24,96,38.6
30110228,2,abdominal pain,6,79,127,82,24,91,38.3
30110229,3,shortness of breath,6,94,131,95,16,98,38.0
30110230,3,headache,2,75,138,79,15,100,36.6
30110231,5,headache,7,81,129,87,19,92,37.8
30110232,3,fever,6,65,142,78,19,99,36.7
30110233,4,shortness of breath,7,101,87,72,24,99,38.1
30110234,4,chest pain,7,64,86,106,18,96,36.7
30110235,3,back pain,4,113,143,86,16,93,37.1
30110236,3,headache,7,113,131,97,9,97,37.6
30110237,2,knee pain,6,89,118,91,19,93,37.5
30110238,3,laceration,2,118,128,96,21,96,37.0
30110239,2,back pain,7,86,144,87,16,97,36.8
30110240,1,headache,8,96,112,78,19,97,37.7
30110241,3,headache,5,105,108,90,22,94,37.1
30110242,3,fever,3,100,113,96,17,94,36.5
30110243,3,abdominal pain,6,64,107,108,20,95,37.2
30110244,4,knee pain,0,92,164,71,23,98,36.2
30110245,2,headache,6,91,113,102,26,99,36.7
30110246,3,abdominal pain,7,102,149,80,20,100,36.1
30110247,1,chest pain,8,67,84,71,14,100,36.9
30110248,3,fall,7,100,94,124,24,95,36.6
30110249,2,shortness of breath,10,101,117,93,21,95,35.8
30110250,4,fall,0,71,134,88,24,99,36.8
30110251,2,headache,9,95,121,77,20,100,38.4
30110252,3,anxiety,6,93,131,89,14,93,37.6
30110253,3,fall,6,83,130,83,20,96,38.2
30110254,4,shortness of breath,0,81,111,72,15,97,36.9
30110255,3,headache,1,93,134,110,15,96,38.2
30110256,3,shortness of breath,6,79,159,60,16,98,37.0
30110257,1,fall,7,67,100,76,20,94,36.5
30110258,3,anxiety,0,113,73,49,16,99,37.1
30110259,3,headache,2,84,135,72,18,97,37.8
30110260,3,laceration,5,92,117,112,14,96,37.4
30110261,3,shortness of breath,5,99,86,89,19,99,35.6
30110262,3,chest pain,1,74,95,90,10,98,35.5
30110263,4,fever,3,76,137,70,4,95,36.6
30110264,5,knee pain,4,95,136,78,15,100,37.4
30110265,4,back pain,2,59,187,102,21,97,38.9
30110266,3,fever,0,94,87,86,17,97,38.0
30110267,5,fall,1,97,95,70,13,98,37.4
30110268,3,chest pain,1,104,141,79,19,97,36.4
30110269,3,shortness of breath,3,89,150,85,15,95,35.2
30110270,4,back pain,5,83,133,78,16,97,37.7
30110271,4,laceration,0,106,105,75,15,91,35.6
30110272,4,chest pain,1,99,141,72,22,100,37.5
30110273,3,headache,2,85,146,77,22,100,37.9
30110274,4,anxiety,6,71,145,97,19,100,37.7
30110275,4,fever,4,69,125,89,21,96,37.8
30110276,4,fever,0,84,118,106,17,100,37.5
30110277,3,fever,0,81,133,90,22,92,37.2
30110278,4,headache,1,126,127,72,18,92,36.7
30110279,3,back pain,0,82,100,105,21,98,35.7
30110280,3,laceration,0,83,122,82,26,93,37.2
30110281,3,headache,3,90,106,91,11,95,37.2
30110282,2,chest pain,6,109,131,76,22,99,38.0
30110283,3,anxiety,5,95,109,80,24,99,36.2
30110284,2,chest pain,6,93,135,82,23,100,36.9
30110285,3,laceration,2,87,120,78,22,100,37.0
30110286,3,fall,2,101,144,70,18,96,38.4
30110287,3,fall,3,94,124,110,20,95,37.1
30110288,3,shortness of breath,0,80,153,69,16,100,36.9
30110289,3,laceration,0,66,143,63,16,98,36.1
30110290,4,knee pain,3,103,125,83,16,96,36.9
30110291,2,abdominal pain,6,89,136,68,13,98,37.1
30110292,3,fall,3,107,131,47,23,99,37.3
30110293,2,headache,8,91,159,72,12,98,36.7
30110294,4,fever,6,98,95,72,11,92,37.9
30110295,4,laceration,5,91,87,55,17,100,36.2
30110296,3,fever,3,92,116,59,20,100,37.3
30110297,3,anxiety,1,110,129,49,12,94,37.9
30110298,3,chest pain,1,85,124,88,16,98,35.4
30110299,3,headache,1,105,147,76,18,98,37.8
30110300,4,headache,2,82,113,106,19,95,36.7
30110301,3,chest pain,7,78,113,70,23,98,37.8
30110302,3,knee pain,6,84,130,88,18,97,35.6
30110303,3,fall,5,105,134,57,17,99,37.5
30110304,2,shortness of breath,7,97,107,65,24,91,36.9
30110305,3,shortness of breath,3,86,132,83,10,97,37.5
30110306,4,shortness of breath,4,86,133,98,20,98,37.2
30110307,3,knee pain,5,89,110,74,16,96,38.5
30110308,3,fall,0,88,109,79,22,98,36.8
30110309,3,laceration,0,90,118,54,14,98,36.2
30110310,3,abdominal pain,0,96,106,97,25,97,35.0
30110311,2,abdominal pain,6,97,112,60,19,95,36.4
30110312,5,knee pain,1,89,142,60,24,97,38.2
30110313,5,headache,7,94,126,93,21,98,35.8
30110314,2,laceration,8,85,98,54,20,90,37.9
30110315,3,shortness of breath,5,94,145,99,18,96,38.2
30110316,3,back pain,7,84,123,58,16,95,36.3
30110317,4,back pain,1,92,134,101,22,100,38.2
30110318,2,abdominal pain,7,86,97,93,23,97,37.3
30110319,5,abdominal pain,5,113,106,55,18,100,36.8
30110320,2,knee pain,9,94,121,85,13,100,37.7
30110321,3,chest pain,7,80,125,73,15,93,36.4
30110322,3,abdominal pain,3,94,141,89,10,98,35.5
30110323,3,abdominal pain,4,72,119,95,23,96,37.8
30110324,5,shortness of breath,7,106,146,102,20,98,36.5
30110325,2,headache,8,91,116,110,17,99,38.0
30110326,3,fever,3,109,138,81,23,100,36.0
30110327,3,fever,4,98,153,97,18,97,38.0
30110328,3,fever,1,78,139,67,18,94,37.7
30110329,3,headache,5,88,117,78,19,92,37.4
30110330,3,laceration,6,100,132,70,24,96,37.1
30110331,3,abdominal pain,4,92,142,73,24,100,37.1
30110332,3,anxiety,6,106,102,85,20,98,36.8
30110333,3,chest pain,0,65,154,86,15,94,37.8
30110334,4,fever,7,79,124,90,17,97,36.2
30110335,3,back pain,3,59,137,95,16,98,38.6
30110336,3,fever,2,76,112,87,17,94,37.1
30110337,4,fall,5,83,133,91,20,100,38.2
30110338,4,fall,3,80,143,35,12,98,37.6
30110339,3,fall,1,82,116,86,17,99,37.8
30110340,4,anxiety,6,117,96,86,22,99,38.2
30110341,1,back pain,7,97,139,81,27,99,36.5
30110342,2,headache,7,86,113,86,24,100,36.4
30110343,4,chest pain,1,80,131,100,14,99,37.7
30110344,3,laceration,0,114,159,84,22,99,36.9
30110345,3,fever,2,92,108,124,21,92,37.3
30110346,3,chest pain,5,67,137,87,18,100,36.4
30110347,3,shortness of breath,0,63,113,94,27,98,37.8
30110348,2,chest pain,8,86,125,101,18,98,37.0
30110349,2,fever,8,60,152,76,19,91,36.1
30110350,3,chest pain,2,108,144,81,22,98,37.1
30110351,3,chest pain,1,79,119,92,20,98,35.9
30110352,4,laceration,7,81,144,61,13,95,37.6
30110353,3,abdominal pain,1,79,153,91,13,97,38.0
30110354,3,headache,1,80,115,93,12,97,37.1
30110355,4,anxiety,0,78,89,107,21,98,37.0
30110356,3,chest pain,7,100,120,130,15,93,36.9
30110357,3,chest pain,7,79,133,78,17,97,35.8
30110358,4,abdominal pain,1,73,130,79,13,100,37.3
30110359,5,anxiety,1,104,134,65,13,98,36.9
30110360,2,knee pain,6,111,109,98,17,96,36.6
30110361,3,knee pain,4,95,91,81,20,96,37.6
30110362,3,shortness of breath,7,63,168,112,21,92,37.2
30110363,3,shortness of breath,1,81,141,85,13,98,36.1
30110364,2,shortness of breath,7,102,144,79,18,100,37.0
30110365,3,back pain,0,89,154,94,23,97,37.6
30110366,3,anxiety,2,111,109,75,16,93,37.5
30110367,2,anxiety,6,101,127,93,18,99,36.9
30110368,3,fall,3,85,134,89,12,96,38.4
30110369,3,anxiety,0,94,123,71,18,96,36.3
30110370,2,anxiety,7,85,126,100,21,92,37.5
30110371,3,knee pain,4,48,140,109,21,89,36.9
30110372,3,knee pain,1,69,110,42,17,91,37.3
30110373,3,headache,2,59,118,77,16,97,38.3
30110374,3,fever,4,91,124,86,19,95,37.0
30110375,3,shortness of breath,5,80,150,87,12,87,36.3
30110376,3,fall,0,103,160,79,21,99,37.0
30110377,3,knee pain,4,94,155,75,19,94,37.5
30110378,3,laceration,2,89,120,85,11,97,37.5
30110379,3,anxiety,1,79,137,95,20,100,37.6
30110380,3,knee pain,7,86,107,94,14,100,38.1
30110381,3,fever,1,90,142,80,19,94,36.5
30110382,2,laceration,8,72,101,81,18,94,37.3
30110383,3,laceration,7,52,120,73,13,98,37.0
30110384,2,abdominal pain,9,73,118,56,16,96,37.3
30110385,4,fever,3,46,141,99,19,96,38.0
30110386,5,knee pain,6,67,106,112,18,94,36.5
30110387,4,chest pain,0,100,146,77,24,94,37.5
30110388,3,knee pain,6,62,157,79,18,94,36.6
30110389,4,fever,2,63,115,85,24,97,37.5
30110390,2,abdominal pain,6,93,120,79,21,93,37.8
30110391,3,fever,7,93,157,99,14,92,38.2
30110392,2,abdominal pain,8,79,107,76,20,96,37.2
30110393,3,abdominal pain,5,69,126,67,18,99,37.3
30110394,3,fever,2,78,121,72,18,100,38.1
30110395,4,chest pain,5,89,116,73,16,96,35.1
30110396,4,back pain,0,87,98,58,20,97,37.5
30110397,2,abdominal pain,8,98,97,100,15,97,37.4
30110398,2,fever,8,74,107,107,16,99,37.4
30110399,3,knee pain,6,103,113,91,26,94,37.6
30110400,1,knee pain,7,75,91,92,23,96,36.7
30110401,4,shortness of breath,6,97,105,83,19,100,36.5
30110402,4,shortness of breath,6,77,126,50,19,97,37.0
30110403,3,shortness of breath,2,80,127,58,17,97,37.2
30110404,1,shortness of breath,7,90,122,65,27,99,36.0
30110405,4,fever,0,103,127,85,13,99,38.3
30110406,3,fever,6,93,120,90,18,97,36.4
30110407,1,fall,8,63,140,90,15,95,36.5
30110408,3,laceration,7,77,147,92,19,100,35.0
30110409,3,fever,3,83,118,64,18,100,37.2
30110410,4,back pain,2,90,147,82,12,95,37.4
30110411,4,anxiety,6,95,120,64,11,98,37.2
30110412,3,fall,5,84,140,79,16,98,38.3
30110413,1,shortness of breath,10,58,101,68,17,100,38.0
30110414,2,abdominal pain,7,88,153,85,23,91,37.4
30110415,5,fever,6,71,107,80,14,100,36.6
30110416,4,abdominal pain,6,73,107,98,19,93,36.3
30110417,4,chest pain,0,91,168,87,21,95,37.4
30110418,3,shortness of breath,5,71,131,85,14,98,35.4
30110419,3,knee pain,0,86,109,46,17,100,36.5
30110420,3,abdominal pain,4,92,105,82,17,97,36.5
30110421,3,abdominal pain,7,87,129,85,25,100,36.6
30110422,3,headache,5,57,141,58,17,96,37.7
30110423,3,chest pain,0,81,141,92,21,91,36.5
30110424,4,back pain,2,72,142,68,16,100,36.7
30110425,4,anxiety,0,101,98,96,23,100,36.8
30110426,3,abdominal pain,1,89,100,90,16,100,37.7
30110427,4,abdominal pain,3,75,99,100,15,100,36.8
30110428,3,headache,0,70,115,74,21,100,36.6
30110429,2,headache,6,91,116,93,20,95,37.9
30110430,2,chest pain,8,54,163,63,19,99,36.6
30110431,3,headache,1,95,102,91,10,96,36.4
30110432,4,headache,1,79,88,97,17,100,37.5
30110433,3,anxiety,7,55,123,88,20,95,37.7
30110434,3,chest pain,4,94,135,41,17,99,36.7
30110435,3,abdominal pain,6,83,143,71,21,99,37.0
30110436,3,abdominal pain,1,64,144,87,17,98,38.4
30110437,2,fall,6,82,106,92,16,100,37.0
30110438,4,chest pain,6,89,117,51,20,94,37.5
30110439,3,fever,2,90,134,82,22,94,37.3
30110440,3,anxiety,3,92,167,103,15,95,38.7
30110441,5,abdominal pain,1,73,124,100,12,100,36.4
30110442,3,chest pain,2,80,105,88,18,96,38.2
30110443,3,anxiety,1,76,145,60,11,95,37.5
30110444,3,anxiety,2,82,90,68,12,96,38.2
30110445,3,abdominal pain,0,97,111,75,15,93,36.8
30110446,4,headache,6,74,106,77,15,96,35.8
30110447,3,back pain,6,94,54,49,17,93,35.5
30110448,3,anxiety,3,78,80,60,24,98,36.3
30110449,2,abdominal pain,7,97,103,75,20,97,36.6
30110450,3,laceration,4,95,120,68,23,98,37.9
30110451,4,back pain,5,89,142,68,24,96,37.5
30110452,4,knee pain,0,81,93,71,16,97,34.7
30110453,4,chest pain,6,74,89,71,21,98,37.6
30110454,3,abdominal pain,6,82,152,84,14,95,35.8
30110455,2,knee pain,10,84,104,70,21,99,36.4
30110456,3,headache,0,79,110,69,25,100,36.0
30110457,3,headache,0,60,128,62,19,97,37.6
30110458,3,knee pain,4,79,118,88,16,100,36.4
30110459,4,abdominal pain,1,85,96,69,18,98,37.0
30110460,4,shortness of breath,6,66,156,95,22,100,37.3
30110461,2,anxiety,9,103,142,112,26,96,37.0
30110462,4,back pain,5,108,133,94,18,100,37.5
30110463,4,shortness of breath,5,111,112,55,27,96,36.5
30110464,4,headache,7,102,137,65,18,99,35.7
30110465,4,abdominal pain,2,78,145,86,13,99,37.6
30110466,3,knee pain,7,80,118,87,15,94,36.5
30110467,2,headache,10,60,118,75,24,98,37.0
30110468,3,fever,0,105,112,99,18,97,37.7
30110469,3,back pain,6,67,141,101,17,95,38.3
30110470,4,laceration,6,70,129,92,9,96,36.8
30110471,3,shortness of breath,6,103,103,60,22,96,37.9
30110472,3,laceration,3,102,127,92,22,99,36.5
30110473,3,chest pain,0,87,139,76,19,100,36.7
30110474,4,knee pain,5,102,122,83,13,100,36.8
30110475,1,anxiety,7,56,142,81,16,97,37.3
30110476,3,back pain,0,88,102,57,26,98,36.3
30110477,3,fever,2,98,129,82,12,99,36.9
30110478,3,shortness of breath,1,89,151,78,21,96,35.7
30110479,4,headache,0,77,131,80,8,98,37.1
30110480,4,knee pain,2,94,140,93,13,98,37.2
30110481,3,fall,3,102,110,95,11,100,38.2
30110482,4,abdominal pain,7,77,142,78,16,95,37.5
30110483,1,laceration,6,116,147,86,19,96,37.3
30110484,5,knee pain,6,111,141,77,18,100,38.5
30110485,4,fall,1,84,134,67,18,98,37.8
30110486,1,fall,6,95,124,57,16,100,37.4
30110487,3,fever,0,80,100,79,22,99,38.3
30110488,2,back pain,6,90,82,70,19,95,35.6
30110489,1,laceration,9,107,151,77,17,97,36.9
30110490,3,laceration,1,94,142,77,18,95,37.8
30110491,3,anxiety,7,80,85,81,18,100,37.5
30110492,3,shortness of breath,0,111,90,89,15,97,37.5
30110493,1,chest pain,9,75,143,81,22,100,37.0
30110494,4,headache,7,82,118,79,19,98,36.6
30110495,2,shortness of breath,6,71,130,107,19,100,36.9
30110496,3,abdominal pain,0,79,132,89,14,95,36.6
30110497,2,headache,8,103,125,73,16,100,36.5
30110498,4,anxiety,3,76,134,88,14,93,36.6
30110499,4,headache,3,72,133,89,17,93,37.3
30110500,3,knee pain,0,84,137,78,18,99,36.8
30110501,5,fall,1,83,136,79,18,98,36.0
30110502,3,abdominal pain,6,107,102,83,16,95,35.7
30110503,3,knee pain,2,104,126,59,19,98,35.8
30110504,4,back pain,6,83,159,79,19,94,35.1
30110505,2,shortness of breath,9,82,135,96,20,93,37.6
30110506,2,shortness of breath,7,84,105,86,15,97,36.3
30110507,3,shortness of breath,3,79,131,70,22,90,36.4
30110508,3,chest pain,7,75,123,66,11,100,37.6
30110509,4,laceration,2,100,146,78,16,98,37.9
30110510,4,anxiety,4,54,95,106,25,94,36.7
30110511,2,knee pain,7,75,77,70,16,97,36.7
30110512,3,fall,2,52,106,69,16,97,37.0
30110513,3,laceration,6,93,139,78,16,100,38.0
30110514,3,anxiety,1,85,130,95,21,96,35.7
30110515,4,anxiety,7,90,132,74,17,98,37.8
30110516,2,knee pain,9,87,124,86,18,94,36.9
30110517,3,chest pain,6,93,136,65,16,100,36.8
30110518,4,abdominal pain,3,90,102,92,17,97,36.9
30110519,3,fall,2,125,145,66,19,98,36.5
30110520,4,shortness of breath,6,75,125,92,15,93,38.0
30110521,2,knee pain,6,72,146,56,19,94,36.4
30110522,2,knee pain,8,105,119,78,17,98,35.7
30110523,3,headache,2,73,118,78,15,92,37.6
30110524,2,anxiety,6,104,122,79,18,99,36.7
30110525,1,chest pain,6,86,122,80,19,90,36.8
30110526,3,chest pain,3,111,129,57,15,94,38.2
30110527,4,fever,5,104,156,65,24,97,37.5
30110528,2,shortness of breath,9,48,123,58,14,96,36.4
30110529,2,shortness of breath,7,70,99,87,15,100,37.1
30110530,3,anxiety,7,99,113,75,16,96,36.3
30110531,2,chest pain,8,82,138,98,11,97,36.5
30110532,3,abdominal pain,1,100,105,52,25,100,37.2
30110533,4,shortness of breath,0,103,93,85,22,98,36.4
30110534,3,laceration,5,97,120,65,22,94,37.1
30110535,3,shortness of breath,3,77,104,93,25,97,36.7
30110536,2,knee pain,10,79,145,71,20,99,36.8
30110537,4,abdominal pain,7,72,140,63,20,94,36.5
30110538,3,anxiety,7,72,102,85,24,94,38.0
30110539,3,fall,2,93,91,93,16,99,37.1
30110540,2,back pain,9,76,112,88,18,100,37.3
30110541,3,knee pain,3,70,158,69,17,94,38.4
30110542,2,anxiety,10,88,129,84,16,99,36.7
30110543,3,shortness of breath,6,92,118,71,19,97,35.8
30110544,2,knee pain,8,88,165,84,29,98,36.5
30110545,4,abdominal pain,5,103,113,104,15,94,37.8
30110546,2,chest pain,6,84,137,97,12,93,37.6
30110547,3,back pain,6,75,129,99,10,95,37.7
30110548,4,back pain,6,81,120,87,21,98,37.5
30110549,3,knee pain,2,87,124,73,23,92,36.7
30110550,2,headache,8,65,116,86,22,98,37.4
30110551,3,shortness of breath,2,94,138,68,20,96,36.3
30110552,2,laceration,8,80,104,89,18,100,36.6
30110553,1,anxiety,9,46,117,78,16,100,38.2
30110554,3,laceration,5,80,105,80,27,97,37.9
30110555,3,knee pain,0,95,151,81,17,96,36.4
30110556,3,fall,4,68,135,54,20,97,38.3
30110557,1,headache,8,116,84,83,15,95,36.4
30110558,3,back pain,7,86,120,63,13,98,35.2
30110559,4,laceration,0,85,100,74,21,99,36.6
30110560,2,abdominal pain,8,52,95,65,17,100,37.4
30110561,3,back pain,4,104,129,61,16,97,36.8
30110562,3,abdominal pain,7,83,111,77,21,90,36.6
30110563,3,fall,4,91,129,70,19,96,37.8
30110564,3,anxiety,0,116,141,93,20,100,36.6
30110565,3,laceration,4,83,106,73,28,97,36.3
30110566,3,shortness of breath,6,93,152,47,21,98,36.9
30110567,1,shortness of breath,6,79,124,75,16,100,38.3
30110568,5,back pain,0,107,135,73,19,99,36.6
30110569,3,laceration,5,68,122,104,18,95,36.6
30110570,3,anxiety,2,62,115,80,15,100,36.6
30110571,2,shortness of breath,9,70,146,101,13,100,35.3
30110572,5,fever,0,79,108,107,9,97,37.4
30110573,5,knee pain,1,84,131,129,20,99,37.3
30110574,3,fall,0,91,104,108,7,98,38.1
30110575,3,knee pain,6,121,120,70,17,100,36.4
30110576,3,abdominal pain,0,103,138,86,27,99,36.3
30110577,2,shortness of breath,7,79,124,101,17,98,36.5
30110578,5,anxiety,1,75,145,82,18,94,37.2
30110579,4,anxiety,4,93,125,75,17,95,36.2
30110580,3,chest pain,4,95,135,113,16,94,36.6
30110581,3,back pain,1,98,153,43,14,97,35.6
30110582,2,knee pain,8,81,103,90,12,95,36.4
30110583,2,anxiety,9,110,111,97,16,98,37.4
30110584,3,shortness of breath,5,105,108,98,24,100,38.8
30110585,3,shortness of breath,0,88,119,71,17,100,37.1
30110586,4,chest pain,7,79,115,77,18,95,37.7
30110587,2,headache,8,81,134,62,15,99,35.6
30110588,3,abdominal pain,6,66,148,90,19,96,37.5
30110589,3,headache,5,83,97,46,18,98,37.2
30110590,5,back pain,6,62,118,110,22,100,37.7
30110591,3,knee pain,4,80,146,53,21,93,38.2
30110592,3,abdominal pain,3,76,125,92,15,94,37.2
30110593,2,chest pain,7,100,122,84,20,99,36.8
30110594,2,laceration,7,65,81,83,16,96,38.2
30110595,3,back pain,3,99,103,96,25,92,36.6
30110596,2,chest pain,7,84,101,99,26,97,37.4
30110597,2,headache,7,123,107,86,27,95,37.0
30110598,2,abdominal pain,7,85,141,101,18,100,37.4
30110599,3,chest pain,5,74,69,94,19,93,37.0
30110600,2,abdominal pain,6,98,129,96,16,97,37.7
30110601,3,anxiety,5,91,143,84,22,98,35.8
30110602,3,fever,1,98,121,80,17,96,37.5
30110603,5,fall,1,68,126,89,16,98,36.5
30110604,3,laceration,6,84,99,86,29,99,38.0
30110605,3,headache,4,89,130,90,16,98,36.3
30110606,1,abdominal pain,8,76,156,82,20,95,37.7
30110607,4,back pain,5,81,123,85,22,96,37.3
30110608,2,chest pain,9,56,118,44,18,96,34.9
30110609,3,shortness of breath,7,80,88,99,13,95,38.3
30110610,3,headache,0,86,131,92,19,97,37.2
30110611,3,headache,3,78,135,60,18,100,39.0
30110612,3,headache,3,67,141,71,12,97,37.5
30110613,4,laceration,0,120,138,95,21,100,37.2
30110614,3,knee pain,7,90,104,96,19,97,36.1
30110615,3,fever,1,79,105,81,19,93,36.9
30110616,3,abdominal pain,2,89,149,84,14,98,37.0
30110617,3,back pain,0,92,103,83,20,100,37.4
30110618,2,headache,9,74,96,100,15,95,37.1
30110619,2,fall,9,72,109,102,19,98,35.7
30110620,3,fall,7,60,79,72,16,99,37.0
30110621,2,anxiety,9,73,105,79,17,98,38.5
30110622,2,fall,8,92,121,77,21,99,37.7
30110623,1,anxiety,7,62,133,91,18,99,36.6
30110624,4,abdominal pain,2,80,138,78,25,100,36.6
30110625,3,back pain,6,89,139,81,19,91,35.7
30110626,3,knee pain,6,90,115,78,19,97,37.3
30110627,3,back pain,4,81,130,97,16,97,36.2
30110628,4,back pain,6,80,120,88,21,95,37.0
30110629,3,shortness of breath,7,81,132,81,18,94,37.7
30110630,4,laceration,4,73,105,59,10,92,37.4
30110631,4,knee pain,6,51,134,81,19,99,37.9
30110632,3,shortness of breath,0,84,111,74,15,95,35.8
30110633,3,fall,2,73,167,103,14,97,36.2
30110634,1,knee pain,6,93,136,88,25,92,36.3
30110635,2,abdominal pain,9,84,120,103,13,100,36.4
30110636,5,abdominal pain,1,109,127,54,18,94,37.7
30110637,3,fever,7,114,149,82,13,95,37.1
30110638,3,anxiety,7,71,124,92,16,93,37.0
30110639,3,back pain,7,53,116,81,21,95,38.3
30110640,5,headache,0,82,128,87,19,100,36.8
30110641,3,abdominal pain,0,57,156,58,17,98,36.5
30110642,3,anxiety,0,60,98,59,13,99,37.5
30110643,3,fever,4,92,118,100,17,99,38.1
30110644,3,fever,0,74,106,60,18,99,36.5
30110645,3,knee pain,0,87,114,92,16,100,36.8
30110646,4,shortness of breath,2,105,123,95,17,96,37.2
30110647,1,laceration,8,127,127,55,19,94,37.2
30110648,2,back pain,10,80,118,89,15,97,37.4
30110649,5,laceration,7,113,117,70,17,99,37.4
30110650,3,chest pain,3,76,159,87,17,97,36.0
30110651,4,abdominal pain,1,113,87,64,20,99,37.1
30110652,5,fever,5,79,137,88,12,100,37.2
30110653,3,chest pain,4,77,129,80,22,98,36.0
30110654,4,back pain,7,85,101,111,22,100,35.7
30110655,1,back pain,10,120,116,84,16,97,37.2
30110656,3,abdominal pain,7,119,138,53,11,98,35.5
30110657,2,fall,9,92,131,70,16,95,37.4
30110658,2,fall,6,76,110,83,18,96,36.5
30110659,4,anxiety,4,95,125,57,15,99,36.9
30110660,2,knee pain,6,91,132,95,18,99,36.2
30110661,3,anxiety,3,85,114,67,18,100,38.0
30110662,3,back pain,4,80,128,106,22,99,38.8
30110663,3,chest pain,6,87,127,95,13,91,37.0
30110664,3,fever,2,71,133,88,15,99,37.5
30110665,5,anxiety,6,108,104,85,21,100,36.8
30110666,3,fever,7,87,132,110,21,100,37.2
30110667,1,back pain,9,75,156,59,22,96,36.9
30110668,3,back pain,5,106,104,74,9,97,36.1
30110669,4,abdominal pain,0,81,120,102,19,95,36.4
30110670,2,chest pain,10,106,101,115,27,98,38.3
30110671,4,knee pain,5,76,136,81,13,93,37.2
30110672,3,abdominal pain,5,93,114,68,17,97,36.9
30110673,3,fever,4,78,87,90,19,89,38.3
30110674,3,shortness of breath,3,129,118,70,22,99,37.0
30110675,4,fever,4,80,133,93,15,97,36.3
30110676,2,knee pain,8,68,141,79,18,91,36.6
30110677,1,shortness of breath,7,93,107,54,17,94,36.8
30110678,4,headache,4,71,112,56,17,98,36.7
30110679,2,knee pain,9,79,117,76,23,99,37.5
30110680,4,fever,6,78,160,80,10,100,37.2
30110681,3,shortness of breath,7,90,120,102,15,96,38.3
30110682,4,anxiety,5,104,101,78,19,93,36.9
30110683,2,anxiety,7,94,146,110,17,96,37.9
30110684,4,back pain,6,75,181,94,21,96,36.6
30110685,2,fever,6,91,118,58,21,96,37.2
30110686,3,headache,0,87,119,64,24,97,37.6
30110687,3,headache,4,92,160,83,14,95,37.3
30110688,4,fever,1,67,95,87,17,98,36.3
30110689,1,back pain,9,97,129,83,21,100,36.9
30110690,3,shortness of breath,4,78,130,83,20,100,36.3
30110691,2,shortness of breath,8,99,115,93,10,92,36.0
30110692,2,anxiety,8,80,126,81,25,93,37.8
30110693,4,fever,2,63,114,82,13,91,36.9
30110694,3,abdominal pain,3,96,126,114,14,92,36.9
30110695,4,headache,0,81,119,69,14,98,37.6
30110696,4,chest pain,1,97,143,101,16,98,36.3
30110697,5,anxiety,0,117,139,74,13,97,35.5
30110698,3,chest pain,7,95,118,65,16,94,37.3
30110699,3,headache,4,74,165,67,21,97,37.6
30110700,3,back pain,1,107,131,110,26,98,38.0
30110701,3,fall,7,98,133,92,18,100,35.5
30110702,2,chest pain,8,85,151,60,24,95,37.5
30110703,2,shortness of breath,8,63,127,75,20,100,36.1
30110704,2,shortness of breath,7,85,121,87,15,95,37.6
30110705,3,fever,4,96,126,71,21,93,37.2
30110706,3,back pain,3,66,105,77,20,94,36.3
30110707,3,abdominal pain,2,98,154,97,15,97,36.4
30110708,1,laceration,10,94,117,61,12,100,37.3
30110709,3,headache,4,75,147,83,29,95,36.7
30110710,3,knee pain,6,92,118,104,22,96,37.4
30110711,3,fever,4,101,133,85,14,100,36.0
30110712,3,headache,2,91,137,116,24,97,36.6
30110713,5,back pain,3,73,145,105,23,95,36.8
30110714,3,chest pain,7,97,140,109,13,99,37.7
30110715,2,shortness of breath,10,86,143,53,17,97,36.3
30110716,2,headache,8,72,130,92,17,97,35.2
30110717,2,fever,10,87,130,73,15,93,37.3
30110718,3,knee pain,4,57,141,63,17,94,37.7
30110719,5,anxiety,4,73,113,68,18,91,36.2
30110720,4,fall,0,61,141,62,13,89,36.4
30110721,3,chest pain,2,73,117,62,17,93,37.4
30110722,2,fall,7,95,88,66,16,100,37.1
30110723,4,chest pain,6,99,117,103,20,95,36.9
30110724,3,fever,1,93,124,101,20,96,36.5
30110725,2,abdominal pain,9,100,132,81,20,100,35.6
30110726,5,fall,4,92,123,68,16,99,37.1
30110727,3,fever,3,94,126,93,20,97,38.2
30110728,3,anxiety,2,53,99,76,15,100,36.1
30110729,4,back pain,5,98,131,81,22,100,35.9
30110730,4,fever,2,91,116,104,17,96,36.9
30110731,4,knee pain,5,92,131,56,17,98,37.3
30110732,3,fall,4,75,129,84,15,100,36.1
30110733,3,fall,4,72,120,75,22,96,37.2
30110734,2,laceration,10,68,143,74,21,98,37.2
30110735,2,anxiety,10,102,111,111,19,97,36.6
30110736,4,laceration,6,95,124,81,13,97,36.4
30110737,3,shortness of breath,2,89,107,64,16,97,37.4
30110738,2,chest pain,10,92,120,62,19,100,36.2
30110739,2,headache,6,86,72,90,18,91,39.1
30110740,3,knee pain,2,73,142,85,20,97,37.0
30110741,3,fever,3,63,138,90,24,94,35.8
30110742,2,knee pain,10,75,105,78,14,98,37.9
30110743,1,abdominal pain,10,75,138,82,12,97,37.8
30110744,3,anxiety,1,86,115,72,20,100,38.8
30110745,3,headache,1,85,124,87,13,100,37.6
30110746,4,knee pain,1,88,153,94,14,100,37.4
30110747,2,knee pain,7,98,126,82,21,89,37.7
30110748,3,fever,2,97,135,73,16,98,37.0
30110749,3,chest pain,2,100,151,89,19,96,37.0
30110750,2,laceration,10,82,107,72,24,94,37.1
30110751,2,abdominal pain,9,69,61,85,23,97,37.1
30110752,4,laceration,4,84,97,72,19,95,36.3
30110753,3,laceration,0,93,114,91,13,92,36.8
30110754,2,anxiety,6,92,132,74,19,97,37.3
30110755,2,anxiety,6,84,146,87,18,96,37.4
30110756,3,laceration,3,90,107,52,10,93,36.0
30110757,2,shortness of breath,9,87,113,104,24,100,37.1
30110758,4,laceration,6,108,143,75,18,93,37.8
30110759,4,laceration,2,102,120,87,18,90,36.7
30110760,3,abdominal pain,1,72,124,112,13,94,36.7
30110761,3,fever,2,80,99,81,16,100,35.3
30110762,2,shortness of breath,10,98,103,83,18,95,37.6
30110763,4,fever,5,76,119,70,15,100,37.2
30110764,3,fall,1,82,101,72,18,100,37.9
30110765,3,chest pain,6,61,143,74,15,97,36.1
30110766,1,shortness of breath,9,61,144,70,16,100,35.4
30110767,3,chest pain,5,78,110,91,28,97,36.6
30110768,3,laceration,0,86,116,89,20,97,37.9
30110769,3,knee pain,6,68,113,94,18,99,37.3
30110770,3,back pain,2,64,120,66,19,100,37.2
30110771,3,anxiety,5,75,113,63,19,93,37.0
30110772,3,fever,1,82,156,66,16,97,36.6
30110773,3,back pain,5,95,113,97,18,97,35.7
30110774,2,headache,8,74,116,65,18,94,37.6
30110775,3,knee pain,1,77,99,60,17,93,36.7
30110776,3,abdominal pain,5,56,106,65,20,97,37.0
30110777,2,headache,6,101,140,69,22,100,36.9
30110778,4,knee pain,2,86,128,83,17,96,37.3
30110779,3,headache,4,81,129,76,23,97,36.1
30110780,3,abdominal pain,5,85,100,85,23,97,36.9
30110781,2,abdominal pain,7,83,100,72,23,100,36.1
30110782,3,knee pain,2,86,123,79,17,96,38.9
30110783,3,fall,6,82,104,72,23,96,37.5
30110784,3,abdominal pain,1,90,123,81,20,90,35.6
30110785,3,back pain,3,86,123,62,20,99,37.3
30110786,3,chest pain,7,74,132,90,24,100,35.4
30110787,4,laceration,1,98,159,91,14,100,37.7
30110788,3,anxiety,6,115,137,78,14,97,35.8
30110789,3,laceration,0,93,109,99,21,97,34.8
30110790,3,headache,4,70,136,82,16,96,37.2
30110791,2,back pain,7,80,138,93,23,90,35.9
30110792,3,fall,5,83,113,62,15,96,36.9
30110793,2,headache,8,112,119,76,16,94,36.8
30110794,5,headache,4,103,135,92,14,96,34.8
30110795,2,anxiety,6,93,148,91,21,97,37.0
30110796,3,abdominal pain,1,81,141,83,15,96,36.3
30110797,3,fever,3,73,139,85,20,99,36.3
30110798,4,headache,1,98,110,50,14,97,36.1
30110799,3,shortness of breath,3,92,137,69,13,94,36.4
30110800,3,knee pain,7,68,84,75,22,98,37.5
30110801,3,shortness of breath,6,77,115,85,17,93,38.3
30110802,4,back pain,1,67,139,69,23,95,36.4
30110803,4,laceration,1,120,107,98,13,93,36.8
30110804,3,knee pain,6,107,158,76,14,94,37.1
30110805,2,chest pain,7,98,117,97,15,100,37.7
30110806,3,knee pain,5,76,128,73,22,91,35.9
30110807,4,fall,5,109,159,76,19,99,36.3
30110808,3,laceration,3,99,133,90,14,93,36.5
30110809,1,laceration,6,89,160,109,17,97,36.2
30110810,3,fall,2,94,105,96,17,100,36.9
30110811,3,knee pain,5,92,138,92,17,96,36.0
30110812,3,back pain,1,45,143,77,16,97,37.7
30110813,1,abdominal pain,10,80,96,103,22,100,36.8
30110814,4,knee pain,5,83,71,94,18,93,36.3
30110815,4,back pain,1,113,132,99,17,95,37.1
30110816,5,knee pain,5,77,139,81,19,91,36.5
30110817,3,headache,2,90,116,58,13,93,37.2
30110818,1,headache,10,84,117,88,14,99,37.1
30110819,2,abdominal pain,10,70,122,66,14,98,37.5
30110820,3,fever,6,95,137,65,19,97,37.1
30110821,3,shortness of breath,0,86,121,81,12,94,37.2
30110822,3,anxiety,3,74,139,83,15,97,37.7
30110823,3,laceration,0,70,144,102,16,97,36.2
30110824,4,shortness of breath,3,95,123,75,20,98,36.9
30110825,3,knee pain,4,94,142,46,21,92,36.7
30110826,3,chest pain,0,78,121,76,14,100,37.6
30110827,4,laceration,5,80,108,78,7,95,36.3
30110828,1,knee pain,7,62,124,59,19,87,35.8
30110829,5,fall,2,95,111,94,20,95,37.0
30110830,2,laceration,10,94,108,67,18,100,36.4
30110831,2,fall,7,86,123,74,21,99,37.0
30110832,3,shortness of breath,3,80,144,74,15,99,36.7
30110833,1,fall,6,62,108,88,17,99,38.0
30110834,3,abdominal pain,3,70,99,86,19,100,36.5
30110835,3,shortness of breath,5,55,137,36,24,98,35.6
30110836,3,knee pain,4,73,110,76,25,93,35.5
30110837,2,fall,9,68,101,79,20,96,36.3
30110838,3,back pain,0,70,133,71,16,91,36.7
30110839,4,anxiety,5,85,134,78,20,93,38.7
30110840,2,fall,6,107,116,82,21,96,37.4
30110841,4,knee pain,0,103,134,60,15,98,37.8
30110842,4,knee pain,5,81,150,91,23,100,36.8
30110843,3,fall,0,101,164,94,23,100,36.5
30110844,3,shortness of breath,7,95,120,68,19,97,37.5
30110845,4,headache,0,76,116,65,19,94,36.5
30110846,4,knee pain,6,75,140,85,17,94,37.1
30110847,3,shortness of breath,0,59,127,79,20,98,36.8
30110848,3,back pain,7,77,146,69,19,93,37.8
30110849,2,anxiety,7,86,148,92,18,96,36.4
30110850,3,knee pain,4,76,116,85,11,100,36.9
30110851,3,fall,4,117,95,87,16,95,36.8
30110852,5,abdominal pain,4,90,122,81,24,98,35.5
30110853,2,back pain,9,68,94,79,12,98,36.6
30110854,3,chest pain,1,64,140,88,17,96,36.0
30110855,5,headache,6,66,106,85,10,100,35.9
30110856,2,fall,9,85,126,124,25,96,37.2
30110857,4,anxiety,1,79,158,70,18,96,37.3
30110858,2,back pain,10,71,126,65,18,100,36.9
30110859,4,knee pain,7,127,156,110,17,92,36.6
30110860,3,abdominal pain,4,83,128,105,20,96,38.1
30110861,3,shortness of breath,5,78,125,107,16,97,35.7
30110862,3,fall,6,106,115,85,19,96,36.4
30110863,3,back pain,6,79,151,66,17,98,36.2
30110864,1,fall,7,111,149,96,13,94,37.4
30110865,3,back pain,3,91,108,95,14,96,36.4
30110866,3,fall,6,83,106,61,14,100,36.9
30110867,2,shortness of breath,7,90,108,64,22,92,36.8
30110868,4,shortness of breath,3,105,150,73,21,95,38.0
30110869,3,anxiety,4,85,82,59,16,93,37.3
30110870,3,abdominal pain,3,64,113,76,14,100,36.4
30110871,3,anxiety,3,94,127,74,19,99,36.5
30110872,3,shortness of breath,0,83,152,79,18,100,38.3
30110873,4,knee pain,0,110,102,68,21,96,37.8
30110874,4,fever,5,88,105,61,17,100,38.3
30110875,3,abdominal pain,5,87,156,69,22,100,36.2
30110876,1,knee pain,6,97,103,65,17,97,36.8
30110877,3,laceration,1,75,142,103,19,100,37.4
30110878,3,fall,1,100,100,84,19,95,37.8
30110879,3,headache,1,72,113,106,21,96,37.4
30110880,3,back pain,4,74,110,88,21,95,37.3
30110881,3,knee pain,3,75,150,97,16,95,37.8
30110882,3,chest pain,5,90,118,64,23,96,37.2
30110883,4,laceration,6,87,145,88,21,100,36.5
30110884,2,fall,8,81,97,84,21,94,38.0
30110885,4,shortness of breath,1,79,134,95,10,98,37.5
30110886,3,shortness of breath,3,86,101,79,18,99,36.0
30110887,3,back pain,6,89,104,65,19,100,38.3
30110888,2,anxiety,7,75,138,93,19,100,36.4
30110889,3,shortness of breath,6,94,123,74,23,100,36.6
30110890,3,back pain,1,120,116,96,24,98,37.9
30110891,3,shortness of breath,6,72,118,88,15,100,36.7
30110892,3,abdominal pain,1,79,150,78,16,92,38.0
30110893,3,headache,5,82,104,70,19,96,35.8
30110894,3,knee pain,2,70,131,81,17,100,37.0
30110895,3,laceration,7,102,120,86,23,93,37.8
30110896,5,back pain,3,94,119,78,19,99,37.7
30110897,2,headache,6,79,111,66,16,91,37.3
30110898,1,knee pain,7,105,132,67,18,99,37.0
30110899,4,shortness of breath,5,75,114,72,17,95,36.4
30110900,2,fever,8,93,155,58,12,97,36.7
30110901,3,knee pain,1,97,99,74,25,93,37.2
30110902,3,fever,0,93,118,79,15,96,36.5
30110903,2,fall,9,108,192,75,17,100,38.8
30110904,3,abdominal pain,3,93,147,53,19,96,36.0
30110905,5,chest pain,1,80,104,98,23,96,37.5
30110906,4,knee pain,6,95,148,83,17,93,36.2
30110907,3,laceration,5,79,157,70,12,97,37.3
30110908,4,shortness of breath,4,116,128,95,20,93,36.5
30110909,4,back pain,3,110,167,100,19,98,37.7
30110910,3,anxiety,3,86,126,92,19,97,37.5
30110911,3,chest pain,3,74,122,60,19,96,37.1
30110912,3,headache,1,98,115,72,19,91,38.5
30110913,4,headache,2,110,131,71,15,98,38.6
30110914,2,fever,9,90,125,65,19,93,36.4
30110915,4,shortness of breath,6,81,124,76,19,100,36.4
30110916,3,abdominal pain,4,107,129,87,16,94,35.7
30110917,2,abdominal pain,6,96,154,101,25,100,36.8
30110918,3,shortness of breath,4,72,99,78,20,98,36.8
30110919,3,chest pain,2,99,124,86,19,94,37.5
30110920,3,anxiety,0,79,136,57,21,95,36.7
30110921,4,anxiety,7,72,127,94,18,98,36.8
30110922,2,fall,8,72,162,97,13,97,37.2
30110923,2,headache,10,109,122,94,17,99,35.3
30110924,3,fever,6,83,93,85,17,92,37.5
30110925,3,shortness of breath,1,74,122,117,16,100,36.7
30110926,3,fall,6,85,100,112,21,100,37.9
30110927,3,chest pain,6,88,137,74,15,94,38.7
30110928,3,knee pain,7,106,122,60,15,99,36.9
30110929,4,headache,4,94,113,83,13,97,37.8
30110930,2,fall,10,50,140,84,18,92,37.5
30110931,4,fever,6,68,112,80,17,99,36.3
30110932,3,anxiety,7,74,145,61,9,100,37.3
30110933,3,fever,0,74,144,72,25,100,37.9
30110934,3,chest pain,2,55,114,68,20,97,37.8
30110935,5,headache,6,73,111,123,19,100,38.2
30110936,3,knee pain,2,73,175,84,14,95,37.5
30110937,1,chest pain,6,98,144,107,16,98,36.1
30110938,3,fever,0,100,110,103,17,100,36.9
30110939,3,back pain,1,57,140,58,16,97,37.7
30110940,3,back pain,6,115,146,47,20,97,37.9
30110941,1,fall,10,75,125,59,18,96,36.7
30110942,3,chest pain,5,86,165,94,19,95,37.8
30110943,5,knee pain,4,80,98,74,12,94,36.8
30110944,3,knee pain,2,78,149,98,25,94,37.7
30110945,4,fever,6,95,160,76,22,94,35.9
30110946,3,headache,2,75,139,52,24,96,37.4
30110947,3,abdominal pain,4,53,119,97,19,96,37.2
30110948,3,knee pain,5,72,142,74,15,93,36.3
30110949,3,knee pain,1,79,125,83,19,95,38.1
30110950,3,fever,2,92,150,83,15,97,37.2
30110951,3,chest pain,5,71,166,54,20,95,37.2
30110952,3,fever,3,73,95,91,22,95,35.9
30110953,3,abdominal pain,4,81,165,98,19,98,35.8
30110954,3,shortness of breath,5,89,111,62,27,96,37.6
30110955,2,shortness of breath,8,75,107,93,24,100,37.4
30110956,4,laceration,7,95,121,88,21,96,37.1
30110957,3,anxiety,0,72,166,96,18,96,37.9
30110958,5,knee pain,7,70,125,66,15,100,36.5
30110959,3,laceration,7,85,134,69,15,98,38.0
30110960,3,anxiety,0,56,149,91,13,97,37.6
30110961,1,headache,7,93,121,82,20,93,37.1
30110962,4,fever,2,76,130,35,18,100,36.5
30110963,4,headache,1,101,110,66,18,97,37.3
30110964,3,shortness of breath,3,77,156,82,20,100,37.9
30110965,5,headache,4,96,110,64,27,99,37.4
30110966,2,abdominal pain,10,84,96,94,17,93,36.9
30110967,1,fever,7,80,109,105,17,94,37.5
30110968,4,laceration,1,107,108,86,25,100,37.6
30110969,3,headache,7,76,79,89,17,97,36.2
30110970,1,shortness of breath,7,77,108,95,26,98,36.4
30110971,2,laceration,9,67,155,108,22,91,35.9
30110972,2,fall,9,58,139,85,9,99,38.1
30110973,3,knee pain,5,94,109,75,18,100,36.7
30110974,3,knee pain,0,90,86,111,23,92,36.6
30110975,3,knee pain,7,91,146,73,17,99,36.8
30110976,2,anxiety,6,77,143,56,25,97,36.2
30110977,3,fever,4,101,127,64,17,94,36.4
30110978,5,anxiety,2,80,105,65,25,95,37.6
30110979,4,fever,0,88,94,86,22,98,37.9
30110980,3,abdominal pain,0,91,121,60,16,93,37.2
30110981,4,back pain,4,101,93,71,14,97,36.0
30110982,4,headache,0,84,112,107,20,97,37.3
30110983,3,chest pain,6,73,108,61,20,94,36.5
30110984,3,abdominal pain,4,81,127,75,15,96,37.4
30110985,3,fall,7,93,87,51,24,96,37.6
30110986,3,shortness of breath,1,87,130,47,16,98,37.0
30110987,3,fall,3,57,85,87,22,98,36.7
30110988,3,chest pain,7,92,141,92,14,96,36.5
30110989,3,back pain,6,71,129,67,9,96,37.1
30110990,3,back pain,5,109,74,79,23,100,39.1
30110991,3,abdominal pain,2,81,133,70,15,100,37.8
30110992,3,fall,1,75,92,85,12,98,36.2
30110993,3,back pain,4,120,152,75,22,97,36.5
30110994,2,knee pain,9,68,94,87,15,100,37.4
30110995,3,fall,5,71,106,78,22,96,36.3
30110996,4,laceration,1,72,107,72,27,96,37.3
30110997,4,shortness of breath,0,94,154,75,12,97,35.7
30110998,5,abdominal pain,0,75,131,78,18,94,36.6
30110999,2,anxiety,8,103,131,70,19,99,37.3
30111000,4,laceration,3,65,156,79,16,96,37.5
30111001,3,shortness of breath,1,81,181,82,11,98,36.0
30111002,3,shortness of breath,0,99,107,76,13,92,36.6
30111003,2,back pain,8,82,123,77,25,100,37.0
30111004,4,anxiety,2,75,102,90,18,96,36.1
30111005,3,abdominal pain,3,94,138,87,15,100,38.1
30111006,3,shortness of breath,6,97,95,83,14,98,36.5
30111007,3,fever,5,81,113,75,19,100,36.4
30111008,3,fall,1,84,124,80,25,92,37.8
30111009,3,fall,1,82,105,106,18,94,37.7
30111010,4,fever,5,75,133,80,19,96,37.0
30111011,3,abdominal pain,4,67,89,92,19,98,38.5
30111012,3,abdominal pain,4,98,138,77,21,92,37.0
30111013,5,knee pain,7,71,139,92,17,98,36.0
30111014,3,laceration,0,66,122,93,19,98,37.1
30111015,2,headache,6,96,94,82,18,95,36.4
30111016,3,shortness of breath,2,65,136,80,21,94,35.4
30111017,3,abdominal pain,7,71,113,104,18,91,37.4
30111018,4,fall,2,61,136,68,18,97,37.6
30111019,3,fever,7,82,120,68,23,100,35.9
30111020,3,laceration,2,84,172,77,17,96,36.6
30111021,3,knee pain,7,78,93,83,14,100,37.7
30111022,4,shortness of breath,6,78,131,72,21,97,37.6
30111023,3,anxiety,4,84,155,77,13,92,37.1
30111024,4,laceration,4,56,120,72,9,100,35.6
30111025,4,abdominal pain,5,107,121,72,17,99,37.5
30111026,2,laceration,9,102,137,80,17,93,36.2
30111027,3,back pain,5,58,145,80,19,92,36.2
30111028,3,knee pain,3,91,138,88,23,96,37.2
30111029,3,chest pain,5,87,117,88,18,100,35.9
30111030,5,chest pain,7,69,146,90,25,96,36.7
30111031,1,headache,7,113,103,67,17,98,37.7
30111032,3,abdominal pain,1,94,90,78,15,100,37.4
30111033,2,chest pain,6,82,129,90,17,96,36.8
30111034,2,chest pain,8,63,119,57,18,96,37.0
30111035,3,back pain,0,80,102,81,19,97,37.8
30111036,3,fever,0,73,159,91,27,94,37.3
30111037,3,knee pain,0,62,145,127,13,94,34.8
30111038,3,fall,6,106,124,78,22,99,37.4
30111039,2,shortness of breath,6,68,108,93,16,96,35.9
30111040,2,fall,9,98,128,60,24,100,37.8
30111041,4,chest pain,4,59,79,92,16,94,38.3
30111042,3,shortness of breath,6,70,128,67,7,98,35.8
30111043,1,back pain,8,81,124,70,25,100,37.3
30111044,3,fall,1,79,148,86,25,100,36.9
30111045,5,abdominal pain,3,88,138,92,21,99,36.1
30111046,5,chest pain,5,61,116,91,19,96,37.6
30111047,3,laceration,4,102,114,83,18,98,36.2
30111048,3,fall,1,93,180,80,15,96,35.6
30111049,2,back pain,9,108,142,80,20,98,37.0
30111050,1,shortness of breath,10,63,127,78,17,96,38.1
30111051,4,shortness of breath,7,90,136,89,15,100,37.9
30111052,3,anxiety,7,87,152,75,21,98,36.4
30111053,3,fall,7,91,164,69,17,95,36.9
30111054,2,abdominal pain,9,79,111,92,18,99,36.3
30111055,2,anxiety,6,86,166,103,20,95,39.2
30111056,3,laceration,1,90,127,92,20,97,37.8
30111057,4,headache,2,101,143,80,14,92,36.7
30111058,3,headache,0,96,132,92,17,99,35.0
30111059,3,fall,2,84,113,75,16,100,37.4
30111060,3,fever,0,77,116,92,21,98,37.2
30111061,1,laceration,8,99,116,82,12,98,36.6
30111062,3,knee pain,1,66,121,84,22,94,37.5
30111063,5,laceration,1,114,122,75,15,100,37.0
30111064,3,shortness of breath,3,93,120,70,24,96,37.0
30111065,3,fall,7,74,115,75,9,98,36.6
30111066,4,fever,3,77,138,81,19,96,38.3
30111067,2,chest pain,10,91,131,102,18,96,37.5
30111068,3,anxiety,0,90,103,67,22,96,36.6
30111069,3,fever,2,99,119,83,20,97,37.8
30111070,4,knee pain,3,99,137,73,19,96,37.0
30111071,3,headache,1,99,138,93,17,99,38.6
30111072,2,anxiety,7,74,126,84,15,96,37.3
30111073,3,knee pain,5,85,141,97,20,93,37.3
30111074,3,chest pain,6,57,89,85,17,95,37.5
30111075,3,fever,7,94,127,103,18,97,37.6
30111076,3,chest pain,5,96,113,82,22,96,37.5
30111077,3,back pain,5,112,113,82,17,100,36.9
30111078,3,shortness of breath,2,86,136,88,16,99,36.5
30111079,3,fall,7,98,83,52,18,96,37.5
30111080,3,abdominal pain,3,106,150,67,16,100,37.1
30111081,4,back pain,6,100,141,73,25,97,36.6
30111082,5,fever,5,70,119,99,15,100,37.7
30111083,3,abdominal pain,3,95,170,82,18,95,36.1
30111084,2,abdominal pain,6,91,130,90,11,100,37.6
30111085,4,headache,3,64,95,92,17,100,36.9
30111086,4,shortness of breath,0,75,136,60,14,97,38.0
30111087,3,headache,6,65,117,64,14,98,35.6
30111088,2,fall,10,118,120,92,22,94,36.8
30111089,4,chest pain,1,92,119,94,13,96,37.8
30111090,3,anxiety,7,91,102,78,23,91,37.3
30111091,3,chest pain,1,50,121,90,17,95,36.4
30111092,3,headache,2,83,125,79,16,99,36.6
30111093,3,laceration,4,126,130,55,11,100,37.3
30111094,3,abdominal pain,5,88,93,63,19,99,37.5
30111095,3,headache,3,97,136,65,18,97,38.2
30111096,2,fall,6,92,112,84,17,98,35.8
30111097,3,shortness of breath,1,65,92,104,16,94,35.7
30111098,2,shortness of breath,9,72,145,76,27,97,36.2
30111099,3,shortness of breath,5,80,148,89,19,94,36.5
30111100,4,fall,7,101,105,76,18,95,35.3
30111101,2,laceration,10,68,144,114,18,94,37.4
30111102,4,shortness of breath,6,113,123,74,16,95,38.0
30111103,3,chest pain,6,76,137,105,23,95,36.4
30111104,3,laceration,4,83,151,90,10,94,37.3
30111105,1,shortness of breath,9,70,143,98,16,92,36.1
30111106,3,laceration,5,93,103,116,22,96,36.0
30111107,3,laceration,5,100,91,91,14,100,37.0
30111108,3,chest pain,6,85,173,83,13,99,37.3
30111109,2,anxiety,7,71,140,65,15,100,37.4
30111110,1,abdominal pain,9,99,111,85,25,93,35.9
30111111,2,knee pain,8,103,115,92,17,100,37.4
30111112,3,anxiety,6,87,110,62,11,98,37.8
30111113,3,fall,3,89,104,88,27,99,37.8
30111114,3,back pain,7,86,160,108,15,94,37.7
30111115,3,abdominal pain,0,94,132,80,12,100,37.4
30111116,5,knee pain,2,61,84,83,18,93,37.7
30111117,2,headache,7,93,108,65,16,97,36.9
30111118,3,abdominal pain,1,97,108,101,19,94,37.7
30111119,2,back pain,9,76,109,66,19,99,36.9
30111120,3,abdominal pain,3,68,108,93,24,96,35.8
30111121,2,knee pain,8,85,138,95,17,98,37.1
30111122,1,abdominal pain,9,81,100,85,15,97,35.9
30111123,3,laceration,3,119,120,75,22,95,37.1
30111124,4,chest pain,0,96,100,84,18,95,36.7
30111125,3,fever,5,92,94,63,15,100,37.2
30111126,2,fall,8,99,116,93,19,91,37.2
30111127,3,fever,7,97,142,77,20,93,37.3
30111128,4,knee pain,5,71,124,108,15,99,37.8
30111129,4,abdominal pain,4,77,120,52,24,96,36.3
30111130,3,fever,1,81,116,69,29,96,37.3
30111131,3,fall,1,57,121,88,23,97,37.6
30111132,3,headache,0,31,131,63,15,98,37.4
30111133,3,shortness of breath,0,66,110,53,18,98,37.5
30111134,4,fever,5,101,73,100,19,100,36.1
30111135,3,back pain,7,90,137,95,26,95,37.3
30111136,2,anxiety,9,88,105,83,15,92,37.0
30111137,2,shortness of breath,10,79,98,99,20,100,37.1
30111138,3,abdominal pain,5,117,110,91,15,99,37.6
30111139,2,headache,6,75,113,67,18,100,35.8
30111140,3,fever,3,90,143,68,15,100,36.7
30111141,3,knee pain,5,89,129,86,22,93,37.8
30111142,3,chest pain,6,82,140,94,16,96,37.1
30111143,3,headache,0,81,129,78,23,96,36.1
30111144,3,fall,1,89,138,62,19,99,37.1
30111145,3,headache,6,96,140,97,16,98,34.8
30111146,3,back pain,2,79,95,67,14,93,37.7
30111147,1,anxiety,7,52,142,98,16,98,37.5
30111148,1,abdominal pain,6,62,141,84,19,96,37.1
30111149,3,shortness of breath,6,104,118,80,22,100,36.7
30111150,3,knee pain,3,100,163,95,22,96,37.9
30111151,2,shortness of breath,9,65,119,99,17,90,36.6
30111152,3,back pain,7,77,103,88,16,98,36.5
30111153,2,back pain,10,109,121,67,20,94,37.2
30111154,1,headache,8,105,152,89,23,100,36.9
30111155,2,fall,7,106,134,87,18,92,37.2
30111156,3,abdominal pain,6,98,126,98,21,99,38.4
30111157,4,fall,7,86,124,71,22,100,38.5
30111158,3,shortness of breath,6,82,104,77,26,95,36.7
30111159,2,laceration,6,87,143,83,15,96,36.1
30111160,3,knee pain,0,88,127,105,20,97,37.6
30111161,3,fall,1,80,142,79,22,99,36.8
30111162,3,shortness of breath,6,98,115,79,16,91,36.6
30111163,4,back pain,6,70,97,72,13,95,36.6
30111164,3,abdominal pain,1,80,149,68,18,96,38.1
30111165,2,chest pain,8,87,131,50,18,98,36.9
30111166,3,knee pain,2,76,116,96,15,95,37.3
30111167,3,abdominal pain,5,59,117,100,20,93,36.8
30111168,3,anxiety,2,76,106,91,20,95,36.6
30111169,3,anxiety,2,58,134,100,19,100,36.6
30111170,2,knee pain,6,68,113,100,16,98,37.3
30111171,3,shortness of breath,0,86,137,53,20,100,36.5
30111172,3,laceration,7,82,108,50,13,99,37.9
30111173,3,back pain,6,38,156,57,24,96,38.8
30111174,3,knee pain,7,85,163,96,19,96,35.2
30111175,3,fever,4,126,145,105,16,97,38.6
30111176,5,fever,5,77,148,50,19,97,37.4
30111177,4,fever,4,78,119,78,19,98,37.5
30111178,5,anxiety,0,110,116,86,21,96,36.3
30111179,3,shortness of breath,4,84,120,85,19,91,37.7
30111180,3,abdominal pain,7,83,83,58,23,96,37.0
30111181,2,knee pain,7,109,116,73,19,92,37.6
30111182,3,laceration,3,90,109,99,17,97,37.4
30111183,3,back pain,4,81,134,60,17,100,37.5
30111184,4,abdominal pain,4,66,100,77,17,94,36.4
30111185,5,fall,2,115,136,41,18,96,38.1
30111186,3,abdominal pain,6,85,146,60,22,95,38.0
30111187,2,knee pain,6,83,138,84,15,94,37.9
30111188,4,shortness of breath,0,86,105,95,14,99,38.4
30111189,3,anxiety,7,87,119,63,15,100,37.8
30111190,2,anxiety,9,93,40,103,16,92,36.8
30111191,3,back pain,0,89,92,54,20,92,37.8
30111192,4,back pain,2,84,144,45,17,98,38.2
30111193,2,knee pain,7,73,162,79,23,97,36.6
30111194,2,headache,6,121,140,86,18,96,35.5
30111195,3,shortness of breath,4,95,134,87,18,97,37.0
30111196,3,back pain,7,96,108,80,16,94,36.3
30111197,4,knee pain,5,91,102,93,16,98,36.1
30111198,3,fall,5,69,108,94,16,98,37.1
30111199,3,shortness of breath,0,90,117,69,20,97,37.1
30111200,3,headache,2,101,139,59,14,100,37.4
30111201,2,shortness of breath,9,80,112,62,20,91,36.9
30111202,2,fall,9,85,118,70,14,96,37.1
30111203,3,fall,0,97,132,109,18,95,37.8
30111204,4,knee pain,4,70,100,80,17,97,37.3
30111205,3,headache,7,67,116,73,20,95,37.6
30111206,2,anxiety,10,90,180,78,13,97,37.3
30111207,3,back pain,7,104,102,92,14,95,37.4
30111208,1,fall,6,116,147,94,16,92,35.7
30111209,3,fall,0,92,128,93,14,100,38.3
30111210,3,knee pain,7,62,122,59,21,91,37.7
30111211,4,fever,6,74,111,77,18,95,37.5
30111212,3,fever,3,55,133,94,20,94,36.3
30111213,2,fall,8,91,147,79,14,93,37.7
30111214,3,chest pain,0,104,114,56,20,94,37.2
30111215,3,fall,1,75,120,77,19,95,36.7
30111216,3,laceration,6,88,166,72,17,96,37.2
30111217,4,fever,7,80,87,60,17,98,37.5
30111218,3,laceration,3,60,120,92,17,93,37.9
30111219,1,chest pain,8,64,122,76,19,93,37.9
30111220,3,knee pain,2,76,123,96,26,93,35.3
30111221,1,back pain,6,74,136,82,24,99,36.3
30111222,2,shortness of breath,8,88,125,77,24,100,37.9
30111223,4,knee pain,4,107,147,73,14,96,36.3
30111224,4,headache,7,90,140,77,19,93,37.2
30111225,4,anxiety,6,92,117,101,23,96,37.3
30111226,4,knee pain,4,64,106,93,19,100,38.3
30111227,2,fall,8,82,101,67,18,96,37.2
30111228,3,shortness of breath,4,91,103,114,15,97,38.3
30111229,2,abdominal pain,10,89,109,80,11,98,36.0
30111230,3,headache,0,53,143,102,20,100,36.6
30111231,4,shortness of breath,1,72,87,76,15,100,36.5
30111232,2,chest pain,9,67,138,79,22,97,37.3
30111233,3,fall,6,84,117,64,17,98,36.6
30111234,2,abdominal pain,7,112,105,109,22,99,36.9
30111235,4,knee pain,5,100,135,74,22,98,37.0
30111236,2,headache,8,73,118,45,19,99,37.4
30111237,2,back pain,6,94,160,69,14,96,36.8
30111238,3,fall,3,70,113,95,12,100,36.9
30111239,5,knee pain,4,97,114,59,17,95,36.7
30111240,5,shortness of breath,7,73,140,85,19,100,37.8
30111241,4,chest pain,0,58,145,83,7,97,35.4
30111242,3,anxiety,4,103,150,58,24,99,38.0
30111243,4,knee pain,2,85,142,95,20,100,36.4
30111244,3,back pain,2,68,112,91,18,96,36.7
30111245,5,fever,3,99,105,84,13,96,37.8
30111246,2,anxiety,8,76,122,96,17,97,34.9
30111247,2,anxiety,8,75,96,85,13,91,36.9
30111248,3,shortness of breath,0,62,142,101,21,100,36.4
30111249,2,back pain,8,44,100,57,26,100,36.9
30111250,3,headache,5,83,120,82,21,94,36.9
30111251,2,abdominal pain,7,88,111,77,17,93,36.4
30111252,5,shortness of breath,5,87,96,59,15,100,36.8
30111253,1,fever,8,71,145,75,18,98,38.6
30111254,4,back pain,4,75,117,83,19,99,37.2
30111255,4,laceration,1,82,160,70,17,100,36.5
30111256,2,knee pain,8,67,128,69,16,100,36.8
30111257,5,fall,4,93,149,92,10,97,37.2
30111258,4,headache,4,92,126,96,14,97,37.2
30111259,5,knee pain,3,72,124,91,23,94,35.7
30111260,2,laceration,6,107,134,82,22,98,36.6
30111261,2,anxiety,9,89,131,81,17,96,36.9
30111262,3,fall,6,72,147,83,14,98,36.9
30111263,4,knee pain,5,98,107,67,20,99,36.9
30111264,3,fever,2,115,125,49,16,97,38.2
30111265,3,knee pain,1,96,111,59,13,95,38.0
30111266,3,knee pain,4,71,104,106,17,100,36.6
30111267,3,shortness of breath,1,80,118,87,13,97,36.6
30111268,2,chest pain,10,95,134,102,18,100,37.4
30111269,4,shortness of breath,6,97,104,77,16,99,37.2
30111270,4,back pain,1,97,154,101,19,96,36.3
30111271,2,fever,9,80,126,84,20,99,37.0
30111272,4,fever,1,99,109,78,18,92,36.7
30111273,5,anxiety,4,87,153,64,10,100,36.6
30111274,2,chest pain,9,59,131,89,18,97,36.7
30111275,3,fever,4,89,123,60,20,99,37.4
30111276,4,back pain,1,91,143,114,11,100,36.9
30111277,3,fall,1,97,102,66,16,95,38.3
30111278,4,fall,1,85,140,69,26,95,37.7
30111279,3,knee pain,5,75,131,93,21,96,37.5
30111280,3,anxiety,6,88,138,73,13,100,37.4
30111281,1,fever,6,82,133,87,24,97,37.8
30111282,2,back pain,7,77,102,91,14,97,36.7
30111283,1,chest pain,6,105,150,79,13,94,37.1
30111284,3,shortness of breath,6,78,167,116,22,97,37.8
30111285,3,knee pain,5,81,112,76,13,100,36.1
30111286,3,anxiety,5,79,137,82,20,98,37.0
30111287,3,laceration,0,66,129,75,15,97,37.2
30111288,3,fever,2,74,114,78,18,94,36.9
30111289,3,abdominal pain,5,116,114,89,20,95,37.6
30111290,1,knee pain,9,96,143,79,9,94,36.5
30111291,5,knee pain,2,71,112,94,20,100,37.9
30111292,4,fever,2,68,114,90,20,99,37.1
30111293,3,headache,7,62,79,71,23,97,35.8
30111294,3,fall,5,69,145,81,17,99,37.3
30111295,3,fever,0,64,112,72,18,96,37.1
30111296,2,laceration,10,90,90,50,18,97,37.4
30111297,3,fall,1,90,115,91,20,96,37.9
30111298,3,back pain,6,89,114,60,18,96,36.9
30111299,4,laceration,5,87,102,95,20,95,37.4
30111300,4,knee pain,2,80,123,68,18,96,37.3
30111301,3,laceration,3,88,78,86,18,96,36.8
30111302,3,laceration,3,102,147,84,20,96,37.1
30111303,3,chest pain,6,100,145,85,18,98,36.9
30111304,3,laceration,0,88,139,84,23,99,37.3
30111305,4,back pain,0,71,160,100,17,93,37.9
30111306,2,anxiety,6,84,139,73,12,93,37.4
30111307,3,knee pain,6,77,180,84,21,97,37.5
30111308,1,shortness of breath,9,78,142,81,19,91,38.2
30111309,2,chest pain,8,67,118,64,22,95,37.3
30111310,3,shortness of breath,1,105,117,90,18,100,37.5
30111311,3,anxiety,4,70,140,101,20,99,36.4
30111312,4,chest pain,3,99,138,56,16,98,37.6
30111313,1,chest pain,9,54,114,75,15,90,36.1
30111314,4,headache,1,97,122,83,15,97,37.0
30111315,2,abdominal pain,7,54,134,105,16,94,37.5
30111316,3,knee pain,4,94,80,72,20,100,37.9
30111317,3,headache,4,94,149,76,15,99,37.7
30111318,4,laceration,6,62,99,88,18,98,35.0
30111319,5,chest pain,1,77,119,86,21,99,37.5
30111320,4,chest pain,1,54,105,100,21,98,36.5
30111321,3,chest pain,7,86,115,54,9,99,36.8
30111322,3,knee pain,6,64,114,76,18,98,36.8
30111323,3,abdominal pain,7,78,82,97,19,91,36.8
30111324,2,knee pain,6,73,144,94,14,97,38.5
30111325,2,chest pain,8,74,118,71,18,98,38.6
30111326,3,headache,3,64,107,77,15,93,36.9
30111327,2,headache,7,73,175,57,23,96,35.5
30111328,3,laceration,2,93,137,55,18,94,36.3
30111329,4,anxiety,6,79,134,69,15,98,38.0
30111330,3,abdominal pain,4,69,119,73,26,96,37.3
30111331,4,laceration,0,66,133,85,8,98,35.8
30111332,1,laceration,10,75,120,87,17,92,36.9
30111333,1,chest pain,6,100,158,87,18,95,37.2
30111334,3,shortness of breath,2,74,147,61,16,100,37.6
30111335,2,laceration,7,87,91,62,18,92,36.1
30111336,5,fever,1,83,133,69,13,95,36.3
30111337,4,chest pain,7,76,157,73,21,97,38.0
30111338,3,knee pain,5,94,133,67,17,93,37.4
30111339,3,abdominal pain,2,75,113,74,21,95,36.8
30111340,2,fall,10,77,151,69,22,97,37.1
30111341,2,shortness of breath,6,96,155,69,20,99,38.0
30111342,1,fever,9,95,139,87,18,100,37.2
30111343,3,laceration,6,65,129,79,15,97,38.5
30111344,3,chest pain,2,73,131,71,14,97,36.7
30111345,5,back pain,2,77,102,74,22,95,38.3
30111346,4,fall,1,76,113,77,14,98,37.2
30111347,3,anxiety,0,101,136,94,14,98,37.7
30111348,3,fever,2,78,104,75,17,95,35.8
30111349,3,chest pain,4,65,95,75,13,95,36.0
30111350,2,knee pain,8,84,83,55,15,98,36.9
30111351,3,knee pain,1,107,135,84,12,97,35.9
30111352,5,abdominal pain,1,78,91,79,25,99,37.2
30111353,2,fever,10,65,149,87,17,99,36.1
30111354,1,fall,10,93,167,47,21,97,36.1
30111355,3,fall,6,75,73,70,11,97,37.6
30111356,3,laceration,7,96,112,63,26,95,37.6
30111357,2,fall,10,92,96,87,15,92,37.6
30111358,2,chest pain,7,80,137,72,18,100,36.9
30111359,2,laceration,6,76,139,59,22,100,36.7
30111360,2,chest pain,8,95,140,73,17,97,36.8
30111361,3,anxiety,6,98,106,118,17,95,37.2
30111362,3,fall,2,76,132,96,16,98,37.5
30111363,5,fall,7,81,101,60,18,97,37.9
30111364,3,anxiety,5,59,131,101,14,94,38.1
30111365,3,anxiety,2,81,134,45,11,97,37.8
30111366,3,knee pain,1,85,123,102,13,96,36.7
30111367,3,shortness of breath,1,97,105,67,17,98,36.8
30111368,2,back pain,6,94,82,107,8,93,36.4
30111369,3,knee pain,2,108,136,59,14,100,36.3
30111370,3,shortness of breath,2,81,127,84,20,100,37.2
30111371,4,laceration,1,80,80,66,14,96,36.4
30111372,3,chest pain,0,95,96,84,20,98,37.8
30111373,4,anxiety,7,72,132,52,17,95,36.0
30111374,4,anxiety,0,100,98,37,18,100,38.2
30111375,3,fall,3,85,137,98,16,96,37.8
30111376,5,abdominal pain,0,127,96,83,20,90,36.6
30111377,1,headache,10,64,106,74,22,96,35.7
30111378,4,shortness of breath,4,96,126,85,14,94,35.6
30111379,5,headache,0,84,130,75,23,99,37.3
30111380,4,fever,2,77,114,61,16,96,35.5
30111381,4,chest pain,1,60,136,71,12,96,38.6
30111382,3,headache,6,71,135,109,16,99,36.6
30111383,3,fever,5,85,97,92,16,100,36.3
30111384,3,anxiety,6,106,115,78,20,96,37.1
30111385,3,fall,6,83,127,65,16,96,38.4
30111386,4,shortness of breath,3,90,112,100,22,98,37.1
30111387,2,fall,10,108,99,74,17,100,36.8
30111388,3,anxiety,6,75,111,66,23,96,37.3
30111389,4,knee pain,6,86,83,70,23,93,37.7
30111390,3,anxiety,6,83,119,92,20,91,38.2
30111391,3,fall,4,76,126,71,15,93,35.9
30111392,3,abdominal pain,4,81,124,81,19,99,36.5
30111393,2,headache,9,114,130,71,18,98,36.1
30111394,3,back pain,2,93,128,80,25,96,37.1
30111395,1,shortness of breath,8,71,101,91,20,98,37.0
30111396,3,abdominal pain,6,91,127,77,15,95,38.2
30111397,3,fall,6,80,143,44,11,100,36.9
30111398,3,headache,5,86,75,106,20,92,36.8
30111399,4,back pain,2,86,138,80,17,98,37.9
30111400,3,abdominal pain,3,100,147,110,23,93,37.3
30111401,3,abdominal pain,6,77,121,83,13,94,35.2
30111402,2,fever,8,73,120,89,18,95,37.1
30111403,3,chest pain,2,88,112,87,16,92,39.0
30111404,3,anxiety,6,78,112,95,19,100,36.5
30111405,3,headache,4,70,142,98,10,91,37.5
30111406,3,laceration,4,72,131,79,15,93,37.8
30111407,2,anxiety,8,79,130,97,12,98,37.7
30111408,3,headache,5,87,111,74,16,96,37.2
30111409,2,abdominal pain,9,67,128,78,19,95,36.5
30111410,2,laceration,6,106,156,87,8,98,35.3
30111411,3,abdominal pain,6,91,131,88,16,98,38.1
30111412,3,headache,0,74,122,86,12,99,37.6
30111413,3,abdominal pain,1,106,121,81,15,97,38.3
30111414,1,laceration,10,98,85,74,19,92,37.4
30111415,3,chest pain,4,68,130,103,18,98,37.4
30111416,2,back pain,7,77,99,67,14,96,39.8
30111417,2,headache,8,59,142,109,21,99,37.8
30111418,4,fever,1,99,112,90,20,95,37.7
30111419,3,fever,2,87,144,113,16,100,37.8
30111420,4,chest pain,6,81,140,75,19,97,35.9
30111421,2,anxiety,8,120,146,91,19,97,35.6
30111422,5,abdominal pain,2,101,123,75,11,98,38.8
30111423,3,back pain,1,70,108,60,17,95,37.7
30111424,2,chest pain,10,93,167,101,22,98,37.1
30111425,3,back pain,3,92,100,115,10,95,37.9
30111426,5,back pain,3,70,106,90,19,96,36.4
30111427,3,abdominal pain,5,92,110,39,18,100,36.9
30111428,3,knee pain,2,113,134,103,8,98,37.5
30111429,3,laceration,4,90,127,78,28,100,36.0
30111430,2,chest pain,8,65,92,65,21,99,37.5
30111431,4,abdominal pain,3,96,113,85,17,95,37.9
30111432,4,shortness of breath,1,75,124,78,16,98,36.8
30111433,4,shortness of breath,2,100,125,76,8,98,36.8
30111434,4,headache,2,78,109,63,15,98,36.3
30111435,3,knee pain,3,73,97,89,15,97,36.4
30111436,3,headache,5,77,112,72,19,94,38.9
30111437,4,abdominal pain,4,82,116,102,15,99,35.6
30111438,3,fever,7,86,111,93,21,100,36.3
30111439,4,chest pain,3,72,136,76,11,95,37.3
30111440,4,knee pain,3,68,101,95,15,100,37.3
30111441,3,shortness of breath,6,78,96,74,21,100,36.5
30111442,3,headache,7,76,131,76,17,97,37.5
30111443,3,knee pain,1,107,92,90,15,100,38.5
30111444,4,fever,0,78,110,90,18,100,37.0
30111445,4,fall,7,72,147,45,23,98,36.1
30111446,3,knee pain,5,101,151,82,18,100,37.9
30111447,3,back pain,6,102,105,65,11,100,36.3
30111448,4,chest pain,6,90,104,63,7,100,35.9
30111449,3,shortness of breath,6,98,117,71,23,98,36.5
30111450,3,abdominal pain,6,75,117,72,22,96,36.7
30111451,5,chest pain,3,79,136,91,17,100,37.2
30111452,3,chest pain,3,79,87,83,14,95,37.9
30111453,4,shortness of breath,2,76,89,82,21,97,36.8
30111454,3,headache,3,93,150,71,19,100,36.7
30111455,3,abdominal pain,5,75,93,77,20,98,36.1
30111456,3,laceration,5,97,117,79,21,99,38.2
30111457,4,chest pain,2,99,144,76,18,97,36.6
30111458,1,fever,9,82,80,113,16,97,36.0
30111459,4,fever,2,108,137,101,20,95,36.7
30111460,4,headache,2,88,100,53,19,98,38.5
30111461,4,anxiety,6,123,132,82,22,100,37.1
30111462,4,laceration,4,94,119,94,27,94,36.4
30111463,3,abdominal pain,0,66,79,78,19,100,37.4
30111464,3,chest pain,7,83,120,78,23,99,38.7
30111465,3,headache,2,85,183,83,17,94,37.0
30111466,3,fever,6,70,114,96,14,97,36.5
30111467,4,laceration,2,98,114,81,16,95,37.7
30111468,3,anxiety,1,88,113,79,20,89,35.8
30111469,2,chest pain,8,87,111,68,22,97,37.9
30111470,4,knee pain,0,105,103,72,7,95,37.6
30111471,4,knee pain,3,99,126,88,21,99,36.9
30111472,3,shortness of breath,3,65,157,86,17,96,36.3
30111473,2,chest pain,6,96,109,82,15,98,37.1
30111474,3,headache,7,86,106,109,21,97,36.8
30111475,3,laceration,6,64,129,92,10,96,37.0
30111476,1,headache,8,91,122,88,19,94,37.2
30111477,4,headache,5,107,149,81,17,99,36.9
30111478,3,fever,5,71,133,90,19,100,37.8
30111479,3,fall,5,73,131,81,20,100,36.9
30111480,3,fall,4,74,106,85,23,94,36.8
30111481,3,anxiety,6,91,123,78,14,100,36.5
30111482,4,anxiety,5,68,90,66,17,98,36.6
30111483,3,headache,0,80,136,60,18,100,37.1
30111484,3,back pain,1,82,112,78,21,99,37.8
30111485,2,chest pain,8,89,119,80,18,97,39.0
30111486,3,abdominal pain,0,55,147,103,23,96,37.4
30111487,4,laceration,6,88,181,86,16,100,37.0
30111488,4,knee pain,7,58,110,77,15,91,38.3
30111489,2,anxiety,8,81,154,83,17,98,36.7
30111490,3,fever,5,84,144,95,25,98,37.0
30111491,2,laceration,7,82,125,88,9,94,37.5
30111492,3,back pain,5,68,110,82,18,100,35.7
30111493,2,fall,6,107,138,61,19,100,37.9
30111494,2,shortness of breath,10,92,161,60,20,98,35.8
30111495,2,chest pain,9,95,98,46,29,100,35.5
30111496,1,abdominal pain,10,61,146,62,15,97,37.1
30111497,1,back pain,7,59,115,88,20,97,37.9
30111498,1,knee pain,8,79,123,57,14,97,37.4
30111499,3,knee pain,3,98,100,81,13,95,36.4
30111500,2,shortness of breath,6,58,132,64,18,91,37.3
30111501,3,fever,2,65,91,95,19,100,37.5
30111502,1,shortness of breath,9,90,124,86,11,92,36.2
30111503,1,abdominal pain,9,80,118,54,17,100,37.5
30111504,4,headache,4,75,165,97,23,100,37.1
30111505,3,back pain,3,97,138,69,15,93,36.1
30111506,2,shortness of breath,10,78,150,91,17,93,36.6
30111507,3,chest pain,7,95,110,99,17,100,36.1
30111508,3,abdominal pain,7,78,99,92,21,95,37.3
30111509,3,fall,3,103,129,66,8,94,37.6
30111510,2,anxiety,6,85,122,83,17,93,36.4
30111511,5,anxiety,2,96,106,91,12,100,37.4
30111512,4,headache,5,74,113,82,23,98,37.2
30111513,2,shortness of breath,9,97,107,76,20,100,38.0
30111514,4,fever,2,73,117,99,26,93,37.5
30111515,3,headache,2,92,143,86,11,97,37.2
30111516,4,fall,1,94,128,84,17,100,36.1
30111517,4,chest pain,1,85,144,98,17,99,37.1
30111518,3,anxiety,6,77,117,104,14,100,36.2
30111519,3,back pain,0,96,133,90,22,100,36.3
30111520,3,headache,7,115,140,68,22,96,35.3
30111521,2,chest pain,7,71,165,72,19,93,37.3
30111522,3,fever,5,84,134,67,13,98,36.6
30111523,4,shortness of breath,6,62,141,102,27,100,37.9
30111524,3,abdominal pain,7,98,164,97,18,95,38.0
30111525,4,abdominal pain,4,81,119,91,15,97,36.8
30111526,3,chest pain,7,66,142,76,17,96,36.8
30111527,3,anxiety,4,119,139,96,17,99,36.9
30111528,3,headache,0,85,155,81,14,100,38.1
30111529,3,headache,4,92,81,93,16,97,37.6
30111530,4,headache,1,70,137,81,21,100,37.4
30111531,2,fever,6,77,133,74,20,99,37.0
30111532,3,abdominal pain,7,71,106,103,18,98,38.7
30111533,3,fever,2,98,127,71,17,94,37.1
30111534,3,knee pain,2,94,168,97,16,98,38.4
30111535,3,fall,5,86,115,97,17,95,36.7
30111536,3,abdominal pain,3,79,109,62,15,100,37.8
30111537,3,fall,7,96,116,67,16,92,36.8
30111538,3,fever,2,82,111,103,10,100,36.5
30111539,3,headache,1,79,112,101,19,97,37.8
30111540,3,chest pain,5,85,104,108,17,100,37.7
30111541,3,laceration,4,112,113,96,15,94,37.1
30111542,3,fall,7,71,147,81,14,100,36.8
30111543,1,fever,10,46,132,83,16,91,38.2
30111544,2,knee pain,7,90,114,77,22,94,38.3
30111545,3,fall,4,59,133,62,22,97,37.7
30111546,5,chest pain,5,83,122,93,18,100,36.9
30111547,3,shortness of breath,0,80,150,105,18,96,37.1
30111548,2,knee pain,6,72,153,83,14,94,37.6
30111549,4,chest pain,6,84,113,97,18,90,37.9
30111550,3,fever,1,63,123,54,17,97,37.6
30111551,4,knee pain,3,94,103,43,20,97,37.2
30111552,3,abdominal pain,7,90,147,98,17,92,37.6
30111553,3,fever,0,93,106,77,12,90,37.1
30111554,4,fall,5,77,78,99,21,96,37.5
30111555,2,chest pain,6,109,135,75,19,96,38.5
30111556,2,fever,8,83,119,86,20,98,37.8
30111557,4,laceration,4,74,139,69,20,100,36.6
30111558,3,knee pain,0,52,139,69,27,96,36.9
30111559,1,shortness of breath,6,61,140,68,15,96,37.8
30111560,3,fall,3,73,108,69,16,97,36.4
30111561,3,fever,7,55,154,68,12,91,37.1
30111562,3,laceration,6,113,124,82,15,97,37.9
30111563,4,headache,4,81,124,84,19,99,37.5
30111564,3,knee pain,6,80,122,81,19,97,36.6
30111565,4,anxiety,2,92,97,96,20,97,37.2
30111566,3,fever,1,90,140,88,20,97,36.5
30111567,2,laceration,8,92,122,93,15,100,37.8
30111568,3,fever,7,84,137,74,20,98,36.0
30111569,3,shortness of breath,7,80,120,91,12,93,38.8
30111570,3,abdominal pain,0,60,112,52,21,98,36.1
30111571,4,chest pain,1,77,107,86,13,96,36.7
30111572,2,anxiety,6,88,120,75,21,97,38.2
30111573,3,back pain,4,102,159,96,19,100,36.7
30111574,3,anxiety,0,91,102,79,21,99,38.0
30111575,5,chest pain,0,90,100,90,19,98,36.1
30111576,2,headache,9,107,129,70,25,97,36.2
30111577,3,shortness of breath,3,91,125,87,18,100,38.7
30111578,3,knee pain,7,92,111,84,22,97,38.0
30111579,3,fever,2,86,39,96,17,98,35.6
30111580,4,laceration,3,87,115,54,28,95,35.6
30111581,2,laceration,8,97,102,94,17,95,37.3
30111582,3,shortness of breath,1,72,98,73,19,99,37.0
30111583,3,knee pain,6,78,136,86,21,95,38.5
30111584,3,shortness of breath,2,80,73,81,24,97,37.1
30111585,3,back pain,4,67,117,61,14,94,35.9
30111586,3,laceration,2,78,89,81,24,92,36.2
30111587,2,anxiety,8,89,156,83,22,98,37.0
30111588,3,laceration,1,62,160,73,22,96,37.3
30111589,3,laceration,0,78,129,55,18,91,37.6
30111590,3,shortness of breath,6,84,166,90,15,96,38.0
30111591,3,fever,4,65,154,54,18,95,36.7
30111592,5,fall,1,81,152,90,15,99,36.2
30111593,2,back pain,7,95,128,91,24,98,37.6
30111594,3,chest pain,1,96,111,76,16,96,36.7
30111595,3,headache,2,64,135,73,14,93,36.9
30111596,3,fever,0,90,131,71,25,100,36.4
30111597,3,fever,7,83,92,43,18,95,37.7
30111598,3,knee pain,6,68,121,79,15,96,36.7
30111599,3,chest pain,7,102,135,94,15,100,35.7
30111600,4,fall,7,97,143,99,19,100,38.8
30111601,3,laceration,4,66,114,72,18,95,36.3
30111602,1,fall,10,105,109,99,16,96,37.1
30111603,2,chest pain,6,64,128,73,17,95,35.8
30111604,2,fever,9,90,125,85,21,96,37.8
30111605,3,abdominal pain,6,91,141,71,26,96,37.0
30111606,3,fever,3,92,136,73,27,97,36.4
30111607,4,anxiety,3,82,111,77,16,99,37.0
30111608,2,chest pain,8,89,113,71,22,93,36.5
30111609,3,back pain,1,62,161,71,28,97,36.1
30111610,1,chest pain,9,74,114,90,24,94,39.0
30111611,4,knee pain,0,83,121,70,22,94,38.3
30111612,3,anxiety,0,104,86,92,3,93,37.1
30111613,3,shortness of breath,4,85,124,79,17,94,36.9
30111614,3,back pain,6,91,131,75,16,100,37.4
30111615,2,headache,9,96,156,83,16,89,36.5
30111616,2,abdominal pain,7,87,123,90,23,93,36.5
30111617,3,anxiety,7,74,140,61,19,99,36.4
30111618,2,headache,7,73,130,78,18,95,37.4
30111619,2,shortness of breath,7,91,148,41,15,98,35.8
30111620,4,fall,2,70,126,92,23,96,37.6
30111621,2,headache,9,74,135,66,21,92,36.8
30111622,4,laceration,3,96,125,89,18,98,37.2
30111623,3,fever,0,69,112,90,20,100,36.8
30111624,5,fall,7,81,123,97,15,93,37.6
30111625,3,back pain,6,63,128,95,17,100,37.4
30111626,3,laceration,5,77,140,87,14,92,37.0
30111627,4,chest pain,3,73,117,89,19,99,35.9
30111628,3,laceration,0,62,132,82,15,97,37.4
30111629,3,fever,6,100,151,85,18,97,35.6
30111630,4,anxiety,6,80,142,97,18,100,38.1
30111631,5,fever,1,77,117,106,12,94,35.0
30111632,2,anxiety,8,90,109,87,21,89,35.4
30111633,3,shortness of breath,0,87,128,80,13,93,36.8
30111634,3,laceration,2,74,112,96,19,92,36.6
30111635,3,headache,2,74,137,73,23,100,37.6
30111636,3,fever,2,81,103,72,21,96,36.9
30111637,3,shortness of breath,7,101,128,68,19,100,37.3
30111638,1,back pain,10,108,113,104,17,98,37.0
30111639,3,laceration,5,68,111,65,17,96,38.1
30111640,3,headache,6,92,93,85,20,100,37.9
30111641,5,fever,1,61,127,88,18,98,37.8
30111642,3,chest pain,6,84,103,85,14,97,35.9
30111643,2,fall,10,75,146,96,16,96,37.3
30111644,2,laceration,6,104,116,90,9,100,35.8
30111645,3,back pain,2,94,163,68,23,92,36.7
30111646,2,abdominal pain,6,96,112,70,12,99,37.4
30111647,3,back pain,1,87,118,63,18,98,36.5
30111648,2,back pain,7,82,134,84,19,96,35.6
30111649,3,laceration,6,86,128,88,21,97,37.0
30111650,2,laceration,10,96,115,66,18,100,36.6
30111651,3,fall,0,106,118,68,23,96,37.9
30111652,3,fever,3,72,128,74,14,100,37.3
30111653,3,headache,5,81,106,71,19,98,36.7
30111654,3,abdominal pain,5,79,118,82,9,100,37.4
30111655,3,headache,5,80,143,88,20,97,37.0
30111656,3,knee pain,4,75,116,90,15,99,37.7
30111657,3,back pain,3,85,114,73,18,96,37.8
30111658,5,abdominal pain,5,101,148,81,16,95,35.9
30111659,1,shortness of breath,7,105,123,75,23,100,36.6
30111660,5,back pain,0,68,118,78,19,100,37.9
30111661,4,headache,7,105,115,82,21,96,36.0
30111662,3,headache,7,83,134,77,8,89,37.2
30111663,3,chest pain,3,93,139,80,21,95,36.6
30111664,4,anxiety,0,127,138,85,16,92,36.9
30111665,3,anxiety,2,85,137,75,13,97,37.1
30111666,3,fall,3,89,94,64,15,98,37.7
30111667,4,anxiety,5,69,116,102,20,95,36.7
30111668,2,fall,9,76,130,96,19,93,35.6
30111669,3,laceration,7,83,110,53,18,98,37.0
30111670,3,headache,7,77,141,92,17,94,36.7
30111671,3,abdominal pain,7,85,120,93,18,100,38.2
30111672,4,fever,3,61,130,73,19,100,37.0
30111673,3,anxiety,1,58,109,58,18,97,37.8
30111674,3,abdominal pain,0,113,133,70,17,93,37.1
30111675,4,fever,7,93,143,80,20,97,36.9
30111676,4,back pain,6,74,119,82,20,96,37.0
30111677,3,chest pain,4,74,114,98,16,95,36.2
30111678,1,anxiety,9,78,135,72,12,100,36.1
30111679,3,fall,3,84,173,68,20,97,37.5
30111680,3,fever,5,73,115,92,18,98,35.6
30111681,3,knee pain,3,95,133,88,12,96,36.8
30111682,4,fever,6,78,127,67,21,94,37.4
30111683,3,anxiety,2,86,103,64,25,91,36.6
30111684,3,chest pain,3,96,125,68,19,95,36.3
30111685,3,laceration,4,61,133,101,17,95,38.7
30111686,3,chest pain,7,59,94,95,19,96,36.7
30111687,4,fall,5,46,141,106,20,93,36.5
30111688,3,abdominal pain,3,58,117,94,13,95,37.5
30111689,3,fall,1,79,112,87,18,100,36.1
30111690,3,fever,6,64,136,96,21,97,37.3
30111691,3,chest pain,0,92,115,99,18,98,35.6
30111692,2,shortness of breath,7,120,130,82,20,98,35.0
30111693,3,knee pain,2,78,82,88,20,96,35.5
30111694,3,back pain,7,88,147,76,19,100,37.3
30111695,4,chest pain,1,85,116,103,15,98,36.0
30111696,4,anxiety,4,54,108,74,11,95,36.0
30111697,1,back pain,6,68,141,91,22,95,37.7
30111698,3,back pain,4,107,169,120,12,97,35.6
30111699,3,fall,1,79,137,94,21,100,37.0
30111700,3,laceration,4,113,92,59,22,95,36.5
30111701,2,knee pain,6,90,121,76,18,100,37.9
30111702,2,chest pain,8,82,128,101,11,96,36.2
30111703,4,knee pain,1,92,124,55,16,100,37.8
30111704,4,headache,6,98,126,60,20,98,36.5
30111705,4,abdominal pain,1,85,138,93,16,99,36.8
30111706,3,knee pain,5,81,138,83,19,96,37.7
30111707,4,fever,2,62,142,63,18,93,37.6
30111708,3,laceration,7,102,133,73,16,100,38.8
30111709,1,shortness of breath,6,66,87,80,17,94,39.0
30111710,3,laceration,7,85,124,83,12,99,36.8
30111711,2,fever,9,102,138,69,18,98,36.2
30111712,3,headache,2,78,132,69,21,96,35.8
30111713,3,headache,7,104,154,60,18,100,37.1
30111714,5,back pain,5,99,144,73,17,96,37.5
30111715,4,knee pain,4,76,136,59,15,100,36.5
30111716,5,shortness of breath,6,72,131,74,11,92,37.0
30111717,3,headache,7,80,156,71,23,97,36.5
30111718,3,fall,4,86,112,82,26,95,36.4
30111719,3,headache,0,111,150,81,17,99,37.6
30111720,3,headache,2,103,92,91,23,93,37.7
30111721,3,anxiety,5,69,122,85,17,99,35.9
30111722,5,laceration,1,111,135,82,16,98,38.7
30111723,3,laceration,4,86,140,78,19,100,36.4
30111724,4,back pain,6,92,117,67,15,100,35.3
30111725,3,back pain,7,98,124,74,20,93,37.9
30111726,1,chest pain,10,96,122,43,19,97,37.1
30111727,3,chest pain,4,77,133,84,22,95,36.3
30111728,3,knee pain,2,83,124,78,19,100,37.0
30111729,2,chest pain,9,84,93,82,28,95,37.2
30111730,3,knee pain,5,85,127,89,18,97,37.0
30111731,3,knee pain,7,86,128,60,12,88,36.3
30111732,4,fever,1,111,129,66,20,98,36.1
30111733,4,knee pain,3,48,139,72,18,93,37.1
30111734,3,chest pain,4,95,152,94,16,94,37.5
30111735,2,laceration,7,55,113,106,11,94,36.6
30111736,3,shortness of breath,3,88,137,74,14,99,37.5
30111737,3,fall,0,64,147,68,23,100,38.0
30111738,3,headache,7,117,143,109,22,98,37.8
30111739,4,knee pain,7,107,131,86,17,90,37.6
30111740,3,abdominal pain,6,102,140,95,9,98,37.9
30111741,3,headache,0,95,121,90,21,97,36.9
30111742,4,shortness of breath,0,79,132,90,26,100,37.8
30111743,3,headache,7,70,126,54,23,97,38.4
30111744,2,fall,8,91,130,86,14,94,36.3
30111745,3,laceration,6,95,107,90,16,98,37.2
30111746,4,fever,2,84,95,91,9,99,35.9
30111747,3,fall,3,111,105,82,12,98,37.6
30111748,3,laceration,2,71,141,68,18,98,36.8
30111749,4,fever,1,114,93,83,17,100,38.3
30111750,3,fever,4,92,153,64,10,95,36.0
30111751,4,knee pain,4,81,157,77,18,100,35.1
30111752,4,knee pain,6,84,121,92,20,93,36.4
30111753,3,laceration,7,86,136,70,22,95,36.9
30111754,3,fall,6,104,146,78,17,95,36.8
30111755,3,fever,3,64,151,78,16,94,36.6
30111756,3,headache,0,98,132,81,13,98,37.0
30111757,3,fall,1,75,103,40,22,95,36.0
30111758,3,shortness of breath,2,103,155,60,20,100,36.6
30111759,4,shortness of breath,6,92,111,89,15,98,38.2
30111760,2,laceration,9,107,102,68,20,99,36.7
30111761,2,anxiety,9,64,99,88,8,94,36.1
30111762,5,fever,1,82,139,75,13,99,36.3
30111763,3,fall,7,68,99,77,16,98,37.1
30111764,4,shortness of breath,0,89,98,86,9,95,37.2
30111765,5,knee pain,3,88,130,88,17,98,36.2
30111766,4,anxiety,5,101,134,75,17,98,36.8
30111767,5,headache,5,86,72,94,21,96,36.7
30111768,3,laceration,7,125,100,89,21,99,37.0
30111769,4,fever,7,70,141,59,16,100,36.9
30111770,4,back pain,1,101,126,84,13,97,37.4
30111771,3,anxiety,1,82,122,77,19,96,34.9
30111772,1,chest pain,7,86,107,90,22,91,36.2
30111773,3,shortness of breath,3,75,113,81,22,98,36.7
30111774,5,fall,4,102,135,61,17,100,37.0
30111775,3,fever,2,118,139,116,15,99,36.9
30111776,4,laceration,2,88,108,73,16,98,36.2
30111777,4,abdominal pain,1,107,132,58,12,96,36.7
30111778,3,chest pain,0,90,107,73,15,95,37.1
30111779,3,shortness of breath,3,72,112,91,15,100,37.5
30111780,3,back pain,2,107,137,66,15,94,37.8
30111781,1,anxiety,10,69,104,81,9,92,36.9
30111782,3,laceration,6,100,129,65,16,93,36.2
30111783,3,abdominal pain,3,91,155,72,19,100,36.5
30111784,3,fever,2,88,121,94,14,98,36.7
30111785,3,shortness of breath,2,85,150,89,16,100,38.2
30111786,3,abdominal pain,7,81,146,58,14,100,36.3
30111787,4,shortness of breath,1,73,102,79,18,95,37.1
30111788,2,laceration,6,98,166,53,11,98,37.1
30111789,4,fall,4,97,97,104,15,95,38.4
30111790,1,knee pain,10,83,144,84,15,97,38.4
30111791,3,fall,4,81,78,62,20,92,37.1
30111792,2,anxiety,10,78,132,68,13,95,38.2
30111793,4,headache,0,92,103,72,17,94,35.9
30111794,3,knee pain,2,78,108,89,21,89,37.9
30111795,3,abdominal pain,0,77,139,77,18,95,37.1
30111796,2,abdominal pain,7,87,117,112,11,98,36.9
30111797,3,laceration,4,80,139,58,18,99,36.4
30111798,3,chest pain,1,88,135,82,19,93,36.6
30111799,3,laceration,1,88,100,82,18,98,37.9
30111800,3,chest pain,7,84,153,92,14,95,37.7
30111801,2,knee pain,9,66,132,62,24,91,36.8
30111802,3,knee pain,1,89,105,80,17,100,37.9
30111803,3,laceration,0,82,118,51,12,100,37.3
30111804,4,fall,5,83,154,79,13,96,37.7
30111805,3,fever,3,74,154,106,18,95,37.3
30111806,4,fall,2,89,131,71,20,95,36.5
30111807,5,shortness of breath,4,89,123,74,11,94,36.7
30111808,2,back pain,8,103,127,81,21,97,38.3
30111809,1,fall,9,86,100,74,11,97,36.1
30111810,3,back pain,6,70,95,102,18,100,36.6
30111811,3,shortness of breath,6,76,132,85,23,94,35.6
30111812,3,anxiety,0,96,109,60,23,99,36.8
30111813,3,fever,4,89,154,92,20,100,37.2
30111814,3,chest pain,1,65,89,75,17,95,36.1
30111815,2,fall,6,116,134,72,20,97,36.7
30111816,3,shortness of breath,7,87,119,108,14,94,37.5
30111817,2,knee pain,10,85,99,101,18,96,37.0
30111818,3,back pain,0,113,92,99,16,95,38.0
30111819,3,abdominal pain,3,98,181,78,20,97,36.0
30111820,4,back pain,5,95,140,64,16,98,37.9
30111821,4,back pain,6,67,121,50,20,97,35.3
30111822,3,headache,0,112,146,84,20,97,36.9
30111823,3,back pain,1,91,107,81,20,95,36.9
30111824,4,fever,7,74,171,79,17,100,37.7
30111825,3,shortness of breath,7,94,139,60,18,98,37.5
30111826,3,knee pain,7,72,121,98,11,99,36.8
30111827,2,headache,6,111,153,58,23,98,37.8
30111828,3,anxiety,0,70,116,111,20,95,37.5
30111829,3,shortness of breath,7,101,140,71,25,98,36.8
30111830,3,headache,5,67,137,93,16,99,35.9
30111831,2,anxiety,8,113,133,89,15,100,36.7
30111832,3,back pain,7,63,95,115,28,100,37.7
30111833,4,chest pain,0,93,135,70,17,100,36.8
30111834,3,chest pain,3,63,136,72,23,100,36.5
30111835,1,chest pain,7,115,103,65,18,99,36.7
30111836,3,abdominal pain,6,114,128,69,21,100,37.2
30111837,3,headache,2,80,143,77,11,98,37.6
30111838,3,fever,0,110,140,68,15,100,39.0
30111839,2,fall,9,85,134,44,19,96,35.0
30111840,2,anxiety,10,86,147,93,15,100,36.1
30111841,3,anxiety,0,97,98,70,13,98,37.2
30111842,3,headache,3,77,137,72,18,93,37.6
30111843,3,chest pain,6,108,177,73,20,92,35.5
30111844,3,shortness of breath,5,83,114,70,18,90,37.4
30111845,2,shortness of breath,8,38,143,83,18,96,37.1
30111846,3,chest pain,1,95,99,46,15,94,37.7
30111847,3,abdominal pain,1,89,107,67,19,98,36.9
30111848,3,shortness of breath,3,91,163,78,23,97,38.6
30111849,3,headache,1,87,108,79,18,96,37.9
30111850,3,anxiety,7,81,114,62,17,96,36.5
30111851,3,anxiety,5,79,133,59,19,95,36.6
30111852,3,chest pain,0,92,132,97,15,96,37.2
30111853,3,chest pain,2,85,127,76,21,99,37.1
30111854,3,laceration,0,72,173,76,17,92,37.0
30111855,1,shortness of breath,6,123,136,85,12,100,37.2
30111856,1,laceration,10,78,142,88,18,91,37.4
30111857,5,knee pain,0,86,124,50,14,100,37.4
30111858,3,knee pain,5,89,150,76,12,98,38.2
30111859,3,anxiety,7,101,85,73,21,100,36.2
30111860,2,fever,9,83,92,95,17,94,35.7
30111861,3,anxiety,5,92,116,70,14,98,37.9
30111862,2,fever,8,58,130,82,18,93,37.9
30111863,5,laceration,4,92,132,102,18,95,35.6
30111864,4,fall,7,92,131,73,20,94,37.3
30111865,3,abdominal pain,3,130,118,70,18,97,37.3
30111866,5,fever,6,101,128,102,15,97,35.0
30111867,3,laceration,1,83,113,74,17,99,38.1
30111868,3,knee pain,3,81,138,106,18,94,37.0
30111869,2,shortness of breath,9,73,86,88,16,100,36.0
30111870,4,fall,5,101,118,74,18,96,37.6
30111871,1,chest pain,9,83,132,42,22,96,36.1
30111872,3,fall,1,104,84,79,16,98,37.6
30111873,3,back pain,5,89,156,90,13,93,38.0
30111874,3,anxiety,6,99,137,70,14,97,36.8
30111875,3,knee pain,0,82,117,86,18,96,38.3
30111876,3,fever,1,86,174,81,21,99,37.3
30111877,4,fall,2,90,131,74,23,96,37.1
30111878,5,back pain,3,83,104,97,16,96,36.4
30111879,4,anxiety,0,92,126,51,11,91,36.5
30111880,1,fever,9,80,115,84,17,96,37.0
30111881,3,abdominal pain,3,94,103,87,21,99,36.6
30111882,4,shortness of breath,0,82,128,66,13,99,36.7
30111883,3,fever,6,76,139,87,16,95,37.5
30111884,4,knee pain,2,111,134,79,22,98,36.7
30111885,4,anxiety,0,85,106,64,13,99,37.2
30111886,2,chest pain,10,95,149,113,12,93,37.6
30111887,3,back pain,4,84,118,85,9,94,37.0
30111888,3,back pain,3,68,120,99,15,95,36.7
30111889,4,abdominal pain,2,108,69,91,18,96,36.0
30111890,4,anxiety,6,57,113,69,15,97,37.5
30111891,3,anxiety,3,66,146,90,17,97,37.4
30111892,2,laceration,9,80,118,88,25,100,37.0
30111893,5,fall,2,83,94,85,25,98,37.4
30111894,3,headache,0,93,149,74,18,96,37.0
30111895,1,abdominal pain,10,82,115,88,21,100,38.2
30111896,3,laceration,5,107,129,89,17,96,35.5
30111897,3,back pain,2,86,137,90,18,93,37.9
30111898,3,fever,2,82,84,83,10,100,36.5
30111899,3,fever,3,72,165,86,17,100,36.5
30111900,3,shortness of breath,5,98,142,63,18,100,37.1
30111901,3,headache,2,66,127,53,23,100,36.7
30111902,3,anxiety,1,57,125,80,15,97,37.5
30111903,3,headache,4,52,80,90,22,93,37.6
30111904,3,chest pain,2,75,134,75,17,91,37.9
30111905,3,chest pain,1,82,110,99,11,97,37.1
30111906,3,laceration,5,68,115,70,18,98,36.0
30111907,3,laceration,3,80,105,77,14,98,37.8
30111908,1,anxiety,10,54,145,102,18,100,36.9
30111909,5,back pain,6,68,82,73,13,94,35.9
30111910,3,fever,3,81,127,87,16,98,37.2
30111911,4,knee pain,3,70,131,71,21,95,36.2
30111912,3,chest pain,0,62,154,74,22,98,35.7
30111913,3,laceration,2,91,161,77,18,98,36.6
30111914,3,fall,5,80,132,62,22,98,38.3
30111915,4,fall,6,73,157,77,13,98,36.4
30111916,4,fever,7,95,88,97,16,97,37.0
30111917,2,chest pain,10,84,123,57,18,96,35.3
30111918,3,knee pain,1,99,120,71,20,100,36.5
30111919,3,laceration,1,53,136,54,21,96,37.6
30111920,3,knee pain,0,88,98,63,21,98,36.9
30111921,2,fever,7,74,77,62,21,98,37.6
30111922,3,back pain,3,86,146,90,19,99,36.7
30111923,3,abdominal pain,7,87,187,79,21,100,36.5
30111924,4,fever,6,82,122,80,11,94,35.5
30111925,4,abdominal pain,5,91,139,63,26,96,37.1
30111926,3,shortness of breath,1,77,112,105,24,96,37.4
30111927,3,anxiety,0,55,131,69,17,99,37.2
30111928,3,laceration,4,71,103,68,21,96,36.6
30111929,4,shortness of breath,0,92,126,84,21,95,36.9
30111930,5,shortness of breath,6,70,115,85,21,100,36.5
30111931,1,anxiety,9,101,108,78,11,100,36.7
30111932,4,fever,0,75,147,81,19,100,37.0
30111933,3,fever,7,99,144,65,10,96,37.5
30111934,3,knee pain,3,102,135,74,22,97,36.9
30111935,4,shortness of breath,0,89,123,82,14,95,37.2
30111936,4,headache,3,105,167,77,18,100,38.3
30111937,3,knee pain,2,95,143,72,18,96,35.7
30111938,1,chest pain,8,78,123,82,20,98,35.1
30111939,3,laceration,0,97,183,84,15,98,37.3
30111940,4,chest pain,4,101,127,40,19,98,37.1
30111941,3,fall,7,67,123,68,23,91,35.8
30111942,3,knee pain,1,87,120,67,16,97,36.1
30111943,3,laceration,6,113,127,87,18,95,35.3
30111944,2,laceration,8,89,106,89,19,97,36.0
30111945,2,abdominal pain,9,91,83,92,17,95,37.9
30111946,4,back pain,2,67,117,59,21,100,36.0
30111947,2,fever,7,88,140,75,25,100,36.9
30111948,2,knee pain,10,125,102,89,17,96,35.1
30111949,3,abdominal pain,1,103,129,83,21,100,37.1
30111950,3,knee pain,6,105,141,100,15,100,37.0
30111951,1,back pain,8,96,109,66,21,98,37.4
30111952,3,back pain,6,83,148,74,22,96,37.8
30111953,5,headache,1,62,118,84,29,96,36.5
30111954,3,abdominal pain,6,75,119,80,20,96,36.0
30111955,1,knee pain,6,107,114,66,15,97,36.9
30111956,3,back pain,4,120,135,96,14,94,36.6
30111957,1,abdominal pain,10,104,78,72,12,93,36.4
30111958,3,knee pain,5,73,122,48,12,98,37.5
30111959,3,back pain,4,95,130,90,14,98,36.2
30111960,3,abdominal pain,1,84,107,71,20,91,36.0
30111961,4,chest pain,3,79,137,70,15,100,37.0
30111962,1,back pain,7,111,103,66,24,97,37.5
30111963,4,fall,4,85,138,86,13,94,37.8
30111964,2,back pain,6,99,145,86,20,100,36.2
30111965,2,fever,6,93,158,77,14,96,37.4
30111966,5,shortness of breath,1,95,133,54,22,96,37.9
30111967,4,fall,6,63,126,66,16,99,37.2
30111968,3,abdominal pain,6,91,151,108,10,91,36.0
30111969,3,knee pain,0,66,130,52,14,100,36.2
30111970,3,anxiety,6,87,113,96,22,92,37.2
30111971,3,fever,1,108,134,54,16,98,37.0
30111972,4,fall,6,87,114,124,12,97,38.7
30111973,3,anxiety,7,89,119,102,20,96,36.6
30111974,1,fever,8,71,134,68,18,97,36.4
30111975,2,back pain,6,85,143,90,18,99,36.5
30111976,5,laceration,4,68,114,82,16,92,37.0
30111977,3,shortness of breath,0,76,158,59,21,97,37.0
30111978,4,abdominal pain,2,94,160,90,21,93,35.5
30111979,2,abdominal pain,10,90,114,73,10,99,37.3
30111980,5,laceration,7,81,123,69,15,97,37.0
30111981,4,chest pain,1,85,119,80,26,97,37.4
30111982,3,fever,1,104,143,77,21,99,37.0
30111983,3,fall,6,96,64,91,19,98,37.8
30111984,1,laceration,7,60,97,94,18,92,37.9
30111985,3,back pain,5,85,142,80,23,99,37.5
30111986,3,fever,6,88,104,74,13,95,37.4
30111987,3,chest pain,5,88,126,67,20,94,37.1
30111988,3,anxiety,1,69,90,73,16,95,36.6
30111989,3,laceration,3,73,89,70,15,96,36.5
30111990,4,back pain,3,85,129,76,13,96,37.2
30111991,3,knee pain,6,87,136,84,9,98,36.4
30111992,4,laceration,4,71,119,106,19,97,38.1
30111993,3,laceration,7,104,118,85,21,100,37.0
30111994,3,shortness of breath,7,68,90,73,22,100,36.0
30111995,3,knee pain,4,77,161,108,16,94,36.9
30111996,3,fall,6,71,109,112,18,97,37.1
30111997,3,knee pain,7,97,113,102,17,95,37.6
30111998,4,abdominal pain,0,100,135,82,15,100,37.5
30111999,4,abdominal pain,5,96,115,69,14,100,36.9
30112000,3,fever,2,86,126,84,17,98,38.6
30112001,4,knee pain,4,86,105,104,22,98,38.2
30112002,3,back pain,4,103,157,103,18,99,37.3
30112003,4,fall,0,97,117,88,15,99,36.4
30112004,3,abdominal pain,5,83,109,65,23,98,36.2
30112005,1,abdominal pain,7,82,118,112,13,94,36.2
30112006,3,headache,1,75,118,84,20,91,37.1
30112007,5,laceration,1,80,91,103,20,100,37.7
30112008,2,abdominal pain,8,92,113,68,15,100,37.4
30112009,1,laceration,6,108,141,94,19,93,35.8
30112010,1,chest pain,7,74,149,68,18,99,36.4
30112011,4,knee pain,4,107,142,87,15,97,37.7
30112012,4,laceration,0,81,149,84,19,100,37.2
30112013,3,fall,2,78,112,73,21,97,36.5
30112014,3,fever,2,91,150,85,16,91,36.8
30112015,3,headache,2,73,134,71,18,97,38.0
30112016,2,shortness of breath,9,117,105,71,17,97,36.4
30112017,1,anxiety,9,99,137,71,26,96,37.3
30112018,2,fall,6,91,140,74,15,99,38.2
30112019,3,knee pain,5,81,126,82,25,98,35.9
30112020,3,fall,6,74,120,60,22,98,37.1
30112021,3,back pain,1,72,136,106,19,97,36.2
30112022,3,headache,5,89,108,65,17,95,36.2
30112023,3,anxiety,3,84,140,75,21,97,36.1
30112024,4,fever,5,127,109,71,19,100,35.4
30112025,4,knee pain,2,90,145,75,19,98,37.8
30112026,3,chest pain,5,56,107,91,16,100,37.4
30112027,3,shortness of breath,7,69,149,71,20,98,37.7
30112028,2,laceration,10,81,121,76,16,100,36.2
30112029,4,headache,4,90,116,74,20,96,37.4
30112030,2,abdominal pain,10,82,117,71,27,92,37.2
30112031,3,laceration,4,73,128,84,21,98,36.4
30112032,2,headache,6,101,113,64,18,98,36.5
30112033,2,knee pain,8,89,118,84,17,98,37.1
30112034,1,chest pain,6,109,152,64,16,94,37.6
30112035,2,headache,7,93,120,102,24,92,37.4
30112036,4,shortness of breath,6,120,109,67,11,93,38.1
30112037,3,chest pain,7,54,120,61,18,100,36.7
30112038,5,laceration,3,94,130,98,17,100,36.5
30112039,4,anxiety,0,79,108,123,20,91,36.9
30112040,3,abdominal pain,7,66,153,85,14,100,36.8
30112041,5,back pain,2,111,136,76,17,98,37.8
30112042,3,headache,6,63,131,87,16,92,37.6
30112043,2,knee pain,8,85,123,69,21,92,36.5
30112044,2,fall,7,82,110,78,20,96,36.6
30112045,2,back pain,7,80,134,69,13,100,36.8
30112046,2,fever,8,90,136,88,24,100,37.2
30112047,3,anxiety,4,62,110,90,15,99,37.8
30112048,4,chest pain,6,94,160,100,21,94,37.5
30112049,2,abdominal pain,8,42,156,66,14,96,37.7
30112050,3,knee pain,5,78,134,70,27,91,37.6
30112051,5,abdominal pain,6,89,128,77,16,99,37.8
30112052,3,fall,4,50,95,89,20,95,36.3
30112053,4,fever,6,95,117,94,25,91,37.1
30112054,3,shortness of breath,5,97,135,91,20,98,36.4
30112055,3,knee pain,0,95,123,88,16,98,37.8
30112056,4,fall,2,100,151,85,20,91,37.5
30112057,3,back pain,7,53,91,83,18,98,37.3
30112058,4,fall,2,105,147,71,20,93,35.9
30112059,4,chest pain,7,98,141,91,22,96,37.0
30112060,4,fall,5,94,84,100,14,100,37.5
30112061,3,anxiety,5,85,113,60,17,98,37.7
30112062,4,back pain,0,126,108,73,16,100,37.3
30112063,3,fall,0,75,114,95,22,100,38.4
30112064,4,fall,4,91,115,50,16,93,37.8
30112065,3,anxiety,2,64,160,63,19,97,37.7
30112066,2,headache,7,68,140,93,19,88,36.2
30112067,1,chest pain,6,108,134,77,24,96,37.1
30112068,3,headache,2,89,126,85,17,98,37.8
30112069,2,chest pain,7,79,109,72,12,93,37.6
30112070,2,fever,7,86,121,94,16,98,36.1
30112071,4,laceration,4,98,112,88,15,100,36.5
30112072,2,abdominal pain,6,99,136,63,20,98,36.9
30112073,1,abdominal pain,9,108,90,75,12,92,37.4
30112074,3,fall,1,73,143,86,15,95,37.5
30112075,3,anxiety,2,82,107,59,19,100,37.6
30112076,4,knee pain,2,80,128,65,17,92,37.6
30112077,3,fever,7,70,94,74,19,91,36.8
30112078,3,headache,3,106,129,84,23,100,37.8
30112079,3,knee pain,6,70,155,54,12,99,35.9
30112080,2,shortness of breath,9,102,104,81,14,100,36.7
30112081,4,shortness of breath,1,83,142,102,19,98,35.3
30112082,3,back pain,2,63,138,80,12,97,36.4
30112083,2,shortness of breath,8,64,158,74,13,95,37.5
30112084,3,anxiety,4,102,114,59,15,98,37.8
30112085,1,chest pain,7,101,138,66,24,100,37.4
30112086,3,headache,0,91,105,89,24,93,37.1
30112087,2,shortness of breath,9,80,128,74,25,97,36.3
30112088,2,headache,9,77,144,74,22,93,37.5
30112089,3,abdominal pain,2,99,170,99,12,96,36.7
30112090,3,knee pain,1,79,133,69,18,95,36.7
30112091,3,fever,3,97,111,89,19,100,36.3
30112092,4,laceration,1,98,129,103,17,99,38.2
30112093,2,back pain,10,93,140,70,20,97,37.5
30112094,2,knee pain,10,104,139,77,24,96,37.8
30112095,2,back pain,7,87,122,95,22,97,38.0
30112096,2,fever,8,91,111,90,22,96,36.5
30112097,3,anxiety,6,61,147,105,21,97,35.9
30112098,3,shortness of breath,1,82,133,86,24,98,36.7
30112099,5,knee pain,1,72,105,73,15,96,35.5
30112100,3,shortness of breath,4,79,124,92,16,96,37.7
30112101,3,anxiety,3,83,110,92,20,95,36.0
30112102,2,chest pain,6,78,151,74,15,92,37.7
30112103,3,headache,6,106,134,85,19,100,36.8
30112104,3,fall,4,89,167,80,19,95,36.1
30112105,3,fever,0,78,108,65,20,95,36.3
30112106,2,laceration,6,82,116,93,15,94,35.7
30112107,3,laceration,3,82,113,60,18,100,37.8
30112108,3,fall,2,92,133,84,17,99,36.6
30112109,3,laceration,3,88,105,90,17,94,38.3
30112110,3,back pain,6,86,109,75,18,100,37.7
30112111,4,anxiety,1,82,128,120,12,99,36.7
30112112,4,abdominal pain,2,73,140,32,12,93,37.5
30112113,3,anxiety,5,100,106,61,12,97,37.3
30112114,2,abdominal pain,6,114,106,67,8,93,36.8
30112115,3,anxiety,5,63,120,60,19,93,37.2
30112116,3,shortness of breath,7,80,138,83,17,94,37.9
30112117,2,shortness of breath,8,85,109,86,23,96,37.1
30112118,3,laceration,3,57,130,75,26,94,37.6
30112119,4,shortness of breath,0,105,126,83,13,99,36.6
30112120,3,shortness of breath,3,83,134,83,14,99,37.9
30112121,4,knee pain,2,83,137,94,15,95,36.9
30112122,4,chest pain,1,79,125,101,19,95,37.4
30112123,3,fever,1,75,84,63,15,98,35.9
30112124,4,headache,0,85,145,69,17,100,36.2
30112125,4,fever,6,77,119,86,21,94,38.2
30112126,3,fall,7,76,119,107,17,98,37.0
30112127,4,headache,1,74,133,91,22,100,36.4
30112128,2,shortness of breath,10,102,149,96,16,100,36.1
30112129,3,shortness of breath,1,66,123,78,22,95,37.6
30112130,3,knee pain,6,80,152,81,21,99,36.7
30112131,2,shortness of breath,8,75,91,89,17,94,38.6
30112132,3,laceration,6,72,116,69,24,100,35.6
30112133,3,chest pain,6,93,144,84,13,99,35.7
30112134,3,knee pain,1,102,123,69,19,96,37.9
30112135,3,laceration,0,85,130,80,22,96,35.8
30112136,2,knee pain,8,84,141,61,16,95,37.3
30112137,2,knee pain,10,72,122,97,19,99,37.5
30112138,3,abdominal pain,1,97,109,109,18,96,36.7
30112139,3,knee pain,7,102,131,81,20,100,37.8
30112140,3,anxiety,6,94,92,85,13,95,38.1
30112141,3,fall,7,94,99,82,16,90,37.2
30112142,3,knee pain,5,77,135,71,16,99,36.9
30112143,4,laceration,2,80,151,89,27,95,34.3
30112144,3,abdominal pain,3,99,134,68,14,93,35.7
30112145,3,headache,0,81,133,90,22,92,37.0
30112146,2,chest pain,7,99,128,104,14,100,36.5
30112147,3,abdominal pain,4,79,104,77,11,99,37.7
30112148,3,shortness of breath,5,88,155,42,11,97,37.3
30112149,2,abdominal pain,7,55,127,75,17,95,37.4
30112150,3,headache,5,57,98,104,18,99,36.7
30112151,2,chest pain,7,74,106,92,24,97,37.8
30112152,3,chest pain,7,83,118,82,14,97,36.7
30112153,3,headache,4,72,128,106,18,97,37.4
30112154,2,fall,9,95,148,71,14,99,36.0
30112155,1,knee pain,8,73,141,76,20,100,35.8
30112156,5,shortness of breath,0,100,178,87,21,95,37.0
30112157,2,chest pain,7,87,129,64,16,100,37.3
30112158,3,anxiety,1,115,94,60,16,97,37.5
30112159,2,anxiety,9,88,119,108,19,97,36.3
30112160,3,abdominal pain,1,99,130,88,22,96,37.2
30112161,3,laceration,3,77,155,86,18,98,37.5
30112162,3,chest pain,7,66,155,88,23,98,36.5
30112163,4,fall,3,82,135,89,17,96,36.8
30112164,5,headache,6,82,124,93,11,100,37.0
30112165,4,shortness of breath,7,86,120,76,10,92,38.5
30112166,3,headache,1,91,121,89,18,95,37.1
30112167,2,shortness of breath,6,96,134,104,12,99,37.0
30112168,3,headache,0,98,117,82,21,95,36.8
30112169,3,back pain,4,86,119,69,14,97,38.1
30112170,5,shortness of breath,3,73,101,85,13,94,37.0
30112171,4,anxiety,1,101,97,77,15,91,36.4
30112172,4,shortness of breath,6,88,150,80,21,93,37.3
30112173,3,shortness of breath,3,83,136,56,18,100,36.0
30112174,3,fall,2,67,132,64,13,97,36.4
30112175,1,fever,8,55,132,86,24,96,35.7
30112176,3,headache,1,105,115,55,19,99,36.6
30112177,4,fever,4,78,97,84,15,91,37.2
30112178,3,laceration,1,113,133,76,18,96,36.4
30112179,4,back pain,4,87,126,76,15,97,36.5
30112180,3,back pain,3,73,171,91,12,100,37.6
30112181,3,fever,3,104,133,99,20,97,35.9
30112182,3,anxiety,2,98,135,75,12,94,38.2
30112183,3,anxiety,7,95,96,106,21,98,37.5
30112184,2,knee pain,6,94,132,92,16,100,37.6
30112185,3,laceration,3,110,130,88,20,98,36.4
30112186,3,back pain,5,77,108,77,17,99,37.9
30112187,4,back pain,5,95,118,99,20,96,37.2
30112188,3,shortness of breath,5,61,135,45,22,97,36.7
30112189,3,chest pain,7,67,118,82,18,99,37.4
30112190,3,headache,0,101,129,73,16,98,36.5
30112191,3,laceration,0,48,151,81,16,97,35.5
30112192,3,laceration,6,88,92,82,13,97,37.5
30112193,3,shortness of breath,5,94,120,71,26,100,36.1
30112194,3,knee pain,3,89,122,92,20,96,36.9
30112195,3,fall,1,99,143,86,14,100,36.7
30112196,3,headache,1,60,154,95,10,98,36.8
30112197,3,back pain,0,84,125,80,22,94,37.8
30112198,3,fall,4,76,97,95,17,95,37.8
30112199,4,shortness of breath,4,83,141,93,16,96,35.0
30112200,4,headache,6,90,153,61,22,96,36.1
30112201,5,laceration,0,95,109,61,26,97,37.2
30112202,3,laceration,5,68,189,91,27,99,37.1
30112203,4,fever,1,108,159,59,16,97,37.2
30112204,5,knee pain,5,64,120,78,15,97,37.8
30112205,3,shortness of breath,1,66,163,63,12,97,36.6
30112206,3,fall,1,74,133,84,25,99,37.0
30112207,2,fever,7,95,120,47,16,95,37.3
30112208,3,headache,2,68,121,78,15,92,36.8
30112209,4,laceration,4,99,110,76,11,97,35.7
30112210,3,fall,4,88,107,66,23,97,36.7
30112211,3,abdominal pain,5,73,157,50,19,100,36.8
30112212,4,fall,3,105,119,68,16,95,37.4
30112213,2,anxiety,10,97,114,55,13,97,35.9
30112214,2,laceration,7,81,100,87,16,99,37.6
30112215,2,fever,7,101,116,84,18,99,36.3
30112216,4,fall,1,69,141,92,22,100,37.1
30112217,3,fever,5,87,127,79,6,94,36.7
30112218,3,fall,6,94,125,83,20,92,37.4
30112219,3,shortness of breath,4,86,155,83,26,99,37.1
30112220,2,fall,9,72,123,107,20,100,36.4
30112221,3,laceration,1,72,109,83,18,98,36.8
30112222,1,anxiety,8,94,98,81,18,92,38.2
30112223,2,chest pain,6,100,127,47,16,94,37.0
30112224,3,shortness of breath,4,84,146,84,16,93,36.7
30112225,4,knee pain,4,58,143,97,19,96,36.4
30112226,4,fall,2,79,149,77,26,93,37.2
30112227,4,back pain,5,53,95,48,18,96,37.1
30112228,3,abdominal pain,2,97,140,45,14,100,36.8
30112229,3,shortness of breath,5,81,111,83,13,93,35.7
30112230,2,fever,9,76,98,54,16,95,37.5
30112231,3,chest pain,7,99,131,72,17,100,36.8
30112232,4,fever,5,87,132,59,25,98,37.0
30112233,3,laceration,0,82,155,87,14,96,37.0
30112234,3,abdominal pain,3,79,118,62,19,97,37.9
30112235,4,headache,5,73,117,59,17,96,37.3
30112236,4,fall,1,102,122,69,18,97,38.1
30112237,4,shortness of breath,5,101,109,80,16,99,35.8
30112238,2,chest pain,6,70,131,89,22,100,38.0
30112239,4,laceration,5,74,121,94,13,98,36.9
30112240,2,shortness of breath,6,85,105,83,21,97,36.1
30112241,3,shortness of breath,2,79,136,65,25,95,38.1
30112242,2,back pain,9,105,150,83,9,98,37.9
30112243,3,laceration,3,88,114,70,18,100,36.3
30112244,2,fall,10,82,127,95,12,100,36.6
30112245,4,shortness of breath,0,100,141,79,18,97,37.2
30112246,2,headache,9,99,135,65,18,94,37.3
30112247,3,fever,7,57,113,97,20,92,36.4
30112248,3,knee pain,7,75,166,86,17,93,37.4
30112249,3,shortness of breath,4,75,153,65,17,100,35.8
30112250,2,knee pain,6,82,90,71,25,100,36.4
30112251,3,headache,5,71,160,84,19,99,37.0
30112252,3,abdominal pain,5,77,120,75,17,93,38.3
30112253,3,fever,5,75,131,93,20,100,36.8
30112254,4,fall,5,93,137,72,24,97,36.7
30112255,5,knee pain,1,100,144,83,16,90,37.8
30112256,4,fever,5,61,113,78,16,96,36.0
30112257,2,back pain,7,113,128,68,16,99,36.1
30112258,3,back pain,1,83,156,109,20,96,35.9
30112259,2,fever,8,82,125,82,17,99,35.6
30112260,4,abdominal pain,7,68,141,66,13,95,37.1
30112261,1,fever,6,108,156,89,18,99,37.3
30112262,2,chest pain,8,104,117,82,22,100,36.1
30112263,3,back pain,5,73,144,91,25,100,36.1
30112264,3,shortness of breath,2,90,119,75,18,93,36.4
30112265,3,shortness of breath,5,79,130,85,17,97,37.6
30112266,3,anxiety,3,95,130,105,21,97,36.9
30112267,3,shortness of breath,1,76,113,76,23,95,37.1
30112268,3,headache,1,60,115,78,11,97,36.8
30112269,2,anxiety,8,95,121,54,13,92,37.2
30112270,3,chest pain,0,83,127,83,23,99,36.7
30112271,3,abdominal pain,2,108,126,66,20,98,36.3
30112272,2,fever,6,108,134,78,16,100,36.3
30112273,4,anxiety,7,83,126,74,22,97,35.1
30112274,3,fall,5,77,115,105,16,100,36.5
30112275,4,abdominal pain,1,96,119,100,25,98,37.1
30112276,1,back pain,9,79,133,33,18,100,36.8
30112277,2,fever,7,95,112,70,18,95,37.8
30112278,4,fall,1,86,126,76,18,96,36.6
30112279,3,anxiety,5,105,123,56,27,93,37.1
30112280,3,headache,7,101,140,113,18,98,37.1
30112281,2,headache,8,76,129,84,24,99,35.7
30112282,3,back pain,0,96,154,77,21,96,37.8
30112283,3,anxiety,7,84,104,53,21,98,37.7
30112284,4,chest pain,0,83,141,94,16,94,36.7
30112285,2,shortness of breath,7,81,131,92,22,96,35.4
30112286,1,abdominal pain,9,104,132,57,11,100,37.5
30112287,4,knee pain,5,83,124,90,21,100,37.7
30112288,1,chest pain,7,92,123,92,12,99,37.2
30112289,4,anxiety,7,94,141,119,10,91,37.0
30112290,3,fall,0,94,116,66,19,100,37.3
30112291,4,shortness of breath,4,61,122,75,14,97,36.5
30112292,3,anxiety,4,109,135,92,20,98,38.0
30112293,3,abdominal pain,5,73,123,88,15,97,35.8
30112294,2,fever,8,91,101,45,22,96,35.6
30112295,4,headache,0,89,105,84,20,100,35.6
30112296,2,laceration,9,86,118,105,13,98,37.5
30112297,2,chest pain,8,65,115,75,27,98,35.6
30112298,5,fever,0,118,115,73,18,96,38.0
30112299,3,back pain,2,77,138,57,16,98,36.4
30112300,2,knee pain,10,91,132,66,15,96,38.3
30112301,4,anxiety,2,99,133,92,15,90,37.4
30112302,3,laceration,2,106,117,79,18,90,36.9
30112303,2,knee pain,6,85,132,100,20,100,37.8
30112304,2,back pain,6,76,89,66,20,90,37.0
30112305,3,back pain,4,63,126,87,13,100,35.2
30112306,3,abdominal pain,7,110,136,113,22,98,37.0
30112307,5,laceration,6,123,149,84,14,97,35.8
30112308,4,fall,7,96,109,76,12,100,36.5
30112309,1,chest pain,7,71,137,85,23,99,38.2
30112310,3,laceration,1,119,126,77,18,95,37.0
30112311,3,laceration,0,64,104,90,19,97,36.3
30112312,3,abdominal pain,6,57,137,72,18,98,37.5
30112313,3,knee pain,0,107,114,92,16,93,36.5
30112314,5,headache,4,76,162,80,20,97,35.7
30112315,2,shortness of breath,8,88,119,101,18,98,37.4
30112316,3,anxiety,5,90,109,87,16,100,35.1
30112317,5,anxiety,0,82,143,54,17,99,36.0
30112318,3,headache,6,98,134,79,21,92,38.8
30112319,3,back pain,1,75,123,77,18,100,36.7
30112320,4,laceration,6,107,112,92,19,97,36.2
30112321,3,anxiety,2,96,145,121,17,97,36.6
30112322,5,chest pain,4,119,142,86,26,94,37.0
30112323,2,chest pain,8,59,126,78,16,98,35.9
30112324,3,knee pain,4,94,186,76,11,95,36.9
30112325,2,abdominal pain,6,115,170,92,12,99,36.6
30112326,4,back pain,5,70,118,64,13,100,35.6
30112327,3,fever,2,83,100,92,13,99,37.2
30112328,3,anxiety,5,95,158,55,18,97,39.2
30112329,3,back pain,4,82,107,84,20,94,37.0
30112330,2,fever,6,89,141,107,15,100,37.4
30112331,4,fall,4,88,144,80,10,94,38.1
30112332,3,headache,5,90,86,88,15,92,37.5
30112333,3,laceration,2,96,126,46,15,95,37.8
30112334,4,anxiety,0,73,136,73,20,93,36.4
30112335,2,abdominal pain,6,95,118,74,13,95,38.1
30112336,4,laceration,0,68,105,76,19,97,37.2
30112337,4,laceration,5,109,124,94,15,97,36.9
30112338,2,anxiety,7,92,124,80,26,98,37.2
30112339,5,laceration,3,77,103,68,13,99,36.4
30112340,3,shortness of breath,1,106,118,96,21,95,37.6
30112341,3,knee pain,6,53,102,109,23,99,37.5
30112342,4,anxiety,5,58,117,72,19,100,37.7
30112343,3,knee pain,6,69,129,94,21,100,37.0
30112344,4,anxiety,3,86,116,75,18,95,37.7
30112345,4,abdominal pain,4,94,132,80,19,100,38.1
30112346,3,knee pain,2,97,109,84,19,96,37.3
30112347,3,chest pain,4,77,143,87,22,100,37.5
30112348,3,fall,7,110,116,52,19,100,37.4
30112349,3,headache,6,94,90,84,14,99,37.0
30112350,3,fall,3,127,136,76,8,100,37.6
30112351,3,fall,1,78,109,94,22,96,35.4
30112352,2,laceration,9,80,109,101,21,96,38.0
30112353,1,abdominal pain,9,75,118,75,17,97,37.4
30112354,3,anxiety,5,91,104,103,14,95,37.1
30112355,4,knee pain,5,94,130,80,17,95,35.7
30112356,3,headache,3,110,127,68,17,99,36.9
30112357,3,knee pain,6,98,122,88,16,96,36.3
30112358,3,back pain,1,96,98,68,14,99,36.7
30112359,4,shortness of breath,5,62,122,65,20,92,35.7
30112360,3,chest pain,5,88,112,72,12,94,38.5
30112361,4,knee pain,6,90,138,77,15,97,38.2
30112362,2,anxiety,7,80,95,89,15,94,35.7
30112363,3,fall,6,87,162,86,18,100,35.7
30112364,2,anxiety,6,67,131,51,16,96,39.0
30112365,3,back pain,1,100,147,62,12,98,36.3
30112366,2,fall,8,69,127,77,21,93,36.6
30112367,2,shortness of breath,10,88,112,72,14,90,36.4
30112368,4,laceration,2,82,140,69,24,93,36.4
30112369,3,anxiety,2,81,139,66,21,96,37.4
30112370,2,abdominal pain,7,82,136,93,19,94,37.5
30112371,3,laceration,3,64,133,65,18,95,36.8
30112372,3,anxiety,1,96,151,72,19,98,38.3
30112373,3,chest pain,3,72,143,83,19,93,37.8
30112374,4,laceration,2,100,104,92,21,93,36.6
30112375,3,anxiety,2,85,141,75,9,95,36.7
30112376,3,shortness of breath,1,99,130,95,14,98,37.1
30112377,3,knee pain,3,108,126,88,15,100,37.4
30112378,3,laceration,7,69,127,91,13,99,37.6
30112379,3,anxiety,3,62,111,72,23,93,35.9
30112380,3,fall,7,84,121,76,15,94,37.3
30112381,2,anxiety,6,56,151,88,15,96,35.9
30112382,3,headache,5,75,128,75,26,98,36.3
30112383,3,knee pain,1,64,130,78,23,97,36.5
30112384,3,laceration,5,72,158,77,21,100,37.0
30112385,4,fall,6,108,114,84,17,99,36.6
30112386,4,shortness of breath,2,90,105,85,14,100,36.8
30112387,3,abdominal pain,4,79,90,73,17,100,36.5
30112388,2,anxiety,6,67,144,56,13,97,37.7
30112389,3,headache,4,77,102,94,20,98,37.2
30112390,3,laceration,4,99,115,98,15,99,37.9
30112391,3,fever,3,96,108,94,12,93,36.3
30112392,3,shortness of breath,3,97,99,100,25,93,36.5
30112393,5,knee pain,2,82,119,76,14,97,35.9
30112394,3,fever,4,82,123,65,14,95,36.9
30112395,4,fall,1,99,91,109,24,97,36.6
30112396,1,headache,10,65,112,76,19,97,37.1
30112397,3,chest pain,1,71,114,80,19,97,36.2
30112398,4,knee pain,1,81,166,59,19,95,36.6
30112399,3,back pain,0,81,126,98,16,96,36.8
30112400,3,shortness of breath,1,76,123,92,19,95,37.1
30112401,3,abdominal pain,6,89,140,71,14,99,37.3
30112402,3,anxiety,6,81,135,76,15,93,37.4
30112403,3,abdominal pain,7,97,133,77,16,99,37.3
30112404,2,fever,10,73,119,77,23,94,37.5
30112405,2,headache,10,102,114,52,12,100,37.2
30112406,3,back pain,7,102,111,61,23,97,36.8
30112407,2,headache,6,70,137,67,25,97,37.3
30112408,2,anxiety,9,89,158,93,18,99,38.1
30112409,2,chest pain,10,94,125,86,22,91,38.2
30112410,4,fall,7,85,107,74,18,96,36.5
30112411,1,back pain,6,73,141,82,18,100,35.5
30112412,4,back pain,6,93,135,76,20,96,36.6
30112413,2,back pain,10,87,116,72,20,96,38.4
30112414,3,headache,7,74,115,76,14,97,37.3
30112415,3,back pain,1,69,138,87,17,96,35.0
30112416,3,knee pain,1,86,123,80,16,94,36.6
30112417,4,headache,5,73,131,74,18,100,36.8
30112418,2,abdominal pain,7,101,125,79,19,87,36.3
30112419,4,fall,5,98,142,78,15,100,37.4
30112420,4,fall,2,79,142,90,11,100,36.6
30112421,3,fall,7,66,92,86,19,94,37.4
30112422,2,anxiety,8,79,133,98,14,96,37.9
30112423,3,chest pain,7,101,97,84,14,98,36.8
30112424,4,chest pain,7,89,106,70,11,98,36.5
30112425,4,fever,2,63,103,90,20,95,37.3
30112426,2,back pain,10,98,147,95,17,91,37.2
30112427,3,headache,1,125,132,76,20,95,37.1
30112428,4,shortness of breath,1,87,106,104,20,94,36.6
30112429,3,abdominal pain,7,64,153,84,22,98,37.3
30112430,3,headache,1,96,128,73,21,93,37.7
30112431,2,fever,8,97,143,125,16,96,36.7
30112432,2,fever,8,94,133,87,9,97,36.7
30112433,3,back pain,3,112,103,54,18,100,37.1
30112434,4,laceration,2,52,132,74,18,95,36.6
30112435,4,fever,5,111,115,80,25,100,37.2
30112436,2,chest pain,9,73,98,105,7,99,37.4
30112437,3,shortness of breath,0,84,122,82,17,100,36.6
30112438,3,back pain,0,83,104,73,22,100,35.6
30112439,3,back pain,0,91,117,95,16,96,36.7
30112440,4,anxiety,2,98,93,68,21,100,35.0
30112441,4,shortness of breath,7,91,128,98,20,98,37.9
30112442,4,knee pain,1,75,168,65,17,95,36.0
30112443,3,abdominal pain,6,85,166,84,20,100,35.3
30112444,3,abdominal pain,0,66,144,97,15,95,35.9
30112445,2,shortness of breath,7,91,82,98,20,96,36.8
30112446,3,knee pain,5,62,144,44,15,100,36.3
30112447,3,back pain,5,92,142,88,5,99,37.3
30112448,2,fall,6,85,120,64,17,100,38.0
30112449,3,fall,7,116,179,70,15,97,37.8
30112450,3,anxiety,6,104,136,52,18,99,38.4
30112451,3,headache,5,62,162,85,13,97,37.2
30112452,3,abdominal pain,2,69,93,96,23,95,38.1
30112453,3,back pain,0,101,133,69,15,100,36.7
30112454,2,headache,8,106,119,69,20,98,38.5
30112455,3,chest pain,5,91,137,79,22,98,36.8
30112456,4,anxiety,7,67,100,86,22,97,36.6
30112457,3,abdominal pain,4,96,127,91,18,99,36.6
30112458,3,anxiety,2,65,141,67,21,99,37.2
30112459,4,shortness of breath,1,97,138,78,20,99,37.3
30112460,3,fever,0,102,130,87,11,98,36.2
30112461,4,shortness of breath,0,102,135,92,18,97,37.2
30112462,4,abdominal pain,6,91,96,62,15,93,39.4
30112463,4,fever,6,72,118,96,14,95,37.7
30112464,5,fall,6,70,121,98,15,99,37.4
30112465,4,laceration,0,69,158,84,15,100,36.4
30112466,3,back pain,4,80,101,51,21,98,36.7
30112467,3,anxiety,6,62,126,90,22,98,37.7
30112468,3,anxiety,6,85,138,77,19,98,35.7
30112469,5,back pain,4,98,109,69,13,100,37.2
30112470,3,back pain,3,78,114,70,18,97,37.3
30112471,3,knee pain,6,104,95,70,18,94,37.2
30112472,3,back pain,7,91,163,100,12,96,37.5
30112473,4,headache,0,65,142,114,13,97,38.1
30112474,3,knee pain,6,93,138,82,13,88,37.4
30112475,3,abdominal pain,2,116,122,59,20,96,36.3
30112476,3,abdominal pain,6,92,141,91,19,92,37.8
30112477,5,headache,2,50,121,77,22,98,38.7
30112478,4,laceration,3,81,101,101,24,96,37.1
30112479,3,fever,5,62,147,85,11,100,37.1
30112480,5,fall,5,81,152,96,23,94,38.0
30112481,3,anxiety,0,93,145,52,15,92,36.7
30112482,4,fall,1,82,100,84,13,99,37.4
30112483,4,chest pain,2,79,115,73,22,90,35.8
30112484,3,anxiety,5,93,150,79,21,97,36.6
30112485,3,back pain,5,79,112,62,20,94,36.6
30112486,3,fever,4,77,130,76,17,95,37.2
30112487,1,shortness of breath,10,83,129,77,19,100,37.0
30112488,2,laceration,10,67,127,58,13,100,37.1
30112489,4,shortness of breath,1,87,167,97,13,95,36.0
30112490,2,fall,10,66,141,89,28,93,36.7
30112491,3,laceration,1,87,124,85,21,97,35.9
30112492,1,fever,9,53,132,87,19,94,37.8
30112493,3,back pain,7,69,126,85,13,99,37.5
30112494,3,fall,7,90,104,78,29,97,36.8
30112495,3,headache,3,89,117,85,18,100,38.0
30112496,4,laceration,4,115,117,104,13,97,37.2
30112497,3,laceration,1,84,136,80,20,91,39.0
30112498,3,knee pain,4,74,85,91,11,95,36.2
30112499,2,chest pain,6,81,128,103,21,94,37.9
30112500,3,fever,1,109,132,79,18,97,37.2
30112501,3,back pain,3,83,127,72,23,94,36.4
30112502,2,shortness of breath,10,79,138,88,12,97,38.4
30112503,3,abdominal pain,7,87,122,59,13,99,36.6
30112504,3,fever,2,70,108,103,21,95,35.7
30112505,4,anxiety,6,54,142,71,18,100,37.2
30112506,3,laceration,1,110,76,80,18,93,37.8
30112507,3,shortness of breath,4,65,137,91,12,94,36.9
30112508,4,chest pain,4,74,108,75,21,95,38.2
30112509,3,chest pain,6,81,123,66,14,94,37.4
30112510,3,shortness of breath,7,56,110,79,18,100,37.2
30112511,4,abdominal pain,2,67,133,98,25,96,38.7
30112512,3,chest pain,6,77,147,127,17,94,38.3
30112513,2,fall,9,99,109,92,23,95,37.1
30112514,2,chest pain,6,83,129,68,24,97,36.1
30112515,3,back pain,6,92,147,109,21,99,35.6
30112516,3,abdominal pain,2,94,135,116,18,100,36.5
30112517,3,chest pain,1,98,141,108,17,99,36.9
30112518,4,shortness of breath,0,68,128,59,15,96,37.0
30112519,2,fever,8,114,140,81,26,100,37.7
30112520,3,anxiety,4,96,143,92,16,93,36.7
30112521,3,fever,1,98,138,64,17,98,36.8
30112522,2,anxiety,6,109,99,59,19,98,37.1
30112523,3,chest pain,2,104,133,102,21,92,37.0
30112524,3,shortness of breath,4,109,140,77,16,98,36.7
30112525,3,back pain,5,108,155,84,25,98,36.8
30112526,3,back pain,6,79,163,83,17,98,35.5
30112527,3,headache,3,95,152,91,8,98,38.0
30112528,3,fever,5,77,115,84,20,95,37.3
30112529,3,abdominal pain,6,91,93,70,21,96,35.5
30112530,3,back pain,3,86,128,92,16,100,36.3
30112531,3,chest pain,4,114,142,72,26,98,34.9
30112532,2,abdominal pain,8,92,92,89,19,94,37.5
30112533,3,abdominal pain,2,75,97,104,22,95,37.5
30112534,2,back pain,6,83,125,86,23,100,36.4
30112535,3,fall,0,90,85,63,23,96,35.5
30112536,3,back pain,0,92,131,55,11,98,36.3
30112537,2,chest pain,8,86,121,66,16,98,37.8
30112538,4,knee pain,5,79,132,77,19,100,37.6
30112539,4,fall,6,96,123,78,25,97,36.4
30112540,2,abdominal pain,7,60,158,71,17,95,36.9
30112541,3,chest pain,0,62,147,65,23,94,36.0
30112542,5,knee pain,4,65,146,67,17,97,37.3
30112543,3,back pain,5,74,134,84,21,99,36.8
30112544,3,headache,6,82,95,84,17,95,37.1
30112545,3,fall,6,94,134,91,15,100,37.3
30112546,2,fever,10,70,144,92,16,97,38.2
30112547,2,anxiety,6,83,89,71,16,98,37.9
30112548,3,chest pain,2,93,139,85,17,100,36.4
30112549,3,laceration,3,65,139,90,16,89,36.5
30112550,2,laceration,9,87,103,68,15,97,35.9
30112551,4,headache,0,72,128,62,12,99,35.4
30112552,3,fever,4,74,117,95,11,95,38.2
30112553,3,chest pain,3,104,111,70,18,99,38.8
30112554,2,abdominal pain,10,92,156,70,20,96,35.4
30112555,3,abdominal pain,3,92,102,92,19,99,37.7
30112556,3,fall,1,69,134,96,23,98,37.3
30112557,3,knee pain,4,97,117,77,20,100,37.4
30112558,3,anxiety,4,88,123,74,19,96,36.8
30112559,3,anxiety,4,93,144,58,17,93,37.2
30112560,3,fall,6,81,117,91,13,94,36.7
30112561,3,laceration,2,80,114,82,17,92,37.4
30112562,3,laceration,0,98,122,96,22,95,37.1
30112563,4,laceration,7,63,91,101,17,100,37.4
30112564,2,abdominal pain,9,78,107,77,20,96,38.2
30112565,2,abdominal pain,7,98,120,101,21,100,37.7
30112566,2,back pain,8,75,123,70,19,99,37.4
30112567,1,knee pain,9,91,121,60,16,95,38.6
30112568,3,fever,1,98,131,80,14,100,36.3
30112569,3,knee pain,5,100,151,91,16,95,37.3
30112570,2,fall,8,93,152,85,20,94,37.1
30112571,3,knee pain,1,112,151,78,14,92,37.0
30112572,2,fever,10,107,130,73,17,97,35.5
30112573,3,shortness of breath,7,61,100,94,20,88,35.5
30112574,3,fall,5,85,117,54,15,94,36.8
30112575,2,back pain,8,77,110,80,17,94,37.3
30112576,3,fever,1,110,148,98,14,100,36.3
30112577,3,laceration,0,74,134,92,16,94,38.4
30112578,1,abdominal pain,10,74,103,62,3,100,36.7
30112579,3,headache,7,68,141,81,17,97,37.9
30112580,3,knee pain,0,90,121,87,26,93,37.0
30112581,3,knee pain,3,76,116,70,18,99,37.3
30112582,4,fall,5,91,149,51,11,95,37.2
30112583,2,shortness of breath,6,70,136,81,18,99,37.1
30112584,3,headache,0,82,129,65,16,91,37.0
30112585,5,chest pain,7,96,102,46,10,96,37.7
30112586,4,fall,5,105,142,113,20,100,39.4
30112587,3,abdominal pain,4,119,137,73,24,97,38.3
30112588,1,shortness of breath,7,88,116,81,18,97,35.8
30112589,3,laceration,4,90,102,87,28,98,36.8
30112590,3,back pain,5,86,153,46,13,96,37.0
30112591,3,abdominal pain,3,90,107,83,18,98,38.5
30112592,4,anxiety,1,87,99,81,19,97,37.8
30112593,3,fall,5,83,103,58,24,93,36.8
30112594,2,fall,10,95,105,76,14,100,36.8
30112595,3,fever,2,102,140,62,12,100,36.8
30112596,3,laceration,6,105,122,47,22,100,36.4
30112597,3,abdominal pain,6,79,125,74,18,97,37.0
30112598,4,back pain,3,99,120,67,17,97,36.3
30112599,3,laceration,7,90,85,87,21,99,38.5
30112600,3,headache,0,84,109,127,15,100,36.0
30112601,4,fever,2,99,117,94,24,98,37.0
30112602,4,chest pain,1,60,137,83,13,92,35.9
30112603,2,laceration,6,80,113,91,19,96,37.0
30112604,3,knee pain,1,84,127,74,18,98,37.5
30112605,3,knee pain,4,84,107,63,22,95,37.7
30112606,3,back pain,1,89,152,71,21,99,36.4
30112607,1,chest pain,6,60,115,87,17,95,36.4
30112608,5,knee pain,0,72,170,80,18,95,37.1
30112609,4,laceration,2,103,146,102,18,93,36.0
30112610,5,shortness of breath,7,91,126,91,22,95,37.2
30112611,2,fever,6,63,109,80,22,93,36.6
30112612,3,knee pain,1,85,136,82,21,92,37.0
30112613,3,laceration,7,77,156,66,13,97,37.2
30112614,3,fever,3,98,104,97,19,96,36.7
30112615,3,shortness of breath,6,85,78,87,14,100,36.4
30112616,3,laceration,6,66,136,70,21,96,37.8
30112617,2,laceration,9,63,108,73,13,96,36.7
30112618,5,shortness of breath,0,95,121,78,22,99,36.9
30112619,1,anxiety,10,84,92,75,14,94,37.2
30112620,4,abdominal pain,5,108,131,63,16,95,37.2
30112621,3,chest pain,6,89,136,57,19,94,36.9
30112622,3,back pain,6,79,117,98,21,100,36.3
30112623,1,anxiety,9,73,169,92,16,100,36.8
30112624,3,back pain,2,70,114,66,15,94,37.5
30112625,3,fever,1,76,111,58,23,100,36.3
30112626,4,headache,5,93,107,59,14,100,37.9
30112627,4,back pain,0,54,144,71,23,100,36.6
30112628,3,back pain,5,94,96,83,17,100,37.9
30112629,3,fall,1,87,111,104,15,100,36.9
30112630,3,chest pain,0,81,129,89,24,96,35.7
30112631,1,knee pain,7,102,113,72,9,94,36.6
30112632,3,laceration,1,67,154,76,18,94,36.8
30112633,3,laceration,4,77,101,53,22,98,37.3
30112634,3,anxiety,1,83,102,63,20,98,37.7
30112635,4,laceration,4,108,108,86,20,93,38.1
30112636,3,fall,1,92,128,108,15,100,35.7
30112637,3,shortness of breath,6,93,113,63,21,96,37.2
30112638,3,chest pain,5,38,124,68,22,96,35.4
30112639,3,laceration,7,136,117,50,18,97,36.8
30112640,3,shortness of breath,1,73,144,82,19,97,36.7
30112641,3,fall,0,102,128,63,23,96,37.6
30112642,3,laceration,6,91,104,84,18,96,37.2
30112643,4,laceration,3,78,124,61,27,100,36.2
30112644,5,headache,6,121,130,72,19,97,37.2
30112645,3,abdominal pain,7,93,118,65,15,97,36.1
30112646,4,chest pain,3,85,88,89,22,92,36.2
30112647,3,knee pain,6,79,130,60,18,98,36.9
30112648,4,knee pain,0,65,124,88,19,94,37.0
30112649,4,fall,2,71,103,93,14,97,37.1
30112650,3,back pain,3,72,146,89,18,98,36.9
30112651,3,laceration,0,76,103,89,15,93,37.9
30112652,3,anxiety,2,67,122,59,9,94,37.6
30112653,3,knee pain,0,109,126,98,13,93,37.6
30112654,3,anxiety,2,101,101,93,18,92,36.6
30112655,3,anxiety,2,95,146,91,17,97,36.1
30112656,5,anxiety,2,72,104,82,13,97,36.4
30112657,5,shortness of breath,0,117,107,67,16,96,36.7
30112658,4,back pain,2,101,139,94,14,100,35.3
30112659,4,anxiety,5,97,131,84,13,94,37.1
30112660,1,chest pain,8,82,127,105,18,94,36.9
30112661,3,knee pain,3,114,137,74,15,99,37.1
30112662,3,laceration,5,68,167,91,15,97,37.9
30112663,4,knee pain,4,88,111,50,22,100,36.0
30112664,3,back pain,1,102,122,98,18,96,37.0
30112665,3,knee pain,1,78,137,82,14,95,37.1
30112666,4,laceration,3,83,140,94,15,95,38.5
30112667,3,abdominal pain,4,86,136,76,19,97,35.5
30112668,3,chest pain,0,82,75,85,15,95,35.2
30112669,3,anxiety,1,99,139,79,24,92,37.7
30112670,2,fall,9,77,127,85,26,96,36.9
30112671,3,chest pain,5,87,127,74,19,98,37.8
30112672,1,shortness of breath,8,112,136,64,17,98,37.7
30112673,3,shortness of breath,0,78,147,65,18,100,37.9
30112674,4,abdominal pain,3,102,139,85,19,95,36.5
30112675,3,laceration,7,103,144,86,26,98,36.5
30112676,5,abdominal pain,2,95,105,85,13,99,37.0
30112677,1,fall,10,75,114,65,18,100,36.5
30112678,1,chest pain,9,83,127,83,20,96,38.3
30112679,3,laceration,2,85,146,66,19,98,36.7
30112680,3,fall,6,83,138,80,14,96,36.8
30112681,3,chest pain,1,81,145,69,26,93,36.6
30112682,3,laceration,1,124,122,106,21,93,37.4
30112683,3,chest pain,3,87,127,110,12,94,36.3
30112684,1,headache,6,77,102,89,17,97,36.5
30112685,3,back pain,1,88,106,103,22,100,35.5
30112686,3,knee pain,1,98,126,94,14,97,36.6
30112687,3,knee pain,4,107,101,84,13,99,37.0
30112688,3,knee pain,0,62,116,91,23,100,36.6
30112689,4,knee pain,5,75,141,80,10,95,37.4
30112690,3,laceration,0,87,86,89,20,100,37.6
30112691,3,back pain,6,78,162,55,21,99,36.5
30112692,3,chest pain,4,109,135,89,16,95,35.0
30112693,4,fall,3,57,91,83,18,91,37.7
30112694,3,anxiety,0,97,108,48,17,100,36.7
30112695,5,laceration,4,70,99,94,21,96,37.9
30112696,4,anxiety,3,89,96,83,13,98,36.1
30112697,3,shortness of breath,4,39,127,67,26,100,36.0
30112698,3,anxiety,7,85,144,66,19,99,37.7
30112699,1,fever,8,91,138,60,19,96,38.7
30112700,3,headache,2,75,120,75,19,94,37.2
30112701,4,anxiety,1,69,172,89,14,96,38.0
30112702,2,chest pain,10,95,121,97,15,98,36.7
30112703,4,back pain,2,79,143,84,15,92,37.0
30112704,4,laceration,1,86,101,66,24,97,37.5
30112705,2,back pain,7,88,116,78,10,92,37.8
30112706,3,laceration,7,92,150,81,15,95,36.9
30112707,4,knee pain,0,63,108,101,13,98,38.2
30112708,3,knee pain,2,102,110,84,21,99,37.9
30112709,3,headache,7,79,149,107,14,95,36.3
30112710,3,shortness of breath,4,91,129,80,19,97,36.9
30112711,2,headache,9,85,157,88,20,97,37.2
30112712,3,fall,3,75,111,97,23,93,36.0
30112713,3,abdominal pain,0,71,151,101,19,98,37.8
30112714,2,laceration,9,87,126,73,15,97,37.7
30112715,3,headache,5,73,132,65,18,93,37.3
30112716,3,fall,3,109,123,78,24,94,35.7
30112717,4,headache,4,79,117,77,15,93,35.8
30112718,3,knee pain,0,69,123,87,22,90,36.0
30112719,3,knee pain,5,112,93,93,20,95,36.6
30112720,2,back pain,10,115,145,101,19,100,37.6
30112721,3,shortness of breath,7,97,121,85,16,93,37.4
30112722,5,headache,0,92,144,90,15,97,36.0
30112723,3,laceration,7,107,103,113,22,96,36.1
30112724,3,fever,4,84,126,74,23,92,36.3
30112725,4,back pain,1,82,113,79,24,93,37.3
30112726,3,laceration,0,87,98,70,15,95,37.3
30112727,2,back pain,7,123,128,59,25,94,36.8
30112728,2,anxiety,7,83,109,75,17,92,37.4
30112729,3,fever,1,84,124,95,16,97,38.6
30112730,4,anxiety,2,84,99,95,21,96,36.3
30112731,3,abdominal pain,5,93,145,77,22,100,35.9
30112732,3,fall,2,99,102,68,21,100,36.7
30112733,3,laceration,3,70,85,90,21,100,37.2
30112734,3,shortness of breath,7,78,146,65,27,100,36.2
30112735,3,fever,6,91,142,68,21,95,37.4
30112736,3,fever,5,78,136,106,7,92,36.7
30112737,3,headache,1,79,88,102,23,96,37.2
30112738,4,chest pain,3,87,115,84,17,91,36.5
30112739,3,fall,1,121,112,77,18,94,37.9
30112740,1,knee pain,7,40,131,95,21,97,37.2
30112741,3,abdominal pain,4,58,128,87,21,100,35.7
30112742,3,anxiety,6,84,135,80,17,97,35.1
30112743,4,laceration,2,97,136,42,17,100,37.7
30112744,2,knee pain,10,99,126,65,21,97,37.9
30112745,2,anxiety,8,91,135,79,17,98,36.9
30112746,3,anxiety,7,85,138,59,12,100,39.2
30112747,4,anxiety,3,73,111,112,20,100,38.1
30112748,2,anxiety,10,89,129,84,19,100,37.7
30112749,1,back pain,9,109,148,89,13,93,38.2
30112750,3,back pain,0,83,131,79,13,98,37.1
30112751,3,back pain,2,82,153,80,19,95,39.0
30112752,3,knee pain,1,105,159,67,10,100,36.9
30112753,3,fever,7,45,106,99,25,94,36.4
30112754,4,knee pain,0,93,115,102,13,100,37.8
30112755,3,knee pain,3,95,129,77,18,99,37.6
30112756,3,back pain,5,83,142,79,18,94,36.3
30112757,1,laceration,7,69,121,103,24,92,35.7
30112758,4,headache,3,67,137,72,13,100,37.4
30112759,5,fall,2,109,109,88,19,94,38.1
30112760,3,headache,5,119,112,78,17,93,35.0
30112761,3,anxiety,5,123,128,73,17,96,38.3
30112762,3,chest pain,5,121,132,56,21,93,36.5
30112763,3,laceration,7,88,131,76,20,100,36.7
30112764,4,abdominal pain,6,80,118,65,21,100,36.6
30112765,3,abdominal pain,5,93,154,92,19,94,38.0
30112766,3,chest pain,5,105,121,98,22,98,38.3
30112767,1,laceration,9,95,124,80,16,98,37.1
30112768,3,back pain,6,66,122,57,18,100,37.8
30112769,3,headache,4,88,146,80,19,95,37.5
30112770,3,laceration,6,73,117,68,17,93,37.1
30112771,5,chest pain,5,73,98,85,19,100,36.1
30112772,3,fall,5,77,101,82,25,92,36.4
30112773,3,anxiety,6,95,115,94,27,100,36.5
30112774,1,anxiety,6,86,175,70,16,100,35.7
30112775,3,fall,7,55,156,71,13,95,36.9
30112776,4,laceration,2,64,107,84,25,94,36.4
30112777,3,abdominal pain,6,78,128,73,18,100,36.9
30112778,3,headache,6,95,106,83,14,97,37.0
30112779,4,laceration,5,83,135,65,15,97,36.5
30112780,3,back pain,2,105,124,110,22,93,37.4
30112781,4,headache,0,98,137,83,15,98,37.7
30112782,4,chest pain,2,84,143,98,15,97,36.3
30112783,3,anxiety,0,84,111,93,21,93,37.5
30112784,2,back pain,7,88,134,69,13,99,37.7
30112785,3,chest pain,3,116,116,58,20,98,37.5
30112786,4,fall,7,91,134,88,20,98,37.2
30112787,3,fall,5,72,105,74,14,100,37.4
30112788,5,abdominal pain,2,71,110,90,15,100,37.1
30112789,3,fall,3,91,126,75,21,100,35.4
30112790,4,laceration,5,116,140,68,18,96,37.8
30112791,2,fall,8,59,127,87,17,94,36.2
30112792,4,chest pain,6,90,154,80,21,97,37.8
30112793,3,headache,2,91,151,74,21,95,36.9
30112794,3,fever,7,90,133,78,19,97,36.8
30112795,5,anxiety,6,108,130,84,14,93,36.6
30112796,3,laceration,4,93,111,67,22,98,37.0
30112797,2,chest pain,10,86,122,107,17,93,36.2
30112798,4,chest pain,4,108,107,87,20,100,36.5
30112799,3,laceration,1,82,104,94,17,95,37.1
30112800,3,fall,0,92,139,87,16,93,38.9
30112801,3,laceration,4,107,125,73,17,93,37.2
30112802,3,fall,6,90,116,90,20,99,36.8
30112803,3,back pain,0,90,92,74,21,100,35.9
30112804,3,fever,5,102,95,89,24,95,36.6
30112805,2,back pain,6,82,122,63,22,99,35.8
30112806,3,fall,2,97,135,81,16,100,36.1
30112807,2,knee pain,9,75,129,87,18,99,38.2
30112808,3,fall,7,70,128,70,13,100,36.9
30112809,2,fever,8,76,122,55,16,97,36.8
